2018-03-12,ZJV0080D,ST12000NM0007,12000138625024,0,83,185502778,98,0,100,2,100,0,63,2196426,100,121,100,0,100,2,,,,,100.0,0.0,100.0,0.0,,,74.0,26.0,,,100.0,0.0,100.0,169.0,26,26,100,0,100,0,200,0,100.0,30.0,100.0,647645968.0,100.0,270284196.0
2018-03-13,ZJV0080D,ST12000NM0007,12000138625024,0,83,197183650,98,0,100,2,100,0,64,2285290,100,144,100,0,100,2,,,,,100.0,0.0,100.0,0.0,,,70.0,30.0,,,100.0,1.0,100.0,170.0,30,30,100,0,100,0,200,0,100.0,53.0,100.0,659136000.0,100.0,270475036.0
2018-03-14,ZJV0080D,ST12000NM0007,12000138625024,0,75,29877856,98,0,100,2,100,0,64,2759148,100,169,100,0,100,2,,,,,100.0,0.0,100.0,0.0,,,73.0,27.0,,,100.0,2.0,100.0,171.0,27,27,100,0,100,0,200,0,100.0,78.0,100.0,735775600.0,100.0,270670556.0
2018-03-15,ZJV0080D,ST12000NM0007,12000138625024,0,79,74324842,98,0,100,2,100,0,65,3046767,100,200,100,0,100,2,,,,,100.0,0.0,100.0,0.0,,,73.0,27.0,,,100.0,3.0,100.0,172.0,27,27,100,0,100,0,200,0,100.0,109.0,100.0,779899776.0,100.0,270993366.0
2018-03-16,ZJV0080D,ST12000NM0007,12000138625024,0,79.0,74479922.0,98.0,0.0,100.0,2.0,100.0,0.0,65.0,3063935.0,100.0,215.0,100.0,0.0,100.0,2.0,,,,,100.0,0.0,100.0,0.0,,,73.0,27.0,,,100.0,4.0,100.0,173.0,27.0,27.0,100.0,0.0,100.0,0.0,200.0,0.0,100.0,124.0,100.0,779930408.0,100.0,271117814.0
2018-03-17,ZJV0080D,ST12000NM0007,12000138625024,0,79,74784122,98,0,100,2,100,0,65,3098680,100,248,100,0,100,2,,,,,100.0,0.0,100.0,0.0,,,74.0,26.0,,,100.0,4.0,100.0,195.0,26,26,100,0,100,0,200,0,100.0,154.0,100.0,779985712.0,100.0,271366710.0
2018-03-18,ZJV0080D,ST12000NM0007,12000138625024,0,79,75032882,98,0,100,2,100,0,65,3125802,100,272,100,0,100,2,,,,,100.0,0.0,100.0,0.0,,,74.0,26.0,,,100.0,5.0,100.0,196.0,26,26,100,0,100,0,200,0,100.0,178.0,100.0,780035360.0,100.0,271565822.0
2018-03-19,ZJV0080D,ST12000NM0007,12000138625024,0,79,75274090,98,0,100,2,100,0,65,3152516,100,295,100,0,100,2,,,,,100.0,0.0,100.0,0.0,,,74.0,26.0,,,100.0,6.0,100.0,197.0,26,26,100,0,100,0,200,0,100.0,201.0,100.0,780085760.0,100.0,271756630.0
2018-03-20,ZJV0080D,ST12000NM0007,12000138625024,0,79,75442042,98,0,100,2,100,0,65,3171278,100,312,100,0,100,2,,,,,100.0,0.0,100.0,0.0,,,74.0,26.0,,,100.0,7.0,100.0,198.0,26,26,100,0,100,0,200,0,100.0,217.0,100.0,780120976.0,100.0,271889366.0
2018-03-21,ZJV0080D,ST12000NM0007,12000138625024,0,79,80357442,98,0,100,2,100,0,65,3240956,100,344,100,0,100,2,,,,,100.0,0.0,100.0,0.0,,,73.0,27.0,,,100.0,7.0,100.0,204.0,27,27,100,0,100,0,200,0,100.0,249.0,100.0,784778320.0,100.0,272147422.0
2018-03-22,ZJV0080D,ST12000NM0007,12000138625024,0,79,80848074,98,0,100,2,100,0,65,3275512,100,367,100,0,100,2,,,,,100.0,0.0,100.0,0.0,,,73.0,27.0,,,100.0,8.0,100.0,205.0,27,27,100,0,100,0,200,0,100.0,272.0,100.0,785078144.0,100.0,272338230.0
2018-03-23,ZJV0080D,ST12000NM0007,12000138625024,0,79,81196930,98,0,100,2,100,0,65,3311881,100,392,100,0,100,2,,,,,100.0,0.0,100.0,0.0,,,73.0,27.0,,,100.0,9.0,100.0,206.0,27,27,100,0,100,0,200,0,100.0,296.0,100.0,785227896.0,100.0,272537334.0
2018-03-24,ZJV0080D,ST12000NM0007,12000138625024,0,79,81598546,98,0,100,2,100,0,65,3352081,100,416,100,0,100,2,,,,,100.0,0.0,100.0,0.0,,,73.0,27.0,,,100.0,10.0,100.0,207.0,27,27,100,0,100,0,200,0,100.0,321.0,100.0,785430096.0,100.0,272736750.0
2018-03-25,ZJV0080D,ST12000NM0007,12000138625024,0,79,81956098,98,0,100,2,100,0,65,3389680,100,439,100,0,100,2,,,,,100.0,0.0,100.0,0.0,,,73.0,27.0,,,100.0,11.0,100.0,208.0,27,27,100,0,100,0,200,0,100.0,344.0,100.0,785596792.0,100.0,272927606.0
2018-03-26,ZJV0080D,ST12000NM0007,12000138625024,0,79,82324434,98,0,100,2,100,0,65,3428494,100,464,100,0,100,2,,,,,100.0,0.0,100.0,0.0,,,73.0,27.0,,,100.0,12.0,100.0,209.0,27,27,100,0,100,0,200,0,100.0,368.0,100.0,785766024.0,100.0,273126710.0
2018-03-27,ZJV0080D,ST12000NM0007,12000138625024,0,79,82683426,98,0,100,2,100,0,65,3466889,100,487,100,0,100,2,,,,,100.0,0.0,100.0,0.0,,,74.0,26.0,,,100.0,13.0,100.0,210.0,26,26,100,0,100,0,200,0,100.0,392.0,100.0,785933248.0,100.0,273318478.0
2018-03-28,ZJV0080D,ST12000NM0007,12000138625024,0,79,83083922,98,0,100,2,100,0,65,3509170,100,512,100,0,100,2,,,,,100.0,0.0,100.0,0.0,,,75.0,25.0,,,100.0,14.0,100.0,211.0,25,25,100,0,100,0,200,0,100.0,416.0,100.0,786134120.0,100.0,273518102.0
2018-03-29,ZJV0080D,ST12000NM0007,12000138625024,0,79,83430834,98,0,100,2,100,0,65,3546206,100,534,100,0,100,2,,,,,100.0,0.0,100.0,0.0,,,74.0,26.0,,,100.0,15.0,100.0,213.0,26,26,100,0,100,0,200,0,100.0,438.0,100.0,786298320.0,100.0,273700814.0
2018-03-30,ZJV0080D,ST12000NM0007,12000138625024,0,79,83838562,98,0,100,2,100,0,66,3588208,100,558,100,0,100,2,,,,,100.0,0.0,100.0,0.0,,,74.0,26.0,,,100.0,16.0,100.0,214.0,26,26,100,0,100,0,200,0,100.0,462.0,100.0,786492744.0,100.0,273914118.0
2018-03-31,ZJV0080D,ST12000NM0007,12000138625024,0,79,84216810,98,0,100,2,100,0,66,3628238,100,583,100,0,100,2,,,,,100.0,0.0,100.0,0.0,,,74.0,26.0,,,100.0,17.0,100.0,215.0,26,26,100,0,100,0,200,0,100.0,487.0,100.0,786671888.0,100.0,274113222.0
2018-04-01,ZJV0080D,ST12000NM0007,12000138625024,0,79,84588186,98,0,100,2,100,0,66,3667955,100,606,100,0,100,2,,,,,100.0,0.0,100.0,0.0,,,74.0,26.0,,,100.0,18.0,100.0,216.0,26,26,100,0,100,0,200,0,100.0,510.0,100.0,786852448.0,100.0,274304038.0
2018-04-02,ZJV0080D,ST12000NM0007,12000138625024,0,79,84985986,98,0,100,2,100,0,66,3709521,100,631,100,0,100,2,,,,,100.0,0.0,100.0,0.0,,,74.0,26.0,,,100.0,19.0,100.0,217.0,26,26,100,0,100,0,200,0,100.0,534.0,100.0,787050920.0,100.0,274503366.0
2018-04-03,ZJV0080D,ST12000NM0007,12000138625024,0,79,85349266,98,0,100,2,100,0,66,3748023,100,654,100,0,100,2,,,,,100.0,0.0,100.0,0.0,,,73.0,27.0,,,100.0,20.0,100.0,218.0,27,27,100,0,100,0,200,0,100.0,557.0,100.0,787222656.0,100.0,274694910.0
2018-04-04,ZJV0080D,ST12000NM0007,12000138625024,0,79,85737986,98,0,100,2,100,0,66,3790154,100,678,100,0,100,2,,,,,100.0,0.0,100.0,0.0,,,73.0,27.0,,,100.0,21.0,100.0,219.0,27,27,100,0,100,0,200,0,100.0,582.0,100.0,787412200.0,100.0,274894086.0
2018-04-05,ZJV0080D,ST12000NM0007,12000138625024,0,79,86112954,98,0,100,2,100,0,66,3830361,100,703,100,0,100,2,,,,,100.0,0.0,100.0,0.0,,,73.0,27.0,,,100.0,22.0,100.0,220.0,27,27,100,0,100,0,200,0,100.0,606.0,100.0,787588056.0,100.0,275093198.0
2018-04-06,ZJV0080D,ST12000NM0007,12000138625024,0,80,97323002,98,0,100,2,100,0,66,3897993,100,726,100,0,100,2,,,,,100.0,0.0,100.0,0.0,,,73.0,27.0,,,100.0,23.0,100.0,221.0,27,27,100,0,100,0,200,0,100.0,629.0,100.0,787999920.0,100.0,285891382.0
2018-04-07,ZJV0080D,ST12000NM0007,12000138625024,0,83.0,195083746.0,98.0,0.0,100.0,2.0,100.0,0.0,66.0,4365438.0,100.0,751.0,100.0,0.0,100.0,2.0,,,,,100.0,0.0,100.0,0.0,,,72.0,28.0,,,100.0,24.0,100.0,222.0,28.0,28.0,100.0,0.0,100.0,0.0,200.0,0.0,100.0,654.0,100.0,807410704.0,100.0,364241342.0
2018-04-08,ZJV0080D,ST12000NM0007,12000138625024,0,80,105033520,98,0,100,2,100,0,67,5127827,100,774,100,0,100,2,,,,,100.0,0.0,100.0,0.0,,,73.0,27.0,,,100.0,25.0,100.0,223.0,27,27,100,0,100,0,200,0,100.0,677.0,100.0,854214040.0,100.0,471528534.0
2018-04-09,ZJV0080D,ST12000NM0007,12000138625024,0,79,71080312,98,0,100,2,100,0,68,6231134,100,798,100,0,100,2,,,,,100.0,0.0,100.0,0.0,,,73.0,27.0,,,100.0,26.0,100.0,224.0,27,27,100,0,100,0,200,0,100.0,701.0,100.0,935442560.0,100.0,600487470.0
2018-04-10,ZJV0080D,ST12000NM0007,12000138625024,0,77,45085936,98,0,100,2,100,0,69,7594053,100,823,100,0,100,2,,,,,100.0,0.0,100.0,0.0,,,75.0,25.0,,,100.0,27.0,100.0,225.0,25,25,100,0,100,0,200,0,100.0,725.0,100.0,1021899304.0,100.0,732177062.0
2018-04-11,ZJV0080D,ST12000NM0007,12000138625024,0,67,5398296,98,0,100,2,100,0,70,9033767,100,846,100,0,100,2,,,,,100.0,0.0,100.0,0.0,,,75.0,25.0,,,100.0,27.0,100.0,226.0,25,25,100,0,100,0,200,0,100.0,749.0,100.0,1140261744.0,100.0,818267646.0
2018-04-12,ZJV0080D,ST12000NM0007,12000138625024,0,80,90756880,98,0,100,2,100,0,70,10893859,100,871,100,0,100,2,,,,,100.0,0.0,100.0,0.0,,,75.0,25.0,,,100.0,27.0,100.0,227.0,25,25,100,0,100,0,200,0,100.0,773.0,100.0,1310825776.0,100.0,977202966.0
2018-04-13,ZJV0080D,ST12000NM0007,12000138625024,0,82,166206776,98,0,100,2,100,0,71,12698391,99,894,100,0,100,2,,,,,100.0,0.0,100.0,0.0,,,76.0,24.0,,,100.0,28.0,100.0,228.0,24,24,100,0,100,0,200,0,100.0,796.0,100.0,1474343128.0,100.0,1133276158.0
2018-04-14,ZJV0080D,ST12000NM0007,12000138625024,0,84,243642392,98,0,100,2,100,0,72,14651663,99,919,100,0,100,2,,,,,100.0,0.0,100.0,0.0,,,75.0,25.0,,,100.0,28.0,100.0,229.0,25,25,100,0,100,0,200,0,100.0,820.0,100.0,1651203800.0,100.0,1277992014.0
2018-04-15,ZJV0080D,ST12000NM0007,12000138625024,0,81,120340472,98,0,100,2,100,0,72,16787591,99,943,100,0,100,2,,,,,100.0,0.0,100.0,0.0,,,75.0,25.0,,,100.0,28.0,100.0,230.0,25,25,100,0,100,0,200,0,100.0,845.0,100.0,1853110056.0,100.0,1441065374.0
2018-04-16,ZJV0080D,ST12000NM0007,12000138625024,0,74,25125880,98,0,100,2,100,0,73,19042827,99,966,100,0,100,2,,,,,100.0,0.0,100.0,0.0,,,75.0,25.0,,,100.0,29.0,100.0,231.0,25,25,100,0,100,0,200,0,100.0,868.0,100.0,2071878768.0,100.0,1615363838.0
2018-04-17,ZJV0080D,ST12000NM0007,12000138625024,0,82,159589656,98,0,100,2,100,0,73,21312678,99,991,100,0,100,2,,,,,100.0,0.0,100.0,0.0,,,68.0,32.0,,,100.0,29.0,100.0,232.0,32,32,100,0,100,0,200,0,100.0,892.0,100.0,2280166928.0,100.0,1785680118.0
2018-04-18,ZJV0080D,ST12000NM0007,12000138625024,0,79,81450760,98,0,100,2,100,0,74,23683866,99,1015,100,0,100,2,,,,,100.0,0.0,100.0,0.0,,,70.0,30.0,,,100.0,29.0,100.0,233.0,30,30,100,0,100,0,200,0,100.0,917.0,100.0,2495003768.0,100.0,1980988222.0
2018-04-19,ZJV0080D,ST12000NM0007,12000138625024,0,84,236195712,98,0,100,2,100,0,74,26004157,99,1039,100,0,100,2,,,,,100.0,0.0,100.0,0.0,,,72.0,28.0,,,100.0,29.0,100.0,234.0,28,28,100,0,100,0,200,0,100.0,940.0,100.0,2716133160.0,100.0,2158744414.0
2018-04-20,ZJV0080D,ST12000NM0007,12000138625024,0,78,58458816,98,0,100,2,100,0,74,28074205,99,1063,100,0,100,2,,,,,100.0,0.0,100.0,0.0,,,71.0,29.0,,,100.0,29.0,100.0,235.0,29,29,100,0,100,0,200,0,100.0,964.0,100.0,2867540456.0,100.0,2317882590.0
2018-04-21,ZJV0080D,ST12000NM0007,12000138625024,0,81,128381072,98,0,100,2,100,0,75,29998987,99,1086,100,0,100,2,,,,,100.0,0.0,100.0,0.0,,,71.0,29.0,,,100.0,29.0,100.0,236.0,29,29,100,0,100,0,200,0,100.0,987.0,100.0,2986289536.0,100.0,2513196438.0
2018-04-22,ZJV0080D,ST12000NM0007,12000138625024,0,83,217919480,98,0,100,2,100,0,75,32100260,99,1111,100,0,100,2,,,,,100.0,0.0,100.0,0.0,,,70.0,30.0,,,100.0,30.0,100.0,237.0,30,30,100,0,100,0,200,0,100.0,1011.0,100.0,3135077104.0,100.0,2698088494.0
2018-04-23,ZJV0080D,ST12000NM0007,12000138625024,0,84,240447168,98,0,100,2,100,0,75,33837629,99,1135,100,0,100,2,,,,,100.0,0.0,100.0,0.0,,,71.0,29.0,,,100.0,30.0,100.0,238.0,29,29,100,0,100,0,200,0,100.0,1035.0,100.0,3239096232.0,100.0,2860737686.0
2018-04-24,ZJV0080D,ST12000NM0007,12000138625024,0,84,240462232,98,0,100,2,100,0,76,35501887,99,1159,100,0,100,2,,,,,100.0,0.0,100.0,0.0,,,71.0,29.0,,,100.0,30.0,100.0,239.0,29,29,100,0,100,0,200,0,100.0,1059.0,100.0,3336054128.0,100.0,3007936718.0
2018-04-25,ZJV0080D,ST12000NM0007,12000138625024,0,77,52433272,98,0,100,2,100,0,76,37405678,99,1183,100,0,100,2,,,,,100.0,0.0,100.0,0.0,,,72.0,28.0,,,100.0,31.0,100.0,240.0,28,28,100,0,100,0,200,0,100.0,1083.0,100.0,3461537512.0,100.0,3182705814.0
2018-04-26,ZJV0080D,ST12000NM0007,12000138625024,0,82,147199928,98,0,100,2,100,0,76,39633236,99,1206,100,0,100,2,,,,,100.0,0.0,100.0,0.0,,,72.0,28.0,,,100.0,32.0,100.0,241.0,28,28,100,0,100,0,200,0,100.0,1106.0,100.0,3614898016.0,100.0,3368254062.0
2018-04-27,ZJV0080D,ST12000NM0007,12000138625024,0,71,13071872,98,0,100,2,100,0,76,41795435,99,1230,100,0,100,2,,,,,100.0,0.0,100.0,0.0,,,72.0,28.0,,,100.0,32.0,100.0,242.0,28,28,100,0,100,0,200,0,100.0,1129.0,100.0,3790296992.0,100.0,3547009070.0
2018-04-28,ZJV0080D,ST12000NM0007,12000138625024,0,81,120184384,98,0,100,2,100,0,76,43862944,99,1253,100,0,100,2,,,,,100.0,0.0,100.0,0.0,,,72.0,28.0,,,100.0,33.0,100.0,243.0,28,28,100,0,100,0,200,0,100.0,1153.0,100.0,3944962864.0,100.0,3743597214.0
2018-04-29,ZJV0080D,ST12000NM0007,12000138625024,0,83,217564600,98,0,100,2,100,0,77,45912878,99,1278,100,0,100,2,,,,,100.0,0.0,100.0,0.0,,,72.0,28.0,,,100.0,33.0,100.0,244.0,28,28,100,0,100,0,200,0,100.0,1177.0,100.0,4103138608.0,100.0,3926942542.0
2018-04-30,ZJV0080D,ST12000NM0007,12000138625024,0,78,68743040,98,0,100,2,100,0,77,47993773,99,1301,100,0,100,2,,,,,100.0,0.0,100.0,0.0,,,72.0,28.0,,,100.0,34.0,100.0,245.0,28,28,100,0,100,0,200,0,100.0,1200.0,100.0,4271471088.0,100.0,4098070134.0
2018-05-01,ZJV0080D,ST12000NM0007,12000138625024,0,83,190195768,98,0,100,2,100,0,77,50230403,99,1325,100,0,100,2,,,,,100.0,0.0,100.0,0.0,,,75.0,25.0,,,100.0,34.0,100.0,246.0,25,25,100,0,100,0,200,0,100.0,1224.0,100.0,4476042392.0,100.0,4259092358.0
2018-05-02,ZJV0080D,ST12000NM0007,12000138625024,0,80.0,100473824.0,98.0,0.0,100.0,2.0,100.0,0.0,77.0,52659775.0,99.0,1350.0,100.0,0.0,100.0,2.0,,,,,100.0,0.0,100.0,0.0,,,75.0,25.0,,,100.0,35.0,100.0,247.0,25.0,25.0,100.0,0.0,100.0,0.0,200.0,0.0,100.0,1249.0,100.0,4654322608.0,100.0,4479372254.0
2018-05-03,ZJV0080D,ST12000NM0007,12000138625024,0,76,44122208,98,0,100,2,100,0,77,55109786,99,1374,100,0,100,2,,,,,100.0,0.0,100.0,0.0,,,75.0,25.0,,,100.0,35.0,100.0,249.0,25,25,100,0,100,0,200,0,100.0,1273.0,100.0,4843578992.0,100.0,4722045854.0
2018-05-04,ZJV0080D,ST12000NM0007,12000138625024,0,84,234861040,98,0,100,2,100,0,78,57633460,99,1399,100,0,100,2,,,,,100.0,0.0,100.0,0.0,,,74.0,26.0,,,100.0,36.0,100.0,250.0,26,26,100,0,100,0,200,0,100.0,1297.0,100.0,5034108936.0,100.0,4966395550.0
2018-05-05,ZJV0080D,ST12000NM0007,12000138625024,0,83,185093848,98,0,100,2,100,0,78,60358786,99,1423,100,0,100,2,,,,,100.0,0.0,100.0,0.0,,,72.0,28.0,,,100.0,36.0,100.0,251.0,28,28,100,0,100,0,200,0,100.0,1322.0,100.0,5226845064.0,100.0,5212174870.0
2018-05-06,ZJV0080D,ST12000NM0007,12000138625024,0,77,45929944,98,0,100,2,100,0,78,62500957,99,1447,100,0,100,2,,,,,100.0,0.0,100.0,0.0,,,73.0,27.0,,,100.0,37.0,100.0,252.0,27,27,100,0,100,0,200,0,100.0,1345.0,100.0,5352985416.0,100.0,5435152238.0
2018-05-07,ZJV0080D,ST12000NM0007,12000138625024,0,82,158145344,98,0,100,2,100,0,78,64861114,99,1471,100,0,100,2,,,,,100.0,0.0,100.0,0.0,,,74.0,26.0,,,100.0,37.0,100.0,253.0,26,26,100,0,100,0,200,0,100.0,1369.0,100.0,5496990896.0,100.0,5647502886.0
2018-05-08,ZJV0080D,ST12000NM0007,12000138625024,0,79,72367472,98,0,100,2,100,0,78,67260356,99,1494,100,0,100,2,,,,,100.0,0.0,100.0,0.0,,,71.0,29.0,,,100.0,37.0,100.0,254.0,29,29,100,0,100,0,200,0,100.0,1393.0,100.0,5678294864.0,100.0,5868702806.0
2018-05-09,ZJV0080D,ST12000NM0007,12000138625024,0,76,40454616,98,0,100,2,100,0,78,69929444,99,1519,100,0,100,2,,,,,100.0,0.0,100.0,0.0,,,70.0,30.0,,,100.0,37.0,100.0,255.0,30,30,100,0,100,0,200,0,100.0,1417.0,100.0,5937893136.0,100.0,6065474526.0
2018-05-10,ZJV0080D,ST12000NM0007,12000138625024,0,70,11078032,98,0,100,2,100,0,79,72753720,99,1543,100,0,100,2,,,,,100.0,0.0,100.0,0.0,,,71.0,29.0,,,100.0,37.0,100.0,256.0,29,29,100,0,100,0,200,0,100.0,1441.0,100.0,6186051840.0,100.0,6276221046.0
2018-05-11,ZJV0080D,ST12000NM0007,12000138625024,0,80,92072256,98,0,100,2,100,0,79,75073324,99,1568,100,0,100,2,,,,,100.0,0.0,100.0,0.0,,,70.0,30.0,,,100.0,38.0,100.0,257.0,30,30,100,0,100,0,200,0,100.0,1465.0,100.0,6335764496.0,100.0,6451643614.0
2018-05-12,ZJV0080D,ST12000NM0007,12000138625024,0,76,42770112,98,0,100,2,100,0,79,78022738,99,1591,100,0,100,2,,,,,100.0,0.0,100.0,0.0,,,70.0,30.0,,,100.0,39.0,100.0,258.0,30,30,100,0,100,0,200,0,100.0,1488.0,100.0,6543466560.0,100.0,6682920990.0
2018-05-13,ZJV0080D,ST12000NM0007,12000138625024,0,74,22624280,98,0,100,2,100,0,79,80970878,99,1615,100,0,100,2,,,,,100.0,0.0,100.0,0.0,,,71.0,29.0,,,100.0,39.0,100.0,259.0,29,29,100,0,100,0,200,0,100.0,1513.0,100.0,6767564432.0,100.0,6926959910.0
2018-05-14,ZJV0080D,ST12000NM0007,12000138625024,0,83,209484608,98,0,100,2,100,0,79,83700108,99,1639,100,0,100,2,,,,,100.0,0.0,100.0,0.0,,,70.0,30.0,,,100.0,40.0,100.0,260.0,30,30,100,0,100,0,200,0,100.0,1536.0,100.0,6979517896.0,100.0,7146007502.0
2018-05-15,ZJV0080D,ST12000NM0007,12000138625024,0,83.0,186924712.0,98.0,0.0,100.0,2.0,100.0,0.0,79.0,86765842.0,99.0,1663.0,100.0,0.0,100.0,2.0,,,,,100.0,0.0,100.0,0.0,,,69.0,31.0,,,100.0,40.0,100.0,261.0,31.0,31.0,100.0,0.0,100.0,0.0,200.0,0.0,100.0,1560.0,100.0,7209420912.0,100.0,7381827102.0
2018-05-16,ZJV0080D,ST12000NM0007,12000138625024,0,81,138516680,98,0,100,2,100,0,80,89552041,99,1688,100,0,100,2,,,,,100.0,0.0,100.0,0.0,,,70.0,30.0,,,100.0,41.0,100.0,262.0,30,30,100,0,100,0,200,0,100.0,1585.0,100.0,7429437184.0,100.0,7601684790.0
2018-05-17,ZJV0080D,ST12000NM0007,12000138625024,0,75,33049232,98,0,100,2,100,0,80,91975847,99,1710,100,0,100,2,,,,,100.0,0.0,100.0,0.0,,,70.0,30.0,,,100.0,41.0,100.0,264.0,30,30,100,0,100,0,200,0,100.0,1607.0,100.0,7611408200.0,100.0,7802527718.0
2018-05-18,ZJV0080D,ST12000NM0007,12000138625024,0,83,200989392,98,0,100,2,100,0,80,94689595,99,1735,100,0,100,2,,,,,100.0,0.0,100.0,0.0,,,69.0,31.0,,,100.0,41.0,100.0,265.0,31,31,100,0,100,0,200,0,100.0,1631.0,100.0,7813347552.0,100.0,8012669190.0
2018-05-19,ZJV0080D,ST12000NM0007,12000138625024,0,80,92258632,98,0,100,2,100,0,80,97217421,98,1758,100,0,100,2,,,,,100.0,0.0,100.0,0.0,,,69.0,31.0,,,100.0,41.0,100.0,266.0,31,31,100,0,100,0,200,0,100.0,1654.0,100.0,7986989808.0,100.0,8218578102.0
2018-05-20,ZJV0080D,ST12000NM0007,12000138625024,0,70,10249368,98,0,100,2,100,0,80,99722435,98,1783,100,0,100,2,,,,,100.0,0.0,100.0,0.0,,,69.0,31.0,,,100.0,41.0,100.0,267.0,31,31,100,0,100,0,200,0,100.0,1679.0,100.0,8230105896.0,100.0,8381734102.0
2018-05-21,ZJV0080D,ST12000NM0007,12000138625024,0,84,233520912,98,0,100,2,100,0,80,102543183,98,1807,100,0,100,2,,,,,100.0,0.0,100.0,0.0,,,70.0,30.0,,,100.0,41.0,100.0,268.0,30,30,100,0,100,0,200,0,100.0,1703.0,100.0,8494398312.0,100.0,8584854614.0
2018-05-22,ZJV0080D,ST12000NM0007,12000138625024,0,82,148911904,98,0,100,2,100,0,80,105221211,98,1831,100,0,100,2,,,,,100.0,0.0,100.0,0.0,,,71.0,29.0,,,100.0,42.0,100.0,269.0,29,29,100,0,100,0,200,0,100.0,1726.0,100.0,8695126816.0,100.0,8787799614.0
2018-05-23,ZJV0080D,ST12000NM0007,12000138625024,0,81,135810968,98,0,100,2,100,0,80,108236991,98,1855,100,0,100,2,,,,,100.0,0.0,100.0,0.0,,,71.0,29.0,,,100.0,42.0,100.0,270.0,29,29,100,0,100,0,200,0,100.0,1751.0,100.0,8927537800.0,100.0,9030569134.0
2018-05-24,ZJV0080D,ST12000NM0007,12000138625024,0,81,122162408,98,0,100,2,100,0,80,111140321,98,1879,100,0,100,2,,,,,100.0,0.0,100.0,0.0,,,72.0,28.0,,,100.0,43.0,100.0,271.0,28,28,100,0,100,0,200,0,100.0,1774.0,100.0,9161301160.0,100.0,9271439262.0
2018-05-25,ZJV0080D,ST12000NM0007,12000138625024,0,81,133587952,98,0,100,2,100,0,81,114029169,98,1903,100,0,100,2,,,,,100.0,0.0,100.0,0.0,,,72.0,28.0,,,100.0,43.0,100.0,272.0,28,28,100,0,100,0,200,0,100.0,1798.0,100.0,9404237376.0,100.0,9528209926.0
2018-05-26,ZJV0080D,ST12000NM0007,12000138625024,0,100,510344,98,0,100,2,100,0,81,116316612,98,1922,100,0,100,2,,,,,100.0,0.0,100.0,0.0,,,71.0,29.0,,,100.0,43.0,100.0,274.0,29,29,100,0,100,0,200,0,100.0,1817.0,100.0,9565693832.0,100.0,9721957310.0
2018-05-27,ZJV0080D,ST12000NM0007,12000138625024,0,83,189896640,98,0,100,2,100,0,81,119138255,98,1945,100,0,100,2,,,,,100.0,0.0,100.0,0.0,,,71.0,29.0,,,100.0,44.0,100.0,275.0,29,29,100,0,100,0,200,0,100.0,1840.0,100.0,9779193688.0,100.0,9941984478.0
2018-05-28,ZJV0080D,ST12000NM0007,12000138625024,0,82,145872904,98,0,100,2,100,0,81,122088238,98,1970,100,0,100,2,,,,,100.0,0.0,100.0,0.0,,,71.0,29.0,,,100.0,44.0,100.0,276.0,29,29,100,0,100,0,200,0,100.0,1864.0,100.0,9998683272.0,100.0,10166753302.0
2018-05-29,ZJV0080D,ST12000NM0007,12000138625024,0,82,146915112,98,0,100,2,100,0,81,125246684,98,1993,100,0,100,2,,,,,100.0,0.0,100.0,0.0,,,71.0,29.0,,,100.0,44.0,100.0,277.0,29,29,100,0,100,0,200,0,100.0,1888.0,100.0,10201812144.0,100.0,10452948062.0
2018-05-30,ZJV0080D,ST12000NM0007,12000138625024,0,83,181260320,98,0,100,2,100,0,81,128359552,98,2018,100,0,100,2,,,,,100.0,0.0,100.0,0.0,,,71.0,29.0,,,100.0,45.0,100.0,278.0,29,29,100,0,100,0,200,0,100.0,1912.0,100.0,10442627392.0,100.0,10734759646.0
2018-05-31,ZJV0080D,ST12000NM0007,12000138625024,0,83,222110336,98,0,100,2,100,0,81,131534918,98,2042,100,0,100,2,,,,,100.0,0.0,100.0,0.0,,,70.0,30.0,,,100.0,46.0,100.0,279.0,30,30,100,0,100,0,200,0,100.0,1936.0,100.0,10668175672.0,100.0,11038343310.0
2018-06-01,ZJV0080D,ST12000NM0007,12000138625024,0,73,20964184,98,0,100,2,100,0,81,134858159,98,2066,100,0,100,2,,,,,100.0,0.0,100.0,0.0,,,70.0,30.0,,,100.0,46.0,100.0,281.0,30,30,100,0,100,0,200,0,100.0,1960.0,100.0,10889004792.0,100.0,11348790622.0
2018-06-02,ZJV0080D,ST12000NM0007,12000138625024,0,76,38136680,98,0,100,2,100,0,81,137908004,98,2090,100,0,100,2,,,,,100.0,0.0,100.0,0.0,,,70.0,30.0,,,100.0,46.0,100.0,282.0,30,30,100,0,100,0,200,0,100.0,1983.0,100.0,11128447368.0,100.0,11614803190.0
2018-06-03,ZJV0080D,ST12000NM0007,12000138625024,0,80,95404072,98,0,100,2,100,0,81,140982206,98,2113,100,0,100,2,,,,,100.0,0.0,100.0,0.0,,,70.0,30.0,,,100.0,46.0,100.0,282.0,30,30,100,0,100,0,200,0,100.0,2007.0,100.0,11367283168.0,100.0,11921516414.0
2018-06-04,ZJV0080D,ST12000NM0007,12000138625024,0,80,99339368,98,0,100,2,100,0,82,144019248,98,2138,100,0,100,2,,,,,100.0,0.0,100.0,0.0,,,71.0,29.0,,,100.0,46.0,100.0,283.0,29,29,100,0,100,0,200,0,100.0,2031.0,100.0,11623107800.0,100.0,12157908870.0
2018-06-05,ZJV0080D,ST12000NM0007,12000138625024,0,82,158825456,98,0,100,2,100,0,82,147281388,98,2162,100,0,100,2,,,,,100.0,0.0,100.0,0.0,,,69.0,31.0,,,100.0,46.0,100.0,284.0,31,31,100,0,100,0,200,0,100.0,2055.0,100.0,11887780752.0,100.0,12441003814.0
2018-06-06,ZJV0080D,ST12000NM0007,12000138625024,0,83,179359728,98,0,100,2,100,0,82,150351148,98,2186,100,0,100,2,,,,,100.0,0.0,100.0,0.0,,,69.0,31.0,,,100.0,46.0,100.0,285.0,31,31,100,0,100,0,200,0,100.0,2079.0,100.0,12115782208.0,100.0,12721818598.0
2018-06-07,ZJV0080D,ST12000NM0007,12000138625024,0,83,215479024,98,0,100,2,100,0,82,153393764,98,2210,100,0,100,2,,,,,100.0,0.0,100.0,0.0,,,69.0,31.0,,,100.0,46.0,100.0,286.0,31,31,100,0,100,0,200,0,100.0,2103.0,100.0,12338473144.0,100.0,13023528342.0
2018-06-08,ZJV0080D,ST12000NM0007,12000138625024,0,83,209676520,98,0,100,2,100,0,82,156417259,98,2233,100,0,100,2,,,,,100.0,0.0,100.0,0.0,,,69.0,31.0,,,100.0,46.0,100.0,287.0,31,31,100,0,100,0,200,0,100.0,2126.0,100.0,12557173928.0,100.0,13287307238.0
2018-06-09,ZJV0080D,ST12000NM0007,12000138625024,0,75,30711304,98,0,100,2,100,0,82,159709194,98,2257,100,0,100,2,,,,,100.0,0.0,100.0,0.0,,,69.0,31.0,,,100.0,46.0,100.0,288.0,31,31,100,0,100,0,200,0,100.0,2150.0,100.0,12810506944.0,100.0,13587431222.0
2018-06-10,ZJV0080D,ST12000NM0007,12000138625024,0,81,115734712,98,0,100,2,100,0,82,163111941,98,2282,100,0,100,2,,,,,100.0,0.0,100.0,0.0,,,70.0,30.0,,,100.0,46.0,100.0,289.0,30,30,100,0,100,0,200,0,100.0,2175.0,100.0,13082393464.0,100.0,13888849902.0
2018-06-11,ZJV0080D,ST12000NM0007,12000138625024,0,82,144770072,98,0,100,2,100,0,82,166213864,98,2305,100,0,100,2,,,,,100.0,0.0,100.0,0.0,,,68.0,32.0,,,100.0,46.0,100.0,290.0,32,32,100,0,100,0,200,0,100.0,2198.0,100.0,13301722248.0,100.0,14186838062.0
2018-06-12,ZJV0080D,ST12000NM0007,12000138625024,0,81,139404536,98,0,100,2,100,0,82,169174104,98,2329,100,0,100,2,,,,,100.0,0.0,100.0,0.0,,,72.0,28.0,,,100.0,46.0,100.0,291.0,28,28,100,0,100,0,200,0,100.0,2222.0,100.0,13540355200.0,100.0,14431120886.0
2018-06-13,ZJV0080D,ST12000NM0007,12000138625024,0,79,74949832,98,0,100,2,100,0,82,171704825,98,2354,100,0,100,2,,,,,100.0,0.0,100.0,0.0,,,71.0,29.0,,,100.0,47.0,100.0,292.0,29,29,100,0,100,0,200,0,100.0,2246.0,100.0,13724845512.0,100.0,14670457270.0
2018-06-14,ZJV0080D,ST12000NM0007,12000138625024,0,77,51470296,98,0,100,2,100,0,82,174771804,98,2378,100,0,100,2,,,,,100.0,0.0,100.0,0.0,,,72.0,28.0,,,100.0,48.0,100.0,294.0,28,28,100,0,100,0,200,0,100.0,2270.0,100.0,13868725544.0,100.0,14991380662.0
2018-06-15,ZJV0080D,ST12000NM0007,12000138625024,0,84.0,228675400.0,98.0,0.0,100.0,2.0,100.0,0.0,82.0,177420488.0,98.0,2401.0,100.0,0.0,100.0,2.0,,,,,100.0,0.0,100.0,0.0,,,73.0,27.0,,,100.0,48.0,100.0,295.0,27.0,27.0,100.0,0.0,100.0,0.0,200.0,0.0,100.0,2293.0,100.0,14008951696.0,100.0,15272500278.0
2018-06-16,ZJV0080D,ST12000NM0007,12000138625024,0,84.0,232380256.0,98.0,0.0,100.0,2.0,100.0,0.0,83.0,179145833.0,98.0,2424.0,100.0,0.0,100.0,2.0,,,,,100.0,0.0,100.0,0.0,,,72.0,28.0,,,100.0,49.0,100.0,296.0,28.0,28.0,100.0,0.0,100.0,0.0,200.0,0.0,100.0,2316.0,100.0,14037415480.0,100.0,15491882574.0
2018-06-17,ZJV0080D,ST12000NM0007,12000138625024,0,82.0,150057872.0,98.0,0.0,100.0,2.0,100.0,0.0,83.0,181627999.0,98.0,2448.0,100.0,0.0,100.0,2.0,,,,,100.0,0.0,100.0,0.0,,,69.0,31.0,,,100.0,49.0,100.0,297.0,31.0,31.0,100.0,0.0,100.0,0.0,200.0,0.0,100.0,2340.0,100.0,14168426504.0,100.0,15766830662.0
2018-06-18,ZJV0080D,ST12000NM0007,12000138625024,0,78.0,61083912.0,98.0,0.0,100.0,2.0,100.0,0.0,83.0,184384303.0,98.0,2473.0,100.0,0.0,100.0,2.0,,,,,100.0,0.0,100.0,0.0,,,68.0,32.0,,,100.0,49.0,100.0,298.0,32.0,32.0,100.0,0.0,100.0,0.0,200.0,0.0,100.0,2365.0,100.0,14310974504.0,100.0,16023590390.0
2018-06-19,ZJV0080D,ST12000NM0007,12000138625024,0,83,198959688,98,0,100,2,100,0,83,187343395,98,2497,100,0,100,2,,,,,100.0,0.0,100.0,0.0,,,71.0,29.0,,,100.0,49.0,100.0,299.0,29,29,100,0,100,0,200,0,100.0,2389.0,100.0,14480599080.0,100.0,16235982222.0
2018-06-20,ZJV0080D,ST12000NM0007,12000138625024,0,84,233025218,97,0,100,3,100,0,83,190503056,98,2525,100,0,100,2,,,,,100.0,0.0,100.0,0.0,,,68.0,32.0,,,100.0,50.0,100.0,305.0,32,32,100,0,100,0,200,0,100.0,2416.0,100.0,14691174024.0,100.0,16547754128.0
2018-06-21,ZJV0080D,ST12000NM0007,12000138625024,0,83,197357560,97,0,100,3,100,0,83,193301603,98,2549,100,0,100,2,,,,,100.0,0.0,100.0,0.0,,,68.0,32.0,,,100.0,50.0,100.0,306.0,32,32,100,0,100,0,200,0,100.0,2440.0,100.0,14862227752.0,100.0,16829315568.0
2018-06-22,ZJV0080D,ST12000NM0007,12000138625024,0,82,149530640,97,0,100,3,100,0,83,196244172,98,2573,100,0,100,2,,,,,100.0,0.0,100.0,0.0,,,68.0,32.0,,,100.0,50.0,100.0,307.0,32,32,100,0,100,0,200,0,100.0,2464.0,100.0,15052676664.0,100.0,17079321408.0
2018-06-23,ZJV0080D,ST12000NM0007,12000138625024,0,80,106994192,97,0,100,3,100,0,83,198882749,98,2596,100,0,100,2,,,,,100.0,0.0,100.0,0.0,,,68.0,32.0,,,100.0,51.0,100.0,308.0,32,32,100,0,100,0,200,0,100.0,2488.0,100.0,15209470240.0,100.0,17368274208.0
2018-06-24,ZJV0080D,ST12000NM0007,12000138625024,0,77,48739384,97,0,100,3,100,0,83,201352382,98,2621,100,0,100,2,,,,,100.0,0.0,100.0,0.0,,,68.0,32.0,,,100.0,52.0,100.0,309.0,32,32,100,0,100,0,200,0,100.0,2512.0,100.0,15399591296.0,100.0,17608180440.0
2018-06-25,ZJV0080D,ST12000NM0007,12000138625024,0,83,202767168,97,0,100,3,100,0,83,203941619,97,2644,100,0,100,2,,,,,100.0,0.0,100.0,0.0,,,68.0,32.0,,,100.0,52.0,100.0,310.0,32,32,100,0,100,0,200,0,100.0,2536.0,100.0,15549237312.0,100.0,17856702936.0
2018-06-26,ZJV0080D,ST12000NM0007,12000138625024,0,82,148833240,97,0,100,3,100,0,83,206622235,97,2669,100,0,100,2,,,,,100.0,0.0,100.0,0.0,,,70.0,30.0,,,100.0,53.0,100.0,311.0,30,30,100,0,100,0,200,0,100.0,2560.0,100.0,15735573584.0,100.0,18104714088.0
2018-06-27,ZJV0080D,ST12000NM0007,12000138625024,0,69,8537312,97,0,100,3,100,0,83,208776988,97,2688,100,0,100,2,,,,,100.0,0.0,100.0,0.0,,,69.0,31.0,,,100.0,54.0,100.0,312.0,31,31,100,0,100,0,200,0,100.0,2579.0,100.0,15875398048.0,100.0,18312875312.0
2018-06-28,ZJV0080D,ST12000NM0007,12000138625024,0,84,231148680,97,0,100,3,100,0,83,211920470,97,2713,100,0,100,2,,,,,100.0,0.0,100.0,0.0,,,67.0,33.0,,,100.0,54.0,100.0,313.0,33,33,100,0,100,0,200,0,100.0,2603.0,100.0,16051093952.0,100.0,18603931704.0
2018-06-29,ZJV0080D,ST12000NM0007,12000138625024,0,82,157496216,97,0,100,3,100,0,83,214710872,97,2736,100,0,100,2,,,,,100.0,0.0,100.0,0.0,,,69.0,31.0,,,100.0,55.0,100.0,314.0,31,31,100,0,100,0,200,0,100.0,2627.0,100.0,16203290480.0,100.0,18866365304.0
2018-06-30,ZJV0080D,ST12000NM0007,12000138625024,0,82,162974280,96,0,100,4,100,0,83,217753274,97,2763,100,0,100,3,,,,,100.0,0.0,100.0,0.0,,,69.0,31.0,,,100.0,55.0,100.0,317.0,31,31,100,0,100,0,200,0,100.0,2653.0,100.0,16389388272.0,100.0,19174028150.0
2018-07-01,ZJV0080D,ST12000NM0007,12000138625024,0,83,188868256,96,0,100,4,100,0,83,221341169,97,2791,100,0,100,3,,,,,100.0,0.0,100.0,0.0,,,70.0,30.0,,,100.0,55.0,100.0,318.0,30,30,100,0,100,0,200,0,100.0,2681.0,100.0,16616742736.0,100.0,19460850342.0
2018-07-02,ZJV0080D,ST12000NM0007,12000138625024,0,81,116757536,96,0,100,4,100,0,84,224008243,97,2815,100,0,100,3,,,,,100.0,0.0,100.0,0.0,,,70.0,30.0,,,100.0,55.0,100.0,319.0,30,30,100,0,100,0,200,0,100.0,2706.0,100.0,16803654160.0,100.0,19690109854.0
2018-07-03,ZJV0080D,ST12000NM0007,12000138625024,0,79,77448640,96,0,100,4,100,0,84,226971165,97,2839,100,0,100,3,,,,,100.0,0.0,100.0,0.0,,,66.0,34.0,,,100.0,55.0,100.0,320.0,34,34,100,0,100,0,200,0,100.0,2729.0,100.0,17004434560.0,100.0,19938302862.0
2018-07-04,ZJV0080D,ST12000NM0007,12000138625024,0,80,92791072,96,0,100,4,100,0,84,230058532,97,2863,100,0,100,3,,,,,100.0,0.0,100.0,0.0,,,67.0,33.0,,,100.0,55.0,100.0,321.0,33,33,100,0,100,0,200,0,100.0,2753.0,100.0,17230247728.0,100.0,20216114438.0
2018-07-05,ZJV0080D,ST12000NM0007,12000138625024,0,81,132882576,96,0,100,4,100,0,84,233312555,97,2887,100,0,100,3,,,,,100.0,0.0,100.0,0.0,,,67.0,33.0,,,100.0,56.0,100.0,322.0,33,33,100,0,100,0,200,0,100.0,2777.0,100.0,17455786616.0,100.0,20518948582.0
2018-07-06,ZJV0080D,ST12000NM0007,12000138625024,0,84,240018178,96,0,100,4,100,0,84,236173685,97,2909,100,0,100,3,,,,,100.0,0.0,100.0,0.0,,,70.0,30.0,,,100.0,56.0,100.0,323.0,30,30,100,0,100,0,200,0,100.0,2799.0,100.0,17581558224.0,100.0,20744453480.0
2018-07-07,ZJV0080D,ST12000NM0007,12000138625024,0,80,105832344,96,0,100,4,100,0,84,238601866,97,2932,100,0,100,3,,,,,100.0,0.0,100.0,0.0,,,67.0,33.0,,,100.0,56.0,100.0,324.0,33,33,100,0,100,0,200,0,100.0,2821.0,100.0,17730731184.0,100.0,20949376120.0
2018-07-08,ZJV0080D,ST12000NM0007,12000138625024,0,77,55095072,96,0,100,4,100,0,84,241543436,97,2955,100,0,100,3,,,,,100.0,0.0,100.0,0.0,,,69.0,31.0,,,100.0,56.0,100.0,325.0,31,31,100,0,100,0,200,0,100.0,2845.0,100.0,17927735832.0,100.0,21189915736.0
2018-07-09,ZJV0080D,ST12000NM0007,12000138625024,0,78,59146984,96,0,100,4,100,0,84,245014992,97,2980,100,0,100,3,,,,,100.0,0.0,100.0,0.0,,,69.0,31.0,,,100.0,56.0,100.0,326.0,31,31,100,0,100,0,200,0,100.0,2869.0,100.0,18141140672.0,100.0,21468844480.0
2018-07-10,ZJV0080D,ST12000NM0007,12000138625024,0,81.0,120815944.0,96.0,0.0,100.0,4.0,100.0,0.0,84.0,248512922.0,97.0,3007.0,100.0,0.0,100.0,3.0,,,,,100.0,0.0,100.0,0.0,,,67.0,33.0,,,100.0,56.0,100.0,327.0,33.0,33.0,100.0,0.0,100.0,0.0,200.0,0.0,100.0,2897.0,100.0,18403637872.0,100.0,21756298184.0
2018-07-11,ZJV0080D,ST12000NM0007,12000138625024,0,83,203291976,96,0,100,4,100,0,84,250700323,97,3025,100,0,100,3,,,,,100.0,0.0,100.0,0.0,,,65.0,35.0,,,100.0,56.0,100.0,328.0,35,35,100,0,100,0,200,0,100.0,2914.0,100.0,18540875168.0,100.0,21945677600.0
2018-07-12,ZJV0080D,ST12000NM0007,12000138625024,0,65,2834352,96,0,100,4,100,0,84,254073636,97,3049,100,0,100,3,,,,,100.0,0.0,100.0,0.0,,,65.0,35.0,,,100.0,56.0,100.0,329.0,35,35,100,0,100,0,200,0,100.0,2939.0,100.0,18778917888.0,100.0,22239599560.0
2018-07-13,ZJV0080D,ST12000NM0007,12000138625024,0,83,218182160,96,0,100,4,100,0,84,257143554,97,3074,100,0,100,3,,,,,100.0,0.0,100.0,0.0,,,67.0,33.0,,,100.0,56.0,100.0,330.0,33,33,100,0,100,0,200,0,100.0,2962.0,100.0,18961361264.0,100.0,22516644752.0
2018-07-14,ZJV0080D,ST12000NM0007,12000138625024,0,81,116296736,96,0,100,4,100,0,84,259745550,97,3097,100,0,100,3,,,,,100.0,0.0,100.0,0.0,,,68.0,32.0,,,100.0,56.0,100.0,331.0,32,32,100,0,100,0,200,0,100.0,2986.0,100.0,19112704048.0,100.0,22751697816.0
2018-07-15,ZJV0080D,ST12000NM0007,12000138625024,0,81,113676640,96,0,100,4,100,0,84,261588396,97,3114,100,0,100,3,,,,,100.0,0.0,100.0,0.0,,,67.0,33.0,,,100.0,56.0,100.0,332.0,33,33,100,0,100,0,200,0,100.0,3002.0,100.0,19197620120.0,100.0,22908302504.0
2018-07-16,ZJV0080D,ST12000NM0007,12000138625024,0,80,103504576,96,0,100,4,100,0,84,264831636,97,3145,100,0,100,3,,,,,100.0,0.0,100.0,0.0,,,66.0,34.0,,,100.0,56.0,100.0,333.0,34,34,100,0,100,0,200,0,100.0,3034.0,100.0,19324194368.0,100.0,23259838752.0
2018-07-17,ZJV0080D,ST12000NM0007,12000138625024,0,83,209090848,96,0,100,4,100,0,84,267602413,97,3169,100,0,100,3,,,,,100.0,0.0,100.0,0.0,,,68.0,32.0,,,100.0,56.0,100.0,334.0,32,32,100,0,100,0,200,0,100.0,3058.0,100.0,19435420704.0,100.0,23498339456.0
2018-07-18,ZJV0080D,ST12000NM0007,12000138625024,0,76,41760048,96,0,100,4,100,0,84,269844974,97,3193,100,0,100,3,,,,,100.0,0.0,100.0,0.0,,,67.0,33.0,,,100.0,57.0,100.0,335.0,33,33,100,0,100,0,200,0,100.0,3082.0,100.0,19552629128.0,100.0,23702081808.0
2018-07-19,ZJV0080D,ST12000NM0007,12000138625024,0,82,147779296,96,0,100,4,100,0,84,272273951,97,3218,100,0,100,3,,,,,100.0,0.0,100.0,0.0,,,67.0,33.0,,,100.0,57.0,100.0,336.0,33,33,100,0,100,0,200,0,100.0,3106.0,100.0,19682140856.0,100.0,23922730040.0
2018-07-20,ZJV0080D,ST12000NM0007,12000138625024,0,83,208251840,96,0,100,4,100,0,84,274647600,97,3241,100,0,100,3,,,,,100.0,0.0,100.0,0.0,,,67.0,33.0,,,100.0,58.0,100.0,337.0,33,33,100,0,100,0,200,0,100.0,3129.0,100.0,19790669024.0,100.0,24118815080.0
2018-07-21,ZJV0080D,ST12000NM0007,12000138625024,0,79,75471712,96,0,100,4,100,0,84,277248106,97,3265,100,0,100,3,,,,,100.0,0.0,100.0,0.0,,,66.0,34.0,,,100.0,58.0,100.0,338.0,34,34,100,0,100,0,200,0,100.0,3154.0,100.0,19921354216.0,100.0,24343631960.0
2018-07-22,ZJV0080D,ST12000NM0007,12000138625024,0,83,207645728,96,0,100,4,100,0,84,279915773,97,3289,100,0,100,3,,,,,100.0,0.0,100.0,0.0,,,67.0,33.0,,,100.0,59.0,100.0,339.0,33,33,100,0,100,0,200,0,100.0,3177.0,100.0,20084553064.0,100.0,24556747848.0
2018-07-23,ZJV0080D,ST12000NM0007,12000138625024,0,78,61868896,96,0,100,4,100,0,85,282394613,97,3313,100,0,100,3,,,,,100.0,0.0,100.0,0.0,,,67.0,33.0,,,100.0,59.0,100.0,340.0,33,33,100,0,100,0,200,0,100.0,3201.0,100.0,20224953824.0,100.0,24758851688.0
2018-07-24,ZJV0080D,ST12000NM0007,12000138625024,0,80,90450512,96,0,100,4,100,0,85,284769266,97,3337,100,0,100,3,,,,,100.0,0.0,100.0,0.0,,,69.0,31.0,,,100.0,59.0,100.0,341.0,31,31,100,0,100,0,200,0,100.0,3225.0,100.0,20319990152.0,100.0,24936537640.0
2018-07-25,ZJV0080D,ST12000NM0007,12000138625024,0,82.0,174622048.0,96.0,0.0,100.0,4.0,100.0,0.0,85.0,287096304.0,97.0,3361.0,100.0,0.0,100.0,3.0,,,,,100.0,0.0,100.0,0.0,,,69.0,31.0,,,100.0,60.0,100.0,342.0,31.0,31.0,100.0,0.0,100.0,0.0,200.0,0.0,100.0,3249.0,100.0,20437527912.0,100.0,25147312288.0
2018-07-26,ZJV0080D,ST12000NM0007,12000138625024,0,79,87586664,96,0,100,4,100,0,85,289840362,97,3386,100,0,100,3,,,,,100.0,0.0,100.0,0.0,,,69.0,31.0,,,100.0,60.0,100.0,343.0,31,31,100,0,100,0,200,0,100.0,3273.0,100.0,20584364192.0,100.0,25401722184.0
2018-07-27,ZJV0080D,ST12000NM0007,12000138625024,0,74,23341344,96,0,100,4,100,0,85,292727319,97,3409,100,0,100,3,,,,,100.0,0.0,100.0,0.0,,,69.0,31.0,,,100.0,61.0,100.0,344.0,31,31,100,0,100,0,200,0,100.0,3296.0,100.0,20739696112.0,100.0,25670426960.0
2018-07-28,ZJV0080D,ST12000NM0007,12000138625024,0,83,209324552,96,0,100,4,100,0,85,295522185,97,3433,100,0,100,3,,,,,100.0,0.0,100.0,0.0,,,70.0,30.0,,,100.0,62.0,100.0,346.0,30,30,100,0,100,0,200,0,100.0,3320.0,100.0,20906706576.0,100.0,25933540528.0
2018-07-30,ZJV0080D,ST12000NM0007,12000138625024,0,79,80126632,96,0,100,4,100,0,85,301035389,97,3482,100,0,100,3,,,,,100.0,0.0,100.0,0.0,,,68.0,32.0,,,100.0,63.0,100.0,348.0,32,32,100,0,100,0,200,0,100.0,3369.0,100.0,21294522320.0,100.0,26393090712.0
2018-07-31,ZJV0080D,ST12000NM0007,12000138625024,0,73,19686552,96,0,100,4,100,0,85,304296137,96,3505,100,0,100,3,,,,,100.0,0.0,100.0,0.0,,,71.0,29.0,,,100.0,63.0,100.0,349.0,29,29,100,0,100,0,200,0,100.0,3392.0,100.0,21458032792.0,100.0,26657421624.0
2018-08-01,ZJV0080D,ST12000NM0007,12000138625024,0,84,240540432,96,0,100,4,100,0,85,307334056,96,3530,100,0,100,3,,,,,100.0,0.0,100.0,0.0,,,70.0,30.0,,,100.0,63.0,100.0,350.0,30,30,100,0,100,0,200,0,100.0,3417.0,100.0,21642297576.0,100.0,26938151448.0
2018-08-02,ZJV0080D,ST12000NM0007,12000138625024,0,83,202483544,96,0,100,4,100,0,85,310522387,96,3553,100,0,100,3,,,,,100.0,0.0,100.0,0.0,,,70.0,30.0,,,100.0,63.0,100.0,351.0,30,30,100,0,100,0,200,0,100.0,3440.0,100.0,21816389576.0,100.0,27214283936.0
2018-08-03,ZJV0080D,ST12000NM0007,12000138625024,0,81,118008680,96,0,100,4,100,0,85,313238464,96,3578,100,0,100,3,,,,,100.0,0.0,100.0,0.0,,,71.0,29.0,,,100.0,64.0,100.0,352.0,29,29,100,0,100,0,200,0,100.0,3464.0,100.0,21992522296.0,100.0,27441958144.0
2018-08-04,ZJV0080D,ST12000NM0007,12000138625024,0,84,236451184,96,0,100,4,100,0,85,316042659,96,3601,100,0,100,3,,,,,100.0,0.0,100.0,0.0,,,72.0,28.0,,,100.0,64.0,100.0,353.0,28,28,100,0,100,0,200,0,100.0,3487.0,100.0,22137071520.0,100.0,27659992184.0
2018-08-05,ZJV0080D,ST12000NM0007,12000138625024,0,78,66565976,96,0,100,4,100,0,85,318825467,96,3626,100,0,100,3,,,,,100.0,0.0,100.0,0.0,,,72.0,28.0,,,100.0,64.0,100.0,354.0,28,28,100,0,100,0,200,0,100.0,3512.0,100.0,22269447688.0,100.0,27846012400.0
2018-08-06,ZJV0080D,ST12000NM0007,12000138625024,0,83,179518888,96,0,100,4,100,0,85,321515024,96,3649,100,0,100,3,,,,,100.0,0.0,100.0,0.0,,,72.0,28.0,,,100.0,64.0,100.0,355.0,28,28,100,0,100,0,200,0,100.0,3535.0,100.0,22411823144.0,100.0,28060731168.0
2018-08-07,ZJV0080D,ST12000NM0007,12000138625024,0,76,37262448,96,0,100,4,100,0,85,324236867,96,3674,100,0,100,3,,,,,100.0,0.0,100.0,0.0,,,70.0,30.0,,,100.0,64.0,100.0,356.0,30,30,100,0,100,0,200,0,100.0,3560.0,100.0,22564045520.0,100.0,28254533968.0
2018-08-08,ZJV0080D,ST12000NM0007,12000138625024,0,83,214058472,96,0,100,4,100,0,85,327635198,96,3703,100,0,100,3,,,,,100.0,0.0,100.0,0.0,,,69.0,31.0,,,100.0,64.0,100.0,357.0,31,31,100,0,100,0,200,0,100.0,3589.0,100.0,22775767744.0,100.0,28463748496.0
2018-08-09,ZJV0080D,ST12000NM0007,12000138625024,0,81,123689104,96,0,100,4,100,0,85,330922243,96,3727,100,0,100,3,,,,,100.0,0.0,100.0,0.0,,,70.0,30.0,,,100.0,64.0,100.0,358.0,30,30,100,0,100,0,200,0,100.0,3613.0,100.0,22946738568.0,100.0,28690689728.0
2018-08-10,ZJV0080D,ST12000NM0007,12000138625024,0,83,211037920,96,0,100,4,100,0,85,333447641,96,3746,100,0,100,3,,,,,100.0,0.0,100.0,0.0,,,69.0,31.0,,,100.0,64.0,100.0,360.0,31,31,100,0,100,0,200,0,100.0,3631.0,100.0,23099792768.0,100.0,28869124976.0
2018-08-11,ZJV0080D,ST12000NM0007,12000138625024,0,83,181338360,96,0,100,4,100,0,85,337312942,96,3775,100,0,100,3,,,,,100.0,0.0,100.0,0.0,,,70.0,30.0,,,100.0,64.0,100.0,361.0,30,30,100,0,100,0,200,0,100.0,3660.0,100.0,23286417568.0,100.0,29141081976.0
2018-08-12,ZJV0080D,ST12000NM0007,12000138625024,0,77,53666832,96,0,100,4,100,0,85,339963376,96,3799,100,0,100,3,,,,,100.0,0.0,100.0,0.0,,,70.0,30.0,,,100.0,65.0,100.0,362.0,30,30,100,0,100,0,200,0,100.0,3684.0,100.0,23450935904.0,100.0,29337174200.0
2018-08-13,ZJV0080D,ST12000NM0007,12000138625024,0,83,177872632,96,0,100,4,100,0,85,343133296,96,3823,100,0,100,3,,,,,100.0,0.0,100.0,0.0,,,70.0,30.0,,,100.0,66.0,100.0,363.0,30,30,100,0,100,0,200,0,100.0,3708.0,100.0,23580111336.0,100.0,29576345328.0
2018-08-14,ZJV0080D,ST12000NM0007,12000138625024,0,84.0,235849752.0,96.0,0.0,100.0,4.0,100.0,0.0,85.0,345450875.0,96.0,3847.0,100.0,0.0,100.0,3.0,,,,,100.0,0.0,100.0,0.0,,,71.0,29.0,,,100.0,67.0,100.0,364.0,29.0,29.0,100.0,0.0,100.0,0.0,200.0,0.0,100.0,3732.0,100.0,23701892736.0,100.0,29756681864.0
2018-08-15,ZJV0080D,ST12000NM0007,12000138625024,0,81.0,127243272.0,96.0,0.0,100.0,4.0,100.0,0.0,85.0,348186564.0,96.0,3871.0,100.0,0.0,100.0,3.0,,,,,100.0,0.0,100.0,0.0,,,70.0,30.0,,,100.0,68.0,100.0,365.0,30.0,30.0,100.0,0.0,100.0,0.0,200.0,0.0,100.0,3756.0,100.0,23829244840.0,100.0,30009005312.0
2018-08-16,ZJV0080D,ST12000NM0007,12000138625024,0,78,61058960,96,0,100,4,100,0,85,351099956,96,3895,100,0,100,3,,,,,100.0,0.0,100.0,0.0,,,71.0,29.0,,,100.0,68.0,100.0,366.0,29,29,100,0,100,0,200,0,100.0,3780.0,100.0,23972496720.0,100.0,30287850472.0
2018-08-17,ZJV0080D,ST12000NM0007,12000138625024,0,83,188447776,96,0,100,4,100,0,85,353791785,96,3919,100,0,100,3,,,,,100.0,0.0,100.0,0.0,,,70.0,30.0,,,100.0,68.0,100.0,367.0,30,30,100,0,100,0,200,0,100.0,3803.0,100.0,24121253056.0,100.0,30510623816.0
2018-08-18,ZJV0080D,ST12000NM0007,12000138625024,0,81,136048280,96,0,100,4,100,0,86,357086493,96,3942,100,0,100,3,,,,,100.0,0.0,100.0,0.0,,,70.0,30.0,,,100.0,69.0,100.0,368.0,30,30,100,0,100,0,200,0,100.0,3826.0,100.0,24293084000.0,100.0,30774675104.0
2018-08-19,ZJV0080D,ST12000NM0007,12000138625024,0,81,125146080,96,0,100,4,100,0,86,360169185,96,3967,100,0,100,3,,,,,100.0,0.0,100.0,0.0,,,71.0,29.0,,,100.0,69.0,100.0,369.0,29,29,100,0,100,0,200,0,100.0,3851.0,100.0,24469276768.0,100.0,31075861664.0
2018-08-20,ZJV0080D,ST12000NM0007,12000138625024,0,84,238542320,96,0,100,4,100,0,86,362630207,96,3990,100,0,100,3,,,,,100.0,0.0,100.0,0.0,,,71.0,29.0,,,100.0,69.0,100.0,370.0,29,29,100,0,100,0,200,0,100.0,3874.0,100.0,24607832648.0,100.0,31294843032.0
2018-08-21,ZJV0080D,ST12000NM0007,12000138625024,0,81,136425824,96,0,100,4,100,0,86,365237525,96,4014,100,0,100,3,,,,,100.0,0.0,100.0,0.0,,,73.0,27.0,,,100.0,70.0,100.0,371.0,27,27,100,0,100,0,200,0,100.0,3898.0,100.0,24777124208.0,100.0,31511716392.0
2018-08-22,ZJV0080D,ST12000NM0007,12000138625024,0,77,47494304,96,0,100,4,100,0,86,368089445,96,4039,100,0,100,3,,,,,100.0,0.0,100.0,0.0,,,73.0,27.0,,,100.0,70.0,100.0,372.0,27,27,100,0,100,0,200,0,100.0,3923.0,100.0,24925261416.0,100.0,31762929160.0
2018-08-23,ZJV0080D,ST12000NM0007,12000138625024,0,83,188238320,96,0,100,4,100,0,86,371035421,96,4062,100,0,100,3,,,,,100.0,0.0,100.0,0.0,,,73.0,27.0,,,100.0,71.0,100.0,373.0,27,27,100,0,100,0,200,0,100.0,3946.0,100.0,25076377824.0,100.0,31996697536.0
2018-08-24,ZJV0080D,ST12000NM0007,12000138625024,0,80,93430952,96,0,100,4,100,0,86,374212204,96,4087,100,0,100,3,,,,,100.0,0.0,100.0,0.0,,,73.0,27.0,,,100.0,71.0,100.0,374.0,27,27,100,0,100,0,200,0,100.0,3970.0,100.0,25210433560.0,100.0,32256115760.0
2018-08-25,ZJV0080D,ST12000NM0007,12000138625024,0,84,233320104,96,0,100,4,100,0,86,377195504,96,4111,100,0,100,3,,,,,100.0,0.0,100.0,0.0,,,74.0,26.0,,,100.0,71.0,100.0,375.0,26,26,100,0,100,0,200,0,100.0,3994.0,100.0,25349019192.0,100.0,32501559912.0
2018-08-26,ZJV0080D,ST12000NM0007,12000138625024,0,80,95695992,96,0,100,4,100,0,86,379789965,96,4134,100,0,100,3,,,,,100.0,0.0,100.0,0.0,,,73.0,27.0,,,100.0,71.0,100.0,376.0,27,27,100,0,100,0,200,0,100.0,4017.0,100.0,25498692736.0,100.0,32702543888.0
2018-08-27,ZJV0080D,ST12000NM0007,12000138625024,0,84,228629816,96,0,100,4,100,0,86,382631337,96,4159,100,0,100,3,,,,,100.0,0.0,100.0,0.0,,,73.0,27.0,,,100.0,71.0,100.0,377.0,27,27,100,0,100,0,200,0,100.0,4042.0,100.0,25649012576.0,100.0,32929298504.0
2018-08-28,ZJV0080D,ST12000NM0007,12000138625024,0,81,130322896,96,0,100,4,100,0,86,385560466,96,4182,100,0,100,3,,,,,100.0,0.0,100.0,0.0,,,70.0,30.0,,,100.0,71.0,100.0,378.0,30,30,100,0,100,0,200,0,100.0,4065.0,100.0,25814841656.0,100.0,33153444144.0
2018-08-29,ZJV0080D,ST12000NM0007,12000138625024,0,79,76966200,96,0,100,4,100,0,86,388778006,96,4207,100,0,100,3,,,,,100.0,0.0,100.0,0.0,,,69.0,31.0,,,100.0,72.0,100.0,379.0,31,31,100,0,100,0,200,0,100.0,4089.0,100.0,25992126040.0,100.0,33411084728.0
2018-08-30,ZJV0080D,ST12000NM0007,12000138625024,0,83,212738752,96,0,100,4,100,0,86,391774620,96,4225,100,0,100,3,,,,,100.0,0.0,100.0,0.0,,,69.0,31.0,,,100.0,72.0,100.0,381.0,31,31,100,0,100,0,200,0,100.0,4107.0,100.0,26129129296.0,100.0,33653994968.0
2018-08-31,ZJV0080D,ST12000NM0007,12000138625024,0,78,65773136,96,0,100,4,100,0,86,394426137,96,4249,100,0,100,3,,,,,100.0,0.0,100.0,0.0,,,70.0,30.0,,,100.0,72.0,100.0,382.0,30,30,100,0,100,0,200,0,100.0,4131.0,100.0,26263190480.0,100.0,33861249848.0
2018-09-01,ZJV0080D,ST12000NM0007,12000138625024,0,83,182047496,96,0,100,4,100,0,86,397378253,96,4273,100,0,100,3,,,,,100.0,0.0,100.0,0.0,,,71.0,29.0,,,100.0,72.0,100.0,383.0,29,29,100,0,100,0,200,0,100.0,4155.0,100.0,26412792968.0,100.0,34072062416.0
2018-09-02,ZJV0080D,ST12000NM0007,12000138625024,0,82,149531952,96,0,100,4,100,0,86,400490181,96,4296,100,0,100,3,,,,,100.0,0.0,100.0,0.0,,,71.0,29.0,,,100.0,72.0,100.0,384.0,29,29,100,0,100,0,200,0,100.0,4178.0,100.0,26605559960.0,100.0,34335061312.0
2018-09-03,ZJV0080D,ST12000NM0007,12000138625024,0,82,145793360,96,0,100,4,100,0,86,403876343,96,4321,100,0,100,3,,,,,100.0,0.0,100.0,0.0,,,71.0,29.0,,,100.0,72.0,100.0,385.0,29,29,100,0,100,0,200,0,100.0,4203.0,100.0,26831694928.0,100.0,34593470168.0
2018-09-04,ZJV0080D,ST12000NM0007,12000138625024,0,80,95196640,96,0,100,4,100,0,86,407035267,96,4345,100,0,100,3,,,,,100.0,0.0,100.0,0.0,,,67.0,33.0,,,100.0,72.0,100.0,386.0,33,33,100,0,100,0,200,0,100.0,4226.0,100.0,27016885616.0,100.0,34845965496.0
2018-09-05,ZJV0080D,ST12000NM0007,12000138625024,0,82,151039736,96,0,100,4,100,0,86,411085341,96,4376,100,0,100,3,,,,,100.0,0.0,100.0,0.0,,,61.0,39.0,,,100.0,72.0,100.0,387.0,39,39,100,0,100,0,200,0,100.0,4257.0,100.0,27249943368.0,100.0,35157032874.0
2018-09-06,ZJV0080D,ST12000NM0007,12000138625024,0,83,200512424,96,0,100,4,100,0,86,413490820,95,4397,100,0,100,3,,,,,100.0,0.0,100.0,0.0,,,63.0,37.0,,,100.0,73.0,100.0,388.0,37,37,100,0,100,0,200,0,100.0,4279.0,100.0,27383849656.0,100.0,35316740026.0
2018-09-07,ZJV0080D,ST12000NM0007,12000138625024,0,84,233003328,96,0,100,4,100,0,86,415727451,95,4421,100,0,100,3,,,,,100.0,0.0,100.0,0.0,,,64.0,36.0,,,100.0,74.0,100.0,389.0,36,36,100,0,100,0,200,0,100.0,4302.0,100.0,27510481944.0,100.0,35466739698.0
2018-09-08,ZJV0080D,ST12000NM0007,12000138625024,0,81,140930800,96,0,100,4,100,0,86,419143324,95,4444,100,0,100,3,,,,,100.0,0.0,100.0,0.0,,,65.0,35.0,,,100.0,74.0,100.0,390.0,35,35,100,0,100,0,200,0,100.0,4326.0,100.0,27658514168.0,100.0,35714916386.0
2018-09-09,ZJV0080D,ST12000NM0007,12000138625024,0,76,39201688,96,0,100,4,100,0,86,422053235,95,4468,100,0,100,3,,,,,100.0,0.0,100.0,0.0,,,64.0,36.0,,,100.0,74.0,100.0,391.0,36,36,100,0,100,0,200,0,100.0,4350.0,100.0,27804612608.0,100.0,35955370394.0
2018-09-10,ZJV0080D,ST12000NM0007,12000138625024,0,83,205662760,96,0,100,4,100,0,86,425287786,95,4493,100,0,100,3,,,,,100.0,0.0,100.0,0.0,,,65.0,35.0,,,100.0,74.0,100.0,392.0,35,35,100,0,100,0,200,0,100.0,4374.0,100.0,27974974024.0,100.0,36195610906.0
2018-09-11,ZJV0080D,ST12000NM0007,12000138625024,0,82,161749824,96,0,100,4,100,0,86,428909914,95,4519,100,0,100,3,,,,,100.0,0.0,100.0,0.0,,,65.0,35.0,,,100.0,74.0,100.0,393.0,35,35,100,0,100,0,200,0,100.0,4400.0,100.0,28171515320.0,100.0,36443438042.0
2018-09-12,ZJV0080D,ST12000NM0007,12000138625024,0,77,47253224,96,0,100,4,100,0,86,431955578,95,4543,100,0,100,3,,,,,100.0,0.0,100.0,0.0,,,64.0,36.0,,,100.0,74.0,100.0,394.0,36,36,100,0,100,0,200,0,100.0,4424.0,100.0,28348091080.0,100.0,36640647570.0
2018-09-13,ZJV0080D,ST12000NM0007,12000138625024,0,83,208185512,96,0,100,4,100,0,86,435068310,95,4563,100,0,100,3,,,,,100.0,0.0,100.0,0.0,,,66.0,34.0,,,100.0,74.0,100.0,395.0,34,34,100,0,100,0,200,0,100.0,4444.0,100.0,28512782152.0,100.0,36881029794.0
2018-09-14,ZJV0080D,ST12000NM0007,12000138625024,0,80,112028472,96,0,100,4,100,0,86,438210785,95,4587,100,0,100,3,,,,,100.0,0.0,100.0,0.0,,,67.0,33.0,,,100.0,74.0,100.0,396.0,33,33,100,0,100,0,200,0,100.0,4468.0,100.0,28689965208.0,100.0,37095971394.0
2018-09-15,ZJV0080D,ST12000NM0007,12000138625024,0,77,48385104,96,0,100,4,100,0,86,441746872,95,4609,100,0,100,3,,,,,100.0,0.0,100.0,0.0,,,65.0,35.0,,,100.0,74.0,100.0,397.0,35,35,100,0,100,0,200,0,100.0,4490.0,100.0,28875968344.0,100.0,37334607346.0
2018-09-16,ZJV0080D,ST12000NM0007,12000138625024,0,84,237881360,96,0,100,4,100,0,86,445541992,95,4633,100,0,100,3,,,,,100.0,0.0,100.0,0.0,,,65.0,35.0,,,100.0,74.0,100.0,398.0,35,35,100,0,100,0,200,0,100.0,4513.0,100.0,29071088744.0,100.0,37573125010.0
2018-09-17,ZJV0080D,ST12000NM0007,12000138625024,0,82,160901872,96,0,100,4,100,0,87,448711554,95,4657,100,0,100,3,,,,,100.0,0.0,100.0,0.0,,,65.0,35.0,,,100.0,74.0,100.0,399.0,35,35,100,0,100,0,200,0,100.0,4537.0,100.0,29226308712.0,100.0,37829207258.0
2018-09-18,ZJV0080D,ST12000NM0007,12000138625024,0,78,63925264,96,0,100,4,100,0,87,451613430,95,4680,100,0,100,3,,,,,100.0,0.0,100.0,0.0,,,64.0,36.0,,,100.0,74.0,100.0,400.0,36,36,100,0,100,0,200,0,100.0,4560.0,100.0,29411984336.0,100.0,38034836794.0
2018-09-19,ZJV0080D,ST12000NM0007,12000138625024,0,84,233264696,96,0,100,4,100,0,87,454861763,95,4705,100,0,100,3,,,,,100.0,0.0,100.0,0.0,,,64.0,36.0,,,100.0,74.0,100.0,401.0,36,36,100,0,100,0,200,0,100.0,4585.0,100.0,29587756416.0,100.0,38272545154.0
2018-09-20,ZJV0080D,ST12000NM0007,12000138625024,0,79,80991680,96,0,100,4,100,0,87,458236094,95,4728,100,0,100,3,,,,,100.0,0.0,100.0,0.0,,,65.0,35.0,,,100.0,74.0,100.0,402.0,35,35,100,0,100,0,200,0,100.0,4608.0,100.0,29689966384.0,100.0,38506343698.0
2018-09-21,ZJV0080D,ST12000NM0007,12000138625024,0,82,160326208,96,0,100,4,100,0,87,461293574,95,4752,100,0,100,3,,,,,100.0,0.0,100.0,0.0,,,66.0,34.0,,,100.0,75.0,100.0,403.0,34,34,100,0,100,0,200,0,100.0,4632.0,100.0,29779142384.0,100.0,38740643074.0
2018-09-22,ZJV0080D,ST12000NM0007,12000138625024,0,82,171830536,96,0,100,4,100,0,87,464121334,95,4776,100,0,100,3,,,,,100.0,0.0,100.0,0.0,,,67.0,33.0,,,100.0,75.0,100.0,404.0,33,33,100,0,100,0,200,0,100.0,4656.0,100.0,29859227928.0,100.0,38916202514.0
2018-09-23,ZJV0080D,ST12000NM0007,12000138625024,0,83,208933640,96,0,100,4,100,0,87,466616388,95,4800,100,0,100,3,,,,,100.0,0.0,100.0,0.0,,,68.0,32.0,,,100.0,75.0,100.0,405.0,32,32,100,0,100,0,200,0,100.0,4680.0,100.0,29943771544.0,100.0,39112903730.0
2018-09-24,ZJV0080D,ST12000NM0007,12000138625024,0,81,135541120,96,0,100,4,100,0,87,470270134,95,4824,100,0,100,3,,,,,100.0,0.0,100.0,0.0,,,67.0,33.0,,,100.0,75.0,100.0,406.0,33,33,100,0,100,0,200,0,100.0,4704.0,100.0,30074722664.0,100.0,39396841778.0
2018-09-25,ZJV0080D,ST12000NM0007,12000138625024,0,75,32534032,96,0,100,4,100,0,87,473555325,95,4849,100,0,100,3,,,,,100.0,0.0,100.0,0.0,,,64.0,36.0,,,100.0,76.0,100.0,407.0,36,36,100,0,100,0,200,0,100.0,4728.0,100.0,30206803752.0,100.0,39650035378.0
2018-09-26,ZJV0080D,ST12000NM0007,12000138625024,0,82,173143712,96,0,100,4,100,0,87,476471524,95,4872,100,0,100,3,,,,,100.0,0.0,100.0,0.0,,,65.0,35.0,,,100.0,77.0,100.0,408.0,35,35,100,0,100,0,200,0,100.0,4752.0,100.0,30333791448.0,100.0,39907798074.0
2018-09-27,ZJV0080D,ST12000NM0007,12000138625024,0,80,92663128,96,0,100,4,100,0,87,479714988,95,4897,100,0,100,3,,,,,100.0,0.0,100.0,0.0,,,65.0,35.0,,,100.0,77.0,100.0,409.0,35,35,100,0,100,0,200,0,100.0,4776.0,100.0,30482398520.0,100.0,40166992018.0
2018-09-28,ZJV0080D,ST12000NM0007,12000138625024,0,83,184251224,96,0,100,4,100,0,87,482645851,95,4921,100,0,100,3,,,,,100.0,0.0,100.0,0.0,,,64.0,36.0,,,100.0,77.0,100.0,410.0,36,36,100,0,100,0,200,0,100.0,4800.0,100.0,30600917224.0,100.0,40384202130.0
2018-09-29,ZJV0080D,ST12000NM0007,12000138625024,0,73,21714232,96,0,100,4,100,0,87,485638024,95,4944,100,0,100,3,,,,,100.0,0.0,100.0,0.0,,,64.0,36.0,,,100.0,77.0,100.0,411.0,36,36,100,0,100,0,200,0,100.0,4824.0,100.0,30700724712.0,100.0,40610139498.0
2018-09-30,ZJV0080D,ST12000NM0007,12000138625024,0,81,112994376,96,0,100,4,100,0,87,488127185,95,4969,100,0,100,3,,,,,100.0,0.0,100.0,0.0,,,65.0,35.0,,,100.0,78.0,100.0,412.0,35,35,100,0,100,0,200,0,100.0,4849.0,100.0,30803179984.0,100.0,40843105210.0
2018-10-01,ZJV0080D,ST12000NM0007,12000138625024,0,75,34226096,96,0,100,4,100,0,87,491231590,95,4993,100,0,100,3,,,,,100.0,0.0,100.0,0.0,,,65.0,35.0,,,100.0,78.0,100.0,413.0,35,35,100,0,100,0,200,0,100.0,4872.0,100.0,30928054656.0,100.0,41127743626.0
2018-10-02,ZJV0080D,ST12000NM0007,12000138625024,0,83,213325552,96,0,100,4,100,0,87,495388783,95,5017,100,0,100,3,,,,,100.0,0.0,100.0,0.0,,,64.0,36.0,,,100.0,78.0,100.0,414.0,36,36,100,0,100,0,200,0,100.0,4896.0,100.0,31009272528.0,100.0,42202188258.0
2018-10-03,ZJV0080D,ST12000NM0007,12000138625024,0,81,118988824,96,0,100,4,100,0,87,502975418,95,5041,100,0,100,3,,,,,100.0,0.0,100.0,0.0,,,65.0,35.0,,,100.0,78.0,100.0,415.0,35,35,100,0,100,0,200,0,100.0,4920.0,100.0,31031649512.0,100.0,44526883578.0
2018-10-04,ZJV0080D,ST12000NM0007,12000138625024,0,83.0,200064224.0,96.0,0.0,100.0,4.0,100.0,0.0,87.0,505959354.0,95.0,5065.0,100.0,0.0,100.0,3.0,,,,,100.0,0.0,100.0,0.0,,,67.0,33.0,,,100.0,79.0,100.0,416.0,33.0,33.0,100.0,0.0,100.0,0.0,200.0,0.0,100.0,4944.0,100.0,31132841648.0,100.0,44750907658.0
2018-10-05,ZJV0080D,ST12000NM0007,12000138625024,0,71,11366528,96,0,100,4,100,0,87,508622451,95,5089,100,0,100,3,,,,,100.0,0.0,100.0,0.0,,,67.0,33.0,,,100.0,79.0,100.0,417.0,33,33,100,0,100,0,200,0,100.0,4967.0,100.0,31242441704.0,100.0,44940891594.0
2018-10-06,ZJV0080D,ST12000NM0007,12000138625024,0,72,14410048,96,0,100,4,100,0,87,511547701,95,5112,100,0,100,3,,,,,100.0,0.0,100.0,0.0,,,68.0,32.0,,,100.0,79.0,100.0,418.0,32,32,100,0,100,0,200,0,100.0,4991.0,100.0,31328537960.0,100.0,45101979586.0
2018-10-07,ZJV0080D,ST12000NM0007,12000138625024,0,83,196967176,96,0,100,4,100,0,87,513557332,95,5137,100,0,100,3,,,,,100.0,0.0,100.0,0.0,,,68.0,32.0,,,100.0,79.0,100.0,419.0,32,32,100,0,100,0,200,0,100.0,5015.0,100.0,31398918728.0,100.0,45214155946.0
2018-10-08,ZJV0080D,ST12000NM0007,12000138625024,0,83,208740504,96,0,100,4,100,0,87,515996362,95,5161,100,0,100,3,,,,,100.0,0.0,100.0,0.0,,,68.0,32.0,,,100.0,80.0,100.0,420.0,32,32,100,0,100,0,200,0,100.0,5039.0,100.0,31482772552.0,100.0,45386216162.0
2018-10-09,ZJV0080D,ST12000NM0007,12000138625024,0,71.0,11434896.0,96.0,0.0,100.0,4.0,100.0,0.0,87.0,518664066.0,95.0,5185.0,100.0,0.0,100.0,3.0,,,,,100.0,0.0,100.0,0.0,,,66.0,34.0,,,100.0,81.0,100.0,421.0,34.0,34.0,100.0,0.0,100.0,0.0,200.0,0.0,100.0,5064.0,100.0,31581081232.0,100.0,45578883578.0
2018-10-10,ZJV0080D,ST12000NM0007,12000138625024,0,76,41001904,96,0,100,4,100,0,87,521087424,95,5210,100,0,100,3,,,,,100.0,0.0,100.0,0.0,,,65.0,35.0,,,100.0,81.0,100.0,422.0,35,35,100,0,100,0,200,0,100.0,5088.0,100.0,31666318896.0,100.0,45767353722.0
2018-10-11,ZJV0080D,ST12000NM0007,12000138625024,0,82,146394168,96,0,100,4,100,0,87,524891908,95,5233,100,0,100,3,,,,,100.0,0.0,100.0,0.0,,,66.0,34.0,,,100.0,82.0,100.0,423.0,34,34,100,0,100,0,200,0,100.0,5111.0,100.0,31768762416.0,100.0,46014443498.0
2018-10-12,ZJV0080D,ST12000NM0007,12000138625024,0,82,150197376,96,0,100,4,100,0,87,527335266,94,5257,100,0,100,3,,,,,100.0,0.0,100.0,0.0,,,64.0,36.0,,,100.0,82.0,100.0,424.0,36,36,100,0,100,0,200,0,100.0,5135.0,100.0,31861027504.0,100.0,46170122250.0
2018-10-13,ZJV0080D,ST12000NM0007,12000138625024,0,75,31987448,96,0,100,4,100,0,87,530515305,94,5281,100,0,100,3,,,,,100.0,0.0,100.0,0.0,,,66.0,34.0,,,100.0,82.0,100.0,425.0,34,34,100,0,100,0,200,0,100.0,5159.0,100.0,31984386536.0,100.0,46416835010.0
2018-10-14,ZJV0080D,ST12000NM0007,12000138625024,0,83,199205824,96,0,100,4,100,0,87,533681284,94,5311,100,0,100,3,,,,,100.0,0.0,100.0,0.0,,,64.0,36.0,,,100.0,83.0,100.0,426.0,36,36,100,0,100,0,200,0,100.0,5189.0,100.0,32130080088.0,100.0,46682500546.0
2018-10-15,ZJV0080D,ST12000NM0007,12000138625024,0,84,225606096,96,0,100,4,100,0,87,535777223,94,5334,100,0,100,3,,,,,100.0,0.0,100.0,0.0,,,65.0,35.0,,,100.0,84.0,100.0,427.0,35,35,100,0,100,0,200,0,100.0,5212.0,100.0,32195082032.0,100.0,46888039674.0
2018-10-16,ZJV0080D,ST12000NM0007,12000138625024,0,74,24365560,96,0,100,4,100,0,87,538221995,94,5358,100,0,100,3,,,,,100.0,0.0,100.0,0.0,,,67.0,33.0,,,100.0,85.0,100.0,428.0,33,33,100,0,100,0,200,0,100.0,5236.0,100.0,32271984576.0,100.0,47098178090.0
2018-10-17,ZJV0080D,ST12000NM0007,12000138625024,0,80,112110696,96,0,100,4,100,0,87,540795666,94,5383,100,0,100,3,,,,,100.0,0.0,100.0,0.0,,,66.0,34.0,,,100.0,85.0,100.0,429.0,34,34,100,0,100,0,200,0,100.0,5260.0,100.0,32362359928.0,100.0,47339688778.0
2018-10-18,ZJV0080D,ST12000NM0007,12000138625024,0,83,183385000,96,0,100,4,100,0,87,543779304,94,5404,100,0,100,3,,,,,100.0,0.0,100.0,0.0,,,68.0,32.0,,,100.0,86.0,100.0,430.0,32,32,100,0,100,0,200,0,100.0,5281.0,100.0,32460294496.0,100.0,47557169338.0
2018-10-19,ZJV0080D,ST12000NM0007,12000138625024,0,75,34559896,96,0,100,4,100,0,87,546625369,94,5428,100,0,100,3,,,,,100.0,0.0,100.0,0.0,,,67.0,33.0,,,100.0,87.0,100.0,431.0,33,33,100,0,100,0,200,0,100.0,5305.0,100.0,32576585432.0,100.0,47780334618.0
2018-10-20,ZJV0080D,ST12000NM0007,12000138625024,0,82,147374264,96,0,100,4,100,0,87,550757285,94,5451,100,0,100,3,,,,,100.0,0.0,100.0,0.0,,,66.0,34.0,,,100.0,87.0,100.0,432.0,34,34,100,0,100,0,200,0,100.0,5328.0,100.0,32680403608.0,100.0,48033471994.0
2018-10-21,ZJV0080D,ST12000NM0007,12000138625024,0,74,23692712,96,0,100,4,100,0,87,556442931,94,5476,100,0,100,3,,,,,100.0,0.0,100.0,0.0,,,66.0,34.0,,,100.0,88.0,100.0,433.0,34,34,100,0,100,0,200,0,100.0,5353.0,100.0,32772325600.0,100.0,48306149714.0
2018-10-22,ZJV0080D,ST12000NM0007,12000138625024,0,80,104535264,96,0,100,4,100,0,87,559237734,94,5500,100,0,100,3,,,,,100.0,0.0,100.0,0.0,,,67.0,33.0,,,100.0,88.0,100.0,434.0,33,33,100,0,100,0,200,0,100.0,5376.0,100.0,32874653536.0,100.0,48528805066.0
2018-10-23,ZJV0080D,ST12000NM0007,12000138625024,0,82,167466656,96,0,100,4,100,0,87,561782388,94,5524,100,0,100,3,,,,,100.0,0.0,100.0,0.0,,,68.0,32.0,,,100.0,88.0,100.0,435.0,32,32,100,0,100,0,200,0,100.0,5400.0,100.0,32975532128.0,100.0,48734998730.0
2018-10-25,ZJV0080D,ST12000NM0007,12000138625024,0,83,192400048,96,0,100,4,100,0,88,568139529,94,5571,100,0,100,3,,,,,100.0,0.0,100.0,0.0,,,71.0,29.0,,,100.0,90.0,100.0,437.0,29,29,100,0,100,0,200,0,100.0,5447.0,100.0,33229429688.0,100.0,49238457370.0
2018-10-26,ZJV0080D,ST12000NM0007,12000138625024,0,77,50723360,96,0,100,4,100,0,88,570888347,94,5596,100,0,100,3,,,,,100.0,0.0,100.0,0.0,,,70.0,30.0,,,100.0,91.0,100.0,438.0,30,30,100,0,100,0,200,0,100.0,5472.0,100.0,33369803816.0,100.0,49444688570.0
2018-10-27,ZJV0080D,ST12000NM0007,12000138625024,0,81,139020592,96,0,100,4,100,0,88,574043051,94,5619,100,0,100,3,,,,,100.0,0.0,100.0,0.0,,,71.0,29.0,,,100.0,92.0,100.0,439.0,29,29,100,0,100,0,200,0,100.0,5495.0,100.0,33474396504.0,100.0,49672534122.0
2018-10-28,ZJV0080D,ST12000NM0007,12000138625024,0,83,189254384,96,0,100,4,100,0,88,576936494,94,5643,100,0,100,3,,,,,100.0,0.0,100.0,0.0,,,71.0,29.0,,,100.0,92.0,100.0,440.0,29,29,100,0,100,0,200,0,100.0,5519.0,100.0,33561737776.0,100.0,49879567378.0
2018-10-29,ZJV0080D,ST12000NM0007,12000138625024,0,84,224556688,96,0,100,4,100,0,88,579993459,94,5668,100,0,100,3,,,,,100.0,0.0,100.0,0.0,,,71.0,29.0,,,100.0,92.0,100.0,441.0,29,29,100,0,100,0,200,0,100.0,5544.0,100.0,33649920176.0,100.0,50070827914.0
2018-10-30,ZJV0080D,ST12000NM0007,12000138625024,0,80,93585976,96,0,100,4,100,0,88,583253947,94,5691,100,0,100,3,,,,,100.0,0.0,100.0,0.0,,,67.0,33.0,,,100.0,92.0,100.0,442.0,33,33,100,0,100,0,200,0,100.0,5567.0,100.0,33749705400.0,100.0,50328353826.0
2018-10-31,ZJV0080D,ST12000NM0007,12000138625024,0,83,196936248,96.0,0.0,100.0,4.0,100.0,0.0,88.0,585755515.0,94,5716,100.0,0.0,100,3,,,,,100.0,0.0,100.0,0.0,,,67.0,33.0,,,100.0,92.0,100.0,443.0,33,33,100.0,0.0,100.0,0.0,200.0,0.0,100.0,5592.0,100.0,33858979584.0,100.0,50566570618.0
2018-11-01,ZJV0080D,ST12000NM0007,12000138625024,0,76,39654344,96.0,0.0,100.0,4.0,100.0,0.0,88.0,588756177.0,94,5737,100.0,0.0,100,3,,,,,100.0,0.0,100.0,0.0,,,65.0,35.0,,,100.0,93.0,100.0,444.0,35,35,100.0,0.0,100.0,0.0,200.0,0.0,100.0,5613.0,100.0,33955688640.0,100.0,50800861114.0
2018-11-02,ZJV0080D,ST12000NM0007,12000138625024,0,80,107114528,96.0,0.0,100.0,4.0,100.0,0.0,88.0,591342872.0,94,5761,100.0,0.0,100,3,,,,,100.0,0.0,100.0,0.0,,,66.0,34.0,,,100.0,93.0,100.0,445.0,34,34,100.0,0.0,100.0,0.0,200.0,0.0,100.0,5637.0,100.0,34040360184.0,100.0,51027790530.0
2018-11-03,ZJV0080D,ST12000NM0007,12000138625024,0,83,199744944,96.0,0.0,100.0,4.0,100.0,0.0,88.0,594471813.0,94,5785,100.0,0.0,100,3,,,,,100.0,0.0,100.0,0.0,,,66.0,34.0,,,100.0,93.0,100.0,446.0,34,34,100.0,0.0,100.0,0.0,200.0,0.0,100.0,5660.0,100.0,34165324800.0,100.0,51239597026.0
2018-11-04,ZJV0080D,ST12000NM0007,12000138625024,0,80,93841064,96.0,0.0,100.0,4.0,100.0,0.0,88.0,597301210.0,94,5808,100.0,0.0,100,3,,,,,100.0,0.0,100.0,0.0,,,66.0,34.0,,,100.0,94.0,100.0,447.0,34,34,100.0,0.0,100.0,0.0,200.0,0.0,100.0,5684.0,100.0,34331287880.0,100.0,51456011634.0
2018-11-05,ZJV0080D,ST12000NM0007,12000138625024,0,70,10214296,96.0,0.0,100.0,4.0,100.0,0.0,88.0,600461696.0,94,5834,100.0,0.0,100,3,,,,,100.0,0.0,100.0,0.0,,,66.0,34.0,,,100.0,95.0,100.0,448.0,34,34,100.0,0.0,100.0,0.0,200.0,0.0,100.0,5709.0,100.0,34491473232.0,100.0,51700481026.0
2018-11-06,ZJV0080D,ST12000NM0007,12000138625024,0,78.0,59497808.0,96.0,0.0,100.0,4.0,100.0,0.0,88.0,602837446.0,94.0,5857.0,100.0,0.0,100.0,3.0,,,,,100.0,0.0,100.0,0.0,,,65.0,35.0,,,100.0,96.0,100.0,449.0,35.0,35.0,100.0,0.0,100.0,0.0,200.0,0.0,100.0,5732.0,100.0,34583414112.0,100.0,51901964482.0
2018-11-07,ZJV0080D,ST12000NM0007,12000138625024,0,81.0,121055192.0,96.0,0.0,100.0,4.0,100.0,0.0,88.0,605387469.0,94.0,5881.0,100.0,0.0,100.0,3.0,,,,,100.0,0.0,100.0,0.0,,,65.0,35.0,,,100.0,97.0,100.0,450.0,35.0,35.0,100.0,0.0,100.0,0.0,200.0,0.0,100.0,5757.0,100.0,34681086720.0,100.0,52109990090.0
2018-11-08,ZJV0080D,ST12000NM0007,12000138625024,0,71.0,12229968.0,96.0,0.0,100.0,4.0,100.0,0.0,88.0,608913330.0,94.0,5911.0,100.0,0.0,100.0,3.0,,,,,100.0,0.0,100.0,0.0,,,65.0,35.0,,,100.0,97.0,100.0,451.0,35.0,35.0,100.0,0.0,100.0,0.0,200.0,0.0,100.0,5786.0,100.0,34785241832.0,100.0,52385291386.0
2018-11-09,ZJV0080D,ST12000NM0007,12000138625024,0,82,146234440,96.0,0.0,100.0,4.0,100.0,0.0,88.0,612406718.0,94,5935,100.0,0.0,100,3,,,,,100.0,0.0,100.0,0.0,,,66.0,34.0,,,100.0,97.0,100.0,452.0,34,34,100.0,0.0,100.0,0.0,200.0,0.0,100.0,5810.0,100.0,34864752040.0,100.0,52683926450.0
2018-11-10,ZJV0080D,ST12000NM0007,12000138625024,0,83,207691584,96.0,0.0,100.0,4.0,100.0,0.0,88.0,614993876.0,94,5958,100.0,0.0,100,3,,,,,100.0,0.0,100.0,0.0,,,66.0,34.0,,,100.0,98.0,100.0,453.0,34,34,100.0,0.0,100.0,0.0,200.0,0.0,100.0,5833.0,100.0,34933672352.0,100.0,52920603962.0
2018-11-11,ZJV0080D,ST12000NM0007,12000138625024,0,66,3900928,96.0,0.0,100.0,4.0,100.0,0.0,88.0,617392333.0,94,5982,100.0,0.0,100,3,,,,,100.0,0.0,100.0,0.0,,,65.0,35.0,,,100.0,99.0,100.0,454.0,35,35,100.0,0.0,100.0,0.0,200.0,0.0,100.0,5857.0,100.0,34984931720.0,100.0,53153835450.0
2018-11-12,ZJV0080D,ST12000NM0007,12000138625024,0,75,30231168,96.0,0.0,100.0,4.0,100.0,0.0,88.0,619724569.0,94,6007,100.0,0.0,100,3,,,,,100.0,0.0,100.0,0.0,,,66.0,34.0,,,100.0,100.0,100.0,455.0,34,34,100.0,0.0,100.0,0.0,200.0,0.0,100.0,5881.0,100.0,35035425808.0,100.0,53373812314.0
2018-11-13,ZJV0080D,ST12000NM0007,12000138625024,0,76,41978552,96.0,0.0,100.0,4.0,100.0,0.0,88.0,621873224.0,94,6030,100.0,0.0,100,3,,,,,100.0,0.0,100.0,0.0,,,69.0,31.0,,,100.0,101.0,100.0,456.0,31,31,100.0,0.0,100.0,0.0,200.0,0.0,100.0,5905.0,100.0,35090987200.0,100.0,53574139042.0
2018-11-14,ZJV0080D,ST12000NM0007,12000138625024,0,78,57860528,96.0,0.0,100.0,4.0,100.0,0.0,88.0,623870649.0,94,6054,100.0,0.0,100,3,,,,,100.0,0.0,100.0,0.0,,,69.0,31.0,,,100.0,101.0,100.0,457.0,31,31,100.0,0.0,100.0,0.0,200.0,0.0,100.0,5928.0,100.0,35148829248.0,100.0,53776319642.0
2018-11-15,ZJV0080D,ST12000NM0007,12000138625024,0,81,129248424,96.0,0.0,100.0,4.0,100.0,0.0,88.0,626593301.0,94,6078,100.0,0.0,100,3,,,,,100.0,0.0,100.0,0.0,,,67.0,33.0,,,100.0,102.0,100.0,458.0,33,33,100.0,0.0,100.0,0.0,200.0,0.0,100.0,5952.0,100.0,35209052512.0,100.0,54031625026.0
2018-11-16,ZJV0080D,ST12000NM0007,12000138625024,0,80,102555048,96.0,0.0,100.0,4.0,100.0,0.0,88.0,628589171.0,94,6102,100.0,0.0,100,3,,,,,100.0,0.0,100.0,0.0,,,67.0,33.0,,,100.0,103.0,100.0,459.0,33,33,100.0,0.0,100.0,0.0,200.0,0.0,100.0,5976.0,100.0,35273014728.0,100.0,54185110330.0
2018-11-17,ZJV0080D,ST12000NM0007,12000138625024,0,82.0,150651768.0,96.0,0.0,100.0,4.0,100.0,0.0,88.0,631445141.0,94.0,6127.0,100.0,0.0,100.0,3.0,,,,,100.0,0.0,100.0,0.0,,,67.0,33.0,,,100.0,104.0,100.0,460.0,33.0,33.0,100.0,0.0,100.0,0.0,200.0,0.0,100.0,6001.0,100.0,35337513440.0,100.0,54412849074.0
2018-11-18,ZJV0080D,ST12000NM0007,12000138625024,0,83,206533264,96.0,0.0,100.0,4.0,100.0,0.0,88.0,634297671.0,93,6150,100.0,0.0,100,3,,,,,100.0,0.0,100.0,0.0,,,66.0,34.0,,,100.0,104.0,100.0,461.0,34,34,100.0,0.0,100.0,0.0,200.0,0.0,100.0,6025.0,100.0,35407187688.0,100.0,54643196978.0
2018-11-19,ZJV0080D,ST12000NM0007,12000138625024,0,77,50689720,96.0,0.0,100.0,4.0,100.0,0.0,88.0,636382944.0,93,6174,100.0,0.0,100,3,,,,,100.0,0.0,100.0,0.0,,,68.0,32.0,,,100.0,105.0,100.0,462.0,32,32,100.0,0.0,100.0,0.0,200.0,0.0,100.0,6048.0,100.0,35449319288.0,100.0,54933503426.0
2018-11-20,ZJV0080D,ST12000NM0007,12000138625024,0,80,91890576,96.0,0.0,100.0,4.0,100.0,0.0,88.0,638589485.0,93,6199,100.0,0.0,100,3,,,,,100.0,0.0,100.0,0.0,,,66.0,34.0,,,100.0,105.0,100.0,463.0,34,34,100.0,0.0,100.0,0.0,200.0,0.0,100.0,6073.0,100.0,35509398664.0,100.0,55158765746.0
2018-11-21,ZJV0080D,ST12000NM0007,12000138625024,0,80,96805272,96.0,0.0,100.0,4.0,100.0,0.0,88.0,640540092.0,93,6222,100.0,0.0,100,3,,,,,100.0,0.0,100.0,0.0,,,66.0,34.0,,,100.0,106.0,100.0,464.0,34,34,100.0,0.0,100.0,0.0,200.0,0.0,100.0,6096.0,100.0,35586210312.0,100.0,55331009466.0
2018-11-22,ZJV0080D,ST12000NM0007,12000138625024,0,82,171709648,96.0,0.0,100.0,4.0,100.0,0.0,88.0,643519973.0,93,6246,100.0,0.0,100,3,,,,,100.0,0.0,100.0,0.0,,,67.0,33.0,,,100.0,106.0,100.0,465.0,33,33,100.0,0.0,100.0,0.0,200.0,0.0,100.0,6120.0,100.0,35665938496.0,100.0,55570326466.0
2018-11-23,ZJV0080D,ST12000NM0007,12000138625024,0,82,171238944,96.0,0.0,100.0,4.0,100.0,0.0,88.0,645592154.0,93,6270,100.0,0.0,100,3,,,,,100.0,0.0,100.0,0.0,,,66.0,34.0,,,100.0,106.0,100.0,466.0,34,34,100.0,0.0,100.0,0.0,200.0,0.0,100.0,6144.0,100.0,35729918856.0,100.0,55750016242.0
2018-11-24,ZJV0080D,ST12000NM0007,12000138625024,0,83,222112640,96.0,0.0,100.0,4.0,100.0,0.0,88.0,648519746.0,93,6295,100.0,0.0,100,3,,,,,100.0,0.0,100.0,0.0,,,67.0,33.0,,,100.0,106.0,100.0,467.0,33,33,100.0,0.0,100.0,0.0,200.0,0.0,100.0,6168.0,100.0,35793367560.0,100.0,55981582018.0
2018-11-25,ZJV0080D,ST12000NM0007,12000138625024,0,83,212762992,96.0,0.0,100.0,4.0,100.0,0.0,88.0,650492572.0,93,6318,100.0,0.0,100,3,,,,,100.0,0.0,100.0,0.0,,,66.0,34.0,,,100.0,106.0,100.0,468.0,34,34,100.0,0.0,100.0,0.0,200.0,0.0,100.0,6191.0,100.0,35855541176.0,100.0,56154199666.0
2018-11-26,ZJV0080D,ST12000NM0007,12000138625024,0,84,230167200,96.0,0.0,100.0,4.0,100.0,0.0,88.0,652405501.0,93,6342,100.0,0.0,100,3,,,,,100.0,0.0,100.0,0.0,,,67.0,33.0,,,100.0,106.0,100.0,469.0,33,33,100.0,0.0,100.0,0.0,200.0,0.0,100.0,6215.0,100.0,35909713776.0,100.0,56361572026.0
2018-11-27,ZJV0080D,ST12000NM0007,12000138625024,0,100,2203448,96.0,0.0,100.0,4.0,100.0,0.0,88.0,655393818.0,93,6366,100.0,0.0,100,3,,,,,100.0,0.0,100.0,0.0,,,67.0,33.0,,,100.0,107.0,100.0,470.0,33,33,100.0,0.0,100.0,0.0,200.0,0.0,100.0,6239.0,100.0,35986602032.0,100.0,56545001498.0
2018-11-28,ZJV0080D,ST12000NM0007,12000138625024,0,78,64291384,96.0,0.0,100.0,4.0,100.0,0.0,88.0,657783996.0,93,6390,100.0,0.0,100,3,,,,,100.0,0.0,100.0,0.0,,,67.0,33.0,,,100.0,108.0,100.0,471.0,33,33,100.0,0.0,100.0,0.0,200.0,0.0,100.0,6263.0,100.0,36066440064.0,100.0,56771392154.0
2018-11-29,ZJV0080D,ST12000NM0007,12000138625024,0,82,165397624,96.0,0.0,100.0,4.0,100.0,0.0,88.0,660875373.0,93,6414,100.0,0.0,100,3,,,,,100.0,0.0,100.0,0.0,,,67.0,33.0,,,100.0,108.0,100.0,472.0,33,33,100.0,0.0,100.0,0.0,200.0,0.0,100.0,6287.0,100.0,36193677432.0,100.0,56989401722.0
2018-11-30,ZJV0080D,ST12000NM0007,12000138625024,0,82,176837304,96.0,0.0,100.0,4.0,100.0,0.0,88.0,663168366.0,93,6438,100.0,0.0,100,3,,,,,100.0,0.0,100.0,0.0,,,67.0,33.0,,,100.0,108.0,100.0,473.0,33,33,100.0,0.0,100.0,0.0,200.0,0.0,100.0,6311.0,100.0,36274505696.0,100.0,57164153770.0
2018-12-01,ZJV0080D,ST12000NM0007,12000138625024,0,75,34545072,96.0,0.0,100.0,4.0,100.0,0.0,88.0,666379397.0,93,6463,100.0,0.0,100,3,,,,,100.0,0.0,100.0,0.0,,,67.0,33.0,,,100.0,109.0,100.0,474.0,33,33,100.0,0.0,100.0,0.0,200.0,0.0,100.0,6336.0,100.0,36362734920.0,100.0,57421913770.0
2018-12-02,ZJV0080D,ST12000NM0007,12000138625024,0,79,86466216,96.0,0.0,100.0,4.0,100.0,0.0,88.0,668800438.0,93,6487,100.0,0.0,100,3,,,,,100.0,0.0,100.0,0.0,,,66.0,34.0,,,100.0,109.0,100.0,475.0,34,34,100.0,0.0,100.0,0.0,200.0,0.0,100.0,6359.0,100.0,36425986792.0,100.0,57654724034.0
2018-12-03,ZJV0080D,ST12000NM0007,12000138625024,0,82,157681016,96.0,0.0,100.0,4.0,100.0,0.0,88.0,671430158.0,93,6510,100.0,0.0,100,3,,,,,100.0,0.0,100.0,0.0,,,66.0,34.0,,,100.0,109.0,100.0,476.0,34,34,100.0,0.0,100.0,0.0,200.0,0.0,100.0,6383.0,100.0,36501849928.0,100.0,57894216354.0
2018-12-04,ZJV0080D,ST12000NM0007,12000138625024,0,83,181970640,96.0,0.0,100.0,4.0,100.0,0.0,88.0,673750492.0,93,6532,100.0,0.0,100,3,,,,,100.0,0.0,100.0,0.0,,,66.0,34.0,,,100.0,110.0,100.0,477.0,34,34,100.0,0.0,100.0,0.0,200.0,0.0,100.0,6405.0,100.0,36579827736.0,100.0,58084668826.0
2018-12-05,ZJV0080D,ST12000NM0007,12000138625024,0,100.0,827048.0,96.0,0.0,100.0,4.0,100.0,0.0,88.0,676286488.0,93.0,6556.0,100.0,0.0,100.0,3.0,,,,,100.0,0.0,100.0,0.0,,,66.0,34.0,,,100.0,111.0,100.0,478.0,34.0,34.0,100.0,0.0,100.0,0.0,200.0,0.0,100.0,6429.0,100.0,36660309608.0,100.0,58311324730.0
2018-12-06,ZJV0080D,ST12000NM0007,12000138625024,0,81,130784632,96.0,0.0,100.0,4.0,100.0,0.0,88.0,679726638.0,93,6584,100.0,0.0,100,3,,,,,100.0,0.0,100.0,0.0,,,63.0,37.0,,,100.0,112.0,100.0,479.0,37,37,100.0,0.0,100.0,0.0,200.0,0.0,100.0,6456.0,100.0,36732964824.0,100.0,58612767738.0
2018-12-07,ZJV0080D,ST12000NM0007,12000138625024,0,82,164280680,96.0,0.0,100.0,4.0,100.0,0.0,88.0,682686077.0,93,6607,100.0,0.0,100,3,,,,,100.0,0.0,100.0,0.0,,,64.0,36.0,,,100.0,113.0,100.0,480.0,36,36,100.0,0.0,100.0,0.0,200.0,0.0,100.0,6480.0,100.0,36790634880.0,100.0,58832734730.0
2018-12-08,ZJV0080D,ST12000NM0007,12000138625024,0,84,226334440,96.0,0.0,100.0,4.0,100.0,0.0,88.0,686208253.0,93,6632,100.0,0.0,100,3,,,,,100.0,0.0,100.0,0.0,,,68.0,32.0,,,100.0,113.0,100.0,481.0,32,32,100.0,0.0,100.0,0.0,200.0,0.0,100.0,6505.0,100.0,36858001032.0,100.0,59071563130.0
2018-12-09,ZJV0080D,ST12000NM0007,12000138625024,0,83,213288440,96.0,0.0,100.0,4.0,100.0,0.0,88.0,688387883.0,93,6656,100.0,0.0,100,3,,,,,100.0,0.0,100.0,0.0,,,69.0,31.0,,,100.0,114.0,100.0,482.0,31,31,100.0,0.0,100.0,0.0,200.0,0.0,100.0,6528.0,100.0,36926926392.0,100.0,59233732570.0
2018-12-10,ZJV0080D,ST12000NM0007,12000138625024,0,77,47131960,96.0,0.0,100.0,4.0,100.0,0.0,88.0,690875135.0,93,6680,100.0,0.0,100,3,,,,,100.0,0.0,100.0,0.0,,,69.0,31.0,,,100.0,114.0,100.0,483.0,31,31,100.0,0.0,100.0,0.0,200.0,0.0,100.0,6552.0,100.0,37012285088.0,100.0,59470498978.0
2018-12-11,ZJV0080D,ST12000NM0007,12000138625024,0,84,243752272,96.0,0.0,100.0,4.0,100.0,0.0,88.0,692525316.0,93,6696,100.0,0.0,100,3,,,,,100.0,0.0,100.0,0.0,,,71.0,29.0,,,100.0,115.0,100.0,484.0,29,29,100.0,0.0,100.0,0.0,200.0,0.0,100.0,6568.0,100.0,37069289112.0,100.0,59610115266.0
2018-12-12,ZJV0080D,ST12000NM0007,12000138625024,0,77,45360880,96.0,0.0,100.0,4.0,100.0,0.0,88.0,695222109.0,93,6720,100.0,0.0,100,3,,,,,100.0,0.0,100.0,0.0,,,70.0,30.0,,,100.0,115.0,100.0,491.0,30,30,100.0,0.0,100.0,0.0,200.0,0.0,100.0,6591.0,100.0,37179226496.0,100.0,59790068076.0
2018-12-13,ZJV0080D,ST12000NM0007,12000138625024,0,83,222726152,96.0,0.0,100.0,4.0,100.0,0.0,88.0,699116095.0,93,6745,100.0,0.0,100,3,,,,,100.0,0.0,100.0,0.0,,,70.0,30.0,,,100.0,116.0,100.0,492.0,30,30,100.0,0.0,100.0,0.0,200.0,0.0,100.0,6615.0,100.0,37301621312.0,100.0,60089179356.0
2018-12-14,ZJV0080D,ST12000NM0007,12000138625024,0,77,52398912,96.0,0.0,100.0,4.0,100.0,0.0,88.0,701912540.0,93,6770,100.0,0.0,100,3,,,,,100.0,0.0,100.0,0.0,,,70.0,30.0,,,100.0,116.0,100.0,493.0,30,30,100.0,0.0,100.0,0.0,200.0,0.0,100.0,6640.0,100.0,37396624072.0,100.0,60312130892.0
2018-12-15,ZJV0080D,ST12000NM0007,12000138625024,0,82,168602344,96.0,0.0,100.0,4.0,100.0,0.0,88.0,706015712.0,93,6794,100.0,0.0,100,3,,,,,100.0,0.0,100.0,0.0,,,70.0,30.0,,,100.0,117.0,100.0,494.0,30,30,100.0,0.0,100.0,0.0,200.0,0.0,100.0,6664.0,100.0,37533866760.0,100.0,60535232268.0
2018-12-16,ZJV0080D,ST12000NM0007,12000138625024,0,84,231915528,96.0,0.0,100.0,4.0,100.0,0.0,89.0,708979119.0,93,6816,100.0,0.0,100,3,,,,,100.0,0.0,100.0,0.0,,,70.0,30.0,,,100.0,117.0,100.0,495.0,30,30,100.0,0.0,100.0,0.0,200.0,0.0,100.0,6686.0,100.0,37641307408.0,100.0,60735245444.0
2018-12-17,ZJV0080D,ST12000NM0007,12000138625024,0,81,131000048,96.0,0.0,100.0,4.0,100.0,0.0,89.0,713387804.0,93,6840,100.0,0.0,100,3,,,,,100.0,0.0,100.0,0.0,,,70.0,30.0,,,100.0,117.0,100.0,496.0,30,30,100.0,0.0,100.0,0.0,200.0,0.0,100.0,6710.0,100.0,37761887240.0,100.0,61002031916.0
2018-12-18,ZJV0080D,ST12000NM0007,12000138625024,0,83,211834816,96.0,0.0,100.0,4.0,100.0,0.0,89.0,716744700.0,93,6864,100.0,0.0,100,3,,,,,100.0,0.0,100.0,0.0,,,67.0,33.0,,,100.0,118.0,100.0,497.0,33,33,100.0,0.0,100.0,0.0,200.0,0.0,100.0,6734.0,100.0,37865339112.0,100.0,61223556132.0
2018-12-19,ZJV0080D,ST12000NM0007,12000138625024,0,75,32735952,96.0,0.0,100.0,4.0,100.0,0.0,89.0,719746901.0,93,6889,100.0,0.0,100,3,,,,,100.0,0.0,100.0,0.0,,,67.0,33.0,,,100.0,119.0,100.0,498.0,33,33,100.0,0.0,100.0,0.0,200.0,0.0,100.0,6759.0,100.0,37945135680.0,100.0,61452941996.0
2018-12-20,ZJV0080D,ST12000NM0007,12000138625024,0,80,100348696,96.0,0.0,100.0,4.0,100.0,0.0,89.0,723017164.0,93,6913,100.0,0.0,100,3,,,,,100.0,0.0,100.0,0.0,,,70.0,30.0,,,100.0,121.0,100.0,500.0,30,30,100.0,0.0,100.0,0.0,200.0,0.0,100.0,6783.0,100.0,38029537832.0,100.0,61680293540.0
2018-12-21,ZJV0080D,ST12000NM0007,12000138625024,0,82,149224960,96.0,0.0,100.0,4.0,100.0,0.0,89.0,725497299.0,93,6937,100.0,0.0,100,3,,,,,100.0,0.0,100.0,0.0,,,69.0,31.0,,,100.0,122.0,100.0,501.0,31,31,100.0,0.0,100.0,0.0,200.0,0.0,100.0,6807.0,100.0,38095033392.0,100.0,61907815124.0
2018-12-22,ZJV0080D,ST12000NM0007,12000138625024,0,83,202976688,96.0,0.0,100.0,4.0,100.0,0.0,89.0,729014198.0,93,6961,100.0,0.0,100,3,,,,,100.0,0.0,100.0,0.0,,,70.0,30.0,,,100.0,122.0,100.0,501.0,30,30,100.0,0.0,100.0,0.0,200.0,0.0,100.0,6831.0,100.0,38172333344.0,100.0,62128407596.0
2018-12-23,ZJV0080D,ST12000NM0007,12000138625024,0,83,194825600,96.0,0.0,100.0,4.0,100.0,0.0,89.0,731457736.0,93,6984,100.0,0.0,100,3,,,,,100.0,0.0,100.0,0.0,,,70.0,30.0,,,100.0,122.0,100.0,502.0,30,30,100.0,0.0,100.0,0.0,200.0,0.0,100.0,6853.0,100.0,38252613240.0,100.0,62284117348.0
2018-12-24,ZJV0080D,ST12000NM0007,12000138625024,0,72,15526152,96.0,0.0,100.0,4.0,100.0,0.0,89.0,735109655.0,92,7010,100.0,0.0,100,3,,,,,100.0,0.0,100.0,0.0,,,70.0,30.0,,,100.0,122.0,100.0,503.0,30,30,100.0,0.0,100.0,0.0,200.0,0.0,100.0,6879.0,100.0,38350661984.0,100.0,62495050708.0
2018-12-25,ZJV0080D,ST12000NM0007,12000138625024,0,84,238699024,96.0,0.0,100.0,4.0,100.0,0.0,89.0,737716975.0,92,7034,100.0,0.0,100,3,,,,,100.0,0.0,100.0,0.0,,,70.0,30.0,,,100.0,122.0,100.0,504.0,30,30,100.0,0.0,100.0,0.0,200.0,0.0,100.0,6903.0,100.0,38407088312.0,100.0,62661797252.0
2018-12-26,ZJV0080D,ST12000NM0007,12000138625024,0,83,209680912,96.0,0.0,100.0,4.0,100.0,0.0,89.0,740004250.0,92,7057,100.0,0.0,100,3,,,,,100.0,0.0,100.0,0.0,,,70.0,30.0,,,100.0,123.0,100.0,505.0,30,30,100.0,0.0,100.0,0.0,200.0,0.0,100.0,6926.0,100.0,38460829776.0,100.0,62823178612.0
2018-12-27,ZJV0080D,ST12000NM0007,12000138625024,0,73,20838720,94.0,0.0,100.0,5.0,100.0,0.0,89.0,743256052.0,92,7081,100.0,0.0,100,4,,,,,100.0,0.0,100.0,0.0,,,70.0,30.0,,,100.0,123.0,100.0,508.0,30,30,100.0,0.0,100.0,0.0,200.0,0.0,100.0,6950.0,100.0,38525978840.0,100.0,63057468918.0
2018-12-28,ZJV0080D,ST12000NM0007,12000138625024,0,79,75568632,94.0,0.0,100.0,5.0,100.0,0.0,89.0,746449609.0,92,7105,100.0,0.0,100,4,,,,,100.0,0.0,100.0,0.0,,,70.0,30.0,,,100.0,124.0,100.0,509.0,30,30,100.0,0.0,100.0,0.0,200.0,0.0,100.0,6974.0,100.0,38619088344.0,100.0,63263230110.0
2018-12-29,ZJV0080D,ST12000NM0007,12000138625024,0,80,101131504,94.0,0.0,100.0,5.0,100.0,0.0,89.0,750182117.0,92,7128,100.0,0.0,100,4,,,,,100.0,0.0,100.0,0.0,,,70.0,30.0,,,100.0,125.0,100.0,510.0,30,30,100.0,0.0,100.0,0.0,200.0,0.0,100.0,6997.0,100.0,38699827928.0,100.0,63452194350.0
2018-12-30,ZJV0080D,ST12000NM0007,12000138625024,0,77,50996480,94.0,0.0,100.0,5.0,100.0,0.0,89.0,752183616.0,92,7153,100.0,0.0,100,4,,,,,100.0,0.0,100.0,0.0,,,70.0,30.0,,,100.0,125.0,100.0,511.0,30,30,100.0,0.0,100.0,0.0,200.0,0.0,100.0,7022.0,100.0,38760731632.0,100.0,63585296446.0
2018-12-31,ZJV0080D,ST12000NM0007,12000138625024,0,75,30491472,94.0,0.0,100.0,5.0,100.0,0.0,89.0,754106517.0,92,7176,100.0,0.0,100,4,,,,,100.0,0.0,100.0,0.0,,,70.0,30.0,,,100.0,126.0,100.0,512.0,30,30,100.0,0.0,100.0,0.0,200.0,0.0,100.0,7045.0,100.0,38819469200.0,100.0,63750194574.0
