2019-01-01,ZCH089YL,ST12000NM0007,12000138625024,0,83,201325848,94.0,0.0,100.0,5.0,100.0,0.0,90.0,991614448.0,89,9881,100.0,0.0,100,4,,,,,100.0,0.0,100.0,0.0,,,62.0,38.0,,,100.0,108.0,99.0,2522.0,38,38,100.0,0.0,100.0,0.0,200.0,0.0,100.0,9039.0,100.0,45623153704.0,100.0,76649126024.0
2019-01-02,ZCH089YL,ST12000NM0007,12000138625024,0,83,207432840,94.0,0.0,100.0,5.0,100.0,0.0,90.0,993569211.0,89,9904,100.0,0.0,100,4,,,,,100.0,0.0,100.0,0.0,,,62.0,38.0,,,100.0,109.0,99.0,2523.0,38,38,100.0,0.0,100.0,0.0,200.0,0.0,100.0,9063.0,100.0,45687186888.0,100.0,76835340488.0
2019-01-03,ZCH089YL,ST12000NM0007,12000138625024,0,83.0,188052800.0,94.0,0.0,100.0,5.0,100.0,0.0,90.0,996118876.0,89.0,9929.0,100.0,0.0,100.0,4.0,,,,,100.0,0.0,100.0,0.0,,,62.0,38.0,,,100.0,110.0,99.0,2524.0,38.0,38.0,100.0,0.0,100.0,0.0,200.0,0.0,100.0,9087.0,100.0,45776726424.0,100.0,76970561560.0
2019-01-04,ZCH089YL,ST12000NM0007,12000138625024,0,83,192070376,94.0,0.0,100.0,5.0,100.0,0.0,90.0,998233308.0,89,9953,100.0,0.0,100,4,,,,,100.0,0.0,100.0,0.0,,,62.0,38.0,,,100.0,110.0,99.0,2525.0,38,38,100.0,0.0,100.0,0.0,200.0,0.0,100.0,9111.0,100.0,45854973400.0,100.0,77140472824.0
2019-01-05,ZCH089YL,ST12000NM0007,12000138625024,0,83,190101128,94.0,0.0,100.0,5.0,100.0,0.0,90.0,257228.0,89,9976,100.0,0.0,100,4,,,,,100.0,0.0,100.0,0.0,,,62.0,38.0,,,100.0,110.0,99.0,2526.0,38,38,100.0,0.0,100.0,0.0,200.0,0.0,100.0,9134.0,100.0,45918871248.0,100.0,77318746984.0
2019-01-06,ZCH089YL,ST12000NM0007,12000138625024,0,82,176175568,94.0,0.0,100.0,5.0,100.0,0.0,64.0,2291896.0,89,10001,100.0,0.0,100,4,,,,,100.0,0.0,100.0,0.0,,,62.0,38.0,,,100.0,111.0,99.0,2527.0,38,38,100.0,0.0,100.0,0.0,200.0,0.0,100.0,9159.0,100.0,45981727088.0,100.0,77486106272.0
2019-01-07,ZCH089YL,ST12000NM0007,12000138625024,0,100,1414064,94.0,0.0,100.0,5.0,100.0,0.0,67.0,4958801.0,89,10025,100.0,0.0,100,4,,,,,100.0,0.0,100.0,0.0,,,62.0,38.0,,,100.0,111.0,99.0,2528.0,38,38,100.0,0.0,100.0,0.0,200.0,0.0,100.0,9182.0,100.0,46056657680.0,100.0,77724695704.0
2019-01-08,ZCH089YL,ST12000NM0007,12000138625024,0,83,220883096,94.0,0.0,100.0,5.0,100.0,0.0,68.0,6877663.0,89,10048,100.0,0.0,100,4,,,,,100.0,0.0,100.0,0.0,,,62.0,38.0,,,100.0,111.0,99.0,2529.0,38,38,100.0,0.0,100.0,0.0,200.0,0.0,100.0,9206.0,100.0,46140026664.0,100.0,77860795752.0
2019-01-09,ZCH089YL,ST12000NM0007,12000138625024,0,71,13141376,94.0,0.0,100.0,5.0,100.0,0.0,70.0,10009386.0,89,10072,100.0,0.0,100,4,,,,,100.0,0.0,100.0,0.0,,,62.0,38.0,,,100.0,112.0,99.0,2530.0,38,38,100.0,0.0,100.0,0.0,200.0,0.0,100.0,9229.0,100.0,46228716792.0,100.0,78052646080.0
2019-01-10,ZCH089YL,ST12000NM0007,12000138625024,0,83,181059136,94.0,0.0,100.0,5.0,100.0,0.0,71.0,11820259.0,89,10090,100.0,0.0,100,4,,,,,100.0,0.0,100.0,0.0,,,62.0,38.0,,,100.0,113.0,99.0,2531.0,38,38,100.0,0.0,100.0,0.0,200.0,0.0,100.0,9247.0,100.0,46277108960.0,100.0,78172171672.0
2019-01-11,ZCH089YL,ST12000NM0007,12000138625024,0,76.0,42099944.0,94.0,0.0,100.0,5.0,100.0,0.0,71.0,12751638.0,89.0,10101.0,100.0,0.0,100.0,4.0,,,,,100.0,0.0,100.0,0.0,,,62.0,38.0,,,100.0,113.0,99.0,2531.0,38.0,38.0,100.0,0.0,100.0,0.0,200.0,0.0,100.0,9258.0,100.0,46308619720.0,100.0,78245842640.0
2019-01-12,ZCH089YL,ST12000NM0007,12000138625024,0,79,76418192,94.0,0.0,100.0,5.0,100.0,0.0,72.0,15277218.0,89,10133,100.0,0.0,100,4,,,,,100.0,0.0,100.0,0.0,,,62.0,38.0,,,100.0,114.0,99.0,2532.0,38,38,100.0,0.0,100.0,0.0,200.0,0.0,100.0,9290.0,100.0,46402184928.0,100.0,78430736408.0
2019-01-13,ZCH089YL,ST12000NM0007,12000138625024,0,83,207301528,94.0,0.0,100.0,5.0,100.0,0.0,72.0,16450405.0,89,10149,100.0,0.0,100,4,,,,,100.0,0.0,100.0,0.0,,,62.0,38.0,,,100.0,115.0,99.0,2533.0,38,38,100.0,0.0,100.0,0.0,200.0,0.0,100.0,9306.0,100.0,46439471432.0,100.0,78524333240.0
2019-01-14,ZCH089YL,ST12000NM0007,12000138625024,0,74,24935800,94.0,0.0,100.0,5.0,100.0,0.0,73.0,18847456.0,89,10180,100.0,0.0,100,4,,,,,100.0,0.0,100.0,0.0,,,62.0,38.0,,,100.0,116.0,99.0,2534.0,38,38,100.0,0.0,100.0,0.0,200.0,0.0,100.0,9337.0,100.0,46520200376.0,100.0,78749519960.0
2019-01-15,ZCH089YL,ST12000NM0007,12000138625024,0,84.0,226828616.0,94.0,0.0,100.0,5.0,100.0,0.0,73.0,20602545.0,89.0,10196.0,100.0,0.0,100.0,4.0,,,,,100.0,0.0,100.0,0.0,,,62.0,38.0,,,100.0,117.0,99.0,2535.0,38.0,38.0,100.0,0.0,100.0,0.0,200.0,0.0,100.0,9353.0,100.0,46569801880.0,100.0,78901811272.0
2019-01-16,ZCH089YL,ST12000NM0007,12000138625024,0,74,24366632,94.0,0.0,100.0,5.0,100.0,0.0,74.0,23244342.0,89,10228,100.0,0.0,100,4,,,,,100.0,0.0,100.0,0.0,,,61.0,39.0,,,100,118,99.0,2537.0,39,39,100.0,0.0,100.0,0.0,200.0,0.0,100.0,9384.0,100.0,46646196800.0,100.0,79111235720.0
2019-01-17,ZCH089YL,ST12000NM0007,12000138625024,0,83,200295080,94.0,0.0,100.0,5.0,100.0,0.0,74.0,24957154.0,89,10244,100.0,0.0,100,4,,,,,100.0,0.0,100.0,0.0,,,62.0,38.0,,,100,118,99.0,2537.0,38,38,100.0,0.0,100.0,0.0,200.0,0.0,100.0,9400.0,100.0,46702029016.0,100.0,79231331952.0
2019-01-18,ZCH089YL,ST12000NM0007,12000138625024,0,77,50367080,94.0,0.0,100.0,5.0,100.0,0.0,74.0,27833196.0,89,10275,100.0,0.0,100,4,,,,,100.0,0.0,100.0,0.0,,,62.0,38.0,,,100,120,99.0,2539.0,38,38,100.0,0.0,100.0,0.0,200.0,0.0,100.0,9432.0,100.0,46800595816.0,100.0,79471119008.0
2019-01-19,ZCH089YL,ST12000NM0007,12000138625024,0,83,217129192,94.0,0.0,100.0,5.0,100.0,0.0,75.0,29529179.0,89,10291,100.0,0.0,100,4,,,,,100.0,0.0,100.0,0.0,,,62.0,38.0,,,100,120,99.0,2539.0,38,38,100.0,0.0,100.0,0.0,200.0,0.0,100.0,9448.0,100.0,46853181136.0,100.0,79585295800.0
2019-01-20,ZCH089YL,ST12000NM0007,12000138625024,0,80,109670088,94.0,0.0,100.0,5.0,100.0,0.0,75.0,33700798.0,89,10323,100.0,0.0,100,4,,,,,100.0,0.0,100.0,0.0,,,62.0,38.0,,,100,121,99.0,2541.0,38,38,100.0,0.0,100.0,0.0,200.0,0.0,100.0,9480.0,100.0,46956449480.0,100.0,79862850064.0
2019-01-21,ZCH089YL,ST12000NM0007,12000138625024,0,70,11051424,94.0,0.0,100.0,5.0,100.0,0.0,75.0,35029892.0,89,10339,100.0,0.0,100,4,,,,,100.0,0.0,100.0,0.0,,,62.0,38.0,,,100,121,99.0,2541.0,38,38,100.0,0.0,100.0,0.0,200.0,0.0,100.0,9496.0,100.0,46994803008.0,100.0,79970018552.0
2019-01-22,ZCH089YL,ST12000NM0007,12000138625024,0,76.0,40088168.0,94.0,0.0,100.0,5.0,100.0,0.0,76.0,38039927.0,89.0,10370.0,100.0,0.0,100.0,4.0,,,,,100.0,0.0,100.0,0.0,,,62.0,38.0,,,100.0,122.0,99.0,2542.0,38.0,38.0,100.0,0.0,100.0,0.0,200.0,0.0,100.0,9527.0,100.0,47088764920.0,100.0,80149234152.0
2019-01-23,ZCH089YL,ST12000NM0007,12000138625024,0,80.0,93135160.0,94.0,0.0,100.0,5.0,100.0,0.0,76.0,40952757.0,89.0,10402.0,100.0,0.0,100.0,4.0,,,,,100.0,0.0,100.0,0.0,,,62.0,38.0,,,100.0,124.0,99.0,2544.0,38.0,38.0,100.0,0.0,100.0,0.0,200.0,0.0,100.0,9559.0,100.0,47175363168.0,100.0,80359823680.0
2019-01-24,ZCH089YL,ST12000NM0007,12000138625024,0,76.0,40895008.0,94.0,0.0,100.0,5.0,100.0,0.0,76.0,42947085.0,89.0,10418.0,100.0,0.0,100.0,4.0,,,,,100.0,0.0,100.0,0.0,,,62.0,38.0,,,100.0,124.0,99.0,2544.0,38.0,38.0,100.0,0.0,100.0,0.0,200.0,0.0,100.0,9574.0,100.0,47234318456.0,100.0,80492768984.0
2019-01-25,ZCH089YL,ST12000NM0007,12000138625024,0,81,134048264,94.0,0.0,100.0,5.0,100.0,0.0,77.0,46036892.0,89,10450,100.0,0.0,100,4,,,,,100.0,0.0,100.0,0.0,,,61.0,39.0,,,100,125,99.0,2546.0,39,39,100.0,0.0,100.0,0.0,200.0,0.0,100.0,9606.0,100.0,47323358400.0,100.0,80741023104.0
2019-01-26,ZCH089YL,ST12000NM0007,12000138625024,0,78,58106496,94.0,0.0,100.0,5.0,100.0,0.0,77.0,47601783.0,89,10465,100.0,0.0,100,4,,,,,100.0,0.0,100.0,0.0,,,62.0,38.0,,,100,125,99.0,2546.0,38,38,100.0,0.0,100.0,0.0,200.0,0.0,100.0,9622.0,100.0,47365556504.0,100.0,80867024432.0
2019-01-27,ZCH089YL,ST12000NM0007,12000138625024,0,80,107083136,94.0,0.0,100.0,5.0,100.0,0.0,77.0,50529241.0,89,10497,100.0,0.0,100,4,,,,,100.0,0.0,100.0,0.0,,,61.0,39.0,,,100,127,99.0,2548.0,39,39,100.0,0.0,100.0,0.0,200.0,0.0,100.0,9653.0,100.0,47463234536.0,100.0,81062463736.0
2019-01-28,ZCH089YL,ST12000NM0007,12000138625024,0,78,58865360,94.0,0.0,100.0,5.0,100.0,0.0,77.0,55006883.0,88,10529,100.0,0.0,100,4,,,,,100.0,0.0,100.0,0.0,,,61.0,39.0,,,100,127,99.0,2549.0,39,39,100.0,0.0,100.0,0.0,200.0,0.0,100.0,9684.0,100.0,47549101912.0,100.0,81416660208.0
2019-01-29,ZCH089YL,ST12000NM0007,12000138625024,0,83,217547072,94.0,0.0,100.0,5.0,100.0,0.0,78.0,56930036.0,88,10544,100.0,0.0,100,4,,,,,100.0,0.0,100.0,0.0,,,61.0,39.0,,,100,128,99.0,2550.0,39,39,100.0,0.0,100.0,0.0,200.0,0.0,100.0,9700.0,100.0,47586653928.0,100.0,81537789904.0
2019-01-30,ZCH089YL,ST12000NM0007,12000138625024,0,84,237438576,94.0,0.0,100.0,5.0,100.0,0.0,78.0,59756972.0,88,10576,100.0,0.0,100,4,,,,,100.0,0.0,100.0,0.0,,,61.0,39.0,,,100,128,99.0,2551.0,39,39,100.0,0.0,100.0,0.0,200.0,0.0,100.0,9732.0,100.0,47671936960.0,100.0,81716539144.0
2019-01-31,ZCH089YL,ST12000NM0007,12000138625024,0,82,151484120,94.0,0.0,100.0,5.0,100.0,0.0,78.0,61732539.0,88,10592,100.0,0.0,100,4,,,,,100.0,0.0,100.0,0.0,,,61.0,39.0,,,100,128,99.0,2552.0,39,39,100.0,0.0,100.0,0.0,200.0,0.0,100.0,9747.0,100.0,47727006880.0,100.0,81819655536.0
2019-02-01,ZCH089YL,ST12000NM0007,12000138625024,0,80,96387064,94.0,0.0,100.0,5.0,100.0,0.0,78.0,63436719.0,88,10608,100.0,0.0,100,4,,,,,100.0,0.0,100.0,0.0,,,62.0,38.0,,,100,128,99.0,2552.0,38,38,100.0,0.0,100.0,0.0,200.0,0.0,100.0,9763.0,100.0,47779007584.0,100.0,81956698584.0
2019-02-02,ZCH089YL,ST12000NM0007,12000138625024,0,82.0,156102224.0,94.0,0.0,100.0,5.0,100.0,0.0,78.0,66714321.0,88.0,10639.0,100.0,0.0,100.0,4.0,,,,,100.0,0.0,100.0,0.0,,,61.0,39.0,,,100.0,130.0,99.0,2554.0,39.0,39.0,100.0,0.0,100.0,0.0,200.0,0.0,100.0,9795.0,100.0,47886146912.0,100.0,82153415216.0
2019-02-03,ZCH089YL,ST12000NM0007,12000138625024,0,84,232810968,94.0,0.0,100.0,5.0,100.0,0.0,78.0,69803683.0,88,10671,100.0,0.0,100,4,,,,,100.0,0.0,100.0,0.0,,,61.0,39.0,,,100,131,99.0,2555.0,39,39,100.0,0.0,100.0,0.0,200.0,0.0,100.0,9826.0,100.0,47979943392.0,100.0,82380468176.0
2019-02-04,ZCH089YL,ST12000NM0007,12000138625024,0,82,175144688,94.0,0.0,100.0,5.0,100.0,0.0,79.0,71299865.0,88,10687,100.0,0.0,100,4,,,,,100.0,0.0,100.0,0.0,,,61.0,39.0,,,100,132,99.0,2556.0,39,39,100.0,0.0,100.0,0.0,200.0,0.0,100.0,9842.0,100.0,48020184304.0,100.0,82526701704.0
2019-02-05,ZCH089YL,ST12000NM0007,12000138625024,0,76.0,37391824.0,94.0,0.0,100.0,5.0,100.0,0.0,79.0,74876882.0,88.0,10718.0,100.0,0.0,100.0,4.0,,,,,100.0,0.0,100.0,0.0,,,61.0,39.0,,,100.0,133.0,99.0,2557.0,39.0,39.0,100.0,0.0,100.0,0.0,200.0,0.0,100.0,9874.0,100.0,48133853160.0,100.0,82763561656.0
2019-02-06,ZCH089YL,ST12000NM0007,12000138625024,0,81,132962656,94.0,0.0,100.0,5.0,100.0,0.0,79.0,76203812.0,88,10734,100.0,0.0,100,4,,,,,100.0,0.0,100.0,0.0,,,61.0,39.0,,,100,133,99.0,2557.0,39,39,100.0,0.0,100.0,0.0,200.0,0.0,100.0,9889.0,100.0,48187588104.0,100.0,82805397544.0
2019-02-07,ZCH089YL,ST12000NM0007,12000138625024,0,77.0,47872944.0,94.0,0.0,100.0,5.0,100.0,0.0,79.0,78053588.0,88.0,10750.0,100.0,0.0,100.0,4.0,,,,,100.0,0.0,100.0,0.0,,,61.0,39.0,,,100.0,134.0,99.0,2558.0,39.0,39.0,100.0,0.0,100.0,0.0,200.0,0.0,100.0,9905.0,100.0,48232314720.0,100.0,82919721848.0
2019-02-08,ZCH089YL,ST12000NM0007,12000138625024,0,82,169966536,94.0,0.0,100.0,5.0,100.0,0.0,79.0,81917126.0,88,10782,100.0,0.0,100,4,,,,,100.0,0.0,100.0,0.0,,,61.0,39.0,,,100,135,99.0,2559.0,39,39,100.0,0.0,100.0,0.0,200.0,0.0,100.0,9937.0,100.0,48316766440.0,100.0,83201504480.0
2019-02-09,ZCH089YL,ST12000NM0007,12000138625024,0,80.0,97494232.0,94.0,0.0,100.0,5.0,100.0,0.0,79.0,83347329.0,88.0,10797.0,100.0,0.0,100.0,4.0,,,,,100.0,0.0,100.0,0.0,,,62.0,38.0,,,100.0,135.0,99.0,2560.0,38.0,38.0,100.0,0.0,100.0,0.0,200.0,0.0,100.0,9952.0,100.0,48351481448.0,100.0,83338457928.0
2019-02-10,ZCH089YL,ST12000NM0007,12000138625024,0,83,184652504,94.0,0.0,100.0,5.0,100.0,0.0,79.0,86490501.0,88,10829,100.0,0.0,100,4,,,,,100.0,0.0,100.0,0.0,,,61.0,39.0,,,100,135,99.0,2561.0,39,39,100.0,0.0,100.0,0.0,200.0,0.0,100.0,9984.0,100.0,48455131272.0,100.0,83566107088.0
2019-02-11,ZCH089YL,ST12000NM0007,12000138625024,0,81,127691384,94.0,0.0,100.0,5.0,100.0,0.0,79.0,88044458.0,88,10845,100.0,0.0,100,4,,,,,100.0,0.0,100.0,0.0,,,62.0,38.0,,,100,135,99.0,2562.0,38,38,100.0,0.0,100.0,0.0,200.0,0.0,100.0,10000.0,100.0,48496032224.0,100.0,83712385816.0
2019-02-12,ZCH089YL,ST12000NM0007,12000138625024,0,75.0,28852496.0,94.0,0.0,100.0,5.0,100.0,0.0,80.0,91688779.0,88.0,10877.0,100.0,0.0,100.0,4.0,,,,,100.0,0.0,100.0,0.0,,,62.0,38.0,,,100.0,135.0,99.0,2563.0,38.0,38.0,100.0,0.0,100.0,0.0,200.0,0.0,100.0,10031.0,100.0,48581166552.0,100.0,84016693912.0
2019-02-13,ZCH089YL,ST12000NM0007,12000138625024,0,83,179220368,94.0,0.0,100.0,5.0,100.0,0.0,80.0,93132833.0,88,10893,100.0,0.0,100,4,,,,,100.0,0.0,100.0,0.0,,,62.0,38.0,,,100,135,99.0,2564.0,38,38,100.0,0.0,100.0,0.0,200.0,0.0,100.0,10047.0,100.0,48627934144.0,100.0,84120294192.0
2019-02-14,ZCH089YL,ST12000NM0007,12000138625024,0,76,38980664,94.0,0.0,100.0,5.0,100.0,0.0,80.0,96822497.0,88,10924,100.0,0.0,100,4,,,,,100.0,0.0,100.0,0.0,,,61.0,39.0,,,100,136,99.0,2565.0,39,39,100.0,0.0,100.0,0.0,200.0,0.0,100.0,10079.0,100.0,48725308328.0,100.0,84370961640.0
2019-02-15,ZCH089YL,ST12000NM0007,12000138625024,0,83.0,202726640.0,94.0,0.0,100.0,5.0,100.0,0.0,80.0,98524120.0,88.0,10940.0,100.0,0.0,100.0,4.0,,,,,100.0,0.0,100.0,0.0,,,61.0,39.0,,,100.0,137.0,99.0,2566.0,39.0,39.0,100.0,0.0,100.0,0.0,200.0,0.0,100.0,10095.0,100.0,48787619096.0,100.0,84472396848.0
2019-02-16,ZCH089YL,ST12000NM0007,12000138625024,0,65.0,3009296.0,94.0,0.0,100.0,5.0,100.0,0.0,80.0,101419449.0,88.0,10972.0,100.0,0.0,100.0,4.0,,,,,100.0,0.0,100.0,0.0,,,61.0,39.0,,,100.0,138.0,99.0,2567.0,39.0,39.0,100.0,0.0,100.0,0.0,200.0,0.0,100.0,10126.0,100.0,48867403064.0,100.0,84681176992.0
2019-02-17,ZCH089YL,ST12000NM0007,12000138625024,0,82,171115216,94.0,0.0,100.0,5.0,100.0,0.0,80.0,102784626.0,88,10988,100.0,0.0,100,4,,,,,100.0,0.0,100.0,0.0,,,61.0,39.0,,,100,139,99.0,2568.0,39,39,100.0,0.0,100.0,0.0,200.0,0.0,100.0,10142.0,100.0,48904622696.0,100.0,84812063280.0
2019-02-18,ZCH089YL,ST12000NM0007,12000138625024,0,73,21996400,94.0,0.0,100.0,5.0,100.0,0.0,80.0,106764354.0,88,11020,100.0,0.0,100,4,,,,,100.0,0.0,100.0,0.0,,,61.0,39.0,,,100,140,99.0,2569.0,39,39,100.0,0.0,100.0,0.0,200.0,0.0,100.0,10174.0,100.0,49017606008.0,100.0,85038242632.0
2019-02-19,ZCH089YL,ST12000NM0007,12000138625024,0,84,243767160,94.0,0.0,100.0,5.0,100.0,0.0,80.0,109004750.0,88,11035,100.0,0.0,100,4,,,,,100.0,0.0,100.0,0.0,,,60.0,40.0,,,100,140,99.0,2570.0,40,40,100.0,0.0,100.0,0.0,200.0,0.0,100.0,10190.0,100.0,49081805032.0,100.0,85195814368.0
2019-02-20,ZCH089YL,ST12000NM0007,12000138625024,0,80.0,107697208.0,94.0,0.0,100.0,5.0,100.0,0.0,81.0,112507916.0,88.0,11067.0,100.0,0.0,100.0,4.0,,,,,100.0,0.0,100.0,0.0,,,60.0,40.0,,,100.0,140.0,99.0,2571.0,40.0,40.0,100.0,0.0,100.0,0.0,200.0,0.0,100.0,10222.0,100.0,49192505680.0,100.0,85437325280.0
2019-02-21,ZCH089YL,ST12000NM0007,12000138625024,0,83,192252488,94.0,0.0,100.0,5.0,100.0,0.0,81.0,116273637.0,88,11099,100.0,0.0,100,4,,,,,100.0,0.0,100.0,0.0,,,61.0,39.0,,,100,141,99.0,2573.0,39,39,100.0,0.0,100.0,0.0,200.0,0.0,100.0,10253.0,100.0,49305675096.0,100.0,85652851776.0
2019-02-22,ZCH089YL,ST12000NM0007,12000138625024,0,80,103221984,94.0,0.0,100.0,5.0,100.0,0.0,81.0,117711548.0,88,11115,100.0,0.0,100,4,,,,,100.0,0.0,100.0,0.0,,,61.0,39.0,,,100,141,99.0,2573.0,39,39,100.0,0.0,100.0,0.0,200.0,0.0,100.0,10269.0,100.0,49352172104.0,100.0,85761464928.0
2019-02-23,ZCH089YL,ST12000NM0007,12000138625024,0,82.0,176000544.0,94.0,0.0,100.0,5.0,100.0,0.0,81.0,120765652.0,88.0,11147.0,100.0,0.0,100.0,4.0,,,,,100.0,0.0,100.0,0.0,,,61.0,39.0,,,100.0,143.0,99.0,2575.0,39.0,39.0,100.0,0.0,100.0,0.0,200.0,0.0,100.0,10300.0,100.0,49433583896.0,100.0,85996972328.0
2019-02-24,ZCH089YL,ST12000NM0007,12000138625024,0,79,87019848,94.0,0.0,100.0,5.0,100.0,0.0,81.0,122260295.0,88,11162,100.0,0.0,100,4,,,,,100.0,0.0,100.0,0.0,,,61.0,39.0,,,100,143,99.0,2575.0,39,39,100.0,0.0,100.0,0.0,200.0,0.0,100.0,10316.0,100.0,49470731664.0,100.0,86114984640.0
2019-02-25,ZCH089YL,ST12000NM0007,12000138625024,0,75,31251464,94.0,0.0,100.0,5.0,100.0,0.0,81.0,126283409.0,88,11194,100.0,0.0,100,4,,,,,100.0,0.0,100.0,0.0,,,60.0,40.0,,,100,143,99.0,2577.0,40,40,100.0,0.0,100.0,0.0,200.0,0.0,100.0,10348.0,100.0,49550218680.0,100.0,86468011104.0
2019-02-26,ZCH089YL,ST12000NM0007,12000138625024,0,84,236566264,94.0,0.0,100.0,5.0,100.0,0.0,81.0,128120027.0,88,11210,100.0,0.0,100,4,,,,,100.0,0.0,100.0,0.0,,,61.0,39.0,,,100,143,99.0,2577.0,39,39,100.0,0.0,100.0,0.0,200.0,0.0,100.0,10363.0,100.0,49587014200.0,100.0,86636530384.0
2019-02-27,ZCH089YL,ST12000NM0007,12000138625024,0,79.0,80552000.0,92.0,0.0,100.0,7.0,100.0,0.0,81.0,130978344.0,88.0,11242.0,100.0,0.0,100.0,6.0,,,,,100.0,0.0,100.0,0.0,,,60.0,40.0,,,100.0,146.0,99.0,2581.0,40.0,40.0,100.0,0.0,100.0,0.0,200.0,0.0,100.0,10395.0,100.0,49656915240.0,100.0,86898896506.0
2019-02-28,ZCH089YL,ST12000NM0007,12000138625024,0,84,243025088,92.0,0.0,100.0,7.0,100.0,0.0,81.0,132864407.0,88,11258,100.0,0.0,100,6,,,,,100.0,0.0,100.0,0.0,,,59.0,41.0,,,100,146,99.0,2581.0,41,41,100.0,0.0,100.0,0.0,200.0,0.0,100.0,10411.0,100.0,49712503872.0,100.0,87005780962.0
2019-03-01,ZCH089YL,ST12000NM0007,12000138625024,0,81.0,120336584.0,92.0,0.0,100.0,7.0,100.0,0.0,81.0,137171931.0,88.0,11289.0,100.0,0.0,100.0,6.0,,,,,100.0,0.0,100.0,0.0,,,60.0,40.0,,,100.0,146.0,99.0,2583.0,40.0,40.0,100.0,0.0,100.0,0.0,200.0,0.0,100.0,10442.0,100.0,49808864584.0,100.0,87275013562.0
2019-03-02,ZCH089YL,ST12000NM0007,12000138625024,0,76.0,37800624.0,92.0,0.0,100.0,7.0,100.0,0.0,81.0,138664679.0,88.0,11305.0,100.0,0.0,100.0,6.0,,,,,100.0,0.0,100.0,0.0,,,60.0,40.0,,,100.0,146.0,99.0,2584.0,40.0,40.0,100.0,0.0,100.0,0.0,200.0,0.0,100.0,10458.0,100.0,49850795472.0,100.0,87394687458.0
2019-03-03,ZCH089YL,ST12000NM0007,12000138625024,0,82.0,149538032.0,92.0,0.0,100.0,7.0,100.0,0.0,82.0,141805012.0,88.0,11337.0,100.0,0.0,100.0,6.0,,,,,100.0,0.0,100.0,0.0,,,60.0,40.0,,,100.0,146.0,99.0,2585.0,40.0,40.0,100.0,0.0,100.0,0.0,200.0,0.0,100.0,10489.0,100.0,49948299328.0,100.0,87653062082.0
2019-03-04,ZCH089YL,ST12000NM0007,12000138625024,0,77,45009448,92.0,0.0,100.0,7.0,100.0,0.0,82.0,143258969.0,88,11353,100.0,0.0,100,6,,,,,100.0,0.0,100.0,0.0,,,59.0,41.0,,,100,147,99.0,2586.0,41,41,100.0,0.0,100.0,0.0,200.0,0.0,100.0,10505.0,100.0,49989763136.0,100.0,87751210354.0
2019-03-05,ZCH089YL,ST12000NM0007,12000138625024,0,83.0,197770064.0,92.0,0.0,100.0,7.0,100.0,0.0,82.0,147042706.0,88.0,11384.0,100.0,0.0,100.0,6.0,,,,,100.0,0.0,100.0,0.0,,,59.0,41.0,,,100.0,147.0,99.0,2587.0,41.0,41.0,100.0,0.0,100.0,0.0,200.0,0.0,100.0,10536.0,100.0,50087165952.0,100.0,88050708890.0
2019-03-06,ZCH089YL,ST12000NM0007,12000138625024,0,81.0,114533328.0,92.0,0.0,100.0,7.0,100.0,0.0,82.0,148587778.0,87.0,11400.0,100.0,0.0,100.0,6.0,,,,,100.0,0.0,100.0,0.0,,,59.0,41.0,,,100.0,148.0,99.0,2588.0,41.0,41.0,100.0,0.0,100.0,0.0,200.0,0.0,100.0,10552.0,100.0,50130975536.0,100.0,88167803242.0
2019-03-07,ZCH089YL,ST12000NM0007,12000138625024,0,73.0,18770440.0,92.0,0.0,100.0,7.0,100.0,0.0,82.0,152432258.0,87.0,11431.0,100.0,0.0,100.0,6.0,,,,,100.0,0.0,100.0,0.0,,,59.0,41.0,,,100.0,148.0,99.0,2589.0,41.0,41.0,100.0,0.0,100.0,0.0,200.0,0.0,100.0,10583.0,100.0,50240651352.0,100.0,88450646002.0
2019-03-08,ZCH089YL,ST12000NM0007,12000138625024,0,83.0,191533200.0,92.0,0.0,100.0,7.0,100.0,0.0,82.0,154038921.0,87.0,11447.0,100.0,0.0,100.0,6.0,,,,,100.0,0.0,100.0,0.0,,,59.0,41.0,,,100.0,148.0,99.0,2590.0,41.0,41.0,100.0,0.0,100.0,0.0,200.0,0.0,100.0,10599.0,100.0,50285277856.0,100.0,88578782258.0
2019-03-09,ZCH089YL,ST12000NM0007,12000138625024,0,79.0,88453688.0,92.0,0.0,100.0,7.0,100.0,0.0,82.0,157406296.0,87.0,11479.0,100.0,0.0,100.0,6.0,,,,,100.0,0.0,100.0,0.0,,,60.0,40.0,,,100.0,149.0,99.0,2591.0,40.0,40.0,100.0,0.0,100.0,0.0,200.0,0.0,100.0,10630.0,100.0,50395774128.0,100.0,88853488274.0
2019-03-10,ZCH089YL,ST12000NM0007,12000138625024,0,71.0,14087464.0,92.0,0.0,100.0,7.0,100.0,0.0,82.0,159005285.0,87.0,11495.0,100.0,0.0,100.0,6.0,,,,,100.0,0.0,100.0,0.0,,,60.0,40.0,,,100.0,149.0,99.0,2592.0,40.0,40.0,100.0,0.0,100.0,0.0,200.0,0.0,100.0,10646.0,100.0,50442507440.0,100.0,88976529530.0
2019-03-11,ZCH089YL,ST12000NM0007,12000138625024,0,79.0,75006528.0,92.0,0.0,100.0,7.0,100.0,0.0,82.0,162193928.0,87.0,11527.0,100.0,0.0,100.0,6.0,,,,,100.0,0.0,100.0,0.0,,,60.0,40.0,,,100.0,149.0,99.0,2593.0,40.0,40.0,100.0,0.0,100.0,0.0,200.0,0.0,100.0,10678.0,100.0,50543504288.0,100.0,89180592386.0
2019-03-12,ZCH089YL,ST12000NM0007,12000138625024,0,78.0,58907568.0,92.0,0.0,100.0,7.0,100.0,0.0,82.0,164783879.0,87.0,11542.0,100.0,0.0,100.0,6.0,,,,,100.0,0.0,100.0,0.0,,,60.0,40.0,,,100.0,149.0,99.0,2594.0,40.0,40.0,100.0,0.0,100.0,0.0,200.0,0.0,100.0,10693.0,100.0,50624062696.0,100.0,89328075922.0
2019-03-13,ZCH089YL,ST12000NM0007,12000138625024,0,82.0,149381900.0,90.0,0.0,100.0,8.0,100.0,0.0,82.0,169022245.0,87.0,11574.0,100.0,0.0,100.0,7.0,,,,,100.0,0.0,100.0,0.0,,,61.0,39.0,,,100.0,150.0,99.0,2597.0,39.0,39.0,100.0,0.0,100.0,0.0,200.0,0.0,100.0,10725.0,100.0,50726814792.0,100.0,89559939126.0
2019-03-14,ZCH089YL,ST12000NM0007,12000138625024,0,65.0,3504728.0,90.0,0.0,100.0,8.0,100.0,0.0,82.0,172616172.0,87.0,11606.0,100.0,0.0,100.0,7.0,,,,,100.0,0.0,100.0,0.0,,,61.0,39.0,,,100.0,150.0,99.0,2599.0,39.0,39.0,100.0,0.0,100.0,0.0,200.0,0.0,100.0,10757.0,100.0,50814607808.0,100.0,89814550406.0
2019-03-15,ZCH089YL,ST12000NM0007,12000138625024,0,81.0,133335648.0,90.0,0.0,100.0,8.0,100.0,0.0,82.0,174308726.0,87.0,11622.0,100.0,0.0,100.0,7.0,,,,,100.0,0.0,100.0,0.0,,,62.0,38.0,,,100.0,150.0,99.0,2599.0,38.0,38.0,100.0,0.0,100.0,0.0,200.0,0.0,100.0,10772.0,100.0,50859666232.0,100.0,89899322902.0
2019-03-16,ZCH089YL,ST12000NM0007,12000138625024,0,84.0,230648368.0,90.0,0.0,100.0,8.0,100.0,0.0,83.0,177853884.0,87.0,11654.0,100.0,0.0,100.0,7.0,,,,,100.0,0.0,100.0,0.0,,,61.0,39.0,,,100.0,151.0,99.0,2601.0,39.0,39.0,100.0,0.0,100.0,0.0,200.0,0.0,100.0,10804.0,100.0,50954032608.0,100.0,90146409878.0
2019-03-17,ZCH089YL,ST12000NM0007,12000138625024,0,82.0,156193472.0,90.0,0.0,100.0,8.0,100.0,0.0,83.0,179544155.0,87.0,11670.0,100.0,0.0,100.0,7.0,,,,,100.0,0.0,100.0,0.0,,,61.0,39.0,,,100.0,151.0,99.0,2601.0,39.0,39.0,100.0,0.0,100.0,0.0,200.0,0.0,100.0,10820.0,100.0,51006639016.0,100.0,90263489494.0
2019-03-18,ZCH089YL,ST12000NM0007,12000138625024,0,100.0,220368.0,90.0,0.0,100.0,8.0,100.0,0.0,83.0,184125365.0,87.0,11701.0,100.0,0.0,100.0,7.0,,,,,100.0,0.0,100.0,0.0,,,61.0,39.0,,,100.0,152.0,99.0,2603.0,39.0,39.0,100.0,0.0,100.0,0.0,200.0,0.0,100.0,10851.0,100.0,51092710816.0,100.0,90753866734.0
2019-03-19,ZCH089YL,ST12000NM0007,12000138625024,0,83.0,220999024.0,90.0,0.0,100.0,8.0,100.0,0.0,83.0,186028166.0,87.0,11717.0,100.0,0.0,100.0,7.0,,,,,100.0,0.0,100.0,0.0,,,61.0,39.0,,,100.0,152.0,99.0,2603.0,39.0,39.0,100.0,0.0,100.0,0.0,200.0,0.0,100.0,10867.0,100.0,51137458656.0,100.0,90929897550.0
2019-03-20,ZCH089YL,ST12000NM0007,12000138625024,0,83.0,182710952.0,90.0,0.0,100.0,8.0,100.0,0.0,83.0,189949357.0,87.0,11749.0,100.0,0.0,100.0,7.0,,,,,100.0,0.0,100.0,0.0,,,61.0,39.0,,,100.0,154.0,99.0,2605.0,39.0,39.0,100.0,0.0,100.0,0.0,200.0,0.0,100.0,10899.0,100.0,51236561152.0,100.0,91280788742.0
2019-03-21,ZCH089YL,ST12000NM0007,12000138625024,0,81.0,133086120.0,90.0,0.0,100.0,8.0,100.0,0.0,83.0,192231103.0,87.0,11765.0,100.0,0.0,100.0,7.0,,,,,100.0,0.0,100.0,0.0,,,61.0,39.0,,,100.0,154.0,99.0,2605.0,39.0,39.0,100.0,0.0,100.0,0.0,200.0,0.0,100.0,10914.0,100.0,51296204008.0,100.0,91415661726.0
2019-03-22,ZCH089YL,ST12000NM0007,12000138625024,0,78.0,70113696.0,90.0,0.0,100.0,8.0,100.0,0.0,83.0,194021544.0,87.0,11780.0,100.0,0.0,100.0,7.0,,,,,100.0,0.0,100.0,0.0,,,61.0,39.0,,,100.0,155.0,99.0,2606.0,39.0,39.0,100.0,0.0,100.0,0.0,200.0,0.0,100.0,10930.0,100.0,51347285352.0,100.0,91545748718.0
2019-03-23,ZCH089YL,ST12000NM0007,12000138625024,0,82.0,145993488.0,90.0,0.0,100.0,8.0,100.0,0.0,83.0,197215688.0,87.0,11812.0,100.0,0.0,100.0,7.0,,,,,100.0,0.0,100.0,0.0,,,62.0,38.0,,,100.0,155.0,99.0,2607.0,38.0,38.0,100.0,0.0,100.0,0.0,200.0,0.0,100.0,10962.0,100.0,51445094960.0,100.0,91767959534.0
2019-03-24,ZCH089YL,ST12000NM0007,12000138625024,0,77.0,53217512.0,90.0,0.0,100.0,8.0,100.0,0.0,83.0,198864761.0,87.0,11828.0,100.0,0.0,100.0,7.0,,,,,100.0,0.0,100.0,0.0,,,62.0,38.0,,,100.0,156.0,99.0,2608.0,38.0,38.0,100.0,0.0,100.0,0.0,200.0,0.0,100.0,10977.0,100.0,51492049304.0,100.0,91872369934.0
2019-03-25,ZCH089YL,ST12000NM0007,12000138625024,0,82.0,143887176.0,90.0,0.0,100.0,8.0,100.0,0.0,83.0,202314959.0,87.0,11860.0,100.0,0.0,100.0,7.0,,,,,100.0,0.0,100.0,0.0,,,63.0,37.0,,,100.0,157.0,99.0,2609.0,37.0,37.0,100.0,0.0,100.0,0.0,200.0,0.0,100.0,11009.0,100.0,51607895008.0,100.0,92091334734.0
2019-03-26,ZCH089YL,ST12000NM0007,12000138625024,0,81.0,121727136.0,90.0,0.0,100.0,8.0,100.0,0.0,83.0,204820953.0,87.0,11875.0,100.0,0.0,100.0,7.0,,,,,100.0,0.0,100.0,0.0,,,62.0,38.0,,,100.0,157.0,99.0,2610.0,38.0,38.0,100.0,0.0,100.0,0.0,200.0,0.0,100.0,11025.0,100.0,51684529864.0,100.0,92236680614.0
2019-03-27,ZCH089YL,ST12000NM0007,12000138625024,0,72.0,16442448.0,90.0,0.0,100.0,8.0,100.0,0.0,83.0,209518192.0,87.0,11907.0,100.0,0.0,100.0,7.0,,,,,100.0,0.0,100.0,0.0,,,63.0,37.0,,,100.0,158.0,99.0,2611.0,37.0,37.0,100.0,0.0,100.0,0.0,200.0,0.0,100.0,11056.0,100.0,51802151328.0,100.0,92502056254.0
2019-03-28,ZCH089YL,ST12000NM0007,12000138625024,0,81.0,140569416.0,90.0,0.0,100.0,8.0,100.0,0.0,83.0,213629326.0,87.0,11939.0,100.0,0.0,100.0,7.0,,,,,100.0,0.0,100.0,0.0,,,61.0,39.0,,,100.0,160.0,99.0,2614.0,39.0,39.0,100.0,0.0,100.0,0.0,200.0,0.0,100.0,11088.0,100.0,51902876592.0,100.0,92769598718.0
2019-03-29,ZCH089YL,ST12000NM0007,12000138625024,0,77.0,53851008.0,90.0,0.0,100.0,8.0,100.0,0.0,83.0,215110717.0,87.0,11955.0,100.0,0.0,100.0,7.0,,,,,100.0,0.0,100.0,0.0,,,61.0,39.0,,,100.0,160.0,99.0,2614.0,39.0,39.0,100.0,0.0,100.0,0.0,200.0,0.0,100.0,11104.0,100.0,51947231880.0,100.0,92882665758.0
2019-03-30,ZCH089YL,ST12000NM0007,12000138625024,0,81.0,124869272.0,90.0,0.0,100.0,8.0,100.0,0.0,83.0,218444243.0,87.0,11986.0,100.0,0.0,100.0,7.0,,,,,100.0,0.0,100.0,0.0,,,61.0,39.0,,,100.0,161.0,99.0,2616.0,39.0,39.0,100.0,0.0,100.0,0.0,200.0,0.0,100.0,11135.0,100.0,52045334392.0,100.0,93099722166.0
2019-03-31,ZCH089YL,ST12000NM0007,12000138625024,0,77.0,52758432.0,90.0,0.0,100.0,8.0,100.0,0.0,83.0,220113066.0,87.0,12002.0,100.0,0.0,100.0,7.0,,,,,100.0,0.0,100.0,0.0,,,61.0,39.0,,,100.0,161.0,99.0,2616.0,39.0,39.0,100.0,0.0,100.0,0.0,200.0,0.0,100.0,11151.0,100.0,52095379264.0,100.0,93221707190.0
2019-04-01,ZCH089YL,ST12000NM0007,12000138625024,0,82.0,173184616.0,90.0,0.0,100.0,8.0,100.0,0.0,84.0,224335088.0,87.0,12034.0,100.0,0.0,100.0,7.0,,,,,100.0,0.0,100.0,0.0,,,61.0,39.0,,,100.0,161.0,99.0,2618.0,39.0,39.0,100.0,0.0,100.0,0.0,200.0,0.0,100.0,11182.0,100.0,52232924048.0,100.0,93448729294.0
2019-04-02,ZCH089YL,ST12000NM0007,12000138625024,0,81.0,117529848.0,90.0,0.0,100.0,8.0,100.0,0.0,84.0,226535251.0,87.0,12050.0,100.0,0.0,100.0,7.0,,,,,100.0,0.0,100.0,0.0,,,61.0,39.0,,,100.0,161.0,99.0,2618.0,39.0,39.0,100.0,0.0,100.0,0.0,200.0,0.0,100.0,11198.0,100.0,52300140136.0,100.0,93569999214.0
2019-04-03,ZCH089YL,ST12000NM0007,12000138625024,0,68.0,6644528.0,90.0,0.0,100.0,8.0,100.0,0.0,84.0,230454669.0,87.0,12081.0,100.0,0.0,100.0,7.0,,,,,100.0,0.0,100.0,0.0,,,63.0,37.0,,,100.0,163.0,99.0,2620.0,37.0,37.0,100.0,0.0,100.0,0.0,200.0,0.0,100.0,11230.0,100.0,52430818360.0,100.0,93816717070.0
2019-04-04,ZCH089YL,ST12000NM0007,12000138625024,0,80.0,100276760.0,90.0,0.0,100.0,8.0,100.0,0.0,84.0,234237716.0,87.0,12113.0,100.0,0.0,100.0,7.0,,,,,100.0,0.0,100.0,0.0,,,61.0,39.0,,,100.0,164.0,99.0,2621.0,39.0,39.0,100.0,0.0,100.0,0.0,200.0,0.0,100.0,11261.0,100.0,52538733520.0,100.0,94046574846.0
2019-04-05,ZCH089YL,ST12000NM0007,12000138625024,0,71.0,11675232.0,90.0,0.0,100.0,8.0,100.0,0.0,84.0,235741907.0,87.0,12129.0,100.0,0.0,100.0,7.0,,,,,100.0,0.0,100.0,0.0,,,62.0,38.0,,,100.0,164.0,99.0,2622.0,38.0,38.0,100.0,0.0,100.0,0.0,200.0,0.0,100.0,11277.0,100.0,52591568328.0,100.0,94149279174.0
2019-04-06,ZCH089YL,ST12000NM0007,12000138625024,0,78.0,59402744.0,90.0,0.0,100.0,8.0,100.0,0.0,84.0,239145019.0,87.0,12160.0,100.0,0.0,100.0,7.0,,,,,100.0,0.0,100.0,0.0,,,61.0,39.0,,,100.0,165.0,99.0,2623.0,39.0,39.0,100.0,0.0,100.0,0.0,200.0,0.0,100.0,11309.0,100.0,52707004536.0,100.0,94325711190.0
2019-04-07,ZCH089YL,ST12000NM0007,12000138625024,0,84.0,234598760.0,90.0,0.0,100.0,8.0,100.0,0.0,84.0,240838702.0,87.0,12176.0,100.0,0.0,100.0,7.0,,,,,100.0,0.0,100.0,0.0,,,62.0,38.0,,,100.0,166.0,99.0,2624.0,38.0,38.0,100.0,0.0,100.0,0.0,200.0,0.0,100.0,11324.0,100.0,52755805344.0,100.0,94452106398.0
2019-04-08,ZCH089YL,ST12000NM0007,12000138625024,0,83.0,192650920.0,90.0,0.0,100.0,8.0,100.0,0.0,84.0,246348938.0,87.0,12208.0,100.0,0.0,100.0,7.0,,,,,100.0,0.0,100.0,0.0,,,61.0,39.0,,,100.0,167.0,99.0,2625.0,39.0,39.0,100.0,0.0,100.0,0.0,200.0,0.0,100.0,11356.0,100.0,52864377040.0,100.0,94789868198.0
2019-04-09,ZCH089YL,ST12000NM0007,12000138625024,0,82.0,142376568.0,90.0,0.0,100.0,8.0,100.0,0.0,84.0,248134458.0,87.0,12223.0,100.0,0.0,100.0,7.0,,,,,100.0,0.0,100.0,0.0,,,61.0,39.0,,,100.0,168.0,99.0,2626.0,39.0,39.0,100.0,0.0,100.0,0.0,200.0,0.0,100.0,11372.0,100.0,52929189440.0,100.0,94918922470.0
2019-04-10,ZCH089YL,ST12000NM0007,12000138625024,0,83.0,197023888.0,90.0,0.0,100.0,8.0,100.0,0.0,84.0,251426987.0,87.0,12255.0,100.0,0.0,100.0,7.0,,,,,100.0,0.0,100.0,0.0,,,62.0,38.0,,,100.0,168.0,99.0,2627.0,38.0,38.0,100.0,0.0,100.0,0.0,200.0,0.0,100.0,11403.0,100.0,53034068992.0,100.0,95112831062.0
2019-04-11,ZCH089YL,ST12000NM0007,12000138625024,0,81.0,118217136.0,90.0,0.0,100.0,8.0,100.0,0.0,84.0,253725035.0,86.0,12271.0,100.0,0.0,100.0,7.0,,,,,100.0,0.0,100.0,0.0,,,61.0,39.0,,,100.0,168.0,99.0,2628.0,39.0,39.0,100.0,0.0,100.0,0.0,200.0,0.0,100.0,11419.0,100.0,53095108568.0,100.0,95217125446.0
2019-04-12,ZCH089YL,ST12000NM0007,12000138625024,0,75.0,30596656.0,90.0,0.0,100.0,8.0,100.0,0.0,84.0,255538185.0,86.0,12287.0,100.0,0.0,100.0,7.0,,,,,100.0,0.0,100.0,0.0,,,61.0,39.0,,,100.0,168.0,99.0,2628.0,39.0,39.0,100.0,0.0,100.0,0.0,200.0,0.0,100.0,11435.0,100.0,53147657496.0,100.0,95321096718.0
2019-04-13,ZCH089YL,ST12000NM0007,12000138625024,0,78.0,64130864.0,90.0,0.0,100.0,8.0,100.0,0.0,84.0,258744026.0,86.0,12318.0,100.0,0.0,100.0,7.0,,,,,100.0,0.0,100.0,0.0,,,62.0,38.0,,,100.0,169.0,99.0,2630.0,38.0,38.0,100.0,0.0,100.0,0.0,200.0,0.0,100.0,11466.0,100.0,53246419800.0,100.0,95500009414.0
2019-04-14,ZCH089YL,ST12000NM0007,12000138625024,0,84.0,240490888.0,90.0,0.0,100.0,8.0,100.0,0.0,84.0,260518540.0,86.0,12334.0,100.0,0.0,100.0,7.0,,,,,100.0,0.0,100.0,0.0,,,61.0,39.0,,,100.0,169.0,99.0,2630.0,39.0,39.0,100.0,0.0,100.0,0.0,200.0,0.0,100.0,11482.0,100.0,53301841568.0,100.0,95620947670.0
2019-04-15,ZCH089YL,ST12000NM0007,12000138625024,0,80.0,109230208.0,90.0,0.0,100.0,8.0,100.0,0.0,84.0,264269284.0,86.0,12366.0,100.0,0.0,100.0,7.0,,,,,100.0,0.0,100.0,0.0,,,62.0,38.0,,,100.0,171.0,99.0,2632.0,38.0,38.0,100.0,0.0,100.0,0.0,200.0,0.0,100.0,11513.0,100.0,53410065696.0,100.0,95869744566.0
2019-04-16,ZCH089YL,ST12000NM0007,12000138625024,0,79.0,83437056.0,90.0,0.0,100.0,8.0,100.0,0.0,84.0,266892435.0,86.0,12382.0,100.0,0.0,100.0,7.0,,,,,100.0,0.0,100.0,0.0,,,62.0,38.0,,,100.0,171.0,99.0,2632.0,38.0,38.0,100.0,0.0,100.0,0.0,200.0,0.0,100.0,11529.0,100.0,53469727632.0,100.0,96028430430.0
2019-04-17,ZCH089YL,ST12000NM0007,12000138625024,0,81.0,138573464.0,90.0,0.0,100.0,8.0,100.0,0.0,84.0,269982746.0,86.0,12413.0,100.0,0.0,100.0,7.0,,,,,100.0,0.0,100.0,0.0,,,61.0,39.0,,,100.0,172.0,99.0,2634.0,39.0,39.0,100.0,0.0,100.0,0.0,200.0,0.0,100.0,11561.0,100.0,53561986232.0,100.0,96235449014.0
2019-04-18,ZCH089YL,ST12000NM0007,12000138625024,0,83.0,220414848.0,90.0,0.0,100.0,8.0,100.0,0.0,84.0,273646111.0,86.0,12445.0,100.0,0.0,100.0,7.0,,,,,100.0,0.0,100.0,0.0,,,61.0,39.0,,,100.0,172.0,99.0,2635.0,39.0,39.0,100.0,0.0,100.0,0.0,200.0,0.0,100.0,11592.0,100.0,53653641248.0,100.0,96469776190.0
2019-04-19,ZCH089YL,ST12000NM0007,12000138625024,0,81.0,126104320.0,90.0,0.0,100.0,8.0,100.0,0.0,84.0,275491122.0,86.0,12461.0,100.0,0.0,100.0,7.0,,,,,100.0,0.0,100.0,0.0,,,61.0,39.0,,,100.0,173.0,99.0,2636.0,39.0,39.0,100.0,0.0,100.0,0.0,200.0,0.0,100.0,11608.0,100.0,53721318544.0,100.0,96551929478.0
2019-04-20,ZCH089YL,ST12000NM0007,12000138625024,0,84.0,238868440.0,90.0,0.0,100.0,8.0,100.0,0.0,84.0,279266205.0,86.0,12492.0,100.0,0.0,100.0,7.0,,,,,100.0,0.0,100.0,0.0,,,61.0,39.0,,,100.0,173.0,99.0,2637.0,39.0,39.0,100.0,0.0,100.0,0.0,200.0,0.0,100.0,11640.0,100.0,53838143224.0,100.0,96792009686.0
2019-04-21,ZCH089YL,ST12000NM0007,12000138625024,0,82.0,177084296.0,90.0,0.0,100.0,8.0,100.0,0.0,84.0,280933500.0,86.0,12508.0,100.0,0.0,100.0,7.0,,,,,100.0,0.0,100.0,0.0,,,61.0,39.0,,,100.0,173.0,99.0,2638.0,39.0,39.0,100.0,0.0,100.0,0.0,200.0,0.0,100.0,11656.0,100.0,53885877312.0,100.0,96926632174.0
2019-04-22,ZCH089YL,ST12000NM0007,12000138625024,0,80.0,110118752.0,90.0,0.0,100.0,8.0,100.0,0.0,85.0,286240084.0,86.0,12540.0,100.0,0.0,100.0,7.0,,,,,100.0,0.0,100.0,0.0,,,61.0,39.0,,,100.0,173.0,99.0,2639.0,39.0,39.0,100.0,0.0,100.0,0.0,200.0,0.0,100.0,11687.0,100.0,53993121704.0,100.0,97240703694.0
2019-04-23,ZCH089YL,ST12000NM0007,12000138625024,0,77.0,47073456.0,90.0,0.0,100.0,8.0,100.0,0.0,85.0,287986514.0,86.0,12556.0,100.0,0.0,100.0,7.0,,,,,100.0,0.0,100.0,0.0,,,61.0,39.0,,,100.0,173.0,99.0,2640.0,39.0,39.0,100.0,0.0,100.0,0.0,200.0,0.0,100.0,11703.0,100.0,54050722904.0,100.0,97364197830.0
2019-04-24,ZCH089YL,ST12000NM0007,12000138625024,0,84.0,225624408.0,90.0,0.0,100.0,8.0,100.0,0.0,85.0,289745620.0,86.0,12572.0,100.0,0.0,100.0,7.0,,,,,100.0,0.0,100.0,0.0,,,61.0,39.0,,,100.0,173.0,99.0,2640.0,39.0,39.0,100.0,0.0,100.0,0.0,200.0,0.0,100.0,11719.0,100.0,54104899088.0,100.0,97488572598.0
2019-04-25,ZCH089YL,ST12000NM0007,12000138625024,0,81.0,115980760.0,90.0,0.0,100.0,8.0,100.0,0.0,85.0,294311419.0,86.0,12604.0,100.0,0.0,100.0,7.0,,,,,100.0,0.0,100.0,0.0,,,61.0,39.0,,,100.0,174.0,99.0,2642.0,39.0,39.0,100.0,0.0,100.0,0.0,200.0,0.0,100.0,11750.0,100.0,54235494424.0,100.0,97736614910.0
2019-04-26,ZCH089YL,ST12000NM0007,12000138625024,0,74.0,22880464.0,90.0,0.0,100.0,8.0,100.0,0.0,85.0,295981426.0,86.0,12619.0,100.0,0.0,100.0,7.0,,,,,100.0,0.0,100.0,0.0,,,61.0,39.0,,,100.0,174.0,99.0,2643.0,39.0,39.0,100.0,0.0,100.0,0.0,200.0,0.0,100.0,11766.0,100.0,54299296824.0,100.0,97823852910.0
2019-04-27,ZCH089YL,ST12000NM0007,12000138625024,0,82.0,153655424.0,90.0,0.0,100.0,8.0,100.0,0.0,85.0,299854388.0,86.0,12651.0,100.0,0.0,100.0,7.0,,,,,100.0,0.0,100.0,0.0,,,61.0,39.0,,,100.0,174.0,99.0,2644.0,39.0,39.0,100.0,0.0,100.0,0.0,200.0,0.0,100.0,11798.0,100.0,54444967840.0,100.0,98053097670.0
2019-04-28,ZCH089YL,ST12000NM0007,12000138625024,0,80.0,100220128.0,90.0,0.0,100.0,8.0,100.0,0.0,85.0,302110982.0,86.0,12667.0,100.0,0.0,100.0,7.0,,,,,100.0,0.0,100.0,0.0,,,61.0,39.0,,,100.0,174.0,99.0,2645.0,39.0,39.0,100.0,0.0,100.0,0.0,200.0,0.0,100.0,11813.0,100.0,54516600040.0,100.0,98172171030.0
2019-04-29,ZCH089YL,ST12000NM0007,12000138625024,0,71.0,11586200.0,90.0,0.0,100.0,8.0,100.0,0.0,85.0,306298897.0,86.0,12698.0,100.0,0.0,100.0,7.0,,,,,100.0,0.0,100.0,0.0,,,61.0,39.0,,,100.0,174.0,99.0,2646.0,39.0,39.0,100.0,0.0,100.0,0.0,200.0,0.0,100.0,11845.0,100.0,54679259472.0,100.0,98409159454.0
2019-04-30,ZCH089YL,ST12000NM0007,12000138625024,0,83.0,198617472.0,90.0,0.0,100.0,8.0,100.0,0.0,85.0,311369139.0,86.0,12730.0,100.0,0.0,100.0,7.0,,,,,100.0,0.0,100.0,0.0,,,62.0,38.0,,,100.0,175.0,99.0,2648.0,38.0,38.0,100.0,0.0,100.0,0.0,200.0,0.0,100.0,11876.0,100.0,54822565696.0,100.0,98697025190.0
2019-05-01,ZCH089YL,ST12000NM0007,12000138625024,0,81.0,117105952.0,90.0,0.0,100.0,8.0,100.0,0.0,85.0,313175186.0,86.0,12746.0,100.0,0.0,100.0,7.0,,,,,100.0,0.0,100.0,0.0,,,62.0,38.0,,,100.0,175.0,99.0,2648.0,38.0,38.0,100.0,0.0,100.0,0.0,200.0,0.0,100.0,11892.0,100.0,54880114984.0,100.0,98802105118.0
2019-05-02,ZCH089YL,ST12000NM0007,12000138625024,0,84.0,224242920.0,90.0,0.0,100.0,8.0,100.0,0.0,85.0,317160556.0,86.0,12778.0,100.0,0.0,100.0,7.0,,,,,100.0,0.0,100.0,0.0,,,61.0,39.0,,,100.0,176.0,99.0,2650.0,39.0,39.0,100.0,0.0,100.0,0.0,200.0,0.0,100.0,11924.0,100.0,54966105536.0,100.0,99067392238.0
2019-05-03,ZCH089YL,ST12000NM0007,12000138625024,0,80.0,92743344.0,90.0,0.0,100.0,8.0,100.0,0.0,85.0,320500033.0,86.0,12809.0,100.0,0.0,100.0,7.0,,,,,100.0,0.0,100.0,0.0,,,61.0,39.0,,,100.0,177.0,99.0,2651.0,39.0,39.0,100.0,0.0,100.0,0.0,200.0,0.0,100.0,11955.0,100.0,55044287216.0,100.0,99345992630.0
2019-05-04,ZCH089YL,ST12000NM0007,12000138625024,0,84.0,232630752.0,90.0,0.0,100.0,8.0,100.0,0.0,85.0,322147311.0,86.0,12825.0,100.0,0.0,100.0,7.0,,,,,100.0,0.0,100.0,0.0,,,62.0,38.0,,,100.0,178.0,99.0,2652.0,38.0,38.0,100.0,0.0,100.0,0.0,200.0,0.0,100.0,11971.0,100.0,55081910376.0,100.0,99448256878.0
2019-05-05,ZCH089YL,ST12000NM0007,12000138625024,0,81.0,113357368.0,90.0,0.0,100.0,8.0,100.0,0.0,85.0,327367097.0,86.0,12857.0,100.0,0.0,100.0,7.0,,,,,100.0,0.0,100.0,0.0,,,61.0,39.0,,,100.0,178.0,99.0,2653.0,39.0,39.0,100.0,0.0,100.0,0.0,200.0,0.0,100.0,12002.0,100.0,55168764880.0,100.0,99730410478.0
2019-05-06,ZCH089YL,ST12000NM0007,12000138625024,0,77.0,51143072.0,90.0,0.0,100.0,8.0,100.0,0.0,85.0,329023113.0,86.0,12872.0,100.0,0.0,100.0,7.0,,,,,100.0,0.0,100.0,0.0,,,61.0,39.0,,,100.0,179.0,99.0,2654.0,39.0,39.0,100.0,0.0,100.0,0.0,200.0,0.0,100.0,12018.0,100.0,55216006432.0,100.0,99865095294.0
2019-05-07,ZCH089YL,ST12000NM0007,12000138625024,0,82.0,166531984.0,90.0,0.0,100.0,8.0,100.0,0.0,85.0,332816775.0,86.0,12904.0,100.0,0.0,100.0,7.0,,,,,100.0,0.0,100.0,0.0,,,61.0,39.0,,,100.0,180.0,99.0,2655.0,39.0,39.0,100.0,0.0,100.0,0.0,200.0,0.0,100.0,12050.0,100.0,55300436648.0,100.0,100140194742.0
2019-05-08,ZCH089YL,ST12000NM0007,12000138625024,0,79.0,79983600.0,90.0,0.0,100.0,8.0,100.0,0.0,85.0,334097094.0,86.0,12920.0,100.0,0.0,100.0,7.0,,,,,100.0,0.0,100.0,0.0,,,62.0,38.0,,,100.0,181.0,99.0,2656.0,38.0,38.0,100.0,0.0,100.0,0.0,200.0,0.0,100.0,12065.0,100.0,55341219256.0,100.0,100257004406.0
2019-05-09,ZCH089YL,ST12000NM0007,12000138625024,0,82.0,150958144.0,90.0,0.0,100.0,8.0,100.0,0.0,85.0,337917970.0,86.0,12952.0,100.0,0.0,100.0,7.0,,,,,100.0,0.0,100.0,0.0,,,61.0,39.0,,,100.0,181.0,99.0,2657.0,39.0,39.0,100.0,0.0,100.0,0.0,200.0,0.0,100.0,12097.0,100.0,55420319232.0,100.0,100493019742.0
2019-05-10,ZCH089YL,ST12000NM0007,12000138625024,0,79.0,78552520.0,90.0,0.0,100.0,8.0,100.0,0.0,85.0,339573531.0,86.0,12967.0,100.0,0.0,100.0,7.0,,,,,100.0,0.0,100.0,0.0,,,61.0,39.0,,,100.0,181.0,99.0,2658.0,39.0,39.0,100.0,0.0,100.0,0.0,200.0,0.0,100.0,12112.0,100.0,55461356888.0,100.0,100623717158.0
2019-05-11,ZCH089YL,ST12000NM0007,12000138625024,0,82.0,153925776.0,90.0,0.0,100.0,8.0,100.0,0.0,85.0,342595931.0,86.0,12999.0,100.0,0.0,100.0,7.0,,,,,100.0,0.0,100.0,0.0,,,61.0,39.0,,,100.0,182.0,99.0,2659.0,39.0,39.0,100.0,0.0,100.0,0.0,200.0,0.0,100.0,12144.0,100.0,55544408080.0,100.0,100860180030.0
2019-05-12,ZCH089YL,ST12000NM0007,12000138625024,0,79.0,86675944.0,90.0,0.0,100.0,8.0,100.0,0.0,85.0,344010606.0,86.0,13015.0,100.0,0.0,100.0,7.0,,,,,100.0,0.0,100.0,0.0,,,61.0,39.0,,,100.0,183.0,99.0,2660.0,39.0,39.0,100.0,0.0,100.0,0.0,200.0,0.0,100.0,12160.0,100.0,55601642352.0,100.0,100979836830.0
2019-05-13,ZCH089YL,ST12000NM0007,12000138625024,0,83.0,207259472.0,90.0,0.0,100.0,8.0,100.0,0.0,85.0,347364418.0,86.0,13046.0,100.0,0.0,100.0,7.0,,,,,100.0,0.0,100.0,0.0,,,61.0,39.0,,,100.0,184.0,99.0,2661.0,39.0,39.0,100.0,0.0,100.0,0.0,200.0,0.0,100.0,12191.0,100.0,55683551232.0,100.0,101262652334.0
2019-05-14,ZCH089YL,ST12000NM0007,12000138625024,0,80.0,110226304.0,90.0,0.0,100.0,8.0,100.0,0.0,85.0,349047574.0,86.0,13062.0,100.0,0.0,100.0,7.0,,,,,100.0,0.0,100.0,0.0,,,61.0,39.0,,,100.0,184.0,99.0,2662.0,39.0,39.0,100.0,0.0,100.0,0.0,200.0,0.0,100.0,12207.0,100.0,55707558528.0,100.0,101385753046.0
2019-05-15,ZCH089YL,ST12000NM0007,12000138625024,0,82.0,159165872.0,90.0,0.0,100.0,8.0,100.0,0.0,85.0,352034442.0,86.0,13094.0,100.0,0.0,100.0,7.0,,,,,100.0,0.0,100.0,0.0,,,61.0,39.0,,,100.0,184.0,99.0,2664.0,39.0,39.0,100.0,0.0,100.0,0.0,200.0,0.0,100.0,12238.0,100.0,55780759176.0,100.0,101605632678.0
2019-05-16,ZCH089YL,ST12000NM0007,12000138625024,0,79.0,82660688.0,90.0,0.0,100.0,8.0,100.0,0.0,85.0,354565089.0,86.0,13110.0,100.0,0.0,100.0,7.0,,,,,100.0,0.0,100.0,0.0,,,61.0,39.0,,,100.0,184.0,99.0,2664.0,39.0,39.0,100.0,0.0,100.0,0.0,200.0,0.0,100.0,12254.0,100.0,55838433992.0,100.0,101715593326.0
2019-05-17,ZCH089YL,ST12000NM0007,12000138625024,0,82.0,171271784.0,90.0,0.0,100.0,8.0,100.0,0.0,86.0,358035263.0,85.0,13142.0,100.0,0.0,100.0,7.0,,,,,100.0,0.0,100.0,0.0,,,61.0,39.0,,,100.0,185.0,99.0,2666.0,39.0,39.0,100.0,0.0,100.0,0.0,200.0,0.0,100.0,12286.0,100.0,55915463688.0,100.0,101971315574.0
2019-05-18,ZCH089YL,ST12000NM0007,12000138625024,0,77.0,52374800.0,90.0,0.0,100.0,8.0,100.0,0.0,86.0,359631447.0,85.0,13157.0,100.0,0.0,100.0,7.0,,,,,100.0,0.0,100.0,0.0,,,61.0,39.0,,,100.0,185.0,99.0,2666.0,39.0,39.0,100.0,0.0,100.0,0.0,200.0,0.0,100.0,12302.0,100.0,55956884992.0,100.0,102055137942.0
2019-05-19,ZCH089YL,ST12000NM0007,12000138625024,0,82.0,160795432.0,90.0,0.0,100.0,8.0,100.0,0.0,86.0,363326548.0,85.0,13189.0,100.0,0.0,100.0,7.0,,,,,100.0,0.0,100.0,0.0,,,61.0,39.0,,,100.0,186.0,99.0,2668.0,39.0,39.0,100.0,0.0,100.0,0.0,200.0,0.0,100.0,12333.0,100.0,56079983080.0,100.0,102284601350.0
2019-05-20,ZCH089YL,ST12000NM0007,12000138625024,0,80.0,107519424.0,90.0,0.0,100.0,8.0,100.0,0.0,86.0,366274497.0,85.0,13205.0,100.0,0.0,100.0,7.0,,,,,100.0,0.0,100.0,0.0,,,61.0,39.0,,,100.0,186.0,99.0,2668.0,39.0,39.0,100.0,0.0,100.0,0.0,200.0,0.0,100.0,12349.0,100.0,56124807264.0,100.0,102430641830.0
2019-05-21,ZCH089YL,ST12000NM0007,12000138625024,0,82.0,163949632.0,90.0,0.0,100.0,8.0,100.0,0.0,86.0,369821557.0,85.0,13236.0,100.0,0.0,100.0,7.0,,,,,100.0,0.0,100.0,0.0,,,61.0,39.0,,,100.0,187.0,99.0,2670.0,39.0,39.0,100.0,0.0,100.0,0.0,200.0,0.0,100.0,12380.0,100.0,56174786136.0,100.0,102681233934.0
2019-05-22,ZCH089YL,ST12000NM0007,12000138625024,0,78.0,56456504.0,90.0,0.0,100.0,8.0,100.0,0.0,86.0,371372748.0,85.0,13252.0,100.0,0.0,100.0,7.0,,,,,100.0,0.0,100.0,0.0,,,61.0,39.0,,,100.0,187.0,99.0,2670.0,39.0,39.0,100.0,0.0,100.0,0.0,200.0,0.0,100.0,12396.0,100.0,56219397160.0,100.0,102773270550.0
2019-05-23,ZCH089YL,ST12000NM0007,12000138625024,0,81.0,121265152.0,90.0,0.0,100.0,8.0,100.0,0.0,86.0,375073730.0,85.0,13284.0,100.0,0.0,100.0,7.0,,,,,100.0,0.0,100.0,0.0,,,61.0,39.0,,,100.0,189.0,99.0,2672.0,39.0,39.0,100.0,0.0,100.0,0.0,200.0,0.0,100.0,12428.0,100.0,56305837552.0,100.0,102995779438.0
2019-05-24,ZCH089YL,ST12000NM0007,12000138625024,0,72.0,16860008.0,90.0,0.0,100.0,8.0,100.0,0.0,86.0,376514594.0,85.0,13300.0,100.0,0.0,100.0,7.0,,,,,100.0,0.0,100.0,0.0,,,61.0,39.0,,,100.0,189.0,99.0,2672.0,39.0,39.0,100.0,0.0,100.0,0.0,200.0,0.0,100.0,12443.0,100.0,56347500184.0,100.0,103093852374.0
2019-05-25,ZCH089YL,ST12000NM0007,12000138625024,0,76.0,41570512.0,90.0,0.0,100.0,8.0,100.0,0.0,86.0,379172554.0,85.0,13332.0,100.0,0.0,100.0,7.0,,,,,100.0,0.0,100.0,0.0,,,61.0,39.0,,,100.0,191.0,99.0,2674.0,39.0,39.0,100.0,0.0,100.0,0.0,200.0,0.0,100.0,12475.0,100.0,56436863096.0,100.0,103273340598.0
2019-05-26,ZCH089YL,ST12000NM0007,12000138625024,0,82.0,163528600.0,90.0,0.0,100.0,8.0,100.0,0.0,86.0,380469744.0,85.0,13347.0,100.0,0.0,100.0,7.0,,,,,100.0,0.0,100.0,0.0,,,61.0,39.0,,,100.0,191.0,99.0,2674.0,39.0,39.0,100.0,0.0,100.0,0.0,200.0,0.0,100.0,12491.0,100.0,56473104112.0,100.0,103359057670.0
2019-05-27,ZCH089YL,ST12000NM0007,12000138625024,0,75.0,31597824.0,90.0,0.0,100.0,8.0,100.0,0.0,86.0,384415144.0,85.0,13379.0,100.0,0.0,100.0,7.0,,,,,100.0,0.0,100.0,0.0,,,61.0,39.0,,,100.0,192.0,99.0,2676.0,39.0,39.0,100.0,0.0,100.0,0.0,200.0,0.0,100.0,12522.0,100.0,56555759664.0,100.0,103632753134.0
2019-05-28,ZCH089YL,ST12000NM0007,12000138625024,0,82.0,176101288.0,90.0,0.0,100.0,8.0,100.0,0.0,86.0,385758143.0,85.0,13395.0,100.0,0.0,100.0,7.0,,,,,100.0,0.0,100.0,0.0,,,62.0,38.0,,,100.0,192.0,99.0,2676.0,38.0,38.0,100.0,0.0,100.0,0.0,200.0,0.0,100.0,12538.0,100.0,56602848872.0,100.0,103730167390.0
2019-05-29,ZCH089YL,ST12000NM0007,12000138625024,0,84.0,225042296.0,90.0,0.0,100.0,8.0,100.0,0.0,86.0,388550927.0,85.0,13427.0,100.0,0.0,100.0,7.0,,,,,100.0,0.0,100.0,0.0,,,61.0,39.0,,,100.0,193.0,99.0,2678.0,39.0,39.0,100.0,0.0,100.0,0.0,200.0,0.0,100.0,12570.0,100.0,56686160640.0,100.0,103939937486.0
2019-05-30,ZCH089YL,ST12000NM0007,12000138625024,0,82.0,144306824.0,90.0,0.0,100.0,8.0,100.0,0.0,86.0,390722715.0,85.0,13442.0,100.0,0.0,100.0,7.0,,,,,100.0,0.0,100.0,0.0,,,62.0,38.0,,,100.0,193.0,99.0,2678.0,38.0,38.0,100.0,0.0,100.0,0.0,200.0,0.0,100.0,12586.0,100.0,56721961288.0,100.0,104067542422.0
2019-05-31,ZCH089YL,ST12000NM0007,12000138625024,0,83.0,186985528.0,90.0,0.0,100.0,8.0,100.0,0.0,86.0,393281161.0,85.0,13474.0,100.0,0.0,100.0,7.0,,,,,100.0,0.0,100.0,0.0,,,62.0,38.0,,,100.0,195.0,99.0,2680.0,38.0,38.0,100.0,0.0,100.0,0.0,200.0,0.0,100.0,12617.0,100.0,56791910896.0,100.0,104284412350.0
2019-06-01,ZCH089YL,ST12000NM0007,12000138625024,0,80.0,96009192.0,90.0,0.0,100.0,8.0,100.0,0.0,86.0,394685484.0,85.0,13490.0,100.0,0.0,100.0,7.0,,,,,100.0,0.0,100.0,0.0,,,62.0,38.0,,,100.0,195.0,99.0,2680.0,38.0,38.0,100.0,0.0,100.0,0.0,200.0,0.0,100.0,12633.0,100.0,56838291272.0,100.0,104391196286.0
2019-06-02,ZCH089YL,ST12000NM0007,12000138625024,0,100.0,1638496.0,90.0,0.0,100.0,8.0,100.0,0.0,86.0,399555597.0,85.0,13521.0,100.0,0.0,100.0,7.0,,,,,100.0,0.0,100.0,0.0,,,62.0,38.0,,,100.0,197.0,99.0,2683.0,38.0,38.0,100.0,0.0,100.0,0.0,200.0,0.0,100.0,12664.0,100.0,56935175872.0,100.0,104688222278.0
2019-06-03,ZCH089YL,ST12000NM0007,12000138625024,0,82.0,150594736.0,90.0,0.0,100.0,8.0,100.0,0.0,86.0,401102287.0,85.0,13537.0,100.0,0.0,100.0,7.0,,,,,100.0,0.0,100.0,0.0,,,62.0,38.0,,,100.0,197.0,99.0,2683.0,38.0,38.0,100.0,0.0,100.0,0.0,200.0,0.0,100.0,12680.0,100.0,56971626136.0,100.0,104800728254.0
2019-06-04,ZCH089YL,ST12000NM0007,12000138625024,0,73.0,21812664.0,90.0,0.0,100.0,8.0,100.0,0.0,86.0,405045494.0,85.0,13569.0,100.0,0.0,100.0,7.0,,,,,100.0,0.0,100.0,0.0,,,61.0,39.0,,,100.0,198.0,99.0,2684.0,39.0,39.0,100.0,0.0,100.0,0.0,200.0,0.0,100.0,12712.0,100.0,57045930600.0,100.0,105085923102.0
2019-06-05,ZCH089YL,ST12000NM0007,12000138625024,0,82.0,170020424.0,90.0,0.0,100.0,8.0,100.0,0.0,86.0,406659242.0,85.0,13585.0,100.0,0.0,100.0,7.0,,,,,100.0,0.0,100.0,0.0,,,61.0,39.0,,,100.0,199.0,99.0,2685.0,39.0,39.0,100.0,0.0,100.0,0.0,200.0,0.0,100.0,12727.0,100.0,57093585440.0,100.0,105186476022.0
2019-06-06,ZCH089YL,ST12000NM0007,12000138625024,0,78.0,68739936.0,90.0,0.0,100.0,8.0,100.0,0.0,86.0,410519690.0,85.0,13617.0,100.0,0.0,100.0,7.0,,,,,100.0,0.0,100.0,0.0,,,61.0,39.0,,,100.0,199.0,99.0,2687.0,39.0,39.0,100.0,0.0,100.0,0.0,200.0,0.0,100.0,12759.0,100.0,57208292344.0,100.0,105458770334.0
2019-06-07,ZCH089YL,ST12000NM0007,12000138625024,0,84.0,225824448.0,90.0,0.0,100.0,8.0,100.0,0.0,86.0,412122548.0,85.0,13632.0,100.0,0.0,100.0,7.0,,,,,100.0,0.0,100.0,0.0,,,61.0,39.0,,,100.0,200.0,99.0,2688.0,39.0,39.0,100.0,0.0,100.0,0.0,200.0,0.0,100.0,12774.0,100.0,57256176712.0,100.0,105567970478.0
2019-06-08,ZCH089YL,ST12000NM0007,12000138625024,0,78.0,69562456.0,90.0,0.0,100.0,8.0,100.0,0.0,86.0,415548107.0,85.0,13664.0,100.0,0.0,100.0,7.0,,,,,100.0,0.0,100.0,0.0,,,61.0,39.0,,,100.0,200.0,99.0,2689.0,39.0,39.0,100.0,0.0,100.0,0.0,200.0,0.0,100.0,12806.0,100.0,57352701776.0,100.0,105803464934.0
2019-06-09,ZCH089YL,ST12000NM0007,12000138625024,0,83.0,214314344.0,90.0,0.0,100.0,8.0,100.0,0.0,86.0,416874538.0,85.0,13680.0,100.0,0.0,100.0,7.0,,,,,100.0,0.0,100.0,0.0,,,61.0,39.0,,,100.0,200.0,99.0,2690.0,39.0,39.0,100.0,0.0,100.0,0.0,200.0,0.0,100.0,12822.0,100.0,57379057424.0,100.0,105921861174.0
2019-06-10,ZCH089YL,ST12000NM0007,12000138625024,0,78.0,63515536.0,90.0,0.0,100.0,8.0,100.0,0.0,86.0,419507217.0,85.0,13711.0,100.0,0.0,100.0,7.0,,,,,100.0,0.0,100.0,0.0,,,61.0,39.0,,,100.0,201.0,99.0,2691.0,39.0,39.0,100.0,0.0,100.0,0.0,200.0,0.0,100.0,12853.0,100.0,57458403488.0,100.0,106179997958.0
2019-06-11,ZCH089YL,ST12000NM0007,12000138625024,0,84.0,243013200.0,90.0,0.0,100.0,8.0,100.0,0.0,86.0,421895069.0,85.0,13727.0,100.0,0.0,100.0,7.0,,,,,100.0,0.0,100.0,0.0,,,61.0,39.0,,,100.0,201.0,99.0,2692.0,39.0,39.0,100.0,0.0,100.0,0.0,200.0,0.0,100.0,12869.0,100.0,57507560456.0,100.0,106310338654.0
2019-06-12,ZCH089YL,ST12000NM0007,12000138625024,0,69.0,8469464.0,90.0,0.0,100.0,8.0,100.0,0.0,86.0,424451596.0,85.0,13759.0,100.0,0.0,100.0,7.0,,,,,100.0,0.0,100.0,0.0,,,62.0,38.0,,,100.0,201.0,99.0,2693.0,38.0,38.0,100.0,0.0,100.0,0.0,200.0,0.0,100.0,12900.0,100.0,57598296528.0,100.0,106473340758.0
2019-06-13,ZCH089YL,ST12000NM0007,12000138625024,0,83.0,188724064.0,90.0,0.0,100.0,8.0,100.0,0.0,86.0,426801371.0,85.0,13775.0,100.0,0.0,100.0,7.0,,,,,100.0,0.0,100.0,0.0,,,62.0,38.0,,,100.0,202.0,99.0,2694.0,38.0,38.0,100.0,0.0,100.0,0.0,200.0,0.0,100.0,12916.0,100.0,57654892200.0,100.0,106596999686.0
2019-06-14,ZCH089YL,ST12000NM0007,12000138625024,0,70.0,9357456.0,90.0,0.0,100.0,8.0,100.0,0.0,86.0,429925690.0,85.0,13807.0,100.0,0.0,100.0,7.0,,,,,100.0,0.0,100.0,0.0,,,61.0,39.0,,,100.0,202.0,99.0,2695.0,39.0,39.0,100.0,0.0,100.0,0.0,200.0,0.0,100.0,12948.0,100.0,57744854056.0,100.0,106815952678.0
2019-06-15,ZCH089YL,ST12000NM0007,12000138625024,0,82.0,175126976.0,90.0,0.0,100.0,8.0,100.0,0.0,86.0,431514975.0,85.0,13823.0,100.0,0.0,100.0,7.0,,,,,100.0,0.0,100.0,0.0,,,61.0,39.0,,,100.0,202.0,99.0,2696.0,39.0,39.0,100.0,0.0,100.0,0.0,200.0,0.0,100.0,12963.0,100.0,57795892040.0,100.0,106930684214.0
2019-06-16,ZCH089YL,ST12000NM0007,12000138625024,0,76.0,43882400.0,90.0,0.0,100.0,8.0,100.0,0.0,86.0,436132495.0,85.0,13854.0,100.0,0.0,100.0,7.0,,,,,100.0,0.0,100.0,0.0,,,62.0,38.0,,,100.0,202.0,99.0,2697.0,38.0,38.0,100.0,0.0,100.0,0.0,200.0,0.0,100.0,12995.0,100.0,57895069656.0,100.0,107188543510.0
2019-06-17,ZCH089YL,ST12000NM0007,12000138625024,0,83.0,201605056.0,90.0,0.0,100.0,8.0,100.0,0.0,86.0,437690686.0,85.0,13870.0,100.0,0.0,100.0,7.0,,,,,100.0,0.0,100.0,0.0,,,61.0,39.0,,,100.0,202.0,99.0,2698.0,39.0,39.0,100.0,0.0,100.0,0.0,200.0,0.0,100.0,13011.0,100.0,57936862776.0,100.0,107304473046.0
2019-06-18,ZCH089YL,ST12000NM0007,12000138625024,0,80.0,101129072.0,90.0,0.0,100.0,8.0,100.0,0.0,86.0,441954293.0,85.0,13902.0,100.0,0.0,100.0,7.0,,,,,100.0,0.0,100.0,0.0,,,61.0,39.0,,,100.0,202.0,99.0,2699.0,39.0,39.0,100.0,0.0,100.0,0.0,200.0,0.0,100.0,13042.0,100.0,58051148184.0,100.0,107577993382.0
2019-06-19,ZCH089YL,ST12000NM0007,12000138625024,0,82.0,171337608.0,90.0,0.0,100.0,8.0,100.0,0.0,86.0,444794088.0,85.0,13933.0,100.0,0.0,100.0,7.0,,,,,100.0,0.0,100.0,0.0,,,61.0,39.0,,,100.0,203.0,99.0,2701.0,39.0,39.0,100.0,0.0,100.0,0.0,200.0,0.0,100.0,13074.0,100.0,58137087312.0,100.0,107806403622.0
2019-06-20,ZCH089YL,ST12000NM0007,12000138625024,0,80.0,109080120.0,90.0,0.0,100.0,8.0,100.0,0.0,87.0,447256003.0,85.0,13949.0,100.0,0.0,100.0,7.0,,,,,100.0,0.0,100.0,0.0,,,61.0,39.0,,,100.0,203.0,99.0,2701.0,39.0,39.0,100.0,0.0,100.0,0.0,200.0,0.0,100.0,13090.0,100.0,58190722416.0,100.0,107934651846.0
2019-06-21,ZCH089YL,ST12000NM0007,12000138625024,0,83.0,179419904.0,90.0,0.0,100.0,8.0,100.0,0.0,87.0,450772485.0,85.0,13981.0,100.0,0.0,100.0,7.0,,,,,100.0,0.0,100.0,0.0,,,61.0,39.0,,,100.0,203.0,99.0,2703.0,39.0,39.0,100.0,0.0,100.0,0.0,200.0,0.0,100.0,13121.0,100.0,58280684784.0,100.0,108159170198.0
2019-06-22,ZCH089YL,ST12000NM0007,12000138625024,0,79.0,79373592.0,90.0,0.0,100.0,8.0,100.0,0.0,87.0,452349478.0,85.0,13996.0,100.0,0.0,100.0,7.0,,,,,100.0,0.0,100.0,0.0,,,62.0,38.0,,,100.0,203.0,99.0,2703.0,38.0,38.0,100.0,0.0,100.0,0.0,200.0,0.0,100.0,13137.0,100.0,58311760056.0,100.0,108272189646.0
2019-06-23,ZCH089YL,ST12000NM0007,12000138625024,0,80.0,102987352.0,90.0,0.0,100.0,8.0,100.0,0.0,87.0,455392409.0,84.0,14028.0,100.0,0.0,100.0,7.0,,,,,100.0,0.0,100.0,0.0,,,62.0,38.0,,,100.0,205.0,99.0,2705.0,38.0,38.0,100.0,0.0,100.0,0.0,200.0,0.0,100.0,13168.0,100.0,58380039920.0,100.0,108471664294.0
2019-06-24,ZCH089YL,ST12000NM0007,12000138625024,0,75.0,30232808.0,90.0,0.0,100.0,8.0,100.0,0.0,87.0,457135758.0,84.0,14044.0,100.0,0.0,100.0,7.0,,,,,100.0,0.0,100.0,0.0,,,62.0,38.0,,,100.0,205.0,99.0,2705.0,38.0,38.0,100.0,0.0,100.0,0.0,200.0,0.0,100.0,13184.0,100.0,58417623088.0,100.0,108605467238.0
2019-06-25,ZCH089YL,ST12000NM0007,12000138625024,0,81.0,122210440.0,90.0,0.0,100.0,8.0,100.0,0.0,87.0,461294861.0,84.0,14075.0,100.0,0.0,100.0,7.0,,,,,100.0,0.0,100.0,0.0,,,61.0,39.0,,,100.0,205.0,99.0,2707.0,39.0,39.0,100.0,0.0,100.0,0.0,200.0,0.0,100.0,13215.0,100.0,58503753952.0,100.0,108855454670.0
2019-06-26,ZCH089YL,ST12000NM0007,12000138625024,0,78.0,58066744.0,90.0,0.0,100.0,8.0,100.0,0.0,87.0,463077679.0,84.0,14091.0,100.0,0.0,100.0,7.0,,,,,100.0,0.0,100.0,0.0,,,61.0,39.0,,,100.0,205.0,99.0,2707.0,39.0,39.0,100.0,0.0,100.0,0.0,200.0,0.0,100.0,13231.0,100.0,58543946496.0,100.0,108995259070.0
2019-06-27,ZCH089YL,ST12000NM0007,12000138625024,0,75.0,29789320.0,90.0,0.0,100.0,8.0,100.0,0.0,87.0,467858171.0,84.0,14123.0,100.0,0.0,100.0,7.0,,,,,100.0,0.0,100.0,0.0,,,61.0,39.0,,,100.0,206.0,99.0,2710.0,39.0,39.0,100.0,0.0,100.0,0.0,200.0,0.0,100.0,13263.0,100.0,58666311008.0,100.0,109332899278.0
2019-06-28,ZCH089YL,ST12000NM0007,12000138625024,0,75.0,32313136.0,90.0,0.0,100.0,8.0,100.0,0.0,87.0,469609985.0,84.0,14139.0,100.0,0.0,100.0,7.0,,,,,100.0,0.0,100.0,0.0,,,61.0,39.0,,,100.0,206.0,99.0,2710.0,39.0,39.0,100.0,0.0,100.0,0.0,200.0,0.0,100.0,13278.0,100.0,58701037704.0,100.0,109544837134.0
2019-06-29,ZCH089YL,ST12000NM0007,12000138625024,0,80.0,95255048.0,90.0,0.0,100.0,8.0,100.0,0.0,87.0,473982738.0,84.0,14171.0,100.0,0.0,100.0,7.0,,,,,100.0,0.0,100.0,0.0,,,61.0,39.0,,,100.0,206.0,99.0,2711.0,39.0,39.0,100.0,0.0,100.0,0.0,200.0,0.0,100.0,13310.0,100.0,58772134808.0,100.0,110024963638.0
2019-06-30,ZCH089YL,ST12000NM0007,12000138625024,0,82.0,151072464.0,90.0,0.0,100.0,8.0,100.0,0.0,87.0,477607813.0,84.0,14187.0,100.0,0.0,100.0,7.0,,,,,100.0,0.0,100.0,0.0,,,61.0,39.0,,,100.0,206.0,99.0,2712.0,39.0,39.0,100.0,0.0,100.0,0.0,200.0,0.0,100.0,13326.0,100.0,58819330448.0,100.0,110277726182.0
2019-07-01,ZCH089YL,ST12000NM0007,12000138625024,0,82.0,160046552.0,90.0,0.0,100.0,8.0,100.0,0.0,87.0,481164118.0,84.0,14219.0,100.0,0.0,100.0,7.0,,,,,100.0,0.0,100.0,0.0,,,60.0,40.0,,,100.0,207.0,99.0,2713.0,40.0,40.0,100.0,0.0,100.0,0.0,200.0,0.0,100.0,13358.0,100.0,58914546112.0,100.0,110679766270.0
2019-07-02,ZCH089YL,ST12000NM0007,12000138625024,0,83.0,178974432.0,90.0,0.0,100.0,8.0,100.0,0.0,87.0,483964162.0,84.0,14234.0,100.0,0.0,100.0,7.0,,,,,100.0,0.0,100.0,0.0,,,61.0,39.0,,,100.0,208.0,99.0,2714.0,39.0,39.0,100.0,0.0,100.0,0.0,200.0,0.0,100.0,13373.0,100.0,58968491200.0,100.0,110888889942.0
2019-07-03,ZCH089YL,ST12000NM0007,12000138625024,0,80.0,110585664.0,90.0,0.0,100.0,8.0,100.0,0.0,87.0,487064236.0,84.0,14266.0,100.0,0.0,100.0,7.0,,,,,100.0,0.0,100.0,0.0,,,60.0,40.0,,,100.0,208.0,99.0,2715.0,40.0,40.0,100.0,0.0,100.0,0.0,200.0,0.0,100.0,13405.0,100.0,59049974192.0,100.0,111227299566.0
2019-07-04,ZCH089YL,ST12000NM0007,12000138625024,0,79.0,81954368.0,90.0,0.0,100.0,8.0,100.0,0.0,87.0,489371019.0,84.0,14282.0,100.0,0.0,100.0,7.0,,,,,100.0,0.0,100.0,0.0,,,61.0,39.0,,,100.0,208.0,99.0,2716.0,39.0,39.0,100.0,0.0,100.0,0.0,200.0,0.0,100.0,13421.0,100.0,59088873408.0,100.0,111403909798.0
2019-07-05,ZCH089YL,ST12000NM0007,12000138625024,0,73.0,19215568.0,90.0,0.0,100.0,8.0,100.0,0.0,87.0,492570033.0,84.0,14313.0,100.0,0.0,100.0,7.0,,,,,100.0,0.0,100.0,0.0,,,61.0,39.0,,,100.0,208.0,99.0,2717.0,39.0,39.0,100.0,0.0,100.0,0.0,200.0,0.0,100.0,13452.0,100.0,59170152256.0,100.0,111748173598.0
2019-07-06,ZCH089YL,ST12000NM0007,12000138625024,0,83.0,209561488.0,90.0,0.0,100.0,8.0,100.0,0.0,87.0,494111141.0,84.0,14329.0,100.0,0.0,100.0,7.0,,,,,100.0,0.0,100.0,0.0,,,61.0,39.0,,,100.0,209.0,99.0,2718.0,39.0,39.0,100.0,0.0,100.0,0.0,200.0,0.0,100.0,13468.0,100.0,59204310992.0,100.0,111904360782.0
2019-07-07,ZCH089YL,ST12000NM0007,12000138625024,0,83.0,220774304.0,90.0,0.0,100.0,8.0,100.0,0.0,87.0,497920536.0,84.0,14361.0,100.0,0.0,100.0,7.0,,,,,100.0,0.0,100.0,0.0,,,60.0,40.0,,,100.0,209.0,99.0,2719.0,40.0,40.0,100.0,0.0,100.0,0.0,200.0,0.0,100.0,13500.0,100.0,59326372168.0,100.0,112281793830.0
2019-07-08,ZCH089YL,ST12000NM0007,12000138625024,0,84.0,230022032.0,90.0,0.0,100.0,8.0,100.0,0.0,87.0,499738365.0,84.0,14377.0,100.0,0.0,100.0,7.0,,,,,100.0,0.0,100.0,0.0,,,61.0,39.0,,,100.0,209.0,99.0,2720.0,39.0,39.0,100.0,0.0,100.0,0.0,200.0,0.0,100.0,13515.0,100.0,59371142424.0,100.0,112490412006.0
2019-07-09,ZCH089YL,ST12000NM0007,12000138625024,0,84.0,236156648.0,90.0,0.0,100.0,8.0,100.0,0.0,87.0,504053259.0,84.0,14409.0,100.0,0.0,100.0,7.0,,,,,100.0,0.0,100.0,0.0,,,61.0,39.0,,,100.0,210.0,99.0,2721.0,39.0,39.0,100.0,0.0,100.0,0.0,200.0,0.0,100.0,13547.0,100.0,59470743696.0,100.0,112885226830.0
2019-07-10,ZCH089YL,ST12000NM0007,12000138625024,0,83.0,207342112.0,90.0,0.0,100.0,8.0,100.0,0.0,87.0,505678484.0,84.0,14425.0,100.0,0.0,100.0,7.0,,,,,100.0,0.0,100.0,0.0,,,61.0,39.0,,,100.0,210.0,99.0,2722.0,39.0,39.0,100.0,0.0,100.0,0.0,200.0,0.0,100.0,13563.0,100.0,59508346376.0,100.0,113062950270.0
2019-07-11,ZCH089YL,ST12000NM0007,12000138625024,0,73.0,21215520.0,90.0,0.0,100.0,8.0,100.0,0.0,87.0,511169604.0,84.0,14456.0,100.0,0.0,100.0,7.0,,,,,100.0,0.0,100.0,0.0,,,60.0,40.0,,,100.0,210.0,99.0,2723.0,40.0,40.0,100.0,0.0,100.0,0.0,200.0,0.0,100.0,13594.0,100.0,59663123728.0,100.0,113454468518.0
2019-07-12,ZCH089YL,ST12000NM0007,12000138625024,0,78.0,60131064.0,90.0,0.0,100.0,8.0,100.0,0.0,87.0,513706846.0,84.0,14472.0,100.0,0.0,100.0,7.0,,,,,100.0,0.0,100.0,0.0,,,61.0,39.0,,,100.0,210.0,99.0,2724.0,39.0,39.0,100.0,0.0,100.0,0.0,200.0,0.0,100.0,13610.0,100.0,59713578008.0,100.0,113687070446.0
2019-07-13,ZCH089YL,ST12000NM0007,12000138625024,0,82.0,145467256.0,90.0,0.0,100.0,8.0,100.0,0.0,87.0,518882278.0,84.0,14504.0,100.0,0.0,100.0,7.0,,,,,100.0,0.0,100.0,0.0,,,60.0,40.0,,,100.0,211.0,99.0,2725.0,40.0,40.0,100.0,0.0,100.0,0.0,200.0,0.0,100.0,13642.0,100.0,59811190904.0,100.0,114163075430.0
2019-07-14,ZCH089YL,ST12000NM0007,12000138625024,0,82.0,149598928.0,90.0,0.0,100.0,8.0,100.0,0.0,87.0,523194918.0,84.0,14536.0,100.0,0.0,100.0,7.0,,,,,100.0,0.0,100.0,0.0,,,61.0,39.0,,,100.0,211.0,99.0,2727.0,39.0,39.0,100.0,0.0,100.0,0.0,200.0,0.0,100.0,13673.0,100.0,59899237896.0,100.0,114567441486.0
2019-07-15,ZCH089YL,ST12000NM0007,12000138625024,0,83.0,204126648.0,90.0,0.0,100.0,8.0,100.0,0.0,87.0,525335229.0,84.0,14552.0,100.0,0.0,100.0,7.0,,,,,100.0,0.0,100.0,0.0,,,60.0,40.0,,,100.0,211.0,99.0,2727.0,40.0,40.0,100.0,0.0,100.0,0.0,200.0,0.0,100.0,13689.0,100.0,59968679904.0,100.0,114796667958.0
2019-07-16,ZCH089YL,ST12000NM0007,12000138625024,0,70.0,9408528.0,90.0,0.0,100.0,8.0,100.0,0.0,87.0,530334634.0,84.0,14583.0,100.0,0.0,100.0,7.0,,,,,100.0,0.0,100.0,0.0,,,60.0,40.0,,,100.0,212.0,99.0,2729.0,40.0,40.0,100.0,0.0,100.0,0.0,200.0,0.0,100.0,13720.0,100.0,60081098136.0,100.0,115221959110.0
2019-07-17,ZCH089YL,ST12000NM0007,12000138625024,0,76.0,39041040.0,90.0,0.0,100.0,8.0,100.0,0.0,87.0,532464233.0,84.0,14599.0,100.0,0.0,100.0,7.0,,,,,100.0,0.0,100.0,0.0,,,60.0,40.0,,,100.0,212.0,99.0,2729.0,40.0,40.0,100.0,0.0,100.0,0.0,200.0,0.0,100.0,13736.0,100.0,60122070224.0,100.0,115454760566.0
2019-07-18,ZCH089YL,ST12000NM0007,12000138625024,0,82.0,164658864.0,90.0,0.0,100.0,8.0,100.0,0.0,87.0,536895997.0,84.0,14631.0,100.0,0.0,100.0,7.0,,,,,100.0,0.0,100.0,0.0,,,60.0,40.0,,,100.0,213.0,99.0,2731.0,40.0,40.0,100.0,0.0,100.0,0.0,200.0,0.0,100.0,13768.0,100.0,60209247880.0,100.0,115737341414.0
2019-07-19,ZCH089YL,ST12000NM0007,12000138625024,0,83.0,190097696.0,90.0,0.0,100.0,8.0,100.0,0.0,87.0,539368094.0,84.0,14647.0,100.0,0.0,100.0,7.0,,,,,100.0,0.0,100.0,0.0,,,60.0,40.0,,,100.0,213.0,99.0,2732.0,40.0,40.0,100.0,0.0,100.0,0.0,200.0,0.0,100.0,13783.0,100.0,60253116424.0,100.0,115963052382.0
2019-07-20,ZCH089YL,ST12000NM0007,12000138625024,0,83.0,197013064.0,90.0,0.0,100.0,8.0,100.0,0.0,87.0,543364589.0,84.0,14679.0,100.0,0.0,100.0,7.0,,,,,100.0,0.0,100.0,0.0,,,61.0,39.0,,,100.0,213.0,99.0,2733.0,39.0,39.0,100.0,0.0,100.0,0.0,200.0,0.0,100.0,13815.0,100.0,60338865592.0,100.0,116372499974.0
2019-07-21,ZCH089YL,ST12000NM0007,12000138625024,0,76.0,36447352.0,90.0,0.0,100.0,8.0,100.0,0.0,87.0,546088885.0,84.0,14695.0,100.0,0.0,100.0,7.0,,,,,100.0,0.0,100.0,0.0,,,60.0,40.0,,,100.0,213.0,99.0,2734.0,40.0,40.0,100.0,0.0,100.0,0.0,200.0,0.0,100.0,13831.0,100.0,60388733744.0,100.0,116650347838.0
2019-07-22,ZCH089YL,ST12000NM0007,12000138625024,0,80.0,109198256.0,90.0,0.0,100.0,8.0,100.0,0.0,87.0,552183694.0,84.0,14726.0,100.0,0.0,100.0,7.0,,,,,100.0,0.0,100.0,0.0,,,60.0,40.0,,,100.0,214.0,99.0,2735.0,40.0,40.0,100.0,0.0,100.0,0.0,200.0,0.0,100.0,13863.0,100.0,60495091008.0,100.0,117105023350.0
2019-07-23,ZCH089YL,ST12000NM0007,12000138625024,0,79.0,88226312.0,90.0,0.0,100.0,8.0,100.0,0.0,87.0,554154115.0,84.0,14742.0,100.0,0.0,100.0,7.0,,,,,100.0,0.0,100.0,0.0,,,61.0,39.0,,,100.0,214.0,99.0,2736.0,39.0,39.0,100.0,0.0,100.0,0.0,200.0,0.0,100.0,13878.0,100.0,60550273048.0,100.0,117273010022.0
2019-07-24,ZCH089YL,ST12000NM0007,12000138625024,0,80.0,104478376.0,90.0,0.0,100.0,8.0,100.0,0.0,87.0,556358100.0,84.0,14758.0,100.0,0.0,100.0,7.0,,,,,100.0,0.0,100.0,0.0,,,61.0,39.0,,,100.0,214.0,99.0,2737.0,39.0,39.0,100.0,0.0,100.0,0.0,200.0,0.0,100.0,13894.0,100.0,60611827968.0,100.0,117471847822.0
2019-07-25,ZCH089YL,ST12000NM0007,12000138625024,0,80.0,92746520.0,90.0,0.0,100.0,8.0,100.0,0.0,87.0,560822751.0,84.0,14790.0,100.0,0.0,100.0,7.0,,,,,100.0,0.0,100.0,0.0,,,61.0,39.0,,,100.0,214.0,99.0,2739.0,39.0,39.0,100.0,0.0,100.0,0.0,200.0,0.0,100.0,13925.0,100.0,60722542824.0,100.0,117837682470.0
2019-07-26,ZCH089YL,ST12000NM0007,12000138625024,0,84.0,225838344.0,90.0,0.0,100.0,8.0,100.0,0.0,88.0,563204455.0,84.0,14806.0,100.0,0.0,100.0,7.0,,,,,100.0,0.0,100.0,0.0,,,61.0,39.0,,,100.0,214.0,99.0,2740.0,39.0,39.0,100.0,0.0,100.0,0.0,200.0,0.0,100.0,13941.0,100.0,60755734384.0,100.0,117937582734.0
2019-07-27,ZCH089YL,ST12000NM0007,12000138625024,0,77.0,46121632.0,90.0,0.0,100.0,8.0,100.0,0.0,88.0,567955547.0,84.0,14837.0,100.0,0.0,100.0,7.0,,,,,100.0,0.0,100.0,0.0,,,60.0,40.0,,,100.0,215.0,99.0,2741.0,40.0,40.0,100.0,0.0,100.0,0.0,200.0,0.0,100.0,13972.0,100.0,60864388488.0,100.0,118381634310.0
2019-07-28,ZCH089YL,ST12000NM0007,12000138625024,0,79.0,75699328.0,90.0,0.0,100.0,8.0,100.0,0.0,88.0,570137873.0,84.0,14853.0,100.0,0.0,100.0,7.0,,,,,100.0,0.0,100.0,0.0,,,61.0,39.0,,,100.0,215.0,99.0,2742.0,39.0,39.0,100.0,0.0,100.0,0.0,200.0,0.0,100.0,13988.0,100.0,60916835584.0,100.0,118602905606.0
2019-07-29,ZCH089YL,ST12000NM0007,12000138625024,0,77.0,50289264.0,90.0,0.0,100.0,8.0,100.0,0.0,88.0,574172098.0,84.0,14885.0,100.0,0.0,100.0,7.0,,,,,100.0,0.0,100.0,0.0,,,60.0,40.0,,,100.0,215.0,99.0,2743.0,40.0,40.0,100.0,0.0,100.0,0.0,200.0,0.0,100.0,14020.0,100.0,60994442000.0,100.0,118988170726.0
2019-07-30,ZCH089YL,ST12000NM0007,12000138625024,0,81.0,124334000.0,90.0,0.0,100.0,8.0,100.0,0.0,88.0,577684805.0,83.0,14901.0,100.0,0.0,100.0,7.0,,,,,100.0,0.0,100.0,0.0,,,61.0,39.0,,,100.0,215.0,99.0,2744.0,39.0,39.0,100.0,0.0,100.0,0.0,200.0,0.0,100.0,14035.0,100.0,61066274392.0,100.0,119234523718.0
2019-07-31,ZCH089YL,ST12000NM0007,12000138625024,0,81.0,129473712.0,90.0,0.0,100.0,8.0,100.0,0.0,88.0,581835003.0,83.0,14932.0,100.0,0.0,100.0,7.0,,,,,100.0,0.0,100.0,0.0,,,61.0,39.0,,,100.0,215.0,99.0,2745.0,39.0,39.0,100.0,0.0,100.0,0.0,200.0,0.0,100.0,14067.0,100.0,61134111832.0,100.0,119660107366.0
2019-08-01,ZCH089YL,ST12000NM0007,12000138625024,0,64.0,2620376.0,90.0,0.0,100.0,8.0,100.0,0.0,88.0,586175049.0,83.0,14964.0,100.0,0.0,100.0,7.0,,,,,100.0,0.0,100.0,0.0,,,62.0,38.0,,,100.0,216.0,99.0,2747.0,38.0,38.0,100.0,0.0,100.0,0.0,200.0,0.0,100.0,14098.0,100.0,61176536872.0,100.0,119979110302.0
2019-08-02,ZCH089YL,ST12000NM0007,12000138625024,0,83.0,190045800.0,90.0,0.0,100.0,8.0,100.0,0.0,88.0,588047979.0,83.0,14980.0,100.0,0.0,100.0,7.0,,,,,100.0,0.0,100.0,0.0,,,61.0,39.0,,,100.0,216.0,99.0,2747.0,39.0,39.0,100.0,0.0,100.0,0.0,200.0,0.0,100.0,14114.0,100.0,61201164240.0,100.0,120141908358.0
2019-08-03,ZCH089YL,ST12000NM0007,12000138625024,0,80.0,99958992.0,90.0,0.0,100.0,8.0,100.0,0.0,88.0,591411471.0,83.0,15012.0,100.0,0.0,100.0,7.0,,,,,100.0,0.0,100.0,0.0,,,61.0,39.0,,,100.0,217.0,99.0,2749.0,39.0,39.0,100.0,0.0,100.0,0.0,200.0,0.0,100.0,14146.0,100.0,61240316152.0,100.0,120500951278.0
2019-08-04,ZCH089YL,ST12000NM0007,12000138625024,0,75.0,34540104.0,90.0,0.0,100.0,8.0,100.0,0.0,88.0,592923524.0,83.0,15028.0,100.0,0.0,100.0,7.0,,,,,100.0,0.0,100.0,0.0,,,61.0,39.0,,,100.0,217.0,99.0,2749.0,39.0,39.0,100.0,0.0,100.0,0.0,200.0,0.0,100.0,14162.0,100.0,61254788128.0,100.0,120665201062.0
2019-08-05,ZCH089YL,ST12000NM0007,12000138625024,0,67.0,5299424.0,90.0,0.0,100.0,8.0,100.0,0.0,88.0,597114119.0,83.0,15059.0,100.0,0.0,100.0,7.0,,,,,100.0,0.0,100.0,0.0,,,60.0,40.0,,,100.0,219.0,99.0,2751.0,40.0,40.0,100.0,0.0,100.0,0.0,200.0,0.0,100.0,14193.0,100.0,61297606736.0,100.0,121081423198.0
2019-08-06,ZCH089YL,ST12000NM0007,12000138625024,0,67.0,4704784.0,90.0,0.0,100.0,8.0,100.0,0.0,88.0,599237509.0,83.0,15075.0,100.0,0.0,100.0,7.0,,,,,100.0,0.0,100.0,0.0,,,61.0,39.0,,,100.0,219.0,99.0,2751.0,39.0,39.0,100.0,0.0,100.0,0.0,200.0,0.0,100.0,14209.0,100.0,61316783056.0,100.0,121305793334.0
2019-08-07,ZCH089YL,ST12000NM0007,12000138625024,0,83.0,181251456.0,90.0,0.0,100.0,8.0,100.0,0.0,88.0,602468170.0,83.0,15107.0,100.0,0.0,100.0,7.0,,,,,100.0,0.0,100.0,0.0,,,62.0,38.0,,,100.0,219.0,99.0,2753.0,38.0,38.0,100.0,0.0,100.0,0.0,200.0,0.0,100.0,14241.0,100.0,61352703120.0,100.0,121690560590.0
2019-08-08,ZCH089YL,ST12000NM0007,12000138625024,0,80.0,99103592.0,90.0,0.0,100.0,8.0,100.0,0.0,88.0,604468457.0,83.0,15123.0,100.0,0.0,100.0,7.0,,,,,100.0,0.0,100.0,0.0,,,62.0,38.0,,,100.0,219.0,99.0,2753.0,38.0,38.0,100.0,0.0,100.0,0.0,200.0,0.0,100.0,14257.0,100.0,61379596720.0,100.0,121825659774.0
2019-08-09,ZCH089YL,ST12000NM0007,12000138625024,0,83.0,212382024.0,90.0,0.0,100.0,8.0,100.0,0.0,88.0,607925178.0,83.0,15155.0,100.0,0.0,100.0,7.0,,,,,100.0,0.0,100.0,0.0,,,61.0,39.0,,,100.0,219.0,99.0,2755.0,39.0,39.0,100.0,0.0,100.0,0.0,200.0,0.0,100.0,14288.0,100.0,61405882192.0,100.0,122156793526.0
2019-08-10,ZCH089YL,ST12000NM0007,12000138625024,0,83.0,199581576.0,90.0,0.0,100.0,8.0,100.0,0.0,88.0,609641267.0,83.0,15171.0,100.0,0.0,100.0,7.0,,,,,100.0,0.0,100.0,0.0,,,63.0,37.0,,,100.0,219.0,99.0,2755.0,37.0,37.0,100.0,0.0,100.0,0.0,200.0,0.0,100.0,14304.0,100.0,61416892936.0,100.0,122377122982.0
2019-08-11,ZCH089YL,ST12000NM0007,12000138625024,0,71.0,12888352.0,90.0,0.0,100.0,8.0,100.0,0.0,88.0,615131769.0,83.0,15203.0,100.0,0.0,100.0,7.0,,,,,100.0,0.0,100.0,0.0,,,62.0,38.0,,,100.0,219.0,99.0,2757.0,38.0,38.0,100.0,0.0,100.0,0.0,200.0,0.0,100.0,14336.0,100.0,61451747440.0,100.0,122887997542.0
2019-08-12,ZCH089YL,ST12000NM0007,12000138625024,0,84.0,242417320.0,90.0,0.0,100.0,8.0,100.0,0.0,88.0,616604274.0,83.0,15219.0,100.0,0.0,100.0,7.0,,,,,100.0,0.0,100.0,0.0,,,63.0,37.0,,,100.0,219.0,99.0,2757.0,37.0,37.0,100.0,0.0,100.0,0.0,200.0,0.0,100.0,14352.0,100.0,61461657848.0,100.0,123107616102.0
2019-08-13,ZCH089YL,ST12000NM0007,12000138625024,0,83.0,205828832.0,90.0,0.0,100.0,8.0,100.0,0.0,88.0,620897006.0,83.0,15250.0,100.0,0.0,100.0,7.0,,,,,100.0,0.0,100.0,0.0,,,61.0,39.0,,,100.0,220.0,99.0,2759.0,39.0,39.0,100.0,0.0,100.0,0.0,200.0,0.0,100.0,14383.0,100.0,61494883880.0,100.0,123526082910.0
2019-08-14,ZCH089YL,ST12000NM0007,12000138625024,0,82.0,145573176.0,90.0,0.0,100.0,8.0,100.0,0.0,88.0,622504703.0,83.0,15266.0,100.0,0.0,100.0,7.0,,,,,100.0,0.0,100.0,0.0,,,62.0,38.0,,,100.0,220.0,99.0,2759.0,38.0,38.0,100.0,0.0,100.0,0.0,200.0,0.0,100.0,14399.0,100.0,61509333248.0,100.0,123695518566.0
2019-08-15,ZCH089YL,ST12000NM0007,12000138625024,0,75.0,33867816.0,90.0,0.0,100.0,8.0,100.0,0.0,88.0,626796098.0,83.0,15298.0,100.0,0.0,100.0,7.0,,,,,100.0,0.0,100.0,0.0,,,64.0,36.0,,,100.0,221.0,99.0,2761.0,36.0,36.0,100.0,0.0,100.0,0.0,200.0,0.0,100.0,14430.0,100.0,61548187400.0,100.0,124033241030.0
2019-08-16,ZCH089YL,ST12000NM0007,12000138625024,0,83.0,222071776.0,90.0,0.0,100.0,8.0,100.0,0.0,88.0,628110962.0,83.0,15314.0,100.0,0.0,100.0,7.0,,,,,100.0,0.0,100.0,0.0,,,64.0,36.0,,,100.0,221.0,99.0,2762.0,36.0,36.0,100.0,0.0,100.0,0.0,200.0,0.0,100.0,14446.0,100.0,61556573776.0,100.0,124213058614.0
2019-08-17,ZCH089YL,ST12000NM0007,12000138625024,0,82.0,148267210.0,90.0,0.0,100.0,9.0,100.0,0.0,88.0,631155946.0,83.0,15345.0,100.0,0.0,100.0,8.0,,,,,100.0,0.0,100.0,0.0,,,64.0,36.0,,,100.0,221.0,99.0,2766.0,36.0,36.0,100.0,0.0,100.0,0.0,200.0,0.0,100.0,14477.0,100.0,61587129760.0,100.0,124596979496.0
2019-08-18,ZCH089YL,ST12000NM0007,12000138625024,0,78.0,59557280.0,90.0,0.0,100.0,9.0,100.0,0.0,88.0,634179478.0,83.0,15377.0,100.0,0.0,100.0,8.0,,,,,100.0,0.0,100.0,0.0,,,63.0,37.0,,,100.0,221.0,99.0,2767.0,37.0,37.0,100.0,0.0,100.0,0.0,200.0,0.0,100.0,14509.0,100.0,61613254976.0,100.0,124970425808.0
2019-08-19,ZCH089YL,ST12000NM0007,12000138625024,0,77.0,51438840.0,90.0,0.0,100.0,9.0,100.0,0.0,88.0,636086727.0,83.0,15393.0,100.0,0.0,100.0,8.0,,,,,100.0,0.0,100.0,0.0,,,62.0,38.0,,,100.0,222.0,99.0,2768.0,38.0,38.0,100.0,0.0,100.0,0.0,200.0,0.0,100.0,14525.0,100.0,61632055176.0,100.0,125187647800.0
2019-08-20,ZCH089YL,ST12000NM0007,12000138625024,0,77.0,47018168.0,90.0,0.0,100.0,9.0,100.0,0.0,88.0,638562149.0,83.0,15409.0,100.0,0.0,100.0,8.0,,,,,100.0,0.0,100.0,0.0,,,63.0,37.0,,,100.0,222.0,99.0,2768.0,37.0,37.0,100.0,0.0,100.0,0.0,200.0,0.0,100.0,14541.0,100.0,61654857936.0,100.0,125404565080.0
2019-08-21,ZCH089YL,ST12000NM0007,12000138625024,0,83.0,221282480.0,90.0,0.0,100.0,10.0,100.0,0.0,88.0,641803711.0,83.0,15441.0,100.0,0.0,100.0,9.0,,,,,100.0,0.0,100.0,0.0,,,63.0,37.0,,,100.0,222.0,99.0,2772.0,37.0,37.0,100.0,0.0,100.0,0.0,200.0,0.0,100.0,14572.0,100.0,61684378232.0,100.0,125793449764.0
2019-08-22,ZCH089YL,ST12000NM0007,12000138625024,0,82.0,176885608.0,90.0,0.0,100.0,10.0,100.0,0.0,88.0,644339237.0,83.0,15457.0,100.0,0.0,100.0,9.0,,,,,100.0,0.0,100.0,0.0,,,63.0,37.0,,,100.0,222.0,99.0,2772.0,37.0,37.0,100.0,0.0,100.0,0.0,200.0,0.0,100.0,14588.0,100.0,61704767616.0,100.0,125972804180.0
2019-08-23,ZCH089YL,ST12000NM0007,12000138625024,0,81.0,117270056.0,90.0,0.0,100.0,10.0,100.0,0.0,88.0,647867556.0,83.0,15488.0,100.0,0.0,100.0,9.0,,,,,100.0,0.0,100.0,0.0,,,63.0,37.0,,,100.0,222.0,99.0,2774.0,37.0,37.0,100.0,0.0,100.0,0.0,200.0,0.0,100.0,14620.0,100.0,61748285464.0,100.0,126357952236.0
2019-08-24,ZCH089YL,ST12000NM0007,12000138625024,0,83.0,183106264.0,90.0,0.0,100.0,10.0,100.0,0.0,88.0,650859502.0,83.0,15520.0,100.0,0.0,100.0,9.0,,,,,100.0,0.0,100.0,0.0,,,63.0,37.0,,,100.0,222.0,99.0,2775.0,37.0,37.0,100.0,0.0,100.0,0.0,200.0,0.0,100.0,14651.0,100.0,61778060552.0,100.0,126638154132.0
2019-08-25,ZCH089YL,ST12000NM0007,12000138625024,0,82.0,158578136.0,90.0,0.0,100.0,10.0,100.0,0.0,88.0,652625995.0,83.0,15536.0,100.0,0.0,100.0,9.0,,,,,100.0,0.0,100.0,0.0,,,63.0,37.0,,,100.0,222.0,99.0,2776.0,37.0,37.0,100.0,0.0,100.0,0.0,200.0,0.0,100.0,14667.0,100.0,61798587768.0,100.0,126837239420.0
2019-08-26,ZCH089YL,ST12000NM0007,12000138625024,0,81.0,118765048.0,90.0,0.0,100.0,10.0,100.0,0.0,88.0,658504443.0,83.0,15584.0,100.0,0.0,100.0,9.0,,,,,100.0,0.0,100.0,0.0,,,52.0,48.0,,,100.0,222.0,99.0,2777.0,48.0,48.0,100.0,0.0,100.0,0.0,200.0,0.0,100.0,14714.0,100.0,61853836208.0,100.0,127474600132.0
2019-08-27,ZCH089YL,ST12000NM0007,12000138625024,0,81.0,118765048.0,90.0,0.0,100.0,10.0,100.0,0.0,88.0,658504443.0,83.0,15584.0,100.0,0.0,100.0,9.0,,,,,100.0,0.0,100.0,0.0,,,52.0,48.0,,,100.0,222.0,99.0,2777.0,48.0,48.0,100.0,0.0,100.0,0.0,200.0,0.0,100.0,14714.0,100.0,61853836208.0,100.0,127474600132.0
2019-08-28,ZCH089YL,ST12000NM0007,12000138625024,0,82.0,141403312.0,90.0,0.0,100.0,10.0,100.0,0.0,88.0,664140580.0,83.0,15615.0,100.0,0.0,100.0,9.0,,,,,100.0,0.0,100.0,0.0,,,63.0,37.0,,,100.0,222.0,99.0,2779.0,37.0,37.0,100.0,0.0,100.0,0.0,200.0,0.0,100.0,14746.0,100.0,61902319072.0,100.0,127937036956.0
2019-08-29,ZCH089YL,ST12000NM0007,12000138625024,0,79.0,77761064.0,90.0,0.0,100.0,10.0,100.0,0.0,88.0,666823764.0,83.0,15631.0,100.0,0.0,100.0,9.0,,,,,100.0,0.0,100.0,0.0,,,63.0,37.0,,,100.0,222.0,99.0,2780.0,37.0,37.0,100.0,0.0,100.0,0.0,200.0,0.0,100.0,14762.0,100.0,61925934176.0,100.0,128093920284.0
2019-08-30,ZCH089YL,ST12000NM0007,12000138625024,0,80.0,94229816.0,90.0,0.0,100.0,10.0,100.0,0.0,88.0,670683431.0,83.0,15663.0,100.0,0.0,100.0,9.0,,,,,100.0,0.0,100.0,0.0,,,63.0,37.0,,,100.0,222.0,99.0,2781.0,37.0,37.0,100.0,0.0,100.0,0.0,200.0,0.0,100.0,14793.0,100.0,61966821928.0,100.0,128557782748.0
2019-08-31,ZCH089YL,ST12000NM0007,12000138625024,0,80.0,105781208.0,90.0,0.0,100.0,10.0,100.0,0.0,88.0,672858654.0,83.0,15679.0,100.0,0.0,100.0,9.0,,,,,100.0,0.0,100.0,0.0,,,63.0,37.0,,,100.0,222.0,99.0,2782.0,37.0,37.0,100.0,0.0,100.0,0.0,200.0,0.0,100.0,14809.0,100.0,61999473736.0,100.0,128780823036.0
2019-09-01,ZCH089YL,ST12000NM0007,12000138625024,0,79.0,84734296.0,90.0,0.0,100.0,10.0,100.0,0.0,88.0,675712920.0,83.0,15711.0,100.0,0.0,100.0,9.0,,,,,100.0,0.0,100.0,0.0,,,63.0,37.0,,,100.0,223.0,99.0,2783.0,37.0,37.0,100.0,0.0,100.0,0.0,200.0,0.0,100.0,14841.0,100.0,62035467224.0,100.0,129212063924.0
2019-09-02,ZCH089YL,ST12000NM0007,12000138625024,0,78.0,56291800.0,90.0,0.0,100.0,10.0,100.0,0.0,88.0,676911611.0,83.0,15726.0,100.0,0.0,100.0,9.0,,,,,100.0,0.0,100.0,0.0,,,64.0,36.0,,,100.0,223.0,99.0,2784.0,36.0,36.0,100.0,0.0,100.0,0.0,200.0,0.0,100.0,14856.0,100.0,62054354840.0,100.0,129408874868.0
2019-09-03,ZCH089YL,ST12000NM0007,12000138625024,0,79.0,79589200.0,90.0,0.0,100.0,10.0,100.0,0.0,88.0,680984926.0,83.0,15758.0,100.0,0.0,100.0,9.0,,,,,100.0,0.0,100.0,0.0,,,63.0,37.0,,,100.0,223.0,99.0,2785.0,37.0,37.0,100.0,0.0,100.0,0.0,200.0,0.0,100.0,14888.0,100.0,62111099536.0,100.0,129863709356.0
2019-09-04,ZCH089YL,ST12000NM0007,12000138625024,0,79.0,71623664.0,90.0,0.0,100.0,10.0,100.0,0.0,88.0,682641519.0,82.0,15774.0,100.0,0.0,100.0,9.0,,,,,100.0,0.0,100.0,0.0,,,63.0,37.0,,,100.0,223.0,99.0,2785.0,37.0,37.0,100.0,0.0,100.0,0.0,200.0,0.0,100.0,14904.0,100.0,62142937896.0,100.0,130068046108.0
2019-09-05,ZCH089YL,ST12000NM0007,12000138625024,0,75.0,34392264.0,90.0,0.0,100.0,10.0,100.0,0.0,88.0,684931413.0,82.0,15790.0,100.0,0.0,100.0,9.0,,,,,100.0,0.0,100.0,0.0,,,62.0,38.0,,,100.0,223.0,99.0,2786.0,38.0,38.0,100.0,0.0,100.0,0.0,200.0,0.0,100.0,14920.0,100.0,62176835320.0,100.0,130241058028.0
2019-09-06,ZCH089YL,ST12000NM0007,12000138625024,0,83.0,189781568.0,90.0,0.0,100.0,10.0,100.0,0.0,88.0,688760863.0,82.0,15821.0,100.0,0.0,100.0,9.0,,,,,100.0,0.0,100.0,0.0,,,63.0,37.0,,,100.0,223.0,99.0,2788.0,37.0,37.0,100.0,0.0,100.0,0.0,200.0,0.0,100.0,14951.0,100.0,62228884664.0,100.0,130588538852.0
2019-09-07,ZCH089YL,ST12000NM0007,12000138625024,0,81.0,135725872.0,90.0,0.0,100.0,10.0,100.0,0.0,88.0,690670654.0,82.0,15837.0,100.0,0.0,100.0,9.0,,,,,100.0,0.0,100.0,0.0,,,63.0,37.0,,,100.0,224.0,99.0,2789.0,37.0,37.0,100.0,0.0,100.0,0.0,200.0,0.0,100.0,14967.0,100.0,62262554480.0,100.0,130744954028.0
2019-09-08,ZCH089YL,ST12000NM0007,12000138625024,0,74.0,27553176.0,90.0,0.0,100.0,10.0,100.0,0.0,88.0,693866427.0,82.0,15869.0,100.0,0.0,100.0,9.0,,,,,100.0,0.0,100.0,0.0,,,63.0,37.0,,,100.0,224.0,99.0,2790.0,37.0,37.0,100.0,0.0,100.0,0.0,200.0,0.0,100.0,14998.0,100.0,62325723744.0,100.0,131061893540.0
2019-09-09,ZCH089YL,ST12000NM0007,12000138625024,0,84.0,228596272.0,90.0,0.0,100.0,10.0,100.0,0.0,88.0,695215055.0,82.0,15885.0,100.0,0.0,100.0,9.0,,,,,100.0,0.0,100.0,0.0,,,63.0,37.0,,,100.0,224.0,99.0,2791.0,37.0,37.0,100.0,0.0,100.0,0.0,200.0,0.0,100.0,15014.0,100.0,62344369352.0,100.0,131244291028.0
2019-09-10,ZCH089YL,ST12000NM0007,12000138625024,0,84.0,228116672.0,90.0,0.0,100.0,10.0,100.0,0.0,88.0,699292040.0,82.0,15917.0,100.0,0.0,100.0,9.0,,,,,100.0,0.0,100.0,0.0,,,62.0,38.0,,,100.0,224.0,99.0,2792.0,38.0,38.0,100.0,0.0,100.0,0.0,200.0,0.0,100.0,15046.0,100.0,62410652864.0,100.0,131665809260.0
2019-09-11,ZCH089YL,ST12000NM0007,12000138625024,0,81.0,136192024.0,90.0,0.0,100.0,10.0,100.0,0.0,88.0,702236121.0,82.0,15949.0,100.0,0.0,100.0,9.0,,,,,100.0,0.0,100.0,0.0,,,63.0,37.0,,,100.0,225.0,99.0,2794.0,37.0,37.0,100.0,0.0,100.0,0.0,200.0,0.0,100.0,15077.0,100.0,62468677648.0,100.0,132004141460.0
2019-09-12,ZCH089YL,ST12000NM0007,12000138625024,0,80.0,93182720.0,90.0,0.0,100.0,10.0,100.0,0.0,88.0,704815232.0,82.0,15965.0,100.0,0.0,100.0,9.0,,,,,100.0,0.0,100.0,0.0,,,63.0,37.0,,,100.0,225.0,99.0,2794.0,37.0,37.0,100.0,0.0,100.0,0.0,200.0,0.0,100.0,15093.0,100.0,62492914408.0,100.0,132181036276.0
2019-09-13,ZCH089YL,ST12000NM0007,12000138625024,0,81.0,135143672.0,90.0,0.0,100.0,10.0,100.0,0.0,89.0,710059369.0,82.0,15996.0,100.0,0.0,100.0,9.0,,,,,100.0,0.0,100.0,0.0,,,63.0,37.0,,,100.0,226.0,99.0,2796.0,37.0,37.0,100.0,0.0,100.0,0.0,200.0,0.0,100.0,15125.0,100.0,62572248456.0,100.0,132631944836.0
2019-09-14,ZCH089YL,ST12000NM0007,12000138625024,0,82.0,147346328.0,90.0,0.0,100.0,10.0,100.0,0.0,89.0,711775918.0,82.0,16012.0,100.0,0.0,100.0,9.0,,,,,100.0,0.0,100.0,0.0,,,62.0,38.0,,,100.0,226.0,99.0,2796.0,38.0,38.0,100.0,0.0,100.0,0.0,200.0,0.0,100.0,15141.0,100.0,62612287392.0,100.0,132848249612.0
2019-09-15,ZCH089YL,ST12000NM0007,12000138625024,0,78.0,57714976.0,90.0,0.0,100.0,10.0,100.0,0.0,89.0,714662336.0,82.0,16044.0,100.0,0.0,100.0,9.0,,,,,100.0,0.0,100.0,0.0,,,63.0,37.0,,,100.0,226.0,99.0,2798.0,37.0,37.0,100.0,0.0,100.0,0.0,200.0,0.0,100.0,15172.0,100.0,62670344752.0,100.0,133188842260.0
2019-09-16,ZCH089YL,ST12000NM0007,12000138625024,0,73.0,21606128.0,90.0,0.0,100.0,10.0,100.0,0.0,89.0,716267017.0,82.0,16060.0,100.0,0.0,100.0,9.0,,,,,100.0,0.0,100.0,0.0,,,63.0,37.0,,,100.0,226.0,99.0,2798.0,37.0,37.0,100.0,0.0,100.0,0.0,200.0,0.0,100.0,15188.0,100.0,62697570728.0,100.0,133369648220.0
2019-09-17,ZCH089YL,ST12000NM0007,12000138625024,0,76.0,37227536.0,90.0,0.0,100.0,10.0,100.0,0.0,89.0,720711090.0,82.0,16092.0,100.0,0.0,100.0,9.0,,,,,100.0,0.0,100.0,0.0,,,63.0,37.0,,,100.0,226.0,99.0,2800.0,37.0,37.0,100.0,0.0,100.0,0.0,200.0,0.0,100.0,15220.0,100.0,62764415336.0,100.0,133806706564.0
2019-09-18,ZCH089YL,ST12000NM0007,12000138625024,0,84.0,230039560.0,90.0,0.0,100.0,10.0,100.0,0.0,89.0,721921400.0,82.0,16108.0,100.0,0.0,100.0,9.0,,,,,100.0,0.0,100.0,0.0,,,63.0,37.0,,,100.0,226.0,99.0,2800.0,37.0,37.0,100.0,0.0,100.0,0.0,200.0,0.0,100.0,15236.0,100.0,62786232416.0,100.0,133977701508.0
2019-09-19,ZCH089YL,ST12000NM0007,12000138625024,0,83.0,217768744.0,90.0,0.0,100.0,10.0,100.0,0.0,89.0,723754871.0,82.0,16123.0,100.0,0.0,100.0,9.0,,,,,100.0,0.0,100.0,0.0,,,62.0,38.0,,,100.0,226.0,99.0,2801.0,38.0,38.0,100.0,0.0,100.0,0.0,200.0,0.0,100.0,15252.0,100.0,62817061256.0,100.0,134178742540.0
2019-09-20,ZCH089YL,ST12000NM0007,12000138625024,0,82.0,159878624.0,90.0,0.0,100.0,10.0,100.0,0.0,89.0,727984683.0,82.0,16155.0,100.0,0.0,100.0,9.0,,,,,100.0,0.0,100.0,0.0,,,62.0,38.0,,,100.0,227.0,99.0,2802.0,38.0,38.0,100.0,0.0,100.0,0.0,200.0,0.0,100.0,15283.0,100.0,62895177632.0,100.0,134531017844.0
2019-09-21,ZCH089YL,ST12000NM0007,12000138625024,0,82.0,152644040.0,90.0,0.0,100.0,10.0,100.0,0.0,89.0,729756173.0,82.0,16171.0,100.0,0.0,100.0,9.0,,,,,100.0,0.0,100.0,0.0,,,63.0,37.0,,,100.0,227.0,99.0,2803.0,37.0,37.0,100.0,0.0,100.0,0.0,200.0,0.0,100.0,15299.0,100.0,62936321592.0,100.0,134726779932.0
2019-09-22,ZCH089YL,ST12000NM0007,12000138625024,0,81.0,134215104.0,90.0,0.0,100.0,10.0,100.0,0.0,89.0,733031299.0,82.0,16203.0,100.0,0.0,100.0,9.0,,,,,100.0,0.0,100.0,0.0,,,63.0,37.0,,,100.0,228.0,99.0,2804.0,37.0,37.0,100.0,0.0,100.0,0.0,200.0,0.0,100.0,15331.0,100.0,62994168648.0,100.0,135138785692.0
2019-09-23,ZCH089YL,ST12000NM0007,12000138625024,0,80.0,106563016.0,90.0,0.0,100.0,10.0,100.0,0.0,89.0,734458597.0,82.0,16219.0,100.0,0.0,100.0,9.0,,,,,100.0,0.0,100.0,0.0,,,63.0,37.0,,,100.0,228.0,99.0,2805.0,37.0,37.0,100.0,0.0,100.0,0.0,200.0,0.0,100.0,15346.0,100.0,63015530688.0,100.0,135333912236.0
2019-09-24,ZCH089YL,ST12000NM0007,12000138625024,0,79.0,79319408.0,90.0,0.0,100.0,10.0,100.0,0.0,89.0,738625383.0,82.0,16251.0,100.0,0.0,100.0,9.0,,,,,100.0,0.0,100.0,0.0,,,63.0,37.0,,,100.0,228.0,99.0,2806.0,37.0,37.0,100.0,0.0,100.0,0.0,200.0,0.0,100.0,15378.0,100.0,63082810080.0,100.0,135727671012.0
2019-09-25,ZCH089YL,ST12000NM0007,12000138625024,0,83.0,190888576.0,90.0,0.0,100.0,10.0,100.0,0.0,89.0,741369705.0,82.0,16282.0,100.0,0.0,100.0,9.0,,,,,100.0,0.0,100.0,0.0,,,62.0,38.0,,,100.0,228.0,99.0,2808.0,38.0,38.0,100.0,0.0,100.0,0.0,200.0,0.0,100.0,15410.0,100.0,63154711584.0,100.0,136011479524.0
2019-09-26,ZCH089YL,ST12000NM0007,12000138625024,0,81.0,116157096.0,90.0,0.0,100.0,10.0,100.0,0.0,89.0,743862349.0,82.0,16298.0,100.0,0.0,100.0,9.0,,,,,100.0,0.0,100.0,0.0,,,63.0,37.0,,,100.0,228.0,99.0,2808.0,37.0,37.0,100.0,0.0,100.0,0.0,200.0,0.0,100.0,15426.0,100.0,63204239248.0,100.0,136131361156.0
2019-09-27,ZCH089YL,ST12000NM0007,12000138625024,0,81.0,114706928.0,90.0,0.0,100.0,10.0,100.0,0.0,89.0,747193667.0,82.0,16330.0,100.0,0.0,100.0,9.0,,,,,100.0,0.0,100.0,0.0,,,63.0,37.0,,,100.0,228.0,99.0,2810.0,37.0,37.0,100.0,0.0,100.0,0.0,200.0,0.0,100.0,15457.0,100.0,63278929824.0,100.0,136543502172.0
2019-09-28,ZCH089YL,ST12000NM0007,12000138625024,0,79.0,82016640.0,90.0,0.0,100.0,10.0,100.0,0.0,89.0,748657399.0,82.0,16346.0,100.0,0.0,100.0,9.0,,,,,100.0,0.0,100.0,0.0,,,62.0,38.0,,,100.0,228.0,99.0,2810.0,38.0,38.0,100.0,0.0,100.0,0.0,200.0,0.0,100.0,15473.0,100.0,63307860216.0,100.0,136726022148.0
2019-09-29,ZCH089YL,ST12000NM0007,12000138625024,0,83.0,213699592.0,90.0,0.0,100.0,10.0,100.0,0.0,89.0,751315852.0,82.0,16378.0,100.0,0.0,100.0,9.0,,,,,100.0,0.0,100.0,0.0,,,62.0,38.0,,,100.0,229.0,99.0,2812.0,38.0,38.0,100.0,0.0,100.0,0.0,200.0,0.0,100.0,15504.0,100.0,63359829120.0,100.0,137049876892.0
2019-09-30,ZCH089YL,ST12000NM0007,12000138625024,0,82.0,148108256.0,90.0,0.0,100.0,10.0,100.0,0.0,89.0,752650669.0,82.0,16394.0,100.0,0.0,100.0,9.0,,,,,100.0,0.0,100.0,0.0,,,62.0,38.0,,,100.0,229.0,99.0,2812.0,38.0,38.0,100.0,0.0,100.0,0.0,200.0,0.0,100.0,15520.0,100.0,63384152520.0,100.0,137204103012.0
2019-10-01,ZCH089YL,ST12000NM0007,12000138625024,0,83.0,207939024.0,90.0,0.0,100.0,10.0,100.0,0.0,89.0,757480619.0,82.0,16425.0,100.0,0.0,100.0,9.0,,,,,100.0,0.0,100.0,0.0,,,62.0,38.0,,,100.0,229.0,99.0,2814.0,38.0,38.0,100.0,0.0,100.0,0.0,200.0,0.0,100.0,15552.0,100.0,63483067408.0,100.0,137653300788.0
2019-10-02,ZCH089YL,ST12000NM0007,12000138625024,0,84.0,225779120.0,90.0,0.0,100.0,10.0,100.0,0.0,89.0,760516473.0,82.0,16441.0,100.0,0.0,100.0,9.0,,,,,100.0,0.0,100.0,0.0,,,64.0,36.0,,,100.0,229.0,99.0,2814.0,36.0,36.0,100.0,0.0,100.0,0.0,200.0,0.0,100.0,15568.0,100.0,63528808304.0,100.0,137869541660.0
2019-10-03,ZCH089YL,ST12000NM0007,12000138625024,0,72.0,17007032.0,90.0,0.0,100.0,10.0,100.0,0.0,89.0,763980423.0,82.0,16473.0,100.0,0.0,100.0,9.0,,,,,100.0,0.0,100.0,0.0,,,63.0,37.0,,,100.0,230.0,99.0,2816.0,37.0,37.0,100.0,0.0,100.0,0.0,200.0,0.0,100.0,15600.0,100.0,63587742008.0,100.0,138090117308.0
2019-10-04,ZCH089YL,ST12000NM0007,12000138625024,0,80.0,101782112.0,90.0,0.0,100.0,10.0,100.0,0.0,89.0,765405541.0,82.0,16489.0,100.0,0.0,100.0,9.0,,,,,100.0,0.0,100.0,0.0,,,64.0,36.0,,,100.0,230.0,99.0,2817.0,36.0,36.0,100.0,0.0,100.0,0.0,200.0,0.0,100.0,15615.0,100.0,63632554984.0,100.0,138130079412.0
2019-10-05,ZCH089YL,ST12000NM0007,12000138625024,0,82.0,156194032.0,90.0,0.0,100.0,10.0,100.0,0.0,89.0,769328576.0,82.0,16521.0,100.0,0.0,100.0,9.0,,,,,100.0,0.0,100.0,0.0,,,64.0,36.0,,,100.0,230.0,99.0,2818.0,36.0,36.0,100.0,0.0,100.0,0.0,200.0,0.0,100.0,15647.0,100.0,63690585216.0,100.0,138370601740.0
2019-10-06,ZCH089YL,ST12000NM0007,12000138625024,0,84.0,224469704.0,90.0,0.0,100.0,10.0,100.0,0.0,89.0,770340335.0,82.0,16537.0,100.0,0.0,100.0,9.0,,,,,100.0,0.0,100.0,0.0,,,64.0,36.0,,,100.0,230.0,99.0,2819.0,36.0,36.0,100.0,0.0,100.0,0.0,200.0,0.0,100.0,15663.0,100.0,63715494368.0,100.0,138413968260.0
2019-10-07,ZCH089YL,ST12000NM0007,12000138625024,0,82.0,159285696.0,90.0,0.0,100.0,10.0,100.0,0.0,89.0,772653357.0,82.0,16569.0,100.0,0.0,100.0,9.0,,,,,100.0,0.0,100.0,0.0,,,63.0,37.0,,,100.0,231.0,99.0,2820.0,37.0,37.0,100.0,0.0,100.0,0.0,200.0,0.0,100.0,15695.0,100.0,63767721536.0,100.0,138540698092.0
2019-10-08,ZCH089YL,ST12000NM0007,12000138625024,0,84.0,226612744.0,90.0,0.0,100.0,10.0,100.0,0.0,89.0,774068444.0,82.0,16585.0,100.0,0.0,100.0,9.0,,,,,100.0,0.0,100.0,0.0,,,64.0,36.0,,,100.0,231.0,99.0,2821.0,36.0,36.0,100.0,0.0,100.0,0.0,200.0,0.0,100.0,15711.0,100.0,63792976840.0,100.0,138582769836.0
2019-10-09,ZCH089YL,ST12000NM0007,12000138625024,0,82.0,142003920.0,90.0,0.0,100.0,10.0,100.0,0.0,89.0,776208986.0,82.0,16617.0,100.0,0.0,100.0,9.0,,,,,100.0,0.0,100.0,0.0,,,64.0,36.0,,,100.0,231.0,99.0,2822.0,36.0,36.0,100.0,0.0,100.0,0.0,200.0,0.0,100.0,15743.0,100.0,63857756624.0,100.0,138677521924.0
2019-10-10,ZCH089YL,ST12000NM0007,12000138625024,0,75.0,30252736.0,90.0,0.0,100.0,10.0,100.0,0.0,89.0,778744283.0,82.0,16633.0,100.0,0.0,100.0,9.0,,,,,100.0,0.0,100.0,0.0,,,64.0,36.0,,,100.0,231.0,99.0,2823.0,36.0,36.0,100.0,0.0,100.0,0.0,200.0,0.0,100.0,15758.0,100.0,63911381000.0,100.0,138756287084.0
2019-10-11,ZCH089YL,ST12000NM0007,12000138625024,0,82.0,163620328.0,90.0,0.0,100.0,10.0,100.0,0.0,89.0,780773983.0,81.0,16664.0,100.0,0.0,100.0,9.0,,,,,100.0,0.0,100.0,0.0,,,64.0,36.0,,,100.0,232.0,99.0,2824.0,36.0,36.0,100.0,0.0,100.0,0.0,200.0,0.0,100.0,15790.0,100.0,63983960224.0,100.0,138817075452.0
2019-10-12,ZCH089YL,ST12000NM0007,12000138625024,0,84.0,230220576.0,90.0,0.0,100.0,10.0,100.0,0.0,89.0,781699701.0,81.0,16680.0,100.0,0.0,100.0,9.0,,,,,100.0,0.0,100.0,0.0,,,64.0,36.0,,,100.0,232.0,99.0,2825.0,36.0,36.0,100.0,0.0,100.0,0.0,200.0,0.0,100.0,15805.0,100.0,64023617440.0,100.0,138844018484.0
2019-10-13,ZCH089YL,ST12000NM0007,12000138625024,0,80.0,104253560.0,90.0,0.0,100.0,10.0,100.0,0.0,89.0,783312341.0,81.0,16712.0,100.0,0.0,100.0,9.0,,,,,100.0,0.0,100.0,0.0,,,63.0,37.0,,,100.0,233.0,99.0,2826.0,37.0,37.0,100.0,0.0,100.0,0.0,200.0,0.0,100.0,15837.0,100.0,64086984440.0,100.0,138898825124.0
2019-10-14,ZCH089YL,ST12000NM0007,12000138625024,0,82.0,154488464.0,90.0,0.0,100.0,10.0,100.0,0.0,89.0,784069382.0,81.0,16728.0,100.0,0.0,100.0,9.0,,,,,100.0,0.0,100.0,0.0,,,64.0,36.0,,,100.0,234.0,99.0,2827.0,36.0,36.0,100.0,0.0,100.0,0.0,200.0,0.0,100.0,15853.0,100.0,64114597808.0,100.0,138921446660.0
2019-10-15,ZCH089YL,ST12000NM0007,12000138625024,0,81.0,123551808.0,90.0,0.0,100.0,10.0,100.0,0.0,89.0,787897395.0,81.0,16775.0,100.0,0.0,100.0,9.0,,,,,100.0,0.0,100.0,0.0,,,64.0,36.0,,,100.0,235.0,99.0,2829.0,36.0,36.0,100.0,0.0,100.0,0.0,200.0,0.0,100.0,15900.0,100.0,64213741072.0,100.0,139035507372.0
2019-10-16,ZCH089YL,ST12000NM0007,12000138625024,0,81.0,123551808.0,90.0,0.0,100.0,10.0,100.0,0.0,89.0,787897395.0,81.0,16775.0,100.0,0.0,100.0,9.0,,,,,100.0,0.0,100.0,0.0,,,64.0,36.0,,,100.0,235.0,99.0,2829.0,36.0,36.0,100.0,0.0,100.0,0.0,200.0,0.0,100.0,15900.0,100.0,64213741072.0,100.0,139035507372.0
2019-10-17,ZCH089YL,ST12000NM0007,12000138625024,0,77.0,55192744.0,90.0,0.0,100.0,10.0,100.0,0.0,89.0,790904879.0,81.0,16807.0,100.0,0.0,100.0,9.0,,,,,100.0,0.0,100.0,0.0,,,64.0,36.0,,,100.0,236.0,99.0,2830.0,36.0,36.0,100.0,0.0,100.0,0.0,200.0,0.0,100.0,15932.0,100.0,64281824952.0,100.0,139143205148.0
2019-10-18,ZCH089YL,ST12000NM0007,12000138625024,0,80.0,109812386.0,90.0,0.0,100.0,10.0,100.0,0.0,89.0,791652880.0,81.0,16823.0,100.0,0.0,100.0,9.0,,,,,100.0,0.0,100.0,0.0,,,64.0,36.0,,,100.0,237.0,99.0,2832.0,36.0,36.0,100.0,0.0,100.0,0.0,200.0,0.0,100.0,15948.0,100.0,64313073416.0,100.0,139166576326.0
2019-10-19,ZCH089YL,ST12000NM0007,12000138625024,0,77.0,46092712.0,90.0,0.0,100.0,10.0,100.0,0.0,89.0,795322421.0,81.0,16855.0,100.0,0.0,100.0,9.0,,,,,100.0,0.0,100.0,0.0,,,63.0,37.0,,,100.0,237.0,99.0,2833.0,37.0,37.0,100.0,0.0,100.0,0.0,200.0,0.0,100.0,15980.0,100.0,64391007808.0,100.0,139269062998.0
2019-10-20,ZCH089YL,ST12000NM0007,12000138625024,0,81.0,120036008.0,90.0,0.0,100.0,10.0,100.0,0.0,89.0,796641854.0,81.0,16871.0,100.0,0.0,100.0,9.0,,,,,100.0,0.0,100.0,0.0,,,63.0,37.0,,,100.0,237.0,99.0,2834.0,37.0,37.0,100.0,0.0,100.0,0.0,200.0,0.0,100.0,15995.0,100.0,64422643296.0,100.0,139311370806.0
2019-10-21,ZCH089YL,ST12000NM0007,12000138625024,0,84.0,237701528.0,90.0,0.0,100.0,10.0,100.0,0.0,89.0,798942825.0,81.0,16903.0,100.0,0.0,100.0,9.0,,,,,100.0,0.0,100.0,0.0,,,63.0,37.0,,,100.0,237.0,99.0,2835.0,37.0,37.0,100.0,0.0,100.0,0.0,200.0,0.0,100.0,16027.0,100.0,64482073744.0,100.0,139369605878.0
2019-10-22,ZCH089YL,ST12000NM0007,12000138625024,0,81.0,114224648.0,90.0,0.0,100.0,10.0,100.0,0.0,89.0,801276086.0,81.0,16919.0,100.0,0.0,100.0,9.0,,,,,100.0,0.0,100.0,0.0,,,64.0,36.0,,,100.0,238.0,99.0,2836.0,36.0,36.0,100.0,0.0,100.0,0.0,200.0,0.0,100.0,16043.0,100.0,64527705040.0,100.0,139444638334.0
2019-10-23,ZCH089YL,ST12000NM0007,12000138625024,0,75.0,29287192.0,90.0,0.0,100.0,10.0,100.0,0.0,89.0,803412339.0,81.0,16951.0,100.0,0.0,100.0,9.0,,,,,100.0,0.0,100.0,0.0,,,63.0,37.0,,,100.0,239.0,99.0,2837.0,37.0,37.0,100.0,0.0,100.0,0.0,200.0,0.0,100.0,16074.0,100.0,64614218440.0,100.0,139517328406.0
2019-10-24,ZCH089YL,ST12000NM0007,12000138625024,0,81.0,132722720.0,90.0,0.0,100.0,10.0,100.0,0.0,89.0,805037892.0,81.0,16966.0,100.0,0.0,100.0,9.0,,,,,100.0,0.0,100.0,0.0,,,64.0,36.0,,,100.0,240.0,99.0,2838.0,36.0,36.0,100.0,0.0,100.0,0.0,200.0,0.0,100.0,16090.0,100.0,64647399792.0,100.0,139587582582.0
2019-10-25,ZCH089YL,ST12000NM0007,12000138625024,0,75.0,33807520.0,90.0,0.0,100.0,10.0,100.0,0.0,89.0,807872528.0,81.0,16998.0,100.0,0.0,100.0,9.0,,,,,100.0,0.0,100.0,0.0,,,63.0,37.0,,,100.0,240.0,99.0,2839.0,37.0,37.0,100.0,0.0,100.0,0.0,200.0,0.0,100.0,16122.0,100.0,64745449224.0,100.0,139634758798.0
2019-10-26,ZCH089YL,ST12000NM0007,12000138625024,0,81.0,114683816.0,90.0,0.0,100.0,10.0,100.0,0.0,89.0,809290559.0,81.0,17014.0,100.0,0.0,100.0,9.0,,,,,100.0,0.0,100.0,0.0,,,64.0,36.0,,,100.0,241.0,99.0,2840.0,36.0,36.0,100.0,0.0,100.0,0.0,200.0,0.0,100.0,16137.0,100.0,64789010088.0,100.0,139672074230.0
2019-10-27,ZCH089YL,ST12000NM0007,12000138625024,0,78.0,65956576.0,90.0,0.0,100.0,10.0,100.0,0.0,89.0,811885220.0,81.0,17046.0,100.0,0.0,100.0,9.0,,,,,100.0,0.0,100.0,0.0,,,64.0,36.0,,,100.0,242.0,99.0,2841.0,36.0,36.0,100.0,0.0,100.0,0.0,200.0,0.0,100.0,16169.0,100.0,64875200544.0,100.0,139781297230.0
2019-10-28,ZCH089YL,ST12000NM0007,12000138625024,0,83.0,180516096.0,90.0,0.0,100.0,10.0,100.0,0.0,89.0,813314762.0,81.0,17062.0,100.0,0.0,100.0,9.0,,,,,100.0,0.0,100.0,0.0,,,64.0,36.0,,,100.0,243.0,99.0,2842.0,36.0,36.0,100.0,0.0,100.0,0.0,200.0,0.0,100.0,16185.0,100.0,64908331960.0,100.0,139862725334.0
2019-10-29,ZCH089YL,ST12000NM0007,12000138625024,0,71.0,13216264.0,90.0,0.0,100.0,10.0,100.0,0.0,89.0,817970410.0,81.0,17094.0,100.0,0.0,100.0,9.0,,,,,100.0,0.0,100.0,0.0,,,64.0,36.0,,,100.0,243.0,99.0,2843.0,36.0,36.0,100.0,0.0,100.0,0.0,200.0,0.0,100.0,16217.0,100.0,65021039168.0,100.0,140070999638.0
2019-10-30,ZCH089YL,ST12000NM0007,12000138625024,0,81.0,136739440.0,90.0,0.0,100.0,10.0,100.0,0.0,89.0,819542614.0,81.0,17110.0,100.0,0.0,100.0,9.0,,,,,100.0,0.0,100.0,0.0,,,64.0,36.0,,,100.0,243.0,99.0,2844.0,36.0,36.0,100.0,0.0,100.0,0.0,200.0,0.0,100.0,16232.0,100.0,65065472544.0,100.0,140150089438.0
2019-10-31,ZCH089YL,ST12000NM0007,12000138625024,0,83.0,189871752.0,90.0,0.0,100.0,10.0,100.0,0.0,89.0,823487116.0,81.0,17142.0,100.0,0.0,100.0,9.0,,,,,100.0,0.0,100.0,0.0,,,64.0,36.0,,,100.0,244.0,99.0,2846.0,36.0,36.0,100.0,0.0,100.0,0.0,200.0,0.0,100.0,16264.0,100.0,65154499880.0,100.0,140358335414.0
2019-11-01,ZCH089YL,ST12000NM0007,12000138625024,0,82.0,163583408.0,90.0,0.0,100.0,10.0,100.0,0.0,89.0,825263125.0,81.0,17157.0,100.0,0.0,100.0,9.0,,,,,100.0,0.0,100.0,0.0,,,64.0,36.0,,,100.0,244.0,99.0,2846.0,36.0,36.0,100.0,0.0,100.0,0.0,200.0,0.0,100.0,16280.0,100.0,65189903144.0,100.0,140540784454.0
2019-11-02,ZCH089YL,ST12000NM0007,12000138625024,0,80.0,93396912.0,90.0,0.0,100.0,10.0,100.0,0.0,89.0,828941004.0,81.0,17189.0,100.0,0.0,100.0,9.0,,,,,100.0,0.0,100.0,0.0,,,63.0,37.0,,,100.0,244.0,99.0,2848.0,37.0,37.0,100.0,0.0,100.0,0.0,200.0,0.0,100.0,16312.0,100.0,65278290512.0,100.0,140870492062.0
2019-11-03,ZCH089YL,ST12000NM0007,12000138625024,0,78.0,70537008.0,90.0,0.0,100.0,10.0,100.0,0.0,89.0,830766336.0,81.0,17205.0,100.0,0.0,100.0,9.0,,,,,100.0,0.0,100.0,0.0,,,63.0,37.0,,,100.0,244.0,99.0,2848.0,37.0,37.0,100.0,0.0,100.0,0.0,200.0,0.0,100.0,16328.0,100.0,65326921936.0,100.0,141043141614.0
2019-11-04,ZCH089YL,ST12000NM0007,12000138625024,0,83.0,223506520.0,90.0,0.0,100.0,10.0,100.0,0.0,89.0,833707064.0,81.0,17237.0,100.0,0.0,100.0,9.0,,,,,100.0,0.0,100.0,0.0,,,62.0,38.0,,,100.0,244.0,99.0,2850.0,38.0,38.0,100.0,0.0,100.0,0.0,200.0,0.0,100.0,16359.0,100.0,65410125984.0,100.0,141357047926.0
2019-11-05,ZCH089YL,ST12000NM0007,12000138625024,0,76.0,41719088.0,90.0,0.0,100.0,10.0,100.0,0.0,89.0,836872082.0,81.0,17253.0,100.0,0.0,100.0,9.0,,,,,100.0,0.0,100.0,0.0,,,63.0,37.0,,,100.0,244.0,99.0,2850.0,37.0,37.0,100.0,0.0,100.0,0.0,200.0,0.0,100.0,16375.0,100.0,65465312376.0,100.0,141608355566.0
2019-11-06,ZCH089YL,ST12000NM0007,12000138625024,0,77.0,51185512.0,90.0,0.0,100.0,10.0,100.0,0.0,89.0,842203418.0,81.0,17285.0,100.0,0.0,100.0,9.0,,,,,100.0,0.0,100.0,0.0,,,63.0,37.0,,,100.0,245.0,99.0,2852.0,37.0,37.0,100.0,0.0,100.0,0.0,200.0,0.0,100.0,16407.0,100.0,65545053832.0,100.0,142026362054.0
2019-11-07,ZCH089YL,ST12000NM0007,12000138625024,0,82.0,176056096.0,90.0,0.0,100.0,10.0,100.0,0.0,89.0,846489409.0,81.0,17316.0,100.0,0.0,100.0,9.0,,,,,100.0,0.0,100.0,0.0,,,64.0,36.0,,,100.0,245.0,99.0,2853.0,36.0,36.0,100.0,0.0,100.0,0.0,200.0,0.0,100.0,16438.0,100.0,65614076952.0,100.0,142326350366.0
2019-11-08,ZCH089YL,ST12000NM0007,12000138625024,0,82.0,153194832.0,90.0,0.0,100.0,10.0,100.0,0.0,89.0,848293563.0,81.0,17332.0,100.0,0.0,100.0,9.0,,,,,100.0,0.0,100.0,0.0,,,64.0,36.0,,,100.0,245.0,99.0,2854.0,36.0,36.0,100.0,0.0,100.0,0.0,200.0,0.0,100.0,16454.0,100.0,65644411064.0,100.0,142517295838.0
2019-11-09,ZCH089YL,ST12000NM0007,12000138625024,0,80.0,108714760.0,90.0,0.0,100.0,10.0,100.0,0.0,89.0,852260943.0,81.0,17364.0,100.0,0.0,100.0,9.0,,,,,100.0,0.0,100.0,0.0,,,65.0,35.0,,,100.0,245.0,99.0,2855.0,35.0,35.0,100.0,0.0,100.0,0.0,200.0,0.0,100.0,16486.0,100.0,65726272048.0,100.0,142879236606.0
2019-11-10,ZCH089YL,ST12000NM0007,12000138625024,0,80.0,95454976.0,90.0,0.0,100.0,10.0,100.0,0.0,89.0,854009502.0,81.0,17380.0,100.0,0.0,100.0,9.0,,,,,100.0,0.0,100.0,0.0,,,64.0,36.0,,,100.0,245.0,99.0,2856.0,36.0,36.0,100.0,0.0,100.0,0.0,200.0,0.0,100.0,16501.0,100.0,65768488016.0,100.0,143067901582.0
2019-11-11,ZCH089YL,ST12000NM0007,12000138625024,0,80.0,104701232.0,90.0,0.0,100.0,10.0,100.0,0.0,89.0,857671489.0,81.0,17412.0,100.0,0.0,100.0,9.0,,,,,100.0,0.0,100.0,0.0,,,64.0,36.0,,,100.0,245.0,99.0,2857.0,36.0,36.0,100.0,0.0,100.0,0.0,200.0,0.0,100.0,16533.0,100.0,65852158928.0,100.0,143481758286.0
2019-11-12,ZCH089YL,ST12000NM0007,12000138625024,0,81.0,135827944.0,90.0,0.0,100.0,10.0,100.0,0.0,89.0,860929657.0,81.0,17427.0,100.0,0.0,100.0,9.0,,,,,100.0,0.0,100.0,0.0,,,64.0,36.0,,,100.0,245.0,99.0,2858.0,36.0,36.0,100.0,0.0,100.0,0.0,200.0,0.0,100.0,16549.0,100.0,65901807344.0,100.0,143707377342.0
2019-11-13,ZCH089YL,ST12000NM0007,12000138625024,0,80.0,103352808.0,90.0,0.0,100.0,10.0,100.0,0.0,89.0,862730938.0,81.0,17443.0,100.0,0.0,100.0,9.0,,,,,100.0,0.0,100.0,0.0,,,65.0,35.0,,,100.0,245.0,99.0,2858.0,35.0,35.0,100.0,0.0,100.0,0.0,200.0,0.0,100.0,16565.0,100.0,65952007568.0,100.0,143868842710.0
2019-11-14,ZCH089YL,ST12000NM0007,12000138625024,0,78.0,60309080.0,90.0,0.0,100.0,10.0,100.0,0.0,89.0,867866867.0,81.0,17475.0,100.0,0.0,100.0,9.0,,,,,100.0,0.0,100.0,0.0,,,65.0,35.0,,,100.0,245.0,99.0,2860.0,35.0,35.0,100.0,0.0,100.0,0.0,200.0,0.0,100.0,16596.0,100.0,66045023896.0,100.0,144221064094.0
2019-11-15,ZCH089YL,ST12000NM0007,12000138625024,0,72.0,16784040.0,90.0,0.0,100.0,10.0,100.0,0.0,89.0,871644063.0,81.0,17507.0,100.0,0.0,100.0,9.0,,,,,100.0,0.0,100.0,0.0,,,65.0,35.0,,,100.0,246.0,99.0,2862.0,35.0,35.0,100.0,0.0,100.0,0.0,200.0,0.0,100.0,16628.0,100.0,66138138032.0,100.0,144572706430.0
2019-11-16,ZCH089YL,ST12000NM0007,12000138625024,0,83.0,213098106.0,90.0,0.0,100.0,11.0,100.0,0.0,89.0,873205344.0,80.0,17523.0,100.0,0.0,100.0,10.0,,,,,100.0,0.0,100.0,0.0,,,65.0,35.0,,,100.0,246.0,99.0,2865.0,35.0,35.0,100.0,0.0,100.0,0.0,200.0,0.0,100.0,16644.0,100.0,66167073928.0,100.0,144740084600.0
2019-11-17,ZCH089YL,ST12000NM0007,12000138625024,0,83.0,217971720.0,90.0,0.0,100.0,11.0,100.0,0.0,89.0,875247683.0,80.0,17539.0,100.0,0.0,100.0,10.0,,,,,100.0,0.0,100.0,0.0,,,65.0,35.0,,,100.0,246.0,99.0,2865.0,35.0,35.0,100.0,0.0,100.0,0.0,200.0,0.0,100.0,16659.0,100.0,66205590440.0,100.0,144950582400.0
2019-11-18,ZCH089YL,ST12000NM0007,12000138625024,0,78.0,69177840.0,90.0,0.0,100.0,11.0,100.0,0.0,89.0,878641302.0,80.0,17571.0,100.0,0.0,100.0,10.0,,,,,100.0,0.0,100.0,0.0,,,64.0,36.0,,,100.0,246.0,99.0,2866.0,36.0,36.0,100.0,0.0,100.0,0.0,200.0,0.0,100.0,16691.0,100.0,66278281648.0,100.0,145217378632.0
2019-11-19,ZCH089YL,ST12000NM0007,12000138625024,0,81.0,138608840.0,90.0,0.0,100.0,11.0,100.0,0.0,89.0,881935652.0,80.0,17586.0,100.0,0.0,100.0,10.0,,,,,100.0,0.0,100.0,0.0,,,65.0,35.0,,,100.0,247.0,99.0,2867.0,35.0,35.0,100.0,0.0,100.0,0.0,200.0,0.0,100.0,16707.0,100.0,66310797232.0,100.0,145498434952.0
2019-11-20,ZCH089YL,ST12000NM0007,12000138625024,0,82.0,170799568.0,90.0,0.0,100.0,11.0,100.0,0.0,89.0,886020672.0,80.0,17618.0,100.0,0.0,100.0,10.0,,,,,100.0,0.0,100.0,0.0,,,65.0,35.0,,,100.0,247.0,99.0,2868.0,35.0,35.0,100.0,0.0,100.0,0.0,200.0,0.0,100.0,16738.0,100.0,66411057088.0,100.0,145918647400.0
2019-11-21,ZCH089YL,ST12000NM0007,12000138625024,0,75.0,34034512.0,89.0,0.0,100.0,12.0,100.0,0.0,89.0,890102654.0,80.0,17650.0,100.0,0.0,100.0,11.0,,,,,100.0,0.0,100.0,0.0,,,65.0,35.0,,,100.0,247.0,99.0,2872.0,35.0,35.0,100.0,0.0,100.0,0.0,200.0,0.0,100.0,16770.0,100.0,66470788496.0,100.0,146210432698.0
2019-11-22,ZCH089YL,ST12000NM0007,12000138625024,0,84.0,225257552.0,89.0,0.0,100.0,12.0,100.0,0.0,90.0,891599243.0,80.0,17666.0,100.0,0.0,100.0,11.0,,,,,100.0,0.0,100.0,0.0,,,64.0,36.0,,,100.0,248.0,99.0,2873.0,36.0,36.0,100.0,0.0,100.0,0.0,200.0,0.0,100.0,16786.0,100.0,66510000432.0,100.0,146362443802.0
2019-11-23,ZCH089YL,ST12000NM0007,12000138625024,0,80.0,97044764.0,89.0,0.0,100.0,13.0,100.0,0.0,90.0,893978353.0,80.0,17698.0,100.0,0.0,100.0,12.0,,,,,100.0,0.0,100.0,0.0,,,65.0,35.0,,,100.0,248.0,99.0,2875.0,35.0,35.0,100.0,0.0,100.0,0.0,200.0,0.0,100.0,16818.0,100.0,66526026784.0,100.0,146706486070.0
2019-11-24,ZCH089YL,ST12000NM0007,12000138625024,0,70.0,9497856.0,89.0,0.0,100.0,13.0,100.0,0.0,90.0,895076534.0,80.0,17714.0,100.0,0.0,100.0,12.0,,,,,100.0,0.0,100.0,0.0,,,65.0,35.0,,,100.0,248.0,99.0,2875.0,35.0,35.0,100.0,0.0,100.0,0.0,200.0,0.0,100.0,16834.0,100.0,66526214000.0,100.0,146862892678.0
2019-11-25,ZCH089YL,ST12000NM0007,12000138625024,0,82.0,166057448.0,89.0,0.0,100.0,13.0,100.0,0.0,90.0,898018969.0,80.0,17746.0,100.0,0.0,100.0,12.0,,,,,100.0,0.0,100.0,0.0,,,64.0,36.0,,,100.0,249.0,99.0,2877.0,36.0,36.0,100.0,0.0,100.0,0.0,200.0,0.0,100.0,16865.0,100.0,66526592352.0,100.0,147263214638.0
2019-11-26,ZCH089YL,ST12000NM0007,12000138625024,0,81.0,134412720.0,89.0,0.0,100.0,13.0,100.0,0.0,90.0,899830911.0,80.0,17762.0,100.0,0.0,100.0,12.0,,,,,100.0,0.0,100.0,0.0,,,65.0,35.0,,,100.0,249.0,99.0,2878.0,35.0,35.0,100.0,0.0,100.0,0.0,200.0,0.0,100.0,16881.0,100.0,66526791640.0,100.0,147475511358.0
2019-11-27,ZCH089YL,ST12000NM0007,12000138625024,0,84.0,226277240.0,89.0,0.0,100.0,13.0,100.0,0.0,90.0,901778826.0,80.0,17794.0,100.0,0.0,100.0,12.0,,,,,100.0,0.0,100.0,0.0,,,65.0,35.0,,,100.0,249.0,99.0,2880.0,35.0,35.0,100.0,0.0,100.0,0.0,200.0,0.0,100.0,16912.0,100.0,66527152448.0,100.0,147811155854.0
2019-11-28,ZCH089YL,ST12000NM0007,12000138625024,0,81.0,130870296.0,89.0,0.0,100.0,13.0,100.0,0.0,90.0,903850970.0,80.0,17810.0,100.0,0.0,100.0,12.0,,,,,100.0,0.0,100.0,0.0,,,65.0,35.0,,,100.0,249.0,99.0,2880.0,35.0,35.0,100.0,0.0,100.0,0.0,200.0,0.0,100.0,16928.0,100.0,66527268384.0,100.0,147959773878.0
2019-11-29,ZCH089YL,ST12000NM0007,12000138625024,0,75.0,30033880.0,89.0,0.0,100.0,13.0,100.0,0.0,90.0,906121210.0,80.0,17841.0,100.0,0.0,100.0,12.0,,,,,100.0,0.0,100.0,0.0,,,65.0,35.0,,,100.0,249.0,99.0,2881.0,35.0,35.0,100.0,0.0,100.0,0.0,200.0,0.0,100.0,16960.0,100.0,66527617880.0,100.0,148346869390.0
2019-11-30,ZCH089YL,ST12000NM0007,12000138625024,0,75.0,30148304.0,89.0,0.0,100.0,13.0,100.0,0.0,90.0,907429697.0,80.0,17857.0,100.0,0.0,100.0,12.0,,,,,100.0,0.0,100.0,0.0,,,64.0,36.0,,,100.0,249.0,99.0,2882.0,36.0,36.0,100.0,0.0,100.0,0.0,200.0,0.0,100.0,16976.0,100.0,66527802168.0,100.0,148590940454.0
2019-12-01,ZCH089YL,ST12000NM0007,12000138625024,0,83.0,208481912.0,89.0,0.0,100.0,13.0,100.0,0.0,90.0,909752332.0,80.0,17889.0,100.0,0.0,100.0,12.0,,,,,100.0,0.0,100.0,0.0,,,65.0,35.0,,,100.0,249.0,99.0,2883.0,35.0,35.0,100.0,0.0,100.0,0.0,200.0,0.0,100.0,17008.0,100.0,66528147656.0,100.0,149013069406.0
2019-12-02,ZCH089YL,ST12000NM0007,12000138625024,0,77.0,51310712.0,89.0,0.0,100.0,13.0,100.0,0.0,90.0,913054457.0,80.0,17921.0,100.0,0.0,100.0,12.0,,,,,100.0,0.0,100.0,0.0,,,65.0,35.0,,,100.0,250.0,99.0,2885.0,35.0,35.0,100.0,0.0,100.0,0.0,200.0,0.0,100.0,17039.0,100.0,66528508728.0,100.0,149343818646.0
2019-12-03,ZCH089YL,ST12000NM0007,12000138625024,0,83.0,213536584.0,89.0,0.0,100.0,13.0,100.0,0.0,90.0,914065046.0,80.0,17937.0,100.0,0.0,100.0,12.0,,,,,100.0,0.0,100.0,0.0,,,65.0,35.0,,,100.0,250.0,99.0,2885.0,35.0,35.0,100.0,0.0,100.0,0.0,200.0,0.0,100.0,17055.0,100.0,66528677768.0,100.0,149505875478.0
2019-12-04,ZCH089YL,ST12000NM0007,12000138625024,0,79.0,80789688.0,89.0,0.0,100.0,13.0,100.0,0.0,90.0,916239324.0,80.0,17968.0,100.0,0.0,100.0,12.0,,,,,100.0,0.0,100.0,0.0,,,65.0,35.0,,,100.0,250.0,99.0,2887.0,35.0,35.0,100.0,0.0,100.0,0.0,200.0,0.0,100.0,17087.0,100.0,66529199264.0,100.0,149860888614.0
2019-12-05,ZCH089YL,ST12000NM0007,12000138625024,0,73.0,19092920.0,89.0,0.0,100.0,13.0,100.0,0.0,90.0,918482417.0,80.0,17984.0,100.0,0.0,100.0,12.0,,,,,100.0,0.0,100.0,0.0,,,64.0,36.0,,,100.0,250.0,99.0,2887.0,36.0,36.0,100.0,0.0,100.0,0.0,200.0,0.0,100.0,17102.0,100.0,66530057384.0,100.0,150042474574.0
2019-12-06,ZCH089YL,ST12000NM0007,12000138625024,0,81.0,117478272.0,89.0,0.0,100.0,13.0,100.0,0.0,90.0,920948234.0,80.0,18016.0,100.0,0.0,100.0,12.0,,,,,100.0,0.0,100.0,0.0,,,65.0,35.0,,,100.0,250.0,99.0,2889.0,35.0,35.0,100.0,0.0,100.0,0.0,200.0,0.0,100.0,17134.0,100.0,66530406704.0,100.0,150384651374.0
2019-12-07,ZCH089YL,ST12000NM0007,12000138625024,0,76.0,37302288.0,89.0,0.0,100.0,13.0,100.0,0.0,90.0,921972832.0,80.0,18032.0,100.0,0.0,100.0,12.0,,,,,100.0,0.0,100.0,0.0,,,64.0,36.0,,,100.0,250.0,99.0,2889.0,36.0,36.0,100.0,0.0,100.0,0.0,200.0,0.0,100.0,17150.0,100.0,66530587296.0,100.0,150548435686.0
2019-12-08,ZCH089YL,ST12000NM0007,12000138625024,0,82.0,155003368.0,89.0,0.0,100.0,13.0,100.0,0.0,90.0,924212820.0,80.0,18064.0,100.0,0.0,100.0,12.0,,,,,100.0,0.0,100.0,0.0,,,64.0,36.0,,,100.0,250.0,99.0,2891.0,36.0,36.0,100.0,0.0,100.0,0.0,200.0,0.0,100.0,17182.0,100.0,66530952808.0,100.0,150909911894.0
2019-12-09,ZCH089YL,ST12000NM0007,12000138625024,0,80.0,96900072.0,89.0,0.0,100.0,13.0,100.0,0.0,90.0,925357581.0,80.0,18080.0,100.0,0.0,100.0,12.0,,,,,100.0,0.0,100.0,0.0,,,64.0,36.0,,,100.0,250.0,99.0,2891.0,36.0,36.0,100.0,0.0,100.0,0.0,200.0,0.0,100.0,17198.0,100.0,66531138472.0,100.0,151095763582.0
2019-12-10,ZCH089YL,ST12000NM0007,12000138625024,0,83.0,200617576.0,89.0,0.0,100.0,13.0,100.0,0.0,90.0,928749647.0,80.0,18111.0,100.0,0.0,100.0,12.0,,,,,100.0,0.0,100.0,0.0,,,65.0,35.0,,,100.0,252.0,99.0,2893.0,35.0,35.0,100.0,0.0,100.0,0.0,200.0,0.0,100.0,17229.0,100.0,66531523584.0,100.0,151443236806.0
2019-12-11,ZCH089YL,ST12000NM0007,12000138625024,0,79.0,73724296.0,89.0,0.0,100.0,13.0,100.0,0.0,90.0,929703080.0,80.0,18127.0,100.0,0.0,100.0,12.0,,,,,100.0,0.0,100.0,0.0,,,64.0,36.0,,,100.0,252.0,99.0,2893.0,36.0,36.0,100.0,0.0,100.0,0.0,200.0,0.0,100.0,17245.0,100.0,66531693280.0,100.0,151560314478.0
2019-12-12,ZCH089YL,ST12000NM0007,12000138625024,0,84.0,224941768.0,89.0,0.0,100.0,13.0,100.0,0.0,90.0,931786661.0,80.0,18143.0,100.0,0.0,100.0,12.0,,,,,100.0,0.0,100.0,0.0,,,64.0,36.0,,,100.0,252.0,99.0,2894.0,36.0,36.0,100.0,0.0,100.0,0.0,200.0,0.0,100.0,17261.0,100.0,66531814824.0,100.0,151711410406.0
2019-12-13,ZCH089YL,ST12000NM0007,12000138625024,0,78.0,64111160.0,89.0,0.0,100.0,13.0,100.0,0.0,90.0,933848490.0,80.0,18175.0,100.0,0.0,100.0,12.0,,,,,100.0,0.0,100.0,0.0,,,65.0,35.0,,,100.0,252.0,99.0,2895.0,35.0,35.0,100.0,0.0,100.0,0.0,200.0,0.0,100.0,17293.0,100.0,66532283824.0,100.0,152038392326.0
2019-12-14,ZCH089YL,ST12000NM0007,12000138625024,0,76.0,36457760.0,89.0,0.0,100.0,13.0,100.0,0.0,90.0,935128924.0,80.0,18191.0,100.0,0.0,100.0,12.0,,,,,100.0,0.0,100.0,0.0,,,65.0,35.0,,,100.0,252.0,99.0,2896.0,35.0,35.0,100.0,0.0,100.0,0.0,200.0,0.0,100.0,17309.0,100.0,66532619160.0,100.0,152254544454.0
2019-12-15,ZCH089YL,ST12000NM0007,12000138625024,0,83.0,180161976.0,89.0,0.0,100.0,13.0,100.0,0.0,90.0,937443772.0,80.0,18223.0,100.0,0.0,100.0,12.0,,,,,100.0,0.0,100.0,0.0,,,64.0,36.0,,,100.0,252.0,99.0,2897.0,36.0,36.0,100.0,0.0,100.0,0.0,200.0,0.0,100.0,17340.0,100.0,66532962544.0,100.0,152642046086.0
2019-12-16,ZCH089YL,ST12000NM0007,12000138625024,0,81.0,123362712.0,89.0,0.0,100.0,13.0,100.0,0.0,90.0,938596948.0,80.0,18239.0,100.0,0.0,100.0,12.0,,,,,100.0,0.0,100.0,0.0,,,65.0,35.0,,,100.0,252.0,99.0,2898.0,35.0,35.0,100.0,0.0,100.0,0.0,200.0,0.0,100.0,17356.0,100.0,66533130912.0,100.0,152829219206.0
2019-12-17,ZCH089YL,ST12000NM0007,12000138625024,0,80.0,89930032.0,89.0,0.0,100.0,13.0,100.0,0.0,90.0,942554670.0,80.0,18270.0,100.0,0.0,100.0,12.0,,,,,100.0,0.0,100.0,0.0,,,64.0,36.0,,,100.0,252.0,99.0,2899.0,36.0,36.0,100.0,0.0,100.0,0.0,200.0,0.0,100.0,17388.0,100.0,66533493568.0,100.0,153283705150.0
2019-12-18,ZCH089YL,ST12000NM0007,12000138625024,0,75.0,30044872.0,89.0,0.0,100.0,13.0,100.0,0.0,90.0,943519553.0,80.0,18286.0,100.0,0.0,100.0,12.0,,,,,100.0,0.0,100.0,0.0,,,64.0,36.0,,,100.0,252.0,99.0,2900.0,36.0,36.0,100.0,0.0,100.0,0.0,200.0,0.0,100.0,17403.0,100.0,66533813664.0,100.0,153467640646.0
2019-12-19,ZCH089YL,ST12000NM0007,12000138625024,0,81.0,116261594.0,89.0,0.0,100.0,13.0,100.0,0.0,90.0,945135650.0,80.0,18318.0,100.0,0.0,100.0,12.0,,,,,100.0,0.0,100.0,0.0,,,63.0,37.0,,,100.0,253.0,99.0,2903.0,37.0,37.0,100.0,0.0,100.0,0.0,200.0,0.0,100.0,17435.0,100.0,66537532464.0,100.0,153794279320.0
2019-12-20,ZCH089YL,ST12000NM0007,12000138625024,0,83.0,222281746.0,89.0,0.0,100.0,13.0,100.0,0.0,90.0,945643520.0,80.0,18334.0,100.0,0.0,100.0,12.0,,,,,100.0,0.0,100.0,0.0,,,63.0,37.0,,,100.0,253.0,99.0,2903.0,37.0,37.0,100.0,0.0,100.0,0.0,200.0,0.0,100.0,17451.0,100.0,66537716768.0,100.0,153900115168.0
2019-12-21,ZCH089YL,ST12000NM0007,12000138625024,0,76.0,40872648.0,89.0,0.0,100.0,13.0,100.0,0.0,90.0,947018604.0,80.0,18366.0,100.0,0.0,100.0,12.0,,,,,100.0,0.0,100.0,0.0,,,63.0,37.0,,,100.0,255.0,99.0,2905.0,37.0,37.0,100.0,0.0,100.0,0.0,200.0,0.0,100.0,17483.0,100.0,66538076112.0,100.0,154206628168.0
2019-12-22,ZCH089YL,ST12000NM0007,12000138625024,0,83.0,183542576.0,89.0,0.0,100.0,13.0,100.0,0.0,90.0,947675193.0,80.0,18382.0,100.0,0.0,100.0,12.0,,,,,100.0,0.0,100.0,0.0,,,63.0,37.0,,,100.0,255.0,99.0,2905.0,37.0,37.0,100.0,0.0,100.0,0.0,200.0,0.0,100.0,17499.0,100.0,66538255512.0,100.0,154349118696.0
2019-12-23,ZCH089YL,ST12000NM0007,12000138625024,0,81.0,139679232.0,89.0,0.0,100.0,13.0,100.0,0.0,90.0,948657159.0,79.0,18413.0,100.0,0.0,100.0,12.0,,,,,100.0,0.0,100.0,0.0,,,63.0,37.0,,,100.0,255.0,99.0,2907.0,37.0,37.0,100.0,0.0,100.0,0.0,200.0,0.0,100.0,17530.0,100.0,66538626176.0,100.0,154549025336.0
2019-12-24,ZCH089YL,ST12000NM0007,12000138625024,0,74.0,26186168.0,89.0,0.0,100.0,13.0,100.0,0.0,90.0,949329835.0,79.0,18429.0,100.0,0.0,100.0,12.0,,,,,100.0,0.0,100.0,0.0,,,63.0,37.0,,,100.0,255.0,99.0,2907.0,37.0,37.0,100.0,0.0,100.0,0.0,200.0,0.0,100.0,17546.0,100.0,66538813432.0,100.0,154679485720.0
2019-12-25,ZCH089YL,ST12000NM0007,12000138625024,0,83.0,209814488.0,89.0,0.0,100.0,13.0,100.0,0.0,90.0,950338980.0,79.0,18461.0,100.0,0.0,100.0,12.0,,,,,100.0,0.0,100.0,0.0,,,64.0,36.0,,,100.0,256.0,99.0,2909.0,36.0,36.0,100.0,0.0,100.0,0.0,200.0,0.0,100.0,17577.0,100.0,66539190576.0,100.0,154862736896.0
2019-12-26,ZCH089YL,ST12000NM0007,12000138625024,0,77.0,49232456.0,89.0,0.0,100.0,13.0,100.0,0.0,90.0,950786604.0,79.0,18477.0,100.0,0.0,100.0,12.0,,,,,100.0,0.0,100.0,0.0,,,64.0,36.0,,,100.0,256.0,99.0,2909.0,36.0,36.0,100.0,0.0,100.0,0.0,200.0,0.0,100.0,17593.0,100.0,66539375592.0,100.0,154946110704.0
2019-12-27,ZCH089YL,ST12000NM0007,12000138625024,0,78.0,64046208.0,89.0,0.0,100.0,13.0,100.0,0.0,90.0,952078587.0,79.0,18509.0,100.0,0.0,100.0,12.0,,,,,100.0,0.0,100.0,0.0,,,64.0,36.0,,,100.0,257.0,99.0,2911.0,36.0,36.0,100.0,0.0,100.0,0.0,200.0,0.0,100.0,17626.0,100.0,66539752256.0,100.0,155204688640.0
2019-12-28,ZCH089YL,ST12000NM0007,12000138625024,0,83.0,197079656.0,89.0,0.0,100.0,13.0,100.0,0.0,90.0,952859880.0,79.0,18525.0,100.0,0.0,100.0,12.0,,,,,100.0,0.0,100.0,0.0,,,63.0,37.0,,,100.0,257.0,99.0,2911.0,37.0,37.0,100.0,0.0,100.0,0.0,200.0,0.0,100.0,17641.0,100.0,66539937880.0,100.0,155337536464.0
2019-12-29,ZCH089YL,ST12000NM0007,12000138625024,0,82.0,157164424.0,89.0,0.0,100.0,13.0,100.0,0.0,90.0,954131662.0,79.0,18557.0,100.0,0.0,100.0,12.0,,,,,100.0,0.0,100.0,0.0,,,63.0,37.0,,,100.0,259.0,99.0,2913.0,37.0,37.0,100.0,0.0,100.0,0.0,200.0,0.0,100.0,17673.0,100.0,66540307160.0,100.0,155541392688.0
2019-12-30,ZCH089YL,ST12000NM0007,12000138625024,0,79.0,71507600.0,89.0,0.0,100.0,13.0,100.0,0.0,90.0,954864599.0,79.0,18573.0,100.0,0.0,100.0,12.0,,,,,100.0,0.0,100.0,0.0,,,63.0,37.0,,,100.0,259.0,99.0,2913.0,37.0,37.0,100.0,0.0,100.0,0.0,200.0,0.0,100.0,17689.0,100.0,66540483832.0,100.0,155699700000.0
2019-12-31,ZCH089YL,ST12000NM0007,12000138625024,0,78.0,70609568.0,89.0,0.0,100.0,13.0,100.0,0.0,90.0,956089368.0,79.0,18604.0,100.0,0.0,100.0,12.0,,,,,100.0,0.0,100.0,0.0,,,63.0,37.0,,,100.0,260.0,99.0,2915.0,37.0,37.0,100.0,0.0,100.0,0.0,200.0,0.0,100.0,17721.0,100.0,66540846736.0,100.0,155942579952.0
