2019-01-01,ZCH0CH6N,ST12000NM0007,12000138625024,0,83,204233256,97.0,0.0,100.0,3.0,100.0,0.0,80.0,90095048.0,91,8526,100.0,0.0,100,2,,,,,100.0,0.0,100.0,0.0,,,73.0,27.0,,,100.0,99.0,100.0,413.0,27,27,100.0,0.0,100.0,0.0,200.0,0.0,100.0,8474.0,100.0,49773311048.0,100.0,80069680972.0
2019-01-02,ZCH0CH6N,ST12000NM0007,12000138625024,0,83,217311584,97.0,0.0,100.0,3.0,100.0,0.0,80.0,93339841.0,91,8549,100.0,0.0,100,2,,,,,100.0,0.0,100.0,0.0,,,72.0,28.0,,,100.0,99.0,100.0,414.0,28,28,100.0,0.0,100.0,0.0,200.0,0.0,100.0,8498.0,100.0,49847434648.0,100.0,80252776428.0
2019-01-03,ZCH0CH6N,ST12000NM0007,12000138625024,0,84.0,238987456.0,97.0,0.0,100.0,3.0,100.0,0.0,80.0,96319073.0,91.0,8574.0,100.0,0.0,100.0,2.0,,,,,100.0,0.0,100.0,0.0,,,71.0,29.0,,,100.0,100.0,100.0,415.0,29.0,29.0,100.0,0.0,100.0,0.0,200.0,0.0,100.0,8522.0,100.0,49916612824.0,100.0,80449414756.0
2019-01-04,ZCH0CH6N,ST12000NM0007,12000138625024,0,83,223623240,97.0,0.0,100.0,3.0,100.0,0.0,80.0,98664290.0,91,8598,100.0,0.0,100,2,,,,,100.0,0.0,100.0,0.0,,,70.0,30.0,,,100.0,101.0,100.0,416.0,30,30,100.0,0.0,100.0,0.0,200.0,0.0,100.0,8546.0,100.0,49973921192.0,100.0,80620882988.0
2019-01-05,ZCH0CH6N,ST12000NM0007,12000138625024,0,83,212787976,97.0,0.0,100.0,3.0,100.0,0.0,80.0,100979036.0,91,8622,100.0,0.0,100,2,,,,,100.0,0.0,100.0,0.0,,,70.0,30.0,,,100.0,102.0,100.0,417.0,30,30,100.0,0.0,100.0,0.0,200.0,0.0,100.0,8570.0,100.0,50048794568.0,100.0,80779315076.0
2019-01-06,ZCH0CH6N,ST12000NM0007,12000138625024,0,84,242895448,97.0,0.0,100.0,3.0,100.0,0.0,80.0,103613432.0,91,8646,100.0,0.0,100,2,,,,,100.0,0.0,100.0,0.0,,,70.0,30.0,,,100.0,102.0,100.0,418.0,30,30,100.0,0.0,100.0,0.0,200.0,0.0,100.0,8594.0,100.0,50142215232.0,100.0,80960142556.0
2019-01-07,ZCH0CH6N,ST12000NM0007,12000138625024,0,79,82461096,97.0,0.0,100.0,3.0,100.0,0.0,80.0,107549571.0,91,8670,100.0,0.0,100,2,,,,,100.0,0.0,100.0,0.0,,,71.0,29.0,,,100.0,102.0,100.0,419.0,29,29,100.0,0.0,100.0,0.0,200.0,0.0,100.0,8618.0,100.0,50227675480.0,100.0,81202529580.0
2019-01-08,ZCH0CH6N,ST12000NM0007,12000138625024,0,81,112742984,97.0,0.0,100.0,3.0,100.0,0.0,80.0,110116154.0,91,8693,100.0,0.0,100,2,,,,,100.0,0.0,100.0,0.0,,,71.0,29.0,,,100.0,102.0,100.0,420.0,29,29,100.0,0.0,100.0,0.0,200.0,0.0,100.0,8641.0,100.0,50311941032.0,100.0,81392686772.0
2019-01-09,ZCH0CH6N,ST12000NM0007,12000138625024,0,81,134947216,97.0,0.0,100.0,3.0,100.0,0.0,81.0,113086833.0,91,8717,100.0,0.0,100,2,,,,,100.0,0.0,100.0,0.0,,,72.0,28.0,,,100.0,103.0,100.0,421.0,28,28,100.0,0.0,100.0,0.0,200.0,0.0,100.0,8664.0,100.0,50394385240.0,100.0,81576587556.0
2019-01-10,ZCH0CH6N,ST12000NM0007,12000138625024,0,82,175062376,97.0,0.0,100.0,3.0,100.0,0.0,81.0,116475242.0,91,8740,100.0,0.0,100,2,,,,,100.0,0.0,100.0,0.0,,,72.0,28.0,,,100.0,104.0,100.0,422.0,28,28,100.0,0.0,100.0,0.0,200.0,0.0,100.0,8688.0,100.0,50477755672.0,100.0,81777473052.0
2019-01-11,ZCH0CH6N,ST12000NM0007,12000138625024,0,78.0,69125256.0,97.0,0.0,100.0,3.0,100.0,0.0,81.0,117917243.0,91.0,8755.0,100.0,0.0,100.0,2.0,,,,,100.0,0.0,100.0,0.0,,,72.0,28.0,,,100.0,104.0,100.0,423.0,28.0,28.0,100.0,0.0,100.0,0.0,200.0,0.0,100.0,8702.0,100.0,50514901632.0,100.0,81878530612.0
2019-01-12,ZCH0CH6N,ST12000NM0007,12000138625024,0,74,27220704,97.0,0.0,100.0,3.0,100.0,0.0,81.0,120523501.0,90,8770,100.0,0.0,100,2,,,,,100.0,0.0,100.0,0.0,,,72.0,28.0,,,100.0,104.0,100.0,424.0,28,28,100.0,0.0,100.0,0.0,200.0,0.0,100.0,8718.0,100.0,50586256432.0,100.0,82009412036.0
2019-01-13,ZCH0CH6N,ST12000NM0007,12000138625024,0,80,89223144,97.0,0.0,100.0,3.0,100.0,0.0,81.0,124042153.0,90,8802,100.0,0.0,100,2,,,,,100.0,0.0,100.0,0.0,,,72.0,28.0,,,100.0,104.0,100.0,425.0,28,28,100.0,0.0,100.0,0.0,200.0,0.0,100.0,8749.0,100.0,50678982240.0,100.0,82222829324.0
2019-01-14,ZCH0CH6N,ST12000NM0007,12000138625024,0,84,231908584,97.0,0.0,100.0,3.0,100.0,0.0,81.0,125894017.0,90,8818,100.0,0.0,100,2,,,,,100.0,0.0,100.0,0.0,,,72.0,28.0,,,100.0,104.0,100.0,426.0,28,28,100.0,0.0,100.0,0.0,200.0,0.0,100.0,8765.0,100.0,50731898272.0,100.0,82312598732.0
2019-01-15,ZCH0CH6N,ST12000NM0007,12000138625024,0,83.0,195475456.0,97.0,0.0,100.0,3.0,100.0,0.0,81.0,132305511.0,90.0,8850.0,100.0,0.0,100.0,2.0,,,,,100.0,0.0,100.0,0.0,,,71.0,29.0,,,100.0,104.0,100.0,427.0,29.0,29.0,100.0,0.0,100.0,0.0,200.0,0.0,100.0,8796.0,100.0,50881860544.0,100.0,82614484876.0
2019-01-16,ZCH0CH6N,ST12000NM0007,12000138625024,0,80,108887960,97.0,0.0,100.0,3.0,100.0,0.0,81.0,134038812.0,90,8866,100.0,0.0,100,2,,,,,100.0,0.0,100.0,0.0,,,71.0,29.0,,,100,105,100.0,428.0,29,29,100.0,0.0,100.0,0.0,200.0,0.0,100.0,8812.0,100.0,50927478288.0,100.0,82726420284.0
2019-01-17,ZCH0CH6N,ST12000NM0007,12000138625024,0,83,196645312,97.0,0.0,100.0,3.0,100.0,0.0,81.0,138741408.0,90,8897,100.0,0.0,100,2,,,,,100.0,0.0,100.0,0.0,,,72.0,28.0,,,100,105,100.0,429.0,28,28,100.0,0.0,100.0,0.0,200.0,0.0,100.0,8844.0,100.0,51033075816.0,100.0,82952720956.0
2019-01-18,ZCH0CH6N,ST12000NM0007,12000138625024,0,80,105303392,97.0,0.0,100.0,3.0,100.0,0.0,81.0,140385802.0,90,8913,100.0,0.0,100,2,,,,,100.0,0.0,100.0,0.0,,,73.0,27.0,,,100,106,100.0,430.0,27,27,100.0,0.0,100.0,0.0,200.0,0.0,100.0,8859.0,100.0,51074206160.0,100.0,83064389324.0
2019-01-19,ZCH0CH6N,ST12000NM0007,12000138625024,0,82,159861976,97.0,0.0,100.0,3.0,100.0,0.0,82.0,143686823.0,90,8945,100.0,0.0,100,2,,,,,100.0,0.0,100.0,0.0,,,72.0,28.0,,,100,106,100.0,431.0,28,28,100.0,0.0,100.0,0.0,200.0,0.0,100.0,8891.0,100.0,51157796088.0,100.0,83279498700.0
2019-01-20,ZCH0CH6N,ST12000NM0007,12000138625024,0,84,240199880,97.0,0.0,100.0,3.0,100.0,0.0,82.0,147886760.0,90,8976,100.0,0.0,100,2,,,,,100.0,0.0,100.0,0.0,,,73.0,27.0,,,100,107,100.0,432.0,27,27,100.0,0.0,100.0,0.0,200.0,0.0,100.0,8922.0,100.0,51296276904.0,100.0,83465496668.0
2019-01-21,ZCH0CH6N,ST12000NM0007,12000138625024,0,82,173987248,97.0,0.0,100.0,3.0,100.0,0.0,82.0,149974557.0,90,8992,100.0,0.0,100,2,,,,,100.0,0.0,100.0,0.0,,,72.0,28.0,,,100,107,100.0,433.0,28,28,100.0,0.0,100.0,0.0,200.0,0.0,100.0,8938.0,100.0,51347613552.0,100.0,83592088188.0
2019-01-22,ZCH0CH6N,ST12000NM0007,12000138625024,0,79.0,85836608.0,97.0,0.0,100.0,3.0,100.0,0.0,82.0,154713290.0,90.0,9024.0,100.0,0.0,100.0,2.0,,,,,100.0,0.0,100.0,0.0,,,72.0,28.0,,,100.0,108.0,100.0,434.0,28.0,28.0,100.0,0.0,100.0,0.0,200.0,0.0,100.0,8969.0,100.0,51453290064.0,100.0,83886542300.0
2019-01-23,ZCH0CH6N,ST12000NM0007,12000138625024,0,84.0,236235000.0,97.0,0.0,100.0,3.0,100.0,0.0,82.0,156448523.0,90.0,9040.0,100.0,0.0,100.0,2.0,,,,,100.0,0.0,100.0,0.0,,,71.0,29.0,,,100.0,109.0,100.0,435.0,29.0,29.0,100.0,0.0,100.0,0.0,200.0,0.0,100.0,8985.0,100.0,51506812440.0,100.0,83983418316.0
2019-01-24,ZCH0CH6N,ST12000NM0007,12000138625024,0,77.0,45451240.0,97.0,0.0,100.0,3.0,100.0,0.0,82.0,159797770.0,90.0,9071.0,100.0,0.0,100.0,2.0,,,,,100.0,0.0,100.0,0.0,,,72.0,28.0,,,100.0,109.0,100.0,436.0,28.0,28.0,100.0,0.0,100.0,0.0,200.0,0.0,100.0,9016.0,100.0,51589198240.0,100.0,84198530284.0
2019-01-25,ZCH0CH6N,ST12000NM0007,12000138625024,0,83,203227712,97.0,0.0,100.0,3.0,100.0,0.0,82.0,161580741.0,90,9087,100.0,0.0,100,2,,,,,100.0,0.0,100.0,0.0,,,71.0,29.0,,,100,110,100.0,437.0,29,29,100.0,0.0,100.0,0.0,200.0,0.0,100.0,9032.0,100.0,51645399088.0,100.0,84300105908.0
2019-01-26,ZCH0CH6N,ST12000NM0007,12000138625024,0,100,1567784,97.0,0.0,100.0,3.0,100.0,0.0,82.0,165055919.0,90,9119,100.0,0.0,100,2,,,,,100.0,0.0,100.0,0.0,,,73.0,27.0,,,100,110,100.0,438.0,27,27,100.0,0.0,100.0,0.0,200.0,0.0,100.0,9064.0,100.0,51742361112.0,100.0,84489765260.0
2019-01-27,ZCH0CH6N,ST12000NM0007,12000138625024,0,82,164063504,97.0,0.0,100.0,3.0,100.0,0.0,82.0,167269434.0,90,9135,100.0,0.0,100,2,,,,,100.0,0.0,100.0,0.0,,,72.0,28.0,,,100,110,100.0,439.0,28,28,100.0,0.0,100.0,0.0,200.0,0.0,100.0,9080.0,100.0,51794544552.0,100.0,84600077540.0
2019-01-28,ZCH0CH6N,ST12000NM0007,12000138625024,0,78,69247936,97.0,0.0,100.0,3.0,100.0,0.0,82.0,172363772.0,90,9166,100.0,0.0,100,2,,,,,100.0,0.0,100.0,0.0,,,72.0,28.0,,,100,110,100.0,440.0,28,28,100.0,0.0,100.0,0.0,200.0,0.0,100.0,9111.0,100.0,51912794152.0,100.0,84875293892.0
2019-01-29,ZCH0CH6N,ST12000NM0007,12000138625024,0,72,14753528,97.0,0.0,100.0,3.0,100.0,0.0,82.0,174260287.0,90,9182,100.0,0.0,100,2,,,,,100.0,0.0,100.0,0.0,,,72.0,28.0,,,100,111,100.0,441.0,28,28,100.0,0.0,100.0,0.0,200.0,0.0,100.0,9127.0,100.0,51973555552.0,100.0,85004178932.0
2019-01-30,ZCH0CH6N,ST12000NM0007,12000138625024,0,82,154332880,97.0,0.0,100.0,3.0,100.0,0.0,83.0,179122747.0,90,9214,100.0,0.0,100,2,,,,,100.0,0.0,100.0,0.0,,,73.0,27.0,,,100,111,100.0,442.0,27,27,100.0,0.0,100.0,0.0,200.0,0.0,100.0,9158.0,100.0,52089323664.0,100.0,85272130884.0
2019-01-31,ZCH0CH6N,ST12000NM0007,12000138625024,0,79,86206688,97.0,0.0,100.0,3.0,100.0,0.0,83.0,182052120.0,90,9230,100.0,0.0,100,2,,,,,100.0,0.0,100.0,0.0,,,72.0,28.0,,,100,112,100.0,443.0,28,28,100.0,0.0,100.0,0.0,200.0,0.0,100.0,9174.0,100.0,52143320688.0,100.0,85394148492.0
2019-02-01,ZCH0CH6N,ST12000NM0007,12000138625024,0,81,135992936,97.0,0.0,100.0,3.0,100.0,0.0,83.0,185285467.0,90,9261,100.0,0.0,100,2,,,,,100.0,0.0,100.0,0.0,,,73.0,27.0,,,100,112,100.0,444.0,27,27,100.0,0.0,100.0,0.0,200.0,0.0,100.0,9206.0,100.0,52227670752.0,100.0,85603725436.0
2019-02-02,ZCH0CH6N,ST12000NM0007,12000138625024,0,83.0,202118352.0,97.0,0.0,100.0,3.0,100.0,0.0,83.0,188823129.0,90.0,9293.0,100.0,0.0,100.0,2.0,,,,,100.0,0.0,100.0,0.0,,,72.0,28.0,,,100.0,112.0,100.0,445.0,28.0,28.0,100.0,0.0,100.0,0.0,200.0,0.0,100.0,9237.0,100.0,52294740576.0,100.0,85846921844.0
2019-02-03,ZCH0CH6N,ST12000NM0007,12000138625024,0,81,131768032,97.0,0.0,100.0,3.0,100.0,0.0,83.0,190505514.0,90,9309,100.0,0.0,100,2,,,,,100.0,0.0,100.0,0.0,,,72.0,28.0,,,100,112,100.0,446.0,28,28,100.0,0.0,100.0,0.0,200.0,0.0,100.0,9253.0,100.0,52345123880.0,100.0,85970328996.0
2019-02-04,ZCH0CH6N,ST12000NM0007,12000138625024,0,76,38817672,97.0,0.0,100.0,3.0,100.0,0.0,83.0,195644352.0,90,9341,100.0,0.0,100,2,,,,,100.0,0.0,100.0,0.0,,,72.0,28.0,,,100,113,100.0,447.0,28,28,100.0,0.0,100.0,0.0,200.0,0.0,100.0,9285.0,100.0,52465742936.0,100.0,86245041004.0
2019-02-05,ZCH0CH6N,ST12000NM0007,12000138625024,0,83.0,203077712.0,97.0,0.0,100.0,3.0,100.0,0.0,83.0,197504360.0,90.0,9357.0,100.0,0.0,100.0,2.0,,,,,100.0,0.0,100.0,0.0,,,72.0,28.0,,,100.0,114.0,100.0,448.0,28.0,28.0,100.0,0.0,100.0,0.0,200.0,0.0,100.0,9300.0,100.0,52509947448.0,100.0,86365096532.0
2019-02-06,ZCH0CH6N,ST12000NM0007,12000138625024,0,74,24615616,97.0,0.0,100.0,3.0,100.0,0.0,83.0,201178806.0,90,9388,100.0,0.0,100,2,,,,,100.0,0.0,100.0,0.0,,,71.0,29.0,,,100,115,100.0,449.0,29,29,100.0,0.0,100.0,0.0,200.0,0.0,100.0,9331.0,100.0,52593541000.0,100.0,86591322316.0
2019-02-07,ZCH0CH6N,ST12000NM0007,12000138625024,0,83.0,213346400.0,97.0,0.0,100.0,3.0,100.0,0.0,83.0,203716278.0,90.0,9404.0,100.0,0.0,100.0,2.0,,,,,100.0,0.0,100.0,0.0,,,71.0,29.0,,,100.0,115.0,100.0,450.0,29.0,29.0,100.0,0.0,100.0,0.0,200.0,0.0,100.0,9347.0,100.0,52662589728.0,100.0,86711004372.0
2019-02-08,ZCH0CH6N,ST12000NM0007,12000138625024,0,77,52038128,97.0,0.0,100.0,3.0,100.0,0.0,83.0,207342558.0,90,9436,100.0,0.0,100,2,,,,,100.0,0.0,100.0,0.0,,,71.0,29.0,,,100,116,100.0,451.0,29,29,100.0,0.0,100.0,0.0,200.0,0.0,100.0,9379.0,100.0,52770382896.0,100.0,86930184300.0
2019-02-09,ZCH0CH6N,ST12000NM0007,12000138625024,0,83.0,202850744.0,97.0,0.0,100.0,3.0,100.0,0.0,83.0,209098615.0,90.0,9452.0,100.0,0.0,100.0,2.0,,,,,100.0,0.0,100.0,0.0,,,71.0,29.0,,,100.0,116.0,100.0,452.0,29.0,29.0,100.0,0.0,100.0,0.0,200.0,0.0,100.0,9395.0,100.0,52811199408.0,100.0,87040180404.0
2019-02-10,ZCH0CH6N,ST12000NM0007,12000138625024,0,76,43237896,97.0,0.0,100.0,3.0,100.0,0.0,83.0,212901861.0,90,9484,100.0,0.0,100,2,,,,,100.0,0.0,100.0,0.0,,,71.0,29.0,,,100,117,100.0,453.0,29,29,100.0,0.0,100.0,0.0,200.0,0.0,100.0,9426.0,100.0,52910730840.0,100.0,87269317524.0
2019-02-11,ZCH0CH6N,ST12000NM0007,12000138625024,0,83,210007480,97.0,0.0,100.0,3.0,100.0,0.0,83.0,215456051.0,90,9499,100.0,0.0,100,2,,,,,100.0,0.0,100.0,0.0,,,69.0,31.0,,,100,118,100.0,454.0,31,31,100.0,0.0,100.0,0.0,200.0,0.0,100.0,9442.0,100.0,52959369800.0,100.0,87387448148.0
2019-02-12,ZCH0CH6N,ST12000NM0007,12000138625024,0,76.0,44297312.0,97.0,0.0,100.0,3.0,100.0,0.0,83.0,219630403.0,90.0,9531.0,100.0,0.0,100.0,2.0,,,,,100.0,0.0,100.0,0.0,,,71.0,29.0,,,100.0,119.0,100.0,455.0,29.0,29.0,100.0,0.0,100.0,0.0,200.0,0.0,100.0,9474.0,100.0,53048686152.0,100.0,87620702916.0
2019-02-13,ZCH0CH6N,ST12000NM0007,12000138625024,0,83,179382632,97.0,0.0,100.0,3.0,100.0,0.0,83.0,221092266.0,90,9547,100.0,0.0,100,2,,,,,100.0,0.0,100.0,0.0,,,72.0,28.0,,,100,120,100.0,456.0,28,28,100.0,0.0,100.0,0.0,200.0,0.0,100.0,9489.0,100.0,53092503712.0,100.0,87711970676.0
2019-02-14,ZCH0CH6N,ST12000NM0007,12000138625024,0,74,26343560,97.0,0.0,100.0,3.0,100.0,0.0,84.0,226369046.0,90,9578,100.0,0.0,100,2,,,,,100.0,0.0,100.0,0.0,,,73.0,27.0,,,100,120,100.0,457.0,27,27,100.0,0.0,100.0,0.0,200.0,0.0,100.0,9521.0,100.0,53194980920.0,100.0,87944735764.0
2019-02-15,ZCH0CH6N,ST12000NM0007,12000138625024,0,83.0,190558712.0,97.0,0.0,100.0,3.0,100.0,0.0,84.0,227950161.0,90.0,9594.0,100.0,0.0,100.0,2.0,,,,,100.0,0.0,100.0,0.0,,,72.0,28.0,,,100.0,120.0,100.0,458.0,28.0,28.0,100.0,0.0,100.0,0.0,200.0,0.0,100.0,9536.0,100.0,53239687272.0,100.0,88064244564.0
2019-02-16,ZCH0CH6N,ST12000NM0007,12000138625024,0,67.0,5412440.0,97.0,0.0,100.0,3.0,100.0,0.0,84.0,231134633.0,90.0,9626.0,100.0,0.0,100.0,2.0,,,,,100.0,0.0,100.0,0.0,,,72.0,28.0,,,100.0,120.0,100.0,459.0,28.0,28.0,100.0,0.0,100.0,0.0,200.0,0.0,100.0,9568.0,100.0,53341296760.0,100.0,88265773492.0
2019-02-17,ZCH0CH6N,ST12000NM0007,12000138625024,0,82,155540920,97.0,0.0,100.0,3.0,100.0,0.0,84.0,232587475.0,89,9642,100.0,0.0,100,2,,,,,100.0,0.0,100.0,0.0,,,73.0,27.0,,,100,120,100.0,460.0,27,27,100.0,0.0,100.0,0.0,200.0,0.0,100.0,9584.0,100.0,53384470104.0,100.0,88372728628.0
2019-02-18,ZCH0CH6N,ST12000NM0007,12000138625024,0,76,40174152,97.0,0.0,100.0,3.0,100.0,0.0,84.0,236966366.0,89,9673,100.0,0.0,100,2,,,,,100.0,0.0,100.0,0.0,,,72.0,28.0,,,100,121,100.0,461.0,28,28,100.0,0.0,100.0,0.0,200.0,0.0,100.0,9615.0,100.0,53494116560.0,100.0,88635996868.0
2019-02-19,ZCH0CH6N,ST12000NM0007,12000138625024,0,83,223006032,97.0,0.0,100.0,3.0,100.0,0.0,84.0,238919498.0,89,9689,100.0,0.0,100,2,,,,,100.0,0.0,100.0,0.0,,,70.0,30.0,,,100,121,100.0,462.0,30,30,100.0,0.0,100.0,0.0,200.0,0.0,100.0,9631.0,100.0,53534386904.0,100.0,88778558404.0
2019-02-20,ZCH0CH6N,ST12000NM0007,12000138625024,0,75.0,31995168.0,97.0,0.0,100.0,3.0,100.0,0.0,84.0,241970247.0,89.0,9721.0,100.0,0.0,100.0,2.0,,,,,100.0,0.0,100.0,0.0,,,71.0,29.0,,,100.0,121.0,100.0,463.0,29.0,29.0,100.0,0.0,100.0,0.0,200.0,0.0,100.0,9662.0,100.0,53621959160.0,100.0,88988256828.0
2019-02-21,ZCH0CH6N,ST12000NM0007,12000138625024,0,82,158824728,97.0,0.0,100.0,3.0,100.0,0.0,84.0,244623903.0,89,9737,100.0,0.0,100,2,,,,,100.0,0.0,100.0,0.0,,,71.0,29.0,,,100,121,100.0,464.0,29,29,100.0,0.0,100.0,0.0,200.0,0.0,100.0,9678.0,100.0,53659461968.0,100.0,89077583580.0
2019-02-22,ZCH0CH6N,ST12000NM0007,12000138625024,0,83,213654520,97.0,0.0,100.0,3.0,100.0,0.0,84.0,247662614.0,89,9768,100.0,0.0,100,2,,,,,100.0,0.0,100.0,0.0,,,71.0,29.0,,,100,122,100.0,465.0,29,29,100.0,0.0,100.0,0.0,200.0,0.0,100.0,9709.0,100.0,53722712208.0,100.0,89313304012.0
2019-02-23,ZCH0CH6N,ST12000NM0007,12000138625024,0,81.0,113614064.0,97.0,0.0,100.0,3.0,100.0,0.0,84.0,249306914.0,89.0,9784.0,100.0,0.0,100.0,2.0,,,,,100.0,0.0,100.0,0.0,,,70.0,30.0,,,100.0,122.0,100.0,466.0,30.0,30.0,100.0,0.0,100.0,0.0,200.0,0.0,100.0,9725.0,100.0,53757501256.0,100.0,89422615252.0
2019-02-24,ZCH0CH6N,ST12000NM0007,12000138625024,0,82,171132024,97.0,0.0,100.0,3.0,100.0,0.0,84.0,252708814.0,89,9816,100.0,0.0,100,2,,,,,100.0,0.0,100.0,0.0,,,71.0,29.0,,,100,122,100.0,467.0,29,29,100.0,0.0,100.0,0.0,200.0,0.0,100.0,9757.0,100.0,53834202376.0,100.0,89647572724.0
2019-02-25,ZCH0CH6N,ST12000NM0007,12000138625024,0,77,51700472,97.0,0.0,100.0,3.0,100.0,0.0,84.0,254587245.0,89,9832,100.0,0.0,100,2,,,,,100.0,0.0,100.0,0.0,,,71.0,29.0,,,100,122,100.0,468.0,29,29,100.0,0.0,100.0,0.0,200.0,0.0,100.0,9773.0,100.0,53867909240.0,100.0,89738574996.0
2019-02-26,ZCH0CH6N,ST12000NM0007,12000138625024,0,80,95897944,97.0,0.0,100.0,3.0,100.0,0.0,84.0,259017111.0,89,9863,100.0,0.0,100,2,,,,,100.0,0.0,100.0,0.0,,,72.0,28.0,,,100,122,100.0,469.0,28,28,100.0,0.0,100.0,0.0,200.0,0.0,100.0,9804.0,100.0,53944842488.0,100.0,89949979868.0
2019-02-27,ZCH0CH6N,ST12000NM0007,12000138625024,0,84.0,227453104.0,97.0,0.0,100.0,3.0,100.0,0.0,84.0,260569209.0,89.0,9879.0,100.0,0.0,100.0,2.0,,,,,100.0,0.0,100.0,0.0,,,71.0,29.0,,,100.0,122.0,100.0,470.0,29.0,29.0,100.0,0.0,100.0,0.0,200.0,0.0,100.0,9820.0,100.0,53981038344.0,100.0,90045339172.0
2019-02-28,ZCH0CH6N,ST12000NM0007,12000138625024,0,77,50161176,97.0,0.0,100.0,3.0,100.0,0.0,84.0,266365710.0,89,9911,100.0,0.0,100,2,,,,,100.0,0.0,100.0,0.0,,,73.0,27.0,,,100,123,100.0,471.0,27,27,100.0,0.0,100.0,0.0,200.0,0.0,100.0,9851.0,100.0,54068562008.0,100.0,90268805052.0
2019-03-01,ZCH0CH6N,ST12000NM0007,12000138625024,0,83.0,182703944.0,97.0,0.0,100.0,3.0,100.0,0.0,84.0,267785622.0,89.0,9927.0,100.0,0.0,100.0,2.0,,,,,100.0,0.0,100.0,0.0,,,73.0,27.0,,,100.0,123.0,100.0,472.0,27.0,27.0,100.0,0.0,100.0,0.0,200.0,0.0,100.0,9867.0,100.0,54101337840.0,100.0,90368571988.0
2019-03-02,ZCH0CH6N,ST12000NM0007,12000138625024,0,84.0,225856688.0,97.0,0.0,100.0,3.0,100.0,0.0,84.0,270588263.0,89.0,9958.0,100.0,0.0,100.0,2.0,,,,,100.0,0.0,100.0,0.0,,,73.0,27.0,,,100.0,123.0,100.0,473.0,27.0,27.0,100.0,0.0,100.0,0.0,200.0,0.0,100.0,9898.0,100.0,54196776744.0,100.0,90560426636.0
2019-03-03,ZCH0CH6N,ST12000NM0007,12000138625024,0,81.0,127784040.0,97.0,0.0,100.0,3.0,100.0,0.0,84.0,271997602.0,89.0,9974.0,100.0,0.0,100.0,2.0,,,,,100.0,0.0,100.0,0.0,,,70.0,30.0,,,100.0,124.0,100.0,474.0,30.0,30.0,100.0,0.0,100.0,0.0,200.0,0.0,100.0,9914.0,100.0,54235260512.0,100.0,90668010996.0
2019-03-04,ZCH0CH6N,ST12000NM0007,12000138625024,0,82,170228008,97.0,0.0,100.0,3.0,100.0,0.0,84.0,275748222.0,89,10006,100.0,0.0,100,2,,,,,100.0,0.0,100.0,0.0,,,73.0,27.0,,,100,124,100.0,475.0,27,27,100.0,0.0,100.0,0.0,200.0,0.0,100.0,9945.0,100.0,54320597672.0,100.0,90869258652.0
2019-03-05,ZCH0CH6N,ST12000NM0007,12000138625024,0,84.0,229255304.0,97.0,0.0,100.0,3.0,100.0,0.0,84.0,279351436.0,89.0,10037.0,100.0,0.0,100.0,2.0,,,,,100.0,0.0,100.0,0.0,,,73.0,27.0,,,100.0,125.0,100.0,477.0,27.0,27.0,100.0,0.0,100.0,0.0,200.0,0.0,100.0,9976.0,100.0,54399250200.0,100.0,91093774172.0
2019-03-06,ZCH0CH6N,ST12000NM0007,12000138625024,0,81.0,116877624.0,97.0,0.0,100.0,3.0,100.0,0.0,84.0,280560986.0,89.0,10053.0,100.0,0.0,100.0,2.0,,,,,100.0,0.0,100.0,0.0,,,71.0,29.0,,,100.0,125.0,100.0,477.0,29.0,29.0,100.0,0.0,100.0,0.0,200.0,0.0,100.0,9992.0,100.0,54427239264.0,100.0,91197548108.0
2019-03-07,ZCH0CH6N,ST12000NM0007,12000138625024,0,82.0,154683616.0,97.0,0.0,100.0,3.0,100.0,0.0,85.0,284728942.0,89.0,10085.0,100.0,0.0,100.0,2.0,,,,,100.0,0.0,100.0,0.0,,,72.0,28.0,,,100.0,125.0,100.0,478.0,28.0,28.0,100.0,0.0,100.0,0.0,200.0,0.0,100.0,10024.0,100.0,54496615024.0,100.0,91410119028.0
2019-03-08,ZCH0CH6N,ST12000NM0007,12000138625024,0,78.0,61571536.0,97.0,0.0,100.0,3.0,100.0,0.0,85.0,286124847.0,89.0,10101.0,100.0,0.0,100.0,2.0,,,,,100.0,0.0,100.0,0.0,,,73.0,27.0,,,100.0,125.0,100.0,479.0,27.0,27.0,100.0,0.0,100.0,0.0,200.0,0.0,100.0,10040.0,100.0,54524425280.0,100.0,91533337476.0
2019-03-09,ZCH0CH6N,ST12000NM0007,12000138625024,0,82.0,171152296.0,97.0,0.0,100.0,3.0,100.0,0.0,85.0,289177968.0,89.0,10133.0,100.0,0.0,100.0,2.0,,,,,100.0,0.0,100.0,0.0,,,70.0,30.0,,,100.0,126.0,100.0,480.0,30.0,30.0,100.0,0.0,100.0,0.0,200.0,0.0,100.0,10071.0,100.0,54574175328.0,100.0,91837308972.0
2019-03-10,ZCH0CH6N,ST12000NM0007,12000138625024,0,80.0,102044904.0,97.0,0.0,100.0,3.0,100.0,0.0,85.0,291701155.0,89.0,10148.0,100.0,0.0,100.0,2.0,,,,,100.0,0.0,100.0,0.0,,,71.0,29.0,,,100.0,126.0,100.0,481.0,29.0,29.0,100.0,0.0,100.0,0.0,200.0,0.0,100.0,10087.0,100.0,54615590312.0,100.0,91970927228.0
2019-03-11,ZCH0CH6N,ST12000NM0007,12000138625024,0,81.0,133186160.0,97.0,0.0,100.0,3.0,100.0,0.0,85.0,295817168.0,89.0,10180.0,100.0,0.0,100.0,2.0,,,,,100.0,0.0,100.0,0.0,,,71.0,29.0,,,100.0,126.0,100.0,482.0,29.0,29.0,100.0,0.0,100.0,0.0,200.0,0.0,100.0,10119.0,100.0,54708000880.0,100.0,92153798628.0
2019-03-12,ZCH0CH6N,ST12000NM0007,12000138625024,0,76.0,35915672.0,97.0,0.0,100.0,3.0,100.0,0.0,85.0,297341663.0,89.0,10196.0,100.0,0.0,100.0,2.0,,,,,100.0,0.0,100.0,0.0,,,72.0,28.0,,,100.0,126.0,100.0,483.0,28.0,28.0,100.0,0.0,100.0,0.0,200.0,0.0,100.0,10134.0,100.0,54748913648.0,100.0,92259756132.0
2019-03-13,ZCH0CH6N,ST12000NM0007,12000138625024,0,80.0,103350136.0,97.0,0.0,100.0,3.0,100.0,0.0,85.0,300756100.0,89.0,10227.0,100.0,0.0,100.0,2.0,,,,,100.0,0.0,100.0,0.0,,,72.0,28.0,,,100.0,127.0,100.0,485.0,28.0,28.0,100.0,0.0,100.0,0.0,200.0,0.0,100.0,10165.0,100.0,54829757832.0,100.0,92490487044.0
2019-03-14,ZCH0CH6N,ST12000NM0007,12000138625024,0,76.0,36514376.0,97.0,0.0,100.0,3.0,100.0,0.0,85.0,303568975.0,89.0,10243.0,100.0,0.0,100.0,2.0,,,,,100.0,0.0,100.0,0.0,,,72.0,28.0,,,100.0,127.0,100.0,485.0,28.0,28.0,100.0,0.0,100.0,0.0,200.0,0.0,100.0,10181.0,100.0,54880691168.0,100.0,92616858668.0
2019-03-15,ZCH0CH6N,ST12000NM0007,12000138625024,0,79.0,87348360.0,97.0,0.0,100.0,3.0,100.0,0.0,85.0,306992800.0,89.0,10275.0,100.0,0.0,100.0,2.0,,,,,100.0,0.0,100.0,0.0,,,73.0,27.0,,,100.0,127.0,100.0,487.0,27.0,27.0,100.0,0.0,100.0,0.0,200.0,0.0,100.0,10212.0,100.0,54970135744.0,100.0,92822388756.0
2019-03-16,ZCH0CH6N,ST12000NM0007,12000138625024,0,83.0,222520288.0,97.0,0.0,100.0,3.0,100.0,0.0,85.0,308599718.0,89.0,10291.0,100.0,0.0,100.0,2.0,,,,,100.0,0.0,100.0,0.0,,,73.0,27.0,,,100.0,127.0,100.0,487.0,27.0,27.0,100.0,0.0,100.0,0.0,200.0,0.0,100.0,10228.0,100.0,55000964832.0,100.0,92926731596.0
2019-03-17,ZCH0CH6N,ST12000NM0007,12000138625024,0,67.0,4574264.0,97.0,0.0,100.0,3.0,100.0,0.0,85.0,311719067.0,89.0,10322.0,100.0,0.0,100.0,2.0,,,,,100.0,0.0,100.0,0.0,,,73.0,27.0,,,100.0,128.0,100.0,489.0,27.0,27.0,100.0,0.0,100.0,0.0,200.0,0.0,100.0,10260.0,100.0,55074433952.0,100.0,93123598116.0
2019-03-18,ZCH0CH6N,ST12000NM0007,12000138625024,0,82.0,160146456.0,97.0,0.0,100.0,3.0,100.0,0.0,85.0,314059495.0,89.0,10338.0,100.0,0.0,100.0,2.0,,,,,100.0,0.0,100.0,0.0,,,72.0,28.0,,,100.0,128.0,100.0,489.0,28.0,28.0,100.0,0.0,100.0,0.0,200.0,0.0,100.0,10275.0,100.0,55127614984.0,100.0,93225989356.0
2019-03-19,ZCH0CH6N,ST12000NM0007,12000138625024,0,83.0,203198160.0,97.0,0.0,100.0,3.0,100.0,0.0,85.0,318203516.0,89.0,10370.0,100.0,0.0,100.0,2.0,,,,,100.0,0.0,100.0,0.0,,,73.0,27.0,,,100.0,130.0,100.0,491.0,27.0,27.0,100.0,0.0,100.0,0.0,200.0,0.0,100.0,10307.0,100.0,55212193376.0,100.0,93428603332.0
2019-03-20,ZCH0CH6N,ST12000NM0007,12000138625024,0,80.0,97750240.0,97.0,0.0,100.0,3.0,100.0,0.0,85.0,319822958.0,89.0,10386.0,100.0,0.0,100.0,2.0,,,,,100.0,0.0,100.0,0.0,,,72.0,28.0,,,100.0,130.0,100.0,491.0,28.0,28.0,100.0,0.0,100.0,0.0,200.0,0.0,100.0,10323.0,100.0,55253134272.0,100.0,93526355204.0
2019-03-21,ZCH0CH6N,ST12000NM0007,12000138625024,0,71.0,12887064.0,97.0,0.0,100.0,3.0,100.0,0.0,85.0,322377715.0,89.0,10402.0,100.0,0.0,100.0,2.0,,,,,100.0,0.0,100.0,0.0,,,70.0,30.0,,,100.0,131.0,100.0,492.0,30.0,30.0,100.0,0.0,100.0,0.0,200.0,0.0,100.0,10338.0,100.0,55302478448.0,100.0,93636288548.0
2019-03-22,ZCH0CH6N,ST12000NM0007,12000138625024,0,84.0,242612256.0,97.0,0.0,100.0,3.0,100.0,0.0,85.0,325588801.0,89.0,10433.0,100.0,0.0,100.0,2.0,,,,,100.0,0.0,100.0,0.0,,,73.0,27.0,,,100.0,132.0,100.0,493.0,27.0,27.0,100.0,0.0,100.0,0.0,200.0,0.0,100.0,10370.0,100.0,55364767240.0,100.0,93803724948.0
2019-03-23,ZCH0CH6N,ST12000NM0007,12000138625024,0,82.0,165137880.0,97.0,0.0,100.0,3.0,100.0,0.0,85.0,327169932.0,89.0,10449.0,100.0,0.0,100.0,2.0,,,,,100.0,0.0,100.0,0.0,,,71.0,29.0,,,100.0,132.0,100.0,494.0,29.0,29.0,100.0,0.0,100.0,0.0,200.0,0.0,100.0,10385.0,100.0,55413526096.0,100.0,93921632404.0
2019-03-24,ZCH0CH6N,ST12000NM0007,12000138625024,0,75.0,29878280.0,97.0,0.0,100.0,3.0,100.0,0.0,85.0,330888479.0,89.0,10481.0,100.0,0.0,100.0,2.0,,,,,100.0,0.0,100.0,0.0,,,73.0,27.0,,,100.0,133.0,100.0,495.0,27.0,27.0,100.0,0.0,100.0,0.0,200.0,0.0,100.0,10417.0,100.0,55514948528.0,100.0,94173231900.0
2019-03-25,ZCH0CH6N,ST12000NM0007,12000138625024,0,82.0,168250336.0,97.0,0.0,100.0,3.0,100.0,0.0,85.0,332115976.0,89.0,10497.0,100.0,0.0,100.0,2.0,,,,,100.0,0.0,100.0,0.0,,,72.0,28.0,,,100.0,134.0,100.0,496.0,28.0,28.0,100.0,0.0,100.0,0.0,200.0,0.0,100.0,10433.0,100.0,55543479992.0,100.0,94283072492.0
2019-03-26,ZCH0CH6N,ST12000NM0007,12000138625024,0,75.0,29976512.0,97.0,0.0,100.0,3.0,100.0,0.0,85.0,336618382.0,88.0,10528.0,100.0,0.0,100.0,2.0,,,,,100.0,0.0,100.0,0.0,,,72.0,28.0,,,100.0,134.0,100.0,497.0,28.0,28.0,100.0,0.0,100.0,0.0,200.0,0.0,100.0,10464.0,100.0,55619560656.0,100.0,94556999308.0
2019-03-27,ZCH0CH6N,ST12000NM0007,12000138625024,0,83.0,205851880.0,97.0,0.0,100.0,3.0,100.0,0.0,85.0,339221809.0,88.0,10544.0,100.0,0.0,100.0,2.0,,,,,100.0,0.0,100.0,0.0,,,73.0,27.0,,,100.0,135.0,100.0,498.0,27.0,27.0,100.0,0.0,100.0,0.0,200.0,0.0,100.0,10480.0,100.0,55651868896.0,100.0,94700566436.0
2019-03-28,ZCH0CH6N,ST12000NM0007,12000138625024,0,76.0,42161504.0,97.0,0.0,100.0,3.0,100.0,0.0,85.0,343658044.0,88.0,10576.0,100.0,0.0,100.0,2.0,,,,,100.0,0.0,100.0,0.0,,,73.0,27.0,,,100.0,135.0,100.0,499.0,27.0,27.0,100.0,0.0,100.0,0.0,200.0,0.0,100.0,10512.0,100.0,55741470896.0,100.0,94935555780.0
2019-03-29,ZCH0CH6N,ST12000NM0007,12000138625024,0,79.0,85832560.0,97.0,0.0,100.0,3.0,100.0,0.0,85.0,346868124.0,88.0,10607.0,100.0,0.0,100.0,2.0,,,,,100.0,0.0,100.0,0.0,,,73.0,27.0,,,100.0,135.0,100.0,501.0,27.0,27.0,100.0,0.0,100.0,0.0,200.0,0.0,100.0,10543.0,100.0,55815116416.0,100.0,95149722020.0
2019-03-30,ZCH0CH6N,ST12000NM0007,12000138625024,0,83.0,206220048.0,97.0,0.0,100.0,3.0,100.0,0.0,85.0,348453040.0,88.0,10623.0,100.0,0.0,100.0,2.0,,,,,100.0,0.0,100.0,0.0,,,72.0,28.0,,,100.0,135.0,100.0,502.0,28.0,28.0,100.0,0.0,100.0,0.0,200.0,0.0,100.0,10559.0,100.0,55857067968.0,100.0,95228157956.0
2019-03-31,ZCH0CH6N,ST12000NM0007,12000138625024,0,83.0,217479144.0,97.0,0.0,100.0,3.0,100.0,0.0,85.0,351550855.0,88.0,10655.0,100.0,0.0,100.0,2.0,,,,,100.0,0.0,100.0,0.0,,,73.0,27.0,,,100.0,136.0,100.0,504.0,27.0,27.0,100.0,0.0,100.0,0.0,200.0,0.0,100.0,10590.0,100.0,55929469152.0,100.0,95411156572.0
2019-04-01,ZCH0CH6N,ST12000NM0007,12000138625024,0,80.0,107641816.0,97.0,0.0,100.0,3.0,100.0,0.0,85.0,353123217.0,88.0,10671.0,100.0,0.0,100.0,2.0,,,,,100.0,0.0,100.0,0.0,,,73.0,27.0,,,100.0,136.0,100.0,504.0,27.0,27.0,100.0,0.0,100.0,0.0,200.0,0.0,100.0,10606.0,100.0,55970844728.0,100.0,95504084340.0
2019-04-02,ZCH0CH6N,ST12000NM0007,12000138625024,0,83.0,190493072.0,97.0,0.0,100.0,3.0,100.0,0.0,86.0,357697887.0,88.0,10702.0,100.0,0.0,100.0,2.0,,,,,100.0,0.0,100.0,0.0,,,73.0,27.0,,,100.0,136.0,100.0,506.0,27.0,27.0,100.0,0.0,100.0,0.0,200.0,0.0,100.0,10637.0,100.0,56041220768.0,100.0,95760700220.0
2019-04-03,ZCH0CH6N,ST12000NM0007,12000138625024,0,81.0,125029064.0,97.0,0.0,100.0,3.0,100.0,0.0,86.0,359320731.0,88.0,10718.0,100.0,0.0,100.0,2.0,,,,,100.0,0.0,100.0,0.0,,,73.0,27.0,,,100.0,136.0,100.0,506.0,27.0,27.0,100.0,0.0,100.0,0.0,200.0,0.0,100.0,10653.0,100.0,56094813528.0,100.0,95885784188.0
2019-04-04,ZCH0CH6N,ST12000NM0007,12000138625024,0,83.0,201872328.0,97.0,0.0,100.0,3.0,100.0,0.0,86.0,364920489.0,88.0,10750.0,100.0,0.0,100.0,2.0,,,,,100.0,0.0,100.0,0.0,,,73.0,27.0,,,100.0,138.0,100.0,508.0,27.0,27.0,100.0,0.0,100.0,0.0,200.0,0.0,100.0,10685.0,100.0,56163601384.0,100.0,96137980236.0
2019-04-05,ZCH0CH6N,ST12000NM0007,12000138625024,0,67.0,5615576.0,97.0,0.0,100.0,3.0,100.0,0.0,86.0,368081684.0,88.0,10781.0,100.0,0.0,100.0,2.0,,,,,100.0,0.0,100.0,0.0,,,73.0,27.0,,,100.0,138.0,100.0,509.0,27.0,27.0,100.0,0.0,100.0,0.0,200.0,0.0,100.0,10716.0,100.0,56245120744.0,100.0,96348485628.0
2019-04-06,ZCH0CH6N,ST12000NM0007,12000138625024,0,81.0,133032232.0,97.0,0.0,100.0,3.0,100.0,0.0,86.0,369513823.0,88.0,10797.0,100.0,0.0,100.0,2.0,,,,,100.0,0.0,100.0,0.0,,,73.0,27.0,,,100.0,138.0,100.0,510.0,27.0,27.0,100.0,0.0,100.0,0.0,200.0,0.0,100.0,10732.0,100.0,56290517264.0,100.0,96430505764.0
2019-04-07,ZCH0CH6N,ST12000NM0007,12000138625024,0,83.0,179672392.0,97.0,0.0,100.0,3.0,100.0,0.0,86.0,372503229.0,88.0,10829.0,100.0,0.0,100.0,2.0,,,,,100.0,0.0,100.0,0.0,,,73.0,27.0,,,100.0,138.0,100.0,511.0,27.0,27.0,100.0,0.0,100.0,0.0,200.0,0.0,100.0,10763.0,100.0,56365012088.0,100.0,96646791732.0
2019-04-08,ZCH0CH6N,ST12000NM0007,12000138625024,0,82.0,142839040.0,97.0,0.0,100.0,3.0,100.0,0.0,86.0,375178467.0,88.0,10845.0,100.0,0.0,100.0,2.0,,,,,100.0,0.0,100.0,0.0,,,73.0,27.0,,,100.0,139.0,100.0,512.0,27.0,27.0,100.0,0.0,100.0,0.0,200.0,0.0,100.0,10779.0,100.0,56409591320.0,100.0,96809519884.0
2019-04-09,ZCH0CH6N,ST12000NM0007,12000138625024,0,83.0,206694264.0,97.0,0.0,100.0,3.0,100.0,0.0,86.0,378788455.0,88.0,10877.0,100.0,0.0,100.0,2.0,,,,,100.0,0.0,100.0,0.0,,,73.0,27.0,,,100.0,140.0,100.0,513.0,27.0,27.0,100.0,0.0,100.0,0.0,200.0,0.0,100.0,10811.0,100.0,56491052360.0,100.0,97036054700.0
2019-04-10,ZCH0CH6N,ST12000NM0007,12000138625024,0,80.0,109330496.0,97.0,0.0,100.0,3.0,100.0,0.0,86.0,380088038.0,88.0,10892.0,100.0,0.0,100.0,2.0,,,,,100.0,0.0,100.0,0.0,,,73.0,27.0,,,100.0,141.0,100.0,514.0,27.0,27.0,100.0,0.0,100.0,0.0,200.0,0.0,100.0,10826.0,100.0,56525567848.0,100.0,97148316092.0
2019-04-11,ZCH0CH6N,ST12000NM0007,12000138625024,0,74.0,23196616.0,97.0,0.0,100.0,3.0,100.0,0.0,86.0,382879300.0,88.0,10908.0,100.0,0.0,100.0,2.0,,,,,100.0,0.0,100.0,0.0,,,73.0,27.0,,,100.0,141.0,100.0,514.0,27.0,27.0,100.0,0.0,100.0,0.0,200.0,0.0,100.0,10842.0,100.0,56570942584.0,100.0,97260948244.0
2019-04-12,ZCH0CH6N,ST12000NM0007,12000138625024,0,79.0,75322872.0,97.0,0.0,100.0,3.0,100.0,0.0,86.0,387077609.0,88.0,10940.0,100.0,0.0,100.0,2.0,,,,,100.0,0.0,100.0,0.0,,,73.0,27.0,,,100.0,142.0,100.0,516.0,27.0,27.0,100.0,0.0,100.0,0.0,200.0,0.0,100.0,10874.0,100.0,56617437600.0,100.0,97510720140.0
2019-04-13,ZCH0CH6N,ST12000NM0007,12000138625024,0,84.0,228661808.0,97.0,0.0,100.0,3.0,100.0,0.0,86.0,388875885.0,88.0,10956.0,100.0,0.0,100.0,2.0,,,,,100.0,0.0,100.0,0.0,,,73.0,27.0,,,100.0,142.0,100.0,516.0,27.0,27.0,100.0,0.0,100.0,0.0,200.0,0.0,100.0,10889.0,100.0,56662753560.0,100.0,97618743116.0
2019-04-14,ZCH0CH6N,ST12000NM0007,12000138625024,0,72.0,14706592.0,97.0,0.0,100.0,3.0,100.0,0.0,86.0,392095445.0,88.0,10987.0,100.0,0.0,100.0,2.0,,,,,100.0,0.0,100.0,0.0,,,74.0,26.0,,,100.0,142.0,100.0,518.0,26.0,26.0,100.0,0.0,100.0,0.0,200.0,0.0,100.0,10921.0,100.0,56747969208.0,100.0,97807853676.0
2019-04-15,ZCH0CH6N,ST12000NM0007,12000138625024,0,81.0,115733488.0,97.0,0.0,100.0,3.0,100.0,0.0,86.0,393579970.0,88.0,11003.0,100.0,0.0,100.0,2.0,,,,,100.0,0.0,100.0,0.0,,,73.0,27.0,,,100.0,142.0,100.0,518.0,27.0,27.0,100.0,0.0,100.0,0.0,200.0,0.0,100.0,10937.0,100.0,56786182176.0,100.0,97870667604.0
2019-04-16,ZCH0CH6N,ST12000NM0007,12000138625024,0,82.0,167719880.0,97.0,0.0,100.0,3.0,100.0,0.0,86.0,397854080.0,88.0,11035.0,100.0,0.0,100.0,2.0,,,,,100.0,0.0,100.0,0.0,,,73.0,27.0,,,100.0,144.0,100.0,520.0,27.0,27.0,100.0,0.0,100.0,0.0,200.0,0.0,100.0,10968.0,100.0,56861468216.0,100.0,98091508836.0
2019-04-17,ZCH0CH6N,ST12000NM0007,12000138625024,0,84.0,226529560.0,97.0,0.0,100.0,3.0,100.0,0.0,86.0,400847547.0,88.0,11066.0,100.0,0.0,100.0,2.0,,,,,100.0,0.0,100.0,0.0,,,73.0,27.0,,,100.0,144.0,100.0,521.0,27.0,27.0,100.0,0.0,100.0,0.0,200.0,0.0,100.0,11000.0,100.0,56932505360.0,100.0,98323422028.0
2019-04-18,ZCH0CH6N,ST12000NM0007,12000138625024,0,81.0,125628168.0,97.0,0.0,100.0,3.0,100.0,0.0,86.0,403808068.0,88.0,11082.0,100.0,0.0,100.0,2.0,,,,,100.0,0.0,100.0,0.0,,,73.0,27.0,,,100.0,144.0,100.0,522.0,27.0,27.0,100.0,0.0,100.0,0.0,200.0,0.0,100.0,11015.0,100.0,56982606960.0,100.0,98416559756.0
2019-04-19,ZCH0CH6N,ST12000NM0007,12000138625024,0,81.0,113500096.0,97.0,0.0,100.0,3.0,100.0,0.0,86.0,406890503.0,88.0,11114.0,100.0,0.0,100.0,2.0,,,,,100.0,0.0,100.0,0.0,,,74.0,26.0,,,100.0,145.0,100.0,523.0,26.0,26.0,100.0,0.0,100.0,0.0,200.0,0.0,100.0,11047.0,100.0,57052981712.0,100.0,98578197588.0
2019-04-20,ZCH0CH6N,ST12000NM0007,12000138625024,0,74.0,25700160.0,97.0,0.0,100.0,3.0,100.0,0.0,86.0,408392585.0,88.0,11130.0,100.0,0.0,100.0,2.0,,,,,100.0,0.0,100.0,0.0,,,73.0,27.0,,,100.0,146.0,100.0,524.0,27.0,27.0,100.0,0.0,100.0,0.0,200.0,0.0,100.0,11063.0,100.0,57089153240.0,100.0,98698366764.0
2019-04-21,ZCH0CH6N,ST12000NM0007,12000138625024,0,83.0,194423704.0,97.0,0.0,100.0,3.0,100.0,0.0,86.0,410174303.0,88.0,11146.0,100.0,0.0,100.0,2.0,,,,,100.0,0.0,100.0,0.0,,,73.0,27.0,,,100.0,146.0,100.0,524.0,27.0,27.0,100.0,0.0,100.0,0.0,200.0,0.0,100.0,11078.0,100.0,57132679816.0,100.0,98823563732.0
2019-04-22,ZCH0CH6N,ST12000NM0007,12000138625024,0,84.0,243700874.0,95.0,0.0,100.0,4.0,100.0,0.0,86.0,413722436.0,88.0,11178.0,100.0,0.0,100.0,3.0,,,,,100.0,0.0,100.0,0.0,,,73.0,27.0,,,100.0,146.0,100.0,527.0,27.0,27.0,100.0,0.0,100.0,0.0,200.0,0.0,100.0,11110.0,100.0,57201717304.0,100.0,99047944078.0
2019-04-23,ZCH0CH6N,ST12000NM0007,12000138625024,0,83.0,182990864.0,95.0,0.0,100.0,4.0,100.0,0.0,86.0,416232652.0,88.0,11194.0,100.0,0.0,100.0,3.0,,,,,100.0,0.0,100.0,0.0,,,73.0,27.0,,,100.0,147.0,100.0,528.0,27.0,27.0,100.0,0.0,100.0,0.0,200.0,0.0,100.0,11126.0,100.0,57239154840.0,100.0,99193937182.0
2019-04-24,ZCH0CH6N,ST12000NM0007,12000138625024,0,69.0,8120984.0,95.0,0.0,100.0,4.0,100.0,0.0,86.0,419408925.0,88.0,11225.0,100.0,0.0,100.0,3.0,,,,,100.0,0.0,100.0,0.0,,,74.0,26.0,,,100.0,147.0,100.0,529.0,26.0,26.0,100.0,0.0,100.0,0.0,200.0,0.0,100.0,11158.0,100.0,57317949376.0,100.0,99428554214.0
2019-04-25,ZCH0CH6N,ST12000NM0007,12000138625024,0,80.0,101604968.0,95.0,0.0,100.0,4.0,100.0,0.0,86.0,424044648.0,88.0,11257.0,100.0,0.0,100.0,3.0,,,,,100.0,0.0,100.0,0.0,,,74.0,26.0,,,100.0,147.0,100.0,531.0,26.0,26.0,100.0,0.0,100.0,0.0,200.0,0.0,100.0,11189.0,100.0,57433074096.0,100.0,99651054110.0
2019-04-26,ZCH0CH6N,ST12000NM0007,12000138625024,0,73.0,18982784.0,95.0,0.0,100.0,4.0,100.0,0.0,86.0,425619923.0,88.0,11273.0,100.0,0.0,100.0,3.0,,,,,100.0,0.0,100.0,0.0,,,74.0,26.0,,,100.0,147.0,100.0,531.0,26.0,26.0,100.0,0.0,100.0,0.0,200.0,0.0,100.0,11205.0,100.0,57467612176.0,100.0,99778034550.0
2019-04-27,ZCH0CH6N,ST12000NM0007,12000138625024,0,80.0,99040248.0,95.0,0.0,100.0,4.0,100.0,0.0,86.0,428967488.0,88.0,11304.0,100.0,0.0,100.0,3.0,,,,,100.0,0.0,100.0,0.0,,,74.0,26.0,,,100.0,147.0,100.0,533.0,26.0,26.0,100.0,0.0,100.0,0.0,200.0,0.0,100.0,11236.0,100.0,57537213464.0,100.0,100032631446.0
2019-04-28,ZCH0CH6N,ST12000NM0007,12000138625024,0,84.0,238455360.0,95.0,0.0,100.0,4.0,100.0,0.0,86.0,430348746.0,88.0,11320.0,100.0,0.0,100.0,3.0,,,,,100.0,0.0,100.0,0.0,,,73.0,27.0,,,100.0,147.0,100.0,533.0,27.0,27.0,100.0,0.0,100.0,0.0,200.0,0.0,100.0,11252.0,100.0,57563628808.0,100.0,100145631214.0
2019-04-29,ZCH0CH6N,ST12000NM0007,12000138625024,0,81.0,132430584.0,95.0,0.0,100.0,4.0,100.0,0.0,86.0,435021152.0,88.0,11352.0,100.0,0.0,100.0,3.0,,,,,100.0,0.0,100.0,0.0,,,74.0,26.0,,,100.0,148.0,100.0,534.0,26.0,26.0,100.0,0.0,100.0,0.0,200.0,0.0,100.0,11284.0,100.0,57656290376.0,100.0,100435231030.0
2019-04-30,ZCH0CH6N,ST12000NM0007,12000138625024,0,79.0,77186952.0,95.0,0.0,100.0,4.0,100.0,0.0,86.0,437892852.0,88.0,11368.0,100.0,0.0,100.0,3.0,,,,,100.0,0.0,100.0,0.0,,,73.0,27.0,,,100.0,149.0,100.0,535.0,27.0,27.0,100.0,0.0,100.0,0.0,200.0,0.0,100.0,11299.0,100.0,57697780584.0,100.0,100582637926.0
2019-05-01,ZCH0CH6N,ST12000NM0007,12000138625024,0,79.0,82087176.0,95.0,0.0,100.0,4.0,100.0,0.0,86.0,440779068.0,87.0,11399.0,100.0,0.0,100.0,3.0,,,,,100.0,0.0,100.0,0.0,,,74.0,26.0,,,100.0,150.0,100.0,536.0,26.0,26.0,100.0,0.0,100.0,0.0,200.0,0.0,100.0,11331.0,100.0,57777132080.0,100.0,100752327430.0
2019-05-02,ZCH0CH6N,ST12000NM0007,12000138625024,0,84.0,232753040.0,95.0,0.0,100.0,4.0,100.0,0.0,86.0,443639939.0,87.0,11415.0,100.0,0.0,100.0,3.0,,,,,100.0,0.0,100.0,0.0,,,73.0,27.0,,,100.0,151.0,100.0,537.0,27.0,27.0,100.0,0.0,100.0,0.0,200.0,0.0,100.0,11347.0,100.0,57821015312.0,100.0,100859110062.0
2019-05-03,ZCH0CH6N,ST12000NM0007,12000138625024,0,78.0,64321784.0,95.0,0.0,100.0,4.0,100.0,0.0,86.0,446475658.0,87.0,11447.0,100.0,0.0,100.0,3.0,,,,,100.0,0.0,100.0,0.0,,,74.0,26.0,,,100.0,151.0,100.0,538.0,26.0,26.0,100.0,0.0,100.0,0.0,200.0,0.0,100.0,11378.0,100.0,57890239496.0,100.0,101109736222.0
2019-05-04,ZCH0CH6N,ST12000NM0007,12000138625024,0,83.0,203189336.0,95.0,0.0,100.0,4.0,100.0,0.0,87.0,447833689.0,87.0,11463.0,100.0,0.0,100.0,3.0,,,,,100.0,0.0,100.0,0.0,,,74.0,26.0,,,100.0,151.0,100.0,539.0,26.0,26.0,100.0,0.0,100.0,0.0,200.0,0.0,100.0,11394.0,100.0,57923402488.0,100.0,101215440782.0
2019-05-05,ZCH0CH6N,ST12000NM0007,12000138625024,0,70.0,9461848.0,95.0,0.0,100.0,4.0,100.0,0.0,87.0,451039475.0,87.0,11494.0,100.0,0.0,100.0,3.0,,,,,100.0,0.0,100.0,0.0,,,74.0,26.0,,,100.0,152.0,100.0,540.0,26.0,26.0,100.0,0.0,100.0,0.0,200.0,0.0,100.0,11426.0,100.0,57999333928.0,100.0,101434063518.0
2019-05-06,ZCH0CH6N,ST12000NM0007,12000138625024,0,82.0,156252336.0,95.0,0.0,100.0,4.0,100.0,0.0,87.0,452410217.0,87.0,11510.0,100.0,0.0,100.0,3.0,,,,,100.0,0.0,100.0,0.0,,,74.0,26.0,,,100.0,153.0,100.0,541.0,26.0,26.0,100.0,0.0,100.0,0.0,200.0,0.0,100.0,11442.0,100.0,58035635880.0,100.0,101544552054.0
2019-05-07,ZCH0CH6N,ST12000NM0007,12000138625024,0,71.0,12082696.0,95.0,0.0,100.0,4.0,100.0,0.0,87.0,457082938.0,87.0,11542.0,100.0,0.0,100.0,3.0,,,,,100.0,0.0,100.0,0.0,,,73.0,27.0,,,100.0,153.0,100.0,542.0,27.0,27.0,100.0,0.0,100.0,0.0,200.0,0.0,100.0,11473.0,100.0,58133572600.0,100.0,101790727030.0
2019-05-08,ZCH0CH6N,ST12000NM0007,12000138625024,0,82.0,155242088.0,95.0,0.0,100.0,4.0,100.0,0.0,87.0,458444040.0,87.0,11558.0,100.0,0.0,100.0,3.0,,,,,100.0,0.0,100.0,0.0,,,73.0,27.0,,,100.0,154.0,100.0,543.0,27.0,27.0,100.0,0.0,100.0,0.0,200.0,0.0,100.0,11489.0,100.0,58168025784.0,100.0,101899433238.0
2019-05-09,ZCH0CH6N,ST12000NM0007,12000138625024,0,83.0,202344376.0,95.0,0.0,100.0,4.0,100.0,0.0,87.0,462878237.0,87.0,11589.0,100.0,0.0,100.0,3.0,,,,,100.0,0.0,100.0,0.0,,,74.0,26.0,,,100.0,155.0,100.0,544.0,26.0,26.0,100.0,0.0,100.0,0.0,200.0,0.0,100.0,11521.0,100.0,58253327328.0,100.0,102105374694.0
2019-05-10,ZCH0CH6N,ST12000NM0007,12000138625024,0,80.0,93757824.0,95.0,0.0,100.0,4.0,100.0,0.0,87.0,464200719.0,87.0,11605.0,100.0,0.0,100.0,3.0,,,,,100.0,0.0,100.0,0.0,,,73.0,27.0,,,100.0,155.0,100.0,545.0,27.0,27.0,100.0,0.0,100.0,0.0,200.0,0.0,100.0,11536.0,100.0,58282721800.0,100.0,102211534422.0
2019-05-11,ZCH0CH6N,ST12000NM0007,12000138625024,0,82.0,162290360.0,95.0,0.0,100.0,4.0,100.0,0.0,87.0,467066353.0,87.0,11637.0,100.0,0.0,100.0,3.0,,,,,100.0,0.0,100.0,0.0,,,74.0,26.0,,,100.0,156.0,100.0,546.0,26.0,26.0,100.0,0.0,100.0,0.0,200.0,0.0,100.0,11568.0,100.0,58355159280.0,100.0,102451770278.0
2019-05-12,ZCH0CH6N,ST12000NM0007,12000138625024,0,80.0,93703944.0,95.0,0.0,100.0,4.0,100.0,0.0,87.0,468599124.0,87.0,11653.0,100.0,0.0,100.0,3.0,,,,,100.0,0.0,100.0,0.0,,,73.0,27.0,,,100.0,157.0,100.0,547.0,27.0,27.0,100.0,0.0,100.0,0.0,200.0,0.0,100.0,11583.0,100.0,58407906400.0,100.0,102574577422.0
2019-05-13,ZCH0CH6N,ST12000NM0007,12000138625024,0,83.0,190355704.0,95.0,0.0,100.0,4.0,100.0,0.0,87.0,473035229.0,87.0,11684.0,100.0,0.0,100.0,3.0,,,,,100.0,0.0,100.0,0.0,,,74.0,26.0,,,100.0,157.0,100.0,548.0,26.0,26.0,100.0,0.0,100.0,0.0,200.0,0.0,100.0,11615.0,100.0,58500154216.0,100.0,102823122062.0
2019-05-14,ZCH0CH6N,ST12000NM0007,12000138625024,0,100.0,445504.0,95.0,0.0,100.0,4.0,100.0,0.0,87.0,476311805.0,87.0,11716.0,100.0,0.0,100.0,3.0,,,,,100.0,0.0,100.0,0.0,,,74.0,26.0,,,100.0,158.0,100.0,550.0,26.0,26.0,100.0,0.0,100.0,0.0,200.0,0.0,100.0,11647.0,100.0,58569594608.0,100.0,103052052926.0
2019-05-15,ZCH0CH6N,ST12000NM0007,12000138625024,0,82.0,167267488.0,95.0,0.0,100.0,4.0,100.0,0.0,87.0,479204030.0,87.0,11732.0,100.0,0.0,100.0,3.0,,,,,100.0,0.0,100.0,0.0,,,74.0,26.0,,,100.0,158.0,100.0,550.0,26.0,26.0,100.0,0.0,100.0,0.0,200.0,0.0,100.0,11662.0,100.0,58604234504.0,100.0,103184235014.0
2019-05-16,ZCH0CH6N,ST12000NM0007,12000138625024,0,80.0,110358448.0,95.0,0.0,100.0,4.0,100.0,0.0,87.0,482518828.0,87.0,11748.0,100.0,0.0,100.0,3.0,,,,,100.0,0.0,100.0,0.0,,,73.0,27.0,,,100.0,158.0,100.0,551.0,27.0,27.0,100.0,0.0,100.0,0.0,200.0,0.0,100.0,11678.0,100.0,58676920576.0,100.0,103298780534.0
2019-05-17,ZCH0CH6N,ST12000NM0007,12000138625024,0,81.0,135263784.0,95.0,0.0,100.0,4.0,100.0,0.0,87.0,485237002.0,87.0,11779.0,100.0,0.0,100.0,3.0,,,,,100.0,0.0,100.0,0.0,,,73.0,27.0,,,100.0,158.0,100.0,552.0,27.0,27.0,100.0,0.0,100.0,0.0,200.0,0.0,100.0,11710.0,100.0,58758669256.0,100.0,103486077854.0
2019-05-18,ZCH0CH6N,ST12000NM0007,12000138625024,0,73.0,19727632.0,95.0,0.0,100.0,4.0,100.0,0.0,87.0,486512260.0,87.0,11795.0,100.0,0.0,100.0,3.0,,,,,100.0,0.0,100.0,0.0,,,73.0,27.0,,,100.0,158.0,100.0,553.0,27.0,27.0,100.0,0.0,100.0,0.0,200.0,0.0,100.0,11725.0,100.0,58789873624.0,100.0,103583478070.0
2019-05-19,ZCH0CH6N,ST12000NM0007,12000138625024,0,80.0,92333848.0,95.0,0.0,100.0,4.0,100.0,0.0,87.0,489530987.0,87.0,11827.0,100.0,0.0,100.0,3.0,,,,,100.0,0.0,100.0,0.0,,,74.0,26.0,,,100.0,159.0,100.0,554.0,26.0,26.0,100.0,0.0,100.0,0.0,200.0,0.0,100.0,11757.0,100.0,58880177768.0,100.0,103809920998.0
2019-05-20,ZCH0CH6N,ST12000NM0007,12000138625024,0,83.0,199370840.0,95.0,0.0,100.0,4.0,100.0,0.0,87.0,494384933.0,87.0,11859.0,100.0,0.0,100.0,3.0,,,,,100.0,0.0,100.0,0.0,,,72.0,28.0,,,100.0,159.0,100.0,555.0,28.0,28.0,100.0,0.0,100.0,0.0,200.0,0.0,100.0,11789.0,100.0,58954027272.0,100.0,104087249302.0
2019-05-21,ZCH0CH6N,ST12000NM0007,12000138625024,0,81.0,123125576.0,95.0,0.0,100.0,4.0,100.0,0.0,87.0,496459041.0,87.0,11875.0,100.0,0.0,100.0,3.0,,,,,100.0,0.0,100.0,0.0,,,73.0,27.0,,,100.0,159.0,100.0,556.0,27.0,27.0,100.0,0.0,100.0,0.0,200.0,0.0,100.0,11804.0,100.0,58999496520.0,100.0,104209675670.0
2019-05-22,ZCH0CH6N,ST12000NM0007,12000138625024,0,83.0,214685624.0,95.0,0.0,100.0,4.0,100.0,0.0,87.0,500224622.0,87.0,11906.0,100.0,0.0,100.0,3.0,,,,,100.0,0.0,100.0,0.0,,,73.0,27.0,,,100.0,160.0,100.0,557.0,27.0,27.0,100.0,0.0,100.0,0.0,200.0,0.0,100.0,11836.0,100.0,59104940208.0,100.0,104439932798.0
2019-05-23,ZCH0CH6N,ST12000NM0007,12000138625024,0,82.0,168416984.0,95.0,0.0,100.0,4.0,100.0,0.0,87.0,503315937.0,87.0,11922.0,100.0,0.0,100.0,3.0,,,,,100.0,0.0,100.0,0.0,,,73.0,27.0,,,100.0,161.0,100.0,558.0,27.0,27.0,100.0,0.0,100.0,0.0,200.0,0.0,100.0,11852.0,100.0,59176370744.0,100.0,104566374254.0
2019-05-24,ZCH0CH6N,ST12000NM0007,12000138625024,0,71.0,12087304.0,95.0,0.0,100.0,4.0,100.0,0.0,87.0,506489319.0,87.0,11954.0,100.0,0.0,100.0,3.0,,,,,100.0,0.0,100.0,0.0,,,74.0,26.0,,,100.0,161.0,100.0,559.0,26.0,26.0,100.0,0.0,100.0,0.0,200.0,0.0,100.0,11884.0,100.0,59280363408.0,100.0,104794333310.0
2019-05-25,ZCH0CH6N,ST12000NM0007,12000138625024,0,82.0,149145096.0,95.0,0.0,100.0,4.0,100.0,0.0,87.0,507903750.0,87.0,11970.0,100.0,0.0,100.0,3.0,,,,,100.0,0.0,100.0,0.0,,,74.0,26.0,,,100.0,162.0,100.0,560.0,26.0,26.0,100.0,0.0,100.0,0.0,200.0,0.0,100.0,11899.0,100.0,59319872864.0,100.0,104891881646.0
2019-05-26,ZCH0CH6N,ST12000NM0007,12000138625024,0,83.0,194531128.0,95.0,0.0,100.0,4.0,100.0,0.0,87.0,510851063.0,87.0,12002.0,100.0,0.0,100.0,3.0,,,,,100.0,0.0,100.0,0.0,,,74.0,26.0,,,100.0,162.0,100.0,561.0,26.0,26.0,100.0,0.0,100.0,0.0,200.0,0.0,100.0,11931.0,100.0,59408769312.0,100.0,105092511926.0
2019-05-27,ZCH0CH6N,ST12000NM0007,12000138625024,0,80.0,104109144.0,95.0,0.0,100.0,4.0,100.0,0.0,87.0,512916320.0,87.0,12018.0,100.0,0.0,100.0,3.0,,,,,100.0,0.0,100.0,0.0,,,72.0,28.0,,,100.0,163.0,100.0,562.0,28.0,28.0,100.0,0.0,100.0,0.0,200.0,0.0,100.0,11947.0,100.0,59463720608.0,100.0,105191279470.0
2019-05-28,ZCH0CH6N,ST12000NM0007,12000138625024,0,83.0,197028232.0,95.0,0.0,100.0,4.0,100.0,0.0,87.0,516956521.0,87.0,12050.0,100.0,0.0,100.0,3.0,,,,,100.0,0.0,100.0,0.0,,,73.0,27.0,,,100.0,164.0,100.0,563.0,27.0,27.0,100.0,0.0,100.0,0.0,200.0,0.0,100.0,11979.0,100.0,59560219272.0,100.0,105431840782.0
2019-05-29,ZCH0CH6N,ST12000NM0007,12000138625024,0,80.0,90046016.0,95.0,0.0,100.0,4.0,100.0,0.0,87.0,518302150.0,87.0,12066.0,100.0,0.0,100.0,3.0,,,,,100.0,0.0,100.0,0.0,,,73.0,27.0,,,100.0,164.0,100.0,564.0,27.0,27.0,100.0,0.0,100.0,0.0,200.0,0.0,100.0,11995.0,100.0,59599308120.0,100.0,105529910462.0
2019-05-30,ZCH0CH6N,ST12000NM0007,12000138625024,0,82.0,152416744.0,95.0,0.0,100.0,4.0,100.0,0.0,87.0,522980520.0,87.0,12098.0,100.0,0.0,100.0,3.0,,,,,100.0,0.0,100.0,0.0,,,74.0,26.0,,,100.0,164.0,100.0,566.0,26.0,26.0,100.0,0.0,100.0,0.0,200.0,0.0,100.0,12026.0,100.0,59696591328.0,100.0,105739138686.0
2019-05-31,ZCH0CH6N,ST12000NM0007,12000138625024,0,78.0,59273072.0,95.0,0.0,100.0,4.0,100.0,0.0,87.0,524359149.0,87.0,12113.0,100.0,0.0,100.0,3.0,,,,,100.0,0.0,100.0,0.0,,,73.0,27.0,,,100.0,164.0,100.0,567.0,27.0,27.0,100.0,0.0,100.0,0.0,200.0,0.0,100.0,12042.0,100.0,59725264616.0,100.0,105861462358.0
2019-06-01,ZCH0CH6N,ST12000NM0007,12000138625024,0,81.0,138008368.0,95.0,0.0,100.0,4.0,100.0,0.0,87.0,528393044.0,87.0,12145.0,100.0,0.0,100.0,3.0,,,,,100.0,0.0,100.0,0.0,,,74.0,26.0,,,100.0,164.0,100.0,568.0,26.0,26.0,100.0,0.0,100.0,0.0,200.0,0.0,100.0,12074.0,100.0,59800033512.0,100.0,106109569606.0
2019-06-02,ZCH0CH6N,ST12000NM0007,12000138625024,0,79.0,72020296.0,95.0,0.0,100.0,4.0,100.0,0.0,87.0,529848269.0,87.0,12161.0,100.0,0.0,100.0,3.0,,,,,100.0,0.0,100.0,0.0,,,74.0,26.0,,,100.0,164.0,100.0,569.0,26.0,26.0,100.0,0.0,100.0,0.0,200.0,0.0,100.0,12089.0,100.0,59853618440.0,100.0,106234137286.0
2019-06-03,ZCH0CH6N,ST12000NM0007,12000138625024,0,83.0,188115472.0,95.0,0.0,100.0,4.0,100.0,0.0,87.0,534601277.0,87.0,12193.0,100.0,0.0,100.0,3.0,,,,,100.0,0.0,100.0,0.0,,,74.0,26.0,,,100.0,165.0,100.0,570.0,26.0,26.0,100.0,0.0,100.0,0.0,200.0,0.0,100.0,12121.0,100.0,59946176872.0,100.0,106501817294.0
2019-06-04,ZCH0CH6N,ST12000NM0007,12000138625024,0,79.0,79970304.0,95.0,0.0,100.0,4.0,100.0,0.0,87.0,536157530.0,87.0,12209.0,100.0,0.0,100.0,3.0,,,,,100.0,0.0,100.0,0.0,,,73.0,27.0,,,100.0,165.0,100.0,571.0,27.0,27.0,100.0,0.0,100.0,0.0,200.0,0.0,100.0,12137.0,100.0,59983409808.0,100.0,106600579830.0
2019-06-05,ZCH0CH6N,ST12000NM0007,12000138625024,0,83.0,219332720.0,95.0,0.0,100.0,4.0,100.0,0.0,87.0,539400227.0,87.0,12240.0,100.0,0.0,100.0,3.0,,,,,100.0,0.0,100.0,0.0,,,74.0,26.0,,,100.0,166.0,100.0,572.0,26.0,26.0,100.0,0.0,100.0,0.0,200.0,0.0,100.0,12168.0,100.0,60125789032.0,100.0,106841703718.0
2019-06-06,ZCH0CH6N,ST12000NM0007,12000138625024,0,81.0,134635128.0,95.0,0.0,100.0,4.0,100.0,0.0,87.0,542395171.0,87.0,12256.0,100.0,0.0,100.0,3.0,,,,,100.0,0.0,100.0,0.0,,,74.0,26.0,,,100.0,166.0,100.0,573.0,26.0,26.0,100.0,0.0,100.0,0.0,200.0,0.0,100.0,12184.0,100.0,60180010648.0,100.0,106946925342.0
2019-06-07,ZCH0CH6N,ST12000NM0007,12000138625024,0,83.0,205120160.0,94.0,0.0,100.0,5.0,100.0,0.0,87.0,545294602.0,86.0,12288.0,100.0,0.0,100.0,4.0,,,,,100.0,0.0,100.0,0.0,,,74.0,26.0,,,100.0,166.0,100.0,576.0,26.0,26.0,100.0,0.0,100.0,0.0,200.0,0.0,100.0,12215.0,100.0,60258729808.0,100.0,107182831936.0
2019-06-08,ZCH0CH6N,ST12000NM0007,12000138625024,0,81.0,138468608.0,94.0,0.0,100.0,5.0,100.0,0.0,87.0,546973263.0,86.0,12304.0,100.0,0.0,100.0,4.0,,,,,100.0,0.0,100.0,0.0,,,74.0,26.0,,,100.0,166.0,100.0,576.0,26.0,26.0,100.0,0.0,100.0,0.0,200.0,0.0,100.0,12231.0,100.0,60312180328.0,100.0,107306870656.0
2019-06-09,ZCH0CH6N,ST12000NM0007,12000138625024,0,100.0,1885992.0,92.0,0.0,100.0,6.0,100.0,0.0,87.0,550179713.0,86.0,12336.0,100.0,0.0,100.0,5.0,,,,,100.0,0.0,100.0,0.0,,,74.0,26.0,,,100.0,166.0,100.0,580.0,26.0,26.0,100.0,0.0,100.0,0.0,200.0,0.0,100.0,12263.0,100.0,60414877944.0,100.0,107555872002.0
2019-06-10,ZCH0CH6N,ST12000NM0007,12000138625024,0,82.0,145940752.0,92.0,0.0,100.0,6.0,100.0,0.0,87.0,551696691.0,86.0,12351.0,100.0,0.0,100.0,5.0,,,,,100.0,0.0,100.0,0.0,,,74.0,26.0,,,100.0,166.0,100.0,580.0,26.0,26.0,100.0,0.0,100.0,0.0,200.0,0.0,100.0,12278.0,100.0,60445684136.0,100.0,107669120570.0
2019-06-11,ZCH0CH6N,ST12000NM0007,12000138625024,0,71.0,13890760.0,91.0,0.0,100.0,7.0,100.0,0.0,87.0,556124033.0,86.0,12383.0,100.0,0.0,100.0,6.0,,,,,100.0,0.0,100.0,0.0,,,75.0,25.0,,,100.0,166.0,100.0,583.0,25.0,25.0,100.0,0.0,100.0,0.0,200.0,0.0,100.0,12310.0,100.0,60516982904.0,100.0,107954053334.0
2019-06-12,ZCH0CH6N,ST12000NM0007,12000138625024,0,81.0,116933016.0,91.0,0.0,100.0,7.0,100.0,0.0,87.0,556886434.0,86.0,12399.0,100.0,0.0,100.0,6.0,,,,,100.0,0.0,100.0,0.0,,,74.0,26.0,,,100.0,166.0,100.0,583.0,26.0,26.0,100.0,0.0,100.0,0.0,200.0,0.0,100.0,12326.0,100.0,60535737672.0,100.0,108038340822.0
2019-06-13,ZCH0CH6N,ST12000NM0007,12000138625024,0,83.0,178979684.0,89.0,0.0,100.0,8.0,100.0,0.0,87.0,561325582.0,86.0,12431.0,100.0,0.0,100.0,7.0,,,,,100.0,0.0,100.0,0.0,,,74.0,26.0,,,100.0,167.0,100.0,586.0,26.0,26.0,100.0,0.0,100.0,0.0,200.0,0.0,100.0,12357.0,100.0,60600725936.0,100.0,108279539858.0
2019-06-14,ZCH0CH6N,ST12000NM0007,12000138625024,0,79.0,76079536.0,89.0,0.0,100.0,8.0,100.0,0.0,88.0,562627703.0,86.0,12447.0,100.0,0.0,100.0,7.0,,,,,100.0,0.0,100.0,0.0,,,74.0,26.0,,,100.0,167.0,100.0,586.0,26.0,26.0,100.0,0.0,100.0,0.0,200.0,0.0,100.0,12373.0,100.0,60634510664.0,100.0,108386995650.0
2019-06-15,ZCH0CH6N,ST12000NM0007,12000138625024,0,82.0,165417904.0,89.0,0.0,100.0,8.0,100.0,0.0,88.0,565595063.0,86.0,12478.0,100.0,0.0,100.0,7.0,,,,,100.0,0.0,100.0,0.0,,,74.0,26.0,,,100.0,168.0,100.0,588.0,26.0,26.0,100.0,0.0,100.0,0.0,200.0,0.0,100.0,12404.0,100.0,60719001080.0,100.0,108635984234.0
2019-06-16,ZCH0CH6N,ST12000NM0007,12000138625024,0,78.0,68011472.0,89.0,0.0,100.0,8.0,100.0,0.0,88.0,566894902.0,86.0,12494.0,100.0,0.0,100.0,7.0,,,,,100.0,0.0,100.0,0.0,,,74.0,26.0,,,100.0,168.0,100.0,588.0,26.0,26.0,100.0,0.0,100.0,0.0,200.0,0.0,100.0,12420.0,100.0,60750411624.0,100.0,108751308018.0
2019-06-17,ZCH0CH6N,ST12000NM0007,12000138625024,0,83.0,189080352.0,89.0,0.0,100.0,8.0,100.0,0.0,88.0,571115121.0,86.0,12526.0,100.0,0.0,100.0,7.0,,,,,100.0,0.0,100.0,0.0,,,73.0,27.0,,,100.0,169.0,100.0,590.0,27.0,27.0,100.0,0.0,100.0,0.0,200.0,0.0,100.0,12452.0,100.0,60828223904.0,100.0,109038705490.0
2019-06-18,ZCH0CH6N,ST12000NM0007,12000138625024,0,80.0,92758416.0,89.0,0.0,100.0,8.0,100.0,0.0,88.0,572840946.0,86.0,12542.0,100.0,0.0,100.0,7.0,,,,,100.0,0.0,100.0,0.0,,,74.0,26.0,,,100.0,169.0,100.0,590.0,26.0,26.0,100.0,0.0,100.0,0.0,200.0,0.0,100.0,12467.0,100.0,60857558728.0,100.0,109157189418.0
2019-06-19,ZCH0CH6N,ST12000NM0007,12000138625024,0,79.0,78646544.0,89.0,0.0,100.0,8.0,100.0,0.0,88.0,575580114.0,86.0,12573.0,100.0,0.0,100.0,7.0,,,,,100.0,0.0,100.0,0.0,,,74.0,26.0,,,100.0,170.0,100.0,593.0,26.0,26.0,100.0,0.0,100.0,0.0,200.0,0.0,100.0,12499.0,100.0,60925825504.0,100.0,109318951506.0
2019-06-20,ZCH0CH6N,ST12000NM0007,12000138625024,0,84.0,233943128.0,89.0,0.0,100.0,8.0,100.0,0.0,88.0,578586231.0,86.0,12589.0,100.0,0.0,100.0,7.0,,,,,100.0,0.0,100.0,0.0,,,74.0,26.0,,,100.0,170.0,100.0,593.0,26.0,26.0,100.0,0.0,100.0,0.0,200.0,0.0,100.0,12514.0,100.0,60969256488.0,100.0,109430817106.0
2019-06-21,ZCH0CH6N,ST12000NM0007,12000138625024,0,77.0,47325760.0,89.0,0.0,100.0,8.0,100.0,0.0,88.0,581209207.0,86.0,12621.0,100.0,0.0,100.0,7.0,,,,,100.0,0.0,100.0,0.0,,,74.0,26.0,,,100.0,171.0,100.0,595.0,26.0,26.0,100.0,0.0,100.0,0.0,200.0,0.0,100.0,12546.0,100.0,61036280800.0,100.0,109665456818.0
2019-06-22,ZCH0CH6N,ST12000NM0007,12000138625024,0,81.0,120172544.0,89.0,0.0,100.0,8.0,100.0,0.0,88.0,584508495.0,86.0,12652.0,100.0,0.0,100.0,7.0,,,,,100.0,0.0,100.0,0.0,,,74.0,26.0,,,100.0,171.0,100.0,596.0,26.0,26.0,100.0,0.0,100.0,0.0,200.0,0.0,100.0,12578.0,100.0,61133251808.0,100.0,109885473282.0
2019-06-23,ZCH0CH6N,ST12000NM0007,12000138625024,0,75.0,35160880.0,89.0,0.0,100.0,8.0,100.0,0.0,88.0,585960249.0,86.0,12668.0,100.0,0.0,100.0,7.0,,,,,100.0,0.0,100.0,0.0,,,74.0,26.0,,,100.0,171.0,100.0,596.0,26.0,26.0,100.0,0.0,100.0,0.0,200.0,0.0,100.0,12594.0,100.0,61165543472.0,100.0,110012310794.0
2019-06-24,ZCH0CH6N,ST12000NM0007,12000138625024,0,81.0,131533096.0,89.0,0.0,100.0,8.0,100.0,0.0,88.0,590501752.0,86.0,12700.0,100.0,0.0,100.0,7.0,,,,,100.0,0.0,100.0,0.0,,,74.0,26.0,,,100.0,172.0,100.0,598.0,26.0,26.0,100.0,0.0,100.0,0.0,200.0,0.0,100.0,12625.0,100.0,61232243856.0,100.0,110286123258.0
2019-06-25,ZCH0CH6N,ST12000NM0007,12000138625024,0,76.0,43672416.0,89.0,0.0,100.0,8.0,100.0,0.0,88.0,591969070.0,86.0,12716.0,100.0,0.0,100.0,7.0,,,,,100.0,0.0,100.0,0.0,,,74.0,26.0,,,100.0,172.0,100.0,598.0,26.0,26.0,100.0,0.0,100.0,0.0,200.0,0.0,100.0,12641.0,100.0,61264419864.0,100.0,110410227218.0
2019-06-26,ZCH0CH6N,ST12000NM0007,12000138625024,0,82.0,147621824.0,89.0,0.0,100.0,8.0,100.0,0.0,88.0,596840230.0,86.0,12747.0,100.0,0.0,100.0,7.0,,,,,100.0,0.0,100.0,0.0,,,74.0,26.0,,,100.0,172.0,100.0,600.0,26.0,26.0,100.0,0.0,100.0,0.0,200.0,0.0,100.0,12672.0,100.0,61338203968.0,100.0,110684533170.0
2019-06-27,ZCH0CH6N,ST12000NM0007,12000138625024,0,79.0,86031928.0,89.0,0.0,100.0,8.0,100.0,0.0,88.0,599671591.0,86.0,12763.0,100.0,0.0,100.0,7.0,,,,,100.0,0.0,100.0,0.0,,,74.0,26.0,,,100.0,172.0,100.0,600.0,26.0,26.0,100.0,0.0,100.0,0.0,200.0,0.0,100.0,12688.0,100.0,61377514704.0,100.0,110827773210.0
2019-06-28,ZCH0CH6N,ST12000NM0007,12000138625024,0,81.0,126429568.0,89.0,0.0,100.0,8.0,100.0,0.0,88.0,603339391.0,86.0,12795.0,100.0,0.0,100.0,7.0,,,,,100.0,0.0,100.0,0.0,,,74.0,26.0,,,100.0,172.0,100.0,602.0,26.0,26.0,100.0,0.0,100.0,0.0,200.0,0.0,100.0,12719.0,100.0,61467260832.0,100.0,111266706346.0
2019-06-29,ZCH0CH6N,ST12000NM0007,12000138625024,0,81.0,119091696.0,89.0,0.0,100.0,8.0,100.0,0.0,88.0,604983560.0,86.0,12811.0,100.0,0.0,100.0,7.0,,,,,100.0,0.0,100.0,0.0,,,74.0,26.0,,,100.0,172.0,100.0,602.0,26.0,26.0,100.0,0.0,100.0,0.0,200.0,0.0,100.0,12735.0,100.0,61504813976.0,100.0,111465956210.0
2019-06-30,ZCH0CH6N,ST12000NM0007,12000138625024,0,74.0,25224904.0,89.0,0.0,100.0,8.0,100.0,0.0,88.0,607970935.0,86.0,12842.0,100.0,0.0,100.0,7.0,,,,,100.0,0.0,100.0,0.0,,,74.0,26.0,,,100.0,173.0,100.0,604.0,26.0,26.0,100.0,0.0,100.0,0.0,200.0,0.0,100.0,12767.0,100.0,61560524000.0,100.0,111804660890.0
2019-07-01,ZCH0CH6N,ST12000NM0007,12000138625024,0,74.0,25821480.0,89.0,0.0,100.0,8.0,100.0,0.0,88.0,610267807.0,86.0,12858.0,100.0,0.0,100.0,7.0,,,,,100.0,0.0,100.0,0.0,,,73.0,27.0,,,100.0,173.0,100.0,604.0,27.0,27.0,100.0,0.0,100.0,0.0,200.0,0.0,100.0,12782.0,100.0,61608969136.0,100.0,112000953082.0
2019-07-02,ZCH0CH6N,ST12000NM0007,12000138625024,0,79.0,84672640.0,89.0,0.0,100.0,8.0,100.0,0.0,88.0,615542166.0,86.0,12890.0,100.0,0.0,100.0,7.0,,,,,100.0,0.0,100.0,0.0,,,74.0,26.0,,,100.0,173.0,100.0,606.0,26.0,26.0,100.0,0.0,100.0,0.0,200.0,0.0,100.0,12814.0,100.0,61712954112.0,100.0,112444100770.0
2019-07-03,ZCH0CH6N,ST12000NM0007,12000138625024,0,79.0,81956088.0,89.0,0.0,100.0,8.0,100.0,0.0,88.0,617202784.0,86.0,12905.0,100.0,0.0,100.0,7.0,,,,,100.0,0.0,100.0,0.0,,,74.0,26.0,,,100.0,173.0,100.0,606.0,26.0,26.0,100.0,0.0,100.0,0.0,200.0,0.0,100.0,12830.0,100.0,61757268248.0,100.0,112641210866.0
2019-07-04,ZCH0CH6N,ST12000NM0007,12000138625024,0,75.0,35375072.0,89.0,0.0,100.0,8.0,100.0,0.0,88.0,620704169.0,86.0,12937.0,100.0,0.0,100.0,7.0,,,,,100.0,0.0,100.0,0.0,,,74.0,26.0,,,100.0,173.0,100.0,609.0,26.0,26.0,100.0,0.0,100.0,0.0,200.0,0.0,100.0,12861.0,100.0,61840724512.0,100.0,112999455026.0
2019-07-05,ZCH0CH6N,ST12000NM0007,12000138625024,0,84.0,232321128.0,89.0,0.0,100.0,8.0,100.0,0.0,88.0,622334478.0,86.0,12953.0,100.0,0.0,100.0,7.0,,,,,100.0,0.0,100.0,0.0,,,74.0,26.0,,,100.0,173.0,100.0,609.0,26.0,26.0,100.0,0.0,100.0,0.0,200.0,0.0,100.0,12876.0,100.0,61879117544.0,100.0,113158008050.0
2019-07-06,ZCH0CH6N,ST12000NM0007,12000138625024,0,83.0,187284240.0,89.0,0.0,100.0,8.0,100.0,0.0,88.0,625556403.0,86.0,12984.0,100.0,0.0,100.0,7.0,,,,,100.0,0.0,100.0,0.0,,,74.0,26.0,,,100.0,173.0,100.0,611.0,26.0,26.0,100.0,0.0,100.0,0.0,200.0,0.0,100.0,12908.0,100.0,61960888408.0,100.0,113519481794.0
2019-07-07,ZCH0CH6N,ST12000NM0007,12000138625024,0,82.0,151446240.0,89.0,0.0,100.0,8.0,100.0,0.0,88.0,626853592.0,86.0,13000.0,100.0,0.0,100.0,7.0,,,,,100.0,0.0,100.0,0.0,,,74.0,26.0,,,100.0,173.0,100.0,611.0,26.0,26.0,100.0,0.0,100.0,0.0,200.0,0.0,100.0,12924.0,100.0,61982142376.0,100.0,113706530562.0
2019-07-08,ZCH0CH6N,ST12000NM0007,12000138625024,0,81.0,126211232.0,89.0,0.0,100.0,8.0,100.0,0.0,88.0,631422294.0,86.0,13032.0,100.0,0.0,100.0,7.0,,,,,100.0,0.0,100.0,0.0,,,73.0,27.0,,,100.0,173.0,100.0,612.0,27.0,27.0,100.0,0.0,100.0,0.0,200.0,0.0,100.0,12955.0,100.0,62043825120.0,100.0,114107894362.0
2019-07-09,ZCH0CH6N,ST12000NM0007,12000138625024,0,81.0,118955376.0,89.0,0.0,100.0,8.0,100.0,0.0,88.0,633071468.0,86.0,13048.0,100.0,0.0,100.0,7.0,,,,,100.0,0.0,100.0,0.0,,,74.0,26.0,,,100.0,173.0,100.0,613.0,26.0,26.0,100.0,0.0,100.0,0.0,200.0,0.0,100.0,12971.0,100.0,62096448552.0,100.0,114292155778.0
2019-07-10,ZCH0CH6N,ST12000NM0007,12000138625024,0,78.0,69687680.0,89.0,0.0,100.0,8.0,100.0,0.0,88.0,636364024.0,86.0,13079.0,100.0,0.0,100.0,7.0,,,,,100.0,0.0,100.0,0.0,,,74.0,26.0,,,100.0,173.0,100.0,614.0,26.0,26.0,100.0,0.0,100.0,0.0,200.0,0.0,100.0,13002.0,100.0,62184141304.0,100.0,114643476898.0
2019-07-11,ZCH0CH6N,ST12000NM0007,12000138625024,0,84.0,228796928.0,89.0,0.0,100.0,8.0,100.0,0.0,88.0,639463728.0,86.0,13095.0,100.0,0.0,100.0,7.0,,,,,100.0,0.0,100.0,0.0,,,74.0,26.0,,,100.0,173.0,100.0,615.0,26.0,26.0,100.0,0.0,100.0,0.0,200.0,0.0,100.0,13018.0,100.0,62228269248.0,100.0,114758458202.0
2019-07-12,ZCH0CH6N,ST12000NM0007,12000138625024,0,83.0,197309928.0,89.0,0.0,100.0,8.0,100.0,0.0,88.0,642732682.0,86.0,13127.0,100.0,0.0,100.0,7.0,,,,,100.0,0.0,100.0,0.0,,,74.0,26.0,,,100.0,174.0,100.0,616.0,26.0,26.0,100.0,0.0,100.0,0.0,200.0,0.0,100.0,13050.0,100.0,62310494496.0,100.0,115133027394.0
2019-07-13,ZCH0CH6N,ST12000NM0007,12000138625024,0,81.0,134415040.0,89.0,0.0,100.0,8.0,100.0,0.0,88.0,644436822.0,85.0,13143.0,100.0,0.0,100.0,7.0,,,,,100.0,0.0,100.0,0.0,,,75.0,25.0,,,100.0,174.0,100.0,617.0,25.0,25.0,100.0,0.0,100.0,0.0,200.0,0.0,100.0,13065.0,100.0,62349896840.0,100.0,115274870890.0
2019-07-14,ZCH0CH6N,ST12000NM0007,12000138625024,0,76.0,43173520.0,89.0,0.0,100.0,8.0,100.0,0.0,88.0,647438356.0,85.0,13174.0,100.0,0.0,100.0,7.0,,,,,100.0,0.0,100.0,0.0,,,74.0,26.0,,,100.0,174.0,100.0,618.0,26.0,26.0,100.0,0.0,100.0,0.0,200.0,0.0,100.0,13097.0,100.0,62420922336.0,100.0,115600885490.0
2019-07-15,ZCH0CH6N,ST12000NM0007,12000138625024,0,84.0,233127992.0,89.0,0.0,100.0,8.0,100.0,0.0,88.0,648741215.0,85.0,13190.0,100.0,0.0,100.0,7.0,,,,,100.0,0.0,100.0,0.0,,,74.0,26.0,,,100.0,174.0,100.0,619.0,26.0,26.0,100.0,0.0,100.0,0.0,200.0,0.0,100.0,13112.0,100.0,62436944368.0,100.0,115774817930.0
2019-07-16,ZCH0CH6N,ST12000NM0007,12000138625024,0,83.0,192846488.0,89.0,0.0,100.0,8.0,100.0,0.0,88.0,653805925.0,85.0,13221.0,100.0,0.0,100.0,7.0,,,,,100.0,0.0,100.0,0.0,,,73.0,27.0,,,100.0,174.0,100.0,620.0,27.0,27.0,100.0,0.0,100.0,0.0,200.0,0.0,100.0,13144.0,100.0,62512301264.0,100.0,116147460930.0
2019-07-17,ZCH0CH6N,ST12000NM0007,12000138625024,0,82.0,164052208.0,89.0,0.0,100.0,8.0,100.0,0.0,88.0,657005141.0,85.0,13237.0,100.0,0.0,100.0,7.0,,,,,100.0,0.0,100.0,0.0,,,73.0,27.0,,,100.0,174.0,100.0,621.0,27.0,27.0,100.0,0.0,100.0,0.0,200.0,0.0,100.0,13160.0,100.0,62558888968.0,100.0,116316219594.0
2019-07-18,ZCH0CH6N,ST12000NM0007,12000138625024,0,76.0,44400984.0,89.0,0.0,100.0,8.0,100.0,0.0,88.0,660368401.0,85.0,13269.0,100.0,0.0,100.0,7.0,,,,,100.0,0.0,100.0,0.0,,,74.0,26.0,,,100.0,174.0,100.0,623.0,26.0,26.0,100.0,0.0,100.0,0.0,200.0,0.0,100.0,13191.0,100.0,62624970192.0,100.0,116618768482.0
2019-07-19,ZCH0CH6N,ST12000NM0007,12000138625024,0,83.0,195241400.0,89.0,0.0,100.0,8.0,100.0,0.0,88.0,663339482.0,85.0,13300.0,100.0,0.0,100.0,7.0,,,,,100.0,0.0,100.0,0.0,,,74.0,26.0,,,100.0,174.0,100.0,624.0,26.0,26.0,100.0,0.0,100.0,0.0,200.0,0.0,100.0,13223.0,100.0,62683069384.0,100.0,116955650522.0
2019-07-20,ZCH0CH6N,ST12000NM0007,12000138625024,0,82.0,142651240.0,89.0,0.0,100.0,8.0,100.0,0.0,88.0,664979232.0,85.0,13316.0,100.0,0.0,100.0,7.0,,,,,100.0,0.0,100.0,0.0,,,73.0,27.0,,,100.0,175.0,100.0,625.0,27.0,27.0,100.0,0.0,100.0,0.0,200.0,0.0,100.0,13238.0,100.0,62720315776.0,100.0,117109954722.0
2019-07-21,ZCH0CH6N,ST12000NM0007,12000138625024,0,81.0,135315824.0,89.0,0.0,100.0,8.0,100.0,0.0,88.0,669131698.0,85.0,13348.0,100.0,0.0,100.0,7.0,,,,,100.0,0.0,100.0,0.0,,,73.0,27.0,,,100.0,175.0,100.0,626.0,27.0,27.0,100.0,0.0,100.0,0.0,200.0,0.0,100.0,13270.0,100.0,62796689384.0,100.0,117514526994.0
2019-07-22,ZCH0CH6N,ST12000NM0007,12000138625024,0,82.0,148517656.0,89.0,0.0,100.0,8.0,100.0,0.0,88.0,671769074.0,85.0,13364.0,100.0,0.0,100.0,7.0,,,,,100.0,0.0,100.0,0.0,,,73.0,27.0,,,100.0,176.0,100.0,627.0,27.0,27.0,100.0,0.0,100.0,0.0,200.0,0.0,100.0,13286.0,100.0,62844273568.0,100.0,117724285394.0
2019-07-23,ZCH0CH6N,ST12000NM0007,12000138625024,0,81.0,121169328.0,89.0,0.0,100.0,8.0,100.0,0.0,88.0,677670113.0,85.0,13395.0,100.0,0.0,100.0,7.0,,,,,100.0,0.0,100.0,0.0,,,74.0,26.0,,,100.0,177.0,100.0,628.0,26.0,26.0,100.0,0.0,100.0,0.0,200.0,0.0,100.0,13317.0,100.0,62922650392.0,100.0,118106841618.0
2019-07-24,ZCH0CH6N,ST12000NM0007,12000138625024,0,78.0,63055968.0,89.0,0.0,100.0,8.0,100.0,0.0,88.0,679509197.0,85.0,13411.0,100.0,0.0,100.0,7.0,,,,,100.0,0.0,100.0,0.0,,,74.0,26.0,,,100.0,177.0,100.0,629.0,26.0,26.0,100.0,0.0,100.0,0.0,200.0,0.0,100.0,13333.0,100.0,62954988968.0,100.0,118260530370.0
2019-07-25,ZCH0CH6N,ST12000NM0007,12000138625024,0,83.0,218768736.0,89.0,0.0,100.0,8.0,100.0,0.0,88.0,682581224.0,85.0,13427.0,100.0,0.0,100.0,7.0,,,,,100.0,0.0,100.0,0.0,,,74.0,26.0,,,100.0,177.0,100.0,630.0,26.0,26.0,100.0,0.0,100.0,0.0,200.0,0.0,100.0,13349.0,100.0,62995338248.0,100.0,118375893858.0
2019-07-26,ZCH0CH6N,ST12000NM0007,12000138625024,0,75.0,33989056.0,89.0,0.0,100.0,8.0,100.0,0.0,88.0,686496050.0,85.0,13459.0,100.0,0.0,100.0,7.0,,,,,100.0,0.0,100.0,0.0,,,75.0,25.0,,,100.0,177.0,100.0,632.0,25.0,25.0,100.0,0.0,100.0,0.0,200.0,0.0,100.0,13380.0,100.0,63043603664.0,100.0,118631130130.0
2019-07-27,ZCH0CH6N,ST12000NM0007,12000138625024,0,83.0,211065024.0,89.0,0.0,100.0,8.0,100.0,0.0,88.0,690437704.0,85.0,13491.0,100.0,0.0,100.0,7.0,,,,,100.0,0.0,100.0,0.0,,,74.0,26.0,,,100.0,177.0,100.0,633.0,26.0,26.0,100.0,0.0,100.0,0.0,200.0,0.0,100.0,13412.0,100.0,63122366400.0,100.0,118973584002.0
2019-07-28,ZCH0CH6N,ST12000NM0007,12000138625024,0,82.0,167853688.0,89.0,0.0,100.0,8.0,100.0,0.0,88.0,692413312.0,85.0,13506.0,100.0,0.0,100.0,7.0,,,,,100.0,0.0,100.0,0.0,,,74.0,26.0,,,100.0,177.0,100.0,633.0,26.0,26.0,100.0,0.0,100.0,0.0,200.0,0.0,100.0,13428.0,100.0,63156701352.0,100.0,119140178514.0
2019-07-29,ZCH0CH6N,ST12000NM0007,12000138625024,0,81.0,140062192.0,89.0,0.0,100.0,8.0,100.0,0.0,88.0,698218720.0,85.0,13538.0,100.0,0.0,100.0,7.0,,,,,100.0,0.0,100.0,0.0,,,74.0,26.0,,,100.0,177.0,100.0,635.0,26.0,26.0,100.0,0.0,100.0,0.0,200.0,0.0,100.0,13459.0,100.0,63243525832.0,100.0,119513844018.0
2019-07-30,ZCH0CH6N,ST12000NM0007,12000138625024,0,79.0,83315488.0,89.0,0.0,100.0,8.0,100.0,0.0,88.0,700221095.0,85.0,13554.0,100.0,0.0,100.0,7.0,,,,,100.0,0.0,100.0,0.0,,,74.0,26.0,,,100.0,177.0,100.0,635.0,26.0,26.0,100.0,0.0,100.0,0.0,200.0,0.0,100.0,13475.0,100.0,63298426032.0,100.0,119646337938.0
2019-07-31,ZCH0CH6N,ST12000NM0007,12000138625024,0,84.0,242626152.0,89.0,0.0,100.0,8.0,100.0,0.0,88.0,704255529.0,85.0,13586.0,100.0,0.0,100.0,7.0,,,,,100.0,0.0,100.0,0.0,,,73.0,27.0,,,100.0,177.0,100.0,638.0,27.0,27.0,100.0,0.0,100.0,0.0,200.0,0.0,100.0,13506.0,100.0,63371524088.0,100.0,119976691370.0
2019-08-01,ZCH0CH6N,ST12000NM0007,12000138625024,0,82.0,159322272.0,89.0,0.0,100.0,8.0,100.0,0.0,88.0,707532756.0,85.0,13601.0,100.0,0.0,100.0,7.0,,,,,100.0,0.0,100.0,0.0,,,73.0,27.0,,,100.0,177.0,100.0,638.0,27.0,27.0,100.0,0.0,100.0,0.0,200.0,0.0,100.0,13522.0,100.0,63425615408.0,100.0,120083436802.0
2019-08-02,ZCH0CH6N,ST12000NM0007,12000138625024,0,79.0,75727216.0,89.0,0.0,100.0,8.0,100.0,0.0,89.0,711460710.0,85.0,13633.0,100.0,0.0,100.0,7.0,,,,,100.0,0.0,100.0,0.0,,,73.0,27.0,,,100.0,178.0,100.0,640.0,27.0,27.0,100.0,0.0,100.0,0.0,200.0,0.0,100.0,13553.0,100.0,63521808312.0,100.0,120391930474.0
2019-08-03,ZCH0CH6N,ST12000NM0007,12000138625024,0,76.0,42385488.0,89.0,0.0,100.0,8.0,100.0,0.0,89.0,713453248.0,85.0,13649.0,100.0,0.0,100.0,7.0,,,,,100.0,0.0,100.0,0.0,,,73.0,27.0,,,100.0,178.0,100.0,640.0,27.0,27.0,100.0,0.0,100.0,0.0,200.0,0.0,100.0,13569.0,100.0,63570695448.0,100.0,120553842282.0
2019-08-04,ZCH0CH6N,ST12000NM0007,12000138625024,0,84.0,234291496.0,89.0,0.0,100.0,8.0,100.0,0.0,89.0,717594145.0,85.0,13680.0,100.0,0.0,100.0,7.0,,,,,100.0,0.0,100.0,0.0,,,73.0,27.0,,,100.0,179.0,100.0,642.0,27.0,27.0,100.0,0.0,100.0,0.0,200.0,0.0,100.0,13600.0,100.0,63662174120.0,100.0,120898410338.0
2019-08-05,ZCH0CH6N,ST12000NM0007,12000138625024,0,71.0,13947848.0,89.0,0.0,100.0,8.0,100.0,0.0,89.0,720048420.0,85.0,13696.0,100.0,0.0,100.0,7.0,,,,,100.0,0.0,100.0,0.0,,,73.0,27.0,,,100.0,179.0,100.0,642.0,27.0,27.0,100.0,0.0,100.0,0.0,200.0,0.0,100.0,13616.0,100.0,63711744568.0,100.0,121116777538.0
2019-08-06,ZCH0CH6N,ST12000NM0007,12000138625024,0,77.0,44979608.0,89.0,0.0,100.0,8.0,100.0,0.0,89.0,726470917.0,85.0,13728.0,100.0,0.0,100.0,7.0,,,,,100.0,0.0,100.0,0.0,,,73.0,27.0,,,100.0,179.0,100.0,644.0,27.0,27.0,100.0,0.0,100.0,0.0,200.0,0.0,100.0,13648.0,100.0,63804262024.0,100.0,121543573290.0
2019-08-07,ZCH0CH6N,ST12000NM0007,12000138625024,0,73.0,21595680.0,89.0,0.0,100.0,8.0,100.0,0.0,89.0,728763665.0,85.0,13743.0,100.0,0.0,100.0,7.0,,,,,100.0,0.0,100.0,0.0,,,73.0,27.0,,,100.0,179.0,100.0,644.0,27.0,27.0,100.0,0.0,100.0,0.0,200.0,0.0,100.0,13663.0,100.0,63832743840.0,100.0,121735848274.0
2019-08-08,ZCH0CH6N,ST12000NM0007,12000138625024,0,80.0,111058624.0,89.0,0.0,100.0,8.0,100.0,0.0,89.0,734040918.0,85.0,13775.0,100.0,0.0,100.0,7.0,,,,,100.0,0.0,100.0,0.0,,,73.0,27.0,,,100.0,180.0,100.0,646.0,27.0,27.0,100.0,0.0,100.0,0.0,200.0,0.0,100.0,13695.0,100.0,63916479360.0,100.0,121985716402.0
2019-08-09,ZCH0CH6N,ST12000NM0007,12000138625024,0,82.0,141538328.0,89.0,0.0,100.0,8.0,100.0,0.0,89.0,736436283.0,85.0,13791.0,100.0,0.0,100.0,7.0,,,,,100.0,0.0,100.0,0.0,,,73.0,27.0,,,100.0,180.0,100.0,646.0,27.0,27.0,100.0,0.0,100.0,0.0,200.0,0.0,100.0,13710.0,100.0,63948728424.0,100.0,122228087778.0
2019-08-10,ZCH0CH6N,ST12000NM0007,12000138625024,0,83.0,206485648.0,89.0,0.0,100.0,8.0,100.0,0.0,89.0,741393590.0,85.0,13822.0,100.0,0.0,100.0,7.0,,,,,100.0,0.0,100.0,0.0,,,73.0,27.0,,,100.0,181.0,100.0,648.0,27.0,27.0,100.0,0.0,100.0,0.0,200.0,0.0,100.0,13742.0,100.0,64013219016.0,100.0,122716825946.0
2019-08-11,ZCH0CH6N,ST12000NM0007,12000138625024,0,84.0,232883720.0,89.0,0.0,100.0,8.0,100.0,0.0,89.0,743950919.0,85.0,13838.0,100.0,0.0,100.0,7.0,,,,,100.0,0.0,100.0,0.0,,,73.0,27.0,,,100.0,181.0,100.0,648.0,27.0,27.0,100.0,0.0,100.0,0.0,200.0,0.0,100.0,13758.0,100.0,64039254016.0,100.0,122961329658.0
2019-08-12,ZCH0CH6N,ST12000NM0007,12000138625024,0,79.0,76636512.0,89.0,0.0,100.0,8.0,100.0,0.0,89.0,751614514.0,85.0,13870.0,100.0,0.0,100.0,7.0,,,,,100.0,0.0,100.0,0.0,,,73.0,27.0,,,100.0,182.0,100.0,650.0,27.0,27.0,100.0,0.0,100.0,0.0,200.0,0.0,100.0,13789.0,100.0,64106271304.0,100.0,123470487282.0
2019-08-13,ZCH0CH6N,ST12000NM0007,12000138625024,0,76.0,40023264.0,89.0,0.0,100.0,8.0,100.0,0.0,89.0,754582655.0,85.0,13886.0,100.0,0.0,100.0,7.0,,,,,100.0,0.0,100.0,0.0,,,73.0,27.0,,,100.0,182.0,100.0,650.0,27.0,27.0,100.0,0.0,100.0,0.0,200.0,0.0,100.0,13805.0,100.0,64142374640.0,100.0,123641911570.0
2019-08-14,ZCH0CH6N,ST12000NM0007,12000138625024,0,81.0,134050736.0,89.0,0.0,100.0,8.0,100.0,0.0,89.0,758500680.0,85.0,13918.0,100.0,0.0,100.0,7.0,,,,,100.0,0.0,100.0,0.0,,,73.0,27.0,,,100.0,182.0,100.0,652.0,27.0,27.0,100.0,0.0,100.0,0.0,200.0,0.0,100.0,13837.0,100.0,64210777000.0,100.0,123911677370.0
2019-08-15,ZCH0CH6N,ST12000NM0007,12000138625024,0,80.0,97123552.0,89.0,0.0,100.0,8.0,100.0,0.0,89.0,761066423.0,85.0,13934.0,100.0,0.0,100.0,7.0,,,,,100.0,0.0,100.0,0.0,,,74.0,26.0,,,100.0,182.0,100.0,653.0,26.0,26.0,100.0,0.0,100.0,0.0,200.0,0.0,100.0,13853.0,100.0,64258333752.0,100.0,124071334106.0
2019-08-16,ZCH0CH6N,ST12000NM0007,12000138625024,0,79.0,75197400.0,89.0,0.0,100.0,8.0,100.0,0.0,89.0,765671587.0,85.0,13966.0,100.0,0.0,100.0,7.0,,,,,100.0,0.0,100.0,0.0,,,73.0,27.0,,,100.0,182.0,100.0,654.0,27.0,27.0,100.0,0.0,100.0,0.0,200.0,0.0,100.0,13885.0,100.0,64337745816.0,100.0,124458277426.0
2019-08-17,ZCH0CH6N,ST12000NM0007,12000138625024,0,77.0,51245488.0,89.0,0.0,100.0,8.0,100.0,0.0,89.0,767845614.0,85.0,13982.0,100.0,0.0,100.0,7.0,,,,,100.0,0.0,100.0,0.0,,,73.0,27.0,,,100.0,182.0,100.0,655.0,27.0,27.0,100.0,0.0,100.0,0.0,200.0,0.0,100.0,13900.0,100.0,64376147432.0,100.0,124640064530.0
2019-08-18,ZCH0CH6N,ST12000NM0007,12000138625024,0,84.0,226646168.0,89.0,0.0,100.0,8.0,100.0,0.0,89.0,772176233.0,85.0,14014.0,100.0,0.0,100.0,7.0,,,,,100.0,0.0,100.0,0.0,,,73.0,27.0,,,100.0,183.0,100.0,656.0,27.0,27.0,100.0,0.0,100.0,0.0,200.0,0.0,100.0,13932.0,100.0,64458928376.0,100.0,124976825034.0
2019-08-19,ZCH0CH6N,ST12000NM0007,12000138625024,0,83.0,189000720.0,89.0,0.0,100.0,8.0,100.0,0.0,89.0,774026002.0,84.0,14030.0,100.0,0.0,100.0,7.0,,,,,100.0,0.0,100.0,0.0,,,74.0,26.0,,,100.0,183.0,100.0,657.0,26.0,26.0,100.0,0.0,100.0,0.0,200.0,0.0,100.0,13948.0,100.0,64479123304.0,100.0,125163125410.0
2019-08-20,ZCH0CH6N,ST12000NM0007,12000138625024,0,83.0,188424216.0,89.0,0.0,100.0,8.0,100.0,0.0,89.0,780367449.0,84.0,14062.0,100.0,0.0,100.0,7.0,,,,,100.0,0.0,100.0,0.0,,,73.0,27.0,,,100.0,184.0,100.0,658.0,27.0,27.0,100.0,0.0,100.0,0.0,200.0,0.0,100.0,13980.0,100.0,64563697048.0,100.0,125566256682.0
2019-08-21,ZCH0CH6N,ST12000NM0007,12000138625024,0,82.0,147720144.0,89.0,0.0,100.0,8.0,100.0,0.0,89.0,782514959.0,84.0,14078.0,100.0,0.0,100.0,7.0,,,,,100.0,0.0,100.0,0.0,,,74.0,26.0,,,100.0,185.0,100.0,659.0,26.0,26.0,100.0,0.0,100.0,0.0,200.0,0.0,100.0,13996.0,100.0,64599018536.0,100.0,125734371786.0
2019-08-22,ZCH0CH6N,ST12000NM0007,12000138625024,0,66.0,4457672.0,89.0,0.0,100.0,8.0,100.0,0.0,89.0,787865114.0,84.0,14110.0,100.0,0.0,100.0,7.0,,,,,100.0,0.0,100.0,0.0,,,73.0,27.0,,,100.0,185.0,100.0,661.0,27.0,27.0,100.0,0.0,100.0,0.0,200.0,0.0,100.0,14028.0,100.0,64690348032.0,100.0,125988061242.0
2019-08-23,ZCH0CH6N,ST12000NM0007,12000138625024,0,68.0,6661248.0,89.0,0.0,100.0,8.0,100.0,0.0,89.0,790104854.0,84.0,14125.0,100.0,0.0,100.0,7.0,,,,,100.0,0.0,100.0,0.0,,,73.0,27.0,,,100.0,185.0,100.0,661.0,27.0,27.0,100.0,0.0,100.0,0.0,200.0,0.0,100.0,14043.0,100.0,64733038328.0,100.0,126191715234.0
2019-08-24,ZCH0CH6N,ST12000NM0007,12000138625024,0,83.0,219831352.0,89.0,0.0,100.0,8.0,100.0,0.0,89.0,794724285.0,84.0,14157.0,100.0,0.0,100.0,7.0,,,,,100.0,0.0,100.0,0.0,,,74.0,26.0,,,100.0,185.0,100.0,663.0,26.0,26.0,100.0,0.0,100.0,0.0,200.0,0.0,100.0,14075.0,100.0,64820912672.0,100.0,126561151834.0
2019-08-25,ZCH0CH6N,ST12000NM0007,12000138625024,0,84.0,226626000.0,89.0,0.0,100.0,8.0,100.0,0.0,89.0,797139674.0,84.0,14173.0,100.0,0.0,100.0,7.0,,,,,100.0,0.0,100.0,0.0,,,73.0,27.0,,,100.0,185.0,100.0,663.0,27.0,27.0,100.0,0.0,100.0,0.0,200.0,0.0,100.0,14091.0,100.0,64862550504.0,100.0,126770449450.0
2019-08-26,ZCH0CH6N,ST12000NM0007,12000138625024,0,83.0,189166904.0,89.0,0.0,100.0,8.0,100.0,0.0,89.0,808236696.0,84.0,14236.0,100.0,0.0,100.0,7.0,,,,,100.0,0.0,100.0,0.0,,,73.0,27.0,,,100.0,187.0,100.0,666.0,27.0,27.0,100.0,0.0,100.0,0.0,200.0,0.0,100.0,14154.0,100.0,65040907872.0,100.0,127531195650.0
2019-08-27,ZCH0CH6N,ST12000NM0007,12000138625024,0,83.0,189166904.0,89.0,0.0,100.0,8.0,100.0,0.0,89.0,808236696.0,84.0,14236.0,100.0,0.0,100.0,7.0,,,,,100.0,0.0,100.0,0.0,,,73.0,27.0,,,100.0,187.0,100.0,666.0,27.0,27.0,100.0,0.0,100.0,0.0,200.0,0.0,100.0,14154.0,100.0,65040907872.0,100.0,127531195650.0
2019-08-28,ZCH0CH6N,ST12000NM0007,12000138625024,0,82.0,170734704.0,89.0,0.0,100.0,8.0,100.0,0.0,89.0,810377836.0,84.0,14252.0,100.0,0.0,100.0,7.0,,,,,100.0,0.0,100.0,0.0,,,73.0,27.0,,,100.0,187.0,100.0,666.0,27.0,27.0,100.0,0.0,100.0,0.0,200.0,0.0,100.0,14170.0,100.0,65075810952.0,100.0,127722001114.0
2019-08-29,ZCH0CH6N,ST12000NM0007,12000138625024,0,78.0,63431280.0,89.0,0.0,100.0,8.0,100.0,0.0,89.0,816145872.0,84.0,14284.0,100.0,0.0,100.0,7.0,,,,,100.0,0.0,100.0,0.0,,,73.0,27.0,,,100.0,187.0,100.0,668.0,27.0,27.0,100.0,0.0,100.0,0.0,200.0,0.0,100.0,14201.0,100.0,65183289440.0,100.0,127995500602.0
2019-08-30,ZCH0CH6N,ST12000NM0007,12000138625024,0,82.0,153359866.0,88.0,0.0,100.0,11.0,100.0,0.0,89.0,818416156.0,84.0,14301.0,100.0,0.0,100.0,10.0,,,,,100.0,0.0,100.0,0.0,,,72.0,28.0,,,100.0,187.0,100.0,681.0,28.0,28.0,100.0,0.0,100.0,0.0,200.0,0.0,100.0,14217.0,100.0,65249012352.0,100.0,128263846926.0
2019-08-31,ZCH0CH6N,ST12000NM0007,12000138625024,0,83.0,209864976.0,88.0,0.0,100.0,11.0,100.0,0.0,89.0,820137086.0,84.0,14318.0,100.0,0.0,100.0,10.0,,,,,100.0,0.0,100.0,0.0,,,72.0,28.0,,,100.0,187.0,100.0,682.0,28.0,28.0,100.0,0.0,100.0,0.0,200.0,0.0,100.0,14233.0,100.0,65275292832.0,100.0,128538212350.0
2019-09-01,ZCH0CH6N,ST12000NM0007,12000138625024,0,84.0,226547080.0,88.0,0.0,100.0,11.0,100.0,0.0,89.0,824322813.0,84.0,14349.0,100.0,0.0,100.0,10.0,,,,,100.0,0.0,100.0,0.0,,,72.0,28.0,,,100.0,188.0,100.0,703.0,28.0,28.0,100.0,0.0,100.0,0.0,200.0,0.0,100.0,14261.0,100.0,65368297128.0,100.0,129438452912.0
2019-09-02,ZCH0CH6N,ST12000NM0007,12000138625024,0,80.0,98116408.0,88.0,0.0,100.0,11.0,100.0,0.0,89.0,826824730.0,84.0,14365.0,100.0,0.0,100.0,10.0,,,,,100.0,0.0,100.0,0.0,,,72.0,28.0,,,100.0,188.0,100.0,703.0,28.0,28.0,100.0,0.0,100.0,0.0,200.0,0.0,100.0,14276.0,100.0,65412690200.0,100.0,129998051184.0
2019-09-03,ZCH0CH6N,ST12000NM0007,12000138625024,0,78.0,69356872.0,88.0,0.0,100.0,12.0,100.0,0.0,89.0,832266699.0,84.0,14396.0,100.0,0.0,100.0,11.0,,,,,100.0,0.0,100.0,0.0,,,72.0,28.0,,,100.0,189.0,100.0,705.0,28.0,28.0,100.0,0.0,100.0,0.0,200.0,0.0,100.0,14308.0,100.0,65521704840.0,100.0,131080980876.0
2019-09-04,ZCH0CH6N,ST12000NM0007,12000138625024,0,80.0,110167224.0,88.0,0.0,100.0,12.0,100.0,0.0,89.0,834541426.0,84.0,14412.0,100.0,0.0,100.0,11.0,,,,,100.0,0.0,100.0,0.0,,,72.0,28.0,,,100.0,189.0,100.0,705.0,28.0,28.0,100.0,0.0,100.0,0.0,200.0,0.0,100.0,14324.0,100.0,65561427720.0,100.0,131570349772.0
2019-09-05,ZCH0CH6N,ST12000NM0007,12000138625024,0,83.0,203454856.0,88.0,0.0,100.0,12.0,100.0,0.0,89.0,840762913.0,84.0,14444.0,100.0,0.0,100.0,11.0,,,,,100.0,0.0,100.0,0.0,,,72.0,28.0,,,100.0,189.0,100.0,707.0,28.0,28.0,100.0,0.0,100.0,0.0,200.0,0.0,100.0,14355.0,100.0,65632889520.0,100.0,132324597844.0
2019-09-06,ZCH0CH6N,ST12000NM0007,12000138625024,0,71.0,11842840.0,88.0,0.0,100.0,12.0,100.0,0.0,89.0,844919747.0,84.0,14476.0,100.0,0.0,100.0,11.0,,,,,100.0,0.0,100.0,0.0,,,72.0,28.0,,,100.0,189.0,100.0,708.0,28.0,28.0,100.0,0.0,100.0,0.0,200.0,0.0,100.0,14387.0,100.0,65702390264.0,100.0,133284191244.0
2019-09-07,ZCH0CH6N,ST12000NM0007,12000138625024,0,100.0,1185584.0,88.0,0.0,100.0,13.0,100.0,0.0,89.0,846780342.0,84.0,14492.0,100.0,0.0,100.0,12.0,,,,,100.0,0.0,100.0,0.0,,,72.0,28.0,,,100.0,189.0,100.0,709.0,28.0,28.0,100.0,0.0,100.0,0.0,200.0,0.0,100.0,14403.0,100.0,65734760496.0,100.0,133729445152.0
2019-09-08,ZCH0CH6N,ST12000NM0007,12000138625024,0,74.0,25468768.0,88.0,0.0,100.0,13.0,100.0,0.0,89.0,848967633.0,84.0,14508.0,100.0,0.0,100.0,12.0,,,,,100.0,0.0,100.0,0.0,,,72.0,28.0,,,100.0,189.0,100.0,709.0,28.0,28.0,100.0,0.0,100.0,0.0,200.0,0.0,100.0,14419.0,100.0,65772220376.0,100.0,134204551080.0
2019-09-09,ZCH0CH6N,ST12000NM0007,12000138625024,0,77.0,48589392.0,88.0,0.0,100.0,13.0,100.0,0.0,89.0,854222643.0,84.0,14539.0,100.0,0.0,100.0,12.0,,,,,100.0,0.0,100.0,0.0,,,71.0,29.0,,,100.0,190.0,100.0,711.0,29.0,29.0,100.0,0.0,100.0,0.0,200.0,0.0,100.0,14450.0,100.0,65874761744.0,100.0,135101693176.0
2019-09-10,ZCH0CH6N,ST12000NM0007,12000138625024,0,79.0,77011272.0,88.0,0.0,100.0,13.0,100.0,0.0,89.0,858056958.0,84.0,14555.0,100.0,0.0,100.0,12.0,,,,,100.0,0.0,100.0,0.0,,,72.0,28.0,,,100.0,190.0,100.0,711.0,28.0,28.0,100.0,0.0,100.0,0.0,200.0,0.0,100.0,14466.0,100.0,65920571256.0,100.0,135572587080.0
2019-09-11,ZCH0CH6N,ST12000NM0007,12000138625024,0,79.0,79750368.0,88.0,0.0,100.0,13.0,100.0,0.0,89.0,864655246.0,84.0,14587.0,100.0,0.0,100.0,12.0,,,,,100.0,0.0,100.0,0.0,,,71.0,29.0,,,100.0,191.0,100.0,713.0,29.0,29.0,100.0,0.0,100.0,0.0,200.0,0.0,100.0,14498.0,100.0,65994098976.0,100.0,136478361384.0
2019-09-12,ZCH0CH6N,ST12000NM0007,12000138625024,0,83.0,214793888.0,88.0,0.0,100.0,13.0,100.0,0.0,89.0,871334745.0,84.0,14619.0,100.0,0.0,100.0,12.0,,,,,100.0,0.0,100.0,0.0,,,71.0,29.0,,,100.0,191.0,100.0,714.0,29.0,29.0,100.0,0.0,100.0,0.0,200.0,0.0,100.0,14529.0,100.0,66090747104.0,100.0,137249179088.0
2019-09-13,ZCH0CH6N,ST12000NM0007,12000138625024,0,83.0,198656264.0,88.0,0.0,100.0,13.0,100.0,0.0,89.0,874806323.0,84.0,14635.0,100.0,0.0,100.0,12.0,,,,,100.0,0.0,100.0,0.0,,,72.0,28.0,,,100.0,191.0,100.0,715.0,28.0,28.0,100.0,0.0,100.0,0.0,200.0,0.0,100.0,14545.0,100.0,66122061496.0,100.0,137690008512.0
2019-09-14,ZCH0CH6N,ST12000NM0007,12000138625024,0,79.0,72951568.0,88.0,0.0,100.0,13.0,100.0,0.0,89.0,880981781.0,84.0,14666.0,100.0,0.0,100.0,12.0,,,,,100.0,0.0,100.0,0.0,,,72.0,28.0,,,100.0,191.0,100.0,716.0,28.0,28.0,100.0,0.0,100.0,0.0,200.0,0.0,100.0,14577.0,100.0,66200876928.0,100.0,138462051288.0
2019-09-15,ZCH0CH6N,ST12000NM0007,12000138625024,0,79.0,73554176.0,88.0,0.0,100.0,13.0,100.0,0.0,89.0,884401752.0,84.0,14682.0,100.0,0.0,100.0,12.0,,,,,100.0,0.0,100.0,0.0,,,71.0,29.0,,,100.0,191.0,100.0,717.0,29.0,29.0,100.0,0.0,100.0,0.0,200.0,0.0,100.0,14592.0,100.0,66260289048.0,100.0,138891523256.0
2019-09-16,ZCH0CH6N,ST12000NM0007,12000138625024,0,78.0,57183936.0,88.0,0.0,100.0,13.0,100.0,0.0,90.0,891927976.0,84.0,14714.0,100.0,0.0,100.0,12.0,,,,,100.0,0.0,100.0,0.0,,,71.0,29.0,,,100.0,192.0,100.0,718.0,29.0,29.0,100.0,0.0,100.0,0.0,200.0,0.0,100.0,14624.0,100.0,66339712536.0,100.0,139772292376.0
2019-09-17,ZCH0CH6N,ST12000NM0007,12000138625024,0,83.0,206214984.0,88.0,0.0,100.0,13.0,100.0,0.0,90.0,896523092.0,84.0,14730.0,100.0,0.0,100.0,12.0,,,,,100.0,0.0,100.0,0.0,,,71.0,29.0,,,100.0,193.0,100.0,719.0,29.0,29.0,100.0,0.0,100.0,0.0,200.0,0.0,100.0,14640.0,100.0,66379680792.0,100.0,140125495968.0
2019-09-18,ZCH0CH6N,ST12000NM0007,12000138625024,0,79.0,88115384.0,88.0,0.0,100.0,13.0,100.0,0.0,90.0,904832669.0,84.0,14761.0,100.0,0.0,100.0,12.0,,,,,100.0,0.0,100.0,0.0,,,72.0,28.0,,,100.0,193.0,100.0,720.0,28.0,28.0,100.0,0.0,100.0,0.0,200.0,0.0,100.0,14671.0,100.0,66455504616.0,100.0,140908135400.0
2019-09-19,ZCH0CH6N,ST12000NM0007,12000138625024,0,83.0,201091264.0,88.0,0.0,100.0,13.0,100.0,0.0,90.0,908642790.0,84.0,14777.0,100.0,0.0,100.0,12.0,,,,,100.0,0.0,100.0,0.0,,,71.0,29.0,,,100.0,194.0,100.0,721.0,29.0,29.0,100.0,0.0,100.0,0.0,200.0,0.0,100.0,14687.0,100.0,66488390248.0,100.0,140988225648.0
2019-09-20,ZCH0CH6N,ST12000NM0007,12000138625024,0,82.0,142060824.0,88.0,0.0,100.0,13.0,100.0,0.0,90.0,915656506.0,84.0,14809.0,100.0,0.0,100.0,12.0,,,,,100.0,0.0,100.0,0.0,,,71.0,29.0,,,100.0,194.0,100.0,722.0,29.0,29.0,100.0,0.0,100.0,0.0,200.0,0.0,100.0,14719.0,100.0,66557186328.0,100.0,141836961776.0
2019-09-21,ZCH0CH6N,ST12000NM0007,12000138625024,0,81.0,140595480.0,88.0,0.0,100.0,13.0,100.0,0.0,90.0,919262153.0,84.0,14825.0,100.0,0.0,100.0,12.0,,,,,100.0,0.0,100.0,0.0,,,71.0,29.0,,,100.0,194.0,100.0,723.0,29.0,29.0,100.0,0.0,100.0,0.0,200.0,0.0,100.0,14734.0,100.0,66604939608.0,100.0,142276024520.0
2019-09-22,ZCH0CH6N,ST12000NM0007,12000138625024,0,83.0,184419920.0,88.0,0.0,100.0,13.0,100.0,0.0,90.0,926767264.0,84.0,14857.0,100.0,0.0,100.0,12.0,,,,,100.0,0.0,100.0,0.0,,,71.0,29.0,,,100.0,195.0,100.0,724.0,29.0,29.0,100.0,0.0,100.0,0.0,200.0,0.0,100.0,14766.0,100.0,66669886216.0,100.0,143231465096.0
2019-09-23,ZCH0CH6N,ST12000NM0007,12000138625024,0,83.0,181052232.0,88.0,0.0,100.0,13.0,100.0,0.0,90.0,930629434.0,84.0,14872.0,100.0,0.0,100.0,12.0,,,,,100.0,0.0,100.0,0.0,,,70.0,30.0,,,100.0,196.0,100.0,725.0,30.0,30.0,100.0,0.0,100.0,0.0,200.0,0.0,100.0,14782.0,100.0,66714405880.0,100.0,143671859352.0
2019-09-24,ZCH0CH6N,ST12000NM0007,12000138625024,0,80.0,97844144.0,88.0,0.0,100.0,13.0,100.0,0.0,90.0,939117982.0,83.0,14904.0,100.0,0.0,100.0,12.0,,,,,100.0,0.0,100.0,0.0,,,71.0,29.0,,,100.0,196.0,100.0,726.0,29.0,29.0,100.0,0.0,100.0,0.0,200.0,0.0,100.0,14814.0,100.0,66772629856.0,100.0,144506989984.0
2019-09-25,ZCH0CH6N,ST12000NM0007,12000138625024,0,76.0,35517328.0,88.0,0.0,100.0,13.0,100.0,0.0,90.0,942254266.0,83.0,14920.0,100.0,0.0,100.0,12.0,,,,,100.0,0.0,100.0,0.0,,,72.0,28.0,,,100.0,196.0,100.0,727.0,28.0,28.0,100.0,0.0,100.0,0.0,200.0,0.0,100.0,14830.0,100.0,66788980992.0,100.0,144916593528.0
2019-09-26,ZCH0CH6N,ST12000NM0007,12000138625024,0,83.0,181706792.0,88.0,0.0,100.0,13.0,100.0,0.0,90.0,949447274.0,83.0,14952.0,100.0,0.0,100.0,12.0,,,,,100.0,0.0,100.0,0.0,,,71.0,29.0,,,100.0,196.0,100.0,728.0,29.0,29.0,100.0,0.0,100.0,0.0,200.0,0.0,100.0,14861.0,100.0,66830476664.0,100.0,145509568800.0
2019-09-27,ZCH0CH6N,ST12000NM0007,12000138625024,0,78.0,56994184.0,88.0,0.0,100.0,13.0,100.0,0.0,90.0,952217376.0,83.0,14968.0,100.0,0.0,100.0,12.0,,,,,100.0,0.0,100.0,0.0,,,71.0,29.0,,,100.0,196.0,100.0,729.0,29.0,29.0,100.0,0.0,100.0,0.0,200.0,0.0,100.0,14877.0,100.0,66851214312.0,100.0,145852400048.0
2019-09-28,ZCH0CH6N,ST12000NM0007,12000138625024,0,80.0,111765816.0,88.0,0.0,100.0,13.0,100.0,0.0,90.0,959108762.0,83.0,15000.0,100.0,0.0,100.0,12.0,,,,,100.0,0.0,100.0,0.0,,,71.0,29.0,,,100.0,196.0,100.0,730.0,29.0,29.0,100.0,0.0,100.0,0.0,200.0,0.0,100.0,14909.0,100.0,66906575472.0,100.0,146828373432.0
2019-09-29,ZCH0CH6N,ST12000NM0007,12000138625024,0,81.0,127351000.0,88.0,0.0,100.0,13.0,100.0,0.0,90.0,962645616.0,83.0,15016.0,100.0,0.0,100.0,12.0,,,,,100.0,0.0,100.0,0.0,,,72.0,28.0,,,100.0,196.0,100.0,731.0,28.0,28.0,100.0,0.0,100.0,0.0,200.0,0.0,100.0,14925.0,100.0,66914245216.0,100.0,147324570376.0
2019-09-30,ZCH0CH6N,ST12000NM0007,12000138625024,0,79.0,80570624.0,88.0,0.0,100.0,13.0,100.0,0.0,90.0,970496433.0,83.0,15047.0,100.0,0.0,100.0,12.0,,,,,100.0,0.0,100.0,0.0,,,71.0,29.0,,,100.0,196.0,100.0,732.0,29.0,29.0,100.0,0.0,100.0,0.0,200.0,0.0,100.0,14956.0,100.0,66946985208.0,100.0,148221612826.0
2019-10-01,ZCH0CH6N,ST12000NM0007,12000138625024,0,80.0,103422000.0,88.0,0.0,100.0,13.0,100.0,0.0,90.0,974342412.0,83.0,15063.0,100.0,0.0,100.0,12.0,,,,,100.0,0.0,100.0,0.0,,,72.0,28.0,,,100.0,196.0,100.0,733.0,28.0,28.0,100.0,0.0,100.0,0.0,200.0,0.0,100.0,14972.0,100.0,66957345320.0,100.0,148722385458.0
2019-10-05,ZCH0CH6N,ST12000NM0007,12000138625024,0,83.0,188093170.0,88.0,0.0,100.0,14.0,100.0,8.0,90.0,981825832.0,83.0,15160.0,100.0,0.0,100.0,13.0,,,,,100.0,0.0,98.0,8590065666.0,,,75.0,25.0,,,100.0,197.0,100.0,735.0,25.0,25.0,100.0,0.0,100.0,0.0,200.0,0.0,100.0,15001.0,100.0,66982644240.0,100.0,149758320510.0
2019-10-06,ZCH0CH6N,ST12000NM0007,12000138625024,0,83.0,198167040.0,88.0,0.0,100.0,14.0,100.0,8.0,90.0,987965056.0,83.0,15192.0,100.0,0.0,100.0,13.0,,,,,100.0,0.0,100.0,8590065666.0,,,73.0,27.0,,,100.0,197.0,100.0,736.0,27.0,27.0,100.0,0.0,100.0,0.0,200.0,0.0,100.0,15032.0,100.0,67048671696.0,100.0,150190648366.0
2019-10-07,ZCH0CH6N,ST12000NM0007,12000138625024,0,83.0,193447832.0,88.0,0.0,100.0,14.0,100.0,8.0,90.0,991271222.0,83.0,15207.0,100.0,0.0,100.0,13.0,,,,,100.0,0.0,100.0,8590065666.0,,,73.0,27.0,,,100.0,197.0,100.0,737.0,27.0,27.0,100.0,0.0,100.0,0.0,200.0,0.0,100.0,15048.0,100.0,67096309768.0,100.0,150382431862.0
2019-10-08,ZCH0CH6N,ST12000NM0007,12000138625024,0,83.0,197386372.0,88.0,0.0,100.0,15.0,100.0,8.0,90.0,998849597.0,83.0,15239.0,100.0,0.0,100.0,14.0,,,,,100.0,0.0,100.0,8590065666.0,,,73.0,27.0,,,100.0,197.0,100.0,738.0,27.0,27.0,100.0,0.0,100.0,0.0,200.0,0.0,100.0,15080.0,100.0,67163538232.0,100.0,150807423250.0
2019-10-09,ZCH0CH6N,ST12000NM0007,12000138625024,0,83.0,182363232.0,88.0,0.0,100.0,15.0,100.0,16.0,63.0,2135202.0,83.0,15255.0,100.0,0.0,100.0,14.0,,,,,99.0,1.0,100.0,12885098499.0,,,72.0,28.0,,,100.0,197.0,100.0,739.0,28.0,28.0,100.0,0.0,100.0,0.0,200.0,0.0,100.0,15095.0,100.0,67191878872.0,100.0,151008200130.0
2019-10-10,ZCH0CH6N,ST12000NM0007,12000138625024,0,81.0,123246728.0,88.0,0.0,100.0,15.0,100.0,16.0,68.0,6030167.0,83.0,15271.0,100.0,0.0,100.0,14.0,,,,,99.0,1.0,100.0,12885098499.0,,,73.0,27.0,,,100.0,197.0,100.0,739.0,27.0,27.0,100.0,0.0,100.0,0.0,200.0,0.0,100.0,15111.0,100.0,67234325096.0,100.0,151150778074.0
2019-10-11,ZCH0CH6N,ST12000NM0007,12000138625024,0,78.0,56322440.0,88.0,0.0,100.0,15.0,100.0,16.0,71.0,13203739.0,83.0,15302.0,100.0,0.0,100.0,14.0,,,,,99.0,1.0,100.0,12885098499.0,,,74.0,26.0,,,100.0,199.0,100.0,741.0,26.0,26.0,100.0,0.0,100.0,0.0,200.0,0.0,100.0,15142.0,100.0,67282460768.0,100.0,151523999426.0
2019-10-12,ZCH0CH6N,ST12000NM0007,12000138625024,0,68.0,6947136.0,88.0,0.0,100.0,15.0,100.0,16.0,72.0,15798504.0,83.0,15318.0,100.0,0.0,100.0,14.0,,,,,99.0,1.0,100.0,12885098499.0,,,74.0,26.0,,,100.0,199.0,100.0,741.0,26.0,26.0,100.0,0.0,100.0,0.0,200.0,0.0,100.0,15158.0,100.0,67298743920.0,100.0,151702481682.0
2019-10-13,ZCH0CH6N,ST12000NM0007,12000138625024,0,82.0,154951448.0,88.0,0.0,100.0,15.0,100.0,16.0,73.0,19943274.0,83.0,15350.0,100.0,0.0,100.0,14.0,,,,,99.0,1.0,100.0,12885098499.0,,,74.0,26.0,,,100.0,201.0,100.0,743.0,26.0,26.0,100.0,0.0,100.0,0.0,200.0,0.0,100.0,15190.0,100.0,67337021160.0,100.0,152056349418.0
2019-10-14,ZCH0CH6N,ST12000NM0007,12000138625024,0,81.0,117469440.0,88.0,0.0,100.0,15.0,100.0,16.0,74.0,23060507.0,83.0,15382.0,100.0,0.0,100.0,14.0,,,,,99.0,1.0,100.0,12885098499.0,,,74.0,26.0,,,100.0,202.0,100.0,744.0,26.0,26.0,100.0,0.0,100.0,0.0,200.0,0.0,100.0,15222.0,100.0,67357212288.0,100.0,152242817090.0
2019-10-15,ZCH0CH6N,ST12000NM0007,12000138625024,0,81.0,131749448.0,88.0,0.0,100.0,15.0,100.0,16.0,74.0,25232642.0,83.0,15429.0,100.0,0.0,100.0,14.0,,,,,99.0,1.0,100.0,12885098499.0,,,74.0,26.0,,,100.0,203.0,100.0,747.0,26.0,26.0,100.0,0.0,100.0,0.0,200.0,0.0,100.0,15269.0,100.0,67386349288.0,100.0,152472100930.0
2019-10-16,ZCH0CH6N,ST12000NM0007,12000138625024,0,81.0,131749448.0,88.0,0.0,100.0,15.0,100.0,16.0,74.0,25232642.0,83.0,15429.0,100.0,0.0,100.0,14.0,,,,,99.0,1.0,100.0,12885098499.0,,,74.0,26.0,,,100.0,203.0,100.0,747.0,26.0,26.0,100.0,0.0,100.0,0.0,200.0,0.0,100.0,15269.0,100.0,67386349288.0,100.0,152472100930.0
2019-10-17,ZCH0CH6N,ST12000NM0007,12000138625024,0,84.0,242100592.0,88.0,0.0,100.0,15.0,100.0,16.0,74.0,28016615.0,83.0,15445.0,100.0,0.0,100.0,14.0,,,,,99.0,1.0,100.0,12885098499.0,,,75.0,25.0,,,100.0,203.0,100.0,747.0,25.0,25.0,100.0,0.0,100.0,0.0,200.0,0.0,100.0,15284.0,100.0,67400507360.0,100.0,152568294002.0
2019-10-18,ZCH0CH6N,ST12000NM0007,12000138625024,0,81.0,117773088.0,88.0,0.0,100.0,15.0,100.0,16.0,75.0,29211467.0,83.0,15477.0,100.0,0.0,100.0,14.0,,,,,99.0,1.0,100.0,12885098499.0,,,75.0,25.0,,,100.0,204.0,100.0,748.0,25.0,25.0,100.0,0.0,100.0,0.0,200.0,0.0,100.0,15316.0,100.0,67410243368.0,100.0,152678371274.0
2019-10-19,ZCH0CH6N,ST12000NM0007,12000138625024,0,76.0,41092584.0,88.0,0.0,100.0,15.0,100.0,16.0,75.0,30754200.0,83.0,15508.0,100.0,0.0,100.0,14.0,,,,,99.0,1.0,100.0,12885098499.0,,,74.0,26.0,,,100.0,205.0,100.0,750.0,26.0,26.0,100.0,0.0,100.0,0.0,200.0,0.0,100.0,15347.0,100.0,67426532680.0,100.0,152829542098.0
2019-10-20,ZCH0CH6N,ST12000NM0007,12000138625024,0,82.0,141415608.0,88.0,0.0,100.0,15.0,100.0,16.0,75.0,32094842.0,83.0,15524.0,100.0,0.0,100.0,14.0,,,,,99.0,1.0,100.0,12885098499.0,,,74.0,26.0,,,100.0,205.0,100.0,750.0,26.0,26.0,100.0,0.0,100.0,0.0,200.0,0.0,100.0,15363.0,100.0,67445726904.0,100.0,152910670898.0
2019-10-21,ZCH0CH6N,ST12000NM0007,12000138625024,0,81.0,123891032.0,88.0,0.0,100.0,15.0,100.0,16.0,76.0,36778057.0,83.0,15556.0,100.0,0.0,100.0,14.0,,,,,99.0,1.0,100.0,12885098499.0,,,74.0,26.0,,,100.0,206.0,100.0,752.0,26.0,26.0,100.0,0.0,100.0,0.0,200.0,0.0,100.0,15395.0,100.0,67482631352.0,100.0,153100382506.0
2019-10-22,ZCH0CH6N,ST12000NM0007,12000138625024,0,83.0,184515448.0,88.0,0.0,100.0,15.0,100.0,16.0,76.0,37735906.0,83.0,15571.0,100.0,0.0,100.0,14.0,,,,,99.0,1.0,100.0,12885098499.0,,,74.0,26.0,,,100.0,206.0,100.0,752.0,26.0,26.0,100.0,0.0,100.0,0.0,200.0,0.0,100.0,15410.0,100.0,67494363072.0,100.0,153149275202.0
2019-10-23,ZCH0CH6N,ST12000NM0007,12000138625024,0,82.0,154757040.0,88.0,0.0,100.0,15.0,100.0,16.0,76.0,42613734.0,83.0,15603.0,100.0,0.0,100.0,14.0,,,,,99.0,1.0,100.0,12885098499.0,,,74.0,26.0,,,100.0,207.0,100.0,755.0,26.0,26.0,100.0,0.0,100.0,0.0,200.0,0.0,100.0,15442.0,100.0,67535840152.0,100.0,153322180346.0
2019-10-24,ZCH0CH6N,ST12000NM0007,12000138625024,0,67.0,4770592.0,88.0,0.0,100.0,15.0,100.0,16.0,77.0,45140780.0,83.0,15619.0,100.0,0.0,100.0,14.0,,,,,99.0,1.0,100.0,12885098499.0,,,74.0,26.0,,,100.0,208.0,100.0,756.0,26.0,26.0,100.0,0.0,100.0,0.0,200.0,0.0,100.0,15457.0,100.0,67553158472.0,100.0,153399016450.0
2019-10-25,ZCH0CH6N,ST12000NM0007,12000138625024,0,80.0,93751976.0,88.0,0.0,100.0,15.0,100.0,16.0,77.0,46283757.0,83.0,15635.0,100.0,0.0,100.0,14.0,,,,,99.0,1.0,100.0,12885098499.0,,,74.0,26.0,,,100.0,208.0,100.0,756.0,26.0,26.0,100.0,0.0,100.0,0.0,200.0,0.0,100.0,15473.0,100.0,67570187440.0,100.0,153470968866.0
2019-10-26,ZCH0CH6N,ST12000NM0007,12000138625024,0,84.0,242875906.0,88.0,0.0,100.0,15.0,100.0,16.0,77.0,48275011.0,83.0,15666.0,100.0,0.0,100.0,14.0,,,,,99.0,1.0,100.0,12885098499.0,,,74.0,26.0,,,100.0,209.0,100.0,758.0,26.0,26.0,100.0,0.0,100.0,0.0,200.0,0.0,100.0,15505.0,100.0,67600200808.0,100.0,153590079428.0
2019-10-27,ZCH0CH6N,ST12000NM0007,12000138625024,0,79.0,77818944.0,88.0,0.0,100.0,15.0,100.0,16.0,77.0,49403913.0,83.0,15682.0,100.0,0.0,100.0,14.0,,,,,99.0,1.0,100.0,12885098499.0,,,74.0,26.0,,,100.0,209.0,100.0,758.0,26.0,26.0,100.0,0.0,100.0,0.0,200.0,0.0,100.0,15520.0,100.0,67620871848.0,100.0,153648492188.0
2019-10-28,ZCH0CH6N,ST12000NM0007,12000138625024,0,79.0,87107904.0,88.0,0.0,100.0,15.0,100.0,16.0,77.0,52621572.0,83.0,15714.0,100.0,0.0,100.0,14.0,,,,,99.0,1.0,100.0,12885098499.0,,,74.0,26.0,,,100.0,209.0,100.0,760.0,26.0,26.0,100.0,0.0,100.0,0.0,200.0,0.0,100.0,15552.0,100.0,67669037312.0,100.0,153853756468.0
2019-10-29,ZCH0CH6N,ST12000NM0007,12000138625024,0,83.0,193291304.0,88.0,0.0,100.0,15.0,100.0,16.0,77.0,55136479.0,83.0,15730.0,100.0,0.0,100.0,14.0,,,,,99.0,1.0,100.0,12885098499.0,,,75.0,25.0,,,100.0,209.0,100.0,760.0,25.0,25.0,100.0,0.0,100.0,0.0,200.0,0.0,100.0,15568.0,100.0,67696698632.0,100.0,153932278548.0
2019-10-30,ZCH0CH6N,ST12000NM0007,12000138625024,0,80.0,90123592.0,88.0,0.0,100.0,15.0,100.0,16.0,78.0,57090604.0,83.0,15761.0,100.0,0.0,100.0,14.0,,,,,99.0,1.0,100.0,12885098499.0,,,74.0,26.0,,,100.0,210.0,100.0,762.0,26.0,26.0,100.0,0.0,100.0,0.0,200.0,0.0,100.0,15599.0,100.0,67734744592.0,100.0,154035205604.0
2019-10-31,ZCH0CH6N,ST12000NM0007,12000138625024,0,83.0,190630064.0,88.0,0.0,100.0,15.0,100.0,16.0,78.0,59854359.0,82.0,15777.0,100.0,0.0,100.0,14.0,,,,,99.0,1.0,100.0,12885098499.0,,,73.0,27.0,,,100.0,210.0,100.0,762.0,27.0,27.0,100.0,0.0,100.0,0.0,200.0,0.0,100.0,15615.0,100.0,67754552680.0,100.0,154115903988.0
2019-11-01,ZCH0CH6N,ST12000NM0007,12000138625024,0,80.0,106273368.0,88.0,0.0,100.0,15.0,100.0,16.0,78.0,61685990.0,82.0,15809.0,100.0,0.0,100.0,14.0,,,,,99.0,1.0,100.0,12885098499.0,,,73.0,27.0,,,100.0,212.0,100.0,764.0,27.0,27.0,100.0,0.0,100.0,0.0,200.0,0.0,100.0,15646.0,100.0,67771595824.0,100.0,154258644908.0
2019-11-02,ZCH0CH6N,ST12000NM0007,12000138625024,0,83.0,188273416.0,88.0,0.0,100.0,15.0,100.0,16.0,78.0,62528799.0,82.0,15824.0,100.0,0.0,100.0,14.0,,,,,99.0,1.0,100.0,12885098499.0,,,73.0,27.0,,,100.0,212.0,100.0,764.0,27.0,27.0,100.0,0.0,100.0,0.0,200.0,0.0,100.0,15662.0,100.0,67777395208.0,100.0,154334845572.0
2019-11-03,ZCH0CH6N,ST12000NM0007,12000138625024,0,78.0,65506146.0,88.0,0.0,100.0,16.0,100.0,16.0,78.0,64935414.0,82.0,15857.0,100.0,0.0,100.0,15.0,,,,,99.0,1.0,100.0,12885098499.0,,,72.0,28.0,,,100.0,212.0,100.0,769.0,28.0,28.0,100.0,0.0,100.0,0.0,200.0,0.0,100.0,15694.0,100.0,67793276776.0,100.0,154684478054.0
2019-11-04,ZCH0CH6N,ST12000NM0007,12000138625024,0,83.0,179784634.0,88.0,0.0,100.0,16.0,100.0,16.0,78.0,65869067.0,82.0,15872.0,100.0,0.0,100.0,15.0,,,,,99.0,1.0,100.0,12885098499.0,,,72.0,28.0,,,100.0,212.0,100.0,769.0,28.0,28.0,100.0,0.0,100.0,0.0,200.0,0.0,100.0,15709.0,100.0,67803658824.0,100.0,154788374494.0
2019-11-06,ZCH0CH6N,ST12000NM0007,12000138625024,0,78.0,56249576.0,88.0,0.0,100.0,16.0,100.0,16.0,78.0,70156002.0,82.0,15920.0,100.0,0.0,100.0,15.0,,,,,99.0,1.0,100.0,12885098499.0,,,73.0,27.0,,,100.0,213.0,100.0,771.0,27.0,27.0,100.0,0.0,100.0,0.0,200.0,0.0,100.0,15757.0,100.0,67824184032.0,100.0,155132595686.0
2019-11-07,ZCH0CH6N,ST12000NM0007,12000138625024,0,80.0,111658520.0,88.0,0.0,100.0,16.0,100.0,16.0,79.0,73942701.0,82.0,15952.0,100.0,0.0,100.0,15.0,,,,,99.0,1.0,100.0,12885098499.0,,,73.0,27.0,,,100.0,214.0,100.0,773.0,27.0,27.0,100.0,0.0,100.0,0.0,200.0,0.0,100.0,15788.0,100.0,67845226904.0,100.0,155411102390.0
2019-11-08,ZCH0CH6N,ST12000NM0007,12000138625024,0,84.0,224800080.0,88.0,0.0,100.0,16.0,100.0,16.0,79.0,74930225.0,82.0,15968.0,100.0,0.0,100.0,15.0,,,,,99.0,1.0,100.0,12885098499.0,,,73.0,27.0,,,100.0,215.0,100.0,774.0,27.0,27.0,100.0,0.0,100.0,0.0,200.0,0.0,100.0,15804.0,100.0,67861401880.0,100.0,155508068974.0
2019-11-09,ZCH0CH6N,ST12000NM0007,12000138625024,0,83.0,211673138.0,88.0,0.0,100.0,17.0,100.0,16.0,79.0,76576229.0,82.0,15999.0,100.0,0.0,100.0,16.0,,,,,99.0,1.0,100.0,12885098499.0,,,74.0,26.0,,,100.0,216.0,100.0,777.0,26.0,26.0,100.0,0.0,100.0,0.0,200.0,0.0,100.0,15835.0,100.0,67878343568.0,100.0,155722141016.0
2019-11-10,ZCH0CH6N,ST12000NM0007,12000138625024,0,80.0,90643368.0,88.0,0.0,100.0,17.0,100.0,16.0,79.0,77506074.0,82.0,16015.0,100.0,0.0,100.0,16.0,,,,,99.0,1.0,100.0,12885098499.0,,,74.0,26.0,,,100.0,216.0,100.0,777.0,26.0,26.0,100.0,0.0,100.0,0.0,200.0,0.0,100.0,15851.0,100.0,67888790656.0,100.0,155834804840.0
2019-11-11,ZCH0CH6N,ST12000NM0007,12000138625024,0,83.0,184544088.0,88.0,0.0,100.0,17.0,100.0,16.0,79.0,79614976.0,82.0,16047.0,100.0,0.0,100.0,16.0,,,,,99.0,1.0,100.0,12885098499.0,,,73.0,27.0,,,100.0,217.0,100.0,778.0,27.0,27.0,100.0,0.0,100.0,0.0,200.0,0.0,100.0,15883.0,100.0,67909373168.0,100.0,156152263816.0
2019-11-12,ZCH0CH6N,ST12000NM0007,12000138625024,0,71.0,11456528.0,88.0,0.0,100.0,17.0,100.0,16.0,79.0,85114608.0,82.0,16078.0,100.0,0.0,100.0,16.0,,,,,99.0,1.0,100.0,12885098499.0,,,74.0,26.0,,,100.0,217.0,100.0,780.0,26.0,26.0,100.0,0.0,100.0,0.0,200.0,0.0,100.0,15914.0,100.0,67936599584.0,100.0,156440231112.0
2019-11-13,ZCH0CH6N,ST12000NM0007,12000138625024,0,80.0,98991944.0,88.0,0.0,100.0,17.0,100.0,16.0,79.0,85856229.0,82.0,16094.0,100.0,0.0,100.0,16.0,,,,,99.0,1.0,100.0,12885098499.0,,,74.0,26.0,,,100.0,217.0,100.0,780.0,26.0,26.0,100.0,0.0,100.0,0.0,200.0,0.0,100.0,15930.0,100.0,67943261376.0,100.0,156521104736.0
2019-11-14,ZCH0CH6N,ST12000NM0007,12000138625024,0,79.0,77400384.0,88.0,0.0,100.0,17.0,100.0,16.0,80.0,89273416.0,82.0,16125.0,100.0,0.0,100.0,16.0,,,,,99.0,1.0,100.0,12885098499.0,,,74.0,26.0,,,100.0,219.0,100.0,782.0,26.0,26.0,100.0,0.0,100.0,0.0,200.0,0.0,100.0,15961.0,100.0,67957429896.0,100.0,156729485376.0
2019-11-15,ZCH0CH6N,ST12000NM0007,12000138625024,0,84.0,236615704.0,88.0,0.0,100.0,17.0,100.0,16.0,80.0,90355421.0,82.0,16141.0,100.0,0.0,100.0,16.0,,,,,99.0,1.0,100.0,12885098499.0,,,74.0,26.0,,,100.0,219.0,100.0,782.0,26.0,26.0,100.0,0.0,100.0,0.0,200.0,0.0,100.0,15977.0,100.0,67964775824.0,100.0,156881354768.0
2019-11-16,ZCH0CH6N,ST12000NM0007,12000138625024,0,68.0,7050524.0,88.0,0.0,100.0,18.0,100.0,16.0,80.0,92087181.0,82.0,16173.0,100.0,0.0,100.0,17.0,,,,,99.0,1.0,100.0,12885098499.0,,,74.0,26.0,,,100.0,221.0,100.0,786.0,26.0,26.0,100.0,0.0,100.0,0.0,200.0,0.0,100.0,16008.0,100.0,67980426664.0,100.0,157124420292.0
2019-11-17,ZCH0CH6N,ST12000NM0007,12000138625024,0,81.0,119288916.0,88.0,0.0,100.0,18.0,100.0,16.0,80.0,92908213.0,82.0,16189.0,100.0,0.0,100.0,17.0,,,,,99.0,1.0,100.0,12885098499.0,,,74.0,26.0,,,100.0,221.0,100.0,786.0,26.0,26.0,100.0,0.0,100.0,0.0,200.0,0.0,100.0,16024.0,100.0,67987607320.0,100.0,157229478028.0
2019-11-18,ZCH0CH6N,ST12000NM0007,12000138625024,0,82.0,148279720.0,88.0,0.0,100.0,18.0,100.0,16.0,80.0,96391516.0,82.0,16221.0,100.0,0.0,100.0,17.0,,,,,99.0,1.0,100.0,12885098499.0,,,73.0,27.0,,,100.0,221.0,100.0,788.0,27.0,27.0,100.0,0.0,100.0,0.0,200.0,0.0,100.0,16055.0,100.0,68014184952.0,100.0,157476031828.0
2019-11-19,ZCH0CH6N,ST12000NM0007,12000138625024,0,80.0,91795520.0,88.0,0.0,100.0,18.0,100.0,16.0,80.0,98048471.0,82.0,16236.0,100.0,0.0,100.0,17.0,,,,,99.0,1.0,100.0,12885098499.0,,,73.0,27.0,,,100.0,221.0,100.0,788.0,27.0,27.0,100.0,0.0,100.0,0.0,200.0,0.0,100.0,16071.0,100.0,68030619632.0,100.0,157647253580.0
2019-11-20,ZCH0CH6N,ST12000NM0007,12000138625024,0,83.0,196442368.0,88.0,0.0,100.0,18.0,100.0,16.0,80.0,100246122.0,82.0,16268.0,100.0,0.0,100.0,17.0,,,,,99.0,1.0,100.0,12885098499.0,,,74.0,26.0,,,100.0,222.0,100.0,790.0,26.0,26.0,100.0,0.0,100.0,0.0,200.0,0.0,100.0,16103.0,100.0,68093426040.0,100.0,157933234828.0
2019-11-21,ZCH0CH6N,ST12000NM0007,12000138625024,0,80.0,92110472.0,88.0,0.0,100.0,18.0,100.0,16.0,80.0,102904105.0,82.0,16284.0,100.0,0.0,100.0,17.0,,,,,99.0,1.0,100.0,12885098499.0,,,73.0,27.0,,,100.0,222.0,100.0,791.0,27.0,27.0,100.0,0.0,100.0,0.0,200.0,0.0,100.0,16118.0,100.0,68106895976.0,100.0,158059573772.0
2019-11-22,ZCH0CH6N,ST12000NM0007,12000138625024,0,83.0,214754848.0,88.0,0.0,100.0,18.0,100.0,16.0,80.0,105025210.0,82.0,16316.0,100.0,0.0,100.0,17.0,,,,,99.0,1.0,100.0,12885098499.0,,,74.0,26.0,,,100.0,223.0,100.0,792.0,26.0,26.0,100.0,0.0,100.0,0.0,200.0,0.0,100.0,16150.0,100.0,68141500784.0,100.0,158391754124.0
2019-11-23,ZCH0CH6N,ST12000NM0007,12000138625024,0,81.0,129840024.0,88.0,0.0,100.0,18.0,100.0,16.0,80.0,105738335.0,82.0,16332.0,100.0,0.0,100.0,17.0,,,,,99.0,1.0,100.0,12885098499.0,,,74.0,26.0,,,100.0,224.0,100.0,793.0,26.0,26.0,100.0,0.0,100.0,0.0,200.0,0.0,100.0,16166.0,100.0,68144335280.0,100.0,158548145548.0
2019-11-24,ZCH0CH6N,ST12000NM0007,12000138625024,0,84.0,224911936.0,88.0,0.0,100.0,18.0,100.0,16.0,80.0,107322340.0,82.0,16363.0,100.0,0.0,100.0,17.0,,,,,99.0,1.0,100.0,12885098499.0,,,74.0,26.0,,,100.0,225.0,100.0,794.0,26.0,26.0,100.0,0.0,100.0,0.0,200.0,0.0,100.0,16197.0,100.0,68149605936.0,100.0,158882087484.0
2019-11-25,ZCH0CH6N,ST12000NM0007,12000138625024,0,81.0,139150520.0,88.0,0.0,100.0,18.0,100.0,16.0,80.0,108003527.0,82.0,16379.0,100.0,0.0,100.0,17.0,,,,,99.0,1.0,100.0,12885098499.0,,,74.0,26.0,,,100.0,226.0,100.0,795.0,26.0,26.0,100.0,0.0,100.0,0.0,200.0,0.0,100.0,16213.0,100.0,68149844136.0,100.0,159040228508.0
2019-11-26,ZCH0CH6N,ST12000NM0007,12000138625024,0,72.0,17741992.0,88.0,0.0,100.0,18.0,100.0,16.0,80.0,111291278.0,82.0,16411.0,100.0,0.0,100.0,17.0,,,,,99.0,1.0,100.0,12885098499.0,,,74.0,26.0,,,100.0,226.0,100.0,796.0,26.0,26.0,100.0,0.0,100.0,0.0,200.0,0.0,100.0,16245.0,100.0,68150482888.0,100.0,159406462612.0
2019-11-27,ZCH0CH6N,ST12000NM0007,12000138625024,0,79.0,86669248.0,88.0,0.0,100.0,18.0,100.0,16.0,81.0,113085315.0,82.0,16442.0,100.0,0.0,100.0,17.0,,,,,99.0,1.0,100.0,12885098499.0,,,73.0,27.0,,,100.0,226.0,100.0,798.0,27.0,27.0,100.0,0.0,100.0,0.0,200.0,0.0,100.0,16276.0,100.0,68151006688.0,100.0,159719006756.0
2019-11-28,ZCH0CH6N,ST12000NM0007,12000138625024,0,84.0,228672856.0,88.0,0.0,100.0,18.0,100.0,16.0,81.0,115111547.0,82.0,16458.0,100.0,0.0,100.0,17.0,,,,,99.0,1.0,100.0,12885098499.0,,,74.0,26.0,,,100.0,226.0,100.0,798.0,26.0,26.0,100.0,0.0,100.0,0.0,200.0,0.0,100.0,16292.0,100.0,68151200496.0,100.0,159860816556.0
2019-11-29,ZCH0CH6N,ST12000NM0007,12000138625024,0,71.0,12694144.0,88.0,0.0,100.0,18.0,100.0,16.0,81.0,116507452.0,82.0,16489.0,100.0,0.0,100.0,17.0,,,,,99.0,1.0,100.0,12885098499.0,,,74.0,26.0,,,100.0,227.0,100.0,800.0,26.0,26.0,100.0,0.0,100.0,0.0,200.0,0.0,100.0,16323.0,100.0,68151692488.0,100.0,160132627412.0
2019-11-30,ZCH0CH6N,ST12000NM0007,12000138625024,0,82.0,164791104.0,88.0,0.0,100.0,18.0,100.0,16.0,81.0,117233031.0,82.0,16505.0,100.0,0.0,100.0,17.0,,,,,99.0,1.0,100.0,12885098499.0,,,74.0,26.0,,,100.0,227.0,100.0,800.0,26.0,26.0,100.0,0.0,100.0,0.0,200.0,0.0,100.0,16339.0,100.0,68151937888.0,100.0,160284478972.0
2019-12-01,ZCH0CH6N,ST12000NM0007,12000138625024,0,83.0,201102432.0,88.0,0.0,100.0,18.0,100.0,16.0,81.0,118684101.0,82.0,16537.0,100.0,0.0,100.0,17.0,,,,,99.0,1.0,100.0,12885098499.0,,,74.0,26.0,,,100.0,228.0,100.0,802.0,26.0,26.0,100.0,0.0,100.0,0.0,200.0,0.0,100.0,16370.0,100.0,68152416240.0,100.0,160564452644.0
2019-12-02,ZCH0CH6N,ST12000NM0007,12000138625024,0,80.0,91418144.0,88.0,0.0,100.0,18.0,100.0,16.0,81.0,119882262.0,82.0,16552.0,100.0,0.0,100.0,17.0,,,,,99.0,1.0,100.0,12885098499.0,,,73.0,27.0,,,100.0,228.0,100.0,802.0,27.0,27.0,100.0,0.0,100.0,0.0,200.0,0.0,100.0,16386.0,100.0,68152653136.0,100.0,160698672308.0
2019-12-03,ZCH0CH6N,ST12000NM0007,12000138625024,0,82.0,167241816.0,88.0,0.0,100.0,18.0,100.0,16.0,81.0,122774937.0,82.0,16584.0,100.0,0.0,100.0,17.0,,,,,99.0,1.0,100.0,12885098499.0,,,74.0,26.0,,,100.0,229.0,100.0,804.0,26.0,26.0,100.0,0.0,100.0,0.0,200.0,0.0,100.0,16417.0,100.0,68153140848.0,100.0,161018149036.0
2019-12-04,ZCH0CH6N,ST12000NM0007,12000138625024,0,79.0,88235768.0,88.0,0.0,100.0,18.0,100.0,16.0,81.0,123685163.0,82.0,16600.0,100.0,0.0,100.0,17.0,,,,,99.0,1.0,100.0,12885098499.0,,,74.0,26.0,,,100.0,229.0,100.0,804.0,26.0,26.0,100.0,0.0,100.0,0.0,200.0,0.0,100.0,16433.0,100.0,68153386416.0,100.0,161183038172.0
2019-12-05,ZCH0CH6N,ST12000NM0007,12000138625024,0,78.0,65003024.0,88.0,0.0,100.0,18.0,100.0,16.0,81.0,126980062.0,82.0,16631.0,100.0,0.0,100.0,17.0,,,,,99.0,1.0,100.0,12885098499.0,,,74.0,26.0,,,100.0,229.0,100.0,806.0,26.0,26.0,100.0,0.0,100.0,0.0,200.0,0.0,100.0,16464.0,100.0,68153735712.0,100.0,161403596812.0
2019-12-06,ZCH0CH6N,ST12000NM0007,12000138625024,0,83.0,210926016.0,88.0,0.0,100.0,18.0,100.0,16.0,81.0,128025789.0,81.0,16647.0,100.0,0.0,100.0,17.0,,,,,99.0,1.0,100.0,12885098499.0,,,74.0,26.0,,,100.0,229.0,100.0,806.0,26.0,26.0,100.0,0.0,100.0,0.0,200.0,0.0,100.0,16480.0,100.0,68153975928.0,100.0,161549279588.0
2019-12-07,ZCH0CH6N,ST12000NM0007,12000138625024,0,77.0,52606376.0,88.0,0.0,100.0,18.0,100.0,16.0,81.0,130487183.0,81.0,16678.0,100.0,0.0,100.0,17.0,,,,,99.0,1.0,100.0,12885098499.0,,,74.0,26.0,,,100.0,230.0,100.0,808.0,26.0,26.0,100.0,0.0,100.0,0.0,200.0,0.0,100.0,16511.0,100.0,68155125720.0,100.0,161878091596.0
2019-12-08,ZCH0CH6N,ST12000NM0007,12000138625024,0,84.0,224168392.0,88.0,0.0,100.0,18.0,100.0,16.0,81.0,132021252.0,81.0,16694.0,100.0,0.0,100.0,17.0,,,,,99.0,1.0,100.0,12885098499.0,,,73.0,27.0,,,100.0,230.0,100.0,808.0,27.0,27.0,100.0,0.0,100.0,0.0,200.0,0.0,100.0,16527.0,100.0,68155370936.0,100.0,162049408396.0
2019-12-09,ZCH0CH6N,ST12000NM0007,12000138625024,0,79.0,78239432.0,88.0,0.0,100.0,18.0,100.0,16.0,81.0,136530667.0,81.0,16726.0,100.0,0.0,100.0,17.0,,,,,99.0,1.0,100.0,12885098499.0,,,73.0,27.0,,,100.0,230.0,100.0,809.0,27.0,27.0,100.0,0.0,100.0,0.0,200.0,0.0,100.0,16559.0,100.0,68155861984.0,100.0,162391269668.0
2019-12-10,ZCH0CH6N,ST12000NM0007,12000138625024,0,83.0,199700880.0,88.0,0.0,100.0,18.0,100.0,16.0,81.0,137681456.0,81.0,16742.0,100.0,0.0,100.0,17.0,,,,,99.0,1.0,100.0,12885098499.0,,,74.0,26.0,,,100.0,230.0,100.0,810.0,26.0,26.0,100.0,0.0,100.0,0.0,200.0,0.0,100.0,16574.0,100.0,68156105744.0,100.0,162512487356.0
2019-12-11,ZCH0CH6N,ST12000NM0007,12000138625024,0,69.0,8698440.0,88.0,0.0,100.0,18.0,100.0,16.0,81.0,139825218.0,81.0,16773.0,100.0,0.0,100.0,17.0,,,,,99.0,1.0,100.0,12885098499.0,,,74.0,26.0,,,100.0,231.0,100.0,812.0,26.0,26.0,100.0,0.0,100.0,0.0,200.0,0.0,100.0,16606.0,100.0,68156585416.0,100.0,162809286660.0
2019-12-12,ZCH0CH6N,ST12000NM0007,12000138625024,0,81.0,119240784.0,88.0,0.0,100.0,18.0,100.0,16.0,82.0,142338009.0,81.0,16789.0,100.0,0.0,100.0,17.0,,,,,99.0,1.0,100.0,12885098499.0,,,74.0,26.0,,,100.0,231.0,100.0,812.0,26.0,26.0,100.0,0.0,100.0,0.0,200.0,0.0,100.0,16621.0,100.0,68156711784.0,100.0,162919702636.0
2019-12-13,ZCH0CH6N,ST12000NM0007,12000138625024,0,82.0,169280848.0,88.0,0.0,100.0,18.0,100.0,16.0,82.0,144473500.0,81.0,16821.0,100.0,0.0,100.0,17.0,,,,,99.0,1.0,100.0,12885098499.0,,,74.0,26.0,,,100.0,233.0,100.0,814.0,26.0,26.0,100.0,0.0,100.0,0.0,200.0,0.0,100.0,16653.0,100.0,68157200160.0,100.0,163213395124.0
2019-12-14,ZCH0CH6N,ST12000NM0007,12000138625024,0,82.0,166817800.0,88.0,0.0,100.0,18.0,100.0,16.0,82.0,146285687.0,81.0,16852.0,100.0,0.0,100.0,17.0,,,,,99.0,1.0,100.0,12885098499.0,,,74.0,26.0,,,100.0,234.0,100.0,815.0,26.0,26.0,100.0,0.0,100.0,0.0,200.0,0.0,100.0,16684.0,100.0,68157680800.0,100.0,163454592284.0
2019-12-15,ZCH0CH6N,ST12000NM0007,12000138625024,0,80.0,93447480.0,88.0,0.0,100.0,18.0,100.0,16.0,82.0,147444901.0,81.0,16868.0,100.0,0.0,100.0,17.0,,,,,99.0,1.0,100.0,12885098499.0,,,74.0,26.0,,,100.0,235.0,100.0,816.0,26.0,26.0,100.0,0.0,100.0,0.0,200.0,0.0,100.0,16700.0,100.0,68157924224.0,100.0,163625119204.0
2019-12-16,ZCH0CH6N,ST12000NM0007,12000138625024,0,82.0,164259048.0,88.0,0.0,100.0,18.0,100.0,16.0,82.0,151414551.0,81.0,16900.0,100.0,0.0,100.0,17.0,,,,,99.0,1.0,100.0,12885098499.0,,,74.0,26.0,,,100.0,235.0,100.0,817.0,26.0,26.0,100.0,0.0,100.0,0.0,200.0,0.0,100.0,16732.0,100.0,68158421520.0,100.0,163939574108.0
2019-12-17,ZCH0CH6N,ST12000NM0007,12000138625024,0,69.0,7303992.0,88.0,0.0,100.0,18.0,100.0,16.0,82.0,152180279.0,81.0,16916.0,100.0,0.0,100.0,17.0,,,,,99.0,1.0,100.0,12885098499.0,,,74.0,26.0,,,100.0,236.0,100.0,818.0,26.0,26.0,100.0,0.0,100.0,0.0,200.0,0.0,100.0,16747.0,100.0,68158671000.0,100.0,164026510228.0
2019-12-18,ZCH0CH6N,ST12000NM0007,12000138625024,0,79.0,80218888.0,88.0,0.0,100.0,18.0,100.0,16.0,82.0,154384031.0,81.0,16947.0,100.0,0.0,100.0,17.0,,,,,99.0,1.0,100.0,12885098499.0,,,74.0,26.0,,,100.0,237.0,100.0,820.0,26.0,26.0,100.0,0.0,100.0,0.0,200.0,0.0,100.0,16778.0,100.0,68159175648.0,100.0,164343061180.0
2019-12-19,ZCH0CH6N,ST12000NM0007,12000138625024,0,74.0,22977352.0,88.0,0.0,100.0,18.0,100.0,16.0,82.0,155656478.0,81.0,16963.0,100.0,0.0,100.0,17.0,,,,,99.0,1.0,100.0,12885098499.0,,,74.0,26.0,,,100.0,237.0,100.0,821.0,26.0,26.0,100.0,0.0,100.0,0.0,200.0,0.0,100.0,16794.0,100.0,68159425368.0,100.0,164529710766.0
2019-12-20,ZCH0CH6N,ST12000NM0007,12000138625024,0,83.0,189302480.0,88.0,0.0,100.0,18.0,100.0,16.0,82.0,156806406.0,81.0,16979.0,100.0,0.0,100.0,17.0,,,,,99.0,1.0,100.0,12885098499.0,,,74.0,26.0,,,100.0,237.0,100.0,821.0,26.0,26.0,100.0,0.0,100.0,0.0,200.0,0.0,100.0,16810.0,100.0,68159677752.0,100.0,164695783510.0
2019-12-21,ZCH0CH6N,ST12000NM0007,12000138625024,0,77.0,45810008.0,88.0,0.0,100.0,18.0,100.0,16.0,82.0,159099339.0,81.0,17010.0,100.0,0.0,100.0,17.0,,,,,99.0,1.0,100.0,12885098499.0,,,75.0,25.0,,,100.0,238.0,100.0,823.0,25.0,25.0,100.0,0.0,100.0,0.0,200.0,0.0,100.0,16841.0,100.0,68160175176.0,100.0,165040075078.0
2019-12-22,ZCH0CH6N,ST12000NM0007,12000138625024,0,82.0,174512640.0,88.0,0.0,100.0,18.0,100.0,16.0,82.0,160017855.0,81.0,17026.0,100.0,0.0,100.0,17.0,,,,,99.0,1.0,100.0,12885098499.0,,,74.0,26.0,,,100.0,238.0,100.0,823.0,26.0,26.0,100.0,0.0,100.0,0.0,200.0,0.0,100.0,16857.0,100.0,68160421816.0,100.0,165168531070.0
2019-12-23,ZCH0CH6N,ST12000NM0007,12000138625024,0,76.0,41353608.0,88.0,0.0,100.0,18.0,100.0,16.0,82.0,162324640.0,81.0,17058.0,100.0,0.0,100.0,17.0,,,,,99.0,1.0,100.0,12885098499.0,,,74.0,26.0,,,100.0,239.0,100.0,825.0,26.0,26.0,100.0,0.0,100.0,0.0,200.0,0.0,100.0,16888.0,100.0,68160920464.0,100.0,165523154934.0
2019-12-24,ZCH0CH6N,ST12000NM0007,12000138625024,0,83.0,202003088.0,88.0,0.0,100.0,18.0,100.0,16.0,82.0,163442469.0,81.0,17073.0,100.0,0.0,100.0,17.0,,,,,99.0,1.0,100.0,12885098499.0,,,74.0,26.0,,,100.0,239.0,100.0,825.0,26.0,26.0,100.0,0.0,100.0,0.0,200.0,0.0,100.0,16904.0,100.0,68161170992.0,100.0,165683553886.0
2019-12-25,ZCH0CH6N,ST12000NM0007,12000138625024,0,71.0,13729208.0,88.0,0.0,100.0,18.0,100.0,16.0,82.0,165713474.0,81.0,17105.0,100.0,0.0,100.0,17.0,,,,,99.0,1.0,100.0,12885098499.0,,,74.0,26.0,,,100.0,240.0,100.0,827.0,26.0,26.0,100.0,0.0,100.0,0.0,200.0,0.0,100.0,16935.0,100.0,68161667792.0,100.0,165983064662.0
2019-12-26,ZCH0CH6N,ST12000NM0007,12000138625024,0,82.0,150527784.0,88.0,0.0,100.0,18.0,100.0,16.0,82.0,166772826.0,81.0,17121.0,100.0,0.0,100.0,17.0,,,,,99.0,1.0,100.0,12885098499.0,,,74.0,26.0,,,100.0,240.0,100.0,827.0,26.0,26.0,100.0,0.0,100.0,0.0,200.0,0.0,100.0,16951.0,100.0,68161921288.0,100.0,166119609742.0
2019-12-27,ZCH0CH6N,ST12000NM0007,12000138625024,0,82.0,151123216.0,88.0,0.0,100.0,18.0,100.0,16.0,82.0,168771930.0,81.0,17153.0,100.0,0.0,100.0,17.0,,,,,99.0,1.0,100.0,12885098499.0,,,74.0,26.0,,,100.0,242.0,100.0,829.0,26.0,26.0,100.0,0.0,100.0,0.0,200.0,0.0,100.0,16983.0,100.0,68162426872.0,100.0,166363840230.0
2019-12-28,ZCH0CH6N,ST12000NM0007,12000138625024,0,77.0,45688360.0,88.0,0.0,100.0,18.0,100.0,16.0,82.0,169792195.0,81.0,17169.0,100.0,0.0,100.0,17.0,,,,,99.0,1.0,100.0,12885098499.0,,,74.0,26.0,,,100.0,242.0,100.0,829.0,26.0,26.0,100.0,0.0,100.0,0.0,200.0,0.0,100.0,16999.0,100.0,68162677888.0,100.0,166502295094.0
2019-12-29,ZCH0CH6N,ST12000NM0007,12000138625024,0,81.0,130100472.0,88.0,0.0,100.0,18.0,100.0,16.0,82.0,172160190.0,81.0,17200.0,100.0,0.0,100.0,17.0,,,,,99.0,1.0,100.0,12885098499.0,,,74.0,26.0,,,100.0,243.0,100.0,831.0,26.0,26.0,100.0,0.0,100.0,0.0,200.0,0.0,100.0,17030.0,100.0,68163176912.0,100.0,166830348942.0
2019-12-30,ZCH0CH6N,ST12000NM0007,12000138625024,0,77.0,50381784.0,88.0,0.0,100.0,18.0,100.0,16.0,82.0,173324579.0,81.0,17216.0,100.0,0.0,100.0,17.0,,,,,99.0,1.0,100.0,12885098499.0,,,74.0,26.0,,,100.0,243.0,100.0,831.0,26.0,26.0,100.0,0.0,100.0,0.0,200.0,0.0,100.0,17046.0,100.0,68163426184.0,100.0,166994521662.0
2019-12-31,ZCH0CH6N,ST12000NM0007,12000138625024,0,80.0,93672688.0,88.0,0.0,100.0,18.0,100.0,16.0,82.0,175425143.0,81.0,17247.0,100.0,0.0,100.0,17.0,,,,,99.0,1.0,100.0,12885098499.0,,,74.0,26.0,,,100.0,243.0,100.0,832.0,26.0,26.0,100.0,0.0,100.0,0.0,200.0,0.0,100.0,17077.0,100.0,68163924136.0,100.0,167281455454.0
