2019-01-01,ZJV005VE,ST12000NM0007,12000138625024,0,83,199348416,98.0,0.0,100.0,2.0,100.0,0.0,81.0,133113373.0,91,8305,100.0,0.0,100,1,,,,,100.0,0.0,100.0,0.0,,,70.0,30.0,,,100.0,120.0,100.0,587.0,30,30,100.0,0.0,100.0,0.0,200.0,0.0,100.0,8173.0,100.0,45628844320.0,100.0,72978905174.0
2019-01-02,ZJV005VE,ST12000NM0007,12000138625024,0,83,205634848,98.0,0.0,100.0,2.0,100.0,0.0,81.0,136593561.0,91,8329,100.0,0.0,100,1,,,,,100.0,0.0,100.0,0.0,,,71.0,29.0,,,100.0,120.0,100.0,588.0,29,29,100.0,0.0,100.0,0.0,200.0,0.0,100.0,8197.0,100.0,45694737464.0,100.0,73163439126.0
2019-01-03,ZJV005VE,ST12000NM0007,12000138625024,0,83.0,185027440.0,98.0,0.0,100.0,2.0,100.0,0.0,81.0,139275313.0,91.0,8353.0,100.0,0.0,100.0,1.0,,,,,100.0,0.0,100.0,0.0,,,72.0,28.0,,,100.0,120.0,100.0,589.0,28.0,28.0,100.0,0.0,100.0,0.0,200.0,0.0,100.0,8222.0,100.0,45766210504.0,100.0,73315499662.0
2019-01-04,ZJV005VE,ST12000NM0007,12000138625024,0,83,215147976,98.0,0.0,100.0,2.0,100.0,0.0,82.0,143798143.0,91,8377,100.0,0.0,100,1,,,,,100.0,0.0,100.0,0.0,,,70.0,30.0,,,100.0,121.0,100.0,590.0,30,30,100.0,0.0,100.0,0.0,200.0,0.0,100.0,8245.0,100.0,45848293944.0,100.0,73507677454.0
2019-01-05,ZJV005VE,ST12000NM0007,12000138625024,0,83,203114552,98.0,0.0,100.0,2.0,100.0,0.0,82.0,146468331.0,91,8401,100.0,0.0,100,1,,,,,100.0,0.0,100.0,0.0,,,71.0,29.0,,,100.0,121.0,100.0,591.0,29,29,100.0,0.0,100.0,0.0,200.0,0.0,100.0,8269.0,100.0,45919902560.0,100.0,73668176350.0
2019-01-06,ZJV005VE,ST12000NM0007,12000138625024,0,83,197910160,98.0,0.0,100.0,2.0,100.0,0.0,82.0,150755080.0,91,8425,100.0,0.0,100,1,,,,,100.0,0.0,100.0,0.0,,,69.0,31.0,,,100.0,121.0,100.0,592.0,31,31,100.0,0.0,100.0,0.0,200.0,0.0,100.0,8293.0,100.0,46000075888.0,100.0,73826939422.0
2019-01-07,ZJV005VE,ST12000NM0007,12000138625024,0,83,214012536,98.0,0.0,100.0,2.0,100.0,0.0,82.0,153984073.0,91,8449,100.0,0.0,100,1,,,,,100.0,0.0,100.0,0.0,,,68.0,32.0,,,100.0,122.0,100.0,593.0,32,32,100.0,0.0,100.0,0.0,200.0,0.0,100.0,8317.0,100.0,46080113104.0,100.0,74007145214.0
2019-01-08,ZJV005VE,ST12000NM0007,12000138625024,0,83,217386128,98.0,0.0,100.0,2.0,100.0,0.0,82.0,156925302.0,91,8474,100.0,0.0,100,1,,,,,100.0,0.0,100.0,0.0,,,71.0,29.0,,,100.0,123.0,100.0,594.0,29,29,100.0,0.0,100.0,0.0,200.0,0.0,100.0,8342.0,100.0,46153732632.0,100.0,74181040622.0
2019-01-09,ZJV005VE,ST12000NM0007,12000138625024,0,83,207780072,98.0,0.0,100.0,2.0,100.0,0.0,82.0,159380340.0,91,8497,100.0,0.0,100,1,,,,,100.0,0.0,100.0,0.0,,,71.0,29.0,,,100.0,123.0,100.0,595.0,29,29,100.0,0.0,100.0,0.0,200.0,0.0,100.0,8365.0,100.0,46209586416.0,100.0,74359721518.0
2019-01-10,ZJV005VE,ST12000NM0007,12000138625024,0,69,7776464,98.0,0.0,100.0,2.0,100.0,0.0,82.0,162137585.0,91,8522,100.0,0.0,100,1,,,,,100.0,0.0,100.0,0.0,,,72.0,28.0,,,100.0,124.0,100.0,596.0,28,28,100.0,0.0,100.0,0.0,200.0,0.0,100.0,8389.0,100.0,46276881352.0,100.0,74580704350.0
2019-01-11,ZJV005VE,ST12000NM0007,12000138625024,0,83.0,179147712.0,98.0,0.0,100.0,2.0,100.0,0.0,82.0,164384552.0,91.0,8534.0,100.0,0.0,100.0,1.0,,,,,100.0,0.0,100.0,0.0,,,71.0,29.0,,,100.0,124.0,100.0,597.0,29.0,29.0,100.0,0.0,100.0,0.0,200.0,0.0,100.0,8402.0,100.0,46321433576.0,100.0,74707523374.0
2019-01-12,ZJV005VE,ST12000NM0007,12000138625024,0,83,210922800,98.0,0.0,100.0,2.0,100.0,0.0,82.0,167798866.0,91,8566,100.0,0.0,100,1,,,,,100.0,0.0,100.0,0.0,,,72.0,28.0,,,100.0,125.0,100.0,598.0,28,28,100.0,0.0,100.0,0.0,200.0,0.0,100.0,8433.0,100.0,46397893144.0,100.0,74906979558.0
2019-01-13,ZJV005VE,ST12000NM0007,12000138625024,0,82,143355528,98.0,0.0,100.0,2.0,100.0,0.0,82.0,169779310.0,91,8582,100.0,0.0,100,1,,,,,100.0,0.0,100.0,0.0,,,70.0,30.0,,,100.0,125.0,100.0,599.0,30,30,100.0,0.0,100.0,0.0,200.0,0.0,100.0,8449.0,100.0,46452075944.0,100.0,75029370270.0
2019-01-14,ZJV005VE,ST12000NM0007,12000138625024,0,82,171800104,98.0,0.0,100.0,2.0,100.0,0.0,82.0,174661659.0,91,8614,100.0,0.0,100,1,,,,,100.0,0.0,100.0,0.0,,,72.0,28.0,,,100.0,125.0,100.0,600.0,28,28,100.0,0.0,100.0,0.0,200.0,0.0,100.0,8481.0,100.0,46541278000.0,100.0,75212753422.0
2019-01-15,ZJV005VE,ST12000NM0007,12000138625024,0,78.0,65631200.0,98.0,0.0,100.0,2.0,100.0,0.0,82.0,176364772.0,91.0,8630.0,100.0,0.0,100.0,1.0,,,,,100.0,0.0,100.0,0.0,,,70.0,30.0,,,100.0,126.0,100.0,601.0,30.0,30.0,100.0,0.0,100.0,0.0,200.0,0.0,100.0,8497.0,100.0,46580511984.0,100.0,75311492110.0
2019-01-16,ZJV005VE,ST12000NM0007,12000138625024,0,81,112216000,98.0,0.0,100.0,2.0,100.0,0.0,83.0,179838086.0,91,8661,100.0,0.0,100,1,,,,,100.0,0.0,100.0,0.0,,,71.0,29.0,,,100,127,100.0,602.0,29,29,100.0,0.0,100.0,0.0,200.0,0.0,100.0,8528.0,100.0,46661655048.0,100.0,75521074638.0
2019-01-17,ZJV005VE,ST12000NM0007,12000138625024,0,74,23184920,98.0,0.0,100.0,2.0,100.0,0.0,83.0,181585069.0,91,8677,100.0,0.0,100,1,,,,,100.0,0.0,100.0,0.0,,,69.0,31.0,,,100,128,100.0,603.0,31,31,100.0,0.0,100.0,0.0,200.0,0.0,100.0,8544.0,100.0,46711103544.0,100.0,75626735982.0
2019-01-18,ZJV005VE,ST12000NM0007,12000138625024,0,81,131438872,98.0,0.0,100.0,2.0,100.0,0.0,83.0,187068390.0,91,8709,100.0,0.0,100,1,,,,,100.0,0.0,100.0,0.0,,,72.0,28.0,,,100,128,100.0,604.0,28,28,100.0,0.0,100.0,0.0,200.0,0.0,100.0,8576.0,100.0,46832537192.0,100.0,75857696950.0
2019-01-19,ZJV005VE,ST12000NM0007,12000138625024,0,83,193592016,98.0,0.0,100.0,2.0,100.0,0.0,83.0,190837714.0,91,8741,100.0,0.0,100,1,,,,,100.0,0.0,100.0,0.0,,,71.0,29.0,,,100,128,100.0,605.0,29,29,100.0,0.0,100.0,0.0,200.0,0.0,100.0,8607.0,100.0,46925139896.0,100.0,76071388134.0
2019-01-20,ZJV005VE,ST12000NM0007,12000138625024,0,81,116650024,98.0,0.0,100.0,2.0,100.0,0.0,83.0,193343458.0,91,8756,100.0,0.0,100,1,,,,,100.0,0.0,100.0,0.0,,,72.0,28.0,,,100,129,100.0,606.0,28,28,100.0,0.0,100.0,0.0,200.0,0.0,100.0,8623.0,100.0,46984052552.0,100.0,76179674502.0
2019-01-21,ZJV005VE,ST12000NM0007,12000138625024,0,82,146063928,98.0,0.0,100.0,2.0,100.0,0.0,83.0,197969898.0,90,8788,100.0,0.0,100,1,,,,,100.0,0.0,100.0,0.0,,,72.0,28.0,,,100,129,100.0,607.0,28,28,100.0,0.0,100.0,0.0,200.0,0.0,100.0,8655.0,100.0,47087880744.0,100.0,76349401046.0
2019-01-22,ZJV005VE,ST12000NM0007,12000138625024,0,79.0,72913312.0,98.0,0.0,100.0,2.0,100.0,0.0,83.0,199816895.0,90.0,8804.0,100.0,0.0,100.0,1.0,,,,,100.0,0.0,100.0,0.0,,,71.0,29.0,,,100.0,129.0,100.0,608.0,29.0,29.0,100.0,0.0,100.0,0.0,200.0,0.0,100.0,8671.0,100.0,47136298560.0,100.0,76471973286.0
2019-01-23,ZJV005VE,ST12000NM0007,12000138625024,0,67.0,4786784.0,98.0,0.0,100.0,2.0,100.0,0.0,83.0,201876439.0,90.0,8820.0,100.0,0.0,100.0,1.0,,,,,100.0,0.0,100.0,0.0,,,70.0,30.0,,,100.0,130.0,100.0,609.0,30.0,30.0,100.0,0.0,100.0,0.0,200.0,0.0,100.0,8686.0,100.0,47198024864.0,100.0,76586261518.0
2019-01-24,ZJV005VE,ST12000NM0007,12000138625024,0,80.0,100598536.0,98.0,0.0,100.0,2.0,100.0,0.0,83.0,207009612.0,90.0,8852.0,100.0,0.0,100.0,1.0,,,,,100.0,0.0,100.0,0.0,,,71.0,29.0,,,100.0,130.0,100.0,610.0,29.0,29.0,100.0,0.0,100.0,0.0,200.0,0.0,100.0,8718.0,100.0,47304819136.0,100.0,76819419630.0
2019-01-25,ZJV005VE,ST12000NM0007,12000138625024,0,65,3045824,98.0,0.0,100.0,2.0,100.0,0.0,83.0,212361992.0,90,8884,100.0,0.0,100,1,,,,,100.0,0.0,100.0,0.0,,,71.0,29.0,,,100,131,100.0,619.0,29,29,100.0,0.0,100.0,0.0,200.0,0.0,100.0,8749.0,100.0,47403963184.0,100.0,77111004887.0
2019-01-26,ZJV005VE,ST12000NM0007,12000138625024,0,83,182782152,98.0,0.0,100.0,2.0,100.0,0.0,83.0,214341584.0,90,8900,100.0,0.0,100,1,,,,,100.0,0.0,100.0,0.0,,,71.0,29.0,,,100,131,100.0,619.0,29,29,100.0,0.0,100.0,0.0,200.0,0.0,100.0,8765.0,100.0,47467491272.0,100.0,77227213127.0
2019-01-27,ZJV005VE,ST12000NM0007,12000138625024,0,100,215088,98.0,0.0,100.0,2.0,100.0,0.0,83.0,219404020.0,90,8932,100.0,0.0,100,1,,,,,100.0,0.0,100.0,0.0,,,72.0,28.0,,,100,132,100.0,621.0,28,28,100.0,0.0,100.0,0.0,200.0,0.0,100.0,8796.0,100.0,47564036288.0,100.0,77436383231.0
2019-01-28,ZJV005VE,ST12000NM0007,12000138625024,0,82,172617656,98.0,0.0,100.0,2.0,100.0,0.0,83.0,221668137.0,90,8948,100.0,0.0,100,1,,,,,100.0,0.0,100.0,0.0,,,72.0,28.0,,,100,132,100.0,621.0,28,28,100.0,0.0,100.0,0.0,200.0,0.0,100.0,8812.0,100.0,47617457120.0,100.0,77555364967.0
2019-01-29,ZJV005VE,ST12000NM0007,12000138625024,0,71,13782936,98.0,0.0,100.0,2.0,100.0,0.0,84.0,225060695.0,90,8979,100.0,0.0,100,1,,,,,100.0,0.0,100.0,0.0,,,72.0,28.0,,,100,134,100.0,623.0,28,28,100.0,0.0,100.0,0.0,200.0,0.0,100.0,8844.0,100.0,47705265616.0,100.0,77797003319.0
2019-01-30,ZJV005VE,ST12000NM0007,12000138625024,0,82,168255624,98.0,0.0,100.0,2.0,100.0,0.0,84.0,226800756.0,90,8995,100.0,0.0,100,1,,,,,100.0,0.0,100.0,0.0,,,72.0,28.0,,,100,134,100.0,623.0,28,28,100.0,0.0,100.0,0.0,200.0,0.0,100.0,8860.0,100.0,47747301600.0,100.0,77909440023.0
2019-01-31,ZJV005VE,ST12000NM0007,12000138625024,0,84,238743144,98.0,0.0,100.0,2.0,100.0,0.0,84.0,230045158.0,90,9027,100.0,0.0,100,1,,,,,100.0,0.0,100.0,0.0,,,72.0,28.0,,,100,135,100.0,625.0,28,28,100.0,0.0,100.0,0.0,200.0,0.0,100.0,8891.0,100.0,47831413752.0,100.0,78139956287.0
2019-02-01,ZJV005VE,ST12000NM0007,12000138625024,0,83,216799408,98.0,0.0,100.0,2.0,100.0,0.0,84.0,233742685.0,90,9042,100.0,0.0,100,1,,,,,100.0,0.0,100.0,0.0,,,72.0,28.0,,,100,135,100.0,625.0,28,28,100.0,0.0,100.0,0.0,200.0,0.0,100.0,8907.0,100.0,47877247152.0,100.0,78316319887.0
2019-02-02,ZJV005VE,ST12000NM0007,12000138625024,0,78.0,67014456.0,98.0,0.0,100.0,2.0,100.0,0.0,84.0,237932634.0,90.0,9074.0,100.0,0.0,100.0,1.0,,,,,100.0,0.0,100.0,0.0,,,72.0,28.0,,,100.0,136.0,100.0,627.0,28.0,28.0,100.0,0.0,100.0,0.0,200.0,0.0,100.0,8938.0,100.0,47984588008.0,100.0,78547475647.0
2019-02-03,ZJV005VE,ST12000NM0007,12000138625024,0,83,220949120,98.0,0.0,100.0,2.0,100.0,0.0,84.0,240032531.0,90,9090,100.0,0.0,100,1,,,,,100.0,0.0,100.0,0.0,,,71.0,29.0,,,100,136,100.0,627.0,29,29,100.0,0.0,100.0,0.0,200.0,0.0,100.0,8954.0,100.0,48031225336.0,100.0,78654772983.0
2019-02-04,ZJV005VE,ST12000NM0007,12000138625024,0,84,234776352,98.0,0.0,100.0,2.0,100.0,0.0,84.0,244920122.0,90,9122,100.0,0.0,100,1,,,,,100.0,0.0,100.0,0.0,,,71.0,29.0,,,100,136,100.0,629.0,29,29,100.0,0.0,100.0,0.0,200.0,0.0,100.0,8985.0,100.0,48116157912.0,100.0,78827808503.0
2019-02-05,ZJV005VE,ST12000NM0007,12000138625024,0,82.0,144612512.0,98.0,0.0,100.0,2.0,100.0,0.0,84.0,246849107.0,90.0,9138.0,100.0,0.0,100.0,1.0,,,,,100.0,0.0,100.0,0.0,,,71.0,29.0,,,100.0,136.0,100.0,629.0,29.0,29.0,100.0,0.0,100.0,0.0,200.0,0.0,100.0,9001.0,100.0,48162122760.0,100.0,78935820471.0
2019-02-06,ZJV005VE,ST12000NM0007,12000138625024,0,83,217413328,98.0,0.0,100.0,2.0,100.0,0.0,84.0,250786030.0,90,9169,100.0,0.0,100,1,,,,,100.0,0.0,100.0,0.0,,,70.0,30.0,,,100,136,100.0,631.0,30,30,100.0,0.0,100.0,0.0,200.0,0.0,100.0,9033.0,100.0,48254618848.0,100.0,79160265839.0
2019-02-07,ZJV005VE,ST12000NM0007,12000138625024,0,81.0,120958616.0,98.0,0.0,100.0,2.0,100.0,0.0,84.0,252616022.0,90.0,9185.0,100.0,0.0,100.0,1.0,,,,,100.0,0.0,100.0,0.0,,,70.0,30.0,,,100.0,136.0,100.0,631.0,30.0,30.0,100.0,0.0,100.0,0.0,200.0,0.0,100.0,9049.0,100.0,48301909888.0,100.0,79260661535.0
2019-02-08,ZJV005VE,ST12000NM0007,12000138625024,0,72,17659736,98.0,0.0,100.0,2.0,100.0,0.0,84.0,258080878.0,90,9217,100.0,0.0,100,1,,,,,100.0,0.0,100.0,0.0,,,70.0,30.0,,,100,137,100.0,633.0,30,30,100.0,0.0,100.0,0.0,200.0,0.0,100.0,9080.0,100.0,48420981048.0,100.0,79526572919.0
2019-02-09,ZJV005VE,ST12000NM0007,12000138625024,0,83.0,192750064.0,98.0,0.0,100.0,2.0,100.0,0.0,84.0,259817653.0,90.0,9233.0,100.0,0.0,100.0,1.0,,,,,100.0,0.0,100.0,0.0,,,70.0,30.0,,,100.0,137.0,100.0,633.0,30.0,30.0,100.0,0.0,100.0,0.0,200.0,0.0,100.0,9096.0,100.0,48476739504.0,100.0,79645904791.0
2019-02-10,ZJV005VE,ST12000NM0007,12000138625024,0,77,51885496,98.0,0.0,100.0,2.0,100.0,0.0,84.0,264426971.0,90,9264,100.0,0.0,100,1,,,,,100.0,0.0,100.0,0.0,,,69.0,31.0,,,100,138,100.0,635.0,31,31,100.0,0.0,100.0,0.0,200.0,0.0,100.0,9127.0,100.0,48583175416.0,100.0,79886885847.0
2019-02-11,ZJV005VE,ST12000NM0007,12000138625024,0,83,208502120,98.0,0.0,100.0,2.0,100.0,0.0,84.0,266854134.0,90,9280,100.0,0.0,100,1,,,,,100.0,0.0,100.0,0.0,,,71.0,29.0,,,100,138,100.0,635.0,29,29,100.0,0.0,100.0,0.0,200.0,0.0,100.0,9143.0,100.0,48633758248.0,100.0,79992919639.0
2019-02-12,ZJV005VE,ST12000NM0007,12000138625024,0,79.0,70825456.0,98.0,0.0,100.0,2.0,100.0,0.0,84.0,270747577.0,90.0,9312.0,100.0,0.0,100.0,1.0,,,,,100.0,0.0,100.0,0.0,,,71.0,29.0,,,100.0,138.0,100.0,637.0,29.0,29.0,100.0,0.0,100.0,0.0,200.0,0.0,100.0,9175.0,100.0,48745237896.0,100.0,80232045031.0
2019-02-13,ZJV005VE,ST12000NM0007,12000138625024,0,84,239114848,98.0,0.0,100.0,2.0,100.0,0.0,84.0,272458265.0,90,9328,100.0,0.0,100,1,,,,,100.0,0.0,100.0,0.0,,,70.0,30.0,,,100,138,100.0,637.0,30,30,100.0,0.0,100.0,0.0,200.0,0.0,100.0,9191.0,100.0,48796486464.0,100.0,80349085855.0
2019-02-14,ZJV005VE,ST12000NM0007,12000138625024,0,80,94454384,98.0,0.0,100.0,2.0,100.0,0.0,84.0,277422417.0,90,9359,100.0,0.0,100,1,,,,,100.0,0.0,100.0,0.0,,,71.0,29.0,,,100,139,100.0,639.0,29,29,100.0,0.0,100.0,0.0,200.0,0.0,100.0,9222.0,100.0,48888172192.0,100.0,80601021183.0
2019-02-15,ZJV005VE,ST12000NM0007,12000138625024,0,78.0,68454136.0,98.0,0.0,100.0,2.0,100.0,0.0,84.0,280790282.0,90.0,9375.0,100.0,0.0,100.0,1.0,,,,,100.0,0.0,100.0,0.0,,,71.0,29.0,,,100.0,139.0,100.0,639.0,29.0,29.0,100.0,0.0,100.0,0.0,200.0,0.0,100.0,9238.0,100.0,48944827640.0,100.0,80762506119.0
2019-02-16,ZJV005VE,ST12000NM0007,12000138625024,0,81.0,118898712.0,98.0,0.0,100.0,2.0,100.0,0.0,85.0,284319325.0,90.0,9407.0,100.0,0.0,100.0,1.0,,,,,100.0,0.0,100.0,0.0,,,71.0,29.0,,,100.0,140.0,100.0,641.0,29.0,29.0,100.0,0.0,100.0,0.0,200.0,0.0,100.0,9269.0,100.0,49032403248.0,100.0,80969515735.0
2019-02-17,ZJV005VE,ST12000NM0007,12000138625024,0,75,34058520,98.0,0.0,100.0,2.0,100.0,0.0,85.0,286042526.0,90,9423,100.0,0.0,100,1,,,,,100.0,0.0,100.0,0.0,,,70.0,30.0,,,100,140,100.0,641.0,30,30,100.0,0.0,100.0,0.0,200.0,0.0,100.0,9285.0,100.0,49078135840.0,100.0,81083083903.0
2019-02-18,ZJV005VE,ST12000NM0007,12000138625024,0,80,108692456,98.0,0.0,100.0,2.0,100.0,0.0,85.0,291513257.0,90,9455,100.0,0.0,100,1,,,,,100.0,0.0,100.0,0.0,,,71.0,29.0,,,100,141,100.0,643.0,29,29,100.0,0.0,100.0,0.0,200.0,0.0,100.0,9317.0,100.0,49179048912.0,100.0,81300945495.0
2019-02-19,ZJV005VE,ST12000NM0007,12000138625024,0,77,52692536,98.0,0.0,100.0,2.0,100.0,0.0,85.0,293665550.0,90,9471,100.0,0.0,100,1,,,,,100.0,0.0,100.0,0.0,,,68.0,32.0,,,100,141,100.0,643.0,32,32,100.0,0.0,100.0,0.0,200.0,0.0,100.0,9333.0,100.0,49242896456.0,100.0,81425238695.0
2019-02-20,ZJV005VE,ST12000NM0007,12000138625024,0,80.0,107901104.0,98.0,0.0,100.0,2.0,100.0,0.0,85.0,297121127.0,90.0,9502.0,100.0,0.0,100.0,1.0,,,,,100.0,0.0,100.0,0.0,,,71.0,29.0,,,100.0,142.0,100.0,645.0,29.0,29.0,100.0,0.0,100.0,0.0,200.0,0.0,100.0,9364.0,100.0,49337324040.0,100.0,81630160495.0
2019-02-21,ZJV005VE,ST12000NM0007,12000138625024,0,82,155802064,98.0,0.0,100.0,2.0,100.0,0.0,85.0,300480024.0,90,9534,100.0,0.0,100,1,,,,,100.0,0.0,100.0,0.0,,,69.0,31.0,,,100,143,100.0,646.0,31,31,100.0,0.0,100.0,0.0,200.0,0.0,100.0,9395.0,100.0,49418544632.0,100.0,81840981495.0
2019-02-22,ZJV005VE,ST12000NM0007,12000138625024,0,80,99369888,98.0,0.0,100.0,2.0,100.0,0.0,85.0,304070857.0,90,9550,100.0,0.0,100,1,,,,,100.0,0.0,100.0,0.0,,,70.0,30.0,,,100,144,100.0,647.0,30,30,100.0,0.0,100.0,0.0,200.0,0.0,100.0,9411.0,100.0,49456544256.0,100.0,81990690327.0
2019-02-23,ZJV005VE,ST12000NM0007,12000138625024,0,82.0,145457912.0,98.0,0.0,100.0,2.0,100.0,0.0,85.0,307562501.0,90.0,9581.0,100.0,0.0,100.0,1.0,,,,,100.0,0.0,100.0,0.0,,,69.0,31.0,,,100.0,145.0,100.0,648.0,31.0,31.0,100.0,0.0,100.0,0.0,200.0,0.0,100.0,9443.0,100.0,49523326440.0,100.0,82214137087.0
2019-02-24,ZJV005VE,ST12000NM0007,12000138625024,0,78,58488288,98.0,0.0,100.0,2.0,100.0,0.0,85.0,309959592.0,90,9597,100.0,0.0,100,1,,,,,100.0,0.0,100.0,0.0,,,71.0,29.0,,,100,146,100.0,649.0,29,29,100.0,0.0,100.0,0.0,200.0,0.0,100.0,9458.0,100.0,49570290928.0,100.0,82324343679.0
2019-02-25,ZJV005VE,ST12000NM0007,12000138625024,0,79,82870360,98.0,0.0,100.0,2.0,100.0,0.0,85.0,314619814.0,90,9629,100.0,0.0,100,1,,,,,100.0,0.0,100.0,0.0,,,70.0,30.0,,,100,147,100.0,650.0,30,30,100.0,0.0,100.0,0.0,200.0,0.0,100.0,9490.0,100.0,49649883304.0,100.0,82513274199.0
2019-02-26,ZJV005VE,ST12000NM0007,12000138625024,0,83,215718200,98.0,0.0,100.0,2.0,100.0,0.0,85.0,316373277.0,89,9645,100.0,0.0,100,1,,,,,100.0,0.0,100.0,0.0,,,71.0,29.0,,,100,147,100.0,651.0,29,29,100.0,0.0,100.0,0.0,200.0,0.0,100.0,9505.0,100.0,49687230776.0,100.0,82608774567.0
2019-02-27,ZJV005VE,ST12000NM0007,12000138625024,0,83.0,206456040.0,98.0,0.0,100.0,2.0,100.0,0.0,85.0,319897128.0,89.0,9676.0,100.0,0.0,100.0,1.0,,,,,100.0,0.0,100.0,0.0,,,71.0,29.0,,,100.0,148.0,100.0,652.0,29.0,29.0,100.0,0.0,100.0,0.0,200.0,0.0,100.0,9537.0,100.0,49757646768.0,100.0,82773237199.0
2019-02-28,ZJV005VE,ST12000NM0007,12000138625024,0,80,93751344,98.0,0.0,100.0,2.0,100.0,0.0,85.0,321539840.0,89,9692,100.0,0.0,100,1,,,,,100.0,0.0,100.0,0.0,,,72.0,28.0,,,100,149,100.0,653.0,28,28,100.0,0.0,100.0,0.0,200.0,0.0,100.0,9553.0,100.0,49792622904.0,100.0,82869696999.0
2019-03-01,ZJV005VE,ST12000NM0007,12000138625024,0,82.0,152777216.0,98.0,0.0,100.0,2.0,100.0,0.0,85.0,326588541.0,89.0,9724.0,100.0,0.0,100.0,1.0,,,,,100.0,0.0,100.0,0.0,,,69.0,31.0,,,100.0,149.0,100.0,654.0,31.0,31.0,100.0,0.0,100.0,0.0,200.0,0.0,100.0,9584.0,100.0,49875991008.0,100.0,83089495863.0
2019-03-02,ZJV005VE,ST12000NM0007,12000138625024,0,75.0,30223384.0,98.0,0.0,100.0,2.0,100.0,0.0,85.0,328213563.0,89.0,9740.0,100.0,0.0,100.0,1.0,,,,,100.0,0.0,100.0,0.0,,,72.0,28.0,,,100.0,149.0,100.0,654.0,28.0,28.0,100.0,0.0,100.0,0.0,200.0,0.0,100.0,9600.0,100.0,49911049536.0,100.0,83176024287.0
2019-03-03,ZJV005VE,ST12000NM0007,12000138625024,0,75.0,30843640.0,98.0,0.0,100.0,2.0,100.0,0.0,85.0,333082283.0,89.0,9771.0,100.0,0.0,100.0,1.0,,,,,100.0,0.0,100.0,0.0,,,71.0,29.0,,,100.0,151.0,100.0,656.0,29.0,29.0,100.0,0.0,100.0,0.0,200.0,0.0,100.0,9632.0,100.0,49981771784.0,100.0,83350063015.0
2019-03-04,ZJV005VE,ST12000NM0007,12000138625024,0,82,164633360,98.0,0.0,100.0,2.0,100.0,0.0,85.0,334655874.0,89,9787,100.0,0.0,100,1,,,,,100.0,0.0,100.0,0.0,,,71.0,29.0,,,100,152,100.0,657.0,29,29,100.0,0.0,100.0,0.0,200.0,0.0,100.0,9648.0,100.0,50011730600.0,100.0,83453893919.0
2019-03-05,ZJV005VE,ST12000NM0007,12000138625024,0,83.0,193653816.0,98.0,0.0,100.0,2.0,100.0,0.0,85.0,337897187.0,89.0,9819.0,100.0,0.0,100.0,1.0,,,,,100.0,0.0,100.0,0.0,,,72.0,28.0,,,100.0,153.0,100.0,658.0,28.0,28.0,100.0,0.0,100.0,0.0,200.0,0.0,100.0,9680.0,100.0,50083876600.0,100.0,83654910631.0
2019-03-06,ZJV005VE,ST12000NM0007,12000138625024,0,80.0,91006912.0,98.0,0.0,100.0,2.0,100.0,0.0,85.0,339353062.0,89.0,9835.0,100.0,0.0,100.0,1.0,,,,,100.0,0.0,100.0,0.0,,,72.0,28.0,,,100.0,154.0,100.0,659.0,28.0,28.0,100.0,0.0,100.0,0.0,200.0,0.0,100.0,9695.0,100.0,50114770536.0,100.0,83765510527.0
2019-03-07,ZJV005VE,ST12000NM0007,12000138625024,0,83.0,192946088.0,98.0,0.0,100.0,2.0,100.0,0.0,85.0,344328548.0,89.0,9867.0,100.0,0.0,100.0,1.0,,,,,100.0,0.0,100.0,0.0,,,72.0,28.0,,,100.0,154.0,100.0,660.0,28.0,28.0,100.0,0.0,100.0,0.0,200.0,0.0,100.0,9727.0,100.0,50204931400.0,100.0,84021429471.0
2019-03-08,ZJV005VE,ST12000NM0007,12000138625024,0,82.0,175664200.0,98.0,0.0,100.0,2.0,100.0,0.0,85.0,347946683.0,89.0,9883.0,100.0,0.0,100.0,1.0,,,,,100.0,0.0,100.0,0.0,,,71.0,29.0,,,100.0,154.0,100.0,661.0,29.0,29.0,100.0,0.0,100.0,0.0,200.0,0.0,100.0,9742.0,100.0,50272440168.0,100.0,84180779495.0
2019-03-09,ZJV005VE,ST12000NM0007,12000138625024,0,72.0,17639168.0,98.0,0.0,100.0,2.0,100.0,0.0,85.0,351499370.0,89.0,9914.0,100.0,0.0,100.0,1.0,,,,,100.0,0.0,100.0,0.0,,,72.0,28.0,,,100.0,155.0,100.0,662.0,28.0,28.0,100.0,0.0,100.0,0.0,200.0,0.0,100.0,9774.0,100.0,50380644632.0,100.0,84402831503.0
2019-03-10,ZJV005VE,ST12000NM0007,12000138625024,0,82.0,160657952.0,98.0,0.0,100.0,2.0,100.0,0.0,85.0,353245675.0,89.0,9930.0,100.0,0.0,100.0,1.0,,,,,100.0,0.0,100.0,0.0,,,70.0,30.0,,,100.0,155.0,100.0,662.0,30.0,30.0,100.0,0.0,100.0,0.0,200.0,0.0,100.0,9790.0,100.0,50419886080.0,100.0,84506608839.0
2019-03-11,ZJV005VE,ST12000NM0007,12000138625024,0,83.0,208988904.0,98.0,0.0,100.0,2.0,100.0,0.0,86.0,358470326.0,89.0,9962.0,100.0,0.0,100.0,1.0,,,,,100.0,0.0,100.0,0.0,,,72.0,28.0,,,100.0,156.0,100.0,664.0,28.0,28.0,100.0,0.0,100.0,0.0,200.0,0.0,100.0,9821.0,100.0,50508028752.0,100.0,84710937911.0
2019-03-12,ZJV005VE,ST12000NM0007,12000138625024,0,81.0,115158720.0,98.0,0.0,100.0,2.0,100.0,0.0,86.0,360259750.0,89.0,9978.0,100.0,0.0,100.0,1.0,,,,,100.0,0.0,100.0,0.0,,,71.0,29.0,,,100.0,156.0,100.0,664.0,29.0,29.0,100.0,0.0,100.0,0.0,200.0,0.0,100.0,9837.0,100.0,50559864384.0,100.0,84809412727.0
2019-03-13,ZJV005VE,ST12000NM0007,12000138625024,0,83.0,185751416.0,98.0,0.0,100.0,2.0,100.0,0.0,86.0,363684773.0,89.0,10009.0,100.0,0.0,100.0,1.0,,,,,100.0,0.0,100.0,0.0,,,73.0,27.0,,,100.0,157.0,100.0,667.0,27.0,27.0,100.0,0.0,100.0,0.0,200.0,0.0,100.0,9868.0,100.0,50656920104.0,100.0,85027090639.0
2019-03-14,ZJV005VE,ST12000NM0007,12000138625024,0,80.0,92025456.0,98.0,0.0,100.0,2.0,100.0,0.0,86.0,365666948.0,89.0,10025.0,100.0,0.0,100.0,1.0,,,,,100.0,0.0,100.0,0.0,,,69.0,31.0,,,100.0,157.0,100.0,667.0,31.0,31.0,100.0,0.0,100.0,0.0,200.0,0.0,100.0,9884.0,100.0,50698838936.0,100.0,85135586839.0
2019-03-15,ZJV005VE,ST12000NM0007,12000138625024,0,83.0,185438384.0,98.0,0.0,100.0,2.0,100.0,0.0,86.0,371097466.0,89.0,10057.0,100.0,0.0,100.0,1.0,,,,,100.0,0.0,100.0,0.0,,,73.0,27.0,,,100.0,157.0,100.0,669.0,27.0,27.0,100.0,0.0,100.0,0.0,200.0,0.0,100.0,9915.0,100.0,50784018688.0,100.0,85387960959.0
2019-03-16,ZJV005VE,ST12000NM0007,12000138625024,0,84.0,228511344.0,98.0,0.0,100.0,2.0,100.0,0.0,86.0,374656185.0,89.0,10089.0,100.0,0.0,100.0,1.0,,,,,100.0,0.0,100.0,0.0,,,71.0,29.0,,,100.0,157.0,100.0,670.0,29.0,29.0,100.0,0.0,100.0,0.0,200.0,0.0,100.0,9947.0,100.0,50862007968.0,100.0,85597185375.0
2019-03-17,ZJV005VE,ST12000NM0007,12000138625024,0,80.0,109634864.0,98.0,0.0,100.0,2.0,100.0,0.0,86.0,377404305.0,89.0,10104.0,100.0,0.0,100.0,1.0,,,,,100.0,0.0,100.0,0.0,,,73.0,27.0,,,100.0,158.0,100.0,671.0,27.0,27.0,100.0,0.0,100.0,0.0,200.0,0.0,100.0,9963.0,100.0,50895078936.0,100.0,85689378559.0
2019-03-18,ZJV005VE,ST12000NM0007,12000138625024,0,81.0,125240400.0,98.0,0.0,100.0,2.0,100.0,0.0,86.0,381423141.0,89.0,10136.0,100.0,0.0,100.0,1.0,,,,,100.0,0.0,100.0,0.0,,,71.0,29.0,,,100.0,158.0,100.0,672.0,29.0,29.0,100.0,0.0,100.0,0.0,200.0,0.0,100.0,9994.0,100.0,50982235680.0,100.0,85861967991.0
2019-03-19,ZJV005VE,ST12000NM0007,12000138625024,0,71.0,13407616.0,98.0,0.0,100.0,2.0,100.0,0.0,86.0,383198578.0,89.0,10152.0,100.0,0.0,100.0,1.0,,,,,100.0,0.0,100.0,0.0,,,73.0,27.0,,,100.0,158.0,100.0,672.0,27.0,27.0,100.0,0.0,100.0,0.0,200.0,0.0,100.0,10010.0,100.0,51027064384.0,100.0,85949447167.0
2019-03-20,ZJV005VE,ST12000NM0007,12000138625024,0,77.0,52419624.0,98.0,0.0,100.0,2.0,100.0,0.0,86.0,386569346.0,89.0,10183.0,100.0,0.0,100.0,1.0,,,,,100.0,0.0,100.0,0.0,,,71.0,29.0,,,100.0,159.0,100.0,674.0,29.0,29.0,100.0,0.0,100.0,0.0,200.0,0.0,100.0,10041.0,100.0,51111214544.0,100.0,86148449703.0
2019-03-21,ZJV005VE,ST12000NM0007,12000138625024,0,83.0,216995392.0,98.0,0.0,100.0,2.0,100.0,0.0,86.0,388124719.0,89.0,10199.0,100.0,0.0,100.0,1.0,,,,,100.0,0.0,100.0,0.0,,,72.0,28.0,,,100.0,159.0,100.0,674.0,28.0,28.0,100.0,0.0,100.0,0.0,200.0,0.0,100.0,10057.0,100.0,51159333136.0,100.0,86264906879.0
2019-03-22,ZJV005VE,ST12000NM0007,12000138625024,0,83.0,179228784.0,98.0,0.0,100.0,2.0,100.0,0.0,86.0,391667813.0,89.0,10215.0,100.0,0.0,100.0,1.0,,,,,100.0,0.0,100.0,0.0,,,70.0,30.0,,,100.0,159.0,100.0,675.0,30.0,30.0,100.0,0.0,100.0,0.0,200.0,0.0,100.0,10073.0,100.0,51211009592.0,100.0,86419604655.0
2019-03-23,ZJV005VE,ST12000NM0007,12000138625024,0,82.0,176340208.0,98.0,0.0,100.0,2.0,100.0,0.0,86.0,395155396.0,89.0,10247.0,100.0,0.0,100.0,1.0,,,,,100.0,0.0,100.0,0.0,,,72.0,28.0,,,100.0,160.0,100.0,676.0,28.0,28.0,100.0,0.0,100.0,0.0,200.0,0.0,100.0,10105.0,100.0,51291295248.0,100.0,86580571247.0
2019-03-24,ZJV005VE,ST12000NM0007,12000138625024,0,79.0,77921120.0,98.0,0.0,100.0,2.0,100.0,0.0,86.0,396773981.0,89.0,10263.0,100.0,0.0,100.0,1.0,,,,,100.0,0.0,100.0,0.0,,,71.0,29.0,,,100.0,161.0,100.0,677.0,29.0,29.0,100.0,0.0,100.0,0.0,200.0,0.0,100.0,10120.0,100.0,51328928512.0,100.0,86688659711.0
2019-03-25,ZJV005VE,ST12000NM0007,12000138625024,0,80.0,108421792.0,98.0,0.0,100.0,2.0,100.0,0.0,86.0,401801224.0,89.0,10294.0,100.0,0.0,100.0,1.0,,,,,100.0,0.0,100.0,0.0,,,72.0,28.0,,,100.0,162.0,100.0,678.0,28.0,28.0,100.0,0.0,100.0,0.0,200.0,0.0,100.0,10152.0,100.0,51416369984.0,100.0,86875859607.0
2019-03-26,ZJV005VE,ST12000NM0007,12000138625024,0,84.0,243446704.0,98.0,0.0,100.0,2.0,100.0,0.0,86.0,403512741.0,89.0,10310.0,100.0,0.0,100.0,1.0,,,,,100.0,0.0,100.0,0.0,,,70.0,30.0,,,100.0,163.0,100.0,679.0,30.0,30.0,100.0,0.0,100.0,0.0,200.0,0.0,100.0,10168.0,100.0,51454895176.0,100.0,86972359327.0
2019-03-27,ZJV005VE,ST12000NM0007,12000138625024,0,76.0,37100280.0,98.0,0.0,100.0,2.0,100.0,0.0,86.0,406755657.0,89.0,10342.0,100.0,0.0,100.0,1.0,,,,,100.0,0.0,100.0,0.0,,,72.0,28.0,,,100.0,164.0,100.0,680.0,28.0,28.0,100.0,0.0,100.0,0.0,200.0,0.0,100.0,10199.0,100.0,51539653248.0,100.0,87169536231.0
2019-03-28,ZJV005VE,ST12000NM0007,12000138625024,0,83.0,199252896.0,98.0,0.0,100.0,2.0,100.0,0.0,86.0,408455980.0,89.0,10358.0,100.0,0.0,100.0,1.0,,,,,100.0,0.0,100.0,0.0,,,71.0,29.0,,,100.0,164.0,100.0,681.0,29.0,29.0,100.0,0.0,100.0,0.0,200.0,0.0,100.0,10215.0,100.0,51581463280.0,100.0,87289878815.0
2019-03-29,ZJV005VE,ST12000NM0007,12000138625024,0,77.0,55909976.0,98.0,0.0,100.0,2.0,100.0,0.0,86.0,415526613.0,89.0,10389.0,100.0,0.0,100.0,1.0,,,,,100.0,0.0,100.0,0.0,,,72.0,28.0,,,100.0,164.0,100.0,682.0,28.0,28.0,100.0,0.0,100.0,0.0,200.0,0.0,100.0,10246.0,100.0,51661857376.0,100.0,87554423375.0
2019-03-30,ZJV005VE,ST12000NM0007,12000138625024,0,83.0,202013168.0,98.0,0.0,100.0,2.0,100.0,0.0,86.0,417401438.0,89.0,10405.0,100.0,0.0,100.0,1.0,,,,,100.0,0.0,100.0,0.0,,,71.0,29.0,,,100.0,165.0,100.0,683.0,29.0,29.0,100.0,0.0,100.0,0.0,200.0,0.0,100.0,10262.0,100.0,51700019384.0,100.0,87662364559.0
2019-03-31,ZJV005VE,ST12000NM0007,12000138625024,0,69.0,7486984.0,98.0,0.0,100.0,2.0,100.0,0.0,86.0,421569057.0,89.0,10437.0,100.0,0.0,100.0,1.0,,,,,100.0,0.0,100.0,0.0,,,72.0,28.0,,,100.0,166.0,100.0,684.0,28.0,28.0,100.0,0.0,100.0,0.0,200.0,0.0,100.0,10294.0,100.0,51804504656.0,100.0,87851635071.0
2019-04-01,ZJV005VE,ST12000NM0007,12000138625024,0,82.0,143458184.0,98.0,0.0,100.0,2.0,100.0,0.0,86.0,424741659.0,89.0,10452.0,100.0,0.0,100.0,1.0,,,,,100.0,0.0,100.0,0.0,,,71.0,29.0,,,100.0,166.0,100.0,685.0,29.0,29.0,100.0,0.0,100.0,0.0,200.0,0.0,100.0,10309.0,100.0,51858587488.0,100.0,87933523439.0
2019-04-02,ZJV005VE,ST12000NM0007,12000138625024,0,81.0,123405184.0,98.0,0.0,100.0,2.0,100.0,0.0,86.0,427524458.0,89.0,10484.0,100.0,0.0,100.0,1.0,,,,,100.0,0.0,100.0,0.0,,,73.0,27.0,,,100.0,167.0,100.0,686.0,27.0,27.0,100.0,0.0,100.0,0.0,200.0,0.0,100.0,10341.0,100.0,51899407448.0,100.0,88116791247.0
2019-04-03,ZJV005VE,ST12000NM0007,12000138625024,0,75.0,33164216.0,98.0,0.0,100.0,2.0,100.0,0.0,86.0,429590625.0,89.0,10500.0,100.0,0.0,100.0,1.0,,,,,100.0,0.0,100.0,0.0,,,71.0,29.0,,,100.0,168.0,100.0,687.0,29.0,29.0,100.0,0.0,100.0,0.0,200.0,0.0,100.0,10356.0,100.0,51949025912.0,100.0,88221072647.0
2019-04-04,ZJV005VE,ST12000NM0007,12000138625024,0,79.0,74510328.0,98.0,0.0,100.0,2.0,100.0,0.0,86.0,432949764.0,88.0,10532.0,100.0,0.0,100.0,1.0,,,,,100.0,0.0,100.0,0.0,,,72.0,28.0,,,100.0,168.0,100.0,688.0,28.0,28.0,100.0,0.0,100.0,0.0,200.0,0.0,100.0,10388.0,100.0,52031758312.0,100.0,88423827207.0
2019-04-05,ZJV005VE,ST12000NM0007,12000138625024,0,100.0,667304.0,98.0,0.0,100.0,2.0,100.0,0.0,86.0,435531673.0,88.0,10547.0,100.0,0.0,100.0,1.0,,,,,100.0,0.0,100.0,0.0,,,71.0,29.0,,,100.0,168.0,100.0,689.0,29.0,29.0,100.0,0.0,100.0,0.0,200.0,0.0,100.0,10403.0,100.0,52068170528.0,100.0,88557712599.0
2019-04-06,ZJV005VE,ST12000NM0007,12000138625024,0,76.0,43009400.0,98.0,0.0,100.0,2.0,100.0,0.0,86.0,439687818.0,88.0,10579.0,100.0,0.0,100.0,1.0,,,,,100.0,0.0,100.0,0.0,,,72.0,28.0,,,100.0,168.0,100.0,690.0,28.0,28.0,100.0,0.0,100.0,0.0,200.0,0.0,100.0,10435.0,100.0,52138951672.0,100.0,88773414199.0
2019-04-07,ZJV005VE,ST12000NM0007,12000138625024,0,83.0,198765128.0,98.0,0.0,100.0,2.0,100.0,0.0,86.0,441425991.0,88.0,10595.0,100.0,0.0,100.0,1.0,,,,,100.0,0.0,100.0,0.0,,,71.0,29.0,,,100.0,168.0,100.0,691.0,29.0,29.0,100.0,0.0,100.0,0.0,200.0,0.0,100.0,10450.0,100.0,52176591272.0,100.0,88891530327.0
2019-04-08,ZJV005VE,ST12000NM0007,12000138625024,0,84.0,231144360.0,98.0,0.0,100.0,2.0,100.0,0.0,86.0,446374778.0,88.0,10627.0,100.0,0.0,100.0,1.0,,,,,100.0,0.0,100.0,0.0,,,72.0,28.0,,,100.0,168.0,100.0,692.0,28.0,28.0,100.0,0.0,100.0,0.0,200.0,0.0,100.0,10482.0,100.0,52263324392.0,100.0,89081317079.0
2019-04-09,ZJV005VE,ST12000NM0007,12000138625024,0,81.0,130602912.0,98.0,0.0,100.0,2.0,100.0,0.0,87.0,447950456.0,88.0,10642.0,100.0,0.0,100.0,1.0,,,,,100.0,0.0,100.0,0.0,,,72.0,28.0,,,100.0,169.0,100.0,693.0,28.0,28.0,100.0,0.0,100.0,0.0,200.0,0.0,100.0,10498.0,100.0,52303435512.0,100.0,89184805151.0
2019-04-10,ZJV005VE,ST12000NM0007,12000138625024,0,82.0,175165384.0,98.0,0.0,100.0,2.0,100.0,0.0,87.0,451277851.0,88.0,10674.0,100.0,0.0,100.0,1.0,,,,,100.0,0.0,100.0,0.0,,,72.0,28.0,,,100.0,170.0,100.0,694.0,28.0,28.0,100.0,0.0,100.0,0.0,200.0,0.0,100.0,10529.0,100.0,52394156720.0,100.0,89382787303.0
2019-04-11,ZJV005VE,ST12000NM0007,12000138625024,0,83.0,220036128.0,98.0,0.0,100.0,2.0,100.0,0.0,87.0,454253926.0,88.0,10706.0,100.0,0.0,100.0,1.0,,,,,100.0,0.0,100.0,0.0,,,72.0,28.0,,,100.0,171.0,100.0,696.0,28.0,28.0,100.0,0.0,100.0,0.0,200.0,0.0,100.0,10561.0,100.0,52464643992.0,100.0,89601311615.0
2019-04-12,ZJV005VE,ST12000NM0007,12000138625024,0,81.0,135969664.0,98.0,0.0,100.0,2.0,100.0,0.0,87.0,457672175.0,88.0,10722.0,100.0,0.0,100.0,1.0,,,,,100.0,0.0,100.0,0.0,,,72.0,28.0,,,100.0,171.0,100.0,696.0,28.0,28.0,100.0,0.0,100.0,0.0,200.0,0.0,100.0,10576.0,100.0,52501614064.0,100.0,89724415975.0
2019-04-13,ZJV005VE,ST12000NM0007,12000138625024,0,81.0,140060144.0,98.0,0.0,100.0,2.0,100.0,0.0,87.0,460842668.0,88.0,10753.0,100.0,0.0,100.0,1.0,,,,,100.0,0.0,100.0,0.0,,,73.0,27.0,,,100.0,171.0,100.0,697.0,27.0,27.0,100.0,0.0,100.0,0.0,200.0,0.0,100.0,10608.0,100.0,52561757584.0,100.0,89912503623.0
2019-04-14,ZJV005VE,ST12000NM0007,12000138625024,0,69.0,8586920.0,98.0,0.0,100.0,2.0,100.0,0.0,87.0,462270358.0,88.0,10769.0,100.0,0.0,100.0,1.0,,,,,100.0,0.0,100.0,0.0,,,72.0,28.0,,,100.0,171.0,100.0,698.0,28.0,28.0,100.0,0.0,100.0,0.0,200.0,0.0,100.0,10624.0,100.0,52593496912.0,100.0,89993431855.0
2019-04-15,ZJV005VE,ST12000NM0007,12000138625024,0,84.0,240432336.0,98.0,0.0,100.0,2.0,100.0,0.0,87.0,467044948.0,88.0,10801.0,100.0,0.0,100.0,1.0,,,,,100.0,0.0,100.0,0.0,,,73.0,27.0,,,100.0,172.0,100.0,699.0,27.0,27.0,100.0,0.0,100.0,0.0,200.0,0.0,100.0,10655.0,100.0,52661549000.0,100.0,90157225183.0
2019-04-16,ZJV005VE,ST12000NM0007,12000138625024,0,81.0,124074976.0,98.0,0.0,100.0,2.0,100.0,0.0,87.0,468499922.0,88.0,10817.0,100.0,0.0,100.0,1.0,,,,,100.0,0.0,100.0,0.0,,,72.0,28.0,,,100.0,172.0,100.0,700.0,28.0,28.0,100.0,0.0,100.0,0.0,200.0,0.0,100.0,10671.0,100.0,52693244304.0,100.0,90253313623.0
2019-04-17,ZJV005VE,ST12000NM0007,12000138625024,0,82.0,151905912.0,98.0,0.0,100.0,2.0,100.0,0.0,87.0,471669961.0,88.0,10849.0,100.0,0.0,100.0,1.0,,,,,100.0,0.0,100.0,0.0,,,73.0,27.0,,,100.0,172.0,100.0,701.0,27.0,27.0,100.0,0.0,100.0,0.0,200.0,0.0,100.0,10703.0,100.0,52766312352.0,100.0,90452217231.0
2019-04-18,ZJV005VE,ST12000NM0007,12000138625024,0,77.0,52318472.0,98.0,0.0,100.0,2.0,100.0,0.0,87.0,473248400.0,88.0,10865.0,100.0,0.0,100.0,1.0,,,,,100.0,0.0,100.0,0.0,,,73.0,27.0,,,100.0,173.0,100.0,702.0,27.0,27.0,100.0,0.0,100.0,0.0,200.0,0.0,100.0,10718.0,100.0,52801278520.0,100.0,90561804351.0
2019-04-19,ZJV005VE,ST12000NM0007,12000138625024,0,83.0,178052744.0,98.0,0.0,100.0,2.0,100.0,0.0,87.0,480256714.0,88.0,10896.0,100.0,0.0,100.0,1.0,,,,,100.0,0.0,100.0,0.0,,,74.0,26.0,,,100.0,173.0,100.0,703.0,26.0,26.0,100.0,0.0,100.0,0.0,200.0,0.0,100.0,10750.0,100.0,52884147272.0,100.0,90848810599.0
2019-04-20,ZJV005VE,ST12000NM0007,12000138625024,0,80.0,92645040.0,98.0,0.0,100.0,2.0,100.0,0.0,87.0,482036453.0,88.0,10912.0,100.0,0.0,100.0,1.0,,,,,100.0,0.0,100.0,0.0,,,73.0,27.0,,,100.0,173.0,100.0,704.0,27.0,27.0,100.0,0.0,100.0,0.0,200.0,0.0,100.0,10766.0,100.0,52927068056.0,100.0,90964622751.0
2019-04-21,ZJV005VE,ST12000NM0007,12000138625024,0,82.0,143550208.0,98.0,0.0,100.0,2.0,100.0,0.0,87.0,486435015.0,88.0,10944.0,100.0,0.0,100.0,1.0,,,,,100.0,0.0,100.0,0.0,,,73.0,27.0,,,100.0,173.0,100.0,705.0,27.0,27.0,100.0,0.0,100.0,0.0,200.0,0.0,100.0,10797.0,100.0,52994501512.0,100.0,91192235111.0
2019-04-22,ZJV005VE,ST12000NM0007,12000138625024,0,73.0,18838512.0,98.0,0.0,100.0,2.0,100.0,0.0,87.0,488689215.0,88.0,10960.0,100.0,0.0,100.0,1.0,,,,,100.0,0.0,100.0,0.0,,,71.0,29.0,,,100.0,174.0,100.0,706.0,29.0,29.0,100.0,0.0,100.0,0.0,200.0,0.0,100.0,10813.0,100.0,53026189744.0,100.0,91279975887.0
2019-04-23,ZJV005VE,ST12000NM0007,12000138625024,0,75.0,31133624.0,98.0,0.0,100.0,2.0,100.0,0.0,87.0,492113432.0,88.0,10991.0,100.0,0.0,100.0,1.0,,,,,100.0,0.0,100.0,0.0,,,74.0,26.0,,,100.0,174.0,100.0,707.0,26.0,26.0,100.0,0.0,100.0,0.0,200.0,0.0,100.0,10844.0,100.0,53109124384.0,100.0,91453477063.0
2019-04-24,ZJV005VE,ST12000NM0007,12000138625024,0,83.0,181768136.0,98.0,0.0,100.0,2.0,100.0,0.0,87.0,493892689.0,88.0,11007.0,100.0,0.0,100.0,1.0,,,,,100.0,0.0,100.0,0.0,,,73.0,27.0,,,100.0,174.0,100.0,708.0,27.0,27.0,100.0,0.0,100.0,0.0,200.0,0.0,100.0,10860.0,100.0,53149310600.0,100.0,91563925359.0
2019-04-25,ZJV005VE,ST12000NM0007,12000138625024,0,83.0,213836432.0,98.0,0.0,100.0,2.0,100.0,0.0,87.0,497363823.0,88.0,11039.0,100.0,0.0,100.0,1.0,,,,,100.0,0.0,100.0,0.0,,,74.0,26.0,,,100.0,174.0,100.0,710.0,26.0,26.0,100.0,0.0,100.0,0.0,200.0,0.0,100.0,10892.0,100.0,53223818384.0,100.0,91765626743.0
2019-04-26,ZJV005VE,ST12000NM0007,12000138625024,0,82.0,143447600.0,98.0,0.0,100.0,2.0,100.0,0.0,87.0,500619565.0,88.0,11055.0,100.0,0.0,100.0,1.0,,,,,100.0,0.0,100.0,0.0,,,73.0,27.0,,,100.0,175.0,100.0,711.0,27.0,27.0,100.0,0.0,100.0,0.0,200.0,0.0,100.0,10907.0,100.0,53262773592.0,100.0,91900423471.0
2019-04-27,ZJV005VE,ST12000NM0007,12000138625024,0,83.0,222763072.0,98.0,0.0,100.0,2.0,100.0,0.0,87.0,504768555.0,88.0,11087.0,100.0,0.0,100.0,1.0,,,,,100.0,0.0,100.0,0.0,,,73.0,27.0,,,100.0,175.0,100.0,712.0,27.0,27.0,100.0,0.0,100.0,0.0,200.0,0.0,100.0,10939.0,100.0,53344169144.0,100.0,92142484095.0
2019-04-28,ZJV005VE,ST12000NM0007,12000138625024,0,81.0,129923776.0,98.0,0.0,100.0,2.0,100.0,0.0,87.0,506537424.0,88.0,11103.0,100.0,0.0,100.0,1.0,,,,,100.0,0.0,100.0,0.0,,,73.0,27.0,,,100.0,176.0,100.0,713.0,27.0,27.0,100.0,0.0,100.0,0.0,200.0,0.0,100.0,10955.0,100.0,53379913064.0,100.0,92258042007.0
2019-04-29,ZJV005VE,ST12000NM0007,12000138625024,0,82.0,150490712.0,98.0,0.0,100.0,2.0,100.0,0.0,87.0,511321937.0,88.0,11134.0,100.0,0.0,100.0,1.0,,,,,100.0,0.0,100.0,0.0,,,74.0,26.0,,,100.0,176.0,100.0,714.0,26.0,26.0,100.0,0.0,100.0,0.0,200.0,0.0,100.0,10987.0,100.0,53443271880.0,100.0,92459390759.0
2019-04-30,ZJV005VE,ST12000NM0007,12000138625024,0,77.0,50389272.0,98.0,0.0,100.0,2.0,100.0,0.0,87.0,512810337.0,88.0,11150.0,100.0,0.0,100.0,1.0,,,,,100.0,0.0,100.0,0.0,,,72.0,28.0,,,100.0,177.0,100.0,715.0,28.0,28.0,100.0,0.0,100.0,0.0,200.0,0.0,100.0,11003.0,100.0,53467144040.0,100.0,92579557807.0
2019-05-01,ZJV005VE,ST12000NM0007,12000138625024,0,82.0,175808416.0,98.0,0.0,100.0,2.0,100.0,0.0,87.0,516194890.0,88.0,11182.0,100.0,0.0,100.0,1.0,,,,,100.0,0.0,100.0,0.0,,,73.0,27.0,,,100.0,178.0,100.0,716.0,27.0,27.0,100.0,0.0,100.0,0.0,200.0,0.0,100.0,11034.0,100.0,53527921424.0,100.0,92888340223.0
2019-05-02,ZJV005VE,ST12000NM0007,12000138625024,0,78.0,65845416.0,98.0,0.0,100.0,2.0,100.0,0.0,87.0,520024866.0,88.0,11214.0,100.0,0.0,100.0,1.0,,,,,100.0,0.0,100.0,0.0,,,72.0,28.0,,,100.0,178.0,100.0,717.0,28.0,28.0,100.0,0.0,100.0,0.0,200.0,0.0,100.0,11066.0,100.0,53589867432.0,100.0,93204712863.0
2019-05-03,ZJV005VE,ST12000NM0007,12000138625024,0,78.0,67032944.0,98.0,0.0,100.0,2.0,100.0,0.0,87.0,524383770.0,88.0,11229.0,100.0,0.0,100.0,1.0,,,,,100.0,0.0,100.0,0.0,,,73.0,27.0,,,100.0,178.0,100.0,718.0,27.0,27.0,100.0,0.0,100.0,0.0,200.0,0.0,100.0,11082.0,100.0,53616974360.0,100.0,93422934279.0
2019-05-04,ZJV005VE,ST12000NM0007,12000138625024,0,80.0,109485832.0,98.0,0.0,100.0,2.0,100.0,0.0,87.0,527484707.0,88.0,11261.0,100.0,0.0,100.0,1.0,,,,,100.0,0.0,100.0,0.0,,,72.0,28.0,,,100.0,178.0,100.0,719.0,28.0,28.0,100.0,0.0,100.0,0.0,200.0,0.0,100.0,11113.0,100.0,53669429592.0,100.0,93657072767.0
2019-05-05,ZJV005VE,ST12000NM0007,12000138625024,0,74.0,26316840.0,98.0,0.0,100.0,2.0,100.0,0.0,87.0,529700622.0,88.0,11277.0,100.0,0.0,100.0,1.0,,,,,100.0,0.0,100.0,0.0,,,73.0,27.0,,,100.0,178.0,100.0,720.0,27.0,27.0,100.0,0.0,100.0,0.0,200.0,0.0,100.0,11129.0,100.0,53713812048.0,100.0,93773662023.0
2019-05-06,ZJV005VE,ST12000NM0007,12000138625024,0,72.0,17715528.0,98.0,0.0,100.0,2.0,100.0,0.0,87.0,533362327.0,88.0,11309.0,100.0,0.0,100.0,1.0,,,,,100.0,0.0,100.0,0.0,,,73.0,27.0,,,100.0,178.0,100.0,721.0,27.0,27.0,100.0,0.0,100.0,0.0,200.0,0.0,100.0,11161.0,100.0,53762027016.0,100.0,93960986543.0
2019-05-07,ZJV005VE,ST12000NM0007,12000138625024,0,82.0,159480376.0,98.0,0.0,100.0,2.0,100.0,0.0,87.0,534704213.0,88.0,11325.0,100.0,0.0,100.0,1.0,,,,,100.0,0.0,100.0,0.0,,,73.0,27.0,,,100.0,179.0,100.0,722.0,27.0,27.0,100.0,0.0,100.0,0.0,200.0,0.0,100.0,11176.0,100.0,53794383944.0,100.0,94070394463.0
2019-05-08,ZJV005VE,ST12000NM0007,12000138625024,0,77.0,52510664.0,98.0,0.0,100.0,2.0,100.0,0.0,87.0,538168285.0,88.0,11356.0,100.0,0.0,100.0,1.0,,,,,100.0,0.0,100.0,0.0,,,73.0,27.0,,,100.0,180.0,100.0,723.0,27.0,27.0,100.0,0.0,100.0,0.0,200.0,0.0,100.0,11208.0,100.0,53851824336.0,100.0,94394265927.0
2019-05-09,ZJV005VE,ST12000NM0007,12000138625024,0,83.0,186380560.0,98.0,0.0,100.0,2.0,100.0,0.0,87.0,539859784.0,88.0,11372.0,100.0,0.0,100.0,1.0,,,,,100.0,0.0,100.0,0.0,,,73.0,27.0,,,100.0,180.0,100.0,724.0,27.0,27.0,100.0,0.0,100.0,0.0,200.0,0.0,100.0,11223.0,100.0,53886253048.0,100.0,94493707111.0
2019-05-10,ZJV005VE,ST12000NM0007,12000138625024,0,83.0,205432792.0,98.0,0.0,100.0,2.0,100.0,0.0,87.0,544968021.0,87.0,11404.0,100.0,0.0,100.0,1.0,,,,,100.0,0.0,100.0,0.0,,,74.0,26.0,,,100.0,180.0,100.0,725.0,26.0,26.0,100.0,0.0,100.0,0.0,200.0,0.0,100.0,11255.0,100.0,53974082376.0,100.0,94669070727.0
2019-05-11,ZJV005VE,ST12000NM0007,12000138625024,0,81.0,116895888.0,98.0,0.0,100.0,2.0,100.0,0.0,87.0,546600944.0,87.0,11420.0,100.0,0.0,100.0,1.0,,,,,100.0,0.0,100.0,0.0,,,74.0,26.0,,,100.0,181.0,100.0,726.0,26.0,26.0,100.0,0.0,100.0,0.0,200.0,0.0,100.0,11271.0,100.0,54014870872.0,100.0,94783886007.0
2019-05-12,ZJV005VE,ST12000NM0007,12000138625024,0,82.0,149682008.0,98.0,0.0,100.0,2.0,100.0,0.0,87.0,551406843.0,87.0,11451.0,100.0,0.0,100.0,1.0,,,,,100.0,0.0,100.0,0.0,,,74.0,26.0,,,100.0,181.0,100.0,727.0,26.0,26.0,100.0,0.0,100.0,0.0,200.0,0.0,100.0,11302.0,100.0,54089197472.0,100.0,94986486407.0
2019-05-13,ZJV005VE,ST12000NM0007,12000138625024,0,78.0,65417848.0,98.0,0.0,100.0,2.0,100.0,0.0,87.0,552812408.0,87.0,11467.0,100.0,0.0,100.0,1.0,,,,,100.0,0.0,100.0,0.0,,,74.0,26.0,,,100.0,182.0,100.0,728.0,26.0,26.0,100.0,0.0,100.0,0.0,200.0,0.0,100.0,11318.0,100.0,54131709464.0,100.0,95103850951.0
2019-05-14,ZJV005VE,ST12000NM0007,12000138625024,0,82.0,156393976.0,98.0,0.0,100.0,2.0,100.0,0.0,87.0,556023692.0,87.0,11499.0,100.0,0.0,100.0,1.0,,,,,100.0,0.0,100.0,0.0,,,74.0,26.0,,,100.0,183.0,100.0,729.0,26.0,26.0,100.0,0.0,100.0,0.0,200.0,0.0,100.0,11349.0,100.0,54229546944.0,100.0,95341130295.0
2019-05-15,ZJV005VE,ST12000NM0007,12000138625024,0,78.0,61489936.0,98.0,0.0,100.0,2.0,100.0,0.0,87.0,557493469.0,87.0,11515.0,100.0,0.0,100.0,1.0,,,,,100.0,0.0,100.0,0.0,,,74.0,26.0,,,100.0,184.0,100.0,730.0,26.0,26.0,100.0,0.0,100.0,0.0,200.0,0.0,100.0,11365.0,100.0,54269409832.0,100.0,95450504175.0
2019-05-16,ZJV005VE,ST12000NM0007,12000138625024,0,82.0,141651640.0,98.0,0.0,100.0,2.0,100.0,0.0,88.0,562764707.0,87.0,11547.0,100.0,0.0,100.0,1.0,,,,,100.0,0.0,100.0,0.0,,,73.0,27.0,,,100.0,184.0,100.0,731.0,27.0,27.0,100.0,0.0,100.0,0.0,200.0,0.0,100.0,11397.0,100.0,54336931448.0,100.0,95707284927.0
2019-05-17,ZJV005VE,ST12000NM0007,12000138625024,0,79.0,73640480.0,98.0,0.0,100.0,2.0,100.0,0.0,88.0,566387593.0,87.0,11562.0,100.0,0.0,100.0,1.0,,,,,100.0,0.0,100.0,0.0,,,73.0,27.0,,,100.0,185.0,100.0,732.0,27.0,27.0,100.0,0.0,100.0,0.0,200.0,0.0,100.0,11412.0,100.0,54376062416.0,100.0,95844283615.0
2019-05-18,ZJV005VE,ST12000NM0007,12000138625024,0,81.0,117094024.0,98.0,0.0,100.0,2.0,100.0,0.0,88.0,569427361.0,87.0,11594.0,100.0,0.0,100.0,1.0,,,,,100.0,0.0,100.0,0.0,,,74.0,26.0,,,100.0,185.0,100.0,733.0,26.0,26.0,100.0,0.0,100.0,0.0,200.0,0.0,100.0,11444.0,100.0,54440684200.0,100.0,96067256103.0
2019-05-19,ZJV005VE,ST12000NM0007,12000138625024,0,75.0,29059112.0,98.0,0.0,100.0,2.0,100.0,0.0,88.0,571191416.0,87.0,11610.0,100.0,0.0,100.0,1.0,,,,,100.0,0.0,100.0,0.0,,,72.0,28.0,,,100.0,186.0,100.0,734.0,28.0,28.0,100.0,0.0,100.0,0.0,200.0,0.0,100.0,11460.0,100.0,54482771888.0,100.0,96181274263.0
2019-05-20,ZJV005VE,ST12000NM0007,12000138625024,0,78.0,65633320.0,98.0,0.0,100.0,2.0,100.0,0.0,88.0,576878694.0,87.0,11642.0,100.0,0.0,100.0,1.0,,,,,100.0,0.0,100.0,0.0,,,72.0,28.0,,,100.0,187.0,100.0,735.0,28.0,28.0,100.0,0.0,100.0,0.0,200.0,0.0,100.0,11492.0,100.0,54571343112.0,100.0,96373417887.0
2019-05-21,ZJV005VE,ST12000NM0007,12000138625024,0,83.0,215842336.0,98.0,0.0,100.0,2.0,100.0,0.0,88.0,578699845.0,87.0,11658.0,100.0,0.0,100.0,1.0,,,,,100.0,0.0,100.0,0.0,,,73.0,27.0,,,100.0,187.0,100.0,736.0,27.0,27.0,100.0,0.0,100.0,0.0,200.0,0.0,100.0,11508.0,100.0,54614599536.0,100.0,96480370479.0
2019-05-22,ZJV005VE,ST12000NM0007,12000138625024,0,76.0,36050280.0,98.0,0.0,100.0,2.0,100.0,0.0,88.0,582263278.0,87.0,11689.0,100.0,0.0,100.0,1.0,,,,,100.0,0.0,100.0,0.0,,,73.0,27.0,,,100.0,187.0,100.0,737.0,27.0,27.0,100.0,0.0,100.0,0.0,200.0,0.0,100.0,11539.0,100.0,54700761552.0,100.0,96702698271.0
2019-05-23,ZJV005VE,ST12000NM0007,12000138625024,0,83.0,187749480.0,98.0,0.0,100.0,2.0,100.0,0.0,88.0,584211566.0,87.0,11705.0,100.0,0.0,100.0,1.0,,,,,100.0,0.0,100.0,0.0,,,73.0,27.0,,,100.0,187.0,100.0,738.0,27.0,27.0,100.0,0.0,100.0,0.0,200.0,0.0,100.0,11555.0,100.0,54746280456.0,100.0,96808878567.0
2019-05-24,ZJV005VE,ST12000NM0007,12000138625024,0,72.0,15471344.0,98.0,0.0,100.0,2.0,100.0,0.0,88.0,589917498.0,87.0,11737.0,100.0,0.0,100.0,1.0,,,,,100.0,0.0,100.0,0.0,,,74.0,26.0,,,100.0,188.0,100.0,739.0,26.0,26.0,100.0,0.0,100.0,0.0,200.0,0.0,100.0,11587.0,100.0,54825665024.0,100.0,97045497415.0
2019-05-25,ZJV005VE,ST12000NM0007,12000138625024,0,81.0,134325128.0,98.0,0.0,100.0,2.0,100.0,0.0,88.0,591622983.0,87.0,11753.0,100.0,0.0,100.0,1.0,,,,,100.0,0.0,100.0,0.0,,,74.0,26.0,,,100.0,189.0,100.0,740.0,26.0,26.0,100.0,0.0,100.0,0.0,200.0,0.0,100.0,11602.0,100.0,54869212416.0,100.0,97120803807.0
2019-05-26,ZJV005VE,ST12000NM0007,12000138625024,0,82.0,158715592.0,98.0,0.0,100.0,2.0,100.0,0.0,88.0,596195857.0,87.0,11785.0,100.0,0.0,100.0,1.0,,,,,100.0,0.0,100.0,0.0,,,74.0,26.0,,,100.0,189.0,100.0,741.0,26.0,26.0,100.0,0.0,100.0,0.0,200.0,0.0,100.0,11634.0,100.0,54948341128.0,100.0,97310206399.0
2019-05-27,ZJV005VE,ST12000NM0007,12000138625024,0,76.0,43409912.0,98.0,0.0,100.0,2.0,100.0,0.0,88.0,598305166.0,87.0,11801.0,100.0,0.0,100.0,1.0,,,,,100.0,0.0,100.0,0.0,,,73.0,27.0,,,100.0,190.0,100.0,742.0,27.0,27.0,100.0,0.0,100.0,0.0,200.0,0.0,100.0,11650.0,100.0,54982076216.0,100.0,97405307143.0
2019-05-28,ZJV005VE,ST12000NM0007,12000138625024,0,81.0,118409448.0,98.0,0.0,100.0,2.0,100.0,0.0,88.0,601661672.0,87.0,11832.0,100.0,0.0,100.0,1.0,,,,,100.0,0.0,100.0,0.0,,,74.0,26.0,,,100.0,190.0,100.0,743.0,26.0,26.0,100.0,0.0,100.0,0.0,200.0,0.0,100.0,11681.0,100.0,55078496088.0,100.0,97628027543.0
2019-05-29,ZJV005VE,ST12000NM0007,12000138625024,0,82.0,168593144.0,98.0,0.0,100.0,2.0,100.0,0.0,88.0,604815931.0,87.0,11864.0,100.0,0.0,100.0,1.0,,,,,100.0,0.0,100.0,0.0,,,74.0,26.0,,,100.0,191.0,100.0,745.0,26.0,26.0,100.0,0.0,100.0,0.0,200.0,0.0,100.0,11713.0,100.0,55167587888.0,100.0,97833260119.0
2019-05-30,ZJV005VE,ST12000NM0007,12000138625024,0,78.0,58444032.0,98.0,0.0,100.0,2.0,100.0,0.0,88.0,606295612.0,87.0,11880.0,100.0,0.0,100.0,1.0,,,,,100.0,0.0,100.0,0.0,,,75.0,25.0,,,100.0,191.0,100.0,745.0,25.0,25.0,100.0,0.0,100.0,0.0,200.0,0.0,100.0,11729.0,100.0,55201957848.0,100.0,97932881711.0
2019-05-31,ZJV005VE,ST12000NM0007,12000138625024,0,66.0,3907800.0,98.0,0.0,100.0,2.0,100.0,0.0,88.0,609796039.0,87.0,11896.0,100.0,0.0,100.0,1.0,,,,,100.0,0.0,100.0,0.0,,,73.0,27.0,,,100.0,192.0,100.0,747.0,27.0,27.0,100.0,0.0,100.0,0.0,200.0,0.0,100.0,11744.0,100.0,55240972448.0,100.0,98083471647.0
2019-06-01,ZJV005VE,ST12000NM0007,12000138625024,0,75.0,32171024.0,98.0,0.0,100.0,2.0,100.0,0.0,88.0,613142684.0,87.0,11928.0,100.0,0.0,100.0,1.0,,,,,100.0,0.0,100.0,0.0,,,74.0,26.0,,,100.0,193.0,100.0,748.0,26.0,26.0,100.0,0.0,100.0,0.0,200.0,0.0,100.0,11776.0,100.0,55311554240.0,100.0,98285293935.0
2019-06-02,ZJV005VE,ST12000NM0007,12000138625024,0,83.0,205029464.0,98.0,0.0,100.0,2.0,100.0,0.0,88.0,615188837.0,87.0,11944.0,100.0,0.0,100.0,1.0,,,,,100.0,0.0,100.0,0.0,,,74.0,26.0,,,100.0,194.0,100.0,749.0,26.0,26.0,100.0,0.0,100.0,0.0,200.0,0.0,100.0,11792.0,100.0,55356745800.0,100.0,98412960815.0
2019-06-03,ZJV005VE,ST12000NM0007,12000138625024,0,83.0,187205432.0,98.0,0.0,100.0,2.0,100.0,0.0,88.0,620760449.0,87.0,11975.0,100.0,0.0,100.0,1.0,,,,,100.0,0.0,100.0,0.0,,,75.0,25.0,,,100.0,195.0,100.0,750.0,25.0,25.0,100.0,0.0,100.0,0.0,200.0,0.0,100.0,11823.0,100.0,55432470600.0,100.0,98563552711.0
2019-06-04,ZJV005VE,ST12000NM0007,12000138625024,0,78.0,66749952.0,98.0,0.0,100.0,2.0,100.0,0.0,88.0,622413994.0,87.0,11991.0,100.0,0.0,100.0,1.0,,,,,100.0,0.0,100.0,0.0,,,74.0,26.0,,,100.0,196.0,100.0,751.0,26.0,26.0,100.0,0.0,100.0,0.0,200.0,0.0,100.0,11839.0,100.0,55458713040.0,100.0,98660995423.0
2019-06-05,ZJV005VE,ST12000NM0007,12000138625024,0,81.0,127244680.0,98.0,0.0,100.0,2.0,100.0,0.0,88.0,625964415.0,87.0,12023.0,100.0,0.0,100.0,1.0,,,,,100.0,0.0,100.0,0.0,,,74.0,26.0,,,100.0,196.0,100.0,752.0,26.0,26.0,100.0,0.0,100.0,0.0,200.0,0.0,100.0,11871.0,100.0,55530065288.0,100.0,98894278767.0
2019-06-06,ZJV005VE,ST12000NM0007,12000138625024,0,83.0,182767480.0,98.0,0.0,100.0,2.0,100.0,0.0,88.0,629190948.0,87.0,12055.0,100.0,0.0,100.0,1.0,,,,,100.0,0.0,100.0,0.0,,,74.0,26.0,,,100.0,197.0,100.0,754.0,26.0,26.0,100.0,0.0,100.0,0.0,200.0,0.0,100.0,11902.0,100.0,55616859200.0,100.0,99107148351.0
2019-06-07,ZJV005VE,ST12000NM0007,12000138625024,0,82.0,170133000.0,98.0,0.0,100.0,2.0,100.0,0.0,88.0,634643264.0,87.0,12070.0,100.0,0.0,100.0,1.0,,,,,100.0,0.0,100.0,0.0,,,74.0,26.0,,,100.0,197.0,100.0,754.0,26.0,26.0,100.0,0.0,100.0,0.0,200.0,0.0,100.0,11918.0,100.0,55661552024.0,100.0,99293961959.0
2019-06-08,ZJV005VE,ST12000NM0007,12000138625024,0,84.0,239890832.0,98.0,0.0,100.0,2.0,100.0,0.0,88.0,638357175.0,87.0,12102.0,100.0,0.0,100.0,1.0,,,,,100.0,0.0,100.0,0.0,,,74.0,26.0,,,100.0,198.0,100.0,756.0,26.0,26.0,100.0,0.0,100.0,0.0,200.0,0.0,100.0,11949.0,100.0,55757012672.0,100.0,99512399783.0
2019-06-09,ZJV005VE,ST12000NM0007,12000138625024,0,82.0,155816952.0,98.0,0.0,100.0,2.0,100.0,0.0,88.0,640824181.0,87.0,12118.0,100.0,0.0,100.0,1.0,,,,,100.0,0.0,100.0,0.0,,,74.0,26.0,,,100.0,198.0,100.0,756.0,26.0,26.0,100.0,0.0,100.0,0.0,200.0,0.0,100.0,11965.0,100.0,55807138696.0,100.0,99622340607.0
2019-06-10,ZJV005VE,ST12000NM0007,12000138625024,0,83.0,203647168.0,98.0,0.0,100.0,2.0,100.0,0.0,88.0,645510322.0,87.0,12150.0,100.0,0.0,100.0,1.0,,,,,100.0,0.0,100.0,0.0,,,74.0,26.0,,,100.0,200.0,100.0,758.0,26.0,26.0,100.0,0.0,100.0,0.0,200.0,0.0,100.0,11997.0,100.0,55909858528.0,100.0,99811594071.0
2019-06-11,ZJV005VE,ST12000NM0007,12000138625024,0,81.0,131574240.0,98.0,0.0,100.0,2.0,100.0,0.0,88.0,647431602.0,87.0,12166.0,100.0,0.0,100.0,1.0,,,,,100.0,0.0,100.0,0.0,,,74.0,26.0,,,100.0,200.0,100.0,758.0,26.0,26.0,100.0,0.0,100.0,0.0,200.0,0.0,100.0,12013.0,100.0,55962476728.0,100.0,99931043607.0
2019-06-12,ZJV005VE,ST12000NM0007,12000138625024,0,83.0,196500592.0,98.0,0.0,100.0,2.0,100.0,0.0,88.0,651261433.0,87.0,12197.0,100.0,0.0,100.0,1.0,,,,,100.0,0.0,100.0,0.0,,,75.0,25.0,,,100.0,201.0,100.0,760.0,25.0,25.0,100.0,0.0,100.0,0.0,200.0,0.0,100.0,12044.0,100.0,56060758792.0,100.0,100141828879.0
2019-06-13,ZJV005VE,ST12000NM0007,12000138625024,0,80.0,103752520.0,98.0,0.0,100.0,2.0,100.0,0.0,88.0,653043955.0,87.0,12213.0,100.0,0.0,100.0,1.0,,,,,100.0,0.0,100.0,0.0,,,74.0,26.0,,,100.0,201.0,100.0,760.0,26.0,26.0,100.0,0.0,100.0,0.0,200.0,0.0,100.0,12060.0,100.0,56099990680.0,100.0,100253989567.0
2019-06-14,ZJV005VE,ST12000NM0007,12000138625024,0,82.0,169281384.0,98.0,0.0,100.0,2.0,100.0,0.0,88.0,658156707.0,87.0,12245.0,100.0,0.0,100.0,1.0,,,,,100.0,0.0,100.0,0.0,,,74.0,26.0,,,100.0,202.0,100.0,762.0,26.0,26.0,100.0,0.0,100.0,0.0,200.0,0.0,100.0,12092.0,100.0,56173767536.0,100.0,100489882207.0
2019-06-15,ZJV005VE,ST12000NM0007,12000138625024,0,79.0,79439448.0,98.0,0.0,100.0,2.0,100.0,0.0,88.0,659854189.0,87.0,12261.0,100.0,0.0,100.0,1.0,,,,,100.0,0.0,100.0,0.0,,,74.0,26.0,,,100.0,202.0,100.0,762.0,26.0,26.0,100.0,0.0,100.0,0.0,200.0,0.0,100.0,12108.0,100.0,56214114128.0,100.0,100603834407.0
2019-06-16,ZJV005VE,ST12000NM0007,12000138625024,0,81.0,123370824.0,98.0,0.0,100.0,2.0,100.0,0.0,88.0,665076561.0,86.0,12293.0,100.0,0.0,100.0,1.0,,,,,100.0,0.0,100.0,0.0,,,74.0,26.0,,,100.0,203.0,100.0,764.0,26.0,26.0,100.0,0.0,100.0,0.0,200.0,0.0,100.0,12139.0,100.0,56290442608.0,100.0,100815577935.0
2019-06-17,ZJV005VE,ST12000NM0007,12000138625024,0,69.0,7327736.0,98.0,0.0,100.0,2.0,100.0,0.0,88.0,666987855.0,86.0,12309.0,100.0,0.0,100.0,1.0,,,,,100.0,0.0,100.0,0.0,,,74.0,26.0,,,100.0,203.0,100.0,764.0,26.0,26.0,100.0,0.0,100.0,0.0,200.0,0.0,100.0,12155.0,100.0,56334801744.0,100.0,100899316591.0
2019-06-18,ZJV005VE,ST12000NM0007,12000138625024,0,81.0,126226616.0,98.0,0.0,100.0,2.0,100.0,0.0,88.0,671088111.0,86.0,12340.0,100.0,0.0,100.0,1.0,,,,,100.0,0.0,100.0,0.0,,,74.0,26.0,,,100.0,204.0,100.0,766.0,26.0,26.0,100.0,0.0,100.0,0.0,200.0,0.0,100.0,12186.0,100.0,56420015000.0,100.0,101177143039.0
2019-06-19,ZJV005VE,ST12000NM0007,12000138625024,0,74.0,23006296.0,98.0,0.0,100.0,2.0,100.0,0.0,88.0,672602921.0,86.0,12356.0,100.0,0.0,100.0,1.0,,,,,100.0,0.0,100.0,0.0,,,75.0,25.0,,,100.0,204.0,100.0,766.0,25.0,25.0,100.0,0.0,100.0,0.0,200.0,0.0,100.0,12202.0,100.0,56446153472.0,100.0,101291925063.0
2019-06-20,ZJV005VE,ST12000NM0007,12000138625024,0,77.0,52962264.0,98.0,0.0,100.0,2.0,100.0,0.0,88.0,675859389.0,86.0,12388.0,100.0,0.0,100.0,1.0,,,,,100.0,0.0,100.0,0.0,,,74.0,26.0,,,100.0,204.0,100.0,768.0,26.0,26.0,100.0,0.0,100.0,0.0,200.0,0.0,100.0,12234.0,100.0,56514806280.0,100.0,101497368855.0
2019-06-21,ZJV005VE,ST12000NM0007,12000138625024,0,83.0,216359000.0,98.0,0.0,100.0,2.0,100.0,0.0,88.0,679582341.0,86.0,12404.0,100.0,0.0,100.0,1.0,,,,,100.0,0.0,100.0,0.0,,,75.0,25.0,,,100.0,205.0,100.0,769.0,25.0,25.0,100.0,0.0,100.0,0.0,200.0,0.0,100.0,12249.0,100.0,56558456208.0,100.0,101617115663.0
2019-06-22,ZJV005VE,ST12000NM0007,12000138625024,0,75.0,28749248.0,98.0,0.0,100.0,2.0,100.0,0.0,88.0,683162314.0,86.0,12435.0,100.0,0.0,100.0,1.0,,,,,100.0,0.0,100.0,0.0,,,75.0,25.0,,,100.0,205.0,100.0,770.0,25.0,25.0,100.0,0.0,100.0,0.0,200.0,0.0,100.0,12281.0,100.0,56642055384.0,100.0,101834188431.0
2019-06-23,ZJV005VE,ST12000NM0007,12000138625024,0,83.0,181647144.0,98.0,0.0,100.0,2.0,100.0,0.0,88.0,685486840.0,86.0,12451.0,100.0,0.0,100.0,1.0,,,,,100.0,0.0,100.0,0.0,,,74.0,26.0,,,100.0,206.0,100.0,771.0,26.0,26.0,100.0,0.0,100.0,0.0,200.0,0.0,100.0,12297.0,100.0,56701880112.0,100.0,101927261599.0
2019-06-24,ZJV005VE,ST12000NM0007,12000138625024,0,67.0,5329896.0,98.0,0.0,100.0,2.0,100.0,0.0,88.0,690904871.0,86.0,12483.0,100.0,0.0,100.0,1.0,,,,,100.0,0.0,100.0,0.0,,,74.0,26.0,,,100.0,206.0,100.0,772.0,26.0,26.0,100.0,0.0,100.0,0.0,200.0,0.0,100.0,12328.0,100.0,56784931128.0,100.0,102156174911.0
2019-06-25,ZJV005VE,ST12000NM0007,12000138625024,0,83.0,181784616.0,98.0,0.0,100.0,2.0,100.0,0.0,88.0,692868472.0,86.0,12499.0,100.0,0.0,100.0,1.0,,,,,100.0,0.0,100.0,0.0,,,74.0,26.0,,,100.0,206.0,100.0,773.0,26.0,26.0,100.0,0.0,100.0,0.0,200.0,0.0,100.0,12344.0,100.0,56824099336.0,100.0,102293461423.0
2019-06-26,ZJV005VE,ST12000NM0007,12000138625024,0,83.0,203911256.0,98.0,0.0,100.0,2.0,100.0,0.0,88.0,696669999.0,86.0,12530.0,100.0,0.0,100.0,1.0,,,,,100.0,0.0,100.0,0.0,,,75.0,25.0,,,100.0,206.0,100.0,774.0,25.0,25.0,100.0,0.0,100.0,0.0,200.0,0.0,100.0,12375.0,100.0,56895636136.0,100.0,102488192007.0
2019-06-27,ZJV005VE,ST12000NM0007,12000138625024,0,81.0,118171328.0,98.0,0.0,100.0,2.0,100.0,0.0,88.0,698499346.0,86.0,12546.0,100.0,0.0,100.0,1.0,,,,,100.0,0.0,100.0,0.0,,,75.0,25.0,,,100.0,206.0,100.0,775.0,25.0,25.0,100.0,0.0,100.0,0.0,200.0,0.0,100.0,12391.0,100.0,56925216008.0,100.0,102617013023.0
2019-06-28,ZJV005VE,ST12000NM0007,12000138625024,0,81.0,134689248.0,98.0,0.0,100.0,2.0,100.0,0.0,88.0,706633444.0,86.0,12578.0,100.0,0.0,100.0,1.0,,,,,100.0,0.0,100.0,0.0,,,75.0,25.0,,,100.0,206.0,100.0,776.0,25.0,25.0,100.0,0.0,100.0,0.0,200.0,0.0,100.0,12422.0,100.0,56997352984.0,100.0,103049675447.0
2019-06-29,ZJV005VE,ST12000NM0007,12000138625024,0,81.0,119462608.0,98.0,0.0,100.0,2.0,100.0,0.0,89.0,708590865.0,86.0,12593.0,100.0,0.0,100.0,1.0,,,,,100.0,0.0,100.0,0.0,,,75.0,25.0,,,100.0,206.0,100.0,777.0,25.0,25.0,100.0,0.0,100.0,0.0,200.0,0.0,100.0,12438.0,100.0,57036864472.0,100.0,103239077999.0
2019-06-30,ZJV005VE,ST12000NM0007,12000138625024,0,76.0,40457824.0,98.0,0.0,100.0,2.0,100.0,0.0,89.0,713175589.0,86.0,12625.0,100.0,0.0,100.0,1.0,,,,,100.0,0.0,100.0,0.0,,,74.0,26.0,,,100.0,206.0,100.0,778.0,26.0,26.0,100.0,0.0,100.0,0.0,200.0,0.0,100.0,12469.0,100.0,57122131152.0,100.0,103563087999.0
2019-07-01,ZJV005VE,ST12000NM0007,12000138625024,0,84.0,229583880.0,98.0,0.0,100.0,2.0,100.0,0.0,89.0,716221225.0,86.0,12641.0,100.0,0.0,100.0,1.0,,,,,100.0,0.0,100.0,0.0,,,75.0,25.0,,,100.0,207.0,100.0,779.0,25.0,25.0,100.0,0.0,100.0,0.0,200.0,0.0,100.0,12485.0,100.0,57172696712.0,100.0,103701648495.0
2019-07-02,ZJV005VE,ST12000NM0007,12000138625024,0,82.0,165658440.0,98.0,0.0,100.0,2.0,100.0,0.0,89.0,720035594.0,86.0,12672.0,100.0,0.0,100.0,1.0,,,,,100.0,0.0,100.0,0.0,,,75.0,25.0,,,100.0,208.0,100.0,780.0,25.0,25.0,100.0,0.0,100.0,0.0,200.0,0.0,100.0,12517.0,100.0,57248199040.0,100.0,104050502431.0
2019-07-03,ZJV005VE,ST12000NM0007,12000138625024,0,81.0,139497704.0,98.0,0.0,100.0,2.0,100.0,0.0,89.0,721948055.0,86.0,12688.0,100.0,0.0,100.0,1.0,,,,,100.0,0.0,100.0,0.0,,,75.0,25.0,,,100.0,208.0,100.0,781.0,25.0,25.0,100.0,0.0,100.0,0.0,200.0,0.0,100.0,12532.0,100.0,57287022376.0,100.0,104229659047.0
2019-07-04,ZJV005VE,ST12000NM0007,12000138625024,0,79.0,84973776.0,98.0,0.0,100.0,2.0,100.0,0.0,89.0,725713813.0,86.0,12720.0,100.0,0.0,100.0,1.0,,,,,100.0,0.0,100.0,0.0,,,75.0,25.0,,,100.0,208.0,100.0,782.0,25.0,25.0,100.0,0.0,100.0,0.0,200.0,0.0,100.0,12564.0,100.0,57372839216.0,100.0,104577599543.0
2019-07-05,ZJV005VE,ST12000NM0007,12000138625024,0,79.0,74319600.0,98.0,0.0,100.0,2.0,100.0,0.0,89.0,728600913.0,86.0,12736.0,100.0,0.0,100.0,1.0,,,,,100.0,0.0,100.0,0.0,,,74.0,26.0,,,100.0,208.0,100.0,783.0,26.0,26.0,100.0,0.0,100.0,0.0,200.0,0.0,100.0,12579.0,100.0,57412910744.0,100.0,104771014575.0
2019-07-06,ZJV005VE,ST12000NM0007,12000138625024,0,74.0,23822608.0,98.0,0.0,100.0,2.0,100.0,0.0,89.0,733614388.0,86.0,12767.0,100.0,0.0,100.0,1.0,,,,,100.0,0.0,100.0,0.0,,,74.0,26.0,,,100.0,208.0,100.0,784.0,26.0,26.0,100.0,0.0,100.0,0.0,200.0,0.0,100.0,12611.0,100.0,57498713800.0,100.0,105122996143.0
2019-07-07,ZJV005VE,ST12000NM0007,12000138625024,0,76.0,37394096.0,98.0,0.0,100.0,2.0,100.0,0.0,89.0,735568387.0,86.0,12783.0,100.0,0.0,100.0,1.0,,,,,100.0,0.0,100.0,0.0,,,74.0,26.0,,,100.0,208.0,100.0,785.0,26.0,26.0,100.0,0.0,100.0,0.0,200.0,0.0,100.0,12627.0,100.0,57541799576.0,100.0,105337622759.0
2019-07-08,ZJV005VE,ST12000NM0007,12000138625024,0,69.0,7539216.0,98.0,0.0,100.0,2.0,100.0,0.0,89.0,740346971.0,86.0,12815.0,100.0,0.0,100.0,1.0,,,,,100.0,0.0,100.0,0.0,,,75.0,25.0,,,100.0,208.0,100.0,786.0,25.0,25.0,100.0,0.0,100.0,0.0,200.0,0.0,100.0,12658.0,100.0,57619857856.0,100.0,105473850391.0
2019-07-09,ZJV005VE,ST12000NM0007,12000138625024,0,75.0,31758696.0,98.0,0.0,100.0,2.0,100.0,0.0,89.0,742599399.0,86.0,12831.0,100.0,0.0,100.0,1.0,,,,,100.0,0.0,100.0,0.0,,,75.0,25.0,,,100.0,208.0,100.0,787.0,25.0,25.0,100.0,0.0,100.0,0.0,200.0,0.0,100.0,12674.0,100.0,57681112632.0,100.0,105680955831.0
2019-07-10,ZJV005VE,ST12000NM0007,12000138625024,0,79.0,72837056.0,98.0,0.0,100.0,2.0,100.0,0.0,89.0,746822163.0,86.0,12863.0,100.0,0.0,100.0,1.0,,,,,100.0,0.0,100.0,0.0,,,75.0,25.0,,,100.0,208.0,100.0,788.0,25.0,25.0,100.0,0.0,100.0,0.0,200.0,0.0,100.0,12706.0,100.0,57771513712.0,100.0,106119914455.0
2019-07-11,ZJV005VE,ST12000NM0007,12000138625024,0,76.0,38323920.0,98.0,0.0,100.0,2.0,100.0,0.0,89.0,749032576.0,86.0,12878.0,100.0,0.0,100.0,1.0,,,,,100.0,0.0,100.0,0.0,,,74.0,26.0,,,100.0,208.0,100.0,789.0,26.0,26.0,100.0,0.0,100.0,0.0,200.0,0.0,100.0,12721.0,100.0,57819216912.0,100.0,106281838767.0
2019-07-12,ZJV005VE,ST12000NM0007,12000138625024,0,77.0,48020016.0,98.0,0.0,100.0,2.0,100.0,0.0,89.0,755328200.0,86.0,12910.0,100.0,0.0,100.0,1.0,,,,,100.0,0.0,100.0,0.0,,,74.0,26.0,,,100.0,209.0,100.0,790.0,26.0,26.0,100.0,0.0,100.0,0.0,200.0,0.0,100.0,12753.0,100.0,57903684176.0,100.0,106695349335.0
2019-07-13,ZJV005VE,ST12000NM0007,12000138625024,0,79.0,82163312.0,98.0,0.0,100.0,2.0,100.0,0.0,89.0,758287792.0,86.0,12926.0,100.0,0.0,100.0,1.0,,,,,100.0,0.0,100.0,0.0,,,74.0,26.0,,,100.0,209.0,100.0,791.0,26.0,26.0,100.0,0.0,100.0,0.0,200.0,0.0,100.0,12769.0,100.0,57955032288.0,100.0,106922285183.0
2019-07-14,ZJV005VE,ST12000NM0007,12000138625024,0,78.0,59347928.0,98.0,0.0,100.0,2.0,100.0,0.0,89.0,762553913.0,86.0,12958.0,100.0,0.0,100.0,1.0,,,,,100.0,0.0,100.0,0.0,,,75.0,25.0,,,100.0,209.0,100.0,792.0,25.0,25.0,100.0,0.0,100.0,0.0,200.0,0.0,100.0,12800.0,100.0,58037583416.0,100.0,107305200807.0
2019-07-15,ZJV005VE,ST12000NM0007,12000138625024,0,83.0,188376016.0,98.0,0.0,100.0,2.0,100.0,0.0,89.0,765647112.0,86.0,12974.0,100.0,0.0,100.0,1.0,,,,,100.0,0.0,100.0,0.0,,,74.0,26.0,,,100.0,210.0,100.0,793.0,26.0,26.0,100.0,0.0,100.0,0.0,200.0,0.0,100.0,12816.0,100.0,58071612592.0,100.0,107400199719.0
2019-07-16,ZJV005VE,ST12000NM0007,12000138625024,0,83.0,187395488.0,98.0,0.0,100.0,2.0,100.0,0.0,89.0,769926181.0,86.0,13005.0,100.0,0.0,100.0,1.0,,,,,100.0,0.0,100.0,0.0,,,75.0,25.0,,,100.0,210.0,100.0,794.0,25.0,25.0,100.0,0.0,100.0,0.0,200.0,0.0,100.0,12848.0,100.0,58132980312.0,100.0,107826134295.0
2019-07-17,ZJV005VE,ST12000NM0007,12000138625024,0,83.0,196999792.0,98.0,0.0,100.0,2.0,100.0,0.0,89.0,773975719.0,86.0,13037.0,100.0,0.0,100.0,1.0,,,,,100.0,0.0,100.0,0.0,,,74.0,26.0,,,100.0,211.0,100.0,796.0,26.0,26.0,100.0,0.0,100.0,0.0,200.0,0.0,100.0,12879.0,100.0,58231194712.0,100.0,108225805751.0
2019-07-18,ZJV005VE,ST12000NM0007,12000138625024,0,83.0,205296216.0,98.0,0.0,100.0,2.0,100.0,0.0,89.0,776290193.0,86.0,13053.0,100.0,0.0,100.0,1.0,,,,,100.0,0.0,100.0,0.0,,,74.0,26.0,,,100.0,211.0,100.0,797.0,26.0,26.0,100.0,0.0,100.0,0.0,200.0,0.0,100.0,12895.0,100.0,58261245952.0,100.0,108448192703.0
2019-07-19,ZJV005VE,ST12000NM0007,12000138625024,0,82.0,172516904.0,98.0,0.0,100.0,2.0,100.0,0.0,89.0,781361081.0,86.0,13084.0,100.0,0.0,100.0,1.0,,,,,100.0,0.0,100.0,0.0,,,74.0,26.0,,,100.0,211.0,100.0,798.0,26.0,26.0,100.0,0.0,100.0,0.0,200.0,0.0,100.0,12927.0,100.0,58309029464.0,100.0,108855911631.0
2019-07-20,ZJV005VE,ST12000NM0007,12000138625024,0,82.0,159232096.0,98.0,0.0,100.0,2.0,100.0,0.0,89.0,782987536.0,86.0,13100.0,100.0,0.0,100.0,1.0,,,,,100.0,0.0,100.0,0.0,,,74.0,26.0,,,100.0,211.0,100.0,799.0,26.0,26.0,100.0,0.0,100.0,0.0,200.0,0.0,100.0,12942.0,100.0,58345368104.0,100.0,109050428887.0
2019-07-21,ZJV005VE,ST12000NM0007,12000138625024,0,72.0,15962624.0,98.0,0.0,100.0,2.0,100.0,0.0,89.0,786403205.0,86.0,13132.0,100.0,0.0,100.0,1.0,,,,,100.0,0.0,100.0,0.0,,,74.0,26.0,,,100.0,211.0,100.0,800.0,26.0,26.0,100.0,0.0,100.0,0.0,200.0,0.0,100.0,12974.0,100.0,58413708632.0,100.0,109327100615.0
2019-07-22,ZJV005VE,ST12000NM0007,12000138625024,0,79.0,85401888.0,98.0,0.0,100.0,2.0,100.0,0.0,89.0,788418962.0,85.0,13148.0,100.0,0.0,100.0,1.0,,,,,100.0,0.0,100.0,0.0,,,74.0,26.0,,,100.0,212.0,100.0,801.0,26.0,26.0,100.0,0.0,100.0,0.0,200.0,0.0,100.0,12990.0,100.0,58442785424.0,100.0,109367463087.0
2019-07-23,ZJV005VE,ST12000NM0007,12000138625024,0,71.0,12791472.0,98.0,0.0,100.0,2.0,100.0,0.0,89.0,791600593.0,85.0,13179.0,100.0,0.0,100.0,1.0,,,,,100.0,0.0,100.0,0.0,,,74.0,26.0,,,100.0,212.0,100.0,802.0,26.0,26.0,100.0,0.0,100.0,0.0,200.0,0.0,100.0,13021.0,100.0,58529133968.0,100.0,109696785831.0
2019-07-24,ZJV005VE,ST12000NM0007,12000138625024,0,83.0,219527528.0,98.0,0.0,100.0,2.0,100.0,0.0,89.0,793278953.0,85.0,13195.0,100.0,0.0,100.0,1.0,,,,,100.0,0.0,100.0,0.0,,,75.0,25.0,,,100.0,212.0,100.0,803.0,25.0,25.0,100.0,0.0,100.0,0.0,200.0,0.0,100.0,13037.0,100.0,58569119720.0,100.0,109863536135.0
2019-07-25,ZJV005VE,ST12000NM0007,12000138625024,0,83.0,214001584.0,98.0,0.0,100.0,2.0,100.0,0.0,89.0,797359981.0,85.0,13227.0,100.0,0.0,100.0,1.0,,,,,100.0,0.0,100.0,0.0,,,75.0,25.0,,,100.0,213.0,100.0,804.0,25.0,25.0,100.0,0.0,100.0,0.0,200.0,0.0,100.0,13068.0,100.0,58642940664.0,100.0,110272471863.0
2019-07-26,ZJV005VE,ST12000NM0007,12000138625024,0,84.0,226789928.0,98.0,0.0,100.0,2.0,100.0,0.0,89.0,800861879.0,85.0,13243.0,100.0,0.0,100.0,1.0,,,,,100.0,0.0,100.0,0.0,,,74.0,26.0,,,100.0,213.0,100.0,805.0,26.0,26.0,100.0,0.0,100.0,0.0,200.0,0.0,100.0,13084.0,100.0,58681839120.0,100.0,110490502799.0
2019-07-27,ZJV005VE,ST12000NM0007,12000138625024,0,83.0,215174040.0,98.0,0.0,100.0,2.0,100.0,0.0,89.0,807277065.0,85.0,13274.0,100.0,0.0,100.0,1.0,,,,,100.0,0.0,100.0,0.0,,,74.0,26.0,,,100.0,213.0,100.0,807.0,26.0,26.0,100.0,0.0,100.0,0.0,200.0,0.0,100.0,13115.0,100.0,58760359232.0,100.0,110888648351.0
2019-07-28,ZJV005VE,ST12000NM0007,12000138625024,0,83.0,192724376.0,98.0,0.0,100.0,2.0,100.0,0.0,89.0,809131264.0,85.0,13290.0,100.0,0.0,100.0,1.0,,,,,100.0,0.0,100.0,0.0,,,75.0,25.0,,,100.0,213.0,100.0,807.0,25.0,25.0,100.0,0.0,100.0,0.0,200.0,0.0,100.0,13131.0,100.0,58782689328.0,100.0,111088009239.0
2019-07-29,ZJV005VE,ST12000NM0007,12000138625024,0,83.0,221263392.0,98.0,0.0,100.0,2.0,100.0,0.0,89.0,813666064.0,85.0,13322.0,100.0,0.0,100.0,1.0,,,,,100.0,0.0,100.0,0.0,,,75.0,25.0,,,100.0,215.0,100.0,809.0,25.0,25.0,100.0,0.0,100.0,0.0,200.0,0.0,100.0,13162.0,100.0,58849317776.0,100.0,111294060663.0
2019-07-30,ZJV005VE,ST12000NM0007,12000138625024,0,82.0,167678080.0,98.0,0.0,100.0,2.0,100.0,0.0,89.0,815411826.0,85.0,13338.0,100.0,0.0,100.0,1.0,,,,,100.0,0.0,100.0,0.0,,,75.0,25.0,,,100.0,215.0,100.0,809.0,25.0,25.0,100.0,0.0,100.0,0.0,200.0,0.0,100.0,13178.0,100.0,58889744848.0,100.0,111444188911.0
2019-07-31,ZJV005VE,ST12000NM0007,12000138625024,0,79.0,88420400.0,98.0,0.0,100.0,2.0,100.0,0.0,89.0,818941293.0,85.0,13369.0,100.0,0.0,100.0,1.0,,,,,100.0,0.0,100.0,0.0,,,74.0,26.0,,,100.0,215.0,100.0,812.0,26.0,26.0,100.0,0.0,100.0,0.0,200.0,0.0,100.0,13209.0,100.0,58956491008.0,100.0,111786466415.0
2019-08-01,ZJV005VE,ST12000NM0007,12000138625024,0,81.0,123178232.0,98.0,0.0,100.0,2.0,100.0,0.0,89.0,821649926.0,85.0,13385.0,100.0,0.0,100.0,1.0,,,,,100.0,0.0,100.0,0.0,,,74.0,26.0,,,100.0,215.0,100.0,812.0,26.0,26.0,100.0,0.0,100.0,0.0,200.0,0.0,100.0,13225.0,100.0,59009839088.0,100.0,112012016823.0
2019-08-02,ZJV005VE,ST12000NM0007,12000138625024,0,82.0,153770800.0,98.0,0.0,100.0,2.0,100.0,0.0,89.0,827861070.0,85.0,13417.0,100.0,0.0,100.0,1.0,,,,,100.0,0.0,100.0,0.0,,,74.0,26.0,,,100.0,216.0,100.0,814.0,26.0,26.0,100.0,0.0,100.0,0.0,200.0,0.0,100.0,13256.0,100.0,59095561152.0,100.0,112445168935.0
2019-08-03,ZJV005VE,ST12000NM0007,12000138625024,0,81.0,121797120.0,98.0,0.0,100.0,2.0,100.0,0.0,89.0,831823359.0,85.0,13448.0,100.0,0.0,100.0,1.0,,,,,100.0,0.0,100.0,0.0,,,74.0,26.0,,,100.0,216.0,100.0,815.0,26.0,26.0,100.0,0.0,100.0,0.0,200.0,0.0,100.0,13288.0,100.0,59175756240.0,100.0,112821281727.0
2019-08-04,ZJV005VE,ST12000NM0007,12000138625024,0,79.0,77918504.0,98.0,0.0,100.0,2.0,100.0,0.0,89.0,834297461.0,85.0,13464.0,100.0,0.0,100.0,1.0,,,,,100.0,0.0,100.0,0.0,,,74.0,26.0,,,100.0,217.0,100.0,816.0,26.0,26.0,100.0,0.0,100.0,0.0,200.0,0.0,100.0,13304.0,100.0,59221882760.0,100.0,112975417311.0
2019-08-05,ZJV005VE,ST12000NM0007,12000138625024,0,81.0,129546744.0,98.0,0.0,100.0,2.0,100.0,0.0,89.0,839573191.0,85.0,13496.0,100.0,0.0,100.0,1.0,,,,,100.0,0.0,100.0,0.0,,,74.0,26.0,,,100.0,217.0,100.0,817.0,26.0,26.0,100.0,0.0,100.0,0.0,200.0,0.0,100.0,13335.0,100.0,59328143288.0,100.0,113164925663.0
2019-08-06,ZJV005VE,ST12000NM0007,12000138625024,0,81.0,124549432.0,98.0,0.0,100.0,2.0,100.0,0.0,89.0,841890054.0,85.0,13512.0,100.0,0.0,100.0,1.0,,,,,100.0,0.0,100.0,0.0,,,74.0,26.0,,,100.0,217.0,100.0,817.0,26.0,26.0,100.0,0.0,100.0,0.0,200.0,0.0,100.0,13351.0,100.0,59386684296.0,100.0,113345528047.0
2019-08-07,ZJV005VE,ST12000NM0007,12000138625024,0,82.0,164260760.0,98.0,0.0,100.0,2.0,100.0,0.0,89.0,846520111.0,85.0,13543.0,100.0,0.0,100.0,1.0,,,,,100.0,0.0,100.0,0.0,,,72.0,28.0,,,100.0,218.0,100.0,820.0,28.0,28.0,100.0,0.0,100.0,0.0,200.0,0.0,100.0,13382.0,100.0,59481140424.0,100.0,113779064863.0
2019-08-08,ZJV005VE,ST12000NM0007,12000138625024,0,82.0,172772560.0,98.0,0.0,100.0,2.0,100.0,0.0,89.0,849198841.0,85.0,13559.0,100.0,0.0,100.0,1.0,,,,,100.0,0.0,100.0,0.0,,,73.0,27.0,,,100.0,218.0,100.0,820.0,27.0,27.0,100.0,0.0,100.0,0.0,200.0,0.0,100.0,13398.0,100.0,59508228480.0,100.0,114004629391.0
2019-08-09,ZJV005VE,ST12000NM0007,12000138625024,0,83.0,178007600.0,98.0,0.0,100.0,2.0,100.0,0.0,89.0,855605644.0,85.0,13591.0,100.0,0.0,100.0,1.0,,,,,100.0,0.0,100.0,0.0,,,73.0,27.0,,,100.0,218.0,100.0,822.0,27.0,27.0,100.0,0.0,100.0,0.0,200.0,0.0,100.0,13430.0,100.0,59587280744.0,100.0,114419093431.0
2019-08-10,ZJV005VE,ST12000NM0007,12000138625024,0,82.0,155278144.0,98.0,0.0,100.0,2.0,100.0,0.0,89.0,857653362.0,85.0,13607.0,100.0,0.0,100.0,1.0,,,,,100.0,0.0,100.0,0.0,,,73.0,27.0,,,100.0,218.0,100.0,822.0,27.0,27.0,100.0,0.0,100.0,0.0,200.0,0.0,100.0,13446.0,100.0,59621048520.0,100.0,114606737255.0
2019-08-11,ZJV005VE,ST12000NM0007,12000138625024,0,84.0,240942232.0,98.0,0.0,100.0,2.0,100.0,0.0,89.0,861513019.0,85.0,13639.0,100.0,0.0,100.0,1.0,,,,,100.0,0.0,100.0,0.0,,,73.0,27.0,,,100.0,219.0,100.0,824.0,27.0,27.0,100.0,0.0,100.0,0.0,200.0,0.0,100.0,13478.0,100.0,59672397848.0,100.0,114885192823.0
2019-08-12,ZJV005VE,ST12000NM0007,12000138625024,0,79.0,71178512.0,98.0,0.0,100.0,2.0,100.0,0.0,89.0,864106661.0,85.0,13655.0,100.0,0.0,100.0,1.0,,,,,100.0,0.0,100.0,0.0,,,74.0,26.0,,,100.0,219.0,100.0,824.0,26.0,26.0,100.0,0.0,100.0,0.0,200.0,0.0,100.0,13493.0,100.0,59700793688.0,100.0,114931173951.0
2019-08-13,ZJV005VE,ST12000NM0007,12000138625024,0,78.0,63108816.0,98.0,0.0,100.0,2.0,100.0,0.0,89.0,867739334.0,85.0,13686.0,100.0,0.0,100.0,1.0,,,,,100.0,0.0,100.0,0.0,,,73.0,27.0,,,100.0,219.0,100.0,826.0,27.0,27.0,100.0,0.0,100.0,0.0,200.0,0.0,100.0,13525.0,100.0,59771705168.0,100.0,115340474615.0
2019-08-14,ZJV005VE,ST12000NM0007,12000138625024,0,78.0,59938896.0,98.0,0.0,100.0,2.0,100.0,0.0,89.0,869662234.0,85.0,13702.0,100.0,0.0,100.0,1.0,,,,,100.0,0.0,100.0,0.0,,,74.0,26.0,,,100.0,219.0,100.0,826.0,26.0,26.0,100.0,0.0,100.0,0.0,200.0,0.0,100.0,13541.0,100.0,59811006536.0,100.0,115542143999.0
2019-08-15,ZJV005VE,ST12000NM0007,12000138625024,0,78.0,66078272.0,98.0,0.0,100.0,2.0,100.0,0.0,89.0,874109028.0,85.0,13734.0,100.0,0.0,100.0,1.0,,,,,100.0,0.0,100.0,0.0,,,73.0,27.0,,,100.0,221.0,100.0,828.0,27.0,27.0,100.0,0.0,100.0,0.0,200.0,0.0,100.0,13572.0,100.0,59875177456.0,100.0,115972394015.0
2019-08-16,ZJV005VE,ST12000NM0007,12000138625024,0,81.0,116713280.0,98.0,0.0,100.0,2.0,100.0,0.0,89.0,878135315.0,85.0,13749.0,100.0,0.0,100.0,1.0,,,,,100.0,0.0,100.0,0.0,,,74.0,26.0,,,100.0,221.0,100.0,828.0,26.0,26.0,100.0,0.0,100.0,0.0,200.0,0.0,100.0,13588.0,100.0,59906469384.0,100.0,116235877727.0
2019-08-17,ZJV005VE,ST12000NM0007,12000138625024,0,81.0,135166088.0,98.0,0.0,100.0,2.0,100.0,0.0,89.0,881878384.0,85.0,13781.0,100.0,0.0,100.0,1.0,,,,,100.0,0.0,100.0,0.0,,,73.0,27.0,,,100.0,222.0,100.0,830.0,27.0,27.0,100.0,0.0,100.0,0.0,200.0,0.0,100.0,13619.0,100.0,59973566944.0,100.0,116675514303.0
2019-08-18,ZJV005VE,ST12000NM0007,12000138625024,0,80.0,110866544.0,98.0,0.0,100.0,2.0,100.0,0.0,89.0,884009854.0,85.0,13797.0,100.0,0.0,100.0,1.0,,,,,100.0,0.0,100.0,0.0,,,73.0,27.0,,,100.0,222.0,100.0,830.0,27.0,27.0,100.0,0.0,100.0,0.0,200.0,0.0,100.0,13635.0,100.0,60005347664.0,100.0,116863574919.0
2019-08-19,ZJV005VE,ST12000NM0007,12000138625024,0,84.0,238895072.0,98.0,0.0,100.0,2.0,100.0,0.0,89.0,889016055.0,85.0,13828.0,100.0,0.0,100.0,1.0,,,,,100.0,0.0,100.0,0.0,,,73.0,27.0,,,100.0,222.0,100.0,832.0,27.0,27.0,100.0,0.0,100.0,0.0,200.0,0.0,100.0,13666.0,100.0,60076875384.0,100.0,117164216695.0
2019-08-20,ZJV005VE,ST12000NM0007,12000138625024,0,83.0,223769424.0,98.0,0.0,100.0,2.0,100.0,0.0,89.0,890851725.0,85.0,13844.0,100.0,0.0,100.0,1.0,,,,,100.0,0.0,100.0,0.0,,,74.0,26.0,,,100.0,222.0,100.0,832.0,26.0,26.0,100.0,0.0,100.0,0.0,200.0,0.0,100.0,13682.0,100.0,60118276200.0,100.0,117351830879.0
2019-08-21,ZJV005VE,ST12000NM0007,12000138625024,0,83.0,201495928.0,98.0,0.0,100.0,2.0,100.0,0.0,90.0,894877812.0,85.0,13876.0,100.0,0.0,100.0,1.0,,,,,100.0,0.0,100.0,0.0,,,73.0,27.0,,,100.0,222.0,100.0,834.0,27.0,27.0,100.0,0.0,100.0,0.0,200.0,0.0,100.0,13713.0,100.0,60203331368.0,100.0,117732783679.0
2019-08-22,ZJV005VE,ST12000NM0007,12000138625024,0,83.0,207044480.0,98.0,0.0,100.0,2.0,100.0,0.0,90.0,897451590.0,85.0,13892.0,100.0,0.0,100.0,1.0,,,,,100.0,0.0,100.0,0.0,,,73.0,27.0,,,100.0,222.0,100.0,834.0,27.0,27.0,100.0,0.0,100.0,0.0,200.0,0.0,100.0,13729.0,100.0,60233909552.0,100.0,117951894791.0
2019-08-23,ZJV005VE,ST12000NM0007,12000138625024,0,83.0,204281152.0,98.0,0.0,100.0,2.0,100.0,0.0,90.0,903283412.0,85.0,13923.0,100.0,0.0,100.0,1.0,,,,,100.0,0.0,100.0,0.0,,,74.0,26.0,,,100.0,222.0,100.0,836.0,26.0,26.0,100.0,0.0,100.0,0.0,200.0,0.0,100.0,13761.0,100.0,60294625008.0,100.0,118376697367.0
2019-08-24,ZJV005VE,ST12000NM0007,12000138625024,0,82.0,173332584.0,98.0,0.0,100.0,2.0,100.0,0.0,90.0,904945162.0,85.0,13939.0,100.0,0.0,100.0,1.0,,,,,100.0,0.0,100.0,0.0,,,74.0,26.0,,,100.0,222.0,100.0,836.0,26.0,26.0,100.0,0.0,100.0,0.0,200.0,0.0,100.0,13777.0,100.0,60321016672.0,100.0,118563497999.0
2019-08-25,ZJV005VE,ST12000NM0007,12000138625024,0,82.0,145033176.0,98.0,0.0,100.0,2.0,100.0,0.0,90.0,912007644.0,85.0,13971.0,100.0,0.0,100.0,1.0,,,,,100.0,0.0,100.0,0.0,,,74.0,26.0,,,100.0,223.0,100.0,838.0,26.0,26.0,100.0,0.0,100.0,0.0,200.0,0.0,100.0,13808.0,100.0,60384947952.0,100.0,118959548943.0
2019-08-26,ZJV005VE,ST12000NM0007,12000138625024,0,73.0,19925136.0,98.0,0.0,100.0,2.0,100.0,0.0,90.0,918459290.0,84.0,14018.0,100.0,0.0,100.0,1.0,,,,,100.0,0.0,100.0,0.0,,,73.0,27.0,,,100.0,223.0,100.0,839.0,27.0,27.0,100.0,0.0,100.0,0.0,200.0,0.0,100.0,13855.0,100.0,60481736064.0,100.0,119470076199.0
2019-08-27,ZJV005VE,ST12000NM0007,12000138625024,0,73.0,19925136.0,98.0,0.0,100.0,2.0,100.0,0.0,90.0,918459290.0,84.0,14018.0,100.0,0.0,100.0,1.0,,,,,100.0,0.0,100.0,0.0,,,73.0,27.0,,,100.0,223.0,100.0,839.0,27.0,27.0,100.0,0.0,100.0,0.0,200.0,0.0,100.0,13855.0,100.0,60481736064.0,100.0,119470076199.0
2019-08-28,ZJV005VE,ST12000NM0007,12000138625024,0,84.0,224825008.0,98.0,0.0,100.0,2.0,100.0,0.0,90.0,920179384.0,84.0,14034.0,100.0,0.0,100.0,1.0,,,,,100.0,0.0,100.0,0.0,,,73.0,27.0,,,100.0,224.0,100.0,840.0,27.0,27.0,100.0,0.0,100.0,0.0,200.0,0.0,100.0,13871.0,100.0,60519486072.0,100.0,119637226063.0
2019-08-29,ZJV005VE,ST12000NM0007,12000138625024,0,83.0,179565480.0,98.0,0.0,100.0,2.0,100.0,0.0,90.0,923890634.0,84.0,14066.0,100.0,0.0,100.0,1.0,,,,,100.0,0.0,100.0,0.0,,,73.0,27.0,,,100.0,224.0,100.0,841.0,27.0,27.0,100.0,0.0,100.0,0.0,200.0,0.0,100.0,13903.0,100.0,60590924416.0,100.0,120008809879.0
2019-08-30,ZJV005VE,ST12000NM0007,12000138625024,0,82.0,166401888.0,98.0,0.0,100.0,2.0,100.0,0.0,90.0,927341653.0,84.0,14082.0,100.0,0.0,100.0,1.0,,,,,100.0,0.0,100.0,0.0,,,73.0,27.0,,,100.0,225.0,100.0,842.0,27.0,27.0,100.0,0.0,100.0,0.0,200.0,0.0,100.0,13918.0,100.0,60626970064.0,100.0,120203747327.0
2019-08-31,ZJV005VE,ST12000NM0007,12000138625024,0,80.0,107074360.0,98.0,0.0,100.0,2.0,100.0,0.0,90.0,931716728.0,84.0,14113.0,100.0,0.0,100.0,1.0,,,,,100.0,0.0,100.0,0.0,,,73.0,27.0,,,100.0,226.0,100.0,843.0,27.0,27.0,100.0,0.0,100.0,0.0,200.0,0.0,100.0,13950.0,100.0,60692087824.0,100.0,120567583511.0
2019-09-01,ZJV005VE,ST12000NM0007,12000138625024,0,83.0,209891880.0,98.0,0.0,100.0,2.0,100.0,0.0,90.0,936327435.0,84.0,14145.0,100.0,0.0,100.0,1.0,,,,,100.0,0.0,100.0,0.0,,,73.0,27.0,,,100.0,227.0,100.0,845.0,27.0,27.0,100.0,0.0,100.0,0.0,200.0,0.0,100.0,13981.0,100.0,60750747296.0,100.0,120855882399.0
2019-09-02,ZJV005VE,ST12000NM0007,12000138625024,0,80.0,93905008.0,98.0,0.0,100.0,2.0,100.0,0.0,90.0,938431793.0,84.0,14161.0,100.0,0.0,100.0,1.0,,,,,100.0,0.0,100.0,0.0,,,74.0,26.0,,,100.0,227.0,100.0,845.0,26.0,26.0,100.0,0.0,100.0,0.0,200.0,0.0,100.0,13997.0,100.0,60771278632.0,100.0,120963505079.0
2019-09-03,ZJV005VE,ST12000NM0007,12000138625024,0,79.0,74281376.0,98.0,0.0,100.0,2.0,100.0,0.0,90.0,942504660.0,84.0,14192.0,100.0,0.0,100.0,1.0,,,,,100.0,0.0,100.0,0.0,,,73.0,27.0,,,100.0,228.0,100.0,847.0,27.0,27.0,100.0,0.0,100.0,0.0,200.0,0.0,100.0,14028.0,100.0,60854329560.0,100.0,121349112463.0
2019-09-04,ZJV005VE,ST12000NM0007,12000138625024,0,79.0,73493904.0,98.0,0.0,100.0,2.0,100.0,0.0,90.0,944735520.0,84.0,14208.0,100.0,0.0,100.0,1.0,,,,,100.0,0.0,100.0,0.0,,,73.0,27.0,,,100.0,228.0,100.0,847.0,27.0,27.0,100.0,0.0,100.0,0.0,200.0,0.0,100.0,14044.0,100.0,60895611176.0,100.0,121551184015.0
2019-09-05,ZJV005VE,ST12000NM0007,12000138625024,0,77.0,46655200.0,98.0,0.0,100.0,2.0,100.0,0.0,90.0,946829281.0,84.0,14224.0,100.0,0.0,100.0,1.0,,,,,100.0,0.0,100.0,0.0,,,73.0,27.0,,,100.0,228.0,100.0,848.0,27.0,27.0,100.0,0.0,100.0,0.0,200.0,0.0,100.0,14060.0,100.0,60939271024.0,100.0,121724826255.0
2019-09-06,ZJV005VE,ST12000NM0007,12000138625024,0,81.0,119173320.0,98.0,0.0,100.0,2.0,100.0,0.0,90.0,953906234.0,84.0,14255.0,100.0,0.0,100.0,1.0,,,,,100.0,0.0,100.0,0.0,,,73.0,27.0,,,100.0,228.0,100.0,850.0,27.0,27.0,100.0,0.0,100.0,0.0,200.0,0.0,100.0,14091.0,100.0,61021568400.0,100.0,122203329175.0
2019-09-07,ZJV005VE,ST12000NM0007,12000138625024,0,81.0,129621192.0,98.0,0.0,100.0,2.0,100.0,0.0,90.0,956490092.0,84.0,14271.0,100.0,0.0,100.0,1.0,,,,,100.0,0.0,100.0,0.0,,,73.0,27.0,,,100.0,229.0,100.0,851.0,27.0,27.0,100.0,0.0,100.0,0.0,200.0,0.0,100.0,14107.0,100.0,61078607592.0,100.0,122400878815.0
2019-09-08,ZJV005VE,ST12000NM0007,12000138625024,0,77.0,54091312.0,98.0,0.0,100.0,2.0,100.0,0.0,90.0,961331660.0,84.0,14303.0,100.0,0.0,100.0,1.0,,,,,100.0,0.0,100.0,0.0,,,73.0,27.0,,,100.0,229.0,100.0,852.0,27.0,27.0,100.0,0.0,100.0,0.0,200.0,0.0,100.0,14138.0,100.0,61142007104.0,100.0,122750230887.0
2019-09-09,ZJV005VE,ST12000NM0007,12000138625024,0,83.0,203750944.0,98.0,0.0,100.0,2.0,100.0,0.0,90.0,964787252.0,84.0,14319.0,100.0,0.0,100.0,1.0,,,,,100.0,0.0,100.0,0.0,,,73.0,27.0,,,100.0,230.0,100.0,853.0,27.0,27.0,100.0,0.0,100.0,0.0,200.0,0.0,100.0,14154.0,100.0,61183522352.0,100.0,122858375271.0
2019-09-10,ZJV005VE,ST12000NM0007,12000138625024,0,84.0,230357720.0,98.0,0.0,100.0,2.0,100.0,0.0,90.0,969440984.0,84.0,14350.0,100.0,0.0,100.0,1.0,,,,,100.0,0.0,100.0,0.0,,,74.0,26.0,,,100.0,230.0,100.0,854.0,26.0,26.0,100.0,0.0,100.0,0.0,200.0,0.0,100.0,14186.0,100.0,61269434968.0,100.0,123287351343.0
2019-09-11,ZJV005VE,ST12000NM0007,12000138625024,0,82.0,172583960.0,98.0,0.0,100.0,2.0,100.0,0.0,90.0,973336238.0,84.0,14382.0,100.0,0.0,100.0,1.0,,,,,100.0,0.0,100.0,0.0,,,74.0,26.0,,,100.0,231.0,100.0,856.0,26.0,26.0,100.0,0.0,100.0,0.0,200.0,0.0,100.0,14217.0,100.0,61338017160.0,100.0,123649276767.0
2019-09-12,ZJV005VE,ST12000NM0007,12000138625024,0,82.0,149027872.0,98.0,0.0,100.0,2.0,100.0,0.0,90.0,975848065.0,84.0,14398.0,100.0,0.0,100.0,1.0,,,,,100.0,0.0,100.0,0.0,,,73.0,27.0,,,100.0,231.0,100.0,857.0,27.0,27.0,100.0,0.0,100.0,0.0,200.0,0.0,100.0,14233.0,100.0,61366634816.0,100.0,123841243751.0
2019-09-13,ZJV005VE,ST12000NM0007,12000138625024,0,83.0,218824800.0,98.0,0.0,100.0,2.0,100.0,0.0,90.0,982367898.0,84.0,14430.0,100.0,0.0,100.0,1.0,,,,,100.0,0.0,100.0,0.0,,,73.0,27.0,,,100.0,231.0,100.0,858.0,27.0,27.0,100.0,0.0,100.0,0.0,200.0,0.0,100.0,14264.0,100.0,61455735472.0,100.0,124310221519.0
2019-09-14,ZJV005VE,ST12000NM0007,12000138625024,0,83.0,218972192.0,98.0,0.0,100.0,2.0,100.0,0.0,90.0,984281214.0,84.0,14446.0,100.0,0.0,100.0,1.0,,,,,100.0,0.0,100.0,0.0,,,73.0,27.0,,,100.0,231.0,100.0,859.0,27.0,27.0,100.0,0.0,100.0,0.0,200.0,0.0,100.0,14280.0,100.0,61493464568.0,100.0,124516780471.0
2019-09-15,ZJV005VE,ST12000NM0007,12000138625024,0,80.0,105641624.0,98.0,0.0,100.0,2.0,100.0,0.0,90.0,988280617.0,84.0,14477.0,100.0,0.0,100.0,1.0,,,,,100.0,0.0,100.0,0.0,,,73.0,27.0,,,100.0,231.0,100.0,860.0,27.0,27.0,100.0,0.0,100.0,0.0,200.0,0.0,100.0,14312.0,100.0,61550724608.0,100.0,124834471463.0
2019-09-16,ZJV005VE,ST12000NM0007,12000138625024,0,100.0,2388608.0,98.0,0.0,100.0,2.0,100.0,0.0,90.0,990933452.0,84.0,14493.0,100.0,0.0,100.0,1.0,,,,,100.0,0.0,100.0,0.0,,,74.0,26.0,,,100.0,232.0,100.0,861.0,26.0,26.0,100.0,0.0,100.0,0.0,200.0,0.0,100.0,14328.0,100.0,61577573048.0,100.0,124948510639.0
2019-09-17,ZJV005VE,ST12000NM0007,12000138625024,0,69.0,7776200.0,98.0,0.0,100.0,2.0,100.0,0.0,90.0,994374842.0,84.0,14525.0,100.0,0.0,100.0,1.0,,,,,100.0,0.0,100.0,0.0,,,73.0,27.0,,,100.0,232.0,100.0,862.0,27.0,27.0,100.0,0.0,100.0,0.0,200.0,0.0,100.0,14359.0,100.0,61634826144.0,100.0,125384926799.0
2019-09-18,ZJV005VE,ST12000NM0007,12000138625024,0,84.0,237980368.0,98.0,0.0,100.0,2.0,100.0,0.0,90.0,996140065.0,84.0,14541.0,100.0,0.0,100.0,1.0,,,,,100.0,0.0,100.0,0.0,,,74.0,26.0,,,100.0,232.0,100.0,863.0,26.0,26.0,100.0,0.0,100.0,0.0,200.0,0.0,100.0,14375.0,100.0,61665457696.0,100.0,125584499415.0
2019-09-19,ZJV005VE,ST12000NM0007,12000138625024,0,83.0,219568184.0,98.0,0.0,100.0,2.0,100.0,0.0,90.0,998514979.0,84.0,14557.0,100.0,0.0,100.0,1.0,,,,,100.0,0.0,100.0,0.0,,,73.0,27.0,,,100.0,232.0,100.0,864.0,27.0,27.0,100.0,0.0,100.0,0.0,200.0,0.0,100.0,14391.0,100.0,61696342416.0,100.0,125779343319.0
2019-09-20,ZJV005VE,ST12000NM0007,12000138625024,0,83.0,217372720.0,98.0,0.0,100.0,2.0,100.0,0.0,67.0,4960958.0,84.0,14588.0,100.0,0.0,100.0,1.0,,,,,100.0,0.0,100.0,0.0,,,73.0,27.0,,,100.0,232.0,100.0,865.0,27.0,27.0,100.0,0.0,100.0,0.0,200.0,0.0,100.0,14422.0,100.0,61767368736.0,100.0,126194402847.0
2019-09-21,ZJV005VE,ST12000NM0007,12000138625024,0,83.0,210823072.0,98.0,0.0,100.0,2.0,100.0,0.0,69.0,7082109.0,84.0,14604.0,100.0,0.0,100.0,1.0,,,,,100.0,0.0,100.0,0.0,,,73.0,27.0,,,100.0,232.0,100.0,866.0,27.0,27.0,100.0,0.0,100.0,0.0,200.0,0.0,100.0,14438.0,100.0,61801896496.0,100.0,126397466199.0
2019-09-22,ZJV005VE,ST12000NM0007,12000138625024,0,81.0,133236624.0,98.0,0.0,100.0,2.0,100.0,0.0,70.0,10716681.0,84.0,14636.0,100.0,0.0,100.0,1.0,,,,,100.0,0.0,100.0,0.0,,,74.0,26.0,,,100.0,232.0,100.0,867.0,26.0,26.0,100.0,0.0,100.0,0.0,200.0,0.0,100.0,14470.0,100.0,61846928368.0,100.0,126763129479.0
2019-09-23,ZJV005VE,ST12000NM0007,12000138625024,0,84.0,229833512.0,98.0,0.0,100.0,2.0,100.0,0.0,71.0,13374951.0,84.0,14652.0,100.0,0.0,100.0,1.0,,,,,100.0,0.0,100.0,0.0,,,73.0,27.0,,,100.0,233.0,100.0,868.0,27.0,27.0,100.0,0.0,100.0,0.0,200.0,0.0,100.0,14486.0,100.0,61877168552.0,100.0,126829486191.0
2019-09-24,ZJV005VE,ST12000NM0007,12000138625024,0,80.0,97571680.0,98.0,0.0,100.0,2.0,100.0,0.0,72.0,17341656.0,84.0,14683.0,100.0,0.0,100.0,1.0,,,,,100.0,0.0,100.0,0.0,,,73.0,27.0,,,100.0,233.0,100.0,869.0,27.0,27.0,100.0,0.0,100.0,0.0,200.0,0.0,100.0,14517.0,100.0,61921658896.0,100.0,127141015607.0
2019-09-25,ZJV005VE,ST12000NM0007,12000138625024,0,74.0,26777256.0,98.0,0.0,100.0,2.0,100.0,0.0,73.0,20860247.0,84.0,14715.0,100.0,0.0,100.0,1.0,,,,,100.0,0.0,100.0,0.0,,,73.0,27.0,,,100.0,234.0,100.0,871.0,27.0,27.0,100.0,0.0,100.0,0.0,200.0,0.0,100.0,14549.0,100.0,61966963792.0,100.0,127513197831.0
2019-09-26,ZJV005VE,ST12000NM0007,12000138625024,0,75.0,34101720.0,98.0,0.0,100.0,2.0,100.0,0.0,74.0,25729699.0,84.0,14731.0,100.0,0.0,100.0,1.0,,,,,100.0,0.0,100.0,0.0,,,74.0,26.0,,,100.0,234.0,100.0,871.0,26.0,26.0,100.0,0.0,100.0,0.0,200.0,0.0,100.0,14565.0,100.0,62000447960.0,100.0,127731178871.0
2019-09-27,ZJV005VE,ST12000NM0007,12000138625024,0,79.0,79039912.0,98.0,0.0,100.0,2.0,100.0,0.0,75.0,31202823.0,84.0,14763.0,100.0,0.0,100.0,1.0,,,,,100.0,0.0,100.0,0.0,,,74.0,26.0,,,100.0,235.0,100.0,873.0,26.0,26.0,100.0,0.0,100.0,0.0,200.0,0.0,100.0,14596.0,100.0,62041895728.0,100.0,127978810159.0
2019-09-28,ZJV005VE,ST12000NM0007,12000138625024,0,83.0,192801152.0,98.0,0.0,100.0,2.0,100.0,0.0,75.0,32563317.0,84.0,14778.0,100.0,0.0,100.0,1.0,,,,,100.0,0.0,100.0,0.0,,,74.0,26.0,,,100.0,235.0,100.0,873.0,26.0,26.0,100.0,0.0,100.0,0.0,200.0,0.0,100.0,14612.0,100.0,62065111928.0,100.0,128069355199.0
2019-09-29,ZJV005VE,ST12000NM0007,12000138625024,0,82.0,171889960.0,98.0,0.0,100.0,2.0,100.0,0.0,76.0,35642780.0,84.0,14810.0,100.0,0.0,100.0,1.0,,,,,100.0,0.0,100.0,0.0,,,74.0,26.0,,,100.0,236.0,100.0,875.0,26.0,26.0,100.0,0.0,100.0,0.0,200.0,0.0,100.0,14643.0,100.0,62105050080.0,100.0,128252647279.0
2019-09-30,ZJV005VE,ST12000NM0007,12000138625024,0,74.0,26263136.0,98.0,0.0,100.0,2.0,100.0,0.0,76.0,38695955.0,84.0,14826.0,100.0,0.0,100.0,1.0,,,,,100.0,0.0,100.0,0.0,,,72.0,28.0,,,100.0,236.0,100.0,875.0,28.0,28.0,100.0,0.0,100.0,0.0,200.0,0.0,100.0,14659.0,100.0,62131793704.0,100.0,128324417695.0
2019-10-01,ZJV005VE,ST12000NM0007,12000138625024,0,74.0,22688416.0,98.0,0.0,100.0,2.0,100.0,0.0,76.0,41372663.0,84.0,14858.0,100.0,0.0,100.0,1.0,,,,,100.0,0.0,100.0,0.0,,,74.0,26.0,,,100.0,237.0,100.0,877.0,26.0,26.0,100.0,0.0,100.0,0.0,200.0,0.0,100.0,14691.0,100.0,62176046280.0,100.0,128520731127.0
2019-10-02,ZJV005VE,ST12000NM0007,12000138625024,0,82.0,164685488.0,98.0,0.0,100.0,2.0,100.0,0.0,76.0,42995053.0,84.0,14874.0,100.0,0.0,100.0,1.0,,,,,100.0,0.0,100.0,0.0,,,74.0,26.0,,,100.0,237.0,100.0,877.0,26.0,26.0,100.0,0.0,100.0,0.0,200.0,0.0,100.0,14707.0,100.0,62213677704.0,100.0,128625096775.0
2019-10-03,ZJV005VE,ST12000NM0007,12000138625024,0,78.0,58531824.0,98.0,0.0,100.0,2.0,100.0,0.0,77.0,45067465.0,83.0,14905.0,100.0,0.0,100.0,1.0,,,,,100.0,0.0,100.0,0.0,,,74.0,26.0,,,100.0,239.0,100.0,880.0,26.0,26.0,100.0,0.0,100.0,0.0,200.0,0.0,100.0,14738.0,100.0,62253893592.0,100.0,128722867855.0
2019-10-04,ZJV005VE,ST12000NM0007,12000138625024,0,81.0,136887000.0,98.0,0.0,100.0,2.0,100.0,0.0,77.0,47095070.0,83.0,14921.0,100.0,0.0,100.0,1.0,,,,,100.0,0.0,100.0,0.0,,,73.0,27.0,,,100.0,239.0,100.0,880.0,27.0,27.0,100.0,0.0,100.0,0.0,200.0,0.0,100.0,14754.0,100.0,62266505680.0,100.0,128788610943.0
2019-10-05,ZJV005VE,ST12000NM0007,12000138625024,0,73.0,20265104.0,98.0,0.0,100.0,2.0,100.0,0.0,77.0,50200017.0,83.0,14953.0,100.0,0.0,100.0,1.0,,,,,100.0,0.0,100.0,0.0,,,74.0,26.0,,,100.0,239.0,100.0,882.0,26.0,26.0,100.0,0.0,100.0,0.0,200.0,0.0,100.0,14785.0,100.0,62281057920.0,100.0,128901577479.0
2019-10-06,ZJV005VE,ST12000NM0007,12000138625024,0,81.0,119070960.0,98.0,0.0,100.0,2.0,100.0,0.0,77.0,51843369.0,83.0,14969.0,100.0,0.0,100.0,1.0,,,,,100.0,0.0,100.0,0.0,,,74.0,26.0,,,100.0,239.0,100.0,883.0,26.0,26.0,100.0,0.0,100.0,0.0,200.0,0.0,100.0,14801.0,100.0,62304396024.0,100.0,128977045231.0
2019-10-07,ZJV005VE,ST12000NM0007,12000138625024,0,78.0,63678448.0,98.0,0.0,100.0,2.0,100.0,0.0,78.0,57157063.0,83.0,15000.0,100.0,0.0,100.0,1.0,,,,,100.0,0.0,100.0,0.0,,,74.0,26.0,,,100.0,239.0,100.0,884.0,26.0,26.0,100.0,0.0,100.0,0.0,200.0,0.0,100.0,14833.0,100.0,62353572464.0,100.0,129116616911.0
2019-10-08,ZJV005VE,ST12000NM0007,12000138625024,0,81.0,134880606.0,98.0,0.0,100.0,2.0,100.0,0.0,78.0,58396364.0,83.0,15016.0,100.0,0.0,100.0,1.0,,,,,100.0,0.0,100.0,0.0,,,74.0,26.0,,,100.0,240.0,100.0,889.0,26.0,26.0,100.0,0.0,100.0,0.0,200.0,0.0,100.0,14848.0,100.0,62372692640.0,100.0,129168698893.0
2019-10-09,ZJV005VE,ST12000NM0007,12000138625024,0,78.0,56559248.0,97.0,0.0,100.0,3.0,100.0,0.0,78.0,61038514.0,83.0,15048.0,100.0,0.0,100.0,2.0,,,,,100.0,0.0,100.0,0.0,,,74.0,26.0,,,100.0,241.0,100.0,893.0,26.0,26.0,100.0,0.0,100.0,0.0,200.0,0.0,100.0,14880.0,100.0,62420271904.0,100.0,129286938943.0
2019-10-10,ZJV005VE,ST12000NM0007,12000138625024,0,81.0,133127992.0,97.0,0.0,100.0,3.0,100.0,0.0,78.0,62325955.0,83.0,15064.0,100.0,0.0,100.0,2.0,,,,,100.0,0.0,100.0,0.0,,,74.0,26.0,,,100.0,241.0,100.0,893.0,26.0,26.0,100.0,0.0,100.0,0.0,200.0,0.0,100.0,14895.0,100.0,62445042200.0,100.0,129338737391.0
2019-10-11,ZJV005VE,ST12000NM0007,12000138625024,0,80.0,90023712.0,97.0,0.0,100.0,3.0,100.0,0.0,78.0,66805098.0,83.0,15095.0,100.0,0.0,100.0,2.0,,,,,100.0,0.0,100.0,0.0,,,73.0,27.0,,,100.0,242.0,100.0,895.0,27.0,27.0,100.0,0.0,100.0,0.0,200.0,0.0,100.0,14927.0,100.0,62504525792.0,100.0,129480290183.0
2019-10-12,ZJV005VE,ST12000NM0007,12000138625024,0,83.0,188822928.0,97.0,0.0,100.0,3.0,100.0,0.0,78.0,68924765.0,83.0,15111.0,100.0,0.0,100.0,2.0,,,,,100.0,0.0,100.0,0.0,,,73.0,27.0,,,100.0,243.0,100.0,896.0,27.0,27.0,100.0,0.0,100.0,0.0,200.0,0.0,100.0,14942.0,100.0,62537371664.0,100.0,129546243527.0
2019-10-13,ZJV005VE,ST12000NM0007,12000138625024,0,80.0,93590040.0,96.0,0.0,100.0,4.0,100.0,0.0,79.0,71740966.0,83.0,15143.0,100.0,0.0,100.0,3.0,,,,,100.0,0.0,100.0,0.0,,,71.0,29.0,,,100.0,243.0,100.0,899.0,29.0,29.0,100.0,0.0,100.0,0.0,200.0,0.0,100.0,14974.0,100.0,62573150640.0,100.0,129659372451.0
2019-10-14,ZJV005VE,ST12000NM0007,12000138625024,0,82.0,149958752.0,96.0,0.0,100.0,4.0,100.0,0.0,79.0,73831510.0,83.0,15159.0,100.0,0.0,100.0,3.0,,,,,100.0,0.0,100.0,0.0,,,73.0,27.0,,,100.0,243.0,100.0,899.0,27.0,27.0,100.0,0.0,100.0,0.0,200.0,0.0,100.0,14990.0,100.0,62585059048.0,100.0,129703832755.0
2019-10-15,ZJV005VE,ST12000NM0007,12000138625024,0,83.0,214914384.0,96.0,0.0,100.0,4.0,100.0,0.0,79.0,76357842.0,83.0,15222.0,100.0,0.0,100.0,3.0,,,,,100.0,0.0,100.0,0.0,,,71.0,29.0,,,100.0,245.0,100.0,902.0,29.0,29.0,100.0,0.0,100.0,0.0,200.0,0.0,100.0,15053.0,100.0,62603708024.0,100.0,129994280043.0
2019-10-16,ZJV005VE,ST12000NM0007,12000138625024,0,83.0,214914384.0,96.0,0.0,100.0,4.0,100.0,0.0,79.0,76357842.0,83.0,15222.0,100.0,0.0,100.0,3.0,,,,,100.0,0.0,100.0,0.0,,,71.0,29.0,,,100.0,245.0,100.0,902.0,29.0,29.0,100.0,0.0,100.0,0.0,200.0,0.0,100.0,15053.0,100.0,62603708024.0,100.0,129994280043.0
2019-10-17,ZJV005VE,ST12000NM0007,12000138625024,0,77.0,49519320.0,96.0,0.0,100.0,4.0,100.0,0.0,79.0,79967824.0,83.0,15238.0,100.0,0.0,100.0,3.0,,,,,100.0,0.0,100.0,0.0,,,72.0,28.0,,,100.0,245.0,100.0,903.0,28.0,28.0,100.0,0.0,100.0,0.0,200.0,0.0,100.0,15068.0,100.0,62619385776.0,100.0,130789770155.0
2019-10-18,ZJV005VE,ST12000NM0007,12000138625024,0,82.0,173173592.0,96.0,0.0,100.0,4.0,100.0,0.0,80.0,91865426.0,83.0,15270.0,100.0,0.0,100.0,3.0,,,,,100.0,0.0,100.0,0.0,,,74.0,26.0,,,100.0,245.0,100.0,904.0,26.0,26.0,100.0,0.0,100.0,0.0,200.0,0.0,100.0,15100.0,100.0,62649453440.0,100.0,132592342019.0
2019-10-19,ZJV005VE,ST12000NM0007,12000138625024,0,82.0,164539752.0,96.0,0.0,100.0,4.0,100.0,0.0,80.0,96746196.0,83.0,15285.0,100.0,0.0,100.0,3.0,,,,,100.0,0.0,100.0,0.0,,,74.0,26.0,,,100.0,245.0,100.0,905.0,26.0,26.0,100.0,0.0,100.0,0.0,200.0,0.0,100.0,15116.0,100.0,62662365088.0,100.0,133303218787.0
2019-10-20,ZJV005VE,ST12000NM0007,12000138625024,0,82.0,176478640.0,96.0,0.0,100.0,4.0,100.0,0.0,80.0,107734518.0,83.0,15317.0,100.0,0.0,100.0,3.0,,,,,100.0,0.0,100.0,0.0,,,74.0,26.0,,,100.0,245.0,100.0,906.0,26.0,26.0,100.0,0.0,100.0,0.0,200.0,0.0,100.0,15147.0,100.0,62691441904.0,100.0,134506784707.0
2019-10-21,ZJV005VE,ST12000NM0007,12000138625024,0,84.0,240547544.0,96.0,0.0,100.0,4.0,100.0,0.0,81.0,113102535.0,83.0,15333.0,100.0,0.0,100.0,3.0,,,,,100.0,0.0,100.0,0.0,,,73.0,27.0,,,100.0,245.0,100.0,907.0,27.0,27.0,100.0,0.0,100.0,0.0,200.0,0.0,100.0,15163.0,100.0,62703701184.0,100.0,135046875891.0
2019-10-22,ZJV005VE,ST12000NM0007,12000138625024,0,79.0,82141752.0,96.0,0.0,100.0,4.0,100.0,0.0,81.0,123996405.0,83.0,15364.0,100.0,0.0,100.0,3.0,,,,,100.0,0.0,100.0,0.0,,,73.0,27.0,,,100.0,245.0,100.0,908.0,27.0,27.0,100.0,0.0,100.0,0.0,200.0,0.0,100.0,15194.0,100.0,62719265096.0,100.0,136337750571.0
2019-10-23,ZJV005VE,ST12000NM0007,12000138625024,0,81.0,134817640.0,96.0,0.0,100.0,4.0,100.0,0.0,81.0,129444193.0,83.0,15380.0,100.0,0.0,100.0,3.0,,,,,100.0,0.0,100.0,0.0,,,74.0,26.0,,,100.0,245.0,100.0,909.0,26.0,26.0,100.0,0.0,100.0,0.0,200.0,0.0,100.0,15210.0,100.0,62728764312.0,100.0,137113349611.0
2019-10-24,ZJV005VE,ST12000NM0007,12000138625024,0,79.0,88928328.0,96.0,0.0,100.0,4.0,100.0,0.0,81.0,141172666.0,83.0,15412.0,100.0,0.0,100.0,3.0,,,,,100.0,0.0,100.0,0.0,,,74.0,26.0,,,100.0,245.0,100.0,910.0,26.0,26.0,100.0,0.0,100.0,0.0,200.0,0.0,100.0,15242.0,100.0,62731011680.0,100.0,139262479715.0
2019-10-25,ZJV005VE,ST12000NM0007,12000138625024,0,81.0,137807864.0,96.0,0.0,100.0,4.0,100.0,0.0,82.0,147215127.0,83.0,15428.0,100.0,0.0,100.0,3.0,,,,,100.0,0.0,100.0,0.0,,,75.0,25.0,,,100.0,245.0,100.0,911.0,25.0,25.0,100.0,0.0,100.0,0.0,200.0,0.0,100.0,15258.0,100.0,62732178080.0,100.0,140286755995.0
2019-10-26,ZJV005VE,ST12000NM0007,12000138625024,0,79.0,88877016.0,96.0,0.0,100.0,4.0,100.0,0.0,82.0,155126317.0,83.0,15459.0,100.0,0.0,100.0,3.0,,,,,100.0,0.0,100.0,0.0,,,76.0,24.0,,,100.0,245.0,100.0,912.0,24.0,24.0,100.0,0.0,100.0,0.0,200.0,0.0,100.0,15289.0,100.0,62735890768.0,100.0,141698956763.0
2019-10-27,ZJV005VE,ST12000NM0007,12000138625024,0,81.0,140674190.0,96.0,0.0,100.0,4.0,100.0,0.0,82.0,155932531.0,83.0,15475.0,100.0,0.0,100.0,3.0,,,,,100.0,0.0,100.0,0.0,,,76.0,24.0,,,100.0,245.0,100.0,914.0,24.0,24.0,100.0,0.0,100.0,0.0,200.0,0.0,100.0,15305.0,100.0,62739594264.0,100.0,141747050441.0
2019-10-28,ZJV005VE,ST12000NM0007,12000138625024,0,83.0,197236494.0,96.0,0.0,100.0,4.0,100.0,0.0,82.0,156771580.0,83.0,15491.0,100.0,0.0,100.0,3.0,,,,,100.0,0.0,100.0,0.0,,,76.0,24.0,,,100.0,245.0,100.0,914.0,24.0,24.0,100.0,0.0,100.0,0.0,200.0,0.0,100.0,15321.0,100.0,62743672776.0,100.0,141799534233.0
2019-10-29,ZJV005VE,ST12000NM0007,12000138625024,0,74.0,26885992.0,96.0,0.0,100.0,4.0,100.0,0.0,82.0,158761596.0,83.0,15507.0,100.0,0.0,100.0,3.0,,,,,100.0,0.0,100.0,0.0,,,75.0,25.0,,,100.0,246.0,100.0,915.0,25.0,25.0,100.0,0.0,100.0,0.0,200.0,0.0,100.0,15336.0,100.0,62749572584.0,100.0,141867424705.0
2019-10-30,ZJV005VE,ST12000NM0007,12000138625024,0,100.0,1504.0,96.0,0.0,100.0,4.0,100.0,0.0,82.0,165195758.0,83.0,15554.0,100.0,0.0,100.0,3.0,,,,,100.0,0.0,100.0,0.0,,,75.0,25.0,,,100.0,248.0,100.0,918.0,25.0,25.0,100.0,0.0,100.0,0.0,200.0,0.0,100.0,15383.0,100.0,62794654528.0,100.0,142039598905.0
2019-10-31,ZJV005VE,ST12000NM0007,12000138625024,0,80.0,92083520.0,96.0,0.0,100.0,4.0,100.0,0.0,82.0,166346913.0,83.0,15570.0,100.0,0.0,100.0,3.0,,,,,100.0,0.0,100.0,0.0,,,75.0,25.0,,,100.0,248.0,100.0,918.0,25.0,25.0,100.0,0.0,100.0,0.0,200.0,0.0,100.0,15399.0,100.0,62814983736.0,100.0,142111351713.0
2019-11-01,ZJV005VE,ST12000NM0007,12000138625024,0,80.0,93258152.0,96.0,0.0,100.0,4.0,100.0,0.0,82.0,170911407.0,83.0,15602.0,100.0,0.0,100.0,3.0,,,,,100.0,0.0,100.0,0.0,,,75.0,25.0,,,100.0,248.0,100.0,920.0,25.0,25.0,100.0,0.0,100.0,0.0,200.0,0.0,100.0,15431.0,100.0,62840660088.0,100.0,142330990737.0
2019-11-02,ZJV005VE,ST12000NM0007,12000138625024,0,83.0,186773936.0,96.0,0.0,100.0,4.0,100.0,0.0,82.0,171932862.0,83.0,15618.0,100.0,0.0,100.0,3.0,,,,,100.0,0.0,100.0,0.0,,,75.0,25.0,,,100.0,248.0,100.0,920.0,25.0,25.0,100.0,0.0,100.0,0.0,200.0,0.0,100.0,15447.0,100.0,62852624608.0,100.0,142412542001.0
2019-11-03,ZJV005VE,ST12000NM0007,12000138625024,0,80.0,102653072.0,96.0,0.0,100.0,4.0,100.0,0.0,82.0,174860222.0,83.0,15649.0,100.0,0.0,100.0,3.0,,,,,100.0,0.0,100.0,0.0,,,74.0,26.0,,,100.0,248.0,100.0,922.0,26.0,26.0,100.0,0.0,100.0,0.0,200.0,0.0,100.0,15478.0,100.0,62875431776.0,100.0,142549754745.0
2019-11-04,ZJV005VE,ST12000NM0007,12000138625024,0,83.0,182410160.0,96.0,0.0,100.0,4.0,100.0,0.0,82.0,177512694.0,83.0,15665.0,100.0,0.0,100.0,3.0,,,,,100.0,0.0,100.0,0.0,,,75.0,25.0,,,100.0,248.0,100.0,922.0,25.0,25.0,100.0,0.0,100.0,0.0,200.0,0.0,100.0,15494.0,100.0,62889739224.0,100.0,142615204385.0
2019-11-06,ZJV005VE,ST12000NM0007,12000138625024,0,84.0,234578760.0,96.0,0.0,100.0,4.0,100.0,0.0,83.0,180897014.0,83.0,15713.0,100.0,0.0,100.0,3.0,,,,,100.0,0.0,100.0,0.0,,,75.0,25.0,,,100.0,249.0,100.0,924.0,25.0,25.0,100.0,0.0,100.0,0.0,200.0,0.0,100.0,15541.0,100.0,62933872080.0,100.0,142867381049.0
2019-11-07,ZJV005VE,ST12000NM0007,12000138625024,0,81.0,135401096.0,96.0,0.0,100.0,4.0,100.0,0.0,83.0,182829276.0,83.0,15744.0,100.0,0.0,100.0,3.0,,,,,100.0,0.0,100.0,0.0,,,76.0,24.0,,,100.0,249.0,100.0,926.0,24.0,24.0,100.0,0.0,100.0,0.0,200.0,0.0,100.0,15573.0,100.0,62962522008.0,100.0,142983694185.0
2019-11-08,ZJV005VE,ST12000NM0007,12000138625024,0,84.0,226278408.0,96.0,0.0,100.0,4.0,100.0,0.0,83.0,184714638.0,83.0,15760.0,100.0,0.0,100.0,3.0,,,,,100.0,0.0,100.0,0.0,,,75.0,25.0,,,100.0,249.0,100.0,926.0,25.0,25.0,100.0,0.0,100.0,0.0,200.0,0.0,100.0,15589.0,100.0,62973546048.0,100.0,143063547457.0
2019-11-09,ZJV005VE,ST12000NM0007,12000138625024,0,79.0,78355696.0,96.0,0.0,100.0,4.0,100.0,0.0,83.0,188981663.0,82.0,15792.0,100.0,0.0,100.0,3.0,,,,,100.0,0.0,100.0,0.0,,,75.0,25.0,,,100.0,249.0,100.0,928.0,25.0,25.0,100.0,0.0,100.0,0.0,200.0,0.0,100.0,15620.0,100.0,62999046488.0,100.0,143378405801.0
2019-11-10,ZJV005VE,ST12000NM0007,12000138625024,0,83.0,194675104.0,96.0,0.0,100.0,4.0,100.0,0.0,83.0,190070606.0,82.0,15807.0,100.0,0.0,100.0,3.0,,,,,100.0,0.0,100.0,0.0,,,75.0,25.0,,,100.0,249.0,100.0,928.0,25.0,25.0,100.0,0.0,100.0,0.0,200.0,0.0,100.0,15635.0,100.0,63009505248.0,100.0,143484266449.0
2019-11-11,ZJV005VE,ST12000NM0007,12000138625024,0,81.0,129139736.0,96.0,0.0,100.0,4.0,100.0,0.0,83.0,196863377.0,82.0,15839.0,100.0,0.0,100.0,3.0,,,,,100.0,0.0,100.0,0.0,,,75.0,25.0,,,100.0,250.0,100.0,930.0,25.0,25.0,100.0,0.0,100.0,0.0,200.0,0.0,100.0,15667.0,100.0,63036998296.0,100.0,143635378665.0
2019-11-12,ZJV005VE,ST12000NM0007,12000138625024,0,72.0,16452288.0,96.0,0.0,100.0,4.0,100.0,0.0,83.0,197932592.0,82.0,15855.0,100.0,0.0,100.0,3.0,,,,,100.0,0.0,100.0,0.0,,,75.0,25.0,,,100.0,250.0,100.0,930.0,25.0,25.0,100.0,0.0,100.0,0.0,200.0,0.0,100.0,15682.0,100.0,63051576808.0,100.0,143752253505.0
2019-11-13,ZJV005VE,ST12000NM0007,12000138625024,0,68.0,5975616.0,96.0,0.0,100.0,4.0,100.0,0.0,83.0,200175389.0,82.0,15886.0,100.0,0.0,100.0,3.0,,,,,100.0,0.0,100.0,0.0,,,75.0,25.0,,,100.0,250.0,100.0,931.0,25.0,25.0,100.0,0.0,100.0,0.0,200.0,0.0,100.0,15714.0,100.0,63083619000.0,100.0,143953875289.0
2019-11-14,ZJV005VE,ST12000NM0007,12000138625024,0,82.0,160136256.0,96.0,0.0,100.0,4.0,100.0,0.0,83.0,201455598.0,82.0,15902.0,100.0,0.0,100.0,3.0,,,,,100.0,0.0,100.0,0.0,,,74.0,26.0,,,100.0,250.0,100.0,932.0,26.0,26.0,100.0,0.0,100.0,0.0,200.0,0.0,100.0,15729.0,100.0,63098374472.0,100.0,144093280457.0
2019-11-15,ZJV005VE,ST12000NM0007,12000138625024,0,84.0,236936784.0,96.0,0.0,100.0,4.0,100.0,0.0,83.0,206459657.0,82.0,15934.0,100.0,0.0,100.0,3.0,,,,,100.0,0.0,100.0,0.0,,,76.0,24.0,,,100.0,250.0,100.0,933.0,24.0,24.0,100.0,0.0,100.0,0.0,200.0,0.0,100.0,15761.0,100.0,63128878864.0,100.0,144383727561.0
2019-11-16,ZJV005VE,ST12000NM0007,12000138625024,0,80.0,105522672.0,96.0,0.0,100.0,4.0,100.0,0.0,83.0,207560534.0,82.0,15949.0,100.0,0.0,100.0,3.0,,,,,100.0,0.0,100.0,0.0,,,75.0,25.0,,,100.0,250.0,100.0,934.0,25.0,25.0,100.0,0.0,100.0,0.0,200.0,0.0,100.0,15777.0,100.0,63139110920.0,100.0,144486222441.0
2019-11-17,ZJV005VE,ST12000NM0007,12000138625024,0,81.0,131236208.0,96.0,0.0,100.0,4.0,100.0,0.0,83.0,210449020.0,82.0,15981.0,100.0,0.0,100.0,3.0,,,,,100.0,0.0,100.0,0.0,,,73.0,27.0,,,100.0,250.0,100.0,935.0,27.0,27.0,100.0,0.0,100.0,0.0,200.0,0.0,100.0,15808.0,100.0,63171407912.0,100.0,144723779745.0
2019-11-18,ZJV005VE,ST12000NM0007,12000138625024,0,83.0,195165592.0,96.0,0.0,100.0,4.0,100.0,0.0,83.0,212017451.0,82.0,15997.0,100.0,0.0,100.0,3.0,,,,,100.0,0.0,100.0,0.0,,,75.0,25.0,,,100.0,250.0,100.0,936.0,25.0,25.0,100.0,0.0,100.0,0.0,200.0,0.0,100.0,15824.0,100.0,63183681432.0,100.0,144775435609.0
2019-11-19,ZJV005VE,ST12000NM0007,12000138625024,0,83.0,181701408.0,96.0,0.0,100.0,4.0,100.0,0.0,83.0,215465076.0,82.0,16029.0,100.0,0.0,100.0,3.0,,,,,100.0,0.0,100.0,0.0,,,76.0,24.0,,,100.0,251.0,100.0,937.0,24.0,24.0,100.0,0.0,100.0,0.0,200.0,0.0,100.0,15855.0,100.0,63209883216.0,100.0,144979910321.0
2019-11-20,ZJV005VE,ST12000NM0007,12000138625024,0,78.0,67328152.0,96.0,0.0,100.0,4.0,100.0,0.0,83.0,218254560.0,82.0,16060.0,100.0,0.0,100.0,3.0,,,,,100.0,0.0,100.0,0.0,,,75.0,25.0,,,100.0,252.0,100.0,939.0,25.0,25.0,100.0,0.0,100.0,0.0,200.0,0.0,100.0,15887.0,100.0,63243226128.0,100.0,145320475457.0
2019-11-21,ZJV005VE,ST12000NM0007,12000138625024,0,74.0,23693536.0,96.0,0.0,100.0,4.0,100.0,0.0,83.0,219267567.0,82.0,16076.0,100.0,0.0,100.0,3.0,,,,,100.0,0.0,100.0,0.0,,,75.0,25.0,,,100.0,252.0,100.0,940.0,25.0,25.0,100.0,0.0,100.0,0.0,200.0,0.0,100.0,15902.0,100.0,63254971400.0,100.0,145509236449.0
2019-11-22,ZJV005VE,ST12000NM0007,12000138625024,0,67.0,4940248.0,96.0,0.0,100.0,4.0,100.0,0.0,84.0,224140777.0,82.0,16107.0,100.0,0.0,100.0,3.0,,,,,100.0,0.0,100.0,0.0,,,76.0,24.0,,,100.0,252.0,100.0,941.0,24.0,24.0,100.0,0.0,100.0,0.0,200.0,0.0,100.0,15934.0,100.0,63286707136.0,100.0,145947028809.0
2019-11-23,ZJV005VE,ST12000NM0007,12000138625024,0,83.0,196483752.0,96.0,0.0,100.0,4.0,100.0,0.0,84.0,225164806.0,82.0,16123.0,100.0,0.0,100.0,3.0,,,,,100.0,0.0,100.0,0.0,,,76.0,24.0,,,100.0,252.0,100.0,942.0,24.0,24.0,100.0,0.0,100.0,0.0,200.0,0.0,100.0,15949.0,100.0,63288843608.0,100.0,146136435841.0
2019-11-24,ZJV005VE,ST12000NM0007,12000138625024,0,74.0,28066448.0,96.0,0.0,100.0,4.0,100.0,0.0,84.0,227331034.0,82.0,16155.0,100.0,0.0,100.0,3.0,,,,,100.0,0.0,100.0,0.0,,,76.0,24.0,,,100.0,252.0,100.0,943.0,24.0,24.0,100.0,0.0,100.0,0.0,200.0,0.0,100.0,15981.0,100.0,63290176792.0,100.0,146454966809.0
2019-11-25,ZJV005VE,ST12000NM0007,12000138625024,0,78.0,62386344.0,96.0,0.0,100.0,4.0,100.0,0.0,84.0,229540636.0,82.0,16171.0,100.0,0.0,100.0,3.0,,,,,100.0,0.0,100.0,0.0,,,76.0,24.0,,,100.0,253.0,100.0,944.0,24.0,24.0,100.0,0.0,100.0,0.0,200.0,0.0,100.0,15997.0,100.0,63290177688.0,100.0,146489285809.0
2019-11-26,ZJV005VE,ST12000NM0007,12000138625024,0,83.0,196929680.0,96.0,0.0,100.0,4.0,100.0,0.0,84.0,231441529.0,82.0,16202.0,100.0,0.0,100.0,3.0,,,,,100.0,0.0,100.0,0.0,,,76.0,24.0,,,100.0,254.0,100.0,945.0,24.0,24.0,100.0,0.0,100.0,0.0,200.0,0.0,100.0,16028.0,100.0,63290582616.0,100.0,146867565017.0
2019-11-27,ZJV005VE,ST12000NM0007,12000138625024,0,81.0,135471096.0,96.0,0.0,100.0,4.0,100.0,0.0,84.0,232329222.0,82.0,16218.0,100.0,0.0,100.0,3.0,,,,,100.0,0.0,100.0,0.0,,,76.0,24.0,,,100.0,254.0,100.0,946.0,24.0,24.0,100.0,0.0,100.0,0.0,200.0,0.0,100.0,16044.0,100.0,63290786136.0,100.0,147050044033.0
2019-11-28,ZJV005VE,ST12000NM0007,12000138625024,0,84.0,237969408.0,96.0,0.0,100.0,4.0,100.0,0.0,84.0,233949505.0,82.0,16250.0,100.0,0.0,100.0,3.0,,,,,100.0,0.0,100.0,0.0,,,76.0,24.0,,,100.0,254.0,100.0,947.0,24.0,24.0,100.0,0.0,100.0,0.0,200.0,0.0,100.0,16076.0,100.0,63291211176.0,100.0,147396258065.0
2019-11-29,ZJV005VE,ST12000NM0007,12000138625024,0,83.0,205043944.0,96.0,0.0,100.0,4.0,100.0,0.0,84.0,237090328.0,82.0,16266.0,100.0,0.0,100.0,3.0,,,,,100.0,0.0,100.0,0.0,,,76.0,24.0,,,100.0,254.0,100.0,948.0,24.0,24.0,100.0,0.0,100.0,0.0,200.0,0.0,100.0,16091.0,100.0,63291423576.0,100.0,147607260881.0
2019-11-30,ZJV005VE,ST12000NM0007,12000138625024,0,77.0,51963048.0,96.0,0.0,100.0,4.0,100.0,0.0,84.0,238691982.0,82.0,16297.0,100.0,0.0,100.0,3.0,,,,,100.0,0.0,100.0,0.0,,,76.0,24.0,,,100.0,255.0,100.0,949.0,24.0,24.0,100.0,0.0,100.0,0.0,200.0,0.0,100.0,16123.0,100.0,63291834120.0,100.0,147942050993.0
2019-12-01,ZJV005VE,ST12000NM0007,12000138625024,0,84.0,225573760.0,96.0,0.0,100.0,4.0,100.0,0.0,84.0,239525350.0,82.0,16313.0,100.0,0.0,100.0,3.0,,,,,100.0,0.0,100.0,0.0,,,76.0,24.0,,,100.0,255.0,100.0,950.0,24.0,24.0,100.0,0.0,100.0,0.0,200.0,0.0,100.0,16138.0,100.0,63292038264.0,100.0,148115457561.0
2019-12-02,ZJV005VE,ST12000NM0007,12000138625024,0,71.0,13404064.0,96.0,0.0,100.0,4.0,100.0,0.0,84.0,242987409.0,82.0,16345.0,100.0,0.0,100.0,3.0,,,,,100.0,0.0,100.0,0.0,,,76.0,24.0,,,100.0,255.0,100.0,951.0,24.0,24.0,100.0,0.0,100.0,0.0,200.0,0.0,100.0,16170.0,100.0,63292302168.0,100.0,148391305393.0
2019-12-03,ZJV005VE,ST12000NM0007,12000138625024,0,82.0,162903072.0,96.0,0.0,100.0,4.0,100.0,0.0,84.0,243736357.0,82.0,16360.0,100.0,0.0,100.0,3.0,,,,,100.0,0.0,100.0,0.0,,,76.0,24.0,,,100.0,255.0,100.0,952.0,24.0,24.0,100.0,0.0,100.0,0.0,200.0,0.0,100.0,16186.0,100.0,63292507672.0,100.0,148540598897.0
2019-12-04,ZJV005VE,ST12000NM0007,12000138625024,0,84.0,235750280.0,96.0,0.0,100.0,4.0,100.0,0.0,84.0,245283887.0,82.0,16392.0,100.0,0.0,100.0,3.0,,,,,100.0,0.0,100.0,0.0,,,76.0,24.0,,,100.0,256.0,100.0,953.0,24.0,24.0,100.0,0.0,100.0,0.0,200.0,0.0,100.0,16217.0,100.0,63292918760.0,100.0,148857175713.0
2019-12-05,ZJV005VE,ST12000NM0007,12000138625024,0,78.0,60965184.0,96.0,0.0,100.0,4.0,100.0,0.0,84.0,247130562.0,82.0,16424.0,100.0,0.0,100.0,3.0,,,,,100.0,0.0,100.0,0.0,,,75.0,25.0,,,100.0,256.0,100.0,955.0,25.0,25.0,100.0,0.0,100.0,0.0,200.0,0.0,100.0,16249.0,100.0,63293330496.0,100.0,149170260241.0
2019-12-06,ZJV005VE,ST12000NM0007,12000138625024,0,84.0,239277472.0,96.0,0.0,100.0,4.0,100.0,0.0,84.0,250196938.0,82.0,16439.0,100.0,0.0,100.0,3.0,,,,,100.0,0.0,100.0,0.0,,,76.0,24.0,,,100.0,256.0,100.0,955.0,24.0,24.0,100.0,0.0,100.0,0.0,200.0,0.0,100.0,16264.0,100.0,63293534936.0,100.0,149348368089.0
2019-12-07,ZJV005VE,ST12000NM0007,12000138625024,0,81.0,112437400.0,96.0,0.0,100.0,4.0,100.0,0.0,84.0,252548692.0,82.0,16471.0,100.0,0.0,100.0,3.0,,,,,100.0,0.0,100.0,0.0,,,76.0,24.0,,,100.0,258.0,100.0,957.0,24.0,24.0,100.0,0.0,100.0,0.0,200.0,0.0,100.0,16296.0,100.0,63293948608.0,100.0,149709395705.0
2019-12-08,ZJV005VE,ST12000NM0007,12000138625024,0,75.0,32492832.0,96.0,0.0,100.0,4.0,100.0,0.0,84.0,254162368.0,82.0,16487.0,100.0,0.0,100.0,3.0,,,,,100.0,0.0,100.0,0.0,,,76.0,24.0,,,100.0,258.0,100.0,957.0,24.0,24.0,100.0,0.0,100.0,0.0,200.0,0.0,100.0,16312.0,100.0,63294088192.0,100.0,149873452201.0
2019-12-09,ZJV005VE,ST12000NM0007,12000138625024,0,77.0,49281104.0,96.0,0.0,100.0,4.0,100.0,0.0,84.0,257449464.0,82.0,16519.0,100.0,0.0,100.0,3.0,,,,,100.0,0.0,100.0,0.0,,,76.0,24.0,,,100.0,258.0,100.0,959.0,24.0,24.0,100.0,0.0,100.0,0.0,200.0,0.0,100.0,16343.0,100.0,63294355912.0,100.0,150134113497.0
2019-12-10,ZJV005VE,ST12000NM0007,12000138625024,0,100.0,2226920.0,96.0,0.0,100.0,4.0,100.0,0.0,84.0,258461084.0,82.0,16535.0,100.0,0.0,100.0,3.0,,,,,100.0,0.0,100.0,0.0,,,76.0,24.0,,,100.0,258.0,100.0,959.0,24.0,24.0,100.0,0.0,100.0,0.0,200.0,0.0,100.0,16359.0,100.0,63294563928.0,100.0,150330991945.0
2019-12-11,ZJV005VE,ST12000NM0007,12000138625024,0,82.0,172177552.0,96.0,0.0,100.0,4.0,100.0,0.0,84.0,259415464.0,82.0,16551.0,100.0,0.0,100.0,3.0,,,,,100.0,0.0,100.0,0.0,,,76.0,24.0,,,100.0,258.0,100.0,960.0,24.0,24.0,100.0,0.0,100.0,0.0,200.0,0.0,100.0,16375.0,100.0,63294771168.0,100.0,150500735337.0
2019-12-12,ZJV005VE,ST12000NM0007,12000138625024,0,71.0,13435472.0,96.0,0.0,100.0,4.0,100.0,0.0,84.0,261267305.0,82.0,16582.0,100.0,0.0,100.0,3.0,,,,,100.0,0.0,100.0,0.0,,,76.0,24.0,,,100.0,259.0,100.0,961.0,24.0,24.0,100.0,0.0,100.0,0.0,200.0,0.0,100.0,16406.0,100.0,63295180808.0,100.0,150829864961.0
2019-12-13,ZJV005VE,ST12000NM0007,12000138625024,0,84.0,231242696.0,96.0,0.0,100.0,4.0,100.0,0.0,84.0,263659546.0,82.0,16598.0,100.0,0.0,100.0,3.0,,,,,100.0,0.0,100.0,0.0,,,75.0,25.0,,,100.0,260.0,100.0,962.0,25.0,25.0,100.0,0.0,100.0,0.0,200.0,0.0,100.0,16422.0,100.0,63295387104.0,100.0,151047465889.0
2019-12-14,ZJV005VE,ST12000NM0007,12000138625024,0,78.0,58811600.0,96.0,0.0,100.0,4.0,100.0,0.0,84.0,266358166.0,82.0,16630.0,100.0,0.0,100.0,3.0,,,,,100.0,0.0,100.0,0.0,,,76.0,24.0,,,100.0,261.0,100.0,963.0,24.0,24.0,100.0,0.0,100.0,0.0,200.0,0.0,100.0,16453.0,100.0,63295794672.0,100.0,151362908593.0
2019-12-15,ZJV005VE,ST12000NM0007,12000138625024,0,83.0,212781848.0,96.0,0.0,100.0,4.0,100.0,0.0,84.0,267230840.0,81.0,16646.0,100.0,0.0,100.0,3.0,,,,,100.0,0.0,100.0,0.0,,,76.0,24.0,,,100.0,261.0,100.0,964.0,24.0,24.0,100.0,0.0,100.0,0.0,200.0,0.0,100.0,16469.0,100.0,63295986968.0,100.0,151516686545.0
2019-12-16,ZJV005VE,ST12000NM0007,12000138625024,0,74.0,26599744.0,96.0,0.0,100.0,4.0,100.0,0.0,84.0,270817625.0,81.0,16677.0,100.0,0.0,100.0,3.0,,,,,100.0,0.0,100.0,0.0,,,76.0,24.0,,,100.0,262.0,100.0,965.0,24.0,24.0,100.0,0.0,100.0,0.0,200.0,0.0,100.0,16500.0,100.0,63296267768.0,100.0,151818505041.0
2019-12-17,ZJV005VE,ST12000NM0007,12000138625024,0,83.0,215644288.0,96.0,0.0,100.0,4.0,100.0,0.0,84.0,271662873.0,81.0,16693.0,100.0,0.0,100.0,3.0,,,,,100.0,0.0,100.0,0.0,,,76.0,24.0,,,100.0,262.0,100.0,966.0,24.0,24.0,100.0,0.0,100.0,0.0,200.0,0.0,100.0,16516.0,100.0,63296473616.0,100.0,152007343737.0
2019-12-18,ZJV005VE,ST12000NM0007,12000138625024,0,81.0,113964928.0,96.0,0.0,100.0,4.0,100.0,0.0,84.0,273369307.0,81.0,16725.0,100.0,0.0,100.0,3.0,,,,,100.0,0.0,100.0,0.0,,,76.0,24.0,,,100.0,263.0,100.0,967.0,24.0,24.0,100.0,0.0,100.0,0.0,200.0,0.0,100.0,16548.0,100.0,63296882400.0,100.0,152393537233.0
2019-12-19,ZJV005VE,ST12000NM0007,12000138625024,0,69.0,8462128.0,96.0,0.0,100.0,4.0,100.0,0.0,84.0,274995381.0,81.0,16756.0,100.0,0.0,100.0,3.0,,,,,100.0,0.0,100.0,0.0,,,76.0,24.0,,,100.0,264.0,100.0,970.0,24.0,24.0,100.0,0.0,100.0,0.0,200.0,0.0,100.0,16579.0,100.0,63297290920.0,100.0,152775907351.0
2019-12-20,ZJV005VE,ST12000NM0007,12000138625024,0,83.0,192943632.0,96.0,0.0,100.0,4.0,100.0,0.0,84.0,275840863.0,81.0,16772.0,100.0,0.0,100.0,3.0,,,,,100.0,0.0,100.0,0.0,,,76.0,24.0,,,100.0,264.0,100.0,970.0,24.0,24.0,100.0,0.0,100.0,0.0,200.0,0.0,100.0,16594.0,100.0,63297495240.0,100.0,152960184535.0
2019-12-21,ZJV005VE,ST12000NM0007,12000138625024,0,76.0,36263208.0,96.0,0.0,100.0,4.0,100.0,0.0,84.0,277355874.0,81.0,16804.0,100.0,0.0,100.0,3.0,,,,,100.0,0.0,100.0,0.0,,,76.0,24.0,,,100.0,264.0,100.0,972.0,24.0,24.0,100.0,0.0,100.0,0.0,200.0,0.0,100.0,16626.0,100.0,63297904672.0,100.0,153291376287.0
2019-12-22,ZJV005VE,ST12000NM0007,12000138625024,0,83.0,198293440.0,96.0,0.0,100.0,4.0,100.0,0.0,84.0,278102564.0,81.0,16820.0,100.0,0.0,100.0,3.0,,,,,100.0,0.0,100.0,0.0,,,76.0,24.0,,,100.0,264.0,100.0,972.0,24.0,24.0,100.0,0.0,100.0,0.0,200.0,0.0,100.0,16642.0,100.0,63298110840.0,100.0,153453200351.0
2019-12-23,ZJV005VE,ST12000NM0007,12000138625024,0,77.0,47496608.0,96.0,0.0,100.0,4.0,100.0,0.0,84.0,279651610.0,81.0,16851.0,100.0,0.0,100.0,3.0,,,,,100.0,0.0,100.0,0.0,,,76.0,24.0,,,100.0,265.0,100.0,974.0,24.0,24.0,100.0,0.0,100.0,0.0,200.0,0.0,100.0,16673.0,100.0,63298517312.0,100.0,153790278535.0
2019-12-24,ZJV005VE,ST12000NM0007,12000138625024,0,83.0,209197896.0,96.0,0.0,100.0,4.0,100.0,0.0,84.0,280392079.0,81.0,16867.0,100.0,0.0,100.0,3.0,,,,,100.0,0.0,100.0,0.0,,,76.0,24.0,,,100.0,265.0,100.0,974.0,24.0,24.0,100.0,0.0,100.0,0.0,200.0,0.0,100.0,16689.0,100.0,63298720744.0,100.0,153951776391.0
2019-12-25,ZJV005VE,ST12000NM0007,12000138625024,0,78.0,59594136.0,96.0,0.0,100.0,4.0,100.0,0.0,85.0,281910346.0,81.0,16898.0,100.0,0.0,100.0,3.0,,,,,100.0,0.0,100.0,0.0,,,76.0,24.0,,,100.0,266.0,100.0,976.0,24.0,24.0,100.0,0.0,100.0,0.0,200.0,0.0,100.0,16720.0,100.0,63299126120.0,100.0,154290048639.0
2019-12-26,ZJV005VE,ST12000NM0007,12000138625024,0,83.0,219600184.0,96.0,0.0,100.0,4.0,100.0,0.0,85.0,282661029.0,81.0,16914.0,100.0,0.0,100.0,3.0,,,,,100.0,0.0,100.0,0.0,,,76.0,24.0,,,100.0,266.0,100.0,976.0,24.0,24.0,100.0,0.0,100.0,0.0,200.0,0.0,100.0,16735.0,100.0,63299327848.0,100.0,154449852959.0
2019-12-27,ZJV005VE,ST12000NM0007,12000138625024,0,75.0,30369024.0,96.0,0.0,100.0,4.0,100.0,0.0,85.0,284055012.0,81.0,16945.0,100.0,0.0,100.0,3.0,,,,,100.0,0.0,100.0,0.0,,,76.0,24.0,,,100.0,268.0,100.0,978.0,24.0,24.0,100.0,0.0,100.0,0.0,200.0,0.0,100.0,16766.0,100.0,63299734376.0,100.0,154748496887.0
2019-12-28,ZJV005VE,ST12000NM0007,12000138625024,0,83.0,181249784.0,96.0,0.0,100.0,4.0,100.0,0.0,85.0,284872469.0,81.0,16961.0,100.0,0.0,100.0,3.0,,,,,100.0,0.0,100.0,0.0,,,76.0,24.0,,,100.0,268.0,100.0,978.0,24.0,24.0,100.0,0.0,100.0,0.0,200.0,0.0,100.0,16782.0,100.0,63299936912.0,100.0,154899175111.0
2019-12-29,ZJV005VE,ST12000NM0007,12000138625024,0,84.0,228921928.0,96.0,0.0,100.0,4.0,100.0,0.0,85.0,286551821.0,81.0,16992.0,100.0,0.0,100.0,3.0,,,,,100.0,0.0,100.0,0.0,,,76.0,24.0,,,100.0,268.0,100.0,980.0,24.0,24.0,100.0,0.0,100.0,0.0,200.0,0.0,100.0,16813.0,100.0,63300344136.0,100.0,155190580703.0
2019-12-30,ZJV005VE,ST12000NM0007,12000138625024,0,82.0,148837472.0,96.0,0.0,100.0,4.0,100.0,0.0,85.0,287412640.0,81.0,17008.0,100.0,0.0,100.0,3.0,,,,,100.0,0.0,100.0,0.0,,,76.0,24.0,,,100.0,268.0,100.0,980.0,24.0,24.0,100.0,0.0,100.0,0.0,200.0,0.0,100.0,16829.0,100.0,63300547360.0,100.0,155354433799.0
2019-12-31,ZJV005VE,ST12000NM0007,12000138625024,0,68.0,6465808.0,96.0,0.0,100.0,4.0,100.0,0.0,85.0,289216782.0,81.0,17039.0,100.0,0.0,100.0,3.0,,,,,100.0,0.0,100.0,0.0,,,76.0,24.0,,,100.0,269.0,100.0,982.0,24.0,24.0,100.0,0.0,100.0,0.0,200.0,0.0,100.0,16860.0,100.0,63300953368.0,100.0,155699937495.0
