2019-01-01,ZJV059MZ,ST12000NM0007,12000138625024,0,83,187919184,89.0,0.0,100.0,10.0,100.0,0.0,88.0,623125622.0,94,5690,100.0,0.0,100,10,,,,,100.0,0.0,100.0,0.0,,,69.0,31.0,,,100.0,70.0,100.0,665.0,31,31,100.0,0.0,100.0,0.0,200.0,0.0,100.0,5522.0,100.0,34485034120.0,100.0,47490080908.0
2019-01-02,ZJV059MZ,ST12000NM0007,12000138625024,0,80,89875066,89.0,0.0,100.0,11.0,100.0,0.0,88.0,624656012.0,94,5712,100.0,0.0,100,11,,,,,100.0,0.0,100.0,0.0,,,69.0,31.0,,,100.0,70.0,100.0,667.0,31,31,100.0,0.0,100.0,0.0,200.0,0.0,100.0,5543.0,100.0,34502766144.0,100.0,47618445670.0
2019-01-03,ZJV059MZ,ST12000NM0007,12000138625024,0,83.0,217789418.0,89.0,0.0,100.0,11.0,100.0,0.0,88.0,626377281.0,94.0,5731.0,100.0,0.0,100.0,11.0,,,,,100.0,0.0,100.0,0.0,,,69.0,31.0,,,100.0,70.0,100.0,668.0,31.0,31.0,100.0,0.0,100.0,0.0,200.0,0.0,100.0,5562.0,100.0,34520367240.0,100.0,47728758926.0
2019-01-04,ZJV059MZ,ST12000NM0007,12000138625024,0,77,51862616,89.0,0.0,100.0,11.0,100.0,0.0,88.0,627094078.0,94,5748,100.0,0.0,100,11,,,,,100.0,0.0,100.0,0.0,,,68.0,32.0,,,100.0,70.0,100.0,668.0,32,32,100.0,0.0,100.0,0.0,200.0,0.0,100.0,5580.0,100.0,34534287128.0,100.0,47793052982.0
2019-01-05,ZJV059MZ,ST12000NM0007,12000138625024,0,71,11555840,89.0,0.0,100.0,11.0,100.0,0.0,88.0,628786882.0,94,5780,100.0,0.0,100,11,,,,,100.0,0.0,100.0,0.0,,,69.0,31.0,,,100.0,71.0,100.0,670.0,31,31,100.0,0.0,100.0,0.0,200.0,0.0,100.0,5611.0,100.0,34560125808.0,100.0,47971048166.0
2019-01-06,ZJV059MZ,ST12000NM0007,12000138625024,0,82,165706600,89.0,0.0,100.0,11.0,100.0,0.0,88.0,629818153.0,94,5796,100.0,0.0,100,11,,,,,100.0,0.0,100.0,0.0,,,68.0,32.0,,,100.0,71.0,100.0,670.0,32,32,100.0,0.0,100.0,0.0,200.0,0.0,100.0,5627.0,100.0,34578879224.0,100.0,48106445510.0
2019-01-07,ZJV059MZ,ST12000NM0007,12000138625024,0,82,157742904,89.0,0.0,100.0,11.0,100.0,0.0,88.0,632382949.0,94,5828,100.0,0.0,100,11,,,,,100.0,0.0,100.0,0.0,,,69.0,31.0,,,100.0,72.0,100.0,672.0,31,31,100.0,0.0,100.0,0.0,200.0,0.0,100.0,5659.0,100.0,34621814688.0,100.0,48299687102.0
2019-01-08,ZJV059MZ,ST12000NM0007,12000138625024,0,75,31102104,89.0,0.0,100.0,11.0,100.0,0.0,88.0,633489180.0,94,5844,100.0,0.0,100,11,,,,,100.0,0.0,100.0,0.0,,,67.0,33.0,,,100.0,72.0,100.0,672.0,33,33,100.0,0.0,100.0,0.0,200.0,0.0,100.0,5674.0,100.0,34648879024.0,100.0,48390122846.0
2019-01-09,ZJV059MZ,ST12000NM0007,12000138625024,0,75,29285632,89.0,0.0,100.0,11.0,100.0,0.0,88.0,635935968.0,94,5875,100.0,0.0,100,11,,,,,100.0,0.0,100.0,0.0,,,69.0,31.0,,,100.0,73.0,100.0,674.0,31,31,100.0,0.0,100.0,0.0,200.0,0.0,100.0,5706.0,100.0,34710472776.0,100.0,48570853406.0
2019-01-10,ZJV059MZ,ST12000NM0007,12000138625024,0,82,156845880,89.0,0.0,100.0,11.0,100.0,0.0,88.0,637531435.0,94,5891,100.0,0.0,100,11,,,,,100.0,0.0,100.0,0.0,,,69.0,31.0,,,100.0,73.0,100.0,674.0,31,31,100.0,0.0,100.0,0.0,200.0,0.0,100.0,5722.0,100.0,34716462592.0,100.0,48692423838.0
2019-01-11,ZJV059MZ,ST12000NM0007,12000138625024,0,81.0,124280304.0,89.0,0.0,100.0,11.0,100.0,0.0,88.0,639026484.0,94.0,5923.0,100.0,0.0,100.0,11.0,,,,,100.0,0.0,100.0,0.0,,,69.0,31.0,,,100.0,74.0,100.0,676.0,31.0,31.0,100.0,0.0,100.0,0.0,200.0,0.0,100.0,5753.0,100.0,34738866544.0,100.0,48881595006.0
2019-01-12,ZJV059MZ,ST12000NM0007,12000138625024,0,65,3532304,89.0,0.0,100.0,11.0,100.0,0.0,88.0,639723529.0,94,5939,100.0,0.0,100,11,,,,,100.0,0.0,100.0,0.0,,,69.0,31.0,,,100.0,74.0,100.0,676.0,31,31,100.0,0.0,100.0,0.0,200.0,0.0,100.0,5769.0,100.0,34746463568.0,100.0,48997390726.0
2019-01-13,ZJV059MZ,ST12000NM0007,12000138625024,0,83,181551504,89.0,0.0,100.0,11.0,100.0,0.0,88.0,641220301.0,94,5971,100.0,0.0,100,11,,,,,100.0,0.0,100.0,0.0,,,69.0,31.0,,,100.0,75.0,100.0,678.0,31,31,100.0,0.0,100.0,0.0,200.0,0.0,100.0,5801.0,100.0,34770903656.0,100.0,49150969838.0
2019-01-14,ZJV059MZ,ST12000NM0007,12000138625024,0,80,96776352,89.0,0.0,100.0,11.0,100.0,0.0,88.0,642621278.0,94,5987,100.0,0.0,100,11,,,,,100.0,0.0,100.0,0.0,,,69.0,31.0,,,100.0,75.0,100.0,678.0,31,31,100.0,0.0,100.0,0.0,200.0,0.0,100.0,5817.0,100.0,34782223760.0,100.0,49299015470.0
2019-01-15,ZJV059MZ,ST12000NM0007,12000138625024,0,73.0,20951736.0,89.0,0.0,100.0,11.0,100.0,0.0,88.0,643888084.0,94.0,6019.0,100.0,0.0,100.0,11.0,,,,,100.0,0.0,100.0,0.0,,,70.0,30.0,,,100.0,77.0,100.0,680.0,30.0,30.0,100.0,0.0,100.0,0.0,200.0,0.0,100.0,5849.0,100.0,34806554568.0,100.0,49443000718.0
2019-01-16,ZJV059MZ,ST12000NM0007,12000138625024,0,71,11447448,89.0,0.0,100.0,11.0,100.0,0.0,88.0,645618597.0,94,6051,100.0,0.0,100,11,,,,,100.0,0.0,100.0,0.0,,,69.0,31.0,,,100,78,100.0,681.0,31,31,100.0,0.0,100.0,0.0,200.0,0.0,100.0,5880.0,100.0,34825335408.0,100.0,49658856478.0
2019-01-17,ZJV059MZ,ST12000NM0007,12000138625024,0,80,96234792,89.0,0.0,100.0,11.0,100.0,0.0,88.0,646367711.0,94,6066,100.0,0.0,100,11,,,,,100.0,0.0,100.0,0.0,,,69.0,31.0,,,100,78,100.0,682.0,31,31,100.0,0.0,100.0,0.0,200.0,0.0,100.0,5896.0,100.0,34838895496.0,100.0,49730083734.0
2019-01-18,ZJV059MZ,ST12000NM0007,12000138625024,0,83,193214648,89.0,0.0,100.0,11.0,100.0,0.0,88.0,647087246.0,94,6082,100.0,0.0,100,11,,,,,100.0,0.0,100.0,0.0,,,70.0,30.0,,,100,78,100.0,682.0,30,30,100.0,0.0,100.0,0.0,200.0,0.0,100.0,5912.0,100.0,34847446568.0,100.0,49818512518.0
2019-01-19,ZJV059MZ,ST12000NM0007,12000138625024,0,82,175491984,89.0,0.0,100.0,11.0,100.0,0.0,88.0,648615518.0,94,6114,100.0,0.0,100,11,,,,,100.0,0.0,100.0,0.0,,,70.0,30.0,,,100,80,100.0,684.0,30,30,100.0,0.0,100.0,0.0,200.0,0.0,100.0,5944.0,100.0,34871703984.0,100.0,50020673294.0
2019-01-20,ZJV059MZ,ST12000NM0007,12000138625024,0,71,11895504,89.0,0.0,100.0,11.0,100.0,0.0,88.0,649195958.0,94,6130,100.0,0.0,100,11,,,,,100.0,0.0,100.0,0.0,,,70.0,30.0,,,100,80,100.0,684.0,30,30,100.0,0.0,100.0,0.0,200.0,0.0,100.0,5959.0,100.0,34880002208.0,100.0,50092919334.0
2019-01-21,ZJV059MZ,ST12000NM0007,12000138625024,0,83,194694488,89.0,0.0,100.0,11.0,100.0,0.0,88.0,651082526.0,93,6161,100.0,0.0,100,11,,,,,100.0,0.0,100.0,0.0,,,70.0,30.0,,,100,81,100.0,685.0,30,30,100.0,0.0,100.0,0.0,200.0,0.0,100.0,5991.0,100.0,34901840888.0,100.0,50253879638.0
2019-01-22,ZJV059MZ,ST12000NM0007,12000138625024,0,74.0,26171288.0,89.0,0.0,100.0,11.0,100.0,0.0,88.0,651737064.0,93.0,6177.0,100.0,0.0,100.0,11.0,,,,,100.0,0.0,100.0,0.0,,,70.0,30.0,,,100.0,81.0,100.0,686.0,30.0,30.0,100.0,0.0,100.0,0.0,200.0,0.0,100.0,6007.0,100.0,34912217640.0,100.0,50319120438.0
2019-01-23,ZJV059MZ,ST12000NM0007,12000138625024,0,83.0,193865776.0,89.0,0.0,100.0,11.0,100.0,0.0,88.0,654143604.0,93.0,6209.0,100.0,0.0,100.0,11.0,,,,,100.0,0.0,100.0,0.0,,,69.0,31.0,,,100.0,82.0,100.0,687.0,31.0,31.0,100.0,0.0,100.0,0.0,200.0,0.0,100.0,6038.0,100.0,34940562040.0,100.0,50458470526.0
2019-01-24,ZJV059MZ,ST12000NM0007,12000138625024,0,80.0,94780104.0,89.0,0.0,100.0,11.0,100.0,0.0,88.0,655982091.0,93.0,6225.0,100.0,0.0,100.0,11.0,,,,,100.0,0.0,100.0,0.0,,,69.0,31.0,,,100.0,82.0,100.0,689.0,31.0,31.0,100.0,0.0,100.0,0.0,200.0,0.0,100.0,6054.0,100.0,34956774048.0,100.0,50587313478.0
2019-01-25,ZJV059MZ,ST12000NM0007,12000138625024,0,78,62519328,89.0,0.0,100.0,11.0,100.0,0.0,88.0,657858736.0,93,6257,100.0,0.0,100,11,,,,,100.0,0.0,100.0,0.0,,,69.0,31.0,,,100,82,100.0,690.0,31,31,100.0,0.0,100.0,0.0,200.0,0.0,100.0,6086.0,100.0,34991806176.0,100.0,50764161382.0
2019-01-26,ZJV059MZ,ST12000NM0007,12000138625024,0,82,152852136,89.0,0.0,100.0,11.0,100.0,0.0,88.0,658921342.0,93,6273,100.0,0.0,100,11,,,,,100.0,0.0,100.0,0.0,,,67.0,33.0,,,100,82,100.0,691.0,33,33,100.0,0.0,100.0,0.0,200.0,0.0,100.0,6101.0,100.0,35002892800.0,100.0,50843407566.0
2019-01-27,ZJV059MZ,ST12000NM0007,12000138625024,0,80,96919760,89.0,0.0,100.0,11.0,100.0,0.0,88.0,661726913.0,93,6304,100.0,0.0,100,11,,,,,100.0,0.0,100.0,0.0,,,69.0,31.0,,,100,83,100.0,692.0,31,31,100.0,0.0,100.0,0.0,200.0,0.0,100.0,6133.0,100.0,35032096456.0,100.0,51002412534.0
2019-01-28,ZJV059MZ,ST12000NM0007,12000138625024,0,84,224898216,89.0,0.0,100.0,11.0,100.0,0.0,88.0,663028100.0,93,6320,100.0,0.0,100,11,,,,,100.0,0.0,100.0,0.0,,,68.0,32.0,,,100,84,100.0,693.0,32,32,100.0,0.0,100.0,0.0,200.0,0.0,100.0,6149.0,100.0,35061670944.0,100.0,51100816502.0
2019-01-29,ZJV059MZ,ST12000NM0007,12000138625024,0,70,10139840,89.0,0.0,100.0,11.0,100.0,0.0,88.0,666059902.0,93,6354,100.0,0.0,100,11,,,,,100.0,0.0,100.0,0.0,,,69.0,31.0,,,100,84,100.0,706.0,31,31,100.0,0.0,100.0,0.0,200.0,0.0,100.0,6180.0,100.0,35118721976.0,100.0,51317288658.0
2019-01-30,ZJV059MZ,ST12000NM0007,12000138625024,0,80,106229824,89.0,0.0,100.0,11.0,100.0,0.0,88.0,667332288.0,93,6370,100.0,0.0,100,11,,,,,100.0,0.0,100.0,0.0,,,69.0,31.0,,,100,84,100.0,706.0,31,31,100.0,0.0,100.0,0.0,200.0,0.0,100.0,6196.0,100.0,35140144056.0,100.0,51391956562.0
2019-01-31,ZJV059MZ,ST12000NM0007,12000138625024,0,79,73730360,89.0,0.0,100.0,11.0,100.0,0.0,88.0,670161466.0,93,6402,100.0,0.0,100,11,,,,,100.0,0.0,100.0,0.0,,,69.0,31.0,,,100,84,100.0,708.0,31,31,100.0,0.0,100.0,0.0,200.0,0.0,100.0,6227.0,100.0,35196502240.0,100.0,51547239746.0
2019-02-01,ZJV059MZ,ST12000NM0007,12000138625024,0,83,180553728,89.0,0.0,100.0,11.0,100.0,0.0,88.0,671291467.0,93,6417,100.0,0.0,100,11,,,,,100.0,0.0,100.0,0.0,,,69.0,31.0,,,100,84,100.0,708.0,31,31,100.0,0.0,100.0,0.0,200.0,0.0,100.0,6243.0,100.0,35218550296.0,100.0,51632015058.0
2019-02-02,ZJV059MZ,ST12000NM0007,12000138625024,0,82.0,158174640.0,89.0,0.0,100.0,11.0,100.0,0.0,88.0,673535746.0,93.0,6449.0,100.0,0.0,100.0,11.0,,,,,100.0,0.0,100.0,0.0,,,69.0,31.0,,,100.0,85.0,100.0,710.0,31.0,31.0,100.0,0.0,100.0,0.0,200.0,0.0,100.0,6274.0,100.0,35259148488.0,100.0,51813178426.0
2019-02-03,ZJV059MZ,ST12000NM0007,12000138625024,0,81,116833184,89.0,0.0,100.0,11.0,100.0,0.0,88.0,676048089.0,93,6465,100.0,0.0,100,11,,,,,100.0,0.0,100.0,0.0,,,69.0,31.0,,,100,85,100.0,710.0,31,31,100.0,0.0,100.0,0.0,200.0,0.0,100.0,6290.0,100.0,35298236336.0,100.0,51976890034.0
2019-02-04,ZJV059MZ,ST12000NM0007,12000138625024,0,81,115289200,89.0,0.0,100.0,11.0,100.0,0.0,88.0,679293946.0,93,6497,100.0,0.0,100,11,,,,,100.0,0.0,100.0,0.0,,,69.0,31.0,,,100,86,100.0,712.0,31,31,100.0,0.0,100.0,0.0,200.0,0.0,100.0,6322.0,100.0,35373599312.0,100.0,52144123890.0
2019-02-05,ZJV059MZ,ST12000NM0007,12000138625024,0,84.0,226330640.0,89.0,0.0,100.0,11.0,100.0,0.0,88.0,680768191.0,93.0,6513.0,100.0,0.0,100.0,11.0,,,,,100.0,0.0,100.0,0.0,,,69.0,31.0,,,100.0,86.0,100.0,712.0,31.0,31.0,100.0,0.0,100.0,0.0,200.0,0.0,100.0,6337.0,100.0,35412724584.0,100.0,52216040058.0
2019-02-06,ZJV059MZ,ST12000NM0007,12000138625024,0,76,44399984,89.0,0.0,100.0,11.0,100.0,0.0,88.0,683354806.0,93,6545,100.0,0.0,100,11,,,,,100.0,0.0,100.0,0.0,,,70.0,30.0,,,100,87,100.0,714.0,30,30,100.0,0.0,100.0,0.0,200.0,0.0,100.0,6369.0,100.0,35459647008.0,100.0,52475468506.0
2019-02-07,ZJV059MZ,ST12000NM0007,12000138625024,0,83.0,207198672.0,89.0,0.0,100.0,11.0,100.0,0.0,88.0,685526126.0,93.0,6561.0,100.0,0.0,100.0,11.0,,,,,100.0,0.0,100.0,0.0,,,68.0,32.0,,,100.0,87.0,100.0,714.0,32.0,32.0,100.0,0.0,100.0,0.0,200.0,0.0,100.0,6385.0,100.0,35507682312.0,100.0,52590231890.0
2019-02-08,ZJV059MZ,ST12000NM0007,12000138625024,0,83,190488920,89.0,0.0,100.0,11.0,100.0,0.0,88.0,687653097.0,93,6592,100.0,0.0,100,11,,,,,100.0,0.0,100.0,0.0,,,70.0,30.0,,,100,88,100.0,716.0,30,30,100.0,0.0,100.0,0.0,200.0,0.0,100.0,6416.0,100.0,35561646600.0,100.0,52763698554.0
2019-02-09,ZJV059MZ,ST12000NM0007,12000138625024,0,75.0,35314656.0,89.0,0.0,100.0,11.0,100.0,0.0,88.0,688484816.0,93.0,6608.0,100.0,0.0,100.0,11.0,,,,,100.0,0.0,100.0,0.0,,,70.0,30.0,,,100.0,88.0,100.0,716.0,30.0,30.0,100.0,0.0,100.0,0.0,200.0,0.0,100.0,6432.0,100.0,35575161616.0,100.0,52839149986.0
2019-02-10,ZJV059MZ,ST12000NM0007,12000138625024,0,79,75935680,89.0,0.0,100.0,11.0,100.0,0.0,88.0,690491737.0,93,6640,100.0,0.0,100,11,,,,,100.0,0.0,100.0,0.0,,,70.0,30.0,,,100,88,100.0,718.0,30,30,100.0,0.0,100.0,0.0,200.0,0.0,100.0,6463.0,100.0,35605789552.0,100.0,53093283874.0
2019-02-11,ZJV059MZ,ST12000NM0007,12000138625024,0,83,194855120,89.0,0.0,100.0,11.0,100.0,0.0,88.0,691504405.0,93,6656,100.0,0.0,100,11,,,,,100.0,0.0,100.0,0.0,,,70.0,30.0,,,100,88,100.0,718.0,30,30,100.0,0.0,100.0,0.0,200.0,0.0,100.0,6479.0,100.0,35623436512.0,100.0,53194556354.0
2019-02-12,ZJV059MZ,ST12000NM0007,12000138625024,0,81.0,140194672.0,89.0,0.0,100.0,11.0,100.0,0.0,88.0,694272378.0,93.0,6687.0,100.0,0.0,100.0,11.0,,,,,100.0,0.0,100.0,0.0,,,69.0,31.0,,,100.0,89.0,100.0,720.0,31.0,31.0,100.0,0.0,100.0,0.0,200.0,0.0,100.0,6511.0,100.0,35645561728.0,100.0,53361911538.0
2019-02-13,ZJV059MZ,ST12000NM0007,12000138625024,0,72,16656168,89.0,0.0,100.0,11.0,100.0,0.0,88.0,695154324.0,93,6703,100.0,0.0,100,11,,,,,100.0,0.0,100.0,0.0,,,69.0,31.0,,,100,89,100.0,720.0,31,31,100.0,0.0,100.0,0.0,200.0,0.0,100.0,6527.0,100.0,35659097712.0,100.0,53468978066.0
2019-02-14,ZJV059MZ,ST12000NM0007,12000138625024,0,84,239254624,89.0,0.0,100.0,11.0,100.0,0.0,88.0,697583907.0,93,6735,100.0,0.0,100,11,,,,,100.0,0.0,100.0,0.0,,,71.0,29.0,,,100,90,100.0,722.0,29,29,100.0,0.0,100.0,0.0,200.0,0.0,100.0,6558.0,100.0,35693141472.0,100.0,53657532762.0
2019-02-15,ZJV059MZ,ST12000NM0007,12000138625024,0,79.0,73410368.0,89.0,0.0,100.0,11.0,100.0,0.0,88.0,698485148.0,93.0,6751.0,100.0,0.0,100.0,11.0,,,,,100.0,0.0,100.0,0.0,,,70.0,30.0,,,100.0,90.0,100.0,722.0,30.0,30.0,100.0,0.0,100.0,0.0,200.0,0.0,100.0,6574.0,100.0,35707875704.0,100.0,53721094930.0
2019-02-16,ZJV059MZ,ST12000NM0007,12000138625024,0,67.0,5116952.0,89.0,0.0,100.0,11.0,100.0,0.0,88.0,700173786.0,93.0,6783.0,100.0,0.0,100.0,11.0,,,,,100.0,0.0,100.0,0.0,,,68.0,32.0,,,100.0,91.0,100.0,724.0,32.0,32.0,100.0,0.0,100.0,0.0,200.0,0.0,100.0,6606.0,100.0,35736442464.0,100.0,53868375538.0
2019-02-17,ZJV059MZ,ST12000NM0007,12000138625024,0,81,124476880,89.0,0.0,100.0,11.0,100.0,0.0,88.0,701172237.0,93,6799,100.0,0.0,100,11,,,,,100.0,0.0,100.0,0.0,,,69.0,31.0,,,100,91,100.0,724.0,31,31,100.0,0.0,100.0,0.0,200.0,0.0,100.0,6622.0,100.0,35759018888.0,100.0,53965159042.0
2019-02-18,ZJV059MZ,ST12000NM0007,12000138625024,0,78,58018320,89.0,0.0,100.0,11.0,100.0,0.0,88.0,703286436.0,93,6830,100.0,0.0,100,11,,,,,100.0,0.0,100.0,0.0,,,69.0,31.0,,,100,93,100.0,726.0,31,31,100.0,0.0,100.0,0.0,200.0,0.0,100.0,6653.0,100.0,35795284712.0,100.0,54106575290.0
2019-02-19,ZJV059MZ,ST12000NM0007,12000138625024,0,81,136972464,89.0,0.0,100.0,11.0,100.0,0.0,88.0,704079410.0,93,6846,100.0,0.0,100,11,,,,,100.0,0.0,100.0,0.0,,,69.0,31.0,,,100,93,100.0,726.0,31,31,100.0,0.0,100.0,0.0,200.0,0.0,100.0,6669.0,100.0,35814862728.0,100.0,54165951418.0
2019-02-20,ZJV059MZ,ST12000NM0007,12000138625024,0,80.0,105939112.0,89.0,0.0,100.0,11.0,100.0,0.0,88.0,705884119.0,93.0,6878.0,100.0,0.0,100.0,11.0,,,,,100.0,0.0,100.0,0.0,,,69.0,31.0,,,100.0,94.0,100.0,728.0,31.0,31.0,100.0,0.0,100.0,0.0,200.0,0.0,100.0,6700.0,100.0,35849651248.0,100.0,54344275146.0
2019-02-21,ZJV059MZ,ST12000NM0007,12000138625024,0,79,73769816,89.0,0.0,100.0,11.0,100.0,0.0,89.0,708403313.0,93,6910,100.0,0.0,100,11,,,,,100.0,0.0,100.0,0.0,,,69.0,31.0,,,100,94,100.0,729.0,31,31,100.0,0.0,100.0,0.0,200.0,0.0,100.0,6732.0,100.0,35901801600.0,100.0,54504096146.0
2019-02-22,ZJV059MZ,ST12000NM0007,12000138625024,0,83,194834704,89.0,0.0,100.0,11.0,100.0,0.0,89.0,709634558.0,93,6925,100.0,0.0,100,11,,,,,100.0,0.0,100.0,0.0,,,69.0,31.0,,,100,94,100.0,730.0,31,31,100.0,0.0,100.0,0.0,200.0,0.0,100.0,6747.0,100.0,35935465176.0,100.0,54591497458.0
2019-02-23,ZJV059MZ,ST12000NM0007,12000138625024,0,82.0,162957264.0,89.0,0.0,100.0,11.0,100.0,0.0,89.0,712201030.0,93.0,6957.0,100.0,0.0,100.0,11.0,,,,,100.0,0.0,100.0,0.0,,,68.0,32.0,,,100.0,94.0,100.0,731.0,32.0,32.0,100.0,0.0,100.0,0.0,200.0,0.0,100.0,6779.0,100.0,35979940584.0,100.0,54759285242.0
2019-02-24,ZJV059MZ,ST12000NM0007,12000138625024,0,78,67882520,89.0,0.0,100.0,11.0,100.0,0.0,89.0,714364289.0,93,6973,100.0,0.0,100,11,,,,,100.0,0.0,100.0,0.0,,,69.0,31.0,,,100,95,100.0,732.0,31,31,100.0,0.0,100.0,0.0,200.0,0.0,100.0,6795.0,100.0,36001980856.0,100.0,54886310946.0
2019-02-25,ZJV059MZ,ST12000NM0007,12000138625024,0,80,108537912,89.0,0.0,100.0,11.0,100.0,0.0,89.0,717387767.0,93,7005,100.0,0.0,100,11,,,,,100.0,0.0,100.0,0.0,,,69.0,31.0,,,100,96,100.0,733.0,31,31,100.0,0.0,100.0,0.0,200.0,0.0,100.0,6826.0,100.0,36045686248.0,100.0,55127401890.0
2019-02-26,ZJV059MZ,ST12000NM0007,12000138625024,0,72,14428536,89.0,0.0,100.0,11.0,100.0,0.0,89.0,718655897.0,92,7021,100.0,0.0,100,11,,,,,100.0,0.0,100.0,0.0,,,70.0,30.0,,,100,96,100.0,734.0,30,30,100.0,0.0,100.0,0.0,200.0,0.0,100.0,6842.0,100.0,36066655336.0,100.0,55256464130.0
2019-02-27,ZJV059MZ,ST12000NM0007,12000138625024,0,79.0,77889536.0,89.0,0.0,100.0,11.0,100.0,0.0,89.0,721552468.0,92.0,7053.0,100.0,0.0,100.0,11.0,,,,,100.0,0.0,100.0,0.0,,,69.0,31.0,,,100.0,97.0,100.0,735.0,31.0,31.0,100.0,0.0,100.0,0.0,200.0,0.0,100.0,6874.0,100.0,36117614864.0,100.0,55513106370.0
2019-02-28,ZJV059MZ,ST12000NM0007,12000138625024,0,83,217640440,89.0,0.0,100.0,11.0,100.0,0.0,89.0,723309336.0,92,7069,100.0,0.0,100,11,,,,,100.0,0.0,100.0,0.0,,,69.0,31.0,,,100,98,100.0,736.0,31,31,100.0,0.0,100.0,0.0,200.0,0.0,100.0,6889.0,100.0,36142551560.0,100.0,55627920578.0
2019-03-01,ZJV059MZ,ST12000NM0007,12000138625024,0,69.0,8830432.0,89.0,0.0,100.0,11.0,100.0,0.0,89.0,725941507.0,92.0,7100.0,100.0,0.0,100.0,11.0,,,,,100.0,0.0,100.0,0.0,,,69.0,31.0,,,100.0,99.0,100.0,737.0,31.0,31.0,100.0,0.0,100.0,0.0,200.0,0.0,100.0,6921.0,100.0,36204074984.0,100.0,55845868810.0
2019-03-02,ZJV059MZ,ST12000NM0007,12000138625024,0,82.0,165832360.0,89.0,0.0,100.0,11.0,100.0,0.0,89.0,727447654.0,92.0,7116.0,100.0,0.0,100.0,11.0,,,,,100.0,0.0,100.0,0.0,,,70.0,30.0,,,100.0,99.0,100.0,738.0,30.0,30.0,100.0,0.0,100.0,0.0,200.0,0.0,100.0,6937.0,100.0,36241975408.0,100.0,55964970314.0
2019-03-03,ZJV059MZ,ST12000NM0007,12000138625024,0,83.0,218721808.0,89.0,0.0,100.0,11.0,100.0,0.0,89.0,730426034.0,92.0,7148.0,100.0,0.0,100.0,11.0,,,,,100.0,0.0,100.0,0.0,,,69.0,31.0,,,100.0,99.0,100.0,739.0,31.0,31.0,100.0,0.0,100.0,0.0,200.0,0.0,100.0,6969.0,100.0,36306800560.0,100.0,56197175250.0
2019-03-04,ZJV059MZ,ST12000NM0007,12000138625024,0,82,149903280,89.0,0.0,100.0,11.0,100.0,0.0,89.0,732788646.0,92,7164,100.0,0.0,100,11,,,,,100.0,0.0,100.0,0.0,,,69.0,31.0,,,100,100,100.0,740.0,31,31,100.0,0.0,100.0,0.0,200.0,0.0,100.0,6985.0,100.0,36350290864.0,100.0,56329007066.0
2019-03-05,ZJV059MZ,ST12000NM0007,12000138625024,0,82.0,176496880.0,89.0,0.0,100.0,11.0,100.0,0.0,89.0,735826179.0,92.0,7196.0,100.0,0.0,100.0,11.0,,,,,100.0,0.0,100.0,0.0,,,69.0,31.0,,,100.0,100.0,100.0,741.0,31.0,31.0,100.0,0.0,100.0,0.0,200.0,0.0,100.0,7016.0,100.0,36422253064.0,100.0,56527779170.0
2019-03-06,ZJV059MZ,ST12000NM0007,12000138625024,0,80.0,94374096.0,89.0,0.0,100.0,11.0,100.0,0.0,89.0,737496629.0,92.0,7212.0,100.0,0.0,100.0,11.0,,,,,100.0,0.0,100.0,0.0,,,69.0,31.0,,,100.0,101.0,100.0,742.0,31.0,31.0,100.0,0.0,100.0,0.0,200.0,0.0,100.0,7032.0,100.0,36460292952.0,100.0,56651757330.0
2019-03-07,ZJV059MZ,ST12000NM0007,12000138625024,0,84.0,234724264.0,89.0,0.0,100.0,11.0,100.0,0.0,89.0,742103179.0,92.0,7243.0,100.0,0.0,100.0,11.0,,,,,100.0,0.0,100.0,0.0,,,69.0,31.0,,,100.0,101.0,100.0,743.0,31.0,31.0,100.0,0.0,100.0,0.0,200.0,0.0,100.0,7064.0,100.0,36536777016.0,100.0,56959764338.0
2019-03-08,ZJV059MZ,ST12000NM0007,12000138625024,0,82.0,150995880.0,89.0,0.0,100.0,11.0,100.0,0.0,89.0,743566039.0,92.0,7259.0,100.0,0.0,100.0,11.0,,,,,100.0,0.0,100.0,0.0,,,69.0,31.0,,,100.0,102.0,100.0,744.0,31.0,31.0,100.0,0.0,100.0,0.0,200.0,0.0,100.0,7080.0,100.0,36567824400.0,100.0,57089129338.0
2019-03-09,ZJV059MZ,ST12000NM0007,12000138625024,0,83.0,209989440.0,89.0,0.0,100.0,11.0,100.0,0.0,89.0,746532068.0,92.0,7291.0,100.0,0.0,100.0,11.0,,,,,100.0,0.0,100.0,0.0,,,68.0,32.0,,,100.0,103.0,100.0,745.0,32.0,32.0,100.0,0.0,100.0,0.0,200.0,0.0,100.0,7111.0,100.0,36646560872.0,100.0,57313527218.0
2019-03-10,ZJV059MZ,ST12000NM0007,12000138625024,0,79.0,80839664.0,89.0,0.0,100.0,11.0,100.0,0.0,89.0,747830056.0,92.0,7307.0,100.0,0.0,100.0,11.0,,,,,100.0,0.0,100.0,0.0,,,69.0,31.0,,,100.0,104.0,100.0,746.0,31.0,31.0,100.0,0.0,100.0,0.0,200.0,0.0,100.0,7127.0,100.0,36683399728.0,100.0,57391679306.0
2019-03-11,ZJV059MZ,ST12000NM0007,12000138625024,0,83.0,212167192.0,89.0,0.0,100.0,11.0,100.0,0.0,89.0,751733282.0,92.0,7339.0,100.0,0.0,100.0,11.0,,,,,100.0,0.0,100.0,0.0,,,71.0,29.0,,,100.0,105.0,100.0,747.0,29.0,29.0,100.0,0.0,100.0,0.0,200.0,0.0,100.0,7159.0,100.0,36794228336.0,100.0,57656318986.0
2019-03-12,ZJV059MZ,ST12000NM0007,12000138625024,0,76.0,38856096.0,89.0,0.0,100.0,11.0,100.0,0.0,89.0,755376653.0,92.0,7370.0,100.0,0.0,100.0,11.0,,,,,100.0,0.0,100.0,0.0,,,68.0,32.0,,,100.0,105.0,100.0,748.0,32.0,32.0,100.0,0.0,100.0,0.0,200.0,0.0,100.0,7190.0,100.0,36937755448.0,100.0,57827762138.0
2019-03-13,ZJV059MZ,ST12000NM0007,12000138625024,0,84.0,223941400.0,89.0,0.0,100.0,11.0,100.0,0.0,89.0,757322296.0,92.0,7386.0,100.0,0.0,100.0,11.0,,,,,100.0,0.0,100.0,0.0,,,68.0,32.0,,,100.0,105.0,100.0,749.0,32.0,32.0,100.0,0.0,100.0,0.0,200.0,0.0,100.0,7206.0,100.0,37024954080.0,100.0,57925648810.0
2019-03-14,ZJV059MZ,ST12000NM0007,12000138625024,0,80.0,95195312.0,89.0,0.0,100.0,11.0,100.0,0.0,89.0,761192445.0,92.0,7418.0,100.0,0.0,100.0,11.0,,,,,100.0,0.0,100.0,0.0,,,68.0,32.0,,,100.0,105.0,100.0,750.0,32.0,32.0,100.0,0.0,100.0,0.0,200.0,0.0,100.0,7237.0,100.0,37137780984.0,100.0,58172357378.0
2019-03-15,ZJV059MZ,ST12000NM0007,12000138625024,0,77.0,54171032.0,89.0,0.0,100.0,11.0,100.0,0.0,89.0,762915382.0,92.0,7433.0,100.0,0.0,100.0,11.0,,,,,100.0,0.0,100.0,0.0,,,69.0,31.0,,,100.0,105.0,100.0,751.0,31.0,31.0,100.0,0.0,100.0,0.0,200.0,0.0,100.0,7253.0,100.0,37188798992.0,100.0,58324455818.0
2019-03-16,ZJV059MZ,ST12000NM0007,12000138625024,0,82.0,151243272.0,89.0,0.0,100.0,11.0,100.0,0.0,89.0,765937782.0,92.0,7465.0,100.0,0.0,100.0,11.0,,,,,100.0,0.0,100.0,0.0,,,68.0,32.0,,,100.0,106.0,100.0,752.0,32.0,32.0,100.0,0.0,100.0,0.0,200.0,0.0,100.0,7285.0,100.0,37264846424.0,100.0,58589621258.0
2019-03-17,ZJV059MZ,ST12000NM0007,12000138625024,0,80.0,93037856.0,89.0,0.0,100.0,11.0,100.0,0.0,89.0,767551435.0,92.0,7481.0,100.0,0.0,100.0,11.0,,,,,100.0,0.0,100.0,0.0,,,69.0,31.0,,,100.0,106.0,100.0,753.0,31.0,31.0,100.0,0.0,100.0,0.0,200.0,0.0,100.0,7301.0,100.0,37316881528.0,100.0,58723521378.0
2019-03-18,ZJV059MZ,ST12000NM0007,12000138625024,0,83.0,188641504.0,89.0,0.0,100.0,11.0,100.0,0.0,89.0,771421407.0,92.0,7513.0,100.0,0.0,100.0,11.0,,,,,100.0,0.0,100.0,0.0,,,68.0,32.0,,,100.0,106.0,100.0,754.0,32.0,32.0,100.0,0.0,100.0,0.0,200.0,0.0,100.0,7332.0,100.0,37403787664.0,100.0,58976359522.0
2019-03-19,ZJV059MZ,ST12000NM0007,12000138625024,0,82.0,170014712.0,89.0,0.0,100.0,11.0,100.0,0.0,89.0,774049528.0,92.0,7529.0,100.0,0.0,100.0,11.0,,,,,100.0,0.0,100.0,0.0,,,69.0,31.0,,,100.0,107.0,100.0,755.0,31.0,31.0,100.0,0.0,100.0,0.0,200.0,0.0,100.0,7348.0,100.0,37458517224.0,100.0,59147144618.0
2019-03-20,ZJV059MZ,ST12000NM0007,12000138625024,0,78.0,58834456.0,89.0,0.0,100.0,11.0,100.0,0.0,89.0,778247449.0,92.0,7561.0,100.0,0.0,100.0,11.0,,,,,100.0,0.0,100.0,0.0,,,69.0,31.0,,,100.0,107.0,100.0,756.0,31.0,31.0,100.0,0.0,100.0,0.0,200.0,0.0,100.0,7380.0,100.0,37568921352.0,100.0,59413841794.0
2019-03-21,ZJV059MZ,ST12000NM0007,12000138625024,0,69.0,8375928.0,89.0,0.0,100.0,11.0,100.0,0.0,89.0,780011045.0,92.0,7577.0,100.0,0.0,100.0,11.0,,,,,100.0,0.0,100.0,0.0,,,69.0,31.0,,,100.0,107.0,100.0,757.0,31.0,31.0,100.0,0.0,100.0,0.0,200.0,0.0,100.0,7396.0,100.0,37616888832.0,100.0,59559556554.0
2019-03-22,ZJV059MZ,ST12000NM0007,12000138625024,0,83.0,188512424.0,89.0,0.0,100.0,11.0,100.0,0.0,89.0,781549834.0,92.0,7592.0,100.0,0.0,100.0,11.0,,,,,100.0,0.0,100.0,0.0,,,68.0,32.0,,,100.0,108.0,100.0,758.0,32.0,32.0,100.0,0.0,100.0,0.0,200.0,0.0,100.0,7411.0,100.0,37648746064.0,100.0,59707835818.0
2019-03-23,ZJV059MZ,ST12000NM0007,12000138625024,0,71.0,11549656.0,89.0,0.0,100.0,11.0,100.0,0.0,89.0,784467448.0,92.0,7624.0,100.0,0.0,100.0,11.0,,,,,100.0,0.0,100.0,0.0,,,67.0,33.0,,,100.0,109.0,100.0,759.0,33.0,33.0,100.0,0.0,100.0,0.0,200.0,0.0,100.0,7443.0,100.0,37710844168.0,100.0,59957056314.0
2019-03-24,ZJV059MZ,ST12000NM0007,12000138625024,0,82.0,170769760.0,89.0,0.0,100.0,11.0,100.0,0.0,89.0,786107309.0,92.0,7640.0,100.0,0.0,100.0,11.0,,,,,100.0,0.0,100.0,0.0,,,68.0,32.0,,,100.0,109.0,100.0,759.0,32.0,32.0,100.0,0.0,100.0,0.0,200.0,0.0,100.0,7459.0,100.0,37743898704.0,100.0,60083221882.0
2019-03-25,ZJV059MZ,ST12000NM0007,12000138625024,0,72.0,14979680.0,89.0,0.0,100.0,11.0,100.0,0.0,89.0,789621766.0,92.0,7672.0,100.0,0.0,100.0,11.0,,,,,100.0,0.0,100.0,0.0,,,69.0,31.0,,,100.0,110.0,100.0,761.0,31.0,31.0,100.0,0.0,100.0,0.0,200.0,0.0,100.0,7490.0,100.0,37799944088.0,100.0,60359668002.0
2019-03-26,ZJV059MZ,ST12000NM0007,12000138625024,0,82.0,167718336.0,89.0,0.0,100.0,11.0,100.0,0.0,89.0,790894768.0,92.0,7687.0,100.0,0.0,100.0,11.0,,,,,100.0,0.0,100.0,0.0,,,68.0,32.0,,,100.0,110.0,100.0,762.0,32.0,32.0,100.0,0.0,100.0,0.0,200.0,0.0,100.0,7506.0,100.0,37822711232.0,100.0,60489639514.0
2019-03-27,ZJV059MZ,ST12000NM0007,12000138625024,0,82.0,159340656.0,89.0,0.0,100.0,11.0,100.0,0.0,89.0,793303910.0,92.0,7719.0,100.0,0.0,100.0,11.0,,,,,100.0,0.0,100.0,0.0,,,68.0,32.0,,,100.0,110.0,100.0,763.0,32.0,32.0,100.0,0.0,100.0,0.0,200.0,0.0,100.0,7538.0,100.0,37875821640.0,100.0,60672292170.0
2019-03-28,ZJV059MZ,ST12000NM0007,12000138625024,0,79.0,80226696.0,89.0,0.0,100.0,11.0,100.0,0.0,89.0,795438452.0,92.0,7735.0,100.0,0.0,100.0,11.0,,,,,100.0,0.0,100.0,0.0,,,69.0,31.0,,,100.0,110.0,100.0,763.0,31.0,31.0,100.0,0.0,100.0,0.0,200.0,0.0,100.0,7554.0,100.0,37904625992.0,100.0,60808514602.0
2019-03-29,ZJV059MZ,ST12000NM0007,12000138625024,0,83.0,178443032.0,89.0,0.0,100.0,11.0,100.0,0.0,89.0,798676901.0,92.0,7767.0,100.0,0.0,100.0,11.0,,,,,100.0,0.0,100.0,0.0,,,69.0,31.0,,,100.0,112.0,100.0,765.0,31.0,31.0,100.0,0.0,100.0,0.0,200.0,0.0,100.0,7585.0,100.0,37981911752.0,100.0,61073585834.0
2019-03-30,ZJV059MZ,ST12000NM0007,12000138625024,0,77.0,52126760.0,89.0,0.0,100.0,11.0,100.0,0.0,89.0,802893262.0,92.0,7798.0,100.0,0.0,100.0,11.0,,,,,100.0,0.0,100.0,0.0,,,68.0,32.0,,,100.0,112.0,100.0,767.0,32.0,32.0,100.0,0.0,100.0,0.0,200.0,0.0,100.0,7616.0,100.0,38059519216.0,100.0,61357943546.0
2019-03-31,ZJV059MZ,ST12000NM0007,12000138625024,0,83.0,208726152.0,89.0,0.0,100.0,11.0,100.0,0.0,89.0,804310407.0,92.0,7814.0,100.0,0.0,100.0,11.0,,,,,100.0,0.0,100.0,0.0,,,69.0,31.0,,,100.0,112.0,100.0,767.0,31.0,31.0,100.0,0.0,100.0,0.0,200.0,0.0,100.0,7632.0,100.0,38092905416.0,100.0,61481156738.0
2019-04-01,ZJV059MZ,ST12000NM0007,12000138625024,0,79.0,83620992.0,89.0,0.0,100.0,11.0,100.0,0.0,89.0,808125487.0,92.0,7846.0,100.0,0.0,100.0,11.0,,,,,100.0,0.0,100.0,0.0,,,68.0,32.0,,,100.0,114.0,100.0,769.0,32.0,32.0,100.0,0.0,100.0,0.0,200.0,0.0,100.0,7664.0,100.0,38174513232.0,100.0,61762725274.0
2019-04-02,ZJV059MZ,ST12000NM0007,12000138625024,0,84.0,238017048.0,89.0,0.0,100.0,11.0,100.0,0.0,89.0,809705771.0,92.0,7862.0,100.0,0.0,100.0,11.0,,,,,100.0,0.0,100.0,0.0,,,69.0,31.0,,,100.0,114.0,100.0,769.0,31.0,31.0,100.0,0.0,100.0,0.0,200.0,0.0,100.0,7680.0,100.0,38214709168.0,100.0,61876925394.0
2019-04-03,ZJV059MZ,ST12000NM0007,12000138625024,0,80.0,92324336.0,89.0,0.0,100.0,11.0,100.0,0.0,89.0,813076618.0,91.0,7894.0,100.0,0.0,100.0,11.0,,,,,100.0,0.0,100.0,0.0,,,68.0,32.0,,,100.0,115.0,100.0,771.0,32.0,32.0,100.0,0.0,100.0,0.0,200.0,0.0,100.0,7711.0,100.0,38295126840.0,100.0,62139096458.0
2019-04-04,ZJV059MZ,ST12000NM0007,12000138625024,0,73.0,19022952.0,89.0,0.0,100.0,11.0,100.0,0.0,89.0,814743187.0,91.0,7909.0,100.0,0.0,100.0,11.0,,,,,100.0,0.0,100.0,0.0,,,69.0,31.0,,,100.0,115.0,100.0,771.0,31.0,31.0,100.0,0.0,100.0,0.0,200.0,0.0,100.0,7727.0,100.0,38327812224.0,100.0,62277250346.0
2019-04-05,ZJV059MZ,ST12000NM0007,12000138625024,0,81.0,126566880.0,89.0,0.0,100.0,11.0,100.0,0.0,89.0,817920750.0,91.0,7941.0,100.0,0.0,100.0,11.0,,,,,100.0,0.0,100.0,0.0,,,68.0,32.0,,,100.0,117.0,100.0,773.0,32.0,32.0,100.0,0.0,100.0,0.0,200.0,0.0,100.0,7758.0,100.0,38408545512.0,100.0,62548201714.0
2019-04-06,ZJV059MZ,ST12000NM0007,12000138625024,0,79.0,84006784.0,89.0,0.0,100.0,11.0,100.0,0.0,89.0,820201903.0,91.0,7957.0,100.0,0.0,100.0,11.0,,,,,100.0,0.0,100.0,0.0,,,68.0,32.0,,,100.0,117.0,100.0,773.0,32.0,32.0,100.0,0.0,100.0,0.0,200.0,0.0,100.0,7774.0,100.0,38469300616.0,100.0,62689027610.0
2019-04-07,ZJV059MZ,ST12000NM0007,12000138625024,0,83.0,179071312.0,89.0,0.0,100.0,11.0,100.0,0.0,89.0,823576839.0,91.0,7989.0,100.0,0.0,100.0,11.0,,,,,100.0,0.0,100.0,0.0,,,68.0,32.0,,,100.0,118.0,100.0,775.0,32.0,32.0,100.0,0.0,100.0,0.0,200.0,0.0,100.0,7805.0,100.0,38563444528.0,100.0,62934088922.0
2019-04-08,ZJV059MZ,ST12000NM0007,12000138625024,0,81.0,130061952.0,89.0,0.0,100.0,11.0,100.0,0.0,89.0,825971890.0,91.0,8005.0,100.0,0.0,100.0,11.0,,,,,100.0,0.0,100.0,0.0,,,68.0,32.0,,,100.0,118.0,100.0,775.0,32.0,32.0,100.0,0.0,100.0,0.0,200.0,0.0,100.0,7821.0,100.0,38603201448.0,100.0,63089463354.0
2019-04-09,ZJV059MZ,ST12000NM0007,12000138625024,0,83.0,188399456.0,89.0,0.0,100.0,11.0,100.0,0.0,89.0,828908835.0,91.0,8036.0,100.0,0.0,100.0,11.0,,,,,100.0,0.0,100.0,0.0,,,69.0,31.0,,,100.0,119.0,100.0,777.0,31.0,31.0,100.0,0.0,100.0,0.0,200.0,0.0,100.0,7853.0,100.0,38696535776.0,100.0,63298607802.0
2019-04-10,ZJV059MZ,ST12000NM0007,12000138625024,0,79.0,86753272.0,89.0,0.0,100.0,11.0,100.0,0.0,89.0,830297756.0,91.0,8052.0,100.0,0.0,100.0,11.0,,,,,100.0,0.0,100.0,0.0,,,68.0,32.0,,,100.0,119.0,100.0,777.0,32.0,32.0,100.0,0.0,100.0,0.0,200.0,0.0,100.0,7869.0,100.0,38733441664.0,100.0,63404196498.0
2019-04-11,ZJV059MZ,ST12000NM0007,12000138625024,0,82.0,167881952.0,89.0,0.0,100.0,11.0,100.0,0.0,89.0,835182184.0,91.0,8084.0,100.0,0.0,100.0,11.0,,,,,100.0,0.0,100.0,0.0,,,68.0,32.0,,,100.0,121.0,100.0,779.0,32.0,32.0,100.0,0.0,100.0,0.0,200.0,0.0,100.0,7900.0,100.0,38839572104.0,100.0,63623335522.0
2019-04-12,ZJV059MZ,ST12000NM0007,12000138625024,0,79.0,80007904.0,89.0,0.0,100.0,11.0,100.0,0.0,89.0,836823563.0,91.0,8100.0,100.0,0.0,100.0,11.0,,,,,100.0,0.0,100.0,0.0,,,69.0,31.0,,,100.0,121.0,100.0,779.0,31.0,31.0,100.0,0.0,100.0,0.0,200.0,0.0,100.0,7916.0,100.0,38893702568.0,100.0,63725471810.0
2019-04-13,ZJV059MZ,ST12000NM0007,12000138625024,0,84.0,236528760.0,89.0,0.0,100.0,11.0,100.0,0.0,89.0,840689646.0,91.0,8132.0,100.0,0.0,100.0,11.0,,,,,100.0,0.0,100.0,0.0,,,69.0,31.0,,,100.0,121.0,100.0,781.0,31.0,31.0,100.0,0.0,100.0,0.0,200.0,0.0,100.0,7948.0,100.0,39028531552.0,100.0,63991304314.0
2019-04-14,ZJV059MZ,ST12000NM0007,12000138625024,0,84.0,229413216.0,89.0,0.0,100.0,11.0,100.0,0.0,89.0,842876429.0,91.0,8148.0,100.0,0.0,100.0,11.0,,,,,100.0,0.0,100.0,0.0,,,68.0,32.0,,,100.0,121.0,100.0,781.0,32.0,32.0,100.0,0.0,100.0,0.0,200.0,0.0,100.0,7963.0,100.0,39136320824.0,100.0,64120540426.0
2019-04-15,ZJV059MZ,ST12000NM0007,12000138625024,0,67.0,4707224.0,89.0,0.0,100.0,11.0,100.0,0.0,89.0,848177351.0,91.0,8180.0,100.0,0.0,100.0,11.0,,,,,100.0,0.0,100.0,0.0,,,69.0,31.0,,,100.0,121.0,100.0,783.0,31.0,31.0,100.0,0.0,100.0,0.0,200.0,0.0,100.0,7995.0,100.0,39362836976.0,100.0,64401740466.0
2019-04-16,ZJV059MZ,ST12000NM0007,12000138625024,0,83.0,210630504.0,89.0,0.0,100.0,11.0,100.0,0.0,89.0,850244767.0,91.0,8196.0,100.0,0.0,100.0,11.0,,,,,100.0,0.0,100.0,0.0,,,71.0,29.0,,,100.0,121.0,100.0,783.0,29.0,29.0,100.0,0.0,100.0,0.0,200.0,0.0,100.0,8011.0,100.0,39458692160.0,100.0,64511808562.0
2019-04-17,ZJV059MZ,ST12000NM0007,12000138625024,0,78.0,58944368.0,89.0,0.0,100.0,11.0,100.0,0.0,89.0,853861916.0,91.0,8227.0,100.0,0.0,100.0,11.0,,,,,100.0,0.0,100.0,0.0,,,68.0,32.0,,,100.0,121.0,100.0,785.0,32.0,32.0,100.0,0.0,100.0,0.0,200.0,0.0,100.0,8043.0,100.0,39561981960.0,100.0,64745115242.0
2019-04-18,ZJV059MZ,ST12000NM0007,12000138625024,0,84.0,228368352.0,89.0,0.0,100.0,11.0,100.0,0.0,89.0,856197538.0,91.0,8243.0,100.0,0.0,100.0,11.0,,,,,100.0,0.0,100.0,0.0,,,68.0,32.0,,,100.0,121.0,100.0,785.0,32.0,32.0,100.0,0.0,100.0,0.0,200.0,0.0,100.0,8059.0,100.0,39614275688.0,100.0,64862245498.0
2019-04-19,ZJV059MZ,ST12000NM0007,12000138625024,0,80.0,94718256.0,89.0,0.0,100.0,11.0,100.0,0.0,89.0,859521071.0,91.0,8275.0,100.0,0.0,100.0,11.0,,,,,100.0,0.0,100.0,0.0,,,68.0,32.0,,,100.0,121.0,100.0,787.0,32.0,32.0,100.0,0.0,100.0,0.0,200.0,0.0,100.0,8090.0,100.0,39716945456.0,100.0,65114207234.0
2019-04-20,ZJV059MZ,ST12000NM0007,12000138625024,0,78.0,60604216.0,89.0,0.0,100.0,11.0,100.0,0.0,89.0,861493049.0,91.0,8291.0,100.0,0.0,100.0,11.0,,,,,100.0,0.0,100.0,0.0,,,68.0,32.0,,,100.0,121.0,100.0,787.0,32.0,32.0,100.0,0.0,100.0,0.0,200.0,0.0,100.0,8106.0,100.0,39778743896.0,100.0,65262435482.0
2019-04-21,ZJV059MZ,ST12000NM0007,12000138625024,0,81.0,138803624.0,89.0,0.0,100.0,11.0,100.0,0.0,89.0,865086775.0,91.0,8323.0,100.0,0.0,100.0,11.0,,,,,100.0,0.0,100.0,0.0,,,68.0,32.0,,,100.0,121.0,100.0,789.0,32.0,32.0,100.0,0.0,100.0,0.0,200.0,0.0,100.0,8138.0,100.0,39853117976.0,100.0,65510401586.0
2019-04-22,ZJV059MZ,ST12000NM0007,12000138625024,0,79.0,77340800.0,89.0,0.0,100.0,11.0,100.0,0.0,89.0,867452709.0,91.0,8338.0,100.0,0.0,100.0,11.0,,,,,100.0,0.0,100.0,0.0,,,68.0,32.0,,,100.0,121.0,100.0,789.0,32.0,32.0,100.0,0.0,100.0,0.0,200.0,0.0,100.0,8153.0,100.0,39877902840.0,100.0,65668294570.0
2019-04-23,ZJV059MZ,ST12000NM0007,12000138625024,0,82.0,161454640.0,89.0,0.0,100.0,11.0,100.0,0.0,89.0,870008402.0,91.0,8370.0,100.0,0.0,100.0,11.0,,,,,100.0,0.0,100.0,0.0,,,69.0,31.0,,,100.0,123.0,100.0,791.0,31.0,31.0,100.0,0.0,100.0,0.0,200.0,0.0,100.0,8185.0,100.0,39961062376.0,100.0,65913389858.0
2019-04-24,ZJV059MZ,ST12000NM0007,12000138625024,0,79.0,71527760.0,89.0,0.0,100.0,11.0,100.0,0.0,89.0,871378140.0,91.0,8386.0,100.0,0.0,100.0,11.0,,,,,100.0,0.0,100.0,0.0,,,69.0,31.0,,,100.0,123.0,100.0,791.0,31.0,31.0,100.0,0.0,100.0,0.0,200.0,0.0,100.0,8200.0,100.0,39985124272.0,100.0,66043541714.0
2019-04-25,ZJV059MZ,ST12000NM0007,12000138625024,0,83.0,211031240.0,89.0,0.0,100.0,11.0,100.0,0.0,89.0,876026666.0,91.0,8418.0,100.0,0.0,100.0,11.0,,,,,100.0,0.0,100.0,0.0,,,69.0,31.0,,,100.0,123.0,100.0,793.0,31.0,31.0,100.0,0.0,100.0,0.0,200.0,0.0,100.0,8232.0,100.0,40060442688.0,100.0,66351867626.0
2019-04-26,ZJV059MZ,ST12000NM0007,12000138625024,0,82.0,155467624.0,89.0,0.0,100.0,11.0,100.0,0.0,89.0,877602590.0,91.0,8434.0,100.0,0.0,100.0,11.0,,,,,100.0,0.0,100.0,0.0,,,68.0,32.0,,,100.0,124.0,100.0,794.0,32.0,32.0,100.0,0.0,100.0,0.0,200.0,0.0,100.0,8248.0,100.0,40108915608.0,100.0,66491971850.0
2019-04-27,ZJV059MZ,ST12000NM0007,12000138625024,0,75.0,32528824.0,89.0,0.0,100.0,11.0,100.0,0.0,89.0,880866135.0,91.0,8465.0,100.0,0.0,100.0,11.0,,,,,100.0,0.0,100.0,0.0,,,69.0,31.0,,,100.0,125.0,100.0,795.0,31.0,31.0,100.0,0.0,100.0,0.0,200.0,0.0,100.0,8279.0,100.0,40205093048.0,100.0,66761137098.0
2019-04-28,ZJV059MZ,ST12000NM0007,12000138625024,0,83.0,200663584.0,89.0,0.0,100.0,11.0,100.0,0.0,89.0,882546078.0,91.0,8481.0,100.0,0.0,100.0,11.0,,,,,100.0,0.0,100.0,0.0,,,68.0,32.0,,,100.0,125.0,100.0,796.0,32.0,32.0,100.0,0.0,100.0,0.0,200.0,0.0,100.0,8295.0,100.0,40251621384.0,100.0,66882743522.0
2019-04-29,ZJV059MZ,ST12000NM0007,12000138625024,0,77.0,51768328.0,89.0,0.0,100.0,11.0,100.0,0.0,89.0,887033811.0,91.0,8513.0,100.0,0.0,100.0,11.0,,,,,100.0,0.0,100.0,0.0,,,68.0,32.0,,,100.0,125.0,100.0,797.0,32.0,32.0,100.0,0.0,100.0,0.0,200.0,0.0,100.0,8326.0,100.0,40344178472.0,100.0,67129572930.0
2019-04-30,ZJV059MZ,ST12000NM0007,12000138625024,0,83.0,209681680.0,89.0,0.0,100.0,11.0,100.0,0.0,89.0,888614418.0,91.0,8529.0,100.0,0.0,100.0,11.0,,,,,100.0,0.0,100.0,0.0,,,69.0,31.0,,,100.0,125.0,100.0,798.0,31.0,31.0,100.0,0.0,100.0,0.0,200.0,0.0,100.0,8342.0,100.0,40379624680.0,100.0,67252040074.0
2019-05-01,ZJV059MZ,ST12000NM0007,12000138625024,0,77.0,50042520.0,89.0,0.0,100.0,11.0,100.0,0.0,90.0,892018990.0,91.0,8561.0,100.0,0.0,100.0,11.0,,,,,100.0,0.0,100.0,0.0,,,66.0,34.0,,,100.0,125.0,100.0,799.0,34.0,34.0,100.0,0.0,100.0,0.0,200.0,0.0,100.0,8374.0,100.0,40485173272.0,100.0,67475133706.0
2019-05-02,ZJV059MZ,ST12000NM0007,12000138625024,0,82.0,168959280.0,89.0,0.0,100.0,11.0,100.0,0.0,90.0,895561700.0,91.0,8592.0,100.0,0.0,100.0,11.0,,,,,100.0,0.0,100.0,0.0,,,68.0,32.0,,,100.0,125.0,100.0,801.0,32.0,32.0,100.0,0.0,100.0,0.0,200.0,0.0,100.0,8405.0,100.0,40577975304.0,100.0,67745389178.0
2019-05-03,ZJV059MZ,ST12000NM0007,12000138625024,0,81.0,137664616.0,89.0,0.0,100.0,11.0,100.0,0.0,90.0,897708955.0,91.0,8608.0,100.0,0.0,100.0,11.0,,,,,100.0,0.0,100.0,0.0,,,67.0,33.0,,,100.0,125.0,100.0,801.0,33.0,33.0,100.0,0.0,100.0,0.0,200.0,0.0,100.0,8421.0,100.0,40635704904.0,100.0,67900505602.0
2019-05-04,ZJV059MZ,ST12000NM0007,12000138625024,0,83.0,222455448.0,89.0,0.0,100.0,11.0,100.0,0.0,90.0,901234161.0,91.0,8640.0,100.0,0.0,100.0,11.0,,,,,100.0,0.0,100.0,0.0,,,68.0,32.0,,,100.0,125.0,100.0,803.0,32.0,32.0,100.0,0.0,100.0,0.0,200.0,0.0,100.0,8452.0,100.0,40730174456.0,100.0,68134967594.0
2019-05-05,ZJV059MZ,ST12000NM0007,12000138625024,0,82.0,157659288.0,89.0,0.0,100.0,11.0,100.0,0.0,90.0,903160533.0,91.0,8656.0,100.0,0.0,100.0,11.0,,,,,100.0,0.0,100.0,0.0,,,68.0,32.0,,,100.0,125.0,100.0,803.0,32.0,32.0,100.0,0.0,100.0,0.0,200.0,0.0,100.0,8468.0,100.0,40779434832.0,100.0,68265051818.0
2019-05-06,ZJV059MZ,ST12000NM0007,12000138625024,0,80.0,92877864.0,89.0,0.0,100.0,11.0,100.0,0.0,90.0,908415443.0,91.0,8687.0,100.0,0.0,100.0,11.0,,,,,100.0,0.0,100.0,0.0,,,68.0,32.0,,,100.0,126.0,100.0,805.0,32.0,32.0,100.0,0.0,100.0,0.0,200.0,0.0,100.0,8499.0,100.0,40918925760.0,100.0,68549060762.0
2019-05-07,ZJV059MZ,ST12000NM0007,12000138625024,0,73.0,22136568.0,89.0,0.0,100.0,11.0,100.0,0.0,90.0,910179947.0,91.0,8703.0,100.0,0.0,100.0,11.0,,,,,100.0,0.0,100.0,0.0,,,68.0,32.0,,,100.0,126.0,100.0,805.0,32.0,32.0,100.0,0.0,100.0,0.0,200.0,0.0,100.0,8515.0,100.0,40969147352.0,100.0,68672238514.0
2019-05-08,ZJV059MZ,ST12000NM0007,12000138625024,0,81.0,117008568.0,89.0,0.0,100.0,11.0,100.0,0.0,90.0,914781806.0,91.0,8735.0,100.0,0.0,100.0,11.0,,,,,100.0,0.0,100.0,0.0,,,68.0,32.0,,,100.0,127.0,100.0,807.0,32.0,32.0,100.0,0.0,100.0,0.0,200.0,0.0,100.0,8546.0,100.0,41086643072.0,100.0,68893755442.0
2019-05-09,ZJV059MZ,ST12000NM0007,12000138625024,0,100.0,2117768.0,89.0,0.0,100.0,11.0,100.0,0.0,90.0,916387030.0,91.0,8751.0,100.0,0.0,100.0,11.0,,,,,100.0,0.0,100.0,0.0,,,68.0,32.0,,,100.0,127.0,100.0,808.0,32.0,32.0,100.0,0.0,100.0,0.0,200.0,0.0,100.0,8562.0,100.0,41114133216.0,100.0,68995515274.0
2019-05-10,ZJV059MZ,ST12000NM0007,12000138625024,0,79.0,77708264.0,89.0,0.0,100.0,11.0,100.0,0.0,90.0,920885597.0,90.0,8782.0,100.0,0.0,100.0,11.0,,,,,100.0,0.0,100.0,0.0,,,69.0,31.0,,,100.0,127.0,100.0,809.0,31.0,31.0,100.0,0.0,100.0,0.0,200.0,0.0,100.0,8594.0,100.0,41187211248.0,100.0,69242168650.0
2019-05-11,ZJV059MZ,ST12000NM0007,12000138625024,0,83.0,221121408.0,89.0,0.0,100.0,11.0,100.0,0.0,90.0,922409063.0,90.0,8798.0,100.0,0.0,100.0,11.0,,,,,100.0,0.0,100.0,0.0,,,68.0,32.0,,,100.0,127.0,100.0,810.0,32.0,32.0,100.0,0.0,100.0,0.0,200.0,0.0,100.0,8610.0,100.0,41217120384.0,100.0,69355672658.0
2019-05-12,ZJV059MZ,ST12000NM0007,12000138625024,0,74.0,27686720.0,89.0,0.0,100.0,11.0,100.0,0.0,90.0,925409032.0,90.0,8830.0,100.0,0.0,100.0,11.0,,,,,100.0,0.0,100.0,0.0,,,69.0,31.0,,,100.0,127.0,100.0,811.0,31.0,31.0,100.0,0.0,100.0,0.0,200.0,0.0,100.0,8641.0,100.0,41289221120.0,100.0,69578418746.0
2019-05-13,ZJV059MZ,ST12000NM0007,12000138625024,0,83.0,207801840.0,89.0,0.0,100.0,11.0,100.0,0.0,90.0,928045666.0,90.0,8846.0,100.0,0.0,100.0,11.0,,,,,100.0,0.0,100.0,0.0,,,68.0,32.0,,,100.0,128.0,100.0,812.0,32.0,32.0,100.0,0.0,100.0,0.0,200.0,0.0,100.0,8657.0,100.0,41323059680.0,100.0,69724695306.0
2019-05-14,ZJV059MZ,ST12000NM0007,12000138625024,0,76.0,43247048.0,89.0,0.0,100.0,11.0,100.0,0.0,90.0,931251348.0,90.0,8877.0,100.0,0.0,100.0,11.0,,,,,100.0,0.0,100.0,0.0,,,68.0,32.0,,,100.0,128.0,100.0,813.0,32.0,32.0,100.0,0.0,100.0,0.0,200.0,0.0,100.0,8689.0,100.0,41389212568.0,100.0,69982268978.0
2019-05-15,ZJV059MZ,ST12000NM0007,12000138625024,0,83.0,192391080.0,89.0,0.0,100.0,11.0,100.0,0.0,90.0,932697962.0,90.0,8893.0,100.0,0.0,100.0,11.0,,,,,100.0,0.0,100.0,0.0,,,69.0,31.0,,,100.0,128.0,100.0,813.0,31.0,31.0,100.0,0.0,100.0,0.0,200.0,0.0,100.0,8704.0,100.0,41423432336.0,100.0,70097193242.0
2019-05-16,ZJV059MZ,ST12000NM0007,12000138625024,0,76.0,42666616.0,89.0,0.0,100.0,11.0,100.0,0.0,90.0,936915715.0,90.0,8925.0,100.0,0.0,100.0,11.0,,,,,100.0,0.0,100.0,0.0,,,68.0,32.0,,,100.0,130.0,100.0,815.0,32.0,32.0,100.0,0.0,100.0,0.0,200.0,0.0,100.0,8735.0,100.0,41509780792.0,100.0,70349401922.0
2019-05-17,ZJV059MZ,ST12000NM0007,12000138625024,0,83.0,181729688.0,89.0,0.0,100.0,11.0,100.0,0.0,90.0,938502049.0,90.0,8941.0,100.0,0.0,100.0,11.0,,,,,100.0,0.0,100.0,0.0,,,68.0,32.0,,,100.0,130.0,100.0,815.0,32.0,32.0,100.0,0.0,100.0,0.0,200.0,0.0,100.0,8751.0,100.0,41557474680.0,100.0,70440771106.0
2019-05-18,ZJV059MZ,ST12000NM0007,12000138625024,0,83.0,221655440.0,89.0,0.0,100.0,11.0,100.0,0.0,90.0,942039306.0,90.0,8972.0,100.0,0.0,100.0,11.0,,,,,100.0,0.0,100.0,0.0,,,67.0,33.0,,,100.0,130.0,100.0,817.0,33.0,33.0,100.0,0.0,100.0,0.0,200.0,0.0,100.0,8783.0,100.0,41666038952.0,100.0,70616273314.0
2019-05-19,ZJV059MZ,ST12000NM0007,12000138625024,0,81.0,115147352.0,89.0,0.0,100.0,11.0,100.0,0.0,90.0,943780466.0,90.0,8988.0,100.0,0.0,100.0,11.0,,,,,100.0,0.0,100.0,0.0,,,67.0,33.0,,,100.0,130.0,100.0,817.0,33.0,33.0,100.0,0.0,100.0,0.0,200.0,0.0,100.0,8799.0,100.0,41705381360.0,100.0,70714563562.0
2019-05-20,ZJV059MZ,ST12000NM0007,12000138625024,0,82.0,168548672.0,89.0,0.0,100.0,11.0,100.0,0.0,90.0,947934052.0,90.0,9020.0,100.0,0.0,100.0,11.0,,,,,100.0,0.0,100.0,0.0,,,66.0,34.0,,,100.0,131.0,100.0,819.0,34.0,34.0,100.0,0.0,100.0,0.0,200.0,0.0,100.0,8830.0,100.0,41784791776.0,100.0,70932695162.0
2019-05-21,ZJV059MZ,ST12000NM0007,12000138625024,0,79.0,86845088.0,89.0,0.0,100.0,11.0,100.0,0.0,90.0,949594457.0,90.0,9036.0,100.0,0.0,100.0,11.0,,,,,100.0,0.0,100.0,0.0,,,67.0,33.0,,,100.0,131.0,100.0,819.0,33.0,33.0,100.0,0.0,100.0,0.0,200.0,0.0,100.0,8846.0,100.0,41824388712.0,100.0,71055535298.0
2019-05-22,ZJV059MZ,ST12000NM0007,12000138625024,0,83.0,194678064.0,89.0,0.0,100.0,11.0,100.0,0.0,90.0,953269816.0,90.0,9067.0,100.0,0.0,100.0,11.0,,,,,100.0,0.0,100.0,0.0,,,66.0,34.0,,,100.0,132.0,100.0,822.0,34.0,34.0,100.0,0.0,100.0,0.0,200.0,0.0,100.0,8876.0,100.0,41933712088.0,100.0,71298185650.0
2019-05-23,ZJV059MZ,ST12000NM0007,12000138625024,0,81.0,125197720.0,89.0,0.0,100.0,11.0,100.0,0.0,90.0,954999592.0,90.0,9083.0,100.0,0.0,100.0,11.0,,,,,100.0,0.0,100.0,0.0,,,67.0,33.0,,,100.0,132.0,100.0,822.0,33.0,33.0,100.0,0.0,100.0,0.0,200.0,0.0,100.0,8892.0,100.0,41974349456.0,100.0,71432208658.0
2019-05-24,ZJV059MZ,ST12000NM0007,12000138625024,0,83.0,192538416.0,89.0,0.0,100.0,11.0,100.0,0.0,90.0,958385870.0,90.0,9115.0,100.0,0.0,100.0,11.0,,,,,100.0,0.0,100.0,0.0,,,67.0,33.0,,,100.0,132.0,100.0,824.0,33.0,33.0,100.0,0.0,100.0,0.0,200.0,0.0,100.0,8924.0,100.0,42081618392.0,100.0,71636421386.0
2019-05-25,ZJV059MZ,ST12000NM0007,12000138625024,0,81.0,122272280.0,89.0,0.0,100.0,11.0,100.0,0.0,90.0,960976134.0,90.0,9131.0,100.0,0.0,100.0,11.0,,,,,100.0,0.0,100.0,0.0,,,66.0,34.0,,,100.0,132.0,100.0,824.0,34.0,34.0,100.0,0.0,100.0,0.0,200.0,0.0,100.0,8940.0,100.0,42129393680.0,100.0,71762520594.0
2019-05-26,ZJV059MZ,ST12000NM0007,12000138625024,0,83.0,178754368.0,89.0,0.0,100.0,11.0,100.0,0.0,90.0,964660157.0,90.0,9163.0,100.0,0.0,100.0,11.0,,,,,100.0,0.0,100.0,0.0,,,67.0,33.0,,,100.0,132.0,100.0,826.0,33.0,33.0,100.0,0.0,100.0,0.0,200.0,0.0,100.0,8971.0,100.0,42231114064.0,100.0,71961423178.0
2019-05-27,ZJV059MZ,ST12000NM0007,12000138625024,0,79.0,83149424.0,89.0,0.0,100.0,11.0,100.0,0.0,90.0,967015093.0,90.0,9179.0,100.0,0.0,100.0,11.0,,,,,100.0,0.0,100.0,0.0,,,67.0,33.0,,,100.0,132.0,100.0,826.0,33.0,33.0,100.0,0.0,100.0,0.0,200.0,0.0,100.0,8987.0,100.0,42284323920.0,100.0,72056749066.0
2019-05-28,ZJV059MZ,ST12000NM0007,12000138625024,0,82.0,172756736.0,89.0,0.0,100.0,11.0,100.0,0.0,90.0,970694883.0,90.0,9211.0,100.0,0.0,100.0,11.0,,,,,100.0,0.0,100.0,0.0,,,67.0,33.0,,,100.0,132.0,100.0,828.0,33.0,33.0,100.0,0.0,100.0,0.0,200.0,0.0,100.0,9019.0,100.0,42405753376.0,100.0,72269067674.0
2019-05-29,ZJV059MZ,ST12000NM0007,12000138625024,0,80.0,106421968.0,89.0,0.0,100.0,11.0,100.0,0.0,90.0,972607904.0,90.0,9226.0,100.0,0.0,100.0,11.0,,,,,100.0,0.0,100.0,0.0,,,67.0,33.0,,,100.0,132.0,100.0,828.0,33.0,33.0,100.0,0.0,100.0,0.0,200.0,0.0,100.0,9035.0,100.0,42478503096.0,100.0,72374123930.0
2019-05-30,ZJV059MZ,ST12000NM0007,12000138625024,0,82.0,163785424.0,89.0,0.0,100.0,11.0,100.0,0.0,90.0,976601958.0,90.0,9258.0,100.0,0.0,100.0,11.0,,,,,100.0,0.0,100.0,0.0,,,67.0,33.0,,,100.0,134.0,100.0,830.0,33.0,33.0,100.0,0.0,100.0,0.0,200.0,0.0,100.0,9066.0,100.0,42558683328.0,100.0,72595447834.0
2019-05-31,ZJV059MZ,ST12000NM0007,12000138625024,0,80.0,97703304.0,89.0,0.0,100.0,11.0,100.0,0.0,90.0,978216556.0,90.0,9274.0,100.0,0.0,100.0,11.0,,,,,100.0,0.0,100.0,0.0,,,67.0,33.0,,,100.0,134.0,100.0,832.0,33.0,33.0,100.0,0.0,100.0,0.0,200.0,0.0,100.0,9081.0,100.0,42595499120.0,100.0,72736690730.0
2019-06-01,ZJV059MZ,ST12000NM0007,12000138625024,0,82.0,158208392.0,89.0,0.0,100.0,11.0,100.0,0.0,90.0,981368905.0,90.0,9306.0,100.0,0.0,100.0,11.0,,,,,100.0,0.0,100.0,0.0,,,67.0,33.0,,,100.0,135.0,100.0,833.0,33.0,33.0,100.0,0.0,100.0,0.0,200.0,0.0,100.0,9113.0,100.0,42675118712.0,100.0,72961716914.0
2019-06-02,ZJV059MZ,ST12000NM0007,12000138625024,0,81.0,117316224.0,89.0,0.0,100.0,11.0,100.0,0.0,90.0,983211298.0,90.0,9322.0,100.0,0.0,100.0,11.0,,,,,100.0,0.0,100.0,0.0,,,67.0,33.0,,,100.0,135.0,100.0,834.0,33.0,33.0,100.0,0.0,100.0,0.0,200.0,0.0,100.0,9129.0,100.0,42732801016.0,100.0,73107283178.0
2019-06-03,ZJV059MZ,ST12000NM0007,12000138625024,0,83.0,190729848.0,89.0,0.0,100.0,11.0,100.0,0.0,90.0,987642949.0,90.0,9353.0,100.0,0.0,100.0,11.0,,,,,100.0,0.0,100.0,0.0,,,67.0,33.0,,,100.0,136.0,100.0,835.0,33.0,33.0,100.0,0.0,100.0,0.0,200.0,0.0,100.0,9160.0,100.0,42846005336.0,100.0,73311633458.0
2019-06-04,ZJV059MZ,ST12000NM0007,12000138625024,0,81.0,119065624.0,89.0,0.0,100.0,11.0,100.0,0.0,90.0,989502679.0,90.0,9369.0,100.0,0.0,100.0,11.0,,,,,100.0,0.0,100.0,0.0,,,67.0,33.0,,,100.0,136.0,100.0,836.0,33.0,33.0,100.0,0.0,100.0,0.0,200.0,0.0,100.0,9176.0,100.0,42937971016.0,100.0,73392144482.0
2019-06-05,ZJV059MZ,ST12000NM0007,12000138625024,0,70.0,9321752.0,89.0,0.0,100.0,11.0,100.0,0.0,90.0,993403718.0,90.0,9401.0,100.0,0.0,100.0,11.0,,,,,100.0,0.0,100.0,0.0,,,67.0,33.0,,,100.0,136.0,100.0,837.0,33.0,33.0,100.0,0.0,100.0,0.0,200.0,0.0,100.0,9208.0,100.0,43111206328.0,100.0,73597446786.0
2019-06-06,ZJV059MZ,ST12000NM0007,12000138625024,0,82.0,167379824.0,89.0,0.0,100.0,11.0,100.0,0.0,90.0,997429584.0,90.0,9433.0,100.0,0.0,100.0,11.0,,,,,100.0,0.0,100.0,0.0,,,67.0,33.0,,,100.0,137.0,100.0,839.0,33.0,33.0,100.0,0.0,100.0,0.0,200.0,0.0,100.0,9240.0,100.0,43257377408.0,100.0,73853474434.0
2019-06-07,ZJV059MZ,ST12000NM0007,12000138625024,0,79.0,81888920.0,89.0,0.0,100.0,11.0,100.0,0.0,90.0,999380083.0,90.0,9449.0,100.0,0.0,100.0,11.0,,,,,100.0,0.0,100.0,0.0,,,67.0,33.0,,,100.0,137.0,100.0,839.0,33.0,33.0,100.0,0.0,100.0,0.0,200.0,0.0,100.0,9256.0,100.0,43334563304.0,100.0,73934938354.0
2019-06-08,ZJV059MZ,ST12000NM0007,12000138625024,0,80.0,108838024.0,89.0,0.0,100.0,11.0,100.0,0.0,64.0,2757879.0,90.0,9481.0,100.0,0.0,100.0,11.0,,,,,100.0,0.0,100.0,0.0,,,66.0,34.0,,,100.0,137.0,100.0,840.0,34.0,34.0,100.0,0.0,100.0,0.0,200.0,0.0,100.0,9287.0,100.0,43443352024.0,100.0,74097239370.0
2019-06-09,ZJV059MZ,ST12000NM0007,12000138625024,0,84.0,225593072.0,89.0,0.0,100.0,11.0,100.0,0.0,66.0,4187058.0,90.0,9497.0,100.0,0.0,100.0,11.0,,,,,100.0,0.0,100.0,0.0,,,67.0,33.0,,,100.0,138.0,100.0,841.0,33.0,33.0,100.0,0.0,100.0,0.0,200.0,0.0,100.0,9303.0,100.0,43476462336.0,100.0,74180884106.0
2019-06-10,ZJV059MZ,ST12000NM0007,12000138625024,0,78.0,62458352.0,89.0,0.0,100.0,11.0,100.0,0.0,70.0,9714944.0,90.0,9529.0,100.0,0.0,100.0,11.0,,,,,100.0,0.0,100.0,0.0,,,68.0,32.0,,,100.0,138.0,100.0,842.0,32.0,32.0,100.0,0.0,100.0,0.0,200.0,0.0,100.0,9335.0,100.0,43522768056.0,100.0,74459725010.0
2019-06-11,ZJV059MZ,ST12000NM0007,12000138625024,0,83.0,198651280.0,89.0,0.0,100.0,11.0,100.0,0.0,71.0,11248710.0,90.0,9545.0,100.0,0.0,100.0,11.0,,,,,100.0,0.0,100.0,0.0,,,67.0,33.0,,,100.0,138.0,100.0,843.0,33.0,33.0,100.0,0.0,100.0,0.0,200.0,0.0,100.0,9350.0,100.0,43556214888.0,100.0,74562471106.0
2019-06-12,ZJV059MZ,ST12000NM0007,12000138625024,0,100.0,655880.0,89.0,0.0,100.0,11.0,100.0,0.0,72.0,15491183.0,90.0,9577.0,100.0,0.0,100.0,11.0,,,,,100.0,0.0,100.0,0.0,,,68.0,32.0,,,100.0,138.0,100.0,844.0,32.0,32.0,100.0,0.0,100.0,0.0,200.0,0.0,100.0,9382.0,100.0,43623506168.0,100.0,74785465714.0
2019-06-13,ZJV059MZ,ST12000NM0007,12000138625024,0,81.0,139537936.0,89.0,0.0,100.0,11.0,100.0,0.0,72.0,16933867.0,90.0,9593.0,100.0,0.0,100.0,11.0,,,,,100.0,0.0,100.0,0.0,,,67.0,33.0,,,100.0,139.0,100.0,845.0,33.0,33.0,100.0,0.0,100.0,0.0,200.0,0.0,100.0,9398.0,100.0,43643808816.0,100.0,74904045122.0
2019-06-14,ZJV059MZ,ST12000NM0007,12000138625024,0,82.0,155839568.0,89.0,0.0,100.0,11.0,100.0,0.0,73.0,19628699.0,90.0,9625.0,100.0,0.0,100.0,11.0,,,,,100.0,0.0,100.0,0.0,,,68.0,32.0,,,100.0,140.0,100.0,846.0,32.0,32.0,100.0,0.0,100.0,0.0,200.0,0.0,100.0,9430.0,100.0,43684857096.0,100.0,75123439162.0
2019-06-15,ZJV059MZ,ST12000NM0007,12000138625024,0,77.0,51057496.0,89.0,0.0,100.0,11.0,100.0,0.0,73.0,21144776.0,89.0,9640.0,100.0,0.0,100.0,11.0,,,,,100.0,0.0,100.0,0.0,,,67.0,33.0,,,100.0,141.0,100.0,847.0,33.0,33.0,100.0,0.0,100.0,0.0,200.0,0.0,100.0,9446.0,100.0,43705206656.0,100.0,75242448210.0
2019-06-16,ZJV059MZ,ST12000NM0007,12000138625024,0,77.0,44789488.0,89.0,0.0,100.0,11.0,100.0,0.0,74.0,24053268.0,89.0,9672.0,100.0,0.0,100.0,11.0,,,,,100.0,0.0,100.0,0.0,,,70.0,30.0,,,100.0,141.0,100.0,848.0,30.0,30.0,100.0,0.0,100.0,0.0,200.0,0.0,100.0,9477.0,100.0,43760667920.0,100.0,75424859650.0
2019-06-17,ZJV059MZ,ST12000NM0007,12000138625024,0,83.0,189183784.0,89.0,0.0,100.0,11.0,100.0,0.0,74.0,26544632.0,89.0,9688.0,100.0,0.0,100.0,11.0,,,,,100.0,0.0,100.0,0.0,,,70.0,30.0,,,100.0,142.0,100.0,849.0,30.0,30.0,100.0,0.0,100.0,0.0,200.0,0.0,100.0,9493.0,100.0,43798168480.0,100.0,75531753386.0
2019-06-18,ZJV059MZ,ST12000NM0007,12000138625024,0,73.0,19227688.0,89.0,0.0,100.0,11.0,100.0,0.0,75.0,29616524.0,89.0,9720.0,100.0,0.0,100.0,11.0,,,,,100.0,0.0,100.0,0.0,,,70.0,30.0,,,100.0,143.0,100.0,851.0,30.0,30.0,100.0,0.0,100.0,0.0,200.0,0.0,100.0,9524.0,100.0,43861081200.0,100.0,75787165962.0
2019-06-19,ZJV059MZ,ST12000NM0007,12000138625024,0,81.0,134022576.0,89.0,0.0,100.0,11.0,100.0,0.0,75.0,30837302.0,89.0,9735.0,100.0,0.0,100.0,11.0,,,,,100.0,0.0,100.0,0.0,,,70.0,30.0,,,100.0,143.0,100.0,851.0,30.0,30.0,100.0,0.0,100.0,0.0,200.0,0.0,100.0,9540.0,100.0,43880481408.0,100.0,75882560642.0
2019-06-20,ZJV059MZ,ST12000NM0007,12000138625024,0,83.0,191281632.0,89.0,0.0,100.0,11.0,100.0,0.0,75.0,33751178.0,89.0,9767.0,100.0,0.0,100.0,11.0,,,,,100.0,0.0,100.0,0.0,,,70.0,30.0,,,100.0,144.0,100.0,853.0,30.0,30.0,100.0,0.0,100.0,0.0,200.0,0.0,100.0,9571.0,100.0,43922700976.0,100.0,76141740866.0
2019-06-21,ZJV059MZ,ST12000NM0007,12000138625024,0,80.0,103825040.0,89.0,0.0,100.0,11.0,100.0,0.0,75.0,35440071.0,89.0,9783.0,100.0,0.0,100.0,11.0,,,,,100.0,0.0,100.0,0.0,,,70.0,30.0,,,100.0,144.0,100.0,853.0,30.0,30.0,100.0,0.0,100.0,0.0,200.0,0.0,100.0,9587.0,100.0,43963565120.0,100.0,76257561002.0
2019-06-22,ZJV059MZ,ST12000NM0007,12000138625024,0,83.0,182326528.0,89.0,0.0,100.0,11.0,100.0,0.0,76.0,38694788.0,89.0,9814.0,100.0,0.0,100.0,11.0,,,,,100.0,0.0,100.0,0.0,,,69.0,31.0,,,100.0,146.0,100.0,855.0,31.0,31.0,100.0,0.0,100.0,0.0,200.0,0.0,100.0,9618.0,100.0,44078303752.0,100.0,76465464874.0
2019-06-23,ZJV059MZ,ST12000NM0007,12000138625024,0,78.0,69950560.0,89.0,0.0,100.0,11.0,100.0,0.0,76.0,40215145.0,89.0,9830.0,100.0,0.0,100.0,11.0,,,,,100.0,0.0,100.0,0.0,,,70.0,30.0,,,100.0,146.0,100.0,855.0,30.0,30.0,100.0,0.0,100.0,0.0,200.0,0.0,100.0,9634.0,100.0,44118016832.0,100.0,76557516674.0
2019-06-24,ZJV059MZ,ST12000NM0007,12000138625024,0,80.0,104912496.0,89.0,0.0,100.0,11.0,100.0,0.0,77.0,46755115.0,89.0,9862.0,100.0,0.0,100.0,11.0,,,,,100.0,0.0,100.0,0.0,,,69.0,31.0,,,100.0,146.0,100.0,857.0,31.0,31.0,100.0,0.0,100.0,0.0,200.0,0.0,100.0,9665.0,100.0,44264148024.0,100.0,76934628978.0
2019-06-25,ZJV059MZ,ST12000NM0007,12000138625024,0,74.0,25717840.0,89.0,0.0,100.0,11.0,100.0,0.0,77.0,48803693.0,89.0,9878.0,100.0,0.0,100.0,11.0,,,,,100.0,0.0,100.0,0.0,,,69.0,31.0,,,100.0,146.0,100.0,857.0,31.0,31.0,100.0,0.0,100.0,0.0,200.0,0.0,100.0,9681.0,100.0,44323970728.0,100.0,77039752250.0
2019-06-26,ZJV059MZ,ST12000NM0007,12000138625024,0,81.0,128619608.0,89.0,0.0,100.0,11.0,100.0,0.0,77.0,52809528.0,89.0,9910.0,100.0,0.0,100.0,11.0,,,,,100.0,0.0,100.0,0.0,,,69.0,31.0,,,100.0,146.0,100.0,859.0,31.0,31.0,100.0,0.0,100.0,0.0,200.0,0.0,100.0,9713.0,100.0,44447641488.0,100.0,77263123978.0
2019-06-27,ZJV059MZ,ST12000NM0007,12000138625024,0,73.0,19185056.0,89.0,0.0,100.0,11.0,100.0,0.0,77.0,54430759.0,89.0,9925.0,100.0,0.0,100.0,11.0,,,,,100.0,0.0,100.0,0.0,,,69.0,31.0,,,100.0,146.0,100.0,859.0,31.0,31.0,100.0,0.0,100.0,0.0,200.0,0.0,100.0,9728.0,100.0,44478467424.0,100.0,77367004282.0
2019-06-28,ZJV059MZ,ST12000NM0007,12000138625024,0,80.0,91211720.0,89.0,0.0,100.0,11.0,100.0,0.0,78.0,58030370.0,89.0,9957.0,100.0,0.0,100.0,11.0,,,,,100.0,0.0,100.0,0.0,,,70.0,30.0,,,100.0,146.0,100.0,861.0,30.0,30.0,100.0,0.0,100.0,0.0,200.0,0.0,100.0,9760.0,100.0,44550210480.0,100.0,77611428834.0
2019-06-29,ZJV059MZ,ST12000NM0007,12000138625024,0,84.0,227164968.0,89.0,0.0,100.0,11.0,100.0,0.0,78.0,59510148.0,89.0,9973.0,100.0,0.0,100.0,11.0,,,,,100.0,0.0,100.0,0.0,,,69.0,31.0,,,100.0,146.0,100.0,861.0,31.0,31.0,100.0,0.0,100.0,0.0,200.0,0.0,100.0,9776.0,100.0,44568576416.0,100.0,77729016146.0
2019-06-30,ZJV059MZ,ST12000NM0007,12000138625024,0,78.0,61982864.0,89.0,0.0,100.0,11.0,100.0,0.0,78.0,62867149.0,89.0,10004.0,100.0,0.0,100.0,11.0,,,,,100.0,0.0,100.0,0.0,,,69.0,31.0,,,100.0,146.0,100.0,863.0,31.0,31.0,100.0,0.0,100.0,0.0,200.0,0.0,100.0,9807.0,100.0,44640843488.0,100.0,77979848602.0
2019-07-01,ZJV059MZ,ST12000NM0007,12000138625024,0,77.0,51132168.0,89.0,0.0,100.0,11.0,100.0,0.0,78.0,65473870.0,89.0,10020.0,100.0,0.0,100.0,11.0,,,,,100.0,0.0,100.0,0.0,,,69.0,31.0,,,100.0,146.0,100.0,863.0,31.0,31.0,100.0,0.0,100.0,0.0,200.0,0.0,100.0,9823.0,100.0,44681175840.0,100.0,78172806330.0
2019-07-02,ZJV059MZ,ST12000NM0007,12000138625024,0,79.0,74738656.0,89.0,0.0,100.0,11.0,100.0,0.0,78.0,69897645.0,89.0,10052.0,100.0,0.0,100.0,11.0,,,,,100.0,0.0,100.0,0.0,,,69.0,31.0,,,100.0,146.0,100.0,865.0,31.0,31.0,100.0,0.0,100.0,0.0,200.0,0.0,100.0,9854.0,100.0,44748954224.0,100.0,78372775162.0
2019-07-03,ZJV059MZ,ST12000NM0007,12000138625024,0,84.0,225126032.0,89.0,0.0,100.0,11.0,100.0,0.0,79.0,71452614.0,89.0,10067.0,100.0,0.0,100.0,11.0,,,,,100.0,0.0,100.0,0.0,,,69.0,31.0,,,100.0,146.0,100.0,865.0,31.0,31.0,100.0,0.0,100.0,0.0,200.0,0.0,100.0,9870.0,100.0,44783426216.0,100.0,78488690546.0
2019-07-04,ZJV059MZ,ST12000NM0007,12000138625024,0,80.0,101818152.0,89.0,0.0,100.0,11.0,100.0,0.0,79.0,75445793.0,89.0,10099.0,100.0,0.0,100.0,11.0,,,,,100.0,0.0,100.0,0.0,,,69.0,31.0,,,100.0,146.0,100.0,867.0,31.0,31.0,100.0,0.0,100.0,0.0,200.0,0.0,100.0,9901.0,100.0,44857499864.0,100.0,78779590546.0
2019-07-05,ZJV059MZ,ST12000NM0007,12000138625024,0,78.0,60859432.0,89.0,0.0,100.0,11.0,100.0,0.0,79.0,77313187.0,89.0,10115.0,100.0,0.0,100.0,11.0,,,,,100.0,0.0,100.0,0.0,,,69.0,31.0,,,100.0,146.0,100.0,867.0,31.0,31.0,100.0,0.0,100.0,0.0,200.0,0.0,100.0,9917.0,100.0,44894383008.0,100.0,78945889554.0
2019-07-06,ZJV059MZ,ST12000NM0007,12000138625024,0,65.0,3132672.0,89.0,0.0,100.0,11.0,100.0,0.0,79.0,81926067.0,89.0,10146.0,100.0,0.0,100.0,11.0,,,,,100.0,0.0,100.0,0.0,,,68.0,32.0,,,100.0,146.0,100.0,869.0,32.0,32.0,100.0,0.0,100.0,0.0,200.0,0.0,100.0,9948.0,100.0,44996302328.0,100.0,79274524834.0
2019-07-07,ZJV059MZ,ST12000NM0007,12000138625024,0,69.0,7650736.0,89.0,0.0,100.0,11.0,100.0,0.0,79.0,83981060.0,89.0,10162.0,100.0,0.0,100.0,11.0,,,,,100.0,0.0,100.0,0.0,,,69.0,31.0,,,100.0,146.0,100.0,869.0,31.0,31.0,100.0,0.0,100.0,0.0,200.0,0.0,100.0,9964.0,100.0,45038092984.0,100.0,79481392890.0
2019-07-08,ZJV059MZ,ST12000NM0007,12000138625024,0,83.0,214165336.0,89.0,0.0,100.0,11.0,100.0,0.0,80.0,89449142.0,89.0,10194.0,100.0,0.0,100.0,11.0,,,,,100.0,0.0,100.0,0.0,,,70.0,30.0,,,100.0,147.0,100.0,871.0,30.0,30.0,100.0,0.0,100.0,0.0,200.0,0.0,100.0,9995.0,100.0,45155695856.0,100.0,79814445274.0
2019-07-09,ZJV059MZ,ST12000NM0007,12000138625024,0,81.0,117108000.0,89.0,0.0,100.0,11.0,100.0,0.0,80.0,91258365.0,89.0,10209.0,100.0,0.0,100.0,11.0,,,,,100.0,0.0,100.0,0.0,,,69.0,31.0,,,100.0,147.0,100.0,871.0,31.0,31.0,100.0,0.0,100.0,0.0,200.0,0.0,100.0,10011.0,100.0,45198388344.0,100.0,79918836202.0
2019-07-10,ZJV059MZ,ST12000NM0007,12000138625024,0,84.0,231809144.0,89.0,0.0,100.0,11.0,100.0,0.0,80.0,94901622.0,89.0,10241.0,100.0,0.0,100.0,11.0,,,,,100.0,0.0,100.0,0.0,,,69.0,31.0,,,100.0,147.0,100.0,872.0,31.0,31.0,100.0,0.0,100.0,0.0,200.0,0.0,100.0,10043.0,100.0,45266868480.0,100.0,80209197850.0
2019-07-11,ZJV059MZ,ST12000NM0007,12000138625024,0,80.0,106640576.0,89.0,0.0,100.0,11.0,100.0,0.0,80.0,101991189.0,89.0,10273.0,100.0,0.0,100.0,11.0,,,,,100.0,0.0,100.0,0.0,,,68.0,32.0,,,100.0,147.0,100.0,874.0,32.0,32.0,100.0,0.0,100.0,0.0,200.0,0.0,100.0,10074.0,100.0,45438037104.0,100.0,80645282834.0
2019-07-12,ZJV059MZ,ST12000NM0007,12000138625024,0,80.0,108770976.0,89.0,0.0,100.0,11.0,100.0,0.0,80.0,104494302.0,89.0,10288.0,100.0,0.0,100.0,11.0,,,,,100.0,0.0,100.0,0.0,,,69.0,31.0,,,100.0,147.0,100.0,874.0,31.0,31.0,100.0,0.0,100.0,0.0,200.0,0.0,100.0,10090.0,100.0,45520944096.0,100.0,80808646898.0
2019-07-13,ZJV059MZ,ST12000NM0007,12000138625024,0,77.0,51215712.0,89.0,0.0,100.0,11.0,100.0,0.0,80.0,108837716.0,89.0,10320.0,100.0,0.0,100.0,11.0,,,,,100.0,0.0,100.0,0.0,,,69.0,31.0,,,100.0,148.0,100.0,876.0,31.0,31.0,100.0,0.0,100.0,0.0,200.0,0.0,100.0,10121.0,100.0,45631629024.0,100.0,81128688242.0
2019-07-14,ZJV059MZ,ST12000NM0007,12000138625024,0,83.0,179999520.0,89.0,0.0,100.0,11.0,100.0,0.0,80.0,110253181.0,89.0,10336.0,100.0,0.0,100.0,11.0,,,,,100.0,0.0,100.0,0.0,,,69.0,31.0,,,100.0,148.0,100.0,876.0,31.0,31.0,100.0,0.0,100.0,0.0,200.0,0.0,100.0,10137.0,100.0,45661531328.0,100.0,81227569746.0
2019-07-15,ZJV059MZ,ST12000NM0007,12000138625024,0,84.0,226068552.0,89.0,0.0,100.0,11.0,100.0,0.0,81.0,114684570.0,89.0,10367.0,100.0,0.0,100.0,11.0,,,,,100.0,0.0,100.0,0.0,,,69.0,31.0,,,100.0,150.0,100.0,878.0,31.0,31.0,100.0,0.0,100.0,0.0,200.0,0.0,100.0,10169.0,100.0,45728337344.0,100.0,81450973442.0
2019-07-16,ZJV059MZ,ST12000NM0007,12000138625024,0,82.0,154238952.0,89.0,0.0,100.0,11.0,100.0,0.0,81.0,116287041.0,89.0,10383.0,100.0,0.0,100.0,11.0,,,,,100.0,0.0,100.0,0.0,,,70.0,30.0,,,100.0,150.0,100.0,878.0,30.0,30.0,100.0,0.0,100.0,0.0,200.0,0.0,100.0,10185.0,100.0,45754553696.0,100.0,81597068370.0
2019-07-17,ZJV059MZ,ST12000NM0007,12000138625024,0,79.0,72457904.0,89.0,0.0,100.0,11.0,100.0,0.0,81.0,118348351.0,89.0,10399.0,100.0,0.0,100.0,11.0,,,,,100.0,0.0,100.0,0.0,,,70.0,30.0,,,100.0,151.0,100.0,879.0,30.0,30.0,100.0,0.0,100.0,0.0,200.0,0.0,100.0,10201.0,100.0,45806550624.0,100.0,81707431210.0
2019-07-18,ZJV059MZ,ST12000NM0007,12000138625024,0,83.0,211965880.0,89.0,0.0,100.0,11.0,100.0,0.0,81.0,123444152.0,89.0,10431.0,100.0,0.0,100.0,11.0,,,,,100.0,0.0,100.0,0.0,,,69.0,31.0,,,100.0,152.0,100.0,880.0,31.0,31.0,100.0,0.0,100.0,0.0,200.0,0.0,100.0,10232.0,100.0,45892810344.0,100.0,82004820402.0
2019-07-19,ZJV059MZ,ST12000NM0007,12000138625024,0,81.0,139208136.0,89.0,0.0,100.0,11.0,100.0,0.0,81.0,127695071.0,89.0,10462.0,100.0,0.0,100.0,11.0,,,,,100.0,0.0,100.0,0.0,,,70.0,30.0,,,100.0,152.0,100.0,882.0,30.0,30.0,100.0,0.0,100.0,0.0,200.0,0.0,100.0,10263.0,100.0,46018755728.0,100.0,82294398794.0
2019-07-20,ZJV059MZ,ST12000NM0007,12000138625024,0,73.0,19225384.0,89.0,0.0,100.0,11.0,100.0,0.0,81.0,129288574.0,89.0,10478.0,100.0,0.0,100.0,11.0,,,,,100.0,0.0,100.0,0.0,,,69.0,31.0,,,100.0,152.0,100.0,882.0,31.0,31.0,100.0,0.0,100.0,0.0,200.0,0.0,100.0,10279.0,100.0,46054206256.0,100.0,82383106554.0
2019-07-21,ZJV059MZ,ST12000NM0007,12000138625024,0,78.0,60556296.0,89.0,0.0,100.0,11.0,100.0,0.0,81.0,132559536.0,89.0,10510.0,100.0,0.0,100.0,11.0,,,,,100.0,0.0,100.0,0.0,,,69.0,31.0,,,100.0,154.0,100.0,884.0,31.0,31.0,100.0,0.0,100.0,0.0,200.0,0.0,100.0,10311.0,100.0,46130261064.0,100.0,82592523906.0
2019-07-22,ZJV059MZ,ST12000NM0007,12000138625024,0,81.0,118118216.0,89.0,0.0,100.0,11.0,100.0,0.0,81.0,136191333.0,88.0,10525.0,100.0,0.0,100.0,11.0,,,,,100.0,0.0,100.0,0.0,,,68.0,32.0,,,100.0,154.0,100.0,884.0,32.0,32.0,100.0,0.0,100.0,0.0,200.0,0.0,100.0,10327.0,100.0,46214130632.0,100.0,82810357338.0
2019-07-23,ZJV059MZ,ST12000NM0007,12000138625024,0,81.0,120782680.0,89.0,0.0,100.0,11.0,100.0,0.0,81.0,140809681.0,88.0,10557.0,100.0,0.0,100.0,11.0,,,,,100.0,0.0,100.0,0.0,,,69.0,31.0,,,100.0,154.0,100.0,886.0,31.0,31.0,100.0,0.0,100.0,0.0,200.0,0.0,100.0,10358.0,100.0,46301588664.0,100.0,83213845194.0
2019-07-24,ZJV059MZ,ST12000NM0007,12000138625024,0,83.0,200238784.0,89.0,0.0,100.0,11.0,100.0,0.0,82.0,143419156.0,88.0,10573.0,100.0,0.0,100.0,11.0,,,,,100.0,0.0,100.0,0.0,,,69.0,31.0,,,100.0,154.0,100.0,886.0,31.0,31.0,100.0,0.0,100.0,0.0,200.0,0.0,100.0,10374.0,100.0,46372574960.0,100.0,83466455738.0
2019-07-25,ZJV059MZ,ST12000NM0007,12000138625024,0,83.0,183846328.0,89.0,0.0,100.0,11.0,100.0,0.0,82.0,148256657.0,88.0,10605.0,100.0,0.0,100.0,11.0,,,,,100.0,0.0,100.0,0.0,,,69.0,31.0,,,100.0,155.0,100.0,889.0,31.0,31.0,100.0,0.0,100.0,0.0,200.0,0.0,100.0,10405.0,100.0,46469717088.0,100.0,83841202482.0
2019-07-26,ZJV059MZ,ST12000NM0007,12000138625024,0,83.0,178902296.0,89.0,0.0,100.0,11.0,100.0,0.0,82.0,150357936.0,88.0,10620.0,100.0,0.0,100.0,11.0,,,,,100.0,0.0,100.0,0.0,,,70.0,30.0,,,100.0,156.0,100.0,890.0,30.0,30.0,100.0,0.0,100.0,0.0,200.0,0.0,100.0,10421.0,100.0,46520276264.0,100.0,84029840066.0
2019-07-27,ZJV059MZ,ST12000NM0007,12000138625024,0,83.0,198667632.0,89.0,0.0,100.0,11.0,100.0,0.0,82.0,154827519.0,88.0,10652.0,100.0,0.0,100.0,11.0,,,,,100.0,0.0,100.0,0.0,,,69.0,31.0,,,100.0,156.0,100.0,891.0,31.0,31.0,100.0,0.0,100.0,0.0,200.0,0.0,100.0,10453.0,100.0,46640378920.0,100.0,84417784090.0
2019-07-28,ZJV059MZ,ST12000NM0007,12000138625024,0,75.0,31376360.0,89.0,0.0,100.0,11.0,100.0,0.0,82.0,157529803.0,88.0,10668.0,100.0,0.0,100.0,11.0,,,,,100.0,0.0,100.0,0.0,,,69.0,31.0,,,100.0,156.0,100.0,892.0,31.0,31.0,100.0,0.0,100.0,0.0,200.0,0.0,100.0,10468.0,100.0,46719216872.0,100.0,84659936298.0
2019-07-29,ZJV059MZ,ST12000NM0007,12000138625024,0,68.0,6526872.0,89.0,0.0,100.0,11.0,100.0,0.0,82.0,163154414.0,88.0,10699.0,100.0,0.0,100.0,11.0,,,,,100.0,0.0,100.0,0.0,,,69.0,31.0,,,100.0,156.0,100.0,893.0,31.0,31.0,100.0,0.0,100.0,0.0,200.0,0.0,100.0,10500.0,100.0,46829493520.0,100.0,85013091698.0
2019-07-30,ZJV059MZ,ST12000NM0007,12000138625024,0,83.0,202606344.0,89.0,0.0,100.0,11.0,100.0,0.0,82.0,167821555.0,88.0,10731.0,100.0,0.0,100.0,11.0,,,,,100.0,0.0,100.0,0.0,,,69.0,31.0,,,100.0,156.0,100.0,894.0,31.0,31.0,100.0,0.0,100.0,0.0,200.0,0.0,100.0,10531.0,100.0,47001929464.0,100.0,85280875946.0
2019-07-31,ZJV059MZ,ST12000NM0007,12000138625024,0,82.0,172534928.0,89.0,0.0,100.0,11.0,100.0,0.0,82.0,169866630.0,88.0,10747.0,100.0,0.0,100.0,11.0,,,,,100.0,0.0,100.0,0.0,,,69.0,31.0,,,100.0,156.0,100.0,896.0,31.0,31.0,100.0,0.0,100.0,0.0,200.0,0.0,100.0,10547.0,100.0,47038623872.0,100.0,85458250938.0
2019-08-01,ZJV059MZ,ST12000NM0007,12000138625024,0,84.0,225832352.0,89.0,0.0,100.0,11.0,100.0,0.0,82.0,172302387.0,88.0,10763.0,100.0,0.0,100.0,11.0,,,,,100.0,0.0,100.0,0.0,,,68.0,32.0,,,100.0,156.0,100.0,896.0,32.0,32.0,100.0,0.0,100.0,0.0,200.0,0.0,100.0,10563.0,100.0,47102780136.0,100.0,85691532874.0
2019-08-02,ZJV059MZ,ST12000NM0007,12000138625024,0,76.0,44437392.0,89.0,0.0,100.0,11.0,100.0,0.0,83.0,179217662.0,88.0,10794.0,100.0,0.0,100.0,11.0,,,,,100.0,0.0,100.0,0.0,,,69.0,31.0,,,100.0,156.0,100.0,898.0,31.0,31.0,100.0,0.0,100.0,0.0,200.0,0.0,100.0,10594.0,100.0,47255700488.0,100.0,86089640106.0
2019-08-03,ZJV059MZ,ST12000NM0007,12000138625024,0,78.0,59995672.0,89.0,0.0,100.0,11.0,100.0,0.0,83.0,181738308.0,88.0,10810.0,100.0,0.0,100.0,11.0,,,,,100.0,0.0,100.0,0.0,,,68.0,32.0,,,100.0,156.0,100.0,898.0,32.0,32.0,100.0,0.0,100.0,0.0,200.0,0.0,100.0,10610.0,100.0,47323292024.0,100.0,86281747538.0
2019-08-04,ZJV059MZ,ST12000NM0007,12000138625024,0,79.0,87460448.0,89.0,0.0,100.0,11.0,100.0,0.0,83.0,186811780.0,88.0,10842.0,100.0,0.0,100.0,11.0,,,,,100.0,0.0,100.0,0.0,,,69.0,31.0,,,100.0,157.0,100.0,899.0,31.0,31.0,100.0,0.0,100.0,0.0,200.0,0.0,100.0,10641.0,100.0,47510676736.0,100.0,86610109218.0
2019-08-05,ZJV059MZ,ST12000NM0007,12000138625024,0,83.0,219475888.0,89.0,0.0,100.0,11.0,100.0,0.0,83.0,193614354.0,88.0,10874.0,100.0,0.0,100.0,11.0,,,,,100.0,0.0,100.0,0.0,,,69.0,31.0,,,100.0,159.0,100.0,901.0,31.0,31.0,100.0,0.0,100.0,0.0,200.0,0.0,100.0,10673.0,100.0,47677750120.0,100.0,87063332746.0
2019-08-06,ZJV059MZ,ST12000NM0007,12000138625024,0,84.0,237663864.0,89.0,0.0,100.0,11.0,100.0,0.0,83.0,196185454.0,88.0,10889.0,100.0,0.0,100.0,11.0,,,,,100.0,0.0,100.0,0.0,,,69.0,31.0,,,100.0,159.0,100.0,901.0,31.0,31.0,100.0,0.0,100.0,0.0,200.0,0.0,100.0,10689.0,100.0,47757079488.0,100.0,87246332106.0
2019-08-07,ZJV059MZ,ST12000NM0007,12000138625024,0,83.0,203898424.0,89.0,0.0,100.0,11.0,100.0,0.0,83.0,200488392.0,88.0,10921.0,100.0,0.0,100.0,11.0,,,,,100.0,0.0,100.0,0.0,,,69.0,31.0,,,100.0,159.0,100.0,903.0,31.0,31.0,100.0,0.0,100.0,0.0,200.0,0.0,100.0,10720.0,100.0,47858976648.0,100.0,87598950858.0
2019-08-08,ZJV059MZ,ST12000NM0007,12000138625024,0,82.0,170849064.0,89.0,0.0,100.0,11.0,100.0,0.0,83.0,202610840.0,88.0,10937.0,100.0,0.0,100.0,11.0,,,,,100.0,0.0,100.0,0.0,,,70.0,30.0,,,100.0,159.0,100.0,903.0,30.0,30.0,100.0,0.0,100.0,0.0,200.0,0.0,100.0,10736.0,100.0,47908212872.0,100.0,87760806146.0
2019-08-09,ZJV059MZ,ST12000NM0007,12000138625024,0,83.0,196668584.0,89.0,0.0,100.0,11.0,100.0,0.0,83.0,207966569.0,88.0,10969.0,100.0,0.0,100.0,11.0,,,,,100.0,0.0,100.0,0.0,,,68.0,32.0,,,100.0,159.0,100.0,905.0,32.0,32.0,100.0,0.0,100.0,0.0,200.0,0.0,100.0,10767.0,100.0,48029792224.0,100.0,88153327714.0
2019-08-10,ZJV059MZ,ST12000NM0007,12000138625024,0,79.0,73107864.0,89.0,0.0,100.0,11.0,100.0,0.0,83.0,211212534.0,88.0,10984.0,100.0,0.0,100.0,11.0,,,,,100.0,0.0,100.0,0.0,,,67.0,33.0,,,100.0,159.0,100.0,905.0,33.0,33.0,100.0,0.0,100.0,0.0,200.0,0.0,100.0,10783.0,100.0,48092739736.0,100.0,88455101010.0
2019-08-11,ZJV059MZ,ST12000NM0007,12000138625024,0,75.0,32154904.0,89.0,0.0,100.0,11.0,100.0,0.0,83.0,216461596.0,88.0,11016.0,100.0,0.0,100.0,11.0,,,,,100.0,0.0,100.0,0.0,,,69.0,31.0,,,100.0,159.0,100.0,907.0,31.0,31.0,100.0,0.0,100.0,0.0,200.0,0.0,100.0,10815.0,100.0,48206222472.0,100.0,88788947146.0
2019-08-12,ZJV059MZ,ST12000NM0007,12000138625024,0,79.0,80778936.0,89.0,0.0,100.0,11.0,100.0,0.0,83.0,220348687.0,88.0,11032.0,100.0,0.0,100.0,11.0,,,,,100.0,0.0,100.0,0.0,,,68.0,32.0,,,100.0,159.0,100.0,907.0,32.0,32.0,100.0,0.0,100.0,0.0,200.0,0.0,100.0,10830.0,100.0,48289895696.0,100.0,88998038858.0
2019-08-13,ZJV059MZ,ST12000NM0007,12000138625024,0,83.0,190666984.0,89.0,0.0,100.0,11.0,100.0,0.0,84.0,226137577.0,88.0,11064.0,100.0,0.0,100.0,11.0,,,,,100.0,0.0,100.0,0.0,,,69.0,31.0,,,100.0,159.0,100.0,909.0,31.0,31.0,100.0,0.0,100.0,0.0,200.0,0.0,100.0,10862.0,100.0,48449982560.0,100.0,89436121370.0
2019-08-14,ZJV059MZ,ST12000NM0007,12000138625024,0,83.0,220031600.0,89.0,0.0,100.0,11.0,100.0,0.0,84.0,228339477.0,88.0,11080.0,100.0,0.0,100.0,11.0,,,,,100.0,0.0,100.0,0.0,,,69.0,31.0,,,100.0,159.0,100.0,909.0,31.0,31.0,100.0,0.0,100.0,0.0,200.0,0.0,100.0,10878.0,100.0,48505627424.0,100.0,89653981834.0
2019-08-15,ZJV059MZ,ST12000NM0007,12000138625024,0,83.0,191302808.0,89.0,0.0,100.0,11.0,100.0,0.0,84.0,233384320.0,88.0,11111.0,100.0,0.0,100.0,11.0,,,,,100.0,0.0,100.0,0.0,,,69.0,31.0,,,100.0,161.0,100.0,911.0,31.0,31.0,100.0,0.0,100.0,0.0,200.0,0.0,100.0,10909.0,100.0,48570246032.0,100.0,90048915962.0
2019-08-16,ZJV059MZ,ST12000NM0007,12000138625024,0,82.0,153078632.0,89.0,0.0,100.0,11.0,100.0,0.0,84.0,235143842.0,88.0,11127.0,100.0,0.0,100.0,11.0,,,,,100.0,0.0,100.0,0.0,,,69.0,31.0,,,100.0,161.0,100.0,911.0,31.0,31.0,100.0,0.0,100.0,0.0,200.0,0.0,100.0,10925.0,100.0,48598355432.0,100.0,90226723122.0
2019-08-17,ZJV059MZ,ST12000NM0007,12000138625024,0,82.0,164607656.0,89.0,0.0,100.0,11.0,100.0,0.0,84.0,238668678.0,88.0,11158.0,100.0,0.0,100.0,11.0,,,,,100.0,0.0,100.0,0.0,,,69.0,31.0,,,100.0,161.0,100.0,913.0,31.0,31.0,100.0,0.0,100.0,0.0,200.0,0.0,100.0,10956.0,100.0,48651898096.0,100.0,90672992442.0
2019-08-18,ZJV059MZ,ST12000NM0007,12000138625024,0,82.0,155927216.0,89.0,0.0,100.0,11.0,100.0,0.0,84.0,240269093.0,88.0,11174.0,100.0,0.0,100.0,11.0,,,,,100.0,0.0,100.0,0.0,,,69.0,31.0,,,100.0,161.0,100.0,913.0,31.0,31.0,100.0,0.0,100.0,0.0,200.0,0.0,100.0,10972.0,100.0,48678360624.0,100.0,90881990138.0
2019-08-19,ZJV059MZ,ST12000NM0007,12000138625024,0,82.0,161672640.0,89.0,0.0,100.0,11.0,100.0,0.0,84.0,245282157.0,88.0,11206.0,100.0,0.0,100.0,11.0,,,,,100.0,0.0,100.0,0.0,,,69.0,31.0,,,100.0,162.0,100.0,915.0,31.0,31.0,100.0,0.0,100.0,0.0,200.0,0.0,100.0,11003.0,100.0,48749732944.0,100.0,91304644850.0
2019-08-20,ZJV059MZ,ST12000NM0007,12000138625024,0,82.0,149649904.0,89.0,0.0,100.0,11.0,100.0,0.0,84.0,247494674.0,88.0,11221.0,100.0,0.0,100.0,11.0,,,,,100.0,0.0,100.0,0.0,,,69.0,31.0,,,100.0,162.0,100.0,915.0,31.0,31.0,100.0,0.0,100.0,0.0,200.0,0.0,100.0,11019.0,100.0,48807321256.0,100.0,91479174466.0
2019-08-21,ZJV059MZ,ST12000NM0007,12000138625024,0,82.0,151597704.0,89.0,0.0,100.0,11.0,100.0,0.0,84.0,251418773.0,88.0,11253.0,100.0,0.0,100.0,11.0,,,,,100.0,0.0,100.0,0.0,,,69.0,31.0,,,100.0,162.0,100.0,917.0,31.0,31.0,100.0,0.0,100.0,0.0,200.0,0.0,100.0,11051.0,100.0,48891280016.0,100.0,91885445122.0
2019-08-22,ZJV059MZ,ST12000NM0007,12000138625024,0,79.0,85758720.0,89.0,0.0,100.0,11.0,100.0,0.0,84.0,253205324.0,88.0,11269.0,100.0,0.0,100.0,11.0,,,,,100.0,0.0,100.0,0.0,,,69.0,31.0,,,100.0,162.0,100.0,917.0,31.0,31.0,100.0,0.0,100.0,0.0,200.0,0.0,100.0,11066.0,100.0,48918463864.0,100.0,92036563082.0
2019-08-23,ZJV059MZ,ST12000NM0007,12000138625024,0,83.0,194294800.0,89.0,0.0,100.0,11.0,100.0,0.0,84.0,257434587.0,88.0,11301.0,100.0,0.0,100.0,11.0,,,,,100.0,0.0,100.0,0.0,,,69.0,31.0,,,100.0,163.0,100.0,919.0,31.0,31.0,100.0,0.0,100.0,0.0,200.0,0.0,100.0,11098.0,100.0,49007969312.0,100.0,92299734378.0
2019-08-24,ZJV059MZ,ST12000NM0007,12000138625024,0,82.0,157937024.0,89.0,0.0,100.0,11.0,100.0,0.0,84.0,259810005.0,88.0,11316.0,100.0,0.0,100.0,11.0,,,,,100.0,0.0,100.0,0.0,,,69.0,31.0,,,100.0,163.0,100.0,919.0,31.0,31.0,100.0,0.0,100.0,0.0,200.0,0.0,100.0,11114.0,100.0,49072046040.0,100.0,92443440506.0
2019-08-25,ZJV059MZ,ST12000NM0007,12000138625024,0,82.0,158198136.0,89.0,0.0,100.0,11.0,100.0,0.0,84.0,263665263.0,88.0,11348.0,100.0,0.0,100.0,11.0,,,,,100.0,0.0,100.0,0.0,,,69.0,31.0,,,100.0,163.0,100.0,921.0,31.0,31.0,100.0,0.0,100.0,0.0,200.0,0.0,100.0,11145.0,100.0,49147026936.0,100.0,92857002154.0
2019-08-26,ZJV059MZ,ST12000NM0007,12000138625024,0,81.0,121914536.0,89.0,0.0,100.0,11.0,100.0,0.0,84.0,271813131.0,87.0,11395.0,100.0,0.0,100.0,11.0,,,,,100.0,0.0,100.0,0.0,,,69.0,31.0,,,100.0,163.0,100.0,923.0,31.0,31.0,100.0,0.0,100.0,0.0,200.0,0.0,100.0,11192.0,100.0,49281853800.0,100.0,93662454642.0
2019-08-27,ZJV059MZ,ST12000NM0007,12000138625024,0,81.0,121914536.0,89.0,0.0,100.0,11.0,100.0,0.0,84.0,271813131.0,87.0,11395.0,100.0,0.0,100.0,11.0,,,,,100.0,0.0,100.0,0.0,,,69.0,31.0,,,100.0,163.0,100.0,923.0,31.0,31.0,100.0,0.0,100.0,0.0,200.0,0.0,100.0,11192.0,100.0,49281853800.0,100.0,93662454642.0
2019-08-28,ZJV059MZ,ST12000NM0007,12000138625024,0,81.0,135310808.0,89.0,0.0,100.0,11.0,100.0,0.0,84.0,273737583.0,87.0,11411.0,100.0,0.0,100.0,11.0,,,,,100.0,0.0,100.0,0.0,,,69.0,31.0,,,100.0,163.0,100.0,923.0,31.0,31.0,100.0,0.0,100.0,0.0,200.0,0.0,100.0,11208.0,100.0,49311252112.0,100.0,93890593274.0
2019-08-29,ZJV059MZ,ST12000NM0007,12000138625024,0,81.0,127496688.0,89.0,0.0,100.0,11.0,100.0,0.0,84.0,280679946.0,87.0,11443.0,100.0,0.0,100.0,11.0,,,,,100.0,0.0,100.0,0.0,,,70.0,30.0,,,100.0,164.0,100.0,925.0,30.0,30.0,100.0,0.0,100.0,0.0,200.0,0.0,100.0,11240.0,100.0,49413347360.0,100.0,94268965250.0
2019-08-30,ZJV059MZ,ST12000NM0007,12000138625024,0,81.0,114853736.0,89.0,0.0,100.0,11.0,100.0,0.0,85.0,282555279.0,87.0,11459.0,100.0,0.0,100.0,11.0,,,,,100.0,0.0,100.0,0.0,,,69.0,31.0,,,100.0,164.0,100.0,925.0,31.0,31.0,100.0,0.0,100.0,0.0,200.0,0.0,100.0,11255.0,100.0,49446803480.0,100.0,94467006898.0
2019-08-31,ZJV059MZ,ST12000NM0007,12000138625024,0,81.0,116206096.0,89.0,0.0,100.0,11.0,100.0,0.0,85.0,286453754.0,87.0,11491.0,100.0,0.0,100.0,11.0,,,,,100.0,0.0,100.0,0.0,,,70.0,30.0,,,100.0,165.0,100.0,927.0,30.0,30.0,100.0,0.0,100.0,0.0,200.0,0.0,100.0,11287.0,100.0,49525466944.0,100.0,94877977210.0
2019-09-01,ZJV059MZ,ST12000NM0007,12000138625024,0,82.0,150501840.0,89.0,0.0,100.0,11.0,100.0,0.0,85.0,290446151.0,87.0,11522.0,100.0,0.0,100.0,11.0,,,,,100.0,0.0,100.0,0.0,,,69.0,31.0,,,100.0,165.0,100.0,928.0,31.0,31.0,100.0,0.0,100.0,0.0,200.0,0.0,100.0,11318.0,100.0,49602617504.0,100.0,95323403946.0
2019-09-02,ZJV059MZ,ST12000NM0007,12000138625024,0,82.0,173823616.0,89.0,0.0,100.0,11.0,100.0,0.0,85.0,293860476.0,87.0,11538.0,100.0,0.0,100.0,11.0,,,,,100.0,0.0,100.0,0.0,,,69.0,31.0,,,100.0,165.0,100.0,929.0,31.0,31.0,100.0,0.0,100.0,0.0,200.0,0.0,100.0,11334.0,100.0,49634150648.0,100.0,95559333370.0
2019-09-03,ZJV059MZ,ST12000NM0007,12000138625024,0,81.0,120346696.0,89.0,0.0,100.0,11.0,100.0,0.0,85.0,297251375.0,87.0,11570.0,100.0,0.0,100.0,11.0,,,,,100.0,0.0,100.0,0.0,,,69.0,31.0,,,100.0,165.0,100.0,930.0,31.0,31.0,100.0,0.0,100.0,0.0,200.0,0.0,100.0,11366.0,100.0,49690196272.0,100.0,95938092674.0
2019-09-04,ZJV059MZ,ST12000NM0007,12000138625024,0,81.0,127384536.0,89.0,0.0,100.0,11.0,100.0,0.0,85.0,298982371.0,87.0,11586.0,100.0,0.0,100.0,11.0,,,,,100.0,0.0,100.0,0.0,,,70.0,30.0,,,100.0,165.0,100.0,931.0,30.0,30.0,100.0,0.0,100.0,0.0,200.0,0.0,100.0,11381.0,100.0,49714221776.0,100.0,96165245890.0
2019-09-05,ZJV059MZ,ST12000NM0007,12000138625024,0,80.0,89645864.0,89.0,0.0,100.0,11.0,100.0,0.0,85.0,304539992.0,87.0,11617.0,100.0,0.0,100.0,11.0,,,,,100.0,0.0,100.0,0.0,,,70.0,30.0,,,100.0,166.0,100.0,932.0,30.0,30.0,100.0,0.0,100.0,0.0,200.0,0.0,100.0,11413.0,100.0,49798127080.0,100.0,96531883378.0
2019-09-06,ZJV059MZ,ST12000NM0007,12000138625024,0,71.0,13256168.0,89.0,0.0,100.0,11.0,100.0,0.0,85.0,306368733.0,87.0,11633.0,100.0,0.0,100.0,11.0,,,,,100.0,0.0,100.0,0.0,,,70.0,30.0,,,100.0,166.0,100.0,933.0,30.0,30.0,100.0,0.0,100.0,0.0,200.0,0.0,100.0,11429.0,100.0,49817028264.0,100.0,96680733226.0
2019-09-07,ZJV059MZ,ST12000NM0007,12000138625024,0,83.0,179000544.0,89.0,0.0,100.0,11.0,100.0,0.0,85.0,310804224.0,87.0,11665.0,100.0,0.0,100.0,11.0,,,,,100.0,0.0,100.0,0.0,,,69.0,31.0,,,100.0,166.0,100.0,934.0,31.0,31.0,100.0,0.0,100.0,0.0,200.0,0.0,100.0,11460.0,100.0,49860715344.0,100.0,97046931266.0
2019-09-08,ZJV059MZ,ST12000NM0007,12000138625024,0,82.0,150738616.0,89.0,0.0,100.0,11.0,100.0,0.0,85.0,312824303.0,87.0,11681.0,100.0,0.0,100.0,11.0,,,,,100.0,0.0,100.0,0.0,,,68.0,32.0,,,100.0,167.0,100.0,935.0,32.0,32.0,100.0,0.0,100.0,0.0,200.0,0.0,100.0,11476.0,100.0,49899135512.0,100.0,97224390082.0
2019-09-09,ZJV059MZ,ST12000NM0007,12000138625024,0,81.0,123516320.0,89.0,0.0,100.0,11.0,100.0,0.0,85.0,318230429.0,87.0,11712.0,100.0,0.0,100.0,11.0,,,,,100.0,0.0,100.0,0.0,,,69.0,31.0,,,100.0,168.0,100.0,936.0,31.0,31.0,100.0,0.0,100.0,0.0,200.0,0.0,100.0,11507.0,100.0,49994891376.0,100.0,97589693386.0
2019-09-10,ZJV059MZ,ST12000NM0007,12000138625024,0,78.0,70527264.0,89.0,0.0,100.0,11.0,100.0,0.0,85.0,320067849.0,87.0,11728.0,100.0,0.0,100.0,11.0,,,,,100.0,0.0,100.0,0.0,,,68.0,32.0,,,100.0,168.0,100.0,937.0,32.0,32.0,100.0,0.0,100.0,0.0,200.0,0.0,100.0,11523.0,100.0,50022985152.0,100.0,97752751370.0
2019-09-11,ZJV059MZ,ST12000NM0007,12000138625024,0,82.0,147347968.0,89.0,0.0,100.0,11.0,100.0,0.0,85.0,324487084.0,87.0,11760.0,100.0,0.0,100.0,11.0,,,,,100.0,0.0,100.0,0.0,,,68.0,32.0,,,100.0,168.0,100.0,938.0,32.0,32.0,100.0,0.0,100.0,0.0,200.0,0.0,100.0,11555.0,100.0,50119081816.0,100.0,98221756866.0
2019-09-12,ZJV059MZ,ST12000NM0007,12000138625024,0,79.0,86976872.0,89.0,0.0,100.0,11.0,100.0,0.0,85.0,326468655.0,87.0,11775.0,100.0,0.0,100.0,11.0,,,,,100.0,0.0,100.0,0.0,,,68.0,32.0,,,100.0,168.0,100.0,939.0,32.0,32.0,100.0,0.0,100.0,0.0,200.0,0.0,100.0,11570.0,100.0,50157135128.0,100.0,98367473090.0
2019-09-13,ZJV059MZ,ST12000NM0007,12000138625024,0,80.0,104294392.0,89.0,0.0,100.0,11.0,100.0,0.0,85.0,330394945.0,87.0,11807.0,100.0,0.0,100.0,11.0,,,,,100.0,0.0,100.0,0.0,,,69.0,31.0,,,100.0,168.0,100.0,940.0,31.0,31.0,100.0,0.0,100.0,0.0,200.0,0.0,100.0,11602.0,100.0,50231493216.0,100.0,98798713962.0
2019-09-14,ZJV059MZ,ST12000NM0007,12000138625024,0,81.0,132564888.0,89.0,0.0,100.0,11.0,100.0,0.0,85.0,332294902.0,87.0,11823.0,100.0,0.0,100.0,11.0,,,,,100.0,0.0,100.0,0.0,,,68.0,32.0,,,100.0,169.0,100.0,941.0,32.0,32.0,100.0,0.0,100.0,0.0,200.0,0.0,100.0,11617.0,100.0,50260454304.0,100.0,99042164218.0
2019-09-15,ZJV059MZ,ST12000NM0007,12000138625024,0,84.0,235674464.0,89.0,0.0,100.0,11.0,100.0,0.0,85.0,337358564.0,87.0,11854.0,100.0,0.0,100.0,11.0,,,,,100.0,0.0,100.0,0.0,,,68.0,32.0,,,100.0,170.0,100.0,942.0,32.0,32.0,100.0,0.0,100.0,0.0,200.0,0.0,100.0,11649.0,100.0,50404265544.0,100.0,99489744362.0
2019-09-16,ZJV059MZ,ST12000NM0007,12000138625024,0,76.0,41043832.0,89.0,0.0,100.0,11.0,100.0,0.0,85.0,340884715.0,87.0,11870.0,100.0,0.0,100.0,11.0,,,,,100.0,0.0,100.0,0.0,,,68.0,32.0,,,100.0,170.0,100.0,943.0,32.0,32.0,100.0,0.0,100.0,0.0,200.0,0.0,100.0,11665.0,100.0,50470514616.0,100.0,99717146002.0
2019-09-17,ZJV059MZ,ST12000NM0007,12000138625024,0,73.0,18654688.0,89.0,0.0,100.0,11.0,100.0,0.0,85.0,344853504.0,87.0,11902.0,100.0,0.0,100.0,11.0,,,,,100.0,0.0,100.0,0.0,,,68.0,32.0,,,100.0,171.0,100.0,944.0,32.0,32.0,100.0,0.0,100.0,0.0,200.0,0.0,100.0,11696.0,100.0,50535344584.0,100.0,100118208394.0
2019-09-18,ZJV059MZ,ST12000NM0007,12000138625024,0,77.0,48462952.0,89.0,0.0,100.0,11.0,100.0,0.0,85.0,347211087.0,87.0,11917.0,100.0,0.0,100.0,11.0,,,,,100.0,0.0,100.0,0.0,,,69.0,31.0,,,100.0,171.0,100.0,945.0,31.0,31.0,100.0,0.0,100.0,0.0,200.0,0.0,100.0,11712.0,100.0,50609539560.0,100.0,100317962650.0
2019-09-19,ZJV059MZ,ST12000NM0007,12000138625024,0,76.0,39824448.0,89.0,0.0,100.0,11.0,100.0,0.0,85.0,351643974.0,87.0,11949.0,100.0,0.0,100.0,11.0,,,,,100.0,0.0,100.0,0.0,,,68.0,32.0,,,100.0,171.0,100.0,946.0,32.0,32.0,100.0,0.0,100.0,0.0,200.0,0.0,100.0,11743.0,100.0,50662283120.0,100.0,100744862082.0
2019-09-20,ZJV059MZ,ST12000NM0007,12000138625024,0,81.0,129249208.0,89.0,0.0,100.0,11.0,100.0,0.0,85.0,354486715.0,87.0,11965.0,100.0,0.0,100.0,11.0,,,,,100.0,0.0,100.0,0.0,,,68.0,32.0,,,100.0,171.0,100.0,947.0,32.0,32.0,100.0,0.0,100.0,0.0,200.0,0.0,100.0,11759.0,100.0,50762813000.0,100.0,100977897746.0
2019-09-21,ZJV059MZ,ST12000NM0007,12000138625024,0,83.0,179276512.0,89.0,0.0,100.0,11.0,100.0,0.0,86.0,358302626.0,87.0,11997.0,100.0,0.0,100.0,11.0,,,,,100.0,0.0,100.0,0.0,,,69.0,31.0,,,100.0,171.0,100.0,948.0,31.0,31.0,100.0,0.0,100.0,0.0,200.0,0.0,100.0,11791.0,100.0,50829997032.0,100.0,101449023850.0
2019-09-22,ZJV059MZ,ST12000NM0007,12000138625024,0,83.0,212212976.0,89.0,0.0,100.0,11.0,100.0,0.0,86.0,362051226.0,87.0,12012.0,100.0,0.0,100.0,11.0,,,,,100.0,0.0,100.0,0.0,,,70.0,30.0,,,100.0,171.0,100.0,949.0,30.0,30.0,100.0,0.0,100.0,0.0,200.0,0.0,100.0,11806.0,100.0,50855015048.0,100.0,101701083074.0
2019-09-23,ZJV059MZ,ST12000NM0007,12000138625024,0,81.0,136940504.0,89.0,0.0,100.0,11.0,100.0,0.0,86.0,366822463.0,87.0,12044.0,100.0,0.0,100.0,11.0,,,,,100.0,0.0,100.0,0.0,,,69.0,31.0,,,100.0,171.0,100.0,950.0,31.0,31.0,100.0,0.0,100.0,0.0,200.0,0.0,100.0,11838.0,100.0,50908067680.0,100.0,102061039882.0
2019-09-24,ZJV059MZ,ST12000NM0007,12000138625024,0,76.0,43878536.0,89.0,0.0,100.0,11.0,100.0,0.0,86.0,368247449.0,87.0,12060.0,100.0,0.0,100.0,11.0,,,,,100.0,0.0,100.0,0.0,,,69.0,31.0,,,100.0,172.0,100.0,951.0,31.0,31.0,100.0,0.0,100.0,0.0,200.0,0.0,100.0,11853.0,100.0,50927958184.0,100.0,102192228042.0
2019-09-25,ZJV059MZ,ST12000NM0007,12000138625024,0,78.0,59518816.0,89.0,0.0,100.0,11.0,100.0,0.0,86.0,372413506.0,87.0,12091.0,100.0,0.0,100.0,11.0,,,,,100.0,0.0,100.0,0.0,,,67.0,33.0,,,100.0,172.0,100.0,953.0,33.0,33.0,100.0,0.0,100.0,0.0,200.0,0.0,100.0,11885.0,100.0,51014238432.0,100.0,102609869522.0
2019-09-26,ZJV059MZ,ST12000NM0007,12000138625024,0,76.0,37158696.0,89.0,0.0,100.0,11.0,100.0,0.0,86.0,374648133.0,87.0,12107.0,100.0,0.0,100.0,11.0,,,,,100.0,0.0,100.0,0.0,,,63.0,37.0,,,100.0,172.0,100.0,953.0,37.0,37.0,100.0,0.0,100.0,0.0,200.0,0.0,100.0,11901.0,100.0,51032928240.0,100.0,102812960282.0
2019-09-27,ZJV059MZ,ST12000NM0007,12000138625024,0,84.0,227115120.0,89.0,0.0,100.0,11.0,100.0,0.0,86.0,378021385.0,87.0,12139.0,100.0,0.0,100.0,11.0,,,,,100.0,0.0,100.0,0.0,,,69.0,31.0,,,100.0,172.0,100.0,954.0,31.0,31.0,100.0,0.0,100.0,0.0,200.0,0.0,100.0,11932.0,100.0,51081806600.0,100.0,103198178978.0
2019-09-28,ZJV059MZ,ST12000NM0007,12000138625024,0,76.0,39007984.0,89.0,0.0,100.0,11.0,100.0,0.0,86.0,380387862.0,87.0,12155.0,100.0,0.0,100.0,11.0,,,,,100.0,0.0,100.0,0.0,,,69.0,31.0,,,100.0,172.0,100.0,955.0,31.0,31.0,100.0,0.0,100.0,0.0,200.0,0.0,100.0,11948.0,100.0,51139760600.0,100.0,103440399338.0
2019-09-29,ZJV059MZ,ST12000NM0007,12000138625024,0,79.0,75807280.0,89.0,0.0,100.0,11.0,100.0,0.0,86.0,384397042.0,87.0,12186.0,100.0,0.0,100.0,11.0,,,,,100.0,0.0,100.0,0.0,,,69.0,31.0,,,100.0,172.0,100.0,956.0,31.0,31.0,100.0,0.0,100.0,0.0,200.0,0.0,100.0,11979.0,100.0,51204580656.0,100.0,103900660018.0
2019-09-30,ZJV059MZ,ST12000NM0007,12000138625024,0,83.0,213606448.0,89.0,0.0,100.0,11.0,100.0,0.0,86.0,390767061.0,87.0,12218.0,100.0,0.0,100.0,11.0,,,,,100.0,0.0,100.0,0.0,,,69.0,31.0,,,100.0,172.0,100.0,958.0,31.0,31.0,100.0,0.0,100.0,0.0,200.0,0.0,100.0,12011.0,100.0,51335599776.0,100.0,104395721898.0
2019-10-01,ZJV059MZ,ST12000NM0007,12000138625024,0,67.0,4898960.0,89.0,0.0,100.0,11.0,100.0,0.0,86.0,392927260.0,87.0,12234.0,100.0,0.0,100.0,11.0,,,,,100.0,0.0,100.0,0.0,,,67.0,33.0,,,100.0,172.0,100.0,958.0,33.0,33.0,100.0,0.0,100.0,0.0,200.0,0.0,100.0,12027.0,100.0,51385617784.0,100.0,104625277898.0
2019-10-02,ZJV059MZ,ST12000NM0007,12000138625024,0,84.0,228111456.0,89.0,0.0,100.0,11.0,100.0,0.0,86.0,394485198.0,87.0,12250.0,100.0,0.0,100.0,11.0,,,,,100.0,0.0,100.0,0.0,,,70.0,30.0,,,100.0,172.0,100.0,959.0,30.0,30.0,100.0,0.0,100.0,0.0,200.0,0.0,100.0,12043.0,100.0,51408977656.0,100.0,104825130522.0
2019-10-03,ZJV059MZ,ST12000NM0007,12000138625024,0,83.0,211395560.0,89.0,0.0,100.0,11.0,100.0,0.0,86.0,396833879.0,86.0,12281.0,100.0,0.0,100.0,11.0,,,,,100.0,0.0,100.0,0.0,,,71.0,29.0,,,100.0,173.0,100.0,960.0,29.0,29.0,100.0,0.0,100.0,0.0,200.0,0.0,100.0,12074.0,100.0,51435756184.0,100.0,105025776962.0
2019-10-04,ZJV059MZ,ST12000NM0007,12000138625024,0,74.0,22443944.0,89.0,0.0,100.0,11.0,100.0,0.0,86.0,397618579.0,86.0,12297.0,100.0,0.0,100.0,11.0,,,,,100.0,0.0,100.0,0.0,,,71.0,29.0,,,100.0,173.0,100.0,961.0,29.0,29.0,100.0,0.0,100.0,0.0,200.0,0.0,100.0,12090.0,100.0,51443477712.0,100.0,105073244498.0
2019-10-05,ZJV059MZ,ST12000NM0007,12000138625024,0,83.0,198697904.0,89.0,0.0,100.0,11.0,100.0,0.0,86.0,400435693.0,86.0,12328.0,100.0,0.0,100.0,11.0,,,,,100.0,0.0,100.0,0.0,,,71.0,29.0,,,100.0,174.0,100.0,962.0,29.0,29.0,100.0,0.0,100.0,0.0,200.0,0.0,100.0,12121.0,100.0,51459234240.0,100.0,105233741930.0
2019-10-06,ZJV059MZ,ST12000NM0007,12000138625024,0,83.0,191082728.0,89.0,0.0,100.0,11.0,100.0,0.0,86.0,404104654.0,86.0,12360.0,100.0,0.0,100.0,11.0,,,,,100.0,0.0,100.0,0.0,,,70.0,30.0,,,100.0,175.0,100.0,964.0,30.0,30.0,100.0,0.0,100.0,0.0,200.0,0.0,100.0,12152.0,100.0,51491256528.0,100.0,105438245218.0
2019-10-07,ZJV059MZ,ST12000NM0007,12000138625024,0,80.0,93878864.0,89.0,0.0,100.0,11.0,100.0,0.0,86.0,407199190.0,86.0,12376.0,100.0,0.0,100.0,11.0,,,,,100.0,0.0,100.0,0.0,,,71.0,29.0,,,100.0,175.0,100.0,964.0,29.0,29.0,100.0,0.0,100.0,0.0,200.0,0.0,100.0,12168.0,100.0,51515304584.0,100.0,105561133962.0
2019-10-08,ZJV059MZ,ST12000NM0007,12000138625024,0,78.0,70153608.0,89.0,0.0,100.0,11.0,100.0,0.0,86.0,409672755.0,86.0,12408.0,100.0,0.0,100.0,11.0,,,,,100.0,0.0,100.0,0.0,,,71.0,29.0,,,100.0,177.0,100.0,966.0,29.0,29.0,100.0,0.0,100.0,0.0,200.0,0.0,100.0,12200.0,100.0,51553788176.0,100.0,105743065858.0
2019-10-09,ZJV059MZ,ST12000NM0007,12000138625024,0,82.0,173385008.0,89.0,0.0,100.0,11.0,100.0,0.0,86.0,410683918.0,86.0,12423.0,100.0,0.0,100.0,11.0,,,,,100.0,0.0,100.0,0.0,,,71.0,29.0,,,100.0,177.0,100.0,966.0,29.0,29.0,100.0,0.0,100.0,0.0,200.0,0.0,100.0,12216.0,100.0,51569121560.0,100.0,105830963874.0
2019-10-10,ZJV059MZ,ST12000NM0007,12000138625024,0,78.0,61269992.0,89.0,0.0,100.0,11.0,100.0,0.0,86.0,413492516.0,86.0,12439.0,100.0,0.0,100.0,11.0,,,,,100.0,0.0,100.0,0.0,,,70.0,30.0,,,100.0,177.0,100.0,967.0,30.0,30.0,100.0,0.0,100.0,0.0,200.0,0.0,100.0,12231.0,100.0,51592737376.0,100.0,105939373890.0
2019-10-11,ZJV059MZ,ST12000NM0007,12000138625024,0,71.0,13900248.0,89.0,0.0,100.0,11.0,100.0,0.0,86.0,415436491.0,86.0,12471.0,100.0,0.0,100.0,11.0,,,,,100.0,0.0,100.0,0.0,,,70.0,30.0,,,100.0,177.0,100.0,968.0,30.0,30.0,100.0,0.0,100.0,0.0,200.0,0.0,100.0,12263.0,100.0,51626396472.0,100.0,106102485722.0
2019-10-12,ZJV059MZ,ST12000NM0007,12000138625024,0,80.0,110545456.0,89.0,0.0,100.0,11.0,100.0,0.0,86.0,416202272.0,86.0,12487.0,100.0,0.0,100.0,11.0,,,,,100.0,0.0,100.0,0.0,,,70.0,30.0,,,100.0,177.0,100.0,969.0,30.0,30.0,100.0,0.0,100.0,0.0,200.0,0.0,100.0,12278.0,100.0,51639772936.0,100.0,106185754466.0
2019-10-13,ZJV059MZ,ST12000NM0007,12000138625024,0,75.0,34696248.0,89.0,0.0,100.0,11.0,100.0,0.0,86.0,417592191.0,86.0,12518.0,100.0,0.0,100.0,11.0,,,,,100.0,0.0,100.0,0.0,,,70.0,30.0,,,100.0,178.0,100.0,970.0,30.0,30.0,100.0,0.0,100.0,0.0,200.0,0.0,100.0,12310.0,100.0,51663850352.0,100.0,106329968506.0
2019-10-14,ZJV059MZ,ST12000NM0007,12000138625024,0,81.0,113391920.0,89.0,0.0,100.0,11.0,100.0,0.0,86.0,418273506.0,86.0,12534.0,100.0,0.0,100.0,11.0,,,,,100.0,0.0,100.0,0.0,,,70.0,30.0,,,100.0,178.0,100.0,971.0,30.0,30.0,100.0,0.0,100.0,0.0,200.0,0.0,100.0,12325.0,100.0,51675250960.0,100.0,106397263570.0
2019-10-15,ZJV059MZ,ST12000NM0007,12000138625024,0,83.0,209681168.0,89.0,0.0,100.0,11.0,100.0,0.0,86.0,423468623.0,86.0,12581.0,100.0,0.0,100.0,11.0,,,,,100.0,0.0,100.0,0.0,,,70.0,30.0,,,100.0,180.0,100.0,973.0,30.0,30.0,100.0,0.0,100.0,0.0,200.0,0.0,100.0,12372.0,100.0,51711783648.0,100.0,106701160930.0
2019-10-16,ZJV059MZ,ST12000NM0007,12000138625024,0,83.0,209681168.0,89.0,0.0,100.0,11.0,100.0,0.0,86.0,423468623.0,86.0,12581.0,100.0,0.0,100.0,11.0,,,,,100.0,0.0,100.0,0.0,,,70.0,30.0,,,100.0,180.0,100.0,973.0,30.0,30.0,100.0,0.0,100.0,0.0,200.0,0.0,100.0,12372.0,100.0,51711783648.0,100.0,106701160930.0
2019-10-17,ZJV059MZ,ST12000NM0007,12000138625024,0,82.0,151029120.0,89.0,0.0,100.0,11.0,100.0,0.0,86.0,426566299.0,86.0,12612.0,100.0,0.0,100.0,11.0,,,,,100.0,0.0,100.0,0.0,,,70.0,30.0,,,100.0,181.0,100.0,974.0,30.0,30.0,100.0,0.0,100.0,0.0,200.0,0.0,100.0,12404.0,100.0,51734487760.0,100.0,106863945538.0
2019-10-18,ZJV059MZ,ST12000NM0007,12000138625024,0,81.0,112845576.0,89.0,0.0,100.0,11.0,100.0,0.0,86.0,428317075.0,86.0,12644.0,100.0,0.0,100.0,11.0,,,,,100.0,0.0,100.0,0.0,,,70.0,30.0,,,100.0,182.0,100.0,976.0,30.0,30.0,100.0,0.0,100.0,0.0,200.0,0.0,100.0,12435.0,100.0,51752626984.0,100.0,107051763490.0
2019-10-19,ZJV059MZ,ST12000NM0007,12000138625024,0,83.0,202695656.0,89.0,0.0,100.0,11.0,100.0,0.0,86.0,429258535.0,86.0,12660.0,100.0,0.0,100.0,11.0,,,,,100.0,0.0,100.0,0.0,,,70.0,30.0,,,100.0,182.0,100.0,976.0,30.0,30.0,100.0,0.0,100.0,0.0,200.0,0.0,100.0,12451.0,100.0,51760827264.0,100.0,107133413290.0
2019-10-20,ZJV059MZ,ST12000NM0007,12000138625024,0,81.0,133152800.0,89.0,0.0,100.0,11.0,100.0,0.0,86.0,431815690.0,86.0,12691.0,100.0,0.0,100.0,11.0,,,,,100.0,0.0,100.0,0.0,,,69.0,31.0,,,100.0,183.0,100.0,978.0,31.0,31.0,100.0,0.0,100.0,0.0,200.0,0.0,100.0,12482.0,100.0,51803522536.0,100.0,107265315866.0
2019-10-21,ZJV059MZ,ST12000NM0007,12000138625024,0,73.0,21329904.0,89.0,0.0,100.0,11.0,100.0,0.0,86.0,433493403.0,86.0,12707.0,100.0,0.0,100.0,11.0,,,,,100.0,0.0,100.0,0.0,,,69.0,31.0,,,100.0,183.0,100.0,978.0,31.0,31.0,100.0,0.0,100.0,0.0,200.0,0.0,100.0,12498.0,100.0,51822105096.0,100.0,107379051138.0
2019-10-22,ZJV059MZ,ST12000NM0007,12000138625024,0,83.0,216579952.0,89.0,0.0,100.0,11.0,100.0,0.0,86.0,437183497.0,86.0,12738.0,100.0,0.0,100.0,11.0,,,,,100.0,0.0,100.0,0.0,,,68.0,32.0,,,100.0,183.0,100.0,980.0,32.0,32.0,100.0,0.0,100.0,0.0,200.0,0.0,100.0,12529.0,100.0,51860777904.0,100.0,107535628378.0
2019-10-23,ZJV059MZ,ST12000NM0007,12000138625024,0,77.0,51994880.0,89.0,0.0,100.0,11.0,100.0,0.0,86.0,438366056.0,86.0,12754.0,100.0,0.0,100.0,11.0,,,,,100.0,0.0,100.0,0.0,,,68.0,32.0,,,100.0,183.0,100.0,980.0,32.0,32.0,100.0,0.0,100.0,0.0,200.0,0.0,100.0,12545.0,100.0,51881575688.0,100.0,107594386242.0
2019-10-24,ZJV059MZ,ST12000NM0007,12000138625024,0,71.0,14017672.0,89.0,0.0,100.0,11.0,100.0,0.0,86.0,442314775.0,86.0,12786.0,100.0,0.0,100.0,11.0,,,,,100.0,0.0,100.0,0.0,,,69.0,31.0,,,100.0,184.0,100.0,982.0,31.0,31.0,100.0,0.0,100.0,0.0,200.0,0.0,100.0,12576.0,100.0,51921631088.0,100.0,107760494330.0
2019-10-25,ZJV059MZ,ST12000NM0007,12000138625024,0,81.0,119809232.0,89.0,0.0,100.0,11.0,100.0,0.0,86.0,443563114.0,86.0,12801.0,100.0,0.0,100.0,11.0,,,,,100.0,0.0,100.0,0.0,,,69.0,31.0,,,100.0,184.0,100.0,982.0,31.0,31.0,100.0,0.0,100.0,0.0,200.0,0.0,100.0,12592.0,100.0,51946281824.0,100.0,107841635154.0
2019-10-26,ZJV059MZ,ST12000NM0007,12000138625024,0,79.0,80572208.0,89.0,0.0,100.0,11.0,100.0,0.0,87.0,447935373.0,86.0,12833.0,100.0,0.0,100.0,11.0,,,,,100.0,0.0,100.0,0.0,,,72.0,28.0,,,100.0,186.0,100.0,986.0,28.0,28.0,100.0,0.0,100.0,0.0,200.0,0.0,100.0,12623.0,100.0,52000481040.0,100.0,107992339668.0
2019-10-27,ZJV059MZ,ST12000NM0007,12000138625024,0,84.0,225872736.0,89.0,0.0,100.0,11.0,100.0,0.0,87.0,449739981.0,86.0,12849.0,100.0,0.0,100.0,11.0,,,,,100.0,0.0,100.0,0.0,,,70.0,30.0,,,100.0,186.0,100.0,986.0,30.0,30.0,100.0,0.0,100.0,0.0,200.0,0.0,100.0,12639.0,100.0,52030994272.0,100.0,108107126964.0
2019-10-28,ZJV059MZ,ST12000NM0007,12000138625024,0,84.0,240708800.0,89.0,0.0,100.0,11.0,100.0,0.0,87.0,454412599.0,86.0,12880.0,100.0,0.0,100.0,11.0,,,,,100.0,0.0,100.0,0.0,,,70.0,30.0,,,100.0,188.0,100.0,988.0,30.0,30.0,100.0,0.0,100.0,0.0,200.0,0.0,100.0,12670.0,100.0,52088292968.0,100.0,108308805164.0
2019-10-29,ZJV059MZ,ST12000NM0007,12000138625024,0,80.0,102960256.0,89.0,0.0,100.0,11.0,100.0,0.0,87.0,455685173.0,86.0,12896.0,100.0,0.0,100.0,11.0,,,,,100.0,0.0,100.0,0.0,,,70.0,30.0,,,100.0,188.0,100.0,988.0,30.0,30.0,100.0,0.0,100.0,0.0,200.0,0.0,100.0,12686.0,100.0,52116260576.0,100.0,108387229644.0
2019-10-30,ZJV059MZ,ST12000NM0007,12000138625024,0,81.0,128558176.0,89.0,0.0,100.0,11.0,100.0,0.0,87.0,458590640.0,86.0,12928.0,100.0,0.0,100.0,11.0,,,,,100.0,0.0,100.0,0.0,,,69.0,31.0,,,100.0,190.0,100.0,990.0,31.0,31.0,100.0,0.0,100.0,0.0,200.0,0.0,100.0,12717.0,100.0,52165010704.0,100.0,108608218372.0
2019-10-31,ZJV059MZ,ST12000NM0007,12000138625024,0,73.0,21101736.0,89.0,0.0,100.0,11.0,100.0,0.0,87.0,461652759.0,86.0,12944.0,100.0,0.0,100.0,11.0,,,,,100.0,0.0,100.0,0.0,,,69.0,31.0,,,100.0,190.0,100.0,990.0,31.0,31.0,100.0,0.0,100.0,0.0,200.0,0.0,100.0,12733.0,100.0,52190312880.0,100.0,108719600388.0
2019-11-01,ZJV059MZ,ST12000NM0007,12000138625024,0,82.0,163003320.0,89.0,0.0,100.0,11.0,100.0,0.0,87.0,466874283.0,86.0,12975.0,100.0,0.0,100.0,11.0,,,,,100.0,0.0,100.0,0.0,,,69.0,31.0,,,100.0,190.0,100.0,992.0,31.0,31.0,100.0,0.0,100.0,0.0,200.0,0.0,100.0,12764.0,100.0,52242397888.0,100.0,109053557708.0
2019-11-02,ZJV059MZ,ST12000NM0007,12000138625024,0,79.0,83734592.0,89.0,0.0,100.0,11.0,100.0,0.0,87.0,468508407.0,86.0,12991.0,100.0,0.0,100.0,11.0,,,,,100.0,0.0,100.0,0.0,,,70.0,30.0,,,100.0,190.0,100.0,992.0,30.0,30.0,100.0,0.0,100.0,0.0,200.0,0.0,100.0,12780.0,100.0,52268907528.0,100.0,109191920020.0
2019-11-03,ZJV059MZ,ST12000NM0007,12000138625024,0,83.0,193021584.0,89.0,0.0,100.0,11.0,100.0,0.0,87.0,471637749.0,86.0,13022.0,100.0,0.0,100.0,11.0,,,,,100.0,0.0,100.0,0.0,,,70.0,30.0,,,100.0,190.0,100.0,993.0,30.0,30.0,100.0,0.0,100.0,0.0,200.0,0.0,100.0,12811.0,100.0,52300296056.0,100.0,109513959116.0
2019-11-04,ZJV059MZ,ST12000NM0007,12000138625024,0,82.0,152626016.0,89.0,0.0,100.0,11.0,100.0,0.0,87.0,473233833.0,86.0,13038.0,100.0,0.0,100.0,11.0,,,,,100.0,0.0,100.0,0.0,,,70.0,30.0,,,100.0,190.0,100.0,994.0,30.0,30.0,100.0,0.0,100.0,0.0,200.0,0.0,100.0,12827.0,100.0,52316697280.0,100.0,109701303060.0
2019-11-05,ZJV059MZ,ST12000NM0007,12000138625024,0,83.0,212449944.0,89.0,0.0,100.0,11.0,100.0,0.0,87.0,477659199.0,86.0,13070.0,100.0,0.0,100.0,11.0,,,,,100.0,0.0,100.0,0.0,,,69.0,31.0,,,100.0,191.0,100.0,995.0,31.0,31.0,100.0,0.0,100.0,0.0,200.0,0.0,100.0,12858.0,100.0,52348867096.0,100.0,109973097828.0
2019-11-06,ZJV059MZ,ST12000NM0007,12000138625024,0,82.0,143372568.0,89.0,0.0,100.0,11.0,100.0,0.0,87.0,479331490.0,86.0,13086.0,100.0,0.0,100.0,11.0,,,,,100.0,0.0,100.0,0.0,,,69.0,31.0,,,100.0,192.0,100.0,996.0,31.0,31.0,100.0,0.0,100.0,0.0,200.0,0.0,100.0,12874.0,100.0,52375601360.0,100.0,110121426900.0
2019-11-07,ZJV059MZ,ST12000NM0007,12000138625024,0,79.0,86435992.0,89.0,0.0,100.0,11.0,100.0,0.0,87.0,483357636.0,86.0,13117.0,100.0,0.0,100.0,11.0,,,,,100.0,0.0,100.0,0.0,,,69.0,31.0,,,100.0,193.0,100.0,997.0,31.0,31.0,100.0,0.0,100.0,0.0,200.0,0.0,100.0,12905.0,100.0,52421671280.0,100.0,110506701908.0
2019-11-08,ZJV059MZ,ST12000NM0007,12000138625024,0,83.0,209079256.0,89.0,0.0,100.0,11.0,100.0,0.0,87.0,486393630.0,85.0,13149.0,100.0,0.0,100.0,11.0,,,,,100.0,0.0,100.0,0.0,,,70.0,30.0,,,100.0,194.0,100.0,999.0,30.0,30.0,100.0,0.0,100.0,0.0,200.0,0.0,100.0,12937.0,100.0,52455227856.0,100.0,110839929412.0
2019-11-09,ZJV059MZ,ST12000NM0007,12000138625024,0,79.0,86129968.0,89.0,0.0,100.0,11.0,100.0,0.0,87.0,487663362.0,85.0,13165.0,100.0,0.0,100.0,11.0,,,,,100.0,0.0,100.0,0.0,,,68.0,32.0,,,100.0,194.0,100.0,999.0,32.0,32.0,100.0,0.0,100.0,0.0,200.0,0.0,100.0,12952.0,100.0,52468053704.0,100.0,110948295020.0
2019-11-10,ZJV059MZ,ST12000NM0007,12000138625024,0,81.0,127438920.0,89.0,0.0,100.0,11.0,100.0,0.0,87.0,490389877.0,85.0,13196.0,100.0,0.0,100.0,11.0,,,,,100.0,0.0,100.0,0.0,,,70.0,30.0,,,100.0,196.0,100.0,1001.0,30.0,30.0,100.0,0.0,100.0,0.0,200.0,0.0,100.0,12983.0,100.0,52496172200.0,100.0,111205626164.0
2019-11-11,ZJV059MZ,ST12000NM0007,12000138625024,0,78.0,57358888.0,89.0,0.0,100.0,11.0,100.0,0.0,87.0,492858548.0,85.0,13212.0,100.0,0.0,100.0,11.0,,,,,100.0,0.0,100.0,0.0,,,69.0,31.0,,,100.0,196.0,100.0,1001.0,31.0,31.0,100.0,0.0,100.0,0.0,200.0,0.0,100.0,12999.0,100.0,52510637592.0,100.0,111365221500.0
2019-11-12,ZJV059MZ,ST12000NM0007,12000138625024,0,83.0,200617032.0,89.0,0.0,100.0,11.0,100.0,0.0,87.0,496697603.0,85.0,13243.0,100.0,0.0,100.0,11.0,,,,,100.0,0.0,100.0,0.0,,,69.0,31.0,,,100.0,197.0,100.0,1003.0,31.0,31.0,100.0,0.0,100.0,0.0,200.0,0.0,100.0,13030.0,100.0,52548976864.0,100.0,111714281068.0
2019-11-13,ZJV059MZ,ST12000NM0007,12000138625024,0,82.0,162380960.0,89.0,0.0,100.0,11.0,100.0,0.0,87.0,498643617.0,85.0,13259.0,100.0,0.0,100.0,11.0,,,,,100.0,0.0,100.0,0.0,,,69.0,31.0,,,100.0,197.0,100.0,1003.0,31.0,31.0,100.0,0.0,100.0,0.0,200.0,0.0,100.0,13046.0,100.0,52565853216.0,100.0,111903309316.0
2019-11-14,ZJV059MZ,ST12000NM0007,12000138625024,0,71.0,14067872.0,89.0,0.0,100.0,11.0,100.0,0.0,87.0,501377456.0,85.0,13291.0,100.0,0.0,100.0,11.0,,,,,100.0,0.0,100.0,0.0,,,69.0,31.0,,,100.0,197.0,100.0,1005.0,31.0,31.0,100.0,0.0,100.0,0.0,200.0,0.0,100.0,13077.0,100.0,52588149928.0,100.0,112220981012.0
2019-11-15,ZJV059MZ,ST12000NM0007,12000138625024,0,82.0,165815760.0,89.0,0.0,100.0,11.0,100.0,0.0,87.0,502758044.0,85.0,13307.0,100.0,0.0,100.0,11.0,,,,,100.0,0.0,100.0,0.0,,,70.0,30.0,,,100.0,197.0,100.0,1005.0,30.0,30.0,100.0,0.0,100.0,0.0,200.0,0.0,100.0,13093.0,100.0,52602999408.0,100.0,112357879420.0
2019-11-16,ZJV059MZ,ST12000NM0007,12000138625024,0,77.0,47173000.0,89.0,0.0,100.0,11.0,100.0,0.0,87.0,505959340.0,85.0,13338.0,100.0,0.0,100.0,11.0,,,,,100.0,0.0,100.0,0.0,,,69.0,31.0,,,100.0,197.0,100.0,1007.0,31.0,31.0,100.0,0.0,100.0,0.0,200.0,0.0,100.0,13125.0,100.0,52628095400.0,100.0,112702422044.0
2019-11-17,ZJV059MZ,ST12000NM0007,12000138625024,0,84.0,230416000.0,89.0,0.0,100.0,11.0,100.0,0.0,87.0,507352244.0,85.0,13354.0,100.0,0.0,100.0,11.0,,,,,100.0,0.0,100.0,0.0,,,69.0,31.0,,,100.0,197.0,100.0,1007.0,31.0,31.0,100.0,0.0,100.0,0.0,200.0,0.0,100.0,13140.0,100.0,52638068784.0,100.0,112875691660.0
2019-11-18,ZJV059MZ,ST12000NM0007,12000138625024,0,83.0,186550088.0,89.0,0.0,100.0,11.0,100.0,0.0,87.0,513084883.0,85.0,13386.0,100.0,0.0,100.0,11.0,,,,,100.0,0.0,100.0,0.0,,,69.0,31.0,,,100.0,198.0,100.0,1009.0,31.0,31.0,100.0,0.0,100.0,0.0,200.0,0.0,100.0,13172.0,100.0,52668476304.0,100.0,113289699668.0
2019-11-19,ZJV059MZ,ST12000NM0007,12000138625024,0,80.0,93224368.0,89.0,0.0,100.0,11.0,100.0,0.0,87.0,514685520.0,85.0,13402.0,100.0,0.0,100.0,11.0,,,,,100.0,0.0,100.0,0.0,,,69.0,31.0,,,100.0,198.0,100.0,1009.0,31.0,31.0,100.0,0.0,100.0,0.0,200.0,0.0,100.0,13188.0,100.0,52689248224.0,100.0,113419742804.0
2019-11-20,ZJV059MZ,ST12000NM0007,12000138625024,0,82.0,162178456.0,89.0,0.0,100.0,11.0,100.0,0.0,87.0,518257408.0,85.0,13433.0,100.0,0.0,100.0,11.0,,,,,100.0,0.0,100.0,0.0,,,69.0,31.0,,,100.0,199.0,100.0,1011.0,31.0,31.0,100.0,0.0,100.0,0.0,200.0,0.0,100.0,13219.0,100.0,52732545680.0,100.0,113689540068.0
2019-11-21,ZJV059MZ,ST12000NM0007,12000138625024,0,80.0,90054888.0,89.0,0.0,100.0,11.0,100.0,0.0,87.0,519905706.0,85.0,13449.0,100.0,0.0,100.0,11.0,,,,,100.0,0.0,100.0,0.0,,,70.0,30.0,,,100.0,199.0,100.0,1011.0,30.0,30.0,100.0,0.0,100.0,0.0,200.0,0.0,100.0,13234.0,100.0,52746306104.0,100.0,113847796908.0
2019-11-22,ZJV059MZ,ST12000NM0007,12000138625024,0,80.0,99669224.0,89.0,0.0,100.0,11.0,100.0,0.0,87.0,522133308.0,85.0,13480.0,100.0,0.0,100.0,11.0,,,,,100.0,0.0,100.0,0.0,,,69.0,31.0,,,100.0,200.0,100.0,1012.0,31.0,31.0,100.0,0.0,100.0,0.0,200.0,0.0,100.0,13266.0,100.0,52774805824.0,100.0,114073052204.0
2019-11-23,ZJV059MZ,ST12000NM0007,12000138625024,0,71.0,13708592.0,89.0,0.0,100.0,11.0,100.0,0.0,87.0,523404897.0,85.0,13496.0,100.0,0.0,100.0,11.0,,,,,100.0,0.0,100.0,0.0,,,70.0,30.0,,,100.0,200.0,100.0,1013.0,30.0,30.0,100.0,0.0,100.0,0.0,200.0,0.0,100.0,13282.0,100.0,52791824088.0,100.0,114214213948.0
2019-11-24,ZJV059MZ,ST12000NM0007,12000138625024,0,82.0,154339784.0,89.0,0.0,100.0,11.0,100.0,0.0,87.0,525189991.0,85.0,13528.0,100.0,0.0,100.0,11.0,,,,,100.0,0.0,100.0,0.0,,,70.0,30.0,,,100.0,201.0,100.0,1014.0,30.0,30.0,100.0,0.0,100.0,0.0,200.0,0.0,100.0,13313.0,100.0,52818172328.0,100.0,114328496900.0
2019-11-25,ZJV059MZ,ST12000NM0007,12000138625024,0,79.0,78741784.0,89.0,0.0,100.0,11.0,100.0,0.0,87.0,526538216.0,85.0,13544.0,100.0,0.0,100.0,11.0,,,,,100.0,0.0,100.0,0.0,,,69.0,31.0,,,100.0,202.0,100.0,1015.0,31.0,31.0,100.0,0.0,100.0,0.0,200.0,0.0,100.0,13329.0,100.0,52836203784.0,100.0,114479008300.0
2019-11-26,ZJV059MZ,ST12000NM0007,12000138625024,0,82.0,176790864.0,89.0,0.0,100.0,11.0,100.0,0.0,87.0,530712381.0,85.0,13575.0,100.0,0.0,100.0,11.0,,,,,100.0,0.0,100.0,0.0,,,70.0,30.0,,,100.0,203.0,100.0,1016.0,30.0,30.0,100.0,0.0,100.0,0.0,200.0,0.0,100.0,13360.0,100.0,52867839920.0,100.0,114789561876.0
2019-11-27,ZJV059MZ,ST12000NM0007,12000138625024,0,75.0,28613896.0,89.0,0.0,100.0,11.0,100.0,0.0,87.0,533376604.0,85.0,13607.0,100.0,0.0,100.0,11.0,,,,,100.0,0.0,100.0,0.0,,,70.0,30.0,,,100.0,205.0,100.0,1018.0,30.0,30.0,100.0,0.0,100.0,0.0,200.0,0.0,100.0,13391.0,100.0,52899708800.0,100.0,115097797460.0
2019-11-28,ZJV059MZ,ST12000NM0007,12000138625024,0,82.0,142823296.0,89.0,0.0,100.0,11.0,100.0,0.0,87.0,534127518.0,85.0,13623.0,100.0,0.0,100.0,11.0,,,,,100.0,0.0,100.0,0.0,,,70.0,30.0,,,100.0,205.0,100.0,1018.0,30.0,30.0,100.0,0.0,100.0,0.0,200.0,0.0,100.0,13407.0,100.0,52907636912.0,100.0,115204078748.0
2019-11-29,ZJV059MZ,ST12000NM0007,12000138625024,0,82.0,163640408.0,89.0,0.0,100.0,11.0,100.0,0.0,87.0,536205884.0,85.0,13654.0,100.0,0.0,100.0,11.0,,,,,100.0,0.0,100.0,0.0,,,70.0,30.0,,,100.0,207.0,100.0,1020.0,30.0,30.0,100.0,0.0,100.0,0.0,200.0,0.0,100.0,13438.0,100.0,52935476512.0,100.0,115441197404.0
2019-11-30,ZJV059MZ,ST12000NM0007,12000138625024,0,79.0,73388032.0,89.0,0.0,100.0,11.0,100.0,0.0,87.0,537570069.0,85.0,13670.0,100.0,0.0,100.0,11.0,,,,,100.0,0.0,100.0,0.0,,,70.0,30.0,,,100.0,207.0,100.0,1020.0,30.0,30.0,100.0,0.0,100.0,0.0,200.0,0.0,100.0,13454.0,100.0,52945186688.0,100.0,115585375588.0
2019-12-01,ZJV059MZ,ST12000NM0007,12000138625024,0,82.0,164983216.0,89.0,0.0,100.0,11.0,100.0,0.0,87.0,540316983.0,85.0,13702.0,100.0,0.0,100.0,11.0,,,,,100.0,0.0,100.0,0.0,,,71.0,29.0,,,100.0,207.0,100.0,1022.0,29.0,29.0,100.0,0.0,100.0,0.0,200.0,0.0,100.0,13486.0,100.0,52969173264.0,100.0,115897124836.0
2019-12-02,ZJV059MZ,ST12000NM0007,12000138625024,0,82.0,143480728.0,89.0,0.0,100.0,11.0,100.0,0.0,87.0,543394369.0,85.0,13718.0,100.0,0.0,100.0,11.0,,,,,100.0,0.0,100.0,0.0,,,70.0,30.0,,,100.0,207.0,100.0,1022.0,30.0,30.0,100.0,0.0,100.0,0.0,200.0,0.0,100.0,13502.0,100.0,52979481400.0,100.0,116109454980.0
2019-12-03,ZJV059MZ,ST12000NM0007,12000138625024,0,81.0,139935776.0,89.0,0.0,100.0,11.0,100.0,0.0,87.0,545332687.0,85.0,13750.0,100.0,0.0,100.0,11.0,,,,,100.0,0.0,100.0,0.0,,,69.0,31.0,,,100.0,208.0,100.0,1024.0,31.0,31.0,100.0,0.0,100.0,0.0,200.0,0.0,100.0,13533.0,100.0,53005911552.0,100.0,116323620652.0
2019-12-04,ZJV059MZ,ST12000NM0007,12000138625024,0,83.0,223061424.0,89.0,0.0,100.0,11.0,100.0,0.0,87.0,546208822.0,85.0,13766.0,100.0,0.0,100.0,11.0,,,,,100.0,0.0,100.0,0.0,,,69.0,31.0,,,100.0,209.0,100.0,1025.0,31.0,31.0,100.0,0.0,100.0,0.0,200.0,0.0,100.0,13549.0,100.0,53019217072.0,100.0,116393440780.0
2019-12-05,ZJV059MZ,ST12000NM0007,12000138625024,0,73.0,18734464.0,89.0,0.0,100.0,11.0,100.0,0.0,87.0,549744397.0,85.0,13797.0,100.0,0.0,100.0,11.0,,,,,100.0,0.0,100.0,0.0,,,69.0,31.0,,,100.0,209.0,100.0,1027.0,31.0,31.0,100.0,0.0,100.0,0.0,200.0,0.0,100.0,13581.0,100.0,53036094848.0,100.0,116660517476.0
2019-12-06,ZJV059MZ,ST12000NM0007,12000138625024,0,82.0,141827032.0,89.0,0.0,100.0,11.0,100.0,0.0,87.0,550733911.0,85.0,13813.0,100.0,0.0,100.0,11.0,,,,,100.0,0.0,100.0,0.0,,,69.0,31.0,,,100.0,209.0,100.0,1027.0,31.0,31.0,100.0,0.0,100.0,0.0,200.0,0.0,100.0,13597.0,100.0,53048536008.0,100.0,116771168884.0
2019-12-07,ZJV059MZ,ST12000NM0007,12000138625024,0,83.0,196763192.0,89.0,0.0,100.0,11.0,100.0,0.0,87.0,552990064.0,85.0,13845.0,100.0,0.0,100.0,11.0,,,,,100.0,0.0,100.0,0.0,,,68.0,32.0,,,100.0,210.0,100.0,1029.0,32.0,32.0,100.0,0.0,100.0,0.0,200.0,0.0,100.0,13628.0,100.0,53079183144.0,100.0,117039598676.0
2019-12-08,ZJV059MZ,ST12000NM0007,12000138625024,0,79.0,81470144.0,89.0,0.0,100.0,11.0,100.0,0.0,87.0,553974595.0,85.0,13861.0,100.0,0.0,100.0,11.0,,,,,100.0,0.0,100.0,0.0,,,70.0,30.0,,,100.0,210.0,100.0,1029.0,30.0,30.0,100.0,0.0,100.0,0.0,200.0,0.0,100.0,13644.0,100.0,53090263584.0,100.0,117157365844.0
2019-12-09,ZJV059MZ,ST12000NM0007,12000138625024,0,77.0,52385808.0,89.0,0.0,100.0,11.0,100.0,0.0,87.0,557609965.0,85.0,13892.0,100.0,0.0,100.0,11.0,,,,,100.0,0.0,100.0,0.0,,,69.0,31.0,,,100.0,212.0,100.0,1031.0,31.0,31.0,100.0,0.0,100.0,0.0,200.0,0.0,100.0,13675.0,100.0,53116787104.0,100.0,117345898660.0
2019-12-10,ZJV059MZ,ST12000NM0007,12000138625024,0,83.0,197990704.0,89.0,0.0,100.0,11.0,100.0,0.0,87.0,558762470.0,85.0,13908.0,100.0,0.0,100.0,11.0,,,,,100.0,0.0,100.0,0.0,,,70.0,30.0,,,100.0,212.0,100.0,1031.0,30.0,30.0,100.0,0.0,100.0,0.0,200.0,0.0,100.0,13691.0,100.0,53136725584.0,100.0,117471565076.0
2019-12-11,ZJV059MZ,ST12000NM0007,12000138625024,0,79.0,79344928.0,89.0,0.0,100.0,11.0,100.0,0.0,87.0,561469335.0,85.0,13939.0,100.0,0.0,100.0,11.0,,,,,100.0,0.0,100.0,0.0,,,69.0,31.0,,,100.0,212.0,100.0,1033.0,31.0,31.0,100.0,0.0,100.0,0.0,200.0,0.0,100.0,13722.0,100.0,53172895552.0,100.0,117805030644.0
2019-12-12,ZJV059MZ,ST12000NM0007,12000138625024,0,68.0,6000856.0,89.0,0.0,100.0,11.0,100.0,0.0,88.0,562527394.0,85.0,13955.0,100.0,0.0,100.0,11.0,,,,,100.0,0.0,100.0,0.0,,,69.0,31.0,,,100.0,212.0,100.0,1034.0,31.0,31.0,100.0,0.0,100.0,0.0,200.0,0.0,100.0,13738.0,100.0,53182888880.0,100.0,117965833900.0
2019-12-13,ZJV059MZ,ST12000NM0007,12000138625024,0,81.0,133188488.0,89.0,0.0,100.0,11.0,100.0,0.0,88.0,564945175.0,85.0,13987.0,100.0,0.0,100.0,11.0,,,,,100.0,0.0,100.0,0.0,,,69.0,31.0,,,100.0,212.0,100.0,1035.0,31.0,31.0,100.0,0.0,100.0,0.0,200.0,0.0,100.0,13769.0,100.0,53199837392.0,100.0,118320213652.0
2019-12-14,ZJV059MZ,ST12000NM0007,12000138625024,0,77.0,52487080.0,89.0,0.0,100.0,11.0,100.0,0.0,88.0,566101663.0,85.0,14003.0,100.0,0.0,100.0,11.0,,,,,100.0,0.0,100.0,0.0,,,69.0,31.0,,,100.0,212.0,100.0,1036.0,31.0,31.0,100.0,0.0,100.0,0.0,200.0,0.0,100.0,13785.0,100.0,53206834856.0,100.0,118476655436.0
2019-12-15,ZJV059MZ,ST12000NM0007,12000138625024,0,84.0,242326944.0,89.0,0.0,100.0,11.0,100.0,0.0,88.0,568986122.0,84.0,14034.0,100.0,0.0,100.0,11.0,,,,,100.0,0.0,100.0,0.0,,,70.0,30.0,,,100.0,212.0,100.0,1037.0,30.0,30.0,100.0,0.0,100.0,0.0,200.0,0.0,100.0,13816.0,100.0,53223711936.0,100.0,118893758908.0
2019-12-16,ZJV059MZ,ST12000NM0007,12000138625024,0,83.0,183786408.0,89.0,0.0,100.0,11.0,100.0,0.0,88.0,571078698.0,84.0,14050.0,100.0,0.0,100.0,11.0,,,,,100.0,0.0,100.0,0.0,,,70.0,30.0,,,100.0,212.0,100.0,1038.0,30.0,30.0,100.0,0.0,100.0,0.0,200.0,0.0,100.0,13832.0,100.0,53233800208.0,100.0,119069270948.0
2019-12-17,ZJV059MZ,ST12000NM0007,12000138625024,0,66.0,3821312.0,89.0,0.0,100.0,11.0,100.0,0.0,88.0,574581174.0,84.0,14082.0,100.0,0.0,100.0,11.0,,,,,100.0,0.0,100.0,0.0,,,70.0,30.0,,,100.0,212.0,100.0,1039.0,30.0,30.0,100.0,0.0,100.0,0.0,200.0,0.0,100.0,13863.0,100.0,53258068760.0,100.0,119353319036.0
2019-12-18,ZJV059MZ,ST12000NM0007,12000138625024,0,78.0,67960416.0,89.0,0.0,100.0,11.0,100.0,0.0,88.0,577131741.0,84.0,14114.0,100.0,0.0,100.0,11.0,,,,,100.0,0.0,100.0,0.0,,,71.0,29.0,,,100.0,213.0,100.0,1041.0,29.0,29.0,100.0,0.0,100.0,0.0,200.0,0.0,100.0,13895.0,100.0,53283833224.0,100.0,119635834436.0
2019-12-19,ZJV059MZ,ST12000NM0007,12000138625024,0,71.0,13734896.0,89.0,0.0,100.0,11.0,100.0,0.0,88.0,578464130.0,84.0,14130.0,100.0,0.0,100.0,11.0,,,,,100.0,0.0,100.0,0.0,,,71.0,29.0,,,100.0,213.0,100.0,1041.0,29.0,29.0,100.0,0.0,100.0,0.0,200.0,0.0,100.0,13911.0,100.0,53303722672.0,100.0,119805860188.0
2019-12-20,ZJV059MZ,ST12000NM0007,12000138625024,0,80.0,90552152.0,89.0,0.0,100.0,11.0,100.0,0.0,88.0,580891116.0,84.0,14161.0,100.0,0.0,100.0,11.0,,,,,100.0,0.0,100.0,0.0,,,72.0,28.0,,,100.0,214.0,100.0,1043.0,28.0,28.0,100.0,0.0,100.0,0.0,200.0,0.0,100.0,13942.0,100.0,53326909352.0,100.0,120103631444.0
2019-12-21,ZJV059MZ,ST12000NM0007,12000138625024,0,83.0,204779578.0,89.0,0.0,100.0,11.0,100.0,0.0,88.0,581859367.0,84.0,14177.0,100.0,0.0,100.0,11.0,,,,,100.0,0.0,100.0,0.0,,,70.0,30.0,,,100.0,214.0,100.0,1045.0,30.0,30.0,100.0,0.0,100.0,0.0,200.0,0.0,100.0,13957.0,100.0,53335449648.0,100.0,120209318574.0
2019-12-22,ZJV059MZ,ST12000NM0007,12000138625024,0,81.0,126042816.0,89.0,0.0,100.0,11.0,100.0,0.0,88.0,583026266.0,84.0,14193.0,100.0,0.0,100.0,11.0,,,,,100.0,0.0,100.0,0.0,,,71.0,29.0,,,100.0,214.0,100.0,1045.0,29.0,29.0,100.0,0.0,100.0,0.0,200.0,0.0,100.0,13973.0,100.0,53348676320.0,100.0,120361495982.0
2019-12-23,ZJV059MZ,ST12000NM0007,12000138625024,0,84.0,242977960.0,89.0,0.0,100.0,11.0,100.0,0.0,88.0,587228703.0,84.0,14224.0,100.0,0.0,100.0,11.0,,,,,100.0,0.0,100.0,0.0,,,71.0,29.0,,,100.0,215.0,100.0,1047.0,29.0,29.0,100.0,0.0,100.0,0.0,200.0,0.0,100.0,14004.0,100.0,53364946184.0,100.0,120706302054.0
2019-12-24,ZJV059MZ,ST12000NM0007,12000138625024,0,82.0,146180848.0,89.0,0.0,100.0,11.0,100.0,0.0,88.0,588462212.0,84.0,14240.0,100.0,0.0,100.0,11.0,,,,,100.0,0.0,100.0,0.0,,,72.0,28.0,,,100.0,215.0,100.0,1047.0,28.0,28.0,100.0,0.0,100.0,0.0,200.0,0.0,100.0,14020.0,100.0,53370447504.0,100.0,120848144462.0
2019-12-25,ZJV059MZ,ST12000NM0007,12000138625024,0,71.0,11254944.0,89.0,0.0,100.0,11.0,100.0,0.0,88.0,591025916.0,84.0,14272.0,100.0,0.0,100.0,11.0,,,,,100.0,0.0,100.0,0.0,,,69.0,31.0,,,100.0,215.0,100.0,1049.0,31.0,31.0,100.0,0.0,100.0,0.0,200.0,0.0,100.0,14052.0,100.0,53379002560.0,100.0,121192944870.0
2019-12-26,ZJV059MZ,ST12000NM0007,12000138625024,0,82.0,171305976.0,89.0,0.0,100.0,11.0,100.0,0.0,88.0,593726898.0,84.0,14288.0,100.0,0.0,100.0,11.0,,,,,100.0,0.0,100.0,0.0,,,69.0,31.0,,,100.0,215.0,100.0,1049.0,31.0,31.0,100.0,0.0,100.0,0.0,200.0,0.0,100.0,14067.0,100.0,53383271064.0,100.0,121348727398.0
2019-12-27,ZJV059MZ,ST12000NM0007,12000138625024,0,84.0,226140632.0,89.0,0.0,100.0,11.0,100.0,0.0,88.0,596314903.0,84.0,14319.0,100.0,0.0,100.0,11.0,,,,,100.0,0.0,100.0,0.0,,,68.0,32.0,,,100.0,215.0,100.0,1051.0,32.0,32.0,100.0,0.0,100.0,0.0,200.0,0.0,100.0,14099.0,100.0,53392155848.0,100.0,121638817990.0
2019-12-28,ZJV059MZ,ST12000NM0007,12000138625024,0,83.0,179376792.0,89.0,0.0,100.0,11.0,100.0,0.0,88.0,597438942.0,84.0,14335.0,100.0,0.0,100.0,11.0,,,,,100.0,0.0,100.0,0.0,,,70.0,30.0,,,100.0,215.0,100.0,1051.0,30.0,30.0,100.0,0.0,100.0,0.0,200.0,0.0,100.0,14115.0,100.0,53397556920.0,100.0,121830793910.0
2019-12-29,ZJV059MZ,ST12000NM0007,12000138625024,0,80.0,91443744.0,89.0,0.0,100.0,11.0,100.0,0.0,88.0,599453374.0,84.0,14367.0,100.0,0.0,100.0,11.0,,,,,100.0,0.0,100.0,0.0,,,69.0,31.0,,,100.0,215.0,100.0,1053.0,31.0,31.0,100.0,0.0,100.0,0.0,200.0,0.0,100.0,14146.0,100.0,53411193856.0,100.0,122217505854.0
2019-12-30,ZJV059MZ,ST12000NM0007,12000138625024,0,72.0,15583472.0,89.0,0.0,100.0,11.0,100.0,0.0,88.0,600325008.0,84.0,14383.0,100.0,0.0,100.0,11.0,,,,,100.0,0.0,100.0,0.0,,,69.0,31.0,,,100.0,215.0,100.0,1053.0,31.0,31.0,100.0,0.0,100.0,0.0,200.0,0.0,100.0,14162.0,100.0,53416725720.0,100.0,122380254446.0
2019-12-31,ZJV059MZ,ST12000NM0007,12000138625024,0,66.0,4136248.0,89.0,0.0,100.0,11.0,100.0,0.0,88.0,604121906.0,84.0,14414.0,100.0,0.0,100.0,11.0,,,,,100.0,0.0,100.0,0.0,,,69.0,31.0,,,100.0,216.0,100.0,1055.0,31.0,31.0,100.0,0.0,100.0,0.0,200.0,0.0,100.0,14193.0,100.0,53428263448.0,100.0,122845550982.0
