2019-01-01,ZJV2ESNS,ST12000NM0007,12000138625024,0,71,12341056,98.0,0.0,100.0,2.0,100.0,0.0,75.0,32507016.0,100,365,100.0,0.0,100,2,,,,,100.0,0.0,100.0,0.0,,,73.0,27.0,,,100.0,3.0,100.0,99.0,27,27,100.0,0.0,100.0,0.0,200.0,0.0,100.0,338.0,100.0,4542938464.0,100.0,352224204.0
2019-01-02,ZJV2ESNS,ST12000NM0007,12000138625024,0,82,155910304,98.0,0.0,100.0,2.0,100.0,0.0,75.0,35288959.0,100,389,100.0,0.0,100,2,,,,,100.0,0.0,100.0,0.0,,,70.0,30.0,,,100.0,4.0,100.0,100.0,30,30,100.0,0.0,100.0,0.0,200.0,0.0,100.0,362.0,100.0,4907670824.0,100.0,375201748.0
2019-01-03,ZJV2ESNS,ST12000NM0007,12000138625024,0,77.0,47461824.0,98.0,0.0,100.0,2.0,100.0,0.0,76.0,38104117.0,100.0,414.0,100.0,0.0,100.0,2.0,,,,,100.0,0.0,100.0,0.0,,,74.0,26.0,,,100.0,5.0,100.0,101.0,26.0,26.0,100.0,0.0,100.0,0.0,200.0,0.0,100.0,386.0,100.0,5269300616.0,100.0,393405532.0
2019-01-04,ZJV2ESNS,ST12000NM0007,12000138625024,0,82,158808952,98.0,0.0,100.0,2.0,100.0,0.0,76.0,40945444.0,100,436,100.0,0.0,100,2,,,,,100.0,0.0,100.0,0.0,,,70.0,30.0,,,100.0,5.0,100.0,102.0,30,30,100.0,0.0,100.0,0.0,200.0,0.0,100.0,409.0,100.0,5611955824.0,100.0,406238164.0
2019-01-05,ZJV2ESNS,ST12000NM0007,12000138625024,0,76,40307088,98.0,0.0,100.0,2.0,100.0,0.0,76.0,43842749.0,100,461,100.0,0.0,100,2,,,,,100.0,0.0,100.0,0.0,,,74.0,26.0,,,100.0,5.0,100.0,103.0,26,26,100.0,0.0,100.0,0.0,200.0,0.0,100.0,434.0,100.0,5972833280.0,100.0,415140644.0
2019-01-06,ZJV2ESNS,ST12000NM0007,12000138625024,0,82,156719696,98.0,0.0,100.0,2.0,100.0,0.0,77.0,46675295.0,100,485,100.0,0.0,100,2,,,,,100.0,0.0,100.0,0.0,,,70.0,30.0,,,100.0,5.0,100.0,104.0,30,30,100.0,0.0,100.0,0.0,200.0,0.0,100.0,458.0,100.0,6298708800.0,100.0,449818580.0
2019-01-07,ZJV2ESNS,ST12000NM0007,12000138625024,0,83,179493744,98.0,0.0,100.0,2.0,100.0,0.0,77.0,46947011.0,100,510,100.0,0.0,100,2,,,,,100.0,0.0,100.0,0.0,,,77.0,23.0,,,100.0,6.0,100.0,105.0,23,23,100.0,0.0,100.0,0.0,200.0,0.0,100.0,482.0,100.0,6306571136.0,100.0,464730292.0
2019-01-08,ZJV2ESNS,ST12000NM0007,12000138625024,0,80,91738336,98.0,0.0,100.0,2.0,100.0,0.0,77.0,48162032.0,100,533,100.0,0.0,100,2,,,,,100.0,0.0,100.0,0.0,,,74.0,26.0,,,100.0,6.0,100.0,106.0,26,26,100.0,0.0,100.0,0.0,200.0,0.0,100.0,506.0,100.0,6453108744.0,100.0,474577980.0
2019-01-09,ZJV2ESNS,ST12000NM0007,12000138625024,0,83,206239312,98.0,0.0,100.0,2.0,100.0,0.0,77.0,51206127.0,100,556,100.0,0.0,100,2,,,,,100.0,0.0,100.0,0.0,,,75.0,25.0,,,100.0,6.0,100.0,107.0,25,25,100.0,0.0,100.0,0.0,200.0,0.0,100.0,529.0,100.0,6779902800.0,100.0,506425892.0
2019-01-10,ZJV2ESNS,ST12000NM0007,12000138625024,0,76,39851416,98.0,0.0,100.0,2.0,100.0,0.0,77.0,54093998.0,100,581,100.0,0.0,100,2,,,,,100.0,0.0,100.0,0.0,,,77.0,23.0,,,100.0,6.0,100.0,108.0,23,23,100.0,0.0,100.0,0.0,200.0,0.0,100.0,553.0,100.0,7092499128.0,100.0,515723468.0
2019-01-11,ZJV2ESNS,ST12000NM0007,12000138625024,0,76.0,36828048.0,98.0,0.0,100.0,2.0,100.0,0.0,78.0,56364197.0,100.0,598.0,100.0,0.0,100.0,2.0,,,,,100.0,0.0,100.0,0.0,,,76.0,24.0,,,100.0,6.0,100.0,108.0,24.0,24.0,100.0,0.0,100.0,0.0,200.0,0.0,100.0,570.0,100.0,7318123400.0,100.0,531216596.0
2019-01-12,ZJV2ESNS,ST12000NM0007,12000138625024,0,67,4508656,98.0,0.0,100.0,2.0,100.0,0.0,78.0,58421570.0,100,613,100.0,0.0,100,2,,,,,100.0,0.0,100.0,0.0,,,75.0,25.0,,,100.0,6.0,100.0,109.0,25,25,100.0,0.0,100.0,0.0,200.0,0.0,100.0,586.0,100.0,7521943968.0,100.0,539217540.0
2019-01-13,ZJV2ESNS,ST12000NM0007,12000138625024,0,83,210872368,98.0,0.0,100.0,2.0,100.0,0.0,78.0,62679769.0,100,645,100.0,0.0,100,2,,,,,100.0,0.0,100.0,0.0,,,74.0,26.0,,,100.0,6.0,100.0,110.0,26,26,100.0,0.0,100.0,0.0,200.0,0.0,100.0,617.0,100.0,7947517824.0,100.0,564148052.0
2019-01-14,ZJV2ESNS,ST12000NM0007,12000138625024,0,84,234997016,98.0,0.0,100.0,2.0,100.0,0.0,78.0,65121283.0,100,661,100.0,0.0,100,2,,,,,100.0,0.0,100.0,0.0,,,76.0,24.0,,,100.0,6.0,100.0,111.0,24,24,100.0,0.0,100.0,0.0,200.0,0.0,100.0,633.0,100.0,8178434248.0,100.0,601496908.0
2019-01-15,ZJV2ESNS,ST12000NM0007,12000138625024,0,79.0,80179384.0,98.0,0.0,100.0,2.0,100.0,0.0,78.0,67774503.0,100.0,693.0,100.0,0.0,100.0,2.0,,,,,100.0,0.0,100.0,0.0,,,76.0,24.0,,,100.0,6.0,100.0,129.0,24.0,24.0,100.0,0.0,100.0,0.0,200.0,0.0,100.0,663.0,100.0,8500120448.0,100.0,613274372.0
2019-01-16,ZJV2ESNS,ST12000NM0007,12000138625024,0,81,116381184,98.0,0.0,100.0,2.0,100.0,0.0,78.0,70192689.0,100,708,100.0,0.0,100,2,,,,,100.0,0.0,100.0,0.0,,,77.0,23.0,,,100,6,100.0,129.0,23,23,100.0,0.0,100.0,0.0,200.0,0.0,100.0,678.0,100.0,8743997520.0,100.0,649739772.0
2019-01-17,ZJV2ESNS,ST12000NM0007,12000138625024,0,80,98706640,98.0,0.0,100.0,2.0,100.0,0.0,79.0,74194059.0,100,740,100.0,0.0,100,2,,,,,100.0,0.0,100.0,0.0,,,75.0,25.0,,,100,6,100.0,130.0,25,25,100.0,0.0,100.0,0.0,200.0,0.0,100.0,710.0,100.0,9188878624.0,100.0,675466204.0
2019-01-18,ZJV2ESNS,ST12000NM0007,12000138625024,0,79,85924632,98.0,0.0,100.0,2.0,100.0,0.0,79.0,76207514.0,100,756,100.0,0.0,100,2,,,,,100.0,0.0,100.0,0.0,,,78.0,22.0,,,100,7,100.0,131.0,22,22,100.0,0.0,100.0,0.0,200.0,0.0,100.0,726.0,100.0,9410394640.0,100.0,685309292.0
2019-01-19,ZJV2ESNS,ST12000NM0007,12000138625024,0,79,74269048,98.0,0.0,100.0,2.0,100.0,0.0,79.0,80201134.0,100,789,100.0,0.0,100,2,,,,,100.0,0.0,100.0,0.0,,,78.0,22.0,,,100,8,100.0,133.0,22,22,100.0,0.0,100.0,0.0,200.0,0.0,100.0,759.0,100.0,9861415512.0,100.0,710914332.0
2019-01-20,ZJV2ESNS,ST12000NM0007,12000138625024,0,77,54597392,98.0,0.0,100.0,2.0,100.0,0.0,79.0,82180092.0,100,805,100.0,0.0,100,2,,,,,100.0,0.0,100.0,0.0,,,78.0,22.0,,,100,8,100.0,133.0,22,22,100.0,0.0,100.0,0.0,200.0,0.0,100.0,775.0,100.0,10078206928.0,100.0,718591932.0
2019-01-21,ZJV2ESNS,ST12000NM0007,12000138625024,0,80,104522128,98.0,0.0,100.0,2.0,100.0,0.0,79.0,86849187.0,100,837,100.0,0.0,100,2,,,,,100.0,0.0,100.0,0.0,,,78.0,22.0,,,100,8,100.0,135.0,22,22,100.0,0.0,100.0,0.0,200.0,0.0,100.0,806.0,100.0,10547878968.0,100.0,787126348.0
2019-01-22,ZJV2ESNS,ST12000NM0007,12000138625024,0,83.0,196970888.0,98.0,0.0,100.0,2.0,100.0,0.0,79.0,87722957.0,100.0,853.0,100.0,0.0,100.0,2.0,,,,,100.0,0.0,100.0,0.0,,,79.0,21.0,,,100.0,8.0,100.0,135.0,21.0,21.0,100.0,0.0,100.0,0.0,200.0,0.0,100.0,822.0,100.0,10618949240.0,100.0,808504836.0
2019-01-23,ZJV2ESNS,ST12000NM0007,12000138625024,0,83.0,189263168.0,98.0,0.0,100.0,2.0,100.0,0.0,80.0,91743074.0,99.0,884.0,100.0,0.0,100.0,2.0,,,,,100.0,0.0,100.0,0.0,,,78.0,22.0,,,100.0,8.0,100.0,137.0,22.0,22.0,100.0,0.0,100.0,0.0,200.0,0.0,100.0,853.0,100.0,11028933232.0,100.0,879094404.0
2019-01-24,ZJV2ESNS,ST12000NM0007,12000138625024,0,83.0,180230656.0,98.0,0.0,100.0,2.0,100.0,0.0,80.0,96026688.0,99.0,916.0,100.0,0.0,100.0,2.0,,,,,100.0,0.0,100.0,0.0,,,75.0,25.0,,,100.0,8.0,100.0,138.0,25.0,25.0,100.0,0.0,100.0,0.0,200.0,0.0,100.0,885.0,100.0,11473963024.0,100.0,913313812.0
2019-01-25,ZJV2ESNS,ST12000NM0007,12000138625024,0,82,159611120,98.0,0.0,100.0,2.0,100.0,0.0,80.0,97990114.0,99,932,100.0,0.0,100,2,,,,,100.0,0.0,100.0,0.0,,,73.0,27.0,,,100,8,100.0,139.0,27,27,100.0,0.0,100.0,0.0,200.0,0.0,100.0,900.0,100.0,11694315688.0,100.0,916482348.0
2019-01-26,ZJV2ESNS,ST12000NM0007,12000138625024,0,81,130009368,98.0,0.0,100.0,2.0,100.0,0.0,80.0,101887351.0,99,963,100.0,0.0,100,2,,,,,100.0,0.0,100.0,0.0,,,77.0,23.0,,,100,8,100.0,140.0,23,23,100.0,0.0,100.0,0.0,200.0,0.0,100.0,932.0,100.0,12146270952.0,100.0,923206676.0
2019-01-27,ZJV2ESNS,ST12000NM0007,12000138625024,0,81,121757200,98.0,0.0,100.0,2.0,100.0,0.0,80.0,103856065.0,99,979,100.0,0.0,100,2,,,,,100.0,0.0,100.0,0.0,,,74.0,26.0,,,100,8,100.0,140.0,26,26,100.0,0.0,100.0,0.0,200.0,0.0,100.0,948.0,100.0,12377879816.0,100.0,927486908.0
2019-01-28,ZJV2ESNS,ST12000NM0007,12000138625024,0,79,82984272,98.0,0.0,100.0,2.0,100.0,0.0,80.0,107498940.0,99,1011,100.0,0.0,100,2,,,,,100.0,0.0,100.0,0.0,,,77.0,23.0,,,100,8,100.0,142.0,23,23,100.0,0.0,100.0,0.0,200.0,0.0,100.0,980.0,100.0,12742819520.0,100.0,1012055740.0
2019-01-29,ZJV2ESNS,ST12000NM0007,12000138625024,0,80,111554344,98.0,0.0,100.0,2.0,100.0,0.0,80.0,107838788.0,99,1027,100.0,0.0,100,2,,,,,100.0,0.0,100.0,0.0,,,77.0,23.0,,,100,8,100.0,145.0,23,23,100.0,0.0,100.0,0.0,200.0,0.0,100.0,995.0,100.0,12750697624.0,100.0,1032747708.0
2019-01-30,ZJV2ESNS,ST12000NM0007,12000138625024,0,83,218624408,98.0,0.0,100.0,2.0,100.0,0.0,80.0,109145762.0,99,1058,100.0,0.0,100,2,,,,,100.0,0.0,100.0,0.0,,,79.0,21.0,,,100,8,100.0,150.0,21,21,100.0,0.0,100.0,0.0,200.0,0.0,100.0,1025.0,100.0,12799641352.0,100.0,1090874044.0
2019-01-31,ZJV2ESNS,ST12000NM0007,12000138625024,0,84,231453136,98.0,0.0,100.0,2.0,100.0,0.0,80.0,109344141.0,99,1074,100.0,0.0,100,2,,,,,100.0,0.0,100.0,0.0,,,80.0,20.0,,,100,8,100.0,157.0,20,20,100.0,0.0,100.0,0.0,200.0,0.0,100.0,1040.0,100.0,12802955416.0,100.0,1100388708.0
2019-02-01,ZJV2ESNS,ST12000NM0007,12000138625024,0,82,157344144,98.0,0.0,100.0,2.0,100.0,0.0,80.0,111156010.0,99,1106,100.0,0.0,100,2,,,,,100.0,0.0,100.0,0.0,,,78.0,22.0,,,100,8,100.0,170.0,22,22,100.0,0.0,100.0,0.0,200.0,0.0,100.0,1070.0,100.0,12924148272.0,100.0,1149227708.0
2019-02-02,ZJV2ESNS,ST12000NM0007,12000138625024,0,81.0,133809256.0,98.0,0.0,100.0,2.0,100.0,0.0,81.0,113219115.0,99.0,1122.0,100.0,0.0,100.0,2.0,,,,,100.0,0.0,100.0,0.0,,,78.0,22.0,,,100.0,8.0,100.0,171.0,22.0,22.0,100.0,0.0,100.0,0.0,200.0,0.0,100.0,1086.0,100.0,13133814856.0,100.0,1160167380.0
2019-02-03,ZJV2ESNS,ST12000NM0007,12000138625024,0,81,129535800,98.0,0.0,100.0,2.0,100.0,0.0,81.0,117700486.0,99,1154,100.0,0.0,100,2,,,,,100.0,0.0,100.0,0.0,,,78.0,22.0,,,100,8,100.0,172.0,22,22,100.0,0.0,100.0,0.0,200.0,0.0,100.0,1118.0,100.0,13549676216.0,100.0,1228314332.0
2019-02-04,ZJV2ESNS,ST12000NM0007,12000138625024,0,82,165513128,98.0,0.0,100.0,2.0,100.0,0.0,81.0,120087130.0,99,1169,100.0,0.0,100,2,,,,,100.0,0.0,100.0,0.0,,,78.0,22.0,,,100,8,100.0,173.0,22,22,100.0,0.0,100.0,0.0,200.0,0.0,100.0,1133.0,100.0,13779529304.0,100.0,1278579300.0
2019-02-05,ZJV2ESNS,ST12000NM0007,12000138625024,0,80.0,101508584.0,98.0,0.0,100.0,2.0,100.0,0.0,81.0,123962709.0,99.0,1201.0,100.0,0.0,100.0,2.0,,,,,100.0,0.0,100.0,0.0,,,78.0,22.0,,,100.0,8.0,100.0,174.0,22.0,22.0,100.0,0.0,100.0,0.0,200.0,0.0,100.0,1165.0,100.0,14186301488.0,100.0,1296083948.0
2019-02-06,ZJV2ESNS,ST12000NM0007,12000138625024,0,82,174432240,98.0,0.0,100.0,2.0,100.0,0.0,81.0,126720111.0,99,1217,100.0,0.0,100,2,,,,,100.0,0.0,100.0,0.0,,,79.0,21.0,,,100,8,100.0,175.0,21,21,100.0,0.0,100.0,0.0,200.0,0.0,100.0,1181.0,100.0,14431991744.0,100.0,1367457988.0
2019-02-07,ZJV2ESNS,ST12000NM0007,12000138625024,0,81.0,125521032.0,98.0,0.0,100.0,2.0,100.0,0.0,81.0,130661290.0,99.0,1249.0,100.0,0.0,100.0,2.0,,,,,100.0,0.0,100.0,0.0,,,73.0,27.0,,,100.0,8.0,100.0,177.0,27.0,27.0,100.0,0.0,100.0,0.0,200.0,0.0,100.0,1213.0,100.0,14858114120.0,100.0,1380705772.0
2019-02-08,ZJV2ESNS,ST12000NM0007,12000138625024,0,83,220678040,98.0,0.0,100.0,2.0,100.0,0.0,81.0,131298721.0,99,1265,100.0,0.0,100,2,,,,,100.0,0.0,100.0,0.0,,,78.0,22.0,,,100,8,100.0,240.0,22,22,100.0,0.0,100.0,0.0,200.0,0.0,100.0,1220.0,100.0,14951596912.0,100.0,1382379988.0
2019-02-09,ZJV2ESNS,ST12000NM0007,12000138625024,0,78.0,57330376.0,98.0,0.0,100.0,2.0,100.0,0.0,81.0,131962554.0,99.0,1281.0,100.0,0.0,100.0,2.0,,,,,100.0,0.0,100.0,0.0,,,78.0,22.0,,,100.0,8.0,100.0,313.0,22.0,22.0,100.0,0.0,100.0,0.0,200.0,0.0,100.0,1226.0,100.0,15031270104.0,100.0,1383499940.0
2019-02-10,ZJV2ESNS,ST12000NM0007,12000138625024,0,84,243148224,96.0,0.0,100.0,3.0,100.0,0.0,81.0,135613657.0,99,1313,100.0,0.0,100,3,,,,,100.0,0.0,100.0,0.0,,,77.0,23.0,,,100,9,100.0,319.0,23,23,100.0,0.0,100.0,0.0,200.0,0.0,100.0,1258.0,100.0,15447516360.0,100.0,1397212518.0
2019-02-11,ZJV2ESNS,ST12000NM0007,12000138625024,0,79,74330912,96.0,0.0,100.0,3.0,100.0,0.0,81.0,138576221.0,99,1329,100.0,0.0,100,3,,,,,100.0,0.0,100.0,0.0,,,75.0,25.0,,,100,9,100.0,319.0,25,25,100.0,0.0,100.0,0.0,200.0,0.0,100.0,1274.0,100.0,15660284064.0,100.0,1503908950.0
2019-02-12,ZJV2ESNS,ST12000NM0007,12000138625024,0,78.0,59042280.0,96.0,0.0,100.0,3.0,100.0,0.0,82.0,142880514.0,99.0,1361.0,100.0,0.0,100.0,3.0,,,,,100.0,0.0,100.0,0.0,,,75.0,25.0,,,100.0,9.0,100.0,320.0,25.0,25.0,100.0,0.0,100.0,0.0,200.0,0.0,100.0,1305.0,100.0,16091408224.0,100.0,1545778070.0
2019-02-13,ZJV2ESNS,ST12000NM0007,12000138625024,0,77,49362288,96.0,0.0,100.0,3.0,100.0,0.0,82.0,145039376.0,99,1377,100.0,0.0,100,3,,,,,100.0,0.0,100.0,0.0,,,77.0,23.0,,,100,9,100.0,321.0,23,23,100.0,0.0,100.0,0.0,200.0,0.0,100.0,1321.0,100.0,16308809504.0,100.0,1562837638.0
2019-02-14,ZJV2ESNS,ST12000NM0007,12000138625024,0,82,145168296,96.0,0.0,100.0,3.0,100.0,0.0,82.0,150320013.0,99,1408,100.0,0.0,100,3,,,,,100.0,0.0,100.0,0.0,,,78.0,22.0,,,100,9,100.0,322.0,22,22,100.0,0.0,100.0,0.0,200.0,0.0,100.0,1353.0,100.0,16793440368.0,100.0,1662294990.0
2019-02-15,ZJV2ESNS,ST12000NM0007,12000138625024,0,74.0,22707256.0,96.0,0.0,100.0,3.0,100.0,0.0,82.0,153236560.0,99.0,1440.0,100.0,0.0,100.0,3.0,,,,,100.0,0.0,100.0,0.0,,,74.0,26.0,,,100.0,10.0,100.0,333.0,26.0,26.0,100.0,0.0,100.0,0.0,200.0,0.0,100.0,1383.0,100.0,17141613832.0,100.0,1679942286.0
2019-02-16,ZJV2ESNS,ST12000NM0007,12000138625024,0,84.0,239344704.0,96.0,0.0,100.0,3.0,100.0,0.0,82.0,155181233.0,99.0,1456.0,100.0,0.0,100.0,3.0,,,,,100.0,0.0,100.0,0.0,,,76.0,24.0,,,100.0,10.0,100.0,333.0,24.0,24.0,100.0,0.0,100.0,0.0,200.0,0.0,100.0,1399.0,100.0,17349753848.0,100.0,1688439718.0
2019-02-17,ZJV2ESNS,ST12000NM0007,12000138625024,0,84,224427712,96.0,0.0,100.0,3.0,100.0,0.0,82.0,159656276.0,99,1487,100.0,0.0,100,3,,,,,100.0,0.0,100.0,0.0,,,75.0,25.0,,,100,10,100.0,335.0,25,25,100.0,0.0,100.0,0.0,200.0,0.0,100.0,1430.0,100.0,17781205664.0,100.0,1730353182.0
2019-02-18,ZJV2ESNS,ST12000NM0007,12000138625024,0,78,62793056,96.0,0.0,100.0,3.0,100.0,0.0,82.0,162548480.0,99,1503,100.0,0.0,100,3,,,,,100.0,0.0,100.0,0.0,,,74.0,26.0,,,100,10,100.0,335.0,26,26,100.0,0.0,100.0,0.0,200.0,0.0,100.0,1446.0,100.0,18024952032.0,100.0,1813253494.0
2019-02-19,ZJV2ESNS,ST12000NM0007,12000138625024,0,70,10500576,96.0,0.0,100.0,3.0,100.0,0.0,82.0,166299592.0,99,1535,100.0,0.0,100,3,,,,,100.0,0.0,100.0,0.0,,,76.0,24.0,,,100,10,100.0,337.0,24,24,100.0,0.0,100.0,0.0,200.0,0.0,100.0,1477.0,100.0,18439330864.0,100.0,1834864326.0
2019-02-20,ZJV2ESNS,ST12000NM0007,12000138625024,0,80.0,95388712.0,96.0,0.0,100.0,3.0,100.0,0.0,82.0,169209230.0,99.0,1550.0,100.0,0.0,100.0,3.0,,,,,100.0,0.0,100.0,0.0,,,76.0,24.0,,,100.0,10.0,100.0,337.0,24.0,24.0,100.0,0.0,100.0,0.0,200.0,0.0,100.0,1493.0,100.0,18697159240.0,100.0,1906065614.0
2019-02-21,ZJV2ESNS,ST12000NM0007,12000138625024,0,75,29976496,96.0,0.0,100.0,3.0,100.0,0.0,82.0,173221577.0,99,1582,100.0,0.0,100,3,,,,,100.0,0.0,100.0,0.0,,,74.0,26.0,,,100,10,100.0,339.0,26,26,100.0,0.0,100.0,0.0,200.0,0.0,100.0,1524.0,100.0,19098586552.0,100.0,1927507926.0
2019-02-22,ZJV2ESNS,ST12000NM0007,12000138625024,0,82,146524392,96.0,0.0,100.0,3.0,100.0,0.0,82.0,174163121.0,99,1598,100.0,0.0,100,3,,,,,100.0,0.0,100.0,0.0,,,77.0,23.0,,,100,10,100.0,340.0,23,23,100.0,0.0,100.0,0.0,200.0,0.0,100.0,1540.0,100.0,19202303616.0,100.0,1940338758.0
2019-02-23,ZJV2ESNS,ST12000NM0007,12000138625024,0,84.0,230647488.0,96.0,0.0,100.0,3.0,100.0,0.0,83.0,177979742.0,99.0,1630.0,100.0,0.0,100.0,3.0,,,,,100.0,0.0,100.0,0.0,,,78.0,22.0,,,100.0,10.0,100.0,342.0,22.0,22.0,100.0,0.0,100.0,0.0,200.0,0.0,100.0,1572.0,100.0,19756393536.0,100.0,1958655094.0
2019-02-24,ZJV2ESNS,ST12000NM0007,12000138625024,0,77,50521240,96.0,0.0,100.0,3.0,100.0,0.0,83.0,180086337.0,99,1645,100.0,0.0,100,3,,,,,100.0,0.0,100.0,0.0,,,78.0,22.0,,,100,10,100.0,342.0,22,22,100.0,0.0,100.0,0.0,200.0,0.0,100.0,1587.0,100.0,20053413528.0,100.0,1969791214.0
2019-02-25,ZJV2ESNS,ST12000NM0007,12000138625024,0,83,209298000,96.0,0.0,100.0,3.0,100.0,0.0,83.0,186301337.0,99,1677,100.0,0.0,100,3,,,,,100.0,0.0,100.0,0.0,,,78.0,22.0,,,100,11,100.0,344.0,22,22,100.0,0.0,100.0,0.0,200.0,0.0,100.0,1619.0,100.0,20687136520.0,100.0,2227267262.0
2019-02-26,ZJV2ESNS,ST12000NM0007,12000138625024,0,100,1274200,96.0,0.0,100.0,3.0,100.0,0.0,83.0,188295957.0,99,1693,100.0,0.0,100,3,,,,,100.0,0.0,100.0,0.0,,,77.0,23.0,,,100,11,100.0,344.0,23,23,100.0,0.0,100.0,0.0,200.0,0.0,100.0,1635.0,100.0,20959227024.0,100.0,2235435398.0
2019-02-27,ZJV2ESNS,ST12000NM0007,12000138625024,0,82.0,168590520.0,96.0,0.0,100.0,3.0,100.0,0.0,83.0,192917197.0,99.0,1725.0,100.0,0.0,100.0,3.0,,,,,100.0,0.0,100.0,0.0,,,72.0,28.0,,,100.0,11.0,100.0,352.0,28.0,28.0,100.0,0.0,100.0,0.0,200.0,0.0,100.0,1666.0,100.0,21452628888.0,100.0,2397631622.0
2019-02-28,ZJV2ESNS,ST12000NM0007,12000138625024,0,81,123381040,96.0,0.0,100.0,3.0,100.0,0.0,83.0,197780111.0,98,1756,100.0,0.0,100,3,,,,,100.0,0.0,100.0,0.0,,,72.0,28.0,,,100,11,100.0,353.0,28,28,100.0,0.0,100.0,0.0,200.0,0.0,100.0,1697.0,100.0,22071713816.0,100.0,2465760006.0
2019-03-01,ZJV2ESNS,ST12000NM0007,12000138625024,0,83.0,186191184.0,96.0,0.0,100.0,3.0,100.0,0.0,83.0,200005784.0,98.0,1772.0,100.0,0.0,100.0,3.0,,,,,100.0,0.0,100.0,0.0,,,71.0,29.0,,,100.0,11.0,100.0,354.0,29.0,29.0,100.0,0.0,100.0,0.0,200.0,0.0,100.0,1713.0,100.0,22371204760.0,100.0,2473220190.0
2019-03-02,ZJV2ESNS,ST12000NM0007,12000138625024,0,78.0,59192728.0,96.0,0.0,100.0,3.0,100.0,0.0,83.0,204844113.0,98.0,1805.0,100.0,0.0,100.0,3.0,,,,,100.0,0.0,100.0,0.0,,,72.0,28.0,,,100.0,11.0,100.0,356.0,28.0,28.0,100.0,0.0,100.0,0.0,200.0,0.0,100.0,1746.0,100.0,22924869600.0,100.0,2524980054.0
2019-03-03,ZJV2ESNS,ST12000NM0007,12000138625024,0,82.0,165543704.0,96.0,0.0,100.0,3.0,100.0,0.0,83.0,207122782.0,98.0,1822.0,100.0,0.0,100.0,3.0,,,,,100.0,0.0,100.0,0.0,,,77.0,23.0,,,100.0,11.0,100.0,356.0,23.0,23.0,100.0,0.0,100.0,0.0,200.0,0.0,100.0,1763.0,100.0,23242613368.0,100.0,2557728022.0
2019-03-04,ZJV2ESNS,ST12000NM0007,12000138625024,0,69,7556424,96.0,0.0,100.0,3.0,100.0,0.0,83.0,212934912.0,98,1853,100.0,0.0,100,3,,,,,100.0,0.0,100.0,0.0,,,76.0,24.0,,,100,12,100.0,358.0,24,24,100.0,0.0,100.0,0.0,200.0,0.0,100.0,1794.0,100.0,23639970496.0,100.0,2734806030.0
2019-03-05,ZJV2ESNS,ST12000NM0007,12000138625024,0,83.0,208175400.0,96.0,0.0,100.0,3.0,100.0,0.0,83.0,215121087.0,98.0,1869.0,100.0,0.0,100.0,3.0,,,,,100.0,0.0,100.0,0.0,,,76.0,24.0,,,100.0,12.0,100.0,358.0,24.0,24.0,100.0,0.0,100.0,0.0,200.0,0.0,100.0,1810.0,100.0,23826904624.0,100.0,2748490878.0
2019-03-06,ZJV2ESNS,ST12000NM0007,12000138625024,0,81.0,127429752.0,96.0,0.0,100.0,3.0,100.0,0.0,83.0,221400020.0,98.0,1901.0,100.0,0.0,100.0,3.0,,,,,100.0,0.0,100.0,0.0,,,77.0,23.0,,,100.0,12.0,100.0,359.0,23.0,23.0,100.0,0.0,100.0,0.0,200.0,0.0,100.0,1842.0,100.0,24275006000.0,100.0,2952065798.0
2019-03-07,ZJV2ESNS,ST12000NM0007,12000138625024,0,79.0,76163640.0,96.0,0.0,100.0,3.0,100.0,0.0,83.0,223697700.0,98.0,1917.0,100.0,0.0,100.0,3.0,,,,,100.0,0.0,100.0,0.0,,,77.0,23.0,,,100.0,12.0,100.0,360.0,23.0,23.0,100.0,0.0,100.0,0.0,200.0,0.0,100.0,1857.0,100.0,24462173264.0,100.0,2957773862.0
2019-03-08,ZJV2ESNS,ST12000NM0007,12000138625024,0,77.0,52563392.0,96.0,0.0,100.0,3.0,100.0,0.0,84.0,228442974.0,98.0,1948.0,100.0,0.0,100.0,3.0,,,,,100.0,0.0,100.0,0.0,,,75.0,25.0,,,100.0,12.0,100.0,361.0,25.0,25.0,100.0,0.0,100.0,0.0,200.0,0.0,100.0,1889.0,100.0,24883275664.0,100.0,3001353238.0
2019-03-09,ZJV2ESNS,ST12000NM0007,12000138625024,0,78.0,56595384.0,96.0,0.0,100.0,3.0,100.0,0.0,84.0,230696305.0,98.0,1964.0,100.0,0.0,100.0,3.0,,,,,100.0,0.0,100.0,0.0,,,77.0,23.0,,,100.0,12.0,100.0,362.0,23.0,23.0,100.0,0.0,100.0,0.0,200.0,0.0,100.0,1905.0,100.0,25121784416.0,100.0,3011017438.0
2019-03-10,ZJV2ESNS,ST12000NM0007,12000138625024,0,78.0,66650600.0,96.0,0.0,100.0,3.0,100.0,0.0,84.0,235314088.0,98.0,1996.0,100.0,0.0,100.0,3.0,,,,,100.0,0.0,100.0,0.0,,,77.0,23.0,,,100.0,12.0,100.0,363.0,23.0,23.0,100.0,0.0,100.0,0.0,200.0,0.0,100.0,1936.0,100.0,25557208048.0,100.0,3073931158.0
2019-03-11,ZJV2ESNS,ST12000NM0007,12000138625024,0,68.0,6356648.0,96.0,0.0,100.0,3.0,100.0,0.0,84.0,238112160.0,98.0,2012.0,100.0,0.0,100.0,3.0,,,,,100.0,0.0,100.0,0.0,,,79.0,21.0,,,100.0,13.0,100.0,398.0,21.0,21.0,100.0,0.0,100.0,0.0,200.0,0.0,100.0,1947.0,100.0,25622293144.0,100.0,3192692910.0
2019-03-12,ZJV2ESNS,ST12000NM0007,12000138625024,0,83.0,188204168.0,96.0,0.0,100.0,3.0,100.0,0.0,84.0,241653251.0,98.0,2043.0,100.0,0.0,100.0,3.0,,,,,100.0,0.0,100.0,0.0,,,77.0,23.0,,,100.0,13.0,100.0,451.0,23.0,23.0,100.0,0.0,100.0,0.0,200.0,0.0,100.0,1972.0,100.0,25898938864.0,100.0,3342035350.0
2019-03-13,ZJV2ESNS,ST12000NM0007,12000138625024,0,78.0,60098760.0,96.0,0.0,100.0,3.0,100.0,0.0,84.0,244795599.0,98.0,2059.0,100.0,0.0,100.0,3.0,,,,,100.0,0.0,100.0,0.0,,,78.0,22.0,,,100.0,13.0,100.0,452.0,22.0,22.0,100.0,0.0,100.0,0.0,200.0,0.0,100.0,1987.0,100.0,26128460096.0,100.0,3472690174.0
2019-03-14,ZJV2ESNS,ST12000NM0007,12000138625024,0,84.0,229797952.0,96.0,0.0,100.0,3.0,100.0,0.0,84.0,250152567.0,98.0,2091.0,100.0,0.0,100.0,3.0,,,,,100.0,0.0,100.0,0.0,,,77.0,23.0,,,100.0,13.0,100.0,453.0,23.0,23.0,100.0,0.0,100.0,0.0,200.0,0.0,100.0,2019.0,100.0,26530973376.0,100.0,3728157542.0
2019-03-15,ZJV2ESNS,ST12000NM0007,12000138625024,0,76.0,43933528.0,96.0,0.0,100.0,3.0,100.0,0.0,84.0,252655857.0,98.0,2107.0,100.0,0.0,100.0,3.0,,,,,100.0,0.0,100.0,0.0,,,77.0,23.0,,,100.0,13.0,100.0,454.0,23.0,23.0,100.0,0.0,100.0,0.0,200.0,0.0,100.0,2035.0,100.0,26714796536.0,100.0,3846751814.0
2019-03-16,ZJV2ESNS,ST12000NM0007,12000138625024,0,82.0,152415416.0,96.0,0.0,100.0,3.0,100.0,0.0,84.0,257944351.0,98.0,2138.0,100.0,0.0,100.0,3.0,,,,,100.0,0.0,100.0,0.0,,,75.0,25.0,,,100.0,13.0,100.0,455.0,25.0,25.0,100.0,0.0,100.0,0.0,200.0,0.0,100.0,2067.0,100.0,27020803992.0,100.0,4137508310.0
2019-03-17,ZJV2ESNS,ST12000NM0007,12000138625024,0,80.0,90465152.0,96.0,0.0,100.0,3.0,100.0,0.0,84.0,259136148.0,98.0,2155.0,100.0,0.0,100.0,3.0,,,,,100.0,0.0,100.0,0.0,,,72.0,28.0,,,100.0,14.0,100.0,456.0,28.0,28.0,100.0,0.0,100.0,0.0,200.0,0.0,100.0,2083.0,100.0,27068603576.0,100.0,4271899174.0
2019-03-18,ZJV2ESNS,ST12000NM0007,12000138625024,0,84.0,225825400.0,96.0,0.0,100.0,3.0,100.0,0.0,84.0,267036800.0,98.0,2187.0,100.0,0.0,100.0,3.0,,,,,100.0,0.0,100.0,0.0,,,74.0,26.0,,,100.0,14.0,100.0,457.0,26.0,26.0,100.0,0.0,100.0,0.0,200.0,0.0,100.0,2115.0,100.0,27475057792.0,100.0,4733228462.0
2019-03-19,ZJV2ESNS,ST12000NM0007,12000138625024,0,69.0,8422096.0,96.0,0.0,100.0,3.0,100.0,0.0,84.0,269440431.0,98.0,2203.0,100.0,0.0,100.0,3.0,,,,,100.0,0.0,100.0,0.0,,,71.0,29.0,,,100.0,14.0,100.0,458.0,29.0,29.0,100.0,0.0,100.0,0.0,200.0,0.0,100.0,2131.0,100.0,27639132912.0,100.0,4840031558.0
2019-03-20,ZJV2ESNS,ST12000NM0007,12000138625024,0,82.0,169797840.0,96.0,0.0,100.0,3.0,100.0,0.0,84.0,275610907.0,98.0,2235.0,100.0,0.0,100.0,3.0,,,,,100.0,0.0,100.0,0.0,,,71.0,29.0,,,100.0,14.0,100.0,459.0,29.0,29.0,100.0,0.0,100.0,0.0,200.0,0.0,100.0,2163.0,100.0,28021571408.0,100.0,5107250750.0
2019-03-21,ZJV2ESNS,ST12000NM0007,12000138625024,0,84.0,226893800.0,96.0,0.0,100.0,3.0,100.0,0.0,84.0,279339783.0,98.0,2251.0,100.0,0.0,100.0,3.0,,,,,100.0,0.0,100.0,0.0,,,71.0,29.0,,,100.0,14.0,100.0,460.0,29.0,29.0,100.0,0.0,100.0,0.0,200.0,0.0,100.0,2179.0,100.0,28212572984.0,100.0,5217486214.0
2019-03-22,ZJV2ESNS,ST12000NM0007,12000138625024,0,77.0,50875080.0,96.0,0.0,100.0,3.0,100.0,0.0,85.0,281974517.0,98.0,2266.0,100.0,0.0,100.0,3.0,,,,,100.0,0.0,100.0,0.0,,,71.0,29.0,,,100.0,14.0,100.0,461.0,29.0,29.0,100.0,0.0,100.0,0.0,200.0,0.0,100.0,2194.0,100.0,28392476288.0,100.0,5349845518.0
2019-03-23,ZJV2ESNS,ST12000NM0007,12000138625024,0,83.0,216763024.0,96.0,0.0,100.0,3.0,100.0,0.0,85.0,284719660.0,98.0,2300.0,100.0,0.0,100.0,3.0,,,,,100.0,0.0,100.0,0.0,,,72.0,28.0,,,100.0,14.0,100.0,462.0,28.0,28.0,100.0,0.0,100.0,0.0,200.0,0.0,100.0,2227.0,100.0,28565922488.0,100.0,5586428430.0
2019-03-24,ZJV2ESNS,ST12000NM0007,12000138625024,0,80.0,91578560.0,96.0,0.0,100.0,3.0,100.0,0.0,85.0,285368827.0,98.0,2316.0,100.0,0.0,100.0,3.0,,,,,100.0,0.0,100.0,0.0,,,73.0,27.0,,,100.0,14.0,100.0,463.0,27.0,27.0,100.0,0.0,100.0,0.0,200.0,0.0,100.0,2243.0,100.0,28568006184.0,100.0,5703300966.0
2019-03-25,ZJV2ESNS,ST12000NM0007,12000138625024,0,77.0,47888952.0,96.0,0.0,100.0,3.0,100.0,0.0,85.0,290238653.0,98.0,2347.0,100.0,0.0,100.0,3.0,,,,,100.0,0.0,100.0,0.0,,,72.0,28.0,,,100.0,15.0,100.0,464.0,28.0,28.0,100.0,0.0,100.0,0.0,200.0,0.0,100.0,2275.0,100.0,28648676208.0,100.0,6067222838.0
2019-03-26,ZJV2ESNS,ST12000NM0007,12000138625024,0,82.0,162056384.0,96.0,0.0,100.0,3.0,100.0,0.0,85.0,290832265.0,98.0,2363.0,100.0,0.0,100.0,3.0,,,,,100.0,0.0,100.0,0.0,,,72.0,28.0,,,100.0,16.0,100.0,465.0,28.0,28.0,100.0,0.0,100.0,0.0,200.0,0.0,100.0,2290.0,100.0,28650440936.0,100.0,6179625542.0
2019-03-27,ZJV2ESNS,ST12000NM0007,12000138625024,0,100.0,816640.0,96.0,0.0,100.0,3.0,100.0,0.0,85.0,295429551.0,98.0,2395.0,100.0,0.0,100.0,3.0,,,,,100.0,0.0,100.0,0.0,,,72.0,28.0,,,100.0,17.0,100.0,466.0,28.0,28.0,100.0,0.0,100.0,0.0,200.0,0.0,100.0,2322.0,100.0,28732375800.0,100.0,6424732390.0
2019-03-28,ZJV2ESNS,ST12000NM0007,12000138625024,0,76.0,39810480.0,96.0,0.0,100.0,3.0,100.0,0.0,85.0,297438030.0,98.0,2426.0,100.0,0.0,100.0,3.0,,,,,100.0,0.0,100.0,0.0,,,72.0,28.0,,,100.0,17.0,100.0,467.0,28.0,28.0,100.0,0.0,100.0,0.0,200.0,0.0,100.0,2353.0,100.0,28748514864.0,100.0,6691727886.0
2019-03-29,ZJV2ESNS,ST12000NM0007,12000138625024,0,82.0,169720488.0,96.0,0.0,100.0,3.0,100.0,0.0,85.0,298196754.0,98.0,2442.0,100.0,0.0,100.0,3.0,,,,,100.0,0.0,100.0,0.0,,,73.0,27.0,,,100.0,18.0,100.0,468.0,27.0,27.0,100.0,0.0,100.0,0.0,200.0,0.0,100.0,2369.0,100.0,28752458232.0,100.0,6817694526.0
2019-03-30,ZJV2ESNS,ST12000NM0007,12000138625024,0,83.0,186984336.0,96.0,0.0,100.0,3.0,100.0,0.0,85.0,300275187.0,98.0,2474.0,100.0,0.0,100.0,3.0,,,,,100.0,0.0,100.0,0.0,,,72.0,28.0,,,100.0,19.0,100.0,469.0,28.0,28.0,100.0,0.0,100.0,0.0,200.0,0.0,100.0,2401.0,100.0,28766700504.0,100.0,7064856974.0
2019-03-31,ZJV2ESNS,ST12000NM0007,12000138625024,0,79.0,83727776.0,96.0,0.0,100.0,3.0,100.0,0.0,85.0,301166531.0,98.0,2490.0,100.0,0.0,100.0,3.0,,,,,100.0,0.0,100.0,0.0,,,73.0,27.0,,,100.0,20.0,100.0,470.0,27.0,27.0,100.0,0.0,100.0,0.0,200.0,0.0,100.0,2417.0,100.0,28772555680.0,100.0,7199885894.0
2019-04-01,ZJV2ESNS,ST12000NM0007,12000138625024,0,76.0,39516744.0,96.0,0.0,100.0,3.0,100.0,0.0,85.0,306165038.0,98.0,2523.0,100.0,0.0,100.0,3.0,,,,,100.0,0.0,100.0,0.0,,,73.0,27.0,,,100.0,21.0,100.0,471.0,27.0,27.0,100.0,0.0,100.0,0.0,200.0,0.0,100.0,2449.0,100.0,28865583400.0,100.0,7550928934.0
2019-04-02,ZJV2ESNS,ST12000NM0007,12000138625024,0,82.0,164051672.0,96.0,0.0,100.0,3.0,100.0,0.0,85.0,306954557.0,98.0,2539.0,100.0,0.0,100.0,3.0,,,,,100.0,0.0,100.0,0.0,,,73.0,27.0,,,100.0,22.0,100.0,472.0,27.0,27.0,100.0,0.0,100.0,0.0,200.0,0.0,100.0,2465.0,100.0,28871208880.0,100.0,7669838382.0
2019-04-03,ZJV2ESNS,ST12000NM0007,12000138625024,0,66.0,3586488.0,96.0,0.0,100.0,3.0,100.0,0.0,85.0,311641464.0,98.0,2571.0,100.0,0.0,100.0,3.0,,,,,100.0,0.0,100.0,0.0,,,78.0,22.0,,,100.0,23.0,100.0,474.0,22.0,22.0,100.0,0.0,100.0,0.0,200.0,0.0,100.0,2497.0,100.0,28962297512.0,100.0,7906565934.0
2019-04-04,ZJV2ESNS,ST12000NM0007,12000138625024,0,82.0,157288312.0,96.0,0.0,100.0,3.0,100.0,0.0,85.0,312459927.0,98.0,2587.0,100.0,0.0,100.0,3.0,,,,,100.0,0.0,100.0,0.0,,,78.0,22.0,,,100.0,23.0,100.0,474.0,22.0,22.0,100.0,0.0,100.0,0.0,200.0,0.0,100.0,2513.0,100.0,28967156056.0,100.0,8055409214.0
2019-04-05,ZJV2ESNS,ST12000NM0007,12000138625024,0,82.0,166781928.0,96.0,0.0,100.0,3.0,100.0,0.0,85.0,314012120.0,98.0,2618.0,100.0,0.0,100.0,3.0,,,,,100.0,0.0,100.0,0.0,,,78.0,22.0,,,100.0,24.0,100.0,476.0,22.0,22.0,100.0,0.0,100.0,0.0,200.0,0.0,100.0,2544.0,100.0,28976807352.0,100.0,8299392200.0
2019-04-06,ZJV2ESNS,ST12000NM0007,12000138625024,0,78.0,58528288.0,96.0,0.0,100.0,3.0,100.0,0.0,85.0,314936875.0,97.0,2634.0,100.0,0.0,100.0,3.0,,,,,100.0,0.0,100.0,0.0,,,77.0,23.0,,,100.0,24.0,100.0,476.0,23.0,23.0,100.0,0.0,100.0,0.0,200.0,0.0,100.0,2560.0,100.0,28988760144.0,100.0,8423326480.0
2019-04-07,ZJV2ESNS,ST12000NM0007,12000138625024,0,80.0,108377992.0,96.0,0.0,100.0,3.0,100.0,0.0,85.0,319547933.0,97.0,2666.0,100.0,0.0,100.0,3.0,,,,,100.0,0.0,100.0,0.0,,,77.0,23.0,,,100.0,25.0,100.0,477.0,23.0,23.0,100.0,0.0,100.0,0.0,200.0,0.0,100.0,2591.0,100.0,29169876472.0,100.0,8780341760.0
2019-04-08,ZJV2ESNS,ST12000NM0007,12000138625024,0,83.0,222510536.0,96.0,0.0,100.0,3.0,100.0,0.0,85.0,323980874.0,97.0,2682.0,100.0,0.0,100.0,3.0,,,,,100.0,0.0,100.0,0.0,,,78.0,22.0,,,100.0,25.0,100.0,478.0,22.0,22.0,100.0,0.0,100.0,0.0,200.0,0.0,100.0,2607.0,100.0,29292133264.0,100.0,9016358144.0
2019-04-09,ZJV2ESNS,ST12000NM0007,12000138625024,0,81.0,130666672.0,96.0,0.0,100.0,3.0,100.0,0.0,85.0,327286644.0,97.0,2713.0,100.0,0.0,100.0,3.0,,,,,100.0,0.0,100.0,0.0,,,78.0,22.0,,,100.0,25.0,100.0,479.0,22.0,22.0,100.0,0.0,100.0,0.0,200.0,0.0,100.0,2638.0,100.0,29422402896.0,100.0,9282526432.0
2019-04-10,ZJV2ESNS,ST12000NM0007,12000138625024,0,83.0,212067504.0,96.0,0.0,100.0,3.0,100.0,0.0,85.0,330988186.0,97.0,2729.0,100.0,0.0,100.0,3.0,,,,,100.0,0.0,100.0,0.0,,,77.0,23.0,,,100.0,26.0,100.0,480.0,23.0,23.0,100.0,0.0,100.0,0.0,200.0,0.0,100.0,2654.0,100.0,29558588960.0,100.0,9471882576.0
2019-04-11,ZJV2ESNS,ST12000NM0007,12000138625024,0,79.0,72625384.0,96.0,0.0,100.0,3.0,100.0,0.0,85.0,336016705.0,97.0,2761.0,100.0,0.0,100.0,3.0,,,,,100.0,0.0,100.0,0.0,,,77.0,23.0,,,100.0,26.0,100.0,481.0,23.0,23.0,100.0,0.0,100.0,0.0,200.0,0.0,100.0,2685.0,100.0,29699310304.0,100.0,9680000376.0
2019-04-12,ZJV2ESNS,ST12000NM0007,12000138625024,0,71.0,12738392.0,96.0,0.0,100.0,3.0,100.0,0.0,85.0,337449651.0,97.0,2776.0,100.0,0.0,100.0,3.0,,,,,100.0,0.0,100.0,0.0,,,78.0,22.0,,,100.0,26.0,100.0,482.0,22.0,22.0,100.0,0.0,100.0,0.0,200.0,0.0,100.0,2701.0,100.0,29765472912.0,100.0,9798091584.0
2019-04-13,ZJV2ESNS,ST12000NM0007,12000138625024,0,80.0,102458840.0,96.0,0.0,100.0,3.0,100.0,0.0,85.0,340506324.0,97.0,2808.0,100.0,0.0,100.0,3.0,,,,,100.0,0.0,100.0,0.0,,,77.0,23.0,,,100.0,26.0,100.0,483.0,23.0,23.0,100.0,0.0,100.0,0.0,200.0,0.0,100.0,2733.0,100.0,29884904872.0,100.0,10012520816.0
2019-04-14,ZJV2ESNS,ST12000NM0007,12000138625024,0,72.0,16479808.0,96.0,0.0,100.0,3.0,100.0,0.0,85.0,342157296.0,97.0,2824.0,100.0,0.0,100.0,3.0,,,,,100.0,0.0,100.0,0.0,,,78.0,22.0,,,100.0,27.0,100.0,484.0,22.0,22.0,100.0,0.0,100.0,0.0,200.0,0.0,100.0,2748.0,100.0,29958988880.0,100.0,10096598480.0
2019-04-15,ZJV2ESNS,ST12000NM0007,12000138625024,0,84.0,227992464.0,96.0,0.0,100.0,3.0,100.0,0.0,85.0,348712411.0,97.0,2855.0,100.0,0.0,100.0,3.0,,,,,100.0,0.0,100.0,0.0,,,77.0,23.0,,,100.0,27.0,100.0,485.0,23.0,23.0,100.0,0.0,100.0,0.0,200.0,0.0,100.0,2780.0,100.0,30144823120.0,100.0,10366417768.0
2019-04-16,ZJV2ESNS,ST12000NM0007,12000138625024,0,81.0,116980928.0,96.0,0.0,100.0,3.0,100.0,0.0,85.0,350143312.0,97.0,2871.0,100.0,0.0,100.0,3.0,,,,,100.0,0.0,100.0,0.0,,,77.0,23.0,,,100.0,28.0,100.0,486.0,23.0,23.0,100.0,0.0,100.0,0.0,200.0,0.0,100.0,2796.0,100.0,30192223120.0,100.0,10452147040.0
2019-04-17,ZJV2ESNS,ST12000NM0007,12000138625024,0,78.0,63312944.0,96.0,0.0,100.0,3.0,100.0,0.0,86.0,356157983.0,97.0,2903.0,100.0,0.0,100.0,3.0,,,,,100.0,0.0,100.0,0.0,,,78.0,22.0,,,100.0,29.0,100.0,487.0,22.0,22.0,100.0,0.0,100.0,0.0,200.0,0.0,100.0,2827.0,100.0,30374358424.0,100.0,10704625360.0
2019-04-18,ZJV2ESNS,ST12000NM0007,12000138625024,0,83.0,199890560.0,96.0,0.0,100.0,3.0,100.0,0.0,86.0,357578861.0,97.0,2919.0,100.0,0.0,100.0,3.0,,,,,100.0,0.0,100.0,0.0,,,78.0,22.0,,,100.0,30.0,100.0,488.0,22.0,22.0,100.0,0.0,100.0,0.0,200.0,0.0,100.0,2843.0,100.0,30428029784.0,100.0,10787531616.0
2019-04-19,ZJV2ESNS,ST12000NM0007,12000138625024,0,76.0,38281032.0,96.0,0.0,100.0,3.0,100.0,0.0,86.0,360679502.0,97.0,2951.0,100.0,0.0,100.0,3.0,,,,,100.0,0.0,100.0,0.0,,,78.0,22.0,,,100.0,30.0,100.0,489.0,22.0,22.0,100.0,0.0,100.0,0.0,200.0,0.0,100.0,2875.0,100.0,30549470048.0,100.0,10992763584.0
2019-04-20,ZJV2ESNS,ST12000NM0007,12000138625024,0,83.0,206670120.0,96.0,0.0,100.0,3.0,100.0,0.0,86.0,362367429.0,97.0,2966.0,100.0,0.0,100.0,3.0,,,,,100.0,0.0,100.0,0.0,,,77.0,23.0,,,100.0,31.0,100.0,490.0,23.0,23.0,100.0,0.0,100.0,0.0,200.0,0.0,100.0,2891.0,100.0,30613454136.0,100.0,11097168584.0
2019-04-21,ZJV2ESNS,ST12000NM0007,12000138625024,0,77.0,52426896.0,96.0,0.0,100.0,3.0,100.0,0.0,86.0,365880036.0,97.0,2998.0,100.0,0.0,100.0,3.0,,,,,100.0,0.0,100.0,0.0,,,76.0,24.0,,,100.0,32.0,100.0,491.0,24.0,24.0,100.0,0.0,100.0,0.0,200.0,0.0,100.0,2922.0,100.0,30740019352.0,100.0,11304641704.0
2019-04-22,ZJV2ESNS,ST12000NM0007,12000138625024,0,82.0,142320984.0,96.0,0.0,100.0,3.0,100.0,0.0,86.0,370914879.0,97.0,3014.0,100.0,0.0,100.0,3.0,,,,,100.0,0.0,100.0,0.0,,,78.0,22.0,,,100.0,33.0,100.0,492.0,22.0,22.0,100.0,0.0,100.0,0.0,200.0,0.0,100.0,2938.0,100.0,30871377072.0,100.0,11507318704.0
2019-04-23,ZJV2ESNS,ST12000NM0007,12000138625024,0,84.0,227713544.0,96.0,0.0,100.0,3.0,100.0,0.0,86.0,374088844.0,97.0,3046.0,100.0,0.0,100.0,3.0,,,,,100.0,0.0,100.0,0.0,,,79.0,21.0,,,100.0,33.0,100.0,493.0,21.0,21.0,100.0,0.0,100.0,0.0,200.0,0.0,100.0,2969.0,100.0,30988651120.0,100.0,11719577856.0
2019-04-24,ZJV2ESNS,ST12000NM0007,12000138625024,0,73.0,20419088.0,96.0,0.0,100.0,3.0,100.0,0.0,86.0,376927906.0,97.0,3061.0,100.0,0.0,100.0,3.0,,,,,100.0,0.0,100.0,0.0,,,75.0,25.0,,,100.0,34.0,100.0,494.0,25.0,25.0,100.0,0.0,100.0,0.0,200.0,0.0,100.0,2985.0,100.0,31118419392.0,100.0,11870797328.0
2019-04-25,ZJV2ESNS,ST12000NM0007,12000138625024,0,83.0,214384592.0,96.0,0.0,100.0,3.0,100.0,0.0,86.0,382302495.0,97.0,3093.0,100.0,0.0,100.0,3.0,,,,,100.0,0.0,100.0,0.0,,,72.0,28.0,,,100.0,34.0,100.0,495.0,28.0,28.0,100.0,0.0,100.0,0.0,200.0,0.0,100.0,3017.0,100.0,31290035160.0,100.0,12137287792.0
2019-04-26,ZJV2ESNS,ST12000NM0007,12000138625024,0,81.0,134446632.0,96.0,0.0,100.0,3.0,100.0,0.0,86.0,384135846.0,97.0,3109.0,100.0,0.0,100.0,3.0,,,,,100.0,0.0,100.0,0.0,,,78.0,22.0,,,100.0,34.0,100.0,496.0,22.0,22.0,100.0,0.0,100.0,0.0,200.0,0.0,100.0,3033.0,100.0,31351286256.0,100.0,12240239880.0
2019-04-27,ZJV2ESNS,ST12000NM0007,12000138625024,0,75.0,33468056.0,96.0,0.0,100.0,3.0,100.0,0.0,86.0,387510257.0,97.0,3141.0,100.0,0.0,100.0,3.0,,,,,100.0,0.0,100.0,0.0,,,78.0,22.0,,,100.0,35.0,100.0,497.0,22.0,22.0,100.0,0.0,100.0,0.0,200.0,0.0,100.0,3064.0,100.0,31457245296.0,100.0,12521584072.0
2019-04-28,ZJV2ESNS,ST12000NM0007,12000138625024,0,83.0,203878168.0,96.0,0.0,100.0,3.0,100.0,0.0,86.0,391879593.0,97.0,3172.0,100.0,0.0,100.0,3.0,,,,,100.0,0.0,100.0,0.0,,,77.0,23.0,,,100.0,36.0,100.0,499.0,23.0,23.0,100.0,0.0,100.0,0.0,200.0,0.0,100.0,3096.0,100.0,31598294528.0,100.0,12795085970.0
2019-04-29,ZJV2ESNS,ST12000NM0007,12000138625024,0,82.0,176852296.0,96.0,0.0,100.0,3.0,100.0,0.0,86.0,395397734.0,97.0,3188.0,100.0,0.0,100.0,3.0,,,,,100.0,0.0,100.0,0.0,,,78.0,22.0,,,100.0,36.0,100.0,499.0,22.0,22.0,100.0,0.0,100.0,0.0,200.0,0.0,100.0,3111.0,100.0,31665977832.0,100.0,12944517426.0
2019-04-30,ZJV2ESNS,ST12000NM0007,12000138625024,0,77.0,48336240.0,96.0,0.0,100.0,3.0,100.0,0.0,86.0,398844439.0,97.0,3220.0,100.0,0.0,100.0,3.0,,,,,100.0,0.0,100.0,0.0,,,78.0,22.0,,,100.0,37.0,100.0,501.0,22.0,22.0,100.0,0.0,100.0,0.0,200.0,0.0,100.0,3143.0,100.0,31777724976.0,100.0,13192536482.0
2019-05-01,ZJV2ESNS,ST12000NM0007,12000138625024,0,78.0,58704032.0,96.0,0.0,100.0,3.0,100.0,0.0,86.0,402483633.0,97.0,3236.0,100.0,0.0,100.0,3.0,,,,,100.0,0.0,100.0,0.0,,,78.0,22.0,,,100.0,37.0,100.0,501.0,22.0,22.0,100.0,0.0,100.0,0.0,200.0,0.0,100.0,3158.0,100.0,31883392568.0,100.0,13341377314.0
2019-05-02,ZJV2ESNS,ST12000NM0007,12000138625024,0,81.0,138787128.0,96.0,0.0,100.0,3.0,100.0,0.0,86.0,406187536.0,97.0,3267.0,100.0,0.0,100.0,3.0,,,,,100.0,0.0,100.0,0.0,,,78.0,22.0,,,100.0,37.0,100.0,503.0,22.0,22.0,100.0,0.0,100.0,0.0,200.0,0.0,100.0,3190.0,100.0,31993318216.0,100.0,13555675762.0
2019-05-03,ZJV2ESNS,ST12000NM0007,12000138625024,0,77.0,49483800.0,96.0,0.0,100.0,3.0,100.0,0.0,86.0,407649600.0,97.0,3283.0,100.0,0.0,100.0,3.0,,,,,100.0,0.0,100.0,0.0,,,77.0,23.0,,,100.0,37.0,100.0,503.0,23.0,23.0,100.0,0.0,100.0,0.0,200.0,0.0,100.0,3206.0,100.0,32037158312.0,100.0,13666673122.0
2019-05-04,ZJV2ESNS,ST12000NM0007,12000138625024,0,83.0,221483792.0,96.0,0.0,100.0,3.0,100.0,0.0,86.0,411034106.0,97.0,3315.0,100.0,0.0,100.0,3.0,,,,,100.0,0.0,100.0,0.0,,,77.0,23.0,,,100.0,38.0,100.0,505.0,23.0,23.0,100.0,0.0,100.0,0.0,200.0,0.0,100.0,3238.0,100.0,32154641360.0,100.0,13965330754.0
2019-05-05,ZJV2ESNS,ST12000NM0007,12000138625024,0,82.0,163646576.0,96.0,0.0,100.0,3.0,100.0,0.0,86.0,412500474.0,97.0,3331.0,100.0,0.0,100.0,3.0,,,,,100.0,0.0,100.0,0.0,,,78.0,22.0,,,100.0,38.0,100.0,505.0,22.0,22.0,100.0,0.0,100.0,0.0,200.0,0.0,100.0,3253.0,100.0,32207709368.0,100.0,14098566242.0
2019-05-06,ZJV2ESNS,ST12000NM0007,12000138625024,0,84.0,227416504.0,96.0,0.0,100.0,3.0,100.0,0.0,86.0,419119833.0,97.0,3362.0,100.0,0.0,100.0,3.0,,,,,100.0,0.0,100.0,0.0,,,79.0,21.0,,,100.0,39.0,100.0,506.0,21.0,21.0,100.0,0.0,100.0,0.0,200.0,0.0,100.0,3285.0,100.0,32385181720.0,100.0,14473145162.0
2019-05-07,ZJV2ESNS,ST12000NM0007,12000138625024,0,81.0,125129016.0,96.0,0.0,100.0,3.0,100.0,0.0,86.0,420306142.0,97.0,3378.0,100.0,0.0,100.0,3.0,,,,,100.0,0.0,100.0,0.0,,,78.0,22.0,,,100.0,39.0,100.0,507.0,22.0,22.0,100.0,0.0,100.0,0.0,200.0,0.0,100.0,3301.0,100.0,32429452304.0,100.0,14570728074.0
2019-05-08,ZJV2ESNS,ST12000NM0007,12000138625024,0,78.0,59237912.0,96.0,0.0,100.0,3.0,100.0,0.0,86.0,426410192.0,97.0,3409.0,100.0,0.0,100.0,3.0,,,,,100.0,0.0,100.0,0.0,,,78.0,22.0,,,100.0,39.0,100.0,508.0,22.0,22.0,100.0,0.0,100.0,0.0,200.0,0.0,100.0,3332.0,100.0,32608174152.0,100.0,14814396466.0
2019-05-09,ZJV2ESNS,ST12000NM0007,12000138625024,0,83.0,202055904.0,96.0,0.0,100.0,3.0,100.0,0.0,86.0,427715832.0,97.0,3425.0,100.0,0.0,100.0,3.0,,,,,100.0,0.0,100.0,0.0,,,77.0,23.0,,,100.0,39.0,100.0,509.0,23.0,23.0,100.0,0.0,100.0,0.0,200.0,0.0,100.0,3347.0,100.0,32652251744.0,100.0,14913136866.0
2019-05-10,ZJV2ESNS,ST12000NM0007,12000138625024,0,78.0,58706728.0,96.0,0.0,100.0,3.0,100.0,0.0,86.0,431084923.0,97.0,3457.0,100.0,0.0,100.0,3.0,,,,,100.0,0.0,100.0,0.0,,,78.0,22.0,,,100.0,39.0,100.0,510.0,22.0,22.0,100.0,0.0,100.0,0.0,200.0,0.0,100.0,3379.0,100.0,32755763616.0,100.0,15154557402.0
2019-05-11,ZJV2ESNS,ST12000NM0007,12000138625024,0,83.0,184297272.0,96.0,0.0,100.0,3.0,100.0,0.0,86.0,432386974.0,97.0,3473.0,100.0,0.0,100.0,3.0,,,,,100.0,0.0,100.0,0.0,,,77.0,23.0,,,100.0,39.0,100.0,511.0,23.0,23.0,100.0,0.0,100.0,0.0,200.0,0.0,100.0,3395.0,100.0,32801879448.0,100.0,15234032114.0
2019-05-12,ZJV2ESNS,ST12000NM0007,12000138625024,0,78.0,65241032.0,96.0,0.0,100.0,3.0,100.0,0.0,86.0,436470133.0,96.0,3505.0,100.0,0.0,100.0,3.0,,,,,100.0,0.0,100.0,0.0,,,78.0,22.0,,,100.0,39.0,100.0,512.0,22.0,22.0,100.0,0.0,100.0,0.0,200.0,0.0,100.0,3426.0,100.0,32950028912.0,100.0,15455107842.0
2019-05-13,ZJV2ESNS,ST12000NM0007,12000138625024,0,79.0,77837896.0,96.0,0.0,100.0,3.0,100.0,0.0,86.0,440407490.0,96.0,3521.0,100.0,0.0,100.0,3.0,,,,,100.0,0.0,100.0,0.0,,,78.0,22.0,,,100.0,39.0,100.0,513.0,22.0,22.0,100.0,0.0,100.0,0.0,200.0,0.0,100.0,3442.0,100.0,33033951544.0,100.0,15627922738.0
2019-05-14,ZJV2ESNS,ST12000NM0007,12000138625024,0,82.0,147254912.0,96.0,0.0,100.0,3.0,100.0,0.0,86.0,443992138.0,96.0,3552.0,100.0,0.0,100.0,3.0,,,,,100.0,0.0,100.0,0.0,,,78.0,22.0,,,100.0,40.0,100.0,514.0,22.0,22.0,100.0,0.0,100.0,0.0,200.0,0.0,100.0,3474.0,100.0,33135408320.0,100.0,15840023786.0
2019-05-15,ZJV2ESNS,ST12000NM0007,12000138625024,0,82.0,148056808.0,96.0,0.0,100.0,3.0,100.0,0.0,87.0,447287865.0,96.0,3568.0,100.0,0.0,100.0,3.0,,,,,100.0,0.0,100.0,0.0,,,77.0,23.0,,,100.0,41.0,100.0,515.0,23.0,23.0,100.0,0.0,100.0,0.0,200.0,0.0,100.0,3490.0,100.0,33246141032.0,100.0,15974233818.0
2019-05-16,ZJV2ESNS,ST12000NM0007,12000138625024,0,80.0,111849880.0,95.0,0.0,100.0,4.0,100.0,0.0,87.0,451545684.0,96.0,3600.0,100.0,0.0,100.0,4.0,,,,,100.0,0.0,100.0,0.0,,,77.0,23.0,,,100.0,43.0,100.0,519.0,23.0,23.0,100.0,0.0,100.0,0.0,200.0,0.0,100.0,3521.0,100.0,33383884192.0,100.0,16288565004.0
2019-05-17,ZJV2ESNS,ST12000NM0007,12000138625024,0,78.0,62014576.0,95.0,0.0,100.0,4.0,100.0,0.0,87.0,453284382.0,96.0,3616.0,100.0,0.0,100.0,4.0,,,,,100.0,0.0,100.0,0.0,,,72.0,28.0,,,100.0,43.0,100.0,519.0,28.0,28.0,100.0,0.0,100.0,0.0,200.0,0.0,100.0,3537.0,100.0,33446564952.0,100.0,16420189716.0
2019-05-18,ZJV2ESNS,ST12000NM0007,12000138625024,0,83.0,216183040.0,95.0,0.0,100.0,4.0,100.0,0.0,87.0,456646395.0,96.0,3648.0,100.0,0.0,100.0,4.0,,,,,100.0,0.0,100.0,0.0,,,77.0,23.0,,,100.0,43.0,100.0,521.0,23.0,23.0,100.0,0.0,100.0,0.0,200.0,0.0,100.0,3569.0,100.0,33562885592.0,100.0,16702178268.0
2019-05-19,ZJV2ESNS,ST12000NM0007,12000138625024,0,82.0,166444992.0,95.0,0.0,100.0,4.0,100.0,0.0,87.0,458207415.0,96.0,3664.0,100.0,0.0,100.0,4.0,,,,,100.0,0.0,100.0,0.0,,,78.0,22.0,,,100.0,43.0,100.0,521.0,22.0,22.0,100.0,0.0,100.0,0.0,200.0,0.0,100.0,3585.0,100.0,33612410160.0,100.0,16847056316.0
2019-05-20,ZJV2ESNS,ST12000NM0007,12000138625024,0,84.0,239074304.0,95.0,0.0,100.0,4.0,100.0,0.0,87.0,464888989.0,96.0,3696.0,100.0,0.0,100.0,4.0,,,,,100.0,0.0,100.0,0.0,,,78.0,22.0,,,100.0,43.0,100.0,523.0,22.0,22.0,100.0,0.0,100.0,0.0,200.0,0.0,100.0,3616.0,100.0,33790582552.0,100.0,17229794716.0
2019-05-21,ZJV2ESNS,ST12000NM0007,12000138625024,0,82.0,175456696.0,95.0,0.0,100.0,4.0,100.0,0.0,87.0,466468581.0,96.0,3712.0,100.0,0.0,100.0,4.0,,,,,100.0,0.0,100.0,0.0,,,78.0,22.0,,,100.0,43.0,100.0,523.0,22.0,22.0,100.0,0.0,100.0,0.0,200.0,0.0,100.0,3632.0,100.0,33850920392.0,100.0,17349980284.0
2019-05-22,ZJV2ESNS,ST12000NM0007,12000138625024,0,81.0,120576672.0,95.0,0.0,100.0,4.0,100.0,0.0,87.0,472399039.0,96.0,3743.0,100.0,0.0,100.0,4.0,,,,,100.0,0.0,100.0,0.0,,,78.0,22.0,,,100.0,44.0,100.0,525.0,22.0,22.0,100.0,0.0,100.0,0.0,200.0,0.0,100.0,3664.0,100.0,34028382344.0,100.0,17605919644.0
2019-05-23,ZJV2ESNS,ST12000NM0007,12000138625024,0,75.0,32790904.0,95.0,0.0,100.0,4.0,100.0,0.0,87.0,473862100.0,96.0,3759.0,100.0,0.0,100.0,4.0,,,,,100.0,0.0,100.0,0.0,,,78.0,22.0,,,100.0,44.0,100.0,525.0,22.0,22.0,100.0,0.0,100.0,0.0,200.0,0.0,100.0,3680.0,100.0,34096423352.0,100.0,17694233580.0
2019-05-24,ZJV2ESNS,ST12000NM0007,12000138625024,0,80.0,110813328.0,95.0,0.0,100.0,4.0,100.0,0.0,87.0,476834755.0,96.0,3791.0,100.0,0.0,100.0,4.0,,,,,100.0,0.0,100.0,0.0,,,78.0,22.0,,,100.0,45.0,100.0,527.0,22.0,22.0,100.0,0.0,100.0,0.0,200.0,0.0,100.0,3711.0,100.0,34221166856.0,100.0,17891653252.0
2019-05-25,ZJV2ESNS,ST12000NM0007,12000138625024,0,84.0,237868408.0,95.0,0.0,100.0,4.0,100.0,0.0,87.0,478222258.0,96.0,3807.0,100.0,0.0,100.0,4.0,,,,,100.0,0.0,100.0,0.0,,,78.0,22.0,,,100.0,45.0,100.0,527.0,22.0,22.0,100.0,0.0,100.0,0.0,200.0,0.0,100.0,3727.0,100.0,34282954184.0,100.0,17956921004.0
2019-05-26,ZJV2ESNS,ST12000NM0007,12000138625024,0,79.0,72476640.0,95.0,0.0,100.0,4.0,100.0,0.0,87.0,481401761.0,96.0,3838.0,100.0,0.0,100.0,4.0,,,,,100.0,0.0,100.0,0.0,,,75.0,25.0,,,100.0,45.0,100.0,529.0,25.0,25.0,100.0,0.0,100.0,0.0,200.0,0.0,100.0,3758.0,100.0,34418301488.0,100.0,18144463516.0
2019-05-27,ZJV2ESNS,ST12000NM0007,12000138625024,0,81.0,118334448.0,95.0,0.0,100.0,4.0,100.0,0.0,87.0,485979089.0,96.0,3854.0,100.0,0.0,100.0,4.0,,,,,100.0,0.0,100.0,0.0,,,74.0,26.0,,,100.0,45.0,100.0,529.0,26.0,26.0,100.0,0.0,100.0,0.0,200.0,0.0,100.0,3774.0,100.0,34517153360.0,100.0,18335610084.0
2019-05-28,ZJV2ESNS,ST12000NM0007,12000138625024,0,83.0,199734008.0,95.0,0.0,100.0,4.0,100.0,0.0,87.0,489134678.0,96.0,3886.0,100.0,0.0,100.0,4.0,,,,,100.0,0.0,100.0,0.0,,,74.0,26.0,,,100.0,45.0,100.0,531.0,26.0,26.0,100.0,0.0,100.0,0.0,200.0,0.0,100.0,3805.0,100.0,34662785184.0,100.0,18515518668.0
2019-05-29,ZJV2ESNS,ST12000NM0007,12000138625024,0,82.0,156042080.0,95.0,0.0,100.0,4.0,100.0,0.0,87.0,495646999.0,96.0,3918.0,100.0,0.0,100.0,4.0,,,,,100.0,0.0,100.0,0.0,,,74.0,26.0,,,100.0,46.0,100.0,532.0,26.0,26.0,100.0,0.0,100.0,0.0,200.0,0.0,100.0,3837.0,100.0,34863897016.0,100.0,18758996532.0
2019-05-30,ZJV2ESNS,ST12000NM0007,12000138625024,0,78.0,57232232.0,95.0,0.0,100.0,4.0,100.0,0.0,87.0,496987573.0,96.0,3934.0,100.0,0.0,100.0,4.0,,,,,100.0,0.0,100.0,0.0,,,74.0,26.0,,,100.0,47.0,100.0,533.0,26.0,26.0,100.0,0.0,100.0,0.0,200.0,0.0,100.0,3853.0,100.0,34921902664.0,100.0,18846321692.0
2019-05-31,ZJV2ESNS,ST12000NM0007,12000138625024,0,83.0,199432040.0,95.0,0.0,100.0,4.0,100.0,0.0,87.0,498497377.0,96.0,3949.0,100.0,0.0,100.0,4.0,,,,,100.0,0.0,100.0,0.0,,,74.0,26.0,,,100.0,47.0,100.0,534.0,26.0,26.0,100.0,0.0,100.0,0.0,200.0,0.0,100.0,3868.0,100.0,34969455128.0,100.0,18940969036.0
2019-06-01,ZJV2ESNS,ST12000NM0007,12000138625024,0,84.0,233074520.0,95.0,0.0,100.0,4.0,100.0,0.0,87.0,501643674.0,96.0,3981.0,100.0,0.0,100.0,4.0,,,,,100.0,0.0,100.0,0.0,,,74.0,26.0,,,100.0,47.0,100.0,535.0,26.0,26.0,100.0,0.0,100.0,0.0,200.0,0.0,100.0,3899.0,100.0,35066596560.0,100.0,19121610828.0
2019-06-02,ZJV2ESNS,ST12000NM0007,12000138625024,0,82.0,176043264.0,95.0,0.0,100.0,4.0,100.0,0.0,87.0,503578780.0,96.0,3996.0,100.0,0.0,100.0,4.0,,,,,100.0,0.0,100.0,0.0,,,74.0,26.0,,,100.0,47.0,100.0,536.0,26.0,26.0,100.0,0.0,100.0,0.0,200.0,0.0,100.0,3915.0,100.0,35134040544.0,100.0,19241276284.0
2019-06-03,ZJV2ESNS,ST12000NM0007,12000138625024,0,84.0,233933266.0,94.0,0.0,100.0,5.0,100.0,0.0,87.0,510432555.0,96.0,4028.0,100.0,0.0,100.0,5.0,,,,,100.0,0.0,100.0,0.0,,,74.0,26.0,,,100.0,47.0,100.0,539.0,26.0,26.0,100.0,0.0,100.0,0.0,200.0,0.0,100.0,3947.0,100.0,35349409608.0,100.0,19572078694.0
2019-06-04,ZJV2ESNS,ST12000NM0007,12000138625024,0,71.0,11571264.0,94.0,0.0,100.0,5.0,100.0,0.0,87.0,512295167.0,96.0,4044.0,100.0,0.0,100.0,5.0,,,,,100.0,0.0,100.0,0.0,,,74.0,26.0,,,100.0,47.0,100.0,539.0,26.0,26.0,100.0,0.0,100.0,0.0,200.0,0.0,100.0,3963.0,100.0,35430554672.0,100.0,19756853278.0
2019-06-05,ZJV2ESNS,ST12000NM0007,12000138625024,0,72.0,17402256.0,94.0,0.0,100.0,5.0,100.0,0.0,87.0,518767001.0,96.0,4076.0,100.0,0.0,100.0,5.0,,,,,100.0,0.0,100.0,0.0,,,74.0,26.0,,,100.0,49.0,100.0,541.0,26.0,26.0,100.0,0.0,100.0,0.0,200.0,0.0,100.0,3994.0,100.0,35621284456.0,100.0,20060236278.0
2019-06-06,ZJV2ESNS,ST12000NM0007,12000138625024,0,83.0,178834568.0,94.0,0.0,100.0,5.0,100.0,0.0,87.0,521361231.0,96.0,4092.0,100.0,0.0,100.0,5.0,,,,,100.0,0.0,100.0,0.0,,,75.0,25.0,,,100.0,49.0,100.0,542.0,25.0,25.0,100.0,0.0,100.0,0.0,200.0,0.0,100.0,4010.0,100.0,35670350896.0,100.0,20172602150.0
2019-06-07,ZJV2ESNS,ST12000NM0007,12000138625024,0,80.0,105317328.0,94.0,0.0,100.0,5.0,100.0,0.0,87.0,524963916.0,96.0,4123.0,100.0,0.0,100.0,5.0,,,,,100.0,0.0,100.0,0.0,,,75.0,25.0,,,100.0,49.0,100.0,543.0,25.0,25.0,100.0,0.0,100.0,0.0,200.0,0.0,100.0,4041.0,100.0,35794152816.0,100.0,20463564406.0
2019-06-08,ZJV2ESNS,ST12000NM0007,12000138625024,0,77.0,56229584.0,94.0,0.0,100.0,5.0,100.0,0.0,87.0,526783385.0,96.0,4139.0,100.0,0.0,100.0,5.0,,,,,100.0,0.0,100.0,0.0,,,74.0,26.0,,,100.0,49.0,100.0,544.0,26.0,26.0,100.0,0.0,100.0,0.0,200.0,0.0,100.0,4057.0,100.0,35851448824.0,100.0,20601321478.0
2019-06-09,ZJV2ESNS,ST12000NM0007,12000138625024,0,72.0,15756016.0,92.0,0.0,100.0,6.0,100.0,0.0,87.0,530490578.0,96.0,4171.0,100.0,0.0,100.0,6.0,,,,,100.0,0.0,100.0,0.0,,,75.0,25.0,,,100.0,49.0,100.0,548.0,25.0,25.0,100.0,0.0,100.0,0.0,200.0,0.0,100.0,4089.0,100.0,35993315616.0,100.0,20907262560.0
2019-06-10,ZJV2ESNS,ST12000NM0007,12000138625024,0,81.0,136110488.0,92.0,0.0,100.0,6.0,100.0,0.0,87.0,534953405.0,96.0,4187.0,100.0,0.0,100.0,6.0,,,,,100.0,0.0,100.0,0.0,,,73.0,27.0,,,100.0,49.0,100.0,548.0,27.0,27.0,100.0,0.0,100.0,0.0,200.0,0.0,100.0,4104.0,100.0,36114913744.0,100.0,21150159720.0
2019-06-11,ZJV2ESNS,ST12000NM0007,12000138625024,0,76.0,44416144.0,92.0,0.0,100.0,6.0,100.0,0.0,87.0,539076993.0,96.0,4218.0,100.0,0.0,100.0,6.0,,,,,100.0,0.0,100.0,0.0,,,73.0,27.0,,,100.0,50.0,100.0,550.0,27.0,27.0,100.0,0.0,100.0,0.0,200.0,0.0,100.0,4136.0,100.0,36222843112.0,100.0,21438817656.0
2019-06-12,ZJV2ESNS,ST12000NM0007,12000138625024,0,73.0,19560272.0,92.0,0.0,100.0,6.0,100.0,0.0,87.0,541232993.0,96.0,4234.0,100.0,0.0,100.0,6.0,,,,,100.0,0.0,100.0,0.0,,,73.0,27.0,,,100.0,50.0,100.0,550.0,27.0,27.0,100.0,0.0,100.0,0.0,200.0,0.0,100.0,4151.0,100.0,36301079568.0,100.0,21579865960.0
2019-06-13,ZJV2ESNS,ST12000NM0007,12000138625024,0,84.0,228009368.0,89.0,0.0,100.0,8.0,100.0,0.0,87.0,545428720.0,96.0,4266.0,100.0,0.0,100.0,8.0,,,,,100.0,0.0,100.0,0.0,,,74.0,26.0,,,100.0,52.0,100.0,556.0,26.0,26.0,100.0,0.0,100.0,0.0,200.0,0.0,100.0,4183.0,100.0,36438618576.0,100.0,21894916806.0
2019-06-14,ZJV2ESNS,ST12000NM0007,12000138625024,0,82.0,167367848.0,89.0,0.0,100.0,8.0,100.0,0.0,87.0,547071154.0,96.0,4282.0,100.0,0.0,100.0,8.0,,,,,100.0,0.0,100.0,0.0,,,74.0,26.0,,,100.0,52.0,100.0,556.0,26.0,26.0,100.0,0.0,100.0,0.0,200.0,0.0,100.0,4199.0,100.0,36485555536.0,100.0,22031479254.0
2019-06-15,ZJV2ESNS,ST12000NM0007,12000138625024,0,76.0,41947544.0,89.0,0.0,100.0,8.0,100.0,0.0,87.0,550202306.0,96.0,4314.0,100.0,0.0,100.0,8.0,,,,,100.0,0.0,100.0,0.0,,,74.0,26.0,,,100.0,52.0,100.0,558.0,26.0,26.0,100.0,0.0,100.0,0.0,200.0,0.0,100.0,4231.0,100.0,36570241216.0,100.0,22309655838.0
2019-06-16,ZJV2ESNS,ST12000NM0007,12000138625024,0,71.0,11681480.0,89.0,0.0,100.0,8.0,100.0,0.0,87.0,552242694.0,96.0,4330.0,100.0,0.0,100.0,8.0,,,,,100.0,0.0,100.0,0.0,,,74.0,26.0,,,100.0,52.0,100.0,558.0,26.0,26.0,100.0,0.0,100.0,0.0,200.0,0.0,100.0,4247.0,100.0,36627182840.0,100.0,22466588918.0
2019-06-17,ZJV2ESNS,ST12000NM0007,12000138625024,0,76.0,43969080.0,89.0,0.0,100.0,8.0,100.0,0.0,87.0,558822209.0,96.0,4361.0,100.0,0.0,100.0,8.0,,,,,100.0,0.0,100.0,0.0,,,74.0,26.0,,,100.0,53.0,100.0,560.0,26.0,26.0,100.0,0.0,100.0,0.0,200.0,0.0,100.0,4278.0,100.0,36771089896.0,100.0,22843250806.0
2019-06-18,ZJV2ESNS,ST12000NM0007,12000138625024,0,83.0,203371176.0,89.0,0.0,100.0,8.0,100.0,0.0,87.0,560309735.0,96.0,4377.0,100.0,0.0,100.0,8.0,,,,,100.0,0.0,100.0,0.0,,,74.0,26.0,,,100.0,53.0,100.0,560.0,26.0,26.0,100.0,0.0,100.0,0.0,200.0,0.0,100.0,4294.0,100.0,36804908400.0,100.0,22968834398.0
2019-06-19,ZJV2ESNS,ST12000NM0007,12000138625024,0,79.0,86548504.0,89.0,0.0,100.0,8.0,100.0,0.0,88.0,564840029.0,95.0,4409.0,100.0,0.0,100.0,8.0,,,,,100.0,0.0,100.0,0.0,,,74.0,26.0,,,100.0,53.0,100.0,562.0,26.0,26.0,100.0,0.0,100.0,0.0,200.0,0.0,100.0,4326.0,100.0,36960264752.0,100.0,23184936742.0
2019-06-20,ZJV2ESNS,ST12000NM0007,12000138625024,0,82.0,165481496.0,89.0,0.0,100.0,8.0,100.0,0.0,88.0,568840205.0,95.0,4440.0,100.0,0.0,100.0,8.0,,,,,100.0,0.0,100.0,0.0,,,74.0,26.0,,,100.0,54.0,100.0,563.0,26.0,26.0,100.0,0.0,100.0,0.0,200.0,0.0,100.0,4357.0,100.0,37073444656.0,100.0,23394830694.0
2019-06-21,ZJV2ESNS,ST12000NM0007,12000138625024,0,76.0,43384832.0,89.0,0.0,100.0,8.0,100.0,0.0,88.0,570303916.0,95.0,4456.0,100.0,0.0,100.0,8.0,,,,,100.0,0.0,100.0,0.0,,,74.0,26.0,,,100.0,54.0,100.0,564.0,26.0,26.0,100.0,0.0,100.0,0.0,200.0,0.0,100.0,4373.0,100.0,37121151248.0,100.0,23469168838.0
2019-06-22,ZJV2ESNS,ST12000NM0007,12000138625024,0,75.0,34147504.0,89.0,0.0,100.0,8.0,100.0,0.0,88.0,573348265.0,95.0,4488.0,100.0,0.0,100.0,8.0,,,,,100.0,0.0,100.0,0.0,,,74.0,26.0,,,100.0,55.0,100.0,565.0,26.0,26.0,100.0,0.0,100.0,0.0,200.0,0.0,100.0,4405.0,100.0,37208570360.0,100.0,23616653230.0
2019-06-23,ZJV2ESNS,ST12000NM0007,12000138625024,0,82.0,165812136.0,89.0,0.0,100.0,8.0,100.0,0.0,88.0,574768657.0,95.0,4504.0,100.0,0.0,100.0,8.0,,,,,100.0,0.0,100.0,0.0,,,74.0,26.0,,,100.0,55.0,100.0,566.0,26.0,26.0,100.0,0.0,100.0,0.0,200.0,0.0,100.0,4420.0,100.0,37249903024.0,100.0,23706985198.0
2019-06-24,ZJV2ESNS,ST12000NM0007,12000138625024,0,81.0,135739984.0,89.0,0.0,100.0,8.0,100.0,0.0,88.0,581594242.0,95.0,4536.0,100.0,0.0,100.0,8.0,,,,,100.0,0.0,100.0,0.0,,,73.0,27.0,,,100.0,55.0,100.0,567.0,27.0,27.0,100.0,0.0,100.0,0.0,200.0,0.0,100.0,4452.0,100.0,37403541888.0,100.0,24011555862.0
2019-06-25,ZJV2ESNS,ST12000NM0007,12000138625024,0,77.0,55941528.0,89.0,0.0,100.0,8.0,100.0,0.0,88.0,583455603.0,95.0,4552.0,100.0,0.0,100.0,8.0,,,,,100.0,0.0,100.0,0.0,,,74.0,26.0,,,100.0,56.0,100.0,568.0,26.0,26.0,100.0,0.0,100.0,0.0,200.0,0.0,100.0,4468.0,100.0,37455606104.0,100.0,24123833862.0
2019-06-26,ZJV2ESNS,ST12000NM0007,12000138625024,0,83.0,209120152.0,89.0,0.0,100.0,8.0,100.0,0.0,88.0,589407571.0,95.0,4583.0,100.0,0.0,100.0,8.0,,,,,100.0,0.0,100.0,0.0,,,77.0,23.0,,,100.0,57.0,100.0,569.0,23.0,23.0,100.0,0.0,100.0,0.0,200.0,0.0,100.0,4500.0,100.0,37629835392.0,100.0,24346924102.0
2019-06-27,ZJV2ESNS,ST12000NM0007,12000138625024,0,83.0,190638216.0,89.0,0.0,100.0,8.0,100.0,0.0,88.0,591226855.0,95.0,4599.0,100.0,0.0,100.0,8.0,,,,,100.0,0.0,100.0,0.0,,,76.0,24.0,,,100.0,57.0,100.0,570.0,24.0,24.0,100.0,0.0,100.0,0.0,200.0,0.0,100.0,4515.0,100.0,37689597464.0,100.0,24512820766.0
2019-06-28,ZJV2ESNS,ST12000NM0007,12000138625024,0,82.0,151387304.0,89.0,0.0,100.0,8.0,100.0,0.0,88.0,594936486.0,95.0,4631.0,100.0,0.0,100.0,8.0,,,,,100.0,0.0,100.0,0.0,,,75.0,25.0,,,100.0,57.0,100.0,571.0,25.0,25.0,100.0,0.0,100.0,0.0,200.0,0.0,100.0,4547.0,100.0,37781929264.0,100.0,24869519422.0
2019-06-29,ZJV2ESNS,ST12000NM0007,12000138625024,0,80.0,95290832.0,89.0,0.0,100.0,8.0,100.0,0.0,88.0,598429683.0,95.0,4662.0,100.0,0.0,100.0,8.0,,,,,100.0,0.0,100.0,0.0,,,74.0,26.0,,,100.0,57.0,100.0,572.0,26.0,26.0,100.0,0.0,100.0,0.0,200.0,0.0,100.0,4578.0,100.0,37881317944.0,100.0,25202315838.0
2019-06-30,ZJV2ESNS,ST12000NM0007,12000138625024,0,79.0,76156448.0,89.0,0.0,100.0,8.0,100.0,0.0,88.0,600459695.0,95.0,4678.0,100.0,0.0,100.0,8.0,,,,,100.0,0.0,100.0,0.0,,,75.0,25.0,,,100.0,58.0,100.0,573.0,25.0,25.0,100.0,0.0,100.0,0.0,200.0,0.0,100.0,4594.0,100.0,37934100312.0,100.0,25374539718.0
2019-07-01,ZJV2ESNS,ST12000NM0007,12000138625024,0,83.0,199019592.0,89.0,0.0,100.0,8.0,100.0,0.0,88.0,607473194.0,95.0,4709.0,100.0,0.0,100.0,8.0,,,,,100.0,0.0,100.0,0.0,,,76.0,24.0,,,100.0,58.0,100.0,574.0,24.0,24.0,100.0,0.0,100.0,0.0,200.0,0.0,100.0,4625.0,100.0,38082171536.0,100.0,25837614054.0
2019-07-02,ZJV2ESNS,ST12000NM0007,12000138625024,0,81.0,128368664.0,89.0,0.0,100.0,8.0,100.0,0.0,88.0,609058970.0,95.0,4725.0,100.0,0.0,100.0,8.0,,,,,100.0,0.0,100.0,0.0,,,74.0,26.0,,,100.0,58.0,100.0,575.0,26.0,26.0,100.0,0.0,100.0,0.0,200.0,0.0,100.0,4641.0,100.0,38142223920.0,100.0,25951051430.0
2019-07-03,ZJV2ESNS,ST12000NM0007,12000138625024,0,82.0,161707888.0,89.0,0.0,100.0,8.0,100.0,0.0,88.0,615658416.0,95.0,4757.0,100.0,0.0,100.0,8.0,,,,,100.0,0.0,100.0,0.0,,,75.0,25.0,,,100.0,59.0,100.0,576.0,25.0,25.0,100.0,0.0,100.0,0.0,200.0,0.0,100.0,4672.0,100.0,38331525872.0,100.0,26283370110.0
2019-07-04,ZJV2ESNS,ST12000NM0007,12000138625024,0,80.0,106634368.0,89.0,0.0,100.0,8.0,100.0,0.0,88.0,617365130.0,95.0,4772.0,100.0,0.0,100.0,8.0,,,,,100.0,0.0,100.0,0.0,,,76.0,24.0,,,100.0,59.0,100.0,577.0,24.0,24.0,100.0,0.0,100.0,0.0,200.0,0.0,100.0,4688.0,100.0,38377564048.0,100.0,26426399110.0
2019-07-05,ZJV2ESNS,ST12000NM0007,12000138625024,0,75.0,29116288.0,89.0,0.0,100.0,8.0,100.0,0.0,88.0,620624776.0,95.0,4804.0,100.0,0.0,100.0,8.0,,,,,100.0,0.0,100.0,0.0,,,76.0,24.0,,,100.0,59.0,100.0,578.0,24.0,24.0,100.0,0.0,100.0,0.0,200.0,0.0,100.0,4720.0,100.0,38476506544.0,100.0,26738219822.0
2019-07-06,ZJV2ESNS,ST12000NM0007,12000138625024,0,83.0,216960136.0,89.0,0.0,100.0,8.0,100.0,0.0,88.0,622233258.0,95.0,4820.0,100.0,0.0,100.0,8.0,,,,,100.0,0.0,100.0,0.0,,,75.0,25.0,,,100.0,60.0,100.0,579.0,25.0,25.0,100.0,0.0,100.0,0.0,200.0,0.0,100.0,4735.0,100.0,38520127120.0,100.0,26882443094.0
2019-07-07,ZJV2ESNS,ST12000NM0007,12000138625024,0,78.0,69265096.0,89.0,0.0,100.0,8.0,100.0,0.0,88.0,627066493.0,95.0,4851.0,100.0,0.0,100.0,8.0,,,,,100.0,0.0,100.0,0.0,,,77.0,23.0,,,100.0,60.0,100.0,580.0,23.0,23.0,100.0,0.0,100.0,0.0,200.0,0.0,100.0,4766.0,100.0,38667431344.0,100.0,27319866006.0
2019-07-08,ZJV2ESNS,ST12000NM0007,12000138625024,0,80.0,109207224.0,89.0,0.0,100.0,8.0,100.0,0.0,88.0,631498185.0,95.0,4867.0,100.0,0.0,100.0,8.0,,,,,100.0,0.0,100.0,0.0,,,75.0,25.0,,,100.0,60.0,100.0,581.0,25.0,25.0,100.0,0.0,100.0,0.0,200.0,0.0,100.0,4782.0,100.0,38753191016.0,100.0,27518189510.0
2019-07-09,ZJV2ESNS,ST12000NM0007,12000138625024,0,76.0,39533344.0,89.0,0.0,100.0,8.0,100.0,0.0,88.0,635537149.0,95.0,4899.0,100.0,0.0,100.0,8.0,,,,,100.0,0.0,100.0,0.0,,,75.0,25.0,,,100.0,60.0,100.0,582.0,25.0,25.0,100.0,0.0,100.0,0.0,200.0,0.0,100.0,4814.0,100.0,38870500736.0,100.0,27819487622.0
2019-07-10,ZJV2ESNS,ST12000NM0007,12000138625024,0,74.0,27632808.0,89.0,0.0,100.0,8.0,100.0,0.0,88.0,638137072.0,95.0,4915.0,100.0,0.0,100.0,8.0,,,,,100.0,0.0,100.0,0.0,,,75.0,25.0,,,100.0,60.0,100.0,583.0,25.0,25.0,100.0,0.0,100.0,0.0,200.0,0.0,100.0,4829.0,100.0,38977682912.0,100.0,27944545542.0
2019-07-11,ZJV2ESNS,ST12000NM0007,12000138625024,0,77.0,47747360.0,89.0,0.0,100.0,8.0,100.0,0.0,88.0,643056717.0,95.0,4946.0,100.0,0.0,100.0,8.0,,,,,100.0,0.0,100.0,0.0,,,75.0,25.0,,,100.0,60.0,100.0,584.0,25.0,25.0,100.0,0.0,100.0,0.0,200.0,0.0,100.0,4861.0,100.0,39098268056.0,100.0,28332356630.0
2019-07-12,ZJV2ESNS,ST12000NM0007,12000138625024,0,84.0,233541128.0,89.0,0.0,100.0,8.0,100.0,0.0,88.0,644793915.0,95.0,4962.0,100.0,0.0,100.0,8.0,,,,,100.0,0.0,100.0,0.0,,,75.0,25.0,,,100.0,60.0,100.0,585.0,25.0,25.0,100.0,0.0,100.0,0.0,200.0,0.0,100.0,4876.0,100.0,39151708872.0,100.0,28464709582.0
2019-07-13,ZJV2ESNS,ST12000NM0007,12000138625024,0,74.0,22998152.0,89.0,0.0,100.0,8.0,100.0,0.0,88.0,649081329.0,95.0,4993.0,100.0,0.0,100.0,8.0,,,,,100.0,0.0,100.0,0.0,,,76.0,24.0,,,100.0,60.0,100.0,586.0,24.0,24.0,100.0,0.0,100.0,0.0,200.0,0.0,100.0,4908.0,100.0,39285146512.0,100.0,28853151038.0
2019-07-14,ZJV2ESNS,ST12000NM0007,12000138625024,0,72.0,15193056.0,89.0,0.0,100.0,8.0,100.0,0.0,88.0,651294892.0,95.0,5009.0,100.0,0.0,100.0,8.0,,,,,100.0,0.0,100.0,0.0,,,76.0,24.0,,,100.0,60.0,100.0,587.0,24.0,24.0,100.0,0.0,100.0,0.0,200.0,0.0,100.0,4923.0,100.0,39333812168.0,100.0,29040820982.0
2019-07-15,ZJV2ESNS,ST12000NM0007,12000138625024,0,82.0,169160032.0,89.0,0.0,100.0,8.0,100.0,0.0,88.0,657654500.0,95.0,5040.0,100.0,0.0,100.0,8.0,,,,,100.0,0.0,100.0,0.0,,,75.0,25.0,,,100.0,60.0,100.0,588.0,25.0,25.0,100.0,0.0,100.0,0.0,200.0,0.0,100.0,4955.0,100.0,39527953440.0,100.0,29488928310.0
2019-07-16,ZJV2ESNS,ST12000NM0007,12000138625024,0,76.0,36194648.0,89.0,0.0,100.0,8.0,100.0,0.0,88.0,660991727.0,95.0,5056.0,100.0,0.0,100.0,8.0,,,,,100.0,0.0,100.0,0.0,,,75.0,25.0,,,100.0,60.0,100.0,589.0,25.0,25.0,100.0,0.0,100.0,0.0,200.0,0.0,100.0,4970.0,100.0,39600247280.0,100.0,29771950446.0
2019-07-17,ZJV2ESNS,ST12000NM0007,12000138625024,0,83.0,210131400.0,89.0,0.0,100.0,8.0,100.0,0.0,88.0,665961630.0,95.0,5088.0,100.0,0.0,100.0,8.0,,,,,100.0,0.0,100.0,0.0,,,77.0,23.0,,,100.0,61.0,100.0,590.0,23.0,23.0,100.0,0.0,100.0,0.0,200.0,0.0,100.0,5002.0,100.0,39740183656.0,100.0,30050091758.0
2019-07-18,ZJV2ESNS,ST12000NM0007,12000138625024,0,83.0,191125312.0,89.0,0.0,100.0,8.0,100.0,0.0,88.0,667962906.0,95.0,5104.0,100.0,0.0,100.0,8.0,,,,,100.0,0.0,100.0,0.0,,,75.0,25.0,,,100.0,61.0,100.0,590.0,25.0,25.0,100.0,0.0,100.0,0.0,200.0,0.0,100.0,5017.0,100.0,39795940704.0,100.0,30219469486.0
2019-07-19,ZJV2ESNS,ST12000NM0007,12000138625024,0,82.0,143339560.0,89.0,0.0,100.0,8.0,100.0,0.0,88.0,672246061.0,95.0,5135.0,100.0,0.0,100.0,8.0,,,,,100.0,0.0,100.0,0.0,,,75.0,25.0,,,100.0,62.0,100.0,592.0,25.0,25.0,100.0,0.0,100.0,0.0,200.0,0.0,100.0,5049.0,100.0,39939231192.0,100.0,30516674670.0
2019-07-20,ZJV2ESNS,ST12000NM0007,12000138625024,0,83.0,184330000.0,89.0,0.0,100.0,8.0,100.0,0.0,88.0,674787751.0,95.0,5151.0,100.0,0.0,100.0,8.0,,,,,100.0,0.0,100.0,0.0,,,76.0,24.0,,,100.0,62.0,100.0,592.0,24.0,24.0,100.0,0.0,100.0,0.0,200.0,0.0,100.0,5065.0,100.0,39996034832.0,100.0,30745002174.0
2019-07-21,ZJV2ESNS,ST12000NM0007,12000138625024,0,81.0,137256656.0,89.0,0.0,100.0,8.0,100.0,0.0,88.0,679109844.0,95.0,5183.0,100.0,0.0,100.0,8.0,,,,,100.0,0.0,100.0,0.0,,,74.0,26.0,,,100.0,63.0,100.0,594.0,26.0,26.0,100.0,0.0,100.0,0.0,200.0,0.0,100.0,5096.0,100.0,40130514976.0,100.0,31051730054.0
2019-07-22,ZJV2ESNS,ST12000NM0007,12000138625024,0,83.0,202248352.0,89.0,0.0,100.0,8.0,100.0,0.0,88.0,683895554.0,95.0,5198.0,100.0,0.0,100.0,8.0,,,,,100.0,0.0,100.0,0.0,,,75.0,25.0,,,100.0,63.0,100.0,594.0,25.0,25.0,100.0,0.0,100.0,0.0,200.0,0.0,100.0,5112.0,100.0,40215834376.0,100.0,31275542982.0
2019-07-23,ZJV2ESNS,ST12000NM0007,12000138625024,0,84.0,234391016.0,89.0,0.0,100.0,8.0,100.0,0.0,88.0,688095299.0,95.0,5230.0,100.0,0.0,100.0,8.0,,,,,100.0,0.0,100.0,0.0,,,75.0,25.0,,,100.0,63.0,100.0,596.0,25.0,25.0,100.0,0.0,100.0,0.0,200.0,0.0,100.0,5144.0,100.0,40304162504.0,100.0,31707639038.0
2019-07-24,ZJV2ESNS,ST12000NM0007,12000138625024,0,100.0,1671368.0,89.0,0.0,100.0,8.0,100.0,0.0,88.0,690800657.0,95.0,5246.0,100.0,0.0,100.0,8.0,,,,,100.0,0.0,100.0,0.0,,,74.0,26.0,,,100.0,63.0,100.0,596.0,26.0,26.0,100.0,0.0,100.0,0.0,200.0,0.0,100.0,5159.0,100.0,40390454704.0,100.0,31876908590.0
2019-07-25,ZJV2ESNS,ST12000NM0007,12000138625024,0,81.0,135643064.0,89.0,0.0,100.0,8.0,100.0,0.0,88.0,697775758.0,94.0,5278.0,100.0,0.0,100.0,8.0,,,,,100.0,0.0,100.0,0.0,,,76.0,24.0,,,100.0,64.0,100.0,598.0,24.0,24.0,100.0,0.0,100.0,0.0,200.0,0.0,100.0,5191.0,100.0,40536924512.0,100.0,32108551310.0
2019-07-26,ZJV2ESNS,ST12000NM0007,12000138625024,0,81.0,130988168.0,89.0,0.0,100.0,8.0,100.0,0.0,88.0,700332451.0,94.0,5294.0,100.0,0.0,100.0,8.0,,,,,100.0,0.0,100.0,0.0,,,75.0,25.0,,,100.0,64.0,100.0,598.0,25.0,25.0,100.0,0.0,100.0,0.0,200.0,0.0,100.0,5207.0,100.0,40607546816.0,100.0,32277414942.0
2019-07-27,ZJV2ESNS,ST12000NM0007,12000138625024,0,79.0,77671200.0,89.0,0.0,100.0,8.0,100.0,0.0,88.0,704118379.0,94.0,5325.0,100.0,0.0,100.0,8.0,,,,,100.0,0.0,100.0,0.0,,,75.0,25.0,,,100.0,65.0,100.0,600.0,25.0,25.0,100.0,0.0,100.0,0.0,200.0,0.0,100.0,5238.0,100.0,40721832856.0,100.0,32598093454.0
2019-07-28,ZJV2ESNS,ST12000NM0007,12000138625024,0,78.0,66714400.0,89.0,0.0,100.0,8.0,100.0,0.0,88.0,705970271.0,94.0,5341.0,100.0,0.0,100.0,8.0,,,,,100.0,0.0,100.0,0.0,,,75.0,25.0,,,100.0,65.0,100.0,600.0,25.0,25.0,100.0,0.0,100.0,0.0,200.0,0.0,100.0,5254.0,100.0,40774192752.0,100.0,32778917598.0
2019-07-29,ZJV2ESNS,ST12000NM0007,12000138625024,0,82.0,158592984.0,89.0,0.0,100.0,8.0,100.0,0.0,89.0,712951125.0,94.0,5372.0,100.0,0.0,100.0,8.0,,,,,100.0,0.0,100.0,0.0,,,76.0,24.0,,,100.0,65.0,100.0,602.0,24.0,24.0,100.0,0.0,100.0,0.0,200.0,0.0,100.0,5285.0,100.0,40931970160.0,100.0,33201300126.0
2019-07-30,ZJV2ESNS,ST12000NM0007,12000138625024,0,81.0,126335104.0,89.0,0.0,100.0,8.0,100.0,0.0,89.0,714872774.0,94.0,5388.0,100.0,0.0,100.0,8.0,,,,,100.0,0.0,100.0,0.0,,,75.0,25.0,,,100.0,65.0,100.0,602.0,25.0,25.0,100.0,0.0,100.0,0.0,200.0,0.0,100.0,5301.0,100.0,40978361896.0,100.0,33366791286.0
2019-07-31,ZJV2ESNS,ST12000NM0007,12000138625024,0,81.0,127901472.0,89.0,0.0,100.0,8.0,100.0,0.0,89.0,720914734.0,94.0,5420.0,100.0,0.0,100.0,8.0,,,,,100.0,0.0,100.0,0.0,,,74.0,26.0,,,100.0,67.0,100.0,604.0,26.0,26.0,100.0,0.0,100.0,0.0,200.0,0.0,100.0,5332.0,100.0,41151053464.0,100.0,33683947358.0
2019-08-01,ZJV2ESNS,ST12000NM0007,12000138625024,0,79.0,78375064.0,89.0,0.0,100.0,8.0,100.0,0.0,89.0,723527730.0,94.0,5436.0,100.0,0.0,100.0,8.0,,,,,100.0,0.0,100.0,0.0,,,77.0,23.0,,,100.0,67.0,100.0,604.0,23.0,23.0,100.0,0.0,100.0,0.0,200.0,0.0,100.0,5348.0,100.0,41193460048.0,100.0,33836155094.0
2019-08-02,ZJV2ESNS,ST12000NM0007,12000138625024,0,73.0,18767296.0,89.0,0.0,100.0,8.0,100.0,0.0,89.0,727071932.0,94.0,5467.0,100.0,0.0,100.0,8.0,,,,,100.0,0.0,100.0,0.0,,,77.0,23.0,,,100.0,67.0,100.0,605.0,23.0,23.0,100.0,0.0,100.0,0.0,200.0,0.0,100.0,5379.0,100.0,41293354696.0,100.0,34164934086.0
2019-08-03,ZJV2ESNS,ST12000NM0007,12000138625024,0,84.0,237048536.0,89.0,0.0,100.0,8.0,100.0,0.0,89.0,728866598.0,94.0,5483.0,100.0,0.0,100.0,8.0,,,,,100.0,0.0,100.0,0.0,,,75.0,25.0,,,100.0,67.0,100.0,606.0,25.0,25.0,100.0,0.0,100.0,0.0,200.0,0.0,100.0,5395.0,100.0,41339513120.0,100.0,34337056902.0
2019-08-04,ZJV2ESNS,ST12000NM0007,12000138625024,0,73.0,20729184.0,89.0,0.0,100.0,8.0,100.0,0.0,89.0,733137415.0,94.0,5515.0,100.0,0.0,100.0,8.0,,,,,100.0,0.0,100.0,0.0,,,75.0,25.0,,,100.0,67.0,100.0,608.0,25.0,25.0,100.0,0.0,100.0,0.0,200.0,0.0,100.0,5427.0,100.0,41480471648.0,100.0,34712201422.0
2019-08-05,ZJV2ESNS,ST12000NM0007,12000138625024,0,82.0,163900576.0,89.0,0.0,100.0,8.0,100.0,0.0,89.0,737079335.0,94.0,5530.0,100.0,0.0,100.0,8.0,,,,,100.0,0.0,100.0,0.0,,,76.0,24.0,,,100.0,67.0,100.0,608.0,24.0,24.0,100.0,0.0,100.0,0.0,200.0,0.0,100.0,5442.0,100.0,41600809680.0,100.0,34979175630.0
2019-08-06,ZJV2ESNS,ST12000NM0007,12000138625024,0,83.0,221250104.0,89.0,0.0,100.0,8.0,100.0,0.0,89.0,742998685.0,94.0,5562.0,100.0,0.0,100.0,8.0,,,,,100.0,0.0,100.0,0.0,,,77.0,23.0,,,100.0,68.0,100.0,609.0,23.0,23.0,100.0,0.0,100.0,0.0,200.0,0.0,100.0,5474.0,100.0,41747198088.0,100.0,35378418366.0
2019-08-07,ZJV2ESNS,ST12000NM0007,12000138625024,0,83.0,219985384.0,89.0,0.0,100.0,8.0,100.0,0.0,89.0,748448641.0,94.0,5594.0,100.0,0.0,100.0,8.0,,,,,100.0,0.0,100.0,0.0,,,77.0,23.0,,,100.0,69.0,100.0,611.0,23.0,23.0,100.0,0.0,100.0,0.0,200.0,0.0,100.0,5506.0,100.0,41919870560.0,100.0,35692762518.0
2019-08-08,ZJV2ESNS,ST12000NM0007,12000138625024,0,83.0,217940776.0,89.0,0.0,100.0,8.0,100.0,0.0,89.0,750561301.0,94.0,5610.0,100.0,0.0,100.0,8.0,,,,,100.0,0.0,100.0,0.0,,,75.0,25.0,,,100.0,69.0,100.0,611.0,25.0,25.0,100.0,0.0,100.0,0.0,200.0,0.0,100.0,5521.0,100.0,41982814832.0,100.0,35871914270.0
2019-08-09,ZJV2ESNS,ST12000NM0007,12000138625024,0,83.0,180751408.0,89.0,0.0,100.0,8.0,100.0,0.0,89.0,755057779.0,94.0,5641.0,100.0,0.0,100.0,8.0,,,,,100.0,0.0,100.0,0.0,,,77.0,23.0,,,100.0,69.0,100.0,613.0,23.0,23.0,100.0,0.0,100.0,0.0,200.0,0.0,100.0,5553.0,100.0,42089958544.0,100.0,36215862614.0
2019-08-10,ZJV2ESNS,ST12000NM0007,12000138625024,0,82.0,146000264.0,89.0,0.0,100.0,8.0,100.0,0.0,89.0,757306099.0,94.0,5657.0,100.0,0.0,100.0,8.0,,,,,100.0,0.0,100.0,0.0,,,77.0,23.0,,,100.0,69.0,100.0,613.0,23.0,23.0,100.0,0.0,100.0,0.0,200.0,0.0,100.0,5568.0,100.0,42149200288.0,100.0,36366010526.0
2019-08-11,ZJV2ESNS,ST12000NM0007,12000138625024,0,82.0,161069664.0,89.0,0.0,100.0,8.0,100.0,0.0,89.0,761911866.0,94.0,5689.0,100.0,0.0,100.0,8.0,,,,,100.0,0.0,100.0,0.0,,,75.0,25.0,,,100.0,69.0,100.0,615.0,25.0,25.0,100.0,0.0,100.0,0.0,200.0,0.0,100.0,5600.0,100.0,42285292624.0,100.0,36733269086.0
2019-08-12,ZJV2ESNS,ST12000NM0007,12000138625024,0,100.0,1749752.0,89.0,0.0,100.0,8.0,100.0,0.0,89.0,767178113.0,94.0,5704.0,100.0,0.0,100.0,8.0,,,,,100.0,0.0,100.0,0.0,,,77.0,23.0,,,100.0,69.0,100.0,615.0,23.0,23.0,100.0,0.0,100.0,0.0,200.0,0.0,100.0,5616.0,100.0,42379313376.0,100.0,36968209686.0
2019-08-13,ZJV2ESNS,ST12000NM0007,12000138625024,0,83.0,191117400.0,89.0,0.0,100.0,8.0,100.0,0.0,89.0,771304988.0,94.0,5736.0,100.0,0.0,100.0,8.0,,,,,100.0,0.0,100.0,0.0,,,75.0,25.0,,,100.0,70.0,100.0,617.0,25.0,25.0,100.0,0.0,100.0,0.0,200.0,0.0,100.0,5647.0,100.0,42497198104.0,100.0,37283833350.0
2019-08-14,ZJV2ESNS,ST12000NM0007,12000138625024,0,83.0,182869464.0,89.0,0.0,100.0,8.0,100.0,0.0,89.0,774048387.0,94.0,5752.0,100.0,0.0,100.0,8.0,,,,,100.0,0.0,100.0,0.0,,,77.0,23.0,,,100.0,70.0,100.0,617.0,23.0,23.0,100.0,0.0,100.0,0.0,200.0,0.0,100.0,5663.0,100.0,42579100888.0,100.0,37437823318.0
2019-08-15,ZJV2ESNS,ST12000NM0007,12000138625024,0,82.0,162495176.0,89.0,0.0,100.0,8.0,100.0,0.0,89.0,780123346.0,94.0,5783.0,100.0,0.0,100.0,8.0,,,,,100.0,0.0,100.0,0.0,,,73.0,27.0,,,100.0,70.0,100.0,619.0,27.0,27.0,100.0,0.0,100.0,0.0,200.0,0.0,100.0,5694.0,100.0,42697367568.0,100.0,37787463710.0
2019-08-16,ZJV2ESNS,ST12000NM0007,12000138625024,0,82.0,171408728.0,89.0,0.0,100.0,8.0,100.0,0.0,89.0,782070771.0,94.0,5799.0,100.0,0.0,100.0,8.0,,,,,100.0,0.0,100.0,0.0,,,74.0,26.0,,,100.0,70.0,100.0,619.0,26.0,26.0,100.0,0.0,100.0,0.0,200.0,0.0,100.0,5710.0,100.0,42734817528.0,100.0,38003068174.0
2019-08-17,ZJV2ESNS,ST12000NM0007,12000138625024,0,82.0,148524848.0,89.0,0.0,100.0,8.0,100.0,0.0,89.0,785972685.0,94.0,5831.0,100.0,0.0,100.0,8.0,,,,,100.0,0.0,100.0,0.0,,,76.0,24.0,,,100.0,71.0,100.0,621.0,24.0,24.0,100.0,0.0,100.0,0.0,200.0,0.0,100.0,5741.0,100.0,42824810080.0,100.0,38378473054.0
2019-08-18,ZJV2ESNS,ST12000NM0007,12000138625024,0,80.0,95407984.0,89.0,0.0,100.0,8.0,100.0,0.0,89.0,787792622.0,94.0,5846.0,100.0,0.0,100.0,8.0,,,,,100.0,0.0,100.0,0.0,,,75.0,25.0,,,100.0,71.0,100.0,621.0,25.0,25.0,100.0,0.0,100.0,0.0,200.0,0.0,100.0,5757.0,100.0,42867125440.0,100.0,38527181494.0
2019-08-19,ZJV2ESNS,ST12000NM0007,12000138625024,0,83.0,200994688.0,89.0,0.0,100.0,8.0,100.0,0.0,89.0,795019596.0,94.0,5878.0,100.0,0.0,100.0,8.0,,,,,100.0,0.0,100.0,0.0,,,74.0,26.0,,,100.0,71.0,100.0,623.0,26.0,26.0,100.0,0.0,100.0,0.0,200.0,0.0,100.0,5788.0,100.0,43050427576.0,100.0,38937747390.0
2019-08-20,ZJV2ESNS,ST12000NM0007,12000138625024,0,69.0,7877088.0,89.0,0.0,100.0,8.0,100.0,0.0,89.0,797143209.0,94.0,5894.0,100.0,0.0,100.0,8.0,,,,,100.0,0.0,100.0,0.0,,,74.0,26.0,,,100.0,71.0,100.0,623.0,26.0,26.0,100.0,0.0,100.0,0.0,200.0,0.0,100.0,5804.0,100.0,43099162496.0,100.0,39184177486.0
2019-08-21,ZJV2ESNS,ST12000NM0007,12000138625024,0,83.0,183848240.0,89.0,0.0,100.0,8.0,100.0,0.0,89.0,802769257.0,94.0,5926.0,100.0,0.0,100.0,8.0,,,,,100.0,0.0,100.0,0.0,,,76.0,24.0,,,100.0,71.0,100.0,625.0,24.0,24.0,100.0,0.0,100.0,0.0,200.0,0.0,100.0,5836.0,100.0,43254339936.0,100.0,39449112006.0
2019-08-22,ZJV2ESNS,ST12000NM0007,12000138625024,0,84.0,233716360.0,89.0,0.0,100.0,8.0,100.0,0.0,89.0,807495799.0,94.0,5957.0,100.0,0.0,100.0,8.0,,,,,100.0,0.0,100.0,0.0,,,77.0,23.0,,,100.0,71.0,100.0,626.0,23.0,23.0,100.0,0.0,100.0,0.0,200.0,0.0,100.0,5867.0,100.0,43403747952.0,100.0,39837853574.0
2019-08-23,ZJV2ESNS,ST12000NM0007,12000138625024,0,74.0,23405128.0,89.0,0.0,100.0,8.0,100.0,0.0,89.0,809873850.0,94.0,5973.0,100.0,0.0,100.0,8.0,,,,,100.0,0.0,100.0,0.0,,,75.0,25.0,,,100.0,72.0,100.0,627.0,25.0,25.0,100.0,0.0,100.0,0.0,200.0,0.0,100.0,5883.0,100.0,43492273152.0,100.0,40027298478.0
2019-08-24,ZJV2ESNS,ST12000NM0007,12000138625024,0,76.0,39432032.0,89.0,0.0,100.0,8.0,100.0,0.0,89.0,814245025.0,94.0,6004.0,100.0,0.0,100.0,8.0,,,,,100.0,0.0,100.0,0.0,,,74.0,26.0,,,100.0,73.0,100.0,628.0,26.0,26.0,100.0,0.0,100.0,0.0,200.0,0.0,100.0,5914.0,100.0,43611515656.0,100.0,40412364374.0
2019-08-25,ZJV2ESNS,ST12000NM0007,12000138625024,0,76.0,37524080.0,89.0,0.0,100.0,8.0,100.0,0.0,89.0,816493608.0,94.0,6020.0,100.0,0.0,100.0,8.0,,,,,100.0,0.0,100.0,0.0,,,74.0,26.0,,,100.0,74.0,100.0,629.0,26.0,26.0,100.0,0.0,100.0,0.0,200.0,0.0,100.0,5930.0,100.0,43678876176.0,100.0,40587236606.0
2019-08-26,ZJV2ESNS,ST12000NM0007,12000138625024,0,81.0,113554432.0,89.0,0.0,100.0,8.0,100.0,0.0,89.0,826489496.0,94.0,6068.0,100.0,0.0,100.0,8.0,,,,,100.0,0.0,100.0,0.0,,,76.0,24.0,,,100.0,74.0,100.0,631.0,24.0,24.0,100.0,0.0,100.0,0.0,200.0,0.0,100.0,5977.0,100.0,43897958968.0,100.0,41176606422.0
2019-08-27,ZJV2ESNS,ST12000NM0007,12000138625024,0,81.0,113554432.0,89.0,0.0,100.0,8.0,100.0,0.0,89.0,826489496.0,94.0,6068.0,100.0,0.0,100.0,8.0,,,,,100.0,0.0,100.0,0.0,,,76.0,24.0,,,100.0,74.0,100.0,631.0,24.0,24.0,100.0,0.0,100.0,0.0,200.0,0.0,100.0,5977.0,100.0,43897958968.0,100.0,41176606422.0
2019-08-28,ZJV2ESNS,ST12000NM0007,12000138625024,0,81.0,119790848.0,89.0,0.0,100.0,8.0,100.0,0.0,89.0,832969993.0,94.0,6099.0,100.0,0.0,100.0,8.0,,,,,100.0,0.0,100.0,0.0,,,76.0,24.0,,,100.0,75.0,100.0,632.0,24.0,24.0,100.0,0.0,100.0,0.0,200.0,0.0,100.0,6008.0,100.0,44091972224.0,100.0,41477111094.0
2019-08-29,ZJV2ESNS,ST12000NM0007,12000138625024,0,80.0,97267320.0,89.0,0.0,100.0,9.0,100.0,0.0,89.0,835928176.0,94.0,6116.0,100.0,0.0,100.0,9.0,,,,,100.0,0.0,100.0,0.0,,,72.0,28.0,,,100.0,75.0,100.0,639.0,28.0,28.0,100.0,0.0,100.0,0.0,200.0,0.0,100.0,6024.0,100.0,44138119768.0,100.0,41896721618.0
2019-08-30,ZJV2ESNS,ST12000NM0007,12000138625024,0,80.0,108831056.0,89.0,0.0,100.0,9.0,100.0,0.0,89.0,841772098.0,93.0,6147.0,100.0,0.0,100.0,9.0,,,,,100.0,0.0,100.0,0.0,,,74.0,26.0,,,100.0,75.0,100.0,640.0,26.0,26.0,100.0,0.0,100.0,0.0,200.0,0.0,100.0,6056.0,100.0,44254892472.0,100.0,43012216874.0
2019-08-31,ZJV2ESNS,ST12000NM0007,12000138625024,0,78.0,62452104.0,89.0,0.0,100.0,9.0,100.0,0.0,89.0,844207897.0,93.0,6163.0,100.0,0.0,100.0,9.0,,,,,100.0,0.0,100.0,0.0,,,76.0,24.0,,,100.0,75.0,100.0,641.0,24.0,24.0,100.0,0.0,100.0,0.0,200.0,0.0,100.0,6071.0,100.0,44287396576.0,100.0,43421615282.0
2019-09-01,ZJV2ESNS,ST12000NM0007,12000138625024,0,82.0,168406984.0,89.0,0.0,100.0,9.0,100.0,0.0,89.0,850583320.0,93.0,6195.0,100.0,0.0,100.0,9.0,,,,,100.0,0.0,100.0,0.0,,,74.0,26.0,,,100.0,75.0,100.0,642.0,26.0,26.0,100.0,0.0,100.0,0.0,200.0,0.0,100.0,6103.0,100.0,44399278968.0,100.0,44392250698.0
2019-09-02,ZJV2ESNS,ST12000NM0007,12000138625024,0,82.0,175290152.0,89.0,0.0,100.0,9.0,100.0,0.0,89.0,854995085.0,93.0,6211.0,100.0,0.0,100.0,9.0,,,,,100.0,0.0,100.0,0.0,,,73.0,27.0,,,100.0,75.0,100.0,643.0,27.0,27.0,100.0,0.0,100.0,0.0,200.0,0.0,100.0,6119.0,100.0,44491974680.0,100.0,44794719522.0
2019-09-03,ZJV2ESNS,ST12000NM0007,12000138625024,0,80.0,112036120.0,89.0,0.0,100.0,9.0,100.0,0.0,89.0,861819719.0,93.0,6242.0,100.0,0.0,100.0,9.0,,,,,100.0,0.0,100.0,0.0,,,74.0,26.0,,,100.0,75.0,100.0,644.0,26.0,26.0,100.0,0.0,100.0,0.0,200.0,0.0,100.0,6150.0,100.0,44601823152.0,100.0,45598179714.0
2019-09-04,ZJV2ESNS,ST12000NM0007,12000138625024,0,83.0,198566608.0,89.0,0.0,100.0,9.0,100.0,0.0,89.0,864861973.0,93.0,6258.0,100.0,0.0,100.0,9.0,,,,,100.0,0.0,100.0,0.0,,,74.0,26.0,,,100.0,75.0,100.0,645.0,26.0,26.0,100.0,0.0,100.0,0.0,200.0,0.0,100.0,6166.0,100.0,44707389520.0,100.0,45823284482.0
2019-09-05,ZJV2ESNS,ST12000NM0007,12000138625024,0,82.0,173287136.0,89.0,0.0,100.0,9.0,100.0,0.0,89.0,871369623.0,93.0,6290.0,100.0,0.0,100.0,9.0,,,,,100.0,0.0,100.0,0.0,,,75.0,25.0,,,100.0,75.0,100.0,646.0,25.0,25.0,100.0,0.0,100.0,0.0,200.0,0.0,100.0,6197.0,100.0,44868978792.0,100.0,46124697274.0
2019-09-06,ZJV2ESNS,ST12000NM0007,12000138625024,0,82.0,168704976.0,89.0,0.0,100.0,9.0,100.0,0.0,89.0,874079389.0,93.0,6306.0,100.0,0.0,100.0,9.0,,,,,100.0,0.0,100.0,0.0,,,74.0,26.0,,,100.0,75.0,100.0,647.0,26.0,26.0,100.0,0.0,100.0,0.0,200.0,0.0,100.0,6213.0,100.0,44922749688.0,100.0,46554625922.0
2019-09-07,ZJV2ESNS,ST12000NM0007,12000138625024,0,81.0,118819040.0,89.0,0.0,100.0,9.0,100.0,0.0,89.0,880007025.0,93.0,6338.0,100.0,0.0,100.0,9.0,,,,,100.0,0.0,100.0,0.0,,,75.0,25.0,,,100.0,75.0,100.0,648.0,25.0,25.0,100.0,0.0,100.0,0.0,200.0,0.0,100.0,6245.0,100.0,45025317312.0,100.0,47378735146.0
2019-09-08,ZJV2ESNS,ST12000NM0007,12000138625024,0,75.0,32049024.0,89.0,0.0,100.0,9.0,100.0,0.0,89.0,882731812.0,93.0,6353.0,100.0,0.0,100.0,9.0,,,,,100.0,0.0,100.0,0.0,,,76.0,24.0,,,100.0,75.0,100.0,649.0,24.0,24.0,100.0,0.0,100.0,0.0,200.0,0.0,100.0,6261.0,100.0,45089132144.0,100.0,47716431666.0
2019-09-09,ZJV2ESNS,ST12000NM0007,12000138625024,0,82.0,164212320.0,89.0,0.0,100.0,9.0,100.0,0.0,90.0,891284300.0,93.0,6385.0,100.0,0.0,100.0,9.0,,,,,100.0,0.0,100.0,0.0,,,73.0,27.0,,,100.0,76.0,100.0,650.0,27.0,27.0,100.0,0.0,100.0,0.0,200.0,0.0,100.0,6292.0,100.0,45268425680.0,100.0,48645864178.0
2019-09-10,ZJV2ESNS,ST12000NM0007,12000138625024,0,83.0,211551776.0,89.0,0.0,100.0,9.0,100.0,0.0,90.0,895558976.0,93.0,6401.0,100.0,0.0,100.0,9.0,,,,,100.0,0.0,100.0,0.0,,,74.0,26.0,,,100.0,76.0,100.0,651.0,26.0,26.0,100.0,0.0,100.0,0.0,200.0,0.0,100.0,6308.0,100.0,45345417656.0,100.0,49104493002.0
2019-09-11,ZJV2ESNS,ST12000NM0007,12000138625024,0,80.0,91063736.0,89.0,0.0,100.0,9.0,100.0,0.0,90.0,901762829.0,93.0,6432.0,100.0,0.0,100.0,9.0,,,,,100.0,0.0,100.0,0.0,,,76.0,24.0,,,100.0,77.0,100.0,652.0,24.0,24.0,100.0,0.0,100.0,0.0,200.0,0.0,100.0,6339.0,100.0,45486464456.0,100.0,49575380234.0
2019-09-12,ZJV2ESNS,ST12000NM0007,12000138625024,0,77.0,50061504.0,89.0,0.0,100.0,9.0,100.0,0.0,90.0,904458970.0,93.0,6448.0,100.0,0.0,100.0,9.0,,,,,100.0,0.0,100.0,0.0,,,76.0,24.0,,,100.0,77.0,100.0,653.0,24.0,24.0,100.0,0.0,100.0,0.0,200.0,0.0,100.0,6355.0,100.0,45538743288.0,100.0,49970380634.0
2019-09-13,ZJV2ESNS,ST12000NM0007,12000138625024,0,84.0,226842712.0,89.0,0.0,100.0,9.0,100.0,0.0,90.0,910618958.0,93.0,6480.0,100.0,0.0,100.0,9.0,,,,,100.0,0.0,100.0,0.0,,,75.0,25.0,,,100.0,77.0,100.0,654.0,25.0,25.0,100.0,0.0,100.0,0.0,200.0,0.0,100.0,6387.0,100.0,45653932176.0,100.0,50764394922.0
2019-09-14,ZJV2ESNS,ST12000NM0007,12000138625024,0,75.0,28904008.0,89.0,0.0,100.0,9.0,100.0,0.0,90.0,913999829.0,93.0,6496.0,100.0,0.0,100.0,9.0,,,,,100.0,0.0,100.0,0.0,,,73.0,27.0,,,100.0,78.0,100.0,655.0,27.0,27.0,100.0,0.0,100.0,0.0,200.0,0.0,100.0,6403.0,100.0,45698039176.0,100.0,51254771650.0
2019-09-15,ZJV2ESNS,ST12000NM0007,12000138625024,0,84.0,229287136.0,89.0,0.0,100.0,9.0,100.0,0.0,90.0,920557845.0,93.0,6527.0,100.0,0.0,100.0,9.0,,,,,100.0,0.0,100.0,0.0,,,75.0,25.0,,,100.0,78.0,100.0,656.0,25.0,25.0,100.0,0.0,100.0,0.0,200.0,0.0,100.0,6434.0,100.0,45823376368.0,100.0,52062239570.0
2019-09-16,ZJV2ESNS,ST12000NM0007,12000138625024,0,79.0,87521240.0,89.0,0.0,100.0,9.0,100.0,0.0,90.0,925097191.0,93.0,6543.0,100.0,0.0,100.0,9.0,,,,,100.0,0.0,100.0,0.0,,,74.0,26.0,,,100.0,78.0,100.0,656.0,26.0,26.0,100.0,0.0,100.0,0.0,200.0,0.0,100.0,6450.0,100.0,45911354712.0,100.0,52564917346.0
2019-09-17,ZJV2ESNS,ST12000NM0007,12000138625024,0,80.0,99637480.0,89.0,0.0,100.0,9.0,100.0,0.0,90.0,932795628.0,93.0,6575.0,100.0,0.0,100.0,9.0,,,,,100.0,0.0,100.0,0.0,,,76.0,24.0,,,100.0,79.0,100.0,658.0,24.0,24.0,100.0,0.0,100.0,0.0,200.0,0.0,100.0,6482.0,100.0,46056024176.0,100.0,53164786746.0
2019-09-18,ZJV2ESNS,ST12000NM0007,12000138625024,0,79.0,80652352.0,89.0,0.0,100.0,9.0,100.0,0.0,90.0,939325362.0,93.0,6606.0,100.0,0.0,100.0,9.0,,,,,100.0,0.0,100.0,0.0,,,76.0,24.0,,,100.0,79.0,100.0,659.0,24.0,24.0,100.0,0.0,100.0,0.0,200.0,0.0,100.0,6513.0,100.0,46226985840.0,100.0,53463121602.0
2019-09-19,ZJV2ESNS,ST12000NM0007,12000138625024,0,68.0,5994944.0,89.0,0.0,100.0,9.0,100.0,0.0,90.0,941623895.0,93.0,6622.0,100.0,0.0,100.0,9.0,,,,,100.0,0.0,100.0,0.0,,,76.0,24.0,,,100.0,79.0,100.0,660.0,24.0,24.0,100.0,0.0,100.0,0.0,200.0,0.0,100.0,6529.0,100.0,46284350832.0,100.0,53575239842.0
2019-09-20,ZJV2ESNS,ST12000NM0007,12000138625024,0,83.0,187502912.0,89.0,0.0,100.0,9.0,100.0,0.0,90.0,946407964.0,93.0,6654.0,100.0,0.0,100.0,9.0,,,,,100.0,0.0,100.0,0.0,,,77.0,23.0,,,100.0,79.0,100.0,661.0,23.0,23.0,100.0,0.0,100.0,0.0,200.0,0.0,100.0,6561.0,100.0,46410957584.0,100.0,53874281874.0
2019-09-21,ZJV2ESNS,ST12000NM0007,12000138625024,0,82.0,169312360.0,89.0,0.0,100.0,9.0,100.0,0.0,90.0,948906515.0,93.0,6670.0,100.0,0.0,100.0,9.0,,,,,100.0,0.0,100.0,0.0,,,78.0,22.0,,,100.0,79.0,100.0,662.0,22.0,22.0,100.0,0.0,100.0,0.0,200.0,0.0,100.0,6576.0,100.0,46466986320.0,100.0,54044203234.0
2019-09-22,ZJV2ESNS,ST12000NM0007,12000138625024,0,72.0,15199744.0,89.0,0.0,100.0,9.0,100.0,0.0,90.0,954840156.0,93.0,6701.0,100.0,0.0,100.0,9.0,,,,,100.0,0.0,100.0,0.0,,,78.0,22.0,,,100.0,79.0,100.0,663.0,22.0,22.0,100.0,0.0,100.0,0.0,200.0,0.0,100.0,6608.0,100.0,46654162088.0,100.0,54435336890.0
2019-09-23,ZJV2ESNS,ST12000NM0007,12000138625024,0,74.0,22530592.0,89.0,0.0,100.0,9.0,100.0,0.0,90.0,959414180.0,93.0,6717.0,100.0,0.0,100.0,9.0,,,,,100.0,0.0,100.0,0.0,,,78.0,22.0,,,100.0,79.0,100.0,664.0,22.0,22.0,100.0,0.0,100.0,0.0,200.0,0.0,100.0,6624.0,100.0,46708931184.0,100.0,54632039346.0
2019-09-24,ZJV2ESNS,ST12000NM0007,12000138625024,0,83.0,220040984.0,89.0,0.0,100.0,9.0,100.0,0.0,90.0,963365822.0,93.0,6749.0,100.0,0.0,100.0,9.0,,,,,100.0,0.0,100.0,0.0,,,77.0,23.0,,,100.0,79.0,100.0,665.0,23.0,23.0,100.0,0.0,100.0,0.0,200.0,0.0,100.0,6656.0,100.0,46811893944.0,100.0,54970727634.0
2019-09-25,ZJV2ESNS,ST12000NM0007,12000138625024,0,83.0,221631904.0,89.0,0.0,100.0,9.0,100.0,0.0,90.0,967043126.0,93.0,6765.0,100.0,0.0,100.0,9.0,,,,,100.0,0.0,100.0,0.0,,,77.0,23.0,,,100.0,79.0,100.0,666.0,23.0,23.0,100.0,0.0,100.0,0.0,200.0,0.0,100.0,6671.0,100.0,46919164048.0,100.0,55109189106.0
2019-09-26,ZJV2ESNS,ST12000NM0007,12000138625024,0,83.0,215845400.0,89.0,0.0,100.0,9.0,100.0,0.0,90.0,971905533.0,93.0,6797.0,100.0,0.0,100.0,9.0,,,,,100.0,0.0,100.0,0.0,,,78.0,22.0,,,100.0,80.0,100.0,667.0,22.0,22.0,100.0,0.0,100.0,0.0,200.0,0.0,100.0,6703.0,100.0,47015490304.0,100.0,55495357754.0
2019-09-27,ZJV2ESNS,ST12000NM0007,12000138625024,0,81.0,118025464.0,89.0,0.0,100.0,9.0,100.0,0.0,90.0,973531199.0,93.0,6813.0,100.0,0.0,100.0,9.0,,,,,100.0,0.0,100.0,0.0,,,77.0,23.0,,,100.0,80.0,100.0,668.0,23.0,23.0,100.0,0.0,100.0,0.0,200.0,0.0,100.0,6719.0,100.0,47050711072.0,100.0,55606457778.0
2019-09-28,ZJV2ESNS,ST12000NM0007,12000138625024,0,78.0,56616896.0,89.0,0.0,100.0,9.0,100.0,0.0,90.0,977655116.0,93.0,6844.0,100.0,0.0,100.0,9.0,,,,,100.0,0.0,100.0,0.0,,,76.0,24.0,,,100.0,80.0,100.0,669.0,24.0,24.0,100.0,0.0,100.0,0.0,200.0,0.0,100.0,6751.0,100.0,47170776912.0,100.0,55913264706.0
2019-09-29,ZJV2ESNS,ST12000NM0007,12000138625024,0,73.0,19350352.0,89.0,0.0,100.0,9.0,100.0,0.0,90.0,979710431.0,93.0,6860.0,100.0,0.0,100.0,9.0,,,,,100.0,0.0,100.0,0.0,,,77.0,23.0,,,100.0,80.0,100.0,670.0,23.0,23.0,100.0,0.0,100.0,0.0,200.0,0.0,100.0,6766.0,100.0,47234123800.0,100.0,56056791954.0
2019-09-30,ZJV2ESNS,ST12000NM0007,12000138625024,0,81.0,119237672.0,89.0,0.0,100.0,9.0,100.0,0.0,90.0,987267428.0,93.0,6892.0,100.0,0.0,100.0,9.0,,,,,100.0,0.0,100.0,0.0,,,75.0,25.0,,,100.0,80.0,100.0,671.0,25.0,25.0,100.0,0.0,100.0,0.0,200.0,0.0,100.0,6798.0,100.0,47388156800.0,100.0,56490927770.0
2019-10-01,ZJV2ESNS,ST12000NM0007,12000138625024,0,79.0,75531016.0,89.0,0.0,100.0,9.0,100.0,0.0,90.0,989683860.0,93.0,6908.0,100.0,0.0,100.0,9.0,,,,,100.0,0.0,100.0,0.0,,,76.0,24.0,,,100.0,81.0,100.0,672.0,24.0,24.0,100.0,0.0,100.0,0.0,200.0,0.0,100.0,6814.0,100.0,47450065304.0,100.0,56629453346.0
2019-10-02,ZJV2ESNS,ST12000NM0007,12000138625024,0,78.0,63539016.0,89.0,0.0,100.0,9.0,100.0,0.0,90.0,996050380.0,93.0,6939.0,100.0,0.0,100.0,9.0,,,,,100.0,0.0,100.0,0.0,,,78.0,22.0,,,100.0,82.0,100.0,674.0,22.0,22.0,100.0,0.0,100.0,0.0,200.0,0.0,100.0,6845.0,100.0,47624243808.0,100.0,56931564226.0
2019-10-03,ZJV2ESNS,ST12000NM0007,12000138625024,0,79.0,73252960.0,89.0,0.0,100.0,9.0,100.0,0.0,90.0,998690453.0,93.0,6955.0,100.0,0.0,100.0,9.0,,,,,100.0,0.0,100.0,0.0,,,79.0,21.0,,,100.0,82.0,100.0,674.0,21.0,21.0,100.0,0.0,100.0,0.0,200.0,0.0,100.0,6861.0,100.0,47686490088.0,100.0,57123172522.0
2019-10-04,ZJV2ESNS,ST12000NM0007,12000138625024,0,67.0,5093432.0,89.0,0.0,100.0,9.0,100.0,0.0,90.0,839288.0,93.0,6971.0,100.0,0.0,100.0,9.0,,,,,100.0,0.0,100.0,0.0,,,75.0,25.0,,,100.0,83.0,100.0,675.0,25.0,25.0,100.0,0.0,100.0,0.0,200.0,0.0,100.0,6876.0,100.0,47745417712.0,100.0,57240226322.0
2019-10-05,ZJV2ESNS,ST12000NM0007,12000138625024,0,82.0,147114560.0,89.0,0.0,100.0,9.0,100.0,0.0,67.0,5323531.0,93.0,7002.0,100.0,0.0,100.0,9.0,,,,,100.0,0.0,100.0,0.0,,,79.0,21.0,,,100.0,83.0,100.0,677.0,21.0,21.0,100.0,0.0,100.0,0.0,200.0,0.0,100.0,6908.0,100.0,47823238192.0,100.0,57548567650.0
2019-10-06,ZJV2ESNS,ST12000NM0007,12000138625024,0,79.0,74482968.0,89.0,0.0,100.0,9.0,100.0,0.0,68.0,7054697.0,92.0,7018.0,100.0,0.0,100.0,9.0,,,,,100.0,0.0,100.0,0.0,,,76.0,24.0,,,100.0,83.0,100.0,678.0,24.0,24.0,100.0,0.0,100.0,0.0,200.0,0.0,100.0,6923.0,100.0,47860721888.0,100.0,57682593034.0
2019-10-07,ZJV2ESNS,ST12000NM0007,12000138625024,0,80.0,89680768.0,89.0,0.0,100.0,9.0,100.0,0.0,71.0,13894008.0,92.0,7050.0,100.0,0.0,100.0,9.0,,,,,100.0,0.0,100.0,0.0,,,79.0,21.0,,,100.0,83.0,100.0,679.0,21.0,21.0,100.0,0.0,100.0,0.0,200.0,0.0,100.0,6955.0,100.0,47976928936.0,100.0,58069865442.0
2019-10-08,ZJV2ESNS,ST12000NM0007,12000138625024,0,78.0,66284384.0,89.0,0.0,100.0,9.0,100.0,0.0,72.0,15602874.0,92.0,7066.0,100.0,0.0,100.0,9.0,,,,,100.0,0.0,100.0,0.0,,,78.0,22.0,,,100.0,83.0,100.0,680.0,22.0,22.0,100.0,0.0,100.0,0.0,200.0,0.0,100.0,6971.0,100.0,48016633048.0,100.0,58250905674.0
2019-10-09,ZJV2ESNS,ST12000NM0007,12000138625024,0,100.0,1651560.0,89.0,0.0,100.0,10.0,100.0,0.0,73.0,21445222.0,92.0,7098.0,100.0,0.0,100.0,10.0,,,,,100.0,0.0,100.0,0.0,,,75.0,25.0,,,100.0,84.0,100.0,685.0,25.0,25.0,100.0,0.0,100.0,0.0,200.0,0.0,100.0,7003.0,100.0,48136802936.0,100.0,58554384436.0
2019-10-10,ZJV2ESNS,ST12000NM0007,12000138625024,0,81.0,112281888.0,89.0,0.0,100.0,10.0,100.0,0.0,74.0,23784672.0,92.0,7114.0,100.0,0.0,100.0,10.0,,,,,100.0,0.0,100.0,0.0,,,76.0,24.0,,,100.0,84.0,100.0,685.0,24.0,24.0,100.0,0.0,100.0,0.0,200.0,0.0,100.0,7018.0,100.0,48180562904.0,100.0,58621254796.0
2019-10-11,ZJV2ESNS,ST12000NM0007,12000138625024,0,80.0,104209400.0,89.0,0.0,100.0,10.0,100.0,0.0,74.0,26743370.0,92.0,7145.0,100.0,0.0,100.0,10.0,,,,,100.0,0.0,100.0,0.0,,,75.0,25.0,,,100.0,85.0,100.0,687.0,25.0,25.0,100.0,0.0,100.0,0.0,200.0,0.0,100.0,7050.0,100.0,48267753504.0,100.0,58770133188.0
2019-10-12,ZJV2ESNS,ST12000NM0007,12000138625024,0,83.0,196231872.0,89.0,0.0,100.0,10.0,100.0,0.0,74.0,27990889.0,92.0,7161.0,100.0,0.0,100.0,10.0,,,,,100.0,0.0,100.0,0.0,,,77.0,23.0,,,100.0,86.0,100.0,688.0,23.0,23.0,100.0,0.0,100.0,0.0,200.0,0.0,100.0,7066.0,100.0,48300537760.0,100.0,58829371404.0
2019-10-13,ZJV2ESNS,ST12000NM0007,12000138625024,0,80.0,90634648.0,89.0,0.0,100.0,10.0,100.0,0.0,75.0,29715811.0,92.0,7193.0,100.0,0.0,100.0,10.0,,,,,100.0,0.0,100.0,0.0,,,77.0,23.0,,,100.0,86.0,100.0,689.0,23.0,23.0,100.0,0.0,100.0,0.0,200.0,0.0,100.0,7097.0,100.0,48332636896.0,100.0,58935815708.0
2019-10-14,ZJV2ESNS,ST12000NM0007,12000138625024,0,76.0,41953616.0,89.0,0.0,100.0,10.0,100.0,0.0,75.0,34939069.0,92.0,7209.0,100.0,0.0,100.0,10.0,,,,,100.0,0.0,100.0,0.0,,,77.0,23.0,,,100.0,86.0,100.0,690.0,23.0,23.0,100.0,0.0,100.0,0.0,200.0,0.0,100.0,7113.0,100.0,48403364184.0,100.0,59060548156.0
2019-10-15,ZJV2ESNS,ST12000NM0007,12000138625024,0,78.0,63979744.0,89.0,0.0,100.0,10.0,100.0,0.0,76.0,42976783.0,92.0,7272.0,100.0,0.0,100.0,10.0,,,,,100.0,0.0,100.0,0.0,,,75.0,25.0,,,100.0,87.0,100.0,693.0,25.0,25.0,100.0,0.0,100.0,0.0,200.0,0.0,100.0,7176.0,100.0,48542254056.0,100.0,59431965820.0
2019-10-16,ZJV2ESNS,ST12000NM0007,12000138625024,0,78.0,63979744.0,89.0,0.0,100.0,10.0,100.0,0.0,76.0,42976783.0,92.0,7272.0,100.0,0.0,100.0,10.0,,,,,100.0,0.0,100.0,0.0,,,75.0,25.0,,,100.0,87.0,100.0,693.0,25.0,25.0,100.0,0.0,100.0,0.0,200.0,0.0,100.0,7176.0,100.0,48542254056.0,100.0,59431965820.0
2019-10-17,ZJV2ESNS,ST12000NM0007,12000138625024,0,84.0,241214528.0,89.0,0.0,100.0,10.0,100.0,0.0,77.0,45006232.0,92.0,7288.0,100.0,0.0,100.0,10.0,,,,,100.0,0.0,100.0,0.0,,,76.0,24.0,,,100.0,87.0,100.0,693.0,24.0,24.0,100.0,0.0,100.0,0.0,200.0,0.0,100.0,7192.0,100.0,48569442112.0,100.0,59582012548.0
2019-10-18,ZJV2ESNS,ST12000NM0007,12000138625024,0,82.0,167304584.0,89.0,0.0,100.0,10.0,100.0,0.0,77.0,48609568.0,92.0,7319.0,100.0,0.0,100.0,10.0,,,,,100.0,0.0,100.0,0.0,,,75.0,25.0,,,100.0,88.0,100.0,695.0,25.0,25.0,100.0,0.0,100.0,0.0,200.0,0.0,100.0,7223.0,100.0,48658839848.0,100.0,59906986268.0
2019-10-19,ZJV2ESNS,ST12000NM0007,12000138625024,0,80.0,111070960.0,89.0,0.0,100.0,10.0,100.0,0.0,77.0,50165434.0,92.0,7335.0,100.0,0.0,100.0,10.0,,,,,100.0,0.0,100.0,0.0,,,75.0,25.0,,,100.0,88.0,100.0,695.0,25.0,25.0,100.0,0.0,100.0,0.0,200.0,0.0,100.0,7239.0,100.0,48683231128.0,100.0,60070502476.0
2019-10-20,ZJV2ESNS,ST12000NM0007,12000138625024,0,76.0,36044752.0,89.0,0.0,100.0,10.0,100.0,0.0,77.0,54161328.0,92.0,7367.0,100.0,0.0,100.0,10.0,,,,,100.0,0.0,100.0,0.0,,,76.0,24.0,,,100.0,89.0,100.0,696.0,24.0,24.0,100.0,0.0,100.0,0.0,200.0,0.0,100.0,7270.0,100.0,48742462536.0,100.0,60424526212.0
2019-10-21,ZJV2ESNS,ST12000NM0007,12000138625024,0,80.0,106524592.0,89.0,0.0,100.0,10.0,100.0,0.0,78.0,59030094.0,92.0,7382.0,100.0,0.0,100.0,10.0,,,,,100.0,0.0,100.0,0.0,,,75.0,25.0,,,100.0,89.0,100.0,697.0,25.0,25.0,100.0,0.0,100.0,0.0,200.0,0.0,100.0,7286.0,100.0,48800578640.0,100.0,60681030628.0
2019-10-22,ZJV2ESNS,ST12000NM0007,12000138625024,0,83.0,220472120.0,89.0,0.0,100.0,10.0,100.0,0.0,78.0,62371330.0,92.0,7414.0,100.0,0.0,100.0,10.0,,,,,100.0,0.0,100.0,0.0,,,75.0,25.0,,,100.0,89.0,100.0,699.0,25.0,25.0,100.0,0.0,100.0,0.0,200.0,0.0,100.0,7318.0,100.0,48865055408.0,100.0,60974642020.0
2019-10-23,ZJV2ESNS,ST12000NM0007,12000138625024,0,82.0,153439824.0,89.0,0.0,100.0,10.0,100.0,0.0,78.0,68880438.0,92.0,7446.0,100.0,0.0,100.0,10.0,,,,,100.0,0.0,100.0,0.0,,,77.0,23.0,,,100.0,90.0,100.0,700.0,23.0,23.0,100.0,0.0,100.0,0.0,200.0,0.0,100.0,7349.0,100.0,48989638096.0,100.0,61271308540.0
2019-10-24,ZJV2ESNS,ST12000NM0007,12000138625024,0,80.0,100329624.0,89.0,0.0,100.0,10.0,100.0,0.0,78.0,70570032.0,92.0,7462.0,100.0,0.0,100.0,10.0,,,,,100.0,0.0,100.0,0.0,,,77.0,23.0,,,100.0,90.0,100.0,701.0,23.0,23.0,100.0,0.0,100.0,0.0,200.0,0.0,100.0,7365.0,100.0,49031871480.0,100.0,61420105684.0
2019-10-25,ZJV2ESNS,ST12000NM0007,12000138625024,0,79.0,77637896.0,89.0,0.0,100.0,10.0,100.0,0.0,79.0,72478643.0,92.0,7478.0,100.0,0.0,100.0,10.0,,,,,100.0,0.0,100.0,0.0,,,75.0,25.0,,,100.0,90.0,100.0,701.0,25.0,25.0,100.0,0.0,100.0,0.0,200.0,0.0,100.0,7381.0,100.0,49062875528.0,100.0,61610550700.0
2019-10-26,ZJV2ESNS,ST12000NM0007,12000138625024,0,72.0,15141560.0,89.0,0.0,100.0,10.0,100.0,0.0,79.0,76058317.0,92.0,7509.0,100.0,0.0,100.0,10.0,,,,,100.0,0.0,100.0,0.0,,,75.0,25.0,,,100.0,90.0,100.0,703.0,25.0,25.0,100.0,0.0,100.0,0.0,200.0,0.0,100.0,7412.0,100.0,49126308920.0,100.0,61972902742.0
2019-10-27,ZJV2ESNS,ST12000NM0007,12000138625024,0,84.0,224176848.0,89.0,0.0,100.0,10.0,100.0,0.0,79.0,77993200.0,92.0,7525.0,100.0,0.0,100.0,10.0,,,,,100.0,0.0,100.0,0.0,,,76.0,24.0,,,100.0,90.0,100.0,703.0,24.0,24.0,100.0,0.0,100.0,0.0,200.0,0.0,100.0,7428.0,100.0,49161855688.0,100.0,62146391262.0
2019-10-28,ZJV2ESNS,ST12000NM0007,12000138625024,0,83.0,186402352.0,89.0,0.0,100.0,10.0,100.0,0.0,79.0,84639256.0,92.0,7557.0,100.0,0.0,100.0,10.0,,,,,100.0,0.0,100.0,0.0,,,77.0,23.0,,,100.0,90.0,100.0,705.0,23.0,23.0,100.0,0.0,100.0,0.0,200.0,0.0,100.0,7459.0,100.0,49233353672.0,100.0,62525400078.0
2019-10-29,ZJV2ESNS,ST12000NM0007,12000138625024,0,83.0,179649928.0,89.0,0.0,100.0,10.0,100.0,0.0,79.0,86885210.0,92.0,7573.0,100.0,0.0,100.0,10.0,,,,,100.0,0.0,100.0,0.0,,,75.0,25.0,,,100.0,90.0,100.0,705.0,25.0,25.0,100.0,0.0,100.0,0.0,200.0,0.0,100.0,7475.0,100.0,49264411896.0,100.0,62731730198.0
2019-10-30,ZJV2ESNS,ST12000NM0007,12000138625024,0,80.0,93994320.0,89.0,0.0,100.0,10.0,100.0,0.0,80.0,91975690.0,92.0,7604.0,100.0,0.0,100.0,10.0,,,,,100.0,0.0,100.0,0.0,,,76.0,24.0,,,100.0,90.0,100.0,706.0,24.0,24.0,100.0,0.0,100.0,0.0,200.0,0.0,100.0,7507.0,100.0,49340355000.0,100.0,63058413062.0
2019-10-31,ZJV2ESNS,ST12000NM0007,12000138625024,0,71.0,12153560.0,89.0,0.0,100.0,10.0,100.0,0.0,80.0,94438138.0,92.0,7620.0,100.0,0.0,100.0,10.0,,,,,100.0,0.0,100.0,0.0,,,76.0,24.0,,,100.0,91.0,100.0,707.0,24.0,24.0,100.0,0.0,100.0,0.0,200.0,0.0,100.0,7522.0,100.0,49386745320.0,100.0,63174322662.0
2019-11-01,ZJV2ESNS,ST12000NM0007,12000138625024,0,81.0,122500248.0,89.0,0.0,100.0,10.0,100.0,0.0,80.0,97323613.0,92.0,7652.0,100.0,0.0,100.0,10.0,,,,,100.0,0.0,100.0,0.0,,,77.0,23.0,,,100.0,91.0,100.0,708.0,23.0,23.0,100.0,0.0,100.0,0.0,200.0,0.0,100.0,7554.0,100.0,49431927776.0,100.0,63483627606.0
2019-11-02,ZJV2ESNS,ST12000NM0007,12000138625024,0,80.0,89512896.0,89.0,0.0,100.0,10.0,100.0,0.0,80.0,99128478.0,92.0,7668.0,100.0,0.0,100.0,10.0,,,,,100.0,0.0,100.0,0.0,,,74.0,26.0,,,100.0,92.0,100.0,709.0,26.0,26.0,100.0,0.0,100.0,0.0,200.0,0.0,100.0,7570.0,100.0,49449518288.0,100.0,63677190670.0
2019-11-03,ZJV2ESNS,ST12000NM0007,12000138625024,0,83.0,185071240.0,89.0,0.0,100.0,10.0,100.0,0.0,80.0,102177029.0,92.0,7700.0,100.0,0.0,100.0,10.0,,,,,100.0,0.0,100.0,0.0,,,77.0,23.0,,,100.0,92.0,100.0,710.0,23.0,23.0,100.0,0.0,100.0,0.0,200.0,0.0,100.0,7601.0,100.0,49488660696.0,100.0,63977747262.0
2019-11-04,ZJV2ESNS,ST12000NM0007,12000138625024,0,71.0,12869656.0,89.0,0.0,100.0,10.0,100.0,0.0,80.0,106546356.0,92.0,7715.0,100.0,0.0,100.0,10.0,,,,,100.0,0.0,100.0,0.0,,,76.0,24.0,,,100.0,92.0,100.0,711.0,24.0,24.0,100.0,0.0,100.0,0.0,200.0,0.0,100.0,7617.0,100.0,49512679656.0,100.0,64269808222.0
2019-11-06,ZJV2ESNS,ST12000NM0007,12000138625024,0,76.0,44236440.0,89.0,0.0,100.0,10.0,100.0,0.0,80.0,111886681.0,92.0,7763.0,100.0,0.0,100.0,10.0,,,,,100.0,0.0,100.0,0.0,,,75.0,25.0,,,100.0,92.0,100.0,713.0,25.0,25.0,100.0,0.0,100.0,0.0,200.0,0.0,100.0,7665.0,100.0,49588901528.0,100.0,64713234494.0
2019-11-07,ZJV2ESNS,ST12000NM0007,12000138625024,0,81.0,122931384.0,89.0,0.0,100.0,10.0,100.0,0.0,81.0,116819834.0,92.0,7795.0,100.0,0.0,100.0,10.0,,,,,100.0,0.0,100.0,0.0,,,76.0,24.0,,,100.0,92.0,100.0,714.0,24.0,24.0,100.0,0.0,100.0,0.0,200.0,0.0,100.0,7696.0,100.0,49651831544.0,100.0,64973140462.0
2019-11-08,ZJV2ESNS,ST12000NM0007,12000138625024,0,77.0,52450896.0,89.0,0.0,100.0,10.0,100.0,0.0,81.0,118442100.0,92.0,7811.0,100.0,0.0,100.0,10.0,,,,,100.0,0.0,100.0,0.0,,,76.0,24.0,,,100.0,92.0,100.0,715.0,24.0,24.0,100.0,0.0,100.0,0.0,200.0,0.0,100.0,7712.0,100.0,49682143792.0,100.0,65116488398.0
2019-11-09,ZJV2ESNS,ST12000NM0007,12000138625024,0,83.0,181534112.0,89.0,0.0,100.0,10.0,100.0,0.0,81.0,121924064.0,92.0,7842.0,100.0,0.0,100.0,10.0,,,,,100.0,0.0,100.0,0.0,,,74.0,26.0,,,100.0,93.0,100.0,716.0,26.0,26.0,100.0,0.0,100.0,0.0,200.0,0.0,100.0,7744.0,100.0,49729183840.0,100.0,65442672374.0
2019-11-10,ZJV2ESNS,ST12000NM0007,12000138625024,0,82.0,161033480.0,89.0,0.0,100.0,10.0,100.0,0.0,81.0,123719872.0,92.0,7858.0,100.0,0.0,100.0,10.0,,,,,100.0,0.0,100.0,0.0,,,76.0,24.0,,,100.0,94.0,100.0,717.0,24.0,24.0,100.0,0.0,100.0,0.0,200.0,0.0,100.0,7760.0,100.0,49757707232.0,100.0,65637789142.0
2019-11-11,ZJV2ESNS,ST12000NM0007,12000138625024,0,83.0,179905096.0,89.0,0.0,100.0,10.0,100.0,0.0,81.0,130134582.0,91.0,7890.0,100.0,0.0,100.0,10.0,,,,,100.0,0.0,100.0,0.0,,,76.0,24.0,,,100.0,94.0,100.0,718.0,24.0,24.0,100.0,0.0,100.0,0.0,200.0,0.0,100.0,7791.0,100.0,49833278384.0,100.0,66069371582.0
2019-11-12,ZJV2ESNS,ST12000NM0007,12000138625024,0,81.0,131040064.0,89.0,0.0,100.0,10.0,100.0,0.0,81.0,132964698.0,91.0,7906.0,100.0,0.0,100.0,10.0,,,,,100.0,0.0,100.0,0.0,,,76.0,24.0,,,100.0,94.0,100.0,719.0,24.0,24.0,100.0,0.0,100.0,0.0,200.0,0.0,100.0,7807.0,100.0,49854879672.0,100.0,66243046022.0
2019-11-13,ZJV2ESNS,ST12000NM0007,12000138625024,0,83.0,214742344.0,89.0,0.0,100.0,10.0,100.0,0.0,81.0,137295150.0,91.0,7937.0,100.0,0.0,100.0,10.0,,,,,100.0,0.0,100.0,0.0,,,74.0,26.0,,,100.0,95.0,100.0,720.0,26.0,26.0,100.0,0.0,100.0,0.0,200.0,0.0,100.0,7838.0,100.0,49898819032.0,100.0,66526949726.0
2019-11-14,ZJV2ESNS,ST12000NM0007,12000138625024,0,74.0,25312256.0,89.0,0.0,100.0,10.0,100.0,0.0,81.0,140945984.0,91.0,7969.0,100.0,0.0,100.0,10.0,,,,,100.0,0.0,100.0,0.0,,,76.0,24.0,,,100.0,96.0,100.0,722.0,24.0,24.0,100.0,0.0,100.0,0.0,200.0,0.0,100.0,7869.0,100.0,49951010232.0,100.0,66773611054.0
2019-11-15,ZJV2ESNS,ST12000NM0007,12000138625024,0,84.0,239750064.0,89.0,0.0,100.0,10.0,100.0,0.0,82.0,142776457.0,91.0,7985.0,100.0,0.0,100.0,10.0,,,,,100.0,0.0,100.0,0.0,,,76.0,24.0,,,100.0,96.0,100.0,722.0,24.0,24.0,100.0,0.0,100.0,0.0,200.0,0.0,100.0,7885.0,100.0,49979927112.0,100.0,66959131982.0
2019-11-16,ZJV2ESNS,ST12000NM0007,12000138625024,0,82.0,154112424.0,89.0,0.0,100.0,10.0,100.0,0.0,82.0,146674968.0,91.0,8016.0,100.0,0.0,100.0,10.0,,,,,100.0,0.0,100.0,0.0,,,74.0,26.0,,,100.0,98.0,100.0,724.0,26.0,26.0,100.0,0.0,100.0,0.0,200.0,0.0,100.0,7916.0,100.0,50038250112.0,100.0,67303452838.0
2019-11-17,ZJV2ESNS,ST12000NM0007,12000138625024,0,78.0,59562104.0,89.0,0.0,100.0,10.0,100.0,0.0,82.0,148550711.0,91.0,8032.0,100.0,0.0,100.0,10.0,,,,,100.0,0.0,100.0,0.0,,,76.0,24.0,,,100.0,98.0,100.0,724.0,24.0,24.0,100.0,0.0,100.0,0.0,200.0,0.0,100.0,7932.0,100.0,50080830704.0,100.0,67410462606.0
2019-11-18,ZJV2ESNS,ST12000NM0007,12000138625024,0,84.0,238875232.0,89.0,0.0,100.0,10.0,100.0,0.0,82.0,154775653.0,91.0,8064.0,100.0,0.0,100.0,10.0,,,,,100.0,0.0,100.0,0.0,,,76.0,24.0,,,100.0,98.0,100.0,726.0,24.0,24.0,100.0,0.0,100.0,0.0,200.0,0.0,100.0,7964.0,100.0,50146275128.0,100.0,67768472158.0
2019-11-19,ZJV2ESNS,ST12000NM0007,12000138625024,0,81.0,136037208.0,89.0,0.0,100.0,10.0,100.0,0.0,82.0,156292162.0,91.0,8079.0,100.0,0.0,100.0,10.0,,,,,100.0,0.0,100.0,0.0,,,76.0,24.0,,,100.0,98.0,100.0,726.0,24.0,24.0,100.0,0.0,100.0,0.0,200.0,0.0,100.0,7979.0,100.0,50181056304.0,100.0,67874993750.0
2019-11-20,ZJV2ESNS,ST12000NM0007,12000138625024,0,72.0,14199992.0,89.0,0.0,100.0,10.0,100.0,0.0,82.0,161434123.0,91.0,8111.0,100.0,0.0,100.0,10.0,,,,,100.0,0.0,100.0,0.0,,,76.0,24.0,,,100.0,99.0,100.0,728.0,24.0,24.0,100.0,0.0,100.0,0.0,200.0,0.0,100.0,8011.0,100.0,50248659240.0,100.0,68173835334.0
2019-11-21,ZJV2ESNS,ST12000NM0007,12000138625024,0,83.0,193183440.0,89.0,0.0,100.0,10.0,100.0,0.0,82.0,162866390.0,91.0,8127.0,100.0,0.0,100.0,10.0,,,,,100.0,0.0,100.0,0.0,,,74.0,26.0,,,100.0,99.0,100.0,729.0,26.0,26.0,100.0,0.0,100.0,0.0,200.0,0.0,100.0,8026.0,100.0,50303201576.0,100.0,68298276446.0
2019-11-22,ZJV2ESNS,ST12000NM0007,12000138625024,0,83.0,183980200.0,89.0,0.0,100.0,10.0,100.0,0.0,82.0,165331721.0,91.0,8159.0,100.0,0.0,100.0,10.0,,,,,100.0,0.0,100.0,0.0,,,76.0,24.0,,,100.0,99.0,100.0,730.0,24.0,24.0,100.0,0.0,100.0,0.0,200.0,0.0,100.0,8058.0,100.0,50372351336.0,100.0,68708204878.0
2019-11-23,ZJV2ESNS,ST12000NM0007,12000138625024,0,83.0,198476824.0,89.0,0.0,100.0,10.0,100.0,0.0,82.0,167053116.0,91.0,8175.0,100.0,0.0,100.0,10.0,,,,,100.0,0.0,100.0,0.0,,,76.0,24.0,,,100.0,99.0,100.0,731.0,24.0,24.0,100.0,0.0,100.0,0.0,200.0,0.0,100.0,8074.0,100.0,50404917976.0,100.0,68934275638.0
2019-11-24,ZJV2ESNS,ST12000NM0007,12000138625024,0,74.0,26917912.0,89.0,0.0,100.0,10.0,100.0,0.0,82.0,170592144.0,91.0,8207.0,100.0,0.0,100.0,10.0,,,,,100.0,0.0,100.0,0.0,,,74.0,26.0,,,100.0,99.0,100.0,732.0,26.0,26.0,100.0,0.0,100.0,0.0,200.0,0.0,100.0,8105.0,100.0,50466363336.0,100.0,69433693502.0
2019-11-25,ZJV2ESNS,ST12000NM0007,12000138625024,0,73.0,20142200.0,89.0,0.0,100.0,10.0,100.0,0.0,82.0,174307836.0,91.0,8222.0,100.0,0.0,100.0,10.0,,,,,100.0,0.0,100.0,0.0,,,75.0,25.0,,,100.0,99.0,100.0,733.0,25.0,25.0,100.0,0.0,100.0,0.0,200.0,0.0,100.0,8121.0,100.0,50492564992.0,100.0,69644856846.0
2019-11-26,ZJV2ESNS,ST12000NM0007,12000138625024,0,81.0,136287096.0,89.0,0.0,100.0,10.0,100.0,0.0,82.0,176737546.0,91.0,8254.0,100.0,0.0,100.0,10.0,,,,,100.0,0.0,100.0,0.0,,,77.0,23.0,,,100.0,100.0,100.0,734.0,23.0,23.0,100.0,0.0,100.0,0.0,200.0,0.0,100.0,8152.0,100.0,50556992232.0,100.0,69940715206.0
2019-11-27,ZJV2ESNS,ST12000NM0007,12000138625024,0,83.0,183815848.0,89.0,0.0,100.0,10.0,100.0,0.0,83.0,181520264.0,91.0,8286.0,100.0,0.0,100.0,10.0,,,,,100.0,0.0,100.0,0.0,,,77.0,23.0,,,100.0,101.0,100.0,736.0,23.0,23.0,100.0,0.0,100.0,0.0,200.0,0.0,100.0,8184.0,100.0,50605927072.0,100.0,70183449750.0
2019-11-28,ZJV2ESNS,ST12000NM0007,12000138625024,0,81.0,112341632.0,89.0,0.0,100.0,10.0,100.0,0.0,83.0,182607433.0,91.0,8302.0,100.0,0.0,100.0,10.0,,,,,100.0,0.0,100.0,0.0,,,76.0,24.0,,,100.0,101.0,100.0,736.0,24.0,24.0,100.0,0.0,100.0,0.0,200.0,0.0,100.0,8200.0,100.0,50624370064.0,100.0,70337673206.0
2019-11-29,ZJV2ESNS,ST12000NM0007,12000138625024,0,82.0,151846624.0,89.0,0.0,100.0,10.0,100.0,0.0,83.0,184642855.0,91.0,8333.0,100.0,0.0,100.0,10.0,,,,,100.0,0.0,100.0,0.0,,,75.0,25.0,,,100.0,102.0,100.0,738.0,25.0,25.0,100.0,0.0,100.0,0.0,200.0,0.0,100.0,8231.0,100.0,50656737384.0,100.0,70588951518.0
2019-11-30,ZJV2ESNS,ST12000NM0007,12000138625024,0,81.0,120598160.0,89.0,0.0,100.0,10.0,100.0,0.0,83.0,185906753.0,91.0,8349.0,100.0,0.0,100.0,10.0,,,,,100.0,0.0,100.0,0.0,,,77.0,23.0,,,100.0,102.0,100.0,738.0,23.0,23.0,100.0,0.0,100.0,0.0,200.0,0.0,100.0,8247.0,100.0,50666968352.0,100.0,70791612918.0
2019-12-01,ZJV2ESNS,ST12000NM0007,12000138625024,0,72.0,16800368.0,89.0,0.0,100.0,10.0,100.0,0.0,83.0,190131314.0,91.0,8381.0,100.0,0.0,100.0,10.0,,,,,100.0,0.0,100.0,0.0,,,76.0,24.0,,,100.0,102.0,100.0,740.0,24.0,24.0,100.0,0.0,100.0,0.0,200.0,0.0,100.0,8278.0,100.0,50701738392.0,100.0,71141326398.0
2019-12-02,ZJV2ESNS,ST12000NM0007,12000138625024,0,83.0,212193288.0,89.0,0.0,100.0,10.0,100.0,0.0,83.0,192502268.0,91.0,8397.0,100.0,0.0,100.0,10.0,,,,,100.0,0.0,100.0,0.0,,,75.0,25.0,,,100.0,102.0,100.0,740.0,25.0,25.0,100.0,0.0,100.0,0.0,200.0,0.0,100.0,8294.0,100.0,50724114664.0,100.0,71314343046.0
2019-12-03,ZJV2ESNS,ST12000NM0007,12000138625024,0,77.0,49276312.0,89.0,0.0,100.0,10.0,100.0,0.0,83.0,194980179.0,91.0,8428.0,100.0,0.0,100.0,10.0,,,,,100.0,0.0,100.0,0.0,,,77.0,23.0,,,100.0,104.0,100.0,742.0,23.0,23.0,100.0,0.0,100.0,0.0,200.0,0.0,100.0,8325.0,100.0,50771115632.0,100.0,71592706614.0
2019-12-04,ZJV2ESNS,ST12000NM0007,12000138625024,0,82.0,171987280.0,89.0,0.0,100.0,10.0,100.0,0.0,83.0,198434264.0,91.0,8444.0,100.0,0.0,100.0,10.0,,,,,100.0,0.0,100.0,0.0,,,77.0,23.0,,,100.0,104.0,100.0,742.0,23.0,23.0,100.0,0.0,100.0,0.0,200.0,0.0,100.0,8341.0,100.0,50793623184.0,100.0,71692910030.0
2019-12-05,ZJV2ESNS,ST12000NM0007,12000138625024,0,83.0,200323928.0,89.0,0.0,100.0,10.0,100.0,0.0,83.0,200430697.0,91.0,8476.0,100.0,0.0,100.0,10.0,,,,,100.0,0.0,100.0,0.0,,,75.0,25.0,,,100.0,105.0,100.0,744.0,25.0,25.0,100.0,0.0,100.0,0.0,200.0,0.0,100.0,8372.0,100.0,50836087656.0,100.0,71922923174.0
2019-12-06,ZJV2ESNS,ST12000NM0007,12000138625024,0,80.0,99562232.0,89.0,0.0,100.0,10.0,100.0,0.0,83.0,201529975.0,91.0,8492.0,100.0,0.0,100.0,10.0,,,,,100.0,0.0,100.0,0.0,,,77.0,23.0,,,100.0,105.0,100.0,744.0,23.0,23.0,100.0,0.0,100.0,0.0,200.0,0.0,100.0,8388.0,100.0,50851063864.0,100.0,72051325926.0
2019-12-07,ZJV2ESNS,ST12000NM0007,12000138625024,0,83.0,205290000.0,89.0,0.0,100.0,10.0,100.0,0.0,83.0,204160337.0,91.0,8523.0,100.0,0.0,100.0,10.0,,,,,100.0,0.0,100.0,0.0,,,76.0,24.0,,,100.0,106.0,100.0,746.0,24.0,24.0,100.0,0.0,100.0,0.0,200.0,0.0,100.0,8419.0,100.0,50886011336.0,100.0,72366246854.0
2019-12-08,ZJV2ESNS,ST12000NM0007,12000138625024,0,82.0,147823240.0,89.0,0.0,100.0,10.0,100.0,0.0,83.0,205440896.0,91.0,8539.0,100.0,0.0,100.0,10.0,,,,,100.0,0.0,100.0,0.0,,,76.0,24.0,,,100.0,106.0,100.0,746.0,24.0,24.0,100.0,0.0,100.0,0.0,200.0,0.0,100.0,8435.0,100.0,50900902504.0,100.0,72538029678.0
2019-12-09,ZJV2ESNS,ST12000NM0007,12000138625024,0,83.0,217018752.0,89.0,0.0,100.0,10.0,100.0,0.0,83.0,210226023.0,91.0,8571.0,100.0,0.0,100.0,10.0,,,,,100.0,0.0,100.0,0.0,,,77.0,23.0,,,100.0,108.0,100.0,748.0,23.0,23.0,100.0,0.0,100.0,0.0,200.0,0.0,100.0,8467.0,100.0,50926858200.0,100.0,72825410134.0
2019-12-10,ZJV2ESNS,ST12000NM0007,12000138625024,0,79.0,81894120.0,89.0,0.0,100.0,10.0,100.0,0.0,83.0,211128614.0,91.0,8586.0,100.0,0.0,100.0,10.0,,,,,100.0,0.0,100.0,0.0,,,75.0,25.0,,,100.0,108.0,100.0,748.0,25.0,25.0,100.0,0.0,100.0,0.0,200.0,0.0,100.0,8482.0,100.0,50940425168.0,100.0,72920859166.0
2019-12-11,ZJV2ESNS,ST12000NM0007,12000138625024,0,83.0,182990808.0,89.0,0.0,100.0,10.0,100.0,0.0,83.0,216198515.0,91.0,8618.0,100.0,0.0,100.0,10.0,,,,,100.0,0.0,100.0,0.0,,,76.0,24.0,,,100.0,110.0,100.0,750.0,24.0,24.0,100.0,0.0,100.0,0.0,200.0,0.0,100.0,8514.0,100.0,51017318104.0,100.0,73189203550.0
2019-12-12,ZJV2ESNS,ST12000NM0007,12000138625024,0,81.0,131975424.0,89.0,0.0,100.0,10.0,100.0,0.0,83.0,217450158.0,91.0,8634.0,100.0,0.0,100.0,10.0,,,,,100.0,0.0,100.0,0.0,,,77.0,23.0,,,100.0,110.0,100.0,750.0,23.0,23.0,100.0,0.0,100.0,0.0,200.0,0.0,100.0,8529.0,100.0,51030808232.0,100.0,73368838734.0
2019-12-13,ZJV2ESNS,ST12000NM0007,12000138625024,0,82.0,170701232.0,89.0,0.0,100.0,10.0,100.0,0.0,83.0,219432407.0,91.0,8665.0,100.0,0.0,100.0,10.0,,,,,100.0,0.0,100.0,0.0,,,75.0,25.0,,,100.0,111.0,100.0,752.0,25.0,25.0,100.0,0.0,100.0,0.0,200.0,0.0,100.0,8561.0,100.0,51063003664.0,100.0,73619509766.0
2019-12-14,ZJV2ESNS,ST12000NM0007,12000138625024,0,75.0,31659568.0,89.0,0.0,100.0,10.0,100.0,0.0,83.0,220338224.0,91.0,8681.0,100.0,0.0,100.0,10.0,,,,,100.0,0.0,100.0,0.0,,,77.0,23.0,,,100.0,111.0,100.0,752.0,23.0,23.0,100.0,0.0,100.0,0.0,200.0,0.0,100.0,8576.0,100.0,51079594400.0,100.0,73708018222.0
2019-12-15,ZJV2ESNS,ST12000NM0007,12000138625024,0,80.0,111638880.0,89.0,0.0,100.0,10.0,100.0,0.0,83.0,223413973.0,91.0,8713.0,100.0,0.0,100.0,10.0,,,,,100.0,0.0,100.0,0.0,,,76.0,24.0,,,100.0,113.0,100.0,754.0,24.0,24.0,100.0,0.0,100.0,0.0,200.0,0.0,100.0,8608.0,100.0,51121114936.0,100.0,73990617726.0
2019-12-16,ZJV2ESNS,ST12000NM0007,12000138625024,0,73.0,19063224.0,89.0,0.0,100.0,10.0,100.0,0.0,84.0,226377808.0,91.0,8729.0,100.0,0.0,100.0,10.0,,,,,100.0,0.0,100.0,0.0,,,77.0,23.0,,,100.0,113.0,100.0,754.0,23.0,23.0,100.0,0.0,100.0,0.0,200.0,0.0,100.0,8624.0,100.0,51142267288.0,100.0,74121030478.0
2019-12-17,ZJV2ESNS,ST12000NM0007,12000138625024,0,80.0,103578712.0,89.0,0.0,100.0,10.0,100.0,0.0,84.0,228514545.0,90.0,8761.0,100.0,0.0,100.0,10.0,,,,,100.0,0.0,100.0,0.0,,,76.0,24.0,,,100.0,113.0,100.0,755.0,24.0,24.0,100.0,0.0,100.0,0.0,200.0,0.0,100.0,8655.0,100.0,51167716656.0,100.0,74424237470.0
2019-12-18,ZJV2ESNS,ST12000NM0007,12000138625024,0,84.0,228832936.0,89.0,0.0,100.0,10.0,100.0,0.0,84.0,231331190.0,90.0,8776.0,100.0,0.0,100.0,10.0,,,,,100.0,0.0,100.0,0.0,,,76.0,24.0,,,100.0,114.0,100.0,756.0,24.0,24.0,100.0,0.0,100.0,0.0,200.0,0.0,100.0,8671.0,100.0,51180181440.0,100.0,74537026910.0
2019-12-19,ZJV2ESNS,ST12000NM0007,12000138625024,0,77.0,50183560.0,89.0,0.0,100.0,10.0,100.0,0.0,84.0,234248513.0,90.0,8808.0,100.0,0.0,100.0,10.0,,,,,100.0,0.0,100.0,0.0,,,76.0,24.0,,,100.0,115.0,100.0,758.0,24.0,24.0,100.0,0.0,100.0,0.0,200.0,0.0,100.0,8703.0,100.0,51199600008.0,100.0,74827240280.0
2019-12-20,ZJV2ESNS,ST12000NM0007,12000138625024,0,83.0,186501120.0,89.0,0.0,100.0,10.0,100.0,0.0,84.0,235240424.0,90.0,8824.0,100.0,0.0,100.0,10.0,,,,,100.0,0.0,100.0,0.0,,,78.0,22.0,,,100.0,115.0,100.0,758.0,22.0,22.0,100.0,0.0,100.0,0.0,200.0,0.0,100.0,8718.0,100.0,51209330392.0,100.0,74953827456.0
2019-12-21,ZJV2ESNS,ST12000NM0007,12000138625024,0,83.0,212826576.0,89.0,0.0,100.0,10.0,100.0,0.0,84.0,237211703.0,90.0,8856.0,100.0,0.0,100.0,10.0,,,,,100.0,0.0,100.0,0.0,,,75.0,25.0,,,100.0,116.0,100.0,761.0,25.0,25.0,100.0,0.0,100.0,0.0,200.0,0.0,100.0,8750.0,100.0,51225937232.0,100.0,75207686906.0
2019-12-22,ZJV2ESNS,ST12000NM0007,12000138625024,0,79.0,82216656.0,89.0,0.0,100.0,10.0,100.0,0.0,84.0,238146219.0,90.0,8872.0,100.0,0.0,100.0,10.0,,,,,100.0,0.0,100.0,0.0,,,77.0,23.0,,,100.0,116.0,100.0,761.0,23.0,23.0,100.0,0.0,100.0,0.0,200.0,0.0,100.0,8766.0,100.0,51236701864.0,100.0,75310453186.0
2019-12-23,ZJV2ESNS,ST12000NM0007,12000138625024,0,83.0,221098304.0,89.0,0.0,100.0,10.0,100.0,0.0,84.0,243177818.0,90.0,8903.0,100.0,0.0,100.0,10.0,,,,,100.0,0.0,100.0,0.0,,,76.0,24.0,,,100.0,117.0,100.0,763.0,24.0,24.0,100.0,0.0,100.0,0.0,200.0,0.0,100.0,8797.0,100.0,51249344880.0,100.0,75680832450.0
2019-12-24,ZJV2ESNS,ST12000NM0007,12000138625024,0,81.0,120659768.0,89.0,0.0,100.0,10.0,100.0,0.0,84.0,244365492.0,90.0,8919.0,100.0,0.0,100.0,10.0,,,,,100.0,0.0,100.0,0.0,,,76.0,24.0,,,100.0,117.0,100.0,763.0,24.0,24.0,100.0,0.0,100.0,0.0,200.0,0.0,100.0,8813.0,100.0,51257377536.0,100.0,75816502250.0
2019-12-25,ZJV2ESNS,ST12000NM0007,12000138625024,0,78.0,66472288.0,89.0,0.0,100.0,10.0,100.0,0.0,84.0,248601145.0,90.0,8951.0,100.0,0.0,100.0,10.0,,,,,100.0,0.0,100.0,0.0,,,77.0,23.0,,,100.0,119.0,100.0,765.0,23.0,23.0,100.0,0.0,100.0,0.0,200.0,0.0,100.0,8845.0,100.0,51272550392.0,100.0,75991282546.0
2019-12-26,ZJV2ESNS,ST12000NM0007,12000138625024,0,83.0,202226432.0,89.0,0.0,100.0,10.0,100.0,0.0,84.0,249635528.0,90.0,8967.0,100.0,0.0,100.0,10.0,,,,,100.0,0.0,100.0,0.0,,,76.0,24.0,,,100.0,119.0,100.0,765.0,24.0,24.0,100.0,0.0,100.0,0.0,200.0,0.0,100.0,8861.0,100.0,51279928416.0,100.0,76119658666.0
2019-12-27,ZJV2ESNS,ST12000NM0007,12000138625024,0,83.0,193157248.0,89.0,0.0,100.0,10.0,100.0,0.0,84.0,251495483.0,90.0,8999.0,100.0,0.0,100.0,10.0,,,,,100.0,0.0,100.0,0.0,,,77.0,23.0,,,100.0,120.0,100.0,767.0,23.0,23.0,100.0,0.0,100.0,0.0,200.0,0.0,100.0,8893.0,100.0,51288340008.0,100.0,76346318602.0
2019-12-28,ZJV2ESNS,ST12000NM0007,12000138625024,0,81.0,136595376.0,89.0,0.0,100.0,10.0,100.0,0.0,84.0,252769393.0,90.0,9015.0,100.0,0.0,100.0,10.0,,,,,100.0,0.0,100.0,0.0,,,75.0,25.0,,,100.0,120.0,100.0,767.0,25.0,25.0,100.0,0.0,100.0,0.0,200.0,0.0,100.0,8909.0,100.0,51297562360.0,100.0,76524675298.0
2019-12-29,ZJV2ESNS,ST12000NM0007,12000138625024,0,82.0,163889144.0,89.0,0.0,100.0,10.0,100.0,0.0,84.0,255185726.0,90.0,9047.0,100.0,0.0,100.0,10.0,,,,,100.0,0.0,100.0,0.0,,,76.0,24.0,,,100.0,120.0,100.0,769.0,24.0,24.0,100.0,0.0,100.0,0.0,200.0,0.0,100.0,8940.0,100.0,51319816352.0,100.0,76773855842.0
2019-12-30,ZJV2ESNS,ST12000NM0007,12000138625024,0,79.0,72823768.0,89.0,0.0,100.0,10.0,100.0,0.0,84.0,258463229.0,90.0,9063.0,100.0,0.0,100.0,10.0,,,,,100.0,0.0,100.0,0.0,,,78.0,22.0,,,100.0,120.0,100.0,769.0,22.0,22.0,100.0,0.0,100.0,0.0,200.0,0.0,100.0,8956.0,100.0,51326220168.0,100.0,76920527282.0
2019-12-31,ZJV2ESNS,ST12000NM0007,12000138625024,0,79.0,84597424.0,89.0,0.0,100.0,10.0,100.0,0.0,84.0,260494043.0,90.0,9095.0,100.0,0.0,100.0,10.0,,,,,100.0,0.0,100.0,0.0,,,78.0,22.0,,,100.0,121.0,100.0,771.0,22.0,22.0,100.0,0.0,100.0,0.0,200.0,0.0,100.0,8988.0,100.0,51340326480.0,100.0,77162335562.0
