2018-01-01,S300Z75B,ST4000DM000,4000787030016,0,103,5289744,92,0,100,8,100,0,78,66914860,76,21561,100,0,100,8,100.0,0.0,100.0,0.0,100.0,0.0,100.0,0.0,100.0,0.0,69.0,31.0,100.0,0.0,100.0,0.0,75.0,50288.0,31,31,100,0,100,0,200,0,100.0,21175.0,100.0,50139067952.0,100.0,74221108599.0
2018-01-02,S300Z75B,ST4000DM000,4000787030016,0,114,64039432,92,0,100,8,100,0,78,69169089,76,21584,100,0,100,8,100.0,0.0,100.0,0.0,100.0,0.0,100.0,0.0,100.0,0.0,68.0,32.0,100.0,0.0,100.0,0.0,75.0,50288.0,32,32,100,0,100,0,200,0,100.0,21198.0,100.0,50155279504.0,100.0,74425523750.0
2018-01-03,S300Z75B,ST4000DM000,4000787030016,0,116,111607472,92,0,100,8,100,0,78,70689532,76,21608,100,0,100,8,100.0,0.0,100.0,0.0,100.0,0.0,100.0,0.0,100.0,0.0,69.0,31.0,100.0,0.0,100.0,0.0,75.0,50288.0,31,31,100,0,100,0,200,0,100.0,21222.0,100.0,50174620184.0,100.0,74631900694.0
2018-01-04,S300Z75B,ST4000DM000,4000787030016,0,119,202859600,92,0,100,8,100,0,78,71399249,76,21621,100,0,100,8,100.0,0.0,100.0,0.0,100.0,0.0,100.0,0.0,100.0,0.0,69.0,31.0,100.0,0.0,100.0,0.0,75.0,50288.0,31,31,100,0,100,0,200,0,100.0,21235.0,100.0,50182939488.0,100.0,74730757211.0
2018-01-05,S300Z75B,ST4000DM000,4000787030016,0,99.0,2449256.0,92.0,0.0,100.0,8.0,100.0,0.0,78.0,72103583.0,76.0,21649.0,100.0,0.0,100.0,8.0,100.0,0.0,100.0,0.0,100.0,0.0,100.0,0.0,100.0,0.0,69.0,31.0,100.0,0.0,100.0,0.0,75.0,50292.0,31.0,31.0,100.0,0.0,100.0,0.0,200.0,0.0,100.0,21263.0,100.0,50194843672.0,100.0,74820887142.0
2018-01-06,S300Z75B,ST4000DM000,4000787030016,0,111,41145168,92,0,100,8,100,0,78,72998554,76,21672,100,0,100,8,100.0,0.0,100.0,0.0,100.0,0.0,100.0,0.0,100.0,0.0,77.0,23.0,100.0,0.0,100.0,0.0,75.0,50292.0,23,23,100,0,100,0,200,0,100.0,21287.0,100.0,50208298728.0,100.0,74962511361.0
2018-01-07,S300Z75B,ST4000DM000,4000787030016,0,118,199927416,92,0,100,8,100,0,78,74041631,76,21696,100,0,100,8,100.0,0.0,100.0,0.0,100.0,0.0,100.0,0.0,100.0,0.0,77.0,23.0,100.0,0.0,100.0,0.0,75.0,50292.0,23,23,100,0,100,0,200,0,100.0,21310.0,100.0,50227258936.0,100.0,75117461582.0
2018-01-08,S300Z75B,ST4000DM000,4000787030016,0,116,114710640,92,0,100,8,100,0,78,75038015,76,21720,100,0,100,8,100.0,0.0,100.0,0.0,100.0,0.0,100.0,0.0,100.0,0.0,77.0,23.0,100.0,0.0,100.0,0.0,75.0,50292.0,23,23,100,0,100,0,200,0,100.0,21335.0,100.0,50240309888.0,100.0,75278062656.0
2018-01-09,S300Z75B,ST4000DM000,4000787030016,0,117,158979224,92,0,100,8,100,0,78,77084353,76,21744,100,0,100,8,100.0,0.0,100.0,0.0,100.0,0.0,100.0,0.0,100.0,0.0,77.0,23.0,100.0,0.0,100.0,0.0,75.0,50292.0,23,23,100,0,100,0,200,0,100.0,21358.0,100.0,50256156584.0,100.0,75452982399.0
2018-01-10,S300Z75B,ST4000DM000,4000787030016,0,120,242702784,92,0,100,8,100,0,78,78348234,76,21769,100,0,100,8,100.0,0.0,100.0,0.0,100.0,0.0,100.0,0.0,100.0,0.0,77.0,23.0,100.0,0.0,100.0,0.0,75.0,50292.0,23,23,100,0,100,0,200,0,100.0,21383.0,100.0,50276338184.0,100.0,75630687078.0
2018-01-11,S300Z75B,ST4000DM000,4000787030016,0,117,157567112,92,0,100,8,100,0,78,80508857,76,21802,100,0,100,8,100.0,0.0,100.0,0.0,100.0,0.0,100.0,0.0,100.0,0.0,76.0,24.0,100.0,0.0,100.0,0.0,75.0,50296.0,24,24,100,0,100,0,200,0,100.0,21416.0,100.0,50299377144.0,100.0,75825761707.0
2018-01-12,S300Z75B,ST4000DM000,4000787030016,0,118,179648328,92,0,100,8,100,0,78,83028799,76,21826,100,0,100,8,100.0,0.0,100.0,0.0,100.0,0.0,100.0,0.0,100.0,0.0,76.0,24.0,100.0,0.0,100.0,0.0,75.0,50296.0,24,24,100,0,100,0,200,0,100.0,21440.0,100.0,50321539832.0,100.0,75990350838.0
2018-01-13,S300Z75B,ST4000DM000,4000787030016,0,119.0,211797944.0,92.0,0.0,100.0,8.0,100,0,79.0,84287705.0,76,21850,100.0,0.0,100,8,100.0,0.0,100.0,0.0,100.0,0.0,100.0,0.0,100.0,0.0,76.0,24.0,100.0,0.0,100.0,0.0,75.0,50296.0,24.0,24.0,100.0,0.0,100.0,0.0,200,0,100.0,21464.0,100.0,50340007424.0,100.0,76152177585.0
2018-01-14,S300Z75B,ST4000DM000,4000787030016,0,118.0,177687088.0,92.0,0.0,100.0,8.0,100,0,79.0,85829759.0,76,21874,100.0,0.0,100,8,100.0,0.0,100.0,0.0,100.0,0.0,100.0,0.0,100.0,0.0,75.0,25.0,100.0,0.0,100.0,0.0,75.0,50296.0,25.0,25.0,100.0,0.0,100.0,0.0,200,0,100.0,21488.0,100.0,50361398720.0,100.0,76319125268.0
2018-01-15,S300Z75B,ST4000DM000,4000787030016,0,113.0,57758712.0,92.0,0.0,100.0,8.0,100,0,79.0,87590716.0,76,21898,100.0,0.0,100,8,100.0,0.0,100.0,0.0,100.0,0.0,100.0,0.0,100.0,0.0,76.0,24.0,100.0,0.0,100.0,0.0,75.0,50296.0,24.0,24.0,100.0,0.0,100.0,0.0,200,0,100.0,21512.0,100.0,50388432656.0,100.0,76487102930.0
2018-01-16,S300Z75B,ST4000DM000,4000787030016,0,117.0,141963464.0,92.0,0.0,100.0,8.0,100,0,79.0,89793027.0,75,21922,100.0,0.0,100,8,100.0,0.0,100.0,0.0,100.0,0.0,100.0,0.0,100.0,0.0,76.0,24.0,100.0,0.0,100.0,0.0,75.0,50296.0,24.0,24.0,100.0,0.0,100.0,0.0,200,0,100.0,21536.0,100.0,50411053552.0,100.0,76656093455.0
2018-01-17,S300Z75B,ST4000DM000,4000787030016,0,118.0,168093176.0,92.0,0.0,100.0,8.0,100,0,79.0,91006794.0,75,21946,100.0,0.0,100,8,100.0,0.0,100.0,0.0,100.0,0.0,100.0,0.0,100.0,0.0,76.0,24.0,100.0,0.0,100.0,0.0,75.0,50296.0,24.0,24.0,100.0,0.0,100.0,0.0,200,0,100.0,21560.0,100.0,50424246968.0,100.0,76784482240.0
2018-01-18,S300Z75B,ST4000DM000,4000787030016,0,117.0,126902336.0,92.0,0.0,100.0,8.0,100.0,0.0,79.0,92136781.0,75.0,21961.0,100.0,0.0,100.0,8.0,100.0,0.0,100.0,0.0,100.0,0.0,100.0,0.0,100.0,0.0,77.0,23.0,100.0,0.0,100.0,0.0,75.0,50296.0,23.0,23.0,100.0,0.0,100.0,0.0,200.0,0.0,100.0,21575.0,100.0,50433320200.0,100.0,76887014980.0
2018-01-19,S300Z75B,ST4000DM000,4000787030016,0,114.0,75311968.0,92.0,0.0,100.0,8.0,100.0,0.0,79.0,92918515.0,75.0,21985.0,100.0,0.0,100.0,8.0,100.0,0.0,100.0,0.0,100.0,0.0,100.0,0.0,100.0,0.0,77.0,23.0,100.0,0.0,100.0,0.0,75.0,50299.0,23.0,23.0,100.0,0.0,100.0,0.0,200.0,0.0,100.0,21599.0,100.0,50442019688.0,100.0,76990365738.0
2018-01-20,S300Z75B,ST4000DM000,4000787030016,0,115.0,99203856.0,92.0,0.0,100.0,8.0,100,0,79.0,93930667.0,75,22009,100.0,0.0,100,8,100.0,0.0,100.0,0.0,100.0,0.0,100.0,0.0,100.0,0.0,77.0,23.0,100.0,0.0,100.0,0.0,75.0,50299.0,23.0,23.0,100.0,0.0,100.0,0.0,200,0,100.0,21623.0,100.0,50455057248.0,100.0,77149883709.0
2018-01-21,S300Z75B,ST4000DM000,4000787030016,0,115.0,86179680.0,92.0,0.0,100.0,8.0,100,0,79.0,95427245.0,75,22033,100.0,0.0,100,8,100.0,0.0,100.0,0.0,100.0,0.0,100.0,0.0,100.0,0.0,77.0,23.0,100.0,0.0,100.0,0.0,75.0,50299.0,23.0,23.0,100.0,0.0,100.0,0.0,200,0,100.0,21647.0,100.0,50486589712.0,100.0,77336905147.0
2018-01-22,S300Z75B,ST4000DM000,4000787030016,0,118.0,194416160.0,92.0,0.0,100.0,8.0,100,0,79.0,96601612.0,75,22057,100.0,0.0,100,8,100.0,0.0,100.0,0.0,100.0,0.0,100.0,0.0,100.0,0.0,77.0,23.0,100.0,0.0,100.0,0.0,75.0,50299.0,23.0,23.0,100.0,0.0,100.0,0.0,200,0,100.0,21671.0,100.0,50507276344.0,100.0,77480312737.0
2018-01-23,S300Z75B,ST4000DM000,4000787030016,0,117.0,153540648.0,92.0,0.0,100.0,8.0,100,0,79.0,98340077.0,75,22081,100.0,0.0,100,8,100.0,0.0,100.0,0.0,100.0,0.0,100.0,0.0,100.0,0.0,78.0,22.0,100.0,0.0,100.0,0.0,75.0,50299.0,22.0,22.0,100.0,0.0,100.0,0.0,200,0,100.0,21695.0,100.0,50519470576.0,100.0,77613153726.0
2018-01-24,S300Z75B,ST4000DM000,4000787030016,0,117.0,131025552.0,92.0,0.0,100.0,8.0,100,0,79.0,99419186.0,75,22113,100.0,0.0,100,8,100.0,0.0,100.0,0.0,100.0,0.0,100.0,0.0,100.0,0.0,77.0,23.0,100.0,0.0,100.0,0.0,75.0,50299.0,23.0,23.0,100.0,0.0,100.0,0.0,200,0,100.0,21727.0,100.0,50557314288.0,100.0,77728409349.0
2018-01-25,S300Z75B,ST4000DM000,4000787030016,0,112.0,46109664.0,92.0,0.0,100.0,8.0,100,0,79.0,100081725.0,75,22130,100.0,0.0,100,8,100.0,0.0,100.0,0.0,100.0,0.0,100.0,0.0,100.0,0.0,78.0,22.0,100.0,0.0,100.0,0.0,75.0,50299.0,22.0,22.0,100.0,0.0,100.0,0.0,200,0,100.0,21744.0,100.0,50571429360.0,100.0,77787204570.0
2018-01-26,S300Z75B,ST4000DM000,4000787030016,0,110.0,27046056.0,92.0,0.0,100.0,8.0,100,0,80.0,101967845.0,75,22154,100.0,0.0,100,8,100.0,0.0,100.0,0.0,100.0,0.0,100.0,0.0,100.0,0.0,77.0,23.0,100.0,0.0,100.0,0.0,75.0,50303.0,23.0,23.0,100.0,0.0,100.0,0.0,200,0,100.0,21768.0,100.0,50587116144.0,100.0,77928024459.0
2018-01-27,S300Z75B,ST4000DM000,4000787030016,0,112.0,45756520.0,92.0,0.0,100.0,8.0,100,0,80.0,102985606.0,75,22177,100.0,0.0,100,8,100.0,0.0,100.0,0.0,100.0,0.0,100.0,0.0,100.0,0.0,78.0,22.0,100.0,0.0,100.0,0.0,75.0,50304.0,22.0,22.0,100.0,0.0,100.0,0.0,200,0,100.0,21791.0,100.0,50598741520.0,100.0,78046499229.0
2018-01-28,S300Z75B,ST4000DM000,4000787030016,0,116.0,101963488.0,92.0,0.0,100.0,8.0,100,0,80.0,103689007.0,75,22202,100.0,0.0,100,8,100.0,0.0,100.0,0.0,100.0,0.0,100.0,0.0,100.0,0.0,78.0,22.0,100.0,0.0,100.0,0.0,75.0,50304.0,22.0,22.0,100.0,0.0,100.0,0.0,200,0,100.0,21815.0,100.0,50611772136.0,100.0,78228092561.0
2018-01-29,S300Z75B,ST4000DM000,4000787030016,0,114.0,82902304.0,92.0,0.0,100.0,8.0,100,0,80.0,104321837.0,75,22226,100.0,0.0,100,8,100.0,0.0,100.0,0.0,100.0,0.0,100.0,0.0,100.0,0.0,77.0,23.0,100.0,0.0,100.0,0.0,75.0,50304.0,23.0,23.0,100.0,0.0,100.0,0.0,200,0,100.0,21839.0,100.0,50625051792.0,100.0,78394539753.0
2018-01-30,S300Z75B,ST4000DM000,4000787030016,0,114.0,72933656.0,92.0,0.0,100.0,8.0,100,0,80.0,106075782.0,75,22258,100.0,0.0,100,8,100.0,0.0,100.0,0.0,100.0,0.0,100.0,0.0,100.0,0.0,76.0,24.0,100.0,0.0,100.0,0.0,75.0,50306.0,24.0,24.0,100.0,0.0,100.0,0.0,200,0,100.0,21872.0,100.0,50650721520.0,100.0,78626015913.0
2018-01-31,S300Z75B,ST4000DM000,4000787030016,0,114.0,61312792.0,92.0,0.0,100.0,8.0,100.0,0.0,80.0,106666109.0,75.0,22282.0,100.0,0.0,100.0,8.0,100.0,0.0,100.0,0.0,100.0,0.0,100.0,0.0,100.0,0.0,75.0,25.0,100.0,0.0,100.0,0.0,75.0,50306.0,25.0,25.0,100.0,0.0,100.0,0.0,200.0,0.0,100.0,21896.0,100.0,50669995792.0,100.0,78777772531.0
2018-02-01,S300Z75B,ST4000DM000,4000787030016,0,114.0,68677432.0,92.0,0.0,100.0,8.0,100,0,80.0,108114788.0,75,22306,100.0,0.0,100,8,100.0,0.0,100.0,0.0,100.0,0.0,100.0,0.0,100.0,0.0,76.0,24.0,100.0,0.0,100.0,0.0,75.0,50306.0,24.0,24.0,100.0,0.0,100.0,0.0,200,0,100.0,21920.0,100.0,50690355872.0,100.0,78899600659.0
2018-02-02,S300Z75B,ST4000DM000,4000787030016,0,111.0,39817320.0,92.0,0.0,100.0,8.0,100,0,80.0,108656887.0,75,22330,100.0,0.0,100,8,100.0,0.0,100.0,0.0,100.0,0.0,100.0,0.0,100.0,0.0,76.0,24.0,100.0,0.0,100.0,0.0,75.0,50306.0,24.0,24.0,100.0,0.0,100.0,0.0,200,0,100.0,21944.0,100.0,50705699360.0,100.0,79049654957.0
2018-02-03,S300Z75B,ST4000DM000,4000787030016,0,117.0,167771896.0,92.0,0.0,100.0,8.0,100,0,80.0,109585263.0,75,22354,100.0,0.0,100,8,100.0,0.0,100.0,0.0,100.0,0.0,100.0,0.0,100.0,0.0,76.0,24.0,100.0,0.0,100.0,0.0,75.0,50306.0,24.0,24.0,100.0,0.0,100.0,0.0,200,0,100.0,21968.0,100.0,50725998136.0,100.0,79215033020.0
2018-02-04,S300Z75B,ST4000DM000,4000787030016,0,117.0,163948056.0,92.0,0.0,100.0,8.0,100,0,80.0,110552971.0,75,22374,100.0,0.0,100,8,100.0,0.0,100.0,0.0,100.0,0.0,100.0,0.0,100.0,0.0,76.0,24.0,100.0,0.0,100.0,0.0,75.0,50306.0,24.0,24.0,100.0,0.0,100.0,0.0,200,0,100.0,21988.0,100.0,50737821720.0,100.0,79379037804.0
2018-02-05,S300Z75B,ST4000DM000,4000787030016,0,114.0,61207872.0,92.0,0.0,100.0,8.0,100,0,80.0,111657558.0,75,22398,100.0,0.0,100,8,100.0,0.0,100.0,0.0,100.0,0.0,100.0,0.0,100.0,0.0,76.0,24.0,100.0,0.0,100.0,0.0,75.0,50306.0,24.0,24.0,100.0,0.0,100.0,0.0,200,0,100.0,22012.0,100.0,50759791120.0,100.0,79549059939.0
2018-02-06,S300Z75B,ST4000DM000,4000787030016,0,115.0,88730952.0,92.0,0.0,100.0,8.0,100,0,80.0,114525891.0,75,22422,100.0,0.0,100,8,100.0,0.0,100.0,0.0,100.0,0.0,100.0,0.0,100.0,0.0,77.0,23.0,100.0,0.0,100.0,0.0,75.0,50306.0,23.0,23.0,100.0,0.0,100.0,0.0,200,0,100.0,22036.0,100.0,50782981352.0,100.0,79712123071.0
2018-02-07,S300Z75B,ST4000DM000,4000787030016,0,117.0,133912512.0,92.0,0.0,100.0,8.0,100,0,80.0,115555950.0,75,22446,100.0,0.0,100,8,100.0,0.0,100.0,0.0,100.0,0.0,100.0,0.0,100.0,0.0,77.0,23.0,100.0,0.0,100.0,0.0,75.0,50306.0,23.0,23.0,100.0,0.0,100.0,0.0,200,0,100.0,22060.0,100.0,50802458288.0,100.0,79859795864.0
2018-02-08,S300Z75B,ST4000DM000,4000787030016,0,117.0,141166720.0,92.0,0.0,100.0,8.0,100,0,80.0,116740879.0,75,22472,100.0,0.0,100,8,100.0,0.0,100.0,0.0,100.0,0.0,100.0,0.0,100.0,0.0,76.0,24.0,100.0,0.0,100.0,0.0,75.0,50309.0,24.0,24.0,100.0,0.0,100.0,0.0,200,0,100.0,22086.0,100.0,50818521704.0,100.0,80041711541.0
2018-02-09,S300Z75B,ST4000DM000,4000787030016,0,119,221823656,92,0,100,8,100,0,81,117686407,75,22495,100,0,100,8,100.0,0.0,100.0,0.0,100.0,0.0,100.0,0.0,100.0,0.0,77.0,23.0,100.0,0.0,100.0,0.0,75.0,50309.0,23,23,100,0,100,0,200,0,100.0,22109.0,100.0,50826831232.0,100.0,80183933693.0
2018-02-10,S300Z75B,ST4000DM000,4000787030016,0,116.0,103138912.0,92.0,0.0,100.0,8.0,100.0,0.0,81.0,119421870.0,75.0,22520.0,100.0,0.0,100.0,8.0,100.0,0.0,100.0,0.0,100.0,0.0,100.0,0.0,100.0,0.0,78.0,22.0,100.0,0.0,100.0,0.0,75.0,50309.0,22.0,22.0,100.0,0.0,100.0,0.0,200.0,0.0,100.0,22134.0,100.0,50835547688.0,100.0,80368604952.0
2018-02-11,S300Z75B,ST4000DM000,4000787030016,0,112,49447752,92,0,100,8,100,0,81,120772839,75,22544,100,0,100,8,100.0,0.0,100.0,0.0,100.0,0.0,100.0,0.0,100.0,0.0,75.0,25.0,100.0,0.0,100.0,0.0,75.0,50309.0,25,25,100,0,100,0,200,0,100.0,22157.0,100.0,50843668984.0,100.0,80547553580.0
2018-02-12,S300Z75B,ST4000DM000,4000787030016,0,114,83271200,92,0,100,8,100,0,81,121876743,75,22568,100,0,100,8,100.0,0.0,100.0,0.0,100.0,0.0,100.0,0.0,100.0,0.0,76.0,24.0,100.0,0.0,100.0,0.0,75.0,50309.0,24,24,100,0,100,0,200,0,100.0,22181.0,100.0,50862220120.0,100.0,80701361326.0
2018-02-13,S300Z75B,ST4000DM000,4000787030016,0,111,30916792,92,0,100,8,100,0,81,123744318,75,22591,100,0,100,8,100.0,0.0,100.0,0.0,100.0,0.0,100.0,0.0,100.0,0.0,76.0,24.0,100.0,0.0,100.0,0.0,75.0,50309.0,24,24,100,0,100,0,200,0,100.0,22205.0,100.0,50881713040.0,100.0,80878294914.0
2018-02-14,S300Z75B,ST4000DM000,4000787030016,0,112,45406120,92,0,100,8,100,0,81,124714621,75,22616,100,0,100,8,100.0,0.0,100.0,0.0,100.0,0.0,100.0,0.0,100.0,0.0,77.0,23.0,100.0,0.0,100.0,0.0,75.0,50309.0,23,23,100,0,100,0,200,0,100.0,22229.0,100.0,50891402232.0,100.0,81044782612.0
2018-02-15,S300Z75B,ST4000DM000,4000787030016,0,116,102249592,92,0,100,8,100,0,81,126271651,75,22639,100,0,100,8,100.0,0.0,100.0,0.0,100.0,0.0,100.0,0.0,100.0,0.0,77.0,23.0,100.0,0.0,100.0,0.0,75.0,50311.0,23,23,100,0,100,0,200,0,100.0,22253.0,100.0,50920956768.0,100.0,81169636448.0
2018-02-16,S300Z75B,ST4000DM000,4000787030016,0,117,126452680,92,0,100,8,100,0,81,127782388,75,22664,100,0,100,8,100.0,0.0,100.0,0.0,100.0,0.0,100.0,0.0,100.0,0.0,77.0,23.0,100.0,0.0,100.0,0.0,75.0,50311.0,23,23,100,0,100,0,200,0,100.0,22277.0,100.0,50937265000.0,100.0,81346000327.0
2018-02-17,S300Z75B,ST4000DM000,4000787030016,0,113,57406192,92,0,100,8,100,0,81,128835696,75,22688,100,0,100,8,100.0,0.0,100.0,0.0,100.0,0.0,100.0,0.0,100.0,0.0,77.0,23.0,100.0,0.0,100.0,0.0,75.0,50311.0,23,23,100,0,100,0,200,0,100.0,22301.0,100.0,50946353280.0,100.0,81494334541.0
2018-02-18,S300Z75B,ST4000DM000,4000787030016,0,108,16781752,92,0,100,8,100,0,81,130119781,75,22712,100,0,100,8,100.0,0.0,100.0,0.0,100.0,0.0,100.0,0.0,100.0,0.0,77.0,23.0,100.0,0.0,100.0,0.0,75.0,50311.0,23,23,100,0,100,0,200,0,100.0,22325.0,100.0,50955878448.0,100.0,81652306343.0
2018-02-19,S300Z75B,ST4000DM000,4000787030016,0,117,133352544,92,0,100,8,100,0,81,132571544,75,22736,100,0,100,8,100.0,0.0,100.0,0.0,100.0,0.0,100.0,0.0,100.0,0.0,77.0,23.0,100.0,0.0,100.0,0.0,75.0,50311.0,23,23,100,0,100,0,200,0,100.0,22349.0,100.0,50968778840.0,100.0,81856955679.0
2018-02-20,S300Z75B,ST4000DM000,4000787030016,0,115,95059432,92,0,100,8,100,0,81,134535788,75,22759,100,0,100,8,100.0,0.0,100.0,0.0,100.0,0.0,100.0,0.0,100.0,0.0,77.0,23.0,100.0,0.0,100.0,0.0,75.0,50311.0,23,23,100,0,100,0,200,0,100.0,22373.0,100.0,50989826080.0,100.0,82024393077.0
2018-02-21,S300Z75B,ST4000DM000,4000787030016,0,116,112135544,92,0,100,8,100,0,81,135671828,74,22783,100,0,100,8,100.0,0.0,100.0,0.0,100.0,0.0,100.0,0.0,100.0,0.0,77.0,23.0,100.0,0.0,100.0,0.0,75.0,50311.0,23,23,100,0,100,0,200,0,100.0,22397.0,100.0,51006015856.0,100.0,82205556641.0
2018-02-22,S300Z75B,ST4000DM000,4000787030016,0,114,72284472,92,0,100,8,100,0,81,137391598,74,22807,100,0,100,8,100.0,0.0,100.0,0.0,100.0,0.0,100.0,0.0,100.0,0.0,77.0,23.0,100.0,0.0,100.0,0.0,75.0,50315.0,23,23,100,0,100,0,200,0,100.0,22420.0,100.0,51020235272.0,100.0,82343323619.0
2018-02-23,S300Z75B,ST4000DM000,4000787030016,0,115,84201616,92,0,100,8,100,0,81,138538038,74,22831,100,0,100,8,100.0,0.0,100.0,0.0,100.0,0.0,100.0,0.0,100.0,0.0,76.0,24.0,100.0,0.0,100.0,0.0,75.0,50315.0,24,24,100,0,100,0,200,0,100.0,22444.0,100.0,51032537168.0,100.0,82519641279.0
2018-02-24,S300Z75B,ST4000DM000,4000787030016,0,113,50516192,92,0,100,8,100,0,81,139758602,74,22855,100,0,100,8,100.0,0.0,100.0,0.0,100.0,0.0,100.0,0.0,100.0,0.0,77.0,23.0,100.0,0.0,100.0,0.0,75.0,50315.0,23,23,100,0,100,0,200,0,100.0,22468.0,100.0,51046587696.0,100.0,82702193211.0
2018-02-25,S300Z75B,ST4000DM000,4000787030016,0,111,38314424,92,0,100,8,100,0,81,140974074,74,22879,100,0,100,8,100.0,0.0,100.0,0.0,100.0,0.0,100.0,0.0,100.0,0.0,77.0,23.0,100.0,0.0,100.0,0.0,75.0,50315.0,23,23,100,0,100,0,200,0,100.0,22493.0,100.0,51053791672.0,100.0,82899076428.0
2018-02-26,S300Z75B,ST4000DM000,4000787030016,0,117,142163936,92,0,100,8,100,0,81,141911412,74,22903,100,0,100,8,100.0,0.0,100.0,0.0,100.0,0.0,100.0,0.0,100.0,0.0,77.0,23.0,100.0,0.0,100.0,0.0,75.0,50315.0,23,23,100,0,100,0,200,0,100.0,22516.0,100.0,51067875024.0,100.0,83045777087.0
2018-02-27,S300Z75B,ST4000DM000,4000787030016,0,114,64803264,92,0,100,8,100,0,81,143906186,74,22927,100,0,100,8,100.0,0.0,100.0,0.0,100.0,0.0,100.0,0.0,100.0,0.0,77.0,23.0,100.0,0.0,100.0,0.0,75.0,50315.0,23,23,100,0,100,0,200,0,100.0,22540.0,100.0,51088500664.0,100.0,83222752971.0
2018-02-28,S300Z75B,ST4000DM000,4000787030016,0,111,34474216,92,0,100,8,100,0,81,145025825,74,22951,100,0,100,8,100.0,0.0,100.0,0.0,100.0,0.0,100.0,0.0,100.0,0.0,76.0,24.0,100.0,0.0,100.0,0.0,75.0,50315.0,24,24,100,0,100,0,200,0,100.0,22564.0,100.0,51122122512.0,100.0,83363813963.0
2018-03-01,S300Z75B,ST4000DM000,4000787030016,0,118,178714104,92,0,100,8,100,0,81,146374333,74,22978,100,0,100,8,100.0,0.0,100.0,0.0,100.0,0.0,100.0,0.0,100.0,0.0,77.0,23.0,100.0,0.0,100.0,0.0,75.0,50319.0,23,23,100,0,100,0,200,0,100.0,22591.0,100.0,51140865968.0,100.0,83535709261.0
2018-03-02,S300Z75B,ST4000DM000,4000787030016,0,115,91430688,92,0,100,8,100,0,81,147401837,74,23001,100,0,100,8,100.0,0.0,100.0,0.0,100.0,0.0,100.0,0.0,100.0,0.0,77.0,23.0,100.0,0.0,100.0,0.0,75.0,50319.0,23,23,100,0,100,0,200,0,100.0,22615.0,100.0,51147945072.0,100.0,83706204747.0
2018-03-03,S300Z75B,ST4000DM000,4000787030016,0,119,232969952,92,0,100,8,100,0,81,148462467,74,23025,100,0,100,8,100.0,0.0,100.0,0.0,100.0,0.0,100.0,0.0,100.0,0.0,77.0,23.0,100.0,0.0,100.0,0.0,75.0,50319.0,23,23,100,0,100,0,200,0,100.0,22639.0,100.0,51158972712.0,100.0,83863148472.0
2018-03-04,S300Z75B,ST4000DM000,4000787030016,0,119,214121920,92,0,100,8,100,0,81,151154551,74,23049,100,0,100,8,100.0,0.0,100.0,0.0,100.0,0.0,100.0,0.0,100.0,0.0,76.0,24.0,100.0,0.0,100.0,0.0,75.0,50319.0,24,24,100,0,100,0,200,0,100.0,22663.0,100.0,51166474688.0,100.0,84050333890.0
2018-03-05,S300Z75B,ST4000DM000,4000787030016,0,117,133204664,92,0,100,8,100,0,81,152413226,74,23074,100,0,100,8,100.0,0.0,100.0,0.0,100.0,0.0,100.0,0.0,100.0,0.0,77.0,23.0,100.0,0.0,100.0,0.0,75.0,50319.0,23,23,100,0,100,0,200,0,100.0,22687.0,100.0,51169035256.0,100.0,84215638726.0
2018-03-06,S300Z75B,ST4000DM000,4000787030016,0,118,198466624,92,0,100,8,100,0,81,154481936,74,23091,100,0,100,8,100.0,0.0,100.0,0.0,100.0,0.0,100.0,0.0,100.0,0.0,77.0,23.0,100.0,0.0,100.0,0.0,75.0,50319.0,23,23,100,0,100,0,200,0,100.0,22705.0,100.0,51173840104.0,100.0,84361845885.0
2018-03-07,S300Z75B,ST4000DM000,4000787030016,0,110.0,25340432.0,92.0,0.0,100.0,8.0,100.0,0.0,81.0,155477189.0,74.0,23116.0,100.0,0.0,100.0,8.0,100.0,0.0,100.0,0.0,100.0,0.0,100.0,0.0,100.0,0.0,78.0,22.0,100.0,0.0,100.0,0.0,75.0,50323.0,22.0,22.0,100.0,0.0,100.0,0.0,200.0,0.0,100.0,22729.0,100.0,51175342176.0,100.0,84511659735.0
2018-03-08,S300Z75B,ST4000DM000,4000787030016,0,115,96301352,92,0,100,8,100,0,81,156818110,74,23141,100,0,100,8,100.0,0.0,100.0,0.0,100.0,0.0,100.0,0.0,100.0,0.0,78.0,22.0,100.0,0.0,100.0,0.0,75.0,50333.0,22,22,100,0,100,0,200,0,100.0,22754.0,100.0,51177946576.0,100.0,84643943969.0
2018-03-09,S300Z75B,ST4000DM000,4000787030016,0,117,150377616,92,0,100,8,100,0,81,157945787,74,23165,100,0,100,8,100.0,0.0,100.0,0.0,100.0,0.0,100.0,0.0,100.0,0.0,78.0,22.0,100.0,0.0,100.0,0.0,75.0,50336.0,22,22,100,0,100,0,200,0,100.0,22779.0,100.0,51180508680.0,100.0,84819927300.0
2018-03-10,S300Z75B,ST4000DM000,4000787030016,0,117,131744776,92,0,100,8,100,0,81,159036706,74,23189,100,0,100,8,100.0,0.0,100.0,0.0,100.0,0.0,100.0,0.0,100.0,0.0,77.0,23.0,100.0,0.0,100.0,0.0,75.0,50336.0,23,23,100,0,100,0,200,0,100.0,22803.0,100.0,51184148024.0,100.0,84990659731.0
2018-03-11,S300Z75B,ST4000DM000,4000787030016,0,108,19377784,92,0,100,8,100,0,81,159905744,74,23213,100,0,100,8,100.0,0.0,100.0,0.0,100.0,0.0,100.0,0.0,100.0,0.0,78.0,22.0,100.0,0.0,100.0,0.0,75.0,50336.0,22,22,100,0,100,0,200,0,100.0,22827.0,100.0,51189800624.0,100.0,85122749554.0
2018-03-12,S300Z75B,ST4000DM000,4000787030016,0,110,26136952,92,0,100,8,100,0,81,160296149,74,23237,100,0,100,8,100.0,0.0,100.0,0.0,100.0,0.0,100.0,0.0,100.0,0.0,77.0,23.0,100.0,0.0,100.0,0.0,75.0,50336.0,23,23,100,0,100,0,200,0,100.0,22850.0,100.0,51193131728.0,100.0,85188629952.0
2018-03-13,S300Z75B,ST4000DM000,4000787030016,0,119,201391632,92,0,100,8,100,0,81,161992639,74,23261,100,0,100,8,100.0,0.0,100.0,0.0,100.0,0.0,100.0,0.0,100.0,0.0,77.0,23.0,100.0,0.0,100.0,0.0,75.0,50336.0,23,23,100,0,100,0,200,0,100.0,22875.0,100.0,51204400216.0,100.0,85316205253.0
2018-03-14,S300Z75B,ST4000DM000,4000787030016,0,117,144314320,92,0,100,8,100,0,81,163596590,74,23285,100,0,100,8,100.0,0.0,100.0,0.0,100.0,0.0,100.0,0.0,100.0,0.0,77.0,23.0,100.0,0.0,100.0,0.0,75.0,50336.0,23,23,100,0,100,0,200,0,100.0,22899.0,100.0,51213046264.0,100.0,85437890789.0
2018-03-15,S300Z75B,ST4000DM000,4000787030016,0,117,161316216,92,0,100,8,100,0,81,164649468,74,23313,100,0,100,8,100.0,0.0,100.0,0.0,100.0,0.0,100.0,0.0,100.0,0.0,77.0,23.0,100.0,0.0,100.0,0.0,75.0,50350.0,23,23,100,0,100,0,200,0,100.0,22926.0,100.0,51217032320.0,100.0,85617488712.0
2018-03-16,S300Z75B,ST4000DM000,4000787030016,0,111.0,29975648.0,92.0,0.0,100.0,8.0,100.0,0.0,81.0,165407451.0,74.0,23337.0,100.0,0.0,100.0,8.0,100.0,0.0,100.0,0.0,100.0,0.0,100.0,0.0,100.0,0.0,75.0,25.0,100.0,0.0,100.0,0.0,75.0,50366.0,25.0,25.0,100.0,0.0,100.0,0.0,200.0,0.0,100.0,22950.0,100.0,51222415856.0,100.0,85783079762.0
2018-03-17,S300Z75B,ST4000DM000,4000787030016,0,117,125330384,92,0,100,8,100,0,81,165934089,74,23361,100,0,100,8,100.0,0.0,100.0,0.0,100.0,0.0,100.0,0.0,100.0,0.0,75.0,25.0,100.0,0.0,100.0,0.0,75.0,50366.0,25,25,100,0,100,0,200,0,100.0,22974.0,100.0,51226935600.0,100.0,85957338237.0
2018-03-18,S300Z75B,ST4000DM000,4000787030016,0,112,50152192,92,0,100,8,100,0,81,166399757,74,23385,100,0,100,8,100.0,0.0,100.0,0.0,100.0,0.0,100.0,0.0,100.0,0.0,76.0,24.0,100.0,0.0,100.0,0.0,75.0,50366.0,24,24,100,0,100,0,200,0,100.0,22998.0,100.0,51230154968.0,100.0,86121773363.0
2018-03-19,S300Z75B,ST4000DM000,4000787030016,0,117,144158224,92,0,100,8,100,0,81,166866655,74,23409,100,0,100,8,100.0,0.0,100.0,0.0,100.0,0.0,100.0,0.0,100.0,0.0,76.0,24.0,100.0,0.0,100.0,0.0,75.0,50366.0,24,24,100,0,100,0,200,0,100.0,23022.0,100.0,51234149552.0,100.0,86293246309.0
2018-03-20,S300Z75B,ST4000DM000,4000787030016,0,118,170877088,92,0,100,8,100,0,82,168220595,74,23433,100,0,100,8,100.0,0.0,100.0,0.0,100.0,0.0,100.0,0.0,100.0,0.0,77.0,23.0,100.0,0.0,100.0,0.0,75.0,50366.0,23,23,100,0,100,0,200,0,100.0,23046.0,100.0,51241055152.0,100.0,86463784494.0
2018-03-21,S300Z75B,ST4000DM000,4000787030016,0,117,148587552,92,0,100,8,100,0,82,168780171,74,23457,100,0,100,8,100.0,0.0,100.0,0.0,100.0,0.0,100.0,0.0,100.0,0.0,76.0,24.0,100.0,0.0,100.0,0.0,75.0,50366.0,24,24,100,0,100,0,200,0,100.0,23070.0,100.0,51256592632.0,100.0,86611523211.0
2018-03-22,S300Z75B,ST4000DM000,4000787030016,0,117,158330864,92,0,100,8,100,0,82,169989126,74,23481,100,0,100,8,100.0,0.0,100.0,0.0,100.0,0.0,100.0,0.0,100.0,0.0,77.0,23.0,100.0,0.0,100.0,0.0,75.0,50366.0,23,23,100,0,100,0,200,0,100.0,23095.0,100.0,51270953120.0,100.0,86724334317.0
2018-03-23,S300Z75B,ST4000DM000,4000787030016,0,118,179621824,92,0,100,8,100,0,82,171196955,74,23505,100,0,100,8,100.0,0.0,100.0,0.0,100.0,0.0,100.0,0.0,100.0,0.0,75.0,25.0,100.0,0.0,100.0,0.0,75.0,50366.0,25,25,100,0,100,0,200,0,100.0,23118.0,100.0,51294568944.0,100.0,86901650559.0
2018-03-24,S300Z75B,ST4000DM000,4000787030016,0,120,240661568,92,0,100,8,100,0,82,172279059,74,23529,100,0,100,8,100.0,0.0,100.0,0.0,100.0,0.0,100.0,0.0,100.0,0.0,76.0,24.0,100.0,0.0,100.0,0.0,75.0,50366.0,24,24,100,0,100,0,200,0,100.0,23142.0,100.0,51309934616.0,100.0,87075728944.0
2018-03-25,S300Z75B,ST4000DM000,4000787030016,0,117,127625208,92,0,100,8,100,0,82,174571444,74,23553,100,0,100,8,100.0,0.0,100.0,0.0,100.0,0.0,100.0,0.0,100.0,0.0,76.0,24.0,100.0,0.0,100.0,0.0,75.0,50366.0,24,24,100,0,100,0,200,0,100.0,23166.0,100.0,51323757248.0,100.0,87232274735.0
2018-03-26,S300Z75B,ST4000DM000,4000787030016,0,117,158924640,92,0,100,8,100,0,82,175670117,74,23577,100,0,100,8,100.0,0.0,100.0,0.0,100.0,0.0,100.0,0.0,100.0,0.0,77.0,23.0,100.0,0.0,100.0,0.0,75.0,50366.0,23,23,100,0,100,0,200,0,100.0,23191.0,100.0,51341113672.0,100.0,87404137727.0
2018-03-27,S300Z75B,ST4000DM000,4000787030016,0,104,7164152,92,0,100,8,100,0,82,177567624,74,23601,100,0,100,8,100.0,0.0,100.0,0.0,100.0,0.0,100.0,0.0,100.0,0.0,76.0,24.0,100.0,0.0,100.0,0.0,75.0,50366.0,24,24,100,0,100,0,200,0,100.0,23214.0,100.0,51356448808.0,100.0,87574929563.0
2018-03-28,S300Z75B,ST4000DM000,4000787030016,0,109,23000120,92,0,100,8,100,0,82,179006660,74,23625,100,0,100,8,100.0,0.0,100.0,0.0,100.0,0.0,100.0,0.0,100.0,0.0,76.0,24.0,100.0,0.0,100.0,0.0,75.0,50366.0,24,24,100,0,100,0,200,0,100.0,23238.0,100.0,51372045184.0,100.0,87738046002.0
2018-03-29,S300Z75B,ST4000DM000,4000787030016,0,119,234793760,92,0,100,8,100,0,82,180392818,74,23649,100,0,100,8,100.0,0.0,100.0,0.0,100.0,0.0,100.0,0.0,100.0,0.0,77.0,23.0,100.0,0.0,100.0,0.0,75.0,50370.0,23,23,100,0,100,0,200,0,100.0,23262.0,100.0,51388618576.0,100.0,87893673982.0
2018-03-30,S300Z75B,ST4000DM000,4000787030016,0,111,35409912,92,0,100,8,100,0,82,181646696,73,23673,100,0,100,8,100.0,0.0,100.0,0.0,100.0,0.0,100.0,0.0,100.0,0.0,76.0,24.0,100.0,0.0,100.0,0.0,75.0,50370.0,24,24,100,0,100,0,200,0,100.0,23286.0,100.0,51411873424.0,100.0,88048035102.0
2018-03-31,S300Z75B,ST4000DM000,4000787030016,0,114,61088632,92,0,100,8,100,0,82,182731405,73,23697,100,0,100,8,100.0,0.0,100.0,0.0,100.0,0.0,100.0,0.0,100.0,0.0,76.0,24.0,100.0,0.0,100.0,0.0,75.0,50370.0,24,24,100,0,100,0,200,0,100.0,23310.0,100.0,51421237320.0,100.0,88222017203.0
2018-04-01,S300Z75B,ST4000DM000,4000787030016,0,118,200150680,92,0,100,8,100,0,82,183461650,73,23720,100,0,100,8,100.0,0.0,100.0,0.0,100.0,0.0,100.0,0.0,100.0,0.0,75.0,25.0,100.0,0.0,100.0,0.0,75.0,50370.0,25,25,100,0,100,0,200,0,100.0,23334.0,100.0,51436958392.0,100.0,88350123076.0
2018-04-02,S300Z75B,ST4000DM000,4000787030016,0,117,145692168,92,0,100,8,100,0,82,185270801,73,23745,100,0,100,8,100.0,0.0,100.0,0.0,100.0,0.0,100.0,0.0,100.0,0.0,76.0,24.0,100.0,0.0,100.0,0.0,75.0,50370.0,24,24,100,0,100,0,200,0,100.0,23358.0,100.0,51450436928.0,100.0,88533624520.0
2018-04-03,S300Z75B,ST4000DM000,4000787030016,0,115,91491800,92,0,100,8,100,0,82,187247450,73,23768,100,0,100,8,100.0,0.0,100.0,0.0,100.0,0.0,100.0,0.0,100.0,0.0,76.0,24.0,100.0,0.0,100.0,0.0,75.0,50370.0,24,24,100,0,100,0,200,0,100.0,23382.0,100.0,51463371768.0,100.0,88715321811.0
2018-04-04,S300Z75B,ST4000DM000,4000787030016,0,117,138178352,92,0,100,8,100,0,82,188492287,73,23793,100,0,100,8,100.0,0.0,100.0,0.0,100.0,0.0,100.0,0.0,100.0,0.0,76.0,24.0,100.0,0.0,100.0,0.0,75.0,50370.0,24,24,100,0,100,0,200,0,100.0,23406.0,100.0,51484468216.0,100.0,88884691754.0
2018-04-05,S300Z75B,ST4000DM000,4000787030016,0,114,60279632,92,0,100,8,100,0,82,190321048,73,23816,100,0,100,8,100.0,0.0,100.0,0.0,100.0,0.0,100.0,0.0,100.0,0.0,74.0,26.0,100.0,0.0,100.0,0.0,75.0,50375.0,26,26,100,0,100,0,200,0,100.0,23430.0,100.0,51502950392.0,100.0,89004036399.0
2018-04-06,S300Z75B,ST4000DM000,4000787030016,0,114,63505368,92,0,100,8,100,0,82,191716965,73,23841,100,0,100,8,100.0,0.0,100.0,0.0,100.0,0.0,100.0,0.0,100.0,0.0,76.0,24.0,100.0,0.0,100.0,0.0,75.0,50375.0,24,24,100,0,100,0,200,0,100.0,23454.0,100.0,51515711408.0,100.0,89166096514.0
2018-04-07,S300Z75B,ST4000DM000,4000787030016,0,114.0,83821200.0,92.0,0.0,100.0,8.0,100.0,0.0,82.0,192781999.0,73.0,23865.0,100.0,0.0,100.0,8.0,100.0,0.0,100.0,0.0,100.0,0.0,100.0,0.0,100.0,0.0,74.0,26.0,100.0,0.0,100.0,0.0,75.0,50375.0,26.0,26.0,100.0,0.0,100.0,0.0,200.0,0.0,100.0,23478.0,100.0,51524452800.0,100.0,89356156925.0
2018-04-08,S300Z75B,ST4000DM000,4000787030016,0,118,192364904,92,0,100,8,100,0,82,193625229,73,23889,100,0,100,8,100.0,0.0,100.0,0.0,100.0,0.0,100.0,0.0,100.0,0.0,73.0,27.0,100.0,0.0,100.0,0.0,75.0,50375.0,27,27,100,0,100,0,200,0,100.0,23502.0,100.0,51527382080.0,100.0,89504319022.0
2018-04-09,S300Z75B,ST4000DM000,4000787030016,0,118,179383544,92,0,100,8,100,0,82,194560825,73,23912,100,0,100,8,100.0,0.0,100.0,0.0,100.0,0.0,100.0,0.0,100.0,0.0,74.0,26.0,100.0,0.0,100.0,0.0,75.0,50375.0,26,26,100,0,100,0,200,0,100.0,23526.0,100.0,51530767088.0,100.0,89670508088.0
2018-04-10,S300Z75B,ST4000DM000,4000787030016,0,117,146206400,92,0,100,8,100,0,82,196592116,73,23937,100,0,100,8,100.0,0.0,100.0,0.0,100.0,0.0,100.0,0.0,100.0,0.0,76.0,24.0,100.0,0.0,100.0,0.0,75.0,50375.0,24,24,100,0,100,0,200,0,100.0,23550.0,100.0,51535329312.0,100.0,89880109046.0
2018-04-11,S300Z75B,ST4000DM000,4000787030016,0,115,94282176,92,0,100,8,100,0,82,197730171,73,23961,100,0,100,8,100.0,0.0,100.0,0.0,100.0,0.0,100.0,0.0,100.0,0.0,75.0,25.0,100.0,0.0,100.0,0.0,75.0,50375.0,25,25,100,0,100,0,200,0,100.0,23574.0,100.0,51536964544.0,100.0,90074000861.0
2018-04-12,S300Z75B,ST4000DM000,4000787030016,0,119,229117352,92,0,100,8,100,0,82,198674078,73,23984,100,0,100,8,100.0,0.0,100.0,0.0,100.0,0.0,100.0,0.0,100.0,0.0,74.0,26.0,100.0,0.0,100.0,0.0,75.0,50394.0,26,26,100,0,100,0,200,0,100.0,23597.0,100.0,51539208088.0,100.0,90229292776.0
2018-04-13,S300Z75B,ST4000DM000,4000787030016,0,119,207821712,92,0,100,8,100,0,82,200891551,73,24009,100,0,100,8,100.0,0.0,100.0,0.0,100.0,0.0,100.0,0.0,100.0,0.0,74.0,26.0,100.0,0.0,100.0,0.0,75.0,50394.0,26,26,100,0,100,0,200,0,100.0,23622.0,100.0,51545026080.0,100.0,90394287341.0
2018-04-14,S300Z75B,ST4000DM000,4000787030016,0,117,132272248,92,0,100,8,100,0,83,201720019,73,24032,100,0,100,8,100.0,0.0,100.0,0.0,100.0,0.0,100.0,0.0,100.0,0.0,75.0,25.0,100.0,0.0,100.0,0.0,75.0,50394.0,25,25,100,0,100,0,200,0,100.0,23645.0,100.0,51547674728.0,100.0,90545917386.0
2018-04-15,S300Z75B,ST4000DM000,4000787030016,0,117,143482960,92,0,100,8,100,0,83,202531310,73,24057,100,0,100,8,100.0,0.0,100.0,0.0,100.0,0.0,100.0,0.0,100.0,0.0,75.0,25.0,100.0,0.0,100.0,0.0,75.0,50394.0,25,25,100,0,100,0,200,0,100.0,23670.0,100.0,51550665224.0,100.0,90689969510.0
2018-04-16,S300Z75B,ST4000DM000,4000787030016,0,108,15463192,92,0,100,8,100,0,83,203523369,73,24081,100,0,100,8,100.0,0.0,100.0,0.0,100.0,0.0,100.0,0.0,100.0,0.0,75.0,25.0,100.0,0.0,100.0,0.0,75.0,50394.0,25,25,100,0,100,0,200,0,100.0,23694.0,100.0,51554737488.0,100.0,90857268954.0
2018-04-17,S300Z75B,ST4000DM000,4000787030016,0,115,85689928,92,0,100,8,100,0,83,205530795,73,24104,100,0,100,8,100.0,0.0,100.0,0.0,100.0,0.0,100.0,0.0,100.0,0.0,75.0,25.0,100.0,0.0,100.0,0.0,75.0,50394.0,25,25,100,0,100,0,200,0,100.0,23717.0,100.0,51563704360.0,100.0,91029112720.0
2018-04-18,S300Z75B,ST4000DM000,4000787030016,0,118,168624424,92,0,100,8,100,0,83,206655280,73,24129,100,0,100,8,100.0,0.0,100.0,0.0,100.0,0.0,100.0,0.0,100.0,0.0,74.0,26.0,100.0,0.0,100.0,0.0,75.0,50394.0,26,26,100,0,100,0,200,0,100.0,23742.0,100.0,51568086768.0,100.0,91191667808.0
2018-04-19,S300Z75B,ST4000DM000,4000787030016,0,117,154411864,92,0,100,8,100,0,83,208417263,73,24153,100,0,100,8,100.0,0.0,100.0,0.0,100.0,0.0,100.0,0.0,100.0,0.0,75.0,25.0,100.0,0.0,100.0,0.0,75.0,50400.0,25,25,100,0,100,0,200,0,100.0,23766.0,100.0,51573044232.0,100.0,91324998364.0
2018-04-20,S300Z75B,ST4000DM000,4000787030016,0,118,178122344,92,0,100,8,100,0,83,209875344,73,24177,100,0,100,8,100.0,0.0,100.0,0.0,100.0,0.0,100.0,0.0,100.0,0.0,73.0,27.0,100.0,0.0,100.0,0.0,75.0,50400.0,27,27,100,0,100,0,200,0,100.0,23790.0,100.0,51576168104.0,100.0,91496972115.0
2018-04-21,S300Z75B,ST4000DM000,4000787030016,0,108,15057120,92,0,100,8,100,0,83,210959927,73,24201,100,0,100,8,100.0,0.0,100.0,0.0,100.0,0.0,100.0,0.0,100.0,0.0,73.0,27.0,100.0,0.0,100.0,0.0,75.0,50400.0,27,27,100,0,100,0,200,0,100.0,23814.0,100.0,51577790160.0,100.0,91651680797.0
2018-04-22,S300Z75B,ST4000DM000,4000787030016,0,117,147734400,92,0,100,8,100,0,83,212352664,73,24225,100,0,100,8,100.0,0.0,100.0,0.0,100.0,0.0,100.0,0.0,100.0,0.0,76.0,24.0,100.0,0.0,100.0,0.0,75.0,50400.0,24,24,100,0,100,0,200,0,100.0,23838.0,100.0,51579442944.0,100.0,91816763990.0
2018-04-23,S300Z75B,ST4000DM000,4000787030016,0,120,241963352,92,0,100,8,100,0,83,213347463,73,24248,100,0,100,8,100.0,0.0,100.0,0.0,100.0,0.0,100.0,0.0,100.0,0.0,77.0,23.0,100.0,0.0,100.0,0.0,75.0,50400.0,23,23,100,0,100,0,200,0,100.0,23861.0,100.0,51581190576.0,100.0,91990907384.0
2018-04-24,S300Z75B,ST4000DM000,4000787030016,0,114,67025480,92,0,100,8,100,0,83,215500400,73,24273,100,0,100,8,100.0,0.0,100.0,0.0,100.0,0.0,100.0,0.0,100.0,0.0,71.0,29.0,100.0,0.0,100.0,0.0,75.0,50400.0,29,29,100,0,100,0,200,0,100.0,23886.0,100.0,51587188840.0,100.0,92170838561.0
2018-04-25,S300Z75B,ST4000DM000,4000787030016,0,118,176599840,92,0,100,8,100,0,83,217105725,73,24296,100,0,100,8,100.0,0.0,100.0,0.0,100.0,0.0,100.0,0.0,100.0,0.0,76.0,24.0,100.0,0.0,100.0,0.0,75.0,50400.0,24,24,100,0,100,0,200,0,100.0,23909.0,100.0,51589214672.0,100.0,92248170671.0
2018-04-26,S300Z75B,ST4000DM000,4000787030016,0,119,218096640,92,0,100,8,100,0,83,217926757,73,24316,100,0,100,8,100.0,0.0,100.0,0.0,100.0,0.0,100.0,0.0,100.0,0.0,78.0,22.0,100.0,0.0,100.0,0.0,75.0,50415.0,22,22,100,0,100,0,200,0,100.0,23929.0,100.0,51593407600.0,100.0,92311911262.0
2018-04-27,S300Z75B,ST4000DM000,4000787030016,0,117,160670400,92,0,100,8,100,0,83,218601033,73,24341,100,0,100,8,100.0,0.0,100.0,0.0,100.0,0.0,100.0,0.0,100.0,0.0,76.0,24.0,100.0,0.0,100.0,0.0,75.0,50421.0,24,24,100,0,100,0,200,0,100.0,23953.0,100.0,51595145824.0,100.0,92426160048.0
2018-04-28,S300Z75B,ST4000DM000,4000787030016,0,119,213946376,92,0,100,8,100,0,83,219402926,73,24365,100,0,100,8,100.0,0.0,100.0,0.0,100.0,0.0,100.0,0.0,100.0,0.0,76.0,24.0,100.0,0.0,100.0,0.0,75.0,50421.0,24,24,100,0,100,0,200,0,100.0,23977.0,100.0,51597589280.0,100.0,92585717502.0
2018-04-29,S300Z75B,ST4000DM000,4000787030016,0,111,29829392,92,0,100,8,100,0,83,220224747,73,24389,100,0,100,8,100.0,0.0,100.0,0.0,100.0,0.0,100.0,0.0,100.0,0.0,75.0,25.0,100.0,0.0,100.0,0.0,75.0,50421.0,25,25,100,0,100,0,200,0,100.0,24002.0,100.0,51602122392.0,100.0,92747014783.0
2018-04-30,S300Z75B,ST4000DM000,4000787030016,0,117,145690544,92,0,100,8,100,0,83,220838687,73,24413,100,0,100,8,100.0,0.0,100.0,0.0,100.0,0.0,100.0,0.0,100.0,0.0,75.0,25.0,100.0,0.0,100.0,0.0,75.0,50438.0,25,25,100,0,100,0,200,0,100.0,24025.0,100.0,51605023336.0,100.0,92897573061.0
2018-05-01,S300Z75B,ST4000DM000,4000787030016,0,118,168574256,92,0,100,8,100,0,83,222284046,73,24437,100,0,100,8,100.0,0.0,100.0,0.0,100.0,0.0,100.0,0.0,100.0,0.0,75.0,25.0,100.0,0.0,100.0,0.0,75.0,50438.0,25,25,100,0,100,0,200,0,100.0,24050.0,100.0,51611387728.0,100.0,93090464218.0
2018-05-02,S300Z75B,ST4000DM000,4000787030016,0,115.0,96901184.0,92.0,0.0,100.0,8.0,100.0,0.0,83.0,222738500.0,73.0,24461.0,100.0,0.0,100.0,8.0,100.0,0.0,100.0,0.0,100.0,0.0,100.0,0.0,100.0,0.0,74.0,26.0,100.0,0.0,100.0,0.0,75.0,50438.0,26.0,26.0,100.0,0.0,100.0,0.0,200.0,0.0,100.0,24074.0,100.0,51613902808.0,100.0,93255866631.0
2018-05-03,S300Z75B,ST4000DM000,4000787030016,0,118,169459496,92,0,100,8,100,0,83,223358642,73,24489,100,0,100,8,100.0,0.0,100.0,0.0,100.0,0.0,100.0,0.0,100.0,0.0,76.0,24.0,100.0,0.0,100.0,0.0,75.0,50448.0,24,24,100,0,100,0,200,0,100.0,24101.0,100.0,51617775720.0,100.0,93429750853.0
2018-05-04,S300Z75B,ST4000DM000,4000787030016,0,115,98056480,92,0,100,8,100,0,83,223790725,73,24512,100,0,100,8,100.0,0.0,100.0,0.0,100.0,0.0,100.0,0.0,100.0,0.0,76.0,24.0,100.0,0.0,100.0,0.0,75.0,50448.0,24,24,100,0,100,0,200,0,100.0,24125.0,100.0,51620680496.0,100.0,93577906393.0
2018-05-05,S300Z75B,ST4000DM000,4000787030016,0,118,196519360,92,0,100,8,100,0,83,224152117,72,24537,100,0,100,8,100.0,0.0,100.0,0.0,100.0,0.0,100.0,0.0,100.0,0.0,75.0,25.0,100.0,0.0,100.0,0.0,75.0,50448.0,25,25,100,0,100,0,200,0,100.0,24150.0,100.0,51623499816.0,100.0,93716446519.0
2018-05-06,S300Z75B,ST4000DM000,4000787030016,0,116,106230792,92,0,100,8,100,0,83,226393466,72,24561,100,0,100,8,100.0,0.0,100.0,0.0,100.0,0.0,100.0,0.0,100.0,0.0,76.0,24.0,100.0,0.0,100.0,0.0,75.0,50448.0,24,24,100,0,100,0,200,0,100.0,24173.0,100.0,51630280128.0,100.0,93914721122.0
2018-05-07,S300Z75B,ST4000DM000,4000787030016,0,105,8314144,92,0,100,8,100,0,83,227327061,72,24585,100,0,100,8,100.0,0.0,100.0,0.0,100.0,0.0,100.0,0.0,100.0,0.0,76.0,24.0,100.0,0.0,100.0,0.0,75.0,50448.0,24,24,100,0,100,0,200,0,100.0,24197.0,100.0,51634255248.0,100.0,94084116612.0
2018-05-08,S300Z75B,ST4000DM000,4000787030016,0,114,67586376,92,0,100,8,100,0,83,228891029,72,24608,100,0,100,8,100.0,0.0,100.0,0.0,100.0,0.0,100.0,0.0,100.0,0.0,74.0,26.0,100.0,0.0,100.0,0.0,75.0,50448.0,26,26,100,0,100,0,200,0,100.0,24221.0,100.0,51639501968.0,100.0,94224342081.0
2018-05-09,S300Z75B,ST4000DM000,4000787030016,0,119,204119968,92,0,100,8,100,0,83,229728574,72,24633,100,0,100,8,100.0,0.0,100.0,0.0,100.0,0.0,100.0,0.0,100.0,0.0,74.0,26.0,100.0,0.0,100.0,0.0,75.0,50448.0,26,26,100,0,100,0,200,0,100.0,24245.0,100.0,51641811592.0,100.0,94380267912.0
2018-05-10,S300Z75B,ST4000DM000,4000787030016,0,113,55156376,92,0,100,8,100,0,83,230769589,72,24657,100,0,100,8,100.0,0.0,100.0,0.0,100.0,0.0,100.0,0.0,100.0,0.0,76.0,24.0,100.0,0.0,100.0,0.0,75.0,50454.0,24,24,100,0,100,0,200,0,100.0,24270.0,100.0,51645383536.0,100.0,94539544411.0
2018-05-11,S300Z75B,ST4000DM000,4000787030016,0,120,240312528,92,0,100,8,100,0,83,232322513,72,24681,100,0,100,8,100.0,0.0,100.0,0.0,100.0,0.0,100.0,0.0,100.0,0.0,75.0,25.0,100.0,0.0,100.0,0.0,75.0,50454.0,25,25,100,0,100,0,200,0,100.0,24294.0,100.0,51652377992.0,100.0,94713746441.0
2018-05-12,S300Z75B,ST4000DM000,4000787030016,0,119,214729856,92,0,100,8,100,0,83,233716439,72,24705,100,0,100,8,100.0,0.0,100.0,0.0,100.0,0.0,100.0,0.0,100.0,0.0,75.0,25.0,100.0,0.0,100.0,0.0,75.0,50454.0,25,25,100,0,100,0,200,0,100.0,24318.0,100.0,51655464784.0,100.0,94892910926.0
2018-05-13,S300Z75B,ST4000DM000,4000787030016,0,117,165338224,92,0,100,8,100,0,83,234687194,72,24729,100,0,100,8,100.0,0.0,100.0,0.0,100.0,0.0,100.0,0.0,100.0,0.0,76.0,24.0,100.0,0.0,100.0,0.0,75.0,50454.0,24,24,100,0,100,0,200,0,100.0,24342.0,100.0,51657263768.0,100.0,95056032701.0
2018-05-14,S300Z75B,ST4000DM000,4000787030016,0,111,30183688,92,0,100,8,100,0,84,235378095,72,24753,100,0,100,8,100.0,0.0,100.0,0.0,100.0,0.0,100.0,0.0,100.0,0.0,75.0,25.0,100.0,0.0,100.0,0.0,75.0,50454.0,25,25,100,0,100,0,200,0,100.0,24365.0,100.0,51659551904.0,100.0,95201128044.0
2018-05-15,S300Z75B,ST4000DM000,4000787030016,0,116.0,110389824.0,92.0,0.0,100.0,8.0,100.0,0.0,84.0,237939967.0,72.0,24777.0,100.0,0.0,100.0,8.0,100.0,0.0,100.0,0.0,100.0,0.0,100.0,0.0,100.0,0.0,76.0,24.0,100.0,0.0,100.0,0.0,75.0,50455.0,24.0,24.0,100.0,0.0,100.0,0.0,200.0,0.0,100.0,24390.0,100.0,51664691112.0,100.0,95382751669.0
2018-05-16,S300Z75B,ST4000DM000,4000787030016,0,117,141926072,92,0,100,8,100,0,84,238829208,72,24801,100,0,100,8,100.0,0.0,100.0,0.0,100.0,0.0,100.0,0.0,100.0,0.0,76.0,24.0,100.0,0.0,100.0,0.0,75.0,50455.0,24,24,100,0,100,0,200,0,100.0,24414.0,100.0,51666357768.0,100.0,95546085077.0
2018-05-17,S300Z75B,ST4000DM000,4000787030016,0,118,183768536,92,0,100,8,100,0,84,239841797,72,24825,100,0,100,8,100.0,0.0,100.0,0.0,100.0,0.0,100.0,0.0,100.0,0.0,76.0,24.0,100.0,0.0,100.0,0.0,75.0,50464.0,24,24,100,0,100,0,200,0,100.0,24437.0,100.0,51668469248.0,100.0,95689181580.0
2018-05-18,S300Z75B,ST4000DM000,4000787030016,0,115,84881056,92,0,100,8,100,0,84,241070393,72,24848,100,0,100,8,100.0,0.0,100.0,0.0,100.0,0.0,100.0,0.0,100.0,0.0,77.0,23.0,100.0,0.0,100.0,0.0,75.0,50464.0,23,23,100,0,100,0,200,0,100.0,24461.0,100.0,51672425752.0,100.0,95848468544.0
2018-05-19,S300Z75B,ST4000DM000,4000787030016,0,118,178473264,92,0,100,8,100,0,84,242160440,72,24873,100,0,100,8,100.0,0.0,100.0,0.0,100.0,0.0,100.0,0.0,100.0,0.0,77.0,23.0,100.0,0.0,100.0,0.0,75.0,50464.0,23,23,100,0,100,0,200,0,100.0,24485.0,100.0,51677212408.0,100.0,96030419105.0
2018-05-20,S300Z75B,ST4000DM000,4000787030016,0,107,13332872,92,0,100,8,100,0,84,242999790,72,24897,100,0,100,8,100.0,0.0,100.0,0.0,100.0,0.0,100.0,0.0,100.0,0.0,77.0,23.0,100.0,0.0,100.0,0.0,75.0,50464.0,23,23,100,0,100,0,200,0,100.0,24509.0,100.0,51680207224.0,100.0,96180808476.0
2018-05-21,S300Z75B,ST4000DM000,4000787030016,0,118,193214952,92,0,100,8,100,0,84,244003228,72,24921,100,0,100,8,100.0,0.0,100.0,0.0,100.0,0.0,100.0,0.0,100.0,0.0,77.0,23.0,100.0,0.0,100.0,0.0,75.0,50464.0,23,23,100,0,100,0,200,0,100.0,24533.0,100.0,51682833776.0,100.0,96359764197.0
2018-05-22,S300Z75B,ST4000DM000,4000787030016,0,117,151555144,92,0,100,8,100,0,84,245991103,72,24944,100,0,100,8,100.0,0.0,100.0,0.0,100.0,0.0,100.0,0.0,100.0,0.0,77.0,23.0,100.0,0.0,100.0,0.0,75.0,50464.0,23,23,100,0,100,0,200,0,100.0,24557.0,100.0,51688406928.0,100.0,96558397864.0
2018-05-23,S300Z75B,ST4000DM000,4000787030016,0,115,86768032,92,0,100,8,100,0,84,247099964,72,24968,100,0,100,8,100.0,0.0,100.0,0.0,100.0,0.0,100.0,0.0,100.0,0.0,77.0,23.0,100.0,0.0,100.0,0.0,75.0,50464.0,23,23,100,0,100,0,200,0,100.0,24581.0,100.0,51690534056.0,100.0,96748817867.0
2018-05-24,S300Z75B,ST4000DM000,4000787030016,0,114,61634944,92,0,100,8,100,0,84,248603015,72,24992,100,0,100,8,100.0,0.0,100.0,0.0,100.0,0.0,100.0,0.0,100.0,0.0,77.0,23.0,100.0,0.0,100.0,0.0,75.0,50528.0,23,23,100,0,100,0,200,0,100.0,24605.0,100.0,51694896056.0,100.0,96876515664.0
2018-05-25,S300Z75B,ST4000DM000,4000787030016,0,118,173368056,92,0,100,8,100,0,84,249475968,72,25016,100,0,100,8,100.0,0.0,100.0,0.0,100.0,0.0,100.0,0.0,100.0,0.0,77.0,23.0,100.0,0.0,100.0,0.0,75.0,50528.0,23,23,100,0,100,0,200,0,100.0,24629.0,100.0,51697454448.0,100.0,97018655040.0
2018-05-26,S300Z75B,ST4000DM000,4000787030016,0,117,151240032,92,0,100,8,100,0,84,251794337,72,25043,100,0,100,8,100.0,0.0,100.0,0.0,100.0,0.0,100.0,0.0,100.0,0.0,77.0,23.0,100.0,0.0,100.0,0.0,75.0,50531.0,23,23,100,0,100,0,200,0,100.0,24655.0,100.0,51703672968.0,100.0,97204480258.0
2018-05-27,S300Z75B,ST4000DM000,4000787030016,0,111,35807016,92,0,100,8,100,0,84,252654101,72,25067,100,0,100,8,100.0,0.0,100.0,0.0,100.0,0.0,100.0,0.0,100.0,0.0,77.0,23.0,100.0,0.0,100.0,0.0,75.0,50531.0,23,23,100,0,100,0,200,0,100.0,24679.0,100.0,51706026784.0,100.0,97351941375.0
2018-05-28,S300Z75B,ST4000DM000,4000787030016,0,114,83436288,92,0,100,8,100,0,84,253583650,72,25091,100,0,100,8,100.0,0.0,100.0,0.0,100.0,0.0,100.0,0.0,100.0,0.0,77.0,23.0,100.0,0.0,100.0,0.0,75.0,50531.0,23,23,100,0,100,0,200,0,100.0,24703.0,100.0,51707966160.0,100.0,97512874129.0
2018-05-29,S300Z75B,ST4000DM000,4000787030016,0,114,79460848,92,0,100,8,100,0,84,255517255,72,25115,100,0,100,8,100.0,0.0,100.0,0.0,100.0,0.0,100.0,0.0,100.0,0.0,77.0,23.0,100.0,0.0,100.0,0.0,75.0,50531.0,23,23,100,0,100,0,200,0,100.0,24727.0,100.0,51715229920.0,100.0,97680912763.0
2018-05-30,S300Z75B,ST4000DM000,4000787030016,0,117,118964664,92,0,100,8,100,0,84,256621441,72,25139,100,0,100,8,100.0,0.0,100.0,0.0,100.0,0.0,100.0,0.0,100.0,0.0,77.0,23.0,100.0,0.0,100.0,0.0,75.0,50531.0,23,23,100,0,100,0,200,0,100.0,24751.0,100.0,51718133392.0,100.0,97838318021.0
2018-05-31,S300Z75B,ST4000DM000,4000787030016,0,119,228456608,92,0,100,8,100,0,84,258008825,72,25163,100,0,100,8,100.0,0.0,100.0,0.0,100.0,0.0,100.0,0.0,100.0,0.0,77.0,23.0,100.0,0.0,100.0,0.0,75.0,50592.0,23,23,100,0,100,0,200,0,100.0,24774.0,100.0,51720516000.0,100.0,97977094905.0
2018-06-01,S300Z75B,ST4000DM000,4000787030016,0,111,37660648,92,0,100,8,100,0,84,259262541,72,25187,100,0,100,8,100.0,0.0,100.0,0.0,100.0,0.0,100.0,0.0,100.0,0.0,77.0,23.0,100.0,0.0,100.0,0.0,75.0,50592.0,23,23,100,0,100,0,200,0,100.0,24798.0,100.0,51722653096.0,100.0,98128392246.0
2018-06-02,S300Z75B,ST4000DM000,4000787030016,0,112,47602488,92,0,100,8,100,0,84,260611741,72,25211,100,0,100,8,100.0,0.0,100.0,0.0,100.0,0.0,100.0,0.0,100.0,0.0,76.0,24.0,100.0,0.0,100.0,0.0,75.0,50592.0,24,24,100,0,100,0,200,0,100.0,24822.0,100.0,51726703032.0,100.0,98294970564.0
2018-06-03,S300Z75B,ST4000DM000,4000787030016,0,118,193515712,92,0,100,8,100,0,84,261746384,72,25235,100,0,100,8,100.0,0.0,100.0,0.0,100.0,0.0,100.0,0.0,100.0,0.0,77.0,23.0,100.0,0.0,100.0,0.0,75.0,50592.0,23,23,100,0,100,0,200,0,100.0,24846.0,100.0,51728700392.0,100.0,98476597229.0
2018-06-04,S300Z75B,ST4000DM000,4000787030016,0,107,13825640,92,0,100,8,100,0,84,262696239,72,25259,100,0,100,8,100.0,0.0,100.0,0.0,100.0,0.0,100.0,0.0,100.0,0.0,77.0,23.0,100.0,0.0,100.0,0.0,75.0,50592.0,23,23,100,0,100,0,200,0,100.0,24871.0,100.0,51730640144.0,100.0,98635028803.0
2018-06-05,S300Z75B,ST4000DM000,4000787030016,0,118,168902216,92,0,100,8,100,0,84,264124219,72,25283,100,0,100,8,100.0,0.0,100.0,0.0,100.0,0.0,100.0,0.0,100.0,0.0,77.0,23.0,100.0,0.0,100.0,0.0,75.0,50592.0,23,23,100,0,100,0,200,0,100.0,24895.0,100.0,51735419000.0,100.0,98742358865.0
2018-06-06,S300Z75B,ST4000DM000,4000787030016,0,108,15529296,92,0,100,8,100,0,84,266334329,72,25307,100,0,100,8,100.0,0.0,100.0,0.0,100.0,0.0,100.0,0.0,100.0,0.0,77.0,23.0,100.0,0.0,100.0,0.0,75.0,50592.0,23,23,100,0,100,0,200,0,100.0,24919.0,100.0,51741570688.0,100.0,98901080827.0
2018-06-07,S300Z75B,ST4000DM000,4000787030016,0,114,81795176,92,0,100,8,100,0,84,267857377,72,25331,100,0,100,8,100.0,0.0,100.0,0.0,100.0,0.0,100.0,0.0,100.0,0.0,77.0,23.0,100.0,0.0,100.0,0.0,75.0,50612.0,23,23,100,0,100,0,200,0,100.0,24942.0,100.0,51746648648.0,100.0,99033057678.0
2018-06-08,S300Z75B,ST4000DM000,4000787030016,0,120,242230344,92,0,100,8,100,0,84,268491360,72,25353,100,0,100,8,100.0,0.0,100.0,0.0,100.0,0.0,100.0,0.0,100.0,0.0,77.0,23.0,100.0,0.0,100.0,0.0,75.0,50616.0,23,23,100,0,100,0,200,0,100.0,24965.0,100.0,51747642664.0,100.0,99172441455.0
2018-06-09,S300Z75B,ST4000DM000,4000787030016,0,117,142683776,92,0,100,8,100,0,84,269066484,72,25378,100,0,100,8,100.0,0.0,100.0,0.0,100.0,0.0,100.0,0.0,100.0,0.0,78.0,22.0,100.0,0.0,100.0,0.0,75.0,50653.0,22,22,100,0,100,0,200,0,100.0,24989.0,100.0,51750922224.0,100.0,99328819839.0
2018-06-10,S300Z75B,ST4000DM000,4000787030016,0,119,218550600,92,0,100,8,100,0,84,269584409,72,25402,100,0,100,8,100.0,0.0,100.0,0.0,100.0,0.0,100.0,0.0,100.0,0.0,78.0,22.0,100.0,0.0,100.0,0.0,75.0,50653.0,22,22,100,0,100,0,200,0,100.0,25013.0,100.0,51755165568.0,100.0,99500998446.0
2018-06-11,S300Z75B,ST4000DM000,4000787030016,0,115,96492752,92,0,100,8,100,0,84,270028605,71,25425,100,0,100,8,100.0,0.0,100.0,0.0,100.0,0.0,100.0,0.0,100.0,0.0,78.0,22.0,100.0,0.0,100.0,0.0,75.0,50654.0,22,22,100,0,100,0,200,0,100.0,25037.0,100.0,51757425584.0,100.0,99666155147.0
2018-06-12,S300Z75B,ST4000DM000,4000787030016,0,111,38562264,92,0,100,8,100,0,84,271382597,71,25450,100,0,100,8,100.0,0.0,100.0,0.0,100.0,0.0,100.0,0.0,100.0,0.0,79.0,21.0,100.0,0.0,100.0,0.0,75.0,50654.0,21,21,100,0,100,0,200,0,100.0,25061.0,100.0,51763191208.0,100.0,99838611839.0
2018-06-13,S300Z75B,ST4000DM000,4000787030016,0,120,240791728,92,0,100,8,100,0,84,271820231,71,25473,100,0,100,8,100.0,0.0,100.0,0.0,100.0,0.0,100.0,0.0,100.0,0.0,78.0,22.0,100.0,0.0,100.0,0.0,75.0,50654.0,22,22,100,0,100,0,200,0,100.0,25085.0,100.0,51765904448.0,100.0,99987628844.0
2018-06-14,S300Z75B,ST4000DM000,4000787030016,0,119,226099776,92,0,100,8,100,0,84,272341205,71,25499,100,0,100,8,100.0,0.0,100.0,0.0,100.0,0.0,100.0,0.0,100.0,0.0,77.0,23.0,100.0,0.0,100.0,0.0,75.0,50707.0,23,23,100,0,100,0,200,0,100.0,25110.0,100.0,51769505792.0,100.0,100114829073.0
2018-06-15,S300Z75B,ST4000DM000,4000787030016,0,113.0,52265896.0,92.0,0.0,100.0,8.0,100.0,0.0,84.0,273154692.0,71.0,25522.0,100.0,0.0,100.0,8.0,100.0,0.0,100.0,0.0,100.0,0.0,100.0,0.0,100.0,0.0,77.0,23.0,100.0,0.0,100.0,0.0,75.0,50707.0,23.0,23.0,100.0,0.0,100.0,0.0,200.0,0.0,100.0,25133.0,100.0,51771856120.0,100.0,100284477656.0
2018-06-16,S300Z75B,ST4000DM000,4000787030016,0,117.0,162408016.0,92.0,0.0,100.0,8.0,100.0,0.0,84.0,274078682.0,71.0,25547.0,100.0,0.0,100.0,8.0,100.0,0.0,100.0,0.0,100.0,0.0,100.0,0.0,100.0,0.0,76.0,24.0,100.0,0.0,100.0,0.0,75.0,50707.0,24.0,24.0,100.0,0.0,100.0,0.0,200.0,0.0,100.0,25158.0,100.0,51775177112.0,100.0,100456610019.0
2018-06-17,S300Z75B,ST4000DM000,4000787030016,0,115.0,94620640.0,92.0,0.0,100.0,8.0,100.0,0.0,84.0,276022686.0,71.0,25570.0,100.0,0.0,100.0,8.0,100.0,0.0,100.0,0.0,100.0,0.0,100.0,0.0,100.0,0.0,78.0,22.0,100.0,0.0,100.0,0.0,75.0,50707.0,22.0,22.0,100.0,0.0,100.0,0.0,200.0,0.0,100.0,25181.0,100.0,51781254072.0,100.0,100603469576.0
2018-06-18,S300Z75B,ST4000DM000,4000787030016,0,116.0,113011312.0,92.0,0.0,100.0,8.0,100.0,0.0,84.0,276798723.0,71.0,25594.0,100.0,0.0,100.0,8.0,100.0,0.0,100.0,0.0,100.0,0.0,100.0,0.0,100.0,0.0,78.0,22.0,100.0,0.0,100.0,0.0,75.0,50707.0,22.0,22.0,100.0,0.0,100.0,0.0,200.0,0.0,100.0,25205.0,100.0,51783290712.0,100.0,100744056833.0
2018-06-19,S300Z75B,ST4000DM000,4000787030016,0,104,6492816,92,0,100,8,100,0,84,278657388,71,25618,100,0,100,8,100.0,0.0,100.0,0.0,100.0,0.0,100.0,0.0,100.0,0.0,78.0,22.0,100.0,0.0,100.0,0.0,75.0,50707.0,22,22,100,0,100,0,200,0,100.0,25229.0,100.0,51788292288.0,100.0,100925715624.0
2018-06-20,S300Z75B,ST4000DM000,4000787030016,0,108,18491920,92,0,100,8,100,0,84,280236866,71,25643,100,0,100,8,100.0,0.0,100.0,0.0,100.0,0.0,100.0,0.0,100.0,0.0,78.0,22.0,100.0,0.0,100.0,0.0,75.0,50707.0,22,22,100,0,100,0,200,0,100.0,25254.0,100.0,51789992528.0,100.0,101103627768.0
2018-06-21,S300Z75B,ST4000DM000,4000787030016,0,117,152055880,92,0,100,8,100,0,84,282012937,71,25667,100,0,100,8,100.0,0.0,100.0,0.0,100.0,0.0,100.0,0.0,100.0,0.0,79.0,21.0,100.0,0.0,100.0,0.0,75.0,50769.0,21,21,100,0,100,0,200,0,100.0,25277.0,100.0,51794283832.0,100.0,101234167075.0
2018-06-22,S300Z75B,ST4000DM000,4000787030016,0,115,85765256,92,0,100,8,100,0,84,282983447,71,25690,100,0,100,8,100.0,0.0,100.0,0.0,100.0,0.0,100.0,0.0,100.0,0.0,78.0,22.0,100.0,0.0,100.0,0.0,75.0,50769.0,22,22,100,0,100,0,200,0,100.0,25301.0,100.0,51796945824.0,100.0,101395553140.0
2018-06-23,S300Z75B,ST4000DM000,4000787030016,0,118,192436376,92,0,100,8,100,0,84,283645757,71,25714,100,0,100,8,100.0,0.0,100.0,0.0,100.0,0.0,100.0,0.0,100.0,0.0,79.0,21.0,100.0,0.0,100.0,0.0,75.0,50769.0,21,21,100,0,100,0,200,0,100.0,25325.0,100.0,51799288056.0,100.0,101540221157.0
2018-06-24,S300Z75B,ST4000DM000,4000787030016,0,108,19420592,92,0,100,8,100,0,84,284369777,71,25738,100,0,100,8,100.0,0.0,100.0,0.0,100.0,0.0,100.0,0.0,100.0,0.0,78.0,22.0,100.0,0.0,100.0,0.0,75.0,50769.0,22,22,100,0,100,0,200,0,100.0,25349.0,100.0,51801264344.0,100.0,101682880966.0
2018-06-25,S300Z75B,ST4000DM000,4000787030016,0,109,23584872,92,0,100,8,100,0,84,285374324,71,25762,100,0,100,8,100.0,0.0,100.0,0.0,100.0,0.0,100.0,0.0,100.0,0.0,78.0,22.0,100.0,0.0,100.0,0.0,75.0,50769.0,22,22,100,0,100,0,200,0,100.0,25373.0,100.0,51805098448.0,100.0,101855948667.0
2018-06-26,S300Z75B,ST4000DM000,4000787030016,0,117,129965512,92,0,100,8,100,0,84,287311038,71,25787,100,0,100,8,100.0,0.0,100.0,0.0,100.0,0.0,100.0,0.0,100.0,0.0,78.0,22.0,100.0,0.0,100.0,0.0,75.0,50769.0,22,22,100,0,100,0,200,0,100.0,25397.0,100.0,51809987120.0,100.0,102034744663.0
2018-06-27,S300Z75B,ST4000DM000,4000787030016,0,113,56203224,92,0,100,8,100,0,84,288464583,71,25810,100,0,100,8,100.0,0.0,100.0,0.0,100.0,0.0,100.0,0.0,100.0,0.0,78.0,22.0,100.0,0.0,100.0,0.0,75.0,50769.0,22,22,100,0,100,0,200,0,100.0,25421.0,100.0,51812042480.0,100.0,102187266971.0
2018-06-28,S300Z75B,ST4000DM000,4000787030016,0,108,18731336,92,0,100,8,100,0,84,290047955,71,25834,100,0,100,8,100.0,0.0,100.0,0.0,100.0,0.0,100.0,0.0,100.0,0.0,78.0,22.0,100.0,0.0,100.0,0.0,75.0,50798.0,22,22,100,0,100,0,200,0,100.0,25445.0,100.0,51817167960.0,100.0,102331920846.0
2018-06-29,S300Z75B,ST4000DM000,4000787030016,0,114,81713424,92,0,100,8,100,0,84,292224546,71,25858,100,0,100,8,100.0,0.0,100.0,0.0,100.0,0.0,100.0,0.0,100.0,0.0,78.0,22.0,100.0,0.0,100.0,0.0,75.0,50798.0,22,22,100,0,100,0,200,0,100.0,25469.0,100.0,51819210008.0,100.0,102504097009.0
2018-06-30,S300Z75B,ST4000DM000,4000787030016,0,117,149085064,92,0,100,8,100,0,84,292971588,71,25877,100,0,100,8,100.0,0.0,100.0,0.0,100.0,0.0,100.0,0.0,100.0,0.0,77.0,23.0,100.0,0.0,100.0,0.0,75.0,50802.0,23,23,100,0,100,0,200,0,100.0,25487.0,100.0,51820864432.0,100.0,102643219209.0
2018-07-01,S300Z75B,ST4000DM000,4000787030016,0,114,80808368,92,0,100,8,100,0,84,293923171,71,25900,100,0,100,8,100.0,0.0,100.0,0.0,100.0,0.0,100.0,0.0,100.0,0.0,77.0,23.0,100.0,0.0,100.0,0.0,75.0,50802.0,23,23,100,0,100,0,200,0,100.0,25511.0,100.0,51823014352.0,100.0,102810795455.0
2018-07-02,S300Z75B,ST4000DM000,4000787030016,0,117,139404488,92,0,100,8,100,0,84,294968361,71,25925,100,0,100,8,100.0,0.0,100.0,0.0,100.0,0.0,100.0,0.0,100.0,0.0,78.0,22.0,100.0,0.0,100.0,0.0,75.0,50802.0,22,22,100,0,100,0,200,0,100.0,25535.0,100.0,51825166384.0,100.0,102988519172.0
2018-07-03,S300Z75B,ST4000DM000,4000787030016,0,118,172621344,92,0,100,8,100,0,84,297026792,71,25949,100,0,100,8,100.0,0.0,100.0,0.0,100.0,0.0,100.0,0.0,100.0,0.0,78.0,22.0,100.0,0.0,100.0,0.0,75.0,50802.0,22,22,100,0,100,0,200,0,100.0,25559.0,100.0,51830841320.0,100.0,103198503004.0
2018-07-04,S300Z75B,ST4000DM000,4000787030016,0,114,75959928,92,0,100,8,100,0,84,297863352,71,25972,100,0,100,8,100.0,0.0,100.0,0.0,100.0,0.0,100.0,0.0,100.0,0.0,78.0,22.0,100.0,0.0,100.0,0.0,75.0,50802.0,22,22,100,0,100,0,200,0,100.0,25583.0,100.0,51832649552.0,100.0,103354538813.0
2018-07-05,S300Z75B,ST4000DM000,4000787030016,0,119,215339528,92,0,100,8,100,0,84,298997204,71,25996,100,0,100,8,100.0,0.0,100.0,0.0,100.0,0.0,100.0,0.0,100.0,0.0,78.0,22.0,100.0,0.0,100.0,0.0,75.0,50838.0,22,22,100,0,100,0,200,0,100.0,25607.0,100.0,51835477920.0,100.0,103485440241.0
2018-07-06,S300Z75B,ST4000DM000,4000787030016,0,112,45609304,92,0,100,8,100,0,84,300126500,71,26021,100,0,100,8,100.0,0.0,100.0,0.0,100.0,0.0,100.0,0.0,100.0,0.0,78.0,22.0,100.0,0.0,100.0,0.0,75.0,50873.0,22,22,100,0,100,0,200,0,100.0,25631.0,100.0,51838957768.0,100.0,103602808147.0
2018-07-07,S300Z75B,ST4000DM000,4000787030016,0,114,65072768,92,0,100,8,100,0,84,301022633,71,26045,100,0,100,8,100.0,0.0,100.0,0.0,100.0,0.0,100.0,0.0,100.0,0.0,78.0,22.0,100.0,0.0,100.0,0.0,75.0,50873.0,22,22,100,0,100,0,200,0,100.0,25655.0,100.0,51841256504.0,100.0,103758010889.0
2018-07-08,S300Z75B,ST4000DM000,4000787030016,0,119,216995952,92,0,100,8,100,0,84,301995604,71,26068,100,0,100,8,100.0,0.0,100.0,0.0,100.0,0.0,100.0,0.0,100.0,0.0,78.0,22.0,100.0,0.0,100.0,0.0,75.0,50873.0,22,22,100,0,100,0,200,0,100.0,25679.0,100.0,51843669696.0,100.0,103913769318.0
2018-07-09,S300Z75B,ST4000DM000,4000787030016,0,118,192143504,92,0,100,8,100,0,84,303158380,71,26092,100,0,100,8,100.0,0.0,100.0,0.0,100.0,0.0,100.0,0.0,100.0,0.0,78.0,22.0,100.0,0.0,100.0,0.0,75.0,50873.0,22,22,100,0,100,0,200,0,100.0,25703.0,100.0,51846153256.0,100.0,104077646923.0
2018-07-10,S300Z75B,ST4000DM000,4000787030016,0,117.0,166058800.0,92.0,0.0,100.0,8.0,100.0,0.0,84.0,306342393.0,71.0,26116.0,100.0,0.0,100.0,8.0,100.0,0.0,100.0,0.0,100.0,0.0,100.0,0.0,100.0,0.0,78.0,22.0,100.0,0.0,100.0,0.0,75.0,50873.0,22.0,22.0,100.0,0.0,100.0,0.0,200.0,0.0,100.0,25727.0,100.0,51853063544.0,100.0,104250657469.0
2018-07-11,S300Z75B,ST4000DM000,4000787030016,0,111,39571992,92,0,100,8,100,0,84,307345481,71,26140,100,0,100,8,100.0,0.0,100.0,0.0,100.0,0.0,100.0,0.0,100.0,0.0,78.0,22.0,100.0,0.0,100.0,0.0,75.0,50873.0,22,22,100,0,100,0,200,0,100.0,25751.0,100.0,51854476688.0,100.0,104394173244.0
2018-07-12,S300Z75B,ST4000DM000,4000787030016,0,119,224437728,92,0,100,8,100,0,84,309504536,71,26169,100,0,100,8,100.0,0.0,100.0,0.0,100.0,0.0,100.0,0.0,100.0,0.0,80.0,20.0,100.0,0.0,100.0,0.0,75.0,50889.0,20,20,100,0,100,0,200,0,100.0,25779.0,100.0,51859218384.0,100.0,104561847939.0
2018-07-13,S300Z75B,ST4000DM000,4000787030016,0,117,153691280,92,0,100,8,100,0,84,310546562,71,26193,100,0,100,8,100.0,0.0,100.0,0.0,100.0,0.0,100.0,0.0,100.0,0.0,78.0,22.0,100.0,0.0,100.0,0.0,75.0,50889.0,22,22,100,0,100,0,200,0,100.0,25803.0,100.0,51861804272.0,100.0,104735769781.0
2018-07-14,S300Z75B,ST4000DM000,4000787030016,0,118,195960064,92,0,100,8,100,0,84,311455603,71,26216,100,0,100,8,100.0,0.0,100.0,0.0,100.0,0.0,100.0,0.0,100.0,0.0,78.0,22.0,100.0,0.0,100.0,0.0,75.0,50889.0,22,22,100,0,100,0,200,0,100.0,25827.0,100.0,51865188184.0,100.0,104879088777.0
2018-07-15,S300Z75B,ST4000DM000,4000787030016,0,114,83053368,92,0,100,8,100,0,84,312010983,71,26241,100,0,100,8,100.0,0.0,100.0,0.0,100.0,0.0,100.0,0.0,100.0,0.0,78.0,22.0,100.0,0.0,100.0,0.0,75.0,50889.0,22,22,100,0,100,0,200,0,100.0,25851.0,100.0,51866518552.0,100.0,104979144528.0
2018-07-16,S300Z75B,ST4000DM000,4000787030016,0,112,43921424,92,0,100,8,100,0,84,312782405,71,26265,100,0,100,8,100.0,0.0,100.0,0.0,100.0,0.0,100.0,0.0,100.0,0.0,78.0,22.0,100.0,0.0,100.0,0.0,75.0,50889.0,22,22,100,0,100,0,200,0,100.0,25875.0,100.0,51868390768.0,100.0,105131100111.0
2018-07-17,S300Z75B,ST4000DM000,4000787030016,0,118,190309664,92,0,100,8,100,0,84,314440679,70,26288,100,0,100,8,100.0,0.0,100.0,0.0,100.0,0.0,100.0,0.0,100.0,0.0,78.0,22.0,100.0,0.0,100.0,0.0,75.0,50889.0,22,22,100,0,100,0,200,0,100.0,25899.0,100.0,51873288696.0,100.0,105297379876.0
2018-07-18,S300Z75B,ST4000DM000,4000787030016,0,110,28225048,92,0,100,8,100,0,84,314952191,70,26312,100,0,100,8,100.0,0.0,100.0,0.0,100.0,0.0,100.0,0.0,100.0,0.0,78.0,22.0,100.0,0.0,100.0,0.0,75.0,50927.0,22,22,100,0,100,0,200,0,100.0,25922.0,100.0,51875830792.0,100.0,105446842802.0
2018-07-19,S300Z75B,ST4000DM000,4000787030016,0,117,135887248,92,0,100,8,100,0,84,316214378,70,26336,100,0,100,8,100.0,0.0,100.0,0.0,100.0,0.0,100.0,0.0,100.0,0.0,78.0,22.0,100.0,0.0,100.0,0.0,75.0,50980.0,22,22,100,0,100,0,200,0,100.0,25946.0,100.0,51880605624.0,100.0,105585155044.0
2018-07-20,S300Z75B,ST4000DM000,4000787030016,0,114,60006776,92,0,100,8,100,0,84,316687385,70,26360,100,0,100,8,100.0,0.0,100.0,0.0,100.0,0.0,100.0,0.0,100.0,0.0,78.0,22.0,100.0,0.0,100.0,0.0,75.0,50980.0,22,22,100,0,100,0,200,0,100.0,25970.0,100.0,51883519056.0,100.0,105749756877.0
2018-07-21,S300Z75B,ST4000DM000,4000787030016,0,119,203860896,92,0,100,8,100,0,84,318442551,70,26385,100,0,100,8,100.0,0.0,100.0,0.0,100.0,0.0,100.0,0.0,100.0,0.0,78.0,22.0,100.0,0.0,100.0,0.0,75.0,50980.0,22,22,100,0,100,0,200,0,100.0,25995.0,100.0,51889752296.0,100.0,105926805738.0
2018-07-22,S300Z75B,ST4000DM000,4000787030016,0,115,84943016,92,0,100,8,100,0,84,318826575,70,26409,100,0,100,8,100.0,0.0,100.0,0.0,100.0,0.0,100.0,0.0,100.0,0.0,78.0,22.0,100.0,0.0,100.0,0.0,75.0,50981.0,22,22,100,0,100,0,200,0,100.0,26018.0,100.0,51891777960.0,100.0,106068726936.0
2018-07-23,S300Z75B,ST4000DM000,4000787030016,0,117,165257176,92,0,100,8,100,0,84,319180442,70,26432,100,0,100,8,100.0,0.0,100.0,0.0,100.0,0.0,100.0,0.0,100.0,0.0,78.0,22.0,100.0,0.0,100.0,0.0,75.0,50981.0,22,22,100,0,100,0,200,0,100.0,26042.0,100.0,51894325480.0,100.0,106202998842.0
2018-07-24,S300Z75B,ST4000DM000,4000787030016,0,116,112025768,92,0,100,8,100,0,84,320930758,70,26456,100,0,100,8,100.0,0.0,100.0,0.0,100.0,0.0,100.0,0.0,100.0,0.0,78.0,22.0,100.0,0.0,100.0,0.0,75.0,50982.0,22,22,100,0,100,0,200,0,100.0,26066.0,100.0,51899484128.0,100.0,106394969351.0
2018-07-25,S300Z75B,ST4000DM000,4000787030016,0,117.0,153630360.0,92.0,0.0,100.0,8.0,100.0,0.0,84.0,321810890.0,70.0,26481.0,100.0,0.0,100.0,8.0,100.0,0.0,100.0,0.0,100.0,0.0,100.0,0.0,100.0,0.0,78.0,22.0,100.0,0.0,100.0,0.0,75.0,50982.0,22.0,22.0,100.0,0.0,100.0,0.0,200.0,0.0,100.0,26091.0,100.0,51901557176.0,100.0,106566293536.0
2018-07-26,S300Z75B,ST4000DM000,4000787030016,0,113,57793664,92,0,100,8,100,0,84,323068742,70,26505,100,0,100,8,100.0,0.0,100.0,0.0,100.0,0.0,100.0,0.0,100.0,0.0,78.0,22.0,100.0,0.0,100.0,0.0,75.0,51041.0,22,22,100,0,100,0,200,0,100.0,26114.0,100.0,51905509368.0,100.0,106654660941.0
2018-07-27,S300Z75B,ST4000DM000,4000787030016,0,120,1253144,92,0,100,8,100,0,84,323901800,70,26529,100,0,100,8,100.0,0.0,100.0,0.0,100.0,0.0,100.0,0.0,100.0,0.0,78.0,22.0,100.0,0.0,100.0,0.0,75.0,51041.0,22,22,100,0,100,0,200,0,100.0,26139.0,100.0,51907106856.0,100.0,106815827955.0
2018-07-28,S300Z75B,ST4000DM000,4000787030016,0,117,154729168,92,0,100,8,100,0,84,324733508,70,26553,100,0,100,8,100.0,0.0,100.0,0.0,100.0,0.0,100.0,0.0,100.0,0.0,78.0,22.0,100.0,0.0,100.0,0.0,75.0,51048.0,22,22,100,0,100,0,200,0,100.0,26163.0,100.0,51908786112.0,100.0,106970508700.0
2018-07-29,S300Z75B,ST4000DM000,4000787030016,0,119,217447760,92,0,100,8,100,0,84,326189099,70,26577,100,0,100,8,100.0,0.0,100.0,0.0,100.0,0.0,100.0,0.0,100.0,0.0,78.0,22.0,100.0,0.0,100.0,0.0,75.0,51048.0,22,22,100,0,100,0,200,0,100.0,26187.0,100.0,51910448568.0,100.0,107141291885.0
2018-07-30,S300Z75B,ST4000DM000,4000787030016,0,120,241364632,92,0,100,8,100,0,84,328686224,70,26601,100,0,100,8,100.0,0.0,100.0,0.0,100.0,0.0,100.0,0.0,100.0,0.0,78.0,22.0,100.0,0.0,100.0,0.0,75.0,51048.0,22,22,100,0,100,0,200,0,100.0,26210.0,100.0,51915560104.0,100.0,107327414354.0
2018-07-31,S300Z75B,ST4000DM000,4000787030016,0,120,239496112,92,0,100,8,100,0,84,330421173,70,26625,100,0,100,8,100.0,0.0,100.0,0.0,100.0,0.0,100.0,0.0,100.0,0.0,78.0,22.0,100.0,0.0,100.0,0.0,75.0,51048.0,22,22,100,0,100,0,200,0,100.0,26235.0,100.0,51917555248.0,100.0,107496089011.0
2018-08-01,S300Z75B,ST4000DM000,4000787030016,0,112,48969528,92,0,100,8,100,0,84,331112360,70,26649,100,0,100,8,100.0,0.0,100.0,0.0,100.0,0.0,100.0,0.0,100.0,0.0,78.0,22.0,100.0,0.0,100.0,0.0,75.0,51050.0,22,22,100,0,100,0,200,0,100.0,26259.0,100.0,51919061136.0,100.0,107648595441.0
2018-08-02,S300Z75B,ST4000DM000,4000787030016,0,110,26552184,92,0,100,8,100,0,84,332559240,70,26673,100,0,100,8,100.0,0.0,100.0,0.0,100.0,0.0,100.0,0.0,100.0,0.0,78.0,22.0,100.0,0.0,100.0,0.0,75.0,51129.0,22,22,100,0,100,0,200,0,100.0,26282.0,100.0,51923092272.0,100.0,107768634678.0
2018-08-03,S300Z75B,ST4000DM000,4000787030016,0,112,47847184,92,0,100,8,100,0,84,333397042,70,26697,100,0,100,8,100.0,0.0,100.0,0.0,100.0,0.0,100.0,0.0,100.0,0.0,78.0,22.0,100.0,0.0,100.0,0.0,75.0,51129.0,22,22,100,0,100,0,200,0,100.0,26306.0,100.0,51924488664.0,100.0,107923097121.0
2018-08-04,S300Z75B,ST4000DM000,4000787030016,0,118,181186632,92,0,100,8,100,0,84,334292802,70,26721,100,0,100,8,100.0,0.0,100.0,0.0,100.0,0.0,100.0,0.0,100.0,0.0,78.0,22.0,100.0,0.0,100.0,0.0,75.0,51129.0,22,22,100,0,100,0,200,0,100.0,26330.0,100.0,51926203960.0,100.0,108068312606.0
2018-08-05,S300Z75B,ST4000DM000,4000787030016,0,112,45399104,92,0,100,8,100,0,84,335410997,70,26745,100,0,100,8,100.0,0.0,100.0,0.0,100.0,0.0,100.0,0.0,100.0,0.0,78.0,22.0,100.0,0.0,100.0,0.0,75.0,51129.0,22,22,100,0,100,0,200,0,100.0,26354.0,100.0,51927822736.0,100.0,108220082770.0
2018-08-06,S300Z75B,ST4000DM000,4000787030016,0,117,128930864,92,0,100,8,100,0,85,336367530,70,26769,100,0,100,8,100.0,0.0,100.0,0.0,100.0,0.0,100.0,0.0,100.0,0.0,78.0,22.0,100.0,0.0,100.0,0.0,75.0,51129.0,22,22,100,0,100,0,200,0,100.0,26379.0,100.0,51929277848.0,100.0,108408872195.0
2018-08-07,S300Z75B,ST4000DM000,4000787030016,0,119,208102376,92,0,100,8,100,0,85,338060103,70,26793,100,0,100,8,100.0,0.0,100.0,0.0,100.0,0.0,100.0,0.0,100.0,0.0,78.0,22.0,100.0,0.0,100.0,0.0,75.0,51130.0,22,22,100,0,100,0,200,0,100.0,26402.0,100.0,51933431768.0,100.0,108565851509.0
2018-08-08,S300Z75B,ST4000DM000,4000787030016,0,119,209691464,92,0,100,8,100,0,85,338944148,70,26817,100,0,100,8,100.0,0.0,100.0,0.0,100.0,0.0,100.0,0.0,100.0,0.0,78.0,22.0,100.0,0.0,100.0,0.0,75.0,51131.0,22,22,100,0,100,0,200,0,100.0,26427.0,100.0,51934952192.0,100.0,108734242054.0
2018-08-09,S300Z75B,ST4000DM000,4000787030016,0,103,5715176,92,0,100,8,100,0,85,340073670,70,26837,100,0,100,8,100.0,0.0,100.0,0.0,100.0,0.0,100.0,0.0,100.0,0.0,78.0,22.0,100.0,0.0,100.0,0.0,75.0,51181.0,22,22,100,0,100,0,200,0,100.0,26446.0,100.0,51936998776.0,100.0,108857126253.0
2018-08-10,S300Z75B,ST4000DM000,4000787030016,0,118,168664784,92,0,100,8,100,0,85,342509504,70,26861,100,0,100,8,100.0,0.0,100.0,0.0,100.0,0.0,100.0,0.0,100.0,0.0,78.0,22.0,100.0,0.0,100.0,0.0,75.0,51186.0,22,22,100,0,100,0,200,0,100.0,26470.0,100.0,51941353808.0,100.0,109059968280.0
2018-08-11,S300Z75B,ST4000DM000,4000787030016,0,118,192489760,92,0,100,8,100,0,85,343408291,70,26885,100,0,100,8,100.0,0.0,100.0,0.0,100.0,0.0,100.0,0.0,100.0,0.0,78.0,22.0,100.0,0.0,100.0,0.0,75.0,51186.0,22,22,100,0,100,0,200,0,100.0,26494.0,100.0,51942850592.0,100.0,109224694940.0
2018-08-12,S300Z75B,ST4000DM000,4000787030016,0,110,27523600,92,0,100,8,100,0,85,344179894,70,26909,100,0,100,8,100.0,0.0,100.0,0.0,100.0,0.0,100.0,0.0,100.0,0.0,78.0,22.0,100.0,0.0,100.0,0.0,75.0,51186.0,22,22,100,0,100,0,200,0,100.0,26518.0,100.0,51944229616.0,100.0,109373307127.0
2018-08-13,S300Z75B,ST4000DM000,4000787030016,0,118,196461376,92,0,100,8,100,0,85,344951457,70,26933,100,0,100,8,100.0,0.0,100.0,0.0,100.0,0.0,100.0,0.0,100.0,0.0,78.0,22.0,100.0,0.0,100.0,0.0,75.0,51186.0,22,22,100,0,100,0,200,0,100.0,26542.0,100.0,51945946272.0,100.0,109516320803.0
2018-08-14,S300Z75B,ST4000DM000,4000787030016,0,119.0,227209248.0,92.0,0.0,100.0,8.0,100.0,0.0,85.0,346809939.0,70.0,26956.0,100.0,0.0,100.0,8.0,100.0,0.0,100.0,0.0,100.0,0.0,100.0,0.0,100.0,0.0,79.0,21.0,100.0,0.0,100.0,0.0,75.0,51186.0,21.0,21.0,100.0,0.0,100.0,0.0,200.0,0.0,100.0,26565.0,100.0,51950330360.0,100.0,109699478474.0
2018-08-15,S300Z75B,ST4000DM000,4000787030016,0,117.0,130283960.0,92.0,0.0,100.0,8.0,100.0,0.0,85.0,347711255.0,70.0,26981.0,100.0,0.0,100.0,8.0,100.0,0.0,100.0,0.0,100.0,0.0,100.0,0.0,100.0,0.0,76.0,24.0,100.0,0.0,100.0,0.0,75.0,51186.0,24.0,24.0,100.0,0.0,100.0,0.0,200.0,0.0,100.0,26590.0,100.0,51951941952.0,100.0,109848223454.0
2018-08-16,S300Z75B,ST4000DM000,4000787030016,0,114,63666176,92,0,100,8,100,0,85,349568413,70,27008,100,0,100,8,100.0,0.0,100.0,0.0,100.0,0.0,100.0,0.0,100.0,0.0,76.0,24.0,100.0,0.0,100.0,0.0,75.0,51232.0,24,24,100,0,100,0,200,0,100.0,26617.0,100.0,51956511344.0,100.0,110005462546.0
2018-08-17,S300Z75B,ST4000DM000,4000787030016,0,108,15675784,92,0,100,8,100,0,85,350666496,70,27032,100,0,100,8,100.0,0.0,100.0,0.0,100.0,0.0,100.0,0.0,100.0,0.0,76.0,24.0,100.0,0.0,100.0,0.0,75.0,51232.0,24,24,100,0,100,0,200,0,100.0,26641.0,100.0,51957823192.0,100.0,110150744525.0
2018-08-18,S300Z75B,ST4000DM000,4000787030016,0,110,28625712,92,0,100,8,100,0,85,351814925,70,27056,100,0,100,8,100.0,0.0,100.0,0.0,100.0,0.0,100.0,0.0,100.0,0.0,77.0,23.0,100.0,0.0,100.0,0.0,75.0,51232.0,23,23,100,0,100,0,200,0,100.0,26665.0,100.0,51959508392.0,100.0,110292234292.0
2018-08-19,S300Z75B,ST4000DM000,4000787030016,0,117,144091992,92,0,100,8,100,0,85,353110099,70,27081,100,0,100,8,100.0,0.0,100.0,0.0,100.0,0.0,100.0,0.0,100.0,0.0,76.0,24.0,100.0,0.0,100.0,0.0,75.0,51232.0,24,24,100,0,100,0,200,0,100.0,26689.0,100.0,51961114472.0,100.0,110454273833.0
2018-08-20,S300Z75B,ST4000DM000,4000787030016,0,117,132895392,92,0,100,8,100,0,85,354039421,70,27105,100,0,100,8,100.0,0.0,100.0,0.0,100.0,0.0,100.0,0.0,100.0,0.0,76.0,24.0,100.0,0.0,100.0,0.0,75.0,51232.0,24,24,100,0,100,0,200,0,100.0,26713.0,100.0,51962643096.0,100.0,110615252451.0
2018-08-21,S300Z75B,ST4000DM000,4000787030016,0,114,68250336,92,0,100,8,100,0,85,357173261,70,27128,100,0,100,8,100.0,0.0,100.0,0.0,100.0,0.0,100.0,0.0,100.0,0.0,76.0,24.0,100.0,0.0,100.0,0.0,75.0,51232.0,24,24,100,0,100,0,200,0,100.0,26737.0,100.0,51967058496.0,100.0,110787855939.0
2018-08-22,S300Z75B,ST4000DM000,4000787030016,0,113,57343992,92,0,100,8,100,0,85,357617774,70,27152,100,0,100,8,100.0,0.0,100.0,0.0,100.0,0.0,100.0,0.0,100.0,0.0,76.0,24.0,100.0,0.0,100.0,0.0,75.0,51232.0,24,24,100,0,100,0,200,0,100.0,26761.0,100.0,51968225400.0,100.0,110868911444.0
2018-08-23,S300Z75B,ST4000DM000,4000787030016,0,111,34795144,92,0,100,8,100,0,85,359065267,69,27177,100,0,100,8,100.0,0.0,100.0,0.0,100.0,0.0,100.0,0.0,100.0,0.0,76.0,24.0,100.0,0.0,100.0,0.0,75.0,51253.0,24,24,100,0,100,0,200,0,100.0,26785.0,100.0,51972098880.0,100.0,110990596758.0
2018-08-24,S300Z75B,ST4000DM000,4000787030016,0,118,174941928,92,0,100,8,100,0,85,359835585,69,27201,100,0,100,8,100.0,0.0,100.0,0.0,100.0,0.0,100.0,0.0,100.0,0.0,76.0,24.0,100.0,0.0,100.0,0.0,75.0,51255.0,24,24,100,0,100,0,200,0,100.0,26809.0,100.0,51973135576.0,100.0,111148323149.0
2018-08-25,S300Z75B,ST4000DM000,4000787030016,0,118,187739744,92,0,100,8,100,0,85,360397627,69,27225,100,0,100,8,100.0,0.0,100.0,0.0,100.0,0.0,100.0,0.0,100.0,0.0,76.0,24.0,100.0,0.0,100.0,0.0,75.0,51308.0,24,24,100,0,100,0,200,0,100.0,26833.0,100.0,51974357488.0,100.0,111273821626.0
2018-08-26,S300Z75B,ST4000DM000,4000787030016,0,116,103720328,92,0,100,8,100,0,85,360825592,69,27248,100,0,100,8,100.0,0.0,100.0,0.0,100.0,0.0,100.0,0.0,100.0,0.0,76.0,24.0,100.0,0.0,100.0,0.0,75.0,51308.0,24,24,100,0,100,0,200,0,100.0,26857.0,100.0,51976393920.0,100.0,111423366632.0
2018-08-27,S300Z75B,ST4000DM000,4000787030016,0,111,35892904,92,0,100,8,100,0,85,361261564,69,27273,100,0,100,8,100.0,0.0,100.0,0.0,100.0,0.0,100.0,0.0,100.0,0.0,77.0,23.0,100.0,0.0,100.0,0.0,75.0,51308.0,23,23,100,0,100,0,200,0,100.0,26881.0,100.0,51978518528.0,100.0,111585261341.0
2018-08-28,S300Z75B,ST4000DM000,4000787030016,0,113,58272240,92,0,100,8,100,0,85,362582492,69,27296,100,0,100,8,100.0,0.0,100.0,0.0,100.0,0.0,100.0,0.0,100.0,0.0,76.0,24.0,100.0,0.0,100.0,0.0,75.0,51308.0,24,24,100,0,100,0,200,0,100.0,26905.0,100.0,51983427072.0,100.0,111761912945.0
2018-08-29,S300Z75B,ST4000DM000,4000787030016,0,117,163391736,92,0,100,8,100,0,85,362934604,69,27321,100,0,100,8,100.0,0.0,100.0,0.0,100.0,0.0,100.0,0.0,100.0,0.0,76.0,24.0,100.0,0.0,100.0,0.0,75.0,51311.0,24,24,100,0,100,0,200,0,100.0,26929.0,100.0,51985411936.0,100.0,111905499629.0
2018-08-30,S300Z75B,ST4000DM000,4000787030016,0,118,171381040,92,0,100,8,100,0,85,364149842,69,27344,100,0,100,8,100.0,0.0,100.0,0.0,100.0,0.0,100.0,0.0,100.0,0.0,76.0,24.0,100.0,0.0,100.0,0.0,75.0,51342.0,24,24,100,0,100,0,200,0,100.0,26952.0,100.0,51989554760.0,100.0,112010066284.0
2018-08-31,S300Z75B,ST4000DM000,4000787030016,0,102,4263592,92,0,100,8,100,0,85,364485714,69,27369,100,0,100,8,100.0,0.0,100.0,0.0,100.0,0.0,100.0,0.0,100.0,0.0,77.0,23.0,100.0,0.0,100.0,0.0,75.0,51343.0,23,23,100,0,100,0,200,0,100.0,26977.0,100.0,51991507928.0,100.0,112144155693.0
2018-09-01,S300Z75B,ST4000DM000,4000787030016,0,119,218530216,92,0,100,8,100,0,85,365315130,69,27393,100,0,100,8,100.0,0.0,100.0,0.0,100.0,0.0,100.0,0.0,100.0,0.0,76.0,24.0,100.0,0.0,100.0,0.0,75.0,51343.0,24,24,100,0,100,0,200,0,100.0,27001.0,100.0,51993550600.0,100.0,112316576112.0
2018-09-02,S300Z75B,ST4000DM000,4000787030016,0,120,238262040,92,0,100,8,100,0,85,367594083,69,27416,100,0,100,8,100.0,0.0,100.0,0.0,100.0,0.0,100.0,0.0,100.0,0.0,77.0,23.0,100.0,0.0,100.0,0.0,75.0,51343.0,23,23,100,0,100,0,200,0,100.0,27024.0,100.0,51999707392.0,100.0,112489811809.0
2018-09-03,S300Z75B,ST4000DM000,4000787030016,0,117,160103552,92,0,100,8,100,0,85,368164705,69,27440,100,0,100,8,100.0,0.0,100.0,0.0,100.0,0.0,100.0,0.0,100.0,0.0,76.0,24.0,100.0,0.0,100.0,0.0,75.0,51344.0,24,24,100,0,100,0,200,0,100.0,27049.0,100.0,52001238760.0,100.0,112602373156.0
2018-09-04,S300Z75B,ST4000DM000,4000787030016,0,117,144523552,92,0,100,8,100,0,85,369851503,69,27464,100,0,100,8,100.0,0.0,100.0,0.0,100.0,0.0,100.0,0.0,100.0,0.0,76.0,24.0,100.0,0.0,100.0,0.0,75.0,51346.0,24,24,100,0,100,0,200,0,100.0,27072.0,100.0,52005720768.0,100.0,112764275202.0
2018-09-05,S300Z75B,ST4000DM000,4000787030016,0,116,109219648,92,0,100,8,100,0,85,370725798,69,27488,100,0,100,8,100.0,0.0,100.0,0.0,100.0,0.0,100.0,0.0,100.0,0.0,76.0,24.0,100.0,0.0,100.0,0.0,75.0,51347.0,24,24,100,0,100,0,200,0,100.0,27097.0,100.0,52007455064.0,100.0,112923334894.0
2018-09-06,S300Z75B,ST4000DM000,4000787030016,0,118,173403088,92,0,100,8,100,0,85,372270424,69,27514,100,0,100,8,100.0,0.0,100.0,0.0,100.0,0.0,100.0,0.0,100.0,0.0,76.0,24.0,100.0,0.0,100.0,0.0,75.0,51387.0,24,24,100,0,100,0,200,0,100.0,27122.0,100.0,52009623824.0,100.0,113075639571.0
2018-09-07,S300Z75B,ST4000DM000,4000787030016,0,117,133375264,92,0,100,8,100,0,85,373551735,69,27538,100,0,100,8,100.0,0.0,100.0,0.0,100.0,0.0,100.0,0.0,100.0,0.0,76.0,24.0,100.0,0.0,100.0,0.0,75.0,51387.0,24,24,100,0,100,0,200,0,100.0,27146.0,100.0,52011177632.0,100.0,113242462286.0
2018-09-08,S300Z75B,ST4000DM000,4000787030016,0,117,152477848,92,0,100,8,100,0,85,374441370,69,27562,100,0,100,8,100.0,0.0,100.0,0.0,100.0,0.0,100.0,0.0,100.0,0.0,77.0,23.0,100.0,0.0,100.0,0.0,75.0,51387.0,23,23,100,0,100,0,200,0,100.0,27170.0,100.0,52012688688.0,100.0,113396262135.0
2018-09-09,S300Z75B,ST4000DM000,4000787030016,0,119,215629048,92,0,100,8,100,0,85,375088188,69,27586,100,0,100,8,100.0,0.0,100.0,0.0,100.0,0.0,100.0,0.0,100.0,0.0,77.0,23.0,100.0,0.0,100.0,0.0,75.0,51387.0,23,23,100,0,100,0,200,0,100.0,27194.0,100.0,52014406688.0,100.0,113537798382.0
2018-09-10,S300Z75B,ST4000DM000,4000787030016,0,117,124107400,92,0,100,8,100,0,85,375793646,69,27609,100,0,100,8,100.0,0.0,100.0,0.0,100.0,0.0,100.0,0.0,100.0,0.0,77.0,23.0,100.0,0.0,100.0,0.0,75.0,51387.0,23,23,100,0,100,0,200,0,100.0,27217.0,100.0,52016003712.0,100.0,113677159427.0
2018-09-11,S300Z75B,ST4000DM000,4000787030016,0,120,2359800,92,0,100,8,100,0,85,377567689,69,27634,100,0,100,8,100.0,0.0,100.0,0.0,100.0,0.0,100.0,0.0,100.0,0.0,77.0,23.0,100.0,0.0,100.0,0.0,75.0,51387.0,23,23,100,0,100,0,200,0,100.0,27242.0,100.0,52020341400.0,100.0,113851787984.0
2018-09-12,S300Z75B,ST4000DM000,4000787030016,0,115,92489224,92,0,100,8,100,0,85,378443086,69,27658,100,0,100,8,100.0,0.0,100.0,0.0,100.0,0.0,100.0,0.0,100.0,0.0,77.0,23.0,100.0,0.0,100.0,0.0,75.0,51387.0,23,23,100,0,100,0,200,0,100.0,27266.0,100.0,52022227896.0,100.0,113991693807.0
2018-09-13,S300Z75B,ST4000DM000,4000787030016,0,117,141161600,92,0,100,8,100,0,85,380993634,69,27678,100,0,100,8,100.0,0.0,100.0,0.0,100.0,0.0,100.0,0.0,100.0,0.0,78.0,22.0,100.0,0.0,100.0,0.0,75.0,51428.0,22,22,100,0,100,0,200,0,100.0,27286.0,100.0,52027394664.0,100.0,114106611160.0
2018-09-14,S300Z75B,ST4000DM000,4000787030016,0,114,65865192,92,0,100,8,100,0,85,382219640,69,27702,100,0,100,8,100.0,0.0,100.0,0.0,100.0,0.0,100.0,0.0,100.0,0.0,74.0,26.0,100.0,0.0,100.0,0.0,75.0,51429.0,26,26,100,0,100,0,200,0,100.0,27310.0,100.0,52028950632.0,100.0,114247557863.0
2018-09-15,S300Z75B,ST4000DM000,4000787030016,0,112,45439080,92,0,100,8,100,0,85,383112018,69,27726,100,0,100,8,100.0,0.0,100.0,0.0,100.0,0.0,100.0,0.0,100.0,0.0,74.0,26.0,100.0,0.0,100.0,0.0,75.0,51429.0,26,26,100,0,100,0,200,0,100.0,27334.0,100.0,52031175264.0,100.0,114418608787.0
2018-09-16,S300Z75B,ST4000DM000,4000787030016,0,114,61144024,92,0,100,8,100,0,85,384180685,69,27750,100,0,100,8,100.0,0.0,100.0,0.0,100.0,0.0,100.0,0.0,100.0,0.0,74.0,26.0,100.0,0.0,100.0,0.0,75.0,51429.0,26,26,100,0,100,0,200,0,100.0,27358.0,100.0,52040001248.0,100.0,114579701016.0
2018-09-17,S300Z75B,ST4000DM000,4000787030016,0,112,48302240,92,0,100,8,100,0,85,385398082,69,27774,100,0,100,8,100.0,0.0,100.0,0.0,100.0,0.0,100.0,0.0,100.0,0.0,74.0,26.0,100.0,0.0,100.0,0.0,75.0,51429.0,26,26,100,0,100,0,200,0,100.0,27382.0,100.0,52049857824.0,100.0,114756945699.0
2018-09-18,S300Z75B,ST4000DM000,4000787030016,0,102,3753088,92,0,100,8,100,0,85,387411247,69,27798,100,0,100,8,100.0,0.0,100.0,0.0,100.0,0.0,100.0,0.0,100.0,0.0,76.0,24.0,100.0,0.0,100.0,0.0,75.0,51429.0,24,24,100,0,100,0,200,0,100.0,27406.0,100.0,52055761560.0,100.0,114952061327.0
2018-09-19,S300Z75B,ST4000DM000,4000787030016,0,111,37905264,92,0,100,8,100,0,85,388450653,69,27822,100,0,100,8,100.0,0.0,100.0,0.0,100.0,0.0,100.0,0.0,100.0,0.0,76.0,24.0,100.0,0.0,100.0,0.0,75.0,51429.0,24,24,100,0,100,0,200,0,100.0,27430.0,100.0,52058517264.0,100.0,115125953583.0
2018-09-20,S300Z75B,ST4000DM000,4000787030016,0,117,166403016,92,0,100,8,100,0,85,389832201,69,27846,100,0,100,8,100.0,0.0,100.0,0.0,100.0,0.0,100.0,0.0,100.0,0.0,76.0,24.0,100.0,0.0,100.0,0.0,75.0,51462.0,24,24,100,0,100,0,200,0,100.0,27454.0,100.0,52063548256.0,100.0,115263512131.0
2018-09-21,S300Z75B,ST4000DM000,4000787030016,0,117,131795760,92,0,100,8,100,0,85,390965287,69,27870,100,0,100,8,100.0,0.0,100.0,0.0,100.0,0.0,100.0,0.0,100.0,0.0,77.0,23.0,100.0,0.0,100.0,0.0,75.0,51462.0,23,23,100,0,100,0,200,0,100.0,27478.0,100.0,52069010320.0,100.0,115406101471.0
2018-09-22,S300Z75B,ST4000DM000,4000787030016,0,117,147094416,92,0,100,8,100,0,85,391836912,69,27894,100,0,100,8,100.0,0.0,100.0,0.0,100.0,0.0,100.0,0.0,100.0,0.0,76.0,24.0,100.0,0.0,100.0,0.0,75.0,51462.0,24,24,100,0,100,0,200,0,100.0,27502.0,100.0,52073081168.0,100.0,115550284496.0
2018-09-23,S300Z75B,ST4000DM000,4000787030016,0,118,191595088,92,0,100,8,100,0,85,392808305,69,27918,100,0,100,8,100.0,0.0,100.0,0.0,100.0,0.0,100.0,0.0,100.0,0.0,76.0,24.0,100.0,0.0,100.0,0.0,75.0,51462.0,24,24,100,0,100,0,200,0,100.0,27526.0,100.0,52076497000.0,100.0,115708967961.0
2018-09-24,S300Z75B,ST4000DM000,4000787030016,0,117,141354616,92,0,100,8,100,0,85,394522001,69,27942,100,0,100,8,100.0,0.0,100.0,0.0,100.0,0.0,100.0,0.0,100.0,0.0,76.0,24.0,100.0,0.0,100.0,0.0,75.0,51462.0,24,24,100,0,100,0,200,0,100.0,27550.0,100.0,52081293264.0,100.0,115876771998.0
2018-09-25,S300Z75B,ST4000DM000,4000787030016,0,110,25415072,92,0,100,8,100,0,85,397415185,69,27966,100,0,100,8,100.0,0.0,100.0,0.0,100.0,0.0,100.0,0.0,100.0,0.0,76.0,24.0,100.0,0.0,100.0,0.0,75.0,51462.0,24,24,100,0,100,0,200,0,100.0,27574.0,100.0,52088789344.0,100.0,116055332542.0
2018-09-26,S300Z75B,ST4000DM000,4000787030016,0,117,128509856,92,0,100,8,100,0,85,398726900,69,27990,100,0,100,8,100.0,0.0,100.0,0.0,100.0,0.0,100.0,0.0,100.0,0.0,76.0,24.0,100.0,0.0,100.0,0.0,75.0,51462.0,24,24,100,0,100,0,200,0,100.0,27598.0,100.0,52091428384.0,100.0,116208346403.0
2018-09-27,S300Z75B,ST4000DM000,4000787030016,0,118,189847920,92,0,100,8,100,0,85,400258221,69,28014,100,0,100,8,100.0,0.0,100.0,0.0,100.0,0.0,100.0,0.0,100.0,0.0,77.0,23.0,100.0,0.0,100.0,0.0,75.0,51477.0,23,23,100,0,100,0,200,0,100.0,27622.0,100.0,52096389496.0,100.0,116325100102.0
2018-09-28,S300Z75B,ST4000DM000,4000787030016,0,111,33446544,92,0,100,8,100,0,85,401561669,68,28037,100,0,100,8,100.0,0.0,100.0,0.0,100.0,0.0,100.0,0.0,100.0,0.0,77.0,23.0,100.0,0.0,100.0,0.0,75.0,51481.0,23,23,100,0,100,0,200,0,100.0,27645.0,100.0,52098413720.0,100.0,116476138782.0
2018-09-29,S300Z75B,ST4000DM000,4000787030016,0,108,16285296,92,0,100,8,100,0,85,402523743,68,28061,100,0,100,8,100.0,0.0,100.0,0.0,100.0,0.0,100.0,0.0,100.0,0.0,77.0,23.0,100.0,0.0,100.0,0.0,75.0,51482.0,23,23,100,0,100,0,200,0,100.0,27669.0,100.0,52100865592.0,100.0,116634343944.0
2018-09-30,S300Z75B,ST4000DM000,4000787030016,0,119,229830584,92,0,100,8,100,0,86,403180160,68,28085,100,0,100,8,100.0,0.0,100.0,0.0,100.0,0.0,100.0,0.0,100.0,0.0,77.0,23.0,100.0,0.0,100.0,0.0,75.0,51482.0,23,23,100,0,100,0,200,0,100.0,27692.0,100.0,52103217528.0,100.0,116749677301.0
2018-10-01,S300Z75B,ST4000DM000,4000787030016,0,119,222784752,92,0,100,8,100,0,86,403811348,68,28109,100,0,100,8,100.0,0.0,100.0,0.0,100.0,0.0,100.0,0.0,100.0,0.0,76.0,24.0,100.0,0.0,100.0,0.0,75.0,51483.0,24,24,100,0,100,0,200,0,100.0,27717.0,100.0,52104609864.0,100.0,116869693310.0
2018-10-02,S300Z75B,ST4000DM000,4000787030016,0,116,101285464,92,0,100,8,100,0,86,405525655,68,28133,100,0,100,8,100.0,0.0,100.0,0.0,100.0,0.0,100.0,0.0,100.0,0.0,77.0,23.0,100.0,0.0,100.0,0.0,75.0,51484.0,23,23,100,0,100,0,200,0,100.0,27741.0,100.0,52108984296.0,100.0,117039416710.0
2018-10-03,S300Z75B,ST4000DM000,4000787030016,0,114,76430840,92,0,100,8,100,0,86,406116306,68,28157,100,0,100,8,100.0,0.0,100.0,0.0,100.0,0.0,100.0,0.0,100.0,0.0,77.0,23.0,100.0,0.0,100.0,0.0,75.0,51512.0,23,23,100,0,100,0,200,0,100.0,27764.0,100.0,52111116056.0,100.0,117173299623.0
2018-10-04,S300Z75B,ST4000DM000,4000787030016,0,115.0,91446360.0,92.0,0.0,100.0,8.0,100.0,0.0,86.0,407128896.0,68.0,28181.0,100.0,0.0,100.0,8.0,100.0,0.0,100.0,0.0,100.0,0.0,100.0,0.0,100.0,0.0,77.0,23.0,100.0,0.0,100.0,0.0,75.0,51561.0,23.0,23.0,100.0,0.0,100.0,0.0,200.0,0.0,100.0,27789.0,100.0,52114681344.0,100.0,117318089355.0
2018-10-05,S300Z75B,ST4000DM000,4000787030016,0,119,231847592,92,0,100,8,100,0,86,407861241,68,28205,100,0,100,8,100.0,0.0,100.0,0.0,100.0,0.0,100.0,0.0,100.0,0.0,77.0,23.0,100.0,0.0,100.0,0.0,75.0,51561.0,23,23,100,0,100,0,200,0,100.0,27812.0,100.0,52119250176.0,100.0,117473418545.0
2018-10-06,S300Z75B,ST4000DM000,4000787030016,0,115,91414728,92,0,100,8,100,0,86,408295210,68,28229,100,0,100,8,100.0,0.0,100.0,0.0,100.0,0.0,100.0,0.0,100.0,0.0,76.0,24.0,100.0,0.0,100.0,0.0,75.0,51561.0,24,24,100,0,100,0,200,0,100.0,27837.0,100.0,52121648152.0,100.0,117643665099.0
2018-10-07,S300Z75B,ST4000DM000,4000787030016,0,119,219230504,92,0,100,8,100,0,86,408674398,68,28253,100,0,100,8,100.0,0.0,100.0,0.0,100.0,0.0,100.0,0.0,100.0,0.0,77.0,23.0,100.0,0.0,100.0,0.0,75.0,51561.0,23,23,100,0,100,0,200,0,100.0,27860.0,100.0,52123906568.0,100.0,117775188466.0
2018-10-08,S300Z75B,ST4000DM000,4000787030016,0,118,169292816,92,0,100,8,100,0,86,410511042,68,28277,100,0,100,8,100.0,0.0,100.0,0.0,100.0,0.0,100.0,0.0,100.0,0.0,77.0,23.0,100.0,0.0,100.0,0.0,75.0,51561.0,23,23,100,0,100,0,200,0,100.0,27884.0,100.0,52131267688.0,100.0,117927633501.0
2018-10-09,S300Z75B,ST4000DM000,4000787030016,0,117.0,130620496.0,92.0,0.0,100.0,8.0,100.0,0.0,86.0,412209439.0,68.0,28301.0,100.0,0.0,100.0,8.0,100.0,0.0,100.0,0.0,100.0,0.0,100.0,0.0,100.0,0.0,77.0,23.0,100.0,0.0,100.0,0.0,75.0,51561.0,23.0,23.0,100.0,0.0,100.0,0.0,200.0,0.0,100.0,27909.0,100.0,52135914600.0,100.0,118116769786.0
2018-10-10,S300Z75B,ST4000DM000,4000787030016,0,113,57404968,92,0,100,8,100,0,86,413032958,68,28325,100,0,100,8,100.0,0.0,100.0,0.0,100.0,0.0,100.0,0.0,100.0,0.0,76.0,24.0,100.0,0.0,100.0,0.0,75.0,51561.0,24,24,100,0,100,0,200,0,100.0,27933.0,100.0,52137955032.0,100.0,118275839667.0
2018-10-11,S300Z75B,ST4000DM000,4000787030016,0,115,88423616,92,0,100,8,100,0,86,413880383,68,28349,100,0,100,8,100.0,0.0,100.0,0.0,100.0,0.0,100.0,0.0,100.0,0.0,76.0,24.0,100.0,0.0,100.0,0.0,75.0,51676.0,24,24,100,0,100,0,200,0,100.0,27956.0,100.0,52139982064.0,100.0,118381599392.0
2018-10-12,S300Z75B,ST4000DM000,4000787030016,0,116,111958488,92,0,100,8,100,0,86,415067896,68,28373,100,0,100,8,100.0,0.0,100.0,0.0,100.0,0.0,100.0,0.0,100.0,0.0,75.0,25.0,100.0,0.0,100.0,0.0,75.0,51713.0,25,25,100,0,100,0,200,0,100.0,27980.0,100.0,52143821808.0,100.0,118501097633.0
2018-10-13,S300Z75B,ST4000DM000,4000787030016,0,119,230646888,92,0,100,8,100,0,86,415899506,68,28397,100,0,100,8,100.0,0.0,100.0,0.0,100.0,0.0,100.0,0.0,100.0,0.0,76.0,24.0,100.0,0.0,100.0,0.0,75.0,51713.0,24,24,100,0,100,0,200,0,100.0,28004.0,100.0,52145654488.0,100.0,118652528191.0
2018-10-14,S300Z75B,ST4000DM000,4000787030016,0,120,238499416,92,0,100,8,100,0,86,417308885,68,28421,100,0,100,8,100.0,0.0,100.0,0.0,100.0,0.0,100.0,0.0,100.0,0.0,76.0,24.0,100.0,0.0,100.0,0.0,75.0,51713.0,24,24,100,0,100,0,200,0,100.0,28028.0,100.0,52147644128.0,100.0,118814782434.0
2018-10-15,S300Z75B,ST4000DM000,4000787030016,0,118,180709104,92,0,100,8,100,0,86,418612084,68,28445,100,0,100,8,100.0,0.0,100.0,0.0,100.0,0.0,100.0,0.0,100.0,0.0,76.0,24.0,100.0,0.0,100.0,0.0,75.0,51713.0,24,24,100,0,100,0,200,0,100.0,28052.0,100.0,52151849000.0,100.0,118984692471.0
2018-10-16,S300Z75B,ST4000DM000,4000787030016,0,114,66675704,92,0,100,8,100,0,86,420377510,68,28469,100,0,100,8,100.0,0.0,100.0,0.0,100.0,0.0,100.0,0.0,100.0,0.0,76.0,24.0,100.0,0.0,100.0,0.0,75.0,51713.0,24,24,100,0,100,0,200,0,100.0,28076.0,100.0,52156985704.0,100.0,119143015422.0
2018-10-17,S300Z75B,ST4000DM000,4000787030016,0,108,17000792,92,0,100,8,100,0,86,421045604,68,28493,100,0,100,8,100.0,0.0,100.0,0.0,100.0,0.0,100.0,0.0,100.0,0.0,77.0,23.0,100.0,0.0,100.0,0.0,75.0,51713.0,23,23,100,0,100,0,200,0,100.0,28100.0,100.0,52158723184.0,100.0,119286136759.0
2018-10-18,S300Z75B,ST4000DM000,4000787030016,0,119,210821352,92,0,100,8,100,0,86,422497418,68,28520,100,0,100,8,100.0,0.0,100.0,0.0,100.0,0.0,100.0,0.0,100.0,0.0,76.0,24.0,100.0,0.0,100.0,0.0,75.0,51721.0,24,24,100,0,100,0,200,0,100.0,28127.0,100.0,52162177984.0,100.0,119462470769.0
2018-10-19,S300Z75B,ST4000DM000,4000787030016,0,117,164317264,92,0,100,8,100,0,86,424149138,68,28544,100,0,100,8,100.0,0.0,100.0,0.0,100.0,0.0,100.0,0.0,100.0,0.0,76.0,24.0,100.0,0.0,100.0,0.0,75.0,51721.0,24,24,100,0,100,0,200,0,100.0,28151.0,100.0,52166806880.0,100.0,119620698208.0
2018-10-20,S300Z75B,ST4000DM000,4000787030016,0,105,7889056,92,0,100,8,100,0,86,425190790,68,28568,100,0,100,8,100.0,0.0,100.0,0.0,100.0,0.0,100.0,0.0,100.0,0.0,76.0,24.0,100.0,0.0,100.0,0.0,75.0,51721.0,24,24,100,0,100,0,200,0,100.0,28175.0,100.0,52168911264.0,100.0,119768580715.0
2018-10-21,S300Z75B,ST4000DM000,4000787030016,0,102,3729752,92,0,100,8,100,0,86,426166075,68,28592,100,0,100,8,100.0,0.0,100.0,0.0,100.0,0.0,100.0,0.0,100.0,0.0,76.0,24.0,100.0,0.0,100.0,0.0,75.0,51721.0,24,24,100,0,100,0,200,0,100.0,28199.0,100.0,52170672104.0,100.0,119923549734.0
2018-10-22,S300Z75B,ST4000DM000,4000787030016,0,116,108731752,92,0,100,8,100,0,86,426925309,68,28616,100,0,100,8,100.0,0.0,100.0,0.0,100.0,0.0,100.0,0.0,100.0,0.0,76.0,24.0,100.0,0.0,100.0,0.0,75.0,51722.0,24,24,100,0,100,0,200,0,100.0,28223.0,100.0,52172259640.0,100.0,120070916386.0
2018-10-23,S300Z75B,ST4000DM000,4000787030016,0,111,32361528,92,0,100,8,100,0,86,428742272,68,28639,100,0,100,8,100.0,0.0,100.0,0.0,100.0,0.0,100.0,0.0,100.0,0.0,75.0,25.0,100.0,0.0,100.0,0.0,75.0,51722.0,25,25,100,0,100,0,200,0,100.0,28246.0,100.0,52177078160.0,100.0,120251024317.0
2018-10-24,S300Z75B,ST4000DM000,4000787030016,0,114,82124864,92,0,100,8,100,0,86,429690900,68,28664,100,0,100,8,100.0,0.0,100.0,0.0,100.0,0.0,100.0,0.0,100.0,0.0,75.0,25.0,100.0,0.0,100,0,75.0,51722.0,25,25,100,0,100,0,200,0,100.0,28271.0,100.0,52179130864.0,100.0,120422969851.0
2018-10-25,S300Z75B,ST4000DM000,4000787030016,0,113,54253952,92,0,100,8,100,0,86,430919750,68,28689,100,0,100,8,100.0,0.0,100.0,0.0,100.0,0.0,100.0,0.0,100.0,0.0,76.0,24.0,100.0,0.0,100.0,0.0,75.0,51741.0,24,24,100,0,100,0,200,0,100.0,28296.0,100.0,52181563992.0,100.0,120607786130.0
2018-10-26,S300Z75B,ST4000DM000,4000787030016,0,109,23282032,92,0,100,8,100,0,86,431762407,68,28713,100,0,100,8,100.0,0.0,100.0,0.0,100.0,0.0,100.0,0.0,100.0,0.0,76.0,24.0,100.0,0.0,100.0,0.0,75.0,51741.0,24,24,100,0,100,0,200,0,100.0,28319.0,100.0,52183382272.0,100.0,120764365795.0
2018-10-27,S300Z75B,ST4000DM000,4000787030016,0,117,120784704,92,0,100,8,100,0,86,432540437,68,28737,100,0,100,8,100.0,0.0,100.0,0.0,100.0,0.0,100.0,0.0,100.0,0.0,76.0,24.0,100.0,0.0,100.0,0.0,75.0,51741.0,24,24,100,0,100,0,200,0,100.0,28344.0,100.0,52185672600.0,100.0,120907934925.0
2018-10-28,S300Z75B,ST4000DM000,4000787030016,0,120,242567272,92,0,100,8,100,0,86,433276040,68,28761,100,0,100,8,100.0,0.0,100.0,0.0,100.0,0.0,100.0,0.0,100.0,0.0,76.0,24.0,100.0,0.0,100.0,0.0,75.0,51741.0,24,24,100,0,100,0,200,0,100.0,28367.0,100.0,52187349272.0,100.0,121044070558.0
2018-10-29,S300Z75B,ST4000DM000,4000787030016,0,107,14595136,92,0,100,8,100,0,86,435453920,68,28785,100,0,100,8,100.0,0.0,100.0,0.0,100.0,0.0,100.0,0.0,100.0,0.0,76.0,24.0,100.0,0.0,100.0,0.0,75.0,51741.0,24,24,100,0,100,0,200,0,100.0,28391.0,100.0,52192986344.0,100.0,121210842818.0
2018-10-30,S300Z75B,ST4000DM000,4000787030016,0,118,188226880,92,0,100,8,100,0,86,437272707,68,28809,100,0,100,8,100.0,0.0,100.0,0.0,100.0,0.0,100.0,0.0,100.0,0.0,76.0,24.0,100.0,0.0,100.0,0.0,75.0,51741.0,24,24,100,0,100,0,200,0,100.0,28415.0,100.0,52195857440.0,100.0,121376123157.0
2018-10-31,S300Z75B,ST4000DM000,4000787030016,0,115,94576624,92.0,0.0,100.0,8.0,100.0,0.0,86.0,438348859.0,68,28832,100.0,0.0,100,8,100.0,0.0,100.0,0.0,100.0,0.0,100.0,0.0,100.0,0.0,76.0,24.0,100.0,0.0,100.0,0.0,75.0,51741.0,24,24,100.0,0.0,100.0,0.0,200.0,0.0,100.0,28439.0,100.0,52197714912.0,100.0,121524126358.0
2018-11-01,S300Z75B,ST4000DM000,4000787030016,0,114,83222000,92.0,0.0,100.0,8.0,100.0,0.0,86.0,440176751.0,68,28855,100.0,0.0,100,8,100.0,0.0,100.0,0.0,100.0,0.0,100.0,0.0,100.0,0.0,75.0,25.0,100.0,0.0,100.0,0.0,75.0,51784.0,25,25,100.0,0.0,100.0,0.0,200.0,0.0,100.0,28462.0,100.0,52202326784.0,100.0,121648249934.0
2018-11-02,S300Z75B,ST4000DM000,4000787030016,0,114,75030768,92.0,0.0,100.0,8.0,100.0,0.0,86.0,441156910.0,68,28879,100.0,0.0,100,8,100.0,0.0,100.0,0.0,100.0,0.0,100.0,0.0,100.0,0.0,75.0,25.0,100.0,0.0,100.0,0.0,75.0,51784.0,25,25,100.0,0.0,100.0,0.0,200.0,0.0,100.0,28485.0,100.0,52204582232.0,100.0,121782876823.0
2018-11-03,S300Z75B,ST4000DM000,4000787030016,0,117,124281616,92.0,0.0,100.0,8.0,100.0,0.0,86.0,442454967.0,68,28903,100.0,0.0,100,8,100.0,0.0,100.0,0.0,100.0,0.0,100.0,0.0,100.0,0.0,75.0,25.0,100.0,0.0,100.0,0.0,75.0,51784.0,25,25,100.0,0.0,100.0,0.0,200.0,0.0,100.0,28509.0,100.0,52208421752.0,100.0,121939449011.0
2018-11-04,S300Z75B,ST4000DM000,4000787030016,0,114,64698264,92.0,0.0,100.0,8.0,100.0,0.0,86.0,443338383.0,67,28927,100.0,0.0,100,8,100.0,0.0,100.0,0.0,100.0,0.0,100.0,0.0,100.0,0.0,76.0,24.0,100.0,0.0,100.0,0.0,75.0,51784.0,24,24,100.0,0.0,100.0,0.0,200.0,0.0,100.0,28533.0,100.0,52209935400.0,100.0,122088531206.0
2018-11-05,S300Z75B,ST4000DM000,4000787030016,0,99,2454216,92.0,0.0,100.0,8.0,100.0,0.0,86.0,443897806.0,67,28951,100.0,0.0,100,8,100.0,0.0,100.0,0.0,100.0,0.0,100.0,0.0,100.0,0.0,76.0,24.0,100.0,0.0,100.0,0.0,75.0,51784.0,24,24,100.0,0.0,100.0,0.0,200.0,0.0,100.0,28557.0,100.0,52212414488.0,100.0,122187761611.0
2018-11-06,S300Z75B,ST4000DM000,4000787030016,0,117.0,166506632.0,92.0,0.0,100.0,8.0,100.0,0.0,86.0,445393135.0,67.0,28975.0,100.0,0.0,100.0,8.0,100.0,0.0,100.0,0.0,100.0,0.0,100.0,0.0,100.0,0.0,76.0,24.0,100.0,0.0,100.0,0.0,75.0,51784.0,24.0,24.0,100.0,0.0,100.0,0.0,200.0,0.0,100.0,28581.0,100.0,52216690360.0,100.0,122336784396.0
2018-11-07,S300Z75B,ST4000DM000,4000787030016,0,119.0,228024096.0,92.0,0.0,100.0,8.0,100.0,0.0,86.0,446120991.0,67.0,28999.0,100.0,0.0,100.0,8.0,100.0,0.0,100.0,0.0,100.0,0.0,100.0,0.0,100.0,0.0,76.0,24.0,100.0,0.0,100.0,0.0,75.0,51784.0,24.0,24.0,100.0,0.0,100.0,0.0,200.0,0.0,100.0,28605.0,100.0,52217970632.0,100.0,122489788469.0
2018-11-08,S300Z75B,ST4000DM000,4000787030016,0,116.0,104808784.0,92.0,0.0,100.0,8.0,100.0,0.0,86.0,448215234.0,67.0,29026.0,100.0,0.0,100.0,8.0,100.0,0.0,100.0,0.0,100.0,0.0,100.0,0.0,100.0,0.0,77.0,23.0,100.0,0.0,100.0,0.0,75.0,51848.0,23.0,23.0,100.0,0.0,100.0,0.0,200.0,0.0,100.0,28632.0,100.0,52223924088.0,100.0,122614914145.0
2018-11-09,S300Z75B,ST4000DM000,4000787030016,0,119,220755432,92.0,0.0,100.0,8.0,100.0,0.0,86.0,449146998.0,67,29050,100.0,0.0,100,8,100.0,0.0,100.0,0.0,100.0,0.0,100.0,0.0,100.0,0.0,77.0,23.0,100.0,0.0,100.0,0.0,75.0,51850.0,23,23,100.0,0.0,100.0,0.0,200.0,0.0,100.0,28656.0,100.0,52227134544.0,100.0,122786240522.0
2018-11-10,S300Z75B,ST4000DM000,4000787030016,0,117,119607072,92.0,0.0,100.0,8.0,100.0,0.0,86.0,449586425.0,67,29074,100.0,0.0,100,8,100.0,0.0,100.0,0.0,100.0,0.0,100.0,0.0,100.0,0.0,77.0,23.0,100.0,0.0,100.0,0.0,75.0,51850.0,23,23,100.0,0.0,100.0,0.0,200.0,0.0,100.0,28680.0,100.0,52229754728.0,100.0,122948532608.0
2018-11-11,S300Z75B,ST4000DM000,4000787030016,0,115,98830984,92.0,0.0,100.0,8.0,100.0,0.0,86.0,449998343.0,67,29098,100.0,0.0,100,8,100.0,0.0,100.0,0.0,100.0,0.0,100.0,0.0,100.0,0.0,77.0,23.0,100.0,0.0,100.0,0.0,75.0,51850.0,23,23,100.0,0.0,100.0,0.0,200.0,0.0,100.0,28704.0,100.0,52232360584.0,100.0,123099245539.0
2018-11-12,S300Z75B,ST4000DM000,4000787030016,0,114,62895552,92.0,0.0,100.0,8.0,100.0,0.0,86.0,450439030.0,67,29121,100.0,0.0,100,8,100.0,0.0,100.0,0.0,100.0,0.0,100.0,0.0,100.0,0.0,77.0,23.0,100.0,0.0,100.0,0.0,75.0,51850.0,23,23,100.0,0.0,100.0,0.0,200.0,0.0,100.0,28728.0,100.0,52235251536.0,100.0,123239108677.0
2018-11-13,S300Z75B,ST4000DM000,4000787030016,0,117,155506184,92.0,0.0,100.0,8.0,100.0,0.0,86.0,451930083.0,67,29145,100.0,0.0,100,8,100.0,0.0,100.0,0.0,100.0,0.0,100.0,0.0,100.0,0.0,77.0,23.0,100.0,0.0,100.0,0.0,75.0,51850.0,23,23,100.0,0.0,100.0,0.0,200.0,0.0,100.0,28752.0,100.0,52240724968.0,100.0,123411246306.0
2018-11-14,S300Z75B,ST4000DM000,4000787030016,0,114,70004408,92.0,0.0,100.0,8.0,100.0,0.0,86.0,452661752.0,67,29168,100.0,0.0,100,8,100.0,0.0,100.0,0.0,100.0,0.0,100.0,0.0,100.0,0.0,76.0,24.0,100.0,0.0,100.0,0.0,75.0,51851.0,24,24,100.0,0.0,100.0,0.0,200.0,0.0,100.0,28775.0,100.0,52243014928.0,100.0,123553614988.0
2018-11-15,S300Z75B,ST4000DM000,4000787030016,0,117,162547600,92.0,0.0,100.0,8.0,100.0,0.0,86.0,454218223.0,67,29192,100.0,0.0,100,8,100.0,0.0,100.0,0.0,100.0,0.0,100.0,0.0,100.0,0.0,76.0,24.0,100.0,0.0,100.0,0.0,75.0,51851.0,24,24,100.0,0.0,100.0,0.0,200.0,0.0,100.0,28799.0,100.0,52248941648.0,100.0,123688828617.0
2018-11-16,S300Z75B,ST4000DM000,4000787030016,0,117,144758288,92.0,0.0,100.0,8.0,100.0,0.0,86.0,455131836.0,67,29217,100.0,0.0,100,8,100.0,0.0,100.0,0.0,100.0,0.0,100.0,0.0,100.0,0.0,75.0,25.0,100.0,0.0,100.0,0.0,75.0,51851.0,25,25,100.0,0.0,100.0,0.0,200.0,0.0,100.0,28823.0,100.0,52253277352.0,100.0,123840543722.0
2018-11-17,S300Z75B,ST4000DM000,4000787030016,0,107.0,14137304.0,92.0,0.0,100.0,8.0,100.0,0.0,86.0,455950688.0,67.0,29240.0,100.0,0.0,100.0,8.0,100.0,0.0,100.0,0.0,100.0,0.0,100.0,0.0,100.0,0.0,75.0,25.0,100.0,0.0,100.0,0.0,75.0,51851.0,25.0,25.0,100.0,0.0,100.0,0.0,200.0,0.0,100.0,28847.0,100.0,52255339760.0,100.0,123988702898.0
2018-11-18,S300Z75B,ST4000DM000,4000787030016,0,114,74479872,92.0,0.0,100.0,8.0,100.0,0.0,86.0,457388398.0,67,29265,100.0,0.0,100,8,100.0,0.0,100.0,0.0,100.0,0.0,100.0,0.0,100.0,0.0,75.0,25.0,100.0,0.0,100.0,0.0,75.0,51851.0,25,25,100.0,0.0,100.0,0.0,200.0,0.0,100.0,28871.0,100.0,52256931248.0,100.0,124156921236.0
2018-11-19,S300Z75B,ST4000DM000,4000787030016,0,111,36378336,92.0,0.0,100.0,8.0,100.0,0.0,86.0,459951465.0,67,29289,100.0,0.0,100,8,100.0,0.0,100.0,0.0,100.0,0.0,100.0,0.0,100.0,0.0,75.0,25.0,100.0,0.0,100.0,0.0,75.0,51851.0,25,25,100.0,0.0,100.0,0.0,200.0,0.0,100.0,28895.0,100.0,52262857880.0,100.0,124349058854.0
2018-11-20,S300Z75B,ST4000DM000,4000787030016,0,117,162690856,92.0,0.0,100.0,8.0,100.0,0.0,86.0,461590062.0,67,29313,100.0,0.0,100,8,100.0,0.0,100.0,0.0,100.0,0.0,100.0,0.0,100.0,0.0,76.0,24.0,100.0,0.0,100.0,0.0,75.0,51851.0,24,24,100.0,0.0,100.0,0.0,200.0,0.0,100.0,28919.0,100.0,52265309984.0,100.0,124499708601.0
2018-11-21,S300Z75B,ST4000DM000,4000787030016,0,114,68752752,92.0,0.0,100.0,8.0,100.0,0.0,86.0,462367360.0,67,29337,100.0,0.0,100,8,100.0,0.0,100.0,0.0,100.0,0.0,100.0,0.0,100.0,0.0,75.0,25.0,100.0,0.0,100.0,0.0,75.0,51851.0,25,25,100.0,0.0,100.0,0.0,200.0,0.0,100.0,28943.0,100.0,52267106576.0,100.0,124659903198.0
2018-11-22,S300Z75B,ST4000DM000,4000787030016,0,114,78915488,92.0,0.0,100.0,8.0,100.0,0.0,86.0,463763748.0,67,29361,100.0,0.0,100,8,100.0,0.0,100.0,0.0,100.0,0.0,100.0,0.0,100.0,0.0,72.0,28.0,100.0,0.0,100.0,0.0,75.0,51851.0,28,28,100.0,0.0,100.0,0.0,200.0,0.0,100.0,28967.0,100.0,52271403872.0,100.0,124773590035.0
2018-11-23,S300Z75B,ST4000DM000,4000787030016,0,117,156020800,92.0,0.0,100.0,8.0,100.0,0.0,86.0,464668862.0,67,29385,100.0,0.0,100,8,100.0,0.0,100.0,0.0,100.0,0.0,100.0,0.0,100.0,0.0,75.0,25.0,100.0,0.0,100.0,0.0,75.0,51851.0,25,25,100.0,0.0,100.0,0.0,200.0,0.0,100.0,28991.0,100.0,52273559688.0,100.0,124928337694.0
2018-11-24,S300Z75B,ST4000DM000,4000787030016,0,120,194712,92.0,0.0,100.0,8.0,100.0,0.0,86.0,465733333.0,67,29408,100.0,0.0,100,8,100.0,0.0,100.0,0.0,100.0,0.0,100.0,0.0,100.0,0.0,75.0,25.0,100.0,0.0,100.0,0.0,75.0,51851.0,25,25,100.0,0.0,100.0,0.0,200.0,0.0,100.0,29015.0,100.0,52276433184.0,100.0,125078318277.0
2018-11-25,S300Z75B,ST4000DM000,4000787030016,0,118,176651696,92.0,0.0,100.0,8.0,100.0,0.0,86.0,466748401.0,67,29432,100.0,0.0,100,8,100.0,0.0,100.0,0.0,100.0,0.0,100.0,0.0,100.0,0.0,75.0,25.0,100.0,0.0,100.0,0.0,75.0,51851.0,25,25,100.0,0.0,100.0,0.0,200.0,0.0,100.0,29039.0,100.0,52278008776.0,100.0,125240356947.0
2018-11-26,S300Z75B,ST4000DM000,4000787030016,0,110,28806408,92.0,0.0,100.0,8.0,100.0,0.0,86.0,467608395.0,67,29457,100.0,0.0,100,8,100.0,0.0,100.0,0.0,100.0,0.0,100.0,0.0,100.0,0.0,75.0,25.0,100.0,0.0,100.0,0.0,75.0,51851.0,25,25,100.0,0.0,100.0,0.0,200.0,0.0,100.0,29063.0,100.0,52281500416.0,100.0,125400028175.0
2018-11-27,S300Z75B,ST4000DM000,4000787030016,0,102,4677776,92.0,0.0,100.0,8.0,100.0,0.0,86.0,469462952.0,67,29481,100.0,0.0,100,8,100.0,0.0,100.0,0.0,100.0,0.0,100.0,0.0,100.0,0.0,74.0,26.0,100.0,0.0,100.0,0.0,75.0,51851.0,26,26,100.0,0.0,100.0,0.0,200.0,0.0,100.0,29087.0,100.0,52286859408.0,100.0,125584147664.0
2018-11-28,S300Z75B,ST4000DM000,4000787030016,0,112,46902128,92.0,0.0,100.0,8.0,100.0,0.0,87.0,470498841.0,67,29505,100.0,0.0,100,8,100.0,0.0,100.0,0.0,100.0,0.0,100.0,0.0,100.0,0.0,74.0,26.0,100.0,0.0,100.0,0.0,75.0,51851.0,26,26,100.0,0.0,100.0,0.0,200.0,0.0,100.0,29111.0,100.0,52288672672.0,100.0,125766881860.0
2018-11-29,S300Z75B,ST4000DM000,4000787030016,0,114,79727976,92.0,0.0,100.0,8.0,100.0,0.0,87.0,473392679.0,67,29529,100.0,0.0,100,8,100.0,0.0,100.0,0.0,100.0,0.0,100.0,0.0,100.0,0.0,77.0,23.0,100.0,0.0,100.0,0.0,75.0,51851.0,23,23,100.0,0.0,100.0,0.0,200.0,0.0,100.0,29135.0,100.0,52294252552.0,100.0,125934098512.0
2018-11-30,S300Z75B,ST4000DM000,4000787030016,0,118,175710368,92.0,0.0,100.0,8.0,100.0,0.0,87.0,474275707.0,67,29553,100.0,0.0,100,8,100.0,0.0,100.0,0.0,100.0,0.0,100.0,0.0,100.0,0.0,77.0,23.0,100.0,0.0,100.0,0.0,75.0,51851.0,23,23,100.0,0.0,100.0,0.0,200.0,0.0,100.0,29159.0,100.0,52296526352.0,100.0,126092187303.0
2018-12-01,S300Z75B,ST4000DM000,4000787030016,0,120,238901968,92.0,0.0,100.0,8.0,100.0,0.0,87.0,475082615.0,67,29577,100.0,0.0,100,8,100.0,0.0,100.0,0.0,100.0,0.0,100.0,0.0,100.0,0.0,76.0,24.0,100.0,0.0,100.0,0.0,75.0,51851.0,24,24,100.0,0.0,100.0,0.0,200.0,0.0,100.0,29183.0,100.0,52298368616.0,100.0,126241325660.0
2018-12-02,S300Z75B,ST4000DM000,4000787030016,0,113,51614560,92.0,0.0,100.0,8.0,100.0,0.0,87.0,475812113.0,67,29600,100.0,0.0,100,8,100.0,0.0,100.0,0.0,100.0,0.0,100.0,0.0,100.0,0.0,76.0,24.0,100.0,0.0,100.0,0.0,75.0,51851.0,24,24,100.0,0.0,100.0,0.0,200.0,0.0,100.0,29207.0,100.0,52300677264.0,100.0,126367916699.0
2018-12-03,S300Z75B,ST4000DM000,4000787030016,0,107,14421904,92.0,0.0,100.0,8.0,100.0,0.0,87.0,476836640.0,67,29625,100.0,0.0,100,8,100.0,0.0,100.0,0.0,100.0,0.0,100.0,0.0,100.0,0.0,75.0,25.0,100.0,0.0,100.0,0.0,75.0,51851.0,25,25,100.0,0.0,100.0,0.0,200.0,0.0,100.0,29231.0,100.0,52303377984.0,100.0,126537676730.0
2018-12-04,S300Z75B,ST4000DM000,4000787030016,0,114,80522232,92.0,0.0,100.0,8.0,100.0,0.0,87.0,478802072.0,67,29649,100.0,0.0,100,8,100.0,0.0,100.0,0.0,100.0,0.0,100.0,0.0,100.0,0.0,76.0,24.0,100.0,0.0,100.0,0.0,75.0,51851.0,24,24,100.0,0.0,100.0,0.0,200.0,0.0,100.0,29255.0,100.0,52308091264.0,100.0,126715540488.0
2018-12-05,S300Z75B,ST4000DM000,4000787030016,0,118.0,176415904.0,92.0,0.0,100.0,8.0,100.0,0.0,87.0,479968881.0,67.0,29673.0,100.0,0.0,100.0,8.0,100.0,0.0,100.0,0.0,100.0,0.0,100.0,0.0,100.0,0.0,75.0,25.0,100.0,0.0,100.0,0.0,75.0,51851.0,25.0,25.0,100.0,0.0,100.0,0.0,200.0,0.0,100.0,29279.0,100.0,52310052920.0,100.0,126866031588.0
2018-12-06,S300Z75B,ST4000DM000,4000787030016,0,111,38689496,92.0,0.0,100.0,8.0,100.0,0.0,87.0,481129355.0,67,29696,100.0,0.0,100,8,100.0,0.0,100.0,0.0,100.0,0.0,100.0,0.0,100.0,0.0,75.0,25.0,100.0,0.0,100.0,0.0,75.0,51851.0,25,25,100.0,0.0,100.0,0.0,200.0,0.0,100.0,29303.0,100.0,52312403008.0,100.0,127002637938.0
2018-12-07,S300Z75B,ST4000DM000,4000787030016,0,114,75689056,92.0,0.0,100.0,8.0,100.0,0.0,87.0,482417789.0,67,29721,100.0,0.0,100,8,100.0,0.0,100.0,0.0,100.0,0.0,100.0,0.0,100.0,0.0,76.0,24.0,100.0,0.0,100.0,0.0,75.0,51851.0,24,24,100.0,0.0,100.0,0.0,200.0,0.0,100.0,29327.0,100.0,52314459784.0,100.0,127164260256.0
2018-12-08,S300Z75B,ST4000DM000,4000787030016,0,117,123653120,92.0,0.0,100.0,8.0,100.0,0.0,87.0,484282244.0,67,29745,100.0,0.0,100,8,100.0,0.0,100.0,0.0,100.0,0.0,100.0,0.0,100.0,0.0,76.0,24.0,100.0,0.0,100.0,0.0,75.0,51851.0,24,24,100.0,0.0,100.0,0.0,200.0,0.0,100.0,29351.0,100.0,52319109656.0,100.0,127333551667.0
2018-12-09,S300Z75B,ST4000DM000,4000787030016,0,106,11033840,92.0,0.0,100.0,8.0,100.0,0.0,87.0,484807168.0,67,29769,100.0,0.0,100,8,100.0,0.0,100.0,0.0,100.0,0.0,100.0,0.0,100.0,0.0,76.0,24.0,100.0,0.0,100.0,0.0,75.0,51851.0,24,24,100.0,0.0,100.0,0.0,200.0,0.0,100.0,29375.0,100.0,52320879360.0,100.0,127429423562.0
2018-12-10,S300Z75B,ST4000DM000,4000787030016,0,116,111277664,92.0,0.0,100.0,8.0,100.0,0.0,87.0,485544342.0,66,29793,100.0,0.0,100,8,100.0,0.0,100.0,0.0,100.0,0.0,100.0,0.0,100.0,0.0,76.0,24.0,100.0,0.0,100.0,0.0,75.0,51851.0,24,24,100.0,0.0,100.0,0.0,200.0,0.0,100.0,29399.0,100.0,52322580184.0,100.0,127571291115.0
2018-12-11,S300Z75B,ST4000DM000,4000787030016,0,110,26655544,92.0,0.0,100.0,8.0,100.0,0.0,87.0,487192621.0,66,29816,100.0,0.0,100,8,100.0,0.0,100.0,0.0,100.0,0.0,100.0,0.0,100.0,0.0,76.0,24.0,100.0,0.0,100.0,0.0,75.0,51851.0,24,24,100.0,0.0,100.0,0.0,200.0,0.0,100.0,29423.0,100.0,52329624808.0,100.0,127732755870.0
2018-12-12,S300Z75B,ST4000DM000,4000787030016,0,112,46156792,92.0,0.0,100.0,8.0,100.0,0.0,87.0,487769464.0,66,29840,100.0,0.0,100,8,100.0,0.0,100.0,0.0,100.0,0.0,100.0,0.0,100.0,0.0,75.0,25.0,100.0,0.0,100.0,0.0,75.0,51851.0,25,25,100.0,0.0,100.0,0.0,200.0,0.0,100.0,29447.0,100.0,52332733544.0,100.0,127884742844.0
2018-12-13,S300Z75B,ST4000DM000,4000787030016,0,113,54884616,92.0,0.0,100.0,8.0,100.0,0.0,87.0,488993883.0,66,29864,100.0,0.0,100,8,100.0,0.0,100.0,0.0,100.0,0.0,100.0,0.0,100.0,0.0,76.0,24.0,100.0,0.0,100.0,0.0,75.0,51851.0,24,24,100.0,0.0,100.0,0.0,200.0,0.0,100.0,29471.0,100.0,52337326032.0,100.0,128030518876.0
2018-12-14,S300Z75B,ST4000DM000,4000787030016,0,118,199636760,92.0,0.0,100.0,8.0,100.0,0.0,87.0,489425264.0,66,29888,100.0,0.0,100,8,100.0,0.0,100.0,0.0,100.0,0.0,100.0,0.0,100.0,0.0,76.0,24.0,100.0,0.0,100.0,0.0,75.0,51851.0,24,24,100.0,0.0,100.0,0.0,200.0,0.0,100.0,29495.0,100.0,52339591576.0,100.0,128191168566.0
2018-12-15,S300Z75B,ST4000DM000,4000787030016,0,117,140477880,92.0,0.0,100.0,8.0,100.0,0.0,87.0,489814853.0,66,29913,100.0,0.0,100,8,100.0,0.0,100.0,0.0,100.0,0.0,100.0,0.0,100.0,0.0,76.0,24.0,100.0,0.0,100.0,0.0,75.0,51851.0,24,24,100.0,0.0,100.0,0.0,200.0,0.0,100.0,29519.0,100.0,52341824504.0,100.0,128332728631.0
2018-12-16,S300Z75B,ST4000DM000,4000787030016,0,116,115023848,92.0,0.0,100.0,8.0,100.0,0.0,87.0,490236171.0,66,29937,100.0,0.0,100,8,100.0,0.0,100.0,0.0,100.0,0.0,100.0,0.0,100.0,0.0,76.0,24.0,100.0,0.0,100.0,0.0,75.0,51851.0,24,24,100.0,0.0,100.0,0.0,200.0,0.0,100.0,29543.0,100.0,52344377888.0,100.0,128477217415.0
2018-12-17,S300Z75B,ST4000DM000,4000787030016,0,108,17050792,92.0,0.0,100.0,8.0,100.0,0.0,87.0,492201469.0,66,29960,100.0,0.0,100,8,100.0,0.0,100.0,0.0,100.0,0.0,100.0,0.0,100.0,0.0,76.0,24.0,100.0,0.0,100.0,0.0,75.0,51851.0,24,24,100.0,0.0,100.0,0.0,200.0,0.0,100.0,29567.0,100.0,52350729880.0,100.0,128664569757.0
2018-12-18,S300Z75B,ST4000DM000,4000787030016,0,117,165370960,92.0,0.0,100.0,8.0,100.0,0.0,87.0,493997483.0,66,29984,100.0,0.0,100,8,100.0,0.0,100.0,0.0,100.0,0.0,100.0,0.0,100.0,0.0,76.0,24.0,100.0,0.0,100.0,0.0,75.0,51851.0,24,24,100.0,0.0,100.0,0.0,200.0,0.0,100.0,29590.0,100.0,52356314424.0,100.0,128849771285.0
2018-12-19,S300Z75B,ST4000DM000,4000787030016,0,118,194463496,92.0,0.0,100.0,8.0,100.0,0.0,87.0,494819057.0,66,30009,100.0,0.0,100,8,100.0,0.0,100.0,0.0,100.0,0.0,100.0,0.0,100.0,0.0,76.0,24.0,100.0,0.0,100.0,0.0,75.0,51851.0,24,24,100.0,0.0,100.0,0.0,200.0,0.0,100.0,29615.0,100.0,52358770040.0,100.0,128998596980.0
2018-12-20,S300Z75B,ST4000DM000,4000787030016,0,119,226885728,92.0,0.0,100.0,8.0,100.0,0.0,87.0,497076513.0,66,30033,100.0,0.0,100,8,100.0,0.0,100.0,0.0,100.0,0.0,100.0,0.0,100.0,0.0,76.0,24.0,100.0,0.0,100.0,0.0,75.0,51851.0,24,24,100.0,0.0,100.0,0.0,200.0,0.0,100.0,29639.0,100.0,52364179776.0,100.0,129256155991.0
2018-12-21,S300Z75B,ST4000DM000,4000787030016,0,117,118400912,92.0,0.0,100.0,8.0,100.0,0.0,87.0,502442070.0,66,30057,100.0,0.0,100,8,100.0,0.0,100.0,0.0,100.0,0.0,100.0,0.0,100.0,0.0,75.0,25.0,100.0,0.0,100.0,0.0,75.0,51851.0,25,25,100.0,0.0,100.0,0.0,200.0,0.0,100.0,29664.0,100.0,52376250536.0,100.0,130275500272.0
2018-12-22,S300Z75B,ST4000DM000,4000787030016,0,119,221540776,92.0,0.0,100.0,8.0,100.0,0.0,87.0,508272356.0,66,30080,100.0,0.0,100,8,100.0,0.0,100.0,0.0,100.0,0.0,100.0,0.0,100.0,0.0,75.0,25.0,100.0,0.0,100.0,0.0,75.0,51851.0,25,25,100.0,0.0,100.0,0.0,200.0,0.0,100.0,29687.0,100.0,52381649200.0,100.0,131095639785.0
2018-12-23,S300Z75B,ST4000DM000,4000787030016,0,117,133292008,92.0,0.0,100.0,8.0,100.0,0.0,87.0,514012425.0,66,30105,100.0,0.0,100,8,100.0,0.0,100.0,0.0,100.0,0.0,100.0,0.0,100.0,0.0,75.0,25.0,100.0,0.0,100.0,0.0,75.0,51851.0,25,25,100.0,0.0,100.0,0.0,200.0,0.0,100.0,29711.0,100.0,52386538720.0,100.0,131889130225.0
2018-12-24,S300Z75B,ST4000DM000,4000787030016,0,119,209914376,92.0,0.0,100.0,8.0,100.0,0.0,87.0,519709836.0,66,30129,100.0,0.0,100,8,100.0,0.0,100.0,0.0,100.0,0.0,100.0,0.0,100.0,0.0,75.0,25.0,100.0,0.0,100.0,0.0,75.0,51851.0,25,25,100.0,0.0,100.0,0.0,200.0,0.0,100.0,29735.0,100.0,52391639952.0,100.0,132677492158.0
2018-12-25,S300Z75B,ST4000DM000,4000787030016,0,119,206484184,92.0,0.0,100.0,8.0,100.0,0.0,87.0,525858719.0,66,30153,100.0,0.0,100,8,100.0,0.0,100.0,0.0,100.0,0.0,100.0,0.0,100.0,0.0,75.0,25.0,100.0,0.0,100.0,0.0,75.0,51851.0,25,25,100.0,0.0,100.0,0.0,200.0,0.0,100.0,29759.0,100.0,52398446840.0,100.0,133395267928.0
2018-12-26,S300Z75B,ST4000DM000,4000787030016,0,114,75112792,92.0,0.0,100.0,8.0,100.0,0.0,87.0,532140227.0,66,30177,100.0,0.0,100,8,100.0,0.0,100.0,0.0,100.0,0.0,100.0,0.0,100.0,0.0,76.0,24.0,100.0,0.0,100.0,0.0,75.0,51851.0,24,24,100.0,0.0,100.0,0.0,200.0,0.0,100.0,29783.0,100.0,52407317408.0,100.0,133990814775.0
2018-12-27,S300Z75B,ST4000DM000,4000787030016,0,119,203336048,92.0,0.0,100.0,8.0,100.0,0.0,87.0,536604463.0,66,30201,100.0,0.0,100,8,100.0,0.0,100.0,0.0,100.0,0.0,100.0,0.0,100.0,0.0,76.0,24.0,100.0,0.0,100.0,0.0,75.0,51851.0,24,24,100.0,0.0,100.0,0.0,200.0,0.0,100.0,29807.0,100.0,52413355280.0,100.0,134539604467.0
2018-12-28,S300Z75B,ST4000DM000,4000787030016,0,118,171159416,92.0,0.0,100.0,8.0,100.0,0.0,87.0,537447458.0,66,30225,100.0,0.0,100,8,100.0,0.0,100.0,0.0,100.0,0.0,100.0,0.0,100.0,0.0,76.0,24.0,100.0,0.0,100.0,0.0,75.0,51851.0,24,24,100.0,0.0,100.0,0.0,200.0,0.0,100.0,29831.0,100.0,52415234560.0,100.0,134689761836.0
2018-12-29,S300Z75B,ST4000DM000,4000787030016,0,118,183031736,92.0,0.0,100.0,8.0,100.0,0.0,87.0,538465182.0,66,30249,100.0,0.0,100,8,100.0,0.0,100.0,0.0,100.0,0.0,100.0,0.0,100.0,0.0,76.0,24.0,100.0,0.0,100.0,0.0,75.0,51851.0,24,24,100.0,0.0,100.0,0.0,200.0,0.0,100.0,29855.0,100.0,52418943416.0,100.0,134840394258.0
2018-12-30,S300Z75B,ST4000DM000,4000787030016,0,117,126959488,92.0,0.0,100.0,8.0,100.0,0.0,87.0,539575489.0,66,30272,100.0,0.0,100,8,100.0,0.0,100.0,0.0,100.0,0.0,100.0,0.0,100.0,0.0,76.0,24.0,100.0,0.0,100.0,0.0,75.0,51851.0,24,24,100.0,0.0,100.0,0.0,200.0,0.0,100.0,29879.0,100.0,52421375944.0,100.0,134995419454.0
2018-12-31,S300Z75B,ST4000DM000,4000787030016,0,119,226354704,92.0,0.0,100.0,8.0,100.0,0.0,87.0,540451854.0,66,30297,100.0,0.0,100,8,100.0,0.0,100.0,0.0,100.0,0.0,100.0,0.0,100.0,0.0,76.0,24.0,100.0,0.0,100.0,0.0,75.0,51851.0,24,24,100.0,0.0,100.0,0.0,200.0,0.0,100.0,29903.0,100.0,52423235648.0,100.0,135163988680.0
