2018-01-01,Z304JWP2,ST4000DM000,4000787030016,0,118,188966528,93,0,100,7,100,0,90,991113452,78,19619,100,0,100,7,100.0,0.0,100.0,0.0,100.0,0.0,100.0,0.0,100.0,0.0,73.0,27.0,100.0,0.0,100.0,0.0,98.0,5162.0,27,27,100,0,100,0,200,0,100.0,19537.0,100.0,46331646680.0,100.0,73422742950.0
2018-01-02,Z304JWP2,ST4000DM000,4000787030016,0,118,172587464,93,0,100,7,100,0,90,992340313,78,19643,100,0,100,7,100.0,0.0,100.0,0.0,100.0,0.0,100.0,0.0,100.0,0.0,73.0,27.0,100.0,0.0,100.0,0.0,98.0,5162.0,27,27,100,0,100,0,200,0,100.0,19562.0,100.0,46349693024.0,100.0,73622987300.0
2018-01-03,Z304JWP2,ST4000DM000,4000787030016,0,119,210625800,93,0,100,7,100,0,90,992758826,78,19667,100,0,100,7,100.0,0.0,100.0,0.0,100.0,0.0,100.0,0.0,100.0,0.0,72.0,28.0,100.0,0.0,100.0,0.0,98.0,5162.0,28,28,100,0,100,0,200,0,100.0,19586.0,100.0,46362614232.0,100.0,73787815932.0
2018-01-04,Z304JWP2,ST4000DM000,4000787030016,0,119,224006184,93,0,100,7,100,0,90,993307630,78,19679,100,0,100,7,100.0,0.0,100.0,0.0,100.0,0.0,100.0,0.0,100.0,0.0,72.0,28.0,100.0,0.0,100.0,0.0,98.0,5162.0,28,28,100,0,100,0,200,0,100.0,19597.0,100.0,46368312544.0,100.0,73842297282.0
2018-01-05,Z304JWP2,ST4000DM000,4000787030016,0,118.0,185875032.0,93.0,0.0,100.0,7.0,100.0,0.0,90.0,994717380.0,78.0,19707.0,100.0,0.0,100.0,7.0,100.0,0.0,100.0,0.0,100.0,0.0,100.0,0.0,100.0,0.0,71.0,29.0,100.0,0.0,100.0,0.0,98.0,5165.0,29.0,29.0,100.0,0.0,100.0,0.0,200.0,0.0,100.0,19626.0,100.0,46386492328.0,100.0,74013743660.0
2018-01-06,Z304JWP2,ST4000DM000,4000787030016,0,118,188939440,93,0,100,7,100,0,90,995804924,78,19731,100,0,100,7,100.0,0.0,100.0,0.0,100.0,0.0,100.0,0.0,100.0,0.0,77.0,23.0,100.0,0.0,100.0,0.0,98.0,5165.0,23,23,100,0,100,0,200,0,100.0,19650.0,100.0,46401209504.0,100.0,74197870020.0
2018-01-07,Z304JWP2,ST4000DM000,4000787030016,0,118,187847944,93,0,100,7,100,0,90,996960225,78,19755,100,0,100,7,100.0,0.0,100.0,0.0,100.0,0.0,100.0,0.0,100.0,0.0,78.0,22.0,100.0,0.0,100.0,0.0,98.0,5165.0,22,22,100,0,100,0,200,0,100.0,19673.0,100.0,46420567632.0,100.0,74391851299.0
2018-01-08,Z304JWP2,ST4000DM000,4000787030016,0,112,43056240,93,0,100,7,100,0,90,999345460,78,19779,100,0,100,7,100.0,0.0,100.0,0.0,100.0,0.0,100.0,0.0,100.0,0.0,77.0,23.0,100.0,0.0,100.0,0.0,98.0,5165.0,23,23,100,0,100,0,200,0,100.0,19697.0,100.0,46432668984.0,100.0,74599957362.0
2018-01-09,Z304JWP2,ST4000DM000,4000787030016,0,104,7111920,93,0,100,7,100,0,61,1501783,78,19803,100,0,100,7,100.0,0.0,100.0,0.0,100.0,0.0,100.0,0.0,100.0,0.0,77.0,23.0,100.0,0.0,100.0,0.0,98.0,5165.0,23,23,100,0,100,0,200,0,100.0,19722.0,100.0,46451286312.0,100.0,74799036345.0
2018-01-10,Z304JWP2,ST4000DM000,4000787030016,0,119,224864136,93,0,100,7,100,0,64,3117063,78,19827,100,0,100,7,100.0,0.0,100.0,0.0,100.0,0.0,100.0,0.0,100.0,0.0,78.0,22.0,100.0,0.0,100.0,0.0,98.0,5165.0,22,22,100,0,100,0,200,0,100.0,19746.0,100.0,46470427136.0,100.0,74967775019.0
2018-01-11,Z304JWP2,ST4000DM000,4000787030016,0,119,232220152,93,0,100,7,100,0,66,5074121,78,19861,100,0,100,7,100.0,0.0,100.0,0.0,100.0,0.0,100.0,0.0,100.0,0.0,76.0,24.0,100.0,0.0,100.0,0.0,98.0,5167.0,24,24,100,0,100,0,200,0,100.0,19779.0,100.0,46498516536.0,100.0,75151064874.0
2018-01-12,Z304JWP2,ST4000DM000,4000787030016,0,117,142401968,93,0,100,7,100,0,68,6525099,78,19885,100,0,100,7,100.0,0.0,100.0,0.0,100.0,0.0,100.0,0.0,100.0,0.0,75.0,25.0,100.0,0.0,100.0,0.0,98.0,5167.0,25,25,100,0,100,0,200,0,100.0,19804.0,100.0,46512062576.0,100.0,75321249643.0
2018-01-13,Z304JWP2,ST4000DM000,4000787030016,0,118.0,188945976.0,93.0,0.0,100.0,7.0,100,0,69.0,8508911.0,78,19909,100.0,0.0,100,7,100.0,0.0,100.0,0.0,100.0,0.0,100.0,0.0,100.0,0.0,71.0,29.0,100.0,0.0,100.0,0.0,98.0,5167.0,29.0,29.0,100.0,0.0,100.0,0.0,200,0,100.0,19828.0,100.0,46534260016.0,100.0,75515726651.0
2018-01-14,Z304JWP2,ST4000DM000,4000787030016,0,117.0,140581384.0,93.0,0.0,100.0,7.0,100,0,69.0,9495815.0,78,19933,100.0,0.0,100,7,100.0,0.0,100.0,0.0,100.0,0.0,100.0,0.0,100.0,0.0,71.0,29.0,100.0,0.0,100.0,0.0,98.0,5167.0,29.0,29.0,100.0,0.0,100.0,0.0,200,0,100.0,19852.0,100.0,46555957664.0,100.0,75654385463.0
2018-01-15,Z304JWP2,ST4000DM000,4000787030016,0,119.0,230707776.0,93.0,0.0,100.0,7.0,100,0,70.0,10795889.0,78,19957,100.0,0.0,100,7,100.0,0.0,100.0,0.0,100.0,0.0,100.0,0.0,100.0,0.0,76.0,24.0,100.0,0.0,100.0,0.0,98.0,5167.0,24.0,24.0,100.0,0.0,100.0,0.0,200,0,100.0,19875.0,100.0,46580512024.0,100.0,75827051440.0
2018-01-16,Z304JWP2,ST4000DM000,4000787030016,0,115.0,98224304.0,93.0,0.0,100.0,7.0,100,0,70.0,12417723.0,78,19981,100.0,0.0,100,7,100.0,0.0,100.0,0.0,100.0,0.0,100.0,0.0,100.0,0.0,72.0,28.0,100.0,0.0,100.0,0.0,98.0,5167.0,28.0,28.0,100.0,0.0,100.0,0.0,200,0,100.0,19899.0,100.0,46607388472.0,100.0,75993931919.0
2018-01-17,Z304JWP2,ST4000DM000,4000787030016,0,112.0,43644384.0,93.0,0.0,100.0,7.0,100,0,71.0,13665630.0,78,20005,100.0,0.0,100,7,100.0,0.0,100.0,0.0,100.0,0.0,100.0,0.0,100.0,0.0,78.0,22.0,100.0,0.0,100.0,0.0,98.0,5167.0,22.0,22.0,100.0,0.0,100.0,0.0,200,0,100.0,19923.0,100.0,46621819888.0,100.0,76177838948.0
2018-01-18,Z304JWP2,ST4000DM000,4000787030016,0,107.0,14277464.0,93.0,0.0,100.0,7.0,100.0,0.0,72.0,14943866.0,78.0,20020.0,100.0,0.0,100.0,7.0,100.0,0.0,100.0,0.0,100.0,0.0,100.0,0.0,100.0,0.0,73.0,27.0,100.0,0.0,100.0,0.0,98.0,5168.0,27.0,27.0,100.0,0.0,100.0,0.0,200.0,0.0,100.0,19939.0,100.0,46630394312.0,100.0,76251716358.0
2018-01-19,Z304JWP2,ST4000DM000,4000787030016,0,119.0,214991392.0,93.0,0.0,100.0,7.0,100.0,0.0,72.0,15916547.0,78.0,20044.0,100.0,0.0,100.0,7.0,100.0,0.0,100.0,0.0,100.0,0.0,100.0,0.0,100.0,0.0,75.0,25.0,100.0,0.0,100.0,0.0,98.0,5171.0,25.0,25.0,100.0,0.0,100.0,0.0,200.0,0.0,100.0,19962.0,100.0,46643245680.0,100.0,76402400263.0
2018-01-20,Z304JWP2,ST4000DM000,4000787030016,0,118.0,172509440.0,93.0,0.0,100.0,7.0,100,0,72.0,18235376.0,78,20068,100.0,0.0,100,7,100.0,0.0,100.0,0.0,100.0,0.0,100.0,0.0,100.0,0.0,74.0,26.0,100.0,0.0,100.0,0.0,98.0,5171.0,26.0,26.0,100.0,0.0,100.0,0.0,200,0,100.0,19986.0,100.0,46661509488.0,100.0,76566651519.0
2018-01-21,Z304JWP2,ST4000DM000,4000787030016,0,114.0,75265112.0,93.0,0.0,100.0,7.0,100,0,72.0,20241222.0,78,20092,100.0,0.0,100,7,100.0,0.0,100.0,0.0,100.0,0.0,100.0,0.0,100.0,0.0,75.0,25.0,100.0,0.0,100.0,0.0,98.0,5171.0,25.0,25.0,100.0,0.0,100.0,0.0,200,0,100.0,20010.0,100.0,46680505488.0,100.0,76744244982.0
2018-01-22,Z304JWP2,ST4000DM000,4000787030016,0,114.0,74349920.0,93.0,0.0,100.0,7.0,100,0,73.0,21122459.0,78,20116,100.0,0.0,100,7,100.0,0.0,100.0,0.0,100.0,0.0,100.0,0.0,100.0,0.0,76.0,24.0,100.0,0.0,100.0,0.0,98.0,5171.0,24.0,24.0,100.0,0.0,100.0,0.0,200,0,100.0,20034.0,100.0,46698385760.0,100.0,76898119976.0
2018-01-23,Z304JWP2,ST4000DM000,4000787030016,0,112.0,45418928.0,93.0,0.0,100.0,7.0,100,0,73.0,23196508.0,78,20140,100.0,0.0,100,7,100.0,0.0,100.0,0.0,100.0,0.0,100.0,0.0,100.0,0.0,78.0,22.0,100.0,0.0,100.0,0.0,98.0,5171.0,22.0,22.0,100.0,0.0,100.0,0.0,200,0,100.0,20058.0,100.0,46724788576.0,100.0,77086129233.0
2018-01-24,Z304JWP2,ST4000DM000,4000787030016,0,114.0,68072264.0,93.0,0.0,100.0,7.0,100,0,73.0,24940389.0,77,20172,100.0,0.0,100,7,100.0,0.0,100.0,0.0,100.0,0.0,100.0,0.0,100.0,0.0,76.0,24.0,100.0,0.0,100.0,0.0,98.0,5171.0,24.0,24.0,100.0,0.0,100.0,0.0,200,0,100.0,20090.0,100.0,46748182736.0,100.0,77347335427.0
2018-01-25,Z304JWP2,ST4000DM000,4000787030016,0,117.0,158653368.0,93.0,0.0,100.0,7.0,100,0,74.0,26116982.0,77,20188,100.0,0.0,100,7,100.0,0.0,100.0,0.0,100.0,0.0,100.0,0.0,100.0,0.0,77.0,23.0,100.0,0.0,100.0,0.0,98.0,5174.0,23.0,23.0,100.0,0.0,100.0,0.0,200,0,100.0,20106.0,100.0,46761430352.0,100.0,77406571458.0
2018-01-26,Z304JWP2,ST4000DM000,4000787030016,0,110.0,27810064.0,93.0,0.0,100.0,7.0,100,0,74.0,26825762.0,77,20212,100.0,0.0,100,7,100.0,0.0,100.0,0.0,100.0,0.0,100.0,0.0,100.0,0.0,78.0,22.0,100.0,0.0,100.0,0.0,98.0,5177.0,22.0,22.0,100.0,0.0,100.0,0.0,200,0,100.0,20131.0,100.0,46775972688.0,100.0,77502965135.0
2018-01-27,Z304JWP2,ST4000DM000,4000787030016,0,117.0,163891320.0,93.0,0.0,100.0,7.0,100,0,74.0,28114190.0,77,20236,100.0,0.0,100,7,100.0,0.0,100.0,0.0,100.0,0.0,100.0,0.0,100.0,0.0,78.0,22.0,100.0,0.0,100.0,0.0,98.0,5177.0,22.0,22.0,100.0,0.0,100.0,0.0,200,0,100.0,20155.0,100.0,46793533816.0,100.0,77680917735.0
2018-01-28,Z304JWP2,ST4000DM000,4000787030016,0,119.0,211810592.0,93.0,0.0,100.0,7.0,100,0,74.0,29359728.0,77,20260,100.0,0.0,100,7,100.0,0.0,100.0,0.0,100.0,0.0,100.0,0.0,100.0,0.0,78.0,22.0,100.0,0.0,100.0,0.0,98.0,5177.0,22.0,22.0,100.0,0.0,100.0,0.0,200,0,100.0,20178.0,100.0,46807720736.0,100.0,77867489711.0
2018-01-29,Z304JWP2,ST4000DM000,4000787030016,0,117.0,126900592.0,93.0,0.0,100.0,7.0,100,0,75.0,30421988.0,77,20284,100.0,0.0,100,7,100.0,0.0,100.0,0.0,100.0,0.0,100.0,0.0,100.0,0.0,78.0,22.0,100.0,0.0,100.0,0.0,98.0,5177.0,22.0,22.0,100.0,0.0,100.0,0.0,200,0,100.0,20202.0,100.0,46822070856.0,100.0,78045002129.0
2018-01-30,Z304JWP2,ST4000DM000,4000787030016,0,117.0,128093408.0,93.0,0.0,100.0,7.0,100,0,75.0,32572504.0,77,20317,100.0,0.0,100,7,100.0,0.0,100.0,0.0,100.0,0.0,100.0,0.0,100.0,0.0,78.0,22.0,100.0,0.0,100.0,0.0,98.0,5178.0,22.0,22.0,100.0,0.0,100.0,0.0,200,0,100.0,20235.0,100.0,46842714552.0,100.0,78250169462.0
2018-01-31,Z304JWP2,ST4000DM000,4000787030016,0,115.0,84366008.0,93.0,0.0,100.0,7.0,100.0,0.0,75.0,33468851.0,77.0,20341.0,100.0,0.0,100.0,7.0,100.0,0.0,100.0,0.0,100.0,0.0,100.0,0.0,100.0,0.0,77.0,23.0,100.0,0.0,100.0,0.0,98.0,5178.0,23.0,23.0,100.0,0.0,100.0,0.0,200.0,0.0,100.0,20259.0,100.0,46858549928.0,100.0,78382463660.0
2018-02-01,Z304JWP2,ST4000DM000,4000787030016,0,118.0,169055320.0,93.0,0.0,100.0,7.0,100,0,75.0,35163221.0,77,20365,100.0,0.0,100,7,100.0,0.0,100.0,0.0,100.0,0.0,100.0,0.0,100.0,0.0,74.0,26.0,100.0,0.0,100.0,0.0,98.0,5178.0,26.0,26.0,100.0,0.0,100.0,0.0,200,0,100.0,20283.0,100.0,46882316088.0,100.0,78499042359.0
2018-02-02,Z304JWP2,ST4000DM000,4000787030016,0,120.0,242053264.0,93.0,0.0,100.0,7.0,100,0,75.0,37681711.0,77,20388,100.0,0.0,100,7,100.0,0.0,100.0,0.0,100.0,0.0,100.0,0.0,100.0,0.0,78.0,22.0,100.0,0.0,100.0,0.0,98.0,5178.0,22.0,22.0,100.0,0.0,100.0,0.0,200,0,100.0,20307.0,100.0,46904808416.0,100.0,78679454120.0
2018-02-03,Z304JWP2,ST4000DM000,4000787030016,0,113.0,58293712.0,93.0,0.0,100.0,7.0,100,0,75.0,38716137.0,77,20413,100.0,0.0,100,7,100.0,0.0,100.0,0.0,100.0,0.0,100.0,0.0,100.0,0.0,77.0,23.0,100.0,0.0,100.0,0.0,98.0,5178.0,23.0,23.0,100.0,0.0,100.0,0.0,200,0,100.0,20331.0,100.0,46923863872.0,100.0,78815907063.0
2018-02-04,Z304JWP2,ST4000DM000,4000787030016,0,108.0,17642408.0,93.0,0.0,100.0,7.0,100,0,75.0,39839134.0,77,20433,100.0,0.0,100,7,100.0,0.0,100.0,0.0,100.0,0.0,100.0,0.0,100.0,0.0,78.0,22.0,100.0,0.0,100.0,0.0,98.0,5178.0,22.0,22.0,100.0,0.0,100.0,0.0,200,0,100.0,20351.0,100.0,46934310208.0,100.0,78964525387.0
2018-02-05,Z304JWP2,ST4000DM000,4000787030016,0,117.0,133864696.0,93.0,0.0,100.0,7.0,100,0,75.0,41078008.0,77,20456,100.0,0.0,100,7,100.0,0.0,100.0,0.0,100.0,0.0,100.0,0.0,100.0,0.0,77.0,23.0,100.0,0.0,100.0,0.0,98.0,5178.0,23.0,23.0,100.0,0.0,100.0,0.0,200,0,100.0,20375.0,100.0,46948585464.0,100.0,79113063166.0
2018-02-06,Z304JWP2,ST4000DM000,4000787030016,0,118.0,199342896.0,93.0,0.0,100.0,7.0,100,0,76.0,43208003.0,77,20481,100.0,0.0,100,7,100.0,0.0,100.0,0.0,100.0,0.0,100.0,0.0,100.0,0.0,78.0,22.0,100.0,0.0,100.0,0.0,98.0,5178.0,22.0,22.0,100.0,0.0,100.0,0.0,200,0,100.0,20399.0,100.0,46966836592.0,100.0,79260575074.0
2018-02-07,Z304JWP2,ST4000DM000,4000787030016,0,117.0,136203920.0,93.0,0.0,100.0,7.0,100,0,76.0,44610690.0,77,20504,100.0,0.0,100,7,100.0,0.0,100.0,0.0,100.0,0.0,100.0,0.0,100.0,0.0,77.0,23.0,100.0,0.0,100.0,0.0,98.0,5178.0,23.0,23.0,100.0,0.0,100.0,0.0,200,0,100.0,20423.0,100.0,46977460080.0,100.0,79404504091.0
2018-02-08,Z304JWP2,ST4000DM000,4000787030016,0,115.0,89391464.0,93.0,0.0,100.0,7.0,100,0,76.0,46444317.0,77,20530,100.0,0.0,100,7,100.0,0.0,100.0,0.0,100.0,0.0,100.0,0.0,100.0,0.0,78.0,22.0,100.0,0.0,100.0,0.0,98.0,5182.0,22.0,22.0,100.0,0.0,100.0,0.0,200,0,100.0,20448.0,100.0,46990600648.0,100.0,79541413196.0
2018-02-09,Z304JWP2,ST4000DM000,4000787030016,0,118,183614368,93,0,100,7,100,0,76,47330447,77,20554,100,0,100,7,100.0,0.0,100.0,0.0,100.0,0.0,100.0,0.0,100.0,0.0,78.0,22.0,100.0,0.0,100.0,0.0,98.0,5182.0,22,22,100,0,100,0,200,0,100.0,20473.0,100.0,46996754944.0,100.0,79689243255.0
2018-02-10,Z304JWP2,ST4000DM000,4000787030016,0,118.0,168295768.0,93.0,0.0,100.0,7.0,100.0,0.0,76.0,48986193.0,77.0,20578.0,100.0,0.0,100.0,7.0,100.0,0.0,100.0,0.0,100.0,0.0,100.0,0.0,100.0,0.0,78.0,22.0,100.0,0.0,100.0,0.0,98.0,5182.0,22.0,22.0,100.0,0.0,100.0,0.0,200.0,0.0,100.0,20497.0,100.0,47006964696.0,100.0,79869780628.0
2018-02-11,Z304JWP2,ST4000DM000,4000787030016,0,118,185007448,93,0,100,7,100,0,76,50000903,77,20602,100,0,100,7,100.0,0.0,100.0,0.0,100.0,0.0,100.0,0.0,100.0,0.0,74.0,26.0,100.0,0.0,100.0,0.0,98.0,5182.0,26,26,100,0,100,0,200,0,100.0,20520.0,100.0,47018397640.0,100.0,80016869569.0
2018-02-12,Z304JWP2,ST4000DM000,4000787030016,0,119,222941536,93,0,100,7,100,0,77,51213039,77,20626,100,0,100,7,100.0,0.0,100.0,0.0,100.0,0.0,100.0,0.0,100.0,0.0,77.0,23.0,100.0,0.0,100.0,0.0,98.0,5182.0,23,23,100,0,100,0,200,0,100.0,20544.0,100.0,47032956056.0,100.0,80170717907.0
2018-02-13,Z304JWP2,ST4000DM000,4000787030016,0,115,91978120,93,0,100,7,100,0,77,52867268,77,20650,100,0,100,7,100.0,0.0,100.0,0.0,100.0,0.0,100.0,0.0,100.0,0.0,78.0,22.0,100.0,0.0,100.0,0.0,98.0,5182.0,22,22,100,0,100,0,200,0,100.0,20568.0,100.0,47044800640.0,100.0,80332530497.0
2018-02-14,Z304JWP2,ST4000DM000,4000787030016,0,105,8679872,93,0,100,7,100,0,77,55097873,77,20674,100,0,100,7,100.0,0.0,100.0,0.0,100.0,0.0,100.0,0.0,100.0,0.0,77.0,23.0,100.0,0.0,100.0,0.0,98.0,5182.0,23,23,100,0,100,0,200,0,100.0,20592.0,100.0,47065848592.0,100.0,80493879770.0
2018-02-15,Z304JWP2,ST4000DM000,4000787030016,0,114,73443992,93,0,100,7,100,0,77,56539110,77,20698,100,0,100,7,100.0,0.0,100.0,0.0,100.0,0.0,100.0,0.0,100.0,0.0,78.0,22.0,100.0,0.0,100.0,0.0,98.0,5182.0,22,22,100,0,100,0,200,0,100.0,20616.0,100.0,47077904176.0,100.0,80592113982.0
2018-02-16,Z304JWP2,ST4000DM000,4000787030016,0,110,28463592,93,0,100,7,100,0,77,57236137,77,20722,100,0,100,7,100.0,0.0,100.0,0.0,100.0,0.0,100.0,0.0,100.0,0.0,77.0,23.0,100.0,0.0,100.0,0.0,98.0,5182.0,23,23,100,0,100,0,200,0,100.0,20640.0,100.0,47088216784.0,100.0,80691686723.0
2018-02-17,Z304JWP2,ST4000DM000,4000787030016,0,117,145443384,93,0,100,7,100,0,77,58168103,77,20746,100,0,100,7,100.0,0.0,100.0,0.0,100.0,0.0,100.0,0.0,100.0,0.0,77.0,23.0,100.0,0.0,100.0,0.0,98.0,5182.0,23,23,100,0,100,0,200,0,100.0,20664.0,100.0,47108935056.0,100.0,80843370807.0
2018-02-18,Z304JWP2,ST4000DM000,4000787030016,0,114,79440624,93,0,100,7,100,0,78,58978377,77,20771,100,0,100,7,100.0,0.0,100.0,0.0,100.0,0.0,100.0,0.0,100.0,0.0,78.0,22.0,100.0,0.0,100.0,0.0,98.0,5182.0,22,22,100,0,100,0,200,0,100.0,20689.0,100.0,47142454216.0,100.0,81002292469.0
2018-02-19,Z304JWP2,ST4000DM000,4000787030016,0,113,56332896,93,0,100,7,100,0,78,60052773,77,20795,100,0,100,7,100.0,0.0,100.0,0.0,100.0,0.0,100.0,0.0,100.0,0.0,78.0,22.0,100.0,0.0,100.0,0.0,98.0,5182.0,22,22,100,0,100,0,200,0,100.0,20713.0,100.0,47166940920.0,100.0,81177506426.0
2018-02-20,Z304JWP2,ST4000DM000,4000787030016,0,115,91736208,93,0,100,7,100,0,78,61208435,77,20818,100,0,100,7,100.0,0.0,100.0,0.0,100.0,0.0,100.0,0.0,100.0,0.0,78.0,22.0,100.0,0.0,100.0,0.0,98.0,5182.0,22,22,100,0,100,0,200,0,100.0,20737.0,100.0,47180203984.0,100.0,81372913390.0
2018-02-21,Z304JWP2,ST4000DM000,4000787030016,0,111,41747184,93,0,100,7,100,0,78,61785808,77,20843,100,0,100,7,100.0,0.0,100.0,0.0,100.0,0.0,100.0,0.0,100.0,0.0,74.0,26.0,100.0,0.0,100.0,0.0,98.0,5182.0,26,26,100,0,100,0,200,0,100.0,20761.0,100.0,47188276552.0,100.0,81568619060.0
2018-02-22,Z304JWP2,ST4000DM000,4000787030016,0,118,195115416,93,0,100,7,100,0,78,63271603,77,20866,100,0,100,7,100.0,0.0,100.0,0.0,100.0,0.0,100.0,0.0,100.0,0.0,77.0,23.0,100.0,0.0,100.0,0.0,98.0,5185.0,23,23,100,0,100,0,200,0,100.0,20784.0,100.0,47205855008.0,100.0,81704665622.0
2018-02-23,Z304JWP2,ST4000DM000,4000787030016,0,115,93780320,93,0,100,7,100,0,78,63816196,77,20889,100,0,100,7,100.0,0.0,100.0,0.0,100.0,0.0,100.0,0.0,100.0,0.0,77.0,23.0,100.0,0.0,100.0,0.0,98.0,5185.0,23,23,100,0,100,0,200,0,100.0,20807.0,100.0,47216071128.0,100.0,81878478139.0
2018-02-24,Z304JWP2,ST4000DM000,4000787030016,0,114,62198128,93,0,100,7,100,0,78,64324423,77,20913,100,0,100,7,100.0,0.0,100.0,0.0,100.0,0.0,100.0,0.0,100.0,0.0,77.0,23.0,100.0,0.0,100.0,0.0,98.0,5185.0,23,23,100,0,100,0,200,0,100.0,20831.0,100.0,47231474872.0,100.0,82051803241.0
2018-02-25,Z304JWP2,ST4000DM000,4000787030016,0,115,96909616,93,0,100,7,100,0,78,65083151,77,20937,100,0,100,7,100.0,0.0,100.0,0.0,100.0,0.0,100.0,0.0,100.0,0.0,78.0,22.0,100.0,0.0,100.0,0.0,98.0,5185.0,22,22,100,0,100,0,200,0,100.0,20855.0,100.0,47249707400.0,100.0,82203844741.0
2018-02-26,Z304JWP2,ST4000DM000,4000787030016,0,119,218558624,93,0,100,7,100,0,78,67725018,77,20962,100,0,100,7,100.0,0.0,100.0,0.0,100.0,0.0,100.0,0.0,100.0,0.0,77.0,23.0,100.0,0.0,100.0,0.0,98.0,5185.0,23,23,100,0,100,0,200,0,100.0,20880.0,100.0,47265302944.0,100.0,82418436003.0
2018-02-27,Z304JWP2,ST4000DM000,4000787030016,0,114,68538216,93,0,100,7,100,0,78,69424653,77,20985,100,0,100,7,100.0,0.0,100.0,0.0,100.0,0.0,100.0,0.0,100.0,0.0,77.0,23.0,100.0,0.0,100.0,0.0,98.0,5185.0,23,23,100,0,100,0,200,0,100.0,20903.0,100.0,47281476056.0,100.0,82612945083.0
2018-02-28,Z304JWP2,ST4000DM000,4000787030016,0,112,48031024,93,0,100,7,100,0,78,70346178,77,21009,100,0,100,7,100.0,0.0,100.0,0.0,100.0,0.0,100.0,0.0,100.0,0.0,78.0,22.0,100.0,0.0,100.0,0.0,98.0,5185.0,22,22,100,0,100,0,200,0,100.0,20928.0,100.0,47286414056.0,100.0,82790779911.0
2018-03-01,Z304JWP2,ST4000DM000,4000787030016,0,117,137485792,93,0,100,7,100,0,78,72112676,76,21036,100,0,100,7,100.0,0.0,100.0,0.0,100.0,0.0,100.0,0.0,100.0,0.0,77.0,23.0,100.0,0.0,100.0,0.0,98.0,5188.0,23,23,100,0,100,0,200,0,100.0,20954.0,100.0,47300442064.0,100.0,82941839615.0
2018-03-02,Z304JWP2,ST4000DM000,4000787030016,0,111,33474480,93,0,100,7,100,0,78,73623356,76,21061,100,0,100,7,100.0,0.0,100.0,0.0,100.0,0.0,100.0,0.0,100.0,0.0,77.0,23.0,100.0,0.0,100.0,0.0,98.0,5188.0,23,23,100,0,100,0,200,0,100.0,20979.0,100.0,47311497624.0,100.0,83116839363.0
2018-03-03,Z304JWP2,ST4000DM000,4000787030016,0,108,18176984,93,0,100,7,100,0,78,74964392,76,21085,100,0,100,7,100.0,0.0,100.0,0.0,100.0,0.0,100.0,0.0,100.0,0.0,77.0,23.0,100.0,0.0,100.0,0.0,98.0,5188.0,23,23,100,0,100,0,200,0,100.0,21003.0,100.0,47320211872.0,100.0,83266624945.0
2018-03-04,Z304JWP2,ST4000DM000,4000787030016,0,107,13539176,93,0,100,7,100,0,78,76234883,76,21109,100,0,100,7,100.0,0.0,100.0,0.0,100.0,0.0,100.0,0.0,100.0,0.0,77.0,23.0,100.0,0.0,100.0,0.0,98.0,5188.0,23,23,100,0,100,0,200,0,100.0,21027.0,100.0,47324957744.0,100.0,83446055897.0
2018-03-05,Z304JWP2,ST4000DM000,4000787030016,0,116,101787840,93,0,100,7,100,0,78,78285203,76,21132,100,0,100,7,100.0,0.0,100.0,0.0,100.0,0.0,100.0,0.0,100.0,0.0,77.0,23.0,100.0,0.0,100.0,0.0,98.0,5188.0,23,23,100,0,100,0,200,0,100.0,21050.0,100.0,47330612864.0,100.0,83633667259.0
2018-03-06,Z304JWP2,ST4000DM000,4000787030016,0,118,185784032,93,0,100,7,100,0,78,79341672,76,21151,100,0,100,7,100.0,0.0,100.0,0.0,100.0,0.0,100.0,0.0,100.0,0.0,78.0,22.0,100.0,0.0,100.0,0.0,98.0,5188.0,22,22,100,0,100,0,200,0,100.0,21069.0,100.0,47335952408.0,100.0,83740486003.0
2018-03-07,Z304JWP2,ST4000DM000,4000787030016,0,114.0,68815064.0,93.0,0.0,100.0,7.0,100.0,0.0,78.0,80209318.0,76.0,21175.0,100.0,0.0,100.0,7.0,100.0,0.0,100.0,0.0,100.0,0.0,100.0,0.0,100.0,0.0,78.0,22.0,100.0,0.0,100.0,0.0,98.0,5191.0,22.0,22.0,100.0,0.0,100.0,0.0,200.0,0.0,100.0,21093.0,100.0,47340520200.0,100.0,83919279392.0
2018-03-08,Z304JWP2,ST4000DM000,4000787030016,0,119,229765080,93,0,100,7,100,0,78,81717868,76,21199,100,0,100,7,100.0,0.0,100.0,0.0,100.0,0.0,100.0,0.0,100.0,0.0,77.0,23.0,100.0,0.0,100.0,0.0,98.0,5211.0,23,23,100,0,100,0,200,0,100.0,21117.0,100.0,47345904552.0,100.0,84050043046.0
2018-03-09,Z304JWP2,ST4000DM000,4000787030016,0,110,27576224,93,0,100,7,100,0,78,82624454,76,21222,100,0,100,7,100.0,0.0,100.0,0.0,100.0,0.0,100.0,0.0,100.0,0.0,77.0,23.0,100.0,0.0,100.0,0.0,98.0,5214.0,23,23,100,0,100,0,200,0,100.0,21140.0,100.0,47348816928.0,100.0,84209937056.0
2018-03-10,Z304JWP2,ST4000DM000,4000787030016,0,118,179668576,93,0,100,7,100,0,79,84913106,76,21246,100,0,100,7,100.0,0.0,100.0,0.0,100.0,0.0,100.0,0.0,100.0,0.0,78.0,22.0,100.0,0.0,100.0,0.0,98.0,5214.0,22,22,100,0,100,0,200,0,100.0,21164.0,100.0,47356526616.0,100.0,84390150161.0
2018-03-11,Z304JWP2,ST4000DM000,4000787030016,0,119,227929288,93,0,100,7,100,0,79,86012415,76,21270,100,0,100,7,100.0,0.0,100.0,0.0,100.0,0.0,100.0,0.0,100.0,0.0,77.0,23.0,100.0,0.0,100.0,0.0,98.0,5214.0,23,23,100,0,100,0,200,0,100.0,21188.0,100.0,47358461808.0,100.0,84539765366.0
2018-03-12,Z304JWP2,ST4000DM000,4000787030016,0,114,74216040,93,0,100,7,100,0,79,87183914,76,21294,100,0,100,7,100.0,0.0,100.0,0.0,100.0,0.0,100.0,0.0,100.0,0.0,77.0,23.0,100.0,0.0,100.0,0.0,98.0,5214.0,23,23,100,0,100,0,200,0,100.0,21212.0,100.0,47360754816.0,100.0,84704579520.0
2018-03-13,Z304JWP2,ST4000DM000,4000787030016,0,117,146394880,93,0,100,7,100,0,79,88871684,76,21318,100,0,100,7,100.0,0.0,100.0,0.0,100.0,0.0,100.0,0.0,100.0,0.0,78.0,22.0,100.0,0.0,100.0,0.0,98.0,5214.0,22,22,100,0,100,0,200,0,100.0,21236.0,100.0,47366881208.0,100.0,84877591974.0
2018-03-14,Z304JWP2,ST4000DM000,4000787030016,0,117,164695616,93,0,100,7,100,0,79,89792609,76,21342,100,0,100,7,100.0,0.0,100.0,0.0,100.0,0.0,100.0,0.0,100.0,0.0,77.0,23.0,100.0,0.0,100.0,0.0,98.0,5214.0,23,23,100,0,100,0,200,0,100.0,21260.0,100.0,47369141248.0,100.0,85059667086.0
2018-03-15,Z304JWP2,ST4000DM000,4000787030016,0,117,140744944,93,0,100,7,100,0,79,91782958,76,21372,100,0,100,7,100.0,0.0,100.0,0.0,100.0,0.0,100.0,0.0,100.0,0.0,76.0,24.0,100.0,0.0,100.0,0.0,98.0,5223.0,24,24,100,0,100,0,200,0,100.0,21290.0,100.0,47377682168.0,100.0,85249716446.0
2018-03-16,Z304JWP2,ST4000DM000,4000787030016,0,113.0,56231088.0,93.0,0.0,100.0,7.0,100.0,0.0,79.0,92973864.0,76.0,21396.0,100.0,0.0,100.0,7.0,100.0,0.0,100.0,0.0,100.0,0.0,100.0,0.0,100.0,0.0,76.0,24.0,100.0,0.0,100.0,0.0,98.0,5223.0,24.0,24.0,100.0,0.0,100.0,0.0,200.0,0.0,100.0,21313.0,100.0,47383392776.0,100.0,85425247987.0
2018-03-17,Z304JWP2,ST4000DM000,4000787030016,0,116,116764096,93,0,100,7,100,0,79,94158452,76,21419,100,0,100,7,100.0,0.0,100.0,0.0,100.0,0.0,100.0,0.0,100.0,0.0,77.0,23.0,100.0,0.0,100.0,0.0,98.0,5223.0,23,23,100,0,100,0,200,0,100.0,21337.0,100.0,47391325584.0,100.0,85612995123.0
2018-03-18,Z304JWP2,ST4000DM000,4000787030016,0,116,102475248,93,0,100,7,100,0,79,95005029,76,21444,100,0,100,7,100.0,0.0,100.0,0.0,100.0,0.0,100.0,0.0,100.0,0.0,76.0,24.0,100.0,0.0,100.0,0.0,98.0,5223.0,24,24,100,0,100,0,200,0,100.0,21361.0,100.0,47394325240.0,100.0,85786859996.0
2018-03-19,Z304JWP2,ST4000DM000,4000787030016,0,114,71379520,93,0,100,7,100,0,79,96289875,76,21467,100,0,100,7,100.0,0.0,100.0,0.0,100.0,0.0,100.0,0.0,100.0,0.0,76.0,24.0,100.0,0.0,100.0,0.0,98.0,5223.0,24,24,100,0,100,0,200,0,100.0,21385.0,100.0,47399989544.0,100.0,85931762326.0
2018-03-20,Z304JWP2,ST4000DM000,4000787030016,0,114,70844800,93,0,100,7,100,0,79,98902959,76,21491,100,0,100,7,100.0,0.0,100.0,0.0,100.0,0.0,100.0,0.0,100.0,0.0,77.0,23.0,100.0,0.0,100.0,0.0,98.0,5223.0,23,23,100,0,100,0,200,0,100.0,21409.0,100.0,47407789016.0,100.0,86103444612.0
2018-03-21,Z304JWP2,ST4000DM000,4000787030016,0,120,238333816,93,0,100,7,100,0,79,99951470,76,21516,100,0,100,7,100.0,0.0,100.0,0.0,100.0,0.0,100.0,0.0,100.0,0.0,77.0,23.0,100.0,0.0,100.0,0.0,98.0,5223.0,23,23,100,0,100,0,200,0,100.0,21433.0,100.0,47419454240.0,100.0,86267052620.0
2018-03-22,Z304JWP2,ST4000DM000,4000787030016,0,108,17343744,93,0,100,7,100,0,80,101529042,76,21540,100,0,100,7,100.0,0.0,100.0,0.0,100.0,0.0,100.0,0.0,100.0,0.0,77.0,23.0,100.0,0.0,100.0,0.0,98.0,5223.0,23,23,100,0,100,0,200,0,100.0,21457.0,100.0,47433171224.0,100.0,86387378833.0
2018-03-23,Z304JWP2,ST4000DM000,4000787030016,0,115,89190744,93,0,100,7,100,0,80,102596772,76,21564,100,0,100,7,100.0,0.0,100.0,0.0,100.0,0.0,100.0,0.0,100.0,0.0,77.0,23.0,100.0,0.0,100.0,0.0,98.0,5223.0,23,23,100,0,100,0,200,0,100.0,21482.0,100.0,47450718432.0,100.0,86533535139.0
2018-03-24,Z304JWP2,ST4000DM000,4000787030016,0,119,214095952,93,0,100,7,100,0,80,103783879,76,21588,100,0,100,7,100.0,0.0,100.0,0.0,100.0,0.0,100.0,0.0,100.0,0.0,77.0,23.0,100.0,0.0,100.0,0.0,98.0,5223.0,23,23,100,0,100,0,200,0,100.0,21505.0,100.0,47467770968.0,100.0,86680725657.0
2018-03-25,Z304JWP2,ST4000DM000,4000787030016,0,120,240115152,93,0,100,7,100,0,80,104840516,76,21612,100,0,100,7,100.0,0.0,100.0,0.0,100.0,0.0,100.0,0.0,100.0,0.0,77.0,23.0,100.0,0.0,100.0,0.0,98.0,5223.0,23,23,100,0,100,0,200,0,100.0,21529.0,100.0,47477885616.0,100.0,86800011221.0
2018-03-26,Z304JWP2,ST4000DM000,4000787030016,0,117,139544328,93,0,100,7,100,0,80,106567095,76,21635,100,0,100,7,100.0,0.0,100.0,0.0,100.0,0.0,100.0,0.0,100.0,0.0,77.0,23.0,100.0,0.0,100.0,0.0,98.0,5223.0,23,23,100,0,100,0,200,0,100.0,21553.0,100.0,47487862632.0,100.0,86950571168.0
2018-03-27,Z304JWP2,ST4000DM000,4000787030016,0,102,4113472,93,0,100,7,100,0,80,108247260,76,21660,100,0,100,7,100.0,0.0,100.0,0.0,100.0,0.0,100.0,0.0,100.0,0.0,76.0,24.0,100.0,0.0,100.0,0.0,98.0,5223.0,24,24,100,0,100,0,200,0,100.0,21577.0,100.0,47499680688.0,100.0,87108641328.0
2018-03-28,Z304JWP2,ST4000DM000,4000787030016,0,114,62575584,93,0,100,7,100,0,80,109915099,76,21684,100,0,100,7,100.0,0.0,100.0,0.0,100.0,0.0,100.0,0.0,100.0,0.0,77.0,23.0,100.0,0.0,100.0,0.0,98.0,5223.0,23,23,100,0,100,0,200,0,100.0,21602.0,100.0,47508471480.0,100.0,87306024435.0
2018-03-29,Z304JWP2,ST4000DM000,4000787030016,0,114,68451056,93,0,100,7,100,0,80,111477442,76,21707,100,0,100,7,100.0,0.0,100.0,0.0,100.0,0.0,100.0,0.0,100.0,0.0,77.0,23.0,100.0,0.0,100.0,0.0,98.0,5226.0,23,23,100,0,100,0,200,0,100.0,21625.0,100.0,47522032072.0,100.0,87434388669.0
2018-03-30,Z304JWP2,ST4000DM000,4000787030016,0,119,213365360,93,0,100,7,100,0,80,112467447,76,21731,100,0,100,7,100.0,0.0,100.0,0.0,100.0,0.0,100.0,0.0,100.0,0.0,77.0,23.0,100.0,0.0,100.0,0.0,98.0,5226.0,23,23,100,0,100,0,200,0,100.0,21649.0,100.0,47531210088.0,100.0,87591621777.0
2018-03-31,Z304JWP2,ST4000DM000,4000787030016,0,116,106614424,93,0,100,7,100,0,80,113418687,76,21756,100,0,100,7,100.0,0.0,100.0,0.0,100.0,0.0,100.0,0.0,100.0,0.0,77.0,23.0,100.0,0.0,100.0,0.0,98.0,5226.0,23,23,100,0,100,0,200,0,100.0,21673.0,100.0,47544121800.0,100.0,87739736763.0
2018-04-01,Z304JWP2,ST4000DM000,4000787030016,0,119,212875080,93,0,100,7,100,0,80,115600402,76,21779,100,0,100,7,100.0,0.0,100.0,0.0,100.0,0.0,100.0,0.0,100.0,0.0,77.0,23.0,100.0,0.0,100.0,0.0,98.0,5226.0,23,23,100,0,100,0,200,0,100.0,21697.0,100.0,47559803848.0,100.0,87863954427.0
2018-04-02,Z304JWP2,ST4000DM000,4000787030016,0,117,161695320,93,0,100,7,100,0,80,116744802,76,21803,100,0,100,7,100.0,0.0,100.0,0.0,100.0,0.0,100.0,0.0,100.0,0.0,77.0,23.0,100.0,0.0,100.0,0.0,98.0,5226.0,23,23,100,0,100,0,200,0,100.0,21721.0,100.0,47579210688.0,100.0,87993666351.0
2018-04-03,Z304JWP2,ST4000DM000,4000787030016,0,117,133501264,93,0,100,7,100,0,81,118331003,76,21827,100,0,100,7,100.0,0.0,100.0,0.0,100.0,0.0,100.0,0.0,100.0,0.0,77.0,23.0,100.0,0.0,100.0,0.0,98.0,5226.0,23,23,100,0,100,0,200,0,100.0,21745.0,100.0,47595716760.0,100.0,88171002033.0
2018-04-04,Z304JWP2,ST4000DM000,4000787030016,0,119,215361720,93,0,100,7,100,0,81,119048890,76,21851,100,0,100,7,100.0,0.0,100.0,0.0,100.0,0.0,100.0,0.0,100.0,0.0,77.0,23.0,100.0,0.0,100.0,0.0,98.0,5226.0,23,23,100,0,100,0,200,0,100.0,21769.0,100.0,47607542120.0,100.0,88308227365.0
2018-04-05,Z304JWP2,ST4000DM000,4000787030016,0,114,65134176,93,0,100,7,100,0,81,120353493,76,21875,100,0,100,7,100.0,0.0,100.0,0.0,100.0,0.0,100.0,0.0,100.0,0.0,78.0,22.0,100.0,0.0,100.0,0.0,98.0,5226.0,22,22,100,0,100,0,200,0,100.0,21793.0,100.0,47622123376.0,100.0,88425386483.0
2018-04-06,Z304JWP2,ST4000DM000,4000787030016,0,117,144801472,93,0,100,7,100,0,81,120951695,75,21900,100,0,100,7,100.0,0.0,100.0,0.0,100.0,0.0,100.0,0.0,100.0,0.0,78.0,22.0,100.0,0.0,100.0,0.0,98.0,5226.0,22,22,100,0,100,0,200,0,100.0,21817.0,100.0,47635613056.0,100.0,88589160375.0
2018-04-07,Z304JWP2,ST4000DM000,4000787030016,0,105.0,9896720.0,93.0,0.0,100.0,7.0,100.0,0.0,81.0,121541109.0,75.0,21923.0,100.0,0.0,100.0,7.0,100.0,0.0,100.0,0.0,100.0,0.0,100.0,0.0,100.0,0.0,78.0,22.0,100.0,0.0,100.0,0.0,98.0,5226.0,22.0,22.0,100.0,0.0,100.0,0.0,200.0,0.0,100.0,21841.0,100.0,47645703896.0,100.0,88761549803.0
2018-04-08,Z304JWP2,ST4000DM000,4000787030016,0,117,145181800,93,0,100,7,100,0,81,122031688,75,21947,100,0,100,7,100.0,0.0,100.0,0.0,100.0,0.0,100.0,0.0,100.0,0.0,78.0,22.0,100.0,0.0,100.0,0.0,98.0,5226.0,22,22,100,0,100,0,200,0,100.0,21865.0,100.0,47648886112.0,100.0,88951370387.0
2018-04-09,Z304JWP2,ST4000DM000,4000787030016,0,114,65146568,93,0,100,7,100,0,81,123090532,75,21971,100,0,100,7,100.0,0.0,100.0,0.0,100.0,0.0,100.0,0.0,100.0,0.0,78.0,22.0,100.0,0.0,100.0,0.0,98.0,5226.0,22,22,100,0,100,0,200,0,100.0,21889.0,100.0,47656203432.0,100.0,89143518698.0
2018-04-10,Z304JWP2,ST4000DM000,4000787030016,0,118,183319752,93,0,100,7,100,0,81,123979549,75,21995,100,0,100,7,100.0,0.0,100.0,0.0,100.0,0.0,100.0,0.0,100.0,0.0,78.0,22.0,100.0,0.0,100.0,0.0,98.0,5226.0,22,22,100,0,100,0,200,0,100.0,21913.0,100.0,47661195544.0,100.0,89333039771.0
2018-04-11,Z304JWP2,ST4000DM000,4000787030016,0,114,77600376,93,0,100,7,100,0,81,124553489,75,22020,100,0,100,7,100.0,0.0,100.0,0.0,100.0,0.0,100.0,0.0,100.0,0.0,77.0,23.0,100.0,0.0,100.0,0.0,98.0,5226.0,23,23,100,0,100,0,200,0,100.0,21937.0,100.0,47667238792.0,100.0,89511354197.0
2018-04-12,Z304JWP2,ST4000DM000,4000787030016,0,119,225567336,93,0,100,7,100,0,81,127292661,75,22044,100,0,100,7,100.0,0.0,100.0,0.0,100.0,0.0,100.0,0.0,100.0,0.0,77.0,23.0,100.0,0.0,100.0,0.0,98.0,5234.0,23,23,100,0,100,0,200,0,100.0,21961.0,100.0,47674237872.0,100.0,89648741528.0
2018-04-13,Z304JWP2,ST4000DM000,4000787030016,0,117,145809176,93,0,100,7,100,0,81,128193283,75,22068,100,0,100,7,100.0,0.0,100.0,0.0,100.0,0.0,100.0,0.0,100.0,0.0,78.0,22.0,100.0,0.0,100.0,0.0,98.0,5234.0,22,22,100,0,100,0,200,0,100.0,21985.0,100.0,47676072008.0,100.0,89837680353.0
2018-04-14,Z304JWP2,ST4000DM000,4000787030016,0,118,194247648,93,0,100,7,100,0,81,129106088,75,22091,100,0,100,7,100.0,0.0,100.0,0.0,100.0,0.0,100.0,0.0,100.0,0.0,78.0,22.0,100.0,0.0,100.0,0.0,98.0,5234.0,22,22,100,0,100,0,200,0,100.0,22009.0,100.0,47678404616.0,100.0,90023875013.0
2018-04-15,Z304JWP2,ST4000DM000,4000787030016,0,116,116749792,93,0,100,7,100,0,81,129993249,75,22116,100,0,100,7,100.0,0.0,100.0,0.0,100.0,0.0,100.0,0.0,100.0,0.0,78.0,22.0,100.0,0.0,100.0,0.0,98.0,5234.0,22,22,100,0,100,0,200,0,100.0,22033.0,100.0,47681774400.0,100.0,90194341522.0
2018-04-16,Z304JWP2,ST4000DM000,4000787030016,0,111,38380984,93,0,100,7,100,0,81,131714298,75,22139,100,0,100,7,100.0,0.0,100.0,0.0,100.0,0.0,100.0,0.0,100.0,0.0,77.0,23.0,100.0,0.0,100.0,0.0,98.0,5234.0,23,23,100,0,100,0,200,0,100.0,22057.0,100.0,47685602728.0,100.0,90375409777.0
2018-04-17,Z304JWP2,ST4000DM000,4000787030016,0,119,215843904,93,0,100,7,100,0,81,133324556,75,22163,100,0,100,7,100.0,0.0,100.0,0.0,100.0,0.0,100.0,0.0,100.0,0.0,78.0,22.0,100.0,0.0,100.0,0.0,98.0,5234.0,22,22,100,0,100,0,200,0,100.0,22081.0,100.0,47690443096.0,100.0,90525414868.0
2018-04-18,Z304JWP2,ST4000DM000,4000787030016,0,108,16276792,93,0,100,7,100,0,81,134711816,75,22187,100,0,100,7,100.0,0.0,100.0,0.0,100.0,0.0,100.0,0.0,100.0,0.0,78.0,22.0,100.0,0.0,100.0,0.0,98.0,5234.0,22,22,100,0,100,0,200,0,100.0,22105.0,100.0,47694809152.0,100.0,90700278982.0
2018-04-19,Z304JWP2,ST4000DM000,4000787030016,0,119,214070328,93,0,100,7,100,0,81,136510007,75,22211,100,0,100,7,100.0,0.0,100.0,0.0,100.0,0.0,100.0,0.0,100.0,0.0,78.0,22.0,100.0,0.0,100.0,0.0,98.0,5246.0,22,22,100,0,100,0,200,0,100.0,22129.0,100.0,47700538896.0,100.0,90822790739.0
2018-04-20,Z304JWP2,ST4000DM000,4000787030016,0,118,169526712,93,0,100,7,100,0,81,137309488,75,22235,100,0,100,7,100.0,0.0,100.0,0.0,100.0,0.0,100.0,0.0,100.0,0.0,78.0,22.0,100.0,0.0,100.0,0.0,98.0,5246.0,22,22,100,0,100,0,200,0,100.0,22153.0,100.0,47704890256.0,100.0,90954474431.0
2018-04-21,Z304JWP2,ST4000DM000,4000787030016,0,113,57305960,93,0,100,7,100,0,81,138088868,75,22259,100,0,100,7,100.0,0.0,100.0,0.0,100.0,0.0,100.0,0.0,100.0,0.0,78.0,22.0,100.0,0.0,100.0,0.0,98.0,5246.0,22,22,100,0,100,0,200,0,100.0,22177.0,100.0,47707313032.0,100.0,91125608084.0
2018-04-22,Z304JWP2,ST4000DM000,4000787030016,0,119,211895968,93,0,100,7,100,0,81,138953006,75,22284,100,0,100,7,100.0,0.0,100.0,0.0,100.0,0.0,100.0,0.0,100.0,0.0,79.0,21.0,100.0,0.0,100.0,0.0,98.0,5246.0,21,21,100,0,100,0,200,0,100.0,22201.0,100.0,47710074232.0,100.0,91289973736.0
2018-04-23,Z304JWP2,ST4000DM000,4000787030016,0,115,98330336,93,0,100,7,100,0,81,140890769,75,22308,100,0,100,7,100.0,0.0,100.0,0.0,100.0,0.0,100.0,0.0,100.0,0.0,79.0,21.0,100.0,0.0,100.0,0.0,98.0,5246.0,21,21,100,0,100,0,200,0,100.0,22225.0,100.0,47714521160.0,100.0,91466411587.0
2018-04-24,Z304JWP2,ST4000DM000,4000787030016,0,116,110667048,93,0,100,7,100,0,81,142585388,75,22332,100,0,100,7,100.0,0.0,100.0,0.0,100.0,0.0,100.0,0.0,100.0,0.0,78.0,22.0,100.0,0.0,100.0,0.0,98.0,5246.0,22,22,100,0,100,0,200,0,100.0,22249.0,100.0,47718733848.0,100.0,91620236086.0
2018-04-25,Z304JWP2,ST4000DM000,4000787030016,0,118,184349928,93,0,100,7,100,0,81,143933836,75,22356,100,0,100,7,100.0,0.0,100.0,0.0,100.0,0.0,100.0,0.0,100.0,0.0,79.0,21.0,100.0,0.0,100.0,0.0,98.0,5246.0,21,21,100,0,100,0,200,0,100.0,22273.0,100.0,47721125320.0,100.0,91791757066.0
2018-04-26,Z304JWP2,ST4000DM000,4000787030016,0,120,236069552,93,0,100,7,100,0,81,145286865,75,22376,100,0,100,7,100.0,0.0,100.0,0.0,100.0,0.0,100.0,0.0,100.0,0.0,79.0,21.0,100.0,0.0,100.0,0.0,98.0,5253.0,21,21,100,0,100,0,200,0,100.0,22294.0,100.0,47727238168.0,100.0,91886219180.0
2018-04-27,Z304JWP2,ST4000DM000,4000787030016,0,111,39258536,93,0,100,7,100,0,81,146086585,75,22401,100,0,100,7,100.0,0.0,100.0,0.0,100.0,0.0,100.0,0.0,100.0,0.0,78.0,22.0,100.0,0.0,100.0,0.0,98.0,5258.0,22,22,100,0,100,0,200,0,100.0,22318.0,100.0,47728893560.0,100.0,92044759770.0
2018-04-28,Z304JWP2,ST4000DM000,4000787030016,0,114,64724128,93,0,100,7,100,0,81,147114984,75,22424,100,0,100,7,100.0,0.0,100.0,0.0,100.0,0.0,100.0,0.0,100.0,0.0,78.0,22.0,100.0,0.0,100.0,0.0,98.0,5258.0,22,22,100,0,100,0,200,0,100.0,22342.0,100.0,47731280376.0,100.0,92240588710.0
2018-04-29,Z304JWP2,ST4000DM000,4000787030016,0,119,233512464,93,0,100,7,100,0,81,148187585,75,22448,100,0,100,7,100.0,0.0,100.0,0.0,100.0,0.0,100.0,0.0,100.0,0.0,78.0,22.0,100.0,0.0,100.0,0.0,98.0,5258.0,22,22,100,0,100,0,200,0,100.0,22365.0,100.0,47734872968.0,100.0,92410407341.0
2018-04-30,Z304JWP2,ST4000DM000,4000787030016,0,119,217458088,93,0,100,7,100,0,81,149408925,75,22473,100,0,100,7,100.0,0.0,100.0,0.0,100.0,0.0,100.0,0.0,100.0,0.0,78.0,22.0,100.0,0.0,100.0,0.0,98.0,5258.0,22,22,100,0,100,0,200,0,100.0,22390.0,100.0,47737670904.0,100.0,92596411555.0
2018-05-01,Z304JWP2,ST4000DM000,4000787030016,0,117,137317072,93,0,100,7,100,0,81,151118321,75,22496,100,0,100,7,100.0,0.0,100.0,0.0,100.0,0.0,100.0,0.0,100.0,0.0,78.0,22.0,100.0,0.0,100.0,0.0,98.0,5258.0,22,22,100,0,100,0,200,0,100.0,22413.0,100.0,47743545336.0,100.0,92780805828.0
2018-05-02,Z304JWP2,ST4000DM000,4000787030016,0,116.0,113679136.0,93.0,0.0,100.0,7.0,100.0,0.0,81.0,151923381.0,75.0,22520.0,100.0,0.0,100.0,7.0,100.0,0.0,100.0,0.0,100.0,0.0,100.0,0.0,100.0,0.0,78.0,22.0,100.0,0.0,100.0,0.0,98.0,5258.0,22.0,22.0,100.0,0.0,100.0,0.0,200.0,0.0,100.0,22437.0,100.0,47745959008.0,100.0,92929033789.0
2018-05-03,Z304JWP2,ST4000DM000,4000787030016,0,117,137152784,93,0,100,7,100,0,81,153483425,75,22547,100,0,100,7,100.0,0.0,100.0,0.0,100.0,0.0,100.0,0.0,100.0,0.0,79.0,21.0,100.0,0.0,100.0,0.0,98.0,5278.0,21,21,100,0,100,0,200,0,100.0,22464.0,100.0,47751240512.0,100.0,93058538601.0
2018-05-04,Z304JWP2,ST4000DM000,4000787030016,0,113,58247520,93,0,100,7,100,0,81,154390920,75,22572,100,0,100,7,100.0,0.0,100.0,0.0,100.0,0.0,100.0,0.0,100.0,0.0,79.0,21.0,100.0,0.0,100.0,0.0,98.0,5278.0,21,21,100,0,100,0,200,0,100.0,22489.0,100.0,47753144376.0,100.0,93214529009.0
2018-05-05,Z304JWP2,ST4000DM000,4000787030016,0,102,5079896,93,0,100,7,100,0,81,156479335,75,22596,100,0,100,7,100.0,0.0,100.0,0.0,100.0,0.0,100.0,0.0,100.0,0.0,78.0,22.0,100.0,0.0,100.0,0.0,98.0,5278.0,22,22,100,0,100,0,200,0,100.0,22513.0,100.0,47759398912.0,100.0,93360044321.0
2018-05-06,Z304JWP2,ST4000DM000,4000787030016,0,114,77754744,93,0,100,7,100,0,81,157487629,75,22619,100,0,100,7,100.0,0.0,100.0,0.0,100.0,0.0,100.0,0.0,100.0,0.0,78.0,22.0,100.0,0.0,100.0,0.0,98.0,5278.0,22,22,100,0,100,0,200,0,100.0,22536.0,100.0,47761459408.0,100.0,93513801130.0
2018-05-07,Z304JWP2,ST4000DM000,4000787030016,0,119,234243280,93,0,100,7,100,0,81,158994615,75,22644,100,0,100,7,100.0,0.0,100.0,0.0,100.0,0.0,100.0,0.0,100.0,0.0,78.0,22.0,100.0,0.0,100.0,0.0,98.0,5278.0,22,22,100,0,100,0,200,0,100.0,22561.0,100.0,47764611392.0,100.0,93653308317.0
2018-05-08,Z304JWP2,ST4000DM000,4000787030016,0,117,131144944,93,0,100,7,100,0,81,160609243,75,22667,100,0,100,7,100.0,0.0,100.0,0.0,100.0,0.0,100.0,0.0,100.0,0.0,78.0,22.0,100.0,0.0,100.0,0.0,98.0,5278.0,22,22,100,0,100,0,200,0,100.0,22585.0,100.0,47768504120.0,100.0,93805876117.0
2018-05-09,Z304JWP2,ST4000DM000,4000787030016,0,112,47600664,93,0,100,7,100,0,81,161757447,75,22692,100,0,100,7,100.0,0.0,100.0,0.0,100.0,0.0,100.0,0.0,100.0,0.0,78.0,22.0,100.0,0.0,100.0,0.0,98.0,5278.0,22,22,100,0,100,0,200,0,100.0,22609.0,100.0,47771381408.0,100.0,93959306372.0
2018-05-10,Z304JWP2,ST4000DM000,4000787030016,0,120,243394680,93,0,100,7,100,0,81,163438828,75,22716,100,0,100,7,100.0,0.0,100.0,0.0,100.0,0.0,100.0,0.0,100.0,0.0,78.0,22.0,100.0,0.0,100.0,0.0,98.0,5304.0,22,22,100,0,100,0,200,0,100.0,22633.0,100.0,47775925744.0,100.0,94074349076.0
2018-05-11,Z304JWP2,ST4000DM000,4000787030016,0,118,177499056,93,0,100,7,100,0,81,164720420,75,22740,100,0,100,7,100.0,0.0,100.0,0.0,100.0,0.0,100.0,0.0,100.0,0.0,78.0,22.0,100.0,0.0,100.0,0.0,98.0,5304.0,22,22,100,0,100,0,200,0,100.0,22657.0,100.0,47780087880.0,100.0,94259514497.0
2018-05-12,Z304JWP2,ST4000DM000,4000787030016,0,117,161510648,93,0,100,7,100,0,81,165611802,75,22764,100,0,100,7,100.0,0.0,100.0,0.0,100.0,0.0,100.0,0.0,100.0,0.0,78.0,22.0,100.0,0.0,100.0,0.0,98.0,5304.0,22,22,100,0,100,0,200,0,100.0,22681.0,100.0,47782557224.0,100.0,94415921137.0
2018-05-13,Z304JWP2,ST4000DM000,4000787030016,0,108,18520688,93,0,100,7,100,0,81,166336861,74,22788,100,0,100,7,100.0,0.0,100.0,0.0,100.0,0.0,100.0,0.0,100.0,0.0,78.0,22.0,100.0,0.0,100.0,0.0,98.0,5304.0,22,22,100,0,100,0,200,0,100.0,22705.0,100.0,47785184168.0,100.0,94557472584.0
2018-05-14,Z304JWP2,ST4000DM000,4000787030016,0,117,140936792,93,0,100,7,100,0,81,167574366,74,22812,100,0,100,7,100.0,0.0,100.0,0.0,100.0,0.0,100.0,0.0,100.0,0.0,78.0,22.0,100.0,0.0,100.0,0.0,98.0,5304.0,22,22,100,0,100,0,200,0,100.0,22729.0,100.0,47788764800.0,100.0,94688426868.0
2018-05-15,Z304JWP2,ST4000DM000,4000787030016,0,117.0,132845432.0,93.0,0.0,100.0,7.0,100.0,0.0,82.0,168693233.0,74.0,22836.0,100.0,0.0,100.0,7.0,100.0,0.0,100.0,0.0,100.0,0.0,100.0,0.0,100.0,0.0,78.0,22.0,100.0,0.0,100.0,0.0,98.0,5304.0,22.0,22.0,100.0,0.0,100.0,0.0,200.0,0.0,100.0,22753.0,100.0,47791718832.0,100.0,94856140655.0
2018-05-16,Z304JWP2,ST4000DM000,4000787030016,0,114,59094096,93,0,100,7,100,0,82,169234253,74,22860,100,0,100,7,100.0,0.0,100.0,0.0,100.0,0.0,100.0,0.0,100.0,0.0,78.0,22.0,100.0,0.0,100.0,0.0,98.0,5342.0,22,22,100,0,100,0,200,0,100.0,22777.0,100.0,47793356120.0,100.0,94976786281.0
2018-05-17,Z304JWP2,ST4000DM000,4000787030016,0,114,65019736,93,0,100,7,100,0,82,170440642,74,22883,100,0,100,7,100.0,0.0,100.0,0.0,100.0,0.0,100.0,0.0,100.0,0.0,77.0,23.0,100.0,0.0,100.0,0.0,98.0,5359.0,23,23,100,0,100,0,200,0,100.0,22800.0,100.0,47798236328.0,100.0,95098217069.0
2018-05-18,Z304JWP2,ST4000DM000,4000787030016,0,108,16604528,93,0,100,7,100,0,82,172151297,74,22907,100,0,100,7,100.0,0.0,100.0,0.0,100.0,0.0,100.0,0.0,100.0,0.0,77.0,23.0,100.0,0.0,100.0,0.0,98.0,5360.0,23,23,100,0,100,0,200,0,100.0,22824.0,100.0,47801425632.0,100.0,95285476761.0
2018-05-19,Z304JWP2,ST4000DM000,4000787030016,0,105,9175208,93,0,100,7,100,0,82,172706246,74,22932,100,0,100,7,100.0,0.0,100.0,0.0,100.0,0.0,100.0,0.0,100.0,0.0,78.0,22.0,100.0,0.0,100.0,0.0,98.0,5360.0,22,22,100,0,100,0,200,0,100.0,22848.0,100.0,47805625776.0,100.0,95472710096.0
2018-05-20,Z304JWP2,ST4000DM000,4000787030016,0,100,3038056,93,0,100,7,100,0,82,173160722,74,22956,100,0,100,7,100.0,0.0,100.0,0.0,100.0,0.0,100.0,0.0,100.0,0.0,78.0,22.0,100.0,0.0,100.0,0.0,98.0,5361.0,22,22,100,0,100,0,200,0,100.0,22872.0,100.0,47807872088.0,100.0,95655938222.0
2018-05-21,Z304JWP2,ST4000DM000,4000787030016,0,114,79359952,93,0,100,7,100,0,82,174110869,74,22979,100,0,100,7,100.0,0.0,100.0,0.0,100.0,0.0,100.0,0.0,100.0,0.0,78.0,22.0,100.0,0.0,100.0,0.0,98.0,5362.0,22,22,100,0,100,0,200,0,100.0,22896.0,100.0,47811315688.0,100.0,95847560195.0
2018-05-22,Z304JWP2,ST4000DM000,4000787030016,0,106,12462376,93,0,100,7,100,0,82,174903443,74,23004,100,0,100,7,100.0,0.0,100.0,0.0,100.0,0.0,100.0,0.0,100.0,0.0,78.0,22.0,100.0,0.0,100.0,0.0,98.0,5362.0,22,22,100,0,100,0,200,0,100.0,22921.0,100.0,47816158920.0,100.0,96027820356.0
2018-05-23,Z304JWP2,ST4000DM000,4000787030016,0,114,76525960,93,0,100,7,100,0,82,175503598,74,23028,100,0,100,7,100.0,0.0,100.0,0.0,100.0,0.0,100.0,0.0,100.0,0.0,77.0,23.0,100.0,0.0,100.0,0.0,98.0,5363.0,23,23,100,0,100,0,200,0,100.0,22944.0,100.0,47818649616.0,100.0,96189582011.0
2018-05-24,Z304JWP2,ST4000DM000,4000787030016,0,117,132048272,93,0,100,7,100,0,82,177056863,74,23052,100,0,100,7,100.0,0.0,100.0,0.0,100.0,0.0,100.0,0.0,100.0,0.0,78.0,22.0,100.0,0.0,100.0,0.0,98.0,5383.0,22,22,100,0,100,0,200,0,100.0,22968.0,100.0,47824514080.0,100.0,96332889518.0
2018-05-25,Z304JWP2,ST4000DM000,4000787030016,0,116,112455864,93,0,100,7,100,0,82,178009389,74,23076,100,0,100,7,100.0,0.0,100.0,0.0,100.0,0.0,100.0,0.0,100.0,0.0,75.0,25.0,100.0,0.0,100.0,0.0,98.0,5383.0,25,25,100,0,100,0,200,0,100.0,22993.0,100.0,47826920000.0,100.0,96525696043.0
2018-05-26,Z304JWP2,ST4000DM000,4000787030016,0,119,209201728,93,0,100,7,100,0,82,179267558,74,23095,100,0,100,7,100.0,0.0,100.0,0.0,100.0,0.0,100.0,0.0,100.0,0.0,77.0,23.0,100.0,0.0,100.0,0.0,98.0,5388.0,23,23,100,0,100,0,200,0,100.0,23012.0,100.0,47831189488.0,100.0,96676029381.0
2018-05-27,Z304JWP2,ST4000DM000,4000787030016,0,109,22827792,93,0,100,7,100,0,82,180334619,74,23119,100,0,100,7,100.0,0.0,100.0,0.0,100.0,0.0,100.0,0.0,100.0,0.0,78.0,22.0,100.0,0.0,100.0,0.0,98.0,5389.0,22,22,100,0,100,0,200,0,100.0,23036.0,100.0,47833693296.0,100.0,96858085389.0
2018-05-28,Z304JWP2,ST4000DM000,4000787030016,0,119,213482336,93,0,100,7,100,0,82,181556204,74,23143,100,0,100,7,100.0,0.0,100.0,0.0,100.0,0.0,100.0,0.0,100.0,0.0,78.0,22.0,100.0,0.0,100.0,0.0,98.0,5390.0,22,22,100,0,100,0,200,0,100.0,23060.0,100.0,47835526776.0,100.0,97013406701.0
2018-05-29,Z304JWP2,ST4000DM000,4000787030016,0,119,223027040,93,0,100,7,100,0,82,183619826,74,23167,100,0,100,7,100.0,0.0,100.0,0.0,100.0,0.0,100.0,0.0,100.0,0.0,78.0,22.0,100.0,0.0,100.0,0.0,98.0,5390.0,22,22,100,0,100,0,200,0,100.0,23083.0,100.0,47840578176.0,100.0,97177972760.0
2018-05-30,Z304JWP2,ST4000DM000,4000787030016,0,118,172284584,93,0,100,7,100,0,82,185088960,74,23192,100,0,100,7,100.0,0.0,100.0,0.0,100.0,0.0,100.0,0.0,100.0,0.0,78.0,22.0,100.0,0.0,100.0,0.0,98.0,5390.0,22,22,100,0,100,0,200,0,100.0,23108.0,100.0,47843636872.0,100.0,97360470254.0
2018-05-31,Z304JWP2,ST4000DM000,4000787030016,0,115,90343392,93,0,100,7,100,0,82,187768053,74,23214,100,0,100,7,100.0,0.0,100.0,0.0,100.0,0.0,100.0,0.0,100.0,0.0,78.0,22.0,100.0,0.0,100.0,0.0,98.0,5412.0,22,22,100,0,100,0,200,0,100.0,23130.0,100.0,47849951216.0,100.0,97478340169.0
2018-06-01,Z304JWP2,ST4000DM000,4000787030016,0,118,189654744,93,0,100,7,100,0,82,188529209,74,23239,100,0,100,7,100.0,0.0,100.0,0.0,100.0,0.0,100.0,0.0,100.0,0.0,78.0,22.0,100.0,0.0,100.0,0.0,98.0,5416.0,22,22,100,0,100,0,200,0,100.0,23155.0,100.0,47852309128.0,100.0,97644557507.0
2018-06-02,Z304JWP2,ST4000DM000,4000787030016,0,116,103833152,93,0,100,7,100,0,82,189299574,74,23262,100,0,100,7,100.0,0.0,100.0,0.0,100.0,0.0,100.0,0.0,100.0,0.0,78.0,22.0,100.0,0.0,100.0,0.0,98.0,5416.0,22,22,100,0,100,0,200,0,100.0,23179.0,100.0,47854656264.0,100.0,97795120611.0
2018-06-03,Z304JWP2,ST4000DM000,4000787030016,0,116,102066320,93,0,100,7,100,0,82,190347437,74,23286,100,0,100,7,100.0,0.0,100.0,0.0,100.0,0.0,100.0,0.0,100.0,0.0,78.0,22.0,100.0,0.0,100.0,0.0,98.0,5416.0,22,22,100,0,100,0,200,0,100.0,23203.0,100.0,47858002552.0,100.0,97972557067.0
2018-06-04,Z304JWP2,ST4000DM000,4000787030016,0,119,230256568,93,0,100,7,100,0,82,191426142,74,23310,100,0,100,7,100.0,0.0,100.0,0.0,100.0,0.0,100.0,0.0,100.0,0.0,78.0,22.0,100.0,0.0,100.0,0.0,98.0,5416.0,22,22,100,0,100,0,200,0,100.0,23227.0,100.0,47860670104.0,100.0,98125240627.0
2018-06-05,Z304JWP2,ST4000DM000,4000787030016,0,111,34113488,93,0,100,7,100,0,82,193732303,74,23334,100,0,100,7,100.0,0.0,100.0,0.0,100.0,0.0,100.0,0.0,100.0,0.0,78.0,22.0,100.0,0.0,100.0,0.0,98.0,5416.0,22,22,100,0,100,0,200,0,100.0,23250.0,100.0,47866930928.0,100.0,98314670927.0
2018-06-06,Z304JWP2,ST4000DM000,4000787030016,0,111,31702008,93,0,100,7,100,0,82,194426472,74,23358,100,0,100,7,100.0,0.0,100.0,0.0,100.0,0.0,100.0,0.0,100.0,0.0,79.0,21.0,100.0,0.0,100.0,0.0,98.0,5416.0,21,21,100,0,100,0,200,0,100.0,23274.0,100.0,47868744992.0,100.0,98460491220.0
2018-06-07,Z304JWP2,ST4000DM000,4000787030016,0,115,99702288,93,0,100,7,100,0,82,195990373,74,23382,100,0,100,7,100.0,0.0,100.0,0.0,100.0,0.0,100.0,0.0,100.0,0.0,78.0,22.0,100.0,0.0,100.0,0.0,98.0,5481.0,22,22,100,0,100,0,200,0,100.0,23299.0,100.0,47874380520.0,100.0,98601517066.0
2018-06-08,Z304JWP2,ST4000DM000,4000787030016,0,117,156142736,93,0,100,7,100,0,82,197037780,74,23406,100,0,100,7,100.0,0.0,100.0,0.0,100.0,0.0,100.0,0.0,100.0,0.0,78.0,22.0,100.0,0.0,100.0,0.0,98.0,5481.0,22,22,100,0,100,0,200,0,100.0,23323.0,100.0,47876561632.0,100.0,98798578103.0
2018-06-09,Z304JWP2,ST4000DM000,4000787030016,0,119,230927560,93,0,100,7,100,0,82,198042328,74,23430,100,0,100,7,100.0,0.0,100.0,0.0,100.0,0.0,100.0,0.0,100.0,0.0,78.0,22.0,100.0,0.0,100.0,0.0,98.0,5481.0,22,22,100,0,100,0,200,0,100.0,23347.0,100.0,47879026360.0,100.0,98958139684.0
2018-06-10,Z304JWP2,ST4000DM000,4000787030016,0,117,131074056,93,0,100,7,100,0,82,199114452,74,23454,100,0,100,7,100.0,0.0,100.0,0.0,100.0,0.0,100.0,0.0,100.0,0.0,78.0,22.0,100.0,0.0,100.0,0.0,98.0,5481.0,22,22,100,0,100,0,200,0,100.0,23371.0,100.0,47881516720.0,100.0,99140945809.0
2018-06-11,Z304JWP2,ST4000DM000,4000787030016,0,117,134273720,93,0,100,7,100,0,82,201218508,74,23478,100,0,100,7,100.0,0.0,100.0,0.0,100.0,0.0,100.0,0.0,100.0,0.0,78.0,22.0,100.0,0.0,100.0,0.0,98.0,5481.0,22,22,100,0,100,0,200,0,100.0,23394.0,100.0,47888031608.0,100.0,99328589886.0
2018-06-12,Z304JWP2,ST4000DM000,4000787030016,0,114,71783816,93,0,100,7,100,0,83,202843408,74,23502,100,0,100,7,100.0,0.0,100.0,0.0,100.0,0.0,100.0,0.0,100.0,0.0,78.0,22.0,100.0,0.0,100.0,0.0,98.0,5481.0,22,22,100,0,100,0,200,0,100.0,23418.0,100.0,47893224328.0,100.0,99466559728.0
2018-06-13,Z304JWP2,ST4000DM000,4000787030016,0,119,228519016,93,0,100,7,100,0,83,203734266,74,23526,100,0,100,7,100.0,0.0,100.0,0.0,100.0,0.0,100.0,0.0,100.0,0.0,78.0,22.0,100.0,0.0,100.0,0.0,98.0,5481.0,22,22,100,0,100,0,200,0,100.0,23443.0,100.0,47895217080.0,100.0,99622207235.0
2018-06-14,Z304JWP2,ST4000DM000,4000787030016,0,119,216537448,93,0,100,7,100,0,83,205284624,74,23550,100,0,100,7,100.0,0.0,100.0,0.0,100.0,0.0,100.0,0.0,100.0,0.0,77.0,23.0,100.0,0.0,100.0,0.0,98.0,5495.0,23,23,100,0,100,0,200,0,100.0,23467.0,100.0,47899875184.0,100.0,99755177538.0
2018-06-15,Z304JWP2,ST4000DM000,4000787030016,0,114.0,70970816.0,93.0,0.0,100.0,7.0,100.0,0.0,83.0,206348447.0,74.0,23581.0,100.0,0.0,100.0,7.0,100.0,0.0,100.0,0.0,100.0,0.0,100.0,0.0,100.0,0.0,77.0,23.0,100.0,0.0,100.0,0.0,98.0,5498.0,23.0,23.0,100.0,0.0,100.0,0.0,200.0,0.0,100.0,23497.0,100.0,47902519136.0,100.0,99921310320.0
2018-06-16,Z304JWP2,ST4000DM000,4000787030016,0,118.0,186813264.0,93.0,0.0,100.0,7.0,100.0,0.0,83.0,207357616.0,74.0,23605.0,100.0,0.0,100.0,7.0,100.0,0.0,100.0,0.0,100.0,0.0,100.0,0.0,100.0,0.0,77.0,23.0,100.0,0.0,100.0,0.0,98.0,5500.0,23.0,23.0,100.0,0.0,100.0,0.0,200.0,0.0,100.0,23521.0,100.0,47904938936.0,100.0,100062675322.0
2018-06-17,Z304JWP2,ST4000DM000,4000787030016,0,118.0,194503712.0,93.0,0.0,100.0,7.0,100.0,0.0,83.0,208295802.0,74.0,23629.0,100.0,0.0,100.0,7.0,100.0,0.0,100.0,0.0,100.0,0.0,100.0,0.0,100.0,0.0,78.0,22.0,100.0,0.0,100.0,0.0,98.0,5500.0,22.0,22.0,100.0,0.0,100.0,0.0,200.0,0.0,100.0,23546.0,100.0,47906864688.0,100.0,100175509030.0
2018-06-18,Z304JWP2,ST4000DM000,4000787030016,0,113.0,57502032.0,93.0,0.0,100.0,7.0,100.0,0.0,83.0,210120495.0,73.0,23653.0,100.0,0.0,100.0,7.0,100.0,0.0,100.0,0.0,100.0,0.0,100.0,0.0,100.0,0.0,78.0,22.0,100.0,0.0,100.0,0.0,98.0,5500.0,22.0,22.0,100.0,0.0,100.0,0.0,200.0,0.0,100.0,23570.0,100.0,47910309752.0,100.0,100342629185.0
2018-06-19,Z304JWP2,ST4000DM000,4000787030016,0,118,200329536,93,0,100,7,100,0,83,211531846,73,23677,100,0,100,7,100.0,0.0,100.0,0.0,100.0,0.0,100.0,0.0,100.0,0.0,78.0,22.0,100.0,0.0,100.0,0.0,98.0,5500.0,22,22,100,0,100,0,200,0,100.0,23594.0,100.0,47914388072.0,100.0,100484476907.0
2018-06-20,Z304JWP2,ST4000DM000,4000787030016,0,119,231705120,93,0,100,7,100,0,83,213942348,73,23701,100,0,100,7,100.0,0.0,100.0,0.0,100.0,0.0,100.0,0.0,100.0,0.0,79.0,21.0,100.0,0.0,100.0,0.0,98.0,5501.0,21,21,100,0,100,0,200,0,100.0,23617.0,100.0,47920435928.0,100.0,100681521141.0
2018-06-21,Z304JWP2,ST4000DM000,4000787030016,0,119,208027920,93,0,100,7,100,0,83,215331524,73,23725,100,0,100,7,100.0,0.0,100.0,0.0,100.0,0.0,100.0,0.0,100.0,0.0,78.0,22.0,100.0,0.0,100.0,0.0,98.0,5543.0,22,22,100,0,100,0,200,0,100.0,23641.0,100.0,47922587808.0,100.0,100790726128.0
2018-06-22,Z304JWP2,ST4000DM000,4000787030016,0,100,3016552,93,0,100,7,100,0,83,216164597,73,23749,100,0,100,7,100.0,0.0,100.0,0.0,100.0,0.0,100.0,0.0,100.0,0.0,78.0,22.0,100.0,0.0,100.0,0.0,98.0,5544.0,22,22,100,0,100,0,200,0,100.0,23665.0,100.0,47925199144.0,100.0,100955525138.0
2018-06-23,Z304JWP2,ST4000DM000,4000787030016,0,118,175434680,93,0,100,7,100,0,83,216807132,73,23773,100,0,100,7,100.0,0.0,100.0,0.0,100.0,0.0,100.0,0.0,100.0,0.0,78.0,22.0,100.0,0.0,100.0,0.0,98.0,5545.0,22,22,100,0,100,0,200,0,100.0,23689.0,100.0,47927328880.0,100.0,101076674571.0
2018-06-24,Z304JWP2,ST4000DM000,4000787030016,0,118,201288552,93,0,100,7,100,0,83,217648990,73,23797,100,0,100,7,100.0,0.0,100.0,0.0,100.0,0.0,100.0,0.0,100.0,0.0,78.0,22.0,100.0,0.0,100.0,0.0,98.0,5545.0,22,22,100,0,100,0,200,0,100.0,23713.0,100.0,47929287296.0,100.0,101246895679.0
2018-06-25,Z304JWP2,ST4000DM000,4000787030016,0,117,139824472,93,0,100,7,100,0,83,218875459,73,23822,100,0,100,7,100.0,0.0,100.0,0.0,100.0,0.0,100.0,0.0,100.0,0.0,78.0,22.0,100.0,0.0,100.0,0.0,98.0,5597.0,22,22,100,0,100,0,200,0,100.0,23737.0,100.0,47933667192.0,100.0,101385813184.0
2018-06-26,Z304JWP2,ST4000DM000,4000787030016,0,111,33625832,93,0,100,7,100,0,83,219424708,73,23845,100,0,100,7,100.0,0.0,100.0,0.0,100.0,0.0,100.0,0.0,100.0,0.0,79.0,21.0,100.0,0.0,100.0,0.0,98.0,5597.0,21,21,100,0,100,0,200,0,100.0,23761.0,100.0,47936817872.0,100.0,101543849051.0
2018-06-27,Z304JWP2,ST4000DM000,4000787030016,0,114,68165232,93,0,100,7,100,0,83,219853579,73,23869,100,0,100,7,100.0,0.0,100.0,0.0,100.0,0.0,100.0,0.0,100.0,0.0,77.0,23.0,100.0,0.0,100.0,0.0,98.0,5597.0,23,23,100,0,100,0,200,0,100.0,23785.0,100.0,47939195832.0,100.0,101710231936.0
2018-06-28,Z304JWP2,ST4000DM000,4000787030016,0,109,23660408,93,0,100,7,100,0,83,221086400,73,23893,100,0,100,7,100.0,0.0,100.0,0.0,100.0,0.0,100.0,0.0,100.0,0.0,79.0,21.0,100.0,0.0,100.0,0.0,98.0,5610.0,21,21,100,0,100,0,200,0,100.0,23809.0,100.0,47943954896.0,100.0,101869595334.0
2018-06-29,Z304JWP2,ST4000DM000,4000787030016,0,105,9043664,93,0,100,7,100,0,83,221547953,73,23917,100,0,100,7,100.0,0.0,100.0,0.0,100.0,0.0,100.0,0.0,100.0,0.0,78.0,22.0,100.0,0.0,100.0,0.0,98.0,5613.0,22,22,100,0,100,0,200,0,100.0,23833.0,100.0,47946376328.0,100.0,102052130519.0
2018-06-30,Z304JWP2,ST4000DM000,4000787030016,0,112,49602392,93,0,100,7,100,0,83,221876191,73,23936,100,0,100,7,100.0,0.0,100.0,0.0,100.0,0.0,100.0,0.0,100.0,0.0,78.0,22.0,100.0,0.0,100.0,0.0,98.0,5616.0,22,22,100,0,100,0,200,0,100.0,23852.0,100.0,47948071072.0,100.0,102188512506.0
2018-07-01,Z304JWP2,ST4000DM000,4000787030016,0,118,186791568,93,0,100,7,100,0,83,223343409,73,23960,100,0,100,7,100.0,0.0,100.0,0.0,100.0,0.0,100.0,0.0,100.0,0.0,78.0,22.0,100.0,0.0,100.0,0.0,98.0,5616.0,22,22,100,0,100,0,200,0,100.0,23875.0,100.0,47955630472.0,100.0,102372172887.0
2018-07-02,Z304JWP2,ST4000DM000,4000787030016,0,117,119140080,93,0,100,7,100,0,83,224251305,73,23984,100,0,100,7,100.0,0.0,100.0,0.0,100.0,0.0,100.0,0.0,100.0,0.0,78.0,22.0,100.0,0.0,100.0,0.0,98.0,5616.0,22,22,100,0,100,0,200,0,100.0,23900.0,100.0,47959260280.0,100.0,102552275375.0
2018-07-03,Z304JWP2,ST4000DM000,4000787030016,0,116,107396824,93,0,100,7,100,0,83,226196007,73,24008,100,0,100,7,100.0,0.0,100.0,0.0,100.0,0.0,100.0,0.0,100.0,0.0,78.0,22.0,100.0,0.0,100.0,0.0,98.0,5617.0,22,22,100,0,100,0,200,0,100.0,23924.0,100.0,47965488792.0,100.0,102774812527.0
2018-07-04,Z304JWP2,ST4000DM000,4000787030016,0,111,37367624,93,0,100,7,100,0,83,227135432,73,24032,100,0,100,7,100.0,0.0,100.0,0.0,100.0,0.0,100.0,0.0,100.0,0.0,78.0,22.0,100.0,0.0,100.0,0.0,98.0,5618.0,22,22,100,0,100,0,200,0,100.0,23948.0,100.0,47970095152.0,100.0,102955504123.0
2018-07-05,Z304JWP2,ST4000DM000,4000787030016,0,113,52783632,93,0,100,7,100,0,83,228735366,73,24056,100,0,100,7,100.0,0.0,100.0,0.0,100.0,0.0,100.0,0.0,100.0,0.0,78.0,22.0,100.0,0.0,100.0,0.0,98.0,5645.0,22,22,100,0,100,0,200,0,100.0,23972.0,100.0,47976572008.0,100.0,103095025526.0
2018-07-06,Z304JWP2,ST4000DM000,4000787030016,0,114,69581504,93,0,100,7,100,0,83,230008312,73,24080,100,0,100,7,100.0,0.0,100.0,0.0,100.0,0.0,100.0,0.0,100.0,0.0,78.0,22.0,100.0,0.0,100.0,0.0,98.0,5646.0,22,22,100,0,100,0,200,0,100.0,23995.0,100.0,47978819984.0,100.0,103253404771.0
2018-07-07,Z304JWP2,ST4000DM000,4000787030016,0,119,213905056,93,0,100,7,100,0,83,231187561,73,24104,100,0,100,7,100.0,0.0,100.0,0.0,100.0,0.0,100.0,0.0,100.0,0.0,78.0,22.0,100.0,0.0,100.0,0.0,98.0,5647.0,22,22,100,0,100,0,200,0,100.0,24019.0,100.0,47981243736.0,100.0,103397156661.0
2018-07-08,Z304JWP2,ST4000DM000,4000787030016,0,105,8790448,93,0,100,7,100,0,83,233176513,73,24128,100,0,100,7,100.0,0.0,100.0,0.0,100.0,0.0,100.0,0.0,100.0,0.0,78.0,22.0,100.0,0.0,100.0,0.0,98.0,5649.0,22,22,100,0,100,0,200,0,100.0,24044.0,100.0,47984774768.0,100.0,103589337066.0
2018-07-09,Z304JWP2,ST4000DM000,4000787030016,0,117,165703544,93,0,100,7,100,0,83,233848896,73,24152,100,0,100,7,100.0,0.0,100.0,0.0,100.0,0.0,100.0,0.0,100.0,0.0,79.0,21.0,100.0,0.0,100.0,0.0,98.0,5650.0,21,21,100,0,100,0,200,0,100.0,24067.0,100.0,47987526032.0,100.0,103711777685.0
2018-07-10,Z304JWP2,ST4000DM000,4000787030016,0,120.0,238586672.0,93.0,0.0,100.0,7.0,100.0,0.0,84.0,235522897.0,73.0,24176.0,100.0,0.0,100.0,7.0,100.0,0.0,100.0,0.0,100.0,0.0,100.0,0.0,100.0,0.0,78.0,22.0,100.0,0.0,100.0,0.0,98.0,5650.0,22.0,22.0,100.0,0.0,100.0,0.0,200.0,0.0,100.0,24092.0,100.0,47992089536.0,100.0,103901670139.0
2018-07-11,Z304JWP2,ST4000DM000,4000787030016,0,117,139200680,93,0,100,7,100,0,84,236345327,73,24200,100,0,100,7,100.0,0.0,100.0,0.0,100.0,0.0,100.0,0.0,100.0,0.0,78.0,22.0,100.0,0.0,100.0,0.0,98.0,5651.0,22,22,100,0,100,0,200,0,100.0,24116.0,100.0,47993994392.0,100.0,104059700332.0
2018-07-12,Z304JWP2,ST4000DM000,4000787030016,0,114,67147888,93,0,100,7,100,0,84,237448231,73,24224,100,0,100,7,100.0,0.0,100.0,0.0,100.0,0.0,100.0,0.0,100.0,0.0,79.0,21.0,100.0,0.0,100.0,0.0,98.0,5755.0,21,21,100,0,100,0,200,0,100.0,24139.0,100.0,47996743528.0,100.0,104146454963.0
2018-07-13,Z304JWP2,ST4000DM000,4000787030016,0,113,57650832,93,0,100,7,100,0,84,239580015,73,24254,100,0,100,7,100.0,0.0,100.0,0.0,100.0,0.0,100.0,0.0,100.0,0.0,78.0,22.0,100.0,0.0,100.0,0.0,98.0,5792.0,22,22,100,0,100,0,200,0,100.0,24169.0,100.0,48002155080.0,100.0,104286439839.0
2018-07-14,Z304JWP2,ST4000DM000,4000787030016,0,114,74580216,93,0,100,7,100,0,84,240444146,73,24270,100,0,100,7,100.0,0.0,100.0,0.0,100.0,0.0,100.0,0.0,100.0,0.0,78.0,22.0,100.0,0.0,100.0,0.0,98.0,5793.0,22,22,100,0,100,0,200,0,100.0,24185.0,100.0,48003606784.0,100.0,104405259182.0
2018-07-15,Z304JWP2,ST4000DM000,4000787030016,0,103,6227392,93,0,100,7,100,0,84,241527209,73,24294,100,0,100,7,100.0,0.0,100.0,0.0,100.0,0.0,100.0,0.0,100.0,0.0,79.0,21.0,100.0,0.0,100.0,0.0,98.0,5794.0,21,21,100,0,100,0,200,0,100.0,24209.0,100.0,48005539624.0,100.0,104568596565.0
2018-07-16,Z304JWP2,ST4000DM000,4000787030016,0,111,37966000,93,0,100,7,100,0,84,242282036,73,24317,100,0,100,7,100.0,0.0,100.0,0.0,100.0,0.0,100.0,0.0,100.0,0.0,79.0,21.0,100.0,0.0,100.0,0.0,98.0,5794.0,21,21,100,0,100,0,200,0,100.0,24233.0,100.0,48008086272.0,100.0,104720931186.0
2018-07-17,Z304JWP2,ST4000DM000,4000787030016,0,106,11543752,93,0,100,7,100,0,84,244151193,73,24341,100,0,100,7,100.0,0.0,100.0,0.0,100.0,0.0,100.0,0.0,100.0,0.0,78.0,22.0,100.0,0.0,100.0,0.0,98.0,5794.0,22,22,100,0,100,0,200,0,100.0,24256.0,100.0,48012814600.0,100.0,104923866606.0
2018-07-18,Z304JWP2,ST4000DM000,4000787030016,0,118,185290000,93,0,100,7,100,0,84,245507920,73,24373,100,0,100,7,100.0,0.0,100.0,0.0,100.0,0.0,100.0,0.0,100.0,0.0,78.0,22.0,100.0,0.0,100.0,0.0,98.0,5795.0,22,22,100,0,100,0,200,0,100.0,24289.0,100.0,48015867488.0,100.0,105149400526.0
2018-07-19,Z304JWP2,ST4000DM000,4000787030016,0,114,72761088,93,0,100,7,100,0,84,246318704,73,24389,100,0,100,7,100.0,0.0,100.0,0.0,100.0,0.0,100.0,0.0,100.0,0.0,79.0,21.0,100.0,0.0,100.0,0.0,98.0,5932.0,21,21,100,0,100,0,200,0,100.0,24303.0,100.0,48017626632.0,100.0,105203440103.0
2018-07-20,Z304JWP2,ST4000DM000,4000787030016,0,118,168145128,93,0,100,7,100,0,84,247711435,73,24422,100,0,100,7,100.0,0.0,100.0,0.0,100.0,0.0,100.0,0.0,100.0,0.0,79.0,21.0,100.0,0.0,100.0,0.0,98.0,5979.0,21,21,100,0,100,0,200,0,100.0,24336.0,100.0,48021984944.0,100.0,105391261956.0
2018-07-21,Z304JWP2,ST4000DM000,4000787030016,0,108,18973448,93,0,100,7,100,0,84,248569074,73,24446,100,0,100,7,100.0,0.0,100.0,0.0,100.0,0.0,100.0,0.0,100.0,0.0,78.0,22.0,100.0,0.0,100.0,0.0,98.0,5979.0,22,22,100,0,100,0,200,0,100.0,24360.0,100.0,48023794792.0,100.0,105563005718.0
2018-07-22,Z304JWP2,ST4000DM000,4000787030016,0,117,147628816,93,0,100,7,100,0,84,249229649,73,24470,100,0,100,7,100.0,0.0,100.0,0.0,100.0,0.0,100.0,0.0,100.0,0.0,78.0,22.0,100.0,0.0,100.0,0.0,98.0,5980.0,22,22,100,0,100,0,200,0,100.0,24384.0,100.0,48025886912.0,100.0,105674350328.0
2018-07-23,Z304JWP2,ST4000DM000,4000787030016,0,116,106868264,93,0,100,7,100,0,84,251896319,73,24494,100,0,100,7,100.0,0.0,100.0,0.0,100.0,0.0,100.0,0.0,100.0,0.0,78.0,22.0,100.0,0.0,100.0,0.0,98.0,5980.0,22,22,100,0,100,0,200,0,100.0,24408.0,100.0,48032074464.0,100.0,105858221088.0
2018-07-24,Z304JWP2,ST4000DM000,4000787030016,0,115,92428456,93,0,100,7,100,0,84,252868082,73,24517,100,0,100,7,100.0,0.0,100.0,0.0,100.0,0.0,100.0,0.0,100.0,0.0,78.0,22.0,100.0,0.0,100.0,0.0,98.0,5981.0,22,22,100,0,100,0,200,0,100.0,24432.0,100.0,48034017224.0,100.0,105982265217.0
2018-07-25,Z304JWP2,ST4000DM000,4000787030016,0,107.0,12866072.0,93.0,0.0,100.0,7.0,100.0,0.0,84.0,253897674.0,72.0,24541.0,100.0,0.0,100.0,7.0,100.0,0.0,100.0,0.0,100.0,0.0,100.0,0.0,100.0,0.0,79.0,21.0,100.0,0.0,100.0,0.0,98.0,5983.0,21.0,21.0,100.0,0.0,100.0,0.0,200.0,0.0,100.0,24456.0,100.0,48035899568.0,100.0,106132393826.0
2018-07-26,Z304JWP2,ST4000DM000,4000787030016,0,108,16719840,93,0,100,7,100,0,84,255388343,72,24566,100,0,100,7,100.0,0.0,100.0,0.0,100.0,0.0,100.0,0.0,100.0,0.0,78.0,22.0,100.0,0.0,100.0,0.0,97.0,6015.0,22,22,100,0,100,0,200,0,100.0,24480.0,100.0,48039870384.0,100.0,106229989510.0
2018-07-27,Z304JWP2,ST4000DM000,4000787030016,0,119,212435984,93,0,100,7,100,0,84,256532139,72,24590,100,0,100,7,100.0,0.0,100.0,0.0,100.0,0.0,100.0,0.0,100.0,0.0,78.0,22.0,100.0,0.0,100.0,0.0,97.0,6017.0,22,22,100,0,100,0,200,0,100.0,24504.0,100.0,48041539936.0,100.0,106360226632.0
2018-07-28,Z304JWP2,ST4000DM000,4000787030016,0,118,190780536,93,0,100,7,100,0,84,257245087,72,24606,100,0,100,7,100.0,0.0,100.0,0.0,100.0,0.0,100.0,0.0,100.0,0.0,79.0,21.0,100.0,0.0,100.0,0.0,97.0,6023.0,21,21,100,0,100,0,200,0,100.0,24520.0,100.0,48042412576.0,100.0,106466982582.0
2018-07-29,Z304JWP2,ST4000DM000,4000787030016,0,114,71957152,93,0,100,7,100,0,84,258356395,72,24630,100,0,100,7,100.0,0.0,100.0,0.0,100.0,0.0,100.0,0.0,100.0,0.0,79.0,21.0,100.0,0.0,100.0,0.0,97.0,6023.0,21,21,100,0,100,0,200,0,100.0,24544.0,100.0,48043859888.0,100.0,106603794050.0
2018-07-30,Z304JWP2,ST4000DM000,4000787030016,0,114,78341512,93,0,100,7,100,0,84,259210436,72,24654,100,0,100,7,100.0,0.0,100.0,0.0,100.0,0.0,100.0,0.0,100.0,0.0,79.0,21.0,100.0,0.0,100.0,0.0,97.0,6024.0,21,21,100,0,100,0,200,0,100.0,24568.0,100.0,48045251176.0,100.0,106758022049.0
2018-07-31,Z304JWP2,ST4000DM000,4000787030016,0,119,219175656,93,0,100,7,100,0,84,260877452,72,24678,100,0,100,7,100.0,0.0,100.0,0.0,100.0,0.0,100.0,0.0,100.0,0.0,79.0,21.0,100.0,0.0,100.0,0.0,97.0,6024.0,21,21,100,0,100,0,200,0,100.0,24592.0,100.0,48049637376.0,100.0,106927238370.0
2018-08-01,Z304JWP2,ST4000DM000,4000787030016,0,112,46963584,93,0,100,7,100,0,84,261536428,72,24702,100,0,100,7,100.0,0.0,100.0,0.0,100.0,0.0,100.0,0.0,100.0,0.0,79.0,21.0,100.0,0.0,100.0,0.0,97.0,6025.0,21,21,100,0,100,0,200,0,100.0,24617.0,100.0,48050910592.0,100.0,107060159368.0
2018-08-02,Z304JWP2,ST4000DM000,4000787030016,0,117,120473696,93,0,100,7,100,0,84,264145908,72,24726,100,0,100,7,100.0,0.0,100.0,0.0,100.0,0.0,100.0,0.0,100.0,0.0,78.0,22.0,100.0,0.0,100.0,0.0,97.0,6090.0,22,22,100,0,100,0,200,0,100.0,24640.0,100.0,48056751232.0,100.0,107181945368.0
2018-08-03,Z304JWP2,ST4000DM000,4000787030016,0,117,159238000,93,0,100,7,100,0,84,264851120,72,24750,100,0,100,7,100.0,0.0,100.0,0.0,100.0,0.0,100.0,0.0,100.0,0.0,79.0,21.0,100.0,0.0,100.0,0.0,97.0,6090.0,21,21,100,0,100,0,200,0,100.0,24664.0,100.0,48057924520.0,100.0,107336249220.0
2018-08-04,Z304JWP2,ST4000DM000,4000787030016,0,119,220487120,93,0,100,7,100,0,84,265201602,72,24774,100,0,100,7,100.0,0.0,100.0,0.0,100.0,0.0,100.0,0.0,100.0,0.0,79.0,21.0,100.0,0.0,100.0,0.0,97.0,6144.0,21,21,100,0,100,0,200,0,100.0,24688.0,100.0,48059643568.0,100.0,107450864260.0
2018-08-05,Z304JWP2,ST4000DM000,4000787030016,0,116,101342328,93,0,100,7,100,0,84,265639394,72,24798,100,0,100,7,100.0,0.0,100.0,0.0,100.0,0.0,100.0,0.0,100.0,0.0,79.0,21.0,100.0,0.0,100.0,0.0,97.0,6144.0,21,21,100,0,100,0,200,0,100.0,24712.0,100.0,48061792552.0,100.0,107621700462.0
2018-08-06,Z304JWP2,ST4000DM000,4000787030016,0,115,100051192,93,0,100,7,100,0,84,266024857,72,24822,100,0,100,7,100.0,0.0,100.0,0.0,100.0,0.0,100.0,0.0,100.0,0.0,79.0,21.0,100.0,0.0,100.0,0.0,97.0,6145.0,21,21,100,0,100,0,200,0,100.0,24736.0,100.0,48063613096.0,100.0,107795925949.0
2018-08-07,Z304JWP2,ST4000DM000,4000787030016,0,114,62951560,93,0,100,7,100,0,84,267394999,72,24846,100,0,100,7,100.0,0.0,100.0,0.0,100.0,0.0,100.0,0.0,100.0,0.0,79.0,21.0,100.0,0.0,100.0,0.0,97.0,6146.0,21,21,100,0,100,0,200,0,100.0,24760.0,100.0,48068709576.0,100.0,107996214775.0
2018-08-08,Z304JWP2,ST4000DM000,4000787030016,0,112,47447456,93,0,100,7,100,0,84,267763052,72,24870,100,0,100,7,100.0,0.0,100.0,0.0,100.0,0.0,100.0,0.0,100.0,0.0,78.0,22.0,100.0,0.0,100.0,0.0,97.0,6147.0,22,22,100,0,100,0,200,0,100.0,24783.0,100.0,48070547288.0,100.0,108169887329.0
2018-08-09,Z304JWP2,ST4000DM000,4000787030016,0,117,148217280,93,0,100,7,100,0,84,268609082,72,24894,100,0,100,7,100.0,0.0,100.0,0.0,100.0,0.0,100.0,0.0,100.0,0.0,79.0,21.0,100.0,0.0,100.0,0.0,97.0,6265.0,21,21,100,0,100,0,200,0,100.0,24807.0,100.0,48073008248.0,100.0,108276248070.0
2018-08-10,Z304JWP2,ST4000DM000,4000787030016,0,116,103621440,93,0,100,7,100,0,84,269128871,72,24918,100,0,100,7,100.0,0.0,100.0,0.0,100.0,0.0,100.0,0.0,100.0,0.0,78.0,22.0,100.0,0.0,100.0,0.0,97.0,6282.0,22,22,100,0,100,0,200,0,100.0,24831.0,100.0,48076103496.0,100.0,108411051598.0
2018-08-11,Z304JWP2,ST4000DM000,4000787030016,0,104,6361536,93,0,100,7,100,0,84,270026353,72,24942,100,0,100,7,100.0,0.0,100.0,0.0,100.0,0.0,100.0,0.0,100.0,0.0,79.0,21.0,100.0,0.0,100.0,0.0,97.0,6282.0,21,21,100,0,100,0,200,0,100.0,24855.0,100.0,48078146592.0,100.0,108592938043.0
2018-08-12,Z304JWP2,ST4000DM000,4000787030016,0,114,81565992,93,0,100,7,100,0,84,270904260,72,24966,100,0,100,7,100.0,0.0,100.0,0.0,100.0,0.0,100.0,0.0,100.0,0.0,79.0,21.0,100.0,0.0,100.0,0.0,97.0,6283.0,21,21,100,0,100,0,200,0,100.0,24879.0,100.0,48079864712.0,100.0,108778833177.0
2018-08-13,Z304JWP2,ST4000DM000,4000787030016,0,117,135519896,93,0,100,7,100,0,84,271749305,72,24990,100,0,100,7,100.0,0.0,100.0,0.0,100.0,0.0,100.0,0.0,100.0,0.0,79.0,21.0,100.0,0.0,100.0,0.0,97.0,6285.0,21,21,100,0,100,0,200,0,100.0,24903.0,100.0,48081611632.0,100.0,108955011547.0
2018-08-14,Z304JWP2,ST4000DM000,4000787030016,0,118.0,176599880.0,93.0,0.0,100.0,7.0,100.0,0.0,84.0,273839888.0,72.0,25015.0,100.0,0.0,100.0,7.0,100.0,0.0,100.0,0.0,100.0,0.0,100.0,0.0,100.0,0.0,79.0,21.0,100.0,0.0,100.0,0.0,97.0,6285.0,21.0,21.0,100.0,0.0,100.0,0.0,200.0,0.0,100.0,24928.0,100.0,48086546024.0,100.0,109145849989.0
2018-08-15,Z304JWP2,ST4000DM000,4000787030016,0,119.0,231381048.0,93.0,0.0,100.0,7.0,100.0,0.0,84.0,275897184.0,72.0,25030.0,100.0,0.0,100.0,7.0,100.0,0.0,100.0,0.0,100.0,0.0,100.0,0.0,100.0,0.0,78.0,22.0,100.0,0.0,100.0,0.0,97.0,6285.0,22.0,22.0,100.0,0.0,100.0,0.0,200.0,0.0,100.0,24943.0,100.0,48088754560.0,100.0,109257971702.0
2018-08-16,Z304JWP2,ST4000DM000,4000787030016,0,109,23451480,93,0,100,7,100,0,84,278002856,72,25068,100,0,100,7,100.0,0.0,100.0,0.0,100.0,0.0,100.0,0.0,100.0,0.0,78.0,22.0,100.0,0.0,100.0,0.0,97.0,6295.0,22,22,100,0,100,0,200,0,100.0,24981.0,100.0,48091592856.0,100.0,109496542208.0
2018-08-17,Z304JWP2,ST4000DM000,4000787030016,0,117,144343120,93,0,100,7,100,0,84,278795833,72,25091,100,0,100,7,100.0,0.0,100.0,0.0,100.0,0.0,100.0,0.0,100.0,0.0,78.0,22.0,100.0,0.0,100.0,0.0,97.0,6297.0,22,22,100,0,100,0,200,0,100.0,25004.0,100.0,48093161736.0,100.0,109632126282.0
2018-08-18,Z304JWP2,ST4000DM000,4000787030016,0,114,79576160,93,0,100,7,100,0,84,279469206,72,25115,100,0,100,7,100.0,0.0,100.0,0.0,100.0,0.0,100.0,0.0,100.0,0.0,78.0,22.0,100.0,0.0,100.0,0.0,97.0,6298.0,22,22,100,0,100,0,200,0,100.0,25028.0,100.0,48094826496.0,100.0,109783879681.0
2018-08-19,Z304JWP2,ST4000DM000,4000787030016,0,119,224245504,93,0,100,7,100,0,84,280186761,72,25140,100,0,100,7,100.0,0.0,100.0,0.0,100.0,0.0,100.0,0.0,100.0,0.0,78.0,22.0,100.0,0.0,100.0,0.0,97.0,6299.0,22,22,100,0,100,0,200,0,100.0,25053.0,100.0,48096577624.0,100.0,109931211423.0
2018-08-20,Z304JWP2,ST4000DM000,4000787030016,0,119,202039480,93,0,100,7,100,0,84,281428075,72,25163,100,0,100,7,100.0,0.0,100.0,0.0,100.0,0.0,100.0,0.0,100.0,0.0,78.0,22.0,100.0,0.0,100.0,0.0,97.0,6300.0,22,22,100,0,100,0,200,0,100.0,25076.0,100.0,48099152560.0,100.0,110098867777.0
2018-08-21,Z304JWP2,ST4000DM000,4000787030016,0,117,117694728,93,0,100,7,100,0,84,282921940,72,25188,100,0,100,7,100.0,0.0,100.0,0.0,100.0,0.0,100.0,0.0,100.0,0.0,78.0,22.0,100.0,0.0,100.0,0.0,97.0,6300.0,22,22,100,0,100,0,200,0,100.0,25101.0,100.0,48103065440.0,100.0,110247897735.0
2018-08-22,Z304JWP2,ST4000DM000,4000787030016,0,118,181791352,93,0,100,7,100,0,84,284273080,72,25211,100,0,100,7,100.0,0.0,100.0,0.0,100.0,0.0,100.0,0.0,100.0,0.0,78.0,22.0,100.0,0.0,100.0,0.0,97.0,6300.0,22,22,100,0,100,0,200,0,100.0,25124.0,100.0,48104737288.0,100.0,110411608209.0
2018-08-23,Z304JWP2,ST4000DM000,4000787030016,0,118,201184432,93,0,100,7,100,0,84,285650582,72,25236,100,0,100,7,100.0,0.0,100.0,0.0,100.0,0.0,100.0,0.0,100.0,0.0,78.0,22.0,100.0,0.0,100.0,0.0,97.0,6319.0,22,22,100,0,100,0,200,0,100.0,25149.0,100.0,48108849064.0,100.0,110534422300.0
2018-08-24,Z304JWP2,ST4000DM000,4000787030016,0,117,125308480,93,0,100,7,100,0,84,286382870,72,25260,100,0,100,7,100.0,0.0,100.0,0.0,100.0,0.0,100.0,0.0,100.0,0.0,78.0,22.0,100.0,0.0,100.0,0.0,97.0,6321.0,22,22,100,0,100,0,200,0,100.0,25173.0,100.0,48110189552.0,100.0,110683803928.0
2018-08-25,Z304JWP2,ST4000DM000,4000787030016,0,111,30025200,93,0,100,7,100,0,84,287399131,72,25284,100,0,100,7,100.0,0.0,100.0,0.0,100.0,0.0,100.0,0.0,100.0,0.0,78.0,22.0,100.0,0.0,100.0,0.0,97.0,6322.0,22,22,100,0,100,0,200,0,100.0,25197.0,100.0,48111813976.0,100.0,110878053756.0
2018-08-26,Z304JWP2,ST4000DM000,4000787030016,0,117,138427880,93,0,100,7,100,0,84,289423723,72,25308,100,0,100,7,100.0,0.0,100.0,0.0,100.0,0.0,100.0,0.0,100.0,0.0,78.0,22.0,100.0,0.0,100.0,0.0,97.0,6324.0,22,22,100,0,100,0,200,0,100.0,25221.0,100.0,48116902448.0,100.0,111044004468.0
2018-08-27,Z304JWP2,ST4000DM000,4000787030016,0,115,93640616,93,0,100,7,100,0,84,290994447,72,25332,100,0,100,7,100.0,0.0,100.0,0.0,100.0,0.0,100.0,0.0,100.0,0.0,78.0,22.0,100.0,0.0,100.0,0.0,97.0,6324.0,22,22,100,0,100,0,200,0,100.0,25245.0,100.0,48120554136.0,100.0,111222115644.0
2018-08-28,Z304JWP2,ST4000DM000,4000787030016,0,112,46137168,93,0,100,7,100,0,84,292449106,72,25355,100,0,100,7,100.0,0.0,100.0,0.0,100.0,0.0,100.0,0.0,100.0,0.0,78.0,22.0,100.0,0.0,100.0,0.0,97.0,6324.0,22,22,100,0,100,0,200,0,100.0,25268.0,100.0,48124391576.0,100.0,111391266719.0
2018-08-29,Z304JWP2,ST4000DM000,4000787030016,0,119,204979520,93,0,100,7,100,0,84,293088070,72,25378,100,0,100,7,100.0,0.0,100.0,0.0,100.0,0.0,100.0,0.0,100.0,0.0,78.0,22.0,100.0,0.0,100.0,0.0,97.0,6327.0,22,22,100,0,100,0,200,0,100.0,25291.0,100.0,48125662512.0,100.0,111513369718.0
2018-08-30,Z304JWP2,ST4000DM000,4000787030016,0,117,128840032,93,0,100,7,100,0,84,294503610,72,25402,100,0,100,7,100.0,0.0,100.0,0.0,100.0,0.0,100.0,0.0,100.0,0.0,78.0,22.0,100.0,0.0,100.0,0.0,97.0,6350.0,22,22,100,0,100,0,200,0,100.0,25315.0,100.0,48129826208.0,100.0,111623636023.0
2018-08-31,Z304JWP2,ST4000DM000,4000787030016,0,118,201183424,93,0,100,7,100,0,84,295332493,71,25427,100,0,100,7,100.0,0.0,100.0,0.0,100.0,0.0,100.0,0.0,100.0,0.0,78.0,22.0,100.0,0.0,100.0,0.0,97.0,6350.0,22,22,100,0,100,0,200,0,100.0,25340.0,100.0,48131215312.0,100.0,111769864227.0
2018-09-01,Z304JWP2,ST4000DM000,4000787030016,0,119,205611856,93,0,100,7,100,0,84,296011541,71,25450,100,0,100,7,100.0,0.0,100.0,0.0,100.0,0.0,100.0,0.0,100.0,0.0,78.0,22.0,100.0,0.0,100.0,0.0,97.0,6351.0,22,22,100,0,100,0,200,0,100.0,25363.0,100.0,48132813680.0,100.0,111886145866.0
2018-09-02,Z304JWP2,ST4000DM000,4000787030016,0,108,20820600,93,0,100,7,100,0,84,296952161,71,25474,100,0,100,7,100.0,0.0,100.0,0.0,100.0,0.0,100.0,0.0,100.0,0.0,78.0,22.0,100.0,0.0,100.0,0.0,97.0,6353.0,22,22,100,0,100,0,200,0,100.0,25387.0,100.0,48134632032.0,100.0,112028950651.0
2018-09-03,Z304JWP2,ST4000DM000,4000787030016,0,111,35322976,93,0,100,7,100,0,84,298023262,71,25498,100,0,100,7,100.0,0.0,100.0,0.0,100.0,0.0,100.0,0.0,100.0,0.0,78.0,22.0,100.0,0.0,100.0,0.0,97.0,6355.0,22,22,100,0,100,0,200,0,100.0,25411.0,100.0,48136550256.0,100.0,112147041739.0
2018-09-04,Z304JWP2,ST4000DM000,4000787030016,0,119,225822248,93,0,100,7,100,0,84,299808193,71,25523,100,0,100,7,100.0,0.0,100.0,0.0,100.0,0.0,100.0,0.0,100.0,0.0,78.0,22.0,100.0,0.0,100.0,0.0,97.0,6358.0,22,22,100,0,100,0,200,0,100.0,25436.0,100.0,48140748744.0,100.0,112285262432.0
2018-09-05,Z304JWP2,ST4000DM000,4000787030016,0,118,190765408,93,0,100,7,100,0,84,300765226,71,25547,100,0,100,7,100.0,0.0,100.0,0.0,100.0,0.0,100.0,0.0,100.0,0.0,78.0,22.0,100.0,0.0,100.0,0.0,97.0,6361.0,22,22,100,0,100,0,200,0,100.0,25459.0,100.0,48142088568.0,100.0,112423980316.0
2018-09-06,Z304JWP2,ST4000DM000,4000787030016,0,118,191102368,93,0,100,7,100,0,84,302493571,71,25572,100,0,100,7,100.0,0.0,100.0,0.0,100.0,0.0,100.0,0.0,100.0,0.0,78.0,22.0,100.0,0.0,100.0,0.0,97.0,6412.0,22,22,100,0,100,0,200,0,100.0,25485.0,100.0,48146076744.0,100.0,112543008123.0
2018-09-07,Z304JWP2,ST4000DM000,4000787030016,0,119,223509576,93,0,100,7,100,0,84,303431643,71,25597,100,0,100,7,100.0,0.0,100.0,0.0,100.0,0.0,100.0,0.0,100.0,0.0,78.0,22.0,100.0,0.0,100.0,0.0,97.0,6414.0,22,22,100,0,100,0,200,0,100.0,25510.0,100.0,48147449544.0,100.0,112699392170.0
2018-09-08,Z304JWP2,ST4000DM000,4000787030016,0,114,72537256,93,0,100,7,100,0,84,305649603,71,25621,100,0,100,7,100.0,0.0,100.0,0.0,100.0,0.0,100.0,0.0,100.0,0.0,78.0,22.0,100.0,0.0,100.0,0.0,97.0,6415.0,22,22,100,0,100,0,200,0,100.0,25534.0,100.0,48153982040.0,100.0,112863266548.0
2018-09-09,Z304JWP2,ST4000DM000,4000787030016,0,118,192878576,93,0,100,7,100,0,84,306326895,71,25645,100,0,100,7,100.0,0.0,100.0,0.0,100.0,0.0,100.0,0.0,100.0,0.0,78.0,22.0,100.0,0.0,100.0,0.0,97.0,6416.0,22,22,100,0,100,0,200,0,100.0,25557.0,100.0,48155210584.0,100.0,112998959247.0
2018-09-10,Z304JWP2,ST4000DM000,4000787030016,0,118,197036856,93,0,100,7,100,0,84,307389082,71,25669,100,0,100,7,100.0,0.0,100.0,0.0,100.0,0.0,100.0,0.0,100.0,0.0,78.0,22.0,100.0,0.0,100.0,0.0,97.0,6417.0,22,22,100,0,100,0,200,0,100.0,25582.0,100.0,48157275224.0,100.0,113148749118.0
2018-09-11,Z304JWP2,ST4000DM000,4000787030016,0,118,171936320,93,0,100,7,100,0,84,308575160,71,25693,100,0,100,7,100.0,0.0,100.0,0.0,100.0,0.0,100.0,0.0,100.0,0.0,78.0,22.0,100.0,0.0,100.0,0.0,97.0,6417.0,22,22,100,0,100,0,200,0,100.0,25606.0,100.0,48160744992.0,100.0,113288126392.0
2018-09-12,Z304JWP2,ST4000DM000,4000787030016,0,114,75278240,93,0,100,7,100,0,84,308957104,71,25717,100,0,100,7,100.0,0.0,100.0,0.0,100.0,0.0,100.0,0.0,100.0,0.0,78.0,22.0,100.0,0.0,100.0,0.0,97.0,6446.0,22,22,100,0,100,0,200,0,100.0,25629.0,100.0,48162610128.0,100.0,113404968294.0
2018-09-13,Z304JWP2,ST4000DM000,4000787030016,0,116,113892624,93,0,100,7,100,0,84,309873796,71,25736,100,0,100,7,100.0,0.0,100.0,0.0,100.0,0.0,100.0,0.0,100.0,0.0,78.0,22.0,100.0,0.0,100.0,0.0,97.0,6469.0,22,22,100,0,100,0,200,0,100.0,25648.0,100.0,48165494688.0,100.0,113504899509.0
2018-09-14,Z304JWP2,ST4000DM000,4000787030016,0,118,185003600,93,0,100,7,100,0,84,310313131,71,25760,100,0,100,7,100.0,0.0,100.0,0.0,100.0,0.0,100.0,0.0,100.0,0.0,75.0,25.0,100.0,0.0,100.0,0.0,97.0,6469.0,25,25,100,0,100,0,200,0,100.0,25673.0,100.0,48167607240.0,100.0,113667242340.0
2018-09-15,Z304JWP2,ST4000DM000,4000787030016,0,109,21169224,93,0,100,7,100,0,84,310790282,71,25784,100,0,100,7,100.0,0.0,100.0,0.0,100.0,0.0,100.0,0.0,100.0,0.0,75.0,25.0,100.0,0.0,100.0,0.0,97.0,6470.0,25,25,100,0,100,0,200,0,100.0,25697.0,100.0,48170766888.0,100.0,113847359406.0
2018-09-16,Z304JWP2,ST4000DM000,4000787030016,0,118,184399320,93,0,100,7,100,0,84,311509597,71,25809,100,0,100,7,100.0,0.0,100.0,0.0,100.0,0.0,100.0,0.0,100.0,0.0,75.0,25.0,100.0,0.0,100.0,0.0,97.0,6470.0,25,25,100,0,100,0,200,0,100.0,25721.0,100.0,48179482872.0,100.0,114034429182.0
2018-09-17,Z304JWP2,ST4000DM000,4000787030016,0,108,14949448,93,0,100,7,100,0,84,311911399,71,25832,100,0,100,7,100.0,0.0,100.0,0.0,100.0,0.0,100.0,0.0,100.0,0.0,75.0,25.0,100.0,0.0,100.0,0.0,97.0,6470.0,25,25,100,0,100,0,200,0,100.0,25745.0,100.0,48182228568.0,100.0,114201056580.0
2018-09-18,Z304JWP2,ST4000DM000,4000787030016,0,109,21253088,93,0,100,7,100,0,84,313220018,71,25856,100,0,100,7,100.0,0.0,100.0,0.0,100.0,0.0,100.0,0.0,100.0,0.0,77.0,23.0,100.0,0.0,100.0,0.0,97.0,6470.0,23,23,100,0,100,0,200,0,100.0,25769.0,100.0,48189811288.0,100.0,114382402225.0
2018-09-19,Z304JWP2,ST4000DM000,4000787030016,0,117,137902152,93,0,100,7,100,0,84,314275606,71,25881,100,0,100,7,100.0,0.0,100.0,0.0,100.0,0.0,100.0,0.0,100.0,0.0,77.0,23.0,100.0,0.0,100.0,0.0,97.0,6470.0,23,23,100,0,100,0,200,0,100.0,25793.0,100.0,48194787680.0,100.0,114569925418.0
2018-09-20,Z304JWP2,ST4000DM000,4000787030016,0,115,88436592,93,0,100,7,100,0,84,315916864,71,25904,100,0,100,7,100.0,0.0,100.0,0.0,100.0,0.0,100.0,0.0,100.0,0.0,77.0,23.0,100.0,0.0,100.0,0.0,97.0,6475.0,23,23,100,0,100,0,200,0,100.0,25817.0,100.0,48201742200.0,100.0,114725823438.0
2018-09-21,Z304JWP2,ST4000DM000,4000787030016,0,116,111541536,93,0,100,7,100,0,84,317267209,71,25928,100,0,100,7,100.0,0.0,100.0,0.0,100.0,0.0,100.0,0.0,100.0,0.0,77.0,23.0,100.0,0.0,100.0,0.0,97.0,6475.0,23,23,100,0,100,0,200,0,100.0,25841.0,100.0,48207655536.0,100.0,114920583854.0
2018-09-22,Z304JWP2,ST4000DM000,4000787030016,0,118,189623936,93,0,100,7,100,0,84,319443778,71,25952,100,0,100,7,100.0,0.0,100.0,0.0,100.0,0.0,100.0,0.0,100.0,0.0,77.0,23.0,100.0,0.0,100.0,0.0,97.0,6475.0,23,23,100,0,100,0,200,0,100.0,25865.0,100.0,48216726512.0,100.0,115105961987.0
2018-09-23,Z304JWP2,ST4000DM000,4000787030016,0,112,46113032,93,0,100,7,100,0,84,320742351,71,25976,100,0,100,7,100.0,0.0,100.0,0.0,100.0,0.0,100.0,0.0,100.0,0.0,77.0,23.0,100.0,0.0,100.0,0.0,97.0,6475.0,23,23,100,0,100,0,200,0,100.0,25889.0,100.0,48220773344.0,100.0,115257095720.0
2018-09-24,Z304JWP2,ST4000DM000,4000787030016,0,115,89520544,93,0,100,7,100,0,84,322038773,71,26000,100,0,100,7,100.0,0.0,100.0,0.0,100.0,0.0,100.0,0.0,100.0,0.0,76.0,24.0,100.0,0.0,100.0,0.0,97.0,6476.0,24,24,100,0,100,0,200,0,100.0,25913.0,100.0,48223822120.0,100.0,115409387937.0
2018-09-25,Z304JWP2,ST4000DM000,4000787030016,0,117,129711648,93,0,100,7,100,0,84,324222699,71,26024,100,0,100,7,100.0,0.0,100.0,0.0,100.0,0.0,100.0,0.0,100.0,0.0,77.0,23.0,100.0,0.0,100.0,0.0,97.0,6476.0,23,23,100,0,100,0,200,0,100.0,25937.0,100.0,48230657808.0,100.0,115585567569.0
2018-09-26,Z304JWP2,ST4000DM000,4000787030016,0,117,135511640,93,0,100,7,100,0,84,324796806,71,26048,100,0,100,7,100.0,0.0,100.0,0.0,100.0,0.0,100.0,0.0,100.0,0.0,77.0,23.0,100.0,0.0,100.0,0.0,97.0,6476.0,23,23,100,0,100,0,200,0,100.0,25961.0,100.0,48232869064.0,100.0,115709693011.0
2018-09-27,Z304JWP2,ST4000DM000,4000787030016,0,119,216006912,93,0,100,7,100,0,84,326271175,71,26073,100,0,100,7,100.0,0.0,100.0,0.0,100.0,0.0,100.0,0.0,100.0,0.0,77.0,23.0,100.0,0.0,100.0,0.0,97.0,6487.0,23,23,100,0,100,0,200,0,100.0,25985.0,100.0,48237654152.0,100.0,115853354799.0
2018-09-28,Z304JWP2,ST4000DM000,4000787030016,0,117,145347640,93,0,100,7,100,0,84,327220755,71,26100,100,0,100,7,100.0,0.0,100.0,0.0,100.0,0.0,100.0,0.0,100.0,0.0,77.0,23.0,100.0,0.0,100.0,0.0,97.0,6490.0,23,23,100,0,100,0,200,0,100.0,26012.0,100.0,48239691712.0,100.0,116030446726.0
2018-09-29,Z304JWP2,ST4000DM000,4000787030016,0,112,49642136,93,0,100,7,100,0,84,328187986,71,26124,100,0,100,7,100.0,0.0,100.0,0.0,100.0,0.0,100.0,0.0,100.0,0.0,77.0,23.0,100.0,0.0,100.0,0.0,97.0,6491.0,23,23,100,0,100,0,200,0,100.0,26037.0,100.0,48243407576.0,100.0,116176558214.0
2018-09-30,Z304JWP2,ST4000DM000,4000787030016,0,118,173688648,93,0,100,7,100,0,84,329716534,71,26148,100,0,100,7,100.0,0.0,100.0,0.0,100.0,0.0,100.0,0.0,100.0,0.0,76.0,24.0,100.0,0.0,100.0,0.0,97.0,6491.0,24,24,100,0,100,0,200,0,100.0,26061.0,100.0,48248034976.0,100.0,116357870891.0
2018-10-01,Z304JWP2,ST4000DM000,4000787030016,0,117,148669264,93,0,100,7,100,0,84,330728865,71,26172,100,0,100,7,100.0,0.0,100.0,0.0,100.0,0.0,100.0,0.0,100.0,0.0,77.0,23.0,100.0,0.0,100.0,0.0,97.0,6492.0,23,23,100,0,100,0,200,0,100.0,26085.0,100.0,48251853024.0,100.0,116514004582.0
2018-10-02,Z304JWP2,ST4000DM000,4000787030016,0,117,140057704,93,0,100,7,100,0,84,332225077,71,26196,100,0,100,7,100.0,0.0,100.0,0.0,100.0,0.0,100.0,0.0,100.0,0.0,77.0,23.0,100.0,0.0,100.0,0.0,97.0,6493.0,23,23,100,0,100,0,200,0,100.0,26108.0,100.0,48256620368.0,100.0,116688053732.0
2018-10-03,Z304JWP2,ST4000DM000,4000787030016,0,118,190419000,93,0,100,7,100,0,84,334466536,71,26220,100,0,100,7,100.0,0.0,100.0,0.0,100.0,0.0,100.0,0.0,100.0,0.0,77.0,23.0,100.0,0.0,100.0,0.0,97.0,6494.0,23,23,100,0,100,0,200,0,100.0,26132.0,100.0,48263200880.0,100.0,116877822812.0
2018-10-04,Z304JWP2,ST4000DM000,4000787030016,0,111.0,31248952.0,93.0,0.0,100.0,7.0,100.0,0.0,85.0,335990634.0,71.0,26244.0,100.0,0.0,100.0,7.0,100.0,0.0,100.0,0.0,100.0,0.0,100.0,0.0,100.0,0.0,77.0,23.0,100.0,0.0,100.0,0.0,97.0,6506.0,23.0,23.0,100.0,0.0,100.0,0.0,200.0,0.0,100.0,26157.0,100.0,48266025656.0,100.0,117009189331.0
2018-10-05,Z304JWP2,ST4000DM000,4000787030016,0,113,54739192,93,0,100,7,100,0,85,336995705,71,26268,100,0,100,7,100.0,0.0,100.0,0.0,100.0,0.0,100.0,0.0,100.0,0.0,77.0,23.0,100.0,0.0,100.0,0.0,97.0,6506.0,23,23,100,0,100,0,200,0,100.0,26180.0,100.0,48268003160.0,100.0,117180639373.0
2018-10-06,Z304JWP2,ST4000DM000,4000787030016,0,115,93799408,93,0,100,7,100,0,85,337819480,70,26292,100,0,100,7,100.0,0.0,100.0,0.0,100.0,0.0,100.0,0.0,100.0,0.0,76.0,24.0,100.0,0.0,100.0,0.0,97.0,6507.0,24,24,100,0,100,0,200,0,100.0,26204.0,100.0,48269953360.0,100.0,117341601407.0
2018-10-07,Z304JWP2,ST4000DM000,4000787030016,0,117,120022072,93,0,100,7,100,0,85,338425109,70,26315,100,0,100,7,100.0,0.0,100.0,0.0,100.0,0.0,100.0,0.0,100.0,0.0,77.0,23.0,100.0,0.0,100.0,0.0,97.0,6508.0,23,23,100,0,100,0,200,0,100.0,26228.0,100.0,48271557144.0,100.0,117445880266.0
2018-10-08,Z304JWP2,ST4000DM000,4000787030016,0,119,225710112,93,0,100,7,100,0,85,339801173,70,26340,100,0,100,7,100.0,0.0,100.0,0.0,100.0,0.0,100.0,0.0,100.0,0.0,77.0,23.0,100.0,0.0,100.0,0.0,97.0,6509.0,23,23,100,0,100,0,200,0,100.0,26253.0,100.0,48274397544.0,100.0,117619130371.0
2018-10-09,Z304JWP2,ST4000DM000,4000787030016,0,119.0,231112176.0,93.0,0.0,100.0,7.0,100.0,0.0,85.0,341000672.0,70.0,26364.0,100.0,0.0,100.0,7.0,100.0,0.0,100.0,0.0,100.0,0.0,100.0,0.0,100.0,0.0,77.0,23.0,100.0,0.0,100.0,0.0,97.0,6509.0,23.0,23.0,100.0,0.0,100.0,0.0,200.0,0.0,100.0,26277.0,100.0,48278493408.0,100.0,117743472545.0
2018-10-10,Z304JWP2,ST4000DM000,4000787030016,0,120,242629688,93,0,100,7,100,0,85,341913672,70,26388,100,0,100,7,100.0,0.0,100.0,0.0,100.0,0.0,100.0,0.0,100.0,0.0,77.0,23.0,100.0,0.0,100.0,0.0,97.0,6509.0,23,23,100,0,100,0,200,0,100.0,26300.0,100.0,48280402416.0,100.0,117874086259.0
2018-10-11,Z304JWP2,ST4000DM000,4000787030016,0,119,217073040,93,0,100,7,100,0,85,343371341,70,26412,100,0,100,7,100.0,0.0,100.0,0.0,100.0,0.0,100.0,0.0,100.0,0.0,77.0,23.0,100.0,0.0,100.0,0.0,97.0,6518.0,23,23,100,0,100,0,200,0,100.0,26324.0,100.0,48284596384.0,100.0,117964464904.0
2018-10-12,Z304JWP2,ST4000DM000,4000787030016,0,111,34309168,93,0,100,7,100,0,85,344486904,70,26436,100,0,100,7,100.0,0.0,100.0,0.0,100.0,0.0,100.0,0.0,100.0,0.0,77.0,23.0,100.0,0.0,100.0,0.0,97.0,6518.0,23,23,100,0,100,0,200,0,100.0,26348.0,100.0,48286155544.0,100.0,118090739358.0
2018-10-13,Z304JWP2,ST4000DM000,4000787030016,0,116,102986488,93,0,100,7,100,0,85,345375971,70,26460,100,0,100,7,100.0,0.0,100.0,0.0,100.0,0.0,100.0,0.0,100.0,0.0,77.0,23.0,100.0,0.0,100.0,0.0,97.0,6520.0,23,23,100,0,100,0,200,0,100.0,26372.0,100.0,48287786312.0,100.0,118224490441.0
2018-10-14,Z304JWP2,ST4000DM000,4000787030016,0,104,7338264,93,0,100,7,100,0,85,347145076,70,26484,100,0,100,7,100.0,0.0,100.0,0.0,100.0,0.0,100.0,0.0,100.0,0.0,77.0,23.0,100.0,0.0,100.0,0.0,97.0,6521.0,23,23,100,0,100,0,200,0,100.0,26397.0,100.0,48291953160.0,100.0,118388315045.0
2018-10-15,Z304JWP2,ST4000DM000,4000787030016,0,117,123211288,93,0,100,7,100,0,85,348954864,70,26508,100,0,100,7,100.0,0.0,100.0,0.0,100.0,0.0,100.0,0.0,100.0,0.0,77.0,23.0,100.0,0.0,100.0,0.0,97.0,6522.0,23,23,100,0,100,0,200,0,100.0,26421.0,100.0,48297900200.0,100.0,118549136742.0
2018-10-16,Z304JWP2,ST4000DM000,4000787030016,0,116,115025760,93,0,100,7,100,0,85,350095289,70,26532,100,0,100,7,100.0,0.0,100.0,0.0,100.0,0.0,100.0,0.0,100.0,0.0,77.0,23.0,100.0,0.0,100.0,0.0,97.0,6522.0,23,23,100,0,100,0,200,0,100.0,26444.0,100.0,48301980552.0,100.0,118688032846.0
2018-10-17,Z304JWP2,ST4000DM000,4000787030016,0,117,119429960,93,0,100,7,100,0,85,350878577,70,26556,100,0,100,7,100.0,0.0,100.0,0.0,100.0,0.0,100.0,0.0,100.0,0.0,77.0,23.0,100.0,0.0,100.0,0.0,97.0,6523.0,23,23,100,0,100,0,200,0,100.0,26469.0,100.0,48304396776.0,100.0,118838114132.0
2018-10-18,Z304JWP2,ST4000DM000,4000787030016,0,117,151942880,93,0,100,7,100,0,85,352125740,70,26579,100,0,100,7,100.0,0.0,100.0,0.0,100.0,0.0,100.0,0.0,100.0,0.0,77.0,23.0,100.0,0.0,100.0,0.0,97.0,6538.0,23,23,100,0,100,0,200,0,100.0,26491.0,100.0,48308557792.0,100.0,118932006500.0
2018-10-19,Z304JWP2,ST4000DM000,4000787030016,0,115,90941240,93,0,100,7,100,0,85,352527178,70,26603,100,0,100,7,100.0,0.0,100.0,0.0,100.0,0.0,100.0,0.0,100.0,0.0,76.0,24.0,100.0,0.0,100.0,0.0,97.0,6542.0,24,24,100,0,100,0,200,0,100.0,26515.0,100.0,48311206232.0,100.0,119051041501.0
2018-10-20,Z304JWP2,ST4000DM000,4000787030016,0,116,116243632,93,0,100,7,100,0,85,352995862,70,26627,100,0,100,7,100.0,0.0,100.0,0.0,100.0,0.0,100.0,0.0,100.0,0.0,77.0,23.0,100.0,0.0,100.0,0.0,97.0,6543.0,23,23,100,0,100,0,200,0,100.0,26539.0,100.0,48313702408.0,100.0,119224156329.0
2018-10-21,Z304JWP2,ST4000DM000,4000787030016,0,117,150243760,93,0,100,7,100,0,85,353389745,70,26651,100,0,100,7,100.0,0.0,100.0,0.0,100.0,0.0,100.0,0.0,100.0,0.0,77.0,23.0,100.0,0.0,100.0,0.0,97.0,6543.0,23,23,100,0,100,0,200,0,100.0,26563.0,100.0,48315604184.0,100.0,119395249293.0
2018-10-22,Z304JWP2,ST4000DM000,4000787030016,0,118,181061400,93,0,100,7,100,0,85,354014883,70,26675,100,0,100,7,100.0,0.0,100.0,0.0,100.0,0.0,100.0,0.0,100.0,0.0,77.0,23.0,100.0,0.0,100.0,0.0,97.0,6544.0,23,23,100,0,100,0,200,0,100.0,26587.0,100.0,48318342488.0,100.0,119573244958.0
2018-10-23,Z304JWP2,ST4000DM000,4000787030016,0,118,171954672,93,0,100,7,100,0,85,355146539,70,26699,100,0,100,7,100.0,0.0,100.0,0.0,100.0,0.0,100.0,0.0,100.0,0.0,77.0,23.0,100.0,0.0,100.0,0.0,97.0,6545.0,23,23,100,0,100,0,200,0,100.0,26611.0,100.0,48323534904.0,100.0,119761291300.0
2018-10-24,Z304JWP2,ST4000DM000,4000787030016,0,118,195832776,93,0,100,7,100,0,85,356697455,70,26723,100,0,100,7,100.0,0.0,100.0,0.0,100.0,0.0,100.0,0.0,100.0,0.0,77.0,23.0,100.0,0.0,100,0,97.0,6546.0,23,23,100,0,100,0,200,0,100.0,26635.0,100.0,48330253016.0,100.0,119944538409.0
2018-10-25,Z304JWP2,ST4000DM000,4000787030016,0,117,126945680,93,0,100,7,100,0,85,358135409,70,26748,100,0,100,7,100.0,0.0,100.0,0.0,100.0,0.0,100.0,0.0,100.0,0.0,77.0,23.0,100.0,0.0,100.0,0.0,97.0,6564.0,23,23,100,0,100,0,200,0,100.0,26660.0,100.0,48334922280.0,100.0,120078649413.0
2018-10-26,Z304JWP2,ST4000DM000,4000787030016,0,117,152645672,93,0,100,7,100,0,85,359048975,70,26772,100,0,100,7,100.0,0.0,100.0,0.0,100.0,0.0,100.0,0.0,100.0,0.0,77.0,23.0,100.0,0.0,100.0,0.0,97.0,6564.0,23,23,100,0,100,0,200,0,100.0,26684.0,100.0,48336796360.0,100.0,120263519483.0
2018-10-27,Z304JWP2,ST4000DM000,4000787030016,0,115,87661176,93,0,100,7,100,0,85,359937640,70,26795,100,0,100,7,100.0,0.0,100.0,0.0,100.0,0.0,100.0,0.0,100.0,0.0,77.0,23.0,100.0,0.0,100.0,0.0,97.0,6565.0,23,23,100,0,100,0,200,0,100.0,26708.0,100.0,48338907392.0,100.0,120446119604.0
2018-10-28,Z304JWP2,ST4000DM000,4000787030016,0,115,95213128,93,0,100,7,100,0,85,360935810,70,26820,100,0,100,7,100.0,0.0,100.0,0.0,100.0,0.0,100.0,0.0,100.0,0.0,77.0,23.0,100.0,0.0,100.0,0.0,97.0,6567.0,23,23,100,0,100,0,200,0,100.0,26732.0,100.0,48343236376.0,100.0,120617014442.0
2018-10-29,Z304JWP2,ST4000DM000,4000787030016,0,118,185939944,93,0,100,7,100,0,85,362508475,70,26844,100,0,100,7,100.0,0.0,100.0,0.0,100.0,0.0,100.0,0.0,100.0,0.0,77.0,23.0,100.0,0.0,100.0,0.0,97.0,6568.0,23,23,100,0,100,0,200,0,100.0,26756.0,100.0,48346211736.0,100.0,120774868863.0
2018-10-30,Z304JWP2,ST4000DM000,4000787030016,0,119,234804664,93,0,100,7,100,0,85,364253056,70,26868,100,0,100,7,100.0,0.0,100.0,0.0,100.0,0.0,100.0,0.0,100.0,0.0,77.0,23.0,100.0,0.0,100.0,0.0,97.0,6568.0,23,23,100,0,100,0,200,0,100.0,26780.0,100.0,48349986976.0,100.0,120929414888.0
2018-10-31,Z304JWP2,ST4000DM000,4000787030016,0,119,207403848,93.0,0.0,100.0,7.0,100.0,0.0,85.0,365465588.0,70,26892,100.0,0.0,100,7,100.0,0.0,100.0,0.0,100.0,0.0,100.0,0.0,100.0,0.0,76.0,24.0,100.0,0.0,100.0,0.0,97.0,6568.0,24,24,100.0,0.0,100.0,0.0,200.0,0.0,100.0,26804.0,100.0,48352547688.0,100.0,121086322832.0
2018-11-01,Z304JWP2,ST4000DM000,4000787030016,0,118,180110128,93.0,0.0,100.0,7.0,100.0,0.0,85.0,367115108.0,70,26916,100.0,0.0,100,7,100.0,0.0,100.0,0.0,100.0,0.0,100.0,0.0,100.0,0.0,75.0,25.0,100.0,0.0,100.0,0.0,97.0,6586.0,25,25,100.0,0.0,100.0,0.0,200.0,0.0,100.0,26828.0,100.0,48357906280.0,100.0,121201677951.0
2018-11-02,Z304JWP2,ST4000DM000,4000787030016,0,120,238926464,93.0,0.0,100.0,7.0,100.0,0.0,85.0,368464416.0,70,26940,100.0,0.0,100,7,100.0,0.0,100.0,0.0,100.0,0.0,100.0,0.0,100.0,0.0,76.0,24.0,100.0,0.0,100.0,0.0,97.0,6587.0,24,24,100.0,0.0,100.0,0.0,200.0,0.0,100.0,26853.0,100.0,48360597880.0,100.0,121373933402.0
2018-11-03,Z304JWP2,ST4000DM000,4000787030016,0,118,183463944,93.0,0.0,100.0,7.0,100.0,0.0,85.0,369327674.0,70,26964,100.0,0.0,100,7,100.0,0.0,100.0,0.0,100.0,0.0,100.0,0.0,100.0,0.0,76.0,24.0,100.0,0.0,100.0,0.0,97.0,6590.0,24,24,100.0,0.0,100.0,0.0,200.0,0.0,100.0,26876.0,100.0,48362900096.0,100.0,121530310340.0
2018-11-04,Z304JWP2,ST4000DM000,4000787030016,0,117,166926312,93.0,0.0,100.0,7.0,100.0,0.0,85.0,370226108.0,70,26988,100.0,0.0,100,7,100.0,0.0,100.0,0.0,100.0,0.0,100.0,0.0,100.0,0.0,76.0,24.0,100.0,0.0,100.0,0.0,97.0,6590.0,24,24,100.0,0.0,100.0,0.0,200.0,0.0,100.0,26900.0,100.0,48364699224.0,100.0,121672544414.0
2018-11-05,Z304JWP2,ST4000DM000,4000787030016,0,117,120146096,93.0,0.0,100.0,7.0,100.0,0.0,85.0,372017271.0,70,27012,100.0,0.0,100,7,100.0,0.0,100.0,0.0,100.0,0.0,100.0,0.0,100.0,0.0,76.0,24.0,100.0,0.0,100.0,0.0,97.0,6590.0,24,24,100.0,0.0,100.0,0.0,200.0,0.0,100.0,26924.0,100.0,48369269704.0,100.0,121861321914.0
2018-11-06,Z304JWP2,ST4000DM000,4000787030016,0,114.0,73482680.0,93.0,0.0,100.0,7.0,100.0,0.0,85.0,373263219.0,70.0,27036.0,100.0,0.0,100.0,7.0,100.0,0.0,100.0,0.0,100.0,0.0,100.0,0.0,100.0,0.0,76.0,24.0,100.0,0.0,100.0,0.0,97.0,6591.0,24.0,24.0,100.0,0.0,100.0,0.0,200.0,0.0,100.0,26949.0,100.0,48372985080.0,100.0,122018898174.0
2018-11-07,Z304JWP2,ST4000DM000,4000787030016,0,116.0,110118608.0,93.0,0.0,100.0,7.0,100.0,0.0,85.0,374149470.0,70.0,27060.0,100.0,0.0,100.0,7.0,100.0,0.0,100.0,0.0,100.0,0.0,100.0,0.0,100.0,0.0,76.0,24.0,100.0,0.0,100.0,0.0,97.0,6591.0,24.0,24.0,100.0,0.0,100.0,0.0,200.0,0.0,100.0,26973.0,100.0,48374714632.0,100.0,122196186611.0
2018-11-08,Z304JWP2,ST4000DM000,4000787030016,0,118.0,175569376.0,93.0,0.0,100.0,7.0,100.0,0.0,85.0,375709542.0,70.0,27084.0,100.0,0.0,100.0,7.0,100.0,0.0,100.0,0.0,100.0,0.0,100.0,0.0,100.0,0.0,77.0,23.0,100.0,0.0,100.0,0.0,97.0,6676.0,23.0,23.0,100.0,0.0,100.0,0.0,200.0,0.0,100.0,26996.0,100.0,48379988568.0,100.0,122322800484.0
2018-11-09,Z304JWP2,ST4000DM000,4000787030016,0,113,56456048,93.0,0.0,100.0,7.0,100.0,0.0,85.0,376666114.0,70,27108,100.0,0.0,100,7,100.0,0.0,100.0,0.0,100.0,0.0,100.0,0.0,100.0,0.0,77.0,23.0,100.0,0.0,100.0,0.0,97.0,6683.0,23,23,100.0,0.0,100.0,0.0,200.0,0.0,100.0,27020.0,100.0,48381669176.0,100.0,122476095747.0
2018-11-10,Z304JWP2,ST4000DM000,4000787030016,0,117,136373384,93.0,0.0,100.0,7.0,100.0,0.0,85.0,377604551.0,70,27132,100.0,0.0,100,7,100.0,0.0,100.0,0.0,100.0,0.0,100.0,0.0,100.0,0.0,77.0,23.0,100.0,0.0,100.0,0.0,97.0,6684.0,23,23,100.0,0.0,100.0,0.0,200.0,0.0,100.0,27044.0,100.0,48384055472.0,100.0,122648434523.0
2018-11-11,Z304JWP2,ST4000DM000,4000787030016,0,114,71247504,93.0,0.0,100.0,7.0,100.0,0.0,85.0,379485749.0,69,27156,100.0,0.0,100,7,100.0,0.0,100.0,0.0,100.0,0.0,100.0,0.0,100.0,0.0,77.0,23.0,100.0,0.0,100.0,0.0,97.0,6685.0,23,23,100.0,0.0,100.0,0.0,200.0,0.0,100.0,27068.0,100.0,48391112272.0,100.0,122793964308.0
2018-11-12,Z304JWP2,ST4000DM000,4000787030016,0,117,117711936,93.0,0.0,100.0,7.0,100.0,0.0,85.0,380769114.0,69,27180,100.0,0.0,100,7,100.0,0.0,100.0,0.0,100.0,0.0,100.0,0.0,100.0,0.0,77.0,23.0,100.0,0.0,100.0,0.0,97.0,6686.0,23,23,100.0,0.0,100.0,0.0,200.0,0.0,100.0,27092.0,100.0,48394608088.0,100.0,122951395783.0
2018-11-13,Z304JWP2,ST4000DM000,4000787030016,0,118,187814192,93.0,0.0,100.0,7.0,100.0,0.0,85.0,382043165.0,69,27205,100.0,0.0,100,7,100.0,0.0,100.0,0.0,100.0,0.0,100.0,0.0,100.0,0.0,77.0,23.0,100.0,0.0,100.0,0.0,97.0,6688.0,23,23,100.0,0.0,100.0,0.0,200.0,0.0,100.0,27117.0,100.0,48398521256.0,100.0,123093363822.0
2018-11-14,Z304JWP2,ST4000DM000,4000787030016,0,115,93125680,93.0,0.0,100.0,7.0,100.0,0.0,85.0,383054414.0,69,27229,100.0,0.0,100,7,100.0,0.0,100.0,0.0,100.0,0.0,100.0,0.0,100.0,0.0,76.0,24.0,100.0,0.0,100.0,0.0,97.0,6690.0,24,24,100.0,0.0,100.0,0.0,200.0,0.0,100.0,27141.0,100.0,48401048456.0,100.0,123240181155.0
2018-11-15,Z304JWP2,ST4000DM000,4000787030016,0,120,242908824,93.0,0.0,100.0,7.0,100.0,0.0,85.0,384565935.0,69,27253,100.0,0.0,100,7,100.0,0.0,100.0,0.0,100.0,0.0,100.0,0.0,100.0,0.0,76.0,24.0,100.0,0.0,100.0,0.0,97.0,6702.0,24,24,100.0,0.0,100.0,0.0,200.0,0.0,100.0,27165.0,100.0,48405438928.0,100.0,123340254129.0
2018-11-16,Z304JWP2,ST4000DM000,4000787030016,0,111,35968248,93.0,0.0,100.0,7.0,100.0,0.0,85.0,385759691.0,69,27277,100.0,0.0,100,7,100.0,0.0,100.0,0.0,100.0,0.0,100.0,0.0,100.0,0.0,76.0,24.0,100.0,0.0,100.0,0.0,97.0,6702.0,24,24,100.0,0.0,100.0,0.0,200.0,0.0,100.0,27189.0,100.0,48408592624.0,100.0,123466946218.0
2018-11-17,Z304JWP2,ST4000DM000,4000787030016,0,117.0,149714592.0,93.0,0.0,100.0,7.0,100.0,0.0,85.0,386697505.0,69.0,27297.0,100.0,0.0,100.0,7.0,100.0,0.0,100.0,0.0,100.0,0.0,100.0,0.0,100.0,0.0,76.0,24.0,100.0,0.0,100.0,0.0,97.0,6703.0,24.0,24.0,100.0,0.0,100.0,0.0,200.0,0.0,100.0,27209.0,100.0,48410574696.0,100.0,123585548544.0
2018-11-18,Z304JWP2,ST4000DM000,4000787030016,0,117,140285960,93.0,0.0,100.0,7.0,100.0,0.0,85.0,387830073.0,69,27321,100.0,0.0,100,7,100.0,0.0,100.0,0.0,100.0,0.0,100.0,0.0,100.0,0.0,76.0,24.0,100.0,0.0,100.0,0.0,97.0,6703.0,24,24,100.0,0.0,100.0,0.0,200.0,0.0,100.0,27233.0,100.0,48412612560.0,100.0,123739055116.0
2018-11-19,Z304JWP2,ST4000DM000,4000787030016,0,112,44125776,93.0,0.0,100.0,7.0,100.0,0.0,85.0,388731918.0,69,27345,100.0,0.0,100,7,100.0,0.0,100.0,0.0,100.0,0.0,100.0,0.0,100.0,0.0,76.0,24.0,100.0,0.0,100.0,0.0,97.0,6703.0,24,24,100.0,0.0,100.0,0.0,200.0,0.0,100.0,27257.0,100.0,48414414536.0,100.0,123894127145.0
2018-11-20,Z304JWP2,ST4000DM000,4000787030016,0,116,109775936,93.0,0.0,100.0,7.0,100.0,0.0,85.0,390297224.0,69,27369,100.0,0.0,100,7,100.0,0.0,100.0,0.0,100.0,0.0,100.0,0.0,100.0,0.0,76.0,24.0,100.0,0.0,100.0,0.0,97.0,6703.0,24,24,100.0,0.0,100.0,0.0,200.0,0.0,100.0,27281.0,100.0,48419697520.0,100.0,124048289414.0
2018-11-21,Z304JWP2,ST4000DM000,4000787030016,0,114,76116776,93.0,0.0,100.0,7.0,100.0,0.0,85.0,392292509.0,69,27393,100.0,0.0,100,7,100.0,0.0,100.0,0.0,100.0,0.0,100.0,0.0,100.0,0.0,76.0,24.0,100.0,0.0,100.0,0.0,97.0,6703.0,24,24,100.0,0.0,100.0,0.0,200.0,0.0,100.0,27305.0,100.0,48426025672.0,100.0,124207814471.0
2018-11-22,Z304JWP2,ST4000DM000,4000787030016,0,119,231855104,93.0,0.0,100.0,7.0,100.0,0.0,85.0,393458312.0,69,27417,100.0,0.0,100,7,100.0,0.0,100.0,0.0,100.0,0.0,100.0,0.0,100.0,0.0,76.0,24.0,100.0,0.0,100.0,0.0,97.0,6703.0,24,24,100.0,0.0,100.0,0.0,200.0,0.0,100.0,27329.0,100.0,48427514000.0,100.0,124303516442.0
2018-11-23,Z304JWP2,ST4000DM000,4000787030016,0,112,46049512,93.0,0.0,100.0,7.0,100.0,0.0,85.0,393881606.0,69,27442,100.0,0.0,100,7,100.0,0.0,100.0,0.0,100.0,0.0,100.0,0.0,100.0,0.0,76.0,24.0,100.0,0.0,100.0,0.0,97.0,6703.0,24,24,100.0,0.0,100.0,0.0,200.0,0.0,100.0,27353.0,100.0,48430112952.0,100.0,124456235291.0
2018-11-24,Z304JWP2,ST4000DM000,4000787030016,0,118,185466800,93.0,0.0,100.0,7.0,100.0,0.0,85.0,394363933.0,69,27465,100.0,0.0,100,7,100.0,0.0,100.0,0.0,100.0,0.0,100.0,0.0,100.0,0.0,76.0,24.0,100.0,0.0,100.0,0.0,97.0,6703.0,24,24,100.0,0.0,100.0,0.0,200.0,0.0,100.0,27377.0,100.0,48433562368.0,100.0,124623579665.0
2018-11-25,Z304JWP2,ST4000DM000,4000787030016,0,120,1435584,93.0,0.0,100.0,7.0,100.0,0.0,85.0,394792669.0,69,27489,100.0,0.0,100,7,100.0,0.0,100.0,0.0,100.0,0.0,100.0,0.0,100.0,0.0,76.0,24.0,100.0,0.0,100.0,0.0,97.0,6703.0,24,24,100.0,0.0,100.0,0.0,200.0,0.0,100.0,27401.0,100.0,48435764472.0,100.0,124806201589.0
2018-11-26,Z304JWP2,ST4000DM000,4000787030016,0,118,187396384,93.0,0.0,100.0,7.0,100.0,0.0,85.0,395356511.0,69,27513,100.0,0.0,100,7,100.0,0.0,100.0,0.0,100.0,0.0,100.0,0.0,100.0,0.0,76.0,24.0,100.0,0.0,100.0,0.0,97.0,6703.0,24,24,100.0,0.0,100.0,0.0,200.0,0.0,100.0,27425.0,100.0,48438657424.0,100.0,124990104939.0
2018-11-27,Z304JWP2,ST4000DM000,4000787030016,0,117,125378472,93.0,0.0,100.0,7.0,100.0,0.0,85.0,396450199.0,69,27537,100.0,0.0,100,7,100.0,0.0,100.0,0.0,100.0,0.0,100.0,0.0,100.0,0.0,76.0,24.0,100.0,0.0,100.0,0.0,97.0,6703.0,24,24,100.0,0.0,100.0,0.0,200.0,0.0,100.0,27449.0,100.0,48443190824.0,100.0,125176956975.0
2018-11-28,Z304JWP2,ST4000DM000,4000787030016,0,114,83643608,93.0,0.0,100.0,7.0,100.0,0.0,85.0,397045232.0,69,27561,100.0,0.0,100,7,100.0,0.0,100.0,0.0,100.0,0.0,100.0,0.0,100.0,0.0,76.0,24.0,100.0,0.0,100.0,0.0,97.0,6703.0,24,24,100.0,0.0,100.0,0.0,200.0,0.0,100.0,27472.0,100.0,48445731712.0,100.0,125339214804.0
2018-11-29,Z304JWP2,ST4000DM000,4000787030016,0,114,78539760,93.0,0.0,100.0,7.0,100.0,0.0,85.0,398692749.0,69,27585,100.0,0.0,100,7,100.0,0.0,100.0,0.0,100.0,0.0,100.0,0.0,100.0,0.0,76.0,24.0,100.0,0.0,100.0,0.0,97.0,6703.0,24,24,100.0,0.0,100.0,0.0,200.0,0.0,100.0,27497.0,100.0,48451184448.0,100.0,125511423381.0
2018-11-30,Z304JWP2,ST4000DM000,4000787030016,0,111,30364976,93.0,0.0,100.0,7.0,100.0,0.0,85.0,399640784.0,69,27609,100.0,0.0,100,7,100.0,0.0,100.0,0.0,100.0,0.0,100.0,0.0,100.0,0.0,76.0,24.0,100.0,0.0,100.0,0.0,97.0,6703.0,24,24,100.0,0.0,100.0,0.0,200.0,0.0,100.0,27521.0,100.0,48455396896.0,100.0,125702260366.0
2018-12-01,Z304JWP2,ST4000DM000,4000787030016,0,114,65557976,93.0,0.0,100.0,7.0,100.0,0.0,85.0,400552462.0,69,27633,100.0,0.0,100,7,100.0,0.0,100.0,0.0,100.0,0.0,100.0,0.0,100.0,0.0,77.0,23.0,100.0,0.0,100.0,0.0,97.0,6703.0,23,23,100.0,0.0,100.0,0.0,200.0,0.0,100.0,27545.0,100.0,48457461168.0,100.0,125872369212.0
2018-12-02,Z304JWP2,ST4000DM000,4000787030016,0,117,130401712,93.0,0.0,100.0,7.0,100.0,0.0,85.0,401775159.0,69,27657,100.0,0.0,100,7,100.0,0.0,100.0,0.0,100.0,0.0,100.0,0.0,100.0,0.0,77.0,23.0,100.0,0.0,100.0,0.0,97.0,6703.0,23,23,100.0,0.0,100.0,0.0,200.0,0.0,100.0,27569.0,100.0,48459992104.0,100.0,126023030467.0
2018-12-03,Z304JWP2,ST4000DM000,4000787030016,0,118,185933512,93.0,0.0,100.0,7.0,100.0,0.0,86.0,403833176.0,69,27681,100.0,0.0,100,7,100.0,0.0,100.0,0.0,100.0,0.0,100.0,0.0,100.0,0.0,77.0,23.0,100.0,0.0,100.0,0.0,97.0,6703.0,23,23,100.0,0.0,100.0,0.0,200.0,0.0,100.0,27593.0,100.0,48464605888.0,100.0,126177921611.0
2018-12-04,Z304JWP2,ST4000DM000,4000787030016,0,116,114487840,93.0,0.0,100.0,7.0,100.0,0.0,86.0,406111514.0,69,27705,100.0,0.0,100,7,100.0,0.0,100.0,0.0,100.0,0.0,100.0,0.0,100.0,0.0,77.0,23.0,100.0,0.0,100.0,0.0,97.0,6703.0,23,23,100.0,0.0,100.0,0.0,200.0,0.0,100.0,27617.0,100.0,48468617440.0,100.0,126344109427.0
2018-12-05,Z304JWP2,ST4000DM000,4000787030016,0,111.0,35696664.0,93.0,0.0,100.0,7.0,100.0,0.0,86.0,406789236.0,69.0,27729.0,100.0,0.0,100.0,7.0,100.0,0.0,100.0,0.0,100.0,0.0,100.0,0.0,100.0,0.0,77.0,23.0,100.0,0.0,100.0,0.0,97.0,6703.0,23.0,23.0,100.0,0.0,100.0,0.0,200.0,0.0,100.0,27641.0,100.0,48470908672.0,100.0,126488080217.0
2018-12-06,Z304JWP2,ST4000DM000,4000787030016,0,120,1035048,93.0,0.0,100.0,7.0,100.0,0.0,86.0,408095271.0,69,27750,100.0,0.0,100,7,100.0,0.0,100.0,0.0,100.0,0.0,100.0,0.0,100.0,0.0,77.0,23.0,100.0,0.0,100.0,0.0,97.0,6703.0,23,23,100.0,0.0,100.0,0.0,200.0,0.0,100.0,27662.0,100.0,48475267984.0,100.0,126596260898.0
2018-12-07,Z304JWP2,ST4000DM000,4000787030016,0,102,4629312,93.0,0.0,100.0,7.0,100.0,0.0,86.0,408949667.0,69,27774,100.0,0.0,100,7,100.0,0.0,100.0,0.0,100.0,0.0,100.0,0.0,100.0,0.0,77.0,23.0,100.0,0.0,100.0,0.0,97.0,6703.0,23,23,100.0,0.0,100.0,0.0,200.0,0.0,100.0,27686.0,100.0,48477252776.0,100.0,126754412442.0
2018-12-08,Z304JWP2,ST4000DM000,4000787030016,0,118,170956896,93.0,0.0,100.0,7.0,100.0,0.0,86.0,409851197.0,69,27798,100.0,0.0,100,7,100.0,0.0,100.0,0.0,100.0,0.0,100.0,0.0,100.0,0.0,77.0,23.0,100.0,0.0,100.0,0.0,97.0,6703.0,23,23,100.0,0.0,100.0,0.0,200.0,0.0,100.0,27710.0,100.0,48479610848.0,100.0,126895126158.0
2018-12-09,Z304JWP2,ST4000DM000,4000787030016,0,119,202822512,93.0,0.0,100.0,7.0,100.0,0.0,86.0,411285524.0,69,27822,100.0,0.0,100,7,100.0,0.0,100.0,0.0,100.0,0.0,100.0,0.0,100.0,0.0,77.0,23.0,100.0,0.0,100.0,0.0,97.0,6703.0,23,23,100.0,0.0,100.0,0.0,200.0,0.0,100.0,27734.0,100.0,48481974640.0,100.0,127072946934.0
2018-12-10,Z304JWP2,ST4000DM000,4000787030016,0,105,8034984,93.0,0.0,100.0,7.0,100.0,0.0,86.0,412019451.0,69,27846,100.0,0.0,100,7,100.0,0.0,100.0,0.0,100.0,0.0,100.0,0.0,100.0,0.0,77.0,23.0,100.0,0.0,100.0,0.0,97.0,6703.0,23,23,100.0,0.0,100.0,0.0,200.0,0.0,100.0,27758.0,100.0,48483948648.0,100.0,127223740216.0
2018-12-11,Z304JWP2,ST4000DM000,4000787030016,0,116,105023336,93.0,0.0,100.0,7.0,100.0,0.0,86.0,413741040.0,69,27870,100.0,0.0,100,7,100.0,0.0,100.0,0.0,100.0,0.0,100.0,0.0,100.0,0.0,77.0,23.0,100.0,0.0,100.0,0.0,97.0,6703.0,23,23,100.0,0.0,100.0,0.0,200.0,0.0,100.0,27782.0,100.0,48488400024.0,100.0,127406997791.0
2018-12-12,Z304JWP2,ST4000DM000,4000787030016,0,117,119821080,93.0,0.0,100.0,7.0,100.0,0.0,86.0,414809733.0,69,27894,100.0,0.0,100,7,100.0,0.0,100.0,0.0,100.0,0.0,100.0,0.0,100.0,0.0,76.0,24.0,100.0,0.0,100.0,0.0,97.0,6703.0,24,24,100.0,0.0,100.0,0.0,200.0,0.0,100.0,27806.0,100.0,48490770440.0,100.0,127588334158.0
2018-12-13,Z304JWP2,ST4000DM000,4000787030016,0,105,8794752,93.0,0.0,100.0,7.0,100.0,0.0,86.0,416451153.0,69,27918,100.0,0.0,100,7,100.0,0.0,100.0,0.0,100.0,0.0,100.0,0.0,100.0,0.0,77.0,23.0,100.0,0.0,100.0,0.0,97.0,6703.0,23,23,100.0,0.0,100.0,0.0,200.0,0.0,100.0,27830.0,100.0,48495227312.0,100.0,127734273485.0
2018-12-14,Z304JWP2,ST4000DM000,4000787030016,0,118,186883632,93.0,0.0,100.0,7.0,100.0,0.0,86.0,418280873.0,69,27942,100.0,0.0,100,7,100.0,0.0,100.0,0.0,100.0,0.0,100.0,0.0,100.0,0.0,77.0,23.0,100.0,0.0,100.0,0.0,97.0,6703.0,23,23,100.0,0.0,100.0,0.0,200.0,0.0,100.0,27854.0,100.0,48496892288.0,100.0,127900808718.0
2018-12-15,Z304JWP2,ST4000DM000,4000787030016,0,117,146590176,93.0,0.0,100.0,7.0,100.0,0.0,86.0,418946095.0,69,27966,100.0,0.0,100,7,100.0,0.0,100.0,0.0,100.0,0.0,100.0,0.0,100.0,0.0,77.0,23.0,100.0,0.0,100.0,0.0,97.0,6703.0,23,23,100.0,0.0,100.0,0.0,200.0,0.0,100.0,27878.0,100.0,48498540216.0,100.0,128016393697.0
2018-12-16,Z304JWP2,ST4000DM000,4000787030016,0,117,134705944,93.0,0.0,100.0,7.0,100.0,0.0,86.0,419929714.0,69,27990,100.0,0.0,100,7,100.0,0.0,100.0,0.0,100.0,0.0,100.0,0.0,100.0,0.0,77.0,23.0,100.0,0.0,100.0,0.0,97.0,6703.0,23,23,100.0,0.0,100.0,0.0,200.0,0.0,100.0,27902.0,100.0,48500867880.0,100.0,128183504639.0
2018-12-17,Z304JWP2,ST4000DM000,4000787030016,0,113,54255744,93.0,0.0,100.0,7.0,100.0,0.0,86.0,420674241.0,69,28014,100.0,0.0,100,7,100.0,0.0,100.0,0.0,100.0,0.0,100.0,0.0,100.0,0.0,77.0,23.0,100.0,0.0,100.0,0.0,97.0,6703.0,23,23,100.0,0.0,100.0,0.0,200.0,0.0,100.0,27926.0,100.0,48502882224.0,100.0,128304444087.0
2018-12-18,Z304JWP2,ST4000DM000,4000787030016,0,112,44811264,93.0,0.0,100.0,7.0,100.0,0.0,86.0,422571697.0,68,28038,100.0,0.0,100,7,100.0,0.0,100.0,0.0,100.0,0.0,100.0,0.0,100.0,0.0,77.0,23.0,100.0,0.0,100.0,0.0,97.0,6703.0,23,23,100.0,0.0,100.0,0.0,200.0,0.0,100.0,27950.0,100.0,48508088512.0,100.0,128463062161.0
2018-12-19,Z304JWP2,ST4000DM000,4000787030016,0,114,77282432,93.0,0.0,100.0,7.0,100.0,0.0,86.0,423564068.0,68,28062,100.0,0.0,100,7,100.0,0.0,100.0,0.0,100.0,0.0,100.0,0.0,100.0,0.0,77.0,23.0,100.0,0.0,100.0,0.0,97.0,6703.0,23,23,100.0,0.0,100.0,0.0,200.0,0.0,100.0,27974.0,100.0,48509934624.0,100.0,128577760015.0
2018-12-20,Z304JWP2,ST4000DM000,4000787030016,0,119,36872,93.0,0.0,100.0,7.0,100.0,0.0,86.0,425095250.0,68,28086,100.0,0.0,100,7,100.0,0.0,100.0,0.0,100.0,0.0,100.0,0.0,100.0,0.0,77.0,23.0,100.0,0.0,100.0,0.0,97.0,6703.0,23,23,100.0,0.0,100.0,0.0,200.0,0.0,100.0,27998.0,100.0,48514665976.0,100.0,128687270889.0
2018-12-21,Z304JWP2,ST4000DM000,4000787030016,0,118,201276544,93.0,0.0,100.0,7.0,100.0,0.0,86.0,426234332.0,68,28110,100.0,0.0,100,7,100.0,0.0,100.0,0.0,100.0,0.0,100.0,0.0,100.0,0.0,77.0,23.0,100.0,0.0,100.0,0.0,97.0,6703.0,23,23,100.0,0.0,100.0,0.0,200.0,0.0,100.0,28022.0,100.0,48516409584.0,100.0,128838749626.0
2018-12-22,Z304JWP2,ST4000DM000,4000787030016,0,119,2120224,93.0,0.0,100.0,7.0,100.0,0.0,86.0,427153972.0,68,28134,100.0,0.0,100,7,100.0,0.0,100.0,0.0,100.0,0.0,100.0,0.0,100.0,0.0,76.0,24.0,100.0,0.0,100.0,0.0,97.0,6703.0,24,24,100.0,0.0,100.0,0.0,200.0,0.0,100.0,28046.0,100.0,48519903256.0,100.0,128982891167.0
2018-12-23,Z304JWP2,ST4000DM000,4000787030016,0,112,48292544,93.0,0.0,100.0,7.0,100.0,0.0,86.0,428970121.0,68,28158,100.0,0.0,100,7,100.0,0.0,100.0,0.0,100.0,0.0,100.0,0.0,100.0,0.0,77.0,23.0,100.0,0.0,100.0,0.0,97.0,6703.0,23,23,100.0,0.0,100.0,0.0,200.0,0.0,100.0,28070.0,100.0,48524902368.0,100.0,129149234566.0
2018-12-24,Z304JWP2,ST4000DM000,4000787030016,0,112,45230256,93.0,0.0,100.0,7.0,100.0,0.0,86.0,429727816.0,68,28182,100.0,0.0,100,7,100.0,0.0,100.0,0.0,100.0,0.0,100.0,0.0,100.0,0.0,77.0,23.0,100.0,0.0,100.0,0.0,97.0,6703.0,23,23,100.0,0.0,100.0,0.0,200.0,0.0,100.0,28094.0,100.0,48526788920.0,100.0,129292959743.0
2018-12-25,Z304JWP2,ST4000DM000,4000787030016,0,120,1176664,93.0,0.0,100.0,7.0,100.0,0.0,86.0,431111318.0,68,28206,100.0,0.0,100,7,100.0,0.0,100.0,0.0,100.0,0.0,100.0,0.0,100.0,0.0,76.0,24.0,100.0,0.0,100.0,0.0,97.0,6703.0,24,24,100.0,0.0,100.0,0.0,200.0,0.0,100.0,28118.0,100.0,48531335640.0,100.0,129419817680.0
2018-12-26,Z304JWP2,ST4000DM000,4000787030016,0,115,100081808,93.0,0.0,100.0,7.0,100.0,0.0,86.0,431551769.0,68,28230,100.0,0.0,100,7,100.0,0.0,100.0,0.0,100.0,0.0,100.0,0.0,100.0,0.0,77.0,23.0,100.0,0.0,100.0,0.0,97.0,6703.0,23,23,100.0,0.0,100.0,0.0,200.0,0.0,100.0,28142.0,100.0,48533845696.0,100.0,129578531142.0
2018-12-27,Z304JWP2,ST4000DM000,4000787030016,0,119,233698280,93.0,0.0,100.0,7.0,100.0,0.0,86.0,432777286.0,68,28254,100.0,0.0,100,7,100.0,0.0,100.0,0.0,100.0,0.0,100.0,0.0,100.0,0.0,77.0,23.0,100.0,0.0,100.0,0.0,97.0,6703.0,23,23,100.0,0.0,100.0,0.0,200.0,0.0,100.0,28166.0,100.0,48539759072.0,100.0,129717624193.0
2018-12-28,Z304JWP2,ST4000DM000,4000787030016,0,116,107442640,93.0,0.0,100.0,7.0,100.0,0.0,86.0,433208167.0,68,28278,100.0,0.0,100,7,100.0,0.0,100.0,0.0,100.0,0.0,100.0,0.0,100.0,0.0,77.0,23.0,100.0,0.0,100.0,0.0,97.0,6703.0,23,23,100.0,0.0,100.0,0.0,200.0,0.0,100.0,28190.0,100.0,48541887560.0,100.0,129900136475.0
2018-12-29,Z304JWP2,ST4000DM000,4000787030016,0,118,190549536,93.0,0.0,100.0,7.0,100.0,0.0,86.0,433652225.0,68,28302,100.0,0.0,100,7,100.0,0.0,100.0,0.0,100.0,0.0,100.0,0.0,100.0,0.0,77.0,23.0,100.0,0.0,100.0,0.0,97.0,6703.0,23,23,100.0,0.0,100.0,0.0,200.0,0.0,100.0,28214.0,100.0,48544483584.0,100.0,130081174266.0
2018-12-30,Z304JWP2,ST4000DM000,4000787030016,0,117,158586936,93.0,0.0,100.0,7.0,100.0,0.0,86.0,433984172.0,68,28326,100.0,0.0,100,7,100.0,0.0,100.0,0.0,100.0,0.0,100.0,0.0,100.0,0.0,78.0,22.0,100.0,0.0,100.0,0.0,97.0,6703.0,22,22,100.0,0.0,100.0,0.0,200.0,0.0,100.0,28238.0,100.0,48546747312.0,100.0,130256382969.0
2018-12-31,Z304JWP2,ST4000DM000,4000787030016,0,117,147111080,93.0,0.0,100.0,7.0,100.0,0.0,86.0,434573067.0,68,28350,100.0,0.0,100,7,100.0,0.0,100.0,0.0,100.0,0.0,100.0,0.0,100.0,0.0,77.0,23.0,100.0,0.0,100.0,0.0,97.0,6703.0,23,23,100.0,0.0,100.0,0.0,200.0,0.0,100.0,28262.0,100.0,48549278072.0,100.0,130417819239.0
