2018-01-01,Z3041D5B,ST4000DM000,4000787030016,0,114,68845176,92,0,100,9,100,0,88,704244447,78,19660,100,0,100,9,100.0,0.0,100.0,0.0,100.0,0.0,100.0,0.0,100.0,0.0,75.0,25.0,100.0,0.0,100.0,0.0,90.0,20895.0,25,25,100,0,100,0,200,0,100.0,19576.0,100.0,12003295624.0,100.0,44315463904.0
2018-01-02,Z3041D5B,ST4000DM000,4000787030016,0,120,237732104,92,0,100,9,100,0,88,705008172,78,19684,100,0,100,9,100.0,0.0,100.0,0.0,100.0,0.0,100.0,0.0,100.0,0.0,74.0,26.0,100.0,0.0,100.0,0.0,90.0,20895.0,26,26,100,0,100,0,200,0,100.0,19601.0,100.0,12005665994.0,100.0,44345243862.0
2018-01-03,Z3041D5B,ST4000DM000,4000787030016,0,115,94199672,92,0,100,9,100,0,88,705734151,78,19708,100,0,100,9,100.0,0.0,100.0,0.0,100.0,0.0,100.0,0.0,100.0,0.0,74.0,26.0,100.0,0.0,100.0,0.0,90.0,20895.0,26,26,100,0,100,0,200,0,100.0,19624.0,100.0,12007721084.0,100.0,44376305494.0
2018-01-04,Z3041D5B,ST4000DM000,4000787030016,0,120,243949280,92,0,100,9,100,0,88,706485042,78,19732,100,0,100,9,100.0,0.0,100.0,0.0,100.0,0.0,100.0,0.0,100.0,0.0,75.0,25.0,100.0,0.0,100.0,0.0,90.0,20895.0,25,25,100,0,100,0,200,0,100.0,19648.0,100.0,12009867720.0,100.0,44407056229.0
2018-01-05,Z3041D5B,ST4000DM000,4000787030016,0,118.0,174112040.0,92.0,0.0,100.0,9.0,100.0,0.0,88.0,707250422.0,78.0,19756.0,100.0,0.0,100.0,9.0,100.0,0.0,100.0,0.0,100.0,0.0,100.0,0.0,100.0,0.0,75.0,25.0,100.0,0.0,100.0,0.0,90.0,20895.0,25.0,25.0,100.0,0.0,100.0,0.0,200.0,0.0,100.0,19673.0,100.0,12012014800.0,100.0,44436949487.0
2018-01-06,Z3041D5B,ST4000DM000,4000787030016,0,114,72907416,92,0,100,9,100,0,88,707995784,78,19780,100,0,100,9,100.0,0.0,100.0,0.0,100.0,0.0,100.0,0.0,100.0,0.0,75.0,25.0,100.0,0.0,100.0,0.0,90.0,20895.0,25,25,100,0,100,0,200,0,100.0,19696.0,100.0,12014270486.0,100.0,44466160648.0
2018-01-07,Z3041D5B,ST4000DM000,4000787030016,0,119,226719064,92,0,100,9,100,0,88,708744605,78,19804,100,0,100,9,100.0,0.0,100.0,0.0,100.0,0.0,100.0,0.0,100.0,0.0,75.0,25.0,100.0,0.0,100.0,0.0,90.0,20895.0,25,25,100,0,100,0,200,0,100.0,19720.0,100.0,12016372526.0,100.0,44495084499.0
2018-01-08,Z3041D5B,ST4000DM000,4000787030016,0,117,129755112,92,0,100,9,100,0,88,709488494,78,19828,100,0,100,9,100.0,0.0,100.0,0.0,100.0,0.0,100.0,0.0,100.0,0.0,74.0,26.0,100.0,0.0,100.0,0.0,90.0,20895.0,26,26,100,0,100,0,200,0,100.0,19744.0,100.0,12018504882.0,100.0,44527198359.0
2018-01-09,Z3041D5B,ST4000DM000,4000787030016,0,115,95362232,92,0,100,9,100,0,88,710258795,78,19852,100,0,100,9,100.0,0.0,100.0,0.0,100.0,0.0,100.0,0.0,100.0,0.0,75.0,25.0,100.0,0.0,100.0,0.0,90.0,20895.0,25,25,100,0,100,0,200,0,100.0,19768.0,100.0,12020730762.0,100.0,44562258555.0
2018-01-10,Z3041D5B,ST4000DM000,4000787030016,0,106,12356184,92,0,100,9,100,0,88,711010274,78,19876,100,0,100,9,100.0,0.0,100.0,0.0,100.0,0.0,100.0,0.0,100.0,0.0,75.0,25.0,100.0,0.0,100.0,0.0,90.0,20895.0,25,25,100,0,100,0,200,0,100.0,19792.0,100.0,12022901110.0,100.0,44594631037.0
2018-01-11,Z3041D5B,ST4000DM000,4000787030016,0,118,190975976,92,0,100,9,100,0,88,711450767,78,19890,100,0,100,9,100.0,0.0,100.0,0.0,100.0,0.0,100.0,0.0,100.0,0.0,75.0,25.0,100.0,0.0,100.0,0.0,90.0,20895.0,25,25,100,0,100,0,200,0,100.0,19806.0,100.0,12024151638.0,100.0,44610962202.0
2018-01-12,Z3041D5B,ST4000DM000,4000787030016,0,116,108251456,92,0,100,9,100,0,88,712200759,78,19914,100,0,100,9,100.0,0.0,100.0,0.0,100.0,0.0,100.0,0.0,100.0,0.0,75.0,25.0,100.0,0.0,100.0,0.0,90.0,20895.0,25,25,100,0,100,0,200,0,100.0,19830.0,100.0,12026285938.0,100.0,44645183603.0
2018-01-13,Z3041D5B,ST4000DM000,4000787030016,0,119.0,204695816.0,92.0,0.0,100.0,9.0,100,0,88.0,713079400.0,78,19942,100.0,0.0,100,9,100.0,0.0,100.0,0.0,100.0,0.0,100.0,0.0,100.0,0.0,73.0,27.0,100.0,0.0,100.0,0.0,90.0,20895.0,27.0,27.0,100.0,0.0,100.0,0.0,200,0,100.0,19858.0,100.0,12028771702.0,100.0,44683584939.0
2018-01-14,Z3041D5B,ST4000DM000,4000787030016,0,119.0,229221368.0,92.0,0.0,100.0,9.0,100,0,88.0,714164683.0,78,19966,100.0,0.0,100,9,100.0,0.0,100.0,0.0,100.0,0.0,100.0,0.0,100.0,0.0,73.0,27.0,100.0,0.0,100.0,0.0,90.0,20895.0,27.0,27.0,100.0,0.0,100.0,0.0,200,0,100.0,19882.0,100.0,12032089632.0,100.0,44715223221.0
2018-01-15,Z3041D5B,ST4000DM000,4000787030016,0,116.0,113084240.0,92.0,0.0,100.0,9.0,100,0,88.0,715032037.0,78,19990,100.0,0.0,100,9,100.0,0.0,100.0,0.0,100.0,0.0,100.0,0.0,100.0,0.0,73.0,27.0,100.0,0.0,100.0,0.0,90.0,20895.0,27.0,27.0,100.0,0.0,100.0,0.0,200,0,100.0,19906.0,100.0,12034425058.0,100.0,44743732368.0
2018-01-16,Z3041D5B,ST4000DM000,4000787030016,0,114.0,72947744.0,92.0,0.0,100.0,9.0,100,0,88.0,715827059.0,78,20014,100.0,0.0,100,9,100.0,0.0,100.0,0.0,100.0,0.0,100.0,0.0,100.0,0.0,72.0,28.0,100.0,0.0,100.0,0.0,90.0,20895.0,28.0,28.0,100.0,0.0,100.0,0.0,200,0,100.0,19930.0,100.0,12036779490.0,100.0,44772063892.0
2018-01-17,Z3041D5B,ST4000DM000,4000787030016,0,118.0,194033296.0,92.0,0.0,100.0,9.0,100,0,88.0,716572558.0,78,20038,100.0,0.0,100,9,100.0,0.0,100.0,0.0,100.0,0.0,100.0,0.0,100.0,0.0,74.0,26.0,100.0,0.0,100.0,0.0,90.0,20898.0,26.0,26.0,100.0,0.0,100.0,0.0,200,0,100.0,19954.0,100.0,12038863444.0,100.0,44800514411.0
2018-01-18,Z3041D5B,ST4000DM000,4000787030016,0,117.0,129730432.0,92.0,0.0,100.0,9.0,100.0,0.0,88.0,717329526.0,78.0,20061.0,100.0,0.0,100.0,9.0,100.0,0.0,100.0,0.0,100.0,0.0,100.0,0.0,100.0,0.0,73.0,27.0,100.0,0.0,100.0,0.0,90.0,20898.0,27.0,27.0,100.0,0.0,100.0,0.0,200.0,0.0,100.0,19977.0,100.0,12040997092.0,100.0,44829926528.0
2018-01-19,Z3041D5B,ST4000DM000,4000787030016,0,114.0,68720128.0,92.0,0.0,100.0,9.0,100.0,0.0,88.0,718230425.0,78.0,20085.0,100.0,0.0,100.0,9.0,100.0,0.0,100.0,0.0,100.0,0.0,100.0,0.0,100.0,0.0,73.0,27.0,100.0,0.0,100.0,0.0,90.0,20914.0,27.0,27.0,100.0,0.0,100.0,0.0,200.0,0.0,100.0,20001.0,100.0,12043480074.0,100.0,44866130372.0
2018-01-20,Z3041D5B,ST4000DM000,4000787030016,0,119.0,230817504.0,92.0,0.0,100.0,9.0,100,0,88.0,718999774.0,78,20109,100.0,0.0,100,9,100.0,0.0,100.0,0.0,100.0,0.0,100.0,0.0,100.0,0.0,74.0,26.0,100.0,0.0,100.0,0.0,90.0,20914.0,26.0,26.0,100.0,0.0,100.0,0.0,200,0,100.0,20026.0,100.0,12045759356.0,100.0,44896538394.0
2018-01-21,Z3041D5B,ST4000DM000,4000787030016,0,117.0,120546472.0,92.0,0.0,100.0,9.0,100,0,88.0,719742722.0,78,20133,100.0,0.0,100,9,100.0,0.0,100.0,0.0,100.0,0.0,100.0,0.0,100.0,0.0,73.0,27.0,100.0,0.0,100.0,0.0,90.0,20914.0,27.0,27.0,100.0,0.0,100.0,0.0,200,0,100.0,20049.0,100.0,12047884736.0,100.0,44926174224.0
2018-01-22,Z3041D5B,ST4000DM000,4000787030016,0,111.0,34166232.0,92.0,0.0,100.0,9.0,100,0,88.0,720500658.0,77,20157,100.0,0.0,100,9,100.0,0.0,100.0,0.0,100.0,0.0,100.0,0.0,100.0,0.0,73.0,27.0,100.0,0.0,100.0,0.0,90.0,20914.0,27.0,27.0,100.0,0.0,100.0,0.0,200,0,100.0,20073.0,100.0,12050217940.0,100.0,44954315342.0
2018-01-23,Z3041D5B,ST4000DM000,4000787030016,0,119.0,216295848.0,92.0,0.0,100.0,9.0,100,0,88.0,721273027.0,77,20182,100.0,0.0,100,9,100.0,0.0,100.0,0.0,100.0,0.0,100.0,0.0,100.0,0.0,73.0,27.0,100.0,0.0,100.0,0.0,90.0,20914.0,27.0,27.0,100.0,0.0,100.0,0.0,200,0,100.0,20098.0,100.0,12052424490.0,100.0,44985188959.0
2018-01-24,Z3041D5B,ST4000DM000,4000787030016,0,119.0,231339880.0,92.0,0.0,100.0,9.0,100,0,88.0,722253414.0,77,20213,100.0,0.0,100,9,100.0,0.0,100.0,0.0,100.0,0.0,100.0,0.0,100.0,0.0,73.0,27.0,100.0,0.0,100.0,0.0,90.0,20914.0,27.0,27.0,100.0,0.0,100.0,0.0,200,0,100.0,20129.0,100.0,12055310632.0,100.0,45029067649.0
2018-01-25,Z3041D5B,ST4000DM000,4000787030016,0,111.0,37150040.0,92.0,0.0,100.0,9.0,100,0,88.0,722898294.0,77,20237,100.0,0.0,100,9,100.0,0.0,100.0,0.0,100.0,0.0,100.0,0.0,100.0,0.0,73.0,27.0,100.0,0.0,100.0,0.0,90.0,20915.0,27.0,27.0,100.0,0.0,100.0,0.0,200,0,100.0,20154.0,100.0,12057235608.0,100.0,45057471255.0
2018-01-26,Z3041D5B,ST4000DM000,4000787030016,0,102.0,4394656.0,92.0,0.0,100.0,9.0,100,0,88.0,723350867.0,77,20261,100.0,0.0,100,9,100.0,0.0,100.0,0.0,100.0,0.0,100.0,0.0,100.0,0.0,73.0,27.0,100.0,0.0,100.0,0.0,90.0,20916.0,27.0,27.0,100.0,0.0,100.0,0.0,200,0,100.0,20177.0,100.0,12059206138.0,100.0,45086689737.0
2018-01-27,Z3041D5B,ST4000DM000,4000787030016,0,119.0,223014704.0,92.0,0.0,100.0,9.0,100,0,88.0,723964866.0,77,20285,100.0,0.0,100,9,100.0,0.0,100.0,0.0,100.0,0.0,100.0,0.0,100.0,0.0,73.0,27.0,100.0,0.0,100.0,0.0,90.0,20916.0,27.0,27.0,100.0,0.0,100.0,0.0,200,0,100.0,20201.0,100.0,12060831418.0,100.0,45117677463.0
2018-01-28,Z3041D5B,ST4000DM000,4000787030016,0,116.0,116230232.0,92.0,0.0,100.0,9.0,100,0,88.0,724715637.0,77,20310,100.0,0.0,100,9,100.0,0.0,100.0,0.0,100.0,0.0,100.0,0.0,100.0,0.0,73.0,27.0,100.0,0.0,100.0,0.0,90.0,20916.0,27.0,27.0,100.0,0.0,100.0,0.0,200,0,100.0,20226.0,100.0,12063037498.0,100.0,45149018187.0
2018-01-29,Z3041D5B,ST4000DM000,4000787030016,0,100.0,2690168.0,92.0,0.0,100.0,9.0,100,0,88.0,725466398.0,77,20333,100.0,0.0,100,9,100.0,0.0,100.0,0.0,100.0,0.0,100.0,0.0,100.0,0.0,73.0,27.0,100.0,0.0,100.0,0.0,90.0,20918.0,27.0,27.0,100.0,0.0,100.0,0.0,200,0,100.0,20249.0,100.0,12065130632.0,100.0,45178103233.0
2018-01-30,Z3041D5B,ST4000DM000,4000787030016,0,111.0,34767192.0,92.0,0.0,100.0,9.0,100,0,88.0,725964740.0,77,20349,100.0,0.0,100,9,100.0,0.0,100.0,0.0,100.0,0.0,100.0,0.0,100.0,0.0,73.0,27.0,100.0,0.0,100.0,0.0,90.0,20918.0,27.0,27.0,100.0,0.0,100.0,0.0,200,0,100.0,20265.0,100.0,12066550238.0,100.0,45196580145.0
2018-01-31,Z3041D5B,ST4000DM000,4000787030016,0,113.0,56696928.0,92.0,0.0,100.0,9.0,100.0,0.0,88.0,726772042.0,77.0,20372.0,100.0,0.0,100.0,9.0,100.0,0.0,100.0,0.0,100.0,0.0,100.0,0.0,100.0,0.0,73.0,27.0,100.0,0.0,100.0,0.0,90.0,20918.0,27.0,27.0,100.0,0.0,100.0,0.0,200.0,0.0,100.0,20289.0,100.0,12068837712.0,100.0,45231213764.0
2018-02-01,Z3041D5B,ST4000DM000,4000787030016,0,120.0,237446048.0,92.0,0.0,100.0,9.0,100,0,88.0,727543113.0,77,20397,100.0,0.0,100,9,100.0,0.0,100.0,0.0,100.0,0.0,100.0,0.0,100.0,0.0,73.0,27.0,100.0,0.0,100.0,0.0,90.0,20918.0,27.0,27.0,100.0,0.0,100.0,0.0,200,0,100.0,20313.0,100.0,12071032898.0,100.0,45262786358.0
2018-02-02,Z3041D5B,ST4000DM000,4000787030016,0,117.0,143064904.0,92.0,0.0,100.0,9.0,100,0,88.0,728291131.0,77,20421,100.0,0.0,100,9,100.0,0.0,100.0,0.0,100.0,0.0,100.0,0.0,100.0,0.0,73.0,27.0,100.0,0.0,100.0,0.0,90.0,20918.0,27.0,27.0,100.0,0.0,100.0,0.0,200,0,100.0,20337.0,100.0,12073250426.0,100.0,45293121466.0
2018-02-03,Z3041D5B,ST4000DM000,4000787030016,0,110.0,25536632.0,92.0,0.0,100.0,9.0,100,0,88.0,729041334.0,77,20444,100.0,0.0,100,9,100.0,0.0,100.0,0.0,100.0,0.0,100.0,0.0,100.0,0.0,72.0,28.0,100.0,0.0,100.0,0.0,90.0,20933.0,28.0,28.0,100.0,0.0,100.0,0.0,200,0,100.0,20361.0,100.0,12075338796.0,100.0,45322379156.0
2018-02-04,Z3041D5B,ST4000DM000,4000787030016,0,114.0,61223856.0,92.0,0.0,100.0,9.0,100,0,88.0,730051212.0,77,20477,100.0,0.0,100,9,100.0,0.0,100.0,0.0,100.0,0.0,100.0,0.0,100.0,0.0,73.0,27.0,100.0,0.0,100.0,0.0,90.0,20933.0,27.0,27.0,100.0,0.0,100.0,0.0,200,0,100.0,20393.0,100.0,12078198428.0,100.0,45363632927.0
2018-02-05,Z3041D5B,ST4000DM000,4000787030016,0,119.0,226159480.0,92.0,0.0,100.0,9.0,100,0,88.0,730812701.0,77,20500,100.0,0.0,100,9,100.0,0.0,100.0,0.0,100.0,0.0,100.0,0.0,100.0,0.0,73.0,27.0,100.0,0.0,100.0,0.0,90.0,20933.0,27.0,27.0,100.0,0.0,100.0,0.0,200,0,100.0,20416.0,100.0,12080338628.0,100.0,45393220070.0
2018-02-06,Z3041D5B,ST4000DM000,4000787030016,0,117.0,161320336.0,92.0,0.0,100.0,9.0,100,0,88.0,731589689.0,77,20525,100.0,0.0,100,9,100.0,0.0,100.0,0.0,100.0,0.0,100.0,0.0,100.0,0.0,73.0,27.0,100.0,0.0,100.0,0.0,90.0,20933.0,27.0,27.0,100.0,0.0,100.0,0.0,200,0,100.0,20441.0,100.0,12082547738.0,100.0,45423578379.0
2018-02-07,Z3041D5B,ST4000DM000,4000787030016,0,114.0,69000128.0,92.0,0.0,100.0,9.0,100,0,88.0,732348492.0,77,20549,100.0,0.0,100,9,100.0,0.0,100.0,0.0,100.0,0.0,100.0,0.0,100.0,0.0,73.0,27.0,100.0,0.0,100.0,0.0,90.0,20933.0,27.0,27.0,100.0,0.0,100.0,0.0,200,0,100.0,20465.0,100.0,12084869804.0,100.0,45450436778.0
2018-02-08,Z3041D5B,ST4000DM000,4000787030016,0,111.0,41839312.0,92.0,0.0,100.0,9.0,100,0,88.0,733142513.0,77,20573,100.0,0.0,100,9,100.0,0.0,100.0,0.0,100.0,0.0,100.0,0.0,100.0,0.0,72.0,28.0,100.0,0.0,100.0,0.0,90.0,20938.0,28.0,28.0,100.0,0.0,100.0,0.0,200,0,100.0,20489.0,100.0,12087129998.0,100.0,45481857453.0
2018-02-09,Z3041D5B,ST4000DM000,4000787030016,0,118,190373888,92,0,100,9,100,0,88,733900918,77,20597,100,0,100,9,100.0,0.0,100.0,0.0,100.0,0.0,100.0,0.0,100.0,0.0,73.0,27.0,100.0,0.0,100.0,0.0,90.0,20938.0,27,27,100,0,100,0,200,0,100.0,20513.0,100.0,12089292384.0,100.0,45512263887.0
2018-02-10,Z3041D5B,ST4000DM000,4000787030016,0,116.0,101138328.0,92.0,0.0,100.0,9.0,100.0,0.0,88.0,734656658.0,77.0,20621.0,100.0,0.0,100.0,9.0,100.0,0.0,100.0,0.0,100.0,0.0,100.0,0.0,100.0,0.0,72.0,28.0,100.0,0.0,100.0,0.0,90.0,20938.0,28.0,28.0,100.0,0.0,100.0,0.0,200.0,0.0,100.0,20537.0,100.0,12091618936.0,100.0,45541760079.0
2018-02-11,Z3041D5B,ST4000DM000,4000787030016,0,119,212094352,92,0,100,9,100,0,88,735391203,77,20645,100,0,100,9,100.0,0.0,100.0,0.0,100.0,0.0,100.0,0.0,100.0,0.0,72.0,28.0,100.0,0.0,100.0,0.0,90.0,20938.0,28,28,100,0,100,0,200,0,100.0,20561.0,100.0,12093714726.0,100.0,45571774907.0
2018-02-12,Z3041D5B,ST4000DM000,4000787030016,0,117,139836808,92,0,100,9,100,0,88,736162160,77,20669,100,0,100,9,100.0,0.0,100.0,0.0,100.0,0.0,100.0,0.0,100.0,0.0,72.0,28.0,100.0,0.0,100.0,0.0,90.0,20938.0,28,28,100,0,100,0,200,0,100.0,20585.0,100.0,12095887488.0,100.0,45603138317.0
2018-02-13,Z3041D5B,ST4000DM000,4000787030016,0,114,74162000,92,0,100,9,100,0,88,736921205,77,20693,100,0,100,9,100.0,0.0,100.0,0.0,100.0,0.0,100.0,0.0,100.0,0.0,73.0,27.0,100.0,0.0,100.0,0.0,90.0,20938.0,27,27,100,0,100,0,200,0,100.0,20609.0,100.0,12098041832.0,100.0,45636094516.0
2018-02-14,Z3041D5B,ST4000DM000,4000787030016,0,118,192961424,92,0,100,9,100,0,88,737649522,77,20717,100,0,100,9,100.0,0.0,100.0,0.0,100.0,0.0,100.0,0.0,100.0,0.0,74.0,26.0,100.0,0.0,100.0,0.0,90.0,20938.0,26,26,100,0,100,0,200,0,100.0,20633.0,100.0,12100093572.0,100.0,45665393851.0
2018-02-15,Z3041D5B,ST4000DM000,4000787030016,0,117,126071592,92,0,100,9,100,0,88,738407243,77,20740,100,0,100,9,100.0,0.0,100.0,0.0,100.0,0.0,100.0,0.0,100.0,0.0,74.0,26.0,100.0,0.0,100.0,0.0,90.0,20938.0,26,26,100,0,100,0,200,0,100.0,20656.0,100.0,12102430982.0,100.0,45695778476.0
2018-02-16,Z3041D5B,ST4000DM000,4000787030016,0,119,216685864,92,0,100,9,100,0,88,739149433,77,20765,100,0,100,9,100.0,0.0,100.0,0.0,100.0,0.0,100.0,0.0,100.0,0.0,74.0,26.0,100.0,0.0,100.0,0.0,90.0,20960.0,26,26,100,0,100,0,200,0,100.0,20681.0,100.0,12104500278.0,100.0,45724684467.0
2018-02-17,Z3041D5B,ST4000DM000,4000787030016,0,118,186485768,92,0,100,9,100,0,88,739936191,77,20789,100,0,100,9,100.0,0.0,100.0,0.0,100.0,0.0,100.0,0.0,100.0,0.0,74.0,26.0,100.0,0.0,100.0,0.0,90.0,20960.0,26,26,100,0,100,0,200,0,100.0,20705.0,100.0,12106816596.0,100.0,45754835607.0
2018-02-18,Z3041D5B,ST4000DM000,4000787030016,0,115,88946632,92,0,100,9,100,0,88,740690529,77,20812,100,0,100,9,100.0,0.0,100.0,0.0,100.0,0.0,100.0,0.0,100.0,0.0,73.0,27.0,100.0,0.0,100.0,0.0,90.0,20960.0,27,27,100,0,100,0,200,0,100.0,20728.0,100.0,12108950776.0,100.0,45784086418.0
2018-02-19,Z3041D5B,ST4000DM000,4000787030016,0,120,243858456,92,0,100,9,100,0,88,741453542,77,20837,100,0,100,9,100.0,0.0,100.0,0.0,100.0,0.0,100.0,0.0,100.0,0.0,73.0,27.0,100.0,0.0,100.0,0.0,90.0,20960.0,27,27,100,0,100,0,200,0,100.0,20753.0,100.0,12111170864.0,100.0,45816541747.0
2018-02-20,Z3041D5B,ST4000DM000,4000787030016,0,117,167054312,92,0,100,9,100,0,88,742223726,77,20861,100,0,100,9,100.0,0.0,100.0,0.0,100.0,0.0,100.0,0.0,100.0,0.0,74.0,26.0,100.0,0.0,100.0,0.0,90.0,20970.0,26,26,100,0,100,0,200,0,100.0,20777.0,100.0,12113324496.0,100.0,45848501283.0
2018-02-21,Z3041D5B,ST4000DM000,4000787030016,0,114,66476272,92,0,100,9,100,0,88,742970008,77,20885,100,0,100,9,100.0,0.0,100.0,0.0,100.0,0.0,100.0,0.0,100.0,0.0,73.0,27.0,100.0,0.0,100.0,0.0,90.0,20970.0,27,27,100,0,100,0,200,0,100.0,20800.0,100.0,12115415982.0,100.0,45878622560.0
2018-02-22,Z3041D5B,ST4000DM000,4000787030016,0,118,197720984,92,0,100,9,100,0,88,743721207,77,20909,100,0,100,9,100.0,0.0,100.0,0.0,100.0,0.0,100.0,0.0,100.0,0.0,73.0,27.0,100.0,0.0,100.0,0.0,90.0,20970.0,27,27,100,0,100,0,200,0,100.0,20825.0,100.0,12117572604.0,100.0,45907432216.0
2018-02-23,Z3041D5B,ST4000DM000,4000787030016,0,116,102598072,92,0,100,9,100,0,88,744474614,77,20933,100,0,100,9,100.0,0.0,100.0,0.0,100.0,0.0,100.0,0.0,100.0,0.0,73.0,27.0,100.0,0.0,100.0,0.0,90.0,20970.0,27,27,100,0,100,0,200,0,100.0,20849.0,100.0,12119712954.0,100.0,45939391228.0
2018-02-24,Z3041D5B,ST4000DM000,4000787030016,0,101,3475352,92,0,100,9,100,0,88,745222405,77,20957,100,0,100,9,100.0,0.0,100.0,0.0,100.0,0.0,100.0,0.0,100.0,0.0,73.0,27.0,100.0,0.0,100.0,0.0,90.0,20970.0,27,27,100,0,100,0,200,0,100.0,20873.0,100.0,12121893478.0,100.0,45967842799.0
2018-02-25,Z3041D5B,ST4000DM000,4000787030016,0,117,151718832,92,0,100,9,100,0,88,745977640,77,20980,100,0,100,9,100.0,0.0,100.0,0.0,100.0,0.0,100.0,0.0,100.0,0.0,73.0,27.0,100.0,0.0,100.0,0.0,90.0,20970.0,27,27,100,0,100,0,200,0,100.0,20896.0,100.0,12124017286.0,100.0,45996075884.0
2018-02-26,Z3041D5B,ST4000DM000,4000787030016,0,114,67125008,92,0,100,9,100,0,88,746742440,77,21005,100,0,100,9,100.0,0.0,100.0,0.0,100.0,0.0,100.0,0.0,100.0,0.0,73.0,27.0,100.0,0.0,100.0,0.0,90.0,20970.0,27,27,100,0,100,0,200,0,100.0,20921.0,100.0,12126195202.0,100.0,46026747123.0
2018-02-27,Z3041D5B,ST4000DM000,4000787030016,0,118,191633744,92,0,100,9,100,0,88,747483393,76,21029,100,0,100,9,100.0,0.0,100.0,0.0,100.0,0.0,100.0,0.0,100.0,0.0,73.0,27.0,100.0,0.0,100.0,0.0,90.0,20970.0,27,27,100,0,100,0,200,0,100.0,20945.0,100.0,12128421072.0,100.0,46057951344.0
2018-02-28,Z3041D5B,ST4000DM000,4000787030016,0,117,146875272,92,0,100,9,100,0,88,748256534,76,21052,100,0,100,9,100.0,0.0,100.0,0.0,100.0,0.0,100.0,0.0,100.0,0.0,75.0,25.0,100.0,0.0,100.0,0.0,90.0,20970.0,25,25,100,0,100,0,200,0,100.0,20968.0,100.0,12130601068.0,100.0,46086617304.0
2018-03-01,Z3041D5B,ST4000DM000,4000787030016,0,119,209924592,92,0,100,9,100,0,88,749224747,76,21077,100,0,100,9,100.0,0.0,100.0,0.0,100.0,0.0,100.0,0.0,100.0,0.0,74.0,26.0,100.0,0.0,100.0,0.0,90.0,20970.0,26,26,100,0,100,0,200,0,100.0,20993.0,100.0,12133358832.0,100.0,46118120265.0
2018-03-02,Z3041D5B,ST4000DM000,4000787030016,0,119,223494832,92,0,100,9,100,0,88,750045737,76,21102,100,0,100,9,100.0,0.0,100.0,0.0,100.0,0.0,100.0,0.0,100.0,0.0,73.0,27.0,100.0,0.0,100.0,0.0,90.0,20970.0,27,27,100,0,100,0,200,0,100.0,21018.0,100.0,12135654434.0,100.0,46148143126.0
2018-03-03,Z3041D5B,ST4000DM000,4000787030016,0,114,83673992,92,0,100,9,100,0,88,750773058,76,21125,100,0,100,9,100.0,0.0,100.0,0.0,100.0,0.0,100.0,0.0,100.0,0.0,74.0,26.0,100.0,0.0,100.0,0.0,90.0,20970.0,26,26,100,0,100,0,200,0,100.0,21041.0,100.0,12137725534.0,100.0,46176333408.0
2018-03-04,Z3041D5B,ST4000DM000,4000787030016,0,117,156224240,92,0,100,9,100,0,88,751486241,76,21149,100,0,100,9,100.0,0.0,100.0,0.0,100.0,0.0,100.0,0.0,100.0,0.0,74.0,26.0,100.0,0.0,100.0,0.0,90.0,20970.0,26,26,100,0,100,0,200,0,100.0,21065.0,100.0,12140090348.0,100.0,46207127144.0
2018-03-05,Z3041D5B,ST4000DM000,4000787030016,0,109,23481768,92,0,100,9,100,0,88,752224504,76,21174,100,0,100,9,100.0,0.0,100.0,0.0,100.0,0.0,100.0,0.0,100.0,0.0,75.0,25.0,100.0,0.0,100.0,0.0,90.0,20970.0,25,25,100,0,100,0,200,0,100.0,21090.0,100.0,12142182164.0,100.0,46237110830.0
2018-03-06,Z3041D5B,ST4000DM000,4000787030016,0,119,208610624,92,0,100,9,100,0,88,752794805,76,21192,100,0,100,9,100.0,0.0,100.0,0.0,100.0,0.0,100.0,0.0,100.0,0.0,74.0,26.0,100.0,0.0,100.0,0.0,90.0,20977.0,26,26,100,0,100,0,200,0,100.0,21108.0,100.0,12143733514.0,100.0,46263405289.0
2018-03-07,Z3041D5B,ST4000DM000,4000787030016,0,117.0,137602360.0,92.0,0.0,100.0,9.0,100.0,0.0,88.0,753525120.0,76.0,21216.0,100.0,0.0,100.0,9.0,100.0,0.0,100.0,0.0,100.0,0.0,100.0,0.0,100.0,0.0,74.0,26.0,100.0,0.0,100.0,0.0,90.0,20978.0,26.0,26.0,100.0,0.0,100.0,0.0,200.0,0.0,100.0,21132.0,100.0,12143849844.0,100.0,46531358001.0
2018-03-08,Z3041D5B,ST4000DM000,4000787030016,0,119,212466552,92,0,100,9,100,0,88,754487994,76,21245,100,0,100,9,100.0,0.0,100.0,0.0,100.0,0.0,100.0,0.0,100.0,0.0,74.0,26.0,100.0,0.0,100.0,0.0,90.0,20989.0,26,26,100,0,100,0,200,0,100.0,21161.0,100.0,12143992674.0,100.0,46896152144.0
2018-03-09,Z3041D5B,ST4000DM000,4000787030016,0,110,27720152,92,0,100,9,100,0,88,755317196,76,21269,100,0,100,9,100.0,0.0,100.0,0.0,100.0,0.0,100.0,0.0,100.0,0.0,73.0,27.0,100.0,0.0,100.0,0.0,90.0,20990.0,27,27,100,0,100,0,200,0,100.0,21185.0,100.0,12144108734.0,100.0,47214485285.0
2018-03-10,Z3041D5B,ST4000DM000,4000787030016,0,114,63185144,92,0,100,9,100,0,88,756208077,76,21293,100,0,100,9,100.0,0.0,100.0,0.0,100.0,0.0,100.0,0.0,100.0,0.0,73.0,27.0,100.0,0.0,100.0,0.0,90.0,20990.0,27,27,100,0,100,0,200,0,100.0,21209.0,100.0,12144228714.0,100.0,47541356601.0
2018-03-11,Z3041D5B,ST4000DM000,4000787030016,0,117,159469032,92,0,100,9,100,0,88,756993202,76,21317,100,0,100,9,100.0,0.0,100.0,0.0,100.0,0.0,100.0,0.0,100.0,0.0,72.0,28.0,100.0,0.0,100.0,0.0,90.0,20990.0,28,28,100,0,100,0,200,0,100.0,21233.0,100.0,12144344944.0,100.0,47849001315.0
2018-03-12,Z3041D5B,ST4000DM000,4000787030016,0,113,52160720,92,0,100,9,100,0,88,757442152,76,21341,100,0,100,9,100.0,0.0,100.0,0.0,100.0,0.0,100.0,0.0,100.0,0.0,72.0,28.0,100.0,0.0,100.0,0.0,90.0,21558.0,28,28,100,0,100,0,200,0,100.0,21254.0,100.0,12144461344.0,100.0,48018134216.0
2018-03-13,Z3041D5B,ST4000DM000,4000787030016,0,115,89058264,92,0,100,9,100,0,88,757996914,76,21366,100,0,100,9,100.0,0.0,100.0,0.0,100.0,0.0,100.0,0.0,100.0,0.0,72.0,28.0,100.0,0.0,100.0,0.0,90.0,21959.0,28,28,100,0,100,0,200,0,100.0,21277.0,100.0,12144581404.0,100.0,48218948422.0
2018-03-14,Z3041D5B,ST4000DM000,4000787030016,0,117,120986816,92,0,100,9,100,0,88,758779510,76,21389,100,0,100,9,100.0,0.0,100.0,0.0,100.0,0.0,100.0,0.0,100.0,0.0,75.0,25.0,100.0,0.0,100.0,0.0,90.0,21959.0,25,25,100,0,100,0,200,0,100.0,21301.0,100.0,12144697724.0,100.0,48527614767.0
2018-03-15,Z3041D5B,ST4000DM000,4000787030016,0,118,172580376,92,0,100,9,100,0,88,759590670,76,21412,100,0,100,9,100.0,0.0,100.0,0.0,100.0,0.0,100.0,0.0,100.0,0.0,74.0,26.0,100.0,0.0,100.0,0.0,90.0,21966.0,26,26,100,0,100,0,200,0,100.0,21324.0,100.0,12144810294.0,100.0,48830814222.0
2018-03-16,Z3041D5B,ST4000DM000,4000787030016,0,117.0,129673312.0,92.0,0.0,100.0,9.0,100.0,0.0,88.0,760443314.0,76.0,21436.0,100.0,0.0,100.0,9.0,100.0,0.0,100.0,0.0,100.0,0.0,100.0,0.0,100.0,0.0,73.0,27.0,100.0,0.0,100.0,0.0,90.0,21966.0,27.0,27.0,100.0,0.0,100.0,0.0,200.0,0.0,100.0,21348.0,100.0,12144926654.0,100.0,49147705961.0
2018-03-17,Z3041D5B,ST4000DM000,4000787030016,0,113,55649720,92,0,100,9,100,0,88,761395406,76,21461,100,0,100,9,100.0,0.0,100.0,0.0,100.0,0.0,100.0,0.0,100.0,0.0,74.0,26.0,100.0,0.0,100.0,0.0,90.0,21966.0,26,26,100,0,100,0,200,0,100.0,21373.0,100.0,12145046664.0,100.0,49471336811.0
2018-03-18,Z3041D5B,ST4000DM000,4000787030016,0,117,158462792,92,0,100,9,100,0,88,762227586,76,21485,100,0,100,9,100.0,0.0,100.0,0.0,100.0,0.0,100.0,0.0,100.0,0.0,74.0,26.0,100.0,0.0,100.0,0.0,90.0,21967.0,26,26,100,0,100,0,200,0,100.0,21396.0,100.0,12145162834.0,100.0,49801457427.0
2018-03-19,Z3041D5B,ST4000DM000,4000787030016,0,114,82781336,92,0,100,9,100,0,88,762335093,76,21508,100,0,100,9,100.0,0.0,100.0,0.0,100.0,0.0,100.0,0.0,100.0,0.0,74.0,26.0,100.0,0.0,100.0,0.0,89.0,23028.0,26,26,100,0,100,0,200,0,100.0,21416.0,100.0,12145279374.0,100.0,49847057996.0
2018-03-20,Z3041D5B,ST4000DM000,4000787030016,0,115,85854120,92,0,100,9,100,0,88,762821823,76,21533,100,0,100,9,100.0,0.0,100.0,0.0,100.0,0.0,100.0,0.0,100.0,0.0,73.0,27.0,100.0,0.0,100.0,0.0,89.0,23621.0,27,27,100,0,100,0,200,0,100.0,21438.0,100.0,12145399494.0,100.0,50008990682.0
2018-03-21,Z3041D5B,ST4000DM000,4000787030016,0,114,59108568,92,0,100,9,100,0,88,763632135,76,21557,100,0,100,9,100.0,0.0,100.0,0.0,100.0,0.0,100.0,0.0,100.0,0.0,71.0,29.0,100.0,0.0,100.0,0.0,89.0,23622.0,29,29,100,0,100,0,200,0,100.0,21462.0,100.0,12145515784.0,100.0,50325118407.0
2018-03-22,Z3041D5B,ST4000DM000,4000787030016,0,113,56194912,92,0,100,9,100,0,88,764546024,76,21580,100,0,100,9,100.0,0.0,100.0,0.0,100.0,0.0,100.0,0.0,100.0,0.0,70.0,30.0,100.0,0.0,100.0,0.0,89.0,23622.0,30,30,100,0,100,0,200,0,100.0,21486.0,100.0,12145631954.0,100.0,50638165454.0
2018-03-23,Z3041D5B,ST4000DM000,4000787030016,0,119,202622592,92,0,100,9,100,0,88,765422136,76,21605,100,0,100,9,100.0,0.0,100.0,0.0,100.0,0.0,100.0,0.0,100.0,0.0,71.0,29.0,100.0,0.0,100.0,0.0,89.0,23624.0,29,29,100,0,100,0,200,0,100.0,21510.0,100.0,12145751934.0,100.0,50962167523.0
2018-03-24,Z3041D5B,ST4000DM000,4000787030016,0,104,7235720,92,0,100,9,100,0,88,766263643,76,21629,100,0,100,9,100.0,0.0,100.0,0.0,100.0,0.0,100.0,0.0,100.0,0.0,70.0,30.0,100.0,0.0,100.0,0.0,89.0,23624.0,30,30,100,0,100,0,200,0,100.0,21534.0,100.0,12145868334.0,100.0,51276697906.0
2018-03-25,Z3041D5B,ST4000DM000,4000787030016,0,111,41257760,92,0,100,9,100,0,88,767106516,76,21652,100,0,100,9,100.0,0.0,100.0,0.0,100.0,0.0,100.0,0.0,100.0,0.0,71.0,29.0,100.0,0.0,100.0,0.0,89.0,23624.0,29,29,100,0,100,0,200,0,100.0,21558.0,100.0,12145984564.0,100.0,51591860289.0
2018-03-26,Z3041D5B,ST4000DM000,4000787030016,0,118,199619464,92,0,100,9,100,0,88,767306828,76,21676,100,0,100,9,100.0,0.0,100.0,0.0,100.0,0.0,100.0,0.0,100.0,0.0,71.0,29.0,100.0,0.0,100.0,0.0,88.0,24633.0,29,29,100,0,100,0,200,0,100.0,21577.0,100.0,12146101084.0,100.0,51654668286.0
2018-03-27,Z3041D5B,ST4000DM000,4000787030016,0,120,237297016,92,0,100,9,100,0,88,767393683,76,21701,100,0,100,9,100.0,0.0,100.0,0.0,100.0,0.0,100.0,0.0,100.0,0.0,71.0,29.0,100.0,0.0,100.0,0.0,88.0,25932.0,29,29,100,0,100,0,200,0,100.0,21596.0,100.0,12146221394.0,100.0,51689396806.0
2018-03-28,Z3041D5B,ST4000DM000,4000787030016,0,110,28110928,92,0,100,9,100,0,88,767477884,76,21725,100,0,100,9,100.0,0.0,100.0,0.0,100.0,0.0,100.0,0.0,100.0,0.0,72.0,28.0,100.0,0.0,100.0,0.0,87.0,27133.0,28,28,100,0,100,0,200,0,100.0,21615.0,100.0,12146337884.0,100.0,51721774422.0
2018-03-29,Z3041D5B,ST4000DM000,4000787030016,0,114,64537120,92,0,100,9,100,0,88,767562274,76,21748,100,0,100,9,100.0,0.0,100.0,0.0,100.0,0.0,100.0,0.0,100.0,0.0,72.0,28.0,100.0,0.0,100.0,0.0,86.0,28342.0,28,28,100,0,100,0,200,0,100.0,21634.0,100.0,12146454624.0,100.0,51755418030.0
2018-03-30,Z3041D5B,ST4000DM000,4000787030016,0,115,98563448,92,0,100,9,100,0,88,767646446,76,21772,100,0,100,9,100.0,0.0,100.0,0.0,100.0,0.0,100.0,0.0,100.0,0.0,72.0,28.0,100.0,0.0,100.0,0.0,86.0,29614.0,28,28,100,0,100,0,200,0,100.0,21652.0,100.0,12146571074.0,100.0,51786589630.0
2018-03-31,Z3041D5B,ST4000DM000,4000787030016,0,117,134158992,92,0,100,9,100,0,88,767730737,76,21796,100,0,100,9,100.0,0.0,100.0,0.0,100.0,0.0,100.0,0.0,100.0,0.0,71.0,29.0,100.0,0.0,100.0,0.0,85.0,30865.0,29,29,100,0,100,0,200,0,100.0,21671.0,100.0,12146687614.0,100.0,51819293526.0
2018-04-01,Z3041D5B,ST4000DM000,4000787030016,0,118,171124248,92,0,100,9,100,0,88,767817824,76,21821,100,0,100,9,100.0,0.0,100.0,0.0,100.0,0.0,100.0,0.0,100.0,0.0,72.0,28.0,100.0,0.0,100.0,0.0,84.0,32109.0,28,28,100,0,100,0,200,0,100.0,21691.0,100.0,12146807964.0,100.0,51853290406.0
2018-04-02,Z3041D5B,ST4000DM000,4000787030016,0,119,206467560,92,0,100,9,100,0,88,767902078,76,21844,100,0,100,9,100.0,0.0,100.0,0.0,100.0,0.0,100.0,0.0,100.0,0.0,72.0,28.0,100.0,0.0,100.0,0.0,84.0,33367.0,28,28,100,0,100,0,200,0,100.0,21710.0,100.0,12146924504.0,100.0,51885763910.0
2018-04-03,Z3041D5B,ST4000DM000,4000787030016,0,120,242118464,92,0,100,9,100,0,88,767986356,76,21868,100,0,100,9,100.0,0.0,100.0,0.0,100.0,0.0,100.0,0.0,100.0,0.0,72.0,28.0,100.0,0.0,100.0,0.0,83.0,34597.0,28,28,100,0,100,0,200,0,100.0,21728.0,100.0,12147041064.0,100.0,51918584358.0
2018-04-04,Z3041D5B,ST4000DM000,4000787030016,0,105,9419768,92,0,100,9,100,0,88,768016185,76,21876,100,0,100,9,100.0,0.0,100.0,0.0,100.0,0.0,100.0,0.0,100.0,0.0,73.0,27.0,100.0,0.0,100.0,0.0,83.0,35041.0,27,27,100,0,100,0,200,0,100.0,21735.0,100.0,12147082364.0,100.0,51929264358.0
