2018-01-01,Z305EM49,ST4000DM000,4000787030016,0,117,150172328,96,0,100,4,100,0,89,806591789,82,16425,100,0,100,4,100.0,0.0,100.0,0.0,100.0,0.0,100.0,0.0,100.0,0.0,69.0,31.0,100.0,0.0,100.0,0.0,99.0,3773.0,31,31,100,0,100,0,200,0,100.0,16403.0,100.0,41165396952.0,100.0,68677244213.0
2018-01-02,Z305EM49,ST4000DM000,4000787030016,0,120,238772752,96,0,100,4,100,0,89,808989698,82,16450,100,0,100,4,100.0,0.0,100.0,0.0,100.0,0.0,100.0,0.0,100.0,0.0,69.0,31.0,100.0,0.0,100.0,0.0,99.0,3773.0,31,31,100,0,100,0,200,0,100.0,16427.0,100.0,41176528040.0,100.0,68848837048.0
2018-01-03,Z305EM49,ST4000DM000,4000787030016,0,117,143382272,96,0,100,4,100,0,89,810170531,82,16473,100,0,100,4,100.0,0.0,100.0,0.0,100.0,0.0,100.0,0.0,100.0,0.0,69.0,31.0,100.0,0.0,100.0,0.0,99.0,3773.0,31,31,100,0,100,0,200,0,100.0,16451.0,100.0,41187790672.0,100.0,69006339497.0
2018-01-04,Z305EM49,ST4000DM000,4000787030016,0,118,185480256,96,0,100,4,100,0,89,810903333,82,16485,100,0,100,4,100.0,0.0,100.0,0.0,100.0,0.0,100.0,0.0,100.0,0.0,69.0,31.0,100.0,0.0,100.0,0.0,99.0,3773.0,31,31,100,0,100,0,200,0,100.0,16463.0,100.0,41193656640.0,100.0,69073272762.0
2018-01-05,Z305EM49,ST4000DM000,4000787030016,0,119.0,220919848.0,96.0,0.0,100.0,4.0,100.0,0.0,89.0,812455637.0,82.0,16513.0,100.0,0.0,100.0,4.0,100.0,0.0,100.0,0.0,100.0,0.0,100.0,0.0,100.0,0.0,69.0,31.0,100.0,0.0,100.0,0.0,99.0,3776.0,31.0,31.0,100.0,0.0,100.0,0.0,200.0,0.0,100.0,16490.0,100.0,41204909104.0,100.0,69253058276.0
2018-01-06,Z305EM49,ST4000DM000,4000787030016,0,112,45776856,96,0,100,4,100,0,89,813048319,82,16525,100,0,100,4,100.0,0.0,100.0,0.0,100.0,0.0,100.0,0.0,100.0,0.0,69.0,31.0,100.0,0.0,100.0,0.0,99.0,3776.0,31,31,100,0,100,0,200,0,100.0,16503.0,100.0,41209527336.0,100.0,69326053796.0
2018-01-07,Z305EM49,ST4000DM000,4000787030016,0,107,12696952,96,0,100,4,100,0,89,815013336,82,16561,100,0,100,4,100.0,0.0,100.0,0.0,100.0,0.0,100.0,0.0,100.0,0.0,72.0,28.0,100.0,0.0,100.0,0.0,99.0,3776.0,28,28,100,0,100,0,200,0,100.0,16538.0,100.0,41219036696.0,100.0,69576186520.0
2018-01-08,Z305EM49,ST4000DM000,4000787030016,0,118,194296576,96,0,100,4,100,0,89,815613270,82,16573,100,0,100,4,100.0,0.0,100.0,0.0,100.0,0.0,100.0,0.0,100.0,0.0,71.0,29.0,100.0,0.0,100.0,0.0,99.0,3776.0,29,29,100,0,100,0,200,0,100.0,16551.0,100.0,41220321720.0,100.0,69670144742.0
2018-01-09,Z305EM49,ST4000DM000,4000787030016,0,111,39234736,96,0,100,4,100,0,89,817584545,82,16597,100,0,100,4,100.0,0.0,100.0,0.0,100.0,0.0,100.0,0.0,100.0,0.0,71.0,29.0,100.0,0.0,100.0,0.0,99.0,3776.0,29,29,100,0,100,0,200,0,100.0,16574.0,100.0,41225505616.0,100.0,69844286936.0
2018-01-10,Z305EM49,ST4000DM000,4000787030016,0,111,32981064,96,0,100,4,100,0,89,818396223,82,16621,100,0,100,4,100.0,0.0,100.0,0.0,100.0,0.0,100.0,0.0,100.0,0.0,71.0,29.0,100.0,0.0,100.0,0.0,99.0,3776.0,29,29,100,0,100,0,200,0,100.0,16598.0,100.0,41228825088.0,100.0,70003266432.0
2018-01-11,Z305EM49,ST4000DM000,4000787030016,0,118,196382152,96,0,100,4,100,0,89,819969516,81,16655,100,0,100,4,100.0,0.0,100.0,0.0,100.0,0.0,100.0,0.0,100.0,0.0,72.0,28.0,100.0,0.0,100.0,0.0,99.0,3776.0,28,28,100,0,100,0,200,0,100.0,16633.0,100.0,41234554104.0,100.0,70207242511.0
2018-01-12,Z305EM49,ST4000DM000,4000787030016,0,111,34596888,96,0,100,4,100,0,89,821803668,81,16679,100,0,100,4,100.0,0.0,100.0,0.0,100.0,0.0,100.0,0.0,100.0,0.0,72.0,28.0,100.0,0.0,100.0,0.0,99.0,3779.0,28,28,100,0,100,0,200,0,100.0,16657.0,100.0,41236664320.0,100.0,70367095888.0
2018-01-13,Z305EM49,ST4000DM000,4000787030016,0,117.0,132791688.0,96.0,0.0,100.0,4.0,100,0,89.0,822570467.0,81,16703,100.0,0.0,100,4,100.0,0.0,100.0,0.0,100.0,0.0,100.0,0.0,100.0,0.0,71.0,29.0,100.0,0.0,100.0,0.0,99.0,3779.0,29.0,29.0,100.0,0.0,100.0,0.0,200,0,100.0,16680.0,100.0,41238626960.0,100.0,70518180764.0
2018-01-14,Z305EM49,ST4000DM000,4000787030016,0,114.0,62487320.0,96.0,0.0,100.0,4.0,100,0,89.0,822996932.0,81,16727,100.0,0.0,100,4,100.0,0.0,100.0,0.0,100.0,0.0,100.0,0.0,100.0,0.0,72.0,28.0,100.0,0.0,100.0,0.0,99.0,3809.0,28.0,28.0,100.0,0.0,100.0,0.0,200,0,100.0,16704.0,100.0,41241246104.0,100.0,70666120439.0
2018-01-15,Z305EM49,ST4000DM000,4000787030016,0,119.0,202211688.0,96.0,0.0,100.0,4.0,100,0,89.0,823540929.0,81,16751,100.0,0.0,100,4,100.0,0.0,100.0,0.0,100.0,0.0,100.0,0.0,100.0,0.0,71.0,29.0,100.0,0.0,100.0,0.0,99.0,3809.0,29.0,29.0,100.0,0.0,100.0,0.0,200,0,100.0,16729.0,100.0,41246378024.0,100.0,70857494093.0
2018-01-16,Z305EM49,ST4000DM000,4000787030016,0,109.0,23213888.0,96.0,0.0,100.0,4.0,100,0,89.0,824643770.0,81,16775,100.0,0.0,100,4,100.0,0.0,100.0,0.0,100.0,0.0,100.0,0.0,100.0,0.0,70.0,30.0,100.0,0.0,100.0,0.0,99.0,3809.0,30.0,30.0,100.0,0.0,100.0,0.0,200,0,100.0,16753.0,100.0,41252185968.0,100.0,71055668540.0
2018-01-17,Z305EM49,ST4000DM000,4000787030016,0,117.0,149831080.0,96.0,0.0,100.0,4.0,100,0,89.0,825253840.0,81,16799,100.0,0.0,100,4,100.0,0.0,100.0,0.0,100.0,0.0,100.0,0.0,100.0,0.0,71.0,29.0,100.0,0.0,100.0,0.0,99.0,3809.0,29.0,29.0,100.0,0.0,100.0,0.0,200,0,100.0,16776.0,100.0,41258215680.0,100.0,71256852553.0
2018-01-18,Z305EM49,ST4000DM000,4000787030016,0,119.0,203609008.0,96.0,0.0,100.0,4.0,100.0,0.0,89.0,826389793.0,81.0,16828.0,100.0,0.0,100.0,4.0,100.0,0.0,100.0,0.0,100.0,0.0,100.0,0.0,100.0,0.0,71.0,29.0,100.0,0.0,100.0,0.0,99.0,3809.0,29.0,29.0,100.0,0.0,100.0,0.0,200.0,0.0,100.0,16805.0,100.0,41273195088.0,100.0,71428814612.0
2018-01-19,Z305EM49,ST4000DM000,4000787030016,0,114.0,76772600.0,96.0,0.0,100.0,4.0,100.0,0.0,89.0,826936616.0,81.0,16852.0,100.0,0.0,100.0,4.0,100.0,0.0,100.0,0.0,100.0,0.0,100.0,0.0,100.0,0.0,71.0,29.0,100.0,0.0,100.0,0.0,99.0,3811.0,29.0,29.0,100.0,0.0,100.0,0.0,200.0,0.0,100.0,16829.0,100.0,41293622936.0,100.0,71574033079.0
2018-01-20,Z305EM49,ST4000DM000,4000787030016,0,117.0,132928056.0,96.0,0.0,100.0,4.0,100,0,89.0,828544819.0,81,16876,100.0,0.0,100,4,100.0,0.0,100.0,0.0,100.0,0.0,100.0,0.0,100.0,0.0,72.0,28.0,100.0,0.0,100.0,0.0,99.0,3811.0,28.0,28.0,100.0,0.0,100.0,0.0,200,0,100.0,16853.0,100.0,41308040984.0,100.0,71780787410.0
2018-01-21,Z305EM49,ST4000DM000,4000787030016,0,117.0,154768072.0,96.0,0.0,100.0,4.0,100,0,89.0,829417781.0,81,16900,100.0,0.0,100,4,100.0,0.0,100.0,0.0,100.0,0.0,100.0,0.0,100.0,0.0,71.0,29.0,100.0,0.0,100.0,0.0,99.0,3811.0,29.0,29.0,100.0,0.0,100.0,0.0,200,0,100.0,16877.0,100.0,41331834576.0,100.0,71976653370.0
2018-01-22,Z305EM49,ST4000DM000,4000787030016,0,114.0,59656720.0,96.0,0.0,100.0,4.0,100,0,89.0,830253506.0,81,16924,100.0,0.0,100,4,100.0,0.0,100.0,0.0,100.0,0.0,100.0,0.0,100.0,0.0,72.0,28.0,100.0,0.0,100.0,0.0,99.0,3811.0,28.0,28.0,100.0,0.0,100.0,0.0,200,0,100.0,16901.0,100.0,41347214728.0,100.0,72147740407.0
2018-01-23,Z305EM49,ST4000DM000,4000787030016,0,119.0,233789184.0,96.0,0.0,100.0,4.0,100,0,89.0,831813532.0,81,16948,100.0,0.0,100,4,100.0,0.0,100.0,0.0,100.0,0.0,100.0,0.0,100.0,0.0,72.0,28.0,100.0,0.0,100.0,0.0,99.0,3811.0,28.0,28.0,100.0,0.0,100.0,0.0,200,0,100.0,16925.0,100.0,41364730440.0,100.0,72328032616.0
2018-01-24,Z305EM49,ST4000DM000,4000787030016,0,114.0,61856464.0,96.0,0.0,100.0,4.0,100,0,89.0,834108166.0,81,16972,100.0,0.0,100,4,100.0,0.0,100.0,0.0,100.0,0.0,100.0,0.0,100.0,0.0,72.0,28.0,100.0,0.0,100.0,0.0,99.0,3811.0,28.0,28.0,100.0,0.0,100.0,0.0,200,0,100.0,16949.0,100.0,41388197512.0,100.0,72510284302.0
2018-01-25,Z305EM49,ST4000DM000,4000787030016,0,104.0,6497048.0,96.0,0.0,100.0,4.0,100,0,89.0,836305554.0,81,16997,100.0,0.0,100,4,100.0,0.0,100.0,0.0,100.0,0.0,100.0,0.0,100.0,0.0,71.0,29.0,100.0,0.0,100.0,0.0,99.0,3811.0,29.0,29.0,100.0,0.0,100.0,0.0,200,0,100.0,16975.0,100.0,41413692720.0,100.0,72677261022.0
2018-01-26,Z305EM49,ST4000DM000,4000787030016,0,119.0,206591664.0,96.0,0.0,100.0,4.0,100,0,89.0,837399891.0,81,17021,100.0,0.0,100,4,100.0,0.0,100.0,0.0,100.0,0.0,100.0,0.0,100.0,0.0,72.0,28.0,100.0,0.0,100.0,0.0,99.0,3813.0,28.0,28.0,100.0,0.0,100.0,0.0,200,0,100.0,16998.0,100.0,41425242864.0,100.0,72855743512.0
2018-01-27,Z305EM49,ST4000DM000,4000787030016,0,119.0,202700088.0,96.0,0.0,100.0,4.0,100,0,89.0,838666756.0,81,17045,100.0,0.0,100,4,100.0,0.0,100.0,0.0,100.0,0.0,100.0,0.0,100.0,0.0,72.0,28.0,100.0,0.0,100.0,0.0,99.0,3813.0,28.0,28.0,100.0,0.0,100.0,0.0,200,0,100.0,17022.0,100.0,41442324360.0,100.0,73051664850.0
2018-01-28,Z305EM49,ST4000DM000,4000787030016,0,118.0,191773656.0,96.0,0.0,100.0,4.0,100,0,89.0,839480806.0,81,17069,100.0,0.0,100,4,100.0,0.0,100.0,0.0,100.0,0.0,100.0,0.0,100.0,0.0,71.0,29.0,100.0,0.0,100.0,0.0,99.0,3813.0,29.0,29.0,100.0,0.0,100.0,0.0,200,0,100.0,17046.0,100.0,41455544448.0,100.0,73211092866.0
2018-01-29,Z305EM49,ST4000DM000,4000787030016,0,119.0,205438752.0,96.0,0.0,100.0,4.0,100,0,89.0,841298626.0,81,17093,100.0,0.0,100,4,100.0,0.0,100.0,0.0,100.0,0.0,100.0,0.0,100.0,0.0,72.0,28.0,100.0,0.0,100.0,0.0,99.0,3813.0,28.0,28.0,100.0,0.0,100.0,0.0,200,0,100.0,17070.0,100.0,41472077616.0,100.0,73358501887.0
2018-01-30,Z305EM49,ST4000DM000,4000787030016,0,117.0,151181888.0,96.0,0.0,100.0,4.0,100,0,89.0,842505538.0,81,17111,100.0,0.0,100,4,100.0,0.0,100.0,0.0,100.0,0.0,100.0,0.0,100.0,0.0,72.0,28.0,100.0,0.0,100.0,0.0,99.0,3813.0,28.0,28.0,100.0,0.0,100.0,0.0,200,0,100.0,17088.0,100.0,41483139592.0,100.0,73500784649.0
2018-01-31,Z305EM49,ST4000DM000,4000787030016,0,117.0,131054168.0,96.0,0.0,100.0,4.0,100.0,0.0,89.0,843362358.0,81.0,17135.0,100.0,0.0,100.0,4.0,100.0,0.0,100.0,0.0,100.0,0.0,100.0,0.0,100.0,0.0,71.0,29.0,100.0,0.0,100.0,0.0,99.0,3815.0,29.0,29.0,100.0,0.0,100.0,0.0,200.0,0.0,100.0,17112.0,100.0,41497679632.0,100.0,73651886725.0
2018-02-01,Z305EM49,ST4000DM000,4000787030016,0,117.0,155089936.0,96.0,0.0,100.0,4.0,100,0,89.0,844943965.0,81,17159,100.0,0.0,100,4,100.0,0.0,100.0,0.0,100.0,0.0,100.0,0.0,100.0,0.0,71.0,29.0,100.0,0.0,100.0,0.0,99.0,3815.0,29.0,29.0,100.0,0.0,100.0,0.0,200,0,100.0,17136.0,100.0,41524756904.0,100.0,73814252516.0
2018-02-02,Z305EM49,ST4000DM000,4000787030016,0,119.0,206058064.0,96.0,0.0,100.0,4.0,100,0,89.0,846222879.0,81,17183,100.0,0.0,100,4,100.0,0.0,100.0,0.0,100.0,0.0,100.0,0.0,100.0,0.0,71.0,29.0,100.0,0.0,100.0,0.0,99.0,3815.0,29.0,29.0,100.0,0.0,100.0,0.0,200,0,100.0,17160.0,100.0,41550765344.0,100.0,73981076084.0
2018-02-03,Z305EM49,ST4000DM000,4000787030016,0,114.0,79623760.0,96.0,0.0,100.0,4.0,100,0,89.0,847513529.0,81,17207,100.0,0.0,100,4,100.0,0.0,100.0,0.0,100.0,0.0,100.0,0.0,100.0,0.0,71.0,29.0,100.0,0.0,100.0,0.0,99.0,3815.0,29.0,29.0,100.0,0.0,100.0,0.0,200,0,100.0,17184.0,100.0,41575122232.0,100.0,74139871059.0
2018-02-04,Z305EM49,ST4000DM000,4000787030016,0,117.0,166374216.0,96.0,0.0,100.0,4.0,100,0,89.0,848929182.0,81,17239,100.0,0.0,100,4,100.0,0.0,100.0,0.0,100.0,0.0,100.0,0.0,100.0,0.0,71.0,29.0,100.0,0.0,100.0,0.0,99.0,3815.0,29.0,29.0,100.0,0.0,100.0,0.0,200,0,100.0,17216.0,100.0,41590477272.0,100.0,74352896956.0
2018-02-05,Z305EM49,ST4000DM000,4000787030016,0,114.0,78937808.0,96.0,0.0,100.0,4.0,100,0,89.0,849810869.0,81,17263,100.0,0.0,100,4,100.0,0.0,100.0,0.0,100.0,0.0,100.0,0.0,100.0,0.0,71.0,29.0,100.0,0.0,100.0,0.0,99.0,3815.0,29.0,29.0,100.0,0.0,100.0,0.0,200,0,100.0,17240.0,100.0,41603477568.0,100.0,74509311032.0
2018-02-06,Z305EM49,ST4000DM000,4000787030016,0,116.0,113584328.0,96.0,0.0,100.0,4.0,100,0,89.0,851234330.0,81,17287,100.0,0.0,100,4,100.0,0.0,100.0,0.0,100.0,0.0,100.0,0.0,100.0,0.0,71.0,29.0,100.0,0.0,100.0,0.0,99.0,3815.0,29.0,29.0,100.0,0.0,100.0,0.0,200,0,100.0,17264.0,100.0,41619339384.0,100.0,74683061079.0
2018-02-07,Z305EM49,ST4000DM000,4000787030016,0,118.0,182169736.0,96.0,0.0,100.0,4.0,100,0,89.0,852075369.0,81,17311,100.0,0.0,100,4,100.0,0.0,100.0,0.0,100.0,0.0,100.0,0.0,100.0,0.0,72.0,28.0,100.0,0.0,100.0,0.0,99.0,3815.0,28.0,28.0,100.0,0.0,100.0,0.0,200,0,100.0,17288.0,100.0,41644844120.0,100.0,74813938894.0
2018-02-08,Z305EM49,ST4000DM000,4000787030016,0,118.0,192688024.0,96.0,0.0,100.0,4.0,100,0,89.0,854384048.0,81,17332,100.0,0.0,100,4,100.0,0.0,100.0,0.0,100.0,0.0,100.0,0.0,100.0,0.0,73.0,27.0,100.0,0.0,100.0,0.0,99.0,3818.0,27.0,27.0,100.0,0.0,100.0,0.0,200,0,100.0,17309.0,100.0,41658412696.0,100.0,74948786254.0
2018-02-09,Z305EM49,ST4000DM000,4000787030016,0,116,116855976,96,0,100,4,100,0,89,855258721,81,17356,100,0,100,4,100.0,0.0,100.0,0.0,100.0,0.0,100.0,0.0,100.0,0.0,71.0,29.0,100.0,0.0,100.0,0.0,99.0,3818.0,29,29,100,0,100,0,200,0,100.0,17333.0,100.0,41670795584.0,100.0,75110689701.0
2018-02-10,Z305EM49,ST4000DM000,4000787030016,0,113.0,56801464.0,96.0,0.0,100.0,4.0,100.0,0.0,89.0,856240231.0,81.0,17380.0,100.0,0.0,100.0,4.0,100.0,0.0,100.0,0.0,100.0,0.0,100.0,0.0,100.0,0.0,69.0,31.0,100.0,0.0,100.0,0.0,99.0,3818.0,31.0,31.0,100.0,0.0,100.0,0.0,200.0,0.0,100.0,17357.0,100.0,41687450504.0,100.0,75258199220.0
2018-02-11,Z305EM49,ST4000DM000,4000787030016,0,117,167660800,96,0,100,4,100,0,89,857738574,81,17404,100,0,100,4,100.0,0.0,100.0,0.0,100.0,0.0,100.0,0.0,100.0,0.0,71.0,29.0,100.0,0.0,100.0,0.0,99.0,3818.0,29,29,100,0,100,0,200,0,100.0,17381.0,100.0,41707585528.0,100.0,75470628626.0
2018-02-12,Z305EM49,ST4000DM000,4000787030016,0,117,157579592,96,0,100,4,100,0,89,858848550,81,17428,100,0,100,4,100.0,0.0,100.0,0.0,100.0,0.0,100.0,0.0,100.0,0.0,71.0,29.0,100.0,0.0,100.0,0.0,99.0,3818.0,29,29,100,0,100,0,200,0,100.0,17405.0,100.0,41716974072.0,100.0,75689705787.0
2018-02-13,Z305EM49,ST4000DM000,4000787030016,0,117,159844488,96,0,100,4,100,0,89,860341351,81,17452,100,0,100,4,100.0,0.0,100.0,0.0,100.0,0.0,100.0,0.0,100.0,0.0,71.0,29.0,100.0,0.0,100.0,0.0,99.0,3818.0,29,29,100,0,100,0,200,0,100.0,17429.0,100.0,41730137736.0,100.0,75864361023.0
2018-02-14,Z305EM49,ST4000DM000,4000787030016,0,114,81276272,96,0,100,4,100,0,89,861486697,81,17476,100,0,100,4,100.0,0.0,100.0,0.0,100.0,0.0,100.0,0.0,100.0,0.0,71.0,29.0,100.0,0.0,100.0,0.0,99.0,3818.0,29,29,100,0,100,0,200,0,100.0,17453.0,100.0,41748547528.0,100.0,76044065519.0
2018-02-15,Z305EM49,ST4000DM000,4000787030016,0,120,243343656,96,0,100,4,100,0,89,862879386,81,17500,100,0,100,4,100.0,0.0,100.0,0.0,100.0,0.0,100.0,0.0,100.0,0.0,71.0,29.0,100.0,0.0,100.0,0.0,99.0,3818.0,29,29,100,0,100,0,200,0,100.0,17477.0,100.0,41777528064.0,100.0,76169666143.0
2018-02-16,Z305EM49,ST4000DM000,4000787030016,0,113,56534584,96,0,100,4,100,0,89,863618941,81,17516,100,0,100,4,100.0,0.0,100.0,0.0,100.0,0.0,100.0,0.0,100.0,0.0,70.0,30.0,100.0,0.0,100.0,0.0,99.0,3818.0,30,30,100,0,100,0,200,0,100.0,17493.0,100.0,41795734048.0,100.0,76275738005.0
2018-02-17,Z305EM49,ST4000DM000,4000787030016,0,111,33372272,96,0,100,4,100,0,89,864844796,80,17548,100,0,100,4,100.0,0.0,100.0,0.0,100.0,0.0,100.0,0.0,100.0,0.0,71.0,29.0,100.0,0.0,100.0,0.0,99.0,3818.0,29,29,100,0,100,0,200,0,100.0,17525.0,100.0,41813875696.0,100.0,76460368363.0
2018-02-18,Z305EM49,ST4000DM000,4000787030016,0,119,209906688,96,0,100,4,100,0,89,867063294,80,17572,100,0,100,4,100.0,0.0,100.0,0.0,100.0,0.0,100.0,0.0,100.0,0.0,71.0,29.0,100.0,0.0,100.0,0.0,99.0,3818.0,29,29,100,0,100,0,200,0,100.0,17549.0,100.0,41834469824.0,100.0,76627608602.0
2018-02-19,Z305EM49,ST4000DM000,4000787030016,0,118,174594448,96,0,100,4,100,0,89,868253997,80,17596,100,0,100,4,100.0,0.0,100.0,0.0,100.0,0.0,100.0,0.0,100.0,0.0,71.0,29.0,100.0,0.0,100.0,0.0,99.0,3818.0,29,29,100,0,100,0,200,0,100.0,17573.0,100.0,41845198920.0,100.0,76785661587.0
2018-02-20,Z305EM49,ST4000DM000,4000787030016,0,119,220855208,96,0,100,4,100,0,89,869833542,80,17612,100,0,100,4,100.0,0.0,100.0,0.0,100.0,0.0,100.0,0.0,100.0,0.0,70.0,30.0,100.0,0.0,100.0,0.0,99.0,3818.0,30,30,100,0,100,0,200,0,100.0,17589.0,100.0,41857903792.0,100.0,76910069031.0
2018-02-21,Z305EM49,ST4000DM000,4000787030016,0,114,71494248,96,0,100,4,100,0,89,871705215,80,17644,100,0,100,4,100.0,0.0,100.0,0.0,100.0,0.0,100.0,0.0,100.0,0.0,71.0,29.0,100.0,0.0,100.0,0.0,99.0,3818.0,29,29,100,0,100,0,200,0,100.0,17621.0,100.0,41881268320.0,100.0,77127331045.0
2018-02-22,Z305EM49,ST4000DM000,4000787030016,0,119,203139688,96,0,100,4,100,0,89,873255873,80,17671,100,0,100,4,100.0,0.0,100.0,0.0,100.0,0.0,100.0,0.0,100.0,0.0,70.0,30.0,100.0,0.0,100.0,0.0,99.0,3821.0,30,30,100,0,100,0,200,0,100.0,17648.0,100.0,41899801320.0,100.0,77286805461.0
2018-02-23,Z305EM49,ST4000DM000,4000787030016,0,119,215917696,96,0,100,4,100,0,89,874147412,80,17695,100,0,100,4,100.0,0.0,100.0,0.0,100.0,0.0,100.0,0.0,100.0,0.0,70.0,30.0,100.0,0.0,100.0,0.0,99.0,3821.0,30,30,100,0,100,0,200,0,100.0,17672.0,100.0,41910969688.0,100.0,77431922103.0
2018-02-24,Z305EM49,ST4000DM000,4000787030016,0,113,57215560,96,0,100,4,100,0,89,875586641,80,17720,100,0,100,4,100.0,0.0,100.0,0.0,100.0,0.0,100.0,0.0,100.0,0.0,70.0,30.0,100.0,0.0,100.0,0.0,99.0,3821.0,30,30,100,0,100,0,200,0,100.0,17697.0,100.0,41933394088.0,100.0,77601431165.0
2018-02-25,Z305EM49,ST4000DM000,4000787030016,0,102,3766496,96,0,100,4,100,0,89,876604245,80,17744,100,0,100,4,100.0,0.0,100.0,0.0,100.0,0.0,100.0,0.0,100.0,0.0,70.0,30.0,100.0,0.0,100.0,0.0,99.0,3821.0,30,30,100,0,100,0,200,0,100.0,17721.0,100.0,41958464096.0,100.0,77753714482.0
2018-02-26,Z305EM49,ST4000DM000,4000787030016,0,115,89534064,96,0,100,4,100,0,89,877592012,80,17767,100,0,100,4,100.0,0.0,100.0,0.0,100.0,0.0,100.0,0.0,100.0,0.0,70.0,30.0,100.0,0.0,100.0,0.0,99.0,3821.0,30,30,100,0,100,0,200,0,100.0,17744.0,100.0,41971033832.0,100.0,77908753540.0
2018-02-27,Z305EM49,ST4000DM000,4000787030016,0,113,51399880,96,0,100,4,100,0,89,879039672,80,17791,100,0,100,4,100.0,0.0,100.0,0.0,100.0,0.0,100.0,0.0,100.0,0.0,70.0,30.0,100.0,0.0,100.0,0.0,99.0,3821.0,30,30,100,0,100,0,200,0,100.0,17768.0,100.0,41990422232.0,100.0,78079372357.0
2018-02-28,Z305EM49,ST4000DM000,4000787030016,0,119,226412944,96,0,100,4,100,0,89,879881295,80,17816,100,0,100,4,100.0,0.0,100.0,0.0,100.0,0.0,100.0,0.0,100.0,0.0,70.0,30.0,100.0,0.0,100.0,0.0,99.0,3821.0,30,30,100,0,100,0,200,0,100.0,17793.0,100.0,42004277568.0,100.0,78240112245.0
2018-03-01,Z305EM49,ST4000DM000,4000787030016,0,117,150377816,96,0,100,4,100,0,89,882048522,80,17835,100,0,100,4,100.0,0.0,100.0,0.0,100.0,0.0,100.0,0.0,100.0,0.0,71.0,29.0,100.0,0.0,100.0,0.0,99.0,3821.0,29,29,100,0,100,0,200,0,100.0,17812.0,100.0,42021188504.0,100.0,78360164055.0
2018-03-02,Z305EM49,ST4000DM000,4000787030016,0,108,17593248,96,0,100,4,100,0,89,882829177,80,17859,100,0,100,4,100.0,0.0,100.0,0.0,100.0,0.0,100.0,0.0,100.0,0.0,70.0,30.0,100.0,0.0,100.0,0.0,99.0,3822.0,30,30,100,0,100,0,200,0,100.0,17836.0,100.0,42035472456.0,100.0,78502711183.0
2018-03-03,Z305EM49,ST4000DM000,4000787030016,0,117,120578744,96,0,100,4,100,0,89,883452450,80,17883,100,0,100,4,100.0,0.0,100.0,0.0,100.0,0.0,100.0,0.0,100.0,0.0,70.0,30.0,100.0,0.0,100.0,0.0,99.0,3822.0,30,30,100,0,100,0,200,0,100.0,17860.0,100.0,42043185152.0,100.0,78631156987.0
2018-03-04,Z305EM49,ST4000DM000,4000787030016,0,119,207041072,96,0,100,4,100,0,89,883932310,80,17907,100,0,100,4,100.0,0.0,100.0,0.0,100.0,0.0,100.0,0.0,100.0,0.0,70.0,30.0,100.0,0.0,100.0,0.0,99.0,3822.0,30,30,100,0,100,0,200,0,100.0,17884.0,100.0,42047144880.0,100.0,78794661699.0
2018-03-05,Z305EM49,ST4000DM000,4000787030016,0,114,59088200,96,0,100,4,100,0,89,884477592,80,17931,100,0,100,4,100.0,0.0,100.0,0.0,100.0,0.0,100.0,0.0,100.0,0.0,70.0,30.0,100.0,0.0,100.0,0.0,99.0,3822.0,30,30,100,0,100,0,200,0,100.0,17908.0,100.0,42052800760.0,100.0,78984907047.0
2018-03-06,Z305EM49,ST4000DM000,4000787030016,0,111,40764280,96,0,100,4,100,0,89,885689390,80,17959,100,0,100,4,100.0,0.0,100.0,0.0,100.0,0.0,100.0,0.0,100.0,0.0,70.0,30.0,100.0,0.0,100.0,0.0,99.0,3822.0,30,30,100,0,100,0,200,0,100.0,17936.0,100.0,42063999816.0,100.0,79219848770.0
2018-03-07,Z305EM49,ST4000DM000,4000787030016,0,119.0,210008792.0,96.0,0.0,100.0,4.0,100.0,0.0,89.0,886218592.0,80.0,17983.0,100.0,0.0,100.0,4.0,100.0,0.0,100.0,0.0,100.0,0.0,100.0,0.0,100.0,0.0,71.0,29.0,100.0,0.0,100.0,0.0,99.0,3822.0,29.0,29.0,100.0,0.0,100.0,0.0,200.0,0.0,100.0,17959.0,100.0,42069224016.0,100.0,79394156398.0
2018-03-08,Z305EM49,ST4000DM000,4000787030016,0,119,216263696,96,0,100,4,100,0,89,887212681,80,18007,100,0,100,4,100.0,0.0,100.0,0.0,100.0,0.0,100.0,0.0,100.0,0.0,71.0,29.0,100.0,0.0,100.0,0.0,99.0,3822.0,29,29,100,0,100,0,200,0,100.0,17984.0,100.0,42078695584.0,100.0,79536284323.0
2018-03-09,Z305EM49,ST4000DM000,4000787030016,0,105,10244344,96,0,100,4,100,0,89,888786396,80,18034,100,0,100,4,100.0,0.0,100.0,0.0,100.0,0.0,100.0,0.0,100.0,0.0,71.0,29.0,100.0,0.0,100.0,0.0,99.0,3825.0,29,29,100,0,100,0,200,0,100.0,18010.0,100.0,42087158112.0,100.0,79726086838.0
2018-03-10,Z305EM49,ST4000DM000,4000787030016,0,103,5691496,96,0,100,4,100,0,89,889339885,80,18058,100,0,100,4,100.0,0.0,100.0,0.0,100.0,0.0,100.0,0.0,100.0,0.0,71.0,29.0,100.0,0.0,100.0,0.0,99.0,3825.0,29,29,100,0,100,0,200,0,100.0,18034.0,100.0,42091814624.0,100.0,79927330438.0
2018-03-11,Z305EM49,ST4000DM000,4000787030016,0,119,207948136,96,0,100,4,100,0,89,890036849,80,18081,100,0,100,4,100.0,0.0,100.0,0.0,100.0,0.0,100.0,0.0,100.0,0.0,71.0,29.0,100.0,0.0,100.0,0.0,99.0,3825.0,29,29,100,0,100,0,200,0,100.0,18058.0,100.0,42099129264.0,100.0,80093659187.0
2018-03-12,Z305EM49,ST4000DM000,4000787030016,0,114,63172328,96,0,100,4,100,0,89,891295332,80,18106,100,0,100,4,100.0,0.0,100.0,0.0,100.0,0.0,100.0,0.0,100.0,0.0,71.0,29.0,100.0,0.0,100.0,0.0,99.0,3825.0,29,29,100,0,100,0,200,0,100.0,18083.0,100.0,42107495408.0,100.0,80283762003.0
2018-03-13,Z305EM49,ST4000DM000,4000787030016,0,113,52443192,96,0,100,4,100,0,89,893412915,80,18130,100,0,100,4,100.0,0.0,100.0,0.0,100.0,0.0,100.0,0.0,100.0,0.0,71.0,29.0,100.0,0.0,100.0,0.0,99.0,3825.0,29,29,100,0,100,0,200,0,100.0,18106.0,100.0,42115001272.0,100.0,80458775434.0
2018-03-14,Z305EM49,ST4000DM000,4000787030016,0,108,19138176,96,0,100,4,100,0,89,895104944,80,18153,100,0,100,4,100.0,0.0,100.0,0.0,100.0,0.0,100.0,0.0,100.0,0.0,71.0,29.0,100.0,0.0,100.0,0.0,99.0,3825.0,29,29,100,0,100,0,200,0,100.0,18130.0,100.0,42122116656.0,100.0,80638796787.0
2018-03-15,Z305EM49,ST4000DM000,4000787030016,0,120,244043432,96,0,100,4,100,0,89,896687728,80,18178,100,0,100,4,100.0,0.0,100.0,0.0,100.0,0.0,100.0,0.0,100.0,0.0,71.0,29.0,100.0,0.0,100.0,0.0,99.0,3827.0,29,29,100,0,100,0,200,0,100.0,18155.0,100.0,42141357640.0,100.0,80816089481.0
2018-03-16,Z305EM49,ST4000DM000,4000787030016,0,114.0,59052264.0,96.0,0.0,100.0,4.0,100.0,0.0,89.0,897848193.0,80.0,18202.0,100.0,0.0,100.0,4.0,100.0,0.0,100.0,0.0,100.0,0.0,100.0,0.0,100.0,0.0,71.0,29.0,100.0,0.0,100.0,0.0,99.0,3827.0,29.0,29.0,100.0,0.0,100.0,0.0,200.0,0.0,100.0,18179.0,100.0,42177002984.0,100.0,80982373162.0
2018-03-17,Z305EM49,ST4000DM000,4000787030016,0,118,198180616,96,0,100,4,100,0,89,899915425,80,18226,100,0,100,4,100.0,0.0,100.0,0.0,100.0,0.0,100.0,0.0,100.0,0.0,70.0,30.0,100.0,0.0,100.0,0.0,99.0,3827.0,30,30,100,0,100,0,200,0,100.0,18203.0,100.0,42214829448.0,100.0,81143347782.0
2018-03-18,Z305EM49,ST4000DM000,4000787030016,0,112,49675016,96,0,100,4,100,0,89,900841964,80,18250,100,0,100,4,100.0,0.0,100.0,0.0,100.0,0.0,100.0,0.0,100.0,0.0,70.0,30.0,100.0,0.0,100.0,0.0,99.0,3827.0,30,30,100,0,100,0,200,0,100.0,18227.0,100.0,42244568288.0,100.0,81294307029.0
2018-03-19,Z305EM49,ST4000DM000,4000787030016,0,117,123212568,96,0,100,4,100,0,89,902284284,80,18274,100,0,100,4,100.0,0.0,100.0,0.0,100.0,0.0,100.0,0.0,100.0,0.0,70.0,30.0,100.0,0.0,100.0,0.0,99.0,3827.0,30,30,100,0,100,0,200,0,100.0,18250.0,100.0,42269149176.0,100.0,81478161237.0
2018-03-20,Z305EM49,ST4000DM000,4000787030016,0,116,103284840,96,0,100,4,100,0,89,903506039,80,18298,100,0,100,4,100.0,0.0,100.0,0.0,100.0,0.0,100.0,0.0,100.0,0.0,71.0,29.0,100.0,0.0,100.0,0.0,99.0,3827.0,29,29,100,0,100,0,200,0,100.0,18274.0,100.0,42280600992.0,100.0,81652851757.0
2018-03-21,Z305EM49,ST4000DM000,4000787030016,0,117,147521272,96,0,100,4,100,0,89,904674096,80,18322,100,0,100,4,100.0,0.0,100.0,0.0,100.0,0.0,100.0,0.0,100.0,0.0,71.0,29.0,100.0,0.0,100.0,0.0,99.0,3827.0,29,29,100,0,100,0,200,0,100.0,18299.0,100.0,42289514784.0,100.0,81821474933.0
2018-03-22,Z305EM49,ST4000DM000,4000787030016,0,108,17497520,96,0,100,4,100,0,89,906267264,80,18346,100,0,100,4,100.0,0.0,100.0,0.0,100.0,0.0,100.0,0.0,100.0,0.0,70.0,30.0,100.0,0.0,100.0,0.0,99.0,3828.0,30,30,100,0,100,0,200,0,100.0,18323.0,100.0,42300442392.0,100.0,81953360821.0
2018-03-23,Z305EM49,ST4000DM000,4000787030016,0,115,89480464,96,0,100,4,100,0,89,906949376,80,18370,100,0,100,4,100.0,0.0,100.0,0.0,100.0,0.0,100.0,0.0,100.0,0.0,71.0,29.0,100.0,0.0,100.0,0.0,99.0,3828.0,29,29,100,0,100,0,200,0,100.0,18347.0,100.0,42308350024.0,100.0,82096035697.0
2018-03-24,Z305EM49,ST4000DM000,4000787030016,0,117,126944888,96,0,100,4,100,0,89,907594352,80,18394,100,0,100,4,100.0,0.0,100.0,0.0,100.0,0.0,100.0,0.0,100.0,0.0,71.0,29.0,100.0,0.0,100.0,0.0,99.0,3828.0,29,29,100,0,100,0,200,0,100.0,18370.0,100.0,42315394176.0,100.0,82234323956.0
2018-03-25,Z305EM49,ST4000DM000,4000787030016,0,112,43242536,96,0,100,4,100,0,89,908397670,79,18418,100,0,100,4,100.0,0.0,100.0,0.0,100.0,0.0,100.0,0.0,100.0,0.0,71.0,29.0,100.0,0.0,100.0,0.0,99.0,3828.0,29,29,100,0,100,0,200,0,100.0,18395.0,100.0,42325920112.0,100.0,82389441417.0
2018-03-26,Z305EM49,ST4000DM000,4000787030016,0,100,3097768,96,0,100,4,100,0,89,910649674,79,18442,100,0,100,4,100.0,0.0,100.0,0.0,100.0,0.0,100.0,0.0,100.0,0.0,71.0,29.0,100.0,0.0,100.0,0.0,99.0,3828.0,29,29,100,0,100,0,200,0,100.0,18419.0,100.0,42336238936.0,100.0,82563534539.0
2018-03-27,Z305EM49,ST4000DM000,4000787030016,0,117,140702200,96,0,100,4,100,0,89,911695948,79,18466,100,0,100,4,100.0,0.0,100.0,0.0,100.0,0.0,100.0,0.0,100.0,0.0,71.0,29.0,100.0,0.0,100.0,0.0,99.0,3828.0,29,29,100,0,100,0,200,0,100.0,18442.0,100.0,42345748184.0,100.0,82707403889.0
2018-03-28,Z305EM49,ST4000DM000,4000787030016,0,117,149877920,96,0,100,4,100,0,89,912851990,79,18490,100,0,100,4,100.0,0.0,100.0,0.0,100.0,0.0,100.0,0.0,100.0,0.0,71.0,29.0,100.0,0.0,100.0,0.0,99.0,3828.0,29,29,100,0,100,0,200,0,100.0,18467.0,100.0,42357226048.0,100.0,82879180640.0
2018-03-29,Z305EM49,ST4000DM000,4000787030016,0,117,154693992,96,0,100,4,100,0,89,914485802,79,18514,100,0,100,4,100.0,0.0,100.0,0.0,100.0,0.0,100.0,0.0,100.0,0.0,71.0,29.0,100.0,0.0,100.0,0.0,99.0,3830.0,29,29,100,0,100,0,200,0,100.0,18490.0,100.0,42368295696.0,100.0,83118338922.0
2018-03-30,Z305EM49,ST4000DM000,4000787030016,0,118,185253872,96,0,100,4,100,0,89,915341819,79,18538,100,0,100,4,100.0,0.0,100.0,0.0,100.0,0.0,100.0,0.0,100.0,0.0,71.0,29.0,100.0,0.0,100.0,0.0,99.0,3830.0,29,29,100,0,100,0,200,0,100.0,18515.0,100.0,42377578376.0,100.0,83280475961.0
2018-03-31,Z305EM49,ST4000DM000,4000787030016,0,119,231687080,96,0,100,4,100,0,89,916324307,79,18562,100,0,100,4,100.0,0.0,100.0,0.0,100.0,0.0,100.0,0.0,100.0,0.0,71.0,29.0,100.0,0.0,100.0,0.0,99.0,3830.0,29,29,100,0,100,0,200,0,100.0,18538.0,100.0,42392483632.0,100.0,83446857506.0
2018-04-01,Z305EM49,ST4000DM000,4000787030016,0,100,2705776,96,0,100,4,100,0,89,917305100,79,18586,100,0,100,4,100.0,0.0,100.0,0.0,100.0,0.0,100.0,0.0,100.0,0.0,71.0,29.0,100.0,0.0,100.0,0.0,99.0,3830.0,29,29,100,0,100,0,200,0,100.0,18562.0,100.0,42404620640.0,100.0,83616127543.0
2018-04-02,Z305EM49,ST4000DM000,4000787030016,0,113,50528680,96,0,100,4,100,0,89,918492045,79,18610,100,0,100,4,100.0,0.0,100.0,0.0,100.0,0.0,100.0,0.0,100.0,0.0,71.0,29.0,100.0,0.0,100.0,0.0,99.0,3830.0,29,29,100,0,100,0,200,0,100.0,18586.0,100.0,42422828808.0,100.0,83764502163.0
2018-04-03,Z305EM49,ST4000DM000,4000787030016,0,117,138436608,95,0,100,5,100,0,89,919397824,79,18626,100,0,100,5,100.0,0.0,100.0,0.0,100.0,0.0,100.0,0.0,100.0,0.0,76.0,24.0,100.0,0.0,100.0,0.0,99.0,3834.0,24,24,100,0,100,0,200,0,100.0,18603.0,100.0,42433134728.0,100.0,83882254735.0
2018-04-04,Z305EM49,ST4000DM000,4000787030016,0,117,166799232,95,0,100,5,100,0,89,921005855,79,18650,100,0,100,5,100.0,0.0,100.0,0.0,100.0,0.0,100.0,0.0,100.0,0.0,77.0,23.0,100.0,0.0,100.0,0.0,99.0,3834.0,23,23,100,0,100,0,200,0,100.0,18627.0,100.0,42446634352.0,100.0,84065646537.0
2018-04-05,Z305EM49,ST4000DM000,4000787030016,0,114,64040048,95,0,100,5,100,0,89,922038907,79,18674,100,0,100,5,100.0,0.0,100.0,0.0,100.0,0.0,100.0,0.0,100.0,0.0,76.0,24.0,100.0,0.0,100.0,0.0,99.0,3834.0,24,24,100,0,100,0,200,0,100.0,18651.0,100.0,42458216504.0,100.0,84224954234.0
2018-04-06,Z305EM49,ST4000DM000,4000787030016,0,112,47646512,95,0,100,5,100,0,89,922597213,79,18698,100,0,100,5,100.0,0.0,100.0,0.0,100.0,0.0,100.0,0.0,100.0,0.0,76.0,24.0,100.0,0.0,100.0,0.0,99.0,3834.0,24,24,100,0,100,0,200,0,100.0,18674.0,100.0,42468084960.0,100.0,84408179450.0
2018-04-07,Z305EM49,ST4000DM000,4000787030016,0,117.0,157554256.0,95.0,0.0,100.0,5.0,100.0,0.0,89.0,923193743.0,79.0,18722.0,100.0,0.0,100.0,5.0,100.0,0.0,100.0,0.0,100.0,0.0,100.0,0.0,100.0,0.0,76.0,24.0,100.0,0.0,100.0,0.0,99.0,3834.0,24.0,24.0,100.0,0.0,100.0,0.0,200.0,0.0,100.0,18699.0,100.0,42480887936.0,100.0,84582914370.0
2018-04-08,Z305EM49,ST4000DM000,4000787030016,0,111,31035672,95,0,100,5,100,0,89,923575754,79,18746,100,0,100,5,100.0,0.0,100.0,0.0,100.0,0.0,100.0,0.0,100.0,0.0,76.0,24.0,100.0,0.0,100.0,0.0,99.0,3834.0,24,24,100,0,100,0,200,0,100.0,18723.0,100.0,42484062016.0,100.0,84733122054.0
2018-04-09,Z305EM49,ST4000DM000,4000787030016,0,117,166147408,95,0,100,5,100,0,89,929194330,79,18770,100,0,100,5,100.0,0.0,100.0,0.0,100.0,0.0,100.0,0.0,100.0,0.0,75.0,25.0,100.0,0.0,100.0,0.0,99.0,3834.0,25,25,100,0,100,0,200,0,100.0,18747.0,100.0,42495055984.0,100.0,86250709853.0
2018-04-10,Z305EM49,ST4000DM000,4000787030016,0,117,124965096,95,0,100,5,100,0,89,935108048,79,18794,100,0,100,5,100.0,0.0,100.0,0.0,100.0,0.0,100.0,0.0,100.0,0.0,76.0,24.0,100.0,0.0,100.0,0.0,99.0,3834.0,24,24,100,0,100,0,200,0,100.0,18770.0,100.0,42500867104.0,100.0,86975666742.0
2018-04-11,Z305EM49,ST4000DM000,4000787030016,0,117,163592184,95,0,100,5,100,0,90,941036468,79,18819,100,0,100,5,100.0,0.0,100.0,0.0,100.0,0.0,100.0,0.0,100.0,0.0,76.0,24.0,100.0,0.0,100.0,0.0,99.0,3834.0,24,24,100,0,100,0,200,0,100.0,18795.0,100.0,42510402680.0,100.0,87871554948.0
2018-04-12,Z305EM49,ST4000DM000,4000787030016,0,115,97840328,95,0,100,5,100,0,90,946651989,79,18842,100,0,100,5,100.0,0.0,100.0,0.0,100.0,0.0,100.0,0.0,100.0,0.0,76.0,24.0,100.0,0.0,100.0,0.0,99.0,3834.0,24,24,100,0,100,0,200,0,100.0,18819.0,100.0,42518880864.0,100.0,88639112750.0
2018-04-13,Z305EM49,ST4000DM000,4000787030016,0,114,77261200,95,0,100,5,100,0,90,952849643,79,18866,100,0,100,5,100.0,0.0,100.0,0.0,100.0,0.0,100.0,0.0,100.0,0.0,76.0,24.0,100.0,0.0,100.0,0.0,99.0,3836.0,24,24,100,0,100,0,200,0,100.0,18842.0,100.0,42528712456.0,100.0,89522926124.0
2018-04-14,Z305EM49,ST4000DM000,4000787030016,0,117,136712752,95,0,100,5,100,0,90,958847940,79,18890,100,0,100,5,100.0,0.0,100.0,0.0,100.0,0.0,100.0,0.0,100.0,0.0,76.0,24.0,100.0,0.0,100.0,0.0,99.0,3836.0,24,24,100,0,100,0,200,0,100.0,18866.0,100.0,42533589768.0,100.0,90279356886.0
2018-04-15,Z305EM49,ST4000DM000,4000787030016,0,118,174876760,95,0,100,5,100,0,90,964640076,79,18914,100,0,100,5,100.0,0.0,100.0,0.0,100.0,0.0,100.0,0.0,100.0,0.0,76.0,24.0,100.0,0.0,100.0,0.0,99.0,3836.0,24,24,100,0,100,0,200,0,100.0,18890.0,100.0,42538278616.0,100.0,90962341511.0
2018-04-16,Z305EM49,ST4000DM000,4000787030016,0,115,95083912,95,0,100,5,100,0,90,970577387,79,18938,100,0,100,5,100.0,0.0,100.0,0.0,100.0,0.0,100.0,0.0,100.0,0.0,76.0,24.0,100.0,0.0,100.0,0.0,99.0,3836.0,24,24,100,0,100,0,200,0,100.0,18914.0,100.0,42544649056.0,100.0,91761128702.0
2018-04-17,Z305EM49,ST4000DM000,4000787030016,0,118,175153648,95,0,100,5,100,0,90,972214998,79,18962,100,0,100,5,100.0,0.0,100.0,0.0,100.0,0.0,100.0,0.0,100.0,0.0,76.0,24.0,100.0,0.0,100.0,0.0,99.0,3836.0,24,24,100,0,100,0,200,0,100.0,18938.0,100.0,42550738144.0,100.0,91970792463.0
2018-04-18,Z305EM49,ST4000DM000,4000787030016,0,117,149824688,95,0,100,5,100,0,90,973308253,79,18986,100,0,100,5,100.0,0.0,100.0,0.0,100.0,0.0,100.0,0.0,100.0,0.0,77.0,23.0,100.0,0.0,100.0,0.0,99.0,3836.0,23,23,100,0,100,0,200,0,100.0,18962.0,100.0,42554995312.0,100.0,92157068424.0
2018-04-19,Z305EM49,ST4000DM000,4000787030016,0,119,228904512,95,0,100,5,100,0,90,974408863,79,19010,100,0,100,5,100.0,0.0,100.0,0.0,100.0,0.0,100.0,0.0,100.0,0.0,76.0,24.0,100.0,0.0,100.0,0.0,99.0,3839.0,24,24,100,0,100,0,200,0,100.0,18987.0,100.0,42559484680.0,100.0,92292207986.0
2018-04-20,Z305EM49,ST4000DM000,4000787030016,0,117,165016648,95,0,100,5,100,0,90,974993682,79,19034,100,0,100,5,100.0,0.0,100.0,0.0,100.0,0.0,100.0,0.0,100.0,0.0,76.0,24.0,100.0,0.0,100.0,0.0,99.0,3839.0,24,24,100,0,100,0,200,0,100.0,19011.0,100.0,42562453544.0,100.0,92415363297.0
2018-04-21,Z305EM49,ST4000DM000,4000787030016,0,117,137599472,95,0,100,5,100,0,90,975892262,79,19058,100,0,100,5,100.0,0.0,100.0,0.0,100.0,0.0,100.0,0.0,100.0,0.0,78.0,22.0,100.0,0.0,100.0,0.0,99.0,3839.0,22,22,100,0,100,0,200,0,100.0,19035.0,100.0,42566968216.0,100.0,92590880232.0
2018-04-22,Z305EM49,ST4000DM000,4000787030016,0,118,187711688,95,0,100,5,100,0,90,976756408,79,19082,100,0,100,5,100.0,0.0,100.0,0.0,100.0,0.0,100.0,0.0,100.0,0.0,77.0,23.0,100.0,0.0,100.0,0.0,99.0,3839.0,23,23,100,0,100,0,200,0,100.0,19058.0,100.0,42568921680.0,100.0,92763243325.0
2018-04-23,Z305EM49,ST4000DM000,4000787030016,0,117,166559112,95,0,100,5,100,0,90,978922718,79,19106,100,0,100,5,100.0,0.0,100.0,0.0,100.0,0.0,100.0,0.0,100.0,0.0,79.0,21.0,100.0,0.0,100.0,0.0,99.0,3839.0,21,21,100,0,100,0,200,0,100.0,19082.0,100.0,42574486344.0,100.0,92949857848.0
2018-04-24,Z305EM49,ST4000DM000,4000787030016,0,119,214776744,95,0,100,5,100,0,90,980563494,79,19130,100,0,100,5,100.0,0.0,100.0,0.0,100.0,0.0,100.0,0.0,100.0,0.0,76.0,24.0,100.0,0.0,100.0,0.0,99.0,3839.0,24,24,100,0,100,0,200,0,100.0,19107.0,100.0,42578776808.0,100.0,93108581778.0
2018-04-25,Z305EM49,ST4000DM000,4000787030016,0,108,16105200,95,0,100,5,100,0,90,981179103,79,19154,100,0,100,5,100.0,0.0,100.0,0.0,100.0,0.0,100.0,0.0,100.0,0.0,78.0,22.0,100.0,0.0,100.0,0.0,99.0,3839.0,22,22,100,0,100,0,200,0,100.0,19131.0,100.0,42580645968.0,100.0,93246642396.0
2018-04-26,Z305EM49,ST4000DM000,4000787030016,0,120,238314240,95,0,100,5,100,0,90,982300299,79,19178,100,0,100,5,100.0,0.0,100.0,0.0,100.0,0.0,100.0,0.0,100.0,0.0,78.0,22.0,100.0,0.0,100.0,0.0,99.0,3841.0,22,22,100,0,100,0,200,0,100.0,19154.0,100.0,42585539664.0,100.0,93379980375.0
2018-04-27,Z305EM49,ST4000DM000,4000787030016,0,118,175725512,95,0,100,5,100,0,90,983232715,79,19209,100,0,100,5,100.0,0.0,100.0,0.0,100.0,0.0,100.0,0.0,100.0,0.0,78.0,22.0,100.0,0.0,100.0,0.0,99.0,3843.0,22,22,100,0,100,0,200,0,100.0,19185.0,100.0,42589795160.0,100.0,93565442103.0
2018-04-28,Z305EM49,ST4000DM000,4000787030016,0,112,46201800,95,0,100,5,100,0,90,984016952,79,19233,100,0,100,5,100.0,0.0,100.0,0.0,100.0,0.0,100.0,0.0,100.0,0.0,78.0,22.0,100.0,0.0,100.0,0.0,99.0,3843.0,22,22,100,0,100,0,200,0,100.0,19209.0,100.0,42592171640.0,100.0,93720223574.0
2018-04-29,Z305EM49,ST4000DM000,4000787030016,0,118,167947168,95,0,100,5,100,0,90,984757039,79,19256,100,0,100,5,100.0,0.0,100.0,0.0,100.0,0.0,100.0,0.0,100.0,0.0,77.0,23.0,100.0,0.0,100.0,0.0,99.0,3843.0,23,23,100,0,100,0,200,0,100.0,19233.0,100.0,42594742608.0,100.0,93849590643.0
2018-04-30,Z305EM49,ST4000DM000,4000787030016,0,116,113528224,95,0,100,5,100,0,90,986100616,78,19280,100,0,100,5,100.0,0.0,100.0,0.0,100.0,0.0,100.0,0.0,100.0,0.0,77.0,23.0,100.0,0.0,100.0,0.0,99.0,3843.0,23,23,100,0,100,0,200,0,100.0,19257.0,100.0,42597574360.0,100.0,94070133002.0
2018-05-01,Z305EM49,ST4000DM000,4000787030016,0,118,177263760,95,0,100,5,100,0,90,987496214,78,19304,100,0,100,5,100.0,0.0,100.0,0.0,100.0,0.0,100.0,0.0,100.0,0.0,78.0,22.0,100.0,0.0,100.0,0.0,99.0,3843.0,22,22,100,0,100,0,200,0,100.0,19280.0,100.0,42601251816.0,100.0,94246701977.0
2018-05-02,Z305EM49,ST4000DM000,4000787030016,0,118.0,191543568.0,95.0,0.0,100.0,5.0,100.0,0.0,90.0,989137813.0,78.0,19329.0,100.0,0.0,100.0,5.0,100.0,0.0,100.0,0.0,100.0,0.0,100.0,0.0,100.0,0.0,77.0,23.0,100.0,0.0,100.0,0.0,99.0,3843.0,23.0,23.0,100.0,0.0,100.0,0.0,200.0,0.0,100.0,19305.0,100.0,42604533032.0,100.0,94418688951.0
2018-05-03,Z305EM49,ST4000DM000,4000787030016,0,115,94606960,95,0,100,5,100,0,90,990103128,78,19346,100,0,100,5,100.0,0.0,100.0,0.0,100.0,0.0,100.0,0.0,100.0,0.0,78.0,22.0,100.0,0.0,100.0,0.0,99.0,3876.0,22,22,100,0,100,0,200,0,100.0,19322.0,100.0,42608086304.0,100.0,94506160846.0
2018-05-04,Z305EM49,ST4000DM000,4000787030016,0,112,43952040,95,0,100,5,100,0,90,990859584,78,19370,100,0,100,5,100.0,0.0,100.0,0.0,100.0,0.0,100.0,0.0,100.0,0.0,77.0,23.0,100.0,0.0,100.0,0.0,99.0,3878.0,23,23,100,0,100,0,200,0,100.0,19346.0,100.0,42610702848.0,100.0,94647262847.0
2018-05-05,Z305EM49,ST4000DM000,4000787030016,0,117,153409784,95,0,100,5,100,0,90,991787424,78,19394,100,0,100,5,100.0,0.0,100.0,0.0,100.0,0.0,100.0,0.0,100.0,0.0,77.0,23.0,100.0,0.0,100.0,0.0,99.0,3878.0,23,23,100,0,100,0,200,0,100.0,19370.0,100.0,42613068296.0,100.0,94812729274.0
2018-05-06,Z305EM49,ST4000DM000,4000787030016,0,102,5075008,95,0,100,5,100,0,90,992556764,78,19418,100,0,100,5,100.0,0.0,100.0,0.0,100.0,0.0,100.0,0.0,100.0,0.0,78.0,22.0,100.0,0.0,100.0,0.0,99.0,3878.0,22,22,100,0,100,0,200,0,100.0,19394.0,100.0,42614868864.0,100.0,94942224138.0
2018-05-07,Z305EM49,ST4000DM000,4000787030016,0,105,9428096,95,0,100,5,100,0,90,993573814,78,19442,100,0,100,5,100.0,0.0,100.0,0.0,100.0,0.0,100.0,0.0,100.0,0.0,77.0,23.0,100.0,0.0,100.0,0.0,99.0,3878.0,23,23,100,0,100,0,200,0,100.0,19418.0,100.0,42617900544.0,100.0,95083001137.0
2018-05-08,Z305EM49,ST4000DM000,4000787030016,0,114,71481536,95,0,100,5,100,0,90,995390009,78,19466,100,0,100,5,100.0,0.0,100.0,0.0,100.0,0.0,100.0,0.0,100.0,0.0,78.0,22.0,100.0,0.0,100.0,0.0,99.0,3878.0,22,22,100,0,100,0,200,0,100.0,19442.0,100.0,42622450776.0,100.0,95261196502.0
2018-05-09,Z305EM49,ST4000DM000,4000787030016,0,119,205127256,95,0,100,5,100,0,90,996675696,78,19490,100,0,100,5,100.0,0.0,100.0,0.0,100.0,0.0,100.0,0.0,100.0,0.0,78.0,22.0,100.0,0.0,100.0,0.0,99.0,3878.0,22,22,100,0,100,0,200,0,100.0,19466.0,100.0,42624659952.0,100.0,95420343859.0
2018-05-10,Z305EM49,ST4000DM000,4000787030016,0,112,46953376,95,0,100,5,100,0,90,998083446,78,19514,100,0,100,5,100.0,0.0,100.0,0.0,100.0,0.0,100.0,0.0,100.0,0.0,76.0,24.0,100.0,0.0,100.0,0.0,99.0,3878.0,24,24,100,0,100,0,200,0,100.0,19490.0,100.0,42628404248.0,100.0,95571635364.0
2018-05-11,Z305EM49,ST4000DM000,4000787030016,0,116,108492440,95,0,100,5,100,0,90,254591,78,19538,100,0,100,5,100.0,0.0,100.0,0.0,100.0,0.0,100.0,0.0,100.0,0.0,77.0,23.0,100.0,0.0,100.0,0.0,99.0,3880.0,23,23,100,0,100,0,200,0,100.0,19514.0,100.0,42631692392.0,100.0,95755732719.0
2018-05-12,Z305EM49,ST4000DM000,4000787030016,0,117,119626936,95,0,100,5,100,0,60,1024848,78,19562,100,0,100,5,100.0,0.0,100.0,0.0,100.0,0.0,100.0,0.0,100.0,0.0,78.0,22.0,100.0,0.0,100.0,0.0,99.0,3880.0,22,22,100,0,100,0,200,0,100.0,19538.0,100.0,42634098600.0,100.0,95902770837.0
2018-05-13,Z305EM49,ST4000DM000,4000787030016,0,115,92836760,95,0,100,5,100,0,63,1900006,78,19586,100,0,100,5,100.0,0.0,100.0,0.0,100.0,0.0,100.0,0.0,100.0,0.0,77.0,23.0,100.0,0.0,100.0,0.0,99.0,3880.0,23,23,100,0,100,0,200,0,100.0,19562.0,100.0,42636767112.0,100.0,96071272118.0
2018-05-14,Z305EM49,ST4000DM000,4000787030016,0,118,181794528,95,0,100,5,100,0,63,2618195,78,19610,100,0,100,5,100.0,0.0,100.0,0.0,100.0,0.0,100.0,0.0,100.0,0.0,77.0,23.0,100.0,0.0,100.0,0.0,99.0,3880.0,23,23,100,0,100,0,200,0,100.0,19586.0,100.0,42638546144.0,100.0,96228180025.0
2018-05-15,Z305EM49,ST4000DM000,4000787030016,0,116.0,115008432.0,95.0,0.0,100.0,5.0,100.0,0.0,66.0,3820929.0,78.0,19634.0,100.0,0.0,100.0,5.0,100.0,0.0,100.0,0.0,100.0,0.0,100.0,0.0,100.0,0.0,77.0,23.0,100.0,0.0,100.0,0.0,99.0,3880.0,23.0,23.0,100.0,0.0,100.0,0.0,200.0,0.0,100.0,19610.0,100.0,42643987336.0,100.0,96372377808.0
2018-05-16,Z305EM49,ST4000DM000,4000787030016,0,120,241282656,95,0,100,5,100,0,66,4736820,78,19658,100,0,100,5,100.0,0.0,100.0,0.0,100.0,0.0,100.0,0.0,100.0,0.0,77.0,23.0,100.0,0.0,100.0,0.0,99.0,3881.0,23,23,100,0,100,0,200,0,100.0,19635.0,100.0,42647690144.0,100.0,96581707488.0
2018-05-17,Z305EM49,ST4000DM000,4000787030016,0,118,177062472,95,0,100,5,100,0,67,5638138,78,19681,100,0,100,5,100.0,0.0,100.0,0.0,100.0,0.0,100.0,0.0,100.0,0.0,77.0,23.0,100.0,0.0,100.0,0.0,99.0,3890.0,23,23,100,0,100,0,200,0,100.0,19658.0,100.0,42651906208.0,100.0,96676734777.0
2018-05-18,Z305EM49,ST4000DM000,4000787030016,0,119,202620128,95,0,100,5,100,0,68,7105592,78,19706,100,0,100,5,100.0,0.0,100.0,0.0,100.0,0.0,100.0,0.0,100.0,0.0,78.0,22.0,100.0,0.0,100.0,0.0,99.0,3893.0,22,22,100,0,100,0,200,0,100.0,19682.0,100.0,42657827280.0,100.0,96861565363.0
2018-05-19,Z305EM49,ST4000DM000,4000787030016,0,117,126681216,95,0,100,5,100,0,69,7535521,78,19730,100,0,100,5,100.0,0.0,100.0,0.0,100.0,0.0,100.0,0.0,100.0,0.0,78.0,22.0,100.0,0.0,100.0,0.0,99.0,3894.0,22,22,100,0,100,0,200,0,100.0,19706.0,100.0,42660346808.0,100.0,97040019653.0
2018-05-20,Z305EM49,ST4000DM000,4000787030016,0,119,209413944,95,0,100,5,100,0,69,8039897,78,19754,100,0,100,5,100.0,0.0,100.0,0.0,100.0,0.0,100.0,0.0,100.0,0.0,78.0,22.0,100.0,0.0,100.0,0.0,99.0,3894.0,22,22,100,0,100,0,200,0,100.0,19730.0,100.0,42663188208.0,100.0,97227962209.0
2018-05-21,Z305EM49,ST4000DM000,4000787030016,0,114,78776448,95,0,100,5,100,0,69,8418807,78,19777,100,0,100,5,100.0,0.0,100.0,0.0,100.0,0.0,100.0,0.0,100.0,0.0,78.0,22.0,100.0,0.0,100.0,0.0,99.0,3894.0,22,22,100,0,100,0,200,0,100.0,19753.0,100.0,42665396184.0,100.0,97371207520.0
2018-05-22,Z305EM49,ST4000DM000,4000787030016,0,120,239766144,95,0,100,5,100,0,69,9541206,78,19810,100,0,100,5,100.0,0.0,100.0,0.0,100.0,0.0,100.0,0.0,100.0,0.0,78.0,22.0,100.0,0.0,100.0,0.0,99.0,3894.0,22,22,100,0,100,0,200,0,100.0,19786.0,100.0,42671822512.0,100.0,97587775418.0
2018-05-23,Z305EM49,ST4000DM000,4000787030016,0,117,121636928,95,0,100,5,100,0,69,10086824,78,19833,100,0,100,5,100.0,0.0,100.0,0.0,100.0,0.0,100.0,0.0,100.0,0.0,78.0,22.0,100.0,0.0,100.0,0.0,99.0,3894.0,22,22,100,0,100,0,200,0,100.0,19809.0,100.0,42675726112.0,100.0,97781473881.0
2018-05-24,Z305EM49,ST4000DM000,4000787030016,0,117,142101160,95,0,100,5,100,0,70,11274266,78,19858,100,0,100,5,100.0,0.0,100.0,0.0,100.0,0.0,100.0,0.0,100.0,0.0,78.0,22.0,100.0,0.0,100.0,0.0,99.0,3896.0,22,22,100,0,100,0,200,0,100.0,19834.0,100.0,42681230112.0,100.0,97941139161.0
2018-05-25,Z305EM49,ST4000DM000,4000787030016,0,111,39606168,95,0,100,5,100,0,70,12108096,78,19882,100,0,100,5,100.0,0.0,100.0,0.0,100.0,0.0,100.0,0.0,100.0,0.0,78.0,22.0,100.0,0.0,100.0,0.0,99.0,3896.0,22,22,100,0,100,0,200,0,100.0,19858.0,100.0,42683710496.0,100.0,98110563644.0
2018-05-26,Z305EM49,ST4000DM000,4000787030016,0,112,45595728,95,0,100,5,100,0,71,13385922,78,19899,100,0,100,5,100.0,0.0,100.0,0.0,100.0,0.0,100.0,0.0,100.0,0.0,77.0,23.0,100.0,0.0,100.0,0.0,99.0,3897.0,23,23,100,0,100,0,200,0,100.0,19875.0,100.0,42685482624.0,100.0,98229543753.0
2018-05-27,Z305EM49,ST4000DM000,4000787030016,0,118,190244208,95,0,100,5,100,0,72,16263712,78,19926,100,0,100,5,100.0,0.0,100.0,0.0,100.0,0.0,100.0,0.0,100.0,0.0,78.0,22.0,100.0,0.0,100.0,0.0,99.0,3899.0,22,22,100,0,100,0,200,0,100.0,19902.0,100.0,42691230352.0,100.0,98422310613.0
2018-05-28,Z305EM49,ST4000DM000,4000787030016,0,120,242268512,95,0,100,5,100,0,72,17316580,78,19950,100,0,100,5,100.0,0.0,100.0,0.0,100.0,0.0,100.0,0.0,100.0,0.0,78.0,22.0,100.0,0.0,100.0,0.0,99.0,3900.0,22,22,100,0,100,0,200,0,100.0,19925.0,100.0,42693249992.0,100.0,98611366564.0
2018-05-29,Z305EM49,ST4000DM000,4000787030016,0,119,203514648,95,0,100,5,100,0,72,18622874,78,19974,100,0,100,5,100.0,0.0,100.0,0.0,100.0,0.0,100.0,0.0,100.0,0.0,79.0,21.0,100.0,0.0,100.0,0.0,99.0,3900.0,21,21,100,0,100,0,200,0,100.0,19949.0,100.0,42698868040.0,100.0,98778532633.0
2018-05-30,Z305EM49,ST4000DM000,4000787030016,0,117,124562976,95,0,100,5,100,0,72,19168746,78,19997,100,0,100,5,100.0,0.0,100.0,0.0,100.0,0.0,100.0,0.0,100.0,0.0,78.0,22.0,100.0,0.0,100.0,0.0,99.0,3900.0,22,22,100,0,100,0,200,0,100.0,19973.0,100.0,42701873896.0,100.0,98900132957.0
2018-05-31,Z305EM49,ST4000DM000,4000787030016,0,115,92190440,95,0,100,5,100,0,72,20378176,78,20020,100,0,100,5,100.0,0.0,100.0,0.0,100.0,0.0,100.0,0.0,100.0,0.0,78.0,22.0,100.0,0.0,100.0,0.0,99.0,3906.0,22,22,100,0,100,0,200,0,100.0,19996.0,100.0,42706467120.0,100.0,99045729583.0
2018-06-01,Z305EM49,ST4000DM000,4000787030016,0,119,214977680,95,0,100,5,100,0,72,20970997,78,20037,100,0,100,5,100.0,0.0,100.0,0.0,100.0,0.0,100.0,0.0,100.0,0.0,78.0,22.0,100.0,0.0,100.0,0.0,99.0,3914.0,22,22,100,0,100,0,200,0,100.0,20013.0,100.0,42707941072.0,100.0,99161095974.0
2018-06-02,Z305EM49,ST4000DM000,4000787030016,0,119,234084624,95,0,100,5,100,0,73,22183694,78,20069,100,0,100,5,100.0,0.0,100.0,0.0,100.0,0.0,100.0,0.0,100.0,0.0,79.0,21.0,100.0,0.0,100.0,0.0,99.0,3917.0,21,21,100,0,100,0,200,0,100.0,20044.0,100.0,42711059792.0,100.0,99371481862.0
2018-06-03,Z305EM49,ST4000DM000,4000787030016,0,114,73479120,95,0,100,5,100,0,73,24003258,78,20093,100,0,100,5,100.0,0.0,100.0,0.0,100.0,0.0,100.0,0.0,100.0,0.0,79.0,21.0,100.0,0.0,100.0,0.0,99.0,3918.0,21,21,100,0,100,0,200,0,100.0,20069.0,100.0,42715585288.0,100.0,99539048088.0
2018-06-04,Z305EM49,ST4000DM000,4000787030016,0,118,169956896,95,0,100,5,100,0,73,24746193,78,20117,100,0,100,5,100.0,0.0,100.0,0.0,100.0,0.0,100.0,0.0,100.0,0.0,79.0,21.0,100.0,0.0,100.0,0.0,99.0,3918.0,21,21,100,0,100,0,200,0,100.0,20092.0,100.0,42717526240.0,100.0,99674851269.0
2018-06-05,Z305EM49,ST4000DM000,4000787030016,0,120,2138512,95,0,100,5,100,0,74,25956619,78,20141,100,0,100,5,100.0,0.0,100.0,0.0,100.0,0.0,100.0,0.0,100.0,0.0,78.0,22.0,100.0,0.0,100.0,0.0,99.0,3918.0,22,22,100,0,100,0,200,0,100.0,20116.0,100.0,42721654520.0,100.0,99837978678.0
2018-06-06,Z305EM49,ST4000DM000,4000787030016,0,111,37445472,95,0,100,5,100,0,74,26643874,77,20165,100,0,100,5,100.0,0.0,100.0,0.0,100.0,0.0,100.0,0.0,100.0,0.0,78.0,22.0,100.0,0.0,100.0,0.0,99.0,3918.0,22,22,100,0,100,0,200,0,100.0,20141.0,100.0,42724166088.0,100.0,99985537963.0
2018-06-07,Z305EM49,ST4000DM000,4000787030016,0,120,236187024,95,0,100,5,100,0,74,27760935,77,20189,100,0,100,5,100.0,0.0,100.0,0.0,100.0,0.0,100.0,0.0,100.0,0.0,78.0,22.0,100.0,0.0,100.0,0.0,99.0,3922.0,22,22,100,0,100,0,200,0,100.0,20165.0,100.0,42729341528.0,100.0,100102348984.0
2018-06-08,Z305EM49,ST4000DM000,4000787030016,0,118,195092520,95,0,100,5,100,0,74,28508816,77,20213,100,0,100,5,100.0,0.0,100.0,0.0,100.0,0.0,100.0,0.0,100.0,0.0,78.0,22.0,100.0,0.0,100.0,0.0,99.0,3923.0,22,22,100,0,100,0,200,0,100.0,20189.0,100.0,42731114256.0,100.0,100241402948.0
2018-06-09,Z305EM49,ST4000DM000,4000787030016,0,117,152639736,95,0,100,5,100,0,75,29444636,77,20237,100,0,100,5,100.0,0.0,100.0,0.0,100.0,0.0,100.0,0.0,100.0,0.0,78.0,22.0,100.0,0.0,100.0,0.0,99.0,3923.0,22,22,100,0,100,0,200,0,100.0,20212.0,100.0,42732865736.0,100.0,100397407936.0
2018-06-10,Z305EM49,ST4000DM000,4000787030016,0,117,140932792,95,0,100,5,100,0,75,31469968,77,20261,100,0,100,5,100.0,0.0,100.0,0.0,100.0,0.0,100.0,0.0,100.0,0.0,79.0,21.0,100.0,0.0,100.0,0.0,99.0,3924.0,21,21,100,0,100,0,200,0,100.0,20237.0,100.0,42738282080.0,100.0,100628415962.0
2018-06-11,Z305EM49,ST4000DM000,4000787030016,0,103,6268184,95,0,100,5,100,0,75,32144139,77,20285,100,0,100,5,100.0,0.0,100.0,0.0,100.0,0.0,100.0,0.0,100.0,0.0,79.0,21.0,100.0,0.0,100.0,0.0,99.0,3924.0,21,21,100,0,100,0,200,0,100.0,20261.0,100.0,42740155696.0,100.0,100776026227.0
2018-06-12,Z305EM49,ST4000DM000,4000787030016,0,115,93524984,95,0,100,5,100,0,75,33544726,77,20309,100,0,100,5,100.0,0.0,100.0,0.0,100.0,0.0,100.0,0.0,100.0,0.0,80.0,20.0,100.0,0.0,100.0,0.0,99.0,3924.0,20,20,100,0,100,0,200,0,100.0,20284.0,100.0,42744543144.0,100.0,100955609989.0
2018-06-13,Z305EM49,ST4000DM000,4000787030016,0,117,138351472,95,0,100,5,100,0,75,34234948,77,20333,100,0,100,5,100.0,0.0,100.0,0.0,100.0,0.0,100.0,0.0,100.0,0.0,80.0,20.0,100.0,0.0,100.0,0.0,99.0,3925.0,20,20,100,0,100,0,200,0,100.0,20308.0,100.0,42746716064.0,100.0,101084034811.0
2018-06-14,Z305EM49,ST4000DM000,4000787030016,0,117,150484096,95,0,100,5,100,0,75,35627079,77,20357,100,0,100,5,100.0,0.0,100.0,0.0,100.0,0.0,100.0,0.0,100.0,0.0,78.0,22.0,100.0,0.0,100.0,0.0,99.0,3929.0,22,22,100,0,100,0,200,0,100.0,20333.0,100.0,42752001792.0,100.0,101232375414.0
2018-06-15,Z305EM49,ST4000DM000,4000787030016,0,111.0,41641832.0,95.0,0.0,100.0,5.0,100.0,0.0,75.0,36305287.0,77.0,20380.0,100.0,0.0,100.0,5.0,100.0,0.0,100.0,0.0,100.0,0.0,100.0,0.0,100.0,0.0,78.0,22.0,100.0,0.0,100.0,0.0,99.0,3932.0,22.0,22.0,100.0,0.0,100.0,0.0,200.0,0.0,100.0,20355.0,100.0,42753795800.0,100.0,101343928417.0
2018-06-16,Z305EM49,ST4000DM000,4000787030016,0,110.0,28455464.0,95.0,0.0,100.0,5.0,100.0,0.0,75.0,37356496.0,77.0,20404.0,100.0,0.0,100.0,5.0,100.0,0.0,100.0,0.0,100.0,0.0,100.0,0.0,100.0,0.0,78.0,22.0,100.0,0.0,100.0,0.0,99.0,3932.0,22.0,22.0,100.0,0.0,100.0,0.0,200.0,0.0,100.0,20379.0,100.0,42755585664.0,100.0,101492692782.0
2018-06-17,Z305EM49,ST4000DM000,4000787030016,0,117.0,156748296.0,95.0,0.0,100.0,5.0,100.0,0.0,75.0,38523890.0,77.0,20428.0,100.0,0.0,100.0,5.0,100.0,0.0,100.0,0.0,100.0,0.0,100.0,0.0,100.0,0.0,79.0,21.0,100.0,0.0,100.0,0.0,99.0,3932.0,21.0,21.0,100.0,0.0,100.0,0.0,200.0,0.0,100.0,20403.0,100.0,42757462920.0,100.0,101647016539.0
2018-06-18,Z305EM49,ST4000DM000,4000787030016,0,112.0,44078888.0,95.0,0.0,100.0,5.0,100.0,0.0,75.0,40832302.0,77.0,20452.0,100.0,0.0,100.0,5.0,100.0,0.0,100.0,0.0,100.0,0.0,100.0,0.0,100.0,0.0,79.0,21.0,100.0,0.0,100.0,0.0,99.0,3932.0,21.0,21.0,100.0,0.0,100.0,0.0,200.0,0.0,100.0,20427.0,100.0,42763722160.0,100.0,101829430316.0
2018-06-19,Z305EM49,ST4000DM000,4000787030016,0,117,123852608,95,0,100,5,100,0,76,42697417,77,20476,100,0,100,5,100.0,0.0,100.0,0.0,100.0,0.0,100.0,0.0,100.0,0.0,79.0,21.0,100.0,0.0,100.0,0.0,99.0,3932.0,21,21,100,0,100,0,200,0,100.0,20451.0,100.0,42765817736.0,100.0,102015822504.0
2018-06-20,Z305EM49,ST4000DM000,4000787030016,0,117,126188952,95,0,100,5,100,0,76,43481462,77,20500,100,0,100,5,100.0,0.0,100.0,0.0,100.0,0.0,100.0,0.0,100.0,0.0,79.0,21.0,100.0,0.0,100.0,0.0,99.0,3933.0,21,21,100,0,100,0,200,0,100.0,20475.0,100.0,42769277832.0,100.0,102168922704.0
2018-06-21,Z305EM49,ST4000DM000,4000787030016,0,114,67910864,95,0,100,5,100,0,76,44820473,77,20524,100,0,100,5,100.0,0.0,100.0,0.0,100.0,0.0,100.0,0.0,100.0,0.0,79.0,21.0,100.0,0.0,100.0,0.0,99.0,3938.0,21,21,100,0,100,0,200,0,100.0,20499.0,100.0,42773833944.0,100.0,102322681174.0
2018-06-22,Z305EM49,ST4000DM000,4000787030016,0,120,239296048,95,0,100,5,100,0,76,45567916,77,20548,100,0,100,5,100.0,0.0,100.0,0.0,100.0,0.0,100.0,0.0,100.0,0.0,79.0,21.0,100.0,0.0,100.0,0.0,99.0,3938.0,21,21,100,0,100,0,200,0,100.0,20523.0,100.0,42775543144.0,100.0,102488355594.0
2018-06-23,Z305EM49,ST4000DM000,4000787030016,0,115,90374840,95,0,100,5,100,0,76,46165935,77,20572,100,0,100,5,100.0,0.0,100.0,0.0,100.0,0.0,100.0,0.0,100.0,0.0,79.0,21.0,100.0,0.0,100.0,0.0,99.0,3939.0,21,21,100,0,100,0,200,0,100.0,20547.0,100.0,42777091752.0,100.0,102626507488.0
2018-06-24,Z305EM49,ST4000DM000,4000787030016,0,120,102024,95,0,100,5,100,0,76,47336898,77,20596,100,0,100,5,100.0,0.0,100.0,0.0,100.0,0.0,100.0,0.0,100.0,0.0,79.0,21.0,100.0,0.0,100.0,0.0,99.0,3941.0,21,21,100,0,100,0,200,0,100.0,20571.0,100.0,42779629600.0,100.0,102823431551.0
2018-06-25,Z305EM49,ST4000DM000,4000787030016,0,117,128925440,95,0,100,5,100,0,76,47802496,77,20620,100,0,100,5,100.0,0.0,100.0,0.0,100.0,0.0,100.0,0.0,100.0,0.0,79.0,21.0,100.0,0.0,100.0,0.0,99.0,3991.0,21,21,100,0,100,0,200,0,100.0,20595.0,100.0,42781834744.0,100.0,102954286802.0
2018-06-26,Z305EM49,ST4000DM000,4000787030016,0,112,48300344,95,0,100,5,100,0,76,48848245,77,20644,100,0,100,5,100.0,0.0,100.0,0.0,100.0,0.0,100.0,0.0,100.0,0.0,79.0,21.0,100.0,0.0,100.0,0.0,99.0,3991.0,21,21,100,0,100,0,200,0,100.0,20619.0,100.0,42788089912.0,100.0,103152573610.0
2018-06-27,Z305EM49,ST4000DM000,4000787030016,0,119,202700712,94,0,100,6,100,0,76,49375150,77,20672,100,0,100,6,100.0,0.0,100.0,0.0,100.0,0.0,100.0,0.0,100.0,0.0,79.0,21.0,100.0,0.0,100.0,0.0,99.0,3997.0,21,21,100,0,100,0,200,0,100.0,20647.0,100.0,42791434720.0,100.0,103342701652.0
2018-06-28,Z305EM49,ST4000DM000,4000787030016,0,117,142946160,94,0,100,6,100,0,77,50337947,77,20696,100,0,100,6,100.0,0.0,100.0,0.0,100.0,0.0,100.0,0.0,100.0,0.0,79.0,21.0,100.0,0.0,100.0,0.0,99.0,3997.0,21,21,100,0,100,0,200,0,100.0,20671.0,100.0,42796719664.0,100.0,103492334769.0
2018-06-29,Z305EM49,ST4000DM000,4000787030016,0,115,88523808,94,0,100,6,100,0,77,50774661,77,20720,100,0,100,6,100.0,0.0,100.0,0.0,100.0,0.0,100.0,0.0,100.0,0.0,79.0,21.0,100.0,0.0,100.0,0.0,99.0,3997.0,21,21,100,0,100,0,200,0,100.0,20695.0,100.0,42799593848.0,100.0,103674271435.0
2018-06-30,Z305EM49,ST4000DM000,4000787030016,0,119,209785496,94,0,100,6,100,0,77,51241627,77,20743,100,0,100,6,100.0,0.0,100.0,0.0,100.0,0.0,100.0,0.0,100.0,0.0,79.0,21.0,100.0,0.0,100.0,0.0,98.0,4000.0,21,21,100,0,100,0,200,0,100.0,20718.0,100.0,42802304816.0,100.0,103853601759.0
2018-07-01,Z305EM49,ST4000DM000,4000787030016,0,105,9740360,94,0,100,6,100,0,77,52626337,77,20767,100,0,100,6,100.0,0.0,100.0,0.0,100.0,0.0,100.0,0.0,100.0,0.0,79.0,21.0,100.0,0.0,100.0,0.0,98.0,4001.0,21,21,100,0,100,0,200,0,100.0,20742.0,100.0,42807488152.0,100.0,104012850245.0
2018-07-02,Z305EM49,ST4000DM000,4000787030016,0,110,28419264,94,0,100,6,100,0,77,53067576,77,20791,100,0,100,6,100.0,0.0,100.0,0.0,100.0,0.0,100.0,0.0,100.0,0.0,79.0,21.0,100.0,0.0,100.0,0.0,98.0,4001.0,21,21,100,0,100,0,200,0,100.0,20766.0,100.0,42809714280.0,100.0,104180735296.0
2018-07-03,Z305EM49,ST4000DM000,4000787030016,0,118,192310496,94,0,100,6,100,0,77,54077643,77,20816,100,0,100,6,100.0,0.0,100.0,0.0,100.0,0.0,100.0,0.0,100.0,0.0,79.0,21.0,100.0,0.0,100.0,0.0,98.0,4002.0,21,21,100,0,100,0,200,0,100.0,20790.0,100.0,42813877680.0,100.0,104393509723.0
2018-07-04,Z305EM49,ST4000DM000,4000787030016,0,117,156963032,94,0,100,6,100,0,77,54728415,77,20839,100,0,100,6,100.0,0.0,100.0,0.0,100.0,0.0,100.0,0.0,100.0,0.0,79.0,21.0,100.0,0.0,100.0,0.0,98.0,4002.0,21,21,100,0,100,0,200,0,100.0,20814.0,100.0,42816129600.0,100.0,104557631540.0
2018-07-05,Z305EM49,ST4000DM000,4000787030016,0,118,187974016,94,0,100,6,100,0,77,55977466,77,20863,100,0,100,6,100.0,0.0,100.0,0.0,100.0,0.0,100.0,0.0,100.0,0.0,79.0,21.0,100.0,0.0,100.0,0.0,98.0,4008.0,21,21,100,0,100,0,200,0,100.0,20838.0,100.0,42820959320.0,100.0,104712279993.0
2018-07-06,Z305EM49,ST4000DM000,4000787030016,0,107,14081336,94,0,100,6,100,0,77,58100149,77,20887,100,0,100,6,100.0,0.0,100.0,0.0,100.0,0.0,100.0,0.0,100.0,0.0,80.0,20.0,100.0,0.0,100.0,0.0,98.0,4008.0,20,20,100,0,100,0,200,0,100.0,20862.0,100.0,42823921968.0,100.0,104882534729.0
2018-07-07,Z305EM49,ST4000DM000,4000787030016,0,107,14326064,94,0,100,6,100,0,78,59458007,77,20912,100,0,100,6,100.0,0.0,100.0,0.0,100.0,0.0,100.0,0.0,100.0,0.0,79.0,21.0,100.0,0.0,100.0,0.0,98.0,4008.0,21,21,100,0,100,0,200,0,100.0,20886.0,100.0,42827021136.0,100.0,105074656023.0
2018-07-08,Z305EM49,ST4000DM000,4000787030016,0,111,41046072,94,0,100,6,100,0,78,61313866,77,20935,100,0,100,6,100.0,0.0,100.0,0.0,100.0,0.0,100.0,0.0,100.0,0.0,79.0,21.0,100.0,0.0,100.0,0.0,98.0,4008.0,21,21,100,0,100,0,200,0,100.0,20910.0,100.0,42832287472.0,100.0,105261788677.0
2018-07-09,Z305EM49,ST4000DM000,4000787030016,0,117,140819632,94,0,100,6,100,0,78,62032577,77,20959,100,0,100,6,100.0,0.0,100.0,0.0,100.0,0.0,100.0,0.0,100.0,0.0,79.0,21.0,100.0,0.0,100.0,0.0,98.0,4008.0,21,21,100,0,100,0,200,0,100.0,20934.0,100.0,42834613528.0,100.0,105414625776.0
2018-07-10,Z305EM49,ST4000DM000,4000787030016,0,117.0,135152344.0,94.0,0.0,100.0,6.0,100.0,0.0,78.0,63060415.0,77.0,20983.0,100.0,0.0,100.0,6.0,100.0,0.0,100.0,0.0,100.0,0.0,100.0,0.0,100.0,0.0,79.0,21.0,100.0,0.0,100.0,0.0,98.0,4008.0,21.0,21.0,100.0,0.0,100.0,0.0,200.0,0.0,100.0,20958.0,100.0,42838370880.0,100.0,105546650062.0
2018-07-11,Z305EM49,ST4000DM000,4000787030016,0,118,191008192,94,0,100,6,100,0,78,63890650,77,21007,100,0,100,6,100.0,0.0,100.0,0.0,100.0,0.0,100.0,0.0,100.0,0.0,79.0,21.0,100.0,0.0,100.0,0.0,98.0,4008.0,21,21,100,0,100,0,200,0,100.0,20982.0,100.0,42840889992.0,100.0,105711931125.0
2018-07-12,Z305EM49,ST4000DM000,4000787030016,0,102,4154288,94,0,100,6,100,0,78,65146980,76,21032,100,0,100,6,100.0,0.0,100.0,0.0,100.0,0.0,100.0,0.0,100.0,0.0,79.0,21.0,100.0,0.0,100.0,0.0,98.0,4011.0,21,21,100,0,100,0,200,0,100.0,21007.0,100.0,42844886168.0,100.0,105856782820.0
2018-07-13,Z305EM49,ST4000DM000,4000787030016,0,111,41052736,94,0,100,6,100,0,78,66261639,76,21055,100,0,100,6,100.0,0.0,100.0,0.0,100.0,0.0,100.0,0.0,100.0,0.0,79.0,21.0,100.0,0.0,100.0,0.0,98.0,4015.0,21,21,100,0,100,0,200,0,100.0,21029.0,100.0,42847615560.0,100.0,106022378586.0
2018-07-14,Z305EM49,ST4000DM000,4000787030016,0,118,188302064,94,0,100,6,100,0,78,67817955,76,21079,100,0,100,6,100.0,0.0,100.0,0.0,100.0,0.0,100.0,0.0,100.0,0.0,79.0,21.0,100.0,0.0,100.0,0.0,98.0,4015.0,21,21,100,0,100,0,200,0,100.0,21053.0,100.0,42851876048.0,100.0,106180708466.0
2018-07-15,Z305EM49,ST4000DM000,4000787030016,0,112,42799008,94,0,100,6,100,0,78,68353100,76,21103,100,0,100,6,100.0,0.0,100.0,0.0,100.0,0.0,100.0,0.0,100.0,0.0,79.0,21.0,100.0,0.0,100.0,0.0,98.0,4016.0,21,21,100,0,100,0,200,0,100.0,21077.0,100.0,42854407640.0,100.0,106298820614.0
2018-07-16,Z305EM49,ST4000DM000,4000787030016,0,111,32518424,94,0,100,6,100,0,78,69088919,76,21127,100,0,100,6,100.0,0.0,100.0,0.0,100.0,0.0,100.0,0.0,100.0,0.0,78.0,22.0,100.0,0.0,100.0,0.0,98.0,4016.0,22,22,100,0,100,0,200,0,100.0,21101.0,100.0,42856979832.0,100.0,106457921191.0
2018-07-17,Z305EM49,ST4000DM000,4000787030016,0,115,100416376,94,0,100,6,100,0,78,70247526,76,21151,100,0,100,6,100.0,0.0,100.0,0.0,100.0,0.0,100.0,0.0,100.0,0.0,79.0,21.0,100.0,0.0,100.0,0.0,98.0,4017.0,21,21,100,0,100,0,200,0,100.0,21126.0,100.0,42861224912.0,100.0,106603623492.0
2018-07-18,Z305EM49,ST4000DM000,4000787030016,0,116,115774760,94,0,100,6,100,0,78,71046255,76,21175,100,0,100,6,100.0,0.0,100.0,0.0,100.0,0.0,100.0,0.0,100.0,0.0,79.0,21.0,100.0,0.0,100.0,0.0,98.0,4017.0,21,21,100,0,100,0,200,0,100.0,21150.0,100.0,42864254944.0,100.0,106751851428.0
2018-07-19,Z305EM49,ST4000DM000,4000787030016,0,119,230772832,94,0,100,6,100,0,78,72190150,76,21198,100,0,100,6,100.0,0.0,100.0,0.0,100.0,0.0,100.0,0.0,100.0,0.0,79.0,21.0,100.0,0.0,100.0,0.0,98.0,4019.0,21,21,100,0,100,0,200,0,100.0,21173.0,100.0,42867970192.0,100.0,106867405508.0
2018-07-20,Z305EM49,ST4000DM000,4000787030016,0,114,79274480,94,0,100,6,100,0,78,73103382,76,21215,100,0,100,6,100.0,0.0,100.0,0.0,100.0,0.0,100.0,0.0,100.0,0.0,79.0,21.0,100.0,0.0,100.0,0.0,98.0,4020.0,21,21,100,0,100,0,200,0,100.0,21189.0,100.0,42869228824.0,100.0,107037186198.0
2018-07-21,Z305EM49,ST4000DM000,4000787030016,0,118,183513648,94,0,100,6,100,0,78,75098263,76,21247,100,0,100,6,100.0,0.0,100.0,0.0,100.0,0.0,100.0,0.0,100.0,0.0,79.0,21.0,100.0,0.0,100.0,0.0,98.0,4021.0,21,21,100,0,100,0,200,0,100.0,21221.0,100.0,42874947224.0,100.0,107262895821.0
2018-07-22,Z305EM49,ST4000DM000,4000787030016,0,118,186574936,94,0,100,6,100,0,78,75905938,76,21271,100,0,100,6,100.0,0.0,100.0,0.0,100.0,0.0,100.0,0.0,100.0,0.0,79.0,21.0,100.0,0.0,100.0,0.0,98.0,4021.0,21,21,100,0,100,0,200,0,100.0,21245.0,100.0,42877851096.0,100.0,107429356953.0
2018-07-23,Z305EM49,ST4000DM000,4000787030016,0,119,217732024,94,0,100,6,100,0,78,76600965,76,21295,100,0,100,6,100.0,0.0,100.0,0.0,100.0,0.0,100.0,0.0,100.0,0.0,79.0,21.0,100.0,0.0,100.0,0.0,98.0,4021.0,21,21,100,0,100,0,200,0,100.0,21269.0,100.0,42879752232.0,100.0,107558706730.0
2018-07-24,Z305EM49,ST4000DM000,4000787030016,0,115,99242720,94,0,100,6,100,0,78,77909164,76,21319,100,0,100,6,100.0,0.0,100.0,0.0,100.0,0.0,100.0,0.0,100.0,0.0,79.0,21.0,100.0,0.0,100.0,0.0,98.0,4021.0,21,21,100,0,100,0,200,0,100.0,21293.0,100.0,42883564880.0,100.0,107701596661.0
2018-07-25,Z305EM49,ST4000DM000,4000787030016,0,112.0,42343288.0,94.0,0.0,100.0,6.0,100.0,0.0,78.0,78674174.0,76.0,21342.0,100.0,0.0,100.0,6.0,100.0,0.0,100.0,0.0,100.0,0.0,100.0,0.0,100.0,0.0,80.0,20.0,100.0,0.0,100.0,0.0,98.0,4021.0,20.0,20.0,100.0,0.0,100.0,0.0,200.0,0.0,100.0,21317.0,100.0,42885082440.0,100.0,107828962505.0
2018-07-26,Z305EM49,ST4000DM000,4000787030016,0,117,134942888,94,0,100,6,100,0,78,80139117,76,21367,100,0,100,6,100.0,0.0,100.0,0.0,100.0,0.0,100.0,0.0,100.0,0.0,79.0,21.0,100.0,0.0,100.0,0.0,98.0,4027.0,21,21,100,0,100,0,200,0,100.0,21341.0,100.0,42888468952.0,100.0,107971238281.0
2018-07-27,Z305EM49,ST4000DM000,4000787030016,0,117,119596776,94,0,100,6,100,0,78,81282806,76,21391,100,0,100,6,100.0,0.0,100.0,0.0,100.0,0.0,100.0,0.0,100.0,0.0,79.0,21.0,100.0,0.0,100.0,0.0,98.0,4028.0,21,21,100,0,100,0,200,0,100.0,21365.0,100.0,42889775864.0,100.0,108127527108.0
2018-07-28,Z305EM49,ST4000DM000,4000787030016,0,119,208647024,94,0,100,6,100,0,78,82328370,76,21414,100,0,100,6,100.0,0.0,100.0,0.0,100.0,0.0,100.0,0.0,100.0,0.0,79.0,21.0,100.0,0.0,100.0,0.0,98.0,4031.0,21,21,100,0,100,0,200,0,100.0,21388.0,100.0,42891228536.0,100.0,108268337008.0
2018-07-29,Z305EM49,ST4000DM000,4000787030016,0,104,6488648,94,0,100,6,100,0,78,83636478,76,21438,100,0,100,6,100.0,0.0,100.0,0.0,100.0,0.0,100.0,0.0,100.0,0.0,79.0,21.0,100.0,0.0,100.0,0.0,98.0,4032.0,21,21,100,0,100,0,200,0,100.0,21412.0,100.0,42892713464.0,100.0,108442414219.0
2018-07-30,Z305EM49,ST4000DM000,4000787030016,0,112,46612872,94,0,100,6,100,0,79,85299915,76,21462,100,0,100,6,100.0,0.0,100.0,0.0,100.0,0.0,100.0,0.0,100.0,0.0,79.0,21.0,100.0,0.0,100.0,0.0,98.0,4032.0,21,21,100,0,100,0,200,0,100.0,21436.0,100.0,42897019616.0,100.0,108607727114.0
2018-07-31,Z305EM49,ST4000DM000,4000787030016,0,115,92183224,94,0,100,6,100,0,79,86671187,76,21486,100,0,100,6,100.0,0.0,100.0,0.0,100.0,0.0,100.0,0.0,100.0,0.0,80.0,20.0,100.0,0.0,100.0,0.0,98.0,4032.0,20,20,100,0,100,0,200,0,100.0,21460.0,100.0,42898924056.0,100.0,108788223859.0
2018-08-01,Z305EM49,ST4000DM000,4000787030016,0,117,138483840,94,0,100,6,100,0,79,87333874,76,21511,100,0,100,6,100.0,0.0,100.0,0.0,100.0,0.0,100.0,0.0,100.0,0.0,79.0,21.0,100.0,0.0,100.0,0.0,98.0,4032.0,21,21,100,0,100,0,200,0,100.0,21485.0,100.0,42900295016.0,100.0,108941127310.0
2018-08-02,Z305EM49,ST4000DM000,4000787030016,0,108,18710048,94,0,100,6,100,0,79,88427690,76,21534,100,0,100,6,100.0,0.0,100.0,0.0,100.0,0.0,100.0,0.0,100.0,0.0,80.0,20.0,100.0,0.0,100.0,0.0,98.0,4039.0,20,20,100,0,100,0,200,0,100.0,21508.0,100.0,42903690560.0,100.0,109075179278.0
2018-08-03,Z305EM49,ST4000DM000,4000787030016,0,119,217479072,94,0,100,6,100,0,79,89143799,76,21558,100,0,100,6,100.0,0.0,100.0,0.0,100.0,0.0,100.0,0.0,100.0,0.0,79.0,21.0,100.0,0.0,100.0,0.0,98.0,4039.0,21,21,100,0,100,0,200,0,100.0,21532.0,100.0,42904781224.0,100.0,109263898527.0
2018-08-04,Z305EM49,ST4000DM000,4000787030016,0,119,221017328,94,0,100,6,100,0,79,89554324,76,21583,100,0,100,6,100.0,0.0,100.0,0.0,100.0,0.0,100.0,0.0,100.0,0.0,80.0,20.0,100.0,0.0,100.0,0.0,98.0,4040.0,20,20,100,0,100,0,200,0,100.0,21557.0,100.0,42906931464.0,100.0,109415008535.0
2018-08-05,Z305EM49,ST4000DM000,4000787030016,0,117,153543792,94,0,100,6,100,0,79,89957837,76,21607,100,0,100,6,100.0,0.0,100.0,0.0,100.0,0.0,100.0,0.0,100.0,0.0,80.0,20.0,100.0,0.0,100.0,0.0,98.0,4040.0,20,20,100,0,100,0,200,0,100.0,21581.0,100.0,42908990000.0,100.0,109596416785.0
2018-08-06,Z305EM49,ST4000DM000,4000787030016,0,117,154164064,94,0,100,6,100,0,79,91447621,76,21630,100,0,100,6,100.0,0.0,100.0,0.0,100.0,0.0,100.0,0.0,100.0,0.0,80.0,20.0,100.0,0.0,100.0,0.0,98.0,4041.0,20,20,100,0,100,0,200,0,100.0,21604.0,100.0,42914388744.0,100.0,109796384314.0
2018-08-07,Z305EM49,ST4000DM000,4000787030016,0,119,228682248,94,0,100,6,100,0,79,92324938,76,21654,100,0,100,6,100.0,0.0,100.0,0.0,100.0,0.0,100.0,0.0,100.0,0.0,80.0,20.0,100.0,0.0,100.0,0.0,98.0,4041.0,20,20,100,0,100,0,200,0,100.0,21628.0,100.0,42916318008.0,100.0,109949506833.0
2018-08-08,Z305EM49,ST4000DM000,4000787030016,0,117,130290896,94,0,100,6,100,0,79,92709467,76,21678,100,0,100,6,100.0,0.0,100.0,0.0,100.0,0.0,100.0,0.0,100.0,0.0,79.0,21.0,100.0,0.0,100.0,0.0,98.0,4041.0,21,21,100,0,100,0,200,0,100.0,21653.0,100.0,42918220456.0,100.0,110117862319.0
2018-08-09,Z305EM49,ST4000DM000,4000787030016,0,118,170349536,94,0,100,6,100,0,79,93641460,76,21702,100,0,100,6,100.0,0.0,100.0,0.0,100.0,0.0,100.0,0.0,100.0,0.0,80.0,20.0,100.0,0.0,100.0,0.0,98.0,4047.0,20,20,100,0,100,0,200,0,100.0,21676.0,100.0,42922122712.0,100.0,110293014813.0
2018-08-10,Z305EM49,ST4000DM000,4000787030016,0,119,231295288,94,0,100,6,100,0,79,94328135,76,21728,100,0,100,6,100.0,0.0,100.0,0.0,100.0,0.0,100.0,0.0,100.0,0.0,78.0,22.0,100.0,0.0,100.0,0.0,98.0,4051.0,22,22,100,0,100,0,200,0,100.0,21702.0,100.0,42924159528.0,100.0,110470389642.0
2018-08-11,Z305EM49,ST4000DM000,4000787030016,0,117,166067936,94,0,100,6,100,0,79,95163675,76,21752,100,0,100,6,100.0,0.0,100.0,0.0,100.0,0.0,100.0,0.0,100.0,0.0,79.0,21.0,100.0,0.0,100.0,0.0,98.0,4052.0,21,21,100,0,100,0,200,0,100.0,21726.0,100.0,42926250608.0,100.0,110636634937.0
2018-08-12,Z305EM49,ST4000DM000,4000787030016,0,117,155266336,94,0,100,6,100,0,79,97550851,76,21776,100,0,100,6,100.0,0.0,100.0,0.0,100.0,0.0,100.0,0.0,100.0,0.0,79.0,21.0,100.0,0.0,100.0,0.0,98.0,4053.0,21,21,100,0,100,0,200,0,100.0,21750.0,100.0,42927769464.0,100.0,110808110759.0
2018-08-13,Z305EM49,ST4000DM000,4000787030016,0,116,110124472,94,0,100,6,100,0,79,98681648,76,21800,100,0,100,6,100.0,0.0,100.0,0.0,100.0,0.0,100.0,0.0,100.0,0.0,79.0,21.0,100.0,0.0,100.0,0.0,98.0,4054.0,21,21,100,0,100,0,200,0,100.0,21774.0,100.0,42929869496.0,100.0,111002936678.0
2018-08-14,Z305EM49,ST4000DM000,4000787030016,0,119.0,212594712.0,94.0,0.0,100.0,6.0,100.0,0.0,79.0,99902887.0,76.0,21824.0,100.0,0.0,100.0,6.0,100.0,0.0,100.0,0.0,100.0,0.0,100.0,0.0,100.0,0.0,78.0,22.0,100.0,0.0,100.0,0.0,98.0,4054.0,22.0,22.0,100.0,0.0,100.0,0.0,200.0,0.0,100.0,21798.0,100.0,42933252768.0,100.0,111171131185.0
2018-08-15,Z305EM49,ST4000DM000,4000787030016,0,119.0,229680424.0,94.0,0.0,100.0,6.0,100.0,0.0,80.0,101572394.0,76.0,21848.0,100.0,0.0,100.0,6.0,100.0,0.0,100.0,0.0,100.0,0.0,100.0,0.0,100.0,0.0,79.0,21.0,100.0,0.0,100.0,0.0,98.0,4054.0,21.0,21.0,100.0,0.0,100.0,0.0,200.0,0.0,100.0,21822.0,100.0,42938478712.0,100.0,111322733608.0
2018-08-16,Z305EM49,ST4000DM000,4000787030016,0,108,16812640,94,0,100,6,100,0,80,102097557,76,21866,100,0,100,6,100.0,0.0,100.0,0.0,100.0,0.0,100.0,0.0,100.0,0.0,79.0,21.0,100.0,0.0,100.0,0.0,98.0,4060.0,21,21,100,0,100,0,200,0,100.0,21840.0,100.0,42939833272.0,100.0,111425095469.0
2018-08-17,Z305EM49,ST4000DM000,4000787030016,0,115,96147160,94,0,100,6,100,0,80,102837657,76,21890,100,0,100,6,100.0,0.0,100.0,0.0,100.0,0.0,100.0,0.0,100.0,0.0,79.0,21.0,100.0,0.0,100.0,0.0,98.0,4060.0,21,21,100,0,100,0,200,0,100.0,21864.0,100.0,42941556488.0,100.0,111579690324.0
2018-08-18,Z305EM49,ST4000DM000,4000787030016,0,117,158722944,94,0,100,6,100,0,80,103679848,75,21914,100,0,100,6,100.0,0.0,100.0,0.0,100.0,0.0,100.0,0.0,100.0,0.0,79.0,21.0,100.0,0.0,100.0,0.0,98.0,4060.0,21,21,100,0,100,0,200,0,100.0,21888.0,100.0,42943221592.0,100.0,111737948323.0
2018-08-19,Z305EM49,ST4000DM000,4000787030016,0,108,15292264,94,0,100,6,100,0,80,104619120,75,21937,100,0,100,6,100.0,0.0,100.0,0.0,100.0,0.0,100.0,0.0,100.0,0.0,80.0,20.0,100.0,0.0,100.0,0.0,98.0,4061.0,20,20,100,0,100,0,200,0,100.0,21912.0,100.0,42944789160.0,100.0,111886608625.0
2018-08-20,Z305EM49,ST4000DM000,4000787030016,0,109,22971832,94,0,100,6,100,0,80,105455629,75,21962,100,0,100,6,100.0,0.0,100.0,0.0,100.0,0.0,100.0,0.0,100.0,0.0,79.0,21.0,100.0,0.0,100.0,0.0,98.0,4061.0,21,21,100,0,100,0,200,0,100.0,21936.0,100.0,42946357656.0,100.0,112006820416.0
2018-08-21,Z305EM49,ST4000DM000,4000787030016,0,114,83209520,94,0,100,6,100,0,80,106593300,75,21986,100,0,100,6,100.0,0.0,100.0,0.0,100.0,0.0,100.0,0.0,100.0,0.0,79.0,21.0,100.0,0.0,100.0,0.0,98.0,4061.0,21,21,100,0,100,0,200,0,100.0,21960.0,100.0,42949853696.0,100.0,112153417453.0
2018-08-22,Z305EM49,ST4000DM000,4000787030016,0,117,162852168,94,0,100,6,100,0,80,107235792,75,22010,100,0,100,6,100.0,0.0,100.0,0.0,100.0,0.0,100.0,0.0,100.0,0.0,79.0,21.0,100.0,0.0,100.0,0.0,98.0,4062.0,21,21,100,0,100,0,200,0,100.0,21984.0,100.0,42951269704.0,100.0,112304684231.0
2018-08-23,Z305EM49,ST4000DM000,4000787030016,0,114,67592936,94,0,100,6,100,0,80,108273507,75,22034,100,0,100,6,100.0,0.0,100.0,0.0,100.0,0.0,100.0,0.0,100.0,0.0,79.0,21.0,100.0,0.0,100.0,0.0,98.0,4068.0,21,21,100,0,100,0,200,0,100.0,22008.0,100.0,42954829776.0,100.0,112417353230.0
2018-08-24,Z305EM49,ST4000DM000,4000787030016,0,120,722192,94,0,100,6,100,0,80,110056048,75,22057,100,0,100,6,100.0,0.0,100.0,0.0,100.0,0.0,100.0,0.0,100.0,0.0,79.0,21.0,100.0,0.0,100.0,0.0,98.0,4068.0,21,21,100,0,100,0,200,0,100.0,22032.0,100.0,42956337912.0,100.0,112574746127.0
2018-08-25,Z305EM49,ST4000DM000,4000787030016,0,119,211681224,94,0,100,6,100,0,80,110791305,75,22082,100,0,100,6,100.0,0.0,100.0,0.0,100.0,0.0,100.0,0.0,100.0,0.0,79.0,21.0,100.0,0.0,100.0,0.0,98.0,4068.0,21,21,100,0,100,0,200,0,100.0,22056.0,100.0,42957854856.0,100.0,112706395099.0
2018-08-26,Z305EM49,ST4000DM000,4000787030016,0,120,243419768,94,0,100,6,100,0,80,111878235,75,22106,100,0,100,6,100.0,0.0,100.0,0.0,100.0,0.0,100.0,0.0,100.0,0.0,79.0,21.0,100.0,0.0,100.0,0.0,98.0,4068.0,21,21,100,0,100,0,200,0,100.0,22080.0,100.0,42959390344.0,100.0,112916954760.0
2018-08-27,Z305EM49,ST4000DM000,4000787030016,0,117,147064288,94,0,100,6,100,0,80,112584137,75,22130,100,0,100,6,100.0,0.0,100.0,0.0,100.0,0.0,100.0,0.0,100.0,0.0,79.0,21.0,100.0,0.0,100.0,0.0,98.0,4068.0,21,21,100,0,100,0,200,0,100.0,22104.0,100.0,42960984976.0,100.0,113069294250.0
2018-08-28,Z305EM49,ST4000DM000,4000787030016,0,118,196358672,94,0,100,6,100,0,80,113901093,75,22154,100,0,100,6,100.0,0.0,100.0,0.0,100.0,0.0,100.0,0.0,100.0,0.0,79.0,21.0,100.0,0.0,100.0,0.0,98.0,4068.0,21,21,100,0,100,0,200,0,100.0,22128.0,100.0,42964728112.0,100.0,113238719494.0
2018-08-29,Z305EM49,ST4000DM000,4000787030016,0,117,134054800,94,0,100,6,100,0,80,114697905,75,22184,100,0,100,6,100.0,0.0,100.0,0.0,100.0,0.0,100.0,0.0,100.0,0.0,79.0,21.0,100.0,0.0,100.0,0.0,98.0,4072.0,21,21,100,0,100,0,200,0,100.0,22158.0,100.0,42966388760.0,100.0,113395982715.0
2018-08-30,Z305EM49,ST4000DM000,4000787030016,0,117,137850360,94,0,100,6,100,0,80,115954741,75,22208,100,0,100,6,100.0,0.0,100.0,0.0,100.0,0.0,100.0,0.0,100.0,0.0,78.0,22.0,100.0,0.0,100.0,0.0,98.0,4075.0,22,22,100,0,100,0,200,0,100.0,22182.0,100.0,42970071672.0,100.0,113531248116.0
2018-08-31,Z305EM49,ST4000DM000,4000787030016,0,109,21907528,94,0,100,6,100,0,80,116574562,75,22231,100,0,100,6,100.0,0.0,100.0,0.0,100.0,0.0,100.0,0.0,100.0,0.0,78.0,22.0,100.0,0.0,100.0,0.0,98.0,4075.0,22,22,100,0,100,0,200,0,100.0,22205.0,100.0,42971335192.0,100.0,113634296308.0
2018-09-01,Z305EM49,ST4000DM000,4000787030016,0,117,129282512,94,0,100,6,100,0,81,117579300,75,22256,100,0,100,6,100.0,0.0,100.0,0.0,100.0,0.0,100.0,0.0,100.0,0.0,78.0,22.0,100.0,0.0,100.0,0.0,98.0,4075.0,22,22,100,0,100,0,200,0,100.0,22230.0,100.0,42972734312.0,100.0,113777682754.0
2018-09-02,Z305EM49,ST4000DM000,4000787030016,0,118,171609472,94,0,100,6,100,0,81,119588892,75,22280,100,0,100,6,100.0,0.0,100.0,0.0,100.0,0.0,100.0,0.0,100.0,0.0,78.0,22.0,100.0,0.0,100.0,0.0,98.0,4075.0,22,22,100,0,100,0,200,0,100.0,22254.0,100.0,42977325184.0,100.0,113935064047.0
2018-09-03,Z305EM49,ST4000DM000,4000787030016,0,117,130964504,94,0,100,6,100,0,81,120888679,75,22303,100,0,100,6,100.0,0.0,100.0,0.0,100.0,0.0,100.0,0.0,100.0,0.0,78.0,22.0,100.0,0.0,100.0,0.0,98.0,4083.0,22,22,100,0,100,0,200,0,100.0,22277.0,100.0,42979559272.0,100.0,114076501591.0
2018-09-04,Z305EM49,ST4000DM000,4000787030016,0,117,157920448,94,0,100,6,100,0,81,122488940,75,22327,100,0,100,6,100.0,0.0,100.0,0.0,100.0,0.0,100.0,0.0,100.0,0.0,78.0,22.0,100.0,0.0,100.0,0.0,98.0,4083.0,22,22,100,0,100,0,200,0,100.0,22301.0,100.0,42983116240.0,100.0,114244961316.0
2018-09-05,Z305EM49,ST4000DM000,4000787030016,0,110,28882864,94,0,100,6,100,0,81,123460401,75,22351,100,0,100,6,100.0,0.0,100.0,0.0,100.0,0.0,100.0,0.0,100.0,0.0,78.0,22.0,100.0,0.0,100.0,0.0,98.0,4084.0,22,22,100,0,100,0,200,0,100.0,22325.0,100.0,42984582840.0,100.0,114407259217.0
2018-09-06,Z305EM49,ST4000DM000,4000787030016,0,118,182686440,94,0,100,6,100,0,81,124686791,75,22377,100,0,100,6,100.0,0.0,100.0,0.0,100.0,0.0,100.0,0.0,100.0,0.0,78.0,22.0,100.0,0.0,100.0,0.0,98.0,4089.0,22,22,100,0,100,0,200,0,100.0,22351.0,100.0,42988045536.0,100.0,114545429956.0
2018-09-07,Z305EM49,ST4000DM000,4000787030016,0,118,170376928,94,0,100,6,100,0,81,125398246,75,22400,100,0,100,6,100.0,0.0,100.0,0.0,100.0,0.0,100.0,0.0,100.0,0.0,78.0,22.0,100.0,0.0,100.0,0.0,98.0,4089.0,22,22,100,0,100,0,200,0,100.0,22374.0,100.0,42989372088.0,100.0,114696614363.0
2018-09-08,Z305EM49,ST4000DM000,4000787030016,0,115,90664456,94,0,100,6,100,0,81,125954691,75,22424,100,0,100,6,100.0,0.0,100.0,0.0,100.0,0.0,100.0,0.0,100.0,0.0,78.0,22.0,100.0,0.0,100.0,0.0,98.0,4090.0,22,22,100,0,100,0,200,0,100.0,22398.0,100.0,42990582504.0,100.0,114828564083.0
2018-09-09,Z305EM49,ST4000DM000,4000787030016,0,114,79443584,94,0,100,6,100,0,81,126742633,75,22448,100,0,100,6,100.0,0.0,100.0,0.0,100.0,0.0,100.0,0.0,100.0,0.0,79.0,21.0,100.0,0.0,100.0,0.0,98.0,4095.0,21,21,100,0,100,0,200,0,100.0,22422.0,100.0,42991915312.0,100.0,115017596010.0
2018-09-10,Z305EM49,ST4000DM000,4000787030016,0,111,39785056,94,0,100,6,100,0,81,127476124,75,22473,100,0,100,6,100.0,0.0,100.0,0.0,100.0,0.0,100.0,0.0,100.0,0.0,79.0,21.0,100.0,0.0,100.0,0.0,98.0,4112.0,21,21,100,0,100,0,200,0,100.0,22446.0,100.0,42994404800.0,100.0,115154740111.0
2018-09-11,Z305EM49,ST4000DM000,4000787030016,0,114,80419392,94,0,100,6,100,0,81,129246601,75,22496,100,0,100,6,100.0,0.0,100.0,0.0,100.0,0.0,100.0,0.0,100.0,0.0,79.0,21.0,100.0,0.0,100.0,0.0,98.0,4116.0,21,21,100,0,100,0,200,0,100.0,22470.0,100.0,42997986024.0,100.0,115326317134.0
2018-09-12,Z305EM49,ST4000DM000,4000787030016,0,112,45069584,94,0,100,6,100,0,81,129653492,75,22520,100,0,100,6,100.0,0.0,100.0,0.0,100.0,0.0,100.0,0.0,100.0,0.0,79.0,21.0,100.0,0.0,100.0,0.0,98.0,4120.0,21,21,100,0,100,0,200,0,100.0,22494.0,100.0,43000150600.0,100.0,115490435333.0
2018-09-13,Z305EM49,ST4000DM000,4000787030016,0,118,181933408,94,0,100,6,100,0,81,130416781,75,22541,100,0,100,6,100.0,0.0,100.0,0.0,100.0,0.0,100.0,0.0,100.0,0.0,79.0,21.0,100.0,0.0,100.0,0.0,98.0,4134.0,21,21,100,0,100,0,200,0,100.0,22515.0,100.0,43003152944.0,100.0,115635069510.0
2018-09-14,Z305EM49,ST4000DM000,4000787030016,0,114,79622512,94,0,100,6,100,0,81,130786675,75,22565,100,0,100,6,100.0,0.0,100.0,0.0,100.0,0.0,100.0,0.0,100.0,0.0,76.0,24.0,100.0,0.0,100.0,0.0,98.0,4136.0,24,24,100,0,100,0,200,0,100.0,22539.0,100.0,43004955544.0,100.0,115783680018.0
2018-09-15,Z305EM49,ST4000DM000,4000787030016,0,117,131103120,94,0,100,6,100,0,81,131175936,75,22588,100,0,100,6,100.0,0.0,100.0,0.0,100.0,0.0,100.0,0.0,100.0,0.0,76.0,24.0,100.0,0.0,100.0,0.0,98.0,4137.0,24,24,100,0,100,0,200,0,100.0,22562.0,100.0,43007909264.0,100.0,115919834309.0
2018-09-16,Z305EM49,ST4000DM000,4000787030016,0,119,210794088,94,0,100,6,100,0,81,131753896,75,22613,100,0,100,6,100.0,0.0,100.0,0.0,100.0,0.0,100.0,0.0,100.0,0.0,76.0,24.0,100.0,0.0,100.0,0.0,98.0,4138.0,24,24,100,0,100,0,200,0,100.0,22587.0,100.0,43014698136.0,100.0,116113622450.0
2018-09-17,Z305EM49,ST4000DM000,4000787030016,0,117,137517616,94,0,100,6,100,0,81,132595815,75,22637,100,0,100,6,100.0,0.0,100.0,0.0,100.0,0.0,100.0,0.0,100.0,0.0,76.0,24.0,100.0,0.0,100.0,0.0,98.0,4138.0,24,24,100,0,100,0,200,0,100.0,22611.0,100.0,43021723872.0,100.0,116285498240.0
2018-09-18,Z305EM49,ST4000DM000,4000787030016,0,117,148771120,94,0,100,6,100,0,81,134120332,75,22661,100,0,100,6,100.0,0.0,100.0,0.0,100.0,0.0,100.0,0.0,100.0,0.0,77.0,23.0,100.0,0.0,100.0,0.0,98.0,4138.0,23,23,100,0,100,0,200,0,100.0,22635.0,100.0,43030940360.0,100.0,116475975937.0
2018-09-19,Z305EM49,ST4000DM000,4000787030016,0,118,172420152,94,0,100,6,100,0,81,135939724,75,22684,100,0,100,6,100.0,0.0,100.0,0.0,100.0,0.0,100.0,0.0,100.0,0.0,78.0,22.0,100.0,0.0,100.0,0.0,98.0,4139.0,22,22,100,0,100,0,200,0,100.0,22658.0,100.0,43038024464.0,100.0,116641297212.0
2018-09-20,Z305EM49,ST4000DM000,4000787030016,0,115,84071736,94,0,100,6,100,0,81,139038042,75,22709,100,0,100,6,100.0,0.0,100.0,0.0,100.0,0.0,100.0,0.0,100.0,0.0,78.0,22.0,100.0,0.0,100.0,0.0,98.0,4146.0,22,22,100,0,100,0,200,0,100.0,22683.0,100.0,43046625112.0,100.0,116786734514.0
2018-09-21,Z305EM49,ST4000DM000,4000787030016,0,114,80897152,94,0,100,6,100,0,81,140077892,75,22733,100,0,100,6,100.0,0.0,100.0,0.0,100.0,0.0,100.0,0.0,100.0,0.0,78.0,22.0,100.0,0.0,100.0,0.0,98.0,4146.0,22,22,100,0,100,0,200,0,100.0,22707.0,100.0,43049857248.0,100.0,116978348509.0
2018-09-22,Z305EM49,ST4000DM000,4000787030016,0,118,188605296,94,0,100,6,100,0,81,140814523,75,22757,100,0,100,6,100.0,0.0,100.0,0.0,100.0,0.0,100.0,0.0,100.0,0.0,78.0,22.0,100.0,0.0,100.0,0.0,98.0,4146.0,22,22,100,0,100,0,200,0,100.0,22731.0,100.0,43053438912.0,100.0,117121412805.0
2018-09-23,Z305EM49,ST4000DM000,4000787030016,0,118,186311968,94,0,100,6,100,0,81,141329083,74,22781,100,0,100,6,100.0,0.0,100.0,0.0,100.0,0.0,100.0,0.0,100.0,0.0,78.0,22.0,100.0,0.0,100.0,0.0,98.0,4146.0,22,22,100,0,100,0,200,0,100.0,22755.0,100.0,43055126672.0,100.0,117239102799.0
2018-09-24,Z305EM49,ST4000DM000,4000787030016,0,114,79358968,94,0,100,6,100,0,81,142181714,74,22805,100,0,100,6,100.0,0.0,100.0,0.0,100.0,0.0,100.0,0.0,100.0,0.0,78.0,22.0,100.0,0.0,100.0,0.0,98.0,4146.0,22,22,100,0,100,0,200,0,100.0,22779.0,100.0,43059281240.0,100.0,117406722549.0
2018-09-25,Z305EM49,ST4000DM000,4000787030016,0,118,188292728,94,0,100,6,100,0,81,143615509,74,22829,100,0,100,6,100.0,0.0,100.0,0.0,100.0,0.0,100.0,0.0,100.0,0.0,78.0,22.0,100.0,0.0,100.0,0.0,98.0,4146.0,22,22,100,0,100,0,200,0,100.0,22802.0,100.0,43064520672.0,100.0,117580545966.0
2018-09-26,Z305EM49,ST4000DM000,4000787030016,0,119,214616000,94,0,100,6,100,0,81,144648739,74,22852,100,0,100,6,100.0,0.0,100.0,0.0,100.0,0.0,100.0,0.0,100.0,0.0,78.0,22.0,100.0,0.0,100.0,0.0,98.0,4147.0,22,22,100,0,100,0,200,0,100.0,22826.0,100.0,43066645296.0,100.0,117742461720.0
2018-09-27,Z305EM49,ST4000DM000,4000787030016,0,117,144402448,94,0,100,6,100,0,81,145924835,74,22877,100,0,100,6,100.0,0.0,100.0,0.0,100.0,0.0,100.0,0.0,100.0,0.0,78.0,22.0,100.0,0.0,100.0,0.0,98.0,4161.0,22,22,100,0,100,0,200,0,100.0,22851.0,100.0,43070396312.0,100.0,117851957426.0
2018-09-28,Z305EM49,ST4000DM000,4000787030016,0,116,113255480,94,0,100,6,100,0,81,146553458,74,22901,100,0,100,6,100.0,0.0,100.0,0.0,100.0,0.0,100.0,0.0,100.0,0.0,78.0,22.0,100.0,0.0,100.0,0.0,98.0,4161.0,22,22,100,0,100,0,200,0,100.0,22875.0,100.0,43072594072.0,100.0,117982478780.0
2018-09-29,Z305EM49,ST4000DM000,4000787030016,0,107,14456624,94,0,100,6,100,0,81,147987027,74,22924,100,0,100,6,100.0,0.0,100.0,0.0,100.0,0.0,100.0,0.0,100.0,0.0,78.0,22.0,100.0,0.0,100.0,0.0,98.0,4161.0,22,22,100,0,100,0,200,0,100.0,22898.0,100.0,43077293600.0,100.0,118125820750.0
2018-09-30,Z305EM49,ST4000DM000,4000787030016,0,109,22313392,94,0,100,6,100,0,81,148603421,74,22949,100,0,100,6,100.0,0.0,100.0,0.0,100.0,0.0,100.0,0.0,100.0,0.0,78.0,22.0,100.0,0.0,100.0,0.0,98.0,4167.0,22,22,100,0,100,0,200,0,100.0,22923.0,100.0,43079025576.0,100.0,118258233337.0
2018-10-01,Z305EM49,ST4000DM000,4000787030016,0,112,48909936,94,0,100,6,100,0,81,149379832,74,22973,100,0,100,6,100.0,0.0,100.0,0.0,100.0,0.0,100.0,0.0,100.0,0.0,78.0,22.0,100.0,0.0,100.0,0.0,98.0,4169.0,22,22,100,0,100,0,200,0,100.0,22947.0,100.0,43080950056.0,100.0,118406973248.0
2018-10-02,Z305EM49,ST4000DM000,4000787030016,0,118,195525968,94,0,100,6,100,0,81,150722703,74,22996,100,0,100,6,100.0,0.0,100.0,0.0,100.0,0.0,100.0,0.0,100.0,0.0,78.0,22.0,100.0,0.0,100.0,0.0,98.0,4170.0,22,22,100,0,100,0,200,0,100.0,22970.0,100.0,43084873632.0,100.0,118554144858.0
2018-10-03,Z305EM49,ST4000DM000,4000787030016,0,117,150847408,94,0,100,6,100,0,81,151726634,74,23021,100,0,100,6,100.0,0.0,100.0,0.0,100.0,0.0,100.0,0.0,100.0,0.0,78.0,22.0,100.0,0.0,100.0,0.0,98.0,4170.0,22,22,100,0,100,0,200,0,100.0,22994.0,100.0,43086708032.0,100.0,118751984118.0
2018-10-04,Z305EM49,ST4000DM000,4000787030016,0,119.0,214748768.0,94.0,0.0,100.0,6.0,100.0,0.0,81.0,152853702.0,74.0,23045.0,100.0,0.0,100.0,6.0,100.0,0.0,100.0,0.0,100.0,0.0,100.0,0.0,100.0,0.0,78.0,22.0,100.0,0.0,100.0,0.0,98.0,4175.0,22.0,22.0,100.0,0.0,100.0,0.0,200.0,0.0,100.0,23018.0,100.0,43091228904.0,100.0,118881328123.0
2018-10-05,Z305EM49,ST4000DM000,4000787030016,0,115,96785456,94,0,100,6,100,0,81,153607866,74,23069,100,0,100,6,100.0,0.0,100.0,0.0,100.0,0.0,100.0,0.0,100.0,0.0,78.0,22.0,100.0,0.0,100.0,0.0,98.0,4175.0,22,22,100,0,100,0,200,0,100.0,23043.0,100.0,43092886200.0,100.0,119041935048.0
2018-10-06,Z305EM49,ST4000DM000,4000787030016,0,114,70943000,94,0,100,6,100,0,81,154234629,74,23093,100,0,100,6,100.0,0.0,100.0,0.0,100.0,0.0,100.0,0.0,100.0,0.0,77.0,23.0,100.0,0.0,100.0,0.0,98.0,4175.0,23,23,100,0,100,0,200,0,100.0,23067.0,100.0,43094812736.0,100.0,119160816011.0
2018-10-07,Z305EM49,ST4000DM000,4000787030016,0,114,75581504,94,0,100,6,100,0,81,154987671,74,23117,100,0,100,6,100.0,0.0,100.0,0.0,100.0,0.0,100.0,0.0,100.0,0.0,78.0,22.0,100.0,0.0,100.0,0.0,98.0,4176.0,22,22,100,0,100,0,200,0,100.0,23091.0,100.0,43097757104.0,100.0,119286576976.0
2018-10-08,Z305EM49,ST4000DM000,4000787030016,0,116,103717016,94,0,100,6,100,0,81,156640959,74,23141,100,0,100,6,100.0,0.0,100.0,0.0,100.0,0.0,100.0,0.0,100.0,0.0,78.0,22.0,100.0,0.0,100.0,0.0,98.0,4176.0,22,22,100,0,100,0,200,0,100.0,23114.0,100.0,43102347064.0,100.0,119420361904.0
2018-10-09,Z305EM49,ST4000DM000,4000787030016,0,106.0,11628152.0,94.0,0.0,100.0,6.0,100.0,0.0,81.0,158272592.0,74.0,23164.0,100.0,0.0,100.0,6.0,100.0,0.0,100.0,0.0,100.0,0.0,100.0,0.0,100.0,0.0,78.0,22.0,100.0,0.0,100.0,0.0,98.0,4176.0,22.0,22.0,100.0,0.0,100.0,0.0,200.0,0.0,100.0,23138.0,100.0,43106088256.0,100.0,119585105860.0
2018-10-10,Z305EM49,ST4000DM000,4000787030016,0,119,208985296,94,0,100,6,100,0,81,159529108,74,23189,100,0,100,6,100.0,0.0,100.0,0.0,100.0,0.0,100.0,0.0,100.0,0.0,78.0,22.0,100.0,0.0,100.0,0.0,98.0,4177.0,22,22,100,0,100,0,200,0,100.0,23163.0,100.0,43108629152.0,100.0,119737778983.0
2018-10-11,Z305EM49,ST4000DM000,4000787030016,0,114,60830824,94,0,100,6,100,0,81,160906570,74,23213,100,0,100,6,100.0,0.0,100.0,0.0,100.0,0.0,100.0,0.0,100.0,0.0,78.0,22.0,100.0,0.0,100.0,0.0,98.0,4184.0,22,22,100,0,100,0,200,0,100.0,23187.0,100.0,43112969080.0,100.0,119868304636.0
2018-10-12,Z305EM49,ST4000DM000,4000787030016,0,111,40313216,94,0,100,6,100,0,81,162044493,74,23237,100,0,100,6,100.0,0.0,100.0,0.0,100.0,0.0,100.0,0.0,100.0,0.0,78.0,22.0,100.0,0.0,100.0,0.0,98.0,4184.0,22,22,100,0,100,0,200,0,100.0,23211.0,100.0,43114643288.0,100.0,120025249420.0
2018-10-13,Z305EM49,ST4000DM000,4000787030016,0,119,205946504,94,0,100,6,100,0,81,162772520,74,23261,100,0,100,6,100.0,0.0,100.0,0.0,100.0,0.0,100.0,0.0,100.0,0.0,78.0,22.0,100.0,0.0,100.0,0.0,98.0,4184.0,22,22,100,0,100,0,200,0,100.0,23234.0,100.0,43116667976.0,100.0,120165707659.0
2018-10-14,Z305EM49,ST4000DM000,4000787030016,0,117,165629264,94,0,100,6,100,0,81,163509618,74,23284,100,0,100,6,100.0,0.0,100.0,0.0,100.0,0.0,100.0,0.0,100.0,0.0,78.0,22.0,100.0,0.0,100.0,0.0,98.0,4185.0,22,22,100,0,100,0,200,0,100.0,23258.0,100.0,43118370448.0,100.0,120320262167.0
2018-10-15,Z305EM49,ST4000DM000,4000787030016,0,116,102524008,94,0,100,6,100,0,81,164112693,74,23309,100,0,100,6,100.0,0.0,100.0,0.0,100.0,0.0,100.0,0.0,100.0,0.0,78.0,22.0,100.0,0.0,100.0,0.0,98.0,4185.0,22,22,100,0,100,0,200,0,100.0,23283.0,100.0,43119764808.0,100.0,120461090625.0
2018-10-16,Z305EM49,ST4000DM000,4000787030016,0,120,235926712,94,0,100,6,100,0,81,166399491,74,23333,100,0,100,6,100.0,0.0,100.0,0.0,100.0,0.0,100.0,0.0,100.0,0.0,78.0,22.0,100.0,0.0,100.0,0.0,98.0,4185.0,22,22,100,0,100,0,200,0,100.0,23307.0,100.0,43125649728.0,100.0,120677503990.0
2018-10-17,Z305EM49,ST4000DM000,4000787030016,0,114,66141040,94,0,100,6,100,0,81,166818896,74,23357,100,0,100,6,100.0,0.0,100.0,0.0,100.0,0.0,100.0,0.0,100.0,0.0,78.0,22.0,100.0,0.0,100.0,0.0,98.0,4210.0,22,22,100,0,100,0,200,0,100.0,23331.0,100.0,43127888080.0,100.0,120800122624.0
2018-10-18,Z305EM49,ST4000DM000,4000787030016,0,119,228281888,94,0,100,6,100,0,81,167747486,74,23382,100,0,100,6,100.0,0.0,100.0,0.0,100.0,0.0,100.0,0.0,100.0,0.0,78.0,22.0,100.0,0.0,100.0,0.0,98.0,4217.0,22,22,100,0,100,0,200,0,100.0,23356.0,100.0,43132449936.0,100.0,120961261146.0
2018-10-19,Z305EM49,ST4000DM000,4000787030016,0,117,147051912,94,0,100,6,100,0,82,168188796,74,23406,100,0,100,6,100.0,0.0,100.0,0.0,100.0,0.0,100.0,0.0,100.0,0.0,78.0,22.0,100.0,0.0,100.0,0.0,98.0,4218.0,22,22,100,0,100,0,200,0,100.0,23380.0,100.0,43134971432.0,100.0,121134071906.0
2018-10-20,Z305EM49,ST4000DM000,4000787030016,0,118,195088424,94,0,100,6,100,0,82,168620544,74,23430,100,0,100,6,100.0,0.0,100.0,0.0,100.0,0.0,100.0,0.0,100.0,0.0,78.0,22.0,100.0,0.0,100.0,0.0,98.0,4219.0,22,22,100,0,100,0,200,0,100.0,23404.0,100.0,43137227432.0,100.0,121299396044.0
2018-10-21,Z305EM49,ST4000DM000,4000787030016,0,114,77554888,94,0,100,6,100,0,82,168982167,74,23455,100,0,100,6,100.0,0.0,100.0,0.0,100.0,0.0,100.0,0.0,100.0,0.0,78.0,22.0,100.0,0.0,100.0,0.0,98.0,4219.0,22,22,100,0,100,0,200,0,100.0,23429.0,100.0,43139639736.0,100.0,121440910509.0
2018-10-22,Z305EM49,ST4000DM000,4000787030016,0,109,21277240,94,0,100,6,100,0,82,169388316,74,23479,100,0,100,6,100.0,0.0,100.0,0.0,100.0,0.0,100.0,0.0,100.0,0.0,78.0,22.0,100.0,0.0,100.0,0.0,98.0,4219.0,22,22,100,0,100,0,200,0,100.0,23452.0,100.0,43142869512.0,100.0,121614508868.0
2018-10-23,Z305EM49,ST4000DM000,4000787030016,0,116,106434296,94,0,100,6,100,0,82,171422912,74,23502,100,0,100,6,100.0,0.0,100.0,0.0,100.0,0.0,100.0,0.0,100.0,0.0,77.0,23.0,100.0,0.0,100.0,0.0,98.0,4220.0,23,23,100,0,100,0,200,0,100.0,23476.0,100.0,43147960576.0,100.0,121810733381.0
2018-10-24,Z305EM49,ST4000DM000,4000787030016,0,119,228051080,94,0,100,6,100,0,82,172162336,74,23526,100,0,100,6,100.0,0.0,100.0,0.0,100.0,0.0,100.0,0.0,100.0,0.0,77.0,23.0,100.0,0.0,100,0,98.0,4221.0,23,23,100,0,100,0,200,0,100.0,23500.0,100.0,43150691520.0,100.0,121976081399.0
2018-10-25,Z305EM49,ST4000DM000,4000787030016,0,111,31996936,94,0,100,6,100,0,82,173459139,74,23546,100,0,100,6,100.0,0.0,100.0,0.0,100.0,0.0,100.0,0.0,100.0,0.0,77.0,23.0,100.0,0.0,100.0,0.0,98.0,4228.0,23,23,100,0,100,0,200,0,100.0,23520.0,100.0,43154703192.0,100.0,122086531699.0
2018-10-26,Z305EM49,ST4000DM000,4000787030016,0,101,3530336,94,0,100,6,100,0,82,175618548,74,23570,100,0,100,6,100.0,0.0,100.0,0.0,100.0,0.0,100.0,0.0,100.0,0.0,77.0,23.0,100.0,0.0,100.0,0.0,98.0,4231.0,23,23,100,0,100,0,200,0,100.0,23544.0,100.0,43156362832.0,100.0,122252436055.0
2018-10-27,Z305EM49,ST4000DM000,4000787030016,0,118,192035432,94,0,100,6,100,0,82,176740603,74,23595,100,0,100,6,100.0,0.0,100.0,0.0,100.0,0.0,100.0,0.0,100.0,0.0,77.0,23.0,100.0,0.0,100.0,0.0,98.0,4231.0,23,23,100,0,100,0,200,0,100.0,23569.0,100.0,43158857864.0,100.0,122451216733.0
2018-10-28,Z305EM49,ST4000DM000,4000787030016,0,116,110528576,94,0,100,6,100,0,82,177387868,74,23619,100,0,100,6,100.0,0.0,100.0,0.0,100.0,0.0,100.0,0.0,100.0,0.0,77.0,23.0,100.0,0.0,100.0,0.0,98.0,4231.0,23,23,100,0,100,0,200,0,100.0,23592.0,100.0,43161378376.0,100.0,122586976793.0
2018-10-29,Z305EM49,ST4000DM000,4000787030016,0,112,42197008,94,0,100,6,100,0,82,177926354,74,23643,100,0,100,6,100.0,0.0,100.0,0.0,100.0,0.0,100.0,0.0,100.0,0.0,77.0,23.0,100.0,0.0,100.0,0.0,98.0,4231.0,23,23,100,0,100,0,200,0,100.0,23616.0,100.0,43163605040.0,100.0,122703274419.0
2018-10-30,Z305EM49,ST4000DM000,4000787030016,0,120,240853720,94,0,100,6,100,0,82,179276838,73,23667,100,0,100,6,100.0,0.0,100.0,0.0,100.0,0.0,100.0,0.0,100.0,0.0,77.0,23.0,100.0,0.0,100.0,0.0,98.0,4231.0,23,23,100,0,100,0,200,0,100.0,23640.0,100.0,43168630272.0,100.0,122875263823.0
2018-10-31,Z305EM49,ST4000DM000,4000787030016,0,116,109519552,94.0,0.0,100.0,6.0,100.0,0.0,82.0,180974987.0,73,23691,100.0,0.0,100,6,100.0,0.0,100.0,0.0,100.0,0.0,100.0,0.0,100.0,0.0,77.0,23.0,100.0,0.0,100.0,0.0,98.0,4231.0,23,23,100.0,0.0,100.0,0.0,200.0,0.0,100.0,23664.0,100.0,43170769584.0,100.0,123051746515.0
2018-11-01,Z305EM49,ST4000DM000,4000787030016,0,111,36603208,94.0,0.0,100.0,6.0,100.0,0.0,82.0,182526262.0,73,23721,100.0,0.0,100,6,100.0,0.0,100.0,0.0,100.0,0.0,100.0,0.0,100.0,0.0,76.0,24.0,100.0,0.0,100.0,0.0,98.0,4241.0,24,24,100.0,0.0,100.0,0.0,200.0,0.0,100.0,23695.0,100.0,43174855032.0,100.0,123223108026.0
2018-11-02,Z305EM49,ST4000DM000,4000787030016,0,111,34617480,94.0,0.0,100.0,6.0,100.0,0.0,82.0,183288263.0,73,23745,100.0,0.0,100,6,100.0,0.0,100.0,0.0,100.0,0.0,100.0,0.0,100.0,0.0,77.0,23.0,100.0,0.0,100.0,0.0,98.0,4241.0,23,23,100.0,0.0,100.0,0.0,200.0,0.0,100.0,23719.0,100.0,43176238472.0,100.0,123337108476.0
2018-11-03,Z305EM49,ST4000DM000,4000787030016,0,116,116671976,94.0,0.0,100.0,6.0,100.0,0.0,82.0,183907116.0,73,23769,100.0,0.0,100,6,100.0,0.0,100.0,0.0,100.0,0.0,100.0,0.0,100.0,0.0,77.0,23.0,100.0,0.0,100.0,0.0,98.0,4241.0,23,23,100.0,0.0,100.0,0.0,200.0,0.0,100.0,23742.0,100.0,43178416960.0,100.0,123479484800.0
2018-11-04,Z305EM49,ST4000DM000,4000787030016,0,118,180564312,94.0,0.0,100.0,6.0,100.0,0.0,82.0,184567015.0,73,23792,100.0,0.0,100,6,100.0,0.0,100.0,0.0,100.0,0.0,100.0,0.0,100.0,0.0,77.0,23.0,100.0,0.0,100.0,0.0,98.0,4241.0,23,23,100.0,0.0,100.0,0.0,200.0,0.0,100.0,23766.0,100.0,43180203968.0,100.0,123629521845.0
2018-11-05,Z305EM49,ST4000DM000,4000787030016,0,115,83918608,94.0,0.0,100.0,6.0,100.0,0.0,82.0,185450315.0,73,23817,100.0,0.0,100,6,100.0,0.0,100.0,0.0,100.0,0.0,100.0,0.0,100.0,0.0,77.0,23.0,100.0,0.0,100.0,0.0,98.0,4241.0,23,23,100.0,0.0,100.0,0.0,200.0,0.0,100.0,23790.0,100.0,43182677280.0,100.0,123773209424.0
2018-11-06,Z305EM49,ST4000DM000,4000787030016,0,115.0,91589304.0,94.0,0.0,100.0,6.0,100.0,0.0,82.0,186586016.0,73.0,23840.0,100.0,0.0,100.0,6.0,100.0,0.0,100.0,0.0,100.0,0.0,100.0,0.0,100.0,0.0,77.0,23.0,100.0,0.0,100.0,0.0,98.0,4241.0,23.0,23.0,100.0,0.0,100.0,0.0,200.0,0.0,100.0,23814.0,100.0,43186713480.0,100.0,123913282088.0
2018-11-07,Z305EM49,ST4000DM000,4000787030016,0,118.0,182966368.0,94.0,0.0,100.0,6.0,100.0,0.0,82.0,187688983.0,73.0,23864.0,100.0,0.0,100.0,6.0,100.0,0.0,100.0,0.0,100.0,0.0,100.0,0.0,100.0,0.0,77.0,23.0,100.0,0.0,100.0,0.0,98.0,4242.0,23.0,23.0,100.0,0.0,100.0,0.0,200.0,0.0,100.0,23838.0,100.0,43192927088.0,100.0,124109316919.0
2018-11-08,Z305EM49,ST4000DM000,4000787030016,0,112.0,47320360.0,94.0,0.0,100.0,6.0,100.0,0.0,82.0,188918024.0,73.0,23889.0,100.0,0.0,100.0,6.0,100.0,0.0,100.0,0.0,100.0,0.0,100.0,0.0,100.0,0.0,78.0,22.0,100.0,0.0,100.0,0.0,98.0,4245.0,22.0,22.0,100.0,0.0,100.0,0.0,200.0,0.0,100.0,23863.0,100.0,43198938752.0,100.0,124256288969.0
2018-11-09,Z305EM49,ST4000DM000,4000787030016,0,113,55650456,94.0,0.0,100.0,6.0,100.0,0.0,82.0,189663315.0,73,23913,100.0,0.0,100,6,100.0,0.0,100.0,0.0,100.0,0.0,100.0,0.0,100.0,0.0,78.0,22.0,100.0,0.0,100.0,0.0,98.0,4249.0,22,22,100.0,0.0,100.0,0.0,200.0,0.0,100.0,23887.0,100.0,43200348872.0,100.0,124415011044.0
2018-11-10,Z305EM49,ST4000DM000,4000787030016,0,117,149975552,94.0,0.0,100.0,6.0,100.0,0.0,82.0,191402999.0,73,23938,100.0,0.0,100,6,100.0,0.0,100.0,0.0,100.0,0.0,100.0,0.0,100.0,0.0,78.0,22.0,100.0,0.0,100.0,0.0,98.0,4249.0,22,22,100.0,0.0,100.0,0.0,200.0,0.0,100.0,23911.0,100.0,43205442584.0,100.0,124568841747.0
2018-11-11,Z305EM49,ST4000DM000,4000787030016,0,118,195809384,94.0,0.0,100.0,6.0,100.0,0.0,82.0,192120560.0,73,23961,100.0,0.0,100,6,100.0,0.0,100.0,0.0,100.0,0.0,100.0,0.0,100.0,0.0,78.0,22.0,100.0,0.0,100.0,0.0,98.0,4249.0,22,22,100.0,0.0,100.0,0.0,200.0,0.0,100.0,23935.0,100.0,43207026328.0,100.0,124693646852.0
2018-11-12,Z305EM49,ST4000DM000,4000787030016,0,119,233674968,94.0,0.0,100.0,6.0,100.0,0.0,82.0,193153036.0,73,23985,100.0,0.0,100,6,100.0,0.0,100.0,0.0,100.0,0.0,100.0,0.0,100.0,0.0,78.0,22.0,100.0,0.0,100.0,0.0,98.0,4249.0,22,22,100.0,0.0,100.0,0.0,200.0,0.0,100.0,23959.0,100.0,43210119216.0,100.0,124824807023.0
2018-11-13,Z305EM49,ST4000DM000,4000787030016,0,117,151001336,94.0,0.0,100.0,6.0,100.0,0.0,82.0,194749621.0,73,24009,100.0,0.0,100,6,100.0,0.0,100.0,0.0,100.0,0.0,100.0,0.0,100.0,0.0,78.0,22.0,100.0,0.0,100.0,0.0,98.0,4249.0,22,22,100.0,0.0,100.0,0.0,200.0,0.0,100.0,23983.0,100.0,43213469488.0,100.0,125002938881.0
2018-11-14,Z305EM49,ST4000DM000,4000787030016,0,117,161216696,94.0,0.0,100.0,6.0,100.0,0.0,82.0,195899683.0,73,24033,100.0,0.0,100,6,100.0,0.0,100.0,0.0,100.0,0.0,100.0,0.0,100.0,0.0,77.0,23.0,100.0,0.0,100.0,0.0,98.0,4249.0,23,23,100.0,0.0,100.0,0.0,200.0,0.0,100.0,24007.0,100.0,43215678976.0,100.0,125146978221.0
2018-11-15,Z305EM49,ST4000DM000,4000787030016,0,113,54954664,94.0,0.0,100.0,6.0,100.0,0.0,82.0,197329787.0,73,24057,100.0,0.0,100,6,100.0,0.0,100.0,0.0,100.0,0.0,100.0,0.0,100.0,0.0,77.0,23.0,100.0,0.0,100.0,0.0,98.0,4255.0,23,23,100.0,0.0,100.0,0.0,200.0,0.0,100.0,24031.0,100.0,43219843392.0,100.0,125290667489.0
2018-11-16,Z305EM49,ST4000DM000,4000787030016,0,118,191528800,94.0,0.0,100.0,6.0,100.0,0.0,82.0,198370304.0,73,24081,100.0,0.0,100,6,100.0,0.0,100.0,0.0,100.0,0.0,100.0,0.0,100.0,0.0,77.0,23.0,100.0,0.0,100.0,0.0,98.0,4255.0,23,23,100.0,0.0,100.0,0.0,200.0,0.0,100.0,24055.0,100.0,43222643600.0,100.0,125448265188.0
2018-11-17,Z305EM49,ST4000DM000,4000787030016,0,112.0,42131312.0,94.0,0.0,100.0,6.0,100.0,0.0,82.0,199157145.0,73.0,24106.0,100.0,0.0,100.0,6.0,100.0,0.0,100.0,0.0,100.0,0.0,100.0,0.0,100.0,0.0,77.0,23.0,100.0,0.0,100.0,0.0,98.0,4256.0,23.0,23.0,100.0,0.0,100.0,0.0,200.0,0.0,100.0,24079.0,100.0,43224200816.0,100.0,125601311850.0
2018-11-18,Z305EM49,ST4000DM000,4000787030016,0,114,67578904,94.0,0.0,100.0,6.0,100.0,0.0,82.0,200722343.0,73,24129,100.0,0.0,100,6,100.0,0.0,100.0,0.0,100.0,0.0,100.0,0.0,100.0,0.0,77.0,23.0,100.0,0.0,100.0,0.0,98.0,4257.0,23,23,100.0,0.0,100.0,0.0,200.0,0.0,100.0,24103.0,100.0,43228583776.0,100.0,125768773948.0
2018-11-19,Z305EM49,ST4000DM000,4000787030016,0,111,38868752,94.0,0.0,100.0,6.0,100.0,0.0,83.0,201782652.0,73,24153,100.0,0.0,100,6,100.0,0.0,100.0,0.0,100.0,0.0,100.0,0.0,100.0,0.0,77.0,23.0,100.0,0.0,100.0,0.0,98.0,4257.0,23,23,100.0,0.0,100.0,0.0,200.0,0.0,100.0,24127.0,100.0,43230911160.0,100.0,125967525988.0
2018-11-20,Z305EM49,ST4000DM000,4000787030016,0,119,212184200,94.0,0.0,100.0,6.0,100.0,0.0,83.0,202594799.0,73,24177,100.0,0.0,100,6,100.0,0.0,100.0,0.0,100.0,0.0,100.0,0.0,100.0,0.0,77.0,23.0,100.0,0.0,100.0,0.0,98.0,4295.0,23,23,100.0,0.0,100.0,0.0,200.0,0.0,100.0,24151.0,100.0,43233819160.0,100.0,126103470006.0
2018-11-21,Z305EM49,ST4000DM000,4000787030016,0,117,133245312,94.0,0.0,100.0,6.0,100.0,0.0,83.0,203007026.0,73,24201,100.0,0.0,100,6,100.0,0.0,100.0,0.0,100.0,0.0,100.0,0.0,100.0,0.0,77.0,23.0,100.0,0.0,100.0,0.0,98.0,4296.0,23,23,100.0,0.0,100.0,0.0,200.0,0.0,100.0,24174.0,100.0,43236531232.0,100.0,126267478491.0
2018-11-22,Z305EM49,ST4000DM000,4000787030016,0,120,235039208,94.0,0.0,100.0,6.0,100.0,0.0,83.0,203922925.0,73,24226,100.0,0.0,100,6,100.0,0.0,100.0,0.0,100.0,0.0,100.0,0.0,100.0,0.0,76.0,24.0,100.0,0.0,100.0,0.0,98.0,4299.0,24,24,100.0,0.0,100.0,0.0,200.0,0.0,100.0,24199.0,100.0,43241120896.0,100.0,126427328947.0
2018-11-23,Z305EM49,ST4000DM000,4000787030016,0,111,32306280,94.0,0.0,100.0,6.0,100.0,0.0,83.0,204361025.0,73,24249,100.0,0.0,100,6,100.0,0.0,100.0,0.0,100.0,0.0,100.0,0.0,100.0,0.0,77.0,23.0,100.0,0.0,100.0,0.0,98.0,4300.0,23,23,100.0,0.0,100.0,0.0,200.0,0.0,100.0,24223.0,100.0,43243902112.0,100.0,126597801353.0
2018-11-24,Z305EM49,ST4000DM000,4000787030016,0,117,142773480,94.0,0.0,100.0,6.0,100.0,0.0,83.0,204719951.0,73,24273,100.0,0.0,100,6,100.0,0.0,100.0,0.0,100.0,0.0,100.0,0.0,100.0,0.0,77.0,23.0,100.0,0.0,100.0,0.0,98.0,4301.0,23,23,100.0,0.0,100.0,0.0,200.0,0.0,100.0,24247.0,100.0,43246338408.0,100.0,126733579078.0
2018-11-25,Z305EM49,ST4000DM000,4000787030016,0,110,29278928,94.0,0.0,100.0,6.0,100.0,0.0,83.0,205089732.0,73,24297,100.0,0.0,100,6,100.0,0.0,100.0,0.0,100.0,0.0,100.0,0.0,100.0,0.0,77.0,23.0,100.0,0.0,100.0,0.0,98.0,4302.0,23,23,100.0,0.0,100.0,0.0,200.0,0.0,100.0,24270.0,100.0,43248550056.0,100.0,126904111027.0
2018-11-26,Z305EM49,ST4000DM000,4000787030016,0,115,86999376,94.0,0.0,100.0,6.0,100.0,0.0,83.0,206854260.0,73,24321,100.0,0.0,100,6,100.0,0.0,100.0,0.0,100.0,0.0,100.0,0.0,100.0,0.0,77.0,23.0,100.0,0.0,100.0,0.0,98.0,4303.0,23,23,100.0,0.0,100.0,0.0,200.0,0.0,100.0,24295.0,100.0,43253590920.0,100.0,127102410728.0
2018-11-27,Z305EM49,ST4000DM000,4000787030016,0,100,2885296,94.0,0.0,100.0,6.0,100.0,0.0,83.0,207995575.0,73,24345,100.0,0.0,100,6,100.0,0.0,100.0,0.0,100.0,0.0,100.0,0.0,100.0,0.0,77.0,23.0,100.0,0.0,100.0,0.0,98.0,4305.0,23,23,100.0,0.0,100.0,0.0,200.0,0.0,100.0,24319.0,100.0,43256730328.0,100.0,127274593019.0
2018-11-28,Z305EM49,ST4000DM000,4000787030016,0,117,124605488,94.0,0.0,100.0,6.0,100.0,0.0,83.0,210399316.0,73,24369,100.0,0.0,100,6,100.0,0.0,100.0,0.0,100.0,0.0,100.0,0.0,100.0,0.0,77.0,23.0,100.0,0.0,100.0,0.0,98.0,4305.0,23,23,100.0,0.0,100.0,0.0,200.0,0.0,100.0,24342.0,100.0,43258403496.0,100.0,127438540038.0
2018-11-29,Z305EM49,ST4000DM000,4000787030016,0,112,47685032,94.0,0.0,100.0,6.0,100.0,0.0,83.0,211776889.0,73,24394,100.0,0.0,100,6,100.0,0.0,100.0,0.0,100.0,0.0,100.0,0.0,100.0,0.0,78.0,22.0,100.0,0.0,100.0,0.0,98.0,4311.0,22,22,100.0,0.0,100.0,0.0,200.0,0.0,100.0,24367.0,100.0,43262877552.0,100.0,127614541848.0
2018-11-30,Z305EM49,ST4000DM000,4000787030016,0,117,162147576,94.0,0.0,100.0,6.0,100.0,0.0,83.0,212597570.0,73,24417,100.0,0.0,100,6,100.0,0.0,100.0,0.0,100.0,0.0,100.0,0.0,100.0,0.0,77.0,23.0,100.0,0.0,100.0,0.0,98.0,4312.0,23,23,100.0,0.0,100.0,0.0,200.0,0.0,100.0,24391.0,100.0,43265400720.0,100.0,127775624256.0
2018-12-01,Z305EM49,ST4000DM000,4000787030016,0,117,147870392,94.0,0.0,100.0,6.0,100.0,0.0,83.0,213185072.0,73,24441,100.0,0.0,100,6,100.0,0.0,100.0,0.0,100.0,0.0,100.0,0.0,100.0,0.0,78.0,22.0,100.0,0.0,100.0,0.0,98.0,4312.0,22,22,100.0,0.0,100.0,0.0,200.0,0.0,100.0,24415.0,100.0,43267775160.0,100.0,127905681883.0
2018-12-02,Z305EM49,ST4000DM000,4000787030016,0,118,200498208,94.0,0.0,100.0,6.0,100.0,0.0,83.0,213866944.0,73,24465,100.0,0.0,100,6,100.0,0.0,100.0,0.0,100.0,0.0,100.0,0.0,100.0,0.0,78.0,22.0,100.0,0.0,100.0,0.0,98.0,4312.0,22,22,100.0,0.0,100.0,0.0,200.0,0.0,100.0,24438.0,100.0,43269919288.0,100.0,128054627648.0
2018-12-03,Z305EM49,ST4000DM000,4000787030016,0,112,49111248,94.0,0.0,100.0,6.0,100.0,0.0,83.0,215858503.0,73,24489,100.0,0.0,100,6,100.0,0.0,100.0,0.0,100.0,0.0,100.0,0.0,100.0,0.0,77.0,23.0,100.0,0.0,100.0,0.0,98.0,4313.0,23,23,100.0,0.0,100.0,0.0,200.0,0.0,100.0,24463.0,100.0,43275142696.0,100.0,128246071017.0
2018-12-04,Z305EM49,ST4000DM000,4000787030016,0,110,26879736,94.0,0.0,100.0,6.0,100.0,0.0,83.0,217176166.0,73,24514,100.0,0.0,100,6,100.0,0.0,100.0,0.0,100.0,0.0,100.0,0.0,100.0,0.0,77.0,23.0,100.0,0.0,100.0,0.0,98.0,4313.0,23,23,100.0,0.0,100.0,0.0,200.0,0.0,100.0,24487.0,100.0,43277739880.0,100.0,128419544287.0
2018-12-05,Z305EM49,ST4000DM000,4000787030016,0,117.0,118761840.0,94.0,0.0,100.0,6.0,100.0,0.0,83.0,218002686.0,72.0,24537.0,100.0,0.0,100.0,6.0,100.0,0.0,100.0,0.0,100.0,0.0,100.0,0.0,100.0,0.0,78.0,22.0,100.0,0.0,100.0,0.0,98.0,4314.0,22.0,22.0,100.0,0.0,100.0,0.0,200.0,0.0,100.0,24511.0,100.0,43279344648.0,100.0,128540155962.0
2018-12-06,Z305EM49,ST4000DM000,4000787030016,0,114,61661728,94.0,0.0,100.0,6.0,100.0,0.0,83.0,219012459.0,72,24560,100.0,0.0,100,6,100.0,0.0,100.0,0.0,100.0,0.0,100.0,0.0,100.0,0.0,77.0,23.0,100.0,0.0,100.0,0.0,98.0,4373.0,23,23,100.0,0.0,100.0,0.0,200.0,0.0,100.0,24533.0,100.0,43282789080.0,100.0,128653175100.0
2018-12-07,Z305EM49,ST4000DM000,4000787030016,0,119,230877640,94.0,0.0,100.0,6.0,100.0,0.0,83.0,219592351.0,72,24584,100.0,0.0,100,6,100.0,0.0,100.0,0.0,100.0,0.0,100.0,0.0,100.0,0.0,78.0,22.0,100.0,0.0,100.0,0.0,98.0,4373.0,22,22,100.0,0.0,100.0,0.0,200.0,0.0,100.0,24557.0,100.0,43284274624.0,100.0,128793153248.0
2018-12-08,Z305EM49,ST4000DM000,4000787030016,0,120,239957472,94.0,0.0,100.0,6.0,100.0,0.0,83.0,220198778.0,72,24608,100.0,0.0,100,6,100.0,0.0,100.0,0.0,100.0,0.0,100.0,0.0,100.0,0.0,77.0,23.0,100.0,0.0,100.0,0.0,98.0,4374.0,23,23,100.0,0.0,100.0,0.0,200.0,0.0,100.0,24581.0,100.0,43286412744.0,100.0,128921354837.0
2018-12-09,Z305EM49,ST4000DM000,4000787030016,0,117,117755136,94.0,0.0,100.0,6.0,100.0,0.0,83.0,220967936.0,72,24632,100.0,0.0,100,6,100.0,0.0,100.0,0.0,100.0,0.0,100.0,0.0,100.0,0.0,78.0,22.0,100.0,0.0,100.0,0.0,98.0,4374.0,22,22,100.0,0.0,100.0,0.0,200.0,0.0,100.0,24605.0,100.0,43288099360.0,100.0,129064416770.0
2018-12-10,Z305EM49,ST4000DM000,4000787030016,0,114,83194856,94.0,0.0,100.0,6.0,100.0,0.0,83.0,222077943.0,72,24656,100.0,0.0,100,6,100.0,0.0,100.0,0.0,100.0,0.0,100.0,0.0,100.0,0.0,78.0,22.0,100.0,0.0,100.0,0.0,98.0,4374.0,22,22,100.0,0.0,100.0,0.0,200.0,0.0,100.0,24629.0,100.0,43290631600.0,100.0,129244896391.0
2018-12-11,Z305EM49,ST4000DM000,4000787030016,0,108,18627040,94.0,0.0,100.0,6.0,100.0,0.0,83.0,224123878.0,72,24680,100.0,0.0,100,6,100.0,0.0,100.0,0.0,100.0,0.0,100.0,0.0,100.0,0.0,77.0,23.0,100.0,0.0,100.0,0.0,98.0,4374.0,23,23,100.0,0.0,100.0,0.0,200.0,0.0,100.0,24653.0,100.0,43295321176.0,100.0,129418638705.0
2018-12-12,Z305EM49,ST4000DM000,4000787030016,0,115,93738760,94.0,0.0,100.0,6.0,100.0,0.0,83.0,224870129.0,72,24704,100.0,0.0,100,6,100.0,0.0,100.0,0.0,100.0,0.0,100.0,0.0,100.0,0.0,77.0,23.0,100.0,0.0,100.0,0.0,98.0,4375.0,23,23,100.0,0.0,100.0,0.0,200.0,0.0,100.0,24677.0,100.0,43297607888.0,100.0,129573840690.0
2018-12-13,Z305EM49,ST4000DM000,4000787030016,0,118,192900928,94.0,0.0,100.0,6.0,100.0,0.0,83.0,225999441.0,72,24728,100.0,0.0,100,6,100.0,0.0,100.0,0.0,100.0,0.0,100.0,0.0,100.0,0.0,78.0,22.0,100.0,0.0,100.0,0.0,98.0,4386.0,22,22,100.0,0.0,100.0,0.0,200.0,0.0,100.0,24701.0,100.0,43301142360.0,100.0,129702845568.0
2018-12-14,Z305EM49,ST4000DM000,4000787030016,0,120,237195656,94.0,0.0,100.0,6.0,100.0,0.0,83.0,226792744.0,72,24752,100.0,0.0,100,6,100.0,0.0,100.0,0.0,100.0,0.0,100.0,0.0,100.0,0.0,78.0,22.0,100.0,0.0,100.0,0.0,98.0,4386.0,22,22,100.0,0.0,100.0,0.0,200.0,0.0,100.0,24725.0,100.0,43302777800.0,100.0,129844046529.0
2018-12-15,Z305EM49,ST4000DM000,4000787030016,0,111,40089888,94.0,0.0,100.0,6.0,100.0,0.0,83.0,227469124.0,72,24776,100.0,0.0,100,6,100.0,0.0,100.0,0.0,100.0,0.0,100.0,0.0,100.0,0.0,78.0,22.0,100.0,0.0,100.0,0.0,98.0,4386.0,22,22,100.0,0.0,100.0,0.0,200.0,0.0,100.0,24749.0,100.0,43304814656.0,100.0,129951554801.0
2018-12-16,Z305EM49,ST4000DM000,4000787030016,0,118,182140944,94.0,0.0,100.0,6.0,100.0,0.0,83.0,228559404.0,72,24800,100.0,0.0,100,6,100.0,0.0,100.0,0.0,100.0,0.0,100.0,0.0,100.0,0.0,77.0,23.0,100.0,0.0,100.0,0.0,98.0,4386.0,23,23,100.0,0.0,100.0,0.0,200.0,0.0,100.0,24773.0,100.0,43306644632.0,100.0,130109336449.0
2018-12-17,Z305EM49,ST4000DM000,4000787030016,0,108,16732600,94.0,0.0,100.0,6.0,100.0,0.0,83.0,229843919.0,72,24824,100.0,0.0,100,6,100.0,0.0,100.0,0.0,100.0,0.0,100.0,0.0,100.0,0.0,77.0,23.0,100.0,0.0,100.0,0.0,98.0,4386.0,23,23,100.0,0.0,100.0,0.0,200.0,0.0,100.0,24797.0,100.0,43309068856.0,100.0,130261803987.0
2018-12-18,Z305EM49,ST4000DM000,4000787030016,0,116,102961640,94.0,0.0,100.0,6.0,100.0,0.0,83.0,232238102.0,72,24848,100.0,0.0,100,6,100.0,0.0,100.0,0.0,100.0,0.0,100.0,0.0,100.0,0.0,78.0,22.0,100.0,0.0,100.0,0.0,98.0,4387.0,22,22,100.0,0.0,100.0,0.0,200.0,0.0,100.0,24821.0,100.0,43312936248.0,100.0,130450052670.0
2018-12-19,Z305EM49,ST4000DM000,4000787030016,0,118,201036112,94.0,0.0,100.0,6.0,100.0,0.0,83.0,233094352.0,72,24872,100.0,0.0,100,6,100.0,0.0,100.0,0.0,100.0,0.0,100.0,0.0,100.0,0.0,77.0,23.0,100.0,0.0,100.0,0.0,98.0,4389.0,23,23,100.0,0.0,100.0,0.0,200.0,0.0,100.0,24845.0,100.0,43314426792.0,100.0,130597714554.0
2018-12-20,Z305EM49,ST4000DM000,4000787030016,0,108,18529280,94.0,0.0,100.0,6.0,100.0,0.0,83.0,234293061.0,72,24896,100.0,0.0,100,6,100.0,0.0,100.0,0.0,100.0,0.0,100.0,0.0,100.0,0.0,78.0,22.0,100.0,0.0,100.0,0.0,98.0,4399.0,22,22,100.0,0.0,100.0,0.0,200.0,0.0,100.0,24869.0,100.0,43317977352.0,100.0,130734731875.0
2018-12-21,Z305EM49,ST4000DM000,4000787030016,0,119,215298368,94.0,0.0,100.0,6.0,100.0,0.0,84.0,234991570.0,72,24920,100.0,0.0,100,6,100.0,0.0,100.0,0.0,100.0,0.0,100.0,0.0,100.0,0.0,78.0,22.0,100.0,0.0,100.0,0.0,98.0,4400.0,22,22,100.0,0.0,100.0,0.0,200.0,0.0,100.0,24893.0,100.0,43319447856.0,100.0,130892279486.0
2018-12-22,Z305EM49,ST4000DM000,4000787030016,0,120,237999480,94.0,0.0,100.0,6.0,100.0,0.0,84.0,235801123.0,72,24944,100.0,0.0,100,6,100.0,0.0,100.0,0.0,100.0,0.0,100.0,0.0,100.0,0.0,77.0,23.0,100.0,0.0,100.0,0.0,98.0,4400.0,23,23,100.0,0.0,100.0,0.0,200.0,0.0,100.0,24917.0,100.0,43321306992.0,100.0,131086481874.0
2018-12-23,Z305EM49,ST4000DM000,4000787030016,0,119,221444072,94.0,0.0,100.0,6.0,100.0,0.0,84.0,236283566.0,72,24968,100.0,0.0,100,6,100.0,0.0,100.0,0.0,100.0,0.0,100.0,0.0,100.0,0.0,77.0,23.0,100.0,0.0,100.0,0.0,98.0,4418.0,23,23,100.0,0.0,100.0,0.0,200.0,0.0,100.0,24941.0,100.0,43323497304.0,100.0,131216343492.0
2018-12-24,Z305EM49,ST4000DM000,4000787030016,0,114,63489200,94.0,0.0,100.0,6.0,100.0,0.0,84.0,236781015.0,72,24991,100.0,0.0,100,6,100.0,0.0,100.0,0.0,100.0,0.0,100.0,0.0,100.0,0.0,77.0,23.0,100.0,0.0,100.0,0.0,98.0,4418.0,23,23,100.0,0.0,100.0,0.0,200.0,0.0,100.0,24965.0,100.0,43326526728.0,100.0,131383756751.0
2018-12-25,Z305EM49,ST4000DM000,4000787030016,0,118,200947592,94.0,0.0,100.0,6.0,100.0,0.0,84.0,238568067.0,72,25016,100.0,0.0,100,6,100.0,0.0,100.0,0.0,100.0,0.0,100.0,0.0,100.0,0.0,78.0,22.0,100.0,0.0,100.0,0.0,98.0,4418.0,22,22,100.0,0.0,100.0,0.0,200.0,0.0,100.0,24989.0,100.0,43331411624.0,100.0,131591131821.0
2018-12-26,Z305EM49,ST4000DM000,4000787030016,0,118,190221552,94.0,0.0,100.0,6.0,100.0,0.0,84.0,238955729.0,72,25040,100.0,0.0,100,6,100.0,0.0,100.0,0.0,100.0,0.0,100.0,0.0,100.0,0.0,78.0,22.0,100.0,0.0,100.0,0.0,98.0,4418.0,22,22,100.0,0.0,100.0,0.0,200.0,0.0,100.0,25013.0,100.0,43333554840.0,100.0,131749354507.0
2018-12-27,Z305EM49,ST4000DM000,4000787030016,0,117,164611584,94.0,0.0,100.0,6.0,100.0,0.0,84.0,239812383.0,72,25064,100.0,0.0,100,6,100.0,0.0,100.0,0.0,100.0,0.0,100.0,0.0,100.0,0.0,78.0,22.0,100.0,0.0,100.0,0.0,98.0,4423.0,22,22,100.0,0.0,100.0,0.0,200.0,0.0,100.0,25037.0,100.0,43337858184.0,100.0,131874966912.0
2018-12-28,Z305EM49,ST4000DM000,4000787030016,0,119,220353032,94.0,0.0,100.0,6.0,100.0,0.0,84.0,240245207.0,72,25088,100.0,0.0,100,6,100.0,0.0,100.0,0.0,100.0,0.0,100.0,0.0,100.0,0.0,78.0,22.0,100.0,0.0,100.0,0.0,98.0,4423.0,22,22,100.0,0.0,100.0,0.0,200.0,0.0,100.0,25061.0,100.0,43340136624.0,100.0,132059137809.0
2018-12-29,Z305EM49,ST4000DM000,4000787030016,0,117,140755072,94.0,0.0,100.0,6.0,100.0,0.0,84.0,240859163.0,72,25111,100.0,0.0,100,6,100.0,0.0,100.0,0.0,100.0,0.0,100.0,0.0,100.0,0.0,77.0,23.0,100.0,0.0,100.0,0.0,98.0,4423.0,23,23,100.0,0.0,100.0,0.0,200.0,0.0,100.0,25085.0,100.0,43342213224.0,100.0,132218263505.0
2018-12-30,Z305EM49,ST4000DM000,4000787030016,0,119,225234296,94.0,0.0,100.0,6.0,100.0,0.0,84.0,241799293.0,72,25136,100.0,0.0,100,6,100.0,0.0,100.0,0.0,100.0,0.0,100.0,0.0,100.0,0.0,78.0,22.0,100.0,0.0,100.0,0.0,98.0,4423.0,22,22,100.0,0.0,100.0,0.0,200.0,0.0,100.0,25109.0,100.0,43344559248.0,100.0,132388078331.0
2018-12-31,Z305EM49,ST4000DM000,4000787030016,0,117,160139224,94.0,0.0,100.0,6.0,100.0,0.0,84.0,244228849.0,72,25160,100.0,0.0,100,6,100.0,0.0,100.0,0.0,100.0,0.0,100.0,0.0,100.0,0.0,78.0,22.0,100.0,0.0,100.0,0.0,98.0,4423.0,22,22,100.0,0.0,100.0,0.0,200.0,0.0,100.0,25133.0,100.0,43347401648.0,100.0,132565302939.0
