2019-01-01,ZCH0D1X3,ST12000NM0007,12000138625024,0,78,64074384,96.0,0.0,100.0,4.0,100.0,0.0,82.0,143503438.0,91,8539,100.0,0.0,100,3,,,,,100.0,0.0,100.0,0.0,,,72.0,28.0,,,100.0,118.0,100.0,428.0,28,28,100.0,0.0,100.0,0.0,200.0,0.0,100.0,8480.0,100.0,50021446120.0,100.0,79925567582.0
2019-01-02,ZCH0D1X3,ST12000NM0007,12000138625024,0,81,125077320,96.0,0.0,100.0,4.0,100.0,0.0,82.0,147266417.0,91,8563,100.0,0.0,100,3,,,,,100.0,0.0,100.0,0.0,,,72.0,28.0,,,100.0,119.0,100.0,429.0,28,28,100.0,0.0,100.0,0.0,200.0,0.0,100.0,8504.0,100.0,50107167792.0,100.0,80144989622.0
2019-01-03,ZCH0D1X3,ST12000NM0007,12000138625024,0,81.0,124444048.0,96.0,0.0,100.0,4.0,100.0,0.0,82.0,149757678.0,91.0,8586.0,100.0,0.0,100.0,3.0,,,,,100.0,0.0,100.0,0.0,,,72.0,28.0,,,100.0,119.0,100.0,430.0,28.0,28.0,100.0,0.0,100.0,0.0,200.0,0.0,100.0,8526.0,100.0,50194246120.0,100.0,80301418734.0
2019-01-04,ZCH0D1X3,ST12000NM0007,12000138625024,0,83,178088016,96.0,0.0,100.0,4.0,100.0,0.0,82.0,152740612.0,91,8611,100.0,0.0,100,3,,,,,100.0,0.0,100.0,0.0,,,70.0,30.0,,,100.0,120.0,100.0,431.0,30,30,100.0,0.0,100.0,0.0,200.0,0.0,100.0,8551.0,100.0,50291448992.0,100.0,80502000510.0
2019-01-05,ZCH0D1X3,ST12000NM0007,12000138625024,0,83,193078000,96.0,0.0,100.0,4.0,100.0,0.0,82.0,155185259.0,91,8635,100.0,0.0,100,3,,,,,100.0,0.0,100.0,0.0,,,71.0,29.0,,,100.0,121.0,100.0,432.0,29,29,100.0,0.0,100.0,0.0,200.0,0.0,100.0,8575.0,100.0,50360199816.0,100.0,80692380542.0
2019-01-06,ZCH0D1X3,ST12000NM0007,12000138625024,0,74,27355784,96.0,0.0,100.0,4.0,100.0,0.0,82.0,159234705.0,91,8659,100.0,0.0,100,3,,,,,100.0,0.0,100.0,0.0,,,70.0,30.0,,,100.0,122.0,100.0,433.0,30,30,100.0,0.0,100.0,0.0,200.0,0.0,100.0,8599.0,100.0,50455657888.0,100.0,80919481766.0
2019-01-07,ZCH0D1X3,ST12000NM0007,12000138625024,0,75,33099840,96.0,0.0,100.0,4.0,100.0,0.0,82.0,161861989.0,91,8683,100.0,0.0,100,3,,,,,100.0,0.0,100.0,0.0,,,70.0,30.0,,,100.0,122.0,100.0,434.0,30,30,100.0,0.0,100.0,0.0,200.0,0.0,100.0,8623.0,100.0,50527026752.0,100.0,81097997662.0
2019-01-08,ZCH0D1X3,ST12000NM0007,12000138625024,0,77,52401272,96.0,0.0,100.0,4.0,100.0,0.0,82.0,165917880.0,91,8707,100.0,0.0,100,3,,,,,100.0,0.0,100.0,0.0,,,71.0,29.0,,,100.0,123.0,100.0,435.0,29,29,100.0,0.0,100.0,0.0,200.0,0.0,100.0,8647.0,100.0,50616357936.0,100.0,81272108542.0
2019-01-09,ZCH0D1X3,ST12000NM0007,12000138625024,0,80,92706440,96.0,0.0,100.0,4.0,100.0,0.0,82.0,168898983.0,91,8731,100.0,0.0,100,3,,,,,100.0,0.0,100.0,0.0,,,71.0,29.0,,,100.0,123.0,100.0,436.0,29,29,100.0,0.0,100.0,0.0,200.0,0.0,100.0,8671.0,100.0,50716070264.0,100.0,81456842142.0
2019-01-10,ZCH0D1X3,ST12000NM0007,12000138625024,0,82,142254136,96.0,0.0,100.0,4.0,100.0,0.0,82.0,171969728.0,91,8754,100.0,0.0,100,3,,,,,100.0,0.0,100.0,0.0,,,72.0,28.0,,,100.0,123.0,100.0,437.0,28,28,100.0,0.0,100.0,0.0,200.0,0.0,100.0,8694.0,100.0,50821935848.0,100.0,81644664910.0
2019-01-11,ZCH0D1X3,ST12000NM0007,12000138625024,0,80.0,96299280.0,96.0,0.0,100.0,4.0,100.0,0.0,82.0,174030912.0,90.0,8772.0,100.0,0.0,100.0,3.0,,,,,100.0,0.0,100.0,0.0,,,71.0,29.0,,,100.0,123.0,100.0,438.0,29.0,29.0,100.0,0.0,100.0,0.0,200.0,0.0,100.0,8712.0,100.0,50884421696.0,100.0,81780364918.0
2019-01-12,ZCH0D1X3,ST12000NM0007,12000138625024,0,82,162453320,96.0,0.0,100.0,4.0,100.0,0.0,82.0,177499777.0,90,8804,100.0,0.0,100,3,,,,,100.0,0.0,100.0,0.0,,,71.0,29.0,,,100.0,124.0,100.0,439.0,29,29,100.0,0.0,100.0,0.0,200.0,0.0,100.0,8743.0,100.0,50968102512.0,100.0,82006978798.0
2019-01-13,ZCH0D1X3,ST12000NM0007,12000138625024,0,82,148656344,96.0,0.0,100.0,4.0,100.0,0.0,83.0,181095851.0,90,8820,100.0,0.0,100,3,,,,,100.0,0.0,100.0,0.0,,,70.0,30.0,,,100.0,124.0,100.0,440.0,30,30,100.0,0.0,100.0,0.0,200.0,0.0,100.0,8759.0,100.0,51034550296.0,100.0,82170874894.0
2019-01-14,ZCH0D1X3,ST12000NM0007,12000138625024,0,74,24377952,96.0,0.0,100.0,4.0,100.0,0.0,83.0,185698702.0,90,8852,100.0,0.0,100,3,,,,,100.0,0.0,100.0,0.0,,,71.0,29.0,,,100.0,124.0,100.0,441.0,29,29,100.0,0.0,100.0,0.0,200.0,0.0,100.0,8791.0,100.0,51151265856.0,100.0,82418162326.0
2019-01-15,ZCH0D1X3,ST12000NM0007,12000138625024,0,83.0,208594920.0,96.0,0.0,100.0,4.0,100.0,0.0,83.0,188517482.0,90.0,8867.0,100.0,0.0,100.0,3.0,,,,,100.0,0.0,100.0,0.0,,,70.0,30.0,,,100.0,124.0,100.0,442.0,30.0,30.0,100.0,0.0,100.0,0.0,200.0,0.0,100.0,8807.0,100.0,51213952088.0,100.0,82539693062.0
2019-01-16,ZCH0D1X3,ST12000NM0007,12000138625024,0,77,46368072,96.0,0.0,100.0,4.0,100.0,0.0,83.0,193136468.0,90,8899,100.0,0.0,100,3,,,,,100.0,0.0,100.0,0.0,,,70.0,30.0,,,100,124,100.0,443.0,30,30,100.0,0.0,100.0,0.0,200.0,0.0,100.0,8838.0,100.0,51321040000.0,100.0,82758659806.0
2019-01-17,ZCH0D1X3,ST12000NM0007,12000138625024,0,84,235236336,96.0,0.0,100.0,4.0,100.0,0.0,83.0,195608136.0,90,8915,100.0,0.0,100,3,,,,,100.0,0.0,100.0,0.0,,,70.0,30.0,,,100,124,100.0,444.0,30,30,100.0,0.0,100.0,0.0,200.0,0.0,100.0,8854.0,100.0,51382971296.0,100.0,82885596774.0
2019-01-18,ZCH0D1X3,ST12000NM0007,12000138625024,0,76,36541400,96.0,0.0,100.0,4.0,100.0,0.0,83.0,199215913.0,90,8947,100.0,0.0,100,3,,,,,100.0,0.0,100.0,0.0,,,71.0,29.0,,,100,125,100.0,445.0,29,29,100.0,0.0,100.0,0.0,200.0,0.0,100.0,8886.0,100.0,51489664104.0,100.0,83068491142.0
2019-01-19,ZCH0D1X3,ST12000NM0007,12000138625024,0,84,228437312,96.0,0.0,100.0,4.0,100.0,0.0,83.0,201483031.0,90,8963,100.0,0.0,100,3,,,,,100.0,0.0,100.0,0.0,,,71.0,29.0,,,100,125,100.0,446.0,29,29,100.0,0.0,100.0,0.0,200.0,0.0,100.0,8901.0,100.0,51562961664.0,100.0,83187089494.0
2019-01-20,ZCH0D1X3,ST12000NM0007,12000138625024,0,80,97348616,96.0,0.0,100.0,4.0,100.0,0.0,83.0,206630222.0,90,8994,100.0,0.0,100,3,,,,,100.0,0.0,100.0,0.0,,,71.0,29.0,,,100,125,100.0,447.0,29,29,100.0,0.0,100.0,0.0,200.0,0.0,100.0,8933.0,100.0,51671153464.0,100.0,83436090550.0
2019-01-21,ZCH0D1X3,ST12000NM0007,12000138625024,0,72,17217888,96.0,0.0,100.0,4.0,100.0,0.0,83.0,208381669.0,90,9010,100.0,0.0,100,3,,,,,100.0,0.0,100.0,0.0,,,71.0,29.0,,,100,125,100.0,448.0,29,29,100.0,0.0,100.0,0.0,200.0,0.0,100.0,8948.0,100.0,51713230520.0,100.0,83558023558.0
2019-01-22,ZCH0D1X3,ST12000NM0007,12000138625024,0,81.0,113185896.0,96.0,0.0,100.0,4.0,100.0,0.0,83.0,213721990.0,90.0,9042.0,100.0,0.0,100.0,3.0,,,,,100.0,0.0,100.0,0.0,,,70.0,30.0,,,100.0,125.0,100.0,449.0,30.0,30.0,100.0,0.0,100.0,0.0,200.0,0.0,100.0,8980.0,100.0,51828701752.0,100.0,83782661022.0
2019-01-23,ZCH0D1X3,ST12000NM0007,12000138625024,0,75.0,35335224.0,96.0,0.0,100.0,4.0,100.0,0.0,83.0,215638417.0,90.0,9058.0,100.0,0.0,100.0,3.0,,,,,100.0,0.0,100.0,0.0,,,69.0,31.0,,,100.0,125.0,100.0,450.0,31.0,31.0,100.0,0.0,100.0,0.0,200.0,0.0,100.0,8996.0,100.0,51879737448.0,100.0,83897915390.0
2019-01-24,ZCH0D1X3,ST12000NM0007,12000138625024,0,81.0,125659802.0,96.0,0.0,100.0,4.0,100.0,0.0,83.0,220872590.0,90.0,9090.0,100.0,0.0,100.0,3.0,,,,,100.0,0.0,100.0,0.0,,,71.0,29.0,,,100.0,126.0,100.0,458.0,29.0,29.0,100.0,0.0,100.0,0.0,200.0,0.0,100.0,9027.0,100.0,51989324648.0,100.0,84122793488.0
2019-01-25,ZCH0D1X3,ST12000NM0007,12000138625024,0,68,5625752,96.0,0.0,100.0,4.0,100.0,0.0,83.0,222435686.0,90,9106,100.0,0.0,100,3,,,,,100.0,0.0,100.0,0.0,,,70.0,30.0,,,100,126,100.0,458.0,30,30,100.0,0.0,100.0,0.0,200.0,0.0,100.0,9043.0,100.0,52027141400.0,100.0,84209083488.0
2019-01-26,ZCH0D1X3,ST12000NM0007,12000138625024,0,78,57634824,96.0,0.0,100.0,4.0,100.0,0.0,84.0,226071903.0,90,9138,100.0,0.0,100,3,,,,,100.0,0.0,100.0,0.0,,,71.0,29.0,,,100,126,100.0,460.0,29,29,100.0,0.0,100.0,0.0,200.0,0.0,100.0,9075.0,100.0,52114359272.0,100.0,84418015328.0
2019-01-27,ZCH0D1X3,ST12000NM0007,12000138625024,0,70,10887312,96.0,0.0,100.0,4.0,100.0,0.0,84.0,229364466.0,90,9154,100.0,0.0,100,3,,,,,100.0,0.0,100.0,0.0,,,70.0,30.0,,,100,126,100.0,460.0,30,30,100.0,0.0,100.0,0.0,200.0,0.0,100.0,9090.0,100.0,52175544664.0,100.0,84554223192.0
2019-01-28,ZCH0D1X3,ST12000NM0007,12000138625024,0,76,39933488,96.0,0.0,100.0,4.0,100.0,0.0,84.0,232804640.0,90,9185,100.0,0.0,100,3,,,,,100.0,0.0,100.0,0.0,,,71.0,29.0,,,100,128,100.0,462.0,29,29,100.0,0.0,100.0,0.0,200.0,0.0,100.0,9122.0,100.0,52266443656.0,100.0,84736511040.0
2019-01-29,ZCH0D1X3,ST12000NM0007,12000138625024,0,83,193264320,96.0,0.0,100.0,4.0,100.0,0.0,84.0,235026858.0,90,9201,100.0,0.0,100,3,,,,,100.0,0.0,100.0,0.0,,,70.0,30.0,,,100,128,100.0,462.0,30,30,100.0,0.0,100.0,0.0,200.0,0.0,100.0,9137.0,100.0,52315724992.0,100.0,84840560536.0
2019-01-30,ZCH0D1X3,ST12000NM0007,12000138625024,0,77,46413784,96.0,0.0,100.0,4.0,100.0,0.0,84.0,239230909.0,90,9233,100.0,0.0,100,3,,,,,100.0,0.0,100.0,0.0,,,71.0,29.0,,,100,128,100.0,464.0,29,29,100.0,0.0,100.0,0.0,200.0,0.0,100.0,9169.0,100.0,52428346568.0,100.0,85069369976.0
2019-01-31,ZCH0D1X3,ST12000NM0007,12000138625024,0,81,128206392,96.0,0.0,100.0,4.0,100.0,0.0,84.0,242691648.0,90,9264,100.0,0.0,100,3,,,,,100.0,0.0,100.0,0.0,,,71.0,29.0,,,100,129,100.0,465.0,29,29,100.0,0.0,100.0,0.0,200.0,0.0,100.0,9200.0,100.0,52522323720.0,100.0,85301326216.0
2019-02-01,ZCH0D1X3,ST12000NM0007,12000138625024,0,76,42698920,96.0,0.0,100.0,4.0,100.0,0.0,84.0,244591084.0,90,9280,100.0,0.0,100,3,,,,,100.0,0.0,100.0,0.0,,,71.0,29.0,,,100,129,100.0,466.0,29,29,100.0,0.0,100.0,0.0,200.0,0.0,100.0,9216.0,100.0,52573901296.0,100.0,85408382064.0
2019-02-02,ZCH0D1X3,ST12000NM0007,12000138625024,0,83.0,185168768.0,96.0,0.0,100.0,4.0,100.0,0.0,84.0,249282506.0,90.0,9312.0,100.0,0.0,100.0,3.0,,,,,100.0,0.0,100.0,0.0,,,70.0,30.0,,,100.0,130.0,100.0,467.0,30.0,30.0,100.0,0.0,100.0,0.0,200.0,0.0,100.0,9247.0,100.0,52673656032.0,100.0,85695238040.0
2019-02-03,ZCH0D1X3,ST12000NM0007,12000138625024,0,82,148173928,96.0,0.0,100.0,4.0,100.0,0.0,84.0,251847119.0,90,9327,100.0,0.0,100,3,,,,,100.0,0.0,100.0,0.0,,,71.0,29.0,,,100,131,100.0,468.0,29,29,100.0,0.0,100.0,0.0,200.0,0.0,100.0,9263.0,100.0,52728674816.0,100.0,85847365048.0
2019-02-04,ZCH0D1X3,ST12000NM0007,12000138625024,0,83,210093672,96.0,0.0,100.0,4.0,100.0,0.0,84.0,255030061.0,90,9359,100.0,0.0,100,3,,,,,100.0,0.0,100.0,0.0,,,71.0,29.0,,,100,132,100.0,469.0,29,29,100.0,0.0,100.0,0.0,200.0,0.0,100.0,9295.0,100.0,52826613264.0,100.0,86055497328.0
2019-02-05,ZCH0D1X3,ST12000NM0007,12000138625024,0,82.0,150541360.0,96.0,0.0,100.0,4.0,100.0,0.0,84.0,258220563.0,90.0,9375.0,100.0,0.0,100.0,3.0,,,,,100.0,0.0,100.0,0.0,,,70.0,30.0,,,100.0,132.0,100.0,470.0,30.0,30.0,100.0,0.0,100.0,0.0,200.0,0.0,100.0,9311.0,100.0,52892390896.0,100.0,86174310192.0
2019-02-06,ZCH0D1X3,ST12000NM0007,12000138625024,0,84,233816144,96.0,0.0,100.0,4.0,100.0,0.0,84.0,262309999.0,90,9407,100.0,0.0,100,3,,,,,100.0,0.0,100.0,0.0,,,70.0,30.0,,,100,132,100.0,471.0,30,30,100.0,0.0,100.0,0.0,200.0,0.0,100.0,9342.0,100.0,52997226304.0,100.0,86396890288.0
2019-02-07,ZCH0D1X3,ST12000NM0007,12000138625024,0,81.0,140476232.0,96.0,0.0,100.0,4.0,100.0,0.0,84.0,263828272.0,90.0,9423.0,100.0,0.0,100.0,3.0,,,,,100.0,0.0,100.0,0.0,,,69.0,31.0,,,100.0,132.0,100.0,472.0,31.0,31.0,100.0,0.0,100.0,0.0,200.0,0.0,100.0,9358.0,100.0,53042033472.0,100.0,86502883984.0
2019-02-08,ZCH0D1X3,ST12000NM0007,12000138625024,0,78,63208792,96.0,0.0,100.0,4.0,100.0,0.0,84.0,266718295.0,90,9438,100.0,0.0,100,3,,,,,100.0,0.0,100.0,0.0,,,69.0,31.0,,,100,132,100.0,473.0,31,31,100.0,0.0,100.0,0.0,200.0,0.0,100.0,9374.0,100.0,53094647176.0,100.0,86617143544.0
2019-02-09,ZCH0D1X3,ST12000NM0007,12000138625024,0,81.0,126749360.0,96.0,0.0,100.0,4.0,100.0,0.0,84.0,270369713.0,90.0,9470.0,100.0,0.0,100.0,3.0,,,,,100.0,0.0,100.0,0.0,,,70.0,30.0,,,100.0,132.0,100.0,474.0,30.0,30.0,100.0,0.0,100.0,0.0,200.0,0.0,100.0,9405.0,100.0,53187477104.0,100.0,86831994960.0
2019-02-10,ZCH0D1X3,ST12000NM0007,12000138625024,0,80,107361104,96.0,0.0,100.0,4.0,100.0,0.0,84.0,274011433.0,90,9486,100.0,0.0,100,3,,,,,100.0,0.0,100.0,0.0,,,70.0,30.0,,,100,132,100.0,475.0,30,30,100.0,0.0,100.0,0.0,200.0,0.0,100.0,9421.0,100.0,53257428048.0,100.0,86986796416.0
2019-02-11,ZCH0D1X3,ST12000NM0007,12000138625024,0,83,178982432,96.0,0.0,100.0,4.0,100.0,0.0,84.0,277785260.0,90,9517,100.0,0.0,100,3,,,,,100.0,0.0,100.0,0.0,,,70.0,30.0,,,100,132,100.0,476.0,30,30,100.0,0.0,100.0,0.0,200.0,0.0,100.0,9452.0,100.0,53357474600.0,100.0,87202511968.0
2019-02-12,ZCH0D1X3,ST12000NM0007,12000138625024,0,80.0,90917504.0,96.0,0.0,100.0,4.0,100.0,0.0,84.0,279742080.0,90.0,9533.0,100.0,0.0,100.0,3.0,,,,,100.0,0.0,100.0,0.0,,,69.0,31.0,,,100.0,132.0,100.0,477.0,31.0,31.0,100.0,0.0,100.0,0.0,200.0,0.0,100.0,9468.0,100.0,53405266520.0,100.0,87310795832.0
2019-02-13,ZCH0D1X3,ST12000NM0007,12000138625024,0,82,173943840,96.0,0.0,100.0,4.0,100.0,0.0,85.0,284201164.0,90,9565,100.0,0.0,100,3,,,,,100.0,0.0,100.0,0.0,,,70.0,30.0,,,100,133,100.0,478.0,30,30,100.0,0.0,100.0,0.0,200.0,0.0,100.0,9500.0,100.0,53508653416.0,100.0,87534576208.0
2019-02-14,ZCH0D1X3,ST12000NM0007,12000138625024,0,80,91069808,96.0,0.0,100.0,4.0,100.0,0.0,85.0,285840180.0,90,9581,100.0,0.0,100,3,,,,,100.0,0.0,100.0,0.0,,,71.0,29.0,,,100,133,100.0,479.0,29,29,100.0,0.0,100.0,0.0,200.0,0.0,100.0,9515.0,100.0,53559447064.0,100.0,87645049248.0
2019-02-15,ZCH0D1X3,ST12000NM0007,12000138625024,0,71.0,11356000.0,96.0,0.0,100.0,4.0,100.0,0.0,85.0,290881592.0,90.0,9612.0,100.0,0.0,100.0,3.0,,,,,100.0,0.0,100.0,0.0,,,71.0,29.0,,,100.0,133.0,100.0,480.0,29.0,29.0,100.0,0.0,100.0,0.0,200.0,0.0,100.0,9547.0,100.0,53690726856.0,100.0,87922337136.0
2019-02-16,ZCH0D1X3,ST12000NM0007,12000138625024,0,82.0,168686136.0,96.0,0.0,100.0,4.0,100.0,0.0,85.0,292552605.0,90.0,9628.0,100.0,0.0,100.0,3.0,,,,,100.0,0.0,100.0,0.0,,,71.0,29.0,,,100.0,134.0,100.0,481.0,29.0,29.0,100.0,0.0,100.0,0.0,200.0,0.0,100.0,9563.0,100.0,53744891872.0,100.0,88025502256.0
2019-02-17,ZCH0D1X3,ST12000NM0007,12000138625024,0,78,61308952,96.0,0.0,100.0,4.0,100.0,0.0,85.0,297595476.0,89,9660,100.0,0.0,100,3,,,,,100.0,0.0,100.0,0.0,,,71.0,29.0,,,100,135,100.0,482.0,29,29,100.0,0.0,100.0,0.0,200.0,0.0,100.0,9594.0,100.0,53861936392.0,100.0,88289364584.0
2019-02-18,ZCH0D1X3,ST12000NM0007,12000138625024,0,83,205298136,96.0,0.0,100.0,4.0,100.0,0.0,85.0,299149213.0,89,9676,100.0,0.0,100,3,,,,,100.0,0.0,100.0,0.0,,,68.0,32.0,,,100,136,100.0,483.0,32,32,100.0,0.0,100.0,0.0,200.0,0.0,100.0,9610.0,100.0,53904496136.0,100.0,88390794024.0
2019-02-19,ZCH0D1X3,ST12000NM0007,12000138625024,0,76,41314608,96.0,0.0,100.0,4.0,100.0,0.0,85.0,303444458.0,89,9707,100.0,0.0,100,3,,,,,100.0,0.0,100.0,0.0,,,68.0,32.0,,,100,136,100.0,484.0,32,32,100.0,0.0,100.0,0.0,200.0,0.0,100.0,9642.0,100.0,54017797952.0,100.0,88601790704.0
2019-02-20,ZCH0D1X3,ST12000NM0007,12000138625024,0,80.0,98418584.0,96.0,0.0,100.0,4.0,100.0,0.0,85.0,307352504.0,89.0,9739.0,100.0,0.0,100.0,3.0,,,,,100.0,0.0,100.0,0.0,,,69.0,31.0,,,100.0,137.0,100.0,485.0,31.0,31.0,100.0,0.0,100.0,0.0,200.0,0.0,100.0,9673.0,100.0,54124763768.0,100.0,88796069656.0
2019-02-21,ZCH0D1X3,ST12000NM0007,12000138625024,0,84,241932848,96.0,0.0,100.0,4.0,100.0,0.0,85.0,308832145.0,89,9755,100.0,0.0,100,3,,,,,100.0,0.0,100.0,0.0,,,70.0,30.0,,,100,138,100.0,486.0,30,30,100.0,0.0,100.0,0.0,200.0,0.0,100.0,9689.0,100.0,54168281448.0,100.0,88896066240.0
2019-02-22,ZCH0D1X3,ST12000NM0007,12000138625024,0,75,33277896,96.0,0.0,100.0,4.0,100.0,0.0,85.0,312163795.0,89,9786,100.0,0.0,100,3,,,,,100.0,0.0,100.0,0.0,,,69.0,31.0,,,100,139,100.0,487.0,31,31,100.0,0.0,100.0,0.0,200.0,0.0,100.0,9720.0,100.0,54241902544.0,100.0,89102071552.0
2019-02-23,ZCH0D1X3,ST12000NM0007,12000138625024,0,82.0,153999680.0,96.0,0.0,100.0,4.0,100.0,0.0,85.0,313788628.0,89.0,9802.0,100.0,0.0,100.0,3.0,,,,,100.0,0.0,100.0,0.0,,,69.0,31.0,,,100.0,140.0,100.0,488.0,31.0,31.0,100.0,0.0,100.0,0.0,200.0,0.0,100.0,9736.0,100.0,54280636480.0,100.0,89184059400.0
2019-02-24,ZCH0D1X3,ST12000NM0007,12000138625024,0,84,239643560,96.0,0.0,100.0,4.0,100.0,0.0,85.0,319111012.0,89,9834,100.0,0.0,100,3,,,,,100.0,0.0,100.0,0.0,,,71.0,29.0,,,100,140,100.0,489.0,29,29,100.0,0.0,100.0,0.0,200.0,0.0,100.0,9768.0,100.0,54374971712.0,100.0,89419508688.0
2019-02-25,ZCH0D1X3,ST12000NM0007,12000138625024,0,82,141473552,96.0,0.0,100.0,4.0,100.0,0.0,85.0,320852037.0,89,9850,100.0,0.0,100,3,,,,,100.0,0.0,100.0,0.0,,,69.0,31.0,,,100,140,100.0,490.0,31,31,100.0,0.0,100.0,0.0,200.0,0.0,100.0,9783.0,100.0,54407556160.0,100.0,89532895568.0
2019-02-26,ZCH0D1X3,ST12000NM0007,12000138625024,0,83,178315144,96.0,0.0,100.0,4.0,100.0,0.0,85.0,326112184.0,89,9881,100.0,0.0,100,3,,,,,100.0,0.0,100.0,0.0,,,71.0,29.0,,,100,141,100.0,491.0,29,29,100.0,0.0,100.0,0.0,200.0,0.0,100.0,9815.0,100.0,54493342864.0,100.0,89728091136.0
2019-02-27,ZCH0D1X3,ST12000NM0007,12000138625024,0,78.0,70727944.0,96.0,0.0,100.0,4.0,100.0,0.0,85.0,327726275.0,89.0,9897.0,100.0,0.0,100.0,3.0,,,,,100.0,0.0,100.0,0.0,,,69.0,31.0,,,100.0,141.0,100.0,492.0,31.0,31.0,100.0,0.0,100.0,0.0,200.0,0.0,100.0,9831.0,100.0,54524181456.0,100.0,89833806512.0
2019-02-28,ZCH0D1X3,ST12000NM0007,12000138625024,0,79,75381816,96.0,0.0,100.0,4.0,100.0,0.0,85.0,331316254.0,89,9929,100.0,0.0,100,3,,,,,100.0,0.0,100.0,0.0,,,71.0,29.0,,,100,142,100.0,493.0,29,29,100.0,0.0,100.0,0.0,200.0,0.0,100.0,9862.0,100.0,54603463368.0,100.0,90003319224.0
2019-03-01,ZCH0D1X3,ST12000NM0007,12000138625024,0,80.0,97330336.0,96.0,0.0,100.0,4.0,100.0,0.0,85.0,334717655.0,89.0,9960.0,100.0,0.0,100.0,3.0,,,,,100.0,0.0,100.0,0.0,,,71.0,29.0,,,100.0,142.0,100.0,495.0,29.0,29.0,100.0,0.0,100.0,0.0,200.0,0.0,100.0,9893.0,100.0,54687070560.0,100.0,90185801272.0
2019-03-02,ZCH0D1X3,ST12000NM0007,12000138625024,0,84.0,243088904.0,96.0,0.0,100.0,4.0,100.0,0.0,85.0,336427420.0,89.0,9976.0,100.0,0.0,100.0,3.0,,,,,100.0,0.0,100.0,0.0,,,71.0,29.0,,,100.0,142.0,100.0,495.0,29.0,29.0,100.0,0.0,100.0,0.0,200.0,0.0,100.0,9909.0,100.0,54728127072.0,100.0,90290503328.0
2019-03-03,ZCH0D1X3,ST12000NM0007,12000138625024,0,80.0,90363768.0,96.0,0.0,100.0,4.0,100.0,0.0,85.0,341385003.0,89.0,10008.0,100.0,0.0,100.0,3.0,,,,,100.0,0.0,100.0,0.0,,,71.0,29.0,,,100.0,142.0,100.0,496.0,29.0,29.0,100.0,0.0,100.0,0.0,200.0,0.0,100.0,9941.0,100.0,54813515328.0,100.0,90540671856.0
2019-03-04,ZCH0D1X3,ST12000NM0007,12000138625024,0,83,215174224,96.0,0.0,100.0,4.0,100.0,0.0,85.0,342712882.0,89,10024,100.0,0.0,100,3,,,,,100.0,0.0,100.0,0.0,,,72.0,28.0,,,100,142,100.0,497.0,28,28,100.0,0.0,100.0,0.0,200.0,0.0,100.0,9957.0,100.0,54841955848.0,100.0,90637041792.0
2019-03-05,ZCH0D1X3,ST12000NM0007,12000138625024,0,83.0,221498480.0,96.0,0.0,100.0,4.0,100.0,0.0,85.0,347297404.0,89.0,10055.0,100.0,0.0,100.0,3.0,,,,,100.0,0.0,100.0,0.0,,,71.0,29.0,,,100.0,142.0,100.0,498.0,29.0,29.0,100.0,0.0,100.0,0.0,200.0,0.0,100.0,9988.0,100.0,54927892912.0,100.0,90801569712.0
2019-03-06,ZCH0D1X3,ST12000NM0007,12000138625024,0,82.0,154450296.0,96.0,0.0,100.0,4.0,100.0,0.0,85.0,350152627.0,89.0,10071.0,100.0,0.0,100.0,3.0,,,,,100.0,0.0,100.0,0.0,,,71.0,29.0,,,100.0,142.0,100.0,499.0,29.0,29.0,100.0,0.0,100.0,0.0,200.0,0.0,100.0,10004.0,100.0,54964881016.0,100.0,90941674256.0
2019-03-07,ZCH0D1X3,ST12000NM0007,12000138625024,0,82.0,173774152.0,96.0,0.0,100.0,4.0,100.0,0.0,85.0,353232014.0,89.0,10103.0,100.0,0.0,100.0,3.0,,,,,100.0,0.0,100.0,0.0,,,71.0,29.0,,,100.0,142.0,100.0,500.0,29.0,29.0,100.0,0.0,100.0,0.0,200.0,0.0,100.0,10036.0,100.0,55057486272.0,100.0,91112533736.0
2019-03-08,ZCH0D1X3,ST12000NM0007,12000138625024,0,80.0,111939728.0,96.0,0.0,100.0,4.0,100.0,0.0,86.0,355156288.0,89.0,10119.0,100.0,0.0,100.0,3.0,,,,,100.0,0.0,100.0,0.0,,,71.0,29.0,,,100.0,142.0,100.0,501.0,29.0,29.0,100.0,0.0,100.0,0.0,200.0,0.0,100.0,10051.0,100.0,55101944968.0,100.0,91250381360.0
2019-03-09,ZCH0D1X3,ST12000NM0007,12000138625024,0,83.0,182555696.0,96.0,0.0,100.0,4.0,100.0,0.0,86.0,358929468.0,89.0,10150.0,100.0,0.0,100.0,3.0,,,,,100.0,0.0,100.0,0.0,,,69.0,31.0,,,100.0,142.0,100.0,502.0,31.0,31.0,100.0,0.0,100.0,0.0,200.0,0.0,100.0,10083.0,100.0,55191025384.0,100.0,91476059616.0
2019-03-10,ZCH0D1X3,ST12000NM0007,12000138625024,0,81.0,125458832.0,96.0,0.0,100.0,4.0,100.0,0.0,86.0,361877058.0,89.0,10166.0,100.0,0.0,100.0,3.0,,,,,100.0,0.0,100.0,0.0,,,70.0,30.0,,,100.0,142.0,100.0,503.0,30.0,30.0,100.0,0.0,100.0,0.0,200.0,0.0,100.0,10099.0,100.0,55234998528.0,100.0,91619130296.0
2019-03-11,ZCH0D1X3,ST12000NM0007,12000138625024,0,83.0,209335728.0,96.0,0.0,100.0,4.0,100.0,0.0,86.0,365319240.0,89.0,10198.0,100.0,0.0,100.0,3.0,,,,,100.0,0.0,100.0,0.0,,,69.0,31.0,,,100.0,143.0,100.0,504.0,31.0,31.0,100.0,0.0,100.0,0.0,200.0,0.0,100.0,10130.0,100.0,55323708264.0,100.0,91858438200.0
2019-03-12,ZCH0D1X3,ST12000NM0007,12000138625024,0,79.0,80315912.0,96.0,0.0,100.0,4.0,100.0,0.0,86.0,368321869.0,89.0,10214.0,100.0,0.0,100.0,3.0,,,,,100.0,0.0,100.0,0.0,,,69.0,31.0,,,100.0,143.0,100.0,505.0,31.0,31.0,100.0,0.0,100.0,0.0,200.0,0.0,100.0,10146.0,100.0,55354041976.0,100.0,91943225304.0
2019-03-13,ZCH0D1X3,ST12000NM0007,12000138625024,0,77.0,53677496.0,96.0,0.0,100.0,4.0,100.0,0.0,86.0,373703683.0,89.0,10245.0,100.0,0.0,100.0,3.0,,,,,100.0,0.0,100.0,0.0,,,71.0,29.0,,,100.0,144.0,100.0,506.0,29.0,29.0,100.0,0.0,100.0,0.0,200.0,0.0,100.0,10177.0,100.0,55409740584.0,100.0,92105028928.0
2019-03-14,ZCH0D1X3,ST12000NM0007,12000138625024,0,83.0,204097040.0,96.0,0.0,100.0,4.0,100.0,0.0,86.0,375571976.0,89.0,10261.0,100.0,0.0,100.0,3.0,,,,,100.0,0.0,100.0,0.0,,,70.0,30.0,,,100.0,144.0,100.0,507.0,30.0,30.0,100.0,0.0,100.0,0.0,200.0,0.0,100.0,10193.0,100.0,55452427648.0,100.0,92212761408.0
2019-03-15,ZCH0D1X3,ST12000NM0007,12000138625024,0,83.0,220825976.0,96.0,0.0,100.0,4.0,100.0,0.0,86.0,379005530.0,89.0,10293.0,100.0,0.0,100.0,3.0,,,,,100.0,0.0,100.0,0.0,,,72.0,28.0,,,100.0,144.0,100.0,508.0,28.0,28.0,100.0,0.0,100.0,0.0,200.0,0.0,100.0,10224.0,100.0,55527725480.0,100.0,92398333280.0
2019-03-16,ZCH0D1X3,ST12000NM0007,12000138625024,0,80.0,106898600.0,96.0,0.0,100.0,4.0,100.0,0.0,86.0,380765999.0,89.0,10309.0,100.0,0.0,100.0,3.0,,,,,100.0,0.0,100.0,0.0,,,71.0,29.0,,,100.0,144.0,100.0,509.0,29.0,29.0,100.0,0.0,100.0,0.0,200.0,0.0,100.0,10240.0,100.0,55565275216.0,100.0,92490997024.0
2019-03-17,ZCH0D1X3,ST12000NM0007,12000138625024,0,82.0,154390984.0,96.0,0.0,100.0,4.0,100.0,0.0,86.0,385710295.0,89.0,10340.0,100.0,0.0,100.0,3.0,,,,,100.0,0.0,100.0,0.0,,,72.0,28.0,,,100.0,144.0,100.0,510.0,28.0,28.0,100.0,0.0,100.0,0.0,200.0,0.0,100.0,10272.0,100.0,55646057120.0,100.0,92701848288.0
2019-03-18,ZCH0D1X3,ST12000NM0007,12000138625024,0,80.0,90338440.0,96.0,0.0,100.0,4.0,100.0,0.0,86.0,388015956.0,89.0,10356.0,100.0,0.0,100.0,3.0,,,,,100.0,0.0,100.0,0.0,,,71.0,29.0,,,100.0,145.0,100.0,511.0,29.0,29.0,100.0,0.0,100.0,0.0,200.0,0.0,100.0,10288.0,100.0,55711781120.0,100.0,92816212392.0
2019-03-19,ZCH0D1X3,ST12000NM0007,12000138625024,0,82.0,172121800.0,96.0,0.0,100.0,4.0,100.0,0.0,86.0,393092390.0,89.0,10388.0,100.0,0.0,100.0,3.0,,,,,100.0,0.0,100.0,0.0,,,71.0,29.0,,,100.0,145.0,100.0,512.0,29.0,29.0,100.0,0.0,100.0,0.0,200.0,0.0,100.0,10319.0,100.0,55810862256.0,100.0,93043055256.0
2019-03-20,ZCH0D1X3,ST12000NM0007,12000138625024,0,79.0,77772928.0,96.0,0.0,100.0,4.0,100.0,0.0,86.0,395361054.0,89.0,10404.0,100.0,0.0,100.0,3.0,,,,,100.0,0.0,100.0,0.0,,,71.0,29.0,,,100.0,146.0,100.0,513.0,29.0,29.0,100.0,0.0,100.0,0.0,200.0,0.0,100.0,10335.0,100.0,55860501344.0,100.0,93143208472.0
2019-03-21,ZCH0D1X3,ST12000NM0007,12000138625024,0,78.0,66745344.0,96.0,0.0,100.0,4.0,100.0,0.0,86.0,398832671.0,89.0,10435.0,100.0,0.0,100.0,3.0,,,,,100.0,0.0,100.0,0.0,,,71.0,29.0,,,100.0,147.0,100.0,514.0,29.0,29.0,100.0,0.0,100.0,0.0,200.0,0.0,100.0,10366.0,100.0,55955487144.0,100.0,93281336048.0
2019-03-22,ZCH0D1X3,ST12000NM0007,12000138625024,0,83.0,181551936.0,96.0,0.0,100.0,4.0,100.0,0.0,86.0,400384849.0,89.0,10451.0,100.0,0.0,100.0,3.0,,,,,100.0,0.0,100.0,0.0,,,70.0,30.0,,,100.0,147.0,100.0,515.0,30.0,30.0,100.0,0.0,100.0,0.0,200.0,0.0,100.0,10382.0,100.0,55999085344.0,100.0,93352544440.0
2019-03-23,ZCH0D1X3,ST12000NM0007,12000138625024,0,84.0,241570584.0,96.0,0.0,100.0,4.0,100.0,0.0,86.0,404481296.0,89.0,10483.0,100.0,0.0,100.0,3.0,,,,,100.0,0.0,100.0,0.0,,,71.0,29.0,,,100.0,148.0,100.0,516.0,29.0,29.0,100.0,0.0,100.0,0.0,200.0,0.0,100.0,10413.0,100.0,56086028976.0,100.0,93569760096.0
2019-03-24,ZCH0D1X3,ST12000NM0007,12000138625024,0,83.0,205365336.0,96.0,0.0,100.0,4.0,100.0,0.0,86.0,407762007.0,89.0,10498.0,100.0,0.0,100.0,3.0,,,,,100.0,0.0,100.0,0.0,,,70.0,30.0,,,100.0,148.0,100.0,517.0,30.0,30.0,100.0,0.0,100.0,0.0,200.0,0.0,100.0,10429.0,100.0,56144887512.0,100.0,93718837296.0
2019-03-25,ZCH0D1X3,ST12000NM0007,12000138625024,0,83.0,219032080.0,96.0,0.0,100.0,4.0,100.0,0.0,86.0,410678578.0,88.0,10530.0,100.0,0.0,100.0,3.0,,,,,100.0,0.0,100.0,0.0,,,71.0,29.0,,,100.0,148.0,100.0,518.0,29.0,29.0,100.0,0.0,100.0,0.0,200.0,0.0,100.0,10461.0,100.0,56225991016.0,100.0,93895541416.0
2019-03-26,ZCH0D1X3,ST12000NM0007,12000138625024,0,81.0,131387784.0,96.0,0.0,100.0,4.0,100.0,0.0,86.0,412911552.0,88.0,10546.0,100.0,0.0,100.0,3.0,,,,,100.0,0.0,100.0,0.0,,,69.0,31.0,,,100.0,149.0,100.0,519.0,31.0,31.0,100.0,0.0,100.0,0.0,200.0,0.0,100.0,10476.0,100.0,56275799984.0,100.0,94002229072.0
2019-03-27,ZCH0D1X3,ST12000NM0007,12000138625024,0,83.0,183143264.0,96.0,0.0,100.0,4.0,100.0,0.0,86.0,416939329.0,88.0,10578.0,100.0,0.0,100.0,3.0,,,,,100.0,0.0,100.0,0.0,,,71.0,29.0,,,100.0,150.0,100.0,520.0,29.0,29.0,100.0,0.0,100.0,0.0,200.0,0.0,100.0,10508.0,100.0,56354223648.0,100.0,94219701640.0
2019-03-28,ZCH0D1X3,ST12000NM0007,12000138625024,0,79.0,76697520.0,96.0,0.0,100.0,4.0,100.0,0.0,86.0,418569995.0,88.0,10593.0,100.0,0.0,100.0,3.0,,,,,100.0,0.0,100.0,0.0,,,71.0,29.0,,,100.0,151.0,100.0,521.0,29.0,29.0,100.0,0.0,100.0,0.0,200.0,0.0,100.0,10524.0,100.0,56403378928.0,100.0,94308241264.0
2019-03-29,ZCH0D1X3,ST12000NM0007,12000138625024,0,81.0,128345240.0,96.0,0.0,100.0,4.0,100.0,0.0,86.0,422198541.0,88.0,10625.0,100.0,0.0,100.0,3.0,,,,,100.0,0.0,100.0,0.0,,,71.0,29.0,,,100.0,151.0,100.0,522.0,29.0,29.0,100.0,0.0,100.0,0.0,200.0,0.0,100.0,10555.0,100.0,56495475840.0,100.0,94511932992.0
2019-03-30,ZCH0D1X3,ST12000NM0007,12000138625024,0,77.0,45557944.0,96.0,0.0,100.0,4.0,100.0,0.0,86.0,424222690.0,88.0,10641.0,100.0,0.0,100.0,3.0,,,,,100.0,0.0,100.0,0.0,,,71.0,29.0,,,100.0,151.0,100.0,523.0,29.0,29.0,100.0,0.0,100.0,0.0,200.0,0.0,100.0,10571.0,100.0,56537988824.0,100.0,94630773376.0
2019-03-31,ZCH0D1X3,ST12000NM0007,12000138625024,0,83.0,181216176.0,96.0,0.0,100.0,4.0,100.0,0.0,86.0,429818409.0,88.0,10672.0,100.0,0.0,100.0,3.0,,,,,100.0,0.0,100.0,0.0,,,72.0,28.0,,,100.0,151.0,100.0,525.0,28.0,28.0,100.0,0.0,100.0,0.0,200.0,0.0,100.0,10602.0,100.0,56647973720.0,100.0,94900587344.0
2019-04-01,ZCH0D1X3,ST12000NM0007,12000138625024,0,78.0,62215584.0,96.0,0.0,100.0,4.0,100.0,0.0,86.0,431678481.0,88.0,10688.0,100.0,0.0,100.0,3.0,,,,,100.0,0.0,100.0,0.0,,,71.0,29.0,,,100.0,151.0,100.0,525.0,29.0,29.0,100.0,0.0,100.0,0.0,200.0,0.0,100.0,10618.0,100.0,56696269320.0,100.0,94977431872.0
2019-04-02,ZCH0D1X3,ST12000NM0007,12000138625024,0,82.0,169673232.0,96.0,0.0,100.0,4.0,100.0,0.0,86.0,437008693.0,88.0,10720.0,100.0,0.0,100.0,3.0,,,,,100.0,0.0,100.0,0.0,,,72.0,28.0,,,100.0,151.0,100.0,527.0,28.0,28.0,100.0,0.0,100.0,0.0,200.0,0.0,100.0,10650.0,100.0,56803612696.0,100.0,95221686960.0
2019-04-03,ZCH0D1X3,ST12000NM0007,12000138625024,0,80.0,96825720.0,96.0,0.0,100.0,4.0,100.0,0.0,86.0,439148118.0,88.0,10736.0,100.0,0.0,100.0,3.0,,,,,100.0,0.0,100.0,0.0,,,71.0,29.0,,,100.0,151.0,100.0,527.0,29.0,29.0,100.0,0.0,100.0,0.0,200.0,0.0,100.0,10665.0,100.0,56860879448.0,100.0,95335713432.0
2019-04-04,ZCH0D1X3,ST12000NM0007,12000138625024,0,81.0,128380152.0,96.0,0.0,100.0,4.0,100.0,0.0,86.0,442527174.0,88.0,10768.0,100.0,0.0,100.0,3.0,,,,,100.0,0.0,100.0,0.0,,,72.0,28.0,,,100.0,153.0,100.0,529.0,28.0,28.0,100.0,0.0,100.0,0.0,200.0,0.0,100.0,10697.0,100.0,56946199008.0,100.0,95526088936.0
2019-04-05,ZCH0D1X3,ST12000NM0007,12000138625024,0,73.0,20487280.0,96.0,0.0,100.0,4.0,100.0,0.0,86.0,444209137.0,88.0,10783.0,100.0,0.0,100.0,3.0,,,,,100.0,0.0,100.0,0.0,,,70.0,30.0,,,100.0,153.0,100.0,529.0,30.0,30.0,100.0,0.0,100.0,0.0,200.0,0.0,100.0,10713.0,100.0,56986768248.0,100.0,95621767792.0
2019-04-06,ZCH0D1X3,ST12000NM0007,12000138625024,0,80.0,90426936.0,96.0,0.0,100.0,4.0,100.0,0.0,87.0,448905752.0,88.0,10815.0,100.0,0.0,100.0,3.0,,,,,100.0,0.0,100.0,0.0,,,71.0,29.0,,,100.0,154.0,100.0,531.0,29.0,29.0,100.0,0.0,100.0,0.0,200.0,0.0,100.0,10744.0,100.0,57073689600.0,100.0,95848926864.0
2019-04-07,ZCH0D1X3,ST12000NM0007,12000138625024,0,76.0,42237280.0,96.0,0.0,100.0,4.0,100.0,0.0,87.0,452300874.0,88.0,10831.0,100.0,0.0,100.0,3.0,,,,,100.0,0.0,100.0,0.0,,,71.0,29.0,,,100.0,154.0,100.0,531.0,29.0,29.0,100.0,0.0,100.0,0.0,200.0,0.0,100.0,10760.0,100.0,57120080496.0,100.0,95998486944.0
2019-04-08,ZCH0D1X3,ST12000NM0007,12000138625024,0,78.0,69952040.0,96.0,0.0,100.0,4.0,100.0,0.0,87.0,455258409.0,88.0,10863.0,100.0,0.0,100.0,3.0,,,,,100.0,0.0,100.0,0.0,,,71.0,29.0,,,100.0,156.0,100.0,533.0,29.0,29.0,100.0,0.0,100.0,0.0,200.0,0.0,100.0,10792.0,100.0,57198242240.0,100.0,96192180632.0
2019-04-09,ZCH0D1X3,ST12000NM0007,12000138625024,0,83.0,205221928.0,96.0,0.0,100.0,4.0,100.0,0.0,87.0,456858136.0,88.0,10878.0,100.0,0.0,100.0,3.0,,,,,100.0,0.0,100.0,0.0,,,72.0,28.0,,,100.0,156.0,100.0,533.0,28.0,28.0,100.0,0.0,100.0,0.0,200.0,0.0,100.0,10808.0,100.0,57234565208.0,100.0,96291127552.0
2019-04-10,ZCH0D1X3,ST12000NM0007,12000138625024,0,68.0,6511416.0,96.0,0.0,100.0,4.0,100.0,0.0,87.0,461478235.0,88.0,10910.0,100.0,0.0,100.0,3.0,,,,,100.0,0.0,100.0,0.0,,,71.0,29.0,,,100.0,157.0,100.0,535.0,29.0,29.0,100.0,0.0,100.0,0.0,200.0,0.0,100.0,10839.0,100.0,57309619656.0,100.0,96505643944.0
2019-04-11,ZCH0D1X3,ST12000NM0007,12000138625024,0,66.0,4215016.0,96.0,0.0,100.0,4.0,100.0,0.0,87.0,464484524.0,88.0,10942.0,100.0,0.0,100.0,3.0,,,,,100.0,0.0,100.0,0.0,,,72.0,28.0,,,100.0,158.0,100.0,536.0,28.0,28.0,100.0,0.0,100.0,0.0,200.0,0.0,100.0,10871.0,100.0,57365408392.0,100.0,96691699536.0
2019-04-12,ZCH0D1X3,ST12000NM0007,12000138625024,0,82.0,143804432.0,96.0,0.0,100.0,4.0,100.0,0.0,87.0,466285870.0,88.0,10958.0,100.0,0.0,100.0,3.0,,,,,100.0,0.0,100.0,0.0,,,72.0,28.0,,,100.0,159.0,100.0,537.0,28.0,28.0,100.0,0.0,100.0,0.0,200.0,0.0,100.0,10887.0,100.0,57398879312.0,100.0,96797818032.0
2019-04-13,ZCH0D1X3,ST12000NM0007,12000138625024,0,83.0,204332560.0,96.0,0.0,100.0,4.0,100.0,0.0,87.0,470198536.0,88.0,10989.0,100.0,0.0,100.0,3.0,,,,,100.0,0.0,100.0,0.0,,,71.0,29.0,,,100.0,159.0,100.0,538.0,29.0,29.0,100.0,0.0,100.0,0.0,200.0,0.0,100.0,10918.0,100.0,57469476336.0,100.0,97031889912.0
2019-04-14,ZCH0D1X3,ST12000NM0007,12000138625024,0,81.0,137849496.0,96.0,0.0,100.0,4.0,100.0,0.0,87.0,473153442.0,88.0,11005.0,100.0,0.0,100.0,3.0,,,,,100.0,0.0,100.0,0.0,,,72.0,28.0,,,100.0,159.0,100.0,539.0,28.0,28.0,100.0,0.0,100.0,0.0,200.0,0.0,100.0,10934.0,100.0,57513915000.0,100.0,97165108888.0
2019-04-15,ZCH0D1X3,ST12000NM0007,12000138625024,0,83.0,191514832.0,96.0,0.0,100.0,4.0,100.0,0.0,87.0,476725920.0,88.0,11037.0,100.0,0.0,100.0,3.0,,,,,100.0,0.0,100.0,0.0,,,72.0,28.0,,,100.0,159.0,100.0,540.0,28.0,28.0,100.0,0.0,100.0,0.0,200.0,0.0,100.0,10965.0,100.0,57613656904.0,100.0,97363172952.0
2019-04-16,ZCH0D1X3,ST12000NM0007,12000138625024,0,80.0,102453168.0,96.0,0.0,100.0,4.0,100.0,0.0,87.0,479359128.0,88.0,11053.0,100.0,0.0,100.0,3.0,,,,,100.0,0.0,100.0,0.0,,,71.0,29.0,,,100.0,159.0,100.0,540.0,29.0,29.0,100.0,0.0,100.0,0.0,200.0,0.0,100.0,10981.0,100.0,57656452960.0,100.0,97475455952.0
2019-04-17,ZCH0D1X3,ST12000NM0007,12000138625024,0,82.0,170045040.0,96.0,0.0,100.0,4.0,100.0,0.0,87.0,483410052.0,88.0,11084.0,100.0,0.0,100.0,3.0,,,,,100.0,0.0,100.0,0.0,,,72.0,28.0,,,100.0,160.0,100.0,542.0,28.0,28.0,100.0,0.0,100.0,0.0,200.0,0.0,100.0,11012.0,100.0,57736821800.0,100.0,97706819728.0
2019-04-18,ZCH0D1X3,ST12000NM0007,12000138625024,0,75.0,33267152.0,96.0,0.0,100.0,4.0,100.0,0.0,87.0,484970228.0,88.0,11100.0,100.0,0.0,100.0,3.0,,,,,100.0,0.0,100.0,0.0,,,71.0,29.0,,,100.0,160.0,100.0,542.0,29.0,29.0,100.0,0.0,100.0,0.0,200.0,0.0,100.0,11028.0,100.0,57763574960.0,100.0,97787429408.0
2019-04-19,ZCH0D1X3,ST12000NM0007,12000138625024,0,77.0,51448648.0,96.0,0.0,100.0,4.0,100.0,0.0,87.0,488510068.0,88.0,11132.0,100.0,0.0,100.0,3.0,,,,,100.0,0.0,100.0,0.0,,,72.0,28.0,,,100.0,161.0,100.0,544.0,28.0,28.0,100.0,0.0,100.0,0.0,200.0,0.0,100.0,11060.0,100.0,57837684112.0,100.0,97975642432.0
2019-04-20,ZCH0D1X3,ST12000NM0007,12000138625024,0,83.0,178334840.0,96.0,0.0,100.0,4.0,100.0,0.0,87.0,490039468.0,88.0,11148.0,100.0,0.0,100.0,3.0,,,,,100.0,0.0,100.0,0.0,,,72.0,28.0,,,100.0,161.0,100.0,544.0,28.0,28.0,100.0,0.0,100.0,0.0,200.0,0.0,100.0,11076.0,100.0,57877450536.0,100.0,98062762200.0
2019-04-21,ZCH0D1X3,ST12000NM0007,12000138625024,0,77.0,45166016.0,96.0,0.0,100.0,4.0,100.0,0.0,87.0,495747192.0,88.0,11179.0,100.0,0.0,100.0,3.0,,,,,100.0,0.0,100.0,0.0,,,71.0,29.0,,,100.0,162.0,100.0,546.0,29.0,29.0,100.0,0.0,100.0,0.0,200.0,0.0,100.0,11107.0,100.0,57954655376.0,100.0,98340670192.0
2019-04-22,ZCH0D1X3,ST12000NM0007,12000138625024,0,82.0,167999480.0,96.0,0.0,100.0,4.0,100.0,0.0,87.0,497233658.0,88.0,11195.0,100.0,0.0,100.0,3.0,,,,,100.0,0.0,100.0,0.0,,,71.0,29.0,,,100.0,162.0,100.0,546.0,29.0,29.0,100.0,0.0,100.0,0.0,200.0,0.0,100.0,11123.0,100.0,57984396568.0,100.0,98433762464.0
2019-04-23,ZCH0D1X3,ST12000NM0007,12000138625024,0,100.0,1609544.0,96.0,0.0,100.0,4.0,100.0,0.0,87.0,502918015.0,88.0,11227.0,100.0,0.0,100.0,3.0,,,,,100.0,0.0,100.0,0.0,,,73.0,27.0,,,100.0,164.0,100.0,548.0,27.0,27.0,100.0,0.0,100.0,0.0,200.0,0.0,100.0,11154.0,100.0,58048767632.0,100.0,98691283112.0
2019-04-24,ZCH0D1X3,ST12000NM0007,12000138625024,0,83.0,184523248.0,96.0,0.0,100.0,4.0,100.0,0.0,87.0,504794141.0,88.0,11243.0,100.0,0.0,100.0,3.0,,,,,100.0,0.0,100.0,0.0,,,72.0,28.0,,,100.0,164.0,100.0,548.0,28.0,28.0,100.0,0.0,100.0,0.0,200.0,0.0,100.0,11170.0,100.0,58076119344.0,100.0,98846845104.0
2019-04-25,ZCH0D1X3,ST12000NM0007,12000138625024,0,76.0,35500512.0,96.0,0.0,100.0,4.0,100.0,0.0,87.0,508525029.0,88.0,11274.0,100.0,0.0,100.0,3.0,,,,,100.0,0.0,100.0,0.0,,,73.0,27.0,,,100.0,165.0,100.0,550.0,27.0,27.0,100.0,0.0,100.0,0.0,200.0,0.0,100.0,11202.0,100.0,58142122208.0,100.0,99120100896.0
2019-04-26,ZCH0D1X3,ST12000NM0007,12000138625024,0,82.0,169594080.0,96.0,0.0,100.0,4.0,100.0,0.0,87.0,510113770.0,88.0,11290.0,100.0,0.0,100.0,3.0,,,,,100.0,0.0,100.0,0.0,,,72.0,28.0,,,100.0,165.0,100.0,551.0,28.0,28.0,100.0,0.0,100.0,0.0,200.0,0.0,100.0,11217.0,100.0,58171856608.0,100.0,99224460064.0
2019-04-27,ZCH0D1X3,ST12000NM0007,12000138625024,0,84.0,229968832.0,96.0,0.0,100.0,4.0,100.0,0.0,87.0,514806894.0,88.0,11322.0,100.0,0.0,100.0,3.0,,,,,100.0,0.0,100.0,0.0,,,72.0,28.0,,,100.0,165.0,100.0,552.0,28.0,28.0,100.0,0.0,100.0,0.0,200.0,0.0,100.0,11249.0,100.0,58236581976.0,100.0,99464250360.0
2019-04-28,ZCH0D1X3,ST12000NM0007,12000138625024,0,83.0,216018168.0,96.0,0.0,100.0,4.0,100.0,0.0,87.0,518414368.0,88.0,11338.0,100.0,0.0,100.0,3.0,,,,,100.0,0.0,100.0,0.0,,,72.0,28.0,,,100.0,165.0,100.0,553.0,28.0,28.0,100.0,0.0,100.0,0.0,200.0,0.0,100.0,11265.0,100.0,58288355752.0,100.0,99642666616.0
2019-04-29,ZCH0D1X3,ST12000NM0007,12000138625024,0,77.0,55618456.0,96.0,0.0,100.0,4.0,100.0,0.0,87.0,522045172.0,88.0,11369.0,100.0,0.0,100.0,3.0,,,,,100.0,0.0,100.0,0.0,,,73.0,27.0,,,100.0,166.0,100.0,554.0,27.0,27.0,100.0,0.0,100.0,0.0,200.0,0.0,100.0,11296.0,100.0,58367111992.0,100.0,99891792184.0
2019-04-30,ZCH0D1X3,ST12000NM0007,12000138625024,0,83.0,202755432.0,96.0,0.0,100.0,4.0,100.0,0.0,87.0,524136749.0,88.0,11385.0,100.0,0.0,100.0,3.0,,,,,100.0,0.0,100.0,0.0,,,71.0,29.0,,,100.0,167.0,100.0,555.0,29.0,29.0,100.0,0.0,100.0,0.0,200.0,0.0,100.0,11312.0,100.0,58408417256.0,100.0,99997623896.0
2019-05-01,ZCH0D1X3,ST12000NM0007,12000138625024,0,73.0,18166592.0,96.0,0.0,100.0,4.0,100.0,0.0,87.0,528737521.0,87.0,11417.0,100.0,0.0,100.0,3.0,,,,,100.0,0.0,100.0,0.0,,,72.0,28.0,,,100.0,168.0,100.0,556.0,28.0,28.0,100.0,0.0,100.0,0.0,200.0,0.0,100.0,11343.0,100.0,58488329136.0,100.0,100221404976.0
2019-05-02,ZCH0D1X3,ST12000NM0007,12000138625024,0,79.0,73796048.0,96.0,0.0,100.0,4.0,100.0,0.0,87.0,532012439.0,87.0,11448.0,100.0,0.0,100.0,3.0,,,,,100.0,0.0,100.0,0.0,,,71.0,29.0,,,100.0,169.0,100.0,558.0,29.0,29.0,100.0,0.0,100.0,0.0,200.0,0.0,100.0,11375.0,100.0,58550542488.0,100.0,100458961880.0
2019-05-03,ZCH0D1X3,ST12000NM0007,12000138625024,0,84.0,230696912.0,96.0,0.0,100.0,4.0,100.0,0.0,87.0,533841675.0,87.0,11464.0,100.0,0.0,100.0,3.0,,,,,100.0,0.0,100.0,0.0,,,71.0,29.0,,,100.0,169.0,100.0,558.0,29.0,29.0,100.0,0.0,100.0,0.0,200.0,0.0,100.0,11391.0,100.0,58602792128.0,100.0,100563613104.0
2019-05-04,ZCH0D1X3,ST12000NM0007,12000138625024,0,77.0,48453872.0,96.0,0.0,100.0,4.0,100.0,0.0,87.0,537979799.0,87.0,11496.0,100.0,0.0,100.0,3.0,,,,,100.0,0.0,100.0,0.0,,,71.0,29.0,,,100.0,170.0,100.0,560.0,29.0,29.0,100.0,0.0,100.0,0.0,200.0,0.0,100.0,11422.0,100.0,58712445328.0,100.0,100759998288.0
2019-05-05,ZCH0D1X3,ST12000NM0007,12000138625024,0,82.0,154427896.0,96.0,0.0,100.0,4.0,100.0,0.0,87.0,540438490.0,87.0,11512.0,100.0,0.0,100.0,3.0,,,,,100.0,0.0,100.0,0.0,,,72.0,28.0,,,100.0,170.0,100.0,560.0,28.0,28.0,100.0,0.0,100.0,0.0,200.0,0.0,100.0,11438.0,100.0,58745946320.0,100.0,100832471320.0
2019-05-06,ZCH0D1X3,ST12000NM0007,12000138625024,0,82.0,152310384.0,96.0,0.0,100.0,4.0,100.0,0.0,87.0,543485711.0,87.0,11543.0,100.0,0.0,100.0,3.0,,,,,100.0,0.0,100.0,0.0,,,71.0,29.0,,,100.0,171.0,100.0,562.0,29.0,29.0,100.0,0.0,100.0,0.0,200.0,0.0,100.0,11470.0,100.0,58809072832.0,100.0,101011368024.0
2019-05-07,ZCH0D1X3,ST12000NM0007,12000138625024,0,77.0,49099600.0,96.0,0.0,100.0,4.0,100.0,0.0,87.0,546601766.0,87.0,11559.0,100.0,0.0,100.0,3.0,,,,,100.0,0.0,100.0,0.0,,,72.0,28.0,,,100.0,171.0,100.0,562.0,28.0,28.0,100.0,0.0,100.0,0.0,200.0,0.0,100.0,11485.0,100.0,58853958248.0,100.0,101107412456.0
2019-05-08,ZCH0D1X3,ST12000NM0007,12000138625024,0,80.0,103597576.0,96.0,0.0,100.0,4.0,100.0,0.0,87.0,550573375.0,87.0,11591.0,100.0,0.0,100.0,3.0,,,,,100.0,0.0,100.0,0.0,,,71.0,29.0,,,100.0,172.0,100.0,564.0,29.0,29.0,100.0,0.0,100.0,0.0,200.0,0.0,100.0,11517.0,100.0,58945394504.0,100.0,101314615064.0
2019-05-09,ZCH0D1X3,ST12000NM0007,12000138625024,0,83.0,217693328.0,96.0,0.0,100.0,4.0,100.0,0.0,87.0,552066689.0,87.0,11607.0,100.0,0.0,100.0,3.0,,,,,100.0,0.0,100.0,0.0,,,73.0,27.0,,,100.0,172.0,100.0,564.0,27.0,27.0,100.0,0.0,100.0,0.0,200.0,0.0,100.0,11533.0,100.0,58976289848.0,100.0,101397815472.0
2019-05-10,ZCH0D1X3,ST12000NM0007,12000138625024,0,69.0,8205664.0,96.0,0.0,100.0,4.0,100.0,0.0,87.0,555772235.0,87.0,11639.0,100.0,0.0,100.0,3.0,,,,,100.0,0.0,100.0,0.0,,,72.0,28.0,,,100.0,173.0,100.0,566.0,28.0,28.0,100.0,0.0,100.0,0.0,200.0,0.0,100.0,11564.0,100.0,59083605960.0,100.0,101569293176.0
2019-05-11,ZCH0D1X3,ST12000NM0007,12000138625024,0,81.0,127405512.0,96.0,0.0,100.0,4.0,100.0,0.0,87.0,557330849.0,87.0,11654.0,100.0,0.0,100.0,3.0,,,,,100.0,0.0,100.0,0.0,,,73.0,27.0,,,100.0,173.0,100.0,566.0,27.0,27.0,100.0,0.0,100.0,0.0,200.0,0.0,100.0,11580.0,100.0,59110999240.0,100.0,101661099744.0
2019-05-12,ZCH0D1X3,ST12000NM0007,12000138625024,0,74.0,24530032.0,96.0,0.0,100.0,4.0,100.0,0.0,88.0,562369128.0,87.0,11686.0,100.0,0.0,100.0,3.0,,,,,100.0,0.0,100.0,0.0,,,73.0,27.0,,,100.0,174.0,100.0,568.0,27.0,27.0,100.0,0.0,100.0,0.0,200.0,0.0,100.0,11611.0,100.0,59192824832.0,100.0,101964679936.0
2019-05-13,ZCH0D1X3,ST12000NM0007,12000138625024,0,81.0,118864552.0,96.0,0.0,100.0,4.0,100.0,0.0,88.0,563749033.0,87.0,11702.0,100.0,0.0,100.0,3.0,,,,,100.0,0.0,100.0,0.0,,,73.0,27.0,,,100.0,174.0,100.0,568.0,27.0,27.0,100.0,0.0,100.0,0.0,200.0,0.0,100.0,11627.0,100.0,59228773464.0,100.0,102023065824.0
2019-05-14,ZCH0D1X3,ST12000NM0007,12000138625024,0,82.0,160590224.0,96.0,0.0,100.0,4.0,100.0,0.0,88.0,570063978.0,87.0,11733.0,100.0,0.0,100.0,3.0,,,,,100.0,0.0,100.0,0.0,,,73.0,27.0,,,100.0,174.0,100.0,570.0,27.0,27.0,100.0,0.0,100.0,0.0,200.0,0.0,100.0,11659.0,100.0,59315151328.0,100.0,102222554912.0
2019-05-15,ZCH0D1X3,ST12000NM0007,12000138625024,0,73.0,20326920.0,96.0,0.0,100.0,4.0,100.0,0.0,88.0,571467156.0,87.0,11749.0,100.0,0.0,100.0,3.0,,,,,100.0,0.0,100.0,0.0,,,72.0,28.0,,,100.0,174.0,100.0,570.0,28.0,28.0,100.0,0.0,100.0,0.0,200.0,0.0,100.0,11674.0,100.0,59348531944.0,100.0,102293051640.0
2019-05-16,ZCH0D1X3,ST12000NM0007,12000138625024,0,80.0,94652856.0,96.0,0.0,100.0,4.0,100.0,0.0,88.0,575068596.0,87.0,11781.0,100.0,0.0,100.0,3.0,,,,,100.0,0.0,100.0,0.0,,,72.0,28.0,,,100.0,174.0,100.0,572.0,28.0,28.0,100.0,0.0,100.0,0.0,200.0,0.0,100.0,11706.0,100.0,59457381880.0,100.0,102502668328.0
2019-05-17,ZCH0D1X3,ST12000NM0007,12000138625024,0,76.0,37986048.0,96.0,0.0,100.0,4.0,100.0,0.0,88.0,577052799.0,87.0,11797.0,100.0,0.0,100.0,3.0,,,,,100.0,0.0,100.0,0.0,,,72.0,28.0,,,100.0,174.0,100.0,572.0,28.0,28.0,100.0,0.0,100.0,0.0,200.0,0.0,100.0,11722.0,100.0,59511119280.0,100.0,102636404840.0
2019-05-18,ZCH0D1X3,ST12000NM0007,12000138625024,0,80.0,96037072.0,96.0,0.0,100.0,4.0,100.0,0.0,88.0,580738852.0,87.0,11829.0,100.0,0.0,100.0,3.0,,,,,100.0,0.0,100.0,0.0,,,71.0,29.0,,,100.0,175.0,100.0,574.0,29.0,29.0,100.0,0.0,100.0,0.0,200.0,0.0,100.0,11753.0,100.0,59610353664.0,100.0,102839362320.0
2019-05-19,ZCH0D1X3,ST12000NM0007,12000138625024,0,74.0,26929776.0,96.0,0.0,100.0,4.0,100.0,0.0,88.0,583904350.0,87.0,11845.0,100.0,0.0,100.0,3.0,,,,,100.0,0.0,100.0,0.0,,,72.0,28.0,,,100.0,175.0,100.0,574.0,28.0,28.0,100.0,0.0,100.0,0.0,200.0,0.0,100.0,11769.0,100.0,59656336616.0,100.0,102968412704.0
2019-05-20,ZCH0D1X3,ST12000NM0007,12000138625024,0,80.0,96264280.0,96.0,0.0,100.0,4.0,100.0,0.0,88.0,588024018.0,87.0,11876.0,100.0,0.0,100.0,3.0,,,,,100.0,0.0,100.0,0.0,,,70.0,30.0,,,100.0,176.0,100.0,576.0,30.0,30.0,100.0,0.0,100.0,0.0,200.0,0.0,100.0,11801.0,100.0,59746104896.0,100.0,103192120448.0
2019-05-21,ZCH0D1X3,ST12000NM0007,12000138625024,0,69.0,8058296.0,96.0,0.0,100.0,4.0,100.0,0.0,88.0,590782864.0,87.0,11892.0,100.0,0.0,100.0,3.0,,,,,100.0,0.0,100.0,0.0,,,71.0,29.0,,,100.0,176.0,100.0,576.0,29.0,29.0,100.0,0.0,100.0,0.0,200.0,0.0,100.0,11817.0,100.0,59793142960.0,100.0,103301017264.0
2019-05-22,ZCH0D1X3,ST12000NM0007,12000138625024,0,77.0,55645032.0,96.0,0.0,100.0,4.0,100.0,0.0,88.0,594963336.0,87.0,11924.0,100.0,0.0,100.0,3.0,,,,,100.0,0.0,100.0,0.0,,,71.0,29.0,,,100.0,177.0,100.0,578.0,29.0,29.0,100.0,0.0,100.0,0.0,200.0,0.0,100.0,11848.0,100.0,59874559448.0,100.0,103511328168.0
2019-05-23,ZCH0D1X3,ST12000NM0007,12000138625024,0,84.0,242914928.0,96.0,0.0,100.0,4.0,100.0,0.0,88.0,596809622.0,87.0,11940.0,100.0,0.0,100.0,3.0,,,,,100.0,0.0,100.0,0.0,,,71.0,29.0,,,100.0,177.0,100.0,578.0,29.0,29.0,100.0,0.0,100.0,0.0,200.0,0.0,100.0,11864.0,100.0,59925287296.0,100.0,103647870216.0
2019-05-24,ZCH0D1X3,ST12000NM0007,12000138625024,0,78.0,68805576.0,96.0,0.0,100.0,4.0,100.0,0.0,88.0,600281090.0,87.0,11971.0,100.0,0.0,100.0,3.0,,,,,100.0,0.0,100.0,0.0,,,72.0,28.0,,,100.0,177.0,100.0,580.0,28.0,28.0,100.0,0.0,100.0,0.0,200.0,0.0,100.0,11895.0,100.0,60008197072.0,100.0,103879132560.0
2019-05-25,ZCH0D1X3,ST12000NM0007,12000138625024,0,83.0,190650040.0,96.0,0.0,100.0,4.0,100.0,0.0,88.0,601821311.0,87.0,11987.0,100.0,0.0,100.0,3.0,,,,,100.0,0.0,100.0,0.0,,,72.0,28.0,,,100.0,177.0,100.0,580.0,28.0,28.0,100.0,0.0,100.0,0.0,200.0,0.0,100.0,11911.0,100.0,60039325280.0,100.0,103969848816.0
2019-05-26,ZCH0D1X3,ST12000NM0007,12000138625024,0,75.0,35032632.0,96.0,0.0,100.0,4.0,100.0,0.0,88.0,607319720.0,87.0,12019.0,100.0,0.0,100.0,3.0,,,,,100.0,0.0,100.0,0.0,,,73.0,27.0,,,100.0,178.0,100.0,582.0,27.0,27.0,100.0,0.0,100.0,0.0,200.0,0.0,100.0,11943.0,100.0,60129709016.0,100.0,104212129016.0
2019-05-27,ZCH0D1X3,ST12000NM0007,12000138625024,0,82.0,173616576.0,96.0,0.0,100.0,4.0,100.0,0.0,88.0,609050314.0,87.0,12035.0,100.0,0.0,100.0,3.0,,,,,100.0,0.0,100.0,0.0,,,71.0,29.0,,,100.0,178.0,100.0,582.0,29.0,29.0,100.0,0.0,100.0,0.0,200.0,0.0,100.0,11959.0,100.0,60168724408.0,100.0,104311697568.0
2019-05-28,ZCH0D1X3,ST12000NM0007,12000138625024,0,83.0,214626600.0,96.0,0.0,100.0,4.0,100.0,0.0,88.0,613942859.0,87.0,12066.0,100.0,0.0,100.0,3.0,,,,,100.0,0.0,100.0,0.0,,,72.0,28.0,,,100.0,180.0,100.0,584.0,28.0,28.0,100.0,0.0,100.0,0.0,200.0,0.0,100.0,11990.0,100.0,60243568176.0,100.0,104522005432.0
2019-05-29,ZCH0D1X3,ST12000NM0007,12000138625024,0,81.0,133135656.0,96.0,0.0,100.0,4.0,100.0,0.0,88.0,615704860.0,87.0,12082.0,100.0,0.0,100.0,3.0,,,,,100.0,0.0,100.0,0.0,,,72.0,28.0,,,100.0,180.0,100.0,584.0,28.0,28.0,100.0,0.0,100.0,0.0,200.0,0.0,100.0,12006.0,100.0,60285703976.0,100.0,104642519536.0
2019-05-30,ZCH0D1X3,ST12000NM0007,12000138625024,0,81.0,137301376.0,96.0,0.0,100.0,4.0,100.0,0.0,88.0,618751018.0,87.0,12114.0,100.0,0.0,100.0,3.0,,,,,100.0,0.0,100.0,0.0,,,73.0,27.0,,,100.0,182.0,100.0,586.0,27.0,27.0,100.0,0.0,100.0,0.0,200.0,0.0,100.0,12038.0,100.0,60373789976.0,100.0,104802739992.0
2019-05-31,ZCH0D1X3,ST12000NM0007,12000138625024,0,76.0,43522184.0,96.0,0.0,100.0,4.0,100.0,0.0,88.0,620390558.0,87.0,12130.0,100.0,0.0,100.0,3.0,,,,,100.0,0.0,100.0,0.0,,,72.0,28.0,,,100.0,182.0,100.0,586.0,28.0,28.0,100.0,0.0,100.0,0.0,200.0,0.0,100.0,12053.0,100.0,60413302064.0,100.0,104913589368.0
2019-06-01,ZCH0D1X3,ST12000NM0007,12000138625024,0,70.0,10012224.0,96.0,0.0,100.0,4.0,100.0,0.0,88.0,623116914.0,87.0,12161.0,100.0,0.0,100.0,3.0,,,,,100.0,0.0,100.0,0.0,,,73.0,27.0,,,100.0,183.0,100.0,588.0,27.0,27.0,100.0,0.0,100.0,0.0,200.0,0.0,100.0,12085.0,100.0,60474023808.0,100.0,105063498408.0
2019-06-02,ZCH0D1X3,ST12000NM0007,12000138625024,0,77.0,45971168.0,96.0,0.0,100.0,4.0,100.0,0.0,88.0,627097853.0,87.0,12177.0,100.0,0.0,100.0,3.0,,,,,100.0,0.0,100.0,0.0,,,71.0,29.0,,,100.0,183.0,100.0,589.0,29.0,29.0,100.0,0.0,100.0,0.0,200.0,0.0,100.0,12100.0,100.0,60511432216.0,100.0,105306189856.0
2019-06-03,ZCH0D1X3,ST12000NM0007,12000138625024,0,77.0,45436936.0,96.0,0.0,100.0,4.0,100.0,0.0,88.0,633113157.0,87.0,12209.0,100.0,0.0,100.0,3.0,,,,,100.0,0.0,100.0,0.0,,,72.0,28.0,,,100.0,183.0,100.0,590.0,28.0,28.0,100.0,0.0,100.0,0.0,200.0,0.0,100.0,12132.0,100.0,60572610344.0,100.0,105732758896.0
2019-06-04,ZCH0D1X3,ST12000NM0007,12000138625024,0,75.0,34311536.0,96.0,0.0,100.0,4.0,100.0,0.0,88.0,635672101.0,87.0,12225.0,100.0,0.0,100.0,3.0,,,,,100.0,0.0,100.0,0.0,,,71.0,29.0,,,100.0,183.0,100.0,591.0,29.0,29.0,100.0,0.0,100.0,0.0,200.0,0.0,100.0,12148.0,100.0,60626336760.0,100.0,105912047808.0
2019-06-05,ZCH0D1X3,ST12000NM0007,12000138625024,0,83.0,211579032.0,96.0,0.0,100.0,4.0,100.0,0.0,88.0,641248966.0,87.0,12256.0,100.0,0.0,100.0,3.0,,,,,100.0,0.0,100.0,0.0,,,73.0,27.0,,,100.0,183.0,100.0,592.0,27.0,27.0,100.0,0.0,100.0,0.0,200.0,0.0,100.0,12179.0,100.0,60703787552.0,100.0,106256005344.0
2019-06-06,ZCH0D1X3,ST12000NM0007,12000138625024,0,75.0,28986584.0,96.0,0.0,100.0,4.0,100.0,0.0,88.0,644823768.0,86.0,12288.0,100.0,0.0,100.0,3.0,,,,,100.0,0.0,100.0,0.0,,,73.0,27.0,,,100.0,183.0,100.0,594.0,27.0,27.0,100.0,0.0,100.0,0.0,200.0,0.0,100.0,12210.0,100.0,60801636352.0,100.0,106463845456.0
2019-06-07,ZCH0D1X3,ST12000NM0007,12000138625024,0,81.0,126976632.0,96.0,0.0,100.0,4.0,100.0,0.0,88.0,646260886.0,86.0,12304.0,100.0,0.0,100.0,3.0,,,,,100.0,0.0,100.0,0.0,,,73.0,27.0,,,100.0,183.0,100.0,594.0,27.0,27.0,100.0,0.0,100.0,0.0,200.0,0.0,100.0,12226.0,100.0,60844172472.0,100.0,106519299384.0
2019-06-08,ZCH0D1X3,ST12000NM0007,12000138625024,0,82.0,171878800.0,96.0,0.0,100.0,4.0,100.0,0.0,88.0,650245944.0,86.0,12335.0,100.0,0.0,100.0,3.0,,,,,100.0,0.0,100.0,0.0,,,72.0,28.0,,,100.0,183.0,100.0,596.0,28.0,28.0,100.0,0.0,100.0,0.0,200.0,0.0,100.0,12257.0,100.0,60928073608.0,100.0,106724441480.0
2019-06-09,ZCH0D1X3,ST12000NM0007,12000138625024,0,80.0,100564640.0,96.0,0.0,100.0,4.0,100.0,0.0,88.0,653097060.0,86.0,12351.0,100.0,0.0,100.0,3.0,,,,,100.0,0.0,100.0,0.0,,,73.0,27.0,,,100.0,183.0,100.0,596.0,27.0,27.0,100.0,0.0,100.0,0.0,200.0,0.0,100.0,12273.0,100.0,60971941216.0,100.0,106853400928.0
2019-06-10,ZCH0D1X3,ST12000NM0007,12000138625024,0,82.0,163929888.0,96.0,0.0,100.0,4.0,100.0,0.0,88.0,656926855.0,86.0,12383.0,100.0,0.0,100.0,3.0,,,,,100.0,0.0,100.0,0.0,,,73.0,27.0,,,100.0,183.0,100.0,598.0,27.0,27.0,100.0,0.0,100.0,0.0,200.0,0.0,100.0,12305.0,100.0,61072084040.0,100.0,107060763984.0
2019-06-11,ZCH0D1X3,ST12000NM0007,12000138625024,0,80.0,96953624.0,96.0,0.0,100.0,4.0,100.0,0.0,88.0,660227507.0,86.0,12399.0,100.0,0.0,100.0,3.0,,,,,100.0,0.0,100.0,0.0,,,72.0,28.0,,,100.0,183.0,100.0,598.0,28.0,28.0,100.0,0.0,100.0,0.0,200.0,0.0,100.0,12321.0,100.0,61126652696.0,100.0,107183359864.0
2019-06-12,ZCH0D1X3,ST12000NM0007,12000138625024,0,80.0,103987880.0,96.0,0.0,100.0,4.0,100.0,0.0,88.0,665158683.0,86.0,12431.0,100.0,0.0,100.0,3.0,,,,,100.0,0.0,100.0,0.0,,,73.0,27.0,,,100.0,184.0,100.0,600.0,27.0,27.0,100.0,0.0,100.0,0.0,200.0,0.0,100.0,12352.0,100.0,61207778840.0,100.0,107353408664.0
2019-06-13,ZCH0D1X3,ST12000NM0007,12000138625024,0,83.0,196708408.0,96.0,0.0,100.0,4.0,100.0,0.0,88.0,666598678.0,86.0,12446.0,100.0,0.0,100.0,3.0,,,,,100.0,0.0,100.0,0.0,,,73.0,27.0,,,100.0,184.0,100.0,600.0,27.0,27.0,100.0,0.0,100.0,0.0,200.0,0.0,100.0,12368.0,100.0,61246929936.0,100.0,107406978096.0
2019-06-14,ZCH0D1X3,ST12000NM0007,12000138625024,0,83.0,210884576.0,96.0,0.0,100.0,4.0,100.0,0.0,88.0,669842701.0,86.0,12478.0,100.0,0.0,100.0,3.0,,,,,100.0,0.0,100.0,0.0,,,73.0,27.0,,,100.0,186.0,100.0,602.0,27.0,27.0,100.0,0.0,100.0,0.0,200.0,0.0,100.0,12399.0,100.0,61323921496.0,100.0,107588303456.0
2019-06-15,ZCH0D1X3,ST12000NM0007,12000138625024,0,81.0,118866376.0,96.0,0.0,100.0,4.0,100.0,0.0,88.0,671598189.0,86.0,12494.0,100.0,0.0,100.0,3.0,,,,,100.0,0.0,100.0,0.0,,,72.0,28.0,,,100.0,186.0,100.0,602.0,28.0,28.0,100.0,0.0,100.0,0.0,200.0,0.0,100.0,12415.0,100.0,61366862944.0,100.0,107697484512.0
2019-06-16,ZCH0D1X3,ST12000NM0007,12000138625024,0,83.0,207620936.0,96.0,0.0,100.0,4.0,100.0,0.0,88.0,677062866.0,86.0,12525.0,100.0,0.0,100.0,3.0,,,,,100.0,0.0,100.0,0.0,,,72.0,28.0,,,100.0,187.0,100.0,604.0,28.0,28.0,100.0,0.0,100.0,0.0,200.0,0.0,100.0,12446.0,100.0,61448467832.0,100.0,107948774928.0
2019-06-17,ZCH0D1X3,ST12000NM0007,12000138625024,0,80.0,99751608.0,96.0,0.0,100.0,4.0,100.0,0.0,88.0,678738442.0,86.0,12541.0,100.0,0.0,100.0,3.0,,,,,100.0,0.0,100.0,0.0,,,73.0,27.0,,,100.0,187.0,100.0,604.0,27.0,27.0,100.0,0.0,100.0,0.0,200.0,0.0,100.0,12462.0,100.0,61483265536.0,100.0,108050248592.0
2019-06-18,ZCH0D1X3,ST12000NM0007,12000138625024,0,83.0,191150736.0,96.0,0.0,100.0,4.0,100.0,0.0,88.0,684301229.0,86.0,12573.0,100.0,0.0,100.0,3.0,,,,,100.0,0.0,100.0,0.0,,,73.0,27.0,,,100.0,187.0,100.0,605.0,27.0,27.0,100.0,0.0,100.0,0.0,200.0,0.0,100.0,12494.0,100.0,61552781936.0,100.0,108316272056.0
2019-06-19,ZCH0D1X3,ST12000NM0007,12000138625024,0,80.0,96916392.0,96.0,0.0,100.0,4.0,100.0,0.0,88.0,686063012.0,86.0,12589.0,100.0,0.0,100.0,3.0,,,,,100.0,0.0,100.0,0.0,,,73.0,27.0,,,100.0,187.0,100.0,606.0,27.0,27.0,100.0,0.0,100.0,0.0,200.0,0.0,100.0,12510.0,100.0,61591584144.0,100.0,108427376240.0
2019-06-20,ZCH0D1X3,ST12000NM0007,12000138625024,0,82.0,164236312.0,96.0,0.0,100.0,4.0,100.0,0.0,88.0,689611904.0,86.0,12620.0,100.0,0.0,100.0,3.0,,,,,100.0,0.0,100.0,0.0,,,73.0,27.0,,,100.0,188.0,100.0,608.0,27.0,27.0,100.0,0.0,100.0,0.0,200.0,0.0,100.0,12541.0,100.0,61663583112.0,100.0,108666837824.0
2019-06-21,ZCH0D1X3,ST12000NM0007,12000138625024,0,78.0,67315552.0,96.0,0.0,100.0,4.0,100.0,0.0,88.0,691622876.0,86.0,12636.0,100.0,0.0,100.0,3.0,,,,,100.0,0.0,100.0,0.0,,,73.0,27.0,,,100.0,188.0,100.0,608.0,27.0,27.0,100.0,0.0,100.0,0.0,200.0,0.0,100.0,12556.0,100.0,61715471360.0,100.0,108762169496.0
2019-06-22,ZCH0D1X3,ST12000NM0007,12000138625024,0,81.0,125880136.0,96.0,0.0,100.0,4.0,100.0,0.0,88.0,695157917.0,86.0,12668.0,100.0,0.0,100.0,3.0,,,,,100.0,0.0,100.0,0.0,,,73.0,27.0,,,100.0,189.0,100.0,609.0,27.0,27.0,100.0,0.0,100.0,0.0,200.0,0.0,100.0,12588.0,100.0,61813950312.0,100.0,108966396000.0
2019-06-23,ZCH0D1X3,ST12000NM0007,12000138625024,0,80.0,101405296.0,96.0,0.0,100.0,4.0,100.0,0.0,88.0,698925740.0,86.0,12683.0,100.0,0.0,100.0,3.0,,,,,100.0,0.0,100.0,0.0,,,72.0,28.0,,,100.0,189.0,100.0,610.0,28.0,28.0,100.0,0.0,100.0,0.0,200.0,0.0,100.0,12604.0,100.0,61877055208.0,100.0,109122957208.0
2019-06-24,ZCH0D1X3,ST12000NM0007,12000138625024,0,84.0,237655520.0,96.0,0.0,100.0,4.0,100.0,0.0,88.0,704498274.0,86.0,12715.0,100.0,0.0,100.0,3.0,,,,,100.0,0.0,100.0,0.0,,,72.0,28.0,,,100.0,190.0,100.0,611.0,28.0,28.0,100.0,0.0,100.0,0.0,200.0,0.0,100.0,12635.0,100.0,61970408008.0,100.0,109409995272.0
2019-06-25,ZCH0D1X3,ST12000NM0007,12000138625024,0,83.0,194699584.0,96.0,0.0,100.0,4.0,100.0,0.0,88.0,707156407.0,86.0,12731.0,100.0,0.0,100.0,3.0,,,,,100.0,0.0,100.0,0.0,,,72.0,28.0,,,100.0,190.0,100.0,612.0,28.0,28.0,100.0,0.0,100.0,0.0,200.0,0.0,100.0,12651.0,100.0,62018544096.0,100.0,109563043880.0
2019-06-26,ZCH0D1X3,ST12000NM0007,12000138625024,0,77.0,46328304.0,96.0,0.0,100.0,4.0,100.0,0.0,89.0,712047499.0,86.0,12763.0,100.0,0.0,100.0,3.0,,,,,100.0,0.0,100.0,0.0,,,73.0,27.0,,,100.0,191.0,100.0,613.0,27.0,27.0,100.0,0.0,100.0,0.0,200.0,0.0,100.0,12683.0,100.0,62114487080.0,100.0,109807011408.0
2019-06-27,ZCH0D1X3,ST12000NM0007,12000138625024,0,73.0,18992408.0,96.0,0.0,100.0,4.0,100.0,0.0,89.0,714113657.0,86.0,12778.0,100.0,0.0,100.0,3.0,,,,,100.0,0.0,100.0,0.0,,,72.0,28.0,,,100.0,191.0,100.0,614.0,28.0,28.0,100.0,0.0,100.0,0.0,200.0,0.0,100.0,12698.0,100.0,62160672160.0,100.0,109977631160.0
2019-06-28,ZCH0D1X3,ST12000NM0007,12000138625024,0,83.0,185867608.0,96.0,0.0,100.0,4.0,100.0,0.0,89.0,718353202.0,86.0,12810.0,100.0,0.0,100.0,3.0,,,,,100.0,0.0,100.0,0.0,,,72.0,28.0,,,100.0,191.0,100.0,615.0,28.0,28.0,100.0,0.0,100.0,0.0,200.0,0.0,100.0,12730.0,100.0,62241757080.0,100.0,110307562160.0
2019-06-29,ZCH0D1X3,ST12000NM0007,12000138625024,0,80.0,103896296.0,96.0,0.0,100.0,4.0,100.0,0.0,89.0,720123618.0,86.0,12826.0,100.0,0.0,100.0,3.0,,,,,100.0,0.0,100.0,0.0,,,72.0,28.0,,,100.0,191.0,100.0,616.0,28.0,28.0,100.0,0.0,100.0,0.0,200.0,0.0,100.0,12746.0,100.0,62279009320.0,100.0,110432479352.0
2019-06-30,ZCH0D1X3,ST12000NM0007,12000138625024,0,80.0,109600464.0,96.0,0.0,100.0,4.0,100.0,0.0,89.0,725670784.0,86.0,12858.0,100.0,0.0,100.0,3.0,,,,,100.0,0.0,100.0,0.0,,,72.0,28.0,,,100.0,191.0,100.0,617.0,28.0,28.0,100.0,0.0,100.0,0.0,200.0,0.0,100.0,12778.0,100.0,62367108728.0,100.0,110838365552.0
2019-07-01,ZCH0D1X3,ST12000NM0007,12000138625024,0,79.0,82145352.0,96.0,0.0,100.0,4.0,100.0,0.0,89.0,727238851.0,86.0,12873.0,100.0,0.0,100.0,3.0,,,,,100.0,0.0,100.0,0.0,,,72.0,28.0,,,100.0,191.0,100.0,618.0,28.0,28.0,100.0,0.0,100.0,0.0,200.0,0.0,100.0,12793.0,100.0,62399226056.0,100.0,111022933792.0
2019-07-02,ZCH0D1X3,ST12000NM0007,12000138625024,0,78.0,70776528.0,96.0,0.0,100.0,4.0,100.0,0.0,89.0,732460285.0,86.0,12905.0,100.0,0.0,100.0,3.0,,,,,100.0,0.0,100.0,0.0,,,72.0,28.0,,,100.0,192.0,100.0,619.0,28.0,28.0,100.0,0.0,100.0,0.0,200.0,0.0,100.0,12825.0,100.0,62498263120.0,100.0,111400809352.0
2019-07-03,ZCH0D1X3,ST12000NM0007,12000138625024,0,80.0,93771984.0,96.0,0.0,100.0,4.0,100.0,0.0,89.0,734381939.0,86.0,12921.0,100.0,0.0,100.0,3.0,,,,,100.0,0.0,100.0,0.0,,,72.0,28.0,,,100.0,192.0,100.0,620.0,28.0,28.0,100.0,0.0,100.0,0.0,200.0,0.0,100.0,12841.0,100.0,62547958288.0,100.0,111618250416.0
2019-07-04,ZCH0D1X3,ST12000NM0007,12000138625024,0,80.0,99138416.0,96.0,0.0,100.0,4.0,100.0,0.0,89.0,737786865.0,86.0,12953.0,100.0,0.0,100.0,3.0,,,,,100.0,0.0,100.0,0.0,,,72.0,28.0,,,100.0,193.0,100.0,621.0,28.0,28.0,100.0,0.0,100.0,0.0,200.0,0.0,100.0,12872.0,100.0,62627206240.0,100.0,112032650408.0
2019-07-05,ZCH0D1X3,ST12000NM0007,12000138625024,0,80.0,99956824.0,96.0,0.0,100.0,4.0,100.0,0.0,89.0,739638518.0,86.0,12969.0,100.0,0.0,100.0,3.0,,,,,100.0,0.0,100.0,0.0,,,72.0,28.0,,,100.0,193.0,100.0,622.0,28.0,28.0,100.0,0.0,100.0,0.0,200.0,0.0,100.0,12888.0,100.0,62669354056.0,100.0,112235461984.0
2019-07-06,ZCH0D1X3,ST12000NM0007,12000138625024,0,79.0,86244784.0,96.0,0.0,100.0,4.0,100.0,0.0,89.0,743095996.0,86.0,13000.0,100.0,0.0,100.0,3.0,,,,,100.0,0.0,100.0,0.0,,,72.0,28.0,,,100.0,193.0,100.0,623.0,28.0,28.0,100.0,0.0,100.0,0.0,200.0,0.0,100.0,12920.0,100.0,62756542736.0,100.0,112622842584.0
2019-07-07,ZCH0D1X3,ST12000NM0007,12000138625024,0,82.0,151955584.0,96.0,0.0,100.0,4.0,100.0,0.0,89.0,746828711.0,86.0,13016.0,100.0,0.0,100.0,3.0,,,,,100.0,0.0,100.0,0.0,,,73.0,27.0,,,100.0,193.0,100.0,624.0,27.0,27.0,100.0,0.0,100.0,0.0,200.0,0.0,100.0,12936.0,100.0,62820759320.0,100.0,112868477624.0
2019-07-08,ZCH0D1X3,ST12000NM0007,12000138625024,0,82.0,158025376.0,96.0,0.0,100.0,4.0,100.0,0.0,89.0,750269221.0,86.0,13048.0,100.0,0.0,100.0,3.0,,,,,100.0,0.0,100.0,0.0,,,72.0,28.0,,,100.0,194.0,100.0,625.0,28.0,28.0,100.0,0.0,100.0,0.0,200.0,0.0,100.0,12967.0,100.0,62867424888.0,100.0,113316166712.0
2019-07-09,ZCH0D1X3,ST12000NM0007,12000138625024,0,83.0,202146168.0,96.0,0.0,100.0,4.0,100.0,0.0,89.0,752368874.0,86.0,13064.0,100.0,0.0,100.0,3.0,,,,,100.0,0.0,100.0,0.0,,,72.0,28.0,,,100.0,194.0,100.0,626.0,28.0,28.0,100.0,0.0,100.0,0.0,200.0,0.0,100.0,12983.0,100.0,62899033160.0,100.0,113572819864.0
2019-07-10,ZCH0D1X3,ST12000NM0007,12000138625024,0,81.0,136694848.0,96.0,0.0,100.0,4.0,100.0,0.0,89.0,757512040.0,86.0,13096.0,100.0,0.0,100.0,3.0,,,,,100.0,0.0,100.0,0.0,,,72.0,28.0,,,100.0,194.0,100.0,628.0,28.0,28.0,100.0,0.0,100.0,0.0,200.0,0.0,100.0,13014.0,100.0,62980583216.0,100.0,113914100136.0
2019-07-11,ZCH0D1X3,ST12000NM0007,12000138625024,0,82.0,170829032.0,96.0,0.0,100.0,4.0,100.0,0.0,89.0,759924447.0,86.0,13112.0,100.0,0.0,100.0,3.0,,,,,100.0,0.0,100.0,0.0,,,72.0,28.0,,,100.0,194.0,100.0,628.0,28.0,28.0,100.0,0.0,100.0,0.0,200.0,0.0,100.0,13030.0,100.0,63031314344.0,100.0,114141643872.0
2019-07-12,ZCH0D1X3,ST12000NM0007,12000138625024,0,83.0,193877784.0,96.0,0.0,100.0,4.0,100.0,0.0,89.0,764473758.0,85.0,13143.0,100.0,0.0,100.0,3.0,,,,,100.0,0.0,100.0,0.0,,,72.0,28.0,,,100.0,194.0,100.0,629.0,28.0,28.0,100.0,0.0,100.0,0.0,200.0,0.0,100.0,13062.0,100.0,63096213176.0,100.0,114588075400.0
2019-07-13,ZCH0D1X3,ST12000NM0007,12000138625024,0,83.0,212577592.0,96.0,0.0,100.0,4.0,100.0,0.0,89.0,766978558.0,85.0,13159.0,100.0,0.0,100.0,3.0,,,,,100.0,0.0,100.0,0.0,,,72.0,28.0,,,100.0,194.0,100.0,630.0,28.0,28.0,100.0,0.0,100.0,0.0,200.0,0.0,100.0,13078.0,100.0,63136519408.0,100.0,114810609640.0
2019-07-14,ZCH0D1X3,ST12000NM0007,12000138625024,0,84.0,236733368.0,96.0,0.0,100.0,4.0,100.0,0.0,89.0,772215790.0,85.0,13191.0,100.0,0.0,100.0,3.0,,,,,100.0,0.0,100.0,0.0,,,72.0,28.0,,,100.0,195.0,100.0,631.0,28.0,28.0,100.0,0.0,100.0,0.0,200.0,0.0,100.0,13109.0,100.0,63227914072.0,100.0,115231652080.0
2019-07-15,ZCH0D1X3,ST12000NM0007,12000138625024,0,84.0,231782264.0,96.0,0.0,100.0,4.0,100.0,0.0,89.0,773919353.0,85.0,13207.0,100.0,0.0,100.0,3.0,,,,,100.0,0.0,100.0,0.0,,,72.0,28.0,,,100.0,195.0,100.0,632.0,28.0,28.0,100.0,0.0,100.0,0.0,200.0,0.0,100.0,13125.0,100.0,63262451000.0,100.0,115436304808.0
2019-07-16,ZCH0D1X3,ST12000NM0007,12000138625024,0,82.0,154791552.0,96.0,0.0,100.0,4.0,100.0,0.0,89.0,778360449.0,85.0,13238.0,100.0,0.0,100.0,3.0,,,,,100.0,0.0,100.0,0.0,,,72.0,28.0,,,100.0,195.0,100.0,633.0,28.0,28.0,100.0,0.0,100.0,0.0,200.0,0.0,100.0,13156.0,100.0,63343056616.0,100.0,115766990376.0
2019-07-17,ZCH0D1X3,ST12000NM0007,12000138625024,0,80.0,110980720.0,96.0,0.0,100.0,4.0,100.0,0.0,89.0,780598632.0,85.0,13254.0,100.0,0.0,100.0,3.0,,,,,100.0,0.0,100.0,0.0,,,72.0,28.0,,,100.0,196.0,100.0,634.0,28.0,28.0,100.0,0.0,100.0,0.0,200.0,0.0,100.0,13172.0,100.0,63382173288.0,100.0,115928203640.0
2019-07-18,ZCH0D1X3,ST12000NM0007,12000138625024,0,81.0,112770632.0,96.0,0.0,100.0,4.0,100.0,0.0,89.0,784110942.0,85.0,13286.0,100.0,0.0,100.0,3.0,,,,,100.0,0.0,100.0,0.0,,,72.0,28.0,,,100.0,196.0,100.0,635.0,28.0,28.0,100.0,0.0,100.0,0.0,200.0,0.0,100.0,13203.0,100.0,63452537248.0,100.0,116347911272.0
2019-07-19,ZCH0D1X3,ST12000NM0007,12000138625024,0,82.0,152795888.0,96.0,0.0,100.0,4.0,100.0,0.0,89.0,786475269.0,85.0,13301.0,100.0,0.0,100.0,3.0,,,,,100.0,0.0,100.0,0.0,,,72.0,28.0,,,100.0,196.0,100.0,637.0,28.0,28.0,100.0,0.0,100.0,0.0,200.0,0.0,100.0,13219.0,100.0,63482217864.0,100.0,116602396560.0
2019-07-20,ZCH0D1X3,ST12000NM0007,12000138625024,0,83.0,185492240.0,96.0,0.0,100.0,4.0,100.0,0.0,89.0,791573120.0,85.0,13333.0,100.0,0.0,100.0,3.0,,,,,100.0,0.0,100.0,0.0,,,71.0,29.0,,,100.0,197.0,100.0,638.0,29.0,29.0,100.0,0.0,100.0,0.0,200.0,0.0,100.0,13251.0,100.0,63564368048.0,100.0,117041224200.0
2019-07-21,ZCH0D1X3,ST12000NM0007,12000138625024,0,84.0,223982584.0,96.0,0.0,100.0,4.0,100.0,0.0,89.0,795717450.0,85.0,13349.0,100.0,0.0,100.0,3.0,,,,,100.0,0.0,100.0,0.0,,,72.0,28.0,,,100.0,197.0,100.0,639.0,28.0,28.0,100.0,0.0,100.0,0.0,200.0,0.0,100.0,13266.0,100.0,63627537040.0,100.0,117260686360.0
2019-07-22,ZCH0D1X3,ST12000NM0007,12000138625024,0,82.0,160131280.0,96.0,0.0,100.0,4.0,100.0,0.0,89.0,798778007.0,85.0,13381.0,100.0,0.0,100.0,3.0,,,,,100.0,0.0,100.0,0.0,,,72.0,28.0,,,100.0,198.0,100.0,640.0,28.0,28.0,100.0,0.0,100.0,0.0,200.0,0.0,100.0,13298.0,100.0,63699278624.0,100.0,117613374880.0
2019-07-23,ZCH0D1X3,ST12000NM0007,12000138625024,0,81.0,128483656.0,96.0,0.0,100.0,4.0,100.0,0.0,89.0,800145342.0,85.0,13397.0,100.0,0.0,100.0,3.0,,,,,100.0,0.0,100.0,0.0,,,73.0,27.0,,,100.0,198.0,100.0,641.0,27.0,27.0,100.0,0.0,100.0,0.0,200.0,0.0,100.0,13314.0,100.0,63735665320.0,100.0,117789481400.0
2019-07-24,ZCH0D1X3,ST12000NM0007,12000138625024,0,80.0,91426376.0,96.0,0.0,100.0,4.0,100.0,0.0,89.0,804110757.0,85.0,13428.0,100.0,0.0,100.0,3.0,,,,,100.0,0.0,100.0,0.0,,,73.0,27.0,,,100.0,198.0,100.0,642.0,27.0,27.0,100.0,0.0,100.0,0.0,200.0,0.0,100.0,13345.0,100.0,63801819560.0,100.0,117930410592.0
2019-07-25,ZCH0D1X3,ST12000NM0007,12000138625024,0,72.0,16555016.0,96.0,0.0,100.0,4.0,100.0,0.0,89.0,808508047.0,85.0,13460.0,100.0,0.0,100.0,3.0,,,,,100.0,0.0,100.0,0.0,,,72.0,28.0,,,100.0,200.0,100.0,644.0,28.0,28.0,100.0,0.0,100.0,0.0,200.0,0.0,100.0,13376.0,100.0,63878807352.0,100.0,118266832864.0
2019-07-26,ZCH0D1X3,ST12000NM0007,12000138625024,0,71.0,11592344.0,96.0,0.0,100.0,4.0,100.0,0.0,89.0,810546536.0,85.0,13476.0,100.0,0.0,100.0,3.0,,,,,100.0,0.0,100.0,0.0,,,73.0,27.0,,,100.0,200.0,100.0,644.0,27.0,27.0,100.0,0.0,100.0,0.0,200.0,0.0,100.0,13392.0,100.0,63908770272.0,100.0,118476047912.0
2019-07-27,ZCH0D1X3,ST12000NM0007,12000138625024,0,82.0,165897208.0,96.0,0.0,100.0,4.0,100.0,0.0,89.0,813607894.0,85.0,13508.0,100.0,0.0,100.0,3.0,,,,,100.0,0.0,100.0,0.0,,,72.0,28.0,,,100.0,200.0,100.0,646.0,28.0,28.0,100.0,0.0,100.0,0.0,200.0,0.0,100.0,13424.0,100.0,63975239712.0,100.0,118808023968.0
2019-07-28,ZCH0D1X3,ST12000NM0007,12000138625024,0,83.0,202231360.0,96.0,0.0,100.0,4.0,100.0,0.0,89.0,817327695.0,85.0,13523.0,100.0,0.0,100.0,3.0,,,,,100.0,0.0,100.0,0.0,,,72.0,28.0,,,100.0,200.0,100.0,646.0,28.0,28.0,100.0,0.0,100.0,0.0,200.0,0.0,100.0,13440.0,100.0,64034081480.0,100.0,119029657048.0
2019-07-29,ZCH0D1X3,ST12000NM0007,12000138625024,0,80.0,97695400.0,96.0,0.0,100.0,4.0,100.0,0.0,89.0,820165108.0,85.0,13555.0,100.0,0.0,100.0,3.0,,,,,100.0,0.0,100.0,0.0,,,73.0,27.0,,,100.0,202.0,100.0,648.0,27.0,27.0,100.0,0.0,100.0,0.0,200.0,0.0,100.0,13471.0,100.0,64105936720.0,100.0,119341547200.0
2019-07-30,ZCH0D1X3,ST12000NM0007,12000138625024,0,76.0,40713992.0,96.0,0.0,100.0,4.0,100.0,0.0,89.0,822167871.0,85.0,13571.0,100.0,0.0,100.0,3.0,,,,,100.0,0.0,100.0,0.0,,,72.0,28.0,,,100.0,202.0,100.0,648.0,28.0,28.0,100.0,0.0,100.0,0.0,200.0,0.0,100.0,13487.0,100.0,64155940104.0,100.0,119478703144.0
2019-07-31,ZCH0D1X3,ST12000NM0007,12000138625024,0,82.0,177443208.0,96.0,0.0,100.0,4.0,100.0,0.0,89.0,826527861.0,85.0,13602.0,100.0,0.0,100.0,3.0,,,,,100.0,0.0,100.0,0.0,,,72.0,28.0,,,100.0,202.0,100.0,651.0,28.0,28.0,100.0,0.0,100.0,0.0,200.0,0.0,100.0,13518.0,100.0,64250060552.0,100.0,119765452632.0
2019-08-01,ZCH0D1X3,ST12000NM0007,12000138625024,0,83.0,222843152.0,96.0,0.0,100.0,4.0,100.0,0.0,89.0,831142606.0,85.0,13634.0,100.0,0.0,100.0,3.0,,,,,100.0,0.0,100.0,0.0,,,72.0,28.0,,,100.0,202.0,100.0,652.0,28.0,28.0,100.0,0.0,100.0,0.0,200.0,0.0,100.0,13549.0,100.0,64352680632.0,100.0,120196514016.0
2019-08-02,ZCH0D1X3,ST12000NM0007,12000138625024,0,82.0,157154720.0,96.0,0.0,100.0,4.0,100.0,0.0,89.0,832583511.0,85.0,13650.0,100.0,0.0,100.0,3.0,,,,,100.0,0.0,100.0,0.0,,,72.0,28.0,,,100.0,202.0,100.0,653.0,28.0,28.0,100.0,0.0,100.0,0.0,200.0,0.0,100.0,13565.0,100.0,64383200784.0,100.0,120344447488.0
2019-08-03,ZCH0D1X3,ST12000NM0007,12000138625024,0,81.0,113833952.0,96.0,0.0,100.0,4.0,100.0,0.0,89.0,836741194.0,85.0,13682.0,100.0,0.0,100.0,3.0,,,,,100.0,0.0,100.0,0.0,,,71.0,29.0,,,100.0,202.0,100.0,654.0,29.0,29.0,100.0,0.0,100.0,0.0,200.0,0.0,100.0,13597.0,100.0,64456618112.0,100.0,120715990832.0
2019-08-04,ZCH0D1X3,ST12000NM0007,12000138625024,0,79.0,88754752.0,96.0,0.0,100.0,4.0,100.0,0.0,89.0,839369366.0,85.0,13698.0,100.0,0.0,100.0,3.0,,,,,100.0,0.0,100.0,0.0,,,72.0,28.0,,,100.0,203.0,100.0,655.0,28.0,28.0,100.0,0.0,100.0,0.0,200.0,0.0,100.0,13613.0,100.0,64493333344.0,100.0,120898337112.0
2019-08-05,ZCH0D1X3,ST12000NM0007,12000138625024,0,82.0,174722768.0,96.0,0.0,100.0,4.0,100.0,0.0,89.0,842298071.0,85.0,13729.0,100.0,0.0,100.0,3.0,,,,,100.0,0.0,100.0,0.0,,,72.0,28.0,,,100.0,203.0,100.0,656.0,28.0,28.0,100.0,0.0,100.0,0.0,200.0,0.0,100.0,13644.0,100.0,64549042424.0,100.0,121172736680.0
2019-08-06,ZCH0D1X3,ST12000NM0007,12000138625024,0,79.0,75816200.0,96.0,0.0,100.0,4.0,100.0,0.0,89.0,844454422.0,85.0,13745.0,100.0,0.0,100.0,3.0,,,,,100.0,0.0,100.0,0.0,,,72.0,28.0,,,100.0,203.0,100.0,656.0,28.0,28.0,100.0,0.0,100.0,0.0,200.0,0.0,100.0,13660.0,100.0,64582762032.0,100.0,121284251312.0
2019-08-07,ZCH0D1X3,ST12000NM0007,12000138625024,0,82.0,165092024.0,96.0,0.0,100.0,4.0,100.0,0.0,89.0,846996575.0,85.0,13761.0,100.0,0.0,100.0,3.0,,,,,100.0,0.0,100.0,0.0,,,73.0,27.0,,,100.0,204.0,100.0,657.0,27.0,27.0,100.0,0.0,100.0,0.0,200.0,0.0,100.0,13676.0,100.0,64612633176.0,100.0,121343655992.0
2019-08-08,ZCH0D1X3,ST12000NM0007,12000138625024,0,81.0,136852056.0,96.0,0.0,100.0,4.0,100.0,0.0,89.0,851729131.0,85.0,13793.0,100.0,0.0,100.0,3.0,,,,,100.0,0.0,100.0,0.0,,,72.0,28.0,,,100.0,205.0,100.0,659.0,28.0,28.0,100.0,0.0,100.0,0.0,200.0,0.0,100.0,13707.0,100.0,64684937720.0,100.0,121731392896.0
2019-08-09,ZCH0D1X3,ST12000NM0007,12000138625024,0,79.0,71429008.0,96.0,0.0,100.0,4.0,100.0,0.0,89.0,853842259.0,85.0,13809.0,100.0,0.0,100.0,3.0,,,,,100.0,0.0,100.0,0.0,,,72.0,28.0,,,100.0,206.0,100.0,660.0,28.0,28.0,100.0,0.0,100.0,0.0,200.0,0.0,100.0,13723.0,100.0,64719726712.0,100.0,121875321544.0
2019-08-10,ZCH0D1X3,ST12000NM0007,12000138625024,0,83.0,213251760.0,96.0,0.0,100.0,4.0,100.0,0.0,89.0,857719771.0,85.0,13840.0,100.0,0.0,100.0,3.0,,,,,100.0,0.0,100.0,0.0,,,73.0,27.0,,,100.0,207.0,100.0,661.0,27.0,27.0,100.0,0.0,100.0,0.0,200.0,0.0,100.0,13754.0,100.0,64790606216.0,100.0,122190405504.0
2019-08-11,ZCH0D1X3,ST12000NM0007,12000138625024,0,74.0,27936280.0,96.0,0.0,100.0,4.0,100.0,0.0,89.0,861927491.0,85.0,13856.0,100.0,0.0,100.0,3.0,,,,,100.0,0.0,100.0,0.0,,,72.0,28.0,,,100.0,207.0,100.0,662.0,28.0,28.0,100.0,0.0,100.0,0.0,200.0,0.0,100.0,13770.0,100.0,64830777912.0,100.0,122453200024.0
2019-08-12,ZCH0D1X3,ST12000NM0007,12000138625024,0,82.0,170704704.0,96.0,0.0,100.0,4.0,100.0,0.0,89.0,865674007.0,85.0,13888.0,100.0,0.0,100.0,3.0,,,,,100.0,0.0,100.0,0.0,,,71.0,29.0,,,100.0,207.0,100.0,663.0,29.0,29.0,100.0,0.0,100.0,0.0,200.0,0.0,100.0,13802.0,100.0,64887404760.0,100.0,122783482344.0
2019-08-13,ZCH0D1X3,ST12000NM0007,12000138625024,0,82.0,159004384.0,96.0,0.0,100.0,4.0,100.0,0.0,89.0,869524831.0,85.0,13903.0,100.0,0.0,100.0,3.0,,,,,100.0,0.0,100.0,0.0,,,72.0,28.0,,,100.0,207.0,100.0,664.0,28.0,28.0,100.0,0.0,100.0,0.0,200.0,0.0,100.0,13817.0,100.0,64926022848.0,100.0,122977304640.0
2019-08-14,ZCH0D1X3,ST12000NM0007,12000138625024,0,81.0,136270400.0,96.0,0.0,100.0,4.0,100.0,0.0,89.0,873786788.0,85.0,13935.0,100.0,0.0,100.0,3.0,,,,,100.0,0.0,100.0,0.0,,,72.0,28.0,,,100.0,207.0,100.0,665.0,28.0,28.0,100.0,0.0,100.0,0.0,200.0,0.0,100.0,13849.0,100.0,64988480664.0,100.0,123136253648.0
2019-08-15,ZCH0D1X3,ST12000NM0007,12000138625024,0,81.0,114653640.0,96.0,0.0,100.0,4.0,100.0,0.0,89.0,878339870.0,85.0,13967.0,100.0,0.0,100.0,3.0,,,,,100.0,0.0,100.0,0.0,,,72.0,28.0,,,100.0,208.0,100.0,667.0,28.0,28.0,100.0,0.0,100.0,0.0,200.0,0.0,100.0,13880.0,100.0,65049616904.0,100.0,123541781936.0
2019-08-16,ZCH0D1X3,ST12000NM0007,12000138625024,0,80.0,96962128.0,96.0,0.0,100.0,4.0,100.0,0.0,89.0,880381558.0,85.0,13982.0,100.0,0.0,100.0,3.0,,,,,100.0,0.0,100.0,0.0,,,72.0,28.0,,,100.0,208.0,100.0,668.0,28.0,28.0,100.0,0.0,100.0,0.0,200.0,0.0,100.0,13896.0,100.0,65080490576.0,100.0,123737357632.0
2019-08-17,ZCH0D1X3,ST12000NM0007,12000138625024,0,77.0,46191112.0,96.0,0.0,100.0,4.0,100.0,0.0,89.0,885072984.0,85.0,14014.0,100.0,0.0,100.0,3.0,,,,,100.0,0.0,100.0,0.0,,,71.0,29.0,,,100.0,209.0,100.0,669.0,29.0,29.0,100.0,0.0,100.0,0.0,200.0,0.0,100.0,13927.0,100.0,65147465312.0,100.0,124107893224.0
2019-08-18,ZCH0D1X3,ST12000NM0007,12000138625024,0,76.0,41754864.0,96.0,0.0,100.0,4.0,100.0,0.0,89.0,888790309.0,84.0,14030.0,100.0,0.0,100.0,3.0,,,,,100.0,0.0,100.0,0.0,,,71.0,29.0,,,100.0,209.0,100.0,670.0,29.0,29.0,100.0,0.0,100.0,0.0,200.0,0.0,100.0,13943.0,100.0,65196670728.0,100.0,124298392528.0
2019-08-19,ZCH0D1X3,ST12000NM0007,12000138625024,0,82.0,153424752.0,96.0,0.0,100.0,4.0,100.0,0.0,90.0,892644995.0,84.0,14061.0,100.0,0.0,100.0,3.0,,,,,100.0,0.0,100.0,0.0,,,70.0,30.0,,,100.0,209.0,100.0,671.0,30.0,30.0,100.0,0.0,100.0,0.0,200.0,0.0,100.0,13974.0,100.0,65271212056.0,100.0,124579661720.0
2019-08-20,ZCH0D1X3,ST12000NM0007,12000138625024,0,78.0,58615752.0,96.0,0.0,100.0,4.0,100.0,0.0,90.0,895061447.0,84.0,14077.0,100.0,0.0,100.0,3.0,,,,,100.0,0.0,100.0,0.0,,,71.0,29.0,,,100.0,209.0,100.0,672.0,29.0,29.0,100.0,0.0,100.0,0.0,200.0,0.0,100.0,13990.0,100.0,65316888624.0,100.0,124683316944.0
2019-08-21,ZCH0D1X3,ST12000NM0007,12000138625024,0,83.0,185090816.0,96.0,0.0,100.0,4.0,100.0,0.0,90.0,897805513.0,84.0,14093.0,100.0,0.0,100.0,3.0,,,,,100.0,0.0,100.0,0.0,,,71.0,29.0,,,100.0,209.0,100.0,673.0,29.0,29.0,100.0,0.0,100.0,0.0,200.0,0.0,100.0,14005.0,100.0,65346354536.0,100.0,124780326096.0
2019-08-22,ZCH0D1X3,ST12000NM0007,12000138625024,0,81.0,118875792.0,96.0,0.0,100.0,4.0,100.0,0.0,90.0,902347112.0,84.0,14125.0,100.0,0.0,100.0,3.0,,,,,100.0,0.0,100.0,0.0,,,70.0,30.0,,,100.0,209.0,100.0,674.0,30.0,30.0,100.0,0.0,100.0,0.0,200.0,0.0,100.0,14037.0,100.0,65399996424.0,100.0,125148750504.0
2019-08-23,ZCH0D1X3,ST12000NM0007,12000138625024,0,79.0,79671672.0,96.0,0.0,100.0,4.0,100.0,0.0,90.0,904453687.0,84.0,14140.0,100.0,0.0,100.0,3.0,,,,,100.0,0.0,100.0,0.0,,,70.0,30.0,,,100.0,209.0,100.0,675.0,30.0,30.0,100.0,0.0,100.0,0.0,200.0,0.0,100.0,14052.0,100.0,65427385176.0,100.0,125326298448.0
2019-08-24,ZCH0D1X3,ST12000NM0007,12000138625024,0,73.0,18727808.0,96.0,0.0,100.0,4.0,100.0,0.0,90.0,908491860.0,84.0,14172.0,100.0,0.0,100.0,3.0,,,,,100.0,0.0,100.0,0.0,,,70.0,30.0,,,100.0,209.0,100.0,676.0,30.0,30.0,100.0,0.0,100.0,0.0,200.0,0.0,100.0,14084.0,100.0,65485510696.0,100.0,125695510440.0
2019-08-25,ZCH0D1X3,ST12000NM0007,12000138625024,0,73.0,19040712.0,96.0,0.0,100.0,4.0,100.0,0.0,90.0,911983194.0,84.0,14188.0,100.0,0.0,100.0,3.0,,,,,100.0,0.0,100.0,0.0,,,70.0,30.0,,,100.0,209.0,100.0,677.0,30.0,30.0,100.0,0.0,100.0,0.0,200.0,0.0,100.0,14100.0,100.0,65521588936.0,100.0,125903885944.0
2019-08-26,ZCH0D1X3,ST12000NM0007,12000138625024,0,83.0,189975792.0,96.0,0.0,100.0,4.0,100.0,0.0,90.0,918561363.0,84.0,14236.0,100.0,0.0,100.0,3.0,,,,,100.0,0.0,100.0,0.0,,,70.0,30.0,,,100.0,209.0,100.0,679.0,30.0,30.0,100.0,0.0,100.0,0.0,200.0,0.0,100.0,14147.0,100.0,65610918896.0,100.0,126473772528.0
2019-08-27,ZCH0D1X3,ST12000NM0007,12000138625024,0,83.0,189975792.0,96.0,0.0,100.0,4.0,100.0,0.0,90.0,918561363.0,84.0,14236.0,100.0,0.0,100.0,3.0,,,,,100.0,0.0,100.0,0.0,,,70.0,30.0,,,100.0,209.0,100.0,679.0,30.0,30.0,100.0,0.0,100.0,0.0,200.0,0.0,100.0,14147.0,100.0,65610918896.0,100.0,126473772528.0
2019-08-28,ZCH0D1X3,ST12000NM0007,12000138625024,0,69.0,7264800.0,96.0,0.0,100.0,4.0,100.0,0.0,90.0,923687738.0,84.0,14267.0,100.0,0.0,100.0,3.0,,,,,100.0,0.0,100.0,0.0,,,71.0,29.0,,,100.0,210.0,100.0,680.0,29.0,29.0,100.0,0.0,100.0,0.0,200.0,0.0,100.0,14178.0,100.0,65679531864.0,100.0,126710729904.0
2019-08-29,ZCH0D1X3,ST12000NM0007,12000138625024,0,80.0,96012904.0,96.0,0.0,100.0,4.0,100.0,0.0,90.0,927388738.0,84.0,14299.0,100.0,0.0,100.0,3.0,,,,,100.0,0.0,100.0,0.0,,,70.0,30.0,,,100.0,210.0,100.0,681.0,30.0,30.0,100.0,0.0,100.0,0.0,200.0,0.0,100.0,14210.0,100.0,65738734472.0,100.0,126984416192.0
2019-08-30,ZCH0D1X3,ST12000NM0007,12000138625024,0,77.0,46698896.0,96.0,0.0,100.0,4.0,100.0,0.0,90.0,929345917.0,84.0,14315.0,100.0,0.0,100.0,3.0,,,,,100.0,0.0,100.0,0.0,,,71.0,29.0,,,100.0,210.0,100.0,682.0,29.0,29.0,100.0,0.0,100.0,0.0,200.0,0.0,100.0,14226.0,100.0,65766043616.0,100.0,127151933800.0
2019-08-31,ZCH0D1X3,ST12000NM0007,12000138625024,0,81.0,127570344.0,96.0,0.0,100.0,4.0,100.0,0.0,90.0,933213479.0,84.0,14346.0,100.0,0.0,100.0,3.0,,,,,100.0,0.0,100.0,0.0,,,71.0,29.0,,,100.0,210.0,100.0,683.0,29.0,29.0,100.0,0.0,100.0,0.0,200.0,0.0,100.0,14257.0,100.0,65826380600.0,100.0,127416609112.0
2019-09-01,ZCH0D1X3,ST12000NM0007,12000138625024,0,81.0,135166640.0,96.0,0.0,100.0,4.0,100.0,0.0,90.0,937110125.0,84.0,14362.0,100.0,0.0,100.0,3.0,,,,,100.0,0.0,100.0,0.0,,,71.0,29.0,,,100.0,210.0,100.0,684.0,29.0,29.0,100.0,0.0,100.0,0.0,200.0,0.0,100.0,14273.0,100.0,65857205576.0,100.0,127637521248.0
2019-09-02,ZCH0D1X3,ST12000NM0007,12000138625024,0,75.0,32064744.0,96.0,0.0,100.0,4.0,100.0,0.0,90.0,940868537.0,84.0,14394.0,100.0,0.0,100.0,3.0,,,,,100.0,0.0,100.0,0.0,,,70.0,30.0,,,100.0,210.0,100.0,685.0,30.0,30.0,100.0,0.0,100.0,0.0,200.0,0.0,100.0,14304.0,100.0,65920092624.0,100.0,127959813728.0
2019-09-03,ZCH0D1X3,ST12000NM0007,12000138625024,0,84.0,239322240.0,96.0,0.0,100.0,4.0,100.0,0.0,90.0,943506641.0,84.0,14409.0,100.0,0.0,100.0,3.0,,,,,100.0,0.0,100.0,0.0,,,70.0,30.0,,,100.0,210.0,100.0,686.0,30.0,30.0,100.0,0.0,100.0,0.0,200.0,0.0,100.0,14320.0,100.0,65962714144.0,100.0,128124449704.0
2019-09-04,ZCH0D1X3,ST12000NM0007,12000138625024,0,79.0,71328016.0,96.0,0.0,100.0,4.0,100.0,0.0,90.0,948709877.0,84.0,14441.0,100.0,0.0,100.0,3.0,,,,,100.0,0.0,100.0,0.0,,,70.0,30.0,,,100.0,210.0,100.0,687.0,30.0,30.0,100.0,0.0,100.0,0.0,200.0,0.0,100.0,14351.0,100.0,66026315776.0,100.0,128381135208.0
2019-09-05,ZCH0D1X3,ST12000NM0007,12000138625024,0,71.0,14004400.0,96.0,0.0,100.0,4.0,100.0,0.0,90.0,950668975.0,84.0,14457.0,100.0,0.0,100.0,3.0,,,,,100.0,0.0,100.0,0.0,,,71.0,29.0,,,100.0,211.0,100.0,688.0,29.0,29.0,100.0,0.0,100.0,0.0,200.0,0.0,100.0,14367.0,100.0,66063414344.0,100.0,128530853680.0
2019-09-06,ZCH0D1X3,ST12000NM0007,12000138625024,0,82.0,159095792.0,96.0,0.0,100.0,4.0,100.0,0.0,90.0,954763885.0,84.0,14488.0,100.0,0.0,100.0,3.0,,,,,100.0,0.0,100.0,0.0,,,70.0,30.0,,,100.0,211.0,100.0,689.0,30.0,30.0,100.0,0.0,100.0,0.0,200.0,0.0,100.0,14398.0,100.0,66127760376.0,100.0,128855739704.0
2019-09-07,ZCH0D1X3,ST12000NM0007,12000138625024,0,81.0,133438688.0,96.0,0.0,100.0,4.0,100.0,0.0,90.0,957026936.0,84.0,14504.0,100.0,0.0,100.0,3.0,,,,,100.0,0.0,100.0,0.0,,,70.0,30.0,,,100.0,212.0,100.0,690.0,30.0,30.0,100.0,0.0,100.0,0.0,200.0,0.0,100.0,14414.0,100.0,66159442048.0,100.0,129042541728.0
2019-09-08,ZCH0D1X3,ST12000NM0007,12000138625024,0,81.0,123394408.0,96.0,0.0,100.0,4.0,100.0,0.0,90.0,962849685.0,84.0,14536.0,100.0,0.0,100.0,3.0,,,,,100.0,0.0,100.0,0.0,,,70.0,30.0,,,100.0,212.0,100.0,691.0,30.0,30.0,100.0,0.0,100.0,0.0,200.0,0.0,100.0,14446.0,100.0,66219281272.0,100.0,129460939800.0
2019-09-09,ZCH0D1X3,ST12000NM0007,12000138625024,0,81.0,116931664.0,96.0,0.0,100.0,4.0,100.0,0.0,90.0,964575783.0,84.0,14552.0,100.0,0.0,100.0,3.0,,,,,100.0,0.0,100.0,0.0,,,70.0,30.0,,,100.0,212.0,100.0,692.0,30.0,30.0,100.0,0.0,100.0,0.0,200.0,0.0,100.0,14461.0,100.0,66249370736.0,100.0,129668528320.0
2019-09-10,ZCH0D1X3,ST12000NM0007,12000138625024,0,78.0,68732440.0,96.0,0.0,100.0,4.0,100.0,0.0,90.0,969633711.0,84.0,14583.0,100.0,0.0,100.0,3.0,,,,,100.0,0.0,100.0,0.0,,,70.0,30.0,,,100.0,212.0,100.0,693.0,30.0,30.0,100.0,0.0,100.0,0.0,200.0,0.0,100.0,14493.0,100.0,66323694344.0,100.0,130034286760.0
2019-09-11,ZCH0D1X3,ST12000NM0007,12000138625024,0,80.0,94652016.0,96.0,0.0,100.0,4.0,100.0,0.0,90.0,974070200.0,84.0,14615.0,100.0,0.0,100.0,3.0,,,,,100.0,0.0,100.0,0.0,,,71.0,29.0,,,100.0,213.0,100.0,695.0,29.0,29.0,100.0,0.0,100.0,0.0,200.0,0.0,100.0,14524.0,100.0,66420962968.0,100.0,130451219376.0
2019-09-12,ZCH0D1X3,ST12000NM0007,12000138625024,0,80.0,95020616.0,96.0,0.0,100.0,4.0,100.0,0.0,90.0,976620292.0,84.0,14631.0,100.0,0.0,100.0,3.0,,,,,100.0,0.0,100.0,0.0,,,70.0,30.0,,,100.0,213.0,100.0,696.0,30.0,30.0,100.0,0.0,100.0,0.0,200.0,0.0,100.0,14540.0,100.0,66453891984.0,100.0,130662799720.0
2019-09-13,ZCH0D1X3,ST12000NM0007,12000138625024,0,82.0,150523936.0,96.0,0.0,100.0,4.0,100.0,0.0,90.0,982971891.0,84.0,14663.0,100.0,0.0,100.0,3.0,,,,,100.0,0.0,100.0,0.0,,,71.0,29.0,,,100.0,213.0,100.0,697.0,29.0,29.0,100.0,0.0,100.0,0.0,200.0,0.0,100.0,14571.0,100.0,66530415592.0,100.0,131130060744.0
2019-09-14,ZCH0D1X3,ST12000NM0007,12000138625024,0,81.0,121949128.0,96.0,0.0,100.0,4.0,100.0,0.0,90.0,984495118.0,84.0,14679.0,100.0,0.0,100.0,3.0,,,,,100.0,0.0,100.0,0.0,,,71.0,29.0,,,100.0,214.0,100.0,698.0,29.0,29.0,100.0,0.0,100.0,0.0,200.0,0.0,100.0,14587.0,100.0,66550952176.0,100.0,131325090336.0
2019-09-15,ZCH0D1X3,ST12000NM0007,12000138625024,0,81.0,133308096.0,96.0,0.0,100.0,4.0,100.0,0.0,90.0,990212382.0,84.0,14710.0,100.0,0.0,100.0,3.0,,,,,100.0,0.0,100.0,0.0,,,71.0,29.0,,,100.0,214.0,100.0,699.0,29.0,29.0,100.0,0.0,100.0,0.0,200.0,0.0,100.0,14619.0,100.0,66630198152.0,100.0,131745484992.0
2019-09-16,ZCH0D1X3,ST12000NM0007,12000138625024,0,81.0,113051512.0,96.0,0.0,100.0,4.0,100.0,0.0,90.0,992072484.0,84.0,14726.0,100.0,0.0,100.0,3.0,,,,,100.0,0.0,100.0,0.0,,,71.0,29.0,,,100.0,214.0,100.0,700.0,29.0,29.0,100.0,0.0,100.0,0.0,200.0,0.0,100.0,14634.0,100.0,66663111824.0,100.0,131936455472.0
2019-09-17,ZCH0D1X3,ST12000NM0007,12000138625024,0,83.0,220336200.0,96.0,0.0,100.0,4.0,100.0,0.0,90.0,997859800.0,84.0,14758.0,100.0,0.0,100.0,3.0,,,,,100.0,0.0,100.0,0.0,,,71.0,29.0,,,100.0,214.0,100.0,701.0,29.0,29.0,100.0,0.0,100.0,0.0,200.0,0.0,100.0,14666.0,100.0,66746529920.0,100.0,132204462840.0
2019-09-18,ZCH0D1X3,ST12000NM0007,12000138625024,0,82.0,156291768.0,96.0,0.0,100.0,4.0,100.0,0.0,90.0,999476198.0,84.0,14774.0,100.0,0.0,100.0,3.0,,,,,100.0,0.0,100.0,0.0,,,70.0,30.0,,,100.0,215.0,100.0,702.0,30.0,30.0,100.0,0.0,100.0,0.0,200.0,0.0,100.0,14681.0,100.0,66773778808.0,100.0,132357310312.0
2019-09-19,ZCH0D1X3,ST12000NM0007,12000138625024,0,79.0,70928616.0,96.0,0.0,100.0,4.0,100.0,0.0,62.0,1466331.0,84.0,14789.0,100.0,0.0,100.0,3.0,,,,,100.0,0.0,100.0,0.0,,,70.0,30.0,,,100.0,215.0,100.0,703.0,30.0,30.0,100.0,0.0,100.0,0.0,200.0,0.0,100.0,14697.0,100.0,66807435544.0,100.0,132482431104.0
2019-09-20,ZCH0D1X3,ST12000NM0007,12000138625024,0,83.0,196649000.0,96.0,0.0,100.0,4.0,100.0,0.0,68.0,6225369.0,84.0,14821.0,100.0,0.0,100.0,3.0,,,,,100.0,0.0,100.0,0.0,,,71.0,29.0,,,100.0,215.0,100.0,704.0,29.0,29.0,100.0,0.0,100.0,0.0,200.0,0.0,100.0,14728.0,100.0,66872982864.0,100.0,132786744808.0
2019-09-21,ZCH0D1X3,ST12000NM0007,12000138625024,0,79.0,71100272.0,96.0,0.0,100.0,4.0,100.0,0.0,69.0,7369742.0,84.0,14837.0,100.0,0.0,100.0,3.0,,,,,100.0,0.0,100.0,0.0,,,71.0,29.0,,,100.0,216.0,100.0,705.0,29.0,29.0,100.0,0.0,100.0,0.0,200.0,0.0,100.0,14744.0,100.0,66887692928.0,100.0,132890626800.0
2019-09-22,ZCH0D1X3,ST12000NM0007,12000138625024,0,84.0,241426208.0,96.0,0.0,100.0,4.0,100.0,0.0,71.0,12587021.0,84.0,14869.0,100.0,0.0,100.0,3.0,,,,,100.0,0.0,100.0,0.0,,,71.0,29.0,,,100.0,217.0,100.0,706.0,29.0,29.0,100.0,0.0,100.0,0.0,200.0,0.0,100.0,14775.0,100.0,66938706568.0,100.0,133254079728.0
2019-09-23,ZCH0D1X3,ST12000NM0007,12000138625024,0,81.0,112900192.0,96.0,0.0,100.0,4.0,100.0,0.0,71.0,13706421.0,84.0,14884.0,100.0,0.0,100.0,3.0,,,,,100.0,0.0,100.0,0.0,,,71.0,29.0,,,100.0,218.0,100.0,707.0,29.0,29.0,100.0,0.0,100.0,0.0,200.0,0.0,100.0,14791.0,100.0,66957793352.0,100.0,133350607648.0
2019-09-24,ZCH0D1X3,ST12000NM0007,12000138625024,0,82.0,163479936.0,96.0,0.0,100.0,4.0,100.0,0.0,72.0,17237219.0,83.0,14916.0,100.0,0.0,100.0,3.0,,,,,100.0,0.0,100.0,0.0,,,70.0,30.0,,,100.0,218.0,100.0,708.0,30.0,30.0,100.0,0.0,100.0,0.0,200.0,0.0,100.0,14823.0,100.0,66998278392.0,100.0,133604843008.0
2019-09-25,ZCH0D1X3,ST12000NM0007,12000138625024,0,82.0,163260264.0,96.0,0.0,100.0,4.0,100.0,0.0,73.0,21485242.0,83.0,14948.0,100.0,0.0,100.0,3.0,,,,,100.0,0.0,100.0,0.0,,,70.0,30.0,,,100.0,219.0,100.0,711.0,30.0,30.0,100.0,0.0,100.0,0.0,200.0,0.0,100.0,14854.0,100.0,67040202344.0,100.0,133806840112.0
2019-09-26,ZCH0D1X3,ST12000NM0007,12000138625024,0,80.0,110364032.0,96.0,0.0,100.0,4.0,100.0,0.0,74.0,23577320.0,83.0,14964.0,100.0,0.0,100.0,3.0,,,,,100.0,0.0,100.0,0.0,,,71.0,29.0,,,100.0,219.0,100.0,711.0,29.0,29.0,100.0,0.0,100.0,0.0,200.0,0.0,100.0,14870.0,100.0,67065078504.0,100.0,133973208384.0
2019-09-27,ZCH0D1X3,ST12000NM0007,12000138625024,0,82.0,172860040.0,96.0,0.0,100.0,4.0,100.0,0.0,74.0,26087452.0,83.0,14995.0,100.0,0.0,100.0,3.0,,,,,100.0,0.0,100.0,0.0,,,71.0,29.0,,,100.0,221.0,100.0,713.0,29.0,29.0,100.0,0.0,100.0,0.0,200.0,0.0,100.0,14901.0,100.0,67097969160.0,100.0,134246954440.0
2019-09-28,ZCH0D1X3,ST12000NM0007,12000138625024,0,77.0,53744752.0,96.0,0.0,100.0,4.0,100.0,0.0,74.0,27257067.0,83.0,15011.0,100.0,0.0,100.0,3.0,,,,,100.0,0.0,100.0,0.0,,,71.0,29.0,,,100.0,221.0,100.0,713.0,29.0,29.0,100.0,0.0,100.0,0.0,200.0,0.0,100.0,14917.0,100.0,67119833840.0,100.0,134350115264.0
2019-09-29,ZCH0D1X3,ST12000NM0007,12000138625024,0,66.0,3977560.0,96.0,0.0,100.0,4.0,100.0,0.0,75.0,32375530.0,83.0,15043.0,100.0,0.0,100.0,3.0,,,,,100.0,0.0,100.0,0.0,,,71.0,29.0,,,100.0,221.0,100.0,715.0,29.0,29.0,100.0,0.0,100.0,0.0,200.0,0.0,100.0,14948.0,100.0,67174621640.0,100.0,134733841712.0
2019-09-30,ZCH0D1X3,ST12000NM0007,12000138625024,0,78.0,58698360.0,96.0,0.0,100.0,4.0,100.0,0.0,75.0,35181797.0,83.0,15075.0,100.0,0.0,100.0,3.0,,,,,100.0,0.0,100.0,0.0,,,71.0,29.0,,,100.0,222.0,100.0,716.0,29.0,29.0,100.0,0.0,100.0,0.0,200.0,0.0,100.0,14980.0,100.0,67231396032.0,100.0,134975928760.0
2019-10-01,ZCH0D1X3,ST12000NM0007,12000138625024,0,83.0,197400496.0,96.0,0.0,100.0,4.0,100.0,0.0,76.0,38367574.0,83.0,15090.0,100.0,0.0,100.0,3.0,,,,,100.0,0.0,100.0,0.0,,,71.0,29.0,,,100.0,222.0,100.0,716.0,29.0,29.0,100.0,0.0,100.0,0.0,200.0,0.0,100.0,14996.0,100.0,67259925304.0,100.0,135086101624.0
2019-10-02,ZCH0D1X3,ST12000NM0007,12000138625024,0,79.0,82881856.0,96.0,0.0,100.0,4.0,100.0,0.0,76.0,39717642.0,83.0,15106.0,100.0,0.0,100.0,3.0,,,,,100.0,0.0,100.0,0.0,,,71.0,29.0,,,100.0,222.0,100.0,717.0,29.0,29.0,100.0,0.0,100.0,0.0,200.0,0.0,100.0,15012.0,100.0,67286459704.0,100.0,135189189272.0
2019-10-03,ZCH0D1X3,ST12000NM0007,12000138625024,0,80.0,90461808.0,96.0,0.0,100.0,4.0,100.0,0.0,76.0,43365851.0,83.0,15138.0,100.0,0.0,100.0,3.0,,,,,100.0,0.0,100.0,0.0,,,71.0,29.0,,,100.0,223.0,100.0,719.0,29.0,29.0,100.0,0.0,100.0,0.0,200.0,0.0,100.0,15043.0,100.0,67331199192.0,100.0,135396170496.0
2019-10-04,ZCH0D1X3,ST12000NM0007,12000138625024,0,83.0,191608840.0,96.0,0.0,100.0,4.0,100.0,0.0,77.0,45078022.0,83.0,15154.0,100.0,0.0,100.0,3.0,,,,,100.0,0.0,100.0,0.0,,,72.0,28.0,,,100.0,224.0,100.0,720.0,28.0,28.0,100.0,0.0,100.0,0.0,200.0,0.0,100.0,15058.0,100.0,67362076088.0,100.0,135466440632.0
2019-10-05,ZCH0D1X3,ST12000NM0007,12000138625024,0,80.0,100100568.0,96.0,0.0,100.0,4.0,100.0,0.0,77.0,47030913.0,83.0,15185.0,100.0,0.0,100.0,3.0,,,,,100.0,0.0,100.0,0.0,,,71.0,29.0,,,100.0,225.0,100.0,722.0,29.0,29.0,100.0,0.0,100.0,0.0,200.0,0.0,100.0,15090.0,100.0,67381680760.0,100.0,135599468424.0
2019-10-06,ZCH0D1X3,ST12000NM0007,12000138625024,0,79.0,87176168.0,96.0,0.0,100.0,4.0,100.0,0.0,77.0,51624590.0,83.0,15217.0,100.0,0.0,100.0,3.0,,,,,100.0,0.0,100.0,0.0,,,72.0,28.0,,,100.0,225.0,100.0,723.0,28.0,28.0,100.0,0.0,100.0,0.0,200.0,0.0,100.0,15121.0,100.0,67431899368.0,100.0,135780466168.0
2019-10-07,ZCH0D1X3,ST12000NM0007,12000138625024,0,83.0,205525704.0,96.0,0.0,100.0,4.0,100.0,0.0,77.0,53028851.0,83.0,15233.0,100.0,0.0,100.0,3.0,,,,,100.0,0.0,100.0,0.0,,,71.0,29.0,,,100.0,225.0,100.0,724.0,29.0,29.0,100.0,0.0,100.0,0.0,200.0,0.0,100.0,15137.0,100.0,67462017328.0,100.0,135868697744.0
2019-10-08,ZCH0D1X3,ST12000NM0007,12000138625024,0,83.0,192070664.0,96.0,0.0,100.0,4.0,100.0,0.0,78.0,57891830.0,83.0,15264.0,100.0,0.0,100.0,3.0,,,,,100.0,0.0,100.0,0.0,,,71.0,29.0,,,100.0,225.0,100.0,725.0,29.0,29.0,100.0,0.0,100.0,0.0,200.0,0.0,100.0,15168.0,100.0,67525227440.0,100.0,136036173256.0
2019-10-09,ZCH0D1X3,ST12000NM0007,12000138625024,0,76.0,42984432.0,96.0,0.0,100.0,4.0,100.0,0.0,78.0,59438836.0,83.0,15280.0,100.0,0.0,100.0,3.0,,,,,100.0,0.0,100.0,0.0,,,71.0,29.0,,,100.0,225.0,100.0,726.0,29.0,29.0,100.0,0.0,100.0,0.0,200.0,0.0,100.0,15184.0,100.0,67557347704.0,100.0,136099107808.0
2019-10-10,ZCH0D1X3,ST12000NM0007,12000138625024,0,82.0,170026960.0,96.0,0.0,100.0,4.0,100.0,0.0,78.0,61071406.0,83.0,15296.0,100.0,0.0,100.0,3.0,,,,,100.0,0.0,100.0,0.0,,,72.0,28.0,,,100.0,226.0,100.0,727.0,28.0,28.0,100.0,0.0,100.0,0.0,200.0,0.0,100.0,15200.0,100.0,67616768336.0,100.0,136166729704.0
2019-10-11,ZCH0D1X3,ST12000NM0007,12000138625024,0,82.0,143704752.0,96.0,0.0,100.0,4.0,100.0,0.0,78.0,63885986.0,83.0,15328.0,100.0,0.0,100.0,3.0,,,,,100.0,0.0,100.0,0.0,,,71.0,29.0,,,100.0,227.0,100.0,728.0,29.0,29.0,100.0,0.0,100.0,0.0,200.0,0.0,100.0,15231.0,100.0,67692458728.0,100.0,136308857792.0
2019-10-12,ZCH0D1X3,ST12000NM0007,12000138625024,0,71.0,13946040.0,96.0,0.0,100.0,4.0,100.0,0.0,78.0,65094001.0,83.0,15344.0,100.0,0.0,100.0,3.0,,,,,100.0,0.0,100.0,0.0,,,71.0,29.0,,,100.0,228.0,100.0,729.0,29.0,29.0,100.0,0.0,100.0,0.0,200.0,0.0,100.0,15246.0,100.0,67712910544.0,100.0,136402787968.0
2019-10-13,ZCH0D1X3,ST12000NM0007,12000138625024,0,79.0,77039400.0,96.0,0.0,100.0,4.0,100.0,0.0,78.0,69955925.0,83.0,15375.0,100.0,0.0,100.0,3.0,,,,,100.0,0.0,100.0,0.0,,,72.0,28.0,,,100.0,228.0,100.0,730.0,28.0,28.0,100.0,0.0,100.0,0.0,200.0,0.0,100.0,15278.0,100.0,67754648000.0,100.0,136668284536.0
2019-10-14,ZCH0D1X3,ST12000NM0007,12000138625024,0,83.0,202212120.0,96.0,0.0,100.0,4.0,100.0,0.0,79.0,71110943.0,83.0,15407.0,100.0,0.0,100.0,3.0,,,,,100.0,0.0,100.0,0.0,,,72.0,28.0,,,100.0,228.0,100.0,731.0,28.0,28.0,100.0,0.0,100.0,0.0,200.0,0.0,100.0,15309.0,100.0,67772732592.0,100.0,136775372664.0
2019-10-15,ZCH0D1X3,ST12000NM0007,12000138625024,0,83.0,178839360.0,96.0,0.0,100.0,4.0,100.0,0.0,79.0,75261505.0,83.0,15454.0,100.0,0.0,100.0,3.0,,,,,100.0,0.0,100.0,0.0,,,72.0,28.0,,,100.0,230.0,100.0,733.0,28.0,28.0,100.0,0.0,100.0,0.0,200.0,0.0,100.0,15356.0,100.0,67808854776.0,100.0,136960018352.0
2019-10-16,ZCH0D1X3,ST12000NM0007,12000138625024,0,83.0,178839360.0,96.0,0.0,100.0,4.0,100.0,0.0,79.0,75261505.0,83.0,15454.0,100.0,0.0,100.0,3.0,,,,,100.0,0.0,100.0,0.0,,,72.0,28.0,,,100.0,230.0,100.0,733.0,28.0,28.0,100.0,0.0,100.0,0.0,200.0,0.0,100.0,15356.0,100.0,67808854776.0,100.0,136960018352.0
2019-10-17,ZCH0D1X3,ST12000NM0007,12000138625024,0,75.0,28650968.0,96.0,0.0,100.0,4.0,100.0,0.0,79.0,76714752.0,83.0,15470.0,100.0,0.0,100.0,3.0,,,,,100.0,0.0,100.0,0.0,,,71.0,29.0,,,100.0,231.0,100.0,734.0,29.0,29.0,100.0,0.0,100.0,0.0,200.0,0.0,100.0,15372.0,100.0,67822618912.0,100.0,137040206520.0
2019-10-18,ZCH0D1X3,ST12000NM0007,12000138625024,0,80.0,109626752.0,96.0,0.0,100.0,4.0,100.0,0.0,79.0,78650261.0,83.0,15486.0,100.0,0.0,100.0,3.0,,,,,100.0,0.0,100.0,0.0,,,72.0,28.0,,,100.0,231.0,100.0,735.0,28.0,28.0,100.0,0.0,100.0,0.0,200.0,0.0,100.0,15387.0,100.0,67831425192.0,100.0,137112376024.0
2019-10-19,ZCH0D1X3,ST12000NM0007,12000138625024,0,67.0,4670520.0,94.0,0.0,100.0,5.0,100.0,0.0,79.0,80352605.0,83.0,15517.0,100.0,0.0,100.0,4.0,,,,,100.0,0.0,100.0,0.0,,,72.0,28.0,,,100.0,232.0,100.0,738.0,28.0,28.0,100.0,0.0,100.0,0.0,200.0,0.0,100.0,15419.0,100.0,67870128104.0,100.0,137212857596.0
2019-10-20,ZCH0D1X3,ST12000NM0007,12000138625024,0,81.0,130925000.0,94.0,0.0,100.0,5.0,100.0,0.0,79.0,83442048.0,83.0,15533.0,100.0,0.0,100.0,4.0,,,,,100.0,0.0,100.0,0.0,,,71.0,29.0,,,100.0,232.0,100.0,739.0,29.0,29.0,100.0,0.0,100.0,0.0,200.0,0.0,100.0,15434.0,100.0,67901331976.0,100.0,137307908204.0
2019-10-21,ZCH0D1X3,ST12000NM0007,12000138625024,0,79.0,78672608.0,94.0,0.0,100.0,5.0,100.0,0.0,79.0,86397255.0,83.0,15565.0,100.0,0.0,100.0,4.0,,,,,100.0,0.0,100.0,0.0,,,71.0,29.0,,,100.0,232.0,100.0,740.0,29.0,29.0,100.0,0.0,100.0,0.0,200.0,0.0,100.0,15466.0,100.0,67956555824.0,100.0,137444572708.0
2019-10-22,ZCH0D1X3,ST12000NM0007,12000138625024,0,83.0,195489352.0,94.0,0.0,100.0,5.0,100.0,0.0,79.0,88024575.0,83.0,15580.0,100.0,0.0,100.0,4.0,,,,,100.0,0.0,100.0,0.0,,,71.0,29.0,,,100.0,232.0,100.0,741.0,29.0,29.0,100.0,0.0,100.0,0.0,200.0,0.0,100.0,15481.0,100.0,67993607664.0,100.0,137524337612.0
2019-10-23,ZCH0D1X3,ST12000NM0007,12000138625024,0,82.0,163259144.0,94.0,0.0,100.0,5.0,100.0,0.0,80.0,92877540.0,83.0,15612.0,100.0,0.0,100.0,4.0,,,,,100.0,0.0,100.0,0.0,,,72.0,28.0,,,100.0,233.0,100.0,742.0,28.0,28.0,100.0,0.0,100.0,0.0,200.0,0.0,100.0,15512.0,100.0,68054480776.0,100.0,137675375052.0
2019-10-24,ZCH0D1X3,ST12000NM0007,12000138625024,0,72.0,17666192.0,94.0,0.0,100.0,5.0,100.0,0.0,80.0,94057650.0,83.0,15628.0,100.0,0.0,100.0,4.0,,,,,100.0,0.0,100.0,0.0,,,72.0,28.0,,,100.0,233.0,100.0,743.0,28.0,28.0,100.0,0.0,100.0,0.0,200.0,0.0,100.0,15528.0,100.0,68075225224.0,100.0,137753178948.0
2019-10-25,ZCH0D1X3,ST12000NM0007,12000138625024,0,76.0,40737896.0,94.0,0.0,100.0,5.0,100.0,0.0,80.0,97080331.0,83.0,15660.0,100.0,0.0,100.0,4.0,,,,,100.0,0.0,100.0,0.0,,,71.0,29.0,,,100.0,233.0,100.0,744.0,29.0,29.0,100.0,0.0,100.0,0.0,200.0,0.0,100.0,15560.0,100.0,68169561064.0,100.0,137926055508.0
2019-10-26,ZCH0D1X3,ST12000NM0007,12000138625024,0,82.0,151187936.0,94.0,0.0,100.0,5.0,100.0,0.0,80.0,98246814.0,83.0,15675.0,100.0,0.0,100.0,4.0,,,,,100.0,0.0,100.0,0.0,,,71.0,29.0,,,100.0,234.0,100.0,745.0,29.0,29.0,100.0,0.0,100.0,0.0,200.0,0.0,100.0,15576.0,100.0,68195668816.0,100.0,138010397796.0
2019-10-27,ZCH0D1X3,ST12000NM0007,12000138625024,0,82.0,162168706.0,94.0,0.0,100.0,5.0,100.0,0.0,80.0,102746122.0,83.0,15707.0,100.0,0.0,100.0,4.0,,,,,100.0,0.0,100.0,0.0,,,72.0,28.0,,,100.0,235.0,100.0,747.0,28.0,28.0,100.0,0.0,100.0,0.0,200.0,0.0,100.0,15607.0,100.0,68249928776.0,100.0,138211259334.0
2019-10-28,ZCH0D1X3,ST12000NM0007,12000138625024,0,71.0,13801600.0,94.0,0.0,100.0,5.0,100.0,0.0,80.0,104048078.0,83.0,15723.0,100.0,0.0,100.0,4.0,,,,,100.0,0.0,100.0,0.0,,,71.0,29.0,,,100.0,235.0,100.0,747.0,29.0,29.0,100.0,0.0,100.0,0.0,200.0,0.0,100.0,15623.0,100.0,68274576888.0,100.0,138282384886.0
2019-10-29,ZCH0D1X3,ST12000NM0007,12000138625024,0,83.0,184442088.0,94.0,0.0,100.0,5.0,100.0,0.0,80.0,107099611.0,83.0,15755.0,100.0,0.0,100.0,4.0,,,,,100.0,0.0,100.0,0.0,,,71.0,29.0,,,100.0,236.0,100.0,749.0,29.0,29.0,100.0,0.0,100.0,0.0,200.0,0.0,100.0,15654.0,100.0,68317020296.0,100.0,138410581966.0
2019-10-30,ZCH0D1X3,ST12000NM0007,12000138625024,0,81.0,137212464.0,94.0,0.0,100.0,5.0,100.0,0.0,80.0,110638291.0,82.0,15786.0,100.0,0.0,100.0,4.0,,,,,100.0,0.0,100.0,0.0,,,70.0,30.0,,,100.0,236.0,100.0,750.0,30.0,30.0,100.0,0.0,100.0,0.0,200.0,0.0,100.0,15686.0,100.0,68352858096.0,100.0,138571655174.0
2019-10-31,ZCH0D1X3,ST12000NM0007,12000138625024,0,71.0,12723584.0,94.0,0.0,100.0,5.0,100.0,0.0,80.0,112082678.0,82.0,15802.0,100.0,0.0,100.0,4.0,,,,,100.0,0.0,100.0,0.0,,,70.0,30.0,,,100.0,236.0,100.0,750.0,30.0,30.0,100.0,0.0,100.0,0.0,200.0,0.0,100.0,15702.0,100.0,68378904192.0,100.0,138665261190.0
2019-11-01,ZCH0D1X3,ST12000NM0007,12000138625024,0,80.0,102678960.0,94.0,0.0,100.0,5.0,100.0,0.0,81.0,114829740.0,82.0,15834.0,100.0,0.0,100.0,4.0,,,,,100.0,0.0,100.0,0.0,,,70.0,30.0,,,100.0,237.0,100.0,752.0,30.0,30.0,100.0,0.0,100.0,0.0,200.0,0.0,100.0,15733.0,100.0,68410880096.0,100.0,138967381318.0
2019-11-02,ZCH0D1X3,ST12000NM0007,12000138625024,0,80.0,99720016.0,94.0,0.0,100.0,5.0,100.0,0.0,81.0,118418524.0,82.0,15849.0,100.0,0.0,100.0,4.0,,,,,100.0,0.0,100.0,0.0,,,69.0,31.0,,,100.0,237.0,100.0,752.0,31.0,31.0,100.0,0.0,100.0,0.0,200.0,0.0,100.0,15749.0,100.0,68419569880.0,100.0,139199873510.0
2019-11-03,ZCH0D1X3,ST12000NM0007,12000138625024,0,76.0,41987880.0,93.0,0.0,100.0,6.0,100.0,0.0,81.0,123367726.0,82.0,15883.0,100.0,0.0,100.0,5.0,,,,,100.0,0.0,100.0,0.0,,,69.0,31.0,,,100.0,239.0,100.0,761.0,31.0,31.0,100.0,0.0,100.0,0.0,200.0,0.0,100.0,15780.0,100.0,68443381320.0,100.0,139606611522.0
2019-11-04,ZCH0D1X3,ST12000NM0007,12000138625024,0,84.0,235579512.0,93.0,0.0,100.0,6.0,100.0,0.0,81.0,124905528.0,82.0,15899.0,100.0,0.0,100.0,5.0,,,,,100.0,0.0,100.0,0.0,,,71.0,29.0,,,100.0,239.0,100.0,761.0,29.0,29.0,100.0,0.0,100.0,0.0,200.0,0.0,100.0,15796.0,100.0,68461389632.0,100.0,139782194842.0
2019-11-06,ZCH0D1X3,ST12000NM0007,12000138625024,0,76.0,37388272.0,93.0,0.0,100.0,6.0,100.0,0.0,81.0,131017046.0,82.0,15946.0,100.0,0.0,100.0,5.0,,,,,100.0,0.0,100.0,0.0,,,70.0,30.0,,,100.0,239.0,100.0,763.0,30.0,30.0,100.0,0.0,100.0,0.0,200.0,0.0,100.0,15843.0,100.0,68534050744.0,100.0,140243764482.0
2019-11-07,ZCH0D1X3,ST12000NM0007,12000138625024,0,81.0,136922864.0,93.0,0.0,100.0,6.0,100.0,0.0,81.0,134251834.0,82.0,15978.0,100.0,0.0,100.0,5.0,,,,,100.0,0.0,100.0,0.0,,,71.0,29.0,,,100.0,239.0,100.0,765.0,29.0,29.0,100.0,0.0,100.0,0.0,200.0,0.0,100.0,15874.0,100.0,68583917992.0,100.0,140537572866.0
2019-11-08,ZCH0D1X3,ST12000NM0007,12000138625024,0,78.0,66701648.0,93.0,0.0,100.0,6.0,100.0,0.0,81.0,135856244.0,82.0,15993.0,100.0,0.0,100.0,5.0,,,,,100.0,0.0,100.0,0.0,,,71.0,29.0,,,100.0,239.0,100.0,766.0,29.0,29.0,100.0,0.0,100.0,0.0,200.0,0.0,100.0,15890.0,100.0,68600003992.0,100.0,140695406346.0
2019-11-09,ZCH0D1X3,ST12000NM0007,12000138625024,0,81.0,134946712.0,93.0,0.0,100.0,6.0,100.0,0.0,81.0,138950071.0,82.0,16025.0,100.0,0.0,100.0,5.0,,,,,100.0,0.0,100.0,0.0,,,71.0,29.0,,,100.0,240.0,100.0,767.0,29.0,29.0,100.0,0.0,100.0,0.0,200.0,0.0,100.0,15922.0,100.0,68635423456.0,100.0,140972372730.0
2019-11-10,ZCH0D1X3,ST12000NM0007,12000138625024,0,80.0,105764640.0,93.0,0.0,100.0,6.0,100.0,0.0,82.0,142521223.0,82.0,16041.0,100.0,0.0,100.0,5.0,,,,,100.0,0.0,100.0,0.0,,,71.0,29.0,,,100.0,240.0,100.0,768.0,29.0,29.0,100.0,0.0,100.0,0.0,200.0,0.0,100.0,15937.0,100.0,68650864472.0,100.0,141171890346.0
2019-11-11,ZCH0D1X3,ST12000NM0007,12000138625024,0,83.0,211293240.0,93.0,0.0,100.0,6.0,100.0,0.0,82.0,145855725.0,82.0,16072.0,100.0,0.0,100.0,5.0,,,,,100.0,0.0,100.0,0.0,,,71.0,29.0,,,100.0,241.0,100.0,769.0,29.0,29.0,100.0,0.0,100.0,0.0,200.0,0.0,100.0,15969.0,100.0,68699447368.0,100.0,141472976746.0
2019-11-12,ZCH0D1X3,ST12000NM0007,12000138625024,0,82.0,145669088.0,93.0,0.0,100.0,6.0,100.0,0.0,82.0,148026057.0,82.0,16088.0,100.0,0.0,100.0,5.0,,,,,100.0,0.0,100.0,0.0,,,71.0,29.0,,,100.0,241.0,100.0,770.0,29.0,29.0,100.0,0.0,100.0,0.0,200.0,0.0,100.0,15985.0,100.0,68725676616.0,100.0,141625263978.0
2019-11-13,ZCH0D1X3,ST12000NM0007,12000138625024,0,83.0,192189992.0,93.0,0.0,100.0,6.0,100.0,0.0,82.0,152649226.0,82.0,16120.0,100.0,0.0,100.0,5.0,,,,,100.0,0.0,100.0,0.0,,,70.0,30.0,,,100.0,241.0,100.0,771.0,30.0,30.0,100.0,0.0,100.0,0.0,200.0,0.0,100.0,16016.0,100.0,68759241552.0,100.0,141882360738.0
2019-11-14,ZCH0D1X3,ST12000NM0007,12000138625024,0,81.0,132217800.0,93.0,0.0,100.0,6.0,100.0,0.0,82.0,154478621.0,82.0,16136.0,100.0,0.0,100.0,5.0,,,,,100.0,0.0,100.0,0.0,,,70.0,30.0,,,100.0,241.0,100.0,772.0,30.0,30.0,100.0,0.0,100.0,0.0,200.0,0.0,100.0,16032.0,100.0,68778196984.0,100.0,142047573850.0
2019-11-15,ZCH0D1X3,ST12000NM0007,12000138625024,0,76.0,42641352.0,93.0,0.0,100.0,6.0,100.0,0.0,82.0,158318368.0,82.0,16167.0,100.0,0.0,100.0,5.0,,,,,100.0,0.0,100.0,0.0,,,71.0,29.0,,,100.0,241.0,100.0,773.0,29.0,29.0,100.0,0.0,100.0,0.0,200.0,0.0,100.0,16064.0,100.0,68822126208.0,100.0,142402349554.0
2019-11-16,ZCH0D1X3,ST12000NM0007,12000138625024,0,84.0,225281832.0,93.0,0.0,100.0,6.0,100.0,0.0,82.0,160125985.0,82.0,16183.0,100.0,0.0,100.0,5.0,,,,,100.0,0.0,100.0,0.0,,,71.0,29.0,,,100.0,241.0,100.0,774.0,29.0,29.0,100.0,0.0,100.0,0.0,200.0,0.0,100.0,16079.0,100.0,68841614584.0,100.0,142565501658.0
2019-11-17,ZCH0D1X3,ST12000NM0007,12000138625024,0,81.0,138082168.0,93.0,0.0,100.0,6.0,100.0,0.0,82.0,165609314.0,82.0,16215.0,100.0,0.0,100.0,5.0,,,,,100.0,0.0,100.0,0.0,,,67.0,33.0,,,100.0,241.0,100.0,775.0,33.0,33.0,100.0,0.0,100.0,0.0,200.0,0.0,100.0,16111.0,100.0,68898189672.0,100.0,142910008394.0
2019-11-18,ZCH0D1X3,ST12000NM0007,12000138625024,0,76.0,42903088.0,93.0,0.0,100.0,6.0,100.0,0.0,82.0,167690359.0,82.0,16231.0,100.0,0.0,100.0,5.0,,,,,100.0,0.0,100.0,0.0,,,71.0,29.0,,,100.0,242.0,100.0,776.0,29.0,29.0,100.0,0.0,100.0,0.0,200.0,0.0,100.0,16127.0,100.0,68920208664.0,100.0,143036951058.0
2019-11-19,ZCH0D1X3,ST12000NM0007,12000138625024,0,79.0,73419008.0,93.0,0.0,100.0,6.0,100.0,0.0,82.0,171238403.0,82.0,16263.0,100.0,0.0,100.0,5.0,,,,,100.0,0.0,100.0,0.0,,,71.0,29.0,,,100.0,242.0,100.0,777.0,29.0,29.0,100.0,0.0,100.0,0.0,200.0,0.0,100.0,16158.0,100.0,68961393888.0,100.0,143270422442.0
2019-11-20,ZCH0D1X3,ST12000NM0007,12000138625024,0,83.0,195912216.0,93.0,0.0,100.0,6.0,100.0,0.0,82.0,173995398.0,82.0,16278.0,100.0,0.0,100.0,5.0,,,,,100.0,0.0,100.0,0.0,,,71.0,29.0,,,100.0,243.0,100.0,778.0,29.0,29.0,100.0,0.0,100.0,0.0,200.0,0.0,100.0,16174.0,100.0,68981441344.0,100.0,143372868194.0
2019-11-21,ZCH0D1X3,ST12000NM0007,12000138625024,0,80.0,98590832.0,93.0,0.0,100.0,6.0,100.0,0.0,82.0,177271147.0,82.0,16310.0,100.0,0.0,100.0,5.0,,,,,100.0,0.0,100.0,0.0,,,71.0,29.0,,,100.0,243.0,100.0,780.0,29.0,29.0,100.0,0.0,100.0,0.0,200.0,0.0,100.0,16205.0,100.0,69017191488.0,100.0,143728078074.0
2019-11-22,ZCH0D1X3,ST12000NM0007,12000138625024,0,84.0,230630288.0,93.0,0.0,100.0,6.0,100.0,0.0,83.0,180265765.0,82.0,16342.0,100.0,0.0,100.0,5.0,,,,,100.0,0.0,100.0,0.0,,,69.0,31.0,,,100.0,243.0,100.0,782.0,31.0,31.0,100.0,0.0,100.0,0.0,200.0,0.0,100.0,16237.0,100.0,69049732712.0,100.0,144071717074.0
2019-11-23,ZCH0D1X3,ST12000NM0007,12000138625024,0,81.0,139275464.0,93.0,0.0,100.0,6.0,100.0,0.0,83.0,181376604.0,82.0,16357.0,100.0,0.0,100.0,5.0,,,,,100.0,0.0,100.0,0.0,,,73.0,27.0,,,100.0,243.0,100.0,782.0,27.0,27.0,100.0,0.0,100.0,0.0,200.0,0.0,100.0,16253.0,100.0,69050311040.0,100.0,144223924578.0
2019-11-24,ZCH0D1X3,ST12000NM0007,12000138625024,0,71.0,11619672.0,93.0,0.0,100.0,6.0,100.0,0.0,83.0,186123119.0,82.0,16389.0,100.0,0.0,100.0,5.0,,,,,100.0,0.0,100.0,0.0,,,73.0,27.0,,,100.0,243.0,100.0,784.0,27.0,27.0,100.0,0.0,100.0,0.0,200.0,0.0,100.0,16284.0,100.0,69051427056.0,100.0,144583434106.0
2019-11-25,ZCH0D1X3,ST12000NM0007,12000138625024,0,82.0,153126176.0,93.0,0.0,100.0,6.0,100.0,0.0,83.0,187238392.0,82.0,16405.0,100.0,0.0,100.0,5.0,,,,,100.0,0.0,100.0,0.0,,,73.0,27.0,,,100.0,243.0,100.0,784.0,27.0,27.0,100.0,0.0,100.0,0.0,200.0,0.0,100.0,16300.0,100.0,69051598328.0,100.0,144724769338.0
2019-11-26,ZCH0D1X3,ST12000NM0007,12000138625024,0,78.0,70121296.0,93.0,0.0,100.0,6.0,100.0,0.0,83.0,190171569.0,82.0,16437.0,100.0,0.0,100.0,5.0,,,,,100.0,0.0,100.0,0.0,,,73.0,27.0,,,100.0,245.0,100.0,786.0,27.0,27.0,100.0,0.0,100.0,0.0,200.0,0.0,100.0,16331.0,100.0,69051863824.0,100.0,144885639594.0
2019-11-27,ZCH0D1X3,ST12000NM0007,12000138625024,0,82.0,163234712.0,93.0,0.0,100.0,6.0,100.0,0.0,83.0,191641592.0,82.0,16452.0,100.0,0.0,100.0,5.0,,,,,100.0,0.0,100.0,0.0,,,72.0,28.0,,,100.0,245.0,100.0,786.0,28.0,28.0,100.0,0.0,100.0,0.0,200.0,0.0,100.0,16347.0,100.0,69051994376.0,100.0,144978622458.0
2019-11-28,ZCH0D1X3,ST12000NM0007,12000138625024,0,80.0,94455296.0,93.0,0.0,100.0,6.0,100.0,0.0,83.0,192914273.0,82.0,16468.0,100.0,0.0,100.0,5.0,,,,,100.0,0.0,100.0,0.0,,,73.0,27.0,,,100.0,245.0,100.0,787.0,27.0,27.0,100.0,0.0,100.0,0.0,200.0,0.0,100.0,16363.0,100.0,69052174880.0,100.0,145153803626.0
2019-11-29,ZCH0D1X3,ST12000NM0007,12000138625024,0,77.0,45776976.0,93.0,0.0,100.0,6.0,100.0,0.0,83.0,194618368.0,82.0,16500.0,100.0,0.0,100.0,5.0,,,,,100.0,0.0,100.0,0.0,,,73.0,27.0,,,100.0,246.0,100.0,788.0,27.0,27.0,100.0,0.0,100.0,0.0,200.0,0.0,100.0,16394.0,100.0,69052518184.0,100.0,145348922634.0
2019-11-30,ZCH0D1X3,ST12000NM0007,12000138625024,0,77.0,45776976.0,93.0,0.0,100.0,6.0,100.0,0.0,83.0,194618368.0,82.0,16500.0,100.0,0.0,100.0,5.0,,,,,100.0,0.0,100.0,0.0,,,73.0,27.0,,,100.0,246.0,100.0,788.0,27.0,27.0,100.0,0.0,100.0,0.0,200.0,0.0,100.0,16394.0,100.0,69052518184.0,100.0,145348922634.0
2019-12-01,ZCH0D1X3,ST12000NM0007,12000138625024,0,84.0,233521146.0,93.0,0.0,100.0,6.0,100.0,0.0,83.0,198072116.0,82.0,16548.0,100.0,0.0,100.0,5.0,,,,,100.0,0.0,100.0,0.0,,,72.0,28.0,,,100.0,247.0,100.0,796.0,28.0,28.0,100.0,0.0,100.0,0.0,200.0,0.0,100.0,16440.0,100.0,69053019984.0,100.0,145780305652.0
2019-12-02,ZCH0D1X3,ST12000NM0007,12000138625024,0,74.0,26243976.0,91.0,0.0,100.0,7.0,100.0,0.0,83.0,200556834.0,82.0,16579.0,100.0,0.0,100.0,6.0,,,,,100.0,0.0,100.0,0.0,,,73.0,27.0,,,100.0,247.0,100.0,801.0,27.0,27.0,100.0,0.0,100.0,0.0,200.0,0.0,100.0,16471.0,100.0,69053352984.0,100.0,146060977166.0
2019-12-03,ZCH0D1X3,ST12000NM0007,12000138625024,0,82.0,152760392.0,91.0,0.0,100.0,7.0,100.0,0.0,83.0,202238187.0,82.0,16595.0,100.0,0.0,100.0,6.0,,,,,100.0,0.0,100.0,0.0,,,72.0,28.0,,,100.0,247.0,100.0,801.0,28.0,28.0,100.0,0.0,100.0,0.0,200.0,0.0,100.0,16487.0,100.0,69053476848.0,100.0,146187369718.0
2019-12-04,ZCH0D1X3,ST12000NM0007,12000138625024,0,78.0,67636512.0,91.0,0.0,100.0,7.0,100.0,0.0,83.0,205408414.0,82.0,16627.0,100.0,0.0,100.0,6.0,,,,,100.0,0.0,100.0,0.0,,,74.0,26.0,,,100.0,249.0,100.0,803.0,26.0,26.0,100.0,0.0,100.0,0.0,200.0,0.0,100.0,16518.0,100.0,69053632768.0,100.0,146346230646.0
2019-12-05,ZCH0D1X3,ST12000NM0007,12000138625024,0,82.0,170355088.0,91.0,0.0,100.0,7.0,100.0,0.0,83.0,206155377.0,82.0,16642.0,100.0,0.0,100.0,6.0,,,,,100.0,0.0,100.0,0.0,,,73.0,27.0,,,100.0,249.0,100.0,804.0,27.0,27.0,100.0,0.0,100.0,0.0,200.0,0.0,100.0,16534.0,100.0,69053801072.0,100.0,146448780918.0
2019-12-06,ZCH0D1X3,ST12000NM0007,12000138625024,0,77.0,48742240.0,91.0,0.0,100.0,7.0,100.0,0.0,83.0,207831882.0,81.0,16674.0,100.0,0.0,100.0,6.0,,,,,100.0,0.0,100.0,0.0,,,73.0,27.0,,,100.0,249.0,100.0,805.0,27.0,27.0,100.0,0.0,100.0,0.0,200.0,0.0,100.0,16566.0,100.0,69054159248.0,100.0,146815091558.0
2019-12-07,ZCH0D1X3,ST12000NM0007,12000138625024,0,74.0,27488552.0,91.0,0.0,100.0,7.0,100.0,0.0,83.0,208856807.0,81.0,16690.0,100.0,0.0,100.0,6.0,,,,,100.0,0.0,100.0,0.0,,,73.0,27.0,,,100.0,249.0,100.0,806.0,27.0,27.0,100.0,0.0,100.0,0.0,200.0,0.0,100.0,16581.0,100.0,69054338648.0,100.0,147037799230.0
2019-12-08,ZCH0D1X3,ST12000NM0007,12000138625024,0,72.0,15380704.0,91.0,0.0,100.0,7.0,100.0,0.0,83.0,213347105.0,81.0,16722.0,100.0,0.0,100.0,6.0,,,,,100.0,0.0,100.0,0.0,,,73.0,27.0,,,100.0,249.0,100.0,807.0,27.0,27.0,100.0,0.0,100.0,0.0,200.0,0.0,100.0,16613.0,100.0,69054695168.0,100.0,147513616270.0
2019-12-09,ZCH0D1X3,ST12000NM0007,12000138625024,0,83.0,208651208.0,91.0,0.0,100.0,7.0,100.0,0.0,83.0,214152967.0,81.0,16737.0,100.0,0.0,100.0,6.0,,,,,100.0,0.0,100.0,0.0,,,73.0,27.0,,,100.0,250.0,100.0,808.0,27.0,27.0,100.0,0.0,100.0,0.0,200.0,0.0,100.0,16629.0,100.0,69054873888.0,100.0,147706708054.0
2019-12-10,ZCH0D1X3,ST12000NM0007,12000138625024,0,76.0,41942152.0,91.0,0.0,100.0,7.0,100.0,0.0,83.0,217838086.0,81.0,16769.0,100.0,0.0,100.0,6.0,,,,,100.0,0.0,100.0,0.0,,,73.0,27.0,,,100.0,250.0,100.0,809.0,27.0,27.0,100.0,0.0,100.0,0.0,200.0,0.0,100.0,16660.0,100.0,69055112112.0,100.0,148028042262.0
2019-12-11,ZCH0D1X3,ST12000NM0007,12000138625024,0,83.0,197659648.0,91.0,0.0,100.0,7.0,100.0,0.0,83.0,218720719.0,81.0,16785.0,100.0,0.0,100.0,6.0,,,,,100.0,0.0,100.0,0.0,,,73.0,27.0,,,100.0,251.0,100.0,810.0,27.0,27.0,100.0,0.0,100.0,0.0,200.0,0.0,100.0,16676.0,100.0,69055282512.0,100.0,148183589358.0
2019-12-12,ZCH0D1X3,ST12000NM0007,12000138625024,0,77.0,56090752.0,91.0,0.0,100.0,7.0,100.0,0.0,83.0,220310308.0,81.0,16816.0,100.0,0.0,100.0,6.0,,,,,100.0,0.0,100.0,0.0,,,73.0,27.0,,,100.0,252.0,100.0,812.0,27.0,27.0,100.0,0.0,100.0,0.0,200.0,0.0,100.0,16707.0,100.0,69055641176.0,100.0,148529943134.0
2019-12-13,ZCH0D1X3,ST12000NM0007,12000138625024,0,84.0,235423968.0,91.0,0.0,100.0,7.0,100.0,0.0,83.0,221124513.0,81.0,16832.0,100.0,0.0,100.0,6.0,,,,,100.0,0.0,100.0,0.0,,,73.0,27.0,,,100.0,252.0,100.0,813.0,27.0,27.0,100.0,0.0,100.0,0.0,200.0,0.0,100.0,16723.0,100.0,69055820120.0,100.0,148709097406.0
2019-12-14,ZCH0D1X3,ST12000NM0007,12000138625024,0,81.0,113242016.0,91.0,0.0,100.0,7.0,100.0,0.0,83.0,222708077.0,81.0,16864.0,100.0,0.0,100.0,6.0,,,,,100.0,0.0,100.0,0.0,,,73.0,27.0,,,100.0,252.0,100.0,814.0,27.0,27.0,100.0,0.0,100.0,0.0,200.0,0.0,100.0,16754.0,100.0,69056176768.0,100.0,149074842022.0
2019-12-15,ZCH0D1X3,ST12000NM0007,12000138625024,0,79.0,73740240.0,91.0,0.0,100.0,7.0,100.0,0.0,84.0,225468707.0,81.0,16879.0,100.0,0.0,100.0,6.0,,,,,100.0,0.0,100.0,0.0,,,73.0,27.0,,,100.0,253.0,100.0,815.0,27.0,27.0,100.0,0.0,100.0,0.0,200.0,0.0,100.0,16770.0,100.0,69056354488.0,100.0,149279303182.0
2019-12-16,ZCH0D1X3,ST12000NM0007,12000138625024,0,82.0,170844576.0,91.0,0.0,100.0,7.0,100.0,0.0,84.0,227020668.0,81.0,16911.0,100.0,0.0,100.0,6.0,,,,,100.0,0.0,100.0,0.0,,,73.0,27.0,,,100.0,254.0,100.0,816.0,27.0,27.0,100.0,0.0,100.0,0.0,200.0,0.0,100.0,16801.0,100.0,69056712336.0,100.0,149620190470.0
2019-12-17,ZCH0D1X3,ST12000NM0007,12000138625024,0,80.0,95210600.0,91.0,0.0,100.0,7.0,100.0,0.0,84.0,227847323.0,81.0,16927.0,100.0,0.0,100.0,6.0,,,,,100.0,0.0,100.0,0.0,,,73.0,27.0,,,100.0,254.0,100.0,817.0,27.0,27.0,100.0,0.0,100.0,0.0,200.0,0.0,100.0,16817.0,100.0,69056887944.0,100.0,149788521646.0
2019-12-18,ZCH0D1X3,ST12000NM0007,12000138625024,0,82.0,146267864.0,91.0,0.0,100.0,7.0,100.0,0.0,84.0,231007170.0,81.0,16958.0,100.0,0.0,100.0,6.0,,,,,100.0,0.0,100.0,0.0,,,73.0,27.0,,,100.0,254.0,100.0,818.0,27.0,27.0,100.0,0.0,100.0,0.0,200.0,0.0,100.0,16848.0,100.0,69057146840.0,100.0,150083460782.0
2019-12-19,ZCH0D1X3,ST12000NM0007,12000138625024,0,79.0,75380000.0,91.0,0.0,100.0,7.0,100.0,0.0,84.0,231762216.0,81.0,16974.0,100.0,0.0,100.0,6.0,,,,,100.0,0.0,100.0,0.0,,,74.0,26.0,,,100.0,254.0,100.0,819.0,26.0,26.0,100.0,0.0,100.0,0.0,200.0,0.0,100.0,16864.0,100.0,69057327296.0,100.0,150256533190.0
2019-12-20,ZCH0D1X3,ST12000NM0007,12000138625024,0,82.0,175381520.0,91.0,0.0,100.0,7.0,100.0,0.0,84.0,233309555.0,81.0,17006.0,100.0,0.0,100.0,6.0,,,,,100.0,0.0,100.0,0.0,,,73.0,27.0,,,100.0,255.0,100.0,820.0,27.0,27.0,100.0,0.0,100.0,0.0,200.0,0.0,100.0,16896.0,100.0,69057684368.0,100.0,150600318302.0
2019-12-21,ZCH0D1X3,ST12000NM0007,12000138625024,0,79.0,85989576.0,91.0,0.0,100.0,7.0,100.0,0.0,84.0,234011307.0,81.0,17022.0,100.0,0.0,100.0,6.0,,,,,100.0,0.0,100.0,0.0,,,74.0,26.0,,,100.0,256.0,100.0,821.0,26.0,26.0,100.0,0.0,100.0,0.0,200.0,0.0,100.0,16911.0,100.0,69057862872.0,100.0,150754888638.0
2019-12-22,ZCH0D1X3,ST12000NM0007,12000138625024,0,82.0,160776144.0,91.0,0.0,100.0,7.0,100.0,0.0,84.0,235240876.0,81.0,17053.0,100.0,0.0,100.0,6.0,,,,,100.0,0.0,100.0,0.0,,,74.0,26.0,,,100.0,257.0,100.0,823.0,26.0,26.0,100.0,0.0,100.0,0.0,200.0,0.0,100.0,16943.0,100.0,69058223200.0,100.0,151073455504.0
2019-12-23,ZCH0D1X3,ST12000NM0007,12000138625024,0,79.0,85225480.0,91.0,0.0,100.0,7.0,100.0,0.0,84.0,235899130.0,81.0,17069.0,100.0,0.0,100.0,6.0,,,,,100.0,0.0,100.0,0.0,,,74.0,26.0,,,100.0,257.0,100.0,823.0,26.0,26.0,100.0,0.0,100.0,0.0,200.0,0.0,100.0,16959.0,100.0,69058400520.0,100.0,151241868208.0
2019-12-24,ZCH0D1X3,ST12000NM0007,12000138625024,0,82.0,148912232.0,91.0,0.0,100.0,7.0,100.0,0.0,84.0,237141231.0,81.0,17100.0,100.0,0.0,100.0,6.0,,,,,100.0,0.0,100.0,0.0,,,74.0,26.0,,,100.0,257.0,100.0,825.0,26.0,26.0,100.0,0.0,100.0,0.0,200.0,0.0,100.0,16990.0,100.0,69058755592.0,100.0,151549340640.0
2019-12-25,ZCH0D1X3,ST12000NM0007,12000138625024,0,78.0,57059040.0,91.0,0.0,100.0,7.0,100.0,0.0,84.0,237763783.0,81.0,17116.0,100.0,0.0,100.0,6.0,,,,,100.0,0.0,100.0,0.0,,,74.0,26.0,,,100.0,257.0,100.0,825.0,26.0,26.0,100.0,0.0,100.0,0.0,200.0,0.0,100.0,17006.0,100.0,69058932960.0,100.0,151701450760.0
2019-12-26,ZCH0D1X3,ST12000NM0007,12000138625024,0,81.0,120872808.0,91.0,0.0,100.0,7.0,100.0,0.0,84.0,239069466.0,81.0,17148.0,100.0,0.0,100.0,6.0,,,,,100.0,0.0,100.0,0.0,,,74.0,26.0,,,100.0,259.0,100.0,827.0,26.0,26.0,100.0,0.0,100.0,0.0,200.0,0.0,100.0,17037.0,100.0,69059287648.0,100.0,152009050552.0
2019-12-27,ZCH0D1X3,ST12000NM0007,12000138625024,0,82.0,174377168.0,91.0,0.0,100.0,7.0,100.0,0.0,84.0,240352779.0,81.0,17179.0,100.0,0.0,100.0,6.0,,,,,100.0,0.0,100.0,0.0,,,73.0,27.0,,,100.0,259.0,100.0,828.0,27.0,27.0,100.0,0.0,100.0,0.0,200.0,0.0,100.0,17068.0,100.0,69059643304.0,100.0,152306339960.0
2019-12-28,ZCH0D1X3,ST12000NM0007,12000138625024,0,81.0,117547616.0,91.0,0.0,100.0,7.0,100.0,0.0,84.0,241099030.0,81.0,17195.0,100.0,0.0,100.0,6.0,,,,,100.0,0.0,100.0,0.0,,,74.0,26.0,,,100.0,259.0,100.0,828.0,26.0,26.0,100.0,0.0,100.0,0.0,200.0,0.0,100.0,17084.0,100.0,69059820072.0,100.0,152493474288.0
2019-12-29,ZCH0D1X3,ST12000NM0007,12000138625024,0,82.0,160524048.0,91.0,0.0,100.0,7.0,100.0,0.0,84.0,242450610.0,81.0,17226.0,100.0,0.0,100.0,6.0,,,,,100.0,0.0,100.0,0.0,,,74.0,26.0,,,100.0,260.0,100.0,830.0,26.0,26.0,100.0,0.0,100.0,0.0,200.0,0.0,100.0,17115.0,100.0,69060176728.0,100.0,152780235128.0
2019-12-30,ZCH0D1X3,ST12000NM0007,12000138625024,0,79.0,81458344.0,91.0,0.0,100.0,7.0,100.0,0.0,84.0,243201909.0,81.0,17242.0,100.0,0.0,100.0,6.0,,,,,100.0,0.0,100.0,0.0,,,74.0,26.0,,,100.0,260.0,100.0,830.0,26.0,26.0,100.0,0.0,100.0,0.0,200.0,0.0,100.0,17131.0,100.0,69060354488.0,100.0,152945132504.0
2019-12-31,ZCH0D1X3,ST12000NM0007,12000138625024,0,80.0,98589912.0,91.0,0.0,100.0,7.0,100.0,0.0,84.0,244574795.0,81.0,17273.0,100.0,0.0,100.0,6.0,,,,,100.0,0.0,100.0,0.0,,,74.0,26.0,,,100.0,261.0,100.0,832.0,26.0,26.0,100.0,0.0,100.0,0.0,200.0,0.0,100.0,17161.0,100.0,69060709408.0,100.0,153206049944.0
