2019-01-01,ZCH054CV,ST12000NM0007,12000138625024,0,82,168976232,98.0,0.0,100.0,2.0,100.0,0.0,79.0,76943290.0,89,10046,100.0,0.0,100,1,,,,,100.0,0.0,100.0,0.0,,,64.0,36.0,,,100.0,165.0,100.0,699.0,36,36,100.0,0.0,100.0,0.0,200.0,0.0,100.0,9900.0,100.0,50617442760.0,100.0,78946177802.0
2019-01-02,ZCH054CV,ST12000NM0007,12000138625024,0,82,149332528,98.0,0.0,100.0,2.0,100.0,0.0,79.0,78839061.0,89,10069,100.0,0.0,100,1,,,,,100.0,0.0,100.0,0.0,,,64.0,36.0,,,100.0,165.0,100.0,700.0,36,36,100.0,0.0,100.0,0.0,200.0,0.0,100.0,9923.0,100.0,50666035384.0,100.0,79122082210.0
2019-01-03,ZCH054CV,ST12000NM0007,12000138625024,0,84.0,236507248.0,98.0,0.0,100.0,2.0,100.0,0.0,79.0,82468232.0,89.0,10094.0,100.0,0.0,100.0,1.0,,,,,100.0,0.0,100.0,0.0,,,65.0,35.0,,,100.0,165.0,100.0,701.0,35.0,35.0,100.0,0.0,100.0,0.0,200.0,0.0,100.0,9948.0,100.0,50778318680.0,100.0,79341114562.0
2019-01-04,ZCH054CV,ST12000NM0007,12000138625024,0,84,232843448,98.0,0.0,100.0,2.0,100.0,0.0,79.0,84597545.0,89,10118,100.0,0.0,100,1,,,,,100.0,0.0,100.0,0.0,,,64.0,36.0,,,100.0,166.0,100.0,702.0,36,36,100.0,0.0,100.0,0.0,200.0,0.0,100.0,9971.0,100.0,50861051512.0,100.0,79498858826.0
2019-01-05,ZCH054CV,ST12000NM0007,12000138625024,0,100,2414320,98.0,0.0,100.0,2.0,100.0,0.0,79.0,86895867.0,89,10142,100.0,0.0,100,1,,,,,100.0,0.0,100.0,0.0,,,64.0,36.0,,,100.0,167.0,100.0,703.0,36,36,100.0,0.0,100.0,0.0,200.0,0.0,100.0,9995.0,100.0,50937214800.0,100.0,79680548066.0
2019-01-06,ZCH054CV,ST12000NM0007,12000138625024,0,80,98628824,98.0,0.0,100.0,2.0,100.0,0.0,80.0,89827732.0,89,10166,100.0,0.0,100,1,,,,,100.0,0.0,100.0,0.0,,,64.0,36.0,,,100.0,168.0,100.0,704.0,36,36,100.0,0.0,100.0,0.0,200.0,0.0,100.0,10019.0,100.0,51021902152.0,100.0,79936216266.0
2019-01-07,ZCH054CV,ST12000NM0007,12000138625024,0,81,116100976,98.0,0.0,100.0,2.0,100.0,0.0,80.0,92134587.0,89,10190,100.0,0.0,100,1,,,,,100.0,0.0,100.0,0.0,,,64.0,36.0,,,100.0,169.0,100.0,705.0,36,36,100.0,0.0,100.0,0.0,200.0,0.0,100.0,10043.0,100.0,51098814616.0,100.0,80120917034.0
2019-01-08,ZCH054CV,ST12000NM0007,12000138625024,0,83,223451256,98.0,0.0,100.0,2.0,100.0,0.0,80.0,95855475.0,89,10214,100.0,0.0,100,1,,,,,100.0,0.0,100.0,0.0,,,65.0,35.0,,,100.0,169.0,100.0,706.0,35,35,100.0,0.0,100.0,0.0,200.0,0.0,100.0,10067.0,100.0,51218588272.0,100.0,80352634290.0
2019-01-09,ZCH054CV,ST12000NM0007,12000138625024,0,69,8399216,98.0,0.0,100.0,2.0,100.0,0.0,80.0,98306486.0,89,10237,100.0,0.0,100,1,,,,,100.0,0.0,100.0,0.0,,,65.0,35.0,,,100.0,169.0,100.0,707.0,35,35,100.0,0.0,100.0,0.0,200.0,0.0,100.0,10091.0,100.0,51298948000.0,100.0,80545503922.0
2019-01-10,ZCH054CV,ST12000NM0007,12000138625024,0,71,12912408,98.0,0.0,100.0,2.0,100.0,0.0,80.0,101213778.0,89,10257,100.0,0.0,100,1,,,,,100.0,0.0,100.0,0.0,,,65.0,35.0,,,100.0,169.0,100.0,709.0,35,35,100.0,0.0,100.0,0.0,200.0,0.0,100.0,10110.0,100.0,51388561216.0,100.0,80704544626.0
2019-01-11,ZCH054CV,ST12000NM0007,12000138625024,0,82.0,159506392.0,98.0,0.0,100.0,2.0,100.0,0.0,80.0,102511417.0,89.0,10272.0,100.0,0.0,100.0,1.0,,,,,100.0,0.0,100.0,0.0,,,65.0,35.0,,,100.0,169.0,100.0,709.0,35.0,35.0,100.0,0.0,100.0,0.0,200.0,0.0,100.0,10125.0,100.0,51426237112.0,100.0,80813462714.0
2019-01-12,ZCH054CV,ST12000NM0007,12000138625024,0,84,231805904,98.0,0.0,100.0,2.0,100.0,0.0,80.0,105408450.0,89,10304,100.0,0.0,100,1,,,,,100.0,0.0,100.0,0.0,,,65.0,35.0,,,100.0,170.0,100.0,711.0,35,35,100.0,0.0,100.0,0.0,200.0,0.0,100.0,10157.0,100.0,51536935640.0,100.0,81019204554.0
2019-01-13,ZCH054CV,ST12000NM0007,12000138625024,0,82,154142200,98.0,0.0,100.0,2.0,100.0,0.0,80.0,106976879.0,89,10320,100.0,0.0,100,1,,,,,100.0,0.0,100.0,0.0,,,66.0,34.0,,,100.0,170.0,100.0,711.0,34,34,100.0,0.0,100.0,0.0,200.0,0.0,100.0,10173.0,100.0,51595602272.0,100.0,81127014858.0
2019-01-14,ZCH054CV,ST12000NM0007,12000138625024,0,70,10753896,98.0,0.0,100.0,2.0,100.0,0.0,80.0,110088649.0,89,10352,100.0,0.0,100,1,,,,,100.0,0.0,100.0,0.0,,,65.0,35.0,,,100.0,171.0,100.0,713.0,35,35,100.0,0.0,100.0,0.0,200.0,0.0,100.0,10204.0,100.0,51705418704.0,100.0,81362091434.0
2019-01-15,ZCH054CV,ST12000NM0007,12000138625024,0,78.0,59253152.0,98.0,0.0,100.0,2.0,100.0,0.0,81.0,113646918.0,89.0,10368.0,100.0,0.0,100.0,1.0,,,,,100.0,0.0,100.0,0.0,,,65.0,35.0,,,100.0,171.0,100.0,713.0,35.0,35.0,100.0,0.0,100.0,0.0,200.0,0.0,100.0,10220.0,100.0,51780787296.0,100.0,81579362890.0
2019-01-16,ZCH054CV,ST12000NM0007,12000138625024,0,82,144484704,98.0,0.0,100.0,2.0,100.0,0.0,81.0,116789711.0,89,10399,100.0,0.0,100,1,,,,,100.0,0.0,100.0,0.0,,,66.0,34.0,,,100,173,100.0,715.0,34,34,100.0,0.0,100.0,0.0,200.0,0.0,100.0,10252.0,100.0,51887373824.0,100.0,81802148546.0
2019-01-17,ZCH054CV,ST12000NM0007,12000138625024,0,80,100534496,98.0,0.0,100.0,2.0,100.0,0.0,81.0,121362862.0,89,10431,100.0,0.0,100,1,,,,,100.0,0.0,100.0,0.0,,,67.0,33.0,,,100,174,100.0,716.0,33,33,100.0,0.0,100.0,0.0,200.0,0.0,100.0,10283.0,100.0,52031981032.0,100.0,82101873194.0
2019-01-18,ZCH054CV,ST12000NM0007,12000138625024,0,72,15594656,98.0,0.0,100.0,2.0,100.0,0.0,81.0,122752011.0,89,10447,100.0,0.0,100,1,,,,,100.0,0.0,100.0,0.0,,,66.0,34.0,,,100,174,100.0,717.0,34,34,100.0,0.0,100.0,0.0,200.0,0.0,100.0,10299.0,100.0,52075315656.0,100.0,82217739570.0
2019-01-19,ZCH054CV,ST12000NM0007,12000138625024,0,82,151159344,98.0,0.0,100.0,2.0,100.0,0.0,81.0,125771031.0,89,10479,100.0,0.0,100,1,,,,,100.0,0.0,100.0,0.0,,,66.0,34.0,,,100,175,100.0,718.0,34,34,100.0,0.0,100.0,0.0,200.0,0.0,100.0,10331.0,100.0,52188856096.0,100.0,82483904498.0
2019-01-20,ZCH054CV,ST12000NM0007,12000138625024,0,79,79926696,98.0,0.0,100.0,2.0,100.0,0.0,81.0,127270127.0,89,10495,100.0,0.0,100,1,,,,,100.0,0.0,100.0,0.0,,,65.0,35.0,,,100,175,100.0,718.0,35,35,100.0,0.0,100.0,0.0,200.0,0.0,100.0,10347.0,100.0,52239366208.0,100.0,82606302370.0
2019-01-21,ZCH054CV,ST12000NM0007,12000138625024,0,83,187172800,98.0,0.0,100.0,2.0,100.0,0.0,81.0,130477499.0,88,10527,100.0,0.0,100,1,,,,,100.0,0.0,100.0,0.0,,,65.0,35.0,,,100,177,100.0,720.0,35,35,100.0,0.0,100.0,0.0,200.0,0.0,100.0,10379.0,100.0,52345828360.0,100.0,82851227010.0
2019-01-22,ZCH054CV,ST12000NM0007,12000138625024,0,83.0,215096120.0,98.0,0.0,100.0,2.0,100.0,0.0,81.0,133087835.0,88.0,10542.0,100.0,0.0,100.0,1.0,,,,,100.0,0.0,100.0,0.0,,,65.0,35.0,,,100.0,177.0,100.0,720.0,35.0,35.0,100.0,0.0,100.0,0.0,200.0,0.0,100.0,10394.0,100.0,52443316568.0,100.0,83025802754.0
2019-01-23,ZCH054CV,ST12000NM0007,12000138625024,0,74.0,24744424.0,98.0,0.0,100.0,2.0,100.0,0.0,81.0,135835507.0,88.0,10574.0,100.0,0.0,100.0,1.0,,,,,100.0,0.0,100.0,0.0,,,66.0,34.0,,,100.0,177.0,100.0,722.0,34.0,34.0,100.0,0.0,100.0,0.0,200.0,0.0,100.0,10426.0,100.0,52536467104.0,100.0,83230582186.0
2019-01-24,ZCH054CV,ST12000NM0007,12000138625024,0,84.0,240352744.0,98.0,0.0,100.0,2.0,100.0,0.0,81.0,138469127.0,88.0,10590.0,100.0,0.0,100.0,1.0,,,,,100.0,0.0,100.0,0.0,,,65.0,35.0,,,100.0,177.0,100.0,722.0,35.0,35.0,100.0,0.0,100.0,0.0,200.0,0.0,100.0,10441.0,100.0,52614049688.0,100.0,83368607922.0
2019-01-25,ZCH054CV,ST12000NM0007,12000138625024,0,80,101177240,98.0,0.0,100.0,2.0,100.0,0.0,82.0,142326303.0,88,10621,100.0,0.0,100,1,,,,,100.0,0.0,100.0,0.0,,,66.0,34.0,,,100,177,100.0,724.0,34,34,100.0,0.0,100.0,0.0,200.0,0.0,100.0,10473.0,100.0,52713217168.0,100.0,83618546242.0
2019-01-26,ZCH054CV,ST12000NM0007,12000138625024,0,84,229429720,98.0,0.0,100.0,2.0,100.0,0.0,82.0,143683732.0,88,10637,100.0,0.0,100,1,,,,,100.0,0.0,100.0,0.0,,,65.0,35.0,,,100,177,100.0,724.0,35,35,100.0,0.0,100.0,0.0,200.0,0.0,100.0,10489.0,100.0,52761653256.0,100.0,83698362634.0
2019-01-27,ZCH054CV,ST12000NM0007,12000138625024,0,77,55409968,98.0,0.0,100.0,2.0,100.0,0.0,82.0,146698969.0,88,10669,100.0,0.0,100,1,,,,,100.0,0.0,100.0,0.0,,,65.0,35.0,,,100,179,100.0,726.0,35,35,100.0,0.0,100.0,0.0,200.0,0.0,100.0,10520.0,100.0,52866722600.0,100.0,83907555546.0
2019-01-28,ZCH054CV,ST12000NM0007,12000138625024,0,71,13246848,98.0,0.0,100.0,2.0,100.0,0.0,82.0,148540497.0,88,10685,100.0,0.0,100,1,,,,,100.0,0.0,100.0,0.0,,,65.0,35.0,,,100,179,100.0,726.0,35,35,100.0,0.0,100.0,0.0,200.0,0.0,100.0,10536.0,100.0,52935106856.0,100.0,84041149042.0
2019-01-29,ZCH054CV,ST12000NM0007,12000138625024,0,73,21621760,98.0,0.0,100.0,2.0,100.0,0.0,82.0,153451526.0,88,10717,100.0,0.0,100,1,,,,,100.0,0.0,100.0,0.0,,,65.0,35.0,,,100,181,100.0,728.0,35,35,100.0,0.0,100.0,0.0,200.0,0.0,100.0,10568.0,100.0,53115365456.0,100.0,84357547306.0
2019-01-30,ZCH054CV,ST12000NM0007,12000138625024,0,84,242478784,98.0,0.0,100.0,2.0,100.0,0.0,82.0,155286151.0,88,10732,100.0,0.0,100,1,,,,,100.0,0.0,100.0,0.0,,,65.0,35.0,,,100,181,100.0,728.0,35,35,100.0,0.0,100.0,0.0,200.0,0.0,100.0,10583.0,100.0,53185193688.0,100.0,84508576098.0
2019-01-31,ZCH054CV,ST12000NM0007,12000138625024,0,82,144146640,98.0,0.0,100.0,2.0,100.0,0.0,82.0,159881473.0,88,10764,100.0,0.0,100,1,,,,,100.0,0.0,100.0,0.0,,,65.0,35.0,,,100,183,100.0,730.0,35,35,100.0,0.0,100.0,0.0,200.0,0.0,100.0,10615.0,100.0,53330329864.0,100.0,84753389186.0
2019-02-01,ZCH054CV,ST12000NM0007,12000138625024,0,77,46272128,98.0,0.0,100.0,2.0,100.0,0.0,82.0,161244004.0,88,10780,100.0,0.0,100,1,,,,,100.0,0.0,100.0,0.0,,,66.0,34.0,,,100,183,100.0,730.0,34,34,100.0,0.0,100.0,0.0,200.0,0.0,100.0,10631.0,100.0,53382407016.0,100.0,84847578234.0
2019-02-02,ZCH054CV,ST12000NM0007,12000138625024,0,82.0,175875160.0,98.0,0.0,100.0,2.0,100.0,0.0,82.0,164176486.0,88.0,10812.0,100.0,0.0,100.0,1.0,,,,,100.0,0.0,100.0,0.0,,,66.0,34.0,,,100.0,184.0,100.0,732.0,34.0,34.0,100.0,0.0,100.0,0.0,200.0,0.0,100.0,10662.0,100.0,53493121760.0,100.0,85110607234.0
2019-02-03,ZCH054CV,ST12000NM0007,12000138625024,0,81,113526168,98.0,0.0,100.0,2.0,100.0,0.0,82.0,165552408.0,88,10828,100.0,0.0,100,1,,,,,100.0,0.0,100.0,0.0,,,65.0,35.0,,,100,184,100.0,732.0,35,35,100.0,0.0,100.0,0.0,200.0,0.0,100.0,10678.0,100.0,53545028648.0,100.0,85240492106.0
2019-02-04,ZCH054CV,ST12000NM0007,12000138625024,0,84,240429384,98.0,0.0,100.0,2.0,100.0,0.0,82.0,169173513.0,88,10859,100.0,0.0,100,1,,,,,100.0,0.0,100.0,0.0,,,66.0,34.0,,,100,185,100.0,734.0,34,34,100.0,0.0,100.0,0.0,200.0,0.0,100.0,10710.0,100.0,53677055152.0,100.0,85479509482.0
2019-02-05,ZCH054CV,ST12000NM0007,12000138625024,0,75.0,30719344.0,98.0,0.0,100.0,2.0,100.0,0.0,82.0,172220617.0,88.0,10875.0,100.0,0.0,100.0,1.0,,,,,100.0,0.0,100.0,0.0,,,66.0,34.0,,,100.0,185.0,100.0,734.0,34.0,34.0,100.0,0.0,100.0,0.0,200.0,0.0,100.0,10725.0,100.0,53752887728.0,100.0,85682248402.0
2019-02-06,ZCH054CV,ST12000NM0007,12000138625024,0,80,110980688,98.0,0.0,100.0,2.0,100.0,0.0,82.0,176591607.0,88,10907,100.0,0.0,100,1,,,,,100.0,0.0,100.0,0.0,,,65.0,35.0,,,100,186,100.0,736.0,35,35,100.0,0.0,100.0,0.0,200.0,0.0,100.0,10757.0,100.0,53852678024.0,100.0,85906860146.0
2019-02-07,ZCH054CV,ST12000NM0007,12000138625024,0,79.0,79421936.0,98.0,0.0,100.0,2.0,100.0,0.0,83.0,179238931.0,88.0,10923.0,100.0,0.0,100.0,1.0,,,,,100.0,0.0,100.0,0.0,,,64.0,36.0,,,100.0,186.0,100.0,736.0,36.0,36.0,100.0,0.0,100.0,0.0,200.0,0.0,100.0,10773.0,100.0,53910215920.0,100.0,86061904258.0
2019-02-08,ZCH054CV,ST12000NM0007,12000138625024,0,78,63400008,98.0,0.0,100.0,2.0,100.0,0.0,83.0,182005213.0,88,10938,100.0,0.0,100,1,,,,,100.0,0.0,100.0,0.0,,,66.0,34.0,,,100,187,100.0,737.0,34,34,100.0,0.0,100.0,0.0,200.0,0.0,100.0,10788.0,100.0,53956828208.0,100.0,86243410706.0
2019-02-09,ZCH054CV,ST12000NM0007,12000138625024,0,82.0,169648168.0,98.0,0.0,100.0,2.0,100.0,0.0,83.0,185221193.0,88.0,10970.0,100.0,0.0,100.0,1.0,,,,,100.0,0.0,100.0,0.0,,,66.0,34.0,,,100.0,187.0,100.0,738.0,34.0,34.0,100.0,0.0,100.0,0.0,200.0,0.0,100.0,10820.0,100.0,54053282848.0,100.0,86497345058.0
2019-02-10,ZCH054CV,ST12000NM0007,12000138625024,0,79,84875568,98.0,0.0,100.0,2.0,100.0,0.0,83.0,186858965.0,88,10986,100.0,0.0,100,1,,,,,100.0,0.0,100.0,0.0,,,66.0,34.0,,,100,187,100.0,739.0,34,34,100.0,0.0,100.0,0.0,200.0,0.0,100.0,10836.0,100.0,54106322920.0,100.0,86603673154.0
2019-02-11,ZCH054CV,ST12000NM0007,12000138625024,0,83,186629784,98.0,0.0,100.0,2.0,100.0,0.0,83.0,189768096.0,88,11018,100.0,0.0,100,1,,,,,100.0,0.0,100.0,0.0,,,65.0,35.0,,,100,188,100.0,740.0,35,35,100.0,0.0,100.0,0.0,200.0,0.0,100.0,10867.0,100.0,54212638112.0,100.0,86843252834.0
2019-02-12,ZCH054CV,ST12000NM0007,12000138625024,0,82.0,164292208.0,98.0,0.0,100.0,2.0,100.0,0.0,83.0,191792795.0,88.0,11033.0,100.0,0.0,100.0,1.0,,,,,100.0,0.0,100.0,0.0,,,65.0,35.0,,,100.0,189.0,100.0,741.0,35.0,35.0,100.0,0.0,100.0,0.0,200.0,0.0,100.0,10883.0,100.0,54264031160.0,100.0,87013662994.0
2019-02-13,ZCH054CV,ST12000NM0007,12000138625024,0,82,143765000,98.0,0.0,100.0,2.0,100.0,0.0,83.0,196169151.0,88,11065,100.0,0.0,100,1,,,,,100.0,0.0,100.0,0.0,,,66.0,34.0,,,100,190,100.0,742.0,34,34,100.0,0.0,100.0,0.0,200.0,0.0,100.0,10915.0,100.0,54403405424.0,100.0,87342042954.0
2019-02-14,ZCH054CV,ST12000NM0007,12000138625024,0,79,83037080,98.0,0.0,100.0,2.0,100.0,0.0,83.0,197702028.0,88,11081,100.0,0.0,100,1,,,,,100.0,0.0,100.0,0.0,,,65.0,35.0,,,100,191,100.0,743.0,35,35,100.0,0.0,100.0,0.0,200.0,0.0,100.0,10931.0,100.0,54458074936.0,100.0,87470786250.0
2019-02-15,ZCH054CV,ST12000NM0007,12000138625024,0,83.0,207507464.0,98.0,0.0,100.0,2.0,100.0,0.0,83.0,202955545.0,88.0,11113.0,100.0,0.0,100.0,1.0,,,,,100.0,0.0,100.0,0.0,,,65.0,35.0,,,100.0,191.0,100.0,744.0,35.0,35.0,100.0,0.0,100.0,0.0,200.0,0.0,100.0,10962.0,100.0,54584782912.0,100.0,87712689330.0
2019-02-16,ZCH054CV,ST12000NM0007,12000138625024,0,82.0,147447920.0,98.0,0.0,100.0,2.0,100.0,0.0,83.0,204551298.0,88.0,11129.0,100.0,0.0,100.0,1.0,,,,,100.0,0.0,100.0,0.0,,,65.0,35.0,,,100.0,191.0,100.0,745.0,35.0,35.0,100.0,0.0,100.0,0.0,200.0,0.0,100.0,10978.0,100.0,54644454968.0,100.0,87837098466.0
2019-02-17,ZCH054CV,ST12000NM0007,12000138625024,0,84,242655680,98.0,0.0,100.0,2.0,100.0,0.0,83.0,207569564.0,88,11160,100.0,0.0,100,1,,,,,100.0,0.0,100.0,0.0,,,65.0,35.0,,,100,192,100.0,746.0,35,35,100.0,0.0,100.0,0.0,200.0,0.0,100.0,11010.0,100.0,54747256120.0,100.0,88073646034.0
2019-02-18,ZCH054CV,ST12000NM0007,12000138625024,0,79,76835160,98.0,0.0,100.0,2.0,100.0,0.0,83.0,210358307.0,88,11192,100.0,0.0,100,1,,,,,100.0,0.0,100.0,0.0,,,65.0,35.0,,,100,192,100.0,748.0,35,35,100.0,0.0,100.0,0.0,200.0,0.0,100.0,11041.0,100.0,54837523824.0,100.0,88305839410.0
2019-02-19,ZCH054CV,ST12000NM0007,12000138625024,0,81,113504952,98.0,0.0,100.0,2.0,100.0,0.0,83.0,213417332.0,88,11208,100.0,0.0,100,1,,,,,100.0,0.0,100.0,0.0,,,65.0,35.0,,,100,192,100.0,748.0,35,35,100.0,0.0,100.0,0.0,200.0,0.0,100.0,11057.0,100.0,54913738808.0,100.0,88510435178.0
2019-02-20,ZCH054CV,ST12000NM0007,12000138625024,0,73.0,20844960.0,98.0,0.0,100.0,2.0,100.0,0.0,83.0,216667244.0,88.0,11240.0,100.0,0.0,100.0,1.0,,,,,100.0,0.0,100.0,0.0,,,65.0,35.0,,,100.0,193.0,100.0,750.0,35.0,35.0,100.0,0.0,100.0,0.0,200.0,0.0,100.0,11089.0,100.0,55038593272.0,100.0,88781202218.0
2019-02-21,ZCH054CV,ST12000NM0007,12000138625024,0,82,171143232,98.0,0.0,100.0,2.0,100.0,0.0,83.0,218132838.0,88,11255,100.0,0.0,100,1,,,,,100.0,0.0,100.0,0.0,,,65.0,35.0,,,100,193,100.0,750.0,35,35,100.0,0.0,100.0,0.0,200.0,0.0,100.0,11104.0,100.0,55094703760.0,100.0,88875390002.0
2019-02-22,ZCH054CV,ST12000NM0007,12000138625024,0,78,65123680,98.0,0.0,100.0,2.0,100.0,0.0,83.0,222732101.0,88,11287,100.0,0.0,100,1,,,,,100.0,0.0,100.0,0.0,,,65.0,35.0,,,100,193,100.0,752.0,35,35,100.0,0.0,100.0,0.0,200.0,0.0,100.0,11136.0,100.0,55251069280.0,100.0,89101286330.0
2019-02-23,ZCH054CV,ST12000NM0007,12000138625024,0,83.0,209798584.0,98.0,0.0,100.0,2.0,100.0,0.0,84.0,224117158.0,88.0,11303.0,100.0,0.0,100.0,1.0,,,,,100.0,0.0,100.0,0.0,,,65.0,35.0,,,100.0,193.0,100.0,753.0,35.0,35.0,100.0,0.0,100.0,0.0,200.0,0.0,100.0,11151.0,100.0,55294258344.0,100.0,89202772170.0
2019-02-24,ZCH054CV,ST12000NM0007,12000138625024,0,72,17709632,98.0,0.0,100.0,2.0,100.0,0.0,84.0,226917024.0,88,11334,100.0,0.0,100,1,,,,,100.0,0.0,100.0,0.0,,,65.0,35.0,,,100,194,100.0,754.0,35,35,100.0,0.0,100.0,0.0,200.0,0.0,100.0,11183.0,100.0,55389081904.0,100.0,89404141338.0
2019-02-25,ZCH054CV,ST12000NM0007,12000138625024,0,81,132142424,98.0,0.0,100.0,2.0,100.0,0.0,84.0,230437991.0,88,11366,100.0,0.0,100,1,,,,,100.0,0.0,100.0,0.0,,,64.0,36.0,,,100,195,100.0,756.0,36,36,100.0,0.0,100.0,0.0,200.0,0.0,100.0,11214.0,100.0,55509289040.0,100.0,89642507626.0
2019-02-26,ZCH054CV,ST12000NM0007,12000138625024,0,82,160971360,98.0,0.0,100.0,2.0,100.0,0.0,84.0,234048516.0,88,11382,100.0,0.0,100,1,,,,,100.0,0.0,100.0,0.0,,,60.0,40.0,,,100,195,100.0,756.0,40,40,100.0,0.0,100.0,0.0,200.0,0.0,100.0,11230.0,100.0,55581319528.0,100.0,89843446898.0
2019-02-27,ZCH054CV,ST12000NM0007,12000138625024,0,79.0,77766200.0,98.0,0.0,100.0,2.0,100.0,0.0,84.0,237584309.0,87.0,11414.0,100.0,0.0,100.0,1.0,,,,,100.0,0.0,100.0,0.0,,,64.0,36.0,,,100.0,195.0,100.0,758.0,36.0,36.0,100.0,0.0,100.0,0.0,200.0,0.0,100.0,11261.0,100.0,55724774488.0,100.0,90105068674.0
2019-02-28,ZCH054CV,ST12000NM0007,12000138625024,0,77,47211608,98.0,0.0,100.0,2.0,100.0,0.0,84.0,240178313.0,87,11429,100.0,0.0,100,1,,,,,100.0,0.0,100.0,0.0,,,64.0,36.0,,,100,195,100.0,758.0,36,36,100.0,0.0,100.0,0.0,200.0,0.0,100.0,11277.0,100.0,55807852712.0,100.0,90235576498.0
2019-03-01,ZCH054CV,ST12000NM0007,12000138625024,0,84.0,241136104.0,98.0,0.0,100.0,2.0,100.0,0.0,84.0,242182558.0,87.0,11445.0,100.0,0.0,100.0,1.0,,,,,100.0,0.0,100.0,0.0,,,65.0,35.0,,,100.0,195.0,100.0,759.0,35.0,35.0,100.0,0.0,100.0,0.0,200.0,0.0,100.0,11293.0,100.0,55873997984.0,100.0,90363355722.0
2019-03-02,ZCH054CV,ST12000NM0007,12000138625024,0,82.0,150625360.0,98.0,0.0,100.0,2.0,100.0,0.0,84.0,245528057.0,87.0,11477.0,100.0,0.0,100.0,1.0,,,,,100.0,0.0,100.0,0.0,,,65.0,35.0,,,100.0,196.0,100.0,760.0,35.0,35.0,100.0,0.0,100.0,0.0,200.0,0.0,100.0,11324.0,100.0,55981744160.0,100.0,90653380458.0
2019-03-03,ZCH054CV,ST12000NM0007,12000138625024,0,79.0,84934184.0,98.0,0.0,100.0,2.0,100.0,0.0,84.0,247351284.0,87.0,11493.0,100.0,0.0,100.0,1.0,,,,,100.0,0.0,100.0,0.0,,,65.0,35.0,,,100.0,196.0,100.0,761.0,35.0,35.0,100.0,0.0,100.0,0.0,200.0,0.0,100.0,11340.0,100.0,56046880064.0,100.0,90766694018.0
2019-03-04,ZCH054CV,ST12000NM0007,12000138625024,0,83,210320296,98.0,0.0,100.0,2.0,100.0,0.0,84.0,250479908.0,87,11524,100.0,0.0,100,1,,,,,100.0,0.0,100.0,0.0,,,65.0,35.0,,,100,196,100.0,762.0,35,35,100.0,0.0,100.0,0.0,200.0,0.0,100.0,11372.0,100.0,56160733576.0,100.0,91022367586.0
2019-03-05,ZCH054CV,ST12000NM0007,12000138625024,0,84.0,232661704.0,98.0,0.0,100.0,2.0,100.0,0.0,84.0,253417833.0,87.0,11540.0,100.0,0.0,100.0,1.0,,,,,100.0,0.0,100.0,0.0,,,65.0,35.0,,,100.0,197.0,100.0,763.0,35.0,35.0,100.0,0.0,100.0,0.0,200.0,0.0,100.0,11388.0,100.0,56241363144.0,100.0,91208220058.0
2019-03-06,ZCH054CV,ST12000NM0007,12000138625024,0,81.0,122573040.0,98.0,0.0,100.0,2.0,100.0,0.0,84.0,257089456.0,87.0,11572.0,100.0,0.0,100.0,1.0,,,,,100.0,0.0,100.0,0.0,,,65.0,35.0,,,100.0,197.0,100.0,764.0,35.0,35.0,100.0,0.0,100.0,0.0,200.0,0.0,100.0,11419.0,100.0,56371200944.0,100.0,91456575514.0
2019-03-07,ZCH054CV,ST12000NM0007,12000138625024,0,75.0,31700016.0,98.0,0.0,100.0,2.0,100.0,0.0,84.0,258483834.0,87.0,11588.0,100.0,0.0,100.0,1.0,,,,,100.0,0.0,100.0,0.0,,,65.0,35.0,,,100.0,198.0,100.0,765.0,35.0,35.0,100.0,0.0,100.0,0.0,200.0,0.0,100.0,11435.0,100.0,56412367080.0,100.0,91568677138.0
2019-03-08,ZCH054CV,ST12000NM0007,12000138625024,0,83.0,192615088.0,98.0,0.0,100.0,2.0,100.0,0.0,84.0,262610957.0,87.0,11619.0,100.0,0.0,100.0,1.0,,,,,100.0,0.0,100.0,0.0,,,65.0,35.0,,,100.0,199.0,100.0,766.0,35.0,35.0,100.0,0.0,100.0,0.0,200.0,0.0,100.0,11466.0,100.0,56536976720.0,100.0,91849123634.0
2019-03-09,ZCH054CV,ST12000NM0007,12000138625024,0,82.0,145035376.0,98.0,0.0,100.0,2.0,100.0,0.0,84.0,264303761.0,87.0,11635.0,100.0,0.0,100.0,1.0,,,,,100.0,0.0,100.0,0.0,,,64.0,36.0,,,100.0,200.0,100.0,767.0,36.0,36.0,100.0,0.0,100.0,0.0,200.0,0.0,100.0,11482.0,100.0,56611846024.0,100.0,91970815250.0
2019-03-10,ZCH054CV,ST12000NM0007,12000138625024,0,77.0,52093752.0,98.0,0.0,100.0,2.0,100.0,0.0,84.0,268164178.0,87.0,11667.0,100.0,0.0,100.0,1.0,,,,,100.0,0.0,100.0,0.0,,,64.0,36.0,,,100.0,201.0,100.0,768.0,36.0,36.0,100.0,0.0,100.0,0.0,200.0,0.0,100.0,11514.0,100.0,56728093336.0,100.0,92249907674.0
2019-03-11,ZCH054CV,ST12000NM0007,12000138625024,0,84.0,236672336.0,98.0,0.0,100.0,2.0,100.0,0.0,84.0,269724840.0,87.0,11683.0,100.0,0.0,100.0,1.0,,,,,100.0,0.0,100.0,0.0,,,65.0,35.0,,,100.0,202.0,100.0,769.0,35.0,35.0,100.0,0.0,100.0,0.0,200.0,0.0,100.0,11529.0,100.0,56788381336.0,100.0,92374198258.0
2019-03-12,ZCH054CV,ST12000NM0007,12000138625024,0,83.0,181512752.0,98.0,0.0,100.0,2.0,100.0,0.0,84.0,274313036.0,87.0,11714.0,100.0,0.0,100.0,1.0,,,,,100.0,0.0,100.0,0.0,,,64.0,36.0,,,100.0,202.0,100.0,770.0,36.0,36.0,100.0,0.0,100.0,0.0,200.0,0.0,100.0,11561.0,100.0,56915836224.0,100.0,92679865210.0
2019-03-13,ZCH054CV,ST12000NM0007,12000138625024,0,77.0,50389568.0,98.0,0.0,100.0,2.0,100.0,0.0,84.0,277336520.0,87.0,11746.0,100.0,0.0,100.0,1.0,,,,,100.0,0.0,100.0,0.0,,,68.0,32.0,,,100.0,203.0,100.0,772.0,32.0,32.0,100.0,0.0,100.0,0.0,200.0,0.0,100.0,11592.0,100.0,56999251752.0,100.0,92953607962.0
2019-03-14,ZCH054CV,ST12000NM0007,12000138625024,0,84.0,239363296.0,98.0,0.0,100.0,2.0,100.0,0.0,84.0,279243770.0,87.0,11762.0,100.0,0.0,100.0,1.0,,,,,100.0,0.0,100.0,0.0,,,67.0,33.0,,,100.0,203.0,100.0,772.0,33.0,33.0,100.0,0.0,100.0,0.0,200.0,0.0,100.0,11608.0,100.0,57051720376.0,100.0,93090113066.0
2019-03-15,ZCH054CV,ST12000NM0007,12000138625024,0,82.0,142240320.0,98.0,0.0,100.0,2.0,100.0,0.0,85.0,283767841.0,87.0,11793.0,100.0,0.0,100.0,1.0,,,,,100.0,0.0,100.0,0.0,,,68.0,32.0,,,100.0,203.0,100.0,774.0,32.0,32.0,100.0,0.0,100.0,0.0,200.0,0.0,100.0,11639.0,100.0,57185222448.0,100.0,93347769546.0
2019-03-16,ZCH054CV,ST12000NM0007,12000138625024,0,79.0,87807912.0,98.0,0.0,100.0,2.0,100.0,0.0,85.0,285592884.0,87.0,11809.0,100.0,0.0,100.0,1.0,,,,,100.0,0.0,100.0,0.0,,,67.0,33.0,,,100.0,203.0,100.0,774.0,33.0,33.0,100.0,0.0,100.0,0.0,200.0,0.0,100.0,11655.0,100.0,57243811848.0,100.0,93478888690.0
2019-03-17,ZCH054CV,ST12000NM0007,12000138625024,0,83.0,218852464.0,98.0,0.0,100.0,2.0,100.0,0.0,85.0,289026098.0,87.0,11841.0,100.0,0.0,100.0,1.0,,,,,100.0,0.0,100.0,0.0,,,71.0,29.0,,,100.0,204.0,100.0,776.0,29.0,29.0,100.0,0.0,100.0,0.0,200.0,0.0,100.0,11686.0,100.0,57348311016.0,100.0,93749574818.0
2019-03-18,ZCH054CV,ST12000NM0007,12000138625024,0,81.0,126577552.0,98.0,0.0,100.0,2.0,100.0,0.0,85.0,290677131.0,87.0,11857.0,100.0,0.0,100.0,1.0,,,,,100.0,0.0,100.0,0.0,,,68.0,32.0,,,100.0,204.0,100.0,776.0,32.0,32.0,100.0,0.0,100.0,0.0,200.0,0.0,100.0,11702.0,100.0,57397237408.0,100.0,93852514218.0
2019-03-19,ZCH054CV,ST12000NM0007,12000138625024,0,79.0,81145560.0,98.0,0.0,100.0,2.0,100.0,0.0,85.0,295586711.0,87.0,11889.0,100.0,0.0,100.0,1.0,,,,,100.0,0.0,100.0,0.0,,,71.0,29.0,,,100.0,205.0,100.0,778.0,29.0,29.0,100.0,0.0,100.0,0.0,200.0,0.0,100.0,11734.0,100.0,57532610392.0,100.0,94159990866.0
2019-03-20,ZCH054CV,ST12000NM0007,12000138625024,0,83.0,222647056.0,98.0,0.0,100.0,2.0,100.0,0.0,85.0,296998527.0,87.0,11905.0,100.0,0.0,100.0,1.0,,,,,100.0,0.0,100.0,0.0,,,68.0,32.0,,,100.0,205.0,100.0,778.0,32.0,32.0,100.0,0.0,100.0,0.0,200.0,0.0,100.0,11749.0,100.0,57582388736.0,100.0,94251714018.0
2019-03-21,ZCH054CV,ST12000NM0007,12000138625024,0,81.0,124585664.0,98.0,0.0,100.0,2.0,100.0,0.0,85.0,302101989.0,87.0,11936.0,100.0,0.0,100.0,1.0,,,,,100.0,0.0,100.0,0.0,,,71.0,29.0,,,100.0,206.0,100.0,780.0,29.0,29.0,100.0,0.0,100.0,0.0,200.0,0.0,100.0,11781.0,100.0,57716630216.0,100.0,94507693130.0
2019-03-22,ZCH054CV,ST12000NM0007,12000138625024,0,78.0,57851648.0,98.0,0.0,100.0,2.0,100.0,0.0,85.0,303917742.0,87.0,11952.0,100.0,0.0,100.0,1.0,,,,,100.0,0.0,100.0,0.0,,,68.0,32.0,,,100.0,206.0,100.0,780.0,32.0,32.0,100.0,0.0,100.0,0.0,200.0,0.0,100.0,11797.0,100.0,57780745320.0,100.0,94620984722.0
2019-03-23,ZCH054CV,ST12000NM0007,12000138625024,0,81.0,135699960.0,98.0,0.0,100.0,2.0,100.0,0.0,85.0,307143597.0,87.0,11984.0,100.0,0.0,100.0,1.0,,,,,100.0,0.0,100.0,0.0,,,69.0,31.0,,,100.0,207.0,100.0,782.0,31.0,31.0,100.0,0.0,100.0,0.0,200.0,0.0,100.0,11828.0,100.0,57879901968.0,100.0,94843817122.0
2019-03-24,ZCH054CV,ST12000NM0007,12000138625024,0,78.0,70713840.0,98.0,0.0,100.0,2.0,100.0,0.0,85.0,308813757.0,87.0,12000.0,100.0,0.0,100.0,1.0,,,,,100.0,0.0,100.0,0.0,,,68.0,32.0,,,100.0,207.0,100.0,782.0,32.0,32.0,100.0,0.0,100.0,0.0,200.0,0.0,100.0,11844.0,100.0,57943385872.0,100.0,94959487762.0
2019-03-25,ZCH054CV,ST12000NM0007,12000138625024,0,82.0,163594376.0,98.0,0.0,100.0,2.0,100.0,0.0,85.0,311953386.0,87.0,12031.0,100.0,0.0,100.0,1.0,,,,,100.0,0.0,100.0,0.0,,,69.0,31.0,,,100.0,209.0,100.0,784.0,31.0,31.0,100.0,0.0,100.0,0.0,200.0,0.0,100.0,11875.0,100.0,58061767656.0,100.0,95178127498.0
2019-03-26,ZCH054CV,ST12000NM0007,12000138625024,0,83.0,184655104.0,98.0,0.0,100.0,2.0,100.0,0.0,85.0,315093788.0,87.0,12047.0,100.0,0.0,100.0,1.0,,,,,100.0,0.0,100.0,0.0,,,68.0,32.0,,,100.0,209.0,100.0,784.0,32.0,32.0,100.0,0.0,100.0,0.0,200.0,0.0,100.0,11891.0,100.0,58146846624.0,100.0,95358249930.0
2019-03-27,ZCH054CV,ST12000NM0007,12000138625024,0,77.0,48642304.0,98.0,0.0,100.0,2.0,100.0,0.0,85.0,318221667.0,87.0,12079.0,100.0,0.0,100.0,1.0,,,,,100.0,0.0,100.0,0.0,,,69.0,31.0,,,100.0,211.0,100.0,786.0,31.0,31.0,100.0,0.0,100.0,0.0,200.0,0.0,100.0,11922.0,100.0,58257942072.0,100.0,95599423802.0
2019-03-28,ZCH054CV,ST12000NM0007,12000138625024,0,76.0,38053736.0,98.0,0.0,100.0,2.0,100.0,0.0,85.0,320201329.0,87.0,12095.0,100.0,0.0,100.0,1.0,,,,,100.0,0.0,100.0,0.0,,,68.0,32.0,,,100.0,211.0,100.0,786.0,32.0,32.0,100.0,0.0,100.0,0.0,200.0,0.0,100.0,11938.0,100.0,58341547184.0,100.0,95749370818.0
2019-03-29,ZCH054CV,ST12000NM0007,12000138625024,0,83.0,191080088.0,98.0,0.0,100.0,2.0,100.0,0.0,85.0,324476748.0,87.0,12126.0,100.0,0.0,100.0,1.0,,,,,100.0,0.0,100.0,0.0,,,71.0,29.0,,,100.0,211.0,100.0,787.0,29.0,29.0,100.0,0.0,100.0,0.0,200.0,0.0,100.0,11969.0,100.0,58483716208.0,100.0,96004368810.0
2019-03-30,ZCH054CV,ST12000NM0007,12000138625024,0,81.0,127266632.0,98.0,0.0,100.0,2.0,100.0,0.0,85.0,326324756.0,87.0,12142.0,100.0,0.0,100.0,1.0,,,,,100.0,0.0,100.0,0.0,,,68.0,32.0,,,100.0,212.0,100.0,788.0,32.0,32.0,100.0,0.0,100.0,0.0,200.0,0.0,100.0,11985.0,100.0,58541704576.0,100.0,96126707626.0
2019-03-31,ZCH054CV,ST12000NM0007,12000138625024,0,73.0,20759488.0,98.0,0.0,100.0,2.0,100.0,0.0,85.0,330050460.0,87.0,12174.0,100.0,0.0,100.0,1.0,,,,,100.0,0.0,100.0,0.0,,,69.0,31.0,,,100.0,212.0,100.0,790.0,31.0,31.0,100.0,0.0,100.0,0.0,200.0,0.0,100.0,12017.0,100.0,58676468680.0,100.0,96373718146.0
2019-04-01,ZCH054CV,ST12000NM0007,12000138625024,0,84.0,234673312.0,98.0,0.0,100.0,2.0,100.0,0.0,85.0,332172555.0,87.0,12190.0,100.0,0.0,100.0,1.0,,,,,100.0,0.0,100.0,0.0,,,68.0,32.0,,,100.0,212.0,100.0,790.0,32.0,32.0,100.0,0.0,100.0,0.0,200.0,0.0,100.0,12032.0,100.0,58766670328.0,100.0,96497430322.0
2019-04-02,ZCH054CV,ST12000NM0007,12000138625024,0,72.0,15432168.0,98.0,0.0,100.0,2.0,100.0,0.0,85.0,337555388.0,87.0,12221.0,100.0,0.0,100.0,1.0,,,,,100.0,0.0,100.0,0.0,,,69.0,31.0,,,100.0,212.0,100.0,792.0,31.0,31.0,100.0,0.0,100.0,0.0,200.0,0.0,100.0,12064.0,100.0,58914983160.0,100.0,96862298498.0
2019-04-03,ZCH054CV,ST12000NM0007,12000138625024,0,84.0,229929840.0,98.0,0.0,100.0,2.0,100.0,0.0,85.0,339471461.0,87.0,12237.0,100.0,0.0,100.0,1.0,,,,,100.0,0.0,100.0,0.0,,,68.0,32.0,,,100.0,212.0,100.0,792.0,32.0,32.0,100.0,0.0,100.0,0.0,200.0,0.0,100.0,12080.0,100.0,58979199616.0,100.0,97012579714.0
2019-04-04,ZCH054CV,ST12000NM0007,12000138625024,0,83.0,207080800.0,98.0,0.0,100.0,2.0,100.0,0.0,85.0,344807654.0,86.0,12269.0,100.0,0.0,100.0,1.0,,,,,100.0,0.0,100.0,0.0,,,69.0,31.0,,,100.0,213.0,100.0,794.0,31.0,31.0,100.0,0.0,100.0,0.0,200.0,0.0,100.0,12111.0,100.0,59137808144.0,100.0,97319403650.0
2019-04-05,ZCH054CV,ST12000NM0007,12000138625024,0,77.0,45331328.0,98.0,0.0,100.0,2.0,100.0,0.0,85.0,348370936.0,86.0,12301.0,100.0,0.0,100.0,1.0,,,,,100.0,0.0,100.0,0.0,,,69.0,31.0,,,100.0,214.0,100.0,796.0,31.0,31.0,100.0,0.0,100.0,0.0,200.0,0.0,100.0,12142.0,100.0,59243858848.0,100.0,97539884810.0
2019-04-06,ZCH054CV,ST12000NM0007,12000138625024,0,84.0,224676872.0,98.0,0.0,100.0,2.0,100.0,0.0,85.0,350159920.0,86.0,12317.0,100.0,0.0,100.0,1.0,,,,,100.0,0.0,100.0,0.0,,,69.0,31.0,,,100.0,214.0,100.0,796.0,31.0,31.0,100.0,0.0,100.0,0.0,200.0,0.0,100.0,12158.0,100.0,59309151416.0,100.0,97653937786.0
2019-04-07,ZCH054CV,ST12000NM0007,12000138625024,0,80.0,93922712.0,98.0,0.0,100.0,2.0,100.0,0.0,85.0,353345118.0,86.0,12348.0,100.0,0.0,100.0,1.0,,,,,100.0,0.0,100.0,0.0,,,69.0,31.0,,,100.0,214.0,100.0,798.0,31.0,31.0,100.0,0.0,100.0,0.0,200.0,0.0,100.0,12189.0,100.0,59421490528.0,100.0,97899126122.0
2019-04-08,ZCH054CV,ST12000NM0007,12000138625024,0,73.0,21998720.0,98.0,0.0,100.0,2.0,100.0,0.0,86.0,354903012.0,86.0,12364.0,100.0,0.0,100.0,1.0,,,,,100.0,0.0,100.0,0.0,,,70.0,30.0,,,100.0,214.0,100.0,798.0,30.0,30.0,100.0,0.0,100.0,0.0,200.0,0.0,100.0,12205.0,100.0,59477691792.0,100.0,98015141642.0
2019-04-09,ZCH054CV,ST12000NM0007,12000138625024,0,70.0,10698736.0,98.0,0.0,100.0,2.0,100.0,0.0,86.0,360001950.0,86.0,12396.0,100.0,0.0,100.0,1.0,,,,,100.0,0.0,100.0,0.0,,,69.0,31.0,,,100.0,214.0,100.0,800.0,31.0,31.0,100.0,0.0,100.0,0.0,200.0,0.0,100.0,12236.0,100.0,59636578632.0,100.0,98333237434.0
2019-04-10,ZCH054CV,ST12000NM0007,12000138625024,0,83.0,207703464.0,98.0,0.0,100.0,2.0,100.0,0.0,86.0,361662123.0,86.0,12412.0,100.0,0.0,100.0,1.0,,,,,100.0,0.0,100.0,0.0,,,68.0,32.0,,,100.0,214.0,100.0,800.0,32.0,32.0,100.0,0.0,100.0,0.0,200.0,0.0,100.0,12252.0,100.0,59707930920.0,100.0,98458889874.0
2019-04-11,ZCH054CV,ST12000NM0007,12000138625024,0,82.0,157903464.0,98.0,0.0,100.0,2.0,100.0,0.0,86.0,363253295.0,86.0,12427.0,100.0,0.0,100.0,1.0,,,,,100.0,0.0,100.0,0.0,,,68.0,32.0,,,100.0,214.0,100.0,801.0,32.0,32.0,100.0,0.0,100.0,0.0,200.0,0.0,100.0,12268.0,100.0,59763206616.0,100.0,98597954874.0
2019-04-12,ZCH054CV,ST12000NM0007,12000138625024,0,81.0,118683368.0,98.0,0.0,100.0,2.0,100.0,0.0,86.0,368334530.0,86.0,12459.0,100.0,0.0,100.0,1.0,,,,,100.0,0.0,100.0,0.0,,,70.0,30.0,,,100.0,214.0,100.0,803.0,30.0,30.0,100.0,0.0,100.0,0.0,200.0,0.0,100.0,12299.0,100.0,59909662488.0,100.0,98900561026.0
2019-04-13,ZCH054CV,ST12000NM0007,12000138625024,0,78.0,57414696.0,98.0,0.0,100.0,2.0,100.0,0.0,86.0,370209982.0,86.0,12475.0,100.0,0.0,100.0,1.0,,,,,100.0,0.0,100.0,0.0,,,73.0,27.0,,,100.0,214.0,100.0,804.0,27.0,27.0,100.0,0.0,100.0,0.0,200.0,0.0,100.0,12315.0,100.0,59967988976.0,100.0,99025106562.0
2019-04-14,ZCH054CV,ST12000NM0007,12000138625024,0,84.0,225044312.0,98.0,0.0,100.0,2.0,100.0,0.0,86.0,374317542.0,86.0,12507.0,100.0,0.0,100.0,1.0,,,,,100.0,0.0,100.0,0.0,,,68.0,32.0,,,100.0,214.0,100.0,805.0,32.0,32.0,100.0,0.0,100.0,0.0,200.0,0.0,100.0,12347.0,100.0,60088783728.0,100.0,99316082154.0
2019-04-15,ZCH054CV,ST12000NM0007,12000138625024,0,81.0,131083360.0,98.0,0.0,100.0,2.0,100.0,0.0,86.0,376033909.0,86.0,12523.0,100.0,0.0,100.0,1.0,,,,,100.0,0.0,100.0,0.0,,,73.0,27.0,,,100.0,214.0,100.0,806.0,27.0,27.0,100.0,0.0,100.0,0.0,200.0,0.0,100.0,12362.0,100.0,60138240328.0,100.0,99416805466.0
2019-04-16,ZCH054CV,ST12000NM0007,12000138625024,0,79.0,76730000.0,98.0,0.0,100.0,2.0,100.0,0.0,86.0,381344573.0,86.0,12554.0,100.0,0.0,100.0,1.0,,,,,100.0,0.0,100.0,0.0,,,72.0,28.0,,,100.0,215.0,100.0,807.0,28.0,28.0,100.0,0.0,100.0,0.0,200.0,0.0,100.0,12394.0,100.0,60274319656.0,100.0,99714654178.0
2019-04-17,ZCH054CV,ST12000NM0007,12000138625024,0,83.0,212237160.0,98.0,0.0,100.0,2.0,100.0,0.0,86.0,384938545.0,86.0,12586.0,100.0,0.0,100.0,1.0,,,,,100.0,0.0,100.0,0.0,,,73.0,27.0,,,100.0,216.0,100.0,809.0,27.0,27.0,100.0,0.0,100.0,0.0,200.0,0.0,100.0,12426.0,100.0,60392585744.0,100.0,99976035938.0
2019-04-18,ZCH054CV,ST12000NM0007,12000138625024,0,81.0,137127456.0,98.0,0.0,100.0,2.0,100.0,0.0,86.0,386769438.0,86.0,12602.0,100.0,0.0,100.0,1.0,,,,,100.0,0.0,100.0,0.0,,,73.0,27.0,,,100.0,216.0,100.0,809.0,27.0,27.0,100.0,0.0,100.0,0.0,200.0,0.0,100.0,12441.0,100.0,60448919448.0,100.0,100088733282.0
2019-04-19,ZCH054CV,ST12000NM0007,12000138625024,0,68.0,5779896.0,98.0,0.0,100.0,2.0,100.0,0.0,86.0,391427894.0,86.0,12634.0,100.0,0.0,100.0,1.0,,,,,100.0,0.0,100.0,0.0,,,71.0,29.0,,,100.0,216.0,100.0,810.0,29.0,29.0,100.0,0.0,100.0,0.0,200.0,0.0,100.0,12473.0,100.0,60581966352.0,100.0,100312620194.0
2019-04-20,ZCH054CV,ST12000NM0007,12000138625024,0,83.0,205069528.0,98.0,0.0,100.0,2.0,100.0,0.0,86.0,393928654.0,86.0,12649.0,100.0,0.0,100.0,1.0,,,,,100.0,0.0,100.0,0.0,,,72.0,28.0,,,100.0,217.0,100.0,811.0,28.0,28.0,100.0,0.0,100.0,0.0,200.0,0.0,100.0,12489.0,100.0,60629931024.0,100.0,100463945154.0
2019-04-21,ZCH054CV,ST12000NM0007,12000138625024,0,78.0,64922448.0,98.0,0.0,100.0,2.0,100.0,0.0,86.0,397056269.0,86.0,12681.0,100.0,0.0,100.0,1.0,,,,,100.0,0.0,100.0,0.0,,,70.0,30.0,,,100.0,217.0,100.0,812.0,30.0,30.0,100.0,0.0,100.0,0.0,200.0,0.0,100.0,12520.0,100.0,60737865680.0,100.0,100704144986.0
2019-04-22,ZCH054CV,ST12000NM0007,12000138625024,0,73.0,22347304.0,98.0,0.0,100.0,2.0,100.0,0.0,86.0,398805141.0,86.0,12697.0,100.0,0.0,100.0,1.0,,,,,100.0,0.0,100.0,0.0,,,68.0,32.0,,,100.0,217.0,100.0,813.0,32.0,32.0,100.0,0.0,100.0,0.0,200.0,0.0,100.0,12536.0,100.0,60809276584.0,100.0,100834300042.0
2019-04-23,ZCH054CV,ST12000NM0007,12000138625024,0,76.0,37575992.0,98.0,0.0,100.0,2.0,100.0,0.0,86.0,403926225.0,86.0,12729.0,100.0,0.0,100.0,1.0,,,,,100.0,0.0,100.0,0.0,,,71.0,29.0,,,100.0,218.0,100.0,814.0,29.0,29.0,100.0,0.0,100.0,0.0,200.0,0.0,100.0,12568.0,100.0,60956833952.0,100.0,101190252730.0
2019-04-24,ZCH054CV,ST12000NM0007,12000138625024,0,77.0,50971352.0,98.0,0.0,100.0,2.0,100.0,0.0,86.0,405855082.0,86.0,12744.0,100.0,0.0,100.0,1.0,,,,,100.0,0.0,100.0,0.0,,,72.0,28.0,,,100.0,218.0,100.0,815.0,28.0,28.0,100.0,0.0,100.0,0.0,200.0,0.0,100.0,12583.0,100.0,61054400944.0,100.0,101350221922.0
2019-04-25,ZCH054CV,ST12000NM0007,12000138625024,0,83.0,189746856.0,98.0,0.0,100.0,2.0,100.0,0.0,86.0,410322781.0,86.0,12776.0,100.0,0.0,100.0,1.0,,,,,100.0,0.0,100.0,0.0,,,70.0,30.0,,,100.0,218.0,100.0,816.0,30.0,30.0,100.0,0.0,100.0,0.0,200.0,0.0,100.0,12614.0,100.0,61183444384.0,100.0,101604094786.0
2019-04-26,ZCH054CV,ST12000NM0007,12000138625024,0,80.0,102687496.0,98.0,0.0,100.0,2.0,100.0,0.0,86.0,412386422.0,86.0,12792.0,100.0,0.0,100.0,1.0,,,,,100.0,0.0,100.0,0.0,,,72.0,28.0,,,100.0,219.0,100.0,817.0,28.0,28.0,100.0,0.0,100.0,0.0,200.0,0.0,100.0,12630.0,100.0,61237911352.0,100.0,101706709090.0
2019-04-27,ZCH054CV,ST12000NM0007,12000138625024,0,83.0,209860264.0,98.0,0.0,100.0,2.0,100.0,0.0,86.0,415960206.0,86.0,12824.0,100.0,0.0,100.0,1.0,,,,,100.0,0.0,100.0,0.0,,,69.0,31.0,,,100.0,220.0,100.0,818.0,31.0,31.0,100.0,0.0,100.0,0.0,200.0,0.0,100.0,12662.0,100.0,61344560704.0,100.0,101951373434.0
2019-04-28,ZCH054CV,ST12000NM0007,12000138625024,0,83.0,191375512.0,98.0,0.0,100.0,2.0,100.0,0.0,86.0,418122687.0,86.0,12840.0,100.0,0.0,100.0,1.0,,,,,100.0,0.0,100.0,0.0,,,72.0,28.0,,,100.0,220.0,100.0,819.0,28.0,28.0,100.0,0.0,100.0,0.0,200.0,0.0,100.0,12677.0,100.0,61407008000.0,100.0,102114582090.0
2019-04-29,ZCH054CV,ST12000NM0007,12000138625024,0,83.0,208988312.0,98.0,0.0,100.0,2.0,100.0,0.0,86.0,422712097.0,86.0,12871.0,100.0,0.0,100.0,1.0,,,,,100.0,0.0,100.0,0.0,,,70.0,30.0,,,100.0,221.0,100.0,820.0,30.0,30.0,100.0,0.0,100.0,0.0,200.0,0.0,100.0,12709.0,100.0,61689927472.0,100.0,102337556810.0
2019-04-30,ZCH054CV,ST12000NM0007,12000138625024,0,83.0,216412592.0,98.0,0.0,100.0,2.0,100.0,0.0,86.0,425950676.0,86.0,12887.0,100.0,0.0,100.0,1.0,,,,,100.0,0.0,100.0,0.0,,,71.0,29.0,,,100.0,221.0,100.0,821.0,29.0,29.0,100.0,0.0,100.0,0.0,200.0,0.0,100.0,12724.0,100.0,61783672552.0,100.0,102495377018.0
2019-05-01,ZCH054CV,ST12000NM0007,12000138625024,0,83.0,197087552.0,98.0,0.0,100.0,2.0,100.0,0.0,86.0,430421034.0,86.0,12918.0,100.0,0.0,100.0,1.0,,,,,100.0,0.0,100.0,0.0,,,72.0,28.0,,,100.0,221.0,100.0,823.0,28.0,28.0,100.0,0.0,100.0,0.0,200.0,0.0,100.0,12755.0,100.0,61911325512.0,100.0,102836680314.0
2019-05-02,ZCH054CV,ST12000NM0007,12000138625024,0,81.0,117588768.0,98.0,0.0,100.0,2.0,100.0,0.0,86.0,432519063.0,86.0,12934.0,100.0,0.0,100.0,1.0,,,,,100.0,0.0,100.0,0.0,,,73.0,27.0,,,100.0,221.0,100.0,823.0,27.0,27.0,100.0,0.0,100.0,0.0,200.0,0.0,100.0,12771.0,100.0,61961399080.0,100.0,102951248602.0
2019-05-03,ZCH054CV,ST12000NM0007,12000138625024,0,82.0,173271448.0,98.0,0.0,100.0,2.0,100.0,0.0,86.0,437237601.0,86.0,12966.0,100.0,0.0,100.0,1.0,,,,,100.0,0.0,100.0,0.0,,,72.0,28.0,,,100.0,221.0,100.0,824.0,28.0,28.0,100.0,0.0,100.0,0.0,200.0,0.0,100.0,12803.0,100.0,62061596472.0,100.0,103150874586.0
2019-05-04,ZCH054CV,ST12000NM0007,12000138625024,0,76.0,36751704.0,98.0,0.0,100.0,2.0,100.0,0.0,86.0,442962728.0,86.0,12998.0,100.0,0.0,100.0,1.0,,,,,100.0,0.0,100.0,0.0,,,72.0,28.0,,,100.0,221.0,100.0,826.0,28.0,28.0,100.0,0.0,100.0,0.0,200.0,0.0,100.0,12834.0,100.0,62144875832.0,100.0,103419356994.0
2019-05-05,ZCH054CV,ST12000NM0007,12000138625024,0,82.0,175839120.0,98.0,0.0,100.0,2.0,100.0,0.0,86.0,445361541.0,86.0,13013.0,100.0,0.0,100.0,1.0,,,,,100.0,0.0,100.0,0.0,,,71.0,29.0,,,100.0,222.0,100.0,827.0,29.0,29.0,100.0,0.0,100.0,0.0,200.0,0.0,100.0,12850.0,100.0,62174770424.0,100.0,103528549818.0
2019-05-06,ZCH054CV,ST12000NM0007,12000138625024,0,70.0,9393040.0,98.0,0.0,100.0,2.0,100.0,0.0,87.0,448870659.0,86.0,13045.0,100.0,0.0,100.0,1.0,,,,,100.0,0.0,100.0,0.0,,,72.0,28.0,,,100.0,222.0,100.0,828.0,28.0,28.0,100.0,0.0,100.0,0.0,200.0,0.0,100.0,12881.0,100.0,62268194088.0,100.0,103756961762.0
2019-05-07,ZCH054CV,ST12000NM0007,12000138625024,0,73.0,20133216.0,98.0,0.0,100.0,2.0,100.0,0.0,87.0,452121758.0,86.0,13061.0,100.0,0.0,100.0,1.0,,,,,100.0,0.0,100.0,0.0,,,72.0,28.0,,,100.0,222.0,100.0,828.0,28.0,28.0,100.0,0.0,100.0,0.0,200.0,0.0,100.0,12897.0,100.0,62337107376.0,100.0,103942929402.0
2019-05-08,ZCH054CV,ST12000NM0007,12000138625024,0,81.0,124539152.0,98.0,0.0,100.0,2.0,100.0,0.0,87.0,455607434.0,86.0,13092.0,100.0,0.0,100.0,1.0,,,,,100.0,0.0,100.0,0.0,,,72.0,28.0,,,100.0,222.0,100.0,830.0,28.0,28.0,100.0,0.0,100.0,0.0,200.0,0.0,100.0,12929.0,100.0,62424065296.0,100.0,104204518066.0
2019-05-09,ZCH054CV,ST12000NM0007,12000138625024,0,78.0,65502426.0,97.0,0.0,100.0,3.0,100.0,0.0,87.0,457453019.0,86.0,13109.0,100.0,0.0,100.0,2.0,,,,,100.0,0.0,100.0,0.0,,,72.0,28.0,,,100.0,222.0,100.0,831.0,28.0,28.0,100.0,0.0,100.0,0.0,200.0,0.0,100.0,12945.0,100.0,62476944136.0,100.0,104336743292.0
2019-05-10,ZCH054CV,ST12000NM0007,12000138625024,0,83.0,203297418.0,97.0,0.0,100.0,3.0,100.0,0.0,87.0,461066320.0,86.0,13124.0,100.0,0.0,100.0,2.0,,,,,100.0,0.0,100.0,0.0,,,73.0,27.0,,,100.0,222.0,100.0,831.0,27.0,27.0,100.0,0.0,100.0,0.0,200.0,0.0,100.0,12961.0,100.0,62506380160.0,100.0,104445102260.0
2019-05-11,ZCH054CV,ST12000NM0007,12000138625024,0,84.0,228440604.0,96.0,0.0,100.0,4.0,100.0,0.0,87.0,467857830.0,85.0,13156.0,100.0,0.0,100.0,3.0,,,,,100.0,0.0,100.0,0.0,,,72.0,28.0,,,100.0,223.0,100.0,834.0,28.0,28.0,100.0,0.0,100.0,0.0,200.0,0.0,100.0,12992.0,100.0,62561965008.0,100.0,104658801224.0
2019-05-12,ZCH054CV,ST12000NM0007,12000138625024,0,82.0,150650872.0,96.0,0.0,100.0,4.0,100.0,0.0,87.0,469280048.0,85.0,13172.0,100.0,0.0,100.0,3.0,,,,,100.0,0.0,100.0,0.0,,,73.0,27.0,,,100.0,223.0,100.0,834.0,27.0,27.0,100.0,0.0,100.0,0.0,200.0,0.0,100.0,13008.0,100.0,62607718568.0,100.0,104779399048.0
2019-05-13,ZCH054CV,ST12000NM0007,12000138625024,0,70.0,9513520.0,96.0,0.0,100.0,4.0,100.0,0.0,87.0,472197956.0,85.0,13204.0,100.0,0.0,100.0,3.0,,,,,100.0,0.0,100.0,0.0,,,71.0,29.0,,,100.0,224.0,100.0,836.0,29.0,29.0,100.0,0.0,100.0,0.0,200.0,0.0,100.0,13039.0,100.0,62690226880.0,100.0,105044035008.0
2019-05-14,ZCH054CV,ST12000NM0007,12000138625024,0,75.0,29886344.0,96.0,0.0,100.0,4.0,100.0,0.0,87.0,475008630.0,85.0,13220.0,100.0,0.0,100.0,3.0,,,,,100.0,0.0,100.0,0.0,,,72.0,28.0,,,100.0,224.0,100.0,836.0,28.0,28.0,100.0,0.0,100.0,0.0,200.0,0.0,100.0,13055.0,100.0,62765267488.0,100.0,105233508032.0
2019-05-15,ZCH054CV,ST12000NM0007,12000138625024,0,81.0,130377944.0,96.0,0.0,100.0,4.0,100.0,0.0,87.0,478686755.0,85.0,13251.0,100.0,0.0,100.0,3.0,,,,,100.0,0.0,100.0,0.0,,,71.0,29.0,,,100.0,226.0,100.0,838.0,29.0,29.0,100.0,0.0,100.0,0.0,200.0,0.0,100.0,13087.0,100.0,62855414312.0,100.0,105487993624.0
2019-05-16,ZCH054CV,ST12000NM0007,12000138625024,0,100.0,833624.0,96.0,0.0,100.0,4.0,100.0,0.0,87.0,483321244.0,85.0,13283.0,100.0,0.0,100.0,3.0,,,,,100.0,0.0,100.0,0.0,,,71.0,29.0,,,100.0,227.0,100.0,839.0,29.0,29.0,100.0,0.0,100.0,0.0,200.0,0.0,100.0,13118.0,100.0,62964065344.0,100.0,105738080120.0
2019-05-17,ZCH054CV,ST12000NM0007,12000138625024,0,82.0,165915264.0,96.0,0.0,100.0,4.0,100.0,0.0,87.0,484702301.0,85.0,13299.0,100.0,0.0,100.0,3.0,,,,,100.0,0.0,100.0,0.0,,,70.0,30.0,,,100.0,227.0,100.0,840.0,30.0,30.0,100.0,0.0,100.0,0.0,200.0,0.0,100.0,13134.0,100.0,63016833176.0,100.0,105850393928.0
2019-05-18,ZCH054CV,ST12000NM0007,12000138625024,0,73.0,19934240.0,96.0,0.0,100.0,4.0,100.0,0.0,87.0,487486230.0,85.0,13330.0,100.0,0.0,100.0,3.0,,,,,100.0,0.0,100.0,0.0,,,71.0,29.0,,,100.0,228.0,100.0,841.0,29.0,29.0,100.0,0.0,100.0,0.0,200.0,0.0,100.0,13165.0,100.0,63099870288.0,100.0,106109657120.0
2019-05-19,ZCH054CV,ST12000NM0007,12000138625024,0,83.0,210212408.0,96.0,0.0,100.0,4.0,100.0,0.0,87.0,490216939.0,85.0,13346.0,100.0,0.0,100.0,3.0,,,,,100.0,0.0,100.0,0.0,,,71.0,29.0,,,100.0,228.0,100.0,842.0,29.0,29.0,100.0,0.0,100.0,0.0,200.0,0.0,100.0,13181.0,100.0,63147445080.0,100.0,106252360496.0
2019-05-20,ZCH054CV,ST12000NM0007,12000138625024,0,79.0,77720832.0,96.0,0.0,100.0,4.0,100.0,0.0,87.0,493443707.0,85.0,13378.0,100.0,0.0,100.0,3.0,,,,,100.0,0.0,100.0,0.0,,,71.0,29.0,,,100.0,228.0,100.0,843.0,29.0,29.0,100.0,0.0,100.0,0.0,200.0,0.0,100.0,13213.0,100.0,63245296368.0,100.0,106510299176.0
2019-05-21,ZCH054CV,ST12000NM0007,12000138625024,0,80.0,94805248.0,96.0,0.0,100.0,4.0,100.0,0.0,87.0,496754412.0,85.0,13394.0,100.0,0.0,100.0,3.0,,,,,100.0,0.0,100.0,0.0,,,72.0,28.0,,,100.0,228.0,100.0,844.0,28.0,28.0,100.0,0.0,100.0,0.0,200.0,0.0,100.0,13229.0,100.0,63310410632.0,100.0,106706409976.0
2019-05-22,ZCH054CV,ST12000NM0007,12000138625024,0,82.0,151774224.0,96.0,0.0,100.0,4.0,100.0,0.0,87.0,499744427.0,85.0,13426.0,100.0,0.0,100.0,3.0,,,,,100.0,0.0,100.0,0.0,,,71.0,29.0,,,100.0,228.0,100.0,846.0,29.0,29.0,100.0,0.0,100.0,0.0,200.0,0.0,100.0,13260.0,100.0,63379268264.0,100.0,106938662048.0
2019-05-23,ZCH054CV,ST12000NM0007,12000138625024,0,77.0,47735032.0,96.0,0.0,100.0,4.0,100.0,0.0,87.0,501332454.0,85.0,13441.0,100.0,0.0,100.0,3.0,,,,,100.0,0.0,100.0,0.0,,,71.0,29.0,,,100.0,228.0,100.0,846.0,29.0,29.0,100.0,0.0,100.0,0.0,200.0,0.0,100.0,13276.0,100.0,63427456360.0,100.0,107030575472.0
2019-05-24,ZCH054CV,ST12000NM0007,12000138625024,0,81.0,137865856.0,96.0,0.0,100.0,4.0,100.0,0.0,87.0,505541767.0,85.0,13473.0,100.0,0.0,100.0,3.0,,,,,100.0,0.0,100.0,0.0,,,71.0,29.0,,,100.0,228.0,100.0,848.0,29.0,29.0,100.0,0.0,100.0,0.0,200.0,0.0,100.0,13307.0,100.0,63529682240.0,100.0,107262621208.0
2019-05-25,ZCH054CV,ST12000NM0007,12000138625024,0,76.0,43886208.0,96.0,0.0,100.0,4.0,100.0,0.0,87.0,506993978.0,85.0,13489.0,100.0,0.0,100.0,3.0,,,,,100.0,0.0,100.0,0.0,,,71.0,29.0,,,100.0,228.0,100.0,848.0,29.0,29.0,100.0,0.0,100.0,0.0,200.0,0.0,100.0,13323.0,100.0,63565456168.0,100.0,107377008408.0
2019-05-26,ZCH054CV,ST12000NM0007,12000138625024,0,80.0,98369552.0,96.0,0.0,100.0,4.0,100.0,0.0,87.0,509916614.0,85.0,13520.0,100.0,0.0,100.0,3.0,,,,,100.0,0.0,100.0,0.0,,,70.0,30.0,,,100.0,230.0,100.0,850.0,30.0,30.0,100.0,0.0,100.0,0.0,200.0,0.0,100.0,13355.0,100.0,63642113632.0,100.0,107598974960.0
2019-05-27,ZCH054CV,ST12000NM0007,12000138625024,0,84.0,235009744.0,96.0,0.0,100.0,4.0,100.0,0.0,87.0,511307300.0,85.0,13536.0,100.0,0.0,100.0,3.0,,,,,100.0,0.0,100.0,0.0,,,71.0,29.0,,,100.0,230.0,100.0,850.0,29.0,29.0,100.0,0.0,100.0,0.0,200.0,0.0,100.0,13370.0,100.0,63679580288.0,100.0,107698148496.0
2019-05-28,ZCH054CV,ST12000NM0007,12000138625024,0,83.0,183662448.0,96.0,0.0,100.0,4.0,100.0,0.0,87.0,516121730.0,85.0,13568.0,100.0,0.0,100.0,3.0,,,,,100.0,0.0,100.0,0.0,,,71.0,29.0,,,100.0,230.0,100.0,851.0,29.0,29.0,100.0,0.0,100.0,0.0,200.0,0.0,100.0,13402.0,100.0,63769035816.0,100.0,108045627160.0
2019-05-29,ZCH054CV,ST12000NM0007,12000138625024,0,75.0,31389200.0,96.0,0.0,100.0,4.0,100.0,0.0,87.0,517210923.0,85.0,13584.0,100.0,0.0,100.0,3.0,,,,,100.0,0.0,100.0,0.0,,,72.0,28.0,,,100.0,231.0,100.0,852.0,28.0,28.0,100.0,0.0,100.0,0.0,200.0,0.0,100.0,13417.0,100.0,63802324872.0,100.0,108104205496.0
2019-05-30,ZCH054CV,ST12000NM0007,12000138625024,0,79.0,86887296.0,96.0,0.0,100.0,4.0,100.0,0.0,87.0,521238262.0,85.0,13615.0,100.0,0.0,100.0,3.0,,,,,100.0,0.0,100.0,0.0,,,70.0,30.0,,,100.0,232.0,100.0,853.0,30.0,30.0,100.0,0.0,100.0,0.0,200.0,0.0,100.0,13449.0,100.0,63910828976.0,100.0,108295340688.0
2019-05-31,ZCH054CV,ST12000NM0007,12000138625024,0,83.0,212432808.0,96.0,0.0,100.0,4.0,100.0,0.0,87.0,525094306.0,85.0,13647.0,100.0,0.0,100.0,3.0,,,,,100.0,0.0,100.0,0.0,,,71.0,29.0,,,100.0,234.0,100.0,856.0,29.0,29.0,100.0,0.0,100.0,0.0,200.0,0.0,100.0,13480.0,100.0,63996450152.0,100.0,108579406392.0
2019-06-01,ZCH054CV,ST12000NM0007,12000138625024,0,80.0,94874672.0,96.0,0.0,100.0,4.0,100.0,0.0,87.0,526452568.0,85.0,13662.0,100.0,0.0,100.0,3.0,,,,,100.0,0.0,100.0,0.0,,,69.0,31.0,,,100.0,234.0,100.0,856.0,31.0,31.0,100.0,0.0,100.0,0.0,200.0,0.0,100.0,13496.0,100.0,64029642896.0,100.0,108672796360.0
2019-06-02,ZCH054CV,ST12000NM0007,12000138625024,0,82.0,145452952.0,96.0,0.0,100.0,4.0,100.0,0.0,87.0,529390144.0,85.0,13694.0,100.0,0.0,100.0,3.0,,,,,100.0,0.0,100.0,0.0,,,70.0,30.0,,,100.0,236.0,100.0,858.0,30.0,30.0,100.0,0.0,100.0,0.0,200.0,0.0,100.0,13527.0,100.0,64095742456.0,100.0,108901415760.0
2019-06-03,ZCH054CV,ST12000NM0007,12000138625024,0,78.0,59701968.0,96.0,0.0,100.0,4.0,100.0,0.0,87.0,530922750.0,85.0,13710.0,100.0,0.0,100.0,3.0,,,,,100.0,0.0,100.0,0.0,,,69.0,31.0,,,100.0,236.0,100.0,858.0,31.0,31.0,100.0,0.0,100.0,0.0,200.0,0.0,100.0,13543.0,100.0,64140746336.0,100.0,109014801640.0
2019-06-04,ZCH054CV,ST12000NM0007,12000138625024,0,84.0,231122976.0,96.0,0.0,100.0,4.0,100.0,0.0,87.0,536029498.0,85.0,13742.0,100.0,0.0,100.0,3.0,,,,,100.0,0.0,100.0,0.0,,,70.0,30.0,,,100.0,237.0,100.0,860.0,30.0,30.0,100.0,0.0,100.0,0.0,200.0,0.0,100.0,13575.0,100.0,64267356240.0,100.0,109303753456.0
2019-06-05,ZCH054CV,ST12000NM0007,12000138625024,0,80.0,108102792.0,96.0,0.0,100.0,4.0,100.0,0.0,87.0,537471720.0,85.0,13758.0,100.0,0.0,100.0,3.0,,,,,100.0,0.0,100.0,0.0,,,70.0,30.0,,,100.0,237.0,100.0,861.0,30.0,30.0,100.0,0.0,100.0,0.0,200.0,0.0,100.0,13591.0,100.0,64312082280.0,100.0,109380147864.0
2019-06-06,ZCH054CV,ST12000NM0007,12000138625024,0,83.0,189848016.0,96.0,0.0,100.0,4.0,100.0,0.0,87.0,542091067.0,85.0,13790.0,100.0,0.0,100.0,3.0,,,,,100.0,0.0,100.0,0.0,,,70.0,30.0,,,100.0,238.0,100.0,862.0,30.0,30.0,100.0,0.0,100.0,0.0,200.0,0.0,100.0,13623.0,100.0,64418351208.0,100.0,109599764904.0
2019-06-07,ZCH054CV,ST12000NM0007,12000138625024,0,80.0,94082176.0,96.0,0.0,100.0,4.0,100.0,0.0,87.0,543600836.0,85.0,13806.0,100.0,0.0,100.0,3.0,,,,,100.0,0.0,100.0,0.0,,,69.0,31.0,,,100.0,238.0,100.0,862.0,31.0,31.0,100.0,0.0,100.0,0.0,200.0,0.0,100.0,13639.0,100.0,64458934752.0,100.0,109707556392.0
2019-06-08,ZCH054CV,ST12000NM0007,12000138625024,0,82.0,165932456.0,96.0,0.0,100.0,4.0,100.0,0.0,87.0,546825766.0,85.0,13837.0,100.0,0.0,100.0,3.0,,,,,100.0,0.0,100.0,0.0,,,70.0,30.0,,,100.0,239.0,100.0,864.0,30.0,30.0,100.0,0.0,100.0,0.0,200.0,0.0,100.0,13670.0,100.0,64544107416.0,100.0,109938374648.0
2019-06-09,ZCH054CV,ST12000NM0007,12000138625024,0,79.0,80764592.0,96.0,0.0,100.0,4.0,100.0,0.0,87.0,548439771.0,85.0,13853.0,100.0,0.0,100.0,3.0,,,,,100.0,0.0,100.0,0.0,,,69.0,31.0,,,100.0,239.0,100.0,864.0,31.0,31.0,100.0,0.0,100.0,0.0,200.0,0.0,100.0,13686.0,100.0,64579283152.0,100.0,110062171784.0
2019-06-10,ZCH054CV,ST12000NM0007,12000138625024,0,83.0,211775088.0,96.0,0.0,100.0,4.0,100.0,0.0,87.0,551954895.0,85.0,13885.0,100.0,0.0,100.0,3.0,,,,,100.0,0.0,100.0,0.0,,,69.0,31.0,,,100.0,239.0,100.0,866.0,31.0,31.0,100.0,0.0,100.0,0.0,200.0,0.0,100.0,13718.0,100.0,64666690688.0,100.0,110349915568.0
2019-06-11,ZCH054CV,ST12000NM0007,12000138625024,0,75.0,34621896.0,96.0,0.0,100.0,4.0,100.0,0.0,87.0,555845813.0,85.0,13901.0,100.0,0.0,100.0,3.0,,,,,100.0,0.0,100.0,0.0,,,68.0,32.0,,,100.0,239.0,100.0,866.0,32.0,32.0,100.0,0.0,100.0,0.0,200.0,0.0,100.0,13734.0,100.0,64756853232.0,100.0,110570881480.0
2019-06-12,ZCH054CV,ST12000NM0007,12000138625024,0,78.0,63592344.0,96.0,0.0,100.0,4.0,100.0,0.0,87.0,558797828.0,85.0,13933.0,100.0,0.0,100.0,3.0,,,,,100.0,0.0,100.0,0.0,,,69.0,31.0,,,100.0,239.0,100.0,868.0,31.0,31.0,100.0,0.0,100.0,0.0,200.0,0.0,100.0,13765.0,100.0,64834061056.0,100.0,110766784824.0
2019-06-13,ZCH054CV,ST12000NM0007,12000138625024,0,84.0,225374584.0,96.0,0.0,100.0,4.0,100.0,0.0,87.0,561006188.0,85.0,13949.0,100.0,0.0,100.0,3.0,,,,,100.0,0.0,100.0,0.0,,,68.0,32.0,,,100.0,239.0,100.0,868.0,32.0,32.0,100.0,0.0,100.0,0.0,200.0,0.0,100.0,13781.0,100.0,64897679200.0,100.0,110864948920.0
2019-06-14,ZCH054CV,ST12000NM0007,12000138625024,0,74.0,25346168.0,96.0,0.0,100.0,4.0,100.0,0.0,88.0,564847136.0,85.0,13980.0,100.0,0.0,100.0,3.0,,,,,100.0,0.0,100.0,0.0,,,69.0,31.0,,,100.0,240.0,100.0,870.0,31.0,31.0,100.0,0.0,100.0,0.0,200.0,0.0,100.0,13813.0,100.0,64984622792.0,100.0,111066258256.0
2019-06-15,ZCH054CV,ST12000NM0007,12000138625024,0,82.0,164570008.0,96.0,0.0,100.0,4.0,100.0,0.0,88.0,566361024.0,85.0,13996.0,100.0,0.0,100.0,3.0,,,,,100.0,0.0,100.0,0.0,,,69.0,31.0,,,100.0,240.0,100.0,870.0,31.0,31.0,100.0,0.0,100.0,0.0,200.0,0.0,100.0,13829.0,100.0,65025265624.0,100.0,111164839264.0
2019-06-16,ZCH054CV,ST12000NM0007,12000138625024,0,79.0,84924584.0,96.0,0.0,100.0,4.0,100.0,0.0,88.0,571043504.0,84.0,14028.0,100.0,0.0,100.0,3.0,,,,,100.0,0.0,100.0,0.0,,,69.0,31.0,,,100.0,240.0,100.0,872.0,31.0,31.0,100.0,0.0,100.0,0.0,200.0,0.0,100.0,13860.0,100.0,65131021144.0,100.0,111467719736.0
2019-06-17,ZCH054CV,ST12000NM0007,12000138625024,0,77.0,55006264.0,96.0,0.0,100.0,4.0,100.0,0.0,88.0,572791432.0,84.0,14044.0,100.0,0.0,100.0,3.0,,,,,100.0,0.0,100.0,0.0,,,69.0,31.0,,,100.0,240.0,100.0,872.0,31.0,31.0,100.0,0.0,100.0,0.0,200.0,0.0,100.0,13876.0,100.0,65187911584.0,100.0,111625051728.0
2019-06-18,ZCH054CV,ST12000NM0007,12000138625024,0,75.0,34294536.0,96.0,0.0,100.0,4.0,100.0,0.0,88.0,578286306.0,84.0,14076.0,100.0,0.0,100.0,3.0,,,,,100.0,0.0,100.0,0.0,,,69.0,31.0,,,100.0,240.0,100.0,874.0,31.0,31.0,100.0,0.0,100.0,0.0,200.0,0.0,100.0,13908.0,100.0,65306948040.0,100.0,111973585264.0
2019-06-19,ZCH054CV,ST12000NM0007,12000138625024,0,82.0,175648416.0,96.0,0.0,100.0,4.0,100.0,0.0,88.0,579800776.0,84.0,14091.0,100.0,0.0,100.0,3.0,,,,,100.0,0.0,100.0,0.0,,,69.0,31.0,,,100.0,240.0,100.0,874.0,31.0,31.0,100.0,0.0,100.0,0.0,200.0,0.0,100.0,13923.0,100.0,65345490936.0,100.0,112076396248.0
2019-06-20,ZCH054CV,ST12000NM0007,12000138625024,0,80.0,97955896.0,96.0,0.0,100.0,4.0,100.0,0.0,88.0,585023013.0,84.0,14123.0,100.0,0.0,100.0,3.0,,,,,100.0,0.0,100.0,0.0,,,69.0,31.0,,,100.0,241.0,100.0,876.0,31.0,31.0,100.0,0.0,100.0,0.0,200.0,0.0,100.0,13955.0,100.0,65486220256.0,100.0,112346255936.0
2019-06-21,ZCH054CV,ST12000NM0007,12000138625024,0,83.0,213554696.0,96.0,0.0,100.0,4.0,100.0,0.0,88.0,586417285.0,84.0,14139.0,100.0,0.0,100.0,3.0,,,,,100.0,0.0,100.0,0.0,,,69.0,31.0,,,100.0,241.0,100.0,876.0,31.0,31.0,100.0,0.0,100.0,0.0,200.0,0.0,100.0,13971.0,100.0,65531084024.0,100.0,112416990968.0
2019-06-22,ZCH054CV,ST12000NM0007,12000138625024,0,79.0,85294600.0,96.0,0.0,100.0,4.0,100.0,0.0,88.0,589918381.0,84.0,14171.0,100.0,0.0,100.0,3.0,,,,,100.0,0.0,100.0,0.0,,,68.0,32.0,,,100.0,242.0,100.0,878.0,32.0,32.0,100.0,0.0,100.0,0.0,200.0,0.0,100.0,14002.0,100.0,65643148264.0,100.0,112664948040.0
2019-06-23,ZCH054CV,ST12000NM0007,12000138625024,0,83.0,216047552.0,96.0,0.0,100.0,4.0,100.0,0.0,88.0,591468486.0,84.0,14187.0,100.0,0.0,100.0,3.0,,,,,100.0,0.0,100.0,0.0,,,69.0,31.0,,,100.0,242.0,100.0,878.0,31.0,31.0,100.0,0.0,100.0,0.0,200.0,0.0,100.0,14018.0,100.0,65696364824.0,100.0,112742484432.0
2019-06-24,ZCH054CV,ST12000NM0007,12000138625024,0,79.0,82750664.0,96.0,0.0,100.0,4.0,100.0,0.0,88.0,594860801.0,84.0,14218.0,100.0,0.0,100.0,3.0,,,,,100.0,0.0,100.0,0.0,,,69.0,31.0,,,100.0,242.0,100.0,880.0,31.0,31.0,100.0,0.0,100.0,0.0,200.0,0.0,100.0,14050.0,100.0,65798131544.0,100.0,112995702096.0
2019-06-25,ZCH054CV,ST12000NM0007,12000138625024,0,82.0,151395088.0,96.0,0.0,100.0,4.0,100.0,0.0,88.0,598681391.0,84.0,14234.0,100.0,0.0,100.0,3.0,,,,,100.0,0.0,100.0,0.0,,,69.0,31.0,,,100.0,242.0,100.0,880.0,31.0,31.0,100.0,0.0,100.0,0.0,200.0,0.0,100.0,14066.0,100.0,65894482608.0,100.0,113212136088.0
2019-06-26,ZCH054CV,ST12000NM0007,12000138625024,0,79.0,73322584.0,96.0,0.0,100.0,4.0,100.0,0.0,88.0,600549649.0,84.0,14250.0,100.0,0.0,100.0,3.0,,,,,100.0,0.0,100.0,0.0,,,70.0,30.0,,,100.0,242.0,100.0,881.0,30.0,30.0,100.0,0.0,100.0,0.0,200.0,0.0,100.0,14081.0,100.0,65954993656.0,100.0,113317693208.0
2019-06-27,ZCH054CV,ST12000NM0007,12000138625024,0,76.0,40311936.0,96.0,0.0,100.0,4.0,100.0,0.0,88.0,604418616.0,84.0,14282.0,100.0,0.0,100.0,3.0,,,,,100.0,0.0,100.0,0.0,,,68.0,32.0,,,100.0,242.0,100.0,882.0,32.0,32.0,100.0,0.0,100.0,0.0,200.0,0.0,100.0,14113.0,100.0,66047065472.0,100.0,113680892296.0
2019-06-28,ZCH054CV,ST12000NM0007,12000138625024,0,70.0,10155248.0,96.0,0.0,100.0,4.0,100.0,0.0,88.0,607634094.0,84.0,14298.0,100.0,0.0,100.0,3.0,,,,,100.0,0.0,100.0,0.0,,,69.0,31.0,,,100.0,242.0,100.0,883.0,31.0,31.0,100.0,0.0,100.0,0.0,200.0,0.0,100.0,14129.0,100.0,66116173216.0,100.0,113825768496.0
2019-06-29,ZCH054CV,ST12000NM0007,12000138625024,0,73.0,18103424.0,96.0,0.0,100.0,4.0,100.0,0.0,88.0,613297694.0,84.0,14329.0,100.0,0.0,100.0,3.0,,,,,100.0,0.0,100.0,0.0,,,68.0,32.0,,,100.0,242.0,100.0,884.0,32.0,32.0,100.0,0.0,100.0,0.0,200.0,0.0,100.0,14161.0,100.0,66232643384.0,100.0,114205527936.0
2019-06-30,ZCH054CV,ST12000NM0007,12000138625024,0,83.0,221686224.0,96.0,0.0,100.0,4.0,100.0,0.0,88.0,616405997.0,84.0,14345.0,100.0,0.0,100.0,3.0,,,,,100.0,0.0,100.0,0.0,,,68.0,32.0,,,100.0,242.0,100.0,885.0,32.0,32.0,100.0,0.0,100.0,0.0,200.0,0.0,100.0,14176.0,100.0,66277574696.0,100.0,114364179424.0
2019-07-01,ZCH054CV,ST12000NM0007,12000138625024,0,77.0,46600608.0,96.0,0.0,100.0,4.0,100.0,0.0,88.0,620693761.0,84.0,14377.0,100.0,0.0,100.0,3.0,,,,,100.0,0.0,100.0,0.0,,,68.0,32.0,,,100.0,243.0,100.0,886.0,32.0,32.0,100.0,0.0,100.0,0.0,200.0,0.0,100.0,14208.0,100.0,66388351832.0,100.0,114810738904.0
2019-07-02,ZCH054CV,ST12000NM0007,12000138625024,0,77.0,55096152.0,96.0,0.0,100.0,4.0,100.0,0.0,88.0,622887766.0,84.0,14393.0,100.0,0.0,100.0,3.0,,,,,100.0,0.0,100.0,0.0,,,68.0,32.0,,,100.0,243.0,100.0,887.0,32.0,32.0,100.0,0.0,100.0,0.0,200.0,0.0,100.0,14224.0,100.0,66433430592.0,100.0,115018296320.0
2019-07-03,ZCH054CV,ST12000NM0007,12000138625024,0,83.0,220533352.0,96.0,0.0,100.0,4.0,100.0,0.0,88.0,628442654.0,84.0,14425.0,100.0,0.0,100.0,3.0,,,,,100.0,0.0,100.0,0.0,,,68.0,32.0,,,100.0,244.0,100.0,888.0,32.0,32.0,100.0,0.0,100.0,0.0,200.0,0.0,100.0,14255.0,100.0,66547132464.0,100.0,115558313072.0
2019-07-04,ZCH054CV,ST12000NM0007,12000138625024,0,77.0,47498296.0,96.0,0.0,100.0,4.0,100.0,0.0,88.0,633510652.0,84.0,14456.0,100.0,0.0,100.0,3.0,,,,,100.0,0.0,100.0,0.0,,,67.0,33.0,,,100.0,244.0,100.0,890.0,33.0,33.0,100.0,0.0,100.0,0.0,200.0,0.0,100.0,14287.0,100.0,66678849016.0,100.0,115985984152.0
2019-07-05,ZCH054CV,ST12000NM0007,12000138625024,0,77.0,50123336.0,96.0,0.0,100.0,4.0,100.0,0.0,88.0,635984084.0,84.0,14472.0,100.0,0.0,100.0,3.0,,,,,100.0,0.0,100.0,0.0,,,68.0,32.0,,,100.0,245.0,100.0,891.0,32.0,32.0,100.0,0.0,100.0,0.0,200.0,0.0,100.0,14303.0,100.0,66730342184.0,100.0,116181256656.0
2019-07-06,ZCH054CV,ST12000NM0007,12000138625024,0,82.0,154929128.0,96.0,0.0,100.0,4.0,100.0,0.0,88.0,641359847.0,84.0,14504.0,100.0,0.0,100.0,3.0,,,,,100.0,0.0,100.0,0.0,,,67.0,33.0,,,100.0,245.0,100.0,892.0,33.0,33.0,100.0,0.0,100.0,0.0,200.0,0.0,100.0,14334.0,100.0,66829013968.0,100.0,116675672336.0
2019-07-07,ZCH054CV,ST12000NM0007,12000138625024,0,81.0,128986512.0,96.0,0.0,100.0,4.0,100.0,0.0,88.0,643183461.0,84.0,14520.0,100.0,0.0,100.0,3.0,,,,,100.0,0.0,100.0,0.0,,,68.0,32.0,,,100.0,245.0,100.0,893.0,32.0,32.0,100.0,0.0,100.0,0.0,200.0,0.0,100.0,14350.0,100.0,66871194512.0,100.0,116851689880.0
2019-07-08,ZCH054CV,ST12000NM0007,12000138625024,0,81.0,123712072.0,96.0,0.0,100.0,4.0,100.0,0.0,88.0,646886007.0,84.0,14552.0,100.0,0.0,100.0,3.0,,,,,100.0,0.0,100.0,0.0,,,66.0,34.0,,,100.0,245.0,100.0,894.0,34.0,34.0,100.0,0.0,100.0,0.0,200.0,0.0,100.0,14382.0,100.0,66941357552.0,100.0,117264533720.0
2019-07-09,ZCH054CV,ST12000NM0007,12000138625024,0,84.0,235224264.0,96.0,0.0,100.0,4.0,100.0,0.0,88.0,650107141.0,84.0,14567.0,100.0,0.0,100.0,3.0,,,,,100.0,0.0,100.0,0.0,,,68.0,32.0,,,100.0,245.0,100.0,895.0,32.0,32.0,100.0,0.0,100.0,0.0,200.0,0.0,100.0,14398.0,100.0,67005647616.0,100.0,117555896568.0
2019-07-10,ZCH054CV,ST12000NM0007,12000138625024,0,84.0,237209776.0,96.0,0.0,100.0,4.0,100.0,0.0,88.0,654705706.0,84.0,14599.0,100.0,0.0,100.0,3.0,,,,,100.0,0.0,100.0,0.0,,,67.0,33.0,,,100.0,245.0,100.0,896.0,33.0,33.0,100.0,0.0,100.0,0.0,200.0,0.0,100.0,14429.0,100.0,67094168488.0,100.0,117957642736.0
2019-07-11,ZCH054CV,ST12000NM0007,12000138625024,0,84.0,230673288.0,96.0,0.0,100.0,4.0,100.0,0.0,88.0,656736442.0,84.0,14615.0,100.0,0.0,100.0,3.0,,,,,100.0,0.0,100.0,0.0,,,68.0,32.0,,,100.0,246.0,100.0,897.0,32.0,32.0,100.0,0.0,100.0,0.0,200.0,0.0,100.0,14445.0,100.0,67149234928.0,100.0,118140180568.0
2019-07-12,ZCH054CV,ST12000NM0007,12000138625024,0,67.0,5567504.0,96.0,0.0,100.0,4.0,100.0,0.0,88.0,662538659.0,84.0,14647.0,100.0,0.0,100.0,3.0,,,,,100.0,0.0,100.0,0.0,,,66.0,34.0,,,100.0,247.0,100.0,898.0,34.0,34.0,100.0,0.0,100.0,0.0,200.0,0.0,100.0,14477.0,100.0,67289683336.0,100.0,118507048744.0
2019-07-13,ZCH054CV,ST12000NM0007,12000138625024,0,71.0,13517728.0,96.0,0.0,100.0,4.0,100.0,0.0,88.0,666686527.0,84.0,14678.0,100.0,0.0,100.0,3.0,,,,,100.0,0.0,100.0,0.0,,,67.0,33.0,,,100.0,248.0,100.0,900.0,33.0,33.0,100.0,0.0,100.0,0.0,200.0,0.0,100.0,14508.0,100.0,67388931528.0,100.0,118904032160.0
2019-07-14,ZCH054CV,ST12000NM0007,12000138625024,0,75.0,33068224.0,96.0,0.0,100.0,4.0,100.0,0.0,88.0,668971300.0,84.0,14694.0,100.0,0.0,100.0,3.0,,,,,100.0,0.0,100.0,0.0,,,66.0,34.0,,,100.0,248.0,100.0,900.0,34.0,34.0,100.0,0.0,100.0,0.0,200.0,0.0,100.0,14524.0,100.0,67440396288.0,100.0,119116258704.0
2019-07-15,ZCH054CV,ST12000NM0007,12000138625024,0,75.0,30468536.0,96.0,0.0,100.0,4.0,100.0,0.0,88.0,673017307.0,84.0,14726.0,100.0,0.0,100.0,3.0,,,,,100.0,0.0,100.0,0.0,,,67.0,33.0,,,100.0,248.0,100.0,902.0,33.0,33.0,100.0,0.0,100.0,0.0,200.0,0.0,100.0,14555.0,100.0,67522449312.0,100.0,119519887576.0
2019-07-16,ZCH054CV,ST12000NM0007,12000138625024,0,83.0,191669512.0,96.0,0.0,100.0,4.0,100.0,0.0,88.0,677106586.0,84.0,14742.0,100.0,0.0,100.0,3.0,,,,,100.0,0.0,100.0,0.0,,,66.0,34.0,,,100.0,248.0,100.0,902.0,34.0,34.0,100.0,0.0,100.0,0.0,200.0,0.0,100.0,14571.0,100.0,67590054408.0,100.0,119857624320.0
2019-07-17,ZCH054CV,ST12000NM0007,12000138625024,0,84.0,240392296.0,96.0,0.0,100.0,4.0,100.0,0.0,88.0,681483279.0,84.0,14774.0,100.0,0.0,100.0,3.0,,,,,100.0,0.0,100.0,0.0,,,67.0,33.0,,,100.0,248.0,100.0,904.0,33.0,33.0,100.0,0.0,100.0,0.0,200.0,0.0,100.0,14603.0,100.0,67684903880.0,100.0,120299779240.0
2019-07-18,ZCH054CV,ST12000NM0007,12000138625024,0,83.0,220185424.0,96.0,0.0,100.0,4.0,100.0,0.0,88.0,683968575.0,84.0,14790.0,100.0,0.0,100.0,3.0,,,,,100.0,0.0,100.0,0.0,,,66.0,34.0,,,100.0,248.0,100.0,905.0,34.0,34.0,100.0,0.0,100.0,0.0,200.0,0.0,100.0,14619.0,100.0,67735212304.0,100.0,120473405112.0
2019-07-19,ZCH054CV,ST12000NM0007,12000138625024,0,83.0,178882912.0,96.0,0.0,100.0,4.0,100.0,0.0,88.0,688869410.0,84.0,14822.0,100.0,0.0,100.0,3.0,,,,,100.0,0.0,100.0,0.0,,,67.0,33.0,,,100.0,249.0,100.0,907.0,33.0,33.0,100.0,0.0,100.0,0.0,200.0,0.0,100.0,14650.0,100.0,67821303272.0,100.0,120834293016.0
2019-07-20,ZCH054CV,ST12000NM0007,12000138625024,0,83.0,201267512.0,96.0,0.0,100.0,4.0,100.0,0.0,88.0,691030148.0,84.0,14837.0,100.0,0.0,100.0,3.0,,,,,100.0,0.0,100.0,0.0,,,66.0,34.0,,,100.0,249.0,100.0,907.0,34.0,34.0,100.0,0.0,100.0,0.0,200.0,0.0,100.0,14666.0,100.0,67863775376.0,100.0,121058346168.0
2019-07-21,ZCH054CV,ST12000NM0007,12000138625024,0,77.0,53527016.0,96.0,0.0,100.0,4.0,100.0,0.0,88.0,695719367.0,84.0,14869.0,100.0,0.0,100.0,3.0,,,,,100.0,0.0,100.0,0.0,,,67.0,33.0,,,100.0,250.0,100.0,908.0,33.0,33.0,100.0,0.0,100.0,0.0,200.0,0.0,100.0,14698.0,100.0,67958502496.0,100.0,121548300688.0
2019-07-22,ZCH054CV,ST12000NM0007,12000138625024,0,80.0,94248008.0,96.0,0.0,100.0,4.0,100.0,0.0,88.0,697827415.0,84.0,14885.0,100.0,0.0,100.0,3.0,,,,,100.0,0.0,100.0,0.0,,,66.0,34.0,,,100.0,250.0,100.0,909.0,34.0,34.0,100.0,0.0,100.0,0.0,200.0,0.0,100.0,14713.0,100.0,67997093408.0,100.0,121794571400.0
2019-07-23,ZCH054CV,ST12000NM0007,12000138625024,0,82.0,175518984.0,96.0,0.0,100.0,4.0,100.0,0.0,88.0,700909923.0,83.0,14901.0,100.0,0.0,100.0,3.0,,,,,100.0,0.0,100.0,0.0,,,68.0,32.0,,,100.0,250.0,100.0,910.0,32.0,32.0,100.0,0.0,100.0,0.0,200.0,0.0,100.0,14729.0,100.0,68063243944.0,100.0,122053832776.0
2019-07-24,ZCH054CV,ST12000NM0007,12000138625024,0,83.0,197012064.0,96.0,0.0,100.0,4.0,100.0,0.0,88.0,706029784.0,83.0,14932.0,100.0,0.0,100.0,3.0,,,,,100.0,0.0,100.0,0.0,,,67.0,33.0,,,100.0,251.0,100.0,912.0,33.0,33.0,100.0,0.0,100.0,0.0,200.0,0.0,100.0,14761.0,100.0,68164230424.0,100.0,122462620920.0
2019-07-25,ZCH054CV,ST12000NM0007,12000138625024,0,83.0,190285456.0,96.0,0.0,100.0,4.0,100.0,0.0,89.0,711199273.0,83.0,14964.0,100.0,0.0,100.0,3.0,,,,,100.0,0.0,100.0,0.0,,,68.0,32.0,,,100.0,251.0,100.0,913.0,32.0,32.0,100.0,0.0,100.0,0.0,200.0,0.0,100.0,14792.0,100.0,68293017752.0,100.0,122815388416.0
2019-07-26,ZCH054CV,ST12000NM0007,12000138625024,0,81.0,113503488.0,96.0,0.0,100.0,4.0,100.0,0.0,89.0,713711593.0,83.0,14980.0,100.0,0.0,100.0,3.0,,,,,100.0,0.0,100.0,0.0,,,67.0,33.0,,,100.0,251.0,100.0,914.0,33.0,33.0,100.0,0.0,100.0,0.0,200.0,0.0,100.0,14808.0,100.0,68344093296.0,100.0,122931671536.0
2019-07-27,ZCH054CV,ST12000NM0007,12000138625024,0,77.0,52284576.0,96.0,0.0,100.0,4.0,100.0,0.0,89.0,717744093.0,83.0,15012.0,100.0,0.0,100.0,3.0,,,,,100.0,0.0,100.0,0.0,,,66.0,34.0,,,100.0,251.0,100.0,915.0,34.0,34.0,100.0,0.0,100.0,0.0,200.0,0.0,100.0,14840.0,100.0,68439216616.0,100.0,123263611232.0
2019-07-28,ZCH054CV,ST12000NM0007,12000138625024,0,79.0,88775192.0,96.0,0.0,100.0,4.0,100.0,0.0,89.0,719909665.0,83.0,15028.0,100.0,0.0,100.0,3.0,,,,,100.0,0.0,100.0,0.0,,,66.0,34.0,,,100.0,251.0,100.0,916.0,34.0,34.0,100.0,0.0,100.0,0.0,200.0,0.0,100.0,14856.0,100.0,68490209024.0,100.0,123493250600.0
2019-07-29,ZCH054CV,ST12000NM0007,12000138625024,0,82.0,162875632.0,96.0,0.0,100.0,4.0,100.0,0.0,89.0,724464328.0,83.0,15059.0,100.0,0.0,100.0,3.0,,,,,100.0,0.0,100.0,0.0,,,66.0,34.0,,,100.0,251.0,100.0,917.0,34.0,34.0,100.0,0.0,100.0,0.0,200.0,0.0,100.0,14887.0,100.0,68594693688.0,100.0,123951147968.0
2019-07-30,ZCH054CV,ST12000NM0007,12000138625024,0,78.0,67173512.0,96.0,0.0,100.0,4.0,100.0,0.0,89.0,728438000.0,83.0,15075.0,100.0,0.0,100.0,3.0,,,,,100.0,0.0,100.0,0.0,,,66.0,34.0,,,100.0,251.0,100.0,918.0,34.0,34.0,100.0,0.0,100.0,0.0,200.0,0.0,100.0,14903.0,100.0,68676017888.0,100.0,124262403152.0
2019-07-31,ZCH054CV,ST12000NM0007,12000138625024,0,68.0,6394512.0,96.0,0.0,100.0,4.0,100.0,0.0,89.0,732311587.0,83.0,15107.0,100.0,0.0,100.0,3.0,,,,,100.0,0.0,100.0,0.0,,,69.0,31.0,,,100.0,251.0,100.0,919.0,31.0,31.0,100.0,0.0,100.0,0.0,200.0,0.0,100.0,14935.0,100.0,68712787632.0,100.0,124653136032.0
2019-08-01,ZCH054CV,ST12000NM0007,12000138625024,0,83.0,198915632.0,96.0,0.0,100.0,4.0,100.0,0.0,89.0,734085999.0,83.0,15123.0,100.0,0.0,100.0,3.0,,,,,100.0,0.0,100.0,0.0,,,68.0,32.0,,,100.0,251.0,100.0,920.0,32.0,32.0,100.0,0.0,100.0,0.0,200.0,0.0,100.0,14951.0,100.0,68739114808.0,100.0,124819329976.0
2019-08-02,ZCH054CV,ST12000NM0007,12000138625024,0,77.0,46337504.0,96.0,0.0,100.0,4.0,100.0,0.0,89.0,739528010.0,83.0,15155.0,100.0,0.0,100.0,3.0,,,,,100.0,0.0,100.0,0.0,,,68.0,32.0,,,100.0,251.0,100.0,921.0,32.0,32.0,100.0,0.0,100.0,0.0,200.0,0.0,100.0,14982.0,100.0,68786770536.0,100.0,125107377744.0
2019-08-03,ZCH054CV,ST12000NM0007,12000138625024,0,83.0,185585640.0,96.0,0.0,100.0,4.0,100.0,0.0,89.0,740837309.0,83.0,15171.0,100.0,0.0,100.0,3.0,,,,,100.0,0.0,100.0,0.0,,,67.0,33.0,,,100.0,252.0,100.0,922.0,33.0,33.0,100.0,0.0,100.0,0.0,200.0,0.0,100.0,14998.0,100.0,68800659520.0,100.0,125232736896.0
2019-08-04,ZCH054CV,ST12000NM0007,12000138625024,0,77.0,54209600.0,96.0,0.0,100.0,4.0,100.0,0.0,89.0,743907548.0,83.0,15202.0,100.0,0.0,100.0,3.0,,,,,100.0,0.0,100.0,0.0,,,66.0,34.0,,,100.0,253.0,100.0,923.0,34.0,34.0,100.0,0.0,100.0,0.0,200.0,0.0,100.0,15030.0,100.0,68834697232.0,100.0,125555604568.0
2019-08-05,ZCH054CV,ST12000NM0007,12000138625024,0,78.0,57462976.0,96.0,0.0,100.0,4.0,100.0,0.0,89.0,745843228.0,83.0,15218.0,100.0,0.0,100.0,3.0,,,,,100.0,0.0,100.0,0.0,,,67.0,33.0,,,100.0,253.0,100.0,924.0,33.0,33.0,100.0,0.0,100.0,0.0,200.0,0.0,100.0,15046.0,100.0,68846974368.0,100.0,125790721560.0
2019-08-06,ZCH054CV,ST12000NM0007,12000138625024,0,78.0,66133856.0,96.0,0.0,100.0,4.0,100.0,0.0,89.0,751496373.0,83.0,15250.0,100.0,0.0,100.0,3.0,,,,,100.0,0.0,100.0,0.0,,,66.0,34.0,,,100.0,254.0,100.0,925.0,34.0,34.0,100.0,0.0,100.0,0.0,200.0,0.0,100.0,15077.0,100.0,68905259304.0,100.0,126229388984.0
2019-08-07,ZCH054CV,ST12000NM0007,12000138625024,0,68.0,6794056.0,96.0,0.0,100.0,4.0,100.0,0.0,89.0,753072834.0,83.0,15266.0,100.0,0.0,100.0,3.0,,,,,100.0,0.0,100.0,0.0,,,68.0,32.0,,,100.0,254.0,100.0,926.0,32.0,32.0,100.0,0.0,100.0,0.0,200.0,0.0,100.0,15093.0,100.0,68917221168.0,100.0,126402228008.0
2019-08-08,ZCH054CV,ST12000NM0007,12000138625024,0,82.0,144681864.0,96.0,0.0,100.0,4.0,100.0,0.0,89.0,757152632.0,83.0,15298.0,100.0,0.0,100.0,3.0,,,,,100.0,0.0,100.0,0.0,,,68.0,32.0,,,100.0,255.0,100.0,928.0,32.0,32.0,100.0,0.0,100.0,0.0,200.0,0.0,100.0,15125.0,100.0,68965292776.0,100.0,126736184944.0
2019-08-09,ZCH054CV,ST12000NM0007,12000138625024,0,78.0,57400408.0,96.0,0.0,100.0,4.0,100.0,0.0,89.0,759335529.0,83.0,15314.0,100.0,0.0,100.0,3.0,,,,,100.0,0.0,100.0,0.0,,,68.0,32.0,,,100.0,255.0,100.0,928.0,32.0,32.0,100.0,0.0,100.0,0.0,200.0,0.0,100.0,15140.0,100.0,68980737472.0,100.0,126877599560.0
2019-08-10,ZCH054CV,ST12000NM0007,12000138625024,0,83.0,214752312.0,96.0,0.0,100.0,4.0,100.0,0.0,89.0,762541334.0,83.0,15345.0,100.0,0.0,100.0,3.0,,,,,100.0,0.0,100.0,0.0,,,67.0,33.0,,,100.0,256.0,100.0,930.0,33.0,33.0,100.0,0.0,100.0,0.0,200.0,0.0,100.0,15172.0,100.0,69011442648.0,100.0,127248387096.0
2019-08-11,ZCH054CV,ST12000NM0007,12000138625024,0,83.0,216303224.0,96.0,0.0,100.0,4.0,100.0,0.0,89.0,764514544.0,83.0,15361.0,100.0,0.0,100.0,3.0,,,,,100.0,0.0,100.0,0.0,,,69.0,31.0,,,100.0,256.0,100.0,930.0,31.0,31.0,100.0,0.0,100.0,0.0,200.0,0.0,100.0,15188.0,100.0,69025990544.0,100.0,127479530840.0
2019-08-12,ZCH054CV,ST12000NM0007,12000138625024,0,82.0,164676056.0,96.0,0.0,100.0,4.0,100.0,0.0,89.0,768231779.0,83.0,15393.0,100.0,0.0,100.0,3.0,,,,,100.0,0.0,100.0,0.0,,,67.0,33.0,,,100.0,257.0,100.0,932.0,33.0,33.0,100.0,0.0,100.0,0.0,200.0,0.0,100.0,15219.0,100.0,69048186128.0,100.0,127893989424.0
2019-08-13,ZCH054CV,ST12000NM0007,12000138625024,0,83.0,191088456.0,96.0,0.0,100.0,4.0,100.0,0.0,89.0,771712017.0,83.0,15409.0,100.0,0.0,100.0,3.0,,,,,100.0,0.0,100.0,0.0,,,68.0,32.0,,,100.0,257.0,100.0,932.0,32.0,32.0,100.0,0.0,100.0,0.0,200.0,0.0,100.0,15235.0,100.0,69085830064.0,100.0,128126898664.0
2019-08-14,ZCH054CV,ST12000NM0007,12000138625024,0,78.0,60562000.0,96.0,0.0,100.0,4.0,100.0,0.0,89.0,774012110.0,83.0,15441.0,100.0,0.0,100.0,3.0,,,,,100.0,0.0,100.0,0.0,,,71.0,29.0,,,100.0,258.0,100.0,934.0,29.0,29.0,100.0,0.0,100.0,0.0,200.0,0.0,100.0,15267.0,100.0,69112409880.0,100.0,128458073688.0
2019-08-15,ZCH054CV,ST12000NM0007,12000138625024,0,77.0,50188728.0,96.0,0.0,100.0,4.0,100.0,0.0,89.0,775284606.0,83.0,15456.0,100.0,0.0,100.0,3.0,,,,,100.0,0.0,100.0,0.0,,,69.0,31.0,,,100.0,258.0,100.0,935.0,31.0,31.0,100.0,0.0,100.0,0.0,200.0,0.0,100.0,15283.0,100.0,69120473632.0,100.0,128683777600.0
2019-08-16,ZCH054CV,ST12000NM0007,12000138625024,0,83.0,210946480.0,96.0,0.0,100.0,4.0,100.0,0.0,89.0,779618891.0,83.0,15488.0,100.0,0.0,100.0,3.0,,,,,100.0,0.0,100.0,0.0,,,70.0,30.0,,,100.0,258.0,100.0,936.0,30.0,30.0,100.0,0.0,100.0,0.0,200.0,0.0,100.0,15314.0,100.0,69164730952.0,100.0,129044418840.0
2019-08-17,ZCH054CV,ST12000NM0007,12000138625024,0,81.0,119997768.0,96.0,0.0,100.0,4.0,100.0,0.0,89.0,780564904.0,83.0,15504.0,100.0,0.0,100.0,3.0,,,,,100.0,0.0,100.0,0.0,,,69.0,31.0,,,100.0,258.0,100.0,937.0,31.0,31.0,100.0,0.0,100.0,0.0,200.0,0.0,100.0,15330.0,100.0,69172871736.0,100.0,129189470048.0
2019-08-18,ZCH054CV,ST12000NM0007,12000138625024,0,84.0,243840160.0,96.0,0.0,100.0,4.0,100.0,0.0,89.0,782705284.0,83.0,15536.0,100.0,0.0,100.0,3.0,,,,,100.0,0.0,100.0,0.0,,,66.0,34.0,,,100.0,259.0,100.0,938.0,34.0,34.0,100.0,0.0,100.0,0.0,200.0,0.0,100.0,15362.0,100.0,69193140840.0,100.0,129537184032.0
2019-08-19,ZCH054CV,ST12000NM0007,12000138625024,0,83.0,218927112.0,96.0,0.0,100.0,4.0,100.0,0.0,89.0,783950090.0,83.0,15552.0,100.0,0.0,100.0,3.0,,,,,100.0,0.0,100.0,0.0,,,67.0,33.0,,,100.0,259.0,100.0,939.0,33.0,33.0,100.0,0.0,100.0,0.0,200.0,0.0,100.0,15378.0,100.0,69205501096.0,100.0,129744051528.0
2019-08-20,ZCH054CV,ST12000NM0007,12000138625024,0,82.0,152965416.0,96.0,0.0,100.0,4.0,100.0,0.0,89.0,788104463.0,83.0,15583.0,100.0,0.0,100.0,3.0,,,,,100.0,0.0,100.0,0.0,,,66.0,34.0,,,100.0,260.0,100.0,940.0,34.0,34.0,100.0,0.0,100.0,0.0,200.0,0.0,100.0,15409.0,100.0,69262531776.0,100.0,130109340448.0
2019-08-21,ZCH054CV,ST12000NM0007,12000138625024,0,79.0,85193848.0,96.0,0.0,100.0,4.0,100.0,0.0,89.0,789171266.0,83.0,15599.0,100.0,0.0,100.0,3.0,,,,,100.0,0.0,100.0,0.0,,,67.0,33.0,,,100.0,260.0,100.0,941.0,33.0,33.0,100.0,0.0,100.0,0.0,200.0,0.0,100.0,15425.0,100.0,69273835704.0,100.0,130274405728.0
2019-08-22,ZCH054CV,ST12000NM0007,12000138625024,0,74.0,26447264.0,96.0,0.0,100.0,4.0,100.0,0.0,89.0,793115980.0,83.0,15631.0,100.0,0.0,100.0,3.0,,,,,100.0,0.0,100.0,0.0,,,64.0,36.0,,,100.0,260.0,100.0,942.0,36.0,36.0,100.0,0.0,100.0,0.0,200.0,0.0,100.0,15457.0,100.0,69343319560.0,100.0,130634456584.0
2019-08-23,ZCH054CV,ST12000NM0007,12000138625024,0,82.0,161657568.0,96.0,0.0,100.0,4.0,100.0,0.0,89.0,794757837.0,83.0,15647.0,100.0,0.0,100.0,3.0,,,,,100.0,0.0,100.0,0.0,,,67.0,33.0,,,100.0,261.0,100.0,943.0,33.0,33.0,100.0,0.0,100.0,0.0,200.0,0.0,100.0,15473.0,100.0,69358982896.0,100.0,130754003552.0
2019-08-24,ZCH054CV,ST12000NM0007,12000138625024,0,65.0,3381024.0,96.0,0.0,100.0,4.0,100.0,0.0,89.0,798430890.0,83.0,15679.0,100.0,0.0,100.0,3.0,,,,,100.0,0.0,100.0,0.0,,,66.0,34.0,,,100.0,261.0,100.0,944.0,34.0,34.0,100.0,0.0,100.0,0.0,200.0,0.0,100.0,15504.0,100.0,69390638320.0,100.0,131052353000.0
2019-08-25,ZCH054CV,ST12000NM0007,12000138625024,0,82.0,167520664.0,96.0,0.0,100.0,4.0,100.0,0.0,89.0,799570103.0,83.0,15695.0,100.0,0.0,100.0,3.0,,,,,100.0,0.0,100.0,0.0,,,67.0,33.0,,,100.0,262.0,100.0,945.0,33.0,33.0,100.0,0.0,100.0,0.0,200.0,0.0,100.0,15520.0,100.0,69408216944.0,100.0,131198914016.0
2019-08-26,ZCH054CV,ST12000NM0007,12000138625024,0,83.0,223275608.0,96.0,0.0,100.0,4.0,100.0,0.0,89.0,804668363.0,83.0,15742.0,100.0,0.0,100.0,3.0,,,,,100.0,0.0,100.0,0.0,,,64.0,36.0,,,100.0,263.0,100.0,947.0,36.0,36.0,100.0,0.0,100.0,0.0,200.0,0.0,100.0,15567.0,100.0,69484967608.0,100.0,131666200080.0
2019-08-27,ZCH054CV,ST12000NM0007,12000138625024,0,83.0,223275608.0,96.0,0.0,100.0,4.0,100.0,0.0,89.0,804668363.0,83.0,15742.0,100.0,0.0,100.0,3.0,,,,,100.0,0.0,100.0,0.0,,,64.0,36.0,,,100.0,263.0,100.0,947.0,36.0,36.0,100.0,0.0,100.0,0.0,200.0,0.0,100.0,15567.0,100.0,69484967608.0,100.0,131666200080.0
2019-08-28,ZCH054CV,ST12000NM0007,12000138625024,0,83.0,203638984.0,96.0,0.0,100.0,4.0,100.0,0.0,89.0,806955736.0,82.0,15774.0,100.0,0.0,100.0,3.0,,,,,100.0,0.0,100.0,0.0,,,63.0,37.0,,,100.0,264.0,100.0,948.0,37.0,37.0,100.0,0.0,100.0,0.0,200.0,0.0,100.0,15599.0,100.0,69511059952.0,100.0,131864611752.0
2019-08-29,ZCH054CV,ST12000NM0007,12000138625024,0,81.0,135153392.0,96.0,0.0,100.0,4.0,100.0,0.0,89.0,808331691.0,82.0,15790.0,100.0,0.0,100.0,3.0,,,,,100.0,0.0,100.0,0.0,,,66.0,34.0,,,100.0,265.0,100.0,949.0,34.0,34.0,100.0,0.0,100.0,0.0,200.0,0.0,100.0,15615.0,100.0,69532185480.0,100.0,132019141472.0
2019-08-30,ZCH054CV,ST12000NM0007,12000138625024,0,81.0,119789160.0,96.0,0.0,100.0,4.0,100.0,0.0,89.0,812486847.0,82.0,15822.0,100.0,0.0,100.0,3.0,,,,,100.0,0.0,100.0,0.0,,,66.0,34.0,,,100.0,266.0,100.0,950.0,34.0,34.0,100.0,0.0,100.0,0.0,200.0,0.0,100.0,15646.0,100.0,69600917216.0,100.0,132179186264.0
2019-08-31,ZCH054CV,ST12000NM0007,12000138625024,0,75.0,28747720.0,96.0,0.0,100.0,4.0,100.0,0.0,89.0,815638367.0,82.0,15854.0,100.0,0.0,100.0,3.0,,,,,100.0,0.0,100.0,0.0,,,66.0,34.0,,,100.0,267.0,100.0,951.0,34.0,34.0,100.0,0.0,100.0,0.0,200.0,0.0,100.0,15678.0,100.0,69636907000.0,100.0,132540436800.0
2019-09-01,ZCH054CV,ST12000NM0007,12000138625024,0,83.0,207853600.0,96.0,0.0,100.0,4.0,100.0,0.0,89.0,817166386.0,82.0,15870.0,100.0,0.0,100.0,3.0,,,,,100.0,0.0,100.0,0.0,,,65.0,35.0,,,100.0,267.0,100.0,952.0,35.0,35.0,100.0,0.0,100.0,0.0,200.0,0.0,100.0,15694.0,100.0,69651101608.0,100.0,132705348072.0
2019-09-02,ZCH054CV,ST12000NM0007,12000138625024,0,80.0,101023504.0,96.0,0.0,100.0,4.0,100.0,0.0,89.0,820295638.0,82.0,15901.0,100.0,0.0,100.0,3.0,,,,,100.0,0.0,100.0,0.0,,,67.0,33.0,,,100.0,268.0,100.0,953.0,33.0,33.0,100.0,0.0,100.0,0.0,200.0,0.0,100.0,15725.0,100.0,69686099104.0,100.0,133051802032.0
2019-09-03,ZCH054CV,ST12000NM0007,12000138625024,0,79.0,72445008.0,96.0,0.0,100.0,4.0,100.0,0.0,89.0,823012298.0,82.0,15917.0,100.0,0.0,100.0,3.0,,,,,100.0,0.0,100.0,0.0,,,65.0,35.0,,,100.0,269.0,100.0,954.0,35.0,35.0,100.0,0.0,100.0,0.0,200.0,0.0,100.0,15741.0,100.0,69729933048.0,100.0,133223530256.0
2019-09-04,ZCH054CV,ST12000NM0007,12000138625024,0,75.0,32292784.0,96.0,0.0,100.0,4.0,100.0,0.0,89.0,827358212.0,82.0,15949.0,100.0,0.0,100.0,3.0,,,,,100.0,0.0,100.0,0.0,,,66.0,34.0,,,100.0,269.0,100.0,955.0,34.0,34.0,100.0,0.0,100.0,0.0,200.0,0.0,100.0,15773.0,100.0,69780082552.0,100.0,133621510208.0
2019-09-05,ZCH054CV,ST12000NM0007,12000138625024,0,83.0,206813712.0,96.0,0.0,100.0,4.0,100.0,0.0,89.0,829295038.0,82.0,15965.0,100.0,0.0,100.0,3.0,,,,,100.0,0.0,100.0,0.0,,,65.0,35.0,,,100.0,269.0,100.0,956.0,35.0,35.0,100.0,0.0,100.0,0.0,200.0,0.0,100.0,15789.0,100.0,69809487440.0,100.0,133766626248.0
2019-09-06,ZCH054CV,ST12000NM0007,12000138625024,0,80.0,92094256.0,96.0,0.0,100.0,4.0,100.0,0.0,89.0,832752488.0,82.0,15997.0,100.0,0.0,100.0,3.0,,,,,100.0,0.0,100.0,0.0,,,66.0,34.0,,,100.0,270.0,100.0,958.0,34.0,34.0,100.0,0.0,100.0,0.0,200.0,0.0,100.0,15820.0,100.0,69855280320.0,100.0,134094395224.0
2019-09-07,ZCH054CV,ST12000NM0007,12000138625024,0,75.0,34527664.0,96.0,0.0,100.0,4.0,100.0,0.0,89.0,834280702.0,82.0,16013.0,100.0,0.0,100.0,3.0,,,,,100.0,0.0,100.0,0.0,,,66.0,34.0,,,100.0,270.0,100.0,958.0,34.0,34.0,100.0,0.0,100.0,0.0,200.0,0.0,100.0,15836.0,100.0,69874269384.0,100.0,134261980312.0
2019-09-08,ZCH054CV,ST12000NM0007,12000138625024,0,81.0,136840360.0,96.0,0.0,100.0,4.0,100.0,0.0,89.0,837266141.0,82.0,16045.0,100.0,0.0,100.0,3.0,,,,,100.0,0.0,100.0,0.0,,,66.0,34.0,,,100.0,270.0,100.0,960.0,34.0,34.0,100.0,0.0,100.0,0.0,200.0,0.0,100.0,15868.0,100.0,69906801080.0,100.0,134575901976.0
2019-09-09,ZCH054CV,ST12000NM0007,12000138625024,0,69.0,7671120.0,96.0,0.0,100.0,4.0,100.0,0.0,89.0,838491336.0,82.0,16061.0,100.0,0.0,100.0,3.0,,,,,100.0,0.0,100.0,0.0,,,66.0,34.0,,,100.0,270.0,100.0,960.0,34.0,34.0,100.0,0.0,100.0,0.0,200.0,0.0,100.0,15884.0,100.0,69922179184.0,100.0,134675495320.0
2019-09-10,ZCH054CV,ST12000NM0007,12000138625024,0,83.0,218500832.0,96.0,0.0,100.0,4.0,100.0,0.0,89.0,843358084.0,82.0,16092.0,100.0,0.0,100.0,3.0,,,,,100.0,0.0,100.0,0.0,,,66.0,34.0,,,100.0,270.0,100.0,962.0,34.0,34.0,100.0,0.0,100.0,0.0,200.0,0.0,100.0,15915.0,100.0,69988376048.0,100.0,135064268880.0
2019-09-11,ZCH054CV,ST12000NM0007,12000138625024,0,83.0,179745904.0,96.0,0.0,100.0,4.0,100.0,0.0,89.0,845518910.0,82.0,16108.0,100.0,0.0,100.0,3.0,,,,,100.0,0.0,100.0,0.0,,,66.0,34.0,,,100.0,270.0,100.0,962.0,34.0,34.0,100.0,0.0,100.0,0.0,200.0,0.0,100.0,15931.0,100.0,70010282280.0,100.0,135247748896.0
2019-09-12,ZCH054CV,ST12000NM0007,12000138625024,0,71.0,11280544.0,96.0,0.0,100.0,4.0,100.0,0.0,89.0,849424340.0,82.0,16140.0,100.0,0.0,100.0,3.0,,,,,100.0,0.0,100.0,0.0,,,66.0,34.0,,,100.0,270.0,100.0,964.0,34.0,34.0,100.0,0.0,100.0,0.0,200.0,0.0,100.0,15963.0,100.0,70093737168.0,100.0,135484110008.0
2019-09-13,ZCH054CV,ST12000NM0007,12000138625024,0,81.0,115213136.0,96.0,0.0,100.0,4.0,100.0,0.0,89.0,851659710.0,82.0,16156.0,100.0,0.0,100.0,3.0,,,,,100.0,0.0,100.0,0.0,,,66.0,34.0,,,100.0,270.0,100.0,965.0,34.0,34.0,100.0,0.0,100.0,0.0,200.0,0.0,100.0,15978.0,100.0,70130081264.0,100.0,135551698504.0
2019-09-14,ZCH054CV,ST12000NM0007,12000138625024,0,83.0,198333624.0,96.0,0.0,100.0,4.0,100.0,0.0,89.0,854530161.0,82.0,16188.0,100.0,0.0,100.0,3.0,,,,,100.0,0.0,100.0,0.0,,,66.0,34.0,,,100.0,271.0,100.0,966.0,34.0,34.0,100.0,0.0,100.0,0.0,200.0,0.0,100.0,16010.0,100.0,70178821528.0,100.0,135830219408.0
2019-09-15,ZCH054CV,ST12000NM0007,12000138625024,0,82.0,174517952.0,96.0,0.0,100.0,4.0,100.0,0.0,89.0,856127917.0,82.0,16204.0,100.0,0.0,100.0,3.0,,,,,100.0,0.0,100.0,0.0,,,66.0,34.0,,,100.0,271.0,100.0,967.0,34.0,34.0,100.0,0.0,100.0,0.0,200.0,0.0,100.0,16026.0,100.0,70194539952.0,100.0,136034826280.0
2019-09-16,ZCH054CV,ST12000NM0007,12000138625024,0,74.0,27094192.0,96.0,0.0,100.0,4.0,100.0,0.0,89.0,860780444.0,82.0,16235.0,100.0,0.0,100.0,3.0,,,,,100.0,0.0,100.0,0.0,,,66.0,34.0,,,100.0,271.0,100.0,968.0,34.0,34.0,100.0,0.0,100.0,0.0,200.0,0.0,100.0,16058.0,100.0,70252065872.0,100.0,136318157984.0
2019-09-17,ZCH054CV,ST12000NM0007,12000138625024,0,79.0,79297832.0,96.0,0.0,100.0,4.0,100.0,0.0,89.0,863699295.0,82.0,16251.0,100.0,0.0,100.0,3.0,,,,,100.0,0.0,100.0,0.0,,,66.0,34.0,,,100.0,271.0,100.0,969.0,34.0,34.0,100.0,0.0,100.0,0.0,200.0,0.0,100.0,16073.0,100.0,70296985592.0,100.0,136569582720.0
2019-09-18,ZCH054CV,ST12000NM0007,12000138625024,0,84.0,226637440.0,96.0,0.0,100.0,4.0,100.0,0.0,89.0,868082806.0,82.0,16283.0,100.0,0.0,100.0,3.0,,,,,100.0,0.0,100.0,0.0,,,66.0,34.0,,,100.0,272.0,100.0,970.0,34.0,34.0,100.0,0.0,100.0,0.0,200.0,0.0,100.0,16105.0,100.0,70363703512.0,100.0,136894345496.0
2019-09-19,ZCH054CV,ST12000NM0007,12000138625024,0,83.0,192579000.0,96.0,0.0,100.0,4.0,100.0,0.0,89.0,870278096.0,82.0,16299.0,100.0,0.0,100.0,3.0,,,,,100.0,0.0,100.0,0.0,,,66.0,34.0,,,100.0,272.0,100.0,971.0,34.0,34.0,100.0,0.0,100.0,0.0,200.0,0.0,100.0,16121.0,100.0,70410620528.0,100.0,137057511112.0
2019-09-20,ZCH054CV,ST12000NM0007,12000138625024,0,77.0,55900664.0,96.0,0.0,100.0,4.0,100.0,0.0,89.0,874926170.0,82.0,16331.0,100.0,0.0,100.0,3.0,,,,,100.0,0.0,100.0,0.0,,,66.0,34.0,,,100.0,273.0,100.0,972.0,34.0,34.0,100.0,0.0,100.0,0.0,200.0,0.0,100.0,16152.0,100.0,70503806064.0,100.0,137315928584.0
2019-09-21,ZCH054CV,ST12000NM0007,12000138625024,0,67.0,5173760.0,96.0,0.0,100.0,4.0,100.0,0.0,89.0,876505437.0,82.0,16347.0,100.0,0.0,100.0,3.0,,,,,100.0,0.0,100.0,0.0,,,67.0,33.0,,,100.0,273.0,100.0,973.0,33.0,33.0,100.0,0.0,100.0,0.0,200.0,0.0,100.0,16168.0,100.0,70534618840.0,100.0,137478529664.0
2019-09-22,ZCH054CV,ST12000NM0007,12000138625024,0,82.0,166053168.0,96.0,0.0,100.0,4.0,100.0,0.0,89.0,879964999.0,82.0,16378.0,100.0,0.0,100.0,3.0,,,,,100.0,0.0,100.0,0.0,,,67.0,33.0,,,100.0,273.0,100.0,974.0,33.0,33.0,100.0,0.0,100.0,0.0,200.0,0.0,100.0,16200.0,100.0,70618467240.0,100.0,137799701416.0
2019-09-23,ZCH054CV,ST12000NM0007,12000138625024,0,81.0,128418688.0,96.0,0.0,100.0,4.0,100.0,0.0,89.0,881570742.0,82.0,16394.0,100.0,0.0,100.0,3.0,,,,,100.0,0.0,100.0,0.0,,,67.0,33.0,,,100.0,273.0,100.0,975.0,33.0,33.0,100.0,0.0,100.0,0.0,200.0,0.0,100.0,16216.0,100.0,70641770912.0,100.0,137982904184.0
2019-09-24,ZCH054CV,ST12000NM0007,12000138625024,0,66.0,3705888.0,96.0,0.0,100.0,4.0,100.0,0.0,89.0,887196361.0,82.0,16426.0,100.0,0.0,100.0,3.0,,,,,100.0,0.0,100.0,0.0,,,67.0,33.0,,,100.0,273.0,100.0,976.0,33.0,33.0,100.0,0.0,100.0,0.0,200.0,0.0,100.0,16247.0,100.0,70732066664.0,100.0,138500317624.0
2019-09-25,ZCH054CV,ST12000NM0007,12000138625024,0,76.0,37745096.0,96.0,0.0,100.0,4.0,100.0,0.0,89.0,889121256.0,82.0,16442.0,100.0,0.0,100.0,3.0,,,,,100.0,0.0,100.0,0.0,,,68.0,32.0,,,100.0,273.0,100.0,977.0,32.0,32.0,100.0,0.0,100.0,0.0,200.0,0.0,100.0,16263.0,100.0,70779041304.0,100.0,138731522832.0
2019-09-26,ZCH054CV,ST12000NM0007,12000138625024,0,72.0,17579624.0,96.0,0.0,100.0,4.0,100.0,0.0,90.0,893737460.0,82.0,16473.0,100.0,0.0,100.0,3.0,,,,,100.0,0.0,100.0,0.0,,,66.0,34.0,,,100.0,274.0,100.0,979.0,34.0,34.0,100.0,0.0,100.0,0.0,200.0,0.0,100.0,16294.0,100.0,70877682224.0,100.0,139100997728.0
2019-09-27,ZCH054CV,ST12000NM0007,12000138625024,0,83.0,198263208.0,96.0,0.0,100.0,4.0,100.0,0.0,90.0,895999076.0,82.0,16489.0,100.0,0.0,100.0,3.0,,,,,100.0,0.0,100.0,0.0,,,66.0,34.0,,,100.0,274.0,100.0,979.0,34.0,34.0,100.0,0.0,100.0,0.0,200.0,0.0,100.0,16310.0,100.0,70902185088.0,100.0,139257178448.0
2019-09-28,ZCH054CV,ST12000NM0007,12000138625024,0,82.0,150834824.0,96.0,0.0,100.0,4.0,100.0,0.0,90.0,899606420.0,82.0,16521.0,100.0,0.0,100.0,3.0,,,,,100.0,0.0,100.0,0.0,,,67.0,33.0,,,100.0,275.0,100.0,981.0,33.0,33.0,100.0,0.0,100.0,0.0,200.0,0.0,100.0,16341.0,100.0,70963896992.0,100.0,139636319520.0
2019-09-29,ZCH054CV,ST12000NM0007,12000138625024,0,81.0,125811136.0,96.0,0.0,100.0,4.0,100.0,0.0,90.0,901299637.0,82.0,16537.0,100.0,0.0,100.0,3.0,,,,,100.0,0.0,100.0,0.0,,,67.0,33.0,,,100.0,275.0,100.0,981.0,33.0,33.0,100.0,0.0,100.0,0.0,200.0,0.0,100.0,16357.0,100.0,70985677248.0,100.0,139833656592.0
2019-09-30,ZCH054CV,ST12000NM0007,12000138625024,0,81.0,137903992.0,96.0,0.0,100.0,4.0,100.0,0.0,90.0,905231594.0,82.0,16569.0,100.0,0.0,100.0,3.0,,,,,100.0,0.0,100.0,0.0,,,66.0,34.0,,,100.0,276.0,100.0,983.0,34.0,34.0,100.0,0.0,100.0,0.0,200.0,0.0,100.0,16389.0,100.0,71063977520.0,100.0,140255730976.0
2019-10-01,ZCH054CV,ST12000NM0007,12000138625024,0,83.0,186850712.0,96.0,0.0,100.0,4.0,100.0,0.0,90.0,908227882.0,82.0,16584.0,100.0,0.0,100.0,3.0,,,,,100.0,0.0,100.0,0.0,,,68.0,32.0,,,100.0,276.0,100.0,983.0,32.0,32.0,100.0,0.0,100.0,0.0,200.0,0.0,100.0,16405.0,100.0,71120467992.0,100.0,140492327856.0
2019-10-02,ZCH054CV,ST12000NM0007,12000138625024,0,82.0,151347384.0,96.0,0.0,100.0,4.0,100.0,0.0,90.0,912869089.0,82.0,16616.0,100.0,0.0,100.0,3.0,,,,,100.0,0.0,100.0,0.0,,,67.0,33.0,,,100.0,277.0,100.0,986.0,33.0,33.0,100.0,0.0,100.0,0.0,200.0,0.0,100.0,16436.0,100.0,71195836848.0,100.0,140869737128.0
2019-10-03,ZCH054CV,ST12000NM0007,12000138625024,0,73.0,18397160.0,96.0,0.0,100.0,4.0,100.0,0.0,90.0,914037067.0,82.0,16632.0,100.0,0.0,100.0,3.0,,,,,100.0,0.0,100.0,0.0,,,69.0,31.0,,,100.0,277.0,100.0,986.0,31.0,31.0,100.0,0.0,100.0,0.0,200.0,0.0,100.0,16452.0,100.0,71233402304.0,100.0,140943362216.0
2019-10-04,ZCH054CV,ST12000NM0007,12000138625024,0,78.0,63510224.0,96.0,0.0,100.0,4.0,100.0,0.0,90.0,918047455.0,81.0,16664.0,100.0,0.0,100.0,3.0,,,,,100.0,0.0,100.0,0.0,,,67.0,33.0,,,100.0,279.0,100.0,988.0,33.0,33.0,100.0,0.0,100.0,0.0,200.0,0.0,100.0,16483.0,100.0,71313234416.0,100.0,141152783824.0
2019-10-05,ZCH054CV,ST12000NM0007,12000138625024,0,82.0,165087440.0,96.0,0.0,100.0,4.0,100.0,0.0,90.0,919247569.0,81.0,16680.0,100.0,0.0,100.0,3.0,,,,,100.0,0.0,100.0,0.0,,,68.0,32.0,,,100.0,279.0,100.0,989.0,32.0,32.0,100.0,0.0,100.0,0.0,200.0,0.0,100.0,16499.0,100.0,71335691104.0,100.0,141231904352.0
2019-10-06,ZCH054CV,ST12000NM0007,12000138625024,0,82.0,174562480.0,96.0,0.0,100.0,4.0,100.0,0.0,90.0,922383992.0,81.0,16711.0,100.0,0.0,100.0,3.0,,,,,100.0,0.0,100.0,0.0,,,67.0,33.0,,,100.0,279.0,100.0,990.0,33.0,33.0,100.0,0.0,100.0,0.0,200.0,0.0,100.0,16531.0,100.0,71416345080.0,100.0,141404866080.0
2019-10-07,ZCH054CV,ST12000NM0007,12000138625024,0,76.0,42608760.0,96.0,0.0,100.0,4.0,100.0,0.0,90.0,923613618.0,81.0,16727.0,100.0,0.0,100.0,3.0,,,,,100.0,0.0,100.0,0.0,,,68.0,32.0,,,100.0,279.0,100.0,991.0,32.0,32.0,100.0,0.0,100.0,0.0,200.0,0.0,100.0,16546.0,100.0,71455007088.0,100.0,141478391328.0
2019-10-08,ZCH054CV,ST12000NM0007,12000138625024,0,82.0,170286912.0,96.0,0.0,100.0,4.0,100.0,0.0,90.0,929955493.0,81.0,16759.0,100.0,0.0,100.0,3.0,,,,,100.0,0.0,100.0,0.0,,,67.0,33.0,,,100.0,280.0,100.0,992.0,33.0,33.0,100.0,0.0,100.0,0.0,200.0,0.0,100.0,16578.0,100.0,71556687808.0,100.0,141748529392.0
2019-10-09,ZCH054CV,ST12000NM0007,12000138625024,0,77.0,49963112.0,96.0,0.0,100.0,4.0,100.0,0.0,90.0,931529882.0,81.0,16775.0,100.0,0.0,100.0,3.0,,,,,100.0,0.0,100.0,0.0,,,69.0,31.0,,,100.0,281.0,100.0,993.0,31.0,31.0,100.0,0.0,100.0,0.0,200.0,0.0,100.0,16594.0,100.0,71614688448.0,100.0,141814345712.0
2019-10-10,ZCH054CV,ST12000NM0007,12000138625024,0,80.0,106236320.0,96.0,0.0,100.0,4.0,100.0,0.0,90.0,935596867.0,81.0,16807.0,100.0,0.0,100.0,3.0,,,,,100.0,0.0,100.0,0.0,,,67.0,33.0,,,100.0,281.0,100.0,994.0,33.0,33.0,100.0,0.0,100.0,0.0,200.0,0.0,100.0,16626.0,100.0,71707322792.0,100.0,142022125280.0
2019-10-11,ZCH054CV,ST12000NM0007,12000138625024,0,84.0,231099656.0,96.0,0.0,100.0,4.0,100.0,0.0,90.0,937241027.0,81.0,16823.0,100.0,0.0,100.0,3.0,,,,,100.0,0.0,100.0,0.0,,,69.0,31.0,,,100.0,281.0,100.0,995.0,31.0,31.0,100.0,0.0,100.0,0.0,200.0,0.0,100.0,16642.0,100.0,71757014448.0,100.0,142097296960.0
2019-10-12,ZCH054CV,ST12000NM0007,12000138625024,0,82.0,168956440.0,96.0,0.0,100.0,4.0,100.0,0.0,90.0,939503469.0,81.0,16854.0,100.0,0.0,100.0,3.0,,,,,100.0,0.0,100.0,0.0,,,68.0,32.0,,,100.0,282.0,100.0,996.0,32.0,32.0,100.0,0.0,100.0,0.0,200.0,0.0,100.0,16673.0,100.0,71822189248.0,100.0,142214119816.0
2019-10-13,ZCH054CV,ST12000NM0007,12000138625024,0,77.0,46287712.0,96.0,0.0,100.0,4.0,100.0,0.0,90.0,940892302.0,81.0,16870.0,100.0,0.0,100.0,3.0,,,,,100.0,0.0,100.0,0.0,,,69.0,31.0,,,100.0,282.0,100.0,997.0,31.0,31.0,100.0,0.0,100.0,0.0,200.0,0.0,100.0,16689.0,100.0,71861509624.0,100.0,142296271568.0
2019-10-14,ZCH054CV,ST12000NM0007,12000138625024,0,84.0,243858808.0,96.0,0.0,100.0,4.0,100.0,0.0,90.0,943472985.0,81.0,16902.0,100.0,0.0,100.0,3.0,,,,,100.0,0.0,100.0,0.0,,,67.0,33.0,,,100.0,283.0,100.0,998.0,33.0,33.0,100.0,0.0,100.0,0.0,200.0,0.0,100.0,16721.0,100.0,71940522800.0,100.0,142414829488.0
2019-10-15,ZCH054CV,ST12000NM0007,12000138625024,0,79.0,85208216.0,96.0,0.0,100.0,4.0,100.0,0.0,90.0,949928581.0,81.0,16950.0,100.0,0.0,100.0,3.0,,,,,100.0,0.0,100.0,0.0,,,66.0,34.0,,,100.0,285.0,100.0,1000.0,34.0,34.0,100.0,0.0,100.0,0.0,200.0,0.0,100.0,16768.0,100.0,72049342248.0,100.0,142879781664.0
2019-10-16,ZCH054CV,ST12000NM0007,12000138625024,0,79.0,85208216.0,96.0,0.0,100.0,4.0,100.0,0.0,90.0,949928581.0,81.0,16950.0,100.0,0.0,100.0,3.0,,,,,100.0,0.0,100.0,0.0,,,66.0,34.0,,,100.0,285.0,100.0,1000.0,34.0,34.0,100.0,0.0,100.0,0.0,200.0,0.0,100.0,16768.0,100.0,72049342248.0,100.0,142879781664.0
2019-10-17,ZCH054CV,ST12000NM0007,12000138625024,0,81.0,136930738.0,96.0,0.0,100.0,4.0,100.0,0.0,90.0,953370704.0,81.0,16981.0,100.0,0.0,100.0,3.0,,,,,100.0,0.0,100.0,0.0,,,67.0,33.0,,,100.0,286.0,100.0,1002.0,33.0,33.0,100.0,0.0,100.0,0.0,200.0,0.0,100.0,16799.0,100.0,72139475664.0,100.0,143085511442.0
2019-10-18,ZCH054CV,ST12000NM0007,12000138625024,0,73.0,18689336.0,96.0,0.0,100.0,4.0,100.0,0.0,90.0,954600436.0,81.0,16997.0,100.0,0.0,100.0,3.0,,,,,100.0,0.0,100.0,0.0,,,66.0,34.0,,,100.0,286.0,100.0,1002.0,34.0,34.0,100.0,0.0,100.0,0.0,200.0,0.0,100.0,16815.0,100.0,72175391496.0,100.0,143175495106.0
2019-10-19,ZCH054CV,ST12000NM0007,12000138625024,0,84.0,232594536.0,96.0,0.0,100.0,4.0,100.0,0.0,90.0,956347244.0,81.0,17013.0,100.0,0.0,100.0,3.0,,,,,100.0,0.0,100.0,0.0,,,68.0,32.0,,,100.0,287.0,100.0,1003.0,32.0,32.0,100.0,0.0,100.0,0.0,200.0,0.0,100.0,16831.0,100.0,72201209728.0,100.0,143363582074.0
2019-10-20,ZCH054CV,ST12000NM0007,12000138625024,0,77.0,49802624.0,96.0,0.0,100.0,4.0,100.0,0.0,90.0,960741724.0,81.0,17045.0,100.0,0.0,100.0,3.0,,,,,100.0,0.0,100.0,0.0,,,67.0,33.0,,,100.0,287.0,100.0,1004.0,33.0,33.0,100.0,0.0,100.0,0.0,200.0,0.0,100.0,16862.0,100.0,72288781224.0,100.0,143825640818.0
2019-10-21,ZCH054CV,ST12000NM0007,12000138625024,0,75.0,30607504.0,96.0,0.0,100.0,4.0,100.0,0.0,90.0,962710171.0,81.0,17061.0,100.0,0.0,100.0,3.0,,,,,100.0,0.0,100.0,0.0,,,69.0,31.0,,,100.0,287.0,100.0,1005.0,31.0,31.0,100.0,0.0,100.0,0.0,200.0,0.0,100.0,16878.0,100.0,72327568176.0,100.0,144011799474.0
2019-10-22,ZCH054CV,ST12000NM0007,12000138625024,0,81.0,115094120.0,96.0,0.0,100.0,4.0,100.0,0.0,90.0,968774490.0,81.0,17092.0,100.0,0.0,100.0,3.0,,,,,100.0,0.0,100.0,0.0,,,67.0,33.0,,,100.0,287.0,100.0,1006.0,33.0,33.0,100.0,0.0,100.0,0.0,200.0,0.0,100.0,16909.0,100.0,72427406864.0,100.0,144484728850.0
2019-10-23,ZCH054CV,ST12000NM0007,12000138625024,0,78.0,60224760.0,96.0,0.0,100.0,4.0,100.0,0.0,90.0,972557251.0,81.0,17124.0,100.0,0.0,100.0,3.0,,,,,100.0,0.0,100.0,0.0,,,68.0,32.0,,,100.0,287.0,100.0,1009.0,32.0,32.0,100.0,0.0,100.0,0.0,200.0,0.0,100.0,16940.0,100.0,72517792056.0,100.0,144827755762.0
2019-10-24,ZCH054CV,ST12000NM0007,12000138625024,0,71.0,11363584.0,96.0,0.0,100.0,4.0,100.0,0.0,90.0,974389176.0,81.0,17140.0,100.0,0.0,100.0,3.0,,,,,100.0,0.0,100.0,0.0,,,68.0,32.0,,,100.0,287.0,100.0,1009.0,32.0,32.0,100.0,0.0,100.0,0.0,200.0,0.0,100.0,16956.0,100.0,72543333072.0,100.0,144997494202.0
2019-10-25,ZCH054CV,ST12000NM0007,12000138625024,0,84.0,223883328.0,96.0,0.0,100.0,4.0,100.0,0.0,90.0,979753088.0,81.0,17171.0,100.0,0.0,100.0,3.0,,,,,100.0,0.0,100.0,0.0,,,68.0,32.0,,,100.0,287.0,100.0,1011.0,32.0,32.0,100.0,0.0,100.0,0.0,200.0,0.0,100.0,16988.0,100.0,72628143224.0,100.0,145369344474.0
2019-10-26,ZCH054CV,ST12000NM0007,12000138625024,0,84.0,234211192.0,96.0,0.0,100.0,4.0,100.0,0.0,90.0,982973349.0,81.0,17187.0,100.0,0.0,100.0,3.0,,,,,100.0,0.0,100.0,0.0,,,68.0,32.0,,,100.0,287.0,100.0,1011.0,32.0,32.0,100.0,0.0,100.0,0.0,200.0,0.0,100.0,17004.0,100.0,72664568224.0,100.0,145587387970.0
2019-10-27,ZCH054CV,ST12000NM0007,12000138625024,0,73.0,19410520.0,96.0,0.0,100.0,4.0,100.0,0.0,90.0,985905071.0,81.0,17219.0,100.0,0.0,100.0,3.0,,,,,100.0,0.0,100.0,0.0,,,68.0,32.0,,,100.0,287.0,100.0,1013.0,32.0,32.0,100.0,0.0,100.0,0.0,200.0,0.0,100.0,17035.0,100.0,72734203840.0,100.0,145791233442.0
2019-10-28,ZCH054CV,ST12000NM0007,12000138625024,0,82.0,147866504.0,96.0,0.0,100.0,4.0,100.0,0.0,90.0,987219597.0,81.0,17235.0,100.0,0.0,100.0,3.0,,,,,100.0,0.0,100.0,0.0,,,68.0,32.0,,,100.0,287.0,100.0,1013.0,32.0,32.0,100.0,0.0,100.0,0.0,200.0,0.0,100.0,17051.0,100.0,72768177144.0,100.0,145885716122.0
2019-10-29,ZCH054CV,ST12000NM0007,12000138625024,0,73.0,21278760.0,96.0,0.0,100.0,4.0,100.0,0.0,90.0,992005616.0,81.0,17267.0,100.0,0.0,100.0,3.0,,,,,100.0,0.0,100.0,0.0,,,69.0,31.0,,,100.0,287.0,100.0,1015.0,31.0,31.0,100.0,0.0,100.0,0.0,200.0,0.0,100.0,17083.0,100.0,72856027736.0,100.0,146159559322.0
2019-10-30,ZCH054CV,ST12000NM0007,12000138625024,0,81.0,137232304.0,96.0,0.0,100.0,4.0,100.0,0.0,90.0,993275541.0,81.0,17283.0,100.0,0.0,100.0,3.0,,,,,100.0,0.0,100.0,0.0,,,70.0,30.0,,,100.0,287.0,100.0,1015.0,30.0,30.0,100.0,0.0,100.0,0.0,200.0,0.0,100.0,17099.0,100.0,72894193552.0,100.0,146237347050.0
2019-10-31,ZCH054CV,ST12000NM0007,12000138625024,0,84.0,238686552.0,96.0,0.0,100.0,4.0,100.0,0.0,90.0,994480705.0,81.0,17299.0,100.0,0.0,100.0,3.0,,,,,100.0,0.0,100.0,0.0,,,67.0,33.0,,,100.0,287.0,100.0,1016.0,33.0,33.0,100.0,0.0,100.0,0.0,200.0,0.0,100.0,17115.0,100.0,72935156488.0,100.0,146297838362.0
2019-11-01,ZCH054CV,ST12000NM0007,12000138625024,0,81.0,119021552.0,96.0,0.0,100.0,4.0,100.0,0.0,90.0,999219285.0,81.0,17330.0,100.0,0.0,100.0,3.0,,,,,100.0,0.0,100.0,0.0,,,68.0,32.0,,,100.0,287.0,100.0,1018.0,32.0,32.0,100.0,0.0,100.0,0.0,200.0,0.0,100.0,17146.0,100.0,73033026920.0,100.0,146568584346.0
2019-11-02,ZCH054CV,ST12000NM0007,12000138625024,0,80.0,109498880.0,96.0,0.0,100.0,4.0,100.0,0.0,60.0,1026814.0,81.0,17346.0,100.0,0.0,100.0,3.0,,,,,100.0,0.0,100.0,0.0,,,69.0,31.0,,,100.0,287.0,100.0,1018.0,31.0,31.0,100.0,0.0,100.0,0.0,200.0,0.0,100.0,17162.0,100.0,73071553960.0,100.0,146764675298.0
2019-11-03,ZCH054CV,ST12000NM0007,12000138625024,0,79.0,80790248.0,96.0,0.0,100.0,4.0,100.0,0.0,67.0,4681079.0,81.0,17378.0,100.0,0.0,100.0,3.0,,,,,100.0,0.0,100.0,0.0,,,68.0,32.0,,,100.0,287.0,100.0,1020.0,32.0,32.0,100.0,0.0,100.0,0.0,200.0,0.0,100.0,17194.0,100.0,73150201824.0,100.0,147145600282.0
2019-11-04,ZCH054CV,ST12000NM0007,12000138625024,0,79.0,78913280.0,96.0,0.0,100.0,4.0,100.0,0.0,68.0,6567845.0,81.0,17394.0,100.0,0.0,100.0,3.0,,,,,100.0,0.0,100.0,0.0,,,68.0,32.0,,,100.0,287.0,100.0,1020.0,32.0,32.0,100.0,0.0,100.0,0.0,200.0,0.0,100.0,17210.0,100.0,73191982824.0,100.0,147346082954.0
2019-11-05,ZCH054CV,ST12000NM0007,12000138625024,0,79.0,81679024.0,96.0,0.0,100.0,4.0,100.0,0.0,71.0,11678942.0,81.0,17426.0,100.0,0.0,100.0,3.0,,,,,100.0,0.0,100.0,0.0,,,67.0,33.0,,,100.0,287.0,100.0,1022.0,33.0,33.0,100.0,0.0,100.0,0.0,200.0,0.0,100.0,17241.0,100.0,73297035792.0,100.0,147732077234.0
2019-11-06,ZCH054CV,ST12000NM0007,12000138625024,0,82.0,177763752.0,96.0,0.0,100.0,4.0,100.0,0.0,72.0,14590017.0,81.0,17441.0,100.0,0.0,100.0,3.0,,,,,100.0,0.0,100.0,0.0,,,68.0,32.0,,,100.0,287.0,100.0,1022.0,32.0,32.0,100.0,0.0,100.0,0.0,200.0,0.0,100.0,17257.0,100.0,73343664688.0,100.0,148025673770.0
2019-11-07,ZCH054CV,ST12000NM0007,12000138625024,0,80.0,89277088.0,96.0,0.0,100.0,4.0,100.0,0.0,73.0,18989470.0,81.0,17473.0,100.0,0.0,100.0,3.0,,,,,100.0,0.0,100.0,0.0,,,67.0,33.0,,,100.0,287.0,100.0,1024.0,33.0,33.0,100.0,0.0,100.0,0.0,200.0,0.0,100.0,17288.0,100.0,73479749320.0,100.0,148533524794.0
2019-11-08,ZCH054CV,ST12000NM0007,12000138625024,0,78.0,66514032.0,96.0,0.0,100.0,4.0,100.0,0.0,74.0,24073961.0,81.0,17505.0,100.0,0.0,100.0,3.0,,,,,100.0,0.0,100.0,0.0,,,65.0,35.0,,,100.0,288.0,100.0,1025.0,35.0,35.0,100.0,0.0,100.0,0.0,200.0,0.0,100.0,17320.0,100.0,73582695912.0,100.0,148896096634.0
2019-11-09,ZCH054CV,ST12000NM0007,12000138625024,0,77.0,55264058.0,95.0,0.0,100.0,5.0,100.0,0.0,74.0,26238271.0,80.0,17521.0,100.0,0.0,100.0,3.0,,,,,100.0,0.0,100.0,0.0,,,67.0,33.0,,,100.0,288.0,100.0,1031.0,33.0,33.0,100.0,0.0,100.0,0.0,200.0,0.0,100.0,17336.0,100.0,73630097048.0,100.0,149081586412.0
2019-11-10,ZCH054CV,ST12000NM0007,12000138625024,0,80.0,101752584.0,95.0,0.0,100.0,5.0,100.0,0.0,75.0,31207670.0,80.0,17553.0,100.0,0.0,100.0,3.0,,,,,100.0,0.0,100.0,0.0,,,66.0,34.0,,,100.0,288.0,100.0,1032.0,34.0,34.0,100.0,0.0,100.0,0.0,200.0,0.0,100.0,17367.0,100.0,73751089656.0,100.0,149495364260.0
2019-11-11,ZCH054CV,ST12000NM0007,12000138625024,0,79.0,74963408.0,95.0,0.0,100.0,5.0,100.0,0.0,75.0,33241262.0,80.0,17569.0,100.0,0.0,100.0,3.0,,,,,100.0,0.0,100.0,0.0,,,67.0,33.0,,,100.0,288.0,100.0,1033.0,33.0,33.0,100.0,0.0,100.0,0.0,200.0,0.0,100.0,17383.0,100.0,73794913608.0,100.0,149668891764.0
2019-11-12,ZCH054CV,ST12000NM0007,12000138625024,0,81.0,117297392.0,95.0,0.0,100.0,5.0,100.0,0.0,76.0,39531773.0,80.0,17601.0,100.0,0.0,100.0,3.0,,,,,100.0,0.0,100.0,0.0,,,66.0,34.0,,,100.0,289.0,100.0,1034.0,34.0,34.0,100.0,0.0,100.0,0.0,200.0,0.0,100.0,17415.0,100.0,73891572328.0,100.0,150102848412.0
2019-11-13,ZCH054CV,ST12000NM0007,12000138625024,0,81.0,132261360.0,95.0,0.0,100.0,5.0,100.0,0.0,76.0,41785343.0,80.0,17616.0,100.0,0.0,100.0,3.0,,,,,100.0,0.0,100.0,0.0,,,66.0,34.0,,,100.0,289.0,100.0,1035.0,34.0,34.0,100.0,0.0,100.0,0.0,200.0,0.0,100.0,17431.0,100.0,73922543144.0,100.0,150330982748.0
2019-11-14,ZCH054CV,ST12000NM0007,12000138625024,0,81.0,114638768.0,95.0,0.0,100.0,5.0,100.0,0.0,77.0,46506377.0,80.0,17648.0,100.0,0.0,100.0,3.0,,,,,100.0,0.0,100.0,0.0,,,67.0,33.0,,,100.0,289.0,100.0,1037.0,33.0,33.0,100.0,0.0,100.0,0.0,200.0,0.0,100.0,17462.0,100.0,74011895088.0,100.0,150712289612.0
2019-11-15,ZCH054CV,ST12000NM0007,12000138625024,0,79.0,82422968.0,95.0,0.0,100.0,5.0,100.0,0.0,77.0,49777083.0,80.0,17664.0,100.0,0.0,100.0,3.0,,,,,100.0,0.0,100.0,0.0,,,67.0,33.0,,,100.0,289.0,100.0,1037.0,33.0,33.0,100.0,0.0,100.0,0.0,200.0,0.0,100.0,17478.0,100.0,74050180632.0,100.0,150885929076.0
2019-11-16,ZCH054CV,ST12000NM0007,12000138625024,0,80.0,104644704.0,95.0,0.0,100.0,5.0,100.0,0.0,77.0,53874397.0,80.0,17696.0,100.0,0.0,100.0,3.0,,,,,100.0,0.0,100.0,0.0,,,66.0,34.0,,,100.0,289.0,100.0,1038.0,34.0,34.0,100.0,0.0,100.0,0.0,200.0,0.0,100.0,17510.0,100.0,74135590464.0,100.0,151311022396.0
2019-11-17,ZCH054CV,ST12000NM0007,12000138625024,0,80.0,103207248.0,95.0,0.0,100.0,5.0,100.0,0.0,77.0,55882830.0,80.0,17712.0,100.0,0.0,100.0,3.0,,,,,100.0,0.0,100.0,0.0,,,66.0,34.0,,,100.0,289.0,100.0,1039.0,34.0,34.0,100.0,0.0,100.0,0.0,200.0,0.0,100.0,17525.0,100.0,74166051704.0,100.0,151523264428.0
2019-11-18,ZCH054CV,ST12000NM0007,12000138625024,0,82.0,176327408.0,95.0,0.0,100.0,5.0,100.0,0.0,78.0,60638425.0,80.0,17743.0,100.0,0.0,100.0,3.0,,,,,100.0,0.0,100.0,0.0,,,66.0,34.0,,,100.0,289.0,100.0,1040.0,34.0,34.0,100.0,0.0,100.0,0.0,200.0,0.0,100.0,17557.0,100.0,74248942312.0,100.0,152001775548.0
2019-11-19,ZCH054CV,ST12000NM0007,12000138625024,0,84.0,230289392.0,95.0,0.0,100.0,5.0,100.0,0.0,78.0,63963602.0,80.0,17759.0,100.0,0.0,100.0,3.0,,,,,100.0,0.0,100.0,0.0,,,66.0,34.0,,,100.0,290.0,100.0,1041.0,34.0,34.0,100.0,0.0,100.0,0.0,200.0,0.0,100.0,17573.0,100.0,74280626848.0,100.0,152268193868.0
2019-11-20,ZCH054CV,ST12000NM0007,12000138625024,0,84.0,235522144.0,95.0,0.0,100.0,5.0,100.0,0.0,78.0,67570100.0,80.0,17791.0,100.0,0.0,100.0,3.0,,,,,100.0,0.0,100.0,0.0,,,67.0,33.0,,,100.0,290.0,100.0,1042.0,33.0,33.0,100.0,0.0,100.0,0.0,200.0,0.0,100.0,17604.0,100.0,74358861616.0,100.0,152683473700.0
2019-11-21,ZCH054CV,ST12000NM0007,12000138625024,0,83.0,215663512.0,95.0,0.0,100.0,5.0,100.0,0.0,78.0,68971184.0,80.0,17807.0,100.0,0.0,100.0,3.0,,,,,100.0,0.0,100.0,0.0,,,66.0,34.0,,,100.0,290.0,100.0,1044.0,34.0,34.0,100.0,0.0,100.0,0.0,200.0,0.0,100.0,17620.0,100.0,74391283608.0,100.0,152875333844.0
2019-11-22,ZCH054CV,ST12000NM0007,12000138625024,0,82.0,171076104.0,95.0,0.0,100.0,5.0,100.0,0.0,79.0,73628733.0,80.0,17839.0,100.0,0.0,100.0,3.0,,,,,100.0,0.0,100.0,0.0,,,65.0,35.0,,,100.0,290.0,100.0,1045.0,35.0,35.0,100.0,0.0,100.0,0.0,200.0,0.0,100.0,17651.0,100.0,74494165952.0,100.0,153216145540.0
2019-11-23,ZCH054CV,ST12000NM0007,12000138625024,0,81.0,119594936.0,95.0,0.0,100.0,5.0,100.0,0.0,79.0,74598076.0,80.0,17855.0,100.0,0.0,100.0,3.0,,,,,100.0,0.0,100.0,0.0,,,67.0,33.0,,,100.0,291.0,100.0,1046.0,33.0,33.0,100.0,0.0,100.0,0.0,200.0,0.0,100.0,17667.0,100.0,74496997400.0,100.0,153405973644.0
2019-11-24,ZCH054CV,ST12000NM0007,12000138625024,0,67.0,5293400.0,94.0,0.0,100.0,6.0,100.0,0.0,79.0,76391088.0,80.0,17886.0,100.0,0.0,100.0,4.0,,,,,100.0,0.0,100.0,0.0,,,66.0,34.0,,,100.0,291.0,100.0,1049.0,34.0,34.0,100.0,0.0,100.0,0.0,200.0,0.0,100.0,17699.0,100.0,74502810208.0,100.0,153774140886.0
2019-11-25,ZCH054CV,ST12000NM0007,12000138625024,0,82.0,162605968.0,94.0,0.0,100.0,6.0,100.0,0.0,79.0,77139350.0,80.0,17902.0,100.0,0.0,100.0,4.0,,,,,100.0,0.0,100.0,0.0,,,66.0,34.0,,,100.0,291.0,100.0,1049.0,34.0,34.0,100.0,0.0,100.0,0.0,200.0,0.0,100.0,17715.0,100.0,74503239136.0,100.0,153931024526.0
2019-11-26,ZCH054CV,ST12000NM0007,12000138625024,0,81.0,119616024.0,94.0,0.0,100.0,6.0,100.0,0.0,79.0,80771840.0,80.0,17934.0,100.0,0.0,100.0,4.0,,,,,100.0,0.0,100.0,0.0,,,66.0,34.0,,,100.0,293.0,100.0,1051.0,34.0,34.0,100.0,0.0,100.0,0.0,200.0,0.0,100.0,17746.0,100.0,74503979568.0,100.0,154375575494.0
2019-11-27,ZCH054CV,ST12000NM0007,12000138625024,0,83.0,179570224.0,94.0,0.0,100.0,6.0,100.0,0.0,79.0,82303124.0,80.0,17966.0,100.0,0.0,100.0,4.0,,,,,100.0,0.0,100.0,0.0,,,65.0,35.0,,,100.0,294.0,100.0,1053.0,35.0,35.0,100.0,0.0,100.0,0.0,200.0,0.0,100.0,17778.0,100.0,74504467600.0,100.0,154679182382.0
2019-11-28,ZCH054CV,ST12000NM0007,12000138625024,0,80.0,110472960.0,94.0,0.0,100.0,6.0,100.0,0.0,79.0,84006055.0,80.0,17982.0,100.0,0.0,100.0,4.0,,,,,100.0,0.0,100.0,0.0,,,67.0,33.0,,,100.0,294.0,100.0,1053.0,33.0,33.0,100.0,0.0,100.0,0.0,200.0,0.0,100.0,17794.0,100.0,74504645712.0,100.0,154854047718.0
2019-11-29,ZCH054CV,ST12000NM0007,12000138625024,0,83.0,208074472.0,94.0,0.0,100.0,6.0,100.0,0.0,79.0,86324109.0,80.0,18013.0,100.0,0.0,100.0,4.0,,,,,100.0,0.0,100.0,0.0,,,67.0,33.0,,,100.0,294.0,100.0,1055.0,33.0,33.0,100.0,0.0,100.0,0.0,200.0,0.0,100.0,17825.0,100.0,74505089080.0,100.0,155195346510.0
2019-11-30,ZCH054CV,ST12000NM0007,12000138625024,0,81.0,115322816.0,94.0,0.0,100.0,6.0,100.0,0.0,79.0,87136643.0,80.0,18029.0,100.0,0.0,100.0,4.0,,,,,100.0,0.0,100.0,0.0,,,66.0,34.0,,,100.0,294.0,100.0,1055.0,34.0,34.0,100.0,0.0,100.0,0.0,200.0,0.0,100.0,17841.0,100.0,74505331624.0,100.0,155346492990.0
2019-12-01,ZCH054CV,ST12000NM0007,12000138625024,0,83.0,195926152.0,94.0,0.0,100.0,6.0,100.0,0.0,79.0,88834006.0,80.0,18061.0,100.0,0.0,100.0,4.0,,,,,100.0,0.0,100.0,0.0,,,66.0,34.0,,,100.0,295.0,100.0,1057.0,34.0,34.0,100.0,0.0,100.0,0.0,200.0,0.0,100.0,17873.0,100.0,74505815848.0,100.0,155670752734.0
2019-12-02,ZCH054CV,ST12000NM0007,12000138625024,0,80.0,101147672.0,94.0,0.0,100.0,6.0,100.0,0.0,80.0,89608239.0,80.0,18077.0,100.0,0.0,100.0,4.0,,,,,100.0,0.0,100.0,0.0,,,66.0,34.0,,,100.0,296.0,100.0,1058.0,34.0,34.0,100.0,0.0,100.0,0.0,200.0,0.0,100.0,17889.0,100.0,74506057696.0,100.0,155819873118.0
2019-12-03,ZCH054CV,ST12000NM0007,12000138625024,0,82.0,158558736.0,94.0,0.0,100.0,6.0,100.0,0.0,80.0,92926293.0,80.0,18109.0,100.0,0.0,100.0,4.0,,,,,100.0,0.0,100.0,0.0,,,66.0,34.0,,,100.0,296.0,100.0,1059.0,34.0,34.0,100.0,0.0,100.0,0.0,200.0,0.0,100.0,17920.0,100.0,74506600480.0,100.0,156120882030.0
2019-12-04,ZCH054CV,ST12000NM0007,12000138625024,0,81.0,113659008.0,94.0,0.0,100.0,6.0,100.0,0.0,80.0,93927653.0,80.0,18125.0,100.0,0.0,100.0,4.0,,,,,100.0,0.0,100.0,0.0,,,66.0,34.0,,,100.0,296.0,100.0,1060.0,34.0,34.0,100.0,0.0,100.0,0.0,200.0,0.0,100.0,17936.0,100.0,74506843152.0,100.0,156319880342.0
2019-12-05,ZCH054CV,ST12000NM0007,12000138625024,0,77.0,49075072.0,94.0,0.0,100.0,6.0,100.0,0.0,80.0,97621972.0,80.0,18156.0,100.0,0.0,100.0,4.0,,,,,100.0,0.0,100.0,0.0,,,65.0,35.0,,,100.0,297.0,100.0,1062.0,35.0,35.0,100.0,0.0,100.0,0.0,200.0,0.0,100.0,17968.0,100.0,74507222712.0,100.0,156743198542.0
2019-12-06,ZCH054CV,ST12000NM0007,12000138625024,0,82.0,171538992.0,94.0,0.0,100.0,6.0,100.0,0.0,80.0,98541076.0,80.0,18172.0,100.0,0.0,100.0,4.0,,,,,100.0,0.0,100.0,0.0,,,65.0,35.0,,,100.0,297.0,100.0,1062.0,35.0,35.0,100.0,0.0,100.0,0.0,200.0,0.0,100.0,17983.0,100.0,74507464064.0,100.0,156865421110.0
2019-12-07,ZCH054CV,ST12000NM0007,12000138625024,0,80.0,111041368.0,94.0,0.0,100.0,6.0,100.0,0.0,80.0,100946638.0,80.0,18204.0,100.0,0.0,100.0,4.0,,,,,100.0,0.0,100.0,0.0,,,65.0,35.0,,,100.0,297.0,100.0,1064.0,35.0,35.0,100.0,0.0,100.0,0.0,200.0,0.0,100.0,18015.0,100.0,74507948440.0,100.0,157292720798.0
2019-12-08,ZCH054CV,ST12000NM0007,12000138625024,0,78.0,66740736.0,94.0,0.0,100.0,6.0,100.0,0.0,80.0,102061119.0,80.0,18220.0,100.0,0.0,100.0,4.0,,,,,100.0,0.0,100.0,0.0,,,65.0,35.0,,,100.0,297.0,100.0,1064.0,35.0,35.0,100.0,0.0,100.0,0.0,200.0,0.0,100.0,18031.0,100.0,74508190920.0,100.0,157492318334.0
2019-12-09,ZCH054CV,ST12000NM0007,12000138625024,0,80.0,103696544.0,94.0,0.0,100.0,6.0,100.0,0.0,80.0,103710251.0,80.0,18251.0,100.0,0.0,100.0,4.0,,,,,100.0,0.0,100.0,0.0,,,65.0,35.0,,,100.0,297.0,100.0,1066.0,35.0,35.0,100.0,0.0,100.0,0.0,200.0,0.0,100.0,18063.0,100.0,74508675424.0,100.0,157772930534.0
2019-12-10,ZCH054CV,ST12000NM0007,12000138625024,0,80.0,94708176.0,94.0,0.0,100.0,6.0,100.0,0.0,80.0,106576387.0,80.0,18267.0,100.0,0.0,100.0,4.0,,,,,100.0,0.0,100.0,0.0,,,65.0,35.0,,,100.0,297.0,100.0,1066.0,35.0,35.0,100.0,0.0,100.0,0.0,200.0,0.0,100.0,18078.0,100.0,74508950552.0,100.0,158007807670.0
2019-12-11,ZCH054CV,ST12000NM0007,12000138625024,0,84.0,241380064.0,94.0,0.0,100.0,6.0,100.0,0.0,80.0,108550780.0,80.0,18299.0,100.0,0.0,100.0,4.0,,,,,100.0,0.0,100.0,0.0,,,68.0,32.0,,,100.0,297.0,100.0,1068.0,32.0,32.0,100.0,0.0,100.0,0.0,200.0,0.0,100.0,18110.0,100.0,74509428544.0,100.0,158398142206.0
2019-12-12,ZCH054CV,ST12000NM0007,12000138625024,0,83.0,183084808.0,94.0,0.0,100.0,6.0,100.0,0.0,80.0,109892761.0,80.0,18315.0,100.0,0.0,100.0,4.0,,,,,100.0,0.0,100.0,0.0,,,68.0,32.0,,,100.0,297.0,100.0,1068.0,32.0,32.0,100.0,0.0,100.0,0.0,200.0,0.0,100.0,18126.0,100.0,74509650576.0,100.0,158583765790.0
2019-12-13,ZCH054CV,ST12000NM0007,12000138625024,0,72.0,15072416.0,94.0,0.0,100.0,6.0,100.0,0.0,81.0,112777248.0,80.0,18347.0,100.0,0.0,100.0,4.0,,,,,100.0,0.0,100.0,0.0,,,68.0,32.0,,,100.0,299.0,100.0,1070.0,32.0,32.0,100.0,0.0,100.0,0.0,200.0,0.0,100.0,18157.0,100.0,74510049520.0,100.0,158903636174.0
2019-12-14,ZCH054CV,ST12000NM0007,12000138625024,0,83.0,201140296.0,94.0,0.0,100.0,6.0,100.0,0.0,81.0,113792715.0,80.0,18363.0,100.0,0.0,100.0,4.0,,,,,100.0,0.0,100.0,0.0,,,68.0,32.0,,,100.0,299.0,100.0,1070.0,32.0,32.0,100.0,0.0,100.0,0.0,200.0,0.0,100.0,18173.0,100.0,74510291464.0,100.0,159089462366.0
2019-12-15,ZCH054CV,ST12000NM0007,12000138625024,0,80.0,109065032.0,94.0,0.0,100.0,6.0,100.0,0.0,81.0,116025294.0,80.0,18394.0,100.0,0.0,100.0,4.0,,,,,100.0,0.0,100.0,0.0,,,68.0,32.0,,,100.0,299.0,100.0,1072.0,32.0,32.0,100.0,0.0,100.0,0.0,200.0,0.0,100.0,18205.0,100.0,74514521384.0,100.0,159481438566.0
2019-12-16,ZCH054CV,ST12000NM0007,12000138625024,0,84.0,232266272.0,94.0,0.0,100.0,6.0,100.0,0.0,81.0,116750896.0,79.0,18410.0,100.0,0.0,100.0,4.0,,,,,100.0,0.0,100.0,0.0,,,68.0,32.0,,,100.0,299.0,100.0,1072.0,32.0,32.0,100.0,0.0,100.0,0.0,200.0,0.0,100.0,18221.0,100.0,74515496224.0,100.0,159603664966.0
2019-12-17,ZCH054CV,ST12000NM0007,12000138625024,0,80.0,108676568.0,94.0,0.0,100.0,6.0,100.0,0.0,81.0,120175609.0,79.0,18442.0,100.0,0.0,100.0,4.0,,,,,100.0,0.0,100.0,0.0,,,68.0,32.0,,,100.0,300.0,100.0,1074.0,32.0,32.0,100.0,0.0,100.0,0.0,200.0,0.0,100.0,18252.0,100.0,74515991456.0,100.0,159967861694.0
2019-12-18,ZCH054CV,ST12000NM0007,12000138625024,0,77.0,45471664.0,94.0,0.0,100.0,6.0,100.0,0.0,81.0,121115411.0,79.0,18458.0,100.0,0.0,100.0,4.0,,,,,100.0,0.0,100.0,0.0,,,67.0,33.0,,,100.0,300.0,100.0,1074.0,33.0,33.0,100.0,0.0,100.0,0.0,200.0,0.0,100.0,18268.0,100.0,74516231344.0,100.0,160148557718.0
2019-12-19,ZCH054CV,ST12000NM0007,12000138625024,0,82.0,146322288.0,94.0,0.0,100.0,6.0,100.0,0.0,81.0,121730174.0,79.0,18474.0,100.0,0.0,100.0,4.0,,,,,100.0,0.0,100.0,0.0,,,68.0,32.0,,,100.0,301.0,100.0,1076.0,32.0,32.0,100.0,0.0,100.0,0.0,200.0,0.0,100.0,18283.0,100.0,74516470920.0,100.0,160249168766.0
2019-12-20,ZCH054CV,ST12000NM0007,12000138625024,0,83.0,179576624.0,94.0,0.0,100.0,6.0,100.0,0.0,81.0,124777357.0,79.0,18505.0,100.0,0.0,100.0,4.0,,,,,100.0,0.0,100.0,0.0,,,66.0,34.0,,,100.0,301.0,100.0,1078.0,34.0,34.0,100.0,0.0,100.0,0.0,200.0,0.0,100.0,18315.0,100.0,74516837216.0,100.0,160526197432.0
2019-12-21,ZCH054CV,ST12000NM0007,12000138625024,0,81.0,131295360.0,94.0,0.0,100.0,6.0,100.0,0.0,81.0,125806011.0,79.0,18521.0,100.0,0.0,100.0,4.0,,,,,100.0,0.0,100.0,0.0,,,66.0,34.0,,,100.0,301.0,100.0,1078.0,34.0,34.0,100.0,0.0,100.0,0.0,200.0,0.0,100.0,18331.0,100.0,74517081464.0,100.0,160721812608.0
2019-12-22,ZCH054CV,ST12000NM0007,12000138625024,0,79.0,79056648.0,94.0,0.0,100.0,6.0,100.0,0.0,81.0,127010404.0,79.0,18553.0,100.0,0.0,100.0,4.0,,,,,100.0,0.0,100.0,0.0,,,66.0,34.0,,,100.0,302.0,100.0,1080.0,34.0,34.0,100.0,0.0,100.0,0.0,200.0,0.0,100.0,18362.0,100.0,74517558592.0,100.0,160913237496.0
2019-12-23,ZCH054CV,ST12000NM0007,12000138625024,0,81.0,140405272.0,94.0,0.0,100.0,6.0,100.0,0.0,81.0,128797871.0,79.0,18585.0,100.0,0.0,100.0,4.0,,,,,100.0,0.0,100.0,0.0,,,66.0,34.0,,,100.0,302.0,100.0,1081.0,34.0,34.0,100.0,0.0,100.0,0.0,200.0,0.0,100.0,18394.0,100.0,74518037960.0,100.0,161218247392.0
2019-12-24,ZCH054CV,ST12000NM0007,12000138625024,0,73.0,17957776.0,94.0,0.0,100.0,6.0,100.0,0.0,81.0,129536948.0,79.0,18601.0,100.0,0.0,100.0,4.0,,,,,100.0,0.0,100.0,0.0,,,66.0,34.0,,,100.0,302.0,100.0,1081.0,34.0,34.0,100.0,0.0,100.0,0.0,200.0,0.0,100.0,18410.0,100.0,74518275312.0,100.0,161339703224.0
2019-12-25,ZCH054CV,ST12000NM0007,12000138625024,0,67.0,4831056.0,94.0,0.0,100.0,6.0,100.0,0.0,81.0,130875919.0,79.0,18632.0,100.0,0.0,100.0,4.0,,,,,100.0,0.0,100.0,0.0,,,66.0,34.0,,,100.0,303.0,100.0,1083.0,34.0,34.0,100.0,0.0,100.0,0.0,200.0,0.0,100.0,18441.0,100.0,74518746488.0,100.0,161570245960.0
2019-12-26,ZCH054CV,ST12000NM0007,12000138625024,0,82.0,149218416.0,94.0,0.0,100.0,6.0,100.0,0.0,81.0,131790748.0,79.0,18648.0,100.0,0.0,100.0,4.0,,,,,100.0,0.0,100.0,0.0,,,66.0,34.0,,,100.0,303.0,100.0,1083.0,34.0,34.0,100.0,0.0,100.0,0.0,200.0,0.0,100.0,18457.0,100.0,74518990248.0,100.0,161714389560.0
2019-12-27,ZCH054CV,ST12000NM0007,12000138625024,0,77.0,48788528.0,94.0,0.0,100.0,6.0,100.0,0.0,81.0,132852795.0,79.0,18680.0,100.0,0.0,100.0,4.0,,,,,100.0,0.0,100.0,0.0,,,66.0,34.0,,,100.0,304.0,100.0,1085.0,34.0,34.0,100.0,0.0,100.0,0.0,200.0,0.0,100.0,18489.0,100.0,74519460544.0,100.0,161857630216.0
2019-12-28,ZCH054CV,ST12000NM0007,12000138625024,0,82.0,166415776.0,94.0,0.0,100.0,6.0,100.0,0.0,81.0,133599529.0,79.0,18696.0,100.0,0.0,100.0,4.0,,,,,100.0,0.0,100.0,0.0,,,65.0,35.0,,,100.0,304.0,100.0,1086.0,35.0,35.0,100.0,0.0,100.0,0.0,200.0,0.0,100.0,18505.0,100.0,74519698520.0,100.0,161975019488.0
2019-12-29,ZCH054CV,ST12000NM0007,12000138625024,0,83.0,196875512.0,94.0,0.0,100.0,6.0,100.0,0.0,81.0,135276058.0,79.0,18728.0,100.0,0.0,100.0,4.0,,,,,100.0,0.0,100.0,0.0,,,66.0,34.0,,,100.0,304.0,100.0,1087.0,34.0,34.0,100.0,0.0,100.0,0.0,200.0,0.0,100.0,18536.0,100.0,74520177424.0,100.0,162249141000.0
2019-12-30,ZCH054CV,ST12000NM0007,12000138625024,0,77.0,45952056.0,94.0,0.0,100.0,6.0,100.0,0.0,81.0,135867294.0,79.0,18744.0,100.0,0.0,100.0,4.0,,,,,100.0,0.0,100.0,0.0,,,66.0,34.0,,,100.0,304.0,100.0,1087.0,34.0,34.0,100.0,0.0,100.0,0.0,200.0,0.0,100.0,18552.0,100.0,74520411408.0,100.0,162342124280.0
2019-12-31,ZCH054CV,ST12000NM0007,12000138625024,0,79.0,75853778.0,92.0,0.0,100.0,7.0,100.0,0.0,81.0,137483090.0,79.0,18780.0,100.0,0.0,100.0,5.0,,,,,100.0,0.0,100.0,0.0,,,70.0,30.0,,,100.0,306.0,100.0,1096.0,30.0,30.0,100.0,0.0,100.0,0.0,200.0,0.0,100.0,18583.0,100.0,74520899912.0,100.0,162615678306.0
