2018-05-16,ZCH0FJDM,ST12000NM0007,12000138625024,0,82,142617992,97,0,100,2,100,0,62,1768206,100,167,100,0,100,2,,,,,100.0,0.0,100.0,0.0,,,75.0,25.0,,,100.0,0.0,100.0,420.0,25,25,100,0,100,0,200,0,100.0,24.0,100.0,603456360.0,100.0,271615450.0
2018-05-17,ZCH0FJDM,ST12000NM0007,12000138625024,0,82,142854722,96,0,100,3,100,0,63,1790342,100,192,100,0,100,3,,,,,100.0,0.0,100.0,0.0,,,75.0,25.0,,,100.0,0.0,100.0,422.0,25,25,100,0,100,0,200,0,100.0,49.0,100.0,603465752.0,100.0,271842788.0
2018-05-18,ZCH0FJDM,ST12000NM0007,12000138625024,0,82,143220100,94,0,100,4,100,0,63,1816041,100,219,100,0,100,4,,,,,100.0,0.0,100.0,0.0,,,76.0,24.0,,,100.0,0.0,100.0,428.0,24,24,100,0,100,0,200,0,100.0,75.0,100.0,603478416.0,100.0,272195502.0
2018-05-19,ZCH0FJDM,ST12000NM0007,12000138625024,0,83,185530126,94,0,100,4,100,0,63,2089608,100,247,100,0,100,4,,,,,100.0,0.0,100.0,0.0,,,75.0,25.0,,,100.0,0.0,100.0,429.0,25,25,100,0,100,0,200,0,100.0,103.0,100.0,645532448.0,100.0,272451496.0
2018-05-20,ZCH0FJDM,ST12000NM0007,12000138625024,0,83,185732566,94,0,100,4,100,0,63,2110988,100,270,100,0,100,4,,,,,100.0,0.0,100.0,0.0,,,76.0,24.0,,,100.0,1.0,100.0,430.0,24,24,100,0,100,0,200,0,100.0,126.0,100.0,645544072.0,100.0,272642312.0
2018-05-21,ZCH0FJDM,ST12000NM0007,12000138625024,0,83,185942654,94,0,100,4,100,0,63,2133224,100,294,100,0,100,4,,,,,100.0,0.0,100.0,0.0,,,76.0,24.0,,,100.0,2.0,100.0,431.0,24,24,100,0,100,0,200,0,100.0,150.0,100.0,645555056.0,100.0,272841416.0
2018-05-22,ZCH0FJDM,ST12000NM0007,12000138625024,0,83,186152734,94,0,100,4,100,0,63,2155339,100,319,100,0,100,4,,,,,100.0,0.0,100.0,0.0,,,74.0,26.0,,,100.0,3.0,100.0,432.0,26,26,100,0,100,0,200,0,100.0,174.0,100.0,645566032.0,100.0,273040520.0
2018-05-23,ZCH0FJDM,ST12000NM0007,12000138625024,0,83,186354542,94,0,100,4,100,0,63,2176841,100,342,100,0,100,4,,,,,100.0,0.0,100.0,0.0,,,74.0,26.0,,,100.0,4.0,100.0,433.0,26,26,100,0,100,0,200,0,100.0,198.0,100.0,645577032.0,100.0,273231328.0
2018-05-24,ZCH0FJDM,ST12000NM0007,12000138625024,0,83,186564614,94,0,100,4,100,0,63,2199016,100,367,100,0,100,4,,,,,100.0,0.0,100.0,0.0,,,74.0,26.0,,,100.0,5.0,100.0,434.0,26,26,100,0,100,0,200,0,100.0,222.0,100.0,645588000.0,100.0,273430432.0
2018-05-25,ZCH0FJDM,ST12000NM0007,12000138625024,0,83,186766054,94,0,100,4,100,0,63,2220435,100,390,100,0,100,4,,,,,100.0,0.0,100.0,0.0,,,74.0,26.0,,,100.0,6.0,100.0,435.0,26,26,100,0,100,0,200,0,100.0,246.0,100.0,645597840.0,100.0,273622032.0
2018-05-26,ZCH0FJDM,ST12000NM0007,12000138625024,0,83,186974574,94,0,100,4,100,0,64,2242391,100,414,100,0,100,4,,,,,100.0,0.0,100.0,0.0,,,74.0,26.0,,,100.0,7.0,100.0,436.0,26,26,100,0,100,0,200,0,100.0,270.0,100.0,645607256.0,100.0,273821136.0
2018-05-27,ZCH0FJDM,ST12000NM0007,12000138625024,0,83,187183454,94,0,100,4,100,0,64,2264755,100,439,100,0,100,4,,,,,100.0,0.0,100.0,0.0,,,74.0,26.0,,,100.0,8.0,100.0,437.0,26,26,100,0,100,0,200,0,100.0,294.0,100.0,645617032.0,100.0,274020240.0
2018-05-28,ZCH0FJDM,ST12000NM0007,12000138625024,0,83,187383270,94,0,100,4,100,0,64,2285793,100,462,100,0,100,4,,,,,100.0,0.0,100.0,0.0,,,74.0,26.0,,,100.0,9.0,100.0,438.0,26,26,100,0,100,0,200,0,100.0,317.0,100.0,645626040.0,100.0,274211048.0
2018-05-29,ZCH0FJDM,ST12000NM0007,12000138625024,0,83,187591486,94,0,100,4,100,0,64,2307874,100,487,100,0,100,4,,,,,100.0,0.0,100.0,0.0,,,75.0,25.0,,,100.0,10.0,100.0,439.0,25,25,100,0,100,0,200,0,100.0,341.0,100.0,645635152.0,100.0,274410152.0
2018-05-30,ZCH0FJDM,ST12000NM0007,12000138625024,0,83,187792014,94,0,100,4,100,0,64,2329128,100,510,100,0,100,4,,,,,100.0,0.0,100.0,0.0,,,75.0,25.0,,,100.0,11.0,100.0,440.0,25,25,100,0,100,0,200,0,100.0,365.0,100.0,645644872.0,100.0,274600960.0
2018-05-31,ZCH0FJDM,ST12000NM0007,12000138625024,0,83,188001686,94,0,100,4,100,0,64,2351497,100,534,100,0,100,4,,,,,100.0,0.0,100.0,0.0,,,76.0,24.0,,,100.0,12.0,100.0,441.0,24,24,100,0,100,0,200,0,100.0,389.0,100.0,645655440.0,100.0,274800064.0
2018-06-01,ZCH0FJDM,ST12000NM0007,12000138625024,0,83,188211198,94,0,100,4,100,0,64,2373550,100,559,100,0,100,4,,,,,100.0,0.0,100.0,0.0,,,76.0,24.0,,,100.0,13.0,100.0,442.0,24,24,100,0,100,0,200,0,100.0,413.0,100.0,645665848.0,100.0,274999168.0
2018-06-02,ZCH0FJDM,ST12000NM0007,12000138625024,0,83,188412398,94,0,100,4,100,0,64,2394887,100,582,100,0,100,4,,,,,100.0,0.0,100.0,0.0,,,76.0,24.0,,,100.0,14.0,100.0,443.0,24,24,100,0,100,0,200,0,100.0,437.0,100.0,645676240.0,100.0,275189976.0
2018-06-03,ZCH0FJDM,ST12000NM0007,12000138625024,0,83,188622814,94,0,100,4,100,0,64,2416908,100,607,100,0,100,4,,,,,100.0,0.0,100.0,0.0,,,76.0,24.0,,,100.0,15.0,100.0,444.0,24,24,100,0,100,0,200,0,100.0,461.0,100.0,645687552.0,100.0,275389080.0
2018-06-04,ZCH0FJDM,ST12000NM0007,12000138625024,0,83,188823758,94,0,100,4,100,0,64,2438151,100,630,100,0,100,4,,,,,100.0,0.0,100.0,0.0,,,76.0,24.0,,,100.0,16.0,100.0,445.0,24,24,100,0,100,0,200,0,100.0,484.0,100.0,645697688.0,100.0,275579888.0
2018-06-05,ZCH0FJDM,ST12000NM0007,12000138625024,0,83,189033598,94,0,100,4,100,0,64,2460314,100,654,100,0,100,4,,,,,100.0,0.0,100.0,0.0,,,74.0,26.0,,,100.0,17.0,100.0,446.0,26,26,100,0,100,0,200,0,100.0,508.0,100.0,645708424.0,100.0,275778992.0
2018-06-06,ZCH0FJDM,ST12000NM0007,12000138625024,0,83,189243454,94,0,100,4,100,0,64,2482358,100,679,100,0,100,4,,,,,100.0,0.0,100.0,0.0,,,75.0,25.0,,,100.0,18.0,100.0,447.0,25,25,100,0,100,0,200,0,100.0,533.0,100.0,645719176.0,100.0,275978096.0
2018-06-07,ZCH0FJDM,ST12000NM0007,12000138625024,0,83,189432512,93,0,100,5,100,0,64,2498497,100,696,100,0,100,5,,,,,100.0,0.0,100.0,0.0,,,74.0,26.0,,,100.0,19.0,100.0,450.0,26,26,100,0,100,0,200,0,100.0,550.0,100.0,645727192.0,100.0,276159138.0
2018-06-08,ZCH0FJDM,ST12000NM0007,12000138625024,0,83,189689366,92,0,100,6,100,0,64,2516706,100,716,100,0,100,6,,,,,100.0,0.0,100.0,0.0,,,74.0,26.0,,,100.0,19.0,100.0,454.0,26,26,100,0,100,0,200,0,100.0,569.0,100.0,645733176.0,100.0,276410008.0
2018-06-09,ZCH0FJDM,ST12000NM0007,12000138625024,0,83,190026164,90,0,100,7,100,0,64,2544459,100,747,100,0,100,7,,,,,100.0,0.0,100.0,0.0,,,74.0,26.0,,,100.0,19.0,100.0,457.0,26,26,100,0,100,0,200,0,100.0,600.0,100.0,645741304.0,100.0,276738678.0
2018-06-10,ZCH0FJDM,ST12000NM0007,12000138625024,0,83,190243788,90,0,100,7,100,0,64,2566293,100,770,100,0,100,7,,,,,100.0,0.0,100.0,0.0,,,75.0,25.0,,,100.0,20.0,100.0,458.0,25,25,100,0,100,0,200,0,100.0,623.0,100.0,645757384.0,100.0,276940222.0
2018-06-11,ZCH0FJDM,ST12000NM0007,12000138625024,0,83,190452388,90,0,100,7,100,0,64,2588342,100,795,100,0,100,7,,,,,100.0,0.0,100.0,0.0,,,75.0,25.0,,,100.0,21.0,100.0,459.0,25,25,100,0,100,0,200,0,100.0,647.0,100.0,645766880.0,100.0,277139326.0
2018-06-12,ZCH0FJDM,ST12000NM0007,12000138625024,0,82,148346096,90,0,100,7,100,0,66,3827087,100,819,100,0,100,7,,,,,100.0,0.0,100.0,0.0,,,71.0,29.0,,,100.0,22.0,100.0,460.0,29,29,100,0,100,0,200,0,100.0,671.0,100.0,723044600.0,100.0,401896102.0
2018-06-13,ZCH0FJDM,ST12000NM0007,12000138625024,0,80,99939584,90,0,100,7,100,0,68,6548061,100,843,100,0,100,7,,,,,100.0,0.0,100.0,0.0,,,70.0,30.0,,,100.0,22.0,100.0,461.0,30,30,100,0,100,0,200,0,100.0,695.0,100.0,937290888.0,100.0,627524718.0
2018-06-14,ZCH0FJDM,ST12000NM0007,12000138625024,0,83,182841416,90,0,100,7,100,0,70,9846611,100,867,100,0,100,7,,,,,100.0,0.0,100.0,0.0,,,70.0,30.0,,,100.0,22.0,100.0,462.0,30,30,100,0,100,0,200,0,100.0,719.0,100.0,1246134608.0,100.0,889864198.0
2018-06-15,ZCH0FJDM,ST12000NM0007,12000138625024,0,84.0,239726256.0,90.0,0.0,100.0,7.0,100.0,0.0,71.0,13108620.0,99.0,891.0,100.0,0.0,100.0,7.0,,,,,100.0,0.0,100.0,0.0,,,70.0,30.0,,,100.0,22.0,100.0,463.0,30.0,30.0,100.0,0.0,100.0,0.0,200.0,0.0,100.0,743.0,100.0,1557642272.0,100.0,1123522902.0
2018-06-16,ZCH0FJDM,ST12000NM0007,12000138625024,0,79.0,78240008.0,90.0,0.0,100.0,7.0,100.0,0.0,72.0,16426123.0,99.0,915.0,100.0,0.0,100.0,7.0,,,,,100.0,0.0,100.0,0.0,,,71.0,29.0,,,100.0,22.0,100.0,464.0,29.0,29.0,100.0,0.0,100.0,0.0,200.0,0.0,100.0,767.0,100.0,1861177048.0,100.0,1390924118.0
2018-06-17,ZCH0FJDM,ST12000NM0007,12000138625024,0,77.0,45432048.0,90.0,0.0,100.0,7.0,100.0,0.0,73.0,19438621.0,99.0,938.0,100.0,0.0,100.0,7.0,,,,,100.0,0.0,100.0,0.0,,,71.0,29.0,,,100.0,22.0,100.0,465.0,29.0,29.0,100.0,0.0,100.0,0.0,200.0,0.0,100.0,790.0,100.0,2090619520.0,100.0,1616955454.0
2018-06-18,ZCH0FJDM,ST12000NM0007,12000138625024,0,80.0,93488776.0,90.0,0.0,100.0,7.0,100.0,0.0,74.0,22733244.0,99.0,963.0,100.0,0.0,100.0,7.0,,,,,100.0,0.0,100.0,0.0,,,70.0,30.0,,,100.0,22.0,100.0,466.0,30.0,30.0,100.0,0.0,100.0,0.0,200.0,0.0,100.0,815.0,100.0,2360379896.0,100.0,1883533390.0
2018-06-19,ZCH0FJDM,ST12000NM0007,12000138625024,0,78,65076440,90,0,100,7,100,0,74,25706814,99,986,100,0,100,7,,,,,100.0,0.0,100.0,0.0,,,74.0,26.0,,,100.0,22.0,100.0,467.0,26,26,100,0,100,0,200,0,100.0,838.0,100.0,2581861864.0,100.0,2121921022.0
2018-06-20,ZCH0FJDM,ST12000NM0007,12000138625024,0,79,85515744,89,0,100,8,100,0,75,28699097,99,1009,100,0,100,8,,,,,100.0,0.0,100.0,0.0,,,74.0,26.0,,,100.0,23.0,100.0,470.0,26,26,100,0,100,0,200,0,100.0,860.0,100.0,2833085176.0,100.0,2379418624.0
2018-06-21,ZCH0FJDM,ST12000NM0007,12000138625024,0,79,77491680,89,0,100,8,100,0,75,31772329,99,1032,100,0,100,8,,,,,100.0,0.0,100.0,0.0,,,74.0,26.0,,,100.0,23.0,100.0,471.0,26,26,100,0,100,0,200,0,100.0,884.0,100.0,3071800288.0,100.0,2620961128.0
2018-06-22,ZCH0FJDM,ST12000NM0007,12000138625024,0,81,133308880,89,0,100,8,100,0,75,35126066,99,1056,100,0,100,8,,,,,100.0,0.0,100.0,0.0,,,74.0,26.0,,,100.0,23.0,100.0,472.0,26,26,100,0,100,0,200,0,100.0,908.0,100.0,3332458440.0,100.0,2904401616.0
2018-06-23,ZCH0FJDM,ST12000NM0007,12000138625024,0,84,226722856,89,0,100,8,100,0,76,38671281,99,1081,100,0,100,8,,,,,100.0,0.0,100.0,0.0,,,74.0,26.0,,,100.0,23.0,100.0,473.0,26,26,100,0,100,0,200,0,100.0,933.0,100.0,3638989488.0,100.0,3179565904.0
2018-06-24,ZCH0FJDM,ST12000NM0007,12000138625024,0,77,48280792,89,0,100,8,100,0,76,42150617,99,1105,100,0,100,8,,,,,100.0,0.0,100.0,0.0,,,74.0,26.0,,,100.0,23.0,100.0,474.0,26,26,100,0,100,0,200,0,100.0,956.0,100.0,3933983200.0,100.0,3438552440.0
2018-06-25,ZCH0FJDM,ST12000NM0007,12000138625024,0,79,77411432,89,0,100,8,100,0,77,45549513,99,1129,100,0,100,8,,,,,100.0,0.0,100.0,0.0,,,74.0,26.0,,,100.0,23.0,100.0,475.0,26,26,100,0,100,0,200,0,100.0,980.0,100.0,4215498272.0,100.0,3674449440.0
2018-06-26,ZCH0FJDM,ST12000NM0007,12000138625024,0,81,131882080,89,0,100,8,100,0,77,49089640,99,1152,100,0,100,8,,,,,100.0,0.0,100.0,0.0,,,70.0,30.0,,,100.0,23.0,100.0,476.0,30,30,100,0,100,0,200,0,100.0,1003.0,100.0,4518167744.0,100.0,3914532168.0
2018-06-27,ZCH0FJDM,ST12000NM0007,12000138625024,0,83,205117720,89,0,100,8,100,0,77,52775405,99,1177,100,0,100,8,,,,,100.0,0.0,100.0,0.0,,,70.0,30.0,,,100.0,23.0,100.0,477.0,30,30,100,0,100,0,200,0,100.0,1028.0,100.0,4822387456.0,100.0,4171829496.0
2018-06-28,ZCH0FJDM,ST12000NM0007,12000138625024,0,80,106556792,89,0,100,8,100,0,78,56512406,99,1200,100,0,100,8,,,,,100.0,0.0,100.0,0.0,,,70.0,30.0,,,100.0,23.0,100.0,478.0,30,30,100,0,100,0,200,0,100.0,1051.0,100.0,5158163976.0,100.0,4469914272.0
2018-06-29,ZCH0FJDM,ST12000NM0007,12000138625024,0,76,38873288,89,0,100,8,100,0,78,60385012,99,1224,100,0,100,8,,,,,100.0,0.0,100.0,0.0,,,70.0,30.0,,,100.0,23.0,100.0,479.0,30,30,100,0,100,0,200,0,100.0,1075.0,100.0,5475286680.0,100.0,4817530728.0
2018-06-30,ZCH0FJDM,ST12000NM0007,12000138625024,0,71,14073160,89,0,100,8,100,0,78,64385197,99,1249,100,0,100,8,,,,,100.0,0.0,100.0,0.0,,,70.0,30.0,,,100.0,23.0,100.0,480.0,30,30,100,0,100,0,200,0,100.0,1100.0,100.0,5820309128.0,100.0,5180130376.0
2018-07-01,ZCH0FJDM,ST12000NM0007,12000138625024,0,79,88777320,89,0,100,8,100,0,78,67996299,99,1273,100,0,100,8,,,,,100.0,0.0,100.0,0.0,,,70.0,30.0,,,100.0,23.0,100.0,481.0,30,30,100,0,100,0,200,0,100.0,1124.0,100.0,6091641792.0,100.0,5471783560.0
2018-07-02,ZCH0FJDM,ST12000NM0007,12000138625024,0,82,159034288,89,0,100,8,100,0,79,71555285,99,1297,100,0,100,8,,,,,100.0,0.0,100.0,0.0,,,70.0,30.0,,,100.0,23.0,100.0,482.0,30,30,100,0,100,0,200,0,100.0,1147.0,100.0,6364935752.0,100.0,5757028456.0
2018-07-03,ZCH0FJDM,ST12000NM0007,12000138625024,0,83,201245752,89,0,100,8,100,0,79,75016652,99,1320,100,0,100,8,,,,,100.0,0.0,100.0,0.0,,,68.0,32.0,,,100.0,24.0,100.0,483.0,32,32,100,0,100,0,200,0,100.0,1171.0,100.0,6614173992.0,100.0,6038283144.0
2018-07-04,ZCH0FJDM,ST12000NM0007,12000138625024,0,77,53093504,89,0,100,8,100,0,79,78696519,99,1345,100,0,100,8,,,,,100.0,0.0,100.0,0.0,,,68.0,32.0,,,100.0,24.0,100.0,484.0,32,32,100,0,100,0,200,0,100.0,1195.0,100.0,6909991240.0,100.0,6326735840.0
2018-07-05,ZCH0FJDM,ST12000NM0007,12000138625024,0,81,116476320,89,0,100,8,100,0,79,82385924,99,1369,100,0,100,8,,,,,100.0,0.0,100.0,0.0,,,68.0,32.0,,,100.0,24.0,100.0,485.0,32,32,100,0,100,0,200,0,100.0,1219.0,100.0,7196092600.0,100.0,6592298872.0
2018-07-06,ZCH0FJDM,ST12000NM0007,12000138625024,0,81,129597080,89,0,100,8,100,0,79,85845199,99,1392,100,0,100,8,,,,,100.0,0.0,100.0,0.0,,,73.0,27.0,,,100.0,24.0,100.0,486.0,27,27,100,0,100,0,200,0,100.0,1243.0,100.0,7492020400.0,100.0,6797773240.0
2018-07-07,ZCH0FJDM,ST12000NM0007,12000138625024,0,83,208339056,89,0,100,8,100,0,80,89517786,99,1417,100,0,100,8,,,,,100.0,0.0,100.0,0.0,,,68.0,32.0,,,100.0,24.0,100.0,487.0,32,32,100,0,100,0,200,0,100.0,1267.0,100.0,7792143824.0,100.0,7064673216.0
2018-07-08,ZCH0FJDM,ST12000NM0007,12000138625024,0,78,63579648,89,0,100,8,100,0,80,93248985,99,1441,100,0,100,8,,,,,100.0,0.0,100.0,0.0,,,70.0,30.0,,,100.0,24.0,100.0,488.0,30,30,100,0,100,0,200,0,100.0,1291.0,100.0,8094618984.0,100.0,7349861192.0
2018-07-09,ZCH0FJDM,ST12000NM0007,12000138625024,0,77,49799312,89,0,100,8,100,0,80,96324334,99,1465,100,0,100,8,,,,,100.0,0.0,100.0,0.0,,,69.0,31.0,,,100.0,25.0,100.0,489.0,31,31,100,0,100,0,200,0,100.0,1315.0,100.0,8266199640.0,100.0,7652781912.0
2018-07-10,ZCH0FJDM,ST12000NM0007,12000138625024,0,83.0,189471216.0,89.0,0.0,100.0,8.0,100.0,0.0,80.0,99204309.0,99.0,1490.0,100.0,0.0,100.0,8.0,,,,,100.0,0.0,100.0,0.0,,,73.0,27.0,,,100.0,26.0,100.0,490.0,27.0,27.0,100.0,0.0,100.0,0.0,200.0,0.0,100.0,1340.0,100.0,8418252840.0,100.0,7884541312.0
2018-07-11,ZCH0FJDM,ST12000NM0007,12000138625024,0,83,213606472,89,0,100,8,100,0,80,102307864,99,1510,100,0,100,8,,,,,100.0,0.0,100.0,0.0,,,71.0,29.0,,,100.0,26.0,100.0,490.0,29,29,100,0,100,0,200,0,100.0,1360.0,100.0,8565971416.0,100.0,8249239336.0
2018-07-12,ZCH0FJDM,ST12000NM0007,12000138625024,0,82,163160744,89,0,100,8,100,0,80,106288839,99,1536,100,0,100,8,,,,,100.0,0.0,100.0,0.0,,,71.0,29.0,,,100.0,26.0,100.0,491.0,29,29,100,0,100,0,200,0,100.0,1386.0,100.0,8848099752.0,100.0,8649087328.0
2018-07-13,ZCH0FJDM,ST12000NM0007,12000138625024,0,78,61841288,89,0,100,8,100,0,80,110111919,99,1561,100,0,100,8,,,,,100.0,0.0,100.0,0.0,,,70.0,30.0,,,100.0,26.0,100.0,493.0,30,30,100,0,100,0,200,0,100.0,1410.0,100.0,9111591984.0,100.0,9016697960.0
2018-07-14,ZCH0FJDM,ST12000NM0007,12000138625024,0,80,110758680,89,0,100,8,100,0,81,113578177,99,1586,100,0,100,8,,,,,100.0,0.0,100.0,0.0,,,71.0,29.0,,,100.0,26.0,100.0,494.0,29,29,100,0,100,0,200,0,100.0,1434.0,100.0,9377067760.0,100.0,9288421304.0
2018-07-15,ZCH0FJDM,ST12000NM0007,12000138625024,0,83,182786112,89,0,100,8,100,0,81,115779800,99,1601,100,0,100,8,,,,,100.0,0.0,100.0,0.0,,,70.0,30.0,,,100.0,26.0,100.0,495.0,30,30,100,0,100,0,200,0,100.0,1450.0,100.0,9512563768.0,100.0,9469093400.0
2018-07-16,ZCH0FJDM,ST12000NM0007,12000138625024,0,81,126115648,89,0,100,8,100,0,81,120464120,99,1634,100,0,100,8,,,,,100.0,0.0,100.0,0.0,,,71.0,29.0,,,100.0,26.0,100.0,496.0,29,29,100,0,100,0,200,0,100.0,1482.0,100.0,9844133496.0,100.0,9813275624.0
2018-07-17,ZCH0FJDM,ST12000NM0007,12000138625024,0,80,101731704,89,0,100,8,100,0,81,123833324,99,1657,100,0,100,8,,,,,100.0,0.0,100.0,0.0,,,68.0,32.0,,,100.0,26.0,100.0,497.0,32,32,100,0,100,0,200,0,100.0,1506.0,100.0,10043832808.0,100.0,10077473888.0
2018-07-18,ZCH0FJDM,ST12000NM0007,12000138625024,0,84,226083272,89,0,100,8,100,0,81,126734275,99,1681,100,0,100,8,,,,,100.0,0.0,100.0,0.0,,,68.0,32.0,,,100.0,26.0,100.0,498.0,32,32,100,0,100,0,200,0,100.0,1529.0,100.0,10215156440.0,100.0,10274642472.0
2018-07-19,ZCH0FJDM,ST12000NM0007,12000138625024,0,82,153046616,89,0,100,8,100,0,81,129916265,99,1705,100,0,100,8,,,,,100.0,0.0,100.0,0.0,,,69.0,31.0,,,100.0,26.0,100.0,499.0,31,31,100,0,100,0,200,0,100.0,1554.0,100.0,10395225480.0,100.0,10509818320.0
2018-07-20,ZCH0FJDM,ST12000NM0007,12000138625024,0,81,121637232,89,0,100,8,100,0,81,133284118,99,1729,100,0,100,8,,,,,100.0,0.0,100.0,0.0,,,68.0,32.0,,,100.0,26.0,100.0,500.0,32,32,100,0,100,0,200,0,100.0,1578.0,100.0,10603827536.0,100.0,10758088184.0
2018-07-21,ZCH0FJDM,ST12000NM0007,12000138625024,0,79,74600016,89,0,100,8,100,0,81,136567291,98,1753,100,0,100,8,,,,,100.0,0.0,100.0,0.0,,,68.0,32.0,,,100.0,26.0,100.0,501.0,32,32,100,0,100,0,200,0,100.0,1601.0,100.0,10812697960.0,100.0,10990462040.0
2018-07-22,ZCH0FJDM,ST12000NM0007,12000138625024,0,76,38251920,89,0,100,8,100,0,81,140048635,98,1778,100,0,100,8,,,,,100.0,0.0,100.0,0.0,,,68.0,32.0,,,100.0,26.0,100.0,502.0,32,32,100,0,100,0,200,0,100.0,1626.0,100.0,11002660600.0,100.0,11252432744.0
2018-07-23,ZCH0FJDM,ST12000NM0007,12000138625024,0,83,210476168,89,0,100,8,100,0,82,143154417,98,1801,100,0,100,8,,,,,100.0,0.0,100.0,0.0,,,68.0,32.0,,,100.0,26.0,100.0,503.0,32,32,100,0,100,0,200,0,100.0,1649.0,100.0,11205742384.0,100.0,11465716248.0
2018-07-24,ZCH0FJDM,ST12000NM0007,12000138625024,0,80,105113648,89,0,100,8,100,0,82,146059782,98,1825,100,0,100,8,,,,,100.0,0.0,100.0,0.0,,,71.0,29.0,,,100.0,26.0,100.0,504.0,29,29,100,0,100,0,200,0,100.0,1673.0,100.0,11383368888.0,100.0,11671009016.0
2018-07-25,ZCH0FJDM,ST12000NM0007,12000138625024,0,81.0,129804656.0,89.0,0.0,100.0,8.0,100.0,0.0,82.0,148167017.0,98.0,1841.0,100.0,0.0,100.0,8.0,,,,,100.0,0.0,100.0,0.0,,,69.0,31.0,,,100.0,27.0,100.0,505.0,31.0,31.0,100.0,0.0,100.0,0.0,200.0,0.0,100.0,1689.0,100.0,11507488656.0,100.0,11815720896.0
2018-07-26,ZCH0FJDM,ST12000NM0007,12000138625024,0,84,226776120,89,0,100,8,100,0,82,152536119,98,1873,100,0,100,8,,,,,100.0,0.0,100.0,0.0,,,70.0,30.0,,,100.0,27.0,100.0,507.0,30,30,100,0,100,0,200,0,100.0,1720.0,100.0,11786189128.0,100.0,12122273288.0
2018-07-27,ZCH0FJDM,ST12000NM0007,12000138625024,0,71,12453112,89,0,100,8,100,0,82,156041415,98,1896,100,0,100,8,,,,,100.0,0.0,100.0,0.0,,,71.0,29.0,,,100.0,27.0,100.0,507.0,29,29,100,0,100,0,200,0,100.0,1744.0,100.0,12022060696.0,100.0,12404500672.0
2018-07-28,ZCH0FJDM,ST12000NM0007,12000138625024,0,81,115943320,89,0,100,8,100,0,82,158614479,98,1915,100,0,100,8,,,,,100.0,0.0,100.0,0.0,,,71.0,29.0,,,100.0,27.0,100.0,508.0,29,29,100,0,100,0,200,0,100.0,1762.0,100.0,12174353832.0,100.0,12599838600.0
2018-07-30,ZCH0FJDM,ST12000NM0007,12000138625024,0,79,88719424,89,0,100,9,100,0,82,166611750,98,1968,100,0,100,9,,,,,100.0,0.0,100.0,0.0,,,69.0,31.0,,,100.0,28.0,100.0,512.0,31,31,100,0,100,0,200,0,100.0,1815.0,100.0,12735045056.0,100.0,13232627194.0
2018-07-31,ZCH0FJDM,ST12000NM0007,12000138625024,0,78,65721648,89,0,100,9,100,0,82,169896175,98,1991,100,0,100,9,,,,,100.0,0.0,100.0,0.0,,,69.0,31.0,,,100.0,28.0,100.0,513.0,31,31,100,0,100,0,200,0,100.0,1838.0,100.0,12929729392.0,100.0,13503226618.0
2018-08-01,ZCH0FJDM,ST12000NM0007,12000138625024,0,76,43112656,89,0,100,9,100,0,82,173113743,98,2015,100,0,100,9,,,,,100.0,0.0,100.0,0.0,,,69.0,31.0,,,100.0,28.0,100.0,514.0,31,31,100,0,100,0,200,0,100.0,1862.0,100.0,13130325000.0,100.0,13768303610.0
2018-08-02,ZCH0FJDM,ST12000NM0007,12000138625024,0,76,42411496,89,0,100,9,100,0,82,176554257,98,2039,100,0,100,9,,,,,100.0,0.0,100.0,0.0,,,70.0,30.0,,,100.0,28.0,100.0,515.0,30,30,100,0,100,0,200,0,100.0,1886.0,100.0,13347190072.0,100.0,14039019106.0
2018-08-03,ZCH0FJDM,ST12000NM0007,12000138625024,0,82,166327112,89,0,100,9,100,0,83,180344903,98,2064,100,0,100,9,,,,,100.0,0.0,100.0,0.0,,,70.0,30.0,,,100.0,28.0,100.0,516.0,30,30,100,0,100,0,200,0,100.0,1911.0,100.0,13627969528.0,100.0,14370436858.0
2018-08-04,ZCH0FJDM,ST12000NM0007,12000138625024,0,83,192151368,89,0,100,9,100,0,83,183867317,98,2088,100,0,100,9,,,,,100.0,0.0,100.0,0.0,,,70.0,30.0,,,100.0,28.0,100.0,517.0,30,30,100,0,100,0,200,0,100.0,1935.0,100.0,13863248632.0,100.0,14649263786.0
2018-08-05,ZCH0FJDM,ST12000NM0007,12000138625024,0,82,147960632,89,0,100,9,100,0,83,186991685,98,2111,100,0,100,9,,,,,100.0,0.0,100.0,0.0,,,69.0,31.0,,,100.0,28.0,100.0,518.0,31,31,100,0,100,0,200,0,100.0,1957.0,100.0,14067620360.0,100.0,14888982802.0
2018-08-06,ZCH0FJDM,ST12000NM0007,12000138625024,0,83,204463136,89,0,100,9,100,0,83,190613726,98,2136,100,0,100,9,,,,,100.0,0.0,100.0,0.0,,,70.0,30.0,,,100.0,28.0,100.0,519.0,30,30,100,0,100,0,200,0,100.0,1983.0,100.0,14329707808.0,100.0,15171679458.0
2018-08-07,ZCH0FJDM,ST12000NM0007,12000138625024,0,83,213397384,89,0,100,9,100,0,83,194047791,98,2160,100,0,100,9,,,,,100.0,0.0,100.0,0.0,,,69.0,31.0,,,100.0,28.0,100.0,520.0,31,31,100,0,100,0,200,0,100.0,2007.0,100.0,14541443560.0,100.0,15457159610.0
2018-08-08,ZCH0FJDM,ST12000NM0007,12000138625024,0,81,129529008,89,0,100,9,100,0,83,196897390,98,2183,100,0,100,9,,,,,100.0,0.0,100.0,0.0,,,69.0,31.0,,,100.0,28.0,100.0,521.0,31,31,100,0,100,0,200,0,100.0,2029.0,100.0,14728398192.0,100.0,15674618162.0
2018-08-09,ZCH0FJDM,ST12000NM0007,12000138625024,0,80,93309536,89,0,100,9,100,0,83,199994475,98,2205,100,0,100,9,,,,,100.0,0.0,100.0,0.0,,,68.0,32.0,,,100.0,28.0,100.0,522.0,32,32,100,0,100,0,200,0,100.0,2051.0,100.0,14949092800.0,100.0,15905985346.0
2018-08-10,ZCH0FJDM,ST12000NM0007,12000138625024,0,81,120812056,89,0,100,9,100,0,83,203412538,98,2228,100,0,100,9,,,,,100.0,0.0,100.0,0.0,,,68.0,32.0,,,100.0,28.0,100.0,523.0,32,32,100,0,100,0,200,0,100.0,2074.0,100.0,15179373936.0,100.0,16191488394.0
2018-08-11,ZCH0FJDM,ST12000NM0007,12000138625024,0,80,104944728,89,0,100,9,100,0,83,206782823,98,2252,100,0,100,9,,,,,100.0,0.0,100.0,0.0,,,68.0,32.0,,,100.0,29.0,100.0,524.0,32,32,100,0,100,0,200,0,100.0,2098.0,100.0,15395717776.0,100.0,16447558874.0
2018-08-12,ZCH0FJDM,ST12000NM0007,12000138625024,0,78,64971408,89,0,100,9,100,0,83,209978369,98,2276,100,0,100,9,,,,,100.0,0.0,100.0,0.0,,,68.0,32.0,,,100.0,29.0,100.0,525.0,32,32,100,0,100,0,200,0,100.0,2121.0,100.0,15601536336.0,100.0,16690048594.0
2018-08-13,ZCH0FJDM,ST12000NM0007,12000138625024,0,83,205974208,89,0,100,9,100,0,83,213908348,98,2301,100,0,100,9,,,,,100.0,0.0,100.0,0.0,,,69.0,31.0,,,100.0,29.0,100.0,527.0,31,31,100,0,100,0,200,0,100.0,2147.0,100.0,15883750504.0,100.0,17037118642.0
2018-08-14,ZCH0FJDM,ST12000NM0007,12000138625024,0,80.0,103575040.0,89.0,0.0,100.0,9.0,100.0,0.0,83.0,216739774.0,98.0,2324.0,100.0,0.0,100.0,9.0,,,,,100.0,0.0,100.0,0.0,,,67.0,33.0,,,100.0,29.0,100.0,527.0,33.0,33.0,100.0,0.0,100.0,0.0,200.0,0.0,100.0,2169.0,100.0,16021983880.0,100.0,17284767738.0
2018-08-15,ZCH0FJDM,ST12000NM0007,12000138625024,0,79.0,86607248.0,89.0,0.0,100.0,9.0,100.0,0.0,83.0,220387409.0,98.0,2349.0,100.0,0.0,100.0,9.0,,,,,100.0,0.0,100.0,0.0,,,67.0,33.0,,,100.0,29.0,100.0,529.0,33.0,33.0,100.0,0.0,100.0,0.0,200.0,0.0,100.0,2194.0,100.0,16251019208.0,100.0,17527046018.0
2018-08-16,ZCH0FJDM,ST12000NM0007,12000138625024,0,83,219191360,89,0,100,9,100,0,84,224663847,98,2377,100,0,100,9,,,,,100.0,0.0,100.0,0.0,,,68.0,32.0,,,100.0,29.0,100.0,530.0,32,32,100,0,100,0,200,0,100.0,2223.0,100.0,16567131592.0,100.0,17831799226.0
2018-08-17,ZCH0FJDM,ST12000NM0007,12000138625024,0,84,226996688,89,0,100,9,100,0,84,228151741,98,2402,100,0,100,9,,,,,100.0,0.0,100.0,0.0,,,68.0,32.0,,,100.0,29.0,100.0,531.0,32,32,100,0,100,0,200,0,100.0,2247.0,100.0,16793540216.0,100.0,18101477258.0
2018-08-18,ZCH0FJDM,ST12000NM0007,12000138625024,0,84,238477944,89,0,100,9,100,0,84,231625450,98,2425,100,0,100,9,,,,,100.0,0.0,100.0,0.0,,,68.0,32.0,,,100.0,29.0,100.0,532.0,32,32,100,0,100,0,200,0,100.0,2270.0,100.0,17043143648.0,100.0,18351636898.0
2018-08-19,ZCH0FJDM,ST12000NM0007,12000138625024,0,84,239019576,89,0,100,9,100,0,84,234890053,98,2448,100,0,100,9,,,,,100.0,0.0,100.0,0.0,,,68.0,32.0,,,100.0,29.0,100.0,533.0,32,32,100,0,100,0,200,0,100.0,2293.0,100.0,17253353520.0,100.0,18630249922.0
2018-08-20,ZCH0FJDM,ST12000NM0007,12000138625024,0,75,33862480,89,0,100,9,100,0,84,238494372,98,2474,100,0,100,9,,,,,100.0,0.0,100.0,0.0,,,69.0,31.0,,,100.0,29.0,100.0,534.0,31,31,100,0,100,0,200,0,100.0,2319.0,100.0,17502196360.0,100.0,18908672226.0
2018-08-21,ZCH0FJDM,ST12000NM0007,12000138625024,0,80,107922864,89,0,100,9,100,0,84,240932418,98,2498,100,0,100,9,,,,,100.0,0.0,100.0,0.0,,,70.0,30.0,,,100.0,29.0,100.0,535.0,30,30,100,0,100,0,200,0,100.0,2343.0,100.0,17601997512.0,100.0,19127072250.0
2018-08-22,ZCH0FJDM,ST12000NM0007,12000138625024,0,77,52369888,89,0,100,9,100,0,84,244179293,98,2522,100,0,100,9,,,,,100.0,0.0,100.0,0.0,,,68.0,32.0,,,100.0,29.0,100.0,536.0,32,32,100,0,100,0,200,0,100.0,2366.0,100.0,17770091920.0,100.0,19391706762.0
2018-08-23,ZCH0FJDM,ST12000NM0007,12000138625024,0,79,71244008,89,0,100,9,100,0,84,247618463,98,2545,100,0,100,9,,,,,100.0,0.0,100.0,0.0,,,69.0,31.0,,,100.0,29.0,100.0,537.0,31,31,100,0,100,0,200,0,100.0,2390.0,100.0,18023851616.0,100.0,19645102674.0
2018-08-24,ZCH0FJDM,ST12000NM0007,12000138625024,0,82,142074664,89,0,100,9,100,0,84,251326255,98,2570,100,0,100,9,,,,,100.0,0.0,100.0,0.0,,,69.0,31.0,,,100.0,29.0,100.0,538.0,31,31,100,0,100,0,200,0,100.0,2415.0,100.0,18325768056.0,100.0,19902298530.0
2018-08-25,ZCH0FJDM,ST12000NM0007,12000138625024,0,82,168284536,89,0,100,9,100,0,84,254800269,98,2593,100,0,100,9,,,,,100.0,0.0,100.0,0.0,,,70.0,30.0,,,100.0,29.0,100.0,539.0,30,30,100,0,100,0,200,0,100.0,2438.0,100.0,18542459560.0,100.0,20200098370.0
2018-08-26,ZCH0FJDM,ST12000NM0007,12000138625024,0,83,196546168,89,0,100,9,100,0,84,258380118,98,2618,100,0,100,9,,,,,100.0,0.0,100.0,0.0,,,69.0,31.0,,,100.0,29.0,100.0,540.0,31,31,100,0,100,0,200,0,100.0,2462.0,100.0,18790877656.0,100.0,20468223610.0
2018-08-27,ZCH0FJDM,ST12000NM0007,12000138625024,0,83,203248928,89,0,100,9,100,0,84,261735506,97,2642,100,0,100,9,,,,,100.0,0.0,100.0,0.0,,,68.0,32.0,,,100.0,29.0,100.0,541.0,32,32,100,0,100,0,200,0,100.0,2486.0,100.0,19027304400.0,100.0,20726781450.0
2018-08-28,ZCH0FJDM,ST12000NM0007,12000138625024,0,69,8886760,89,0,100,9,100,0,84,265264098,97,2666,100,0,100,9,,,,,100.0,0.0,100.0,0.0,,,69.0,31.0,,,100.0,29.0,100.0,542.0,31,31,100,0,100,0,200,0,100.0,2511.0,100.0,19230940496.0,100.0,21061205890.0
2018-08-29,ZCH0FJDM,ST12000NM0007,12000138625024,0,84,237203304,89,0,100,9,100,0,84,268600911,97,2688,100,0,100,9,,,,,100.0,0.0,100.0,0.0,,,69.0,31.0,,,100.0,29.0,100.0,543.0,31,31,100,0,100,0,200,0,100.0,2533.0,100.0,19452710568.0,100.0,21311893042.0
2018-08-30,ZCH0FJDM,ST12000NM0007,12000138625024,0,82,170427760,89,0,100,9,100,0,84,271494757,97,2707,100,0,100,9,,,,,100.0,0.0,100.0,0.0,,,70.0,30.0,,,100.0,29.0,100.0,544.0,30,30,100,0,100,0,200,0,100.0,2551.0,100.0,19651109280.0,100.0,21535000210.0
2018-08-31,ZCH0FJDM,ST12000NM0007,12000138625024,0,84,225772704,89,0,100,9,100,0,84,275000558,97,2732,100,0,100,9,,,,,100.0,0.0,100.0,0.0,,,68.0,32.0,,,100.0,29.0,100.0,545.0,32,32,100,0,100,0,200,0,100.0,2576.0,100.0,19881149896.0,100.0,21848586146.0
2018-09-01,ZCH0FJDM,ST12000NM0007,12000138625024,0,74,27165304,89,0,100,9,100,0,84,278459208,97,2755,100,0,100,9,,,,,100.0,0.0,100.0,0.0,,,68.0,32.0,,,100.0,29.0,100.0,546.0,32,32,100,0,100,0,200,0,100.0,2599.0,100.0,20151890592.0,100.0,22111660482.0
2018-09-02,ZCH0FJDM,ST12000NM0007,12000138625024,0,78,66951968,89,0,100,9,100,0,85,281935790,97,2780,100,0,100,9,,,,,100.0,0.0,100.0,0.0,,,67.0,33.0,,,100.0,29.0,100.0,547.0,33,33,100,0,100,0,200,0,100.0,2624.0,100.0,20425018496.0,100.0,22366600754.0
2018-09-03,ZCH0FJDM,ST12000NM0007,12000138625024,0,75,35215928,89,0,100,9,100,0,85,285305608,97,2803,100,0,100,9,,,,,100.0,0.0,100.0,0.0,,,67.0,33.0,,,100.0,29.0,100.0,548.0,33,33,100,0,100,0,200,0,100.0,2647.0,100.0,20642558912.0,100.0,22605605810.0
2018-09-04,ZCH0FJDM,ST12000NM0007,12000138625024,0,77,48049496,89,0,100,9,100,0,85,288851855,97,2827,100,0,100,9,,,,,100.0,0.0,100.0,0.0,,,68.0,32.0,,,100.0,29.0,100.0,549.0,32,32,100,0,100,0,200,0,100.0,2671.0,100.0,20850016960.0,100.0,22899263730.0
2018-09-05,ZCH0FJDM,ST12000NM0007,12000138625024,0,79,79727344,89,0,100,9,100,0,85,292519598,97,2852,100,0,100,9,,,,,100.0,0.0,100.0,0.0,,,61.0,39.0,,,100.0,29.0,100.0,550.0,39,39,100,0,100,0,200,0,100.0,2696.0,100.0,21111522016.0,100.0,23157718226.0
2018-09-06,ZCH0FJDM,ST12000NM0007,12000138625024,0,84,234119104,89,0,100,9,100,0,85,296676267,97,2880,100,0,100,9,,,,,100.0,0.0,100.0,0.0,,,61.0,39.0,,,100.0,29.0,100.0,551.0,39,39,100,0,100,0,200,0,100.0,2724.0,100.0,21441034368.0,100.0,23470879162.0
2018-09-07,ZCH0FJDM,ST12000NM0007,12000138625024,0,84,224804160,89,0,100,9,100,0,85,299889086,97,2902,100,0,100,9,,,,,100.0,0.0,100.0,0.0,,,61.0,39.0,,,100.0,29.0,100.0,552.0,39,39,100,0,100,0,200,0,100.0,2746.0,100.0,21678752360.0,100.0,23712127658.0
2018-09-08,ZCH0FJDM,ST12000NM0007,12000138625024,0,78,69888208,89,0,100,9,100,0,85,303532721,97,2926,100,0,100,9,,,,,100.0,0.0,100.0,0.0,,,61.0,39.0,,,100.0,29.0,100.0,553.0,39,39,100,0,100,0,200,0,100.0,2770.0,100.0,21969109096.0,100.0,23999277402.0
2018-09-09,ZCH0FJDM,ST12000NM0007,12000138625024,0,83,191792816,89,0,100,9,100,0,85,307252027,97,2951,100,0,100,9,,,,,100.0,0.0,100.0,0.0,,,61.0,39.0,,,100.0,29.0,100.0,554.0,39,39,100,0,100,0,200,0,100.0,2794.0,100.0,22252548352.0,100.0,24326024258.0
2018-09-10,ZCH0FJDM,ST12000NM0007,12000138625024,0,70,9221480,89,0,100,9,100,0,85,310924780,97,2975,100,0,100,9,,,,,100.0,0.0,100.0,0.0,,,61.0,39.0,,,100.0,29.0,100.0,555.0,39,39,100,0,100,0,200,0,100.0,2818.0,100.0,22541996080.0,100.0,24586427426.0
2018-09-11,ZCH0FJDM,ST12000NM0007,12000138625024,0,81,120177016,89,0,100,9,100,0,85,314811969,97,2999,100,0,100,9,,,,,100.0,0.0,100.0,0.0,,,60.0,40.0,,,100.0,29.0,100.0,556.0,40,40,100,0,100,0,200,0,100.0,2842.0,100.0,22797810632.0,100.0,24929850082.0
2018-09-12,ZCH0FJDM,ST12000NM0007,12000138625024,0,84,235812080,89,0,100,9,100,0,85,318719543,97,3024,100,0,100,9,,,,,100.0,0.0,100.0,0.0,,,61.0,39.0,,,100.0,29.0,100.0,557.0,39,39,100,0,100,0,200,0,100.0,2867.0,100.0,23096497008.0,100.0,25235080146.0
2018-09-13,ZCH0FJDM,ST12000NM0007,12000138625024,0,84,232516240,89,0,100,9,100,0,85,322139615,97,3046,100,0,100,9,,,,,100.0,0.0,100.0,0.0,,,61.0,39.0,,,100.0,29.0,100.0,558.0,39,39,100,0,100,0,200,0,100.0,2889.0,100.0,23350274064.0,100.0,25466288706.0
2018-09-14,ZCH0FJDM,ST12000NM0007,12000138625024,0,77,44714408,89,0,100,9,100,0,85,325823047,97,3070,100,0,100,9,,,,,100.0,0.0,100.0,0.0,,,61.0,39.0,,,100.0,29.0,100.0,559.0,39,39,100,0,100,0,200,0,100.0,2913.0,100.0,23604521376.0,100.0,25756662154.0
2018-09-15,ZCH0FJDM,ST12000NM0007,12000138625024,0,78,68974016,89,0,100,9,100,0,85,329442211,97,3094,100,0,100,9,,,,,100.0,0.0,100.0,0.0,,,61.0,39.0,,,100.0,29.0,100.0,560.0,39,39,100,0,100,0,200,0,100.0,2937.0,100.0,23838010224.0,100.0,26035714442.0
2018-09-16,ZCH0FJDM,ST12000NM0007,12000138625024,0,78,57913760,89,0,100,9,100,0,85,332954715,97,3118,100,0,100,9,,,,,100.0,0.0,100.0,0.0,,,61.0,39.0,,,100.0,29.0,100.0,561.0,39,39,100,0,100,0,200,0,100.0,2961.0,100.0,24084563664.0,100.0,26266382450.0
2018-09-17,ZCH0FJDM,ST12000NM0007,12000138625024,0,79,79176056,89,0,100,9,100,0,85,336663541,97,3143,100,0,100,9,,,,,100.0,0.0,100.0,0.0,,,61.0,39.0,,,100.0,29.0,100.0,562.0,39,39,100,0,100,0,200,0,100.0,2985.0,100.0,24340371240.0,100.0,26520118602.0
2018-09-18,ZCH0FJDM,ST12000NM0007,12000138625024,0,79,75121368,89,0,100,9,100,0,85,340151029,97,3165,100,0,100,9,,,,,100.0,0.0,100.0,0.0,,,63.0,37.0,,,100.0,29.0,100.0,563.0,37,37,100,0,100,0,200,0,100.0,3008.0,100.0,24554210696.0,100.0,26790506106.0
2018-09-19,ZCH0FJDM,ST12000NM0007,12000138625024,0,80,98356856,89,0,100,9,100,0,85,343882032,97,3189,100,0,100,9,,,,,100.0,0.0,100.0,0.0,,,62.0,38.0,,,100.0,29.0,100.0,564.0,38,38,100,0,100,0,200,0,100.0,3032.0,100.0,24793037840.0,100.0,27063196130.0
2018-09-20,ZCH0FJDM,ST12000NM0007,12000138625024,0,72,14186472,89,0,100,9,100,0,85,347490467,97,3214,100,0,100,9,,,,,100.0,0.0,100.0,0.0,,,60.0,40.0,,,100.0,29.0,100.0,565.0,40,40,100,0,100,0,200,0,100.0,3057.0,100.0,24988860800.0,100.0,27271484546.0
2018-09-21,ZCH0FJDM,ST12000NM0007,12000138625024,0,83,201844528,89,0,100,9,100,0,85,350849889,97,3237,100,0,100,9,,,,,100.0,0.0,100.0,0.0,,,63.0,37.0,,,100.0,29.0,100.0,566.0,37,37,100,0,100,0,200,0,100.0,3080.0,100.0,25166124528.0,100.0,27526019506.0
2018-09-22,ZCH0FJDM,ST12000NM0007,12000138625024,0,80,103494568,89,0,100,9,100,0,85,354084651,97,3261,100,0,100,9,,,,,100.0,0.0,100.0,0.0,,,62.0,38.0,,,100.0,29.0,100.0,567.0,38,38,100,0,100,0,200,0,100.0,3103.0,100.0,25350459624.0,100.0,27731616042.0
2018-09-23,ZCH0FJDM,ST12000NM0007,12000138625024,0,72,14578144,89,0,100,9,100,0,86,357676897,97,3285,100,0,100,9,,,,,100.0,0.0,100.0,0.0,,,62.0,38.0,,,100.0,29.0,100.0,568.0,38,38,100,0,100,0,200,0,100.0,3128.0,100.0,25518766264.0,100.0,27962674450.0
2018-09-24,ZCH0FJDM,ST12000NM0007,12000138625024,0,84,229606896,89,0,100,9,100,0,86,361550370,97,3309,100,0,100,9,,,,,100.0,0.0,100.0,0.0,,,62.0,38.0,,,100.0,29.0,100.0,569.0,38,38,100,0,100,0,200,0,100.0,3152.0,100.0,25711501104.0,100.0,28229109210.0
2018-09-25,ZCH0FJDM,ST12000NM0007,12000138625024,0,84,235011376,89,0,100,9,100,0,86,365262504,97,3334,100,0,100,9,,,,,100.0,0.0,100.0,0.0,,,64.0,36.0,,,100.0,29.0,100.0,570.0,36,36,100,0,100,0,200,0,100.0,3176.0,100.0,25877946704.0,100.0,28556349690.0
2018-09-26,ZCH0FJDM,ST12000NM0007,12000138625024,0,83,184703168,89,0,100,9,100,0,86,368703484,97,3357,100,0,100,9,,,,,100.0,0.0,100.0,0.0,,,64.0,36.0,,,100.0,29.0,100.0,571.0,36,36,100,0,100,0,200,0,100.0,3199.0,100.0,26057893888.0,100.0,28814375930.0
2018-09-27,ZCH0FJDM,ST12000NM0007,12000138625024,0,80,104596128,89,0,100,9,100,0,86,372030601,97,3380,100,0,100,9,,,,,100.0,0.0,100.0,0.0,,,64.0,36.0,,,100.0,29.0,100.0,572.0,36,36,100,0,100,0,200,0,100.0,3222.0,100.0,26242239488.0,100.0,29038205210.0
2018-09-28,ZCH0FJDM,ST12000NM0007,12000138625024,0,79,83575960,89,0,100,9,100,0,86,375862887,97,3405,100,0,100,9,,,,,100.0,0.0,100.0,0.0,,,65.0,35.0,,,100.0,29.0,100.0,573.0,35,35,100,0,100,0,200,0,100.0,3247.0,100.0,26421812696.0,100.0,29325893410.0
2018-09-29,ZCH0FJDM,ST12000NM0007,12000138625024,0,79,78388344,89,0,100,9,100,0,86,379598952,97,3429,100,0,100,9,,,,,100.0,0.0,100.0,0.0,,,64.0,36.0,,,100.0,29.0,100.0,574.0,36,36,100,0,100,0,200,0,100.0,3271.0,100.0,26586513824.0,100.0,29644286514.0
2018-09-30,ZCH0FJDM,ST12000NM0007,12000138625024,0,84,224303208,89,0,100,9,100,0,86,382904444,97,3453,100,0,100,9,,,,,100.0,0.0,100.0,0.0,,,65.0,35.0,,,100.0,29.0,100.0,575.0,35,35,100,0,100,0,200,0,100.0,3295.0,100.0,26724480184.0,100.0,29896376122.0
2018-10-01,ZCH0FJDM,ST12000NM0007,12000138625024,0,84,232489280,89,0,100,9,100,0,86,386855744,97,3477,100,0,100,9,,,,,100.0,0.0,100.0,0.0,,,64.0,36.0,,,100.0,29.0,100.0,576.0,36,36,100,0,100,0,200,0,100.0,3319.0,100.0,26891474144.0,100.0,30225849994.0
2018-10-02,ZCH0FJDM,ST12000NM0007,12000138625024,0,82,144563856,89,0,100,9,100,0,86,390824487,97,3500,100,0,100,9,,,,,100.0,0.0,100.0,0.0,,,65.0,35.0,,,100.0,29.0,100.0,577.0,35,35,100,0,100,0,200,0,100.0,3342.0,100.0,27032723104.0,100.0,30484957114.0
2018-10-03,ZCH0FJDM,ST12000NM0007,12000138625024,0,65,3057416,89,0,100,9,100,0,86,394264774,96,3524,100,0,100,9,,,,,100.0,0.0,100.0,0.0,,,64.0,36.0,,,100.0,29.0,100.0,578.0,36,36,100,0,100,0,200,0,100.0,3366.0,100.0,27168888552.0,100.0,30695566738.0
2018-10-04,ZCH0FJDM,ST12000NM0007,12000138625024,0,83.0,183347896.0,89.0,0.0,100.0,9.0,100.0,0.0,86.0,398189029.0,96.0,3549.0,100.0,0.0,100.0,9.0,,,,,100.0,0.0,100.0,0.0,,,63.0,37.0,,,100.0,29.0,100.0,579.0,37.0,37.0,100.0,0.0,100.0,0.0,200.0,0.0,100.0,3391.0,100.0,27348030560.0,100.0,30940855946.0
2018-10-05,ZCH0FJDM,ST12000NM0007,12000138625024,0,79,71700472,89,0,100,9,100,0,86,401617433,96,3573,100,0,100,9,,,,,100.0,0.0,100.0,0.0,,,64.0,36.0,,,100.0,29.0,100.0,580.0,36,36,100,0,100,0,200,0,100.0,3414.0,100.0,27472788248.0,100.0,31192732330.0
2018-10-06,ZCH0FJDM,ST12000NM0007,12000138625024,0,82,151312384,89,0,100,9,100,0,86,404520760,96,3597,100,0,100,9,,,,,100.0,0.0,100.0,0.0,,,63.0,37.0,,,100.0,29.0,100.0,581.0,37,37,100,0,100,0,200,0,100.0,3438.0,100.0,27560964672.0,100.0,31428308450.0
2018-10-07,ZCH0FJDM,ST12000NM0007,12000138625024,0,77,54035440,89,0,100,9,100,0,86,408086021,96,3621,100,0,100,9,,,,,100.0,0.0,100.0,0.0,,,63.0,37.0,,,100.0,29.0,100.0,582.0,37,37,100,0,100,0,200,0,100.0,3463.0,100.0,27694997632.0,100.0,31685280170.0
2018-10-08,ZCH0FJDM,ST12000NM0007,12000138625024,0,82,147386184,89,0,100,9,100,0,86,411126111,96,3645,100,0,100,9,,,,,100.0,0.0,100.0,0.0,,,64.0,36.0,,,100.0,29.0,100.0,583.0,36,36,100,0,100,0,200,0,100.0,3486.0,100.0,27808352280.0,100.0,31909416954.0
2018-10-09,ZCH0FJDM,ST12000NM0007,12000138625024,0,74.0,25354832.0,89.0,0.0,100.0,9.0,100.0,0.0,86.0,414460663.0,96.0,3669.0,100.0,0.0,100.0,9.0,,,,,100.0,0.0,100.0,0.0,,,66.0,34.0,,,100.0,30.0,100.0,584.0,34.0,34.0,100.0,0.0,100.0,0.0,200.0,0.0,100.0,3510.0,100.0,27932598568.0,100.0,32151420882.0
2018-10-10,ZCH0FJDM,ST12000NM0007,12000138625024,0,80,108335136,89,0,100,9,100,0,86,417242139,96,3693,100,0,100,9,,,,,100.0,0.0,100.0,0.0,,,66.0,34.0,,,100.0,30.0,100.0,585.0,34,34,100,0,100,0,200,0,100.0,3534.0,100.0,28034082232.0,100.0,32377058162.0
2018-10-11,ZCH0FJDM,ST12000NM0007,12000138625024,0,84,236620096,89,0,100,9,100,0,86,420448980,96,3717,100,0,100,9,,,,,100.0,0.0,100.0,0.0,,,66.0,34.0,,,100.0,31.0,100.0,586.0,34,34,100,0,100,0,200,0,100.0,3558.0,100.0,28160112776.0,100.0,32623453218.0
2018-10-12,ZCH0FJDM,ST12000NM0007,12000138625024,0,82,167660496,89,0,100,9,100,0,86,424029573,96,3740,100,0,100,9,,,,,100.0,0.0,100.0,0.0,,,66.0,34.0,,,100.0,31.0,100.0,587.0,34,34,100,0,100,0,200,0,100.0,3581.0,100.0,28273979000.0,100.0,32928909394.0
2018-10-13,ZCH0FJDM,ST12000NM0007,12000138625024,0,74,26138608,89,0,100,9,100,0,86,427956733,96,3765,100,0,100,9,,,,,100.0,0.0,100.0,0.0,,,65.0,35.0,,,100.0,32.0,100.0,588.0,35,35,100,0,100,0,200,0,100.0,3606.0,100.0,28369304104.0,100.0,33180343898.0
2018-10-14,ZCH0FJDM,ST12000NM0007,12000138625024,0,80,93514992,89,0,100,9,100,0,86,430691421,96,3788,100,0,100,9,,,,,100.0,0.0,100.0,0.0,,,65.0,35.0,,,100.0,32.0,100.0,589.0,35,35,100,0,100,0,200,0,100.0,3629.0,100.0,28453015576.0,100.0,33408149650.0
2018-10-15,ZCH0FJDM,ST12000NM0007,12000138625024,0,84,238025832,89,0,100,9,100,0,86,434190748,96,3813,100,0,100,9,,,,,100.0,0.0,100.0,0.0,,,66.0,34.0,,,100.0,32.0,100.0,590.0,34,34,100,0,100,0,200,0,100.0,3654.0,100.0,28564486560.0,100.0,33685330226.0
2018-10-16,ZCH0FJDM,ST12000NM0007,12000138625024,0,79,76792784,89,0,100,9,100,0,86,437247722,96,3836,100,0,100,9,,,,,100.0,0.0,100.0,0.0,,,66.0,34.0,,,100.0,32.0,100.0,591.0,34,34,100,0,100,0,200,0,100.0,3677.0,100.0,28665250640.0,100.0,33911614738.0
2018-10-17,ZCH0FJDM,ST12000NM0007,12000138625024,0,73,21373920,89,0,100,9,100,0,86,441163132,96,3861,100,0,100,9,,,,,100.0,0.0,100.0,0.0,,,67.0,33.0,,,100.0,32.0,100.0,592.0,33,33,100,0,100,0,200,0,100.0,3702.0,100.0,28809381664.0,100.0,34200346170.0
2018-10-18,ZCH0FJDM,ST12000NM0007,12000138625024,0,83,205129952,89,0,100,9,100,0,86,444788028,96,3889,100,0,100,9,,,,,100.0,0.0,100.0,0.0,,,67.0,33.0,,,100.0,32.0,100.0,593.0,33,33,100,0,100,0,200,0,100.0,3730.0,100.0,28967110288.0,100.0,34470514258.0
2018-10-19,ZCH0FJDM,ST12000NM0007,12000138625024,0,78,67533416,89,0,100,9,100,0,87,448179569,96,3913,100,0,100,9,,,,,100.0,0.0,100.0,0.0,,,66.0,34.0,,,100.0,32.0,100.0,594.0,34,34,100,0,100,0,200,0,100.0,3753.0,100.0,29077443776.0,100.0,34710865762.0
2018-10-20,ZCH0FJDM,ST12000NM0007,12000138625024,0,83,192415792,89,0,100,9,100,0,87,451519170,96,3938,100,0,100,9,,,,,100.0,0.0,100.0,0.0,,,66.0,34.0,,,100.0,32.0,100.0,595.0,34,34,100,0,100,0,200,0,100.0,3778.0,100.0,29194141144.0,100.0,34963191530.0
2018-10-21,ZCH0FJDM,ST12000NM0007,12000138625024,0,84,237204944,89,0,100,9,100,0,87,454389048,96,3961,100,0,100,9,,,,,100.0,0.0,100.0,0.0,,,66.0,34.0,,,100.0,32.0,100.0,596.0,34,34,100,0,100,0,200,0,100.0,3801.0,100.0,29281658664.0,100.0,35164603946.0
2018-10-22,ZCH0FJDM,ST12000NM0007,12000138625024,0,77,46029064,89,0,100,9,100,0,87,457662298,96,3985,100,0,100,9,,,,,100.0,0.0,100.0,0.0,,,67.0,33.0,,,100.0,32.0,100.0,597.0,33,33,100,0,100,0,200,0,100.0,3826.0,100.0,29385342176.0,100.0,35358025946.0
2018-10-23,ZCH0FJDM,ST12000NM0007,12000138625024,0,83,179871216,89,0,100,9,100,0,87,461446989,96,4009,100,0,100,9,,,,,100.0,0.0,100.0,0.0,,,63.0,37.0,,,100.0,32.0,100.0,598.0,37,37,100,0,100,0,200,0,100.0,3849.0,100.0,29502631264.0,100.0,35618719642.0
2018-10-25,ZCH0FJDM,ST12000NM0007,12000138625024,0,80,111187624,89,0,100,9,100,0,87,468687020,96,4054,100,0,100,9,,,,,100.0,0.0,100.0,0.0,,,67.0,33.0,,,100.0,32.0,100.0,600.0,33,33,100,0,100,0,200,0,100.0,3894.0,100.0,29758743376.0,100.0,36026346034.0
2018-10-26,ZCH0FJDM,ST12000NM0007,12000138625024,0,83,197269960,89,0,100,9,100,0,87,471979796,96,4079,100,0,100,9,,,,,100.0,0.0,100.0,0.0,,,67.0,33.0,,,100.0,32.0,100.0,601.0,33,33,100,0,100,0,200,0,100.0,3918.0,100.0,29874043872.0,100.0,36241268506.0
2018-10-27,ZCH0FJDM,ST12000NM0007,12000138625024,0,76,41227616,89,0,100,9,100,0,87,475104030,96,4103,100,0,100,9,,,,,100.0,0.0,100.0,0.0,,,68.0,32.0,,,100.0,33.0,100.0,602.0,32,32,100,0,100,0,200,0,100.0,3942.0,100.0,29972804016.0,100.0,36474747730.0
2018-10-28,ZCH0FJDM,ST12000NM0007,12000138625024,0,81,137753816,89,0,100,9,100,0,87,477765684,96,4127,100,0,100,9,,,,,100.0,0.0,100.0,0.0,,,67.0,33.0,,,100.0,33.0,100.0,603.0,33,33,100,0,100,0,200,0,100.0,3966.0,100.0,30065094400.0,100.0,36723124626.0
2018-10-29,ZCH0FJDM,ST12000NM0007,12000138625024,0,83,189636592,89,0,100,9,100,0,87,480964310,96,4150,100,0,100,9,,,,,100.0,0.0,100.0,0.0,,,67.0,33.0,,,100.0,33.0,100.0,604.0,33,33,100,0,100,0,200,0,100.0,3989.0,100.0,30158789984.0,100.0,36925452474.0
2018-10-30,ZCH0FJDM,ST12000NM0007,12000138625024,0,68,6946160,89,0,100,9,100,0,87,484826719,96,4174,100,0,100,9,,,,,100.0,0.0,100.0,0.0,,,66.0,34.0,,,100.0,34.0,100.0,605.0,34,34,100,0,100,0,200,0,100.0,4014.0,100.0,30252055296.0,100.0,37137778186.0
2018-10-31,ZCH0FJDM,ST12000NM0007,12000138625024,0,77,54522464,89.0,0.0,100.0,9.0,100.0,0.0,87.0,487453861.0,96,4198,100.0,0.0,100,9,,,,,100.0,0.0,100.0,0.0,,,66.0,34.0,,,100.0,34.0,100.0,606.0,34,34,100.0,0.0,100.0,0.0,200.0,0.0,100.0,4038.0,100.0,30361579288.0,100.0,37319971362.0
2018-11-01,ZCH0FJDM,ST12000NM0007,12000138625024,0,78,61880056,89.0,0.0,100.0,9.0,100.0,0.0,87.0,489769186.0,96,4219,100.0,0.0,100,9,,,,,100.0,0.0,100.0,0.0,,,63.0,37.0,,,100.0,34.0,100.0,607.0,37,37,100.0,0.0,100.0,0.0,200.0,0.0,100.0,4059.0,100.0,30451483224.0,100.0,37481565658.0
2018-11-02,ZCH0FJDM,ST12000NM0007,12000138625024,0,82,176099344,89.0,0.0,100.0,9.0,100.0,0.0,87.0,492941088.0,96,4243,100.0,0.0,100,9,,,,,100.0,0.0,100.0,0.0,,,63.0,37.0,,,100.0,34.0,100.0,608.0,37,37,100.0,0.0,100.0,0.0,200.0,0.0,100.0,4083.0,100.0,30561172088.0,100.0,37730236994.0
2018-11-03,ZCH0FJDM,ST12000NM0007,12000138625024,0,77,45774776,89.0,0.0,100.0,9.0,100.0,0.0,87.0,496060569.0,96,4267,100.0,0.0,100,9,,,,,100.0,0.0,100.0,0.0,,,63.0,37.0,,,100.0,34.0,100.0,609.0,37,37,100.0,0.0,100.0,0.0,200.0,0.0,100.0,4106.0,100.0,30674378760.0,100.0,37974987842.0
2018-11-04,ZCH0FJDM,ST12000NM0007,12000138625024,0,82,152151616,89.0,0.0,100.0,9.0,100.0,0.0,87.0,499800855.0,96,4292,100.0,0.0,100,9,,,,,100.0,0.0,100.0,0.0,,,63.0,37.0,,,100.0,35.0,100.0,611.0,37,37,100.0,0.0,100.0,0.0,200.0,0.0,100.0,4131.0,100.0,30800630768.0,100.0,38199253578.0
2018-11-05,ZCH0FJDM,ST12000NM0007,12000138625024,0,84,242604080,89.0,0.0,100.0,9.0,100.0,0.0,87.0,503215791.0,96,4315,100.0,0.0,100,9,,,,,100.0,0.0,100.0,0.0,,,63.0,37.0,,,100.0,35.0,100.0,612.0,37,37,100.0,0.0,100.0,0.0,200.0,0.0,100.0,4154.0,100.0,30915739608.0,100.0,38418737906.0
2018-11-06,ZCH0FJDM,ST12000NM0007,12000138625024,0,81.0,128984480.0,89.0,0.0,100.0,9.0,100.0,0.0,87.0,508590854.0,96.0,4340.0,100.0,0.0,100.0,9.0,,,,,100.0,0.0,100.0,0.0,,,62.0,38.0,,,100.0,35.0,100.0,613.0,38.0,38.0,100.0,0.0,100.0,0.0,200.0,0.0,100.0,4179.0,100.0,31001299288.0,100.0,38707840154.0
2018-11-07,ZCH0FJDM,ST12000NM0007,12000138625024,0,84.0,232170048.0,89.0,0.0,100.0,9.0,100.0,0.0,87.0,512071354.0,96.0,4364.0,100.0,0.0,100.0,9.0,,,,,100.0,0.0,100.0,0.0,,,61.0,39.0,,,100.0,35.0,100.0,614.0,39.0,39.0,100.0,0.0,100.0,0.0,200.0,0.0,100.0,4202.0,100.0,31100510912.0,100.0,38955954898.0
2018-11-08,ZCH0FJDM,ST12000NM0007,12000138625024,0,82.0,148590248.0,89.0,0.0,100.0,9.0,100.0,0.0,87.0,515688163.0,95.0,4393.0,100.0,0.0,100.0,9.0,,,,,100.0,0.0,100.0,0.0,,,61.0,39.0,,,100.0,36.0,100.0,615.0,39.0,39.0,100.0,0.0,100.0,0.0,200.0,0.0,100.0,4232.0,100.0,31230054888.0,100.0,39231112618.0
2018-11-09,ZCH0FJDM,ST12000NM0007,12000138625024,0,84,231020008,89.0,0.0,100.0,9.0,100.0,0.0,87.0,518753466.0,95,4417,100.0,0.0,100,9,,,,,100.0,0.0,100.0,0.0,,,61.0,39.0,,,100.0,36.0,100.0,616.0,39,39,100.0,0.0,100.0,0.0,200.0,0.0,100.0,4255.0,100.0,31311907832.0,100.0,39475830250.0
2018-11-10,ZCH0FJDM,ST12000NM0007,12000138625024,0,75,30625704,89.0,0.0,100.0,9.0,100.0,0.0,87.0,521167033.0,95,4441,100.0,0.0,100,9,,,,,100.0,0.0,100.0,0.0,,,62.0,38.0,,,100.0,36.0,100.0,617.0,38,38,100.0,0.0,100.0,0.0,200.0,0.0,100.0,4279.0,100.0,31385504728.0,100.0,39690120698.0
2018-11-11,ZCH0FJDM,ST12000NM0007,12000138625024,0,80,109435592,89.0,0.0,100.0,9.0,100.0,0.0,87.0,523921760.0,95,4465,100.0,0.0,100,9,,,,,100.0,0.0,100.0,0.0,,,62.0,38.0,,,100.0,36.0,100.0,618.0,38,38,100.0,0.0,100.0,0.0,200.0,0.0,100.0,4303.0,100.0,31457827880.0,100.0,39940748170.0
2018-11-12,ZCH0FJDM,ST12000NM0007,12000138625024,0,81,137425024,89.0,0.0,100.0,9.0,100.0,0.0,87.0,526632085.0,95,4490,100.0,0.0,100,9,,,,,100.0,0.0,100.0,0.0,,,62.0,38.0,,,100.0,36.0,100.0,619.0,38,38,100.0,0.0,100.0,0.0,200.0,0.0,100.0,4328.0,100.0,31520086472.0,100.0,40150619690.0
2018-11-13,ZCH0FJDM,ST12000NM0007,12000138625024,0,82,172224888,89.0,0.0,100.0,9.0,100.0,0.0,87.0,529515479.0,95,4514,100.0,0.0,100,9,,,,,100.0,0.0,100.0,0.0,,,62.0,38.0,,,100.0,36.0,100.0,620.0,38,38,100.0,0.0,100.0,0.0,200.0,0.0,100.0,4352.0,100.0,31586588584.0,100.0,40363058250.0
2018-11-14,ZCH0FJDM,ST12000NM0007,12000138625024,0,83,214552896,89.0,0.0,100.0,9.0,100.0,0.0,87.0,531847949.0,95,4539,100.0,0.0,100,9,,,,,100.0,0.0,100.0,0.0,,,61.0,39.0,,,100.0,36.0,100.0,621.0,39,39,100.0,0.0,100.0,0.0,200.0,0.0,100.0,4376.0,100.0,31652899512.0,100.0,40583216274.0
2018-11-15,ZCH0FJDM,ST12000NM0007,12000138625024,0,77,47740888,89.0,0.0,100.0,9.0,100.0,0.0,87.0,534314301.0,95,4562,100.0,0.0,100,9,,,,,100.0,0.0,100.0,0.0,,,61.0,39.0,,,100.0,36.0,100.0,622.0,39,39,100.0,0.0,100.0,0.0,200.0,0.0,100.0,4400.0,100.0,31730175752.0,100.0,40827409730.0
2018-11-16,ZCH0FJDM,ST12000NM0007,12000138625024,0,81,115690912,89.0,0.0,100.0,9.0,100.0,0.0,87.0,537149346.0,95,4586,100.0,0.0,100,9,,,,,100.0,0.0,100.0,0.0,,,61.0,39.0,,,100.0,37.0,100.0,623.0,39,39,100.0,0.0,100.0,0.0,200.0,0.0,100.0,4423.0,100.0,31804928824.0,100.0,41064747642.0
2018-11-17,ZCH0FJDM,ST12000NM0007,12000138625024,0,83.0,192264496.0,89.0,0.0,100.0,9.0,100.0,0.0,87.0,539896908.0,95.0,4611.0,100.0,0.0,100.0,9.0,,,,,100.0,0.0,100.0,0.0,,,61.0,39.0,,,100.0,37.0,100.0,624.0,39.0,39.0,100.0,0.0,100.0,0.0,200.0,0.0,100.0,4448.0,100.0,31877257832.0,100.0,41313132858.0
2018-11-18,ZCH0FJDM,ST12000NM0007,12000138625024,0,100,2180872,89.0,0.0,100.0,9.0,100.0,0.0,87.0,542938415.0,95,4635,100.0,0.0,100,9,,,,,100.0,0.0,100.0,0.0,,,61.0,39.0,,,100.0,37.0,100.0,625.0,39,39,100.0,0.0,100.0,0.0,200.0,0.0,100.0,4472.0,100.0,31946129952.0,100.0,41542458922.0
2018-11-19,ZCH0FJDM,ST12000NM0007,12000138625024,0,80,112062400,89.0,0.0,100.0,9.0,100.0,0.0,87.0,545786537.0,95,4658,100.0,0.0,100,9,,,,,100.0,0.0,100.0,0.0,,,61.0,39.0,,,100.0,37.0,100.0,626.0,39,39,100.0,0.0,100.0,0.0,200.0,0.0,100.0,4495.0,100.0,32056932440.0,100.0,41785678802.0
2018-11-20,ZCH0FJDM,ST12000NM0007,12000138625024,0,83,216378376,89.0,0.0,100.0,9.0,100.0,0.0,87.0,549179555.0,95,4682,100.0,0.0,100,9,,,,,100.0,0.0,100.0,0.0,,,62.0,38.0,,,100.0,37.0,100.0,627.0,38,38,100.0,0.0,100.0,0.0,200.0,0.0,100.0,4519.0,100.0,32147508648.0,100.0,42043559274.0
2018-11-21,ZCH0FJDM,ST12000NM0007,12000138625024,0,79,88391096,89.0,0.0,100.0,9.0,100.0,0.0,87.0,552145435.0,95,4707,100.0,0.0,100,9,,,,,100.0,0.0,100.0,0.0,,,62.0,38.0,,,100.0,37.0,100.0,628.0,38,38,100.0,0.0,100.0,0.0,200.0,0.0,100.0,4544.0,100.0,32248325520.0,100.0,42303036626.0
2018-11-22,ZCH0FJDM,ST12000NM0007,12000138625024,0,83,209662904,89.0,0.0,100.0,9.0,100.0,0.0,87.0,555084430.0,95,4730,100.0,0.0,100,9,,,,,100.0,0.0,100.0,0.0,,,61.0,39.0,,,100.0,37.0,100.0,629.0,39,39,100.0,0.0,100.0,0.0,200.0,0.0,100.0,4567.0,100.0,32342571664.0,100.0,42574203098.0
2018-11-23,ZCH0FJDM,ST12000NM0007,12000138625024,0,79,78919768,89.0,0.0,100.0,9.0,100.0,0.0,87.0,558234436.0,95,4754,100.0,0.0,100,9,,,,,100.0,0.0,100.0,0.0,,,61.0,39.0,,,100.0,37.0,100.0,630.0,39,39,100.0,0.0,100.0,0.0,200.0,0.0,100.0,4590.0,100.0,32404920704.0,100.0,42869392538.0
2018-11-24,ZCH0FJDM,ST12000NM0007,12000138625024,0,81,140909128,89.0,0.0,100.0,9.0,100.0,0.0,87.0,560921410.0,95,4778,100.0,0.0,100,9,,,,,100.0,0.0,100.0,0.0,,,61.0,39.0,,,100.0,38.0,100.0,631.0,39,39,100.0,0.0,100.0,0.0,200.0,0.0,100.0,4614.0,100.0,32483431336.0,100.0,43097012106.0
2018-11-25,ZCH0FJDM,ST12000NM0007,12000138625024,0,84,230143952,89.0,0.0,100.0,9.0,100.0,0.0,88.0,564223377.0,95,4803,100.0,0.0,100,9,,,,,100.0,0.0,100.0,0.0,,,61.0,39.0,,,100.0,39.0,100.0,632.0,39,39,100.0,0.0,100.0,0.0,200.0,0.0,100.0,4639.0,100.0,32560139000.0,100.0,43353680378.0
2018-11-26,ZCH0FJDM,ST12000NM0007,12000138625024,0,74,27249944,89.0,0.0,100.0,9.0,100.0,0.0,88.0,566771162.0,95,4827,100.0,0.0,100,9,,,,,100.0,0.0,100.0,0.0,,,62.0,38.0,,,100.0,39.0,100.0,633.0,38,38,100.0,0.0,100.0,0.0,200.0,0.0,100.0,4663.0,100.0,32643720720.0,100.0,43555486322.0
2018-11-27,ZCH0FJDM,ST12000NM0007,12000138625024,0,79,71148576,89.0,0.0,100.0,9.0,100.0,0.0,88.0,569261393.0,95,4851,100.0,0.0,100,9,,,,,100.0,0.0,100.0,0.0,,,62.0,38.0,,,100.0,40.0,100.0,634.0,38,38,100.0,0.0,100.0,0.0,200.0,0.0,100.0,4686.0,100.0,32726779312.0,100.0,43760467266.0
2018-11-28,ZCH0FJDM,ST12000NM0007,12000138625024,0,82,160483296,89.0,0.0,100.0,9.0,100.0,0.0,88.0,572447817.0,95,4875,100.0,0.0,100,9,,,,,100.0,0.0,100.0,0.0,,,61.0,39.0,,,100.0,41.0,100.0,635.0,39,39,100.0,0.0,100.0,0.0,200.0,0.0,100.0,4711.0,100.0,32810161760.0,100.0,44010560170.0
2018-11-29,ZCH0FJDM,ST12000NM0007,12000138625024,0,83,181917472,89.0,0.0,100.0,9.0,100.0,0.0,88.0,574553685.0,95,4898,100.0,0.0,100,9,,,,,100.0,0.0,100.0,0.0,,,62.0,38.0,,,100.0,42.0,100.0,636.0,38,38,100.0,0.0,100.0,0.0,200.0,0.0,100.0,4734.0,100.0,32882311664.0,100.0,44203985162.0
2018-11-30,ZCH0FJDM,ST12000NM0007,12000138625024,0,75,35246984,89.0,0.0,100.0,9.0,100.0,0.0,88.0,577492254.0,95,4923,100.0,0.0,100,9,,,,,100.0,0.0,100.0,0.0,,,62.0,38.0,,,100.0,42.0,100.0,637.0,38,38,100.0,0.0,100.0,0.0,200.0,0.0,100.0,4759.0,100.0,32980347736.0,100.0,44447560034.0
2018-12-01,ZCH0FJDM,ST12000NM0007,12000138625024,0,80,93977328,89.0,0.0,100.0,9.0,100.0,0.0,88.0,579968051.0,95,4946,100.0,0.0,100,9,,,,,100.0,0.0,100.0,0.0,,,62.0,38.0,,,100.0,42.0,100.0,638.0,38,38,100.0,0.0,100.0,0.0,200.0,0.0,100.0,4782.0,100.0,33066628984.0,100.0,44664149762.0
2018-12-02,ZCH0FJDM,ST12000NM0007,12000138625024,0,80,112124080,89.0,0.0,100.0,9.0,100.0,0.0,88.0,582243874.0,95,4966,100.0,0.0,100,9,,,,,100.0,0.0,100.0,0.0,,,62.0,38.0,,,100.0,42.0,100.0,639.0,38,38,100.0,0.0,100.0,0.0,200.0,0.0,100.0,4802.0,100.0,33128574400.0,100.0,44864491826.0
2018-12-03,ZCH0FJDM,ST12000NM0007,12000138625024,0,82,158897088,89.0,0.0,100.0,9.0,100.0,0.0,88.0,584968728.0,95,4991,100.0,0.0,100,9,,,,,100.0,0.0,100.0,0.0,,,62.0,38.0,,,100.0,42.0,100.0,640.0,38,38,100.0,0.0,100.0,0.0,200.0,0.0,100.0,4826.0,100.0,33214713472.0,100.0,45069266394.0
2018-12-04,ZCH0FJDM,ST12000NM0007,12000138625024,0,83,187913720,89.0,0.0,100.0,9.0,100.0,0.0,88.0,587128988.0,95,5015,100.0,0.0,100,9,,,,,100.0,0.0,100.0,0.0,,,63.0,37.0,,,100.0,42.0,100.0,641.0,37,37,100.0,0.0,100.0,0.0,200.0,0.0,100.0,4850.0,100.0,33286563928.0,100.0,45270573266.0
2018-12-05,ZCH0FJDM,ST12000NM0007,12000138625024,0,84.0,227581312.0,89.0,0.0,100.0,9.0,100.0,0.0,88.0,589675998.0,95.0,5039.0,100.0,0.0,100.0,9.0,,,,,100.0,0.0,100.0,0.0,,,62.0,38.0,,,100.0,43.0,100.0,642.0,38.0,38.0,100.0,0.0,100.0,0.0,200.0,0.0,100.0,4874.0,100.0,33374518472.0,100.0,45466427034.0
2018-12-06,ZCH0FJDM,ST12000NM0007,12000138625024,0,73,19311488,89.0,0.0,100.0,9.0,100.0,0.0,88.0,592675786.0,95,5063,100.0,0.0,100,9,,,,,100.0,0.0,100.0,0.0,,,61.0,39.0,,,100.0,44.0,100.0,643.0,39,39,100.0,0.0,100.0,0.0,200.0,0.0,100.0,4898.0,100.0,33450020712.0,100.0,45670936626.0
2018-12-07,ZCH0FJDM,ST12000NM0007,12000138625024,0,76,38530848,89.0,0.0,100.0,9.0,100.0,0.0,88.0,595245276.0,95,5087,100.0,0.0,100,9,,,,,100.0,0.0,100.0,0.0,,,59.0,41.0,,,100.0,44.0,100.0,644.0,41,41,100.0,0.0,100.0,0.0,200.0,0.0,100.0,4922.0,100.0,33508951488.0,100.0,45875365858.0
2018-12-08,ZCH0FJDM,ST12000NM0007,12000138625024,0,76,39657808,89.0,0.0,100.0,9.0,100.0,0.0,88.0,597345289.0,95,5111,100.0,0.0,100,9,,,,,100.0,0.0,100.0,0.0,,,64.0,36.0,,,100.0,45.0,100.0,645.0,36,36,100.0,0.0,100.0,0.0,200.0,0.0,100.0,4945.0,100.0,33575056656.0,100.0,46054528402.0
2018-12-09,ZCH0FJDM,ST12000NM0007,12000138625024,0,78,61235152,89.0,0.0,100.0,9.0,100.0,0.0,88.0,599593430.0,95,5135,100.0,0.0,100,9,,,,,100.0,0.0,100.0,0.0,,,63.0,37.0,,,100.0,46.0,100.0,646.0,37,37,100.0,0.0,100.0,0.0,200.0,0.0,100.0,4970.0,100.0,33644877640.0,100.0,46250426274.0
2018-12-10,ZCH0FJDM,ST12000NM0007,12000138625024,0,78,60882120,89.0,0.0,100.0,9.0,100.0,0.0,88.0,602182141.0,95,5159,100.0,0.0,100,9,,,,,100.0,0.0,100.0,0.0,,,62.0,38.0,,,100.0,47.0,100.0,647.0,38,38,100.0,0.0,100.0,0.0,200.0,0.0,100.0,4993.0,100.0,33740551232.0,100.0,46398540482.0
2018-12-11,ZCH0FJDM,ST12000NM0007,12000138625024,0,74,27550600,89.0,0.0,100.0,9.0,100.0,0.0,88.0,604333082.0,95,5183,100.0,0.0,100,9,,,,,100.0,0.0,100.0,0.0,,,63.0,37.0,,,100.0,48.0,100.0,648.0,37,37,100.0,0.0,100.0,0.0,200.0,0.0,100.0,5018.0,100.0,33835040120.0,100.0,46514860810.0
2018-12-12,ZCH0FJDM,ST12000NM0007,12000138625024,0,78,66916240,89.0,0.0,100.0,9.0,100.0,0.0,88.0,606768017.0,95,5207,100.0,0.0,100,9,,,,,100.0,0.0,100.0,0.0,,,64.0,36.0,,,100.0,48.0,100.0,649.0,36,36,100.0,0.0,100.0,0.0,200.0,0.0,100.0,5041.0,100.0,33910900640.0,100.0,46722506714.0
2018-12-13,ZCH0FJDM,ST12000NM0007,12000138625024,0,78,61358440,89.0,0.0,100.0,9.0,100.0,0.0,88.0,609585585.0,95,5231,100.0,0.0,100,9,,,,,100.0,0.0,100.0,0.0,,,64.0,36.0,,,100.0,48.0,100.0,650.0,36,36,100.0,0.0,100.0,0.0,200.0,0.0,100.0,5064.0,100.0,33970370808.0,100.0,46901619658.0
2018-12-14,ZCH0FJDM,ST12000NM0007,12000138625024,0,73,20289928,89.0,0.0,100.0,9.0,100.0,0.0,88.0,612235453.0,95,5255,100.0,0.0,100,9,,,,,100.0,0.0,100.0,0.0,,,64.0,36.0,,,100.0,48.0,100.0,651.0,36,36,100.0,0.0,100.0,0.0,200.0,0.0,100.0,5089.0,100.0,34036619600.0,100.0,47038443186.0
2018-12-15,ZCH0FJDM,ST12000NM0007,12000138625024,0,72,17162040,89.0,0.0,100.0,9.0,100.0,0.0,88.0,614625241.0,94,5279,100.0,0.0,100,9,,,,,100.0,0.0,100.0,0.0,,,62.0,38.0,,,100.0,48.0,100.0,652.0,38,38,100.0,0.0,100.0,0.0,200.0,0.0,100.0,5113.0,100.0,34134493632.0,100.0,47181582002.0
2018-12-16,ZCH0FJDM,ST12000NM0007,12000138625024,0,75,34430880,89.0,0.0,100.0,9.0,100.0,0.0,88.0,617044363.0,94,5303,100.0,0.0,100,9,,,,,100.0,0.0,100.0,0.0,,,61.0,39.0,,,100.0,48.0,100.0,653.0,39,39,100.0,0.0,100.0,0.0,200.0,0.0,100.0,5136.0,100.0,34246987784.0,100.0,47330497410.0
2018-12-17,ZCH0FJDM,ST12000NM0007,12000138625024,0,77,55493088,89.0,0.0,100.0,9.0,100.0,0.0,88.0,619899788.0,94,5327,100.0,0.0,100,9,,,,,100.0,0.0,100.0,0.0,,,61.0,39.0,,,100.0,48.0,100.0,654.0,39,39,100.0,0.0,100.0,0.0,200.0,0.0,100.0,5161.0,100.0,34325349136.0,100.0,47517339082.0
2018-12-18,ZCH0FJDM,ST12000NM0007,12000138625024,0,74,26329008,89.0,0.0,100.0,9.0,100.0,0.0,88.0,622029810.0,94,5351,100.0,0.0,100,9,,,,,100.0,0.0,100.0,0.0,,,63.0,37.0,,,100.0,48.0,100.0,655.0,37,37,100.0,0.0,100.0,0.0,200.0,0.0,100.0,5185.0,100.0,34388771208.0,100.0,47668893570.0
2018-12-19,ZCH0FJDM,ST12000NM0007,12000138625024,0,83,204369872,89.0,0.0,100.0,9.0,100.0,0.0,88.0,623792928.0,94,5375,100.0,0.0,100,9,,,,,100.0,0.0,100.0,0.0,,,64.0,36.0,,,100.0,49.0,100.0,656.0,36,36,100.0,0.0,100.0,0.0,200.0,0.0,100.0,5209.0,100.0,34427207976.0,100.0,47808497666.0
2018-12-20,ZCH0FJDM,ST12000NM0007,12000138625024,0,81,132583376,89.0,0.0,100.0,9.0,100.0,0.0,88.0,625513929.0,94,5399,100.0,0.0,100,9,,,,,100.0,0.0,100.0,0.0,,,63.0,37.0,,,100.0,49.0,100.0,657.0,37,37,100.0,0.0,100.0,0.0,200.0,0.0,100.0,5232.0,100.0,34457966008.0,100.0,47950093906.0
2018-12-21,ZCH0FJDM,ST12000NM0007,12000138625024,0,83,187087912,89.0,0.0,100.0,9.0,100.0,0.0,88.0,629311017.0,94,5423,100.0,0.0,100,9,,,,,100.0,0.0,100.0,0.0,,,62.0,38.0,,,100.0,49.0,100.0,658.0,38,38,100.0,0.0,100.0,0.0,200.0,0.0,100.0,5257.0,100.0,34501164480.0,100.0,48205540714.0
2018-12-22,ZCH0FJDM,ST12000NM0007,12000138625024,0,80,108349696,89.0,0.0,100.0,9.0,100.0,0.0,88.0,630828462.0,94,5447,100.0,0.0,100,9,,,,,100.0,0.0,100.0,0.0,,,63.0,37.0,,,100.0,50.0,100.0,659.0,37,37,100.0,0.0,100.0,0.0,200.0,0.0,100.0,5280.0,100.0,34542441776.0,100.0,48329666002.0
2018-12-23,ZCH0FJDM,ST12000NM0007,12000138625024,0,84,241633336,89.0,0.0,100.0,9.0,100.0,0.0,88.0,632217835.0,94,5471,100.0,0.0,100,9,,,,,100.0,0.0,100.0,0.0,,,63.0,37.0,,,100.0,51.0,100.0,660.0,37,37,100.0,0.0,100.0,0.0,200.0,0.0,100.0,5305.0,100.0,34576673072.0,100.0,48428718346.0
2018-12-24,ZCH0FJDM,ST12000NM0007,12000138625024,0,81,139392576,89.0,0.0,100.0,9.0,100.0,0.0,88.0,633943060.0,94,5495,100.0,0.0,100,9,,,,,100.0,0.0,100.0,0.0,,,63.0,37.0,,,100.0,52.0,100.0,661.0,37,37,100.0,0.0,100.0,0.0,200.0,0.0,100.0,5328.0,100.0,34598582024.0,100.0,48548709266.0
2018-12-25,ZCH0FJDM,ST12000NM0007,12000138625024,0,79,71863256,89.0,0.0,100.0,9.0,100.0,0.0,88.0,635478396.0,94,5519,100.0,0.0,100,9,,,,,100.0,0.0,100.0,0.0,,,64.0,36.0,,,100.0,52.0,100.0,662.0,36,36,100.0,0.0,100.0,0.0,200.0,0.0,100.0,5352.0,100.0,34625069616.0,100.0,48698833490.0
2018-12-26,ZCH0FJDM,ST12000NM0007,12000138625024,0,84,235329992,89.0,0.0,100.0,9.0,100.0,0.0,88.0,636742102.0,94,5543,100.0,0.0,100,9,,,,,100.0,0.0,100.0,0.0,,,64.0,36.0,,,100.0,53.0,100.0,663.0,36,36,100.0,0.0,100.0,0.0,200.0,0.0,100.0,5375.0,100.0,34635522384.0,100.0,48851847458.0
2018-12-27,ZCH0FJDM,ST12000NM0007,12000138625024,0,83,195309040,89.0,0.0,100.0,9.0,100.0,0.0,88.0,639124583.0,94,5567,100.0,0.0,100,9,,,,,100.0,0.0,100.0,0.0,,,65.0,35.0,,,100.0,54.0,100.0,664.0,35,35,100.0,0.0,100.0,0.0,200.0,0.0,100.0,5400.0,100.0,34665612608.0,100.0,49025877058.0
2018-12-28,ZCH0FJDM,ST12000NM0007,12000138625024,0,81,135881952,89.0,0.0,100.0,9.0,100.0,0.0,88.0,641421581.0,94,5591,100.0,0.0,100,9,,,,,100.0,0.0,100.0,0.0,,,64.0,36.0,,,100.0,55.0,100.0,665.0,36,36,100.0,0.0,100.0,0.0,200.0,0.0,100.0,5424.0,100.0,34706602800.0,100.0,49169600554.0
2018-12-29,ZCH0FJDM,ST12000NM0007,12000138625024,0,77,48455912,89.0,0.0,100.0,9.0,100.0,0.0,88.0,643302360.0,94,5615,100.0,0.0,100,9,,,,,100.0,0.0,100.0,0.0,,,65.0,35.0,,,100.0,55.0,100.0,666.0,35,35,100.0,0.0,100.0,0.0,200.0,0.0,100.0,5448.0,100.0,34757682232.0,100.0,49275235818.0
2018-12-30,ZCH0FJDM,ST12000NM0007,12000138625024,0,71,13194816,89.0,0.0,100.0,10.0,100.0,0.0,88.0,646199031.0,94,5643,100.0,0.0,100,10,,,,,100.0,0.0,100.0,0.0,,,64.0,36.0,,,100.0,55.0,100.0,670.0,36,36,100.0,0.0,100.0,0.0,200.0,0.0,100.0,5475.0,100.0,34813318928.0,100.0,49428478652.0
2018-12-31,ZCH0FJDM,ST12000NM0007,12000138625024,0,82,176617280,89.0,0.0,100.0,10.0,100.0,0.0,88.0,647633904.0,94,5667,100.0,0.0,100,10,,,,,100.0,0.0,100.0,0.0,,,63.0,37.0,,,100.0,55.0,100.0,671.0,37,37,100.0,0.0,100.0,0.0,200.0,0.0,100.0,5499.0,100.0,34844740376.0,100.0,49560479668.0
