2018-01-05,ZCH07W23,ST12000NM0007,12000138625024,0,74.0,24733148.0,96.0,0.0,100.0,3.0,100.0,0.0,66.0,3639656.0,99.0,1209.0,100.0,0.0,100.0,3.0,,,,,100.0,0.0,100.0,0.0,,,71.0,29.0,,,100.0,0.0,99.0,2842.0,29.0,29.0,100.0,0.0,100.0,0.0,200.0,0.0,100.0,44.0,100.0,1198951248.0,100.0,537185404.0
2018-01-06,ZCH07W23,ST12000NM0007,12000138625024,0,80,90337500,96,0,100,3,100,0,66,4129178,99,1234,100,0,100,3,,,,,100.0,0.0,100.0,0.0,,,66.0,34.0,,,100.0,0.0,99.0,2846.0,34,34,100,0,100,0,200,0,100.0,68.0,100.0,1255799792.0,100.0,545941212.0
2018-01-07,ZCH07W23,ST12000NM0007,12000138625024,0,83,198414536,96,0,100,3,100,0,68,6619750,99,1258,100,0,100,3,,,,,100.0,0.0,100.0,0.0,,,65.0,35.0,,,100.0,0.0,99.0,2848.0,35,35,100,0,100,0,200,0,100.0,92.0,100.0,1441207880.0,100.0,712750852.0
2018-01-08,ZCH07W23,ST12000NM0007,12000138625024,0,79,75593024,96,0,100,3,100,0,70,9205833,99,1282,100,0,100,3,,,,,100.0,0.0,100.0,0.0,,,65.0,35.0,,,100.0,0.0,99.0,2848.0,35,35,100,0,100,0,200,0,100.0,116.0,100.0,1637207064.0,100.0,882211868.0
2018-01-09,ZCH07W23,ST12000NM0007,12000138625024,0,83,185031240,96,0,100,3,100,0,71,11835396,99,1306,100,0,100,3,,,,,100.0,0.0,100.0,0.0,,,65.0,35.0,,,100.0,0.0,99.0,2849.0,35,35,100,0,100,0,200,0,100.0,140.0,100.0,1833587272.0,100.0,1039410532.0
2018-01-10,ZCH07W23,ST12000NM0007,12000138625024,0,78,57176352,96,0,100,3,100,0,72,14512427,99,1329,100,0,100,3,,,,,100.0,0.0,100.0,0.0,,,62.0,38.0,,,100.0,0.0,99.0,2850.0,38,38,100,0,100,0,200,0,100.0,163.0,100.0,2046624080.0,100.0,1186800316.0
2018-01-11,ZCH07W23,ST12000NM0007,12000138625024,0,74,23262752,96,0,100,3,100,0,73,17857308,99,1359,100,0,100,3,,,,,100.0,0.0,100.0,0.0,,,63.0,37.0,,,100.0,0.0,99.0,2852.0,37,37,100,0,100,0,200,0,100.0,193.0,100.0,2315979088.0,100.0,1371813380.0
2018-01-12,ZCH07W23,ST12000NM0007,12000138625024,0,80,90188152,96,0,100,3,100,0,73,20272670,99,1383,100,0,100,3,,,,,100.0,0.0,100.0,0.0,,,63.0,37.0,,,100.0,1.0,99.0,2853.0,37,37,100,0,100,0,200,0,100.0,216.0,100.0,2496422024.0,100.0,1502436532.0
2018-01-13,ZCH07W23,ST12000NM0007,12000138625024,0,71.0,13516760.0,96.0,0.0,100.0,3.0,100,0,74.0,23122807.0,99,1407,100.0,0.0,100,3,,,,,100.0,0.0,100.0,0.0,,,62.0,38.0,,,100.0,1.0,99.0,2854.0,38.0,38.0,100.0,0.0,100.0,0.0,200,0,100.0,241.0,100.0,2719668912.0,100.0,1690800028.0
2018-01-14,ZCH07W23,ST12000NM0007,12000138625024,0,82.0,155201688.0,96.0,0.0,100.0,3.0,100,0,74.0,25852091.0,99,1430,100.0,0.0,100,3,,,,,100.0,0.0,100.0,0.0,,,61.0,39.0,,,100.0,1.0,99.0,2855.0,39.0,39.0,100.0,0.0,100.0,0.0,200,0,100.0,264.0,100.0,2933603888.0,100.0,1862690620.0
2018-01-15,ZCH07W23,ST12000NM0007,12000138625024,0,76.0,40248392.0,96.0,0.0,100.0,3.0,100,0,75.0,28510928.0,99,1455,100.0,0.0,100,3,,,,,100.0,0.0,100.0,0.0,,,61.0,39.0,,,100.0,1.0,99.0,2856.0,39.0,39.0,100.0,0.0,100.0,0.0,200,0,100.0,288.0,100.0,3118921304.0,100.0,2050701356.0
2018-01-16,ZCH07W23,ST12000NM0007,12000138625024,0,83.0,200926040.0,96.0,0.0,100.0,3.0,100,0,75.0,31250710.0,99,1478,100.0,0.0,100,3,,,,,100.0,0.0,100.0,0.0,,,60.0,40.0,,,100.0,1.0,99.0,2857.0,40.0,40.0,100.0,0.0,100.0,0.0,200,0,100.0,312.0,100.0,3314514312.0,100.0,2259926940.0
2018-01-17,ZCH07W23,ST12000NM0007,12000138625024,0,83.0,209727432.0,96.0,0.0,100.0,3.0,100,0,75.0,34446535.0,99,1503,100.0,0.0,100,3,,,,,100.0,0.0,100.0,0.0,,,62.0,38.0,,,100.0,1.0,99.0,2858.0,38.0,38.0,100.0,0.0,100.0,0.0,200,0,100.0,336.0,100.0,3578118256.0,100.0,2493405884.0
2018-01-18,ZCH07W23,ST12000NM0007,12000138625024,0,84.0,240874976.0,96.0,0.0,100.0,3.0,100.0,0.0,76.0,36328940.0,99.0,1518.0,100.0,0.0,100.0,3.0,,,,,100.0,0.0,100.0,0.0,,,62.0,38.0,,,100.0,2.0,99.0,2859.0,38.0,38.0,100.0,0.0,100.0,0.0,200.0,0.0,100.0,351.0,100.0,3724393032.0,100.0,2622419580.0
2018-01-19,ZCH07W23,ST12000NM0007,12000138625024,0,84.0,233716440.0,96.0,0.0,100.0,3.0,100.0,0.0,76.0,39539867.0,99.0,1542.0,100.0,0.0,100.0,3.0,,,,,100.0,0.0,100.0,0.0,,,62.0,38.0,,,100.0,2.0,99.0,2860.0,38.0,38.0,100.0,0.0,100.0,0.0,200.0,0.0,100.0,375.0,100.0,3982516160.0,100.0,2845419260.0
2018-01-20,ZCH07W23,ST12000NM0007,12000138625024,0,83.0,220464208.0,96.0,0.0,100.0,3.0,100,0,76.0,42705350.0,99,1566,100.0,0.0,100,3,,,,,100.0,0.0,100.0,0.0,,,63.0,37.0,,,100.0,2.0,99.0,2862.0,37.0,37.0,100.0,0.0,100.0,0.0,200,0,100.0,399.0,100.0,4232197312.0,100.0,3070767308.0
2018-01-21,ZCH07W23,ST12000NM0007,12000138625024,0,83.0,180016448.0,96.0,0.0,100.0,3.0,100,0,77.0,45757356.0,99,1589,100.0,0.0,100,3,,,,,100.0,0.0,100.0,0.0,,,64.0,36.0,,,100.0,2.0,99.0,2862.0,36.0,36.0,100.0,0.0,100.0,0.0,200,0,100.0,422.0,100.0,4475103208.0,100.0,3275695260.0
2018-01-22,ZCH07W23,ST12000NM0007,12000138625024,0,83.0,207213920.0,96.0,0.0,100.0,3.0,100,0,77.0,49089072.0,99,1614,100.0,0.0,100,3,,,,,100.0,0.0,100.0,0.0,,,64.0,36.0,,,100.0,2.0,99.0,2863.0,36.0,36.0,100.0,0.0,100.0,0.0,200,0,100.0,446.0,100.0,4761164232.0,100.0,3505113092.0
2018-01-23,ZCH07W23,ST12000NM0007,12000138625024,0,67.0,5588944.0,96.0,0.0,100.0,3.0,100,0,77.0,52385262.0,99,1637,100.0,0.0,100,3,,,,,100.0,0.0,100.0,0.0,,,65.0,35.0,,,100.0,2.0,99.0,2864.0,35.0,35.0,100.0,0.0,100.0,0.0,200,0,100.0,470.0,100.0,5048197728.0,100.0,3748877100.0
2018-01-24,ZCH07W23,ST12000NM0007,12000138625024,0,81.0,130751128.0,96.0,0.0,100.0,3.0,100,0,78.0,56564458.0,99,1670,100.0,0.0,100,3,,,,,100.0,0.0,100.0,0.0,,,65.0,35.0,,,100.0,2.0,99.0,2866.0,35.0,35.0,100.0,0.0,100.0,0.0,200,0,100.0,502.0,100.0,5345739744.0,100.0,4064778732.0
2018-01-25,ZCH07W23,ST12000NM0007,12000138625024,0,82.0,163315080.0,96.0,0.0,100.0,3.0,100,0,78.0,58580399.0,99,1686,100.0,0.0,100,3,,,,,100.0,0.0,100.0,0.0,,,64.0,36.0,,,100.0,2.0,99.0,2866.0,36.0,36.0,100.0,0.0,100.0,0.0,200,0,100.0,518.0,100.0,5485033048.0,100.0,4202190044.0
2018-01-26,ZCH07W23,ST12000NM0007,12000138625024,0,83.0,187634200.0,96.0,0.0,100.0,3.0,100,0,78.0,61902971.0,99,1710,100.0,0.0,100,3,,,,,100.0,0.0,100.0,0.0,,,64.0,36.0,,,100.0,2.0,99.0,2867.0,36.0,36.0,100.0,0.0,100.0,0.0,200,0,100.0,542.0,100.0,5751135040.0,100.0,4448688644.0
2018-01-27,ZCH07W23,ST12000NM0007,12000138625024,0,83.0,195073584.0,96.0,0.0,100.0,3.0,100,0,78.0,65208636.0,99,1734,100.0,0.0,100,3,,,,,100.0,0.0,100.0,0.0,,,65.0,35.0,,,100.0,2.0,99.0,2869.0,35.0,35.0,100.0,0.0,100.0,0.0,200,0,100.0,566.0,100.0,6002032824.0,100.0,4693511796.0
2018-01-28,ZCH07W23,ST12000NM0007,12000138625024,0,83.0,201594488.0,96.0,0.0,100.0,3.0,100,0,78.0,68596171.0,98,1759,100.0,0.0,100,3,,,,,100.0,0.0,100.0,0.0,,,64.0,36.0,,,100.0,2.0,99.0,2870.0,36.0,36.0,100.0,0.0,100.0,0.0,200,0,100.0,590.0,100.0,6254187024.0,100.0,4936159972.0
2018-01-29,ZCH07W23,ST12000NM0007,12000138625024,0,82.0,146269792.0,96.0,0.0,100.0,3.0,100,0,79.0,71629262.0,98,1782,100.0,0.0,100,3,,,,,100.0,0.0,100.0,0.0,,,64.0,36.0,,,100.0,2.0,99.0,2870.0,36.0,36.0,100.0,0.0,100.0,0.0,200,0,100.0,614.0,100.0,6471395408.0,100.0,5151908444.0
2018-01-30,ZCH07W23,ST12000NM0007,12000138625024,0,80.0,93949848.0,96.0,0.0,100.0,3.0,100,0,79.0,76294897.0,98,1815,100.0,0.0,100,3,,,,,100.0,0.0,100.0,0.0,,,65.0,35.0,,,100.0,2.0,99.0,2872.0,35.0,35.0,100.0,0.0,100.0,0.0,200,0,100.0,647.0,100.0,6814797792.0,100.0,5488608212.0
2018-01-31,ZCH07W23,ST12000NM0007,12000138625024,0,82.0,148963376.0,96.0,0.0,100.0,3.0,100.0,0.0,79.0,79854750.0,98.0,1839.0,100.0,0.0,100.0,3.0,,,,,100.0,0.0,100.0,0.0,,,64.0,36.0,,,100.0,2.0,99.0,2873.0,36.0,36.0,100.0,0.0,100.0,0.0,200.0,0.0,100.0,670.0,100.0,7097958096.0,100.0,5748743004.0
2018-02-01,ZCH07W23,ST12000NM0007,12000138625024,0,82.0,175382176.0,96.0,0.0,100.0,3.0,100,0,79.0,83379139.0,98,1863,100.0,0.0,100,3,,,,,100.0,0.0,100.0,0.0,,,64.0,36.0,,,100.0,2.0,99.0,2874.0,36.0,36.0,100.0,0.0,100.0,0.0,200,0,100.0,694.0,100.0,7365926704.0,100.0,5995474740.0
2018-02-02,ZCH07W23,ST12000NM0007,12000138625024,0,82.0,143109848.0,96.0,0.0,100.0,3.0,100,0,79.0,86746535.0,98,1887,100.0,0.0,100,3,,,,,100.0,0.0,100.0,0.0,,,64.0,36.0,,,100.0,2.0,99.0,2875.0,36.0,36.0,100.0,0.0,100.0,0.0,200,0,100.0,718.0,100.0,7618826960.0,100.0,6198583908.0
2018-02-03,ZCH07W23,ST12000NM0007,12000138625024,0,81.0,120718120.0,96.0,0.0,100.0,3.0,100,0,80.0,90099685.0,98,1911,100.0,0.0,100,3,,,,,100.0,0.0,100.0,0.0,,,65.0,35.0,,,100.0,2.0,99.0,2876.0,35.0,35.0,100.0,0.0,100.0,0.0,200,0,100.0,742.0,100.0,7864911776.0,100.0,6418389052.0
2018-02-04,ZCH07W23,ST12000NM0007,12000138625024,0,76.0,36799304.0,96.0,0.0,100.0,3.0,100,0,80.0,93009440.0,98,1931,100.0,0.0,100,3,,,,,100.0,0.0,100.0,0.0,,,65.0,35.0,,,100.0,2.0,99.0,2877.0,35.0,35.0,100.0,0.0,100.0,0.0,200,0,100.0,762.0,100.0,8066580992.0,100.0,6621082500.0
2018-02-05,ZCH07W23,ST12000NM0007,12000138625024,0,67.0,5617560.0,96.0,0.0,100.0,3.0,100,0,80.0,96281465.0,98,1954,100.0,0.0,100,3,,,,,100.0,0.0,100.0,0.0,,,64.0,36.0,,,100.0,2.0,99.0,2878.0,36.0,36.0,100.0,0.0,100.0,0.0,200,0,100.0,785.0,100.0,8295743552.0,100.0,6849019860.0
2018-02-06,ZCH07W23,ST12000NM0007,12000138625024,0,84.0,239150488.0,96.0,0.0,100.0,3.0,100,0,80.0,99594574.0,98,1978,100.0,0.0,100,3,,,,,100.0,0.0,100.0,0.0,,,64.0,36.0,,,100.0,2.0,99.0,2879.0,36.0,36.0,100.0,0.0,100.0,0.0,200,0,100.0,809.0,100.0,8518221528.0,100.0,7104215492.0
2018-02-07,ZCH07W23,ST12000NM0007,12000138625024,0,78.0,59437072.0,96.0,0.0,100.0,3.0,100,0,80.0,103288202.0,98,2003,100.0,0.0,100,3,,,,,100.0,0.0,100.0,0.0,,,64.0,36.0,,,100.0,2.0,99.0,2880.0,36.0,36.0,100.0,0.0,100.0,0.0,200,0,100.0,833.0,100.0,8779045232.0,100.0,7396100700.0
2018-02-08,ZCH07W23,ST12000NM0007,12000138625024,0,82.0,141600816.0,96.0,0.0,100.0,3.0,100,0,80.0,107051500.0,98,2028,100.0,0.0,100,3,,,,,100.0,0.0,100.0,0.0,,,66.0,34.0,,,100.0,2.0,99.0,2883.0,34.0,34.0,100.0,0.0,100.0,0.0,200,0,100.0,859.0,100.0,9047822112.0,100.0,7697769436.0
2018-02-09,ZCH07W23,ST12000NM0007,12000138625024,0,83,183761664,96,0,100,3,100,0,80,110581616,98,2051,100,0,100,3,,,,,100.0,0.0,100.0,0.0,,,63.0,37.0,,,100.0,2.0,99.0,2884.0,37,37,100,0,100,0,200,0,100.0,881.0,100.0,9311016648.0,100.0,7965017348.0
2018-02-10,ZCH07W23,ST12000NM0007,12000138625024,0,79.0,86289840.0,96.0,0.0,100.0,3.0,100.0,0.0,81.0,114522954.0,98.0,2076.0,100.0,0.0,100.0,3.0,,,,,100.0,0.0,100.0,0.0,,,63.0,37.0,,,100.0,2.0,99.0,2885.0,37.0,37.0,100.0,0.0,100.0,0.0,200.0,0.0,100.0,906.0,100.0,9615999696.0,100.0,8294984404.0
2018-02-11,ZCH07W23,ST12000NM0007,12000138625024,0,74,23428336,96,0,100,3,100,0,81,118450355,98,2100,100,0,100,3,,,,,100.0,0.0,100.0,0.0,,,63.0,37.0,,,100.0,2.0,99.0,2886.0,37,37,100,0,100,0,200,0,100.0,930.0,100.0,9917333080.0,100.0,8663211652.0
2018-02-12,ZCH07W23,ST12000NM0007,12000138625024,0,83,185649008,96,0,100,3,100,0,81,122238937,98,2124,100,0,100,3,,,,,100.0,0.0,100.0,0.0,,,63.0,37.0,,,100.0,2.0,99.0,2887.0,37,37,100,0,100,0,200,0,100.0,954.0,100.0,10220287104.0,100.0,9010760068.0
2018-02-13,ZCH07W23,ST12000NM0007,12000138625024,0,81,128988848,96,0,100,3,100,0,81,126120860,98,2148,100,0,100,3,,,,,100.0,0.0,100.0,0.0,,,65.0,35.0,,,100.0,2.0,99.0,2888.0,35,35,100,0,100,0,200,0,100.0,978.0,100.0,10516402584.0,100.0,9390406652.0
2018-02-14,ZCH07W23,ST12000NM0007,12000138625024,0,78,58484880,96,0,100,3,100,0,81,130067734,98,2172,100,0,100,3,,,,,100.0,0.0,100.0,0.0,,,64.0,36.0,,,100.0,2.0,99.0,2889.0,36,36,100,0,100,0,200,0,100.0,1002.0,100.0,10819809400.0,100.0,9748917996.0
2018-02-15,ZCH07W23,ST12000NM0007,12000138625024,0,82,158982784,96,0,100,3,100,0,81,133550225,98,2196,100,0,100,3,,,,,100.0,0.0,100.0,0.0,,,66.0,34.0,,,100.0,2.0,99.0,2890.0,34,34,100,0,100,0,200,0,100.0,1025.0,100.0,11073419432.0,100.0,10084087340.0
2018-02-16,ZCH07W23,ST12000NM0007,12000138625024,0,79,81109920,96,0,100,3,100,0,81,137435229,98,2220,100,0,100,3,,,,,100.0,0.0,100.0,0.0,,,65.0,35.0,,,100.0,2.0,99.0,2891.0,35,35,100,0,100,0,200,0,100.0,1050.0,100.0,11341976928.0,100.0,10470079804.0
2018-02-17,ZCH07W23,ST12000NM0007,12000138625024,0,84,224718368,96,0,100,3,100,0,81,141180594,98,2243,100,0,100,3,,,,,100.0,0.0,100.0,0.0,,,65.0,35.0,,,100.0,2.0,99.0,2892.0,35,35,100,0,100,0,200,0,100.0,1073.0,100.0,11616121776.0,100.0,10827824812.0
2018-02-18,ZCH07W23,ST12000NM0007,12000138625024,0,82,174993128,96,0,100,3,100,0,82,145069214,98,2268,100,0,100,3,,,,,100.0,0.0,100.0,0.0,,,65.0,35.0,,,100.0,2.0,99.0,2893.0,35,35,100,0,100,0,200,0,100.0,1097.0,100.0,11879708264.0,100.0,11246935444.0
2018-02-19,ZCH07W23,ST12000NM0007,12000138625024,0,81,119301672,96,0,100,3,100,0,82,149055880,98,2292,100,0,100,3,,,,,100.0,0.0,100.0,0.0,,,65.0,35.0,,,100.0,2.0,99.0,2894.0,35,35,100,0,100,0,200,0,100.0,1122.0,100.0,12159583200.0,100.0,11643791380.0
2018-02-20,ZCH07W23,ST12000NM0007,12000138625024,0,83,178899512,96,0,100,3,100,0,82,152546177,98,2316,100,0,100,3,,,,,100.0,0.0,100.0,0.0,,,65.0,35.0,,,100.0,2.0,99.0,2895.0,35,35,100,0,100,0,200,0,100.0,1145.0,100.0,12372647896.0,100.0,11978605892.0
2018-02-21,ZCH07W23,ST12000NM0007,12000138625024,0,78,62072720,96,0,100,3,100,0,82,156279964,98,2340,100,0,100,3,,,,,100.0,0.0,100.0,0.0,,,65.0,35.0,,,100.0,2.0,99.0,2896.0,35,35,100,0,100,0,200,0,100.0,1169.0,100.0,12629678048.0,100.0,12337171460.0
2018-02-22,ZCH07W23,ST12000NM0007,12000138625024,0,82,147157888,96,0,100,3,100,0,82,159787724,98,2362,100,0,100,3,,,,,100.0,0.0,100.0,0.0,,,65.0,35.0,,,100.0,2.0,99.0,2898.0,35,35,100,0,100,0,200,0,100.0,1191.0,100.0,12882471168.0,100.0,12657745204.0
2018-02-23,ZCH07W23,ST12000NM0007,12000138625024,0,83,212310376,96,0,100,3,100,0,82,163521204,98,2388,100,0,100,3,,,,,100.0,0.0,100.0,0.0,,,64.0,36.0,,,100.0,2.0,99.0,2899.0,36,36,100,0,100,0,200,0,100.0,1217.0,100.0,13158803952.0,100.0,12934846356.0
2018-02-24,ZCH07W23,ST12000NM0007,12000138625024,0,75,32974752,96,0,100,3,100,0,82,166955876,98,2410,100,0,100,3,,,,,100.0,0.0,100.0,0.0,,,65.0,35.0,,,100.0,2.0,99.0,2900.0,35,35,100,0,100,0,200,0,100.0,1239.0,100.0,13438466184.0,100.0,13208271060.0
2018-02-25,ZCH07W23,ST12000NM0007,12000138625024,0,83,188751920,96,0,100,3,100,0,82,169832366,98,2434,100,0,100,3,,,,,100.0,0.0,100.0,0.0,,,66.0,34.0,,,100.0,2.0,99.0,2901.0,34,34,100,0,100,0,200,0,100.0,1263.0,100.0,13593476472.0,100.0,13453178636.0
2018-02-26,ZCH07W23,ST12000NM0007,12000138625024,0,82,172616816,96,0,100,3,100,0,82,173114448,98,2459,100,0,100,3,,,,,100.0,0.0,100.0,0.0,,,65.0,35.0,,,100.0,2.0,99.0,2902.0,35,35,100,0,100,0,200,0,100.0,1287.0,100.0,13823593952.0,100.0,13695207684.0
2018-02-27,ZCH07W23,ST12000NM0007,12000138625024,0,83,188884152,96,0,100,3,100,0,82,176488890,98,2483,100,0,100,3,,,,,100.0,0.0,100.0,0.0,,,64.0,36.0,,,100.0,2.0,99.0,2903.0,36,36,100,0,100,0,200,0,100.0,1311.0,100.0,14049463160.0,100.0,13973887668.0
2018-02-28,ZCH07W23,ST12000NM0007,12000138625024,0,84,228500272,96,0,100,3,100,0,83,179935448,98,2507,100,0,100,3,,,,,100.0,0.0,100.0,0.0,,,64.0,36.0,,,100.0,2.0,99.0,2904.0,36,36,100,0,100,0,200,0,100.0,1335.0,100.0,14308924320.0,100.0,14242324252.0
2018-03-01,ZCH07W23,ST12000NM0007,12000138625024,0,84,238818912,96,0,100,3,100,0,83,183593446,98,2533,100,0,100,3,,,,,100.0,0.0,100.0,0.0,,,64.0,36.0,,,100.0,2.0,99.0,2906.0,36,36,100,0,100,0,200,0,100.0,1361.0,100.0,14552354464.0,100.0,14497494268.0
2018-03-02,ZCH07W23,ST12000NM0007,12000138625024,0,76,39544848,96,0,100,3,100,0,83,187167584,98,2557,100,0,100,3,,,,,100.0,0.0,100.0,0.0,,,64.0,36.0,,,100.0,2.0,99.0,2907.0,36,36,100,0,100,0,200,0,100.0,1385.0,100.0,14773103936.0,100.0,14809892828.0
2018-03-03,ZCH07W23,ST12000NM0007,12000138625024,0,83,205774376,96,0,100,3,100,0,83,190205567,98,2581,100,0,100,3,,,,,100.0,0.0,100.0,0.0,,,64.0,36.0,,,100.0,2.0,99.0,2908.0,36,36,100,0,100,0,200,0,100.0,1409.0,100.0,14931968232.0,100.0,15061398780.0
2018-03-04,ZCH07W23,ST12000NM0007,12000138625024,0,84,229052264,96,0,100,3,100,0,83,193723638,98,2606,100,0,100,3,,,,,100.0,0.0,100.0,0.0,,,64.0,36.0,,,100.0,2.0,99.0,2909.0,36,36,100,0,100,0,200,0,100.0,1434.0,100.0,15151649072.0,100.0,15353277324.0
2018-03-05,ZCH07W23,ST12000NM0007,12000138625024,0,83,200797088,96,0,100,3,100,0,83,197025597,97,2630,100,0,100,3,,,,,100.0,0.0,100.0,0.0,,,65.0,35.0,,,100.0,2.0,99.0,2910.0,35,35,100,0,100,0,200,0,100.0,1457.0,100.0,15387605584.0,100.0,15577347060.0
2018-03-06,ZCH07W23,ST12000NM0007,12000138625024,0,71,11250784,96,0,100,3,100,0,83,200801927,97,2655,100,0,100,3,,,,,100.0,0.0,100.0,0.0,,,64.0,36.0,,,100.0,2.0,99.0,2911.0,36,36,100,0,100,0,200,0,100.0,1483.0,100.0,15642410184.0,100.0,15865418588.0
2018-03-07,ZCH07W23,ST12000NM0007,12000138625024,0,84.0,233664128.0,96.0,0.0,100.0,3.0,100.0,0.0,83.0,204185531.0,97.0,2680.0,100.0,0.0,100.0,3.0,,,,,100.0,0.0,100.0,0.0,,,64.0,36.0,,,100.0,2.0,99.0,2912.0,36.0,36.0,100.0,0.0,100.0,0.0,200.0,0.0,100.0,1507.0,100.0,15873742136.0,100.0,16100640700.0
2018-03-08,ZCH07W23,ST12000NM0007,12000138625024,0,83,197184136,96,0,100,3,100,0,83,207333110,97,2701,100,0,100,3,,,,,100.0,0.0,100.0,0.0,,,64.0,36.0,,,100.0,2.0,99.0,2913.0,36,36,100,0,100,0,200,0,100.0,1528.0,100.0,16096492400.0,100.0,16329691812.0
2018-03-09,ZCH07W23,ST12000NM0007,12000138625024,0,83,193373224,96,0,100,3,100,0,83,210696755,97,2724,100,0,100,3,,,,,100.0,0.0,100.0,0.0,,,64.0,36.0,,,100.0,2.0,99.0,2914.0,36,36,100,0,100,0,200,0,100.0,1551.0,100.0,16337465976.0,100.0,16573188948.0
2018-03-10,ZCH07W23,ST12000NM0007,12000138625024,0,82,166883480,96,0,100,3,100,0,83,214019618,97,2749,100,0,100,3,,,,,100.0,0.0,100.0,0.0,,,64.0,36.0,,,100.0,3.0,99.0,2915.0,36,36,100,0,100,0,200,0,100.0,1576.0,100.0,16546851864.0,100.0,16825594636.0
2018-03-11,ZCH07W23,ST12000NM0007,12000138625024,0,82,145390856,96,0,100,3,100,0,83,217299897,97,2773,100,0,100,3,,,,,100.0,0.0,100.0,0.0,,,64.0,36.0,,,100.0,3.0,99.0,2916.0,36,36,100,0,100,0,200,0,100.0,1600.0,100.0,16751132888.0,100.0,17088102468.0
2018-03-12,ZCH07W23,ST12000NM0007,12000138625024,0,82,145550200,96,0,100,3,100,0,83,220701064,97,2797,100,0,100,3,,,,,100.0,0.0,100.0,0.0,,,64.0,36.0,,,100.0,3.0,99.0,2917.0,36,36,100,0,100,0,200,0,100.0,1624.0,100.0,16955119912.0,100.0,17372556332.0
2018-03-13,ZCH07W23,ST12000NM0007,12000138625024,0,82,143911000,96,0,100,3,100,0,84,224010642,97,2821,100,0,100,3,,,,,100.0,0.0,100.0,0.0,,,64.0,36.0,,,100.0,3.0,99.0,2918.0,36,36,100,0,100,0,200,0,100.0,1648.0,100.0,17186473192.0,100.0,17627845428.0
2018-03-14,ZCH07W23,ST12000NM0007,12000138625024,0,74,23658816,96,0,100,3,100,0,84,226907088,97,2844,100,0,100,3,,,,,100.0,0.0,100.0,0.0,,,64.0,36.0,,,100.0,3.0,99.0,2919.0,36,36,100,0,100,0,200,0,100.0,1671.0,100.0,17363479664.0,100.0,17818868524.0
2018-03-15,ZCH07W23,ST12000NM0007,12000138625024,0,84,237658368,96,0,100,3,100,0,84,230384160,97,2869,100,0,100,3,,,,,100.0,0.0,100.0,0.0,,,64.0,36.0,,,100.0,3.0,99.0,2920.0,36,36,100,0,100,0,200,0,100.0,1696.0,100.0,17546770648.0,100.0,18093719644.0
2018-03-16,ZCH07W23,ST12000NM0007,12000138625024,0,82.0,161786776.0,96.0,0.0,100.0,3.0,100.0,0.0,84.0,233728248.0,97.0,2894.0,100.0,0.0,100.0,3.0,,,,,100.0,0.0,100.0,0.0,,,64.0,36.0,,,100.0,4.0,99.0,2921.0,36.0,36.0,100.0,0.0,100.0,0.0,200.0,0.0,100.0,1720.0,100.0,17724284752.0,100.0,18328615396.0
2018-03-17,ZCH07W23,ST12000NM0007,12000138625024,0,82,145690200,96,0,100,3,100,0,84,237144271,97,2918,100,0,100,3,,,,,100.0,0.0,100.0,0.0,,,64.0,36.0,,,100.0,4.0,99.0,2922.0,36,36,100,0,100,0,200,0,100.0,1744.0,100.0,17905359664.0,100.0,18619725420.0
2018-03-18,ZCH07W23,ST12000NM0007,12000138625024,0,75,30334272,96,0,100,3,100,0,84,240015616,97,2941,100,0,100,3,,,,,100.0,0.0,100.0,0.0,,,64.0,36.0,,,100.0,4.0,99.0,2923.0,36,36,100,0,100,0,200,0,100.0,1768.0,100.0,18061818896.0,100.0,18836191740.0
2018-03-19,ZCH07W23,ST12000NM0007,12000138625024,0,83,222314464,96,0,100,3,100,0,84,243272332,97,2965,100,0,100,3,,,,,100.0,0.0,100.0,0.0,,,64.0,36.0,,,100.0,4.0,99.0,2924.0,36,36,100,0,100,0,200,0,100.0,1791.0,100.0,18234769624.0,100.0,19099362148.0
2018-03-20,ZCH07W23,ST12000NM0007,12000138625024,0,82,173725138,95,0,100,4,100,0,84,246679994,97,2992,100,0,100,3,,,,,100.0,0.0,100.0,0.0,,,64.0,36.0,,,100.0,4.0,99.0,2928.0,36,36,100,0,100,0,200,0,100.0,1818.0,100.0,18414575120.0,100.0,19359248646.0
2018-03-21,ZCH07W23,ST12000NM0007,12000138625024,0,83,193166176,95,0,100,4,100,0,84,248779889,97,3010,100,0,100,3,,,,,100.0,0.0,100.0,0.0,,,64.0,36.0,,,100.0,4.0,99.0,2929.0,36,36,100,0,100,0,200,0,100.0,1836.0,100.0,18524980424.0,100.0,19512425022.0
2018-03-22,ZCH07W23,ST12000NM0007,12000138625024,0,78,67213240,95,0,100,4,100,0,84,251572555,97,3034,100,0,100,3,,,,,100.0,0.0,100.0,0.0,,,64.0,36.0,,,100.0,4.0,99.0,2930.0,36,36,100,0,100,0,200,0,100.0,1860.0,100.0,18664527824.0,100.0,19735206158.0
2018-03-23,ZCH07W23,ST12000NM0007,12000138625024,0,83,195070440,95,0,100,4,100,0,84,254646423,97,3058,100,0,100,3,,,,,100.0,0.0,100.0,0.0,,,64.0,36.0,,,100.0,4.0,99.0,2931.0,36,36,100,0,100,0,200,0,100.0,1883.0,100.0,18805953320.0,100.0,19965778646.0
2018-03-24,ZCH07W23,ST12000NM0007,12000138625024,0,79,73751888,95,0,100,4,100,0,84,257464562,97,3083,100,0,100,3,,,,,100.0,0.0,100.0,0.0,,,64.0,36.0,,,100.0,4.0,99.0,2932.0,36,36,100,0,100,0,200,0,100.0,1908.0,100.0,18955521248.0,100.0,20183174094.0
2018-03-25,ZCH07W23,ST12000NM0007,12000138625024,0,83,179881552,95,0,100,4,100,0,84,260215207,97,3106,100,0,100,3,,,,,100.0,0.0,100.0,0.0,,,64.0,36.0,,,100.0,4.0,99.0,2933.0,36,36,100,0,100,0,200,0,100.0,1931.0,100.0,19087227008.0,100.0,20401738630.0
2018-03-26,ZCH07W23,ST12000NM0007,12000138625024,0,78,67647904,95,0,100,4,100,0,84,263250210,97,3131,100,0,100,3,,,,,100.0,0.0,100.0,0.0,,,64.0,36.0,,,100.0,4.0,99.0,2934.0,36,36,100,0,100,0,200,0,100.0,1956.0,100.0,19242539864.0,100.0,20622473662.0
2018-03-27,ZCH07W23,ST12000NM0007,12000138625024,0,83,216195976,95,0,100,4,100,0,84,266407857,97,3154,100,0,100,3,,,,,100.0,0.0,100.0,0.0,,,64.0,36.0,,,100.0,4.0,99.0,2935.0,36,36,100,0,100,0,200,0,100.0,1979.0,100.0,19403793104.0,100.0,20853909334.0
2018-03-28,ZCH07W23,ST12000NM0007,12000138625024,0,79,78141456,95,0,100,4,100,0,84,269226288,97,3178,100,0,100,3,,,,,100.0,0.0,100.0,0.0,,,65.0,35.0,,,100.0,4.0,99.0,2936.0,35,35,100,0,100,0,200,0,100.0,2003.0,100.0,19546667864.0,100.0,21061261630.0
2018-03-29,ZCH07W23,ST12000NM0007,12000138625024,0,73,22281736,95,0,100,4,100,0,84,272507183,97,3205,100,0,100,3,,,,,100.0,0.0,100.0,0.0,,,65.0,35.0,,,100.0,4.0,99.0,2937.0,35,35,100,0,100,0,200,0,100.0,2029.0,100.0,19698427528.0,100.0,21341923790.0
2018-03-30,ZCH07W23,ST12000NM0007,12000138625024,0,81,133121552,95,0,100,4,100,0,84,275279486,97,3229,100,0,100,3,,,,,100.0,0.0,100.0,0.0,,,64.0,36.0,,,100.0,4.0,99.0,2938.0,36,36,100,0,100,0,200,0,100.0,2053.0,100.0,19857435672.0,100.0,21537896126.0
2018-03-31,ZCH07W23,ST12000NM0007,12000138625024,0,77,49689144,95,0,100,4,100,0,84,278305234,97,3253,100,0,100,3,,,,,100.0,0.0,100.0,0.0,,,64.0,36.0,,,100.0,4.0,99.0,2939.0,36,36,100,0,100,0,200,0,100.0,2077.0,100.0,20035569360.0,100.0,21764611430.0
2018-04-01,ZCH07W23,ST12000NM0007,12000138625024,0,83,197721512,95,0,100,4,100,0,84,281475809,97,3277,100,0,100,3,,,,,100.0,0.0,100.0,0.0,,,64.0,36.0,,,100.0,4.0,99.0,2940.0,36,36,100,0,100,0,200,0,100.0,2101.0,100.0,20175955992.0,100.0,22016397990.0
2018-04-02,ZCH07W23,ST12000NM0007,12000138625024,0,81,132213408,95,0,100,4,100,0,85,284654673,97,3301,100,0,100,3,,,,,100.0,0.0,100.0,0.0,,,64.0,36.0,,,100.0,4.0,99.0,2941.0,36,36,100,0,100,0,200,0,100.0,2126.0,100.0,20361721704.0,100.0,22253405742.0
2018-04-03,ZCH07W23,ST12000NM0007,12000138625024,0,83,219777560,95,0,100,4,100,0,85,286991978,97,3325,100,0,100,3,,,,,100.0,0.0,100.0,0.0,,,64.0,36.0,,,100.0,4.0,99.0,2942.0,36,36,100,0,100,0,200,0,100.0,2149.0,100.0,20478742536.0,100.0,22468089790.0
2018-04-04,ZCH07W23,ST12000NM0007,12000138625024,0,82,150450856,95,0,100,4,100,0,85,289995557,97,3349,100,0,100,3,,,,,100.0,0.0,100.0,0.0,,,64.0,36.0,,,100.0,4.0,99.0,2943.0,36,36,100,0,100,0,200,0,100.0,2173.0,100.0,20657550744.0,100.0,22708236198.0
2018-04-05,ZCH07W23,ST12000NM0007,12000138625024,0,79,71059728,95,0,100,4,100,0,85,293057167,97,3373,100,0,100,3,,,,,100.0,0.0,100.0,0.0,,,64.0,36.0,,,100.0,4.0,99.0,2944.0,36,36,100,0,100,0,200,0,100.0,2197.0,100.0,20846575120.0,100.0,22928102278.0
2018-04-06,ZCH07W23,ST12000NM0007,12000138625024,0,84,228721376,95,0,100,4,100,0,85,295987222,97,3397,100,0,100,3,,,,,100.0,0.0,100.0,0.0,,,65.0,35.0,,,100.0,4.0,99.0,2945.0,35,35,100,0,100,0,200,0,100.0,2221.0,100.0,21029516800.0,100.0,23146963030.0
2018-04-07,ZCH07W23,ST12000NM0007,12000138625024,0,80.0,110847848.0,95.0,0.0,100.0,4.0,100.0,0.0,85.0,299101990.0,97.0,3421.0,100.0,0.0,100.0,3.0,,,,,100.0,0.0,100.0,0.0,,,64.0,36.0,,,100.0,4.0,99.0,2946.0,36.0,36.0,100.0,0.0,100.0,0.0,200.0,0.0,100.0,2245.0,100.0,21193836840.0,100.0,23353052974.0
2018-04-08,ZCH07W23,ST12000NM0007,12000138625024,0,83,219909800,95,0,100,4,100,0,85,301901761,97,3445,100,0,100,3,,,,,100.0,0.0,100.0,0.0,,,64.0,36.0,,,100.0,5.0,99.0,2947.0,36,36,100,0,100,0,200,0,100.0,2269.0,100.0,21353756104.0,100.0,23546336542.0
2018-04-09,ZCH07W23,ST12000NM0007,12000138625024,0,81,113708856,95,0,100,4,100,0,85,304993790,97,3469,100,0,100,3,,,,,100.0,0.0,100.0,0.0,,,64.0,36.0,,,100.0,5.0,99.0,2948.0,36,36,100,0,100,0,200,0,100.0,2293.0,100.0,21507475384.0,100.0,23774697902.0
2018-04-10,ZCH07W23,ST12000NM0007,12000138625024,0,72,14211920,95,0,100,4,100,0,85,307863671,97,3493,100,0,100,3,,,,,100.0,0.0,100.0,0.0,,,63.0,37.0,,,100.0,5.0,99.0,2949.0,37,37,100,0,100,0,200,0,100.0,2317.0,100.0,21648432504.0,100.0,24022525462.0
2018-04-11,ZCH07W23,ST12000NM0007,12000138625024,0,81,133463816,95,0,100,4,100,0,85,310703159,96,3517,100,0,100,3,,,,,100.0,0.0,100.0,0.0,,,63.0,37.0,,,100.0,5.0,99.0,2950.0,37,37,100,0,100,0,200,0,100.0,2341.0,100.0,21791198712.0,100.0,24243151782.0
2018-04-12,ZCH07W23,ST12000NM0007,12000138625024,0,78,69617096,95,0,100,4,100,0,85,313711686,96,3541,100,0,100,3,,,,,100.0,0.0,100.0,0.0,,,64.0,36.0,,,100.0,5.0,99.0,2951.0,36,36,100,0,100,0,200,0,100.0,2365.0,100.0,21966218992.0,100.0,24492566190.0
2018-04-13,ZCH07W23,ST12000NM0007,12000138625024,0,84,232675024,95,0,100,4,100,0,85,316982586,96,3565,100,0,100,3,,,,,100.0,0.0,100.0,0.0,,,63.0,37.0,,,100.0,5.0,99.0,2952.0,37,37,100,0,100,0,200,0,100.0,2389.0,100.0,22134141416.0,100.0,24731842366.0
2018-04-14,ZCH07W23,ST12000NM0007,12000138625024,0,73,21226496,95,0,100,4,100,0,85,319327360,96,3585,100,0,100,3,,,,,100.0,0.0,100.0,0.0,,,64.0,36.0,,,100.0,5.0,99.0,2953.0,36,36,100,0,100,0,200,0,100.0,2409.0,100.0,22237921280.0,100.0,24904899830.0
2018-04-15,ZCH07W23,ST12000NM0007,12000138625024,0,80,105358088,95,0,100,4,100,0,85,322122827,96,3610,100,0,100,3,,,,,100.0,0.0,100.0,0.0,,,64.0,36.0,,,100.0,5.0,99.0,2954.0,36,36,100,0,100,0,200,0,100.0,2433.0,100.0,22381336776.0,100.0,25089756590.0
2018-04-16,ZCH07W23,ST12000NM0007,12000138625024,0,83,221477872,95,0,100,4,100,0,85,324975836,96,3634,100,0,100,3,,,,,100.0,0.0,100.0,0.0,,,64.0,36.0,,,100.0,5.0,99.0,2955.0,36,36,100,0,100,0,200,0,100.0,2457.0,100.0,22528616096.0,100.0,25302737726.0
2018-04-17,ZCH07W23,ST12000NM0007,12000138625024,0,82,160479904,95,0,100,4,100,0,85,328126409,96,3658,100,0,100,3,,,,,100.0,0.0,100.0,0.0,,,64.0,36.0,,,100.0,5.0,99.0,2956.0,36,36,100,0,100,0,200,0,100.0,2481.0,100.0,22703618400.0,100.0,25555019214.0
2018-04-18,ZCH07W23,ST12000NM0007,12000138625024,0,76,39731896,95,0,100,4,100,0,85,330936785,96,3682,100,0,100,3,,,,,100.0,0.0,100.0,0.0,,,64.0,36.0,,,100.0,5.0,99.0,2957.0,36,36,100,0,100,0,200,0,100.0,2505.0,100.0,22841909048.0,100.0,25784262230.0
2018-04-19,ZCH07W23,ST12000NM0007,12000138625024,0,82,164648040,95,0,100,4,100,0,85,333651280,96,3706,100,0,100,3,,,,,100.0,0.0,100.0,0.0,,,64.0,36.0,,,100.0,5.0,99.0,2958.0,36,36,100,0,100,0,200,0,100.0,2529.0,100.0,22988177048.0,100.0,26007051230.0
2018-04-20,ZCH07W23,ST12000NM0007,12000138625024,0,77,45089480,95,0,100,4,100,0,85,336433898,96,3729,100,0,100,3,,,,,100.0,0.0,100.0,0.0,,,63.0,37.0,,,100.0,5.0,99.0,2959.0,37,37,100,0,100,0,200,0,100.0,2553.0,100.0,23117207272.0,100.0,26246744038.0
2018-04-21,ZCH07W23,ST12000NM0007,12000138625024,0,82,157211712,95,0,100,4,100,0,85,339422491,96,3754,100,0,100,3,,,,,100.0,0.0,100.0,0.0,,,63.0,37.0,,,100.0,6.0,99.0,2960.0,37,37,100,0,100,0,200,0,100.0,2577.0,100.0,23246235784.0,100.0,26473978902.0
2018-04-22,ZCH07W23,ST12000NM0007,12000138625024,0,84,241140304,95,0,100,4,100,0,85,341963673,96,3777,100,0,100,3,,,,,100.0,0.0,100.0,0.0,,,64.0,36.0,,,100.0,6.0,99.0,2961.0,36,36,100,0,100,0,200,0,100.0,2600.0,100.0,23365230328.0,100.0,26683053606.0
2018-04-23,ZCH07W23,ST12000NM0007,12000138625024,0,80,104119704,95,0,100,4,100,0,85,344565346,96,3802,100,0,100,3,,,,,100.0,0.0,100.0,0.0,,,64.0,36.0,,,100.0,6.0,99.0,2962.0,36,36,100,0,100,0,200,0,100.0,2624.0,100.0,23479375856.0,100.0,26920168966.0
2018-04-24,ZCH07W23,ST12000NM0007,12000138625024,0,84,227899672,95,0,100,4,100,0,85,347483274,96,3826,100,0,100,3,,,,,100.0,0.0,100.0,0.0,,,63.0,37.0,,,100.0,6.0,99.0,2963.0,37,37,100,0,100,0,200,0,100.0,2649.0,100.0,23617796864.0,100.0,27149668590.0
2018-04-25,ZCH07W23,ST12000NM0007,12000138625024,0,79,77035752,95,0,100,4,100,0,85,350126702,96,3850,100,0,100,3,,,,,100.0,0.0,100.0,0.0,,,64.0,36.0,,,100.0,6.0,99.0,2964.0,36,36,100,0,100,0,200,0,100.0,2672.0,100.0,23743167816.0,100.0,27361715102.0
2018-04-26,ZCH07W23,ST12000NM0007,12000138625024,0,84,232902704,95,0,100,4,100,0,85,353376692,96,3878,100,0,100,3,,,,,100.0,0.0,100.0,0.0,,,64.0,36.0,,,100.0,6.0,99.0,2966.0,36,36,100,0,100,0,200,0,100.0,2700.0,100.0,23872683696.0,100.0,27632206846.0
2018-04-27,ZCH07W23,ST12000NM0007,12000138625024,0,66,4144096,95,0,100,4,100,0,86,355624433,96,3903,100,0,100,3,,,,,100.0,0.0,100.0,0.0,,,64.0,36.0,,,100.0,6.0,99.0,2967.0,36,36,100,0,100,0,200,0,100.0,2725.0,100.0,23957455760.0,100.0,27806957518.0
2018-04-28,ZCH07W23,ST12000NM0007,12000138625024,0,79,82993136,95,0,100,4,100,0,86,358109544,96,3926,100,0,100,3,,,,,100.0,0.0,100.0,0.0,,,64.0,36.0,,,100.0,6.0,99.0,2968.0,36,36,100,0,100,0,200,0,100.0,2748.0,100.0,24047118704.0,100.0,28040284270.0
2018-04-29,ZCH07W23,ST12000NM0007,12000138625024,0,82,176345240,95,0,100,4,100,0,86,360738539,96,3951,100,0,100,3,,,,,100.0,0.0,100.0,0.0,,,64.0,36.0,,,100.0,6.0,99.0,2969.0,36,36,100,0,100,0,200,0,100.0,2773.0,100.0,24157580688.0,100.0,28267315046.0
2018-04-30,ZCH07W23,ST12000NM0007,12000138625024,0,73,21499432,95,0,100,4,100,0,86,363225439,96,3975,100,0,100,3,,,,,100.0,0.0,100.0,0.0,,,64.0,36.0,,,100.0,7.0,99.0,2970.0,36,36,100,0,100,0,200,0,100.0,2797.0,100.0,24254121048.0,100.0,28504210302.0
2018-05-01,ZCH07W23,ST12000NM0007,12000138625024,0,82,148882984,95,0,100,4,100,0,86,365783137,96,3999,100,0,100,3,,,,,100.0,0.0,100.0,0.0,,,64.0,36.0,,,100.0,8.0,99.0,2971.0,36,36,100,0,100,0,200,0,100.0,2820.0,100.0,24351759096.0,100.0,28778096622.0
2018-05-02,ZCH07W23,ST12000NM0007,12000138625024,0,74.0,25416448.0,95.0,0.0,100.0,4.0,100.0,0.0,86.0,368769020.0,96.0,4023.0,100.0,0.0,100.0,3.0,,,,,100.0,0.0,100.0,0.0,,,63.0,37.0,,,100.0,9.0,99.0,2972.0,37.0,37.0,100.0,0.0,100.0,0.0,200.0,0.0,100.0,2845.0,100.0,24448287368.0,100.0,29046383614.0
2018-05-03,ZCH07W23,ST12000NM0007,12000138625024,0,80,104352896,95,0,100,4,100,0,86,371167880,96,4045,100,0,100,3,,,,,100.0,0.0,100.0,0.0,,,64.0,36.0,,,100.0,9.0,99.0,2973.0,36,36,100,0,100,0,200,0,100.0,2866.0,100.0,24531393408.0,100.0,29286354830.0
2018-05-04,ZCH07W23,ST12000NM0007,12000138625024,0,81,129557496,95,0,100,4,100,0,86,373248402,96,4068,100,0,100,3,,,,,100.0,0.0,100.0,0.0,,,64.0,36.0,,,100.0,9.0,99.0,2974.0,36,36,100,0,100,0,200,0,100.0,2889.0,100.0,24607248360.0,100.0,29479845614.0
2018-05-05,ZCH07W23,ST12000NM0007,12000138625024,0,83,201742688,95,0,100,4,100,0,86,375719933,96,4093,100,0,100,3,,,,,100.0,0.0,100.0,0.0,,,64.0,36.0,,,100.0,10.0,99.0,2975.0,36,36,100,0,100,0,200,0,100.0,2914.0,100.0,24702596360.0,100.0,29700823462.0
2018-05-06,ZCH07W23,ST12000NM0007,12000138625024,0,100,3704,95,0,100,4,100,0,86,377942116,96,4117,100,0,100,3,,,,,100.0,0.0,100.0,0.0,,,64.0,36.0,,,100.0,11.0,99.0,2976.0,36,36,100,0,100,0,200,0,100.0,2938.0,100.0,24780527960.0,100.0,29909434462.0
2018-05-07,ZCH07W23,ST12000NM0007,12000138625024,0,80,91376560,95,0,100,4,100,0,86,380850163,96,4141,100,0,100,3,,,,,100.0,0.0,100.0,0.0,,,64.0,36.0,,,100.0,11.0,99.0,2977.0,36,36,100,0,100,0,200,0,100.0,2962.0,100.0,24892250808.0,100.0,30133225102.0
2018-05-08,ZCH07W23,ST12000NM0007,12000138625024,0,83,214114760,95,0,100,4,100,0,86,383558164,96,4164,100,0,100,3,,,,,100.0,0.0,100.0,0.0,,,64.0,36.0,,,100.0,12.0,99.0,2978.0,36,36,100,0,100,0,200,0,100.0,2985.0,100.0,24999232160.0,100.0,30393122614.0
2018-05-09,ZCH07W23,ST12000NM0007,12000138625024,0,84,233507944,95,0,100,4,100,0,86,386084956,96,4189,100,0,100,3,,,,,100.0,0.0,100.0,0.0,,,64.0,36.0,,,100.0,12.0,99.0,2979.0,36,36,100,0,100,0,200,0,100.0,3010.0,100.0,25101098792.0,100.0,30554789942.0
2018-05-10,ZCH07W23,ST12000NM0007,12000138625024,0,79,82144776,95,0,100,4,100,0,86,388665197,96,4213,100,0,100,3,,,,,100.0,0.0,100.0,0.0,,,64.0,36.0,,,100.0,12.0,99.0,2981.0,36,36,100,0,100,0,200,0,100.0,3034.0,100.0,25207323360.0,100.0,30785484094.0
2018-05-11,ZCH07W23,ST12000NM0007,12000138625024,0,80,102836256,95,0,100,4,100,0,86,390543336,96,4237,100,0,100,3,,,,,100.0,0.0,100.0,0.0,,,64.0,36.0,,,100.0,12.0,99.0,2982.0,36,36,100,0,100,0,200,0,100.0,3057.0,100.0,25259625760.0,100.0,30998013918.0
2018-05-12,ZCH07W23,ST12000NM0007,12000138625024,0,84,231926568,95,0,100,4,100,0,86,393548853,96,4261,100,0,100,3,,,,,100.0,0.0,100.0,0.0,,,63.0,37.0,,,100.0,12.0,99.0,2983.0,37,37,100,0,100,0,200,0,100.0,3082.0,100.0,25349771520.0,100.0,31281099334.0
2018-05-13,ZCH07W23,ST12000NM0007,12000138625024,0,76,41179016,95,0,100,4,100,0,86,395808658,96,4285,100,0,100,3,,,,,100.0,0.0,100.0,0.0,,,64.0,36.0,,,100.0,13.0,99.0,2984.0,36,36,100,0,100,0,200,0,100.0,3105.0,100.0,25426622768.0,100.0,31501781878.0
2018-05-14,ZCH07W23,ST12000NM0007,12000138625024,0,78,67543456,95,0,100,4,100,0,86,398018162,96,4310,100,0,100,3,,,,,100.0,0.0,100.0,0.0,,,64.0,36.0,,,100.0,13.0,99.0,2985.0,36,36,100,0,100,0,200,0,100.0,3130.0,100.0,25502957784.0,100.0,31695951934.0
2018-05-15,ZCH07W23,ST12000NM0007,12000138625024,0,82.0,151043552.0,95.0,0.0,100.0,4.0,100.0,0.0,86.0,400485994.0,96.0,4333.0,100.0,0.0,100.0,3.0,,,,,100.0,0.0,100.0,0.0,,,64.0,36.0,,,100.0,13.0,99.0,2986.0,36.0,36.0,100.0,0.0,100.0,0.0,200.0,0.0,100.0,3153.0,100.0,25601132928.0,100.0,31925417534.0
2018-05-16,ZCH07W23,ST12000NM0007,12000138625024,0,74,24282176,95,0,100,4,100,0,86,403224448,96,4357,100,0,100,3,,,,,100.0,0.0,100.0,0.0,,,64.0,36.0,,,100.0,14.0,99.0,2987.0,36,36,100,0,100,0,200,0,100.0,3177.0,100.0,25704676304.0,100.0,32183394118.0
2018-05-17,ZCH07W23,ST12000NM0007,12000138625024,0,82,160796760,95,0,100,4,100,0,86,406035151,95,4382,100,0,100,3,,,,,100.0,0.0,100.0,0.0,,,64.0,36.0,,,100.0,15.0,99.0,2990.0,36,36,100,0,100,0,200,0,100.0,3202.0,100.0,25815120296.0,100.0,32453605750.0
2018-05-18,ZCH07W23,ST12000NM0007,12000138625024,0,65,3111504,95,0,100,4,100,0,86,408929537,95,4407,100,0,100,3,,,,,100.0,0.0,100.0,0.0,,,64.0,36.0,,,100.0,15.0,99.0,2991.0,36,36,100,0,100,0,200,0,100.0,3226.0,100.0,25933115552.0,100.0,32666206774.0
2018-05-19,ZCH07W23,ST12000NM0007,12000138625024,0,81,114712624,95,0,100,4,100,0,86,411554888,95,4430,100,0,100,3,,,,,100.0,0.0,100.0,0.0,,,63.0,37.0,,,100.0,16.0,99.0,2992.0,37,37,100,0,100,0,200,0,100.0,3250.0,100.0,26032521576.0,100.0,32922542734.0
2018-05-20,ZCH07W23,ST12000NM0007,12000138625024,0,72,14666784,95,0,100,4,100,0,86,414522936,95,4456,100,0,100,3,,,,,100.0,0.0,100.0,0.0,,,64.0,36.0,,,100.0,16.0,99.0,2993.0,36,36,100,0,100,0,200,0,100.0,3275.0,100.0,26178786672.0,100.0,33164513198.0
2018-05-21,ZCH07W23,ST12000NM0007,12000138625024,0,82,143263808,95,0,100,4,100,0,86,417327960,95,4480,100,0,100,3,,,,,100.0,0.0,100.0,0.0,,,64.0,36.0,,,100.0,17.0,99.0,2994.0,36,36,100,0,100,0,200,0,100.0,3299.0,100.0,26295266560.0,100.0,33420771046.0
2018-05-22,ZCH07W23,ST12000NM0007,12000138625024,0,75,32368920,95,0,100,4,100,0,86,420352247,95,4504,100,0,100,3,,,,,100.0,0.0,100.0,0.0,,,64.0,36.0,,,100.0,17.0,99.0,2995.0,36,36,100,0,100,0,200,0,100.0,3323.0,100.0,26416946240.0,100.0,33676477830.0
2018-05-23,ZCH07W23,ST12000NM0007,12000138625024,0,80,102601448,95,0,100,4,100,0,86,422985616,95,4528,100,0,100,3,,,,,100.0,0.0,100.0,0.0,,,63.0,37.0,,,100.0,17.0,99.0,2996.0,37,37,100,0,100,0,200,0,100.0,3347.0,100.0,26514068768.0,100.0,33893728646.0
2018-05-24,ZCH07W23,ST12000NM0007,12000138625024,0,82,174386304,95,0,100,4,100,0,86,425840828,95,4552,100,0,100,3,,,,,100.0,0.0,100.0,0.0,,,63.0,37.0,,,100.0,17.0,99.0,2997.0,37,37,100,0,100,0,200,0,100.0,3371.0,100.0,26612417712.0,100.0,34111305374.0
2018-05-25,ZCH07W23,ST12000NM0007,12000138625024,0,82,149952120,95,0,100,4,100,0,86,427792144,95,4573,100,0,100,3,,,,,100.0,0.0,100.0,0.0,,,63.0,37.0,,,100.0,17.0,99.0,2999.0,37,37,100,0,100,0,200,0,100.0,3391.0,100.0,26684803120.0,100.0,34258626414.0
2018-05-26,ZCH07W23,ST12000NM0007,12000138625024,0,83,189873344,95,0,100,4,100,0,86,430118383,95,4596,100,0,100,3,,,,,100.0,0.0,100.0,0.0,,,64.0,36.0,,,100.0,17.0,99.0,3000.0,36,36,100,0,100,0,200,0,100.0,3415.0,100.0,26763728360.0,100.0,34463763126.0
2018-05-27,ZCH07W23,ST12000NM0007,12000138625024,0,83,215202656,95,0,100,4,100,0,86,432523027,95,4620,100,0,100,3,,,,,100.0,0.0,100.0,0.0,,,63.0,37.0,,,100.0,17.0,99.0,3001.0,37,37,100,0,100,0,200,0,100.0,3439.0,100.0,26848221264.0,100.0,34648740342.0
2018-05-28,ZCH07W23,ST12000NM0007,12000138625024,0,80,94862824,95,0,100,4,100,0,86,435130048,95,4644,100,0,100,3,,,,,100.0,0.0,100.0,0.0,,,63.0,37.0,,,100.0,18.0,99.0,3002.0,37,37,100,0,100,0,200,0,100.0,3462.0,100.0,26926000840.0,100.0,34938902510.0
2018-05-29,ZCH07W23,ST12000NM0007,12000138625024,0,82,153764600,95,0,100,4,100,0,86,437701783,95,4668,100,0,100,3,,,,,100.0,0.0,100.0,0.0,,,64.0,36.0,,,100.0,18.0,99.0,3003.0,36,36,100,0,100,0,200,0,100.0,3487.0,100.0,27008261216.0,100.0,35159684550.0
2018-05-30,ZCH07W23,ST12000NM0007,12000138625024,0,83,219818784,95,0,100,4,100,0,86,440175588,95,4692,100,0,100,3,,,,,100.0,0.0,100.0,0.0,,,63.0,37.0,,,100.0,18.0,99.0,3004.0,37,37,100,0,100,0,200,0,100.0,3510.0,100.0,27079538544.0,100.0,35398602334.0
2018-05-31,ZCH07W23,ST12000NM0007,12000138625024,0,80,93418840,95,0,100,4,100,0,86,443507454,95,4718,100,0,100,3,,,,,100.0,0.0,100.0,0.0,,,64.0,36.0,,,100.0,18.0,99.0,3006.0,36,36,100,0,100,0,200,0,100.0,3537.0,100.0,27182089592.0,100.0,35657932686.0
2018-06-01,ZCH07W23,ST12000NM0007,12000138625024,0,83,208016144,95,0,100,4,100,0,86,446474524,95,4743,100,0,100,3,,,,,100.0,0.0,100.0,0.0,,,63.0,37.0,,,100.0,18.0,99.0,3007.0,37,37,100,0,100,0,200,0,100.0,3561.0,100.0,27285294520.0,100.0,35913465774.0
2018-06-02,ZCH07W23,ST12000NM0007,12000138625024,0,67,5383808,95,0,100,4,100,0,87,449004155,95,4766,100,0,100,3,,,,,100.0,0.0,100.0,0.0,,,63.0,37.0,,,100.0,19.0,99.0,3008.0,37,37,100,0,100,0,200,0,100.0,3584.0,100.0,27354647136.0,100.0,36129762366.0
2018-06-03,ZCH07W23,ST12000NM0007,12000138625024,0,77,54748368,95,0,100,4,100,0,87,451629986,95,4791,100,0,100,3,,,,,100.0,0.0,100.0,0.0,,,64.0,36.0,,,100.0,19.0,99.0,3009.0,36,36,100,0,100,0,200,0,100.0,3609.0,100.0,27431338632.0,100.0,36346576190.0
2018-06-04,ZCH07W23,ST12000NM0007,12000138625024,0,81,116258912,95,0,100,4,100,0,87,454242688,95,4814,100,0,100,3,,,,,100.0,0.0,100.0,0.0,,,63.0,37.0,,,100.0,19.0,99.0,3010.0,37,37,100,0,100,0,200,0,100.0,3632.0,100.0,27527330792.0,100.0,36556235238.0
2018-06-05,ZCH07W23,ST12000NM0007,12000138625024,0,82,166847560,95,0,100,4,100,0,87,456731956,95,4838,100,0,100,3,,,,,100.0,0.0,100.0,0.0,,,63.0,37.0,,,100.0,20.0,99.0,3011.0,37,37,100,0,100,0,200,0,100.0,3656.0,100.0,27607286208.0,100.0,36771009222.0
2018-06-06,ZCH07W23,ST12000NM0007,12000138625024,0,72,16353536,95,0,100,4,100,0,87,459640938,95,4862,100,0,100,3,,,,,100.0,0.0,100.0,0.0,,,63.0,37.0,,,100.0,20.0,99.0,3012.0,37,37,100,0,100,0,200,0,100.0,3680.0,100.0,27704885528.0,100.0,37011197286.0
2018-06-07,ZCH07W23,ST12000NM0007,12000138625024,0,79,84232920,95,0,100,4,100,0,87,462609351,95,4887,100,0,100,3,,,,,100.0,0.0,100.0,0.0,,,64.0,36.0,,,100.0,20.0,99.0,3013.0,36,36,100,0,100,0,200,0,100.0,3705.0,100.0,27786247504.0,100.0,37241855558.0
2018-06-08,ZCH07W23,ST12000NM0007,12000138625024,0,79,81631616,95,0,100,4,100,0,87,464877574,95,4910,100,0,100,3,,,,,100.0,0.0,100.0,0.0,,,63.0,37.0,,,100.0,21.0,99.0,3014.0,37,37,100,0,100,0,200,0,100.0,3727.0,100.0,27857043096.0,100.0,37412599414.0
2018-06-09,ZCH07W23,ST12000NM0007,12000138625024,0,82,151803880,95,0,100,4,100,0,87,467395312,95,4934,100,0,100,3,,,,,100.0,0.0,100.0,0.0,,,63.0,37.0,,,100.0,21.0,99.0,3015.0,37,37,100,0,100,0,200,0,100.0,3752.0,100.0,27933556176.0,100.0,37650399294.0
2018-06-10,ZCH07W23,ST12000NM0007,12000138625024,0,83,200921752,95,0,100,4,100,0,87,469891413,95,4958,100,0,100,3,,,,,100.0,0.0,100.0,0.0,,,63.0,37.0,,,100.0,21.0,99.0,3016.0,37,37,100,0,100,0,200,0,100.0,3775.0,100.0,28020198080.0,100.0,37857015902.0
2018-06-11,ZCH07W23,ST12000NM0007,12000138625024,0,78,63555264,95,0,100,4,100,0,87,472768635,95,4982,100,0,100,3,,,,,100.0,0.0,100.0,0.0,,,63.0,37.0,,,100.0,21.0,99.0,3017.0,37,37,100,0,100,0,200,0,100.0,3800.0,100.0,28125162272.0,100.0,38102966766.0
2018-06-12,ZCH07W23,ST12000NM0007,12000138625024,0,81,138316672,95,0,100,4,100,0,87,475427086,95,5006,100,0,100,3,,,,,100.0,0.0,100.0,0.0,,,63.0,37.0,,,100.0,21.0,99.0,3018.0,37,37,100,0,100,0,200,0,100.0,3823.0,100.0,28214146488.0,100.0,38332884678.0
2018-06-13,ZCH07W23,ST12000NM0007,12000138625024,0,84,237928888,95,0,100,4,100,0,87,478494828,95,5030,100,0,100,3,,,,,100.0,0.0,100.0,0.0,,,64.0,36.0,,,100.0,21.0,99.0,3019.0,36,36,100,0,100,0,200,0,100.0,3847.0,100.0,28302530776.0,100.0,38588253358.0
2018-06-14,ZCH07W23,ST12000NM0007,12000138625024,0,78,70440352,95,0,100,4,100,0,87,481183058,95,5054,100,0,100,3,,,,,100.0,0.0,100.0,0.0,,,63.0,37.0,,,100.0,21.0,99.0,3021.0,37,37,100,0,100,0,200,0,100.0,3871.0,100.0,28388868232.0,100.0,38822708950.0
2018-06-15,ZCH07W23,ST12000NM0007,12000138625024,0,80.0,105341416.0,95.0,0.0,100.0,4.0,100.0,0.0,87.0,483514230.0,95.0,5077.0,100.0,0.0,100.0,3.0,,,,,100.0,0.0,100.0,0.0,,,64.0,36.0,,,100.0,21.0,99.0,3022.0,36.0,36.0,100.0,0.0,100.0,0.0,200.0,0.0,100.0,3894.0,100.0,28468216912.0,100.0,39022402014.0
2018-06-16,ZCH07W23,ST12000NM0007,12000138625024,0,82.0,171660312.0,95.0,0.0,100.0,4.0,100.0,0.0,87.0,486223911.0,95.0,5102.0,100.0,0.0,100.0,3.0,,,,,100.0,0.0,100.0,0.0,,,63.0,37.0,,,100.0,22.0,99.0,3023.0,37.0,37.0,100.0,0.0,100.0,0.0,200.0,0.0,100.0,3919.0,100.0,28552913376.0,100.0,39248165078.0
2018-06-17,ZCH07W23,ST12000NM0007,12000138625024,0,84.0,228837520.0,95.0,0.0,100.0,4.0,100.0,0.0,87.0,488798830.0,95.0,5126.0,100.0,0.0,100.0,3.0,,,,,100.0,0.0,100.0,0.0,,,64.0,36.0,,,100.0,23.0,99.0,3024.0,36.0,36.0,100.0,0.0,100.0,0.0,200.0,0.0,100.0,3943.0,100.0,28631481016.0,100.0,39470915414.0
2018-06-18,ZCH07W23,ST12000NM0007,12000138625024,0,75.0,31843768.0,95.0,0.0,100.0,4.0,100.0,0.0,87.0,491283202.0,95.0,5150.0,100.0,0.0,100.0,3.0,,,,,100.0,0.0,100.0,0.0,,,64.0,36.0,,,100.0,24.0,99.0,3025.0,36.0,36.0,100.0,0.0,100.0,0.0,200.0,0.0,100.0,3966.0,100.0,28716427824.0,100.0,39677256438.0
2018-06-19,ZCH07W23,ST12000NM0007,12000138625024,0,81,117298816,95,0,100,4,100,0,87,494107943,95,5174,100,0,100,3,,,,,100.0,0.0,100.0,0.0,,,64.0,36.0,,,100.0,24.0,99.0,3026.0,36,36,100,0,100,0,200,0,100.0,3991.0,100.0,28827097888.0,100.0,39896182206.0
2018-06-20,ZCH07W23,ST12000NM0007,12000138625024,0,83,204851664,95,0,100,4,100,0,87,497175362,95,5197,100,0,100,3,,,,,100.0,0.0,100.0,0.0,,,65.0,35.0,,,100.0,25.0,99.0,3027.0,35,35,100,0,100,0,200,0,100.0,4014.0,100.0,28921136952.0,100.0,40133836662.0
2018-06-21,ZCH07W23,ST12000NM0007,12000138625024,0,77,52333896,95,0,100,4,100,0,87,500034843,95,5222,100,0,100,3,,,,,100.0,0.0,100.0,0.0,,,65.0,35.0,,,100.0,25.0,99.0,3028.0,35,35,100,0,100,0,200,0,100.0,4038.0,100.0,29030151384.0,100.0,40360586214.0
2018-06-22,ZCH07W23,ST12000NM0007,12000138625024,0,78,69252400,95,0,100,4,100,0,87,502538010,95,5245,100,0,100,3,,,,,100.0,0.0,100.0,0.0,,,65.0,35.0,,,100.0,25.0,99.0,3029.0,35,35,100,0,100,0,200,0,100.0,4061.0,100.0,29127491168.0,100.0,40524305854.0
2018-06-23,ZCH07W23,ST12000NM0007,12000138625024,0,80,106603560,95,0,100,4,100,0,87,505058853,94,5270,100,0,100,3,,,,,100.0,0.0,100.0,0.0,,,65.0,35.0,,,100.0,26.0,99.0,3030.0,35,35,100,0,100,0,200,0,100.0,4086.0,100.0,29220288848.0,100.0,40713000182.0
2018-06-24,ZCH07W23,ST12000NM0007,12000138625024,0,83,192621408,95,0,100,4,100,0,87,507817542,94,5294,100,0,100,3,,,,,100.0,0.0,100.0,0.0,,,65.0,35.0,,,100.0,26.0,99.0,3031.0,35,35,100,0,100,0,200,0,100.0,4110.0,100.0,29331267360.0,100.0,40932180390.0
2018-06-25,ZCH07W23,ST12000NM0007,12000138625024,0,74,24145600,95,0,100,4,100,0,87,510516231,94,5318,100,0,100,3,,,,,100.0,0.0,100.0,0.0,,,65.0,35.0,,,100.0,26.0,99.0,3032.0,35,35,100,0,100,0,200,0,100.0,4134.0,100.0,29426622648.0,100.0,41156630662.0
2018-06-26,ZCH07W23,ST12000NM0007,12000138625024,0,81,121088168,95,0,100,4,100,0,87,513300674,94,5342,100,0,100,3,,,,,100.0,0.0,100.0,0.0,,,65.0,35.0,,,100.0,26.0,99.0,3033.0,35,35,100,0,100,0,200,0,100.0,4158.0,100.0,29512923392.0,100.0,41411413246.0
2018-06-27,ZCH07W23,ST12000NM0007,12000138625024,0,83,221025936,95,0,100,4,100,0,87,516575093,94,5365,100,0,100,3,,,,,100.0,0.0,100.0,0.0,,,65.0,35.0,,,100.0,26.0,99.0,3034.0,35,35,100,0,100,0,200,0,100.0,4181.0,100.0,29602983232.0,100.0,41665431918.0
2018-06-28,ZCH07W23,ST12000NM0007,12000138625024,0,72,15981528,95,0,100,4,100,0,87,518742305,94,5390,100,0,100,3,,,,,100.0,0.0,100.0,0.0,,,66.0,34.0,,,100.0,26.0,99.0,3035.0,34,34,100,0,100,0,200,0,100.0,4205.0,100.0,29661857816.0,100.0,41889794406.0
2018-06-29,ZCH07W23,ST12000NM0007,12000138625024,0,72,15323160,95,0,100,4,100,0,87,520898561,94,5414,100,0,100,3,,,,,100.0,0.0,100.0,0.0,,,65.0,35.0,,,100.0,26.0,99.0,3036.0,35,35,100,0,100,0,200,0,100.0,4230.0,100.0,29737186496.0,100.0,42057948190.0
2018-06-30,ZCH07W23,ST12000NM0007,12000138625024,0,73,20624048,95,0,100,4,100,0,87,523207679,94,5439,100,0,100,3,,,,,100.0,0.0,100.0,0.0,,,65.0,35.0,,,100.0,26.0,99.0,3037.0,35,35,100,0,100,0,200,0,100.0,4254.0,100.0,29805017184.0,100.0,42239559294.0
2018-07-01,ZCH07W23,ST12000NM0007,12000138625024,0,78,68465312,95,0,100,4,100,0,87,525539815,94,5463,100,0,100,3,,,,,100.0,0.0,100.0,0.0,,,65.0,35.0,,,100.0,27.0,99.0,3038.0,35,35,100,0,100,0,200,0,100.0,4279.0,100.0,29880330984.0,100.0,42456227566.0
2018-07-02,ZCH07W23,ST12000NM0007,12000138625024,0,82,151307760,95,0,100,4,100,0,87,528211984,94,5487,100,0,100,3,,,,,100.0,0.0,100.0,0.0,,,65.0,35.0,,,100.0,27.0,99.0,3039.0,35,35,100,0,100,0,200,0,100.0,4302.0,100.0,29953816696.0,100.0,42709725062.0
2018-07-03,ZCH07W23,ST12000NM0007,12000138625024,0,78,56628576,95,0,100,4,100,0,87,531637929,94,5511,100,0,100,3,,,,,100.0,0.0,100.0,0.0,,,65.0,35.0,,,100.0,27.0,99.0,3040.0,35,35,100,0,100,0,200,0,100.0,4326.0,100.0,30044612616.0,100.0,43012531430.0
2018-07-04,ZCH07W23,ST12000NM0007,12000138625024,0,73,20646960,95,0,100,4,100,0,87,533644700,94,5535,100,0,100,3,,,,,100.0,0.0,100.0,0.0,,,65.0,35.0,,,100.0,27.0,99.0,3041.0,35,35,100,0,100,0,200,0,100.0,4350.0,100.0,30121864992.0,100.0,43143438182.0
2018-07-05,ZCH07W23,ST12000NM0007,12000138625024,0,77,48914320,95,0,100,4,100,0,87,536173861,94,5559,100,0,100,3,,,,,100.0,0.0,100.0,0.0,,,65.0,35.0,,,100.0,27.0,99.0,3042.0,35,35,100,0,100,0,200,0,100.0,4374.0,100.0,30221781440.0,100.0,43315929726.0
2018-07-06,ZCH07W23,ST12000NM0007,12000138625024,0,78,67674816,95,0,100,4,100,0,87,538519045,94,5582,100,0,100,3,,,,,100.0,0.0,100.0,0.0,,,67.0,33.0,,,100.0,27.0,99.0,3043.0,33,33,100,0,100,0,200,0,100.0,4397.0,100.0,30303982152.0,100.0,43496630326.0
2018-07-07,ZCH07W23,ST12000NM0007,12000138625024,0,79,76277336,95,0,100,4,100,0,87,540759846,94,5607,100,0,100,3,,,,,100.0,0.0,100.0,0.0,,,65.0,35.0,,,100.0,28.0,99.0,3044.0,35,35,100,0,100,0,200,0,100.0,4422.0,100.0,30374710088.0,100.0,43678645598.0
2018-07-08,ZCH07W23,ST12000NM0007,12000138625024,0,82,148430856,95,0,100,4,100,0,87,543912699,94,5631,100,0,100,3,,,,,100.0,0.0,100.0,0.0,,,65.0,35.0,,,100.0,28.0,99.0,3045.0,35,35,100,0,100,0,200,0,100.0,4446.0,100.0,30453783840.0,100.0,43915866238.0
2018-07-09,ZCH07W23,ST12000NM0007,12000138625024,0,83,207542168,95,0,100,4,100,0,87,546459619,94,5655,100,0,100,3,,,,,100.0,0.0,100.0,0.0,,,65.0,35.0,,,100.0,29.0,99.0,3046.0,35,35,100,0,100,0,200,0,100.0,4469.0,100.0,30529969592.0,100.0,44142932854.0
2018-07-10,ZCH07W23,ST12000NM0007,12000138625024,0,83.0,215190424.0,95.0,0.0,100.0,4.0,100.0,0.0,87.0,548675059.0,94.0,5679.0,100.0,0.0,100.0,3.0,,,,,100.0,0.0,100.0,0.0,,,65.0,35.0,,,100.0,29.0,99.0,3047.0,35.0,35.0,100.0,0.0,100.0,0.0,200.0,0.0,100.0,4494.0,100.0,30587255968.0,100.0,44337435366.0
2018-07-11,ZCH07W23,ST12000NM0007,12000138625024,0,83,223044120,95,0,100,4,100,0,87,550896742,94,5703,100,0,100,3,,,,,100.0,0.0,100.0,0.0,,,65.0,35.0,,,100.0,30.0,99.0,3048.0,35,35,100,0,100,0,200,0,100.0,4517.0,100.0,30648489440.0,100.0,44528196326.0
2018-07-12,ZCH07W23,ST12000NM0007,12000138625024,0,71,11312216,95,0,100,4,100,0,87,553342185,94,5729,100,0,100,3,,,,,100.0,0.0,100.0,0.0,,,65.0,35.0,,,100.0,30.0,99.0,3051.0,35,35,100,0,100,0,200,0,100.0,4543.0,100.0,30713587128.0,100.0,44739648304.0
2018-07-13,ZCH07W23,ST12000NM0007,12000138625024,0,74,23199208,95,0,100,4,100,0,87,555590337,94,5753,100,0,100,3,,,,,100.0,0.0,100.0,0.0,,,65.0,35.0,,,100.0,30.0,99.0,3052.0,35,35,100,0,100,0,200,0,100.0,4567.0,100.0,30779504640.0,100.0,44929758640.0
2018-07-14,ZCH07W23,ST12000NM0007,12000138625024,0,81,133186568,95,0,100,4,100,0,87,558889614,94,5777,100,0,100,3,,,,,100.0,0.0,100.0,0.0,,,65.0,35.0,,,100.0,30.0,99.0,3053.0,35,35,100,0,100,0,200,0,100.0,4591.0,100.0,30875585360.0,100.0,45187805992.0
2018-07-15,ZCH07W23,ST12000NM0007,12000138625024,0,83,190910768,95,0,100,4,100,0,87,561404445,94,5800,100,0,100,3,,,,,100.0,0.0,100.0,0.0,,,65.0,35.0,,,100.0,31.0,99.0,3054.0,35,35,100,0,100,0,200,0,100.0,4614.0,100.0,30969288512.0,100.0,45395967736.0
2018-07-16,ZCH07W23,ST12000NM0007,12000138625024,0,83,223042696,95,0,100,4,100,0,88,563738270,94,5825,100,0,100,3,,,,,100.0,0.0,100.0,0.0,,,64.0,36.0,,,100.0,32.0,99.0,3055.0,36,36,100,0,100,0,200,0,100.0,4639.0,100.0,31053747744.0,100.0,45587781136.0
2018-07-17,ZCH07W23,ST12000NM0007,12000138625024,0,72,14638328,95,0,100,4,100,0,88,566202977,94,5848,100,0,100,3,,,,,100.0,0.0,100.0,0.0,,,65.0,35.0,,,100.0,33.0,99.0,3056.0,35,35,100,0,100,0,200,0,100.0,4662.0,100.0,31132634632.0,100.0,45788771176.0
2018-07-18,ZCH07W23,ST12000NM0007,12000138625024,0,72,15226376,95,0,100,4,100,0,88,568244714,94,5873,100,0,100,3,,,,,100.0,0.0,100.0,0.0,,,65.0,35.0,,,100.0,33.0,99.0,3057.0,35,35,100,0,100,0,200,0,100.0,4687.0,100.0,31200882064.0,100.0,45965252832.0
2018-07-19,ZCH07W23,ST12000NM0007,12000138625024,0,77,50518272,95,0,100,4,100,0,88,570569470,94,5896,100,0,100,3,,,,,100.0,0.0,100.0,0.0,,,65.0,35.0,,,100.0,34.0,99.0,3058.0,35,35,100,0,100,0,200,0,100.0,4710.0,100.0,31280606512.0,100.0,46164961160.0
2018-07-20,ZCH07W23,ST12000NM0007,12000138625024,0,79,80749880,95,0,100,4,100,0,88,572814010,94,5921,100,0,100,3,,,,,100.0,0.0,100.0,0.0,,,65.0,35.0,,,100.0,34.0,99.0,3059.0,35,35,100,0,100,0,200,0,100.0,4735.0,100.0,31351127224.0,100.0,46368812720.0
2018-07-21,ZCH07W23,ST12000NM0007,12000138625024,0,81,131189320,95,0,100,4,100,0,88,575569917,94,5944,100,0,100,3,,,,,100.0,0.0,100.0,0.0,,,65.0,35.0,,,100.0,34.0,99.0,3060.0,35,35,100,0,100,0,200,0,100.0,4758.0,100.0,31435019888.0,100.0,46579500216.0
2018-07-22,ZCH07W23,ST12000NM0007,12000138625024,0,81,138931776,95,0,100,4,100,0,88,577643378,94,5969,100,0,100,3,,,,,100.0,0.0,100.0,0.0,,,65.0,35.0,,,100.0,34.0,99.0,3061.0,35,35,100,0,100,0,200,0,100.0,4782.0,100.0,31509101352.0,100.0,46757302048.0
2018-07-23,ZCH07W23,ST12000NM0007,12000138625024,0,83,219986504,95,0,100,4,100,0,88,579962798,94,5993,100,0,100,3,,,,,100.0,0.0,100.0,0.0,,,64.0,36.0,,,100.0,34.0,99.0,3062.0,36,36,100,0,100,0,200,0,100.0,4806.0,100.0,31560842736.0,100.0,47030756184.0
2018-07-24,ZCH07W23,ST12000NM0007,12000138625024,0,84,237556296,95,0,100,4,100,0,88,582084623,94,6017,100,0,100,3,,,,,100.0,0.0,100.0,0.0,,,65.0,35.0,,,100.0,35.0,99.0,3063.0,35,35,100,0,100,0,200,0,100.0,4830.0,100.0,31627997768.0,100.0,47225311680.0
2018-07-25,ZCH07W23,ST12000NM0007,12000138625024,0,74.0,25864784.0,95.0,0.0,100.0,4.0,100.0,0.0,88.0,584128249.0,94.0,6041.0,100.0,0.0,100.0,3.0,,,,,100.0,0.0,100.0,0.0,,,64.0,36.0,,,100.0,36.0,99.0,3064.0,36.0,36.0,100.0,0.0,100.0,0.0,200.0,0.0,100.0,4854.0,100.0,31690844928.0,100.0,47439054456.0
2018-07-26,ZCH07W23,ST12000NM0007,12000138625024,0,78,66610120,95,0,100,4,100,0,88,586420774,94,6065,100,0,100,3,,,,,100.0,0.0,100.0,0.0,,,64.0,36.0,,,100.0,36.0,99.0,3065.0,36,36,100,0,100,0,200,0,100.0,4878.0,100.0,31762024168.0,100.0,47652761432.0
2018-07-27,ZCH07W23,ST12000NM0007,12000138625024,0,79,73793360,95,0,100,4,100,0,88,588765457,94,6083,100,0,100,3,,,,,100.0,0.0,100.0,0.0,,,64.0,36.0,,,100.0,36.0,99.0,3067.0,36,36,100,0,100,0,200,0,100.0,4896.0,100.0,31817405208.0,100.0,47848704336.0
2018-07-28,ZCH07W23,ST12000NM0007,12000138625024,0,78,66450992,95,0,100,4,100,0,88,591074985,94,6107,100,0,100,3,,,,,100.0,0.0,100.0,0.0,,,64.0,36.0,,,100.0,36.0,99.0,3068.0,36,36,100,0,100,0,200,0,100.0,4919.0,100.0,31902869736.0,100.0,48000038128.0
2018-07-29,ZCH07W23,ST12000NM0007,12000138625024,0,80,93410560,95,0,100,4,100,0,88,593455167,94,6130,100,0,100,3,,,,,100.0,0.0,100.0,0.0,,,64.0,36.0,,,100.0,37.0,99.0,3069.0,36,36,100,0,100,0,200,0,100.0,4943.0,100.0,31982981736.0,100.0,48191026352.0
2018-07-30,ZCH07W23,ST12000NM0007,12000138625024,0,80,105555720,95,0,100,4,100,0,88,595913575,93,6155,100,0,100,3,,,,,100.0,0.0,100.0,0.0,,,65.0,35.0,,,100.0,37.0,99.0,3070.0,35,35,100,0,100,0,200,0,100.0,4968.0,100.0,32071512048.0,100.0,48358782296.0
2018-07-31,ZCH07W23,ST12000NM0007,12000138625024,0,81,138894728,95,0,100,4,100,0,88,598585959,93,6179,100,0,100,3,,,,,100.0,0.0,100.0,0.0,,,64.0,36.0,,,100.0,37.0,99.0,3071.0,36,36,100,0,100,0,200,0,100.0,4991.0,100.0,32186276472.0,100.0,48521497528.0
2018-08-01,ZCH07W23,ST12000NM0007,12000138625024,0,82,168084096,95,0,100,4,100,0,88,601055552,93,6202,100,0,100,3,,,,,100.0,0.0,100.0,0.0,,,65.0,35.0,,,100.0,38.0,99.0,3072.0,35,35,100,0,100,0,200,0,100.0,5015.0,100.0,32283884520.0,100.0,48697219624.0
2018-08-02,ZCH07W23,ST12000NM0007,12000138625024,0,100,65272,95,0,100,4,100,0,88,603880795,93,6227,100,0,100,3,,,,,100.0,0.0,100.0,0.0,,,64.0,36.0,,,100.0,38.0,99.0,3073.0,36,36,100,0,100,0,200,0,100.0,5040.0,100.0,32371057880.0,100.0,48930308920.0
2018-08-03,ZCH07W23,ST12000NM0007,12000138625024,0,82,175564224,95,0,100,4,100,0,88,605927294,93,6251,100,0,100,3,,,,,100.0,0.0,100.0,0.0,,,65.0,35.0,,,100.0,39.0,99.0,3074.0,35,35,100,0,100,0,200,0,100.0,5063.0,100.0,32460425456.0,100.0,49016440296.0
2018-08-04,ZCH07W23,ST12000NM0007,12000138625024,0,82,171322624,95,0,100,4,100,0,88,608238216,93,6274,100,0,100,3,,,,,100.0,0.0,100.0,0.0,,,65.0,35.0,,,100.0,39.0,99.0,3075.0,35,35,100,0,100,0,200,0,100.0,5086.0,100.0,32518370928.0,100.0,49198393856.0
2018-08-05,ZCH07W23,ST12000NM0007,12000138625024,0,83,202898728,95,0,100,4,100,0,88,610571371,93,6299,100,0,100,3,,,,,100.0,0.0,100.0,0.0,,,64.0,36.0,,,100.0,39.0,99.0,3076.0,36,36,100,0,100,0,200,0,100.0,5111.0,100.0,32590675904.0,100.0,49401805728.0
2018-08-06,ZCH07W23,ST12000NM0007,12000138625024,0,83,193826480,95,0,100,4,100,0,88,612696366,93,6322,100,0,100,3,,,,,100.0,0.0,100.0,0.0,,,64.0,36.0,,,100.0,39.0,99.0,3077.0,36,36,100,0,100,0,200,0,100.0,5134.0,100.0,32660990896.0,100.0,49566559264.0
2018-08-07,ZCH07W23,ST12000NM0007,12000138625024,0,77,50955864,95,0,100,4,100,0,88,615545443,93,6347,100,0,100,3,,,,,100.0,0.0,100.0,0.0,,,64.0,36.0,,,100.0,39.0,99.0,3078.0,36,36,100,0,100,0,200,0,100.0,5159.0,100.0,32753691408.0,100.0,49819269544.0
2018-08-08,ZCH07W23,ST12000NM0007,12000138625024,0,79,88881416,95,0,100,4,100,0,88,617992518,93,6371,100,0,100,3,,,,,100.0,0.0,100.0,0.0,,,64.0,36.0,,,100.0,39.0,99.0,3079.0,36,36,100,0,100,0,200,0,100.0,5182.0,100.0,32836485896.0,100.0,50018541368.0
2018-08-09,ZCH07W23,ST12000NM0007,12000138625024,0,83,209423248,95,0,100,4,100,0,88,621065946,93,6398,100,0,100,3,,,,,100.0,0.0,100.0,0.0,,,64.0,36.0,,,100.0,40.0,99.0,3081.0,36,36,100,0,100,0,200,0,100.0,5209.0,100.0,32961582408.0,100.0,50258127344.0
2018-08-10,ZCH07W23,ST12000NM0007,12000138625024,0,84,241283824,95,0,100,4,100,0,88,623440130,93,6423,100,0,100,3,,,,,100.0,0.0,100.0,0.0,,,64.0,36.0,,,100.0,41.0,99.0,3082.0,36,36,100,0,100,0,200,0,100.0,5234.0,100.0,33037890504.0,100.0,50457820952.0
2018-08-11,ZCH07W23,ST12000NM0007,12000138625024,0,73,18442688,95,0,100,4,100,0,88,625635273,93,6446,100,0,100,3,,,,,100.0,0.0,100.0,0.0,,,63.0,37.0,,,100.0,41.0,99.0,3083.0,37,37,100,0,100,0,200,0,100.0,5257.0,100.0,33113605464.0,100.0,50647546264.0
2018-08-12,ZCH07W23,ST12000NM0007,12000138625024,0,78,67758624,95,0,100,4,100,0,88,628237994,93,6471,100,0,100,3,,,,,100.0,0.0,100.0,0.0,,,64.0,36.0,,,100.0,41.0,99.0,3084.0,36,36,100,0,100,0,200,0,100.0,5281.0,100.0,33194525576.0,100.0,50860082968.0
2018-08-13,ZCH07W23,ST12000NM0007,12000138625024,0,81,123358792,95,0,100,4,100,0,88,630727263,93,6494,100,0,100,3,,,,,100.0,0.0,100.0,0.0,,,64.0,36.0,,,100.0,41.0,99.0,3085.0,36,36,100,0,100,0,200,0,100.0,5305.0,100.0,33276483224.0,100.0,51077866608.0
2018-08-14,ZCH07W23,ST12000NM0007,12000138625024,0,83.0,191228288.0,95.0,0.0,100.0,4.0,100.0,0.0,88.0,633377850.0,93.0,6519.0,100.0,0.0,100.0,3.0,,,,,100.0,0.0,100.0,0.0,,,64.0,36.0,,,100.0,41.0,99.0,3086.0,36.0,36.0,100.0,0.0,100.0,0.0,200.0,0.0,100.0,5329.0,100.0,33358718640.0,100.0,51307641344.0
2018-08-15,ZCH07W23,ST12000NM0007,12000138625024,0,84.0,226478192.0,95.0,0.0,100.0,4.0,100.0,0.0,88.0,635871883.0,93.0,6542.0,100.0,0.0,100.0,3.0,,,,,100.0,0.0,100.0,0.0,,,64.0,36.0,,,100.0,41.0,99.0,3088.0,36.0,36.0,100.0,0.0,100.0,0.0,200.0,0.0,100.0,5352.0,100.0,33436897800.0,100.0,51508853128.0
2018-08-16,ZCH07W23,ST12000NM0007,12000138625024,0,77,48216816,95,0,100,4,100,0,88,638532051,93,6566,100,0,100,3,,,,,100.0,0.0,100.0,0.0,,,64.0,36.0,,,100.0,41.0,99.0,3089.0,36,36,100,0,100,0,200,0,100.0,5376.0,100.0,33530588976.0,100.0,51725182272.0
2018-08-17,ZCH07W23,ST12000NM0007,12000138625024,0,79,72353080,95,0,100,4,100,0,88,640855684,93,6590,100,0,100,3,,,,,100.0,0.0,100.0,0.0,,,64.0,36.0,,,100.0,42.0,99.0,3090.0,36,36,100,0,100,0,200,0,100.0,5400.0,100.0,33621823840.0,100.0,51902224328.0
2018-08-18,ZCH07W23,ST12000NM0007,12000138625024,0,81,120100096,95,0,100,4,100,0,88,643620882,93,6614,100,0,100,3,,,,,100.0,0.0,100.0,0.0,,,65.0,35.0,,,100.0,42.0,99.0,3091.0,35,35,100,0,100,0,200,0,100.0,5423.0,100.0,33693605904.0,100.0,52122330216.0
2018-08-19,ZCH07W23,ST12000NM0007,12000138625024,0,82,142068728,95,0,100,4,100,0,88,645837905,93,6638,100,0,100,3,,,,,100.0,0.0,100.0,0.0,,,66.0,34.0,,,100.0,42.0,99.0,3092.0,34,34,100,0,100,0,200,0,100.0,5447.0,100.0,33773767680.0,100.0,52308277720.0
2018-08-20,ZCH07W23,ST12000NM0007,12000138625024,0,82,148194648,95,0,100,4,100,0,88,648029596,93,6662,100,0,100,3,,,,,100.0,0.0,100.0,0.0,,,66.0,34.0,,,100.0,42.0,99.0,3093.0,34,34,100,0,100,0,200,0,100.0,5472.0,100.0,33836751040.0,100.0,52495561128.0
2018-08-21,ZCH07W23,ST12000NM0007,12000138625024,0,83,208522952,95,0,100,4,100,0,88,650656482,93,6686,100,0,100,3,,,,,100.0,0.0,100.0,0.0,,,65.0,35.0,,,100.0,43.0,99.0,3094.0,35,35,100,0,100,0,200,0,100.0,5495.0,100.0,33933549696.0,100.0,52703231416.0
2018-08-22,ZCH07W23,ST12000NM0007,12000138625024,0,75,33541112,95,0,100,4,100,0,88,653291482,93,6710,100,0,100,3,,,,,100.0,0.0,100.0,0.0,,,65.0,35.0,,,100.0,43.0,99.0,3095.0,35,35,100,0,100,0,200,0,100.0,5519.0,100.0,34037337552.0,100.0,52912743392.0
2018-08-23,ZCH07W23,ST12000NM0007,12000138625024,0,80,98400328,95,0,100,4,100,0,88,655883920,93,6734,100,0,100,3,,,,,100.0,0.0,100.0,0.0,,,67.0,33.0,,,100.0,44.0,99.0,3096.0,33,33,100,0,100,0,200,0,100.0,5543.0,100.0,34124743544.0,100.0,53134337296.0
2018-08-24,ZCH07W23,ST12000NM0007,12000138625024,0,81,115215016,95,0,100,4,100,0,88,658238418,93,6758,100,0,100,3,,,,,100.0,0.0,100.0,0.0,,,68.0,32.0,,,100.0,45.0,99.0,3097.0,32,32,100,0,100,0,200,0,100.0,5567.0,100.0,34190803552.0,100.0,53329232752.0
2018-08-25,ZCH07W23,ST12000NM0007,12000138625024,0,80,107139128,95,0,100,4,100,0,88,660131027,93,6782,100,0,100,3,,,,,100.0,0.0,100.0,0.0,,,66.0,34.0,,,100.0,45.0,99.0,3098.0,34,34,100,0,100,0,200,0,100.0,5590.0,100.0,34247946920.0,100.0,53508154304.0
2018-08-26,ZCH07W23,ST12000NM0007,12000138625024,0,80,110515576,95,0,100,4,100,0,88,662197089,93,6806,100,0,100,3,,,,,100.0,0.0,100.0,0.0,,,66.0,34.0,,,100.0,45.0,99.0,3099.0,34,34,100,0,100,0,200,0,100.0,5615.0,100.0,34316512680.0,100.0,53687106080.0
2018-08-27,ZCH07W23,ST12000NM0007,12000138625024,0,81,127392344,95,0,100,4,100,0,88,664327144,93,6829,100,0,100,3,,,,,100.0,0.0,100.0,0.0,,,66.0,34.0,,,100.0,46.0,99.0,3100.0,34,34,100,0,100,0,200,0,100.0,5638.0,100.0,34381056640.0,100.0,53883579544.0
2018-08-28,ZCH07W23,ST12000NM0007,12000138625024,0,83,220490712,95,0,100,4,100,0,88,667273004,93,6854,100,0,100,3,,,,,100.0,0.0,100.0,0.0,,,65.0,35.0,,,100.0,46.0,99.0,3101.0,35,35,100,0,100,0,200,0,100.0,5662.0,100.0,34477433152.0,100.0,54124442120.0
2018-08-29,ZCH07W23,ST12000NM0007,12000138625024,0,64,2454800,95,0,100,4,100,0,88,669560881,93,6877,100,0,100,3,,,,,100.0,0.0,100.0,0.0,,,66.0,34.0,,,100.0,46.0,99.0,3102.0,34,34,100,0,100,0,200,0,100.0,5686.0,100.0,34548841920.0,100.0,54323278768.0
2018-08-30,ZCH07W23,ST12000NM0007,12000138625024,0,80,104852104,95,0,100,4,100,0,88,672270120,93,6905,100,0,100,3,,,,,100.0,0.0,100.0,0.0,,,66.0,34.0,,,100.0,46.0,99.0,3103.0,34,34,100,0,100,0,200,0,100.0,5713.0,100.0,34636192824.0,100.0,54582465840.0
2018-08-31,ZCH07W23,ST12000NM0007,12000138625024,0,79,77353184,95,0,100,4,100,0,88,674105198,93,6928,100,0,100,3,,,,,100.0,0.0,100.0,0.0,,,67.0,33.0,,,100.0,46.0,99.0,3104.0,33,33,100,0,100,0,200,0,100.0,5737.0,100.0,34692138016.0,100.0,54743162448.0
2018-09-01,ZCH07W23,ST12000NM0007,12000138625024,0,80,109177968,95,0,100,4,100,0,88,677069645,93,6953,100,0,100,3,,,,,100.0,0.0,100.0,0.0,,,66.0,34.0,,,100.0,46.0,99.0,3105.0,34,34,100,0,100,0,200,0,100.0,5761.0,100.0,34779128128.0,100.0,54932137776.0
2018-09-02,ZCH07W23,ST12000NM0007,12000138625024,0,81,113516384,95,0,100,4,100,0,88,679299578,93,6976,100,0,100,3,,,,,100.0,0.0,100.0,0.0,,,66.0,34.0,,,100.0,46.0,99.0,3106.0,34,34,100,0,100,0,200,0,100.0,5784.0,100.0,34848176704.0,100.0,55111568504.0
2018-09-03,ZCH07W23,ST12000NM0007,12000138625024,0,79,76044112,95,0,100,4,100,0,88,681487919,93,7001,100,0,100,3,,,,,100.0,0.0,100.0,0.0,,,67.0,33.0,,,100.0,46.0,99.0,3107.0,33,33,100,0,100,0,200,0,100.0,5809.0,100.0,34935349048.0,100.0,55231064576.0
2018-09-04,ZCH07W23,ST12000NM0007,12000138625024,0,82,160938208,95,0,100,4,100,0,88,684447148,92,7025,100,0,100,3,,,,,100.0,0.0,100.0,0.0,,,67.0,33.0,,,100.0,46.0,99.0,3108.0,33,33,100,0,100,0,200,0,100.0,5832.0,100.0,35032757064.0,100.0,55462691328.0
2018-09-05,ZCH07W23,ST12000NM0007,12000138625024,0,84,234161312,95,0,100,4,100,0,88,687291064,92,7049,100,0,100,3,,,,,100.0,0.0,100.0,0.0,,,67.0,33.0,,,100.0,46.0,99.0,3109.0,33,33,100,0,100,0,200,0,100.0,5857.0,100.0,35129276056.0,100.0,55683536072.0
2018-09-06,ZCH07W23,ST12000NM0007,12000138625024,0,72,17017552,95,0,100,4,100,0,88,689507426,92,7069,100,0,100,3,,,,,100.0,0.0,100.0,0.0,,,66.0,34.0,,,100.0,46.0,99.0,3110.0,34,34,100,0,100,0,200,0,100.0,5877.0,100.0,35212144752.0,100.0,55871805264.0
2018-09-07,ZCH07W23,ST12000NM0007,12000138625024,0,76,42066360,95,0,100,4,100,0,88,691700572,92,7094,100,0,100,3,,,,,100.0,0.0,100.0,0.0,,,66.0,34.0,,,100.0,47.0,99.0,3111.0,34,34,100,0,100,0,200,0,100.0,5901.0,100.0,35298504440.0,100.0,56054635320.0
2018-09-08,ZCH07W23,ST12000NM0007,12000138625024,0,77,50229248,95,0,100,4,100,0,88,693655818,92,7118,100,0,100,3,,,,,100.0,0.0,100.0,0.0,,,66.0,34.0,,,100.0,47.0,99.0,3112.0,34,34,100,0,100,0,200,0,100.0,5926.0,100.0,35373920504.0,100.0,56231522776.0
2018-09-09,ZCH07W23,ST12000NM0007,12000138625024,0,80,110652936,95,0,100,4,100,0,88,696524143,92,7142,100,0,100,3,,,,,100.0,0.0,100.0,0.0,,,66.0,34.0,,,100.0,48.0,99.0,3113.0,34,34,100,0,100,0,200,0,100.0,5949.0,100.0,35461538192.0,100.0,56448469568.0
2018-09-10,ZCH07W23,ST12000NM0007,12000138625024,0,80,97297224,95,0,100,4,100,0,88,698541930,92,7165,100,0,100,3,,,,,100.0,0.0,100.0,0.0,,,65.0,35.0,,,100.0,48.0,99.0,3114.0,35,35,100,0,100,0,200,0,100.0,5973.0,100.0,35536343560.0,100.0,56604449224.0
2018-09-11,ZCH07W23,ST12000NM0007,12000138625024,0,83,184452608,95,0,100,4,100,0,88,701297973,92,7190,100,0,100,3,,,,,100.0,0.0,100.0,0.0,,,66.0,34.0,,,100.0,49.0,99.0,3115.0,34,34,100,0,100,0,200,0,100.0,5997.0,100.0,35643116960.0,100.0,56828971840.0
2018-09-12,ZCH07W23,ST12000NM0007,12000138625024,0,84,236785672,95,0,100,4,100,0,88,703799641,92,7213,100,0,100,3,,,,,100.0,0.0,100.0,0.0,,,65.0,35.0,,,100.0,49.0,99.0,3116.0,35,35,100,0,100,0,200,0,100.0,6021.0,100.0,35757780160.0,100.0,57010782408.0
2018-09-13,ZCH07W23,ST12000NM0007,12000138625024,0,72,16011464,95,0,100,4,100,0,88,705971770,92,7235,100,0,100,3,,,,,100.0,0.0,100.0,0.0,,,65.0,35.0,,,100.0,50.0,99.0,3117.0,35,35,100,0,100,0,200,0,100.0,6042.0,100.0,35820975336.0,100.0,57215094608.0
2018-09-14,ZCH07W23,ST12000NM0007,12000138625024,0,100,2191464,95,0,100,4,100,0,89,708063840,92,7258,100,0,100,3,,,,,100.0,0.0,100.0,0.0,,,66.0,34.0,,,100.0,50.0,99.0,3118.0,34,34,100,0,100,0,200,0,100.0,6065.0,100.0,35876695352.0,100.0,57389695256.0
2018-09-15,ZCH07W23,ST12000NM0007,12000138625024,0,84,225676824,95,0,100,4,100,0,89,710184489,92,7283,100,0,100,3,,,,,100.0,0.0,100.0,0.0,,,66.0,34.0,,,100.0,51.0,99.0,3119.0,34,34,100,0,100,0,200,0,100.0,6090.0,100.0,35959555976.0,100.0,57530319992.0
2018-09-16,ZCH07W23,ST12000NM0007,12000138625024,0,76,42794344,95,0,100,4,100,0,89,713263925,92,7306,100,0,100,3,,,,,100.0,0.0,100.0,0.0,,,65.0,35.0,,,100.0,51.0,99.0,3120.0,35,35,100,0,100,0,200,0,100.0,6113.0,100.0,36050627080.0,100.0,57744647968.0
2018-09-17,ZCH07W23,ST12000NM0007,12000138625024,0,79,73360280,95,0,100,4,100,0,89,715718630,92,7331,100,0,100,3,,,,,100.0,0.0,100.0,0.0,,,65.0,35.0,,,100.0,51.0,99.0,3121.0,35,35,100,0,100,0,200,0,100.0,6138.0,100.0,36115242248.0,100.0,57954739416.0
2018-09-18,ZCH07W23,ST12000NM0007,12000138625024,0,81,132253912,95,0,100,4,100,0,89,718330052,92,7355,100,0,100,3,,,,,100.0,0.0,100.0,0.0,,,65.0,35.0,,,100.0,52.0,99.0,3122.0,35,35,100,0,100,0,200,0,100.0,6162.0,100.0,36221187528.0,100.0,58151828400.0
2018-09-19,ZCH07W23,ST12000NM0007,12000138625024,0,82,151851496,95,0,100,4,100,0,89,720483777,92,7379,100,0,100,3,,,,,100.0,0.0,100.0,0.0,,,65.0,35.0,,,100.0,53.0,99.0,3123.0,35,35,100,0,100,0,200,0,100.0,6185.0,100.0,36294611760.0,100.0,58342142776.0
2018-09-20,ZCH07W23,ST12000NM0007,12000138625024,0,83,212961840,95,0,100,4,100,0,89,722852709,92,7403,100,0,100,3,,,,,100.0,0.0,100.0,0.0,,,66.0,34.0,,,100.0,53.0,99.0,3124.0,34,34,100,0,100,0,200,0,100.0,6210.0,100.0,36373140968.0,100.0,58568864656.0
2018-09-21,ZCH07W23,ST12000NM0007,12000138625024,0,83,207521952,95,0,100,4,100,0,89,724697533,92,7427,100,0,100,3,,,,,100.0,0.0,100.0,0.0,,,66.0,34.0,,,100.0,53.0,99.0,3125.0,34,34,100,0,100,0,200,0,100.0,6233.0,100.0,36454810232.0,100.0,58725896504.0
2018-09-22,ZCH07W23,ST12000NM0007,12000138625024,0,84,233087392,95,0,100,4,100,0,89,727205243,92,7451,100,0,100,3,,,,,100.0,0.0,100.0,0.0,,,65.0,35.0,,,100.0,54.0,99.0,3126.0,35,35,100,0,100,0,200,0,100.0,6257.0,100.0,36534081224.0,100.0,58916331776.0
2018-09-23,ZCH07W23,ST12000NM0007,12000138625024,0,69,7491624,95,0,100,4,100,0,89,729460383,92,7474,100,0,100,3,,,,,100.0,0.0,100.0,0.0,,,65.0,35.0,,,100.0,54.0,99.0,3127.0,35,35,100,0,100,0,200,0,100.0,6280.0,100.0,36624090168.0,100.0,59089008528.0
2018-09-24,ZCH07W23,ST12000NM0007,12000138625024,0,77,46986456,95,0,100,4,100,0,89,731648198,92,7499,100,0,100,3,,,,,100.0,0.0,100.0,0.0,,,66.0,34.0,,,100.0,54.0,99.0,3128.0,34,34,100,0,100,0,200,0,100.0,6305.0,100.0,36694856624.0,100.0,59301877640.0
2018-09-25,ZCH07W23,ST12000NM0007,12000138625024,0,81,118135768,95,0,100,4,100,0,89,733989341,92,7522,100,0,100,3,,,,,100.0,0.0,100.0,0.0,,,65.0,35.0,,,100.0,55.0,99.0,3129.0,35,35,100,0,100,0,200,0,100.0,6328.0,100.0,36768823176.0,100.0,59543201152.0
2018-09-26,ZCH07W23,ST12000NM0007,12000138625024,0,81,137635416,95,0,100,4,100,0,89,736250262,92,7547,100,0,100,3,,,,,100.0,0.0,100.0,0.0,,,65.0,35.0,,,100.0,55.0,99.0,3130.0,35,35,100,0,100,0,200,0,100.0,6352.0,100.0,36860235704.0,100.0,59715429488.0
2018-09-27,ZCH07W23,ST12000NM0007,12000138625024,0,74,22662904,95,0,100,4,100,0,89,739557524,92,7576,100,0,100,3,,,,,100.0,0.0,100.0,0.0,,,65.0,35.0,,,100.0,55.0,99.0,3131.0,35,35,100,0,100,0,200,0,100.0,6382.0,100.0,36988995672.0,100.0,59959978272.0
2018-09-28,ZCH07W23,ST12000NM0007,12000138625024,0,74,27676376,95,0,100,4,100,0,89,741662733,92,7599,100,0,100,3,,,,,100.0,0.0,100.0,0.0,,,67.0,33.0,,,100.0,55.0,99.0,3137.0,33,33,100,0,100,0,200,0,100.0,6403.0,100.0,37065905888.0,100.0,60132222666.0
2018-09-29,ZCH07W23,ST12000NM0007,12000138625024,0,75,32809240,95,0,100,4,100,0,89,743694312,92,7623,100,0,100,3,,,,,100.0,0.0,100.0,0.0,,,66.0,34.0,,,100.0,56.0,99.0,3138.0,34,34,100,0,100,0,200,0,100.0,6428.0,100.0,37133714472.0,100.0,60313687746.0
2018-09-30,ZCH07W23,ST12000NM0007,12000138625024,0,81,129234056,95,0,100,4,100,0,89,746975566,92,7648,100,0,100,3,,,,,100.0,0.0,100.0,0.0,,,66.0,34.0,,,100.0,57.0,99.0,3139.0,34,34,100,0,100,0,200,0,100.0,6452.0,100.0,37213498016.0,100.0,60574469762.0
2018-10-01,ZCH07W23,ST12000NM0007,12000138625024,0,82,177676656,95,0,100,4,100,0,89,749491004,92,7671,100,0,100,3,,,,,100.0,0.0,100.0,0.0,,,65.0,35.0,,,100.0,58.0,99.0,3140.0,35,35,100,0,100,0,200,0,100.0,6475.0,100.0,37289189480.0,100.0,60791361682.0
2018-10-02,ZCH07W23,ST12000NM0007,12000138625024,0,83,193078888,95,0,100,4,100,0,89,751674377,92,7695,100,0,100,3,,,,,100.0,0.0,100.0,0.0,,,66.0,34.0,,,100.0,58.0,99.0,3141.0,34,34,100,0,100,0,200,0,100.0,6500.0,100.0,37375141688.0,100.0,60964952474.0
2018-10-03,ZCH07W23,ST12000NM0007,12000138625024,0,69,7391088,95,0,100,4,100,0,89,754161477,92,7719,100,0,100,3,,,,,100.0,0.0,100.0,0.0,,,66.0,34.0,,,100.0,58.0,99.0,3142.0,34,34,100,0,100,0,200,0,100.0,6523.0,100.0,37462810792.0,100.0,61179877162.0
2018-10-04,ZCH07W23,ST12000NM0007,12000138625024,0,78.0,70064576.0,95.0,0.0,100.0,4.0,100.0,0.0,89.0,756500690.0,92.0,7743.0,100.0,0.0,100.0,3.0,,,,,100.0,0.0,100.0,0.0,,,67.0,33.0,,,100.0,59.0,99.0,3143.0,33.0,33.0,100.0,0.0,100.0,0.0,200.0,0.0,100.0,6547.0,100.0,37577150592.0,100.0,61372351834.0
2018-10-05,ZCH07W23,ST12000NM0007,12000138625024,0,81,122737168,95,0,100,4,100,0,89,758597896,92,7767,100,0,100,3,,,,,100.0,0.0,100.0,0.0,,,67.0,33.0,,,100.0,60.0,99.0,3144.0,33,33,100,0,100,0,200,0,100.0,6571.0,100.0,37669388400.0,100.0,61576927274.0
2018-10-06,ZCH07W23,ST12000NM0007,12000138625024,0,82,141491760,95,0,100,4,100,0,89,760549196,92,7791,100,0,100,3,,,,,100.0,0.0,100.0,0.0,,,66.0,34.0,,,100.0,60.0,99.0,3145.0,34,34,100,0,100,0,200,0,100.0,6595.0,100.0,37768393840.0,100.0,61740817138.0
2018-10-07,ZCH07W23,ST12000NM0007,12000138625024,0,81,114092232,95,0,100,4,100,0,89,762450753,92,7816,100,0,100,3,,,,,100.0,0.0,100.0,0.0,,,68.0,32.0,,,100.0,60.0,99.0,3146.0,32,32,100,0,100,0,200,0,100.0,6619.0,100.0,37866595504.0,100.0,61859356802.0
2018-10-08,ZCH07W23,ST12000NM0007,12000138625024,0,82,158160872,95,0,100,4,100,0,89,764849738,92,7839,100,0,100,3,,,,,100.0,0.0,100.0,0.0,,,66.0,34.0,,,100.0,60.0,99.0,3147.0,34,34,100,0,100,0,200,0,100.0,6643.0,100.0,37941630584.0,100.0,62072531450.0
2018-10-09,ZCH07W23,ST12000NM0007,12000138625024,0,84.0,231094960.0,95.0,0.0,100.0,4.0,100.0,0.0,89.0,767135190.0,92.0,7864.0,100.0,0.0,100.0,3.0,,,,,100.0,0.0,100.0,0.0,,,65.0,35.0,,,100.0,61.0,99.0,3148.0,35.0,35.0,100.0,0.0,100.0,0.0,200.0,0.0,100.0,6667.0,100.0,38025540800.0,100.0,62305696034.0
2018-10-10,ZCH07W23,ST12000NM0007,12000138625024,0,83,219566072,95,0,100,4,100,0,89,769137745,91,7887,100,0,100,3,,,,,100.0,0.0,100.0,0.0,,,65.0,35.0,,,100.0,61.0,99.0,3149.0,35,35,100,0,100,0,200,0,100.0,6690.0,100.0,38099836032.0,100.0,62464012666.0
2018-10-11,ZCH07W23,ST12000NM0007,12000138625024,0,75,35274008,95,0,100,4,100,0,89,771585937,91,7912,100,0,100,3,,,,,100.0,0.0,100.0,0.0,,,65.0,35.0,,,100.0,62.0,99.0,3150.0,35,35,100,0,100,0,200,0,100.0,6715.0,100.0,38182883464.0,100.0,62684954490.0
2018-10-12,ZCH07W23,ST12000NM0007,12000138625024,0,75,32647848,95,0,100,4,100,0,89,773507076,91,7935,100,0,100,3,,,,,100.0,0.0,100.0,0.0,,,65.0,35.0,,,100.0,62.0,99.0,3151.0,35,35,100,0,100,0,200,0,100.0,6738.0,100.0,38259741232.0,100.0,62849611490.0
2018-10-13,ZCH07W23,ST12000NM0007,12000138625024,0,69,8523192,95,0,100,4,100,0,89,775377591,91,7960,100,0,100,3,,,,,100.0,0.0,100.0,0.0,,,64.0,36.0,,,100.0,63.0,99.0,3152.0,36,36,100,0,100,0,200,0,100.0,6763.0,100.0,38323426888.0,100.0,63005941826.0
2018-10-14,ZCH07W23,ST12000NM0007,12000138625024,0,77,54041376,95,0,100,4,100,0,89,778205724,91,7983,100,0,100,3,,,,,100.0,0.0,100.0,0.0,,,65.0,35.0,,,100.0,64.0,99.0,3153.0,35,35,100,0,100,0,200,0,100.0,6786.0,100.0,38403449816.0,100.0,63215577722.0
2018-10-15,ZCH07W23,ST12000NM0007,12000138625024,0,70,9584768,95,0,100,4,100,0,89,780066998,91,8008,100,0,100,3,,,,,100.0,0.0,100.0,0.0,,,65.0,35.0,,,100.0,65.0,99.0,3154.0,35,35,100,0,100,0,200,0,100.0,6810.0,100.0,38471120456.0,100.0,63347591250.0
2018-10-16,ZCH07W23,ST12000NM0007,12000138625024,0,77,55102560,95,0,100,4,100,0,89,782490031,91,8031,100,0,100,3,,,,,100.0,0.0,100.0,0.0,,,66.0,34.0,,,100.0,65.0,99.0,3155.0,34,34,100,0,100,0,200,0,100.0,6834.0,100.0,38562327520.0,100.0,63546042866.0
2018-10-17,ZCH07W23,ST12000NM0007,12000138625024,0,76,36942456,95,0,100,4,100,0,89,784475208,91,8056,100,0,100,3,,,,,100.0,0.0,100.0,0.0,,,65.0,35.0,,,100.0,66.0,99.0,3156.0,35,35,100,0,100,0,200,0,100.0,6858.0,100.0,38626720472.0,100.0,63707630442.0
2018-10-18,ZCH07W23,ST12000NM0007,12000138625024,0,75,30274312,95,0,100,4,100,0,89,786468558,91,8079,100,0,100,3,,,,,100.0,0.0,100.0,0.0,,,65.0,35.0,,,100.0,66.0,99.0,3157.0,35,35,100,0,100,0,200,0,100.0,6882.0,100.0,38702772624.0,100.0,63869051194.0
2018-10-19,ZCH07W23,ST12000NM0007,12000138625024,0,78,57009176,95,0,100,4,100,0,89,788718308,91,8103,100,0,100,3,,,,,100.0,0.0,100.0,0.0,,,65.0,35.0,,,100.0,66.0,99.0,3158.0,35,35,100,0,100,0,200,0,100.0,6906.0,100.0,38783892688.0,100.0,64058806666.0
2018-10-20,ZCH07W23,ST12000NM0007,12000138625024,0,79,80393408,95,0,100,4,100,0,89,791372467,91,8128,100,0,100,3,,,,,100.0,0.0,100.0,0.0,,,65.0,35.0,,,100.0,67.0,99.0,3159.0,35,35,100,0,100,0,200,0,100.0,6930.0,100.0,38872070144.0,100.0,64238154226.0
2018-10-21,ZCH07W23,ST12000NM0007,12000138625024,0,79,89101640,95,0,100,4,100,0,89,793390616,91,8151,100,0,100,3,,,,,100.0,0.0,100.0,0.0,,,66.0,34.0,,,100.0,67.0,99.0,3160.0,34,34,100,0,100,0,200,0,100.0,6953.0,100.0,38934248328.0,100.0,64428825146.0
2018-10-22,ZCH07W23,ST12000NM0007,12000138625024,0,78,69523680,95,0,100,4,100,0,89,795502804,91,8175,100,0,100,3,,,,,100.0,0.0,100.0,0.0,,,66.0,34.0,,,100.0,67.0,99.0,3161.0,34,34,100,0,100,0,200,0,100.0,6977.0,100.0,39024338808.0,100.0,64563297530.0
2018-10-23,ZCH07W23,ST12000NM0007,12000138625024,0,81,135649400,95,0,100,4,100,0,89,798131958,91,8200,100,0,100,3,,,,,100.0,0.0,100.0,0.0,,,65.0,35.0,,,100.0,67.0,99.0,3162.0,35,35,100,0,100,0,200,0,100.0,7001.0,100.0,39113660152.0,100.0,64784242882.0
2018-10-24,ZCH07W23,ST12000NM0007,12000138625024,0,82,161559032,95,0,100,4,100,0,89,800557381,91,8224,100,0,100,3,,,,,100.0,0.0,100.0,0.0,,,65.0,35.0,,,100,67,99.0,3163.0,35,35,100,0,100,0,200,0,100.0,7025.0,100.0,39240863680.0,100.0,64927090874.0
2018-10-25,ZCH07W23,ST12000NM0007,12000138625024,0,83,203798768,95,0,100,4,100,0,89,803001560,91,8243,100,0,100,3,,,,,100.0,0.0,100.0,0.0,,,64.0,36.0,,,100.0,67.0,99.0,3164.0,36,36,100,0,100,0,200,0,100.0,7044.0,100.0,39348584464.0,100.0,65105750506.0
2018-10-26,ZCH07W23,ST12000NM0007,12000138625024,0,83,180512488,95,0,100,4,100,0,89,804831157,91,8268,100,0,100,3,,,,,100.0,0.0,100.0,0.0,,,65.0,35.0,,,100.0,68.0,99.0,3165.0,35,35,100,0,100,0,200,0,100.0,7069.0,100.0,39416785336.0,100.0,65258404034.0
2018-10-27,ZCH07W23,ST12000NM0007,12000138625024,0,81,128341512,95,0,100,4,100,0,89,806750414,91,8291,100,0,100,3,,,,,100.0,0.0,100.0,0.0,,,65.0,35.0,,,100.0,69.0,99.0,3166.0,35,35,100,0,100,0,200,0,100.0,7092.0,100.0,39482983504.0,100.0,65384175898.0
2018-10-28,ZCH07W23,ST12000NM0007,12000138625024,0,82,161092176,95,0,100,4,100,0,89,809399031,91,8316,100,0,100,3,,,,,100.0,0.0,100.0,0.0,,,65.0,35.0,,,100.0,70.0,99.0,3167.0,35,35,100,0,100,0,200,0,100.0,7116.0,100.0,39554011072.0,100.0,65590039714.0
2018-10-29,ZCH07W23,ST12000NM0007,12000138625024,0,80,106088840,95,0,100,4,100,0,89,811385054,91,8339,100,0,100,3,,,,,100.0,0.0,100.0,0.0,,,65.0,35.0,,,100.0,70.0,99.0,3168.0,35,35,100,0,100,0,200,0,100.0,7140.0,100.0,39613037616.0,100.0,65720151170.0
2018-10-30,ZCH07W23,ST12000NM0007,12000138625024,0,83,184209560,95,0,100,4,100,0,89,814124644,91,8364,100,0,100,3,,,,,100.0,0.0,100.0,0.0,,,64.0,36.0,,,100.0,70.0,99.0,3169.0,36,36,100,0,100,0,200,0,100.0,7165.0,100.0,39709936024.0,100.0,65945514194.0
2018-10-31,ZCH07W23,ST12000NM0007,12000138625024,0,82,167530856,95.0,0.0,100.0,4.0,100.0,0.0,89.0,816367130.0,91,8388,100.0,0.0,100,3,,,,,100.0,0.0,100.0,0.0,,,65.0,35.0,,,100.0,70.0,99.0,3170.0,35,35,100.0,0.0,100.0,0.0,200.0,0.0,100.0,7188.0,100.0,39794572416.0,100.0,66088339746.0
2018-11-01,ZCH07W23,ST12000NM0007,12000138625024,0,75,32398848,95.0,0.0,100.0,4.0,100.0,0.0,89.0,819242055.0,91,8417,100.0,0.0,100,3,,,,,100.0,0.0,100.0,0.0,,,64.0,36.0,,,100.0,70.0,99.0,3172.0,36,36,100.0,0.0,100.0,0.0,200.0,0.0,100.0,7217.0,100.0,39900687032.0,100.0,66335374418.0
2018-11-02,ZCH07W23,ST12000NM0007,12000138625024,0,76,40692024,95.0,0.0,100.0,4.0,100.0,0.0,89.0,821311585.0,91,8441,100.0,0.0,100,3,,,,,100.0,0.0,100.0,0.0,,,65.0,35.0,,,100.0,70.0,99.0,3173.0,35,35,100.0,0.0,100.0,0.0,200.0,0.0,100.0,7241.0,100.0,39960492624.0,100.0,66528002682.0
2018-11-03,ZCH07W23,ST12000NM0007,12000138625024,0,77,45294960,95.0,0.0,100.0,4.0,100.0,0.0,89.0,823840533.0,91,8465,100.0,0.0,100,3,,,,,100.0,0.0,100.0,0.0,,,63.0,37.0,,,100.0,70.0,99.0,3174.0,37,37,100.0,0.0,100.0,0.0,200.0,0.0,100.0,7265.0,100.0,40041368384.0,100.0,66695870562.0
2018-11-04,ZCH07W23,ST12000NM0007,12000138625024,0,79,85628568,95.0,0.0,100.0,4.0,100.0,0.0,89.0,826621917.0,91,8489,100.0,0.0,100,3,,,,,100.0,0.0,100.0,0.0,,,64.0,36.0,,,100.0,71.0,99.0,3175.0,36,36,100.0,0.0,100.0,0.0,200.0,0.0,100.0,7288.0,100.0,40118592288.0,100.0,66903120962.0
2018-11-05,ZCH07W23,ST12000NM0007,12000138625024,0,77,45581128,95.0,0.0,100.0,4.0,100.0,0.0,89.0,828634072.0,91,8513,100.0,0.0,100,3,,,,,100.0,0.0,100.0,0.0,,,64.0,36.0,,,100.0,72.0,99.0,3176.0,36,36,100.0,0.0,100.0,0.0,200.0,0.0,100.0,7312.0,100.0,40184470928.0,100.0,67041336002.0
2018-11-06,ZCH07W23,ST12000NM0007,12000138625024,0,79.0,83024760.0,95.0,0.0,100.0,4.0,100.0,0.0,89.0,831079131.0,91.0,8537.0,100.0,0.0,100.0,3.0,,,,,100.0,0.0,100.0,0.0,,,64.0,36.0,,,100.0,73.0,99.0,3177.0,36.0,36.0,100.0,0.0,100.0,0.0,200.0,0.0,100.0,7336.0,100.0,40268952440.0,100.0,67238438842.0
2018-11-07,ZCH07W23,ST12000NM0007,12000138625024,0,77.0,46554968.0,95.0,0.0,100.0,4.0,100.0,0.0,89.0,833133916.0,91.0,8561.0,100.0,0.0,100.0,3.0,,,,,100.0,0.0,100.0,0.0,,,64.0,36.0,,,100.0,73.0,99.0,3178.0,36.0,36.0,100.0,0.0,100.0,0.0,200.0,0.0,100.0,7360.0,100.0,40337146312.0,100.0,67377915842.0
2018-11-08,ZCH07W23,ST12000NM0007,12000138625024,0,68.0,6482336.0,95.0,0.0,100.0,4.0,100.0,0.0,89.0,834929915.0,91.0,8583.0,100.0,0.0,100.0,3.0,,,,,100.0,0.0,100.0,0.0,,,64.0,36.0,,,100.0,74.0,99.0,3179.0,36.0,36.0,100.0,0.0,100.0,0.0,200.0,0.0,100.0,7381.0,100.0,40393647584.0,100.0,67525482634.0
2018-11-09,ZCH07W23,ST12000NM0007,12000138625024,0,65,3039696,95.0,0.0,100.0,4.0,100.0,0.0,89.0,836970499.0,91,8607,100.0,0.0,100,3,,,,,100.0,0.0,100.0,0.0,,,64.0,36.0,,,100.0,75.0,99.0,3180.0,36,36,100.0,0.0,100.0,0.0,200.0,0.0,100.0,7406.0,100.0,40472086856.0,100.0,67687741666.0
2018-11-10,ZCH07W23,ST12000NM0007,12000138625024,0,83,201941152,95.0,0.0,100.0,4.0,100.0,0.0,89.0,839098603.0,91,8631,100.0,0.0,100,3,,,,,100.0,0.0,100.0,0.0,,,63.0,37.0,,,100.0,75.0,99.0,3181.0,37,37,100.0,0.0,100.0,0.0,200.0,0.0,100.0,7430.0,100.0,40542704488.0,100.0,67816025490.0
2018-11-11,ZCH07W23,ST12000NM0007,12000138625024,0,74,26082656,95.0,0.0,100.0,4.0,100.0,0.0,89.0,842375771.0,91,8655,100.0,0.0,100,3,,,,,100.0,0.0,100.0,0.0,,,63.0,37.0,,,100.0,75.0,99.0,3182.0,37,37,100.0,0.0,100.0,0.0,200.0,0.0,100.0,7454.0,100.0,40616708744.0,100.0,68054444074.0
2018-11-12,ZCH07W23,ST12000NM0007,12000138625024,0,75,30826784,95.0,0.0,100.0,4.0,100.0,0.0,89.0,844886497.0,91,8679,100.0,0.0,100,3,,,,,100.0,0.0,100.0,0.0,,,64.0,36.0,,,100.0,75.0,99.0,3183.0,36,36,100.0,0.0,100.0,0.0,200.0,0.0,100.0,7478.0,100.0,40701156880.0,100.0,68218880746.0
2018-11-13,ZCH07W23,ST12000NM0007,12000138625024,0,79,77175584,95.0,0.0,100.0,4.0,100.0,0.0,89.0,847639444.0,91,8703,100.0,0.0,100,3,,,,,100.0,0.0,100.0,0.0,,,64.0,36.0,,,100.0,76.0,99.0,3184.0,36,36,100.0,0.0,100.0,0.0,200.0,0.0,100.0,7501.0,100.0,40808658176.0,100.0,68401869090.0
2018-11-14,ZCH07W23,ST12000NM0007,12000138625024,0,78,64990592,95.0,0.0,100.0,4.0,100.0,0.0,89.0,849686121.0,91,8727,100.0,0.0,100,3,,,,,100.0,0.0,100.0,0.0,,,64.0,36.0,,,100.0,77.0,99.0,3185.0,36,36,100.0,0.0,100.0,0.0,200.0,0.0,100.0,7525.0,100.0,40893190776.0,100.0,68549292154.0
2018-11-15,ZCH07W23,ST12000NM0007,12000138625024,0,81,134153248,95.0,0.0,100.0,4.0,100.0,0.0,89.0,852216806.0,91,8751,100.0,0.0,100,3,,,,,100.0,0.0,100.0,0.0,,,63.0,37.0,,,100.0,77.0,99.0,3186.0,37,37,100.0,0.0,100.0,0.0,200.0,0.0,100.0,7549.0,100.0,40982211288.0,100.0,68773574946.0
2018-11-16,ZCH07W23,ST12000NM0007,12000138625024,0,81,125534432,95.0,0.0,100.0,4.0,100.0,0.0,89.0,854214934.0,90,8775,100.0,0.0,100,3,,,,,100.0,0.0,100.0,0.0,,,63.0,37.0,,,100.0,78.0,99.0,3187.0,37,37,100.0,0.0,100.0,0.0,200.0,0.0,100.0,7572.0,100.0,41036960840.0,100.0,68954347210.0
2018-11-17,ZCH07W23,ST12000NM0007,12000138625024,0,82.0,146149728.0,95.0,0.0,100.0,4.0,100.0,0.0,89.0,856383206.0,90.0,8799.0,100.0,0.0,100.0,3.0,,,,,100.0,0.0,100.0,0.0,,,63.0,37.0,,,100.0,79.0,99.0,3188.0,37.0,37.0,100.0,0.0,100.0,0.0,200.0,0.0,100.0,7597.0,100.0,41106199352.0,100.0,69149864690.0
2018-11-18,ZCH07W23,ST12000NM0007,12000138625024,0,73,19692784,95.0,0.0,100.0,4.0,100.0,0.0,89.0,859826180.0,90,8823,100.0,0.0,100,3,,,,,100.0,0.0,100.0,0.0,,,63.0,37.0,,,100.0,80.0,99.0,3189.0,37,37,100.0,0.0,100.0,0.0,200.0,0.0,100.0,7621.0,100.0,41216957888.0,100.0,69400930522.0
2018-11-19,ZCH07W23,ST12000NM0007,12000138625024,0,76,37266592,95.0,0.0,100.0,4.0,100.0,0.0,89.0,862000252.0,90,8847,100.0,0.0,100,3,,,,,100.0,0.0,100.0,0.0,,,63.0,37.0,,,100.0,80.0,99.0,3190.0,37,37,100.0,0.0,100.0,0.0,200.0,0.0,100.0,7644.0,100.0,41291865640.0,100.0,69587737370.0
2018-11-20,ZCH07W23,ST12000NM0007,12000138625024,0,80,97581368,95.0,0.0,100.0,4.0,100.0,0.0,89.0,864633326.0,90,8871,100.0,0.0,100,3,,,,,100.0,0.0,100.0,0.0,,,63.0,37.0,,,100.0,80.0,99.0,3191.0,37,37,100.0,0.0,100.0,0.0,200.0,0.0,100.0,7669.0,100.0,41387967256.0,100.0,69796091530.0
2018-11-21,ZCH07W23,ST12000NM0007,12000138625024,0,78,60117152,95.0,0.0,100.0,4.0,100.0,0.0,89.0,866353581.0,90,8894,100.0,0.0,100,3,,,,,100.0,0.0,100.0,0.0,,,64.0,36.0,,,100.0,80.0,99.0,3192.0,36,36,100.0,0.0,100.0,0.0,200.0,0.0,100.0,7692.0,100.0,41448710024.0,100.0,69942025290.0
2018-11-22,ZCH07W23,ST12000NM0007,12000138625024,0,80,89540136,95.0,0.0,100.0,4.0,100.0,0.0,89.0,868521812.0,90,8919,100.0,0.0,100,3,,,,,100.0,0.0,100.0,0.0,,,64.0,36.0,,,100.0,81.0,99.0,3193.0,36,36,100.0,0.0,100.0,0.0,200.0,0.0,100.0,7716.0,100.0,41516163760.0,100.0,70148135370.0
2018-11-23,ZCH07W23,ST12000NM0007,12000138625024,0,78,63596768,95.0,0.0,100.0,4.0,100.0,0.0,89.0,870449433.0,90,8943,100.0,0.0,100,3,,,,,100.0,0.0,100.0,0.0,,,64.0,36.0,,,100.0,81.0,99.0,3194.0,36,36,100.0,0.0,100.0,0.0,200.0,0.0,100.0,7740.0,100.0,41572321336.0,100.0,70310175122.0
2018-11-24,ZCH07W23,ST12000NM0007,12000138625024,0,78,57295936,95.0,0.0,100.0,4.0,100.0,0.0,89.0,872574863.0,90,8966,100.0,0.0,100,3,,,,,100.0,0.0,100.0,0.0,,,64.0,36.0,,,100.0,81.0,99.0,3195.0,36,36,100.0,0.0,100.0,0.0,200.0,0.0,100.0,7763.0,100.0,41652196552.0,100.0,70468139930.0
2018-11-25,ZCH07W23,ST12000NM0007,12000138625024,0,77,53856800,95.0,0.0,100.0,4.0,100.0,0.0,89.0,874726282.0,90,8990,100.0,0.0,100,3,,,,,100.0,0.0,100.0,0.0,,,64.0,36.0,,,100.0,81.0,99.0,3196.0,36,36,100.0,0.0,100.0,0.0,200.0,0.0,100.0,7787.0,100.0,41726798840.0,100.0,70634239538.0
2018-11-26,ZCH07W23,ST12000NM0007,12000138625024,0,80,110280560,95.0,0.0,100.0,4.0,100.0,0.0,89.0,877697872.0,90,9015,100.0,0.0,100,3,,,,,100.0,0.0,100.0,0.0,,,64.0,36.0,,,100.0,82.0,99.0,3197.0,36,36,100.0,0.0,100.0,0.0,200.0,0.0,100.0,7811.0,100.0,41805970768.0,100.0,70855632002.0
2018-11-27,ZCH07W23,ST12000NM0007,12000138625024,0,82,157565480,95.0,0.0,100.0,4.0,100.0,0.0,89.0,880076566.0,90,9038,100.0,0.0,100,3,,,,,100.0,0.0,100.0,0.0,,,63.0,37.0,,,100.0,82.0,99.0,3198.0,37,37,100.0,0.0,100.0,0.0,200.0,0.0,100.0,7835.0,100.0,41871852072.0,100.0,71081176458.0
2018-11-28,ZCH07W23,ST12000NM0007,12000138625024,0,82,163523560,95.0,0.0,100.0,4.0,100.0,0.0,89.0,882068011.0,90,9063,100.0,0.0,100,3,,,,,100.0,0.0,100.0,0.0,,,63.0,37.0,,,100.0,83.0,99.0,3199.0,37,37,100.0,0.0,100.0,0.0,200.0,0.0,100.0,7859.0,100.0,41940696752.0,100.0,71262430610.0
2018-11-29,ZCH07W23,ST12000NM0007,12000138625024,0,83,191772232,95.0,0.0,100.0,4.0,100.0,0.0,89.0,884238889.0,90,9087,100.0,0.0,100,3,,,,,100.0,0.0,100.0,0.0,,,63.0,37.0,,,100.0,84.0,99.0,3200.0,37,37,100.0,0.0,100.0,0.0,200.0,0.0,100.0,7883.0,100.0,42009894464.0,100.0,71465622674.0
2018-11-30,ZCH07W23,ST12000NM0007,12000138625024,0,83,199042776,95.0,0.0,100.0,4.0,100.0,0.0,89.0,886417810.0,90,9111,100.0,0.0,100,3,,,,,100.0,0.0,100.0,0.0,,,63.0,37.0,,,100.0,84.0,99.0,3201.0,37,37,100.0,0.0,100.0,0.0,200.0,0.0,100.0,7907.0,100.0,42072284840.0,100.0,71654643474.0
2018-12-01,ZCH07W23,ST12000NM0007,12000138625024,0,83,221844904,95.0,0.0,100.0,4.0,100.0,0.0,89.0,888681291.0,90,9135,100.0,0.0,100,3,,,,,100.0,0.0,100.0,0.0,,,63.0,37.0,,,100.0,84.0,99.0,3202.0,37,37,100.0,0.0,100.0,0.0,200.0,0.0,100.0,7931.0,100.0,42148138744.0,100.0,71845732458.0
2018-12-02,ZCH07W23,ST12000NM0007,12000138625024,0,74,24333768,95.0,0.0,100.0,4.0,100.0,0.0,89.0,891078000.0,90,9159,100.0,0.0,100,3,,,,,100.0,0.0,100.0,0.0,,,63.0,37.0,,,100.0,85.0,99.0,3203.0,37,37,100.0,0.0,100.0,0.0,200.0,0.0,100.0,7955.0,100.0,42225318912.0,100.0,72059322602.0
2018-12-03,ZCH07W23,ST12000NM0007,12000138625024,0,77,54992808,95.0,0.0,100.0,4.0,100.0,0.0,90.0,893349351.0,90,9182,100.0,0.0,100,3,,,,,100.0,0.0,100.0,0.0,,,64.0,36.0,,,100.0,85.0,99.0,3204.0,36,36,100.0,0.0,100.0,0.0,200.0,0.0,100.0,7978.0,100.0,42294300824.0,100.0,72265140642.0
2018-12-04,ZCH07W23,ST12000NM0007,12000138625024,0,83,179955920,95.0,0.0,100.0,4.0,100.0,0.0,90.0,896629467.0,90,9207,100.0,0.0,100,3,,,,,100.0,0.0,100.0,0.0,,,63.0,37.0,,,100.0,85.0,99.0,3205.0,37,37,100.0,0.0,100.0,0.0,200.0,0.0,100.0,8002.0,100.0,42359963944.0,100.0,72568581314.0
2018-12-05,ZCH07W23,ST12000NM0007,12000138625024,0,83.0,198997576.0,95.0,0.0,100.0,4.0,100.0,0.0,90.0,899152709.0,90.0,9231.0,100.0,0.0,100.0,3.0,,,,,100.0,0.0,100.0,0.0,,,63.0,37.0,,,100.0,85.0,99.0,3206.0,37.0,37.0,100.0,0.0,100.0,0.0,200.0,0.0,100.0,8026.0,100.0,42448684608.0,100.0,72743043186.0
2018-12-06,ZCH07W23,ST12000NM0007,12000138625024,0,72,17585336,95.0,0.0,100.0,4.0,100.0,0.0,90.0,901813733.0,90,9256,100.0,0.0,100,3,,,,,100.0,0.0,100.0,0.0,,,64.0,36.0,,,100.0,86.0,99.0,3207.0,36,36,100.0,0.0,100.0,0.0,200.0,0.0,100.0,8051.0,100.0,42522010896.0,100.0,72976586050.0
2018-12-07,ZCH07W23,ST12000NM0007,12000138625024,0,84,238555792,95.0,0.0,100.0,4.0,100.0,0.0,90.0,903790261.0,90,9280,100.0,0.0,100,3,,,,,100.0,0.0,100.0,0.0,,,63.0,37.0,,,100.0,87.0,99.0,3208.0,37,37,100.0,0.0,100.0,0.0,200.0,0.0,100.0,8076.0,100.0,42596075096.0,100.0,73123492306.0
2018-12-08,ZCH07W23,ST12000NM0007,12000138625024,0,74,25199144,95.0,0.0,100.0,4.0,100.0,0.0,90.0,906172355.0,90,9305,100.0,0.0,100,3,,,,,100.0,0.0,100.0,0.0,,,64.0,36.0,,,100.0,88.0,99.0,3209.0,36,36,100.0,0.0,100.0,0.0,200.0,0.0,100.0,8100.0,100.0,42686533432.0,100.0,73307958674.0
2018-12-09,ZCH07W23,ST12000NM0007,12000138625024,0,76,38229984,95.0,0.0,100.0,4.0,100.0,0.0,90.0,908525297.0,90,9328,100.0,0.0,100,3,,,,,100.0,0.0,100.0,0.0,,,64.0,36.0,,,100.0,89.0,99.0,3210.0,36,36,100.0,0.0,100.0,0.0,200.0,0.0,100.0,8123.0,100.0,42760344184.0,100.0,73491319402.0
2018-12-10,ZCH07W23,ST12000NM0007,12000138625024,0,77,49942848,95.0,0.0,100.0,4.0,100.0,0.0,90.0,910731404.0,90,9352,100.0,0.0,100,3,,,,,100.0,0.0,100.0,0.0,,,63.0,37.0,,,100.0,89.0,99.0,3211.0,37,37,100.0,0.0,100.0,0.0,200.0,0.0,100.0,8147.0,100.0,42820068048.0,100.0,73687449130.0
2018-12-11,ZCH07W23,ST12000NM0007,12000138625024,0,81,139567944,95.0,0.0,100.0,4.0,100.0,0.0,90.0,913588082.0,90,9376,100.0,0.0,100,3,,,,,100.0,0.0,100.0,0.0,,,62.0,38.0,,,100.0,90.0,99.0,3212.0,38,38,100.0,0.0,100.0,0.0,200.0,0.0,100.0,8170.0,100.0,42899602704.0,100.0,73941680906.0
2018-12-12,ZCH07W23,ST12000NM0007,12000138625024,0,81,139267592,95.0,0.0,100.0,4.0,100.0,0.0,90.0,915814397.0,90,9398,100.0,0.0,100,3,,,,,100.0,0.0,100.0,0.0,,,62.0,38.0,,,100.0,90.0,99.0,3213.0,38,38,100.0,0.0,100.0,0.0,200.0,0.0,100.0,8193.0,100.0,42974130704.0,100.0,74110993410.0
2018-12-13,ZCH07W23,ST12000NM0007,12000138625024,0,82,166719648,95.0,0.0,100.0,4.0,100.0,0.0,90.0,918133950.0,90,9423,100.0,0.0,100,3,,,,,100.0,0.0,100.0,0.0,,,63.0,37.0,,,100.0,90.0,99.0,3214.0,37,37,100.0,0.0,100.0,0.0,200.0,0.0,100.0,8217.0,100.0,43046965312.0,100.0,74309752154.0
2018-12-14,ZCH07W23,ST12000NM0007,12000138625024,0,83,221117704,95.0,0.0,100.0,4.0,100.0,0.0,90.0,921168160.0,90,9446,100.0,0.0,100,3,,,,,100.0,0.0,100.0,0.0,,,63.0,37.0,,,100.0,91.0,99.0,3215.0,37,37,100.0,0.0,100.0,0.0,200.0,0.0,100.0,8240.0,100.0,43124486488.0,100.0,74530769866.0
2018-12-15,ZCH07W23,ST12000NM0007,12000138625024,0,84,228915792,95.0,0.0,100.0,4.0,100.0,0.0,90.0,923535054.0,90,9471,100.0,0.0,100,3,,,,,100.0,0.0,100.0,0.0,,,63.0,37.0,,,100.0,92.0,99.0,3216.0,37,37,100.0,0.0,100.0,0.0,200.0,0.0,100.0,8265.0,100.0,43208737976.0,100.0,74698457114.0
2018-12-16,ZCH07W23,ST12000NM0007,12000138625024,0,83,213396040,95.0,0.0,100.0,4.0,100.0,0.0,90.0,925655245.0,90,9494,100.0,0.0,100,3,,,,,100.0,0.0,100.0,0.0,,,62.0,38.0,,,100.0,92.0,99.0,3217.0,38,38,100.0,0.0,100.0,0.0,200.0,0.0,100.0,8288.0,100.0,43264530408.0,100.0,74871285562.0
2018-12-17,ZCH07W23,ST12000NM0007,12000138625024,0,73,20199288,95.0,0.0,100.0,4.0,100.0,0.0,90.0,928512267.0,90,9519,100.0,0.0,100,3,,,,,100.0,0.0,100.0,0.0,,,62.0,38.0,,,100.0,92.0,99.0,3218.0,38,38,100.0,0.0,100.0,0.0,200.0,0.0,100.0,8313.0,100.0,43349263512.0,100.0,75081637202.0
2018-12-18,ZCH07W23,ST12000NM0007,12000138625024,0,81,117534904,95.0,0.0,100.0,4.0,100.0,0.0,90.0,931602483.0,90,9543,100.0,0.0,100,3,,,,,100.0,0.0,100.0,0.0,,,63.0,37.0,,,100.0,92.0,99.0,3219.0,37,37,100.0,0.0,100.0,0.0,200.0,0.0,100.0,8337.0,100.0,43431351416.0,100.0,75341025578.0
2018-12-19,ZCH07W23,ST12000NM0007,12000138625024,0,81,139296440,95.0,0.0,100.0,4.0,100.0,0.0,90.0,934026637.0,90,9566,100.0,0.0,100,3,,,,,100.0,0.0,100.0,0.0,,,62.0,38.0,,,100.0,93.0,99.0,3220.0,38,38,100.0,0.0,100.0,0.0,200.0,0.0,100.0,8359.0,100.0,43517191472.0,100.0,75521087810.0
2018-12-20,ZCH07W23,ST12000NM0007,12000138625024,0,83,204867664,95.0,0.0,100.0,4.0,100.0,0.0,90.0,937113222.0,90,9591,100.0,0.0,100,3,,,,,100.0,0.0,100.0,0.0,,,63.0,37.0,,,100.0,94.0,99.0,3221.0,37,37,100.0,0.0,100.0,0.0,200.0,0.0,100.0,8384.0,100.0,43629819224.0,100.0,75718172082.0
2018-12-21,ZCH07W23,ST12000NM0007,12000138625024,0,83,218235936,95.0,0.0,100.0,4.0,100.0,0.0,90.0,939649317.0,90,9615,100.0,0.0,100,3,,,,,100.0,0.0,100.0,0.0,,,62.0,38.0,,,100.0,95.0,99.0,3222.0,38,38,100.0,0.0,100.0,0.0,200.0,0.0,100.0,8409.0,100.0,43722363472.0,100.0,75883137106.0
2018-12-22,ZCH07W23,ST12000NM0007,12000138625024,0,83,218040168,95.0,0.0,100.0,4.0,100.0,0.0,90.0,941871930.0,89,9639,100.0,0.0,100,3,,,,,100.0,0.0,100.0,0.0,,,63.0,37.0,,,100.0,96.0,99.0,3223.0,37,37,100.0,0.0,100.0,0.0,200.0,0.0,100.0,8432.0,100.0,43795155216.0,100.0,76054290250.0
2018-12-23,ZCH07W23,ST12000NM0007,12000138625024,0,76,37241584,95.0,0.0,100.0,4.0,100.0,0.0,90.0,945042430.0,89,9663,100.0,0.0,100,3,,,,,100.0,0.0,100.0,0.0,,,63.0,37.0,,,100.0,97.0,99.0,3224.0,37,37,100.0,0.0,100.0,0.0,200.0,0.0,100.0,8456.0,100.0,43856782528.0,100.0,76300145810.0
2018-12-24,ZCH07W23,ST12000NM0007,12000138625024,0,78,58562256,95.0,0.0,100.0,4.0,100.0,0.0,90.0,947381461.0,89,9686,100.0,0.0,100,3,,,,,100.0,0.0,100.0,0.0,,,63.0,37.0,,,100.0,98.0,99.0,3225.0,37,37,100.0,0.0,100.0,0.0,200.0,0.0,100.0,8480.0,100.0,43929669216.0,100.0,76492720602.0
2018-12-25,ZCH07W23,ST12000NM0007,12000138625024,0,80,102040528,95.0,0.0,100.0,4.0,100.0,0.0,90.0,950072149.0,89,9711,100.0,0.0,100,3,,,,,100.0,0.0,100.0,0.0,,,63.0,37.0,,,100.0,99.0,99.0,3226.0,37,37,100.0,0.0,100.0,0.0,200.0,0.0,100.0,8504.0,100.0,43988720408.0,100.0,76721288378.0
2018-12-26,ZCH07W23,ST12000NM0007,12000138625024,0,78,57899336,95.0,0.0,100.0,4.0,100.0,0.0,90.0,951912659.0,89,9735,100.0,0.0,100,3,,,,,100.0,0.0,100.0,0.0,,,62.0,38.0,,,100.0,100.0,99.0,3227.0,38,38,100.0,0.0,100.0,0.0,200.0,0.0,100.0,8528.0,100.0,44042683576.0,100.0,76867324930.0
2018-12-27,ZCH07W23,ST12000NM0007,12000138625024,0,78,69044440,95.0,0.0,100.0,4.0,100.0,0.0,90.0,954458011.0,89,9758,100.0,0.0,100,3,,,,,100.0,0.0,100.0,0.0,,,62.0,38.0,,,100.0,100.0,99.0,3228.0,38,38,100.0,0.0,100.0,0.0,200.0,0.0,100.0,8551.0,100.0,44103418040.0,100.0,77061876738.0
2018-12-28,ZCH07W23,ST12000NM0007,12000138625024,0,78,62245616,95.0,0.0,100.0,4.0,100.0,0.0,90.0,956734235.0,89,9782,100.0,0.0,100,3,,,,,100.0,0.0,100.0,0.0,,,62.0,38.0,,,100.0,101.0,99.0,3229.0,38,38,100.0,0.0,100.0,0.0,200.0,0.0,100.0,8575.0,100.0,44166852680.0,100.0,77235783906.0
2018-12-29,ZCH07W23,ST12000NM0007,12000138625024,0,76,41917856,95.0,0.0,100.0,4.0,100.0,0.0,90.0,958816610.0,89,9806,100.0,0.0,100,3,,,,,100.0,0.0,100.0,0.0,,,63.0,37.0,,,100.0,101.0,99.0,3230.0,37,37,100.0,0.0,100.0,0.0,200.0,0.0,100.0,8599.0,100.0,44238752552.0,100.0,77387697322.0
2018-12-30,ZCH07W23,ST12000NM0007,12000138625024,0,73,19427224,95.0,0.0,100.0,4.0,100.0,0.0,90.0,960756061.0,89,9831,100.0,0.0,100,3,,,,,100.0,0.0,100.0,0.0,,,63.0,37.0,,,100.0,102.0,99.0,3231.0,37,37,100.0,0.0,100.0,0.0,200.0,0.0,100.0,8623.0,100.0,44294527208.0,100.0,77553572954.0
2018-12-31,ZCH07W23,ST12000NM0007,12000138625024,0,82,150791200,95.0,0.0,100.0,4.0,100.0,0.0,90.0,963109618.0,89,9855,100.0,0.0,100,3,,,,,100.0,0.0,100.0,0.0,,,63.0,37.0,,,100.0,102.0,99.0,3232.0,37,37,100.0,0.0,100.0,0.0,200.0,0.0,100.0,8647.0,100.0,44341025368.0,100.0,77882579418.0
