2018-01-01,ZCH06FX1,ST12000NM0007,12000138625024,0,83,194346448,99,0,100,1,100,0,84,242187219,99,1569,100,0,100,1,,,,,100.0,0.0,100.0,0.0,,,63.0,37.0,,,100.0,2.0,100.0,129.0,37,37,100,0,100,0,200,0,100.0,1535.0,100.0,20049444824.0,100.0,18963286314.0
2018-01-02,ZCH06FX1,ST12000NM0007,12000138625024,0,77,54468792,99,0,100,1,100,0,84,246137595,99,1593,100,0,100,1,,,,,100.0,0.0,100.0,0.0,,,63.0,37.0,,,100.0,2.0,100.0,130.0,37,37,100,0,100,0,200,0,100.0,1559.0,100.0,20352202192.0,100.0,19253073874.0
2018-01-03,ZCH06FX1,ST12000NM0007,12000138625024,0,81,116270776,99,0,100,1,100,0,84,249785072,99,1616,100,0,100,1,,,,,100.0,0.0,100.0,0.0,,,63.0,37.0,,,100.0,2.0,100.0,131.0,37,37,100,0,100,0,200,0,100.0,1581.0,100.0,20618454248.0,100.0,19536905362.0
2018-01-04,ZCH06FX1,ST12000NM0007,12000138625024,0,72,14254560,99,0,100,1,100,0,84,252322301,99,1632,100,0,100,1,,,,,100.0,0.0,100.0,0.0,,,63.0,37.0,,,100.0,2.0,100.0,132.0,37,37,100,0,100,0,200,0,100.0,1597.0,100.0,20803622624.0,100.0,19738002178.0
2018-01-05,ZCH06FX1,ST12000NM0007,12000138625024,0,81.0,134901728.0,99.0,0.0,100.0,1.0,100.0,0.0,84.0,256216549.0,99.0,1656.0,100.0,0.0,100.0,1.0,,,,,100.0,0.0,100.0,0.0,,,63.0,37.0,,,100.0,2.0,100.0,133.0,37.0,37.0,100.0,0.0,100.0,0.0,200.0,0.0,100.0,1622.0,100.0,21090615904.0,100.0,20059937610.0
2018-01-06,ZCH06FX1,ST12000NM0007,12000138625024,0,77,46930736,99,0,100,1,100,0,84,260147476,99,1680,100,0,100,1,,,,,100.0,0.0,100.0,0.0,,,69.0,31.0,,,100.0,2.0,100.0,134.0,31,31,100,0,100,0,200,0,100.0,1646.0,100.0,21409951368.0,100.0,20385053826.0
2018-01-07,ZCH06FX1,ST12000NM0007,12000138625024,0,83,223607920,99,0,100,1,100,0,84,264169123,99,1705,100,0,100,1,,,,,100.0,0.0,100.0,0.0,,,68.0,32.0,,,100.0,2.0,100.0,135.0,32,32,100,0,100,0,200,0,100.0,1670.0,100.0,21723372528.0,100.0,20736591250.0
2018-01-08,ZCH06FX1,ST12000NM0007,12000138625024,0,78,65963632,99,0,100,1,100,0,84,266206612,99,1717,100,0,100,1,,,,,100.0,0.0,100.0,0.0,,,67.0,33.0,,,100.0,2.0,100.0,135.0,33,33,100,0,100,0,200,0,100.0,1682.0,100.0,21887691744.0,100.0,20902909418.0
2018-01-09,ZCH06FX1,ST12000NM0007,12000138625024,0,83,207463608,99,0,100,1,100,0,84,271678180,99,1751,100,0,100,1,,,,,100.0,0.0,100.0,0.0,,,68.0,32.0,,,100.0,2.0,100.0,137.0,32,32,100,0,100,0,200,0,100.0,1716.0,100.0,22303671048.0,100.0,21360852498.0
2018-01-10,ZCH06FX1,ST12000NM0007,12000138625024,0,79,80299760,99,0,100,1,100,0,84,275742187,98,1778,100,0,100,1,,,,,100.0,0.0,100.0,0.0,,,68.0,32.0,,,100.0,2.0,100.0,138.0,32,32,100,0,100,0,200,0,100.0,1743.0,100.0,22598209480.0,100.0,21671572602.0
2018-01-11,ZCH06FX1,ST12000NM0007,12000138625024,0,79,80299760,99,0,100,1,100,0,84,275742187,98,1778,100,0,100,1,,,,,100.0,0.0,100.0,0.0,,,68.0,32.0,,,100.0,2.0,100.0,138.0,32,32,100,0,100,0,200,0,100.0,1743.0,100.0,22598209480.0,100.0,21671572602.0
2018-01-12,ZCH06FX1,ST12000NM0007,12000138625024,0,82,177629608,99,0,100,1,100,0,85,282882202,98,1822,100,0,100,1,,,,,100.0,0.0,100.0,0.0,,,69.0,31.0,,,100.0,2.0,100.0,140.0,31,31,100,0,100,0,200,0,100.0,1787.0,100.0,23100721488.0,100.0,22242953386.0
2018-01-13,ZCH06FX1,ST12000NM0007,12000138625024,0,72.0,16600304.0,99.0,0.0,100.0,1.0,100,0,85.0,286724119.0,98,1846,100.0,0.0,100,1,,,,,100.0,0.0,100.0,0.0,,,68.0,32.0,,,100.0,2.0,100.0,141.0,32.0,32.0,100.0,0.0,100.0,0.0,200,0,100.0,1811.0,100.0,23370941768.0,100.0,22544126418.0
2018-01-14,ZCH06FX1,ST12000NM0007,12000138625024,0,82.0,170164048.0,99.0,0.0,100.0,1.0,100,0,85.0,290846750.0,98,1871,100.0,0.0,100,1,,,,,100.0,0.0,100.0,0.0,,,69.0,31.0,,,100.0,2.0,100.0,142.0,31.0,31.0,100.0,0.0,100.0,0.0,200,0,100.0,1835.0,100.0,23679404520.0,100.0,22877509082.0
2018-01-15,ZCH06FX1,ST12000NM0007,12000138625024,0,74.0,24173544.0,99.0,0.0,100.0,1.0,100,0,85.0,294970355.0,98,1895,100.0,0.0,100,1,,,,,100.0,0.0,100.0,0.0,,,68.0,32.0,,,100.0,2.0,100.0,143.0,32.0,32.0,100.0,0.0,100.0,0.0,200,0,100.0,1859.0,100.0,23956686976.0,100.0,23186658306.0
2018-01-16,ZCH06FX1,ST12000NM0007,12000138625024,0,77.0,50977472.0,99.0,0.0,100.0,1.0,100,0,85.0,296957911.0,98,1907,100.0,0.0,100,1,,,,,100.0,0.0,100.0,0.0,,,68.0,32.0,,,100.0,2.0,100.0,143.0,32.0,32.0,100.0,0.0,100.0,0.0,200,0,100.0,1871.0,100.0,24083671760.0,100.0,23330618274.0
2018-01-17,ZCH06FX1,ST12000NM0007,12000138625024,0,82.0,142316064.0,99.0,0.0,100.0,1.0,100,0,85.0,302902870.0,98,1943,100.0,0.0,100,1,,,,,100.0,0.0,100.0,0.0,,,69.0,31.0,,,100.0,2.0,100.0,145.0,31.0,31.0,100.0,0.0,100.0,0.0,200,0,100.0,1907.0,100.0,24478310544.0,100.0,23759740386.0
2018-01-18,ZCH06FX1,ST12000NM0007,12000138625024,0,76.0,41055968.0,99.0,0.0,100.0,1.0,100.0,0.0,85.0,307499378.0,98.0,1971.0,100.0,0.0,100.0,1.0,,,,,100.0,0.0,100.0,0.0,,,69.0,31.0,,,100.0,2.0,100.0,146.0,31.0,31.0,100.0,0.0,100.0,0.0,200.0,0.0,100.0,1935.0,100.0,24776316200.0,100.0,24092897058.0
2018-01-19,ZCH06FX1,ST12000NM0007,12000138625024,0,80.0,97392848.0,99.0,0.0,100.0,1.0,100.0,0.0,85.0,311479737.0,98.0,1995.0,100.0,0.0,100.0,1.0,,,,,100.0,0.0,100.0,0.0,,,69.0,31.0,,,100.0,2.0,100.0,147.0,31.0,31.0,100.0,0.0,100.0,0.0,200.0,0.0,100.0,1959.0,100.0,25030472048.0,100.0,24383359706.0
2018-01-20,ZCH06FX1,ST12000NM0007,12000138625024,0,81.0,121848952.0,99.0,0.0,100.0,1.0,100,0,85.0,315273568.0,98,2019,100.0,0.0,100,1,,,,,100.0,0.0,100.0,0.0,,,69.0,31.0,,,100.0,2.0,100.0,148.0,31.0,31.0,100.0,0.0,100.0,0.0,200,0,100.0,1983.0,100.0,25269070224.0,100.0,24657499058.0
2018-01-21,ZCH06FX1,ST12000NM0007,12000138625024,0,80.0,97594312.0,99.0,0.0,100.0,1.0,100,0,85.0,319437639.0,98,2042,100.0,0.0,100,1,,,,,100.0,0.0,100.0,0.0,,,69.0,31.0,,,100.0,2.0,100.0,149.0,31.0,31.0,100.0,0.0,100.0,0.0,200,0,100.0,2006.0,100.0,25439222592.0,100.0,25195514450.0
2018-01-22,ZCH06FX1,ST12000NM0007,12000138625024,0,82.0,143310584.0,99.0,0.0,100.0,1.0,100,0,85.0,325026008.0,98,2066,100.0,0.0,100,1,,,,,100.0,0.0,100.0,0.0,,,69.0,31.0,,,100.0,3.0,100.0,150.0,31.0,31.0,100.0,0.0,100.0,0.0,200,0,100.0,2030.0,100.0,25449504040.0,100.0,26695794234.0
2018-01-23,ZCH06FX1,ST12000NM0007,12000138625024,0,79.0,79148064.0,99.0,0.0,100.0,1.0,100,0,85.0,330395656.0,98,2090,100.0,0.0,100,1,,,,,100.0,0.0,100.0,0.0,,,70.0,30.0,,,100.0,3.0,100.0,151.0,30.0,30.0,100.0,0.0,100.0,0.0,200,0,100.0,2054.0,100.0,25460963008.0,100.0,28085017090.0
2018-01-24,ZCH06FX1,ST12000NM0007,12000138625024,0,83.0,220178592.0,99.0,0.0,100.0,1.0,100,0,85.0,336604303.0,98,2116,100.0,0.0,100,1,,,,,100.0,0.0,100.0,0.0,,,69.0,31.0,,,100.0,3.0,100.0,152.0,31.0,31.0,100.0,0.0,100.0,0.0,200,0,100.0,2079.0,100.0,25473606776.0,100.0,29678248674.0
2018-01-25,ZCH06FX1,ST12000NM0007,12000138625024,0,83.0,189240392.0,99.0,0.0,100.0,1.0,100,0,85.0,343369414.0,98,2139,100.0,0.0,100,1,,,,,100.0,0.0,100.0,0.0,,,67.0,33.0,,,100.0,3.0,100.0,153.0,33.0,33.0,100.0,0.0,100.0,0.0,200,0,100.0,2103.0,100.0,25493345496.0,100.0,31336557026.0
2018-01-26,ZCH06FX1,ST12000NM0007,12000138625024,0,83.0,212076472.0,99.0,0.0,100.0,1.0,100,0,85.0,350222800.0,98,2162,100.0,0.0,100,1,,,,,100.0,0.0,100.0,0.0,,,68.0,32.0,,,100.0,3.0,100.0,154.0,32.0,32.0,100.0,0.0,100.0,0.0,200,0,100.0,2125.0,100.0,25503505984.0,100.0,33058218498.0
2018-01-27,ZCH06FX1,ST12000NM0007,12000138625024,0,80.0,94884560.0,99.0,0.0,100.0,1.0,100,0,86.0,356949537.0,98,2188,100.0,0.0,100,1,,,,,100.0,0.0,100.0,0.0,,,68.0,32.0,,,100.0,4.0,100.0,155.0,32.0,32.0,100.0,0.0,100.0,0.0,200,0,100.0,2151.0,100.0,25513845344.0,100.0,34883813306.0
2018-01-28,ZCH06FX1,ST12000NM0007,12000138625024,0,81.0,136389608.0,99.0,0.0,100.0,1.0,100,0,86.0,363200609.0,98,2210,100.0,0.0,100,1,,,,,100.0,0.0,100.0,0.0,,,68.0,32.0,,,100.0,4.0,100.0,156.0,32.0,32.0,100.0,0.0,100.0,0.0,200,0,100.0,2173.0,100.0,25524933224.0,100.0,36623216338.0
2018-01-29,ZCH06FX1,ST12000NM0007,12000138625024,0,78.0,69405536.0,98.0,0.0,100.0,2.0,100,0,86.0,369294640.0,98,2233,100.0,0.0,100,1,,,,,100.0,0.0,100.0,0.0,,,68.0,32.0,,,100.0,4.0,100.0,157.0,32.0,32.0,100.0,0.0,100.0,0.0,200,0,100.0,2196.0,100.0,25536272872.0,100.0,38498019284.0
2018-01-30,ZCH06FX1,ST12000NM0007,12000138625024,0,83.0,186365888.0,98.0,0.0,100.0,2.0,100,0,86.0,374885126.0,98,2255,100.0,0.0,100,1,,,,,100.0,0.0,100.0,0.0,,,67.0,33.0,,,100.0,4.0,100.0,158.0,33.0,33.0,100.0,0.0,100.0,0.0,200,0,100.0,2218.0,100.0,25563087176.0,100.0,40053010372.0
2018-01-31,ZCH06FX1,ST12000NM0007,12000138625024,0,84.0,239299464.0,98.0,0.0,100.0,2.0,100.0,0.0,86.0,381884511.0,98.0,2279.0,100.0,0.0,100.0,1.0,,,,,100.0,0.0,100.0,0.0,,,67.0,33.0,,,100.0,4.0,100.0,159.0,33.0,33.0,100.0,0.0,100.0,0.0,200.0,0.0,100.0,2241.0,100.0,25574200664.0,100.0,42047956612.0
2018-02-01,ZCH06FX1,ST12000NM0007,12000138625024,0,82.0,153943216.0,98.0,0.0,100.0,2.0,100,0,86.0,390083424.0,98,2302,100.0,0.0,100,1,,,,,100.0,0.0,100.0,0.0,,,67.0,33.0,,,100.0,4.0,100.0,160.0,33.0,33.0,100.0,0.0,100.0,0.0,200,0,100.0,2265.0,100.0,25584040656.0,100.0,43661745612.0
2018-02-02,ZCH06FX1,ST12000NM0007,12000138625024,0,82.0,146580016.0,98.0,0.0,100.0,2.0,100,0,86.0,395370563.0,98,2327,100.0,0.0,100,1,,,,,100.0,0.0,100.0,0.0,,,68.0,32.0,,,100.0,4.0,100.0,161.0,32.0,32.0,100.0,0.0,100.0,0.0,200,0,100.0,2290.0,100.0,25675794648.0,100.0,44295050532.0
2018-02-03,ZCH06FX1,ST12000NM0007,12000138625024,0,71.0,12583264.0,98.0,0.0,100.0,2.0,100,0,86.0,398490678.0,98,2350,100.0,0.0,100,1,,,,,100.0,0.0,100.0,0.0,,,68.0,32.0,,,100.0,4.0,100.0,162.0,32.0,32.0,100.0,0.0,100.0,0.0,200,0,100.0,2313.0,100.0,25822878720.0,100.0,44502251236.0
2018-02-04,ZCH06FX1,ST12000NM0007,12000138625024,0,81.0,131668032.0,98.0,0.0,100.0,2.0,100,0,86.0,403169040.0,98,2382,100.0,0.0,100,1,,,,,100.0,0.0,100.0,0.0,,,67.0,33.0,,,100.0,4.0,100.0,164.0,33.0,33.0,100.0,0.0,100.0,0.0,200,0,100.0,2344.0,100.0,26116827464.0,100.0,44815668628.0
2018-02-05,ZCH06FX1,ST12000NM0007,12000138625024,0,81.0,120870416.0,98.0,0.0,100.0,2.0,100,0,86.0,406900562.0,98,2406,100.0,0.0,100,1,,,,,100.0,0.0,100.0,0.0,,,67.0,33.0,,,100.0,4.0,100.0,165.0,33.0,33.0,100.0,0.0,100.0,0.0,200,0,100.0,2368.0,100.0,26355596440.0,100.0,45054383364.0
2018-02-06,ZCH06FX1,ST12000NM0007,12000138625024,0,81.0,127069368.0,98.0,0.0,100.0,2.0,100,0,86.0,410868868.0,98,2431,100.0,0.0,100,1,,,,,100.0,0.0,100.0,0.0,,,67.0,33.0,,,100.0,4.0,100.0,166.0,33.0,33.0,100.0,0.0,100.0,0.0,200,0,100.0,2393.0,100.0,26606683168.0,100.0,45297777172.0
2018-02-07,ZCH06FX1,ST12000NM0007,12000138625024,0,81.0,118737816.0,98.0,0.0,100.0,2.0,100,0,86.0,414649310.0,98,2455,100.0,0.0,100,1,,,,,100.0,0.0,100.0,0.0,,,68.0,32.0,,,100.0,4.0,100.0,167.0,32.0,32.0,100.0,0.0,100.0,0.0,200,0,100.0,2417.0,100.0,26848716864.0,100.0,45535693508.0
2018-02-08,ZCH06FX1,ST12000NM0007,12000138625024,0,80.0,101427176.0,98.0,0.0,100.0,2.0,100,0,86.0,418638495.0,98,2480,100.0,0.0,100,1,,,,,100.0,0.0,100.0,0.0,,,69.0,31.0,,,100.0,4.0,100.0,168.0,31.0,31.0,100.0,0.0,100.0,0.0,200,0,100.0,2442.0,100.0,27082478488.0,100.0,45772902708.0
2018-02-09,ZCH06FX1,ST12000NM0007,12000138625024,0,74,26855496,98,0,100,2,100,0,86,422327145,98,2504,100,0,100,1,,,,,100.0,0.0,100.0,0.0,,,69.0,31.0,,,100.0,4.0,100.0,169.0,31,31,100,0,100,0,200,0,100.0,2466.0,100.0,27295016664.0,100.0,45974074412.0
2018-02-10,ZCH06FX1,ST12000NM0007,12000138625024,0,83.0,223542496.0,98.0,0.0,100.0,2.0,100.0,0.0,86.0,426113381.0,98.0,2529.0,100.0,0.0,100.0,1.0,,,,,100.0,0.0,100.0,0.0,,,69.0,31.0,,,100.0,4.0,100.0,170.0,31.0,31.0,100.0,0.0,100.0,0.0,200.0,0.0,100.0,2490.0,100.0,27517029536.0,100.0,46192889364.0
2018-02-11,ZCH06FX1,ST12000NM0007,12000138625024,0,81,132147744,98,0,100,2,100,0,86,429719494,98,2553,100,0,100,1,,,,,100.0,0.0,100.0,0.0,,,63.0,37.0,,,100.0,4.0,100.0,171.0,37,37,100,0,100,0,200,0,100.0,2515.0,100.0,27694216072.0,100.0,46412589668.0
2018-02-12,ZCH06FX1,ST12000NM0007,12000138625024,0,79,84976584,98,0,100,2,100,0,86,433851574,98,2577,100,0,100,1,,,,,100.0,0.0,100.0,0.0,,,68.0,32.0,,,100.0,4.0,100.0,172.0,32,32,100,0,100,0,200,0,100.0,2539.0,100.0,27897765968.0,100.0,46650150180.0
2018-02-13,ZCH06FX1,ST12000NM0007,12000138625024,0,76,38531688,98,0,100,2,100,0,86,437711440,98,2601,100,0,100,1,,,,,100.0,0.0,100.0,0.0,,,69.0,31.0,,,100.0,4.0,100.0,173.0,31,31,100,0,100,0,200,0,100.0,2562.0,100.0,28090940288.0,100.0,46898812676.0
2018-02-14,ZCH06FX1,ST12000NM0007,12000138625024,0,81,132201576,98,0,100,2,100,0,86,440904378,98,2625,100,0,100,1,,,,,100.0,0.0,100.0,0.0,,,69.0,31.0,,,100.0,4.0,100.0,174.0,31,31,100,0,100,0,200,0,100.0,2586.0,100.0,28233680560.0,100.0,47093883556.0
2018-02-15,ZCH06FX1,ST12000NM0007,12000138625024,0,76,38565864,98,0,100,2,100,0,86,444426073,97,2649,100,0,100,1,,,,,100.0,0.0,100.0,0.0,,,69.0,31.0,,,100.0,4.0,100.0,175.0,31,31,100,0,100,0,200,0,100.0,2610.0,100.0,28406491672.0,100.0,47315718548.0
2018-02-16,ZCH06FX1,ST12000NM0007,12000138625024,0,82,169393424,98,0,100,2,100,0,87,447828486,97,2673,100,0,100,1,,,,,100.0,0.0,100.0,0.0,,,69.0,31.0,,,100.0,4.0,100.0,176.0,31,31,100,0,100,0,200,0,100.0,2634.0,100.0,28564554360.0,100.0,47532624148.0
2018-02-17,ZCH06FX1,ST12000NM0007,12000138625024,0,77,55058248,98,0,100,2,100,0,87,451169521,97,2697,100,0,100,1,,,,,100.0,0.0,100.0,0.0,,,69.0,31.0,,,100.0,4.0,100.0,177.0,31,31,100,0,100,0,200,0,100.0,2657.0,100.0,28733337288.0,100.0,47737787748.0
2018-02-18,ZCH06FX1,ST12000NM0007,12000138625024,0,83,205049568,98,0,100,2,100,0,87,454696811,97,2721,100,0,100,1,,,,,100.0,0.0,100.0,0.0,,,69.0,31.0,,,100.0,4.0,100.0,178.0,31,31,100,0,100,0,200,0,100.0,2681.0,100.0,28908826296.0,100.0,47956431652.0
2018-02-19,ZCH06FX1,ST12000NM0007,12000138625024,0,80,91389816,98,0,100,2,100,0,87,458032500,97,2745,100,0,100,1,,,,,100.0,0.0,100.0,0.0,,,69.0,31.0,,,100.0,4.0,100.0,179.0,31,31,100,0,100,0,200,0,100.0,2705.0,100.0,29077842896.0,100.0,48162036764.0
2018-02-20,ZCH06FX1,ST12000NM0007,12000138625024,0,83,221232448,98,0,100,2,100,0,87,461678215,97,2770,100,0,100,1,,,,,100.0,0.0,100.0,0.0,,,69.0,31.0,,,100.0,4.0,100.0,180.0,31,31,100,0,100,0,200,0,100.0,2730.0,100.0,29236167464.0,100.0,48377695700.0
2018-02-21,ZCH06FX1,ST12000NM0007,12000138625024,0,80,93155896,98,0,100,2,100,0,87,465018475,97,2793,100,0,100,1,,,,,100.0,0.0,100.0,0.0,,,69.0,31.0,,,100.0,4.0,100.0,181.0,31,31,100,0,100,0,200,0,100.0,2754.0,100.0,29388829560.0,100.0,48585238404.0
2018-02-22,ZCH06FX1,ST12000NM0007,12000138625024,0,82,161908672,98,0,100,2,100,0,87,467943105,97,2815,100,0,100,1,,,,,100.0,0.0,100.0,0.0,,,69.0,31.0,,,100.0,4.0,100.0,182.0,31,31,100,0,100,0,200,0,100.0,2775.0,100.0,29516009592.0,100.0,48770951812.0
2018-02-23,ZCH06FX1,ST12000NM0007,12000138625024,0,84,232942016,98,0,100,2,100,0,87,470952854,97,2839,100,0,100,1,,,,,100.0,0.0,100.0,0.0,,,68.0,32.0,,,100.0,4.0,100.0,183.0,32,32,100,0,100,0,200,0,100.0,2799.0,100.0,29632344768.0,100.0,48969790876.0
2018-02-24,ZCH06FX1,ST12000NM0007,12000138625024,0,81,115245960,98,0,100,2,100,0,87,474400091,97,2863,100,0,100,1,,,,,100.0,0.0,100.0,0.0,,,69.0,31.0,,,100.0,4.0,100.0,184.0,31,31,100,0,100,0,200,0,100.0,2823.0,100.0,29790067480.0,100.0,49182654076.0
2018-02-25,ZCH06FX1,ST12000NM0007,12000138625024,0,84,234354568,98,0,100,2,100,0,87,477702104,97,2887,100,0,100,1,,,,,100.0,0.0,100.0,0.0,,,69.0,31.0,,,100.0,4.0,100.0,185.0,31,31,100,0,100,0,200,0,100.0,2847.0,100.0,29913618648.0,100.0,49422352252.0
2018-02-26,ZCH06FX1,ST12000NM0007,12000138625024,0,79,75059320,98,0,100,2,100,0,87,480838891,97,2910,100,0,100,1,,,,,100.0,0.0,100.0,0.0,,,69.0,31.0,,,100.0,4.0,100.0,186.0,31,31,100,0,100,0,200,0,100.0,2870.0,100.0,30030372976.0,100.0,49634584060.0
2018-02-27,ZCH06FX1,ST12000NM0007,12000138625024,0,83,212794864,98,0,100,2,100,0,87,484510733,97,2934,100,0,100,1,,,,,100.0,0.0,100.0,0.0,,,69.0,31.0,,,100.0,5.0,100.0,187.0,31,31,100,0,100,0,200,0,100.0,2894.0,100.0,30151166184.0,100.0,49895667140.0
2018-02-28,ZCH06FX1,ST12000NM0007,12000138625024,0,80,107565832,98,0,100,2,100,0,87,487855909,97,2959,100,0,100,1,,,,,100.0,0.0,100.0,0.0,,,69.0,31.0,,,100.0,5.0,100.0,188.0,31,31,100,0,100,0,200,0,100.0,2919.0,100.0,30285347976.0,100.0,50144538108.0
2018-03-01,ZCH06FX1,ST12000NM0007,12000138625024,0,81,129813984,98,0,100,2,100,0,87,490216467,97,2978,100,0,100,1,,,,,100.0,0.0,100.0,0.0,,,70.0,30.0,,,100.0,5.0,100.0,188.0,30,30,100,0,100,0,200,0,100.0,2938.0,100.0,30369550752.0,100.0,50326724228.0
2018-03-02,ZCH06FX1,ST12000NM0007,12000138625024,0,82,164962768,98,0,100,2,100,0,87,492811763,97,3002,100,0,100,1,,,,,100.0,0.0,100.0,0.0,,,70.0,30.0,,,100.0,5.0,100.0,190.0,30,30,100,0,100,0,200,0,100.0,2962.0,100.0,30460505040.0,100.0,50515059572.0
2018-03-03,ZCH06FX1,ST12000NM0007,12000138625024,0,83,223598672,98,0,100,2,100,0,87,495775437,97,3026,100,0,100,1,,,,,100.0,0.0,100.0,0.0,,,69.0,31.0,,,100.0,5.0,100.0,191.0,31,31,100,0,100,0,200,0,100.0,2985.0,100.0,30564764048.0,100.0,50713577316.0
2018-03-04,ZCH06FX1,ST12000NM0007,12000138625024,0,70,9976784,98,0,100,2,100,0,87,498137293,97,3050,100,0,100,1,,,,,100.0,0.0,100.0,0.0,,,70.0,30.0,,,100.0,5.0,100.0,191.0,30,30,100,0,100,0,200,0,100.0,3009.0,100.0,30621012832.0,100.0,50931988244.0
2018-03-05,ZCH06FX1,ST12000NM0007,12000138625024,0,83,202677728,98,0,100,2,100,0,87,499748852,97,3074,100,0,100,1,,,,,100.0,0.0,100.0,0.0,,,70.0,30.0,,,100.0,6.0,100.0,193.0,30,30,100,0,100,0,200,0,100.0,3033.0,100.0,30637891120.0,100.0,51107810900.0
2018-03-06,ZCH06FX1,ST12000NM0007,12000138625024,0,77,52668320,98,0,100,2,100,0,87,503071456,97,3102,100,0,100,1,,,,,100.0,0.0,100.0,0.0,,,69.0,31.0,,,100.0,6.0,100.0,194.0,31,31,100,0,100,0,200,0,100.0,3061.0,100.0,30749688728.0,100.0,51334285164.0
2018-03-07,ZCH06FX1,ST12000NM0007,12000138625024,0,81.0,126172344.0,98.0,0.0,100.0,2.0,100.0,0.0,87.0,506135980.0,97.0,3126.0,100.0,0.0,100.0,1.0,,,,,100.0,0.0,100.0,0.0,,,70.0,30.0,,,100.0,6.0,100.0,195.0,30.0,30.0,100.0,0.0,100.0,0.0,200.0,0.0,100.0,3085.0,100.0,30847281280.0,100.0,51554337428.0
2018-03-08,ZCH06FX1,ST12000NM0007,12000138625024,0,82,143787840,98,0,100,2,100,0,87,508482587,97,3146,100,0,100,1,,,,,100.0,0.0,100.0,0.0,,,71.0,29.0,,,100.0,6.0,100.0,196.0,29,29,100,0,100,0,200,0,100.0,3105.0,100.0,30927578288.0,100.0,51735796692.0
2018-03-09,ZCH06FX1,ST12000NM0007,12000138625024,0,83,218077240,98,0,100,2,100,0,87,511330173,97,3171,100,0,100,1,,,,,100.0,0.0,100.0,0.0,,,70.0,30.0,,,100.0,6.0,100.0,199.0,30,30,100,0,100,0,200,0,100.0,3129.0,100.0,31022776648.0,100.0,51959028436.0
2018-03-10,ZCH06FX1,ST12000NM0007,12000138625024,0,73,19374288,98,0,100,2,100,0,87,513978937,97,3194,100,0,100,1,,,,,100.0,0.0,100.0,0.0,,,70.0,30.0,,,100.0,6.0,100.0,199.0,30,30,100,0,100,0,200,0,100.0,3153.0,100.0,31111526264.0,100.0,52159858628.0
2018-03-11,ZCH06FX1,ST12000NM0007,12000138625024,0,80,107063816,98,0,100,2,100,0,87,516994163,97,3219,100,0,100,1,,,,,100.0,0.0,100.0,0.0,,,70.0,30.0,,,100.0,7.0,100.0,201.0,30,30,100,0,100,0,200,0,100.0,3177.0,100.0,31198774224.0,100.0,52404440900.0
2018-03-12,ZCH06FX1,ST12000NM0007,12000138625024,0,82,156174744,98,0,100,2,100,0,87,519551725,97,3241,100,0,100,1,,,,,100.0,0.0,100.0,0.0,,,70.0,30.0,,,100.0,7.0,100.0,201.0,30,30,100,0,100,0,200,0,100.0,3200.0,100.0,31287642688.0,100.0,52608823996.0
2018-03-13,ZCH06FX1,ST12000NM0007,12000138625024,0,83,223695968,98,0,100,2,100,0,87,522513899,97,3267,100,0,100,1,,,,,100.0,0.0,100.0,0.0,,,70.0,30.0,,,100.0,7.0,100.0,203.0,30,30,100,0,100,0,200,0,100.0,3224.0,100.0,31384314776.0,100.0,52823813796.0
2018-03-14,ZCH06FX1,ST12000NM0007,12000138625024,0,69,8373472,98,0,100,2,100,0,87,525472737,97,3290,100,0,100,1,,,,,100.0,0.0,100.0,0.0,,,70.0,30.0,,,100.0,7.0,100.0,204.0,30,30,100,0,100,0,200,0,100.0,3248.0,100.0,31460594536.0,100.0,53020493996.0
2018-03-15,ZCH06FX1,ST12000NM0007,12000138625024,0,82,146829336,98,0,100,2,100,0,87,529088705,97,3321,100,0,100,1,,,,,100.0,0.0,100.0,0.0,,,70.0,30.0,,,100.0,7.0,100.0,205.0,30,30,100,0,100,0,200,0,100.0,3278.0,100.0,31586185928.0,100.0,53277499180.0
2018-03-16,ZCH06FX1,ST12000NM0007,12000138625024,0,81.0,129224216.0,98.0,0.0,100.0,2.0,100.0,0.0,87.0,531161614.0,97.0,3339.0,100.0,0.0,100.0,1.0,,,,,100.0,0.0,100.0,0.0,,,70.0,30.0,,,100.0,7.0,100.0,206.0,30.0,30.0,100.0,0.0,100.0,0.0,200.0,0.0,100.0,3296.0,100.0,31672752480.0,100.0,53417468204.0
2018-03-17,ZCH06FX1,ST12000NM0007,12000138625024,0,82,162719280,98,0,100,2,100,0,87,533926413,97,3362,100,0,100,1,,,,,100.0,0.0,100.0,0.0,,,70.0,30.0,,,100.0,7.0,100.0,207.0,30,30,100,0,100,0,200,0,100.0,3319.0,100.0,31774006328.0,100.0,53593850108.0
2018-03-18,ZCH06FX1,ST12000NM0007,12000138625024,0,71,14049208,98,0,100,2,100,0,87,537057292,97,3386,100,0,100,1,,,,,100.0,0.0,100.0,0.0,,,69.0,31.0,,,100.0,7.0,100.0,208.0,31,31,100,0,100,0,200,0,100.0,3343.0,100.0,31897254312.0,100.0,53810213444.0
2018-03-19,ZCH06FX1,ST12000NM0007,12000138625024,0,79,79453936,98,0,100,2,100,0,87,540083654,97,3411,100,0,100,1,,,,,100.0,0.0,100.0,0.0,,,70.0,30.0,,,100.0,7.0,100.0,209.0,30,30,100,0,100,0,200,0,100.0,3367.0,100.0,31988796464.0,100.0,54028216700.0
2018-03-20,ZCH06FX1,ST12000NM0007,12000138625024,0,82,159099736,98,0,100,2,100,0,87,543265999,97,3435,100,0,100,1,,,,,100.0,0.0,100.0,0.0,,,70.0,30.0,,,100.0,7.0,100.0,211.0,30,30,100,0,100,0,200,0,100.0,3391.0,100.0,32087143368.0,100.0,54253656276.0
2018-03-21,ZCH06FX1,ST12000NM0007,12000138625024,0,70,10542328,98,0,100,2,100,0,87,546941822,97,3458,100,0,100,1,,,,,100.0,0.0,100.0,0.0,,,70.0,30.0,,,100.0,7.0,100.0,212.0,30,30,100,0,100,0,200,0,100.0,3414.0,100.0,32201867792.0,100.0,54478655964.0
2018-03-22,ZCH06FX1,ST12000NM0007,12000138625024,0,78,68769568,98,0,100,2,100,0,87,550060542,97,3483,100,0,100,1,,,,,100.0,0.0,100.0,0.0,,,70.0,30.0,,,100.0,7.0,100.0,213.0,30,30,100,0,100,0,200,0,100.0,3439.0,100.0,32297932176.0,100.0,54684959580.0
2018-03-23,ZCH06FX1,ST12000NM0007,12000138625024,0,81,115531528,98,0,100,2,100,0,87,553062031,96,3506,100,0,100,1,,,,,100.0,0.0,100.0,0.0,,,70.0,30.0,,,100.0,7.0,100.0,213.0,30,30,100,0,100,0,200,0,100.0,3462.0,100.0,32404415616.0,100.0,54869378748.0
2018-03-24,ZCH06FX1,ST12000NM0007,12000138625024,0,83,190171040,98,0,100,2,100,0,87,556257945,96,3531,100,0,100,1,,,,,100.0,0.0,100.0,0.0,,,70.0,30.0,,,100.0,7.0,100.0,215.0,30,30,100,0,100,0,200,0,100.0,3486.0,100.0,32495868872.0,100.0,55096705708.0
2018-03-25,ZCH06FX1,ST12000NM0007,12000138625024,0,74,27504160,98,0,100,2,100,0,87,559521011,96,3554,100,0,100,1,,,,,100.0,0.0,100.0,0.0,,,70.0,30.0,,,100.0,8.0,100.0,216.0,30,30,100,0,100,0,200,0,100.0,3510.0,100.0,32597024272.0,100.0,55321164996.0
2018-03-26,ZCH06FX1,ST12000NM0007,12000138625024,0,78,60966840,98,0,100,2,100,0,88,562520581,96,3579,100,0,100,1,,,,,100.0,0.0,100.0,0.0,,,70.0,30.0,,,100.0,8.0,100.0,217.0,30,30,100,0,100,0,200,0,100.0,3534.0,100.0,32686650696.0,100.0,55509142164.0
2018-03-27,ZCH06FX1,ST12000NM0007,12000138625024,0,81,135755960,98,0,100,2,100,0,88,565904734,96,3602,100,0,100,1,,,,,100.0,0.0,100.0,0.0,,,70.0,30.0,,,100.0,9.0,100.0,218.0,30,30,100,0,100,0,200,0,100.0,3558.0,100.0,32808377584.0,100.0,55706345124.0
2018-03-28,ZCH06FX1,ST12000NM0007,12000138625024,0,82,169107536,98,0,100,2,100,0,88,568808962,96,3626,100,0,100,1,,,,,100.0,0.0,100.0,0.0,,,71.0,29.0,,,100.0,10.0,100.0,219.0,29,29,100,0,100,0,200,0,100.0,3581.0,100.0,32911942448.0,100.0,55880272476.0
2018-03-29,ZCH06FX1,ST12000NM0007,12000138625024,0,84,224824800,98,0,100,2,100,0,88,572405167,96,3657,100,0,100,1,,,,,100.0,0.0,100.0,0.0,,,70.0,30.0,,,100.0,11.0,100.0,221.0,30,30,100,0,100,0,200,0,100.0,3612.0,100.0,33033119744.0,100.0,56058953092.0
2018-03-30,ZCH06FX1,ST12000NM0007,12000138625024,0,83,191919776,98,0,100,2,100,0,88,575027622,96,3681,100,0,100,1,,,,,100.0,0.0,100.0,0.0,,,70.0,30.0,,,100.0,11.0,100.0,222.0,30,30,100,0,100,0,200,0,100.0,3636.0,100.0,33126601000.0,100.0,56176707556.0
2018-03-31,ZCH06FX1,ST12000NM0007,12000138625024,0,82,171777184,98,0,100,2,100,0,88,577665947,96,3705,100,0,100,1,,,,,100.0,0.0,100.0,0.0,,,70.0,30.0,,,100.0,12.0,100.0,223.0,30,30,100,0,100,0,200,0,100.0,3660.0,100.0,33204821904.0,100.0,56322484716.0
2018-04-01,ZCH06FX1,ST12000NM0007,12000138625024,0,82,175486920,98,0,100,2,100,0,88,581030956,96,3729,100,0,100,1,,,,,100.0,0.0,100.0,0.0,,,70.0,30.0,,,100.0,12.0,100.0,224.0,30,30,100,0,100,0,200,0,100.0,3684.0,100.0,33273277864.0,100.0,56501879124.0
2018-04-02,ZCH06FX1,ST12000NM0007,12000138625024,0,82,157178320,98,0,100,2,100,0,88,583775808,96,3753,100,0,100,1,,,,,100.0,0.0,100.0,0.0,,,70.0,30.0,,,100.0,12.0,100.0,225.0,30,30,100,0,100,0,200,0,100.0,3707.0,100.0,33353195312.0,100.0,56647793764.0
2018-04-03,ZCH06FX1,ST12000NM0007,12000138625024,0,83,196538848,98,0,100,2,100,0,88,586922578,96,3777,100,0,100,1,,,,,100.0,0.0,100.0,0.0,,,71.0,29.0,,,100.0,12.0,100.0,226.0,29,29,100,0,100,0,200,0,100.0,3732.0,100.0,33447882600.0,100.0,56836607636.0
2018-04-04,ZCH06FX1,ST12000NM0007,12000138625024,0,82,168919760,98,0,100,2,100,0,88,589567783,96,3801,100,0,100,1,,,,,100.0,0.0,100.0,0.0,,,71.0,29.0,,,100.0,12.0,100.0,227.0,29,29,100,0,100,0,200,0,100.0,3756.0,100.0,33526822040.0,100.0,56974189820.0
2018-04-05,ZCH06FX1,ST12000NM0007,12000138625024,0,82,164603736,98,0,100,2,100,0,88,592513125,96,3826,100,0,100,1,,,,,100.0,0.0,100.0,0.0,,,72.0,28.0,,,100.0,13.0,100.0,228.0,28,28,100,0,100,0,200,0,100.0,3780.0,100.0,33606157136.0,100.0,57134679516.0
2018-04-06,ZCH06FX1,ST12000NM0007,12000138625024,0,82,150627464,98,0,100,2,100,0,88,595372984,96,3849,100,0,100,1,,,,,100.0,0.0,100.0,0.0,,,72.0,28.0,,,100.0,13.0,100.0,229.0,28,28,100,0,100,0,200,0,100.0,3804.0,100.0,33691837888.0,100.0,57279163252.0
2018-04-07,ZCH06FX1,ST12000NM0007,12000138625024,0,83.0,187080128.0,98.0,0.0,100.0,2.0,100.0,0.0,88.0,598886155.0,96.0,3873.0,100.0,0.0,100.0,1.0,,,,,100.0,0.0,100.0,0.0,,,71.0,29.0,,,100.0,13.0,100.0,230.0,29.0,29.0,100.0,0.0,100.0,0.0,200.0,0.0,100.0,3827.0,100.0,33759783008.0,100.0,57491811468.0
2018-04-08,ZCH06FX1,ST12000NM0007,12000138625024,0,83,210616128,98,0,100,2,100,0,88,602046264,96,3897,100,0,100,1,,,,,100.0,0.0,100.0,0.0,,,72.0,28.0,,,100.0,13.0,100.0,231.0,28,28,100,0,100,0,200,0,100.0,3851.0,100.0,33858625264.0,100.0,57660645900.0
2018-04-09,ZCH06FX1,ST12000NM0007,12000138625024,0,83,219060072,98,0,100,2,100,0,88,605080868,96,3921,100,0,100,1,,,,,100.0,0.0,100.0,0.0,,,72.0,28.0,,,100.0,13.0,100.0,232.0,28,28,100,0,100,0,200,0,100.0,3875.0,100.0,33957462768.0,100.0,57814392972.0
2018-04-10,ZCH06FX1,ST12000NM0007,12000138625024,0,77,51983744,98,0,100,2,100,0,88,608663704,96,3946,100,0,100,1,,,,,100.0,0.0,100.0,0.0,,,72.0,28.0,,,100.0,13.0,100.0,233.0,28,28,100,0,100,0,200,0,100.0,3899.0,100.0,34071959168.0,100.0,58021101636.0
2018-04-11,ZCH06FX1,ST12000NM0007,12000138625024,0,77,54399320,98,0,100,2,100,0,88,611858725,96,3970,100,0,100,1,,,,,100.0,0.0,100.0,0.0,,,72.0,28.0,,,100.0,13.0,100.0,234.0,28,28,100,0,100,0,200,0,100.0,3923.0,100.0,34185827440.0,100.0,58153789804.0
2018-04-12,ZCH06FX1,ST12000NM0007,12000138625024,0,79,73699144,98,0,100,2,100,0,88,614893012,96,3993,100,0,100,1,,,,,100.0,0.0,100.0,0.0,,,72.0,28.0,,,100.0,13.0,100.0,236.0,28,28,100,0,100,0,200,0,100.0,3946.0,100.0,34280073064.0,100.0,58322984636.0
2018-04-13,ZCH06FX1,ST12000NM0007,12000138625024,0,78,69710568,98,0,100,2,100,0,88,618363446,96,4017,100,0,100,1,,,,,100.0,0.0,100.0,0.0,,,72.0,28.0,,,100.0,13.0,100.0,237.0,28,28,100,0,100,0,200,0,100.0,3970.0,100.0,34366787880.0,100.0,58476421884.0
2018-04-14,ZCH06FX1,ST12000NM0007,12000138625024,0,77,52037232,98,0,100,2,100,0,88,621219853,96,4042,100,0,100,1,,,,,100.0,0.0,100.0,0.0,,,72.0,28.0,,,100.0,13.0,100.0,238.0,28,28,100,0,100,0,200,0,100.0,3995.0,100.0,34456923504.0,100.0,58612754044.0
2018-04-15,ZCH06FX1,ST12000NM0007,12000138625024,0,78,62073304,98,0,100,2,100,0,88,624213996,96,4065,100,0,100,1,,,,,100.0,0.0,100.0,0.0,,,71.0,29.0,,,100.0,14.0,100.0,239.0,29,29,100,0,100,0,200,0,100.0,4018.0,100.0,34531815360.0,100.0,58792038932.0
2018-04-16,ZCH06FX1,ST12000NM0007,12000138625024,0,83,181396296,98,0,100,2,100,0,88,630860130,96,4090,100,0,100,1,,,,,100.0,0.0,100.0,0.0,,,71.0,29.0,,,100.0,14.0,100.0,240.0,29,29,100,0,100,0,200,0,100.0,4042.0,100.0,34568616784.0,100.0,60339405260.0
2018-04-17,ZCH06FX1,ST12000NM0007,12000138625024,0,100,795328,98,0,100,2,100,0,88,639387292,96,4113,100,0,100,1,,,,,100.0,0.0,100.0,0.0,,,71.0,29.0,,,100.0,15.0,100.0,241.0,29,29,100,0,100,0,200,0,100.0,4066.0,100.0,34584367680.0,100.0,62584462100.0
2018-04-18,ZCH06FX1,ST12000NM0007,12000138625024,0,84,227430304,98,0,100,2,100,0,88,647973657,96,4137,100,0,100,1,,,,,100.0,0.0,100.0,0.0,,,70.0,30.0,,,100.0,15.0,100.0,242.0,30,30,100,0,100,0,200,0,100.0,4090.0,100.0,34598040160.0,100.0,64750550660.0
2018-04-19,ZCH06FX1,ST12000NM0007,12000138625024,0,75,33770680,98,0,100,2,100,0,88,655430122,96,4162,100,0,100,1,,,,,100.0,0.0,100.0,0.0,,,71.0,29.0,,,100.0,15.0,100.0,243.0,29,29,100,0,100,0,200,0,100.0,4114.0,100.0,34611522648.0,100.0,66740675060.0
2018-04-20,ZCH06FX1,ST12000NM0007,12000138625024,0,74,26695840,98,0,100,2,100,0,88,662828878,96,4185,100,0,100,1,,,,,100.0,0.0,100.0,0.0,,,71.0,29.0,,,100.0,15.0,100.0,244.0,29,29,100,0,100,0,200,0,100.0,4138.0,100.0,34625452664.0,100.0,68916937924.0
2018-04-21,ZCH06FX1,ST12000NM0007,12000138625024,0,79,84389664,98,0,100,2,100,0,88,670465366,96,4210,100,0,100,1,,,,,100.0,0.0,100.0,0.0,,,71.0,29.0,,,100.0,15.0,100.0,245.0,29,29,100,0,100,0,200,0,100.0,4163.0,100.0,34639368520.0,100.0,71157983564.0
2018-04-22,ZCH06FX1,ST12000NM0007,12000138625024,0,100,922408,98,0,100,2,100,0,88,678330514,96,4233,100,0,100,1,,,,,100.0,0.0,100.0,0.0,,,71.0,29.0,,,100.0,15.0,100.0,246.0,29,29,100,0,100,0,200,0,100.0,4186.0,100.0,34653386664.0,100.0,73013624452.0
2018-04-23,ZCH06FX1,ST12000NM0007,12000138625024,0,100,1839184,98,0,100,2,100,0,88,687122335,96,4258,100,0,100,1,,,,,100.0,0.0,100.0,0.0,,,71.0,29.0,,,100.0,15.0,100.0,247.0,29,29,100,0,100,0,200,0,100.0,4210.0,100.0,34662580456.0,100.0,74470192100.0
2018-04-24,ZCH06FX1,ST12000NM0007,12000138625024,0,81,113080832,98,0,100,2,100,0,88,695846145,96,4282,100,0,100,1,,,,,100.0,0.0,100.0,0.0,,,71.0,29.0,,,100.0,15.0,100.0,248.0,29,29,100,0,100,0,200,0,100.0,4234.0,100.0,34673649176.0,100.0,75791068684.0
2018-04-25,ZCH06FX1,ST12000NM0007,12000138625024,0,80,99171152,98,0,100,2,100,0,88,704227224,96,4305,100,0,100,1,,,,,100.0,0.0,100.0,0.0,,,71.0,29.0,,,100.0,15.0,100.0,249.0,29,29,100,0,100,0,200,0,100.0,4257.0,100.0,34682713880.0,100.0,76988798116.0
2018-04-26,ZCH06FX1,ST12000NM0007,12000138625024,0,80,103075616,98,0,100,2,100,0,89,712474866,96,4329,100,0,100,1,,,,,100.0,0.0,100.0,0.0,,,71.0,29.0,,,100.0,16.0,100.0,250.0,29,29,100,0,100,0,200,0,100.0,4281.0,100.0,34699697248.0,100.0,78196422652.0
2018-04-27,ZCH06FX1,ST12000NM0007,12000138625024,0,84,234176752,98,0,100,2,100,0,89,721130844,96,4352,100,0,100,1,,,,,100.0,0.0,100.0,0.0,,,70.0,30.0,,,100.0,16.0,100.0,252.0,30,30,100,0,100,0,200,0,100.0,4304.0,100.0,34708518080.0,100.0,79539406460.0
2018-04-28,ZCH06FX1,ST12000NM0007,12000138625024,0,83,186021024,98,0,100,2,100,0,89,726384828,96,4376,100,0,100,1,,,,,100.0,0.0,100.0,0.0,,,71.0,29.0,,,100.0,16.0,100.0,253.0,29,29,100,0,100,0,200,0,100.0,4327.0,100.0,34756185040.0,100.0,80176005756.0
2018-04-29,ZCH06FX1,ST12000NM0007,12000138625024,0,70,10653848,98,0,100,2,100,0,89,729906446,95,4400,100,0,100,1,,,,,100.0,0.0,100.0,0.0,,,71.0,29.0,,,100.0,16.0,100.0,254.0,29,29,100,0,100,0,200,0,100.0,4352.0,100.0,34870965312.0,100.0,80374139596.0
2018-04-30,ZCH06FX1,ST12000NM0007,12000138625024,0,84,243812800,98,0,100,2,100,0,89,732668991,95,4425,100,0,100,1,,,,,100.0,0.0,100.0,0.0,,,72.0,28.0,,,100.0,16.0,100.0,255.0,28,28,100,0,100,0,200,0,100.0,4376.0,100.0,34953991032.0,100.0,80524272828.0
2018-05-01,ZCH06FX1,ST12000NM0007,12000138625024,0,84,244013096,98,0,100,2,100,0,89,735646202,95,4449,100,0,100,1,,,,,100.0,0.0,100.0,0.0,,,72.0,28.0,,,100.0,16.0,100.0,256.0,28,28,100,0,100,0,200,0,100.0,4400.0,100.0,35048066264.0,100.0,80674538740.0
2018-05-02,ZCH06FX1,ST12000NM0007,12000138625024,0,76.0,37049064.0,98.0,0.0,100.0,2.0,100.0,0.0,89.0,738840344.0,95.0,4472.0,100.0,0.0,100.0,1.0,,,,,100.0,0.0,100.0,0.0,,,73.0,27.0,,,100.0,16.0,100.0,257.0,27.0,27.0,100.0,0.0,100.0,0.0,200.0,0.0,100.0,4423.0,100.0,35142915616.0,100.0,80861006724.0
2018-05-03,ZCH06FX1,ST12000NM0007,12000138625024,0,80,97279128,98,0,100,2,100,0,89,742206217,95,4498,100,0,100,1,,,,,100.0,0.0,100.0,0.0,,,72.0,28.0,,,100.0,16.0,100.0,259.0,28,28,100,0,100,0,200,0,100.0,4448.0,100.0,35246446368.0,100.0,81061846756.0
2018-05-04,ZCH06FX1,ST12000NM0007,12000138625024,0,81,112569696,98,0,100,2,100,0,89,745293746,95,4521,100,0,100,1,,,,,100.0,0.0,100.0,0.0,,,72.0,28.0,,,100.0,16.0,100.0,260.0,28,28,100,0,100,0,200,0,100.0,4472.0,100.0,35353795072.0,100.0,81213929388.0
2018-05-05,ZCH06FX1,ST12000NM0007,12000138625024,0,78,59381600,98,0,100,2,100,0,89,747961539,95,4546,100,0,100,1,,,,,100.0,0.0,100.0,0.0,,,72.0,28.0,,,100.0,16.0,100.0,261.0,28,28,100,0,100,0,200,0,100.0,4496.0,100.0,35444104800.0,100.0,81314572308.0
2018-05-06,ZCH06FX1,ST12000NM0007,12000138625024,0,81,114191512,98,0,100,2,100,0,89,751254215,95,4569,100,0,100,1,,,,,100.0,0.0,100.0,0.0,,,72.0,28.0,,,100.0,16.0,100.0,262.0,28,28,100,0,100,0,200,0,100.0,4520.0,100.0,35537271080.0,100.0,81520356620.0
2018-05-07,ZCH06FX1,ST12000NM0007,12000138625024,0,81,128968896,98,0,100,2,100,0,89,754222720,95,4594,100,0,100,1,,,,,100.0,0.0,100.0,0.0,,,72.0,28.0,,,100.0,16.0,100.0,263.0,28,28,100,0,100,0,200,0,100.0,4545.0,100.0,35631961760.0,100.0,81684584156.0
2018-05-08,ZCH06FX1,ST12000NM0007,12000138625024,0,81,132120064,98,0,100,2,100,0,89,757134366,95,4617,100,0,100,1,,,,,100.0,0.0,100.0,0.0,,,72.0,28.0,,,100.0,17.0,100.0,264.0,28,28,100,0,100,0,200,0,100.0,4568.0,100.0,35717080680.0,100.0,81846757036.0
2018-05-09,ZCH06FX1,ST12000NM0007,12000138625024,0,83,221633984,98,0,100,2,100,0,89,761121913,95,4642,100,0,100,1,,,,,100.0,0.0,100.0,0.0,,,71.0,29.0,,,100.0,17.0,100.0,265.0,29,29,100,0,100,0,200,0,100.0,4592.0,100.0,35820332320.0,100.0,82077160004.0
2018-05-10,ZCH06FX1,ST12000NM0007,12000138625024,0,84,226253424,98,0,100,2,100,0,89,764017428,95,4666,100,0,100,1,,,,,100.0,0.0,100.0,0.0,,,72.0,28.0,,,100.0,17.0,100.0,266.0,28,28,100,0,100,0,200,0,100.0,4616.0,100.0,35909504824.0,100.0,82236747748.0
2018-05-11,ZCH06FX1,ST12000NM0007,12000138625024,0,82,164997304,98,0,100,2,100,0,89,766142452,95,4683,100,0,100,1,,,,,100.0,0.0,100.0,0.0,,,71.0,29.0,,,100.0,17.0,100.0,267.0,29,29,100,0,100,0,200,0,100.0,4632.0,100.0,35967894584.0,100.0,82361242524.0
2018-05-12,ZCH06FX1,ST12000NM0007,12000138625024,0,83,204923040,98,0,100,2,100,0,89,769301316,95,4707,100,0,100,1,,,,,100.0,0.0,100.0,0.0,,,72.0,28.0,,,100.0,18.0,100.0,268.0,28,28,100,0,100,0,200,0,100.0,4656.0,100.0,36077028400.0,100.0,82536175132.0
2018-05-13,ZCH06FX1,ST12000NM0007,12000138625024,0,76,37602104,98,0,100,2,100,0,89,772776566,95,4731,100,0,100,1,,,,,100.0,0.0,100.0,0.0,,,71.0,29.0,,,100.0,18.0,100.0,269.0,29,29,100,0,100,0,200,0,100.0,4680.0,100.0,36180344056.0,100.0,82753820260.0
2018-05-14,ZCH06FX1,ST12000NM0007,12000138625024,0,81,120793984,98,0,100,2,100,0,89,776210781,95,4754,100,0,100,1,,,,,100.0,0.0,100.0,0.0,,,71.0,29.0,,,100.0,18.0,100.0,270.0,29,29,100,0,100,0,200,0,100.0,4703.0,100.0,36304067096.0,100.0,82957429748.0
2018-05-15,ZCH06FX1,ST12000NM0007,12000138625024,0,81.0,135360272.0,98.0,0.0,100.0,2.0,100.0,0.0,89.0,779287321.0,95.0,4778.0,100.0,0.0,100.0,1.0,,,,,100.0,0.0,100.0,0.0,,,72.0,28.0,,,100.0,18.0,100.0,271.0,28.0,28.0,100.0,0.0,100.0,0.0,200.0,0.0,100.0,4727.0,100.0,36403812984.0,100.0,83116390948.0
2018-05-16,ZCH06FX1,ST12000NM0007,12000138625024,0,83,186048976,98,0,100,2,100,0,89,782461560,95,4802,100,0,100,1,,,,,100.0,0.0,100.0,0.0,,,72.0,28.0,,,100.0,18.0,100.0,272.0,28,28,100,0,100,0,200,0,100.0,4751.0,100.0,36500022816.0,100.0,83315010460.0
2018-05-17,ZCH06FX1,ST12000NM0007,12000138625024,0,74,22926888,98,0,100,2,100,0,89,786225481,95,4834,100,0,100,1,,,,,100.0,0.0,100.0,0.0,,,71.0,29.0,,,100.0,18.0,100.0,274.0,29,29,100,0,100,0,200,0,100.0,4782.0,100.0,36591904776.0,100.0,83548287756.0
2018-05-18,ZCH06FX1,ST12000NM0007,12000138625024,0,100,213792,98,0,100,2,100,0,89,788913518,95,4858,100,0,100,1,,,,,100.0,0.0,100.0,0.0,,,71.0,29.0,,,100.0,18.0,100.0,275.0,29,29,100,0,100,0,200,0,100.0,4806.0,100.0,36658359864.0,100.0,83703260356.0
2018-05-19,ZCH06FX1,ST12000NM0007,12000138625024,0,83,215079480,98,0,100,2,100,0,89,792157011,95,4881,100,0,100,1,,,,,100.0,0.0,100.0,0.0,,,72.0,28.0,,,100.0,19.0,100.0,276.0,28,28,100,0,100,0,200,0,100.0,4830.0,100.0,36718021720.0,100.0,83858464188.0
2018-05-20,ZCH06FX1,ST12000NM0007,12000138625024,0,83,222256208,98,0,100,2,100,0,89,795061949,95,4905,100,0,100,1,,,,,100.0,0.0,100.0,0.0,,,72.0,28.0,,,100.0,19.0,100.0,277.0,28,28,100,0,100,0,200,0,100.0,4854.0,100.0,36789441976.0,100.0,84038361300.0
2018-05-21,ZCH06FX1,ST12000NM0007,12000138625024,0,83,200857800,98,0,100,2,100,0,89,797623573,95,4929,100,0,100,1,,,,,100.0,0.0,100.0,0.0,,,72.0,28.0,,,100.0,19.0,100.0,278.0,28,28,100,0,100,0,200,0,100.0,4878.0,100.0,36856405416.0,100.0,84194140092.0
2018-05-22,ZCH06FX1,ST12000NM0007,12000138625024,0,83,198056232,98,0,100,2,100,0,89,800494469,95,4954,100,0,100,1,,,,,100.0,0.0,100.0,0.0,,,72.0,28.0,,,100.0,19.0,100.0,279.0,28,28,100,0,100,0,200,0,100.0,4902.0,100.0,36928374760.0,100.0,84363509972.0
2018-05-23,ZCH06FX1,ST12000NM0007,12000138625024,0,83,189745696,98,0,100,2,100,0,89,803140892,95,4977,100,0,100,1,,,,,100.0,0.0,100.0,0.0,,,72.0,28.0,,,100.0,19.0,100.0,280.0,28,28,100,0,100,0,200,0,100.0,4925.0,100.0,37006241632.0,100.0,84521473244.0
2018-05-24,ZCH06FX1,ST12000NM0007,12000138625024,0,84,224757960,98,0,100,2,100,0,89,806184939,95,5001,100,0,100,1,,,,,100.0,0.0,100.0,0.0,,,72.0,28.0,,,100.0,19.0,100.0,281.0,28,28,100,0,100,0,200,0,100.0,4949.0,100.0,37094446408.0,100.0,84712421396.0
2018-05-25,ZCH06FX1,ST12000NM0007,12000138625024,0,84,236813632,98,0,100,2,100,0,89,809282971,95,5025,100,0,100,1,,,,,100.0,0.0,100.0,0.0,,,72.0,28.0,,,100.0,19.0,100.0,282.0,28,28,100,0,100,0,200,0,100.0,4973.0,100.0,37177031248.0,100.0,84886032948.0
2018-05-26,ZCH06FX1,ST12000NM0007,12000138625024,0,83,181034512,98,0,100,2,100,0,89,811452362,95,5043,100,0,100,1,,,,,100.0,0.0,100.0,0.0,,,73.0,27.0,,,100.0,20.0,100.0,284.0,27,27,100,0,100,0,200,0,100.0,4990.0,100.0,37234551392.0,100.0,85016874436.0
2018-05-27,ZCH06FX1,ST12000NM0007,12000138625024,0,83,208901704,98,0,100,2,100,0,89,814658371,95,5069,100,0,100,1,,,,,100.0,0.0,100.0,0.0,,,72.0,28.0,,,100.0,20.0,100.0,287.0,28,28,100,0,100,0,200,0,100.0,5016.0,100.0,37296887552.0,100.0,85226546180.0
2018-05-28,ZCH06FX1,ST12000NM0007,12000138625024,0,84,235593432,98,0,100,2,100,0,89,817789278,95,5094,100,0,100,1,,,,,100.0,0.0,100.0,0.0,,,72.0,28.0,,,100.0,20.0,100.0,288.0,28,28,100,0,100,0,200,0,100.0,5040.0,100.0,37412035624.0,100.0,85382230516.0
2018-05-29,ZCH06FX1,ST12000NM0007,12000138625024,0,83,216281368,98,0,100,2,100,0,89,820556697,95,5117,100,0,100,1,,,,,100.0,0.0,100.0,0.0,,,72.0,28.0,,,100.0,20.0,100.0,289.0,28,28,100,0,100,0,200,0,100.0,5064.0,100.0,37469765384.0,100.0,85549329468.0
2018-05-30,ZCH06FX1,ST12000NM0007,12000138625024,0,82,150212880,98,0,100,2,100,0,89,822959591,95,5142,100,0,100,1,,,,,100.0,0.0,100.0,0.0,,,72.0,28.0,,,100.0,20.0,100.0,290.0,28,28,100,0,100,0,200,0,100.0,5088.0,100.0,37525664528.0,100.0,85671502548.0
2018-05-31,ZCH06FX1,ST12000NM0007,12000138625024,0,81,133003840,98,0,100,2,100,0,89,825607996,95,5165,100,0,100,1,,,,,100.0,0.0,100.0,0.0,,,73.0,27.0,,,100.0,20.0,100.0,292.0,27,27,100,0,100,0,200,0,100.0,5111.0,100.0,37605874912.0,100.0,85818224004.0
2018-06-01,ZCH06FX1,ST12000NM0007,12000138625024,0,82,164819424,98,0,100,2,100,0,89,828564217,95,5189,100,0,100,1,,,,,100.0,0.0,100.0,0.0,,,72.0,28.0,,,100.0,21.0,100.0,293.0,28,28,100,0,100,0,200,0,100.0,5135.0,100.0,37678861144.0,100.0,86021194004.0
2018-06-02,ZCH06FX1,ST12000NM0007,12000138625024,0,83,187432040,98,0,100,2,100,0,89,831989004,95,5212,100,0,100,1,,,,,100.0,0.0,100.0,0.0,,,72.0,28.0,,,100.0,21.0,100.0,293.0,28,28,100,0,100,0,200,0,100.0,5158.0,100.0,37747139568.0,100.0,86219669132.0
2018-06-03,ZCH06FX1,ST12000NM0007,12000138625024,0,83,207909112,98,0,100,2,100,0,89,835037292,95,5236,100,0,100,1,,,,,100.0,0.0,100.0,0.0,,,72.0,28.0,,,100.0,21.0,100.0,294.0,28,28,100,0,100,0,200,0,100.0,5182.0,100.0,37815668560.0,100.0,86415758004.0
2018-06-04,ZCH06FX1,ST12000NM0007,12000138625024,0,83,187886024,98,0,100,2,100,0,89,837748790,94,5260,100,0,100,1,,,,,100.0,0.0,100.0,0.0,,,72.0,28.0,,,100.0,21.0,100.0,295.0,28,28,100,0,100,0,200,0,100.0,5206.0,100.0,37891609200.0,100.0,86563935044.0
2018-06-05,ZCH06FX1,ST12000NM0007,12000138625024,0,83,206988360,98,0,100,2,100,0,89,840906023,94,5285,100,0,100,1,,,,,100.0,0.0,100.0,0.0,,,72.0,28.0,,,100.0,22.0,100.0,296.0,28,28,100,0,100,0,200,0,100.0,5230.0,100.0,37979615576.0,100.0,86739171820.0
2018-06-06,ZCH06FX1,ST12000NM0007,12000138625024,0,76,36175048,98,0,100,2,100,0,89,844096015,94,5308,100,0,100,1,,,,,100.0,0.0,100.0,0.0,,,71.0,29.0,,,100.0,22.0,100.0,297.0,29,29,100,0,100,0,200,0,100.0,5254.0,100.0,38083010448.0,100.0,86953244972.0
2018-06-07,ZCH06FX1,ST12000NM0007,12000138625024,0,76,43280496,98,0,100,2,100,0,89,847016393,94,5333,100,0,100,1,,,,,100.0,0.0,100.0,0.0,,,72.0,28.0,,,100.0,23.0,100.0,298.0,28,28,100,0,100,0,200,0,100.0,5278.0,100.0,38178651480.0,100.0,87108850044.0
2018-06-08,ZCH06FX1,ST12000NM0007,12000138625024,0,76,36834832,98,0,100,2,100,0,89,849657924,94,5357,100,0,100,1,,,,,100.0,0.0,100.0,0.0,,,72.0,28.0,,,100.0,24.0,100.0,299.0,28,28,100,0,100,0,200,0,100.0,5302.0,100.0,38243498696.0,100.0,87281697940.0
2018-06-09,ZCH06FX1,ST12000NM0007,12000138625024,0,78,58695296,98,0,100,2,100,0,89,852713947,94,5381,100,0,100,1,,,,,100.0,0.0,100.0,0.0,,,72.0,28.0,,,100.0,25.0,100.0,300.0,28,28,100,0,100,0,200,0,100.0,5326.0,100.0,38322296280.0,100.0,87468901468.0
2018-06-10,ZCH06FX1,ST12000NM0007,12000138625024,0,75,30979672,98,0,100,2,100,0,89,855756739,94,5405,100,0,100,1,,,,,100.0,0.0,100.0,0.0,,,72.0,28.0,,,100.0,25.0,100.0,301.0,28,28,100,0,100,0,200,0,100.0,5350.0,100.0,38411831664.0,100.0,87595791188.0
2018-06-11,ZCH06FX1,ST12000NM0007,12000138625024,0,73,21487584,98,0,100,2,100,0,89,858631587,94,5429,100,0,100,1,,,,,100.0,0.0,100.0,0.0,,,72.0,28.0,,,100.0,26.0,100.0,302.0,28,28,100,0,100,0,200,0,100.0,5374.0,100.0,38497387592.0,100.0,87744884044.0
2018-06-12,ZCH06FX1,ST12000NM0007,12000138625024,0,84,233245664,98,0,100,2,100,0,89,861552970,94,5453,100,0,100,1,,,,,100.0,0.0,100.0,0.0,,,72.0,28.0,,,100.0,26.0,100.0,303.0,28,28,100,0,100,0,200,0,100.0,5398.0,100.0,38585289208.0,100.0,87868740508.0
2018-06-13,ZCH06FX1,ST12000NM0007,12000138625024,0,84,239300824,98,0,100,2,100,0,89,864343726,94,5476,100,0,100,1,,,,,100.0,0.0,100.0,0.0,,,71.0,29.0,,,100.0,26.0,100.0,304.0,29,29,100,0,100,0,200,0,100.0,5421.0,100.0,38666492072.0,100.0,88037733460.0
2018-06-14,ZCH06FX1,ST12000NM0007,12000138625024,0,84,242882328,98,0,100,2,100,0,89,867141425,94,5500,100,0,100,1,,,,,100.0,0.0,100.0,0.0,,,70.0,30.0,,,100.0,26.0,100.0,305.0,30,30,100,0,100,0,200,0,100.0,5445.0,100.0,38748164680.0,100.0,88203783092.0
2018-06-15,ZCH06FX1,ST12000NM0007,12000138625024,0,84.0,237438944.0,98.0,0.0,100.0,2.0,100.0,0.0,89.0,870482005.0,94.0,5523.0,100.0,0.0,100.0,1.0,,,,,100.0,0.0,100.0,0.0,,,69.0,31.0,,,100.0,26.0,100.0,307.0,31.0,31.0,100.0,0.0,100.0,0.0,200.0,0.0,100.0,5467.0,100.0,38821135072.0,100.0,88369510148.0
2018-06-16,ZCH06FX1,ST12000NM0007,12000138625024,0,83.0,204561080.0,98.0,0.0,100.0,2.0,100.0,0.0,89.0,873295180.0,94.0,5547.0,100.0,0.0,100.0,1.0,,,,,100.0,0.0,100.0,0.0,,,69.0,31.0,,,100.0,26.0,100.0,308.0,31.0,31.0,100.0,0.0,100.0,0.0,200.0,0.0,100.0,5491.0,100.0,38907283168.0,100.0,88494625012.0
2018-06-17,ZCH06FX1,ST12000NM0007,12000138625024,0,83.0,209135624.0,98.0,0.0,100.0,2.0,100.0,0.0,89.0,876248751.0,94.0,5571.0,100.0,0.0,100.0,1.0,,,,,100.0,0.0,100.0,0.0,,,71.0,29.0,,,100.0,27.0,100.0,309.0,29.0,29.0,100.0,0.0,100.0,0.0,200.0,0.0,100.0,5514.0,100.0,38982856416.0,100.0,88667766956.0
2018-06-18,ZCH06FX1,ST12000NM0007,12000138625024,0,84.0,232413696.0,98.0,0.0,100.0,2.0,100.0,0.0,89.0,879218106.0,94.0,5595.0,100.0,0.0,100.0,1.0,,,,,100.0,0.0,100.0,0.0,,,72.0,28.0,,,100.0,28.0,100.0,310.0,28.0,28.0,100.0,0.0,100.0,0.0,200.0,0.0,100.0,5539.0,100.0,39062258920.0,100.0,88855783364.0
2018-06-19,ZCH06FX1,ST12000NM0007,12000138625024,0,76,39729480,98,0,100,2,100,0,89,882439239,94,5619,100,0,100,1,,,,,100.0,0.0,100.0,0.0,,,72.0,28.0,,,100.0,28.0,100.0,311.0,28,28,100,0,100,0,200,0,100.0,5562.0,100.0,39144157888.0,100.0,89069481500.0
2018-06-20,ZCH06FX1,ST12000NM0007,12000138625024,0,76,43474208,98,0,100,2,100,0,89,885273837,94,5643,100,0,100,1,,,,,100.0,0.0,100.0,0.0,,,71.0,29.0,,,100.0,28.0,100.0,312.0,29,29,100,0,100,0,200,0,100.0,5587.0,100.0,39225796208.0,100.0,89235728668.0
2018-06-21,ZCH06FX1,ST12000NM0007,12000138625024,0,76,39807256,98,0,100,2,100,0,89,888076186,94,5667,100,0,100,1,,,,,100.0,0.0,100.0,0.0,,,72.0,28.0,,,100.0,29.0,100.0,313.0,28,28,100,0,100,0,200,0,100.0,5611.0,100.0,39306552592.0,100.0,89395446044.0
2018-06-22,ZCH06FX1,ST12000NM0007,12000138625024,0,77,52129904,98,0,100,2,100,0,89,890947490,94,5691,100,0,100,1,,,,,100.0,0.0,100.0,0.0,,,72.0,28.0,,,100.0,29.0,100.0,314.0,28,28,100,0,100,0,200,0,100.0,5634.0,100.0,39381184776.0,100.0,89577277188.0
2018-06-23,ZCH06FX1,ST12000NM0007,12000138625024,0,78,58169408,98,0,100,2,100,0,90,893849012,94,5715,100,0,100,1,,,,,100.0,0.0,100.0,0.0,,,72.0,28.0,,,100.0,30.0,100.0,315.0,28,28,100,0,100,0,200,0,100.0,5658.0,100.0,39453988000.0,100.0,89754654140.0
2018-06-24,ZCH06FX1,ST12000NM0007,12000138625024,0,80,107721312,98,0,100,2,100,0,90,897177791,94,5739,100,0,100,1,,,,,100.0,0.0,100.0,0.0,,,72.0,28.0,,,100.0,30.0,100.0,316.0,28,28,100,0,100,0,200,0,100.0,5682.0,100.0,39543657232.0,100.0,89958677556.0
2018-06-25,ZCH06FX1,ST12000NM0007,12000138625024,0,81,118635640,98,0,100,2,100,0,90,899861638,94,5763,100,0,100,1,,,,,100.0,0.0,100.0,0.0,,,72.0,28.0,,,100.0,31.0,100.0,317.0,28,28,100,0,100,0,200,0,100.0,5706.0,100.0,39617709848.0,100.0,90139680044.0
2018-06-26,ZCH06FX1,ST12000NM0007,12000138625024,0,82,157432048,98,0,100,2,100,0,90,902806602,94,5788,100,0,100,1,,,,,100.0,0.0,100.0,0.0,,,72.0,28.0,,,100.0,32.0,100.0,318.0,28,28,100,0,100,0,200,0,100.0,5731.0,100.0,39696872672.0,100.0,90343454332.0
2018-06-27,ZCH06FX1,ST12000NM0007,12000138625024,0,83,190364832,98,0,100,2,100,0,90,905461462,94,5811,100,0,100,1,,,,,100.0,0.0,100.0,0.0,,,72.0,28.0,,,100.0,32.0,100.0,319.0,28,28,100,0,100,0,200,0,100.0,5754.0,100.0,39778461272.0,100.0,90538939204.0
2018-06-28,ZCH06FX1,ST12000NM0007,12000138625024,0,84,240158328,98,0,100,2,100,0,90,908957863,94,5835,100,0,100,1,,,,,100.0,0.0,100.0,0.0,,,71.0,29.0,,,100.0,32.0,100.0,320.0,29,29,100,0,100,0,200,0,100.0,5778.0,100.0,39869746992.0,100.0,90741587676.0
2018-06-29,ZCH06FX1,ST12000NM0007,12000138625024,0,83,215549648,98,0,100,2,100,0,90,911324127,94,5859,100,0,100,1,,,,,100.0,0.0,100.0,0.0,,,71.0,29.0,,,100.0,32.0,100.0,321.0,29,29,100,0,100,0,200,0,100.0,5802.0,100.0,39936853984.0,100.0,90894012692.0
2018-06-30,ZCH06FX1,ST12000NM0007,12000138625024,0,100,1731008,98,0,100,2,100,0,90,914246929,94,5886,100,0,100,1,,,,,100.0,0.0,100.0,0.0,,,72.0,28.0,,,100.0,32.0,100.0,323.0,28,28,100,0,100,0,200,0,100.0,5829.0,100.0,40029441024.0,100.0,91075888468.0
2018-07-01,ZCH06FX1,ST12000NM0007,12000138625024,0,77,53585848,98,0,100,2,100,0,90,917588761,94,5911,100,0,100,1,,,,,100.0,0.0,100.0,0.0,,,71.0,29.0,,,100.0,32.0,100.0,324.0,29,29,100,0,100,0,200,0,100.0,5854.0,100.0,40116597368.0,100.0,91284727620.0
2018-07-02,ZCH06FX1,ST12000NM0007,12000138625024,0,79,89063568,98,0,100,2,100,0,90,920556911,94,5935,100,0,100,1,,,,,100.0,0.0,100.0,0.0,,,72.0,28.0,,,100.0,33.0,100.0,325.0,28,28,100,0,100,0,200,0,100.0,5878.0,100.0,40200221528.0,100.0,91480721844.0
2018-07-03,ZCH06FX1,ST12000NM0007,12000138625024,0,81,117490344,98,0,100,2,100,0,90,923753962,94,5959,100,0,100,1,,,,,100.0,0.0,100.0,0.0,,,72.0,28.0,,,100.0,34.0,100.0,326.0,28,28,100,0,100,0,200,0,100.0,5902.0,100.0,40286918504.0,100.0,91666592284.0
2018-07-04,ZCH06FX1,ST12000NM0007,12000138625024,0,80,110314224,98,0,100,2,100,0,90,926570819,94,5983,100,0,100,1,,,,,100.0,0.0,100.0,0.0,,,71.0,29.0,,,100.0,34.0,100.0,327.0,29,29,100,0,100,0,200,0,100.0,5925.0,100.0,40361475080.0,100.0,91829000364.0
2018-07-05,ZCH06FX1,ST12000NM0007,12000138625024,0,78,70753176,98,0,100,2,100,0,90,928973862,94,6007,100,0,100,1,,,,,100.0,0.0,100.0,0.0,,,72.0,28.0,,,100.0,34.0,100.0,328.0,28,28,100,0,100,0,200,0,100.0,5949.0,100.0,40428072864.0,100.0,91966982332.0
2018-07-06,ZCH06FX1,ST12000NM0007,12000138625024,0,74,27840624,98,0,100,2,100,0,90,931329495,94,6031,100,0,100,1,,,,,100.0,0.0,100.0,0.0,,,72.0,28.0,,,100.0,34.0,100.0,329.0,28,28,100,0,100,0,200,0,100.0,5973.0,100.0,40499675784.0,100.0,92096607508.0
2018-07-07,ZCH06FX1,ST12000NM0007,12000138625024,0,83,222852256,98,0,100,2,100,0,90,933486076,94,6055,100,0,100,1,,,,,100.0,0.0,100.0,0.0,,,72.0,28.0,,,100.0,35.0,100.0,330.0,28,28,100,0,100,0,200,0,100.0,5997.0,100.0,40571181880.0,100.0,92220113044.0
2018-07-08,ZCH06FX1,ST12000NM0007,12000138625024,0,71,12128312,98,0,100,2,100,0,90,937177497,94,6079,100,0,100,1,,,,,100.0,0.0,100.0,0.0,,,72.0,28.0,,,100.0,35.0,100.0,331.0,28,28,100,0,100,0,200,0,100.0,6021.0,100.0,40647515560.0,100.0,92421336892.0
2018-07-09,ZCH06FX1,ST12000NM0007,12000138625024,0,83,212296616,98,0,100,2,100,0,90,939520856,94,6103,100,0,100,1,,,,,100.0,0.0,100.0,0.0,,,72.0,28.0,,,100.0,35.0,100.0,332.0,28,28,100,0,100,0,200,0,100.0,6045.0,100.0,40711034832.0,100.0,92557985924.0
2018-07-10,ZCH06FX1,ST12000NM0007,12000138625024,0,83.0,209053600.0,98.0,0.0,100.0,2.0,100.0,0.0,90.0,942413404.0,94.0,6127.0,100.0,0.0,100.0,1.0,,,,,100.0,0.0,100.0,0.0,,,72.0,28.0,,,100.0,36.0,100.0,333.0,28.0,28.0,100.0,0.0,100.0,0.0,200.0,0.0,100.0,6069.0,100.0,40796514368.0,100.0,92713404060.0
2018-07-11,ZCH06FX1,ST12000NM0007,12000138625024,0,83,211912056,98,0,100,2,100,0,90,945060032,93,6151,100,0,100,1,,,,,100.0,0.0,100.0,0.0,,,72.0,28.0,,,100.0,36.0,100.0,334.0,28,28,100,0,100,0,200,0,100.0,6093.0,100.0,40883204944.0,100.0,92873712572.0
2018-07-12,ZCH06FX1,ST12000NM0007,12000138625024,0,75,29210552,98,0,100,2,100,0,90,948000013,93,6174,100,0,100,1,,,,,100.0,0.0,100.0,0.0,,,72.0,28.0,,,100.0,36.0,100.0,335.0,28,28,100,0,100,0,200,0,100.0,6116.0,100.0,40996831032.0,100.0,93065666412.0
2018-07-13,ZCH06FX1,ST12000NM0007,12000138625024,0,76,43762256,98,0,100,2,100,0,90,950730530,93,6198,100,0,100,1,,,,,100.0,0.0,100.0,0.0,,,72.0,28.0,,,100.0,36.0,100.0,337.0,28,28,100,0,100,0,200,0,100.0,6139.0,100.0,41073082824.0,100.0,93248107244.0
2018-07-14,ZCH06FX1,ST12000NM0007,12000138625024,0,75,35301312,98,0,100,2,100,0,90,953467935,93,6221,100,0,100,1,,,,,100.0,0.0,100.0,0.0,,,72.0,28.0,,,100.0,36.0,100.0,338.0,28,28,100,0,100,0,200,0,100.0,6162.0,100.0,41148996256.0,100.0,93407873668.0
2018-07-15,ZCH06FX1,ST12000NM0007,12000138625024,0,77,48728568,98,0,100,2,100,0,90,956912570,93,6245,100,0,100,1,,,,,100.0,0.0,100.0,0.0,,,72.0,28.0,,,100.0,37.0,100.0,339.0,28,28,100,0,100,0,200,0,100.0,6186.0,100.0,41225386984.0,100.0,93589050932.0
2018-07-16,ZCH06FX1,ST12000NM0007,12000138625024,0,80,109132160,98,0,100,2,100,0,90,960150378,93,6269,100,0,100,1,,,,,100.0,0.0,100.0,0.0,,,71.0,29.0,,,100.0,38.0,100.0,340.0,29,29,100,0,100,0,200,0,100.0,6210.0,100.0,41309269208.0,100.0,93809712932.0
2018-07-17,ZCH06FX1,ST12000NM0007,12000138625024,0,81,121130912,98,0,100,2,100,0,90,963289445,93,6293,100,0,100,1,,,,,100.0,0.0,100.0,0.0,,,72.0,28.0,,,100.0,38.0,100.0,341.0,28,28,100,0,100,0,200,0,100.0,6234.0,100.0,41398854656.0,100.0,93976267004.0
2018-07-18,ZCH06FX1,ST12000NM0007,12000138625024,0,81,139709896,98,0,100,2,100,0,90,966343433,93,6317,100,0,100,1,,,,,100.0,0.0,100.0,0.0,,,72.0,28.0,,,100.0,38.0,100.0,342.0,28,28,100,0,100,0,200,0,100.0,6258.0,100.0,41488778200.0,100.0,94149063108.0
2018-07-19,ZCH06FX1,ST12000NM0007,12000138625024,0,82,146526720,98,0,100,2,100,0,90,969008356,93,6341,100,0,100,1,,,,,100.0,0.0,100.0,0.0,,,72.0,28.0,,,100.0,38.0,100.0,343.0,28,28,100,0,100,0,200,0,100.0,6281.0,100.0,41556703944.0,100.0,94332094820.0
2018-07-20,ZCH06FX1,ST12000NM0007,12000138625024,0,82,172133312,98,0,100,2,100,0,90,971839450,93,6366,100,0,100,1,,,,,100.0,0.0,100.0,0.0,,,71.0,29.0,,,100.0,38.0,100.0,344.0,29,29,100,0,100,0,200,0,100.0,6306.0,100.0,41625836168.0,100.0,94532709852.0
2018-07-21,ZCH06FX1,ST12000NM0007,12000138625024,0,84,239699688,98,0,100,2,100,0,90,975617305,93,6389,100,0,100,1,,,,,100.0,0.0,100.0,0.0,,,72.0,28.0,,,100.0,38.0,100.0,345.0,28,28,100,0,100,0,200,0,100.0,6329.0,100.0,41727207112.0,100.0,94743046140.0
2018-07-22,ZCH06FX1,ST12000NM0007,12000138625024,0,76,37755208,98,0,100,2,100,0,90,978843491,93,6414,100,0,100,1,,,,,100.0,0.0,100.0,0.0,,,71.0,29.0,,,100.0,38.0,100.0,346.0,29,29,100,0,100,0,200,0,100.0,6354.0,100.0,41820394168.0,100.0,94936195916.0
2018-07-23,ZCH06FX1,ST12000NM0007,12000138625024,0,77,54121152,98,0,100,2,100,0,90,981472045,93,6437,100,0,100,1,,,,,100.0,0.0,100.0,0.0,,,72.0,28.0,,,100.0,39.0,100.0,347.0,28,28,100,0,100,0,200,0,100.0,6377.0,100.0,41908660568.0,100.0,95108436188.0
2018-07-24,ZCH06FX1,ST12000NM0007,12000138625024,0,81,131565104,98,0,100,2,100,0,90,985007078,93,6462,100,0,100,1,,,,,100.0,0.0,100.0,0.0,,,72.0,28.0,,,100.0,39.0,100.0,348.0,28,28,100,0,100,0,200,0,100.0,6401.0,100.0,42032257808.0,100.0,95306423596.0
2018-07-25,ZCH06FX1,ST12000NM0007,12000138625024,0,82.0,162742168.0,98.0,0.0,100.0,2.0,100.0,0.0,90.0,987802256.0,93.0,6485.0,100.0,0.0,100.0,1.0,,,,,100.0,0.0,100.0,0.0,,,72.0,28.0,,,100.0,39.0,100.0,349.0,28.0,28.0,100.0,0.0,100.0,0.0,200.0,0.0,100.0,6425.0,100.0,42133855040.0,100.0,95480144068.0
2018-07-26,ZCH06FX1,ST12000NM0007,12000138625024,0,82,152107784,98,0,100,2,100,0,90,990247561,93,6509,100,0,100,1,,,,,100.0,0.0,100.0,0.0,,,72.0,28.0,,,100.0,40.0,100.0,350.0,28,28,100,0,100,0,200,0,100.0,6449.0,100.0,42202878360.0,100.0,95644627140.0
2018-07-27,ZCH06FX1,ST12000NM0007,12000138625024,0,81,140442088,98,0,100,2,100,0,90,992649558,93,6533,100,0,100,1,,,,,100.0,0.0,100.0,0.0,,,72.0,28.0,,,100.0,40.0,100.0,351.0,28,28,100,0,100,0,200,0,100.0,6472.0,100.0,42274580368.0,100.0,95805400108.0
2018-07-28,ZCH06FX1,ST12000NM0007,12000138625024,0,81,117241056,98,0,100,2,100,0,90,995136189,93,6557,100,0,100,1,,,,,100.0,0.0,100.0,0.0,,,72.0,28.0,,,100.0,41.0,100.0,354.0,28,28,100,0,100,0,200,0,100.0,6495.0,100.0,42341381144.0,100.0,95959538956.0
2018-07-29,ZCH06FX1,ST12000NM0007,12000138625024,0,83,194659288,98,0,100,2,100,0,90,998878940,93,6581,100,0,100,1,,,,,100.0,0.0,100.0,0.0,,,72.0,28.0,,,100.0,41.0,100.0,355.0,28,28,100,0,100,0,200,0,100.0,6520.0,100.0,42453691344.0,100.0,96168787620.0
2018-07-30,ZCH06FX1,ST12000NM0007,12000138625024,0,82,168567472,98,0,100,2,100,0,62,1631430,93,6605,100,0,100,1,,,,,100.0,0.0,100.0,0.0,,,72.0,28.0,,,100.0,41.0,100.0,356.0,28,28,100,0,100,0,200,0,100.0,6544.0,100.0,42523824144.0,100.0,96316703748.0
2018-07-31,ZCH06FX1,ST12000NM0007,12000138625024,0,81,135874344,98,0,100,2,100,0,67,4589881,93,6629,100,0,100,1,,,,,100.0,0.0,100.0,0.0,,,72.0,28.0,,,100.0,42.0,100.0,357.0,28,28,100,0,100,0,200,0,100.0,6567.0,100.0,42589801720.0,100.0,96462173764.0
2018-08-01,ZCH06FX1,ST12000NM0007,12000138625024,0,81,128802824,98,0,100,2,100,0,69,7287474,93,6653,100,0,100,1,,,,,100.0,0.0,100.0,0.0,,,72.0,28.0,,,100.0,43.0,100.0,358.0,28,28,100,0,100,0,200,0,100.0,6592.0,100.0,42655121072.0,100.0,96633923572.0
2018-08-02,ZCH06FX1,ST12000NM0007,12000138625024,0,81,120504320,98,0,100,2,100,0,70,9898374,93,6677,100,0,100,1,,,,,100.0,0.0,100.0,0.0,,,72.0,28.0,,,100.0,43.0,100.0,359.0,28,28,100,0,100,0,200,0,100.0,6615.0,100.0,42705693544.0,100.0,96819193444.0
2018-08-03,ZCH06FX1,ST12000NM0007,12000138625024,0,80,99178792,98,0,100,2,100,0,71,12442339,93,6701,100,0,100,1,,,,,100.0,0.0,100.0,0.0,,,72.0,28.0,,,100.0,44.0,100.0,360.0,28,28,100,0,100,0,200,0,100.0,6639.0,100.0,42763896264.0,100.0,96983805916.0
2018-08-04,ZCH06FX1,ST12000NM0007,12000138625024,0,80,102707328,98,0,100,2,100,0,72,15622076,93,6725,100,0,100,1,,,,,100.0,0.0,100.0,0.0,,,71.0,29.0,,,100.0,44.0,100.0,361.0,29,29,100,0,100,0,200,0,100.0,6663.0,100.0,42835816000.0,100.0,97159555404.0
2018-08-05,ZCH06FX1,ST12000NM0007,12000138625024,0,82,142370680,98,0,100,2,100,0,73,19578027,93,6750,100,0,100,1,,,,,100.0,0.0,100.0,0.0,,,72.0,28.0,,,100.0,44.0,100.0,362.0,28,28,100,0,100,0,200,0,100.0,6687.0,100.0,42901924128.0,100.0,97377251260.0
2018-08-06,ZCH06FX1,ST12000NM0007,12000138625024,0,81,121152600,98,0,100,2,100,0,73,21858530,93,6773,100,0,100,1,,,,,100.0,0.0,100.0,0.0,,,72.0,28.0,,,100.0,44.0,100.0,363.0,28,28,100,0,100,0,200,0,100.0,6711.0,100.0,42955234144.0,100.0,97546863996.0
2018-08-07,ZCH06FX1,ST12000NM0007,12000138625024,0,81,113472072,98,0,100,2,100,0,74,24591508,93,6797,100,0,100,1,,,,,100.0,0.0,100.0,0.0,,,72.0,28.0,,,100.0,45.0,100.0,364.0,28,28,100,0,100,0,200,0,100.0,6735.0,100.0,43014507232.0,100.0,97724051236.0
2018-08-08,ZCH06FX1,ST12000NM0007,12000138625024,0,81,120676192,98,0,100,2,100,0,74,27204079,93,6822,100,0,100,1,,,,,100.0,0.0,100.0,0.0,,,72.0,28.0,,,100.0,45.0,100.0,365.0,28,28,100,0,100,0,200,0,100.0,6759.0,100.0,43097877104.0,100.0,97892026588.0
2018-08-09,ZCH06FX1,ST12000NM0007,12000138625024,0,80,111564512,98,0,100,2,100,0,75,29575365,93,6845,100,0,100,1,,,,,100.0,0.0,100.0,0.0,,,72.0,28.0,,,100.0,45.0,100.0,366.0,28,28,100,0,100,0,200,0,100.0,6783.0,100.0,43159903280.0,100.0,98065029604.0
2018-08-10,ZCH06FX1,ST12000NM0007,12000138625024,0,81,119151472,98,0,100,2,100,0,75,32143343,93,6870,100,0,100,1,,,,,100.0,0.0,100.0,0.0,,,72.0,28.0,,,100.0,45.0,100.0,367.0,28,28,100,0,100,0,200,0,100.0,6807.0,100.0,43228555088.0,100.0,98248105444.0
2018-08-11,ZCH06FX1,ST12000NM0007,12000138625024,0,81,113927280,98,0,100,2,100,0,75,34758969,93,6893,100,0,100,1,,,,,100.0,0.0,100.0,0.0,,,72.0,28.0,,,100.0,45.0,100.0,368.0,28,28,100,0,100,0,200,0,100.0,6830.0,100.0,43287567448.0,100.0,98428009652.0
2018-08-12,ZCH06FX1,ST12000NM0007,12000138625024,0,81,128787232,98,0,100,2,100,0,76,37845494,93,6917,100,0,100,1,,,,,100.0,0.0,100.0,0.0,,,72.0,28.0,,,100.0,45.0,100.0,369.0,28,28,100,0,100,0,200,0,100.0,6854.0,100.0,43353073592.0,100.0,98621504164.0
2018-08-13,ZCH06FX1,ST12000NM0007,12000138625024,0,82,155545704,98,0,100,2,100,0,76,40671404,93,6942,100,0,100,1,,,,,100.0,0.0,100.0,0.0,,,72.0,28.0,,,100.0,46.0,100.0,370.0,28,28,100,0,100,0,200,0,100.0,6878.0,100.0,43439160256.0,100.0,98806316756.0
2018-08-14,ZCH06FX1,ST12000NM0007,12000138625024,0,82.0,162207048.0,98.0,0.0,100.0,2.0,100.0,0.0,76.0,43634259.0,93.0,6965.0,100.0,0.0,100.0,1.0,,,,,100.0,0.0,100.0,0.0,,,72.0,28.0,,,100.0,47.0,100.0,371.0,28.0,28.0,100.0,0.0,100.0,0.0,200.0,0.0,100.0,6902.0,100.0,43528744248.0,100.0,98967534956.0
2018-08-15,ZCH06FX1,ST12000NM0007,12000138625024,0,83.0,209769408.0,98.0,0.0,100.0,2.0,100.0,0.0,77.0,46596680.0,93.0,6989.0,100.0,0.0,100.0,1.0,,,,,100.0,0.0,100.0,0.0,,,72.0,28.0,,,100.0,47.0,100.0,372.0,28.0,28.0,100.0,0.0,100.0,0.0,200.0,0.0,100.0,6926.0,100.0,43633552160.0,100.0,99154430052.0
2018-08-16,ZCH06FX1,ST12000NM0007,12000138625024,0,80,102306984,98,0,100,2,100,0,77,50491002,92,7017,100,0,100,1,,,,,100.0,0.0,100.0,0.0,,,72.0,28.0,,,100.0,47.0,100.0,373.0,28,28,100,0,100,0,200,0,100.0,6954.0,100.0,43799769712.0,100.0,99369031756.0
2018-08-17,ZCH06FX1,ST12000NM0007,12000138625024,0,81,133690792,98,0,100,2,100,0,77,53540422,92,7041,100,0,100,1,,,,,100.0,0.0,100.0,0.0,,,71.0,29.0,,,100.0,48.0,100.0,374.0,29,29,100,0,100,0,200,0,100.0,6978.0,100.0,43889290280.0,100.0,99555035908.0
2018-08-18,ZCH06FX1,ST12000NM0007,12000138625024,0,83,207888024,98,0,100,2,100,0,78,57191296,92,7065,100,0,100,1,,,,,100.0,0.0,100.0,0.0,,,71.0,29.0,,,100.0,48.0,100.0,375.0,29,29,100,0,100,0,200,0,100.0,7002.0,100.0,43970451656.0,100.0,99792213140.0
2018-08-19,ZCH06FX1,ST12000NM0007,12000138625024,0,75,33535456,98,0,100,2,100,0,78,61226481,92,7090,100,0,100,1,,,,,100.0,0.0,100.0,0.0,,,72.0,28.0,,,100.0,48.0,100.0,376.0,28,28,100,0,100,0,200,0,100.0,7026.0,100.0,44044285208.0,100.0,100032308844.0
2018-08-20,ZCH06FX1,ST12000NM0007,12000138625024,0,74,23421960,98,0,100,2,100,0,78,63677626,92,7114,100,0,100,1,,,,,100.0,0.0,100.0,0.0,,,72.0,28.0,,,100.0,48.0,100.0,377.0,28,28,100,0,100,0,200,0,100.0,7050.0,100.0,44110411728.0,100.0,100200209716.0
2018-08-21,ZCH06FX1,ST12000NM0007,12000138625024,0,77,46136120,98,0,100,2,100,0,78,66640453,92,7137,100,0,100,1,,,,,100.0,0.0,100.0,0.0,,,72.0,28.0,,,100.0,49.0,100.0,378.0,28,28,100,0,100,0,200,0,100.0,7074.0,100.0,44193882072.0,100.0,100383594196.0
2018-08-22,ZCH06FX1,ST12000NM0007,12000138625024,0,77,51107392,98,0,100,2,100,0,78,69105867,92,7161,100,0,100,1,,,,,100.0,0.0,100.0,0.0,,,72.0,28.0,,,100.0,49.0,100.0,379.0,28,28,100,0,100,0,200,0,100.0,7097.0,100.0,44266581472.0,100.0,100560006724.0
2018-08-23,ZCH06FX1,ST12000NM0007,12000138625024,0,81,117059696,98,0,100,2,100,0,79,71935347,92,7185,100,0,100,1,,,,,100.0,0.0,100.0,0.0,,,72.0,28.0,,,100.0,49.0,100.0,380.0,28,28,100,0,100,0,200,0,100.0,7121.0,100.0,44340624832.0,100.0,100796056508.0
2018-08-24,ZCH06FX1,ST12000NM0007,12000138625024,0,83,178353376,98,0,100,2,100,0,79,74965248,92,7210,100,0,100,1,,,,,100.0,0.0,100.0,0.0,,,71.0,29.0,,,100.0,50.0,100.0,381.0,29,29,100,0,100,0,200,0,100.0,7146.0,100.0,44435872704.0,100.0,101006243108.0
2018-08-25,ZCH06FX1,ST12000NM0007,12000138625024,0,77,51413280,98,0,100,2,100,0,79,78478321,92,7233,100,0,100,1,,,,,100.0,0.0,100.0,0.0,,,71.0,29.0,,,100.0,50.0,100.0,382.0,29,29,100,0,100,0,200,0,100.0,7169.0,100.0,44560979712.0,100.0,101242477484.0
2018-08-26,ZCH06FX1,ST12000NM0007,12000138625024,0,81,126519208,98,0,100,2,100,0,79,81869065,92,7257,100,0,100,1,,,,,100.0,0.0,100.0,0.0,,,72.0,28.0,,,100.0,50.0,100.0,383.0,28,28,100,0,100,0,200,0,100.0,7193.0,100.0,44654634912.0,100.0,101468068996.0
2018-08-27,ZCH06FX1,ST12000NM0007,12000138625024,0,82,147135168,98,0,100,2,100,0,79,84575077,92,7282,100,0,100,1,,,,,100.0,0.0,100.0,0.0,,,72.0,28.0,,,100.0,50.0,100.0,384.0,28,28,100,0,100,0,200,0,100.0,7217.0,100.0,44729461608.0,100.0,101657998956.0
2018-08-28,ZCH06FX1,ST12000NM0007,12000138625024,0,82,172821144,98,0,100,2,100,0,79,87568191,92,7305,100,0,100,1,,,,,100.0,0.0,100.0,0.0,,,72.0,28.0,,,100.0,50.0,100.0,385.0,28,28,100,0,100,0,200,0,100.0,7241.0,100.0,44810082544.0,100.0,101847204836.0
2018-08-29,ZCH06FX1,ST12000NM0007,12000138625024,0,83,209618408,98,0,100,2,100,0,80,90319770,92,7329,100,0,100,1,,,,,100.0,0.0,100.0,0.0,,,72.0,28.0,,,100.0,50.0,100.0,386.0,28,28,100,0,100,0,200,0,100.0,7265.0,100.0,44891054144.0,100.0,102047171148.0
2018-08-30,ZCH06FX1,ST12000NM0007,12000138625024,0,82,161687816,98,0,100,2,100,0,80,92299794,92,7347,100,0,100,1,,,,,100.0,0.0,100.0,0.0,,,72.0,28.0,,,100.0,50.0,100.0,387.0,28,28,100,0,100,0,200,0,100.0,7282.0,100.0,44940959200.0,100.0,102193476484.0
2018-08-31,ZCH06FX1,ST12000NM0007,12000138625024,0,83,212201168,98,0,100,2,100,0,80,95523798,92,7371,100,0,100,1,,,,,100.0,0.0,100.0,0.0,,,72.0,28.0,,,100.0,51.0,100.0,388.0,28,28,100,0,100,0,200,0,100.0,7306.0,100.0,45025669032.0,100.0,102403421076.0
2018-09-01,ZCH06FX1,ST12000NM0007,12000138625024,0,84,240115616,98,0,100,2,100,0,80,98624719,92,7395,100,0,100,1,,,,,100.0,0.0,100.0,0.0,,,72.0,28.0,,,100.0,51.0,100.0,389.0,28,28,100,0,100,0,200,0,100.0,7329.0,100.0,45128038960.0,100.0,102573106476.0
2018-09-02,ZCH06FX1,ST12000NM0007,12000138625024,0,69,8595904,98,0,100,2,100,0,80,101975341,92,7418,100,0,100,1,,,,,100.0,0.0,100.0,0.0,,,71.0,29.0,,,100.0,51.0,100.0,390.0,29,29,100,0,100,0,200,0,100.0,7353.0,100.0,45209600504.0,100.0,102748306548.0
2018-09-03,ZCH06FX1,ST12000NM0007,12000138625024,0,74,26767112,98,0,100,2,100,0,80,105142929,92,7442,100,0,100,1,,,,,100.0,0.0,100.0,0.0,,,72.0,28.0,,,100.0,51.0,100.0,391.0,28,28,100,0,100,0,200,0,100.0,7377.0,100.0,45296010744.0,100.0,102924208252.0
2018-09-04,ZCH06FX1,ST12000NM0007,12000138625024,0,81,118931944,98,0,100,2,100,0,80,110065312,92,7467,100,0,100,1,,,,,100.0,0.0,100.0,0.0,,,71.0,29.0,,,100.0,51.0,100.0,392.0,29,29,100,0,100,0,200,0,100.0,7401.0,100.0,45400343880.0,100.0,103156180788.0
2018-09-05,ZCH06FX1,ST12000NM0007,12000138625024,0,79,85850640,98,0,100,2,100,0,81,112716300,92,7491,100,0,100,1,,,,,100.0,0.0,100.0,0.0,,,72.0,28.0,,,100.0,52.0,100.0,393.0,28,28,100,0,100,0,200,0,100.0,7425.0,100.0,45472964888.0,100.0,103294619292.0
2018-09-06,ZCH06FX1,ST12000NM0007,12000138625024,0,70,10447240,98,0,100,2,100,0,81,117099318,92,7520,100,0,100,1,,,,,100.0,0.0,100.0,0.0,,,72.0,28.0,,,100.0,52.0,100.0,394.0,28,28,100,0,100,0,200,0,100.0,7454.0,100.0,45590864832.0,100.0,103589597556.0
2018-09-07,ZCH06FX1,ST12000NM0007,12000138625024,0,84,224278984,98,0,100,2,100,0,81,120149263,92,7545,100,0,100,1,,,,,100.0,0.0,100.0,0.0,,,72.0,28.0,,,100.0,52.0,100.0,395.0,28,28,100,0,100,0,200,0,100.0,7478.0,100.0,45697653800.0,100.0,103696640332.0
2018-09-08,ZCH06FX1,ST12000NM0007,12000138625024,0,84,242016920,98,0,100,2,100,0,81,123219771,92,7569,100,0,100,1,,,,,100.0,0.0,100.0,0.0,,,71.0,29.0,,,100.0,53.0,100.0,396.0,29,29,100,0,100,0,200,0,100.0,7502.0,100.0,45799564432.0,100.0,103856608436.0
2018-09-09,ZCH06FX1,ST12000NM0007,12000138625024,0,73,21300160,98,0,100,2,100,0,81,126440970,92,7592,100,0,100,1,,,,,100.0,0.0,100.0,0.0,,,72.0,28.0,,,100.0,54.0,100.0,397.0,28,28,100,0,100,0,200,0,100.0,7526.0,100.0,45880025008.0,100.0,104043712612.0
2018-09-10,ZCH06FX1,ST12000NM0007,12000138625024,0,73,20395736,98,0,100,2,100,0,81,129265735,92,7616,100,0,100,1,,,,,100.0,0.0,100.0,0.0,,,72.0,28.0,,,100.0,55.0,100.0,398.0,28,28,100,0,100,0,200,0,100.0,7550.0,100.0,45947361744.0,100.0,104219612124.0
2018-09-11,ZCH06FX1,ST12000NM0007,12000138625024,0,78,63479792,98,0,100,2,100,0,81,132751205,92,7640,100,0,100,1,,,,,100.0,0.0,100.0,0.0,,,72.0,28.0,,,100.0,56.0,100.0,399.0,28,28,100,0,100,0,200,0,100.0,7573.0,100.0,46043800640.0,100.0,104410398116.0
2018-09-12,ZCH06FX1,ST12000NM0007,12000138625024,0,79,80419624,98,0,100,2,100,0,81,135506492,92,7663,100,0,100,1,,,,,100.0,0.0,100.0,0.0,,,71.0,29.0,,,100.0,57.0,100.0,400.0,29,29,100,0,100,0,200,0,100.0,7597.0,100.0,46109649720.0,100.0,104605629508.0
2018-09-13,ZCH06FX1,ST12000NM0007,12000138625024,0,80,95366680,98,0,100,2,100,0,81,138073237,92,7685,100,0,100,1,,,,,100.0,0.0,100.0,0.0,,,72.0,28.0,,,100.0,57.0,100.0,401.0,28,28,100,0,100,0,200,0,100.0,7618.0,100.0,46170869880.0,100.0,104803497108.0
2018-09-14,ZCH06FX1,ST12000NM0007,12000138625024,0,80,106266392,98,0,100,2,100,0,81,140684772,92,7710,100,0,100,1,,,,,100.0,0.0,100.0,0.0,,,67.0,33.0,,,100.0,58.0,100.0,402.0,33,33,100,0,100,0,200,0,100.0,7643.0,100.0,46247003472.0,100.0,104982404100.0
2018-09-15,ZCH06FX1,ST12000NM0007,12000138625024,0,81,114085752,98,0,100,2,100,0,82,143174691,92,7733,100,0,100,1,,,,,100.0,0.0,100.0,0.0,,,67.0,33.0,,,100.0,59.0,100.0,403.0,33,33,100,0,100,0,200,0,100.0,7666.0,100.0,46322856960.0,100.0,105158510772.0
2018-09-16,ZCH06FX1,ST12000NM0007,12000138625024,0,82,173524312,98,0,100,2,100,0,82,146399262,92,7758,100,0,100,1,,,,,100.0,0.0,100.0,0.0,,,67.0,33.0,,,100.0,59.0,100.0,404.0,33,33,100,0,100,0,200,0,100.0,7691.0,100.0,46409543744.0,100.0,105375403180.0
2018-09-17,ZCH06FX1,ST12000NM0007,12000138625024,0,83,179494560,98,0,100,2,100,0,82,148860988,92,7782,100,0,100,1,,,,,100.0,0.0,100.0,0.0,,,67.0,33.0,,,100.0,59.0,100.0,405.0,33,33,100,0,100,0,200,0,100.0,7715.0,100.0,46481495152.0,100.0,105553562652.0
2018-09-18,ZCH06FX1,ST12000NM0007,12000138625024,0,83,210843736,98,0,100,2,100,0,82,151888612,92,7805,100,0,100,1,,,,,100.0,0.0,100.0,0.0,,,70.0,30.0,,,100.0,59.0,100.0,406.0,30,30,100,0,100,0,200,0,100.0,7738.0,100.0,46555085064.0,100.0,105755462596.0
2018-09-19,ZCH06FX1,ST12000NM0007,12000138625024,0,72,17640064,98,0,100,2,100,0,82,154599320,92,7829,100,0,100,1,,,,,100.0,0.0,100.0,0.0,,,69.0,31.0,,,100.0,59.0,100.0,407.0,31,31,100,0,100,0,200,0,100.0,7762.0,100.0,46606793744.0,100.0,105998832252.0
2018-09-20,ZCH06FX1,ST12000NM0007,12000138625024,0,76,36009120,98,0,100,2,100,0,82,157353782,92,7854,100,0,100,1,,,,,100.0,0.0,100.0,0.0,,,69.0,31.0,,,100.0,60.0,100.0,408.0,31,31,100,0,100,0,200,0,100.0,7786.0,100.0,46682352760.0,100.0,106185783132.0
2018-09-21,ZCH06FX1,ST12000NM0007,12000138625024,0,78,67522648,98,0,100,2,100,0,82,160180824,92,7878,100,0,100,1,,,,,100.0,0.0,100.0,0.0,,,69.0,31.0,,,100.0,60.0,100.0,409.0,31,31,100,0,100,0,200,0,100.0,7811.0,100.0,46770848832.0,100.0,106372941220.0
2018-09-22,ZCH06FX1,ST12000NM0007,12000138625024,0,78,59898960,98,0,100,2,100,0,82,162636407,91,7901,100,0,100,1,,,,,100.0,0.0,100.0,0.0,,,69.0,31.0,,,100.0,60.0,100.0,410.0,31,31,100,0,100,0,200,0,100.0,7834.0,100.0,46849900456.0,100.0,106530412732.0
2018-09-23,ZCH06FX1,ST12000NM0007,12000138625024,0,77,45230216,98,0,100,2,100,0,82,167872970,91,7925,100,0,100,1,,,,,100.0,0.0,100.0,0.0,,,69.0,31.0,,,100.0,60.0,100.0,411.0,31,31,100,0,100,0,200,0,100.0,7858.0,100.0,46918291616.0,100.0,106935634260.0
2018-09-24,ZCH06FX1,ST12000NM0007,12000138625024,0,77,56230704,98,0,100,2,100,0,82,170226125,91,7949,100,0,100,1,,,,,100.0,0.0,100.0,0.0,,,70.0,30.0,,,100.0,60.0,100.0,412.0,30,30,100,0,100,0,200,0,100.0,7882.0,100.0,46987483752.0,100.0,107121583612.0
2018-09-25,ZCH06FX1,ST12000NM0007,12000138625024,0,80,111976688,98,0,100,2,100,0,82,173521603,91,7974,100,0,100,1,,,,,100.0,0.0,100.0,0.0,,,69.0,31.0,,,100.0,60.0,100.0,413.0,31,31,100,0,100,0,200,0,100.0,7906.0,100.0,47096071840.0,100.0,107312882460.0
2018-09-26,ZCH06FX1,ST12000NM0007,12000138625024,0,82,143389344,98,0,100,2,100,0,82,176379966,91,7998,100,0,100,1,,,,,100.0,0.0,100.0,0.0,,,70.0,30.0,,,100.0,60.0,100.0,414.0,30,30,100,0,100,0,200,0,100.0,7930.0,100.0,47184614688.0,100.0,107499893396.0
2018-09-27,ZCH06FX1,ST12000NM0007,12000138625024,0,82,165376560,98,0,100,2,100,0,83,179103939,91,8022,100,0,100,1,,,,,100.0,0.0,100.0,0.0,,,70.0,30.0,,,100.0,61.0,100.0,415.0,30,30,100,0,100,0,200,0,100.0,7954.0,100.0,47265720680.0,100.0,107684915452.0
2018-09-28,ZCH06FX1,ST12000NM0007,12000138625024,0,83,205063856,98,0,100,2,100,0,83,181874819,91,8046,100,0,100,1,,,,,100.0,0.0,100.0,0.0,,,69.0,31.0,,,100.0,61.0,100.0,416.0,31,31,100,0,100,0,200,0,100.0,7977.0,100.0,47342246304.0,100.0,107892217836.0
2018-09-29,ZCH06FX1,ST12000NM0007,12000138625024,0,72,15893416,98,0,100,2,100,0,83,184876997,91,8070,100,0,100,1,,,,,100.0,0.0,100.0,0.0,,,69.0,31.0,,,100.0,61.0,100.0,417.0,31,31,100,0,100,0,200,0,100.0,8002.0,100.0,47442317528.0,100.0,108091257812.0
2018-09-30,ZCH06FX1,ST12000NM0007,12000138625024,0,78,58756392,98,0,100,2,100,0,83,187959773,91,8091,100,0,100,1,,,,,100.0,0.0,100.0,0.0,,,69.0,31.0,,,100.0,62.0,100.0,418.0,31,31,100,0,100,0,200,0,100.0,8023.0,100.0,47515388952.0,100.0,108305190100.0
2018-10-01,ZCH06FX1,ST12000NM0007,12000138625024,0,81,114062568,98,0,100,2,100,0,83,191503219,91,8116,100,0,100,1,,,,,100.0,0.0,100.0,0.0,,,69.0,31.0,,,100.0,62.0,100.0,419.0,31,31,100,0,100,0,200,0,100.0,8047.0,100.0,47612301592.0,100.0,108507724268.0
2018-10-02,ZCH06FX1,ST12000NM0007,12000138625024,0,81,139886464,98,0,100,2,100,0,83,195137271,91,8139,100,0,100,1,,,,,100.0,0.0,100.0,0.0,,,69.0,31.0,,,100.0,62.0,100.0,420.0,31,31,100,0,100,0,200,0,100.0,8071.0,100.0,47695681328.0,100.0,108694309340.0
2018-10-03,ZCH06FX1,ST12000NM0007,12000138625024,0,82,164957944,98,0,100,2,100,0,83,198720085,91,8164,100,0,100,1,,,,,100.0,0.0,100.0,0.0,,,69.0,31.0,,,100.0,62.0,100.0,421.0,31,31,100,0,100,0,200,0,100.0,8095.0,100.0,47785857528.0,100.0,108873345332.0
2018-10-04,ZCH06FX1,ST12000NM0007,12000138625024,0,82.0,173054344.0,98.0,0.0,100.0,2.0,100.0,0.0,83.0,201856842.0,91.0,8187.0,100.0,0.0,100.0,1.0,,,,,100.0,0.0,100.0,0.0,,,69.0,31.0,,,100.0,62.0,100.0,422.0,31.0,31.0,100.0,0.0,100.0,0.0,200.0,0.0,100.0,8118.0,100.0,47868074496.0,100.0,109043365420.0
2018-10-05,ZCH06FX1,ST12000NM0007,12000138625024,0,83,204457080,98,0,100,2,100,0,83,205176854,91,8212,100,0,100,1,,,,,100.0,0.0,100.0,0.0,,,69.0,31.0,,,100.0,63.0,100.0,423.0,31,31,100,0,100,0,200,0,100.0,8143.0,100.0,47950221856.0,100.0,109236761476.0
2018-10-06,ZCH06FX1,ST12000NM0007,12000138625024,0,83,208732560,98,0,100,2,100,0,83,208268354,91,8236,100,0,100,1,,,,,100.0,0.0,100.0,0.0,,,69.0,31.0,,,100.0,63.0,100.0,424.0,31,31,100,0,100,0,200,0,100.0,8167.0,100.0,48024935576.0,100.0,109410463884.0
2018-10-07,ZCH06FX1,ST12000NM0007,12000138625024,0,68,6819120,98,0,100,2,100,0,83,212083130,91,8260,100,0,100,1,,,,,100.0,0.0,100.0,0.0,,,69.0,31.0,,,100.0,63.0,100.0,425.0,31,31,100,0,100,0,200,0,100.0,8191.0,100.0,48122161472.0,100.0,109599605980.0
2018-10-08,ZCH06FX1,ST12000NM0007,12000138625024,0,72,14588088,98,0,100,2,100,0,83,215412586,91,8284,100,0,100,1,,,,,100.0,0.0,100.0,0.0,,,69.0,31.0,,,100.0,63.0,100.0,426.0,31,31,100,0,100,0,200,0,100.0,8214.0,100.0,48223150128.0,100.0,109750527092.0
2018-10-09,ZCH06FX1,ST12000NM0007,12000138625024,0,79.0,86177224.0,98.0,0.0,100.0,2.0,100.0,0.0,83.0,220122312.0,91.0,8308.0,100.0,0.0,100.0,1.0,,,,,100.0,0.0,100.0,0.0,,,69.0,31.0,,,100.0,63.0,100.0,427.0,31.0,31.0,100.0,0.0,100.0,0.0,200.0,0.0,100.0,8239.0,100.0,48319203824.0,100.0,109970203236.0
2018-10-10,ZCH06FX1,ST12000NM0007,12000138625024,0,79,83176320,98,0,100,2,100,0,83,223747283,91,8332,100,0,100,1,,,,,100.0,0.0,100.0,0.0,,,69.0,31.0,,,100.0,64.0,100.0,428.0,31,31,100,0,100,0,200,0,100.0,8262.0,100.0,48438133304.0,100.0,110092413516.0
2018-10-11,ZCH06FX1,ST12000NM0007,12000138625024,0,81,125349920,98,0,100,2,100,0,84,227059000,91,8355,100,0,100,1,,,,,100.0,0.0,100.0,0.0,,,69.0,31.0,,,100.0,64.0,100.0,429.0,31,31,100,0,100,0,200,0,100.0,8285.0,100.0,48536049080.0,100.0,110280811996.0
2018-10-12,ZCH06FX1,ST12000NM0007,12000138625024,0,83,179936816,98,0,100,2,100,0,84,230648958,91,8380,100,0,100,1,,,,,100.0,0.0,100.0,0.0,,,69.0,31.0,,,100.0,64.0,100.0,430.0,31,31,100,0,100,0,200,0,100.0,8309.0,100.0,48641277904.0,100.0,110474310812.0
2018-10-13,ZCH06FX1,ST12000NM0007,12000138625024,0,83,200384424,98,0,100,2,100,0,84,233837161,91,8404,100,0,100,1,,,,,100.0,0.0,100.0,0.0,,,69.0,31.0,,,100.0,64.0,100.0,431.0,31,31,100,0,100,0,200,0,100.0,8334.0,100.0,48717329112.0,100.0,110662847988.0
2018-10-14,ZCH06FX1,ST12000NM0007,12000138625024,0,76,37974608,98,0,100,2,100,0,84,237908401,91,8428,100,0,100,1,,,,,100.0,0.0,100.0,0.0,,,69.0,31.0,,,100.0,65.0,100.0,432.0,31,31,100,0,100,0,200,0,100.0,8358.0,100.0,48824756072.0,100.0,110881292604.0
2018-10-15,ZCH06FX1,ST12000NM0007,12000138625024,0,78,61163864,98,0,100,2,100,0,84,241117994,91,8452,100,0,100,1,,,,,100.0,0.0,100.0,0.0,,,69.0,31.0,,,100.0,65.0,100.0,433.0,31,31,100,0,100,0,200,0,100.0,8381.0,100.0,48908134816.0,100.0,111065243876.0
2018-10-16,ZCH06FX1,ST12000NM0007,12000138625024,0,82,155846392,98,0,100,2,100,0,84,245346136,91,8476,100,0,100,1,,,,,100.0,0.0,100.0,0.0,,,69.0,31.0,,,100.0,66.0,100.0,434.0,31,31,100,0,100,0,200,0,100.0,8405.0,100.0,49024743576.0,100.0,111287458316.0
2018-10-17,ZCH06FX1,ST12000NM0007,12000138625024,0,83,211296304,98,0,100,2,100,0,84,248885584,91,8500,100,0,100,1,,,,,100.0,0.0,100.0,0.0,,,69.0,31.0,,,100.0,66.0,100.0,435.0,31,31,100,0,100,0,200,0,100.0,8429.0,100.0,49125087792.0,100.0,111486704700.0
2018-10-18,ZCH06FX1,ST12000NM0007,12000138625024,0,67,5301072,98,0,100,2,100,0,84,252483885,91,8526,100,0,100,1,,,,,100.0,0.0,100.0,0.0,,,69.0,31.0,,,100.0,66.0,100.0,436.0,31,31,100,0,100,0,200,0,100.0,8455.0,100.0,49216746472.0,100.0,111677332372.0
2018-10-19,ZCH06FX1,ST12000NM0007,12000138625024,0,67,4920824,98,0,100,2,100,0,84,255403713,91,8551,100,0,100,1,,,,,100.0,0.0,100.0,0.0,,,69.0,31.0,,,100.0,66.0,100.0,437.0,31,31,100,0,100,0,200,0,100.0,8480.0,100.0,49298308056.0,100.0,111839531348.0
2018-10-20,ZCH06FX1,ST12000NM0007,12000138625024,0,77,51732776,98,0,100,2,100,0,84,258381147,91,8575,100,0,100,1,,,,,100.0,0.0,100.0,0.0,,,69.0,31.0,,,100.0,67.0,100.0,438.0,31,31,100,0,100,0,200,0,100.0,8504.0,100.0,49386372432.0,100.0,112042419596.0
2018-10-21,ZCH06FX1,ST12000NM0007,12000138625024,0,80,94311776,98,0,100,2,100,0,84,261663949,91,8598,100,0,100,1,,,,,100.0,0.0,100.0,0.0,,,69.0,31.0,,,100.0,68.0,100.0,439.0,31,31,100,0,100,0,200,0,100.0,8527.0,100.0,49462588480.0,100.0,112252923340.0
2018-10-22,ZCH06FX1,ST12000NM0007,12000138625024,0,81,123016336,98,0,100,2,100,0,84,264642033,91,8623,100,0,100,1,,,,,100.0,0.0,100.0,0.0,,,69.0,31.0,,,100.0,68.0,100.0,440.0,31,31,100,0,100,0,200,0,100.0,8552.0,100.0,49552650192.0,100.0,112435706980.0
2018-10-23,ZCH06FX1,ST12000NM0007,12000138625024,0,83,207047888,98,0,100,2,100,0,84,268443602,91,8647,100,0,100,1,,,,,100.0,0.0,100.0,0.0,,,69.0,31.0,,,100.0,69.0,100.0,441.0,31,31,100,0,100,0,200,0,100.0,8576.0,100.0,49665653672.0,100.0,112650875860.0
2018-10-25,ZCH06FX1,ST12000NM0007,12000138625024,0,73,21786680,98,0,100,2,100,0,84,274236071,91,8694,100,0,100,1,,,,,100.0,0.0,100.0,0.0,,,69.0,31.0,,,100.0,71.0,100.0,443.0,31,31,100,0,100,0,200,0,100.0,8622.0,100.0,49830132960.0,100.0,113033557676.0
2018-10-26,ZCH06FX1,ST12000NM0007,12000138625024,0,79,83202152,98,0,100,2,100,0,84,277997282,91,8718,100,0,100,1,,,,,100.0,0.0,100.0,0.0,,,68.0,32.0,,,100.0,71.0,100.0,444.0,32,32,100,0,100,0,200,0,100.0,8646.0,100.0,49935059952.0,100.0,113234186852.0
2018-10-27,ZCH06FX1,ST12000NM0007,12000138625024,0,83,178873560,98,0,100,2,100,0,85,282692418,91,8742,100,0,100,1,,,,,100.0,0.0,100.0,0.0,,,69.0,31.0,,,100.0,71.0,100.0,446.0,31,31,100,0,100,0,200,0,100.0,8670.0,100.0,50031099360.0,100.0,113477959748.0
2018-10-28,ZCH06FX1,ST12000NM0007,12000138625024,0,78,56942880,98,0,100,2,100,0,85,286749731,90,8766,100,0,100,1,,,,,100.0,0.0,100.0,0.0,,,69.0,31.0,,,100.0,71.0,100.0,447.0,31,31,100,0,100,0,200,0,100.0,8694.0,100.0,50118840600.0,100.0,113756569428.0
2018-10-29,ZCH06FX1,ST12000NM0007,12000138625024,0,79,74290704,98,0,100,2,100,0,85,289897154,90,8790,100,0,100,1,,,,,100.0,0.0,100.0,0.0,,,69.0,31.0,,,100.0,71.0,100.0,447.0,31,31,100,0,100,0,200,0,100.0,8718.0,100.0,50197966728.0,100.0,113938932020.0
2018-10-30,ZCH06FX1,ST12000NM0007,12000138625024,0,76,38232264,98,0,100,2,100,0,85,295164272,90,8813,100,0,100,1,,,,,100.0,0.0,100.0,0.0,,,69.0,31.0,,,100.0,71.0,100.0,448.0,31,31,100,0,100,0,200,0,100.0,8742.0,100.0,50256549240.0,100.0,114820854508.0
2018-10-31,ZCH06FX1,ST12000NM0007,12000138625024,0,83,188057872,98.0,0.0,100.0,2.0,100.0,0.0,85.0,302531596.0,90,8838,100.0,0.0,100,1,,,,,100.0,0.0,100.0,0.0,,,68.0,32.0,,,100.0,71.0,100.0,450.0,32,32,100.0,0.0,100.0,0.0,200.0,0.0,100.0,8766.0,100.0,50285119152.0,100.0,116651095220.0
2018-11-01,ZCH06FX1,ST12000NM0007,12000138625024,0,77,52304016,98.0,0.0,100.0,2.0,100.0,0.0,85.0,308670332.0,90,8860,100.0,0.0,100,1,,,,,100.0,0.0,100.0,0.0,,,68.0,32.0,,,100.0,71.0,100.0,451.0,32,32,100.0,0.0,100.0,0.0,200.0,0.0,100.0,8788.0,100.0,50300388760.0,100.0,118209057364.0
2018-11-02,ZCH06FX1,ST12000NM0007,12000138625024,0,82,166111536,98.0,0.0,100.0,2.0,100.0,0.0,85.0,314355171.0,90,8883,100.0,0.0,100,1,,,,,100.0,0.0,100.0,0.0,,,68.0,32.0,,,100.0,71.0,100.0,451.0,32,32,100.0,0.0,100.0,0.0,200.0,0.0,100.0,8811.0,100.0,50327010584.0,100.0,119761088052.0
2018-11-03,ZCH06FX1,ST12000NM0007,12000138625024,0,83,204142456,98.0,0.0,100.0,2.0,100.0,0.0,85.0,317226461.0,90,8907,100.0,0.0,100,1,,,,,100.0,0.0,100.0,0.0,,,69.0,31.0,,,100.0,72.0,100.0,452.0,31,31,100.0,0.0,100.0,0.0,200.0,0.0,100.0,8835.0,100.0,50401893728.0,100.0,119968376524.0
2018-11-04,ZCH06FX1,ST12000NM0007,12000138625024,0,79,87327808,98.0,0.0,100.0,2.0,100.0,0.0,85.0,321414347.0,90,8932,100.0,0.0,100,1,,,,,100.0,0.0,100.0,0.0,,,69.0,31.0,,,100.0,72.0,100.0,454.0,31,31,100.0,0.0,100.0,0.0,200.0,0.0,100.0,8859.0,100.0,50536892104.0,100.0,120204844884.0
2018-11-05,ZCH06FX1,ST12000NM0007,12000138625024,0,81,113087416,98.0,0.0,100.0,2.0,100.0,0.0,85.0,324305164.0,90,8955,100.0,0.0,100,1,,,,,100.0,0.0,100.0,0.0,,,69.0,31.0,,,100.0,73.0,100.0,455.0,31,31,100.0,0.0,100.0,0.0,200.0,0.0,100.0,8883.0,100.0,50624474312.0,100.0,120387162988.0
2018-11-06,ZCH06FX1,ST12000NM0007,12000138625024,0,82.0,156673624.0,98.0,0.0,100.0,2.0,100.0,0.0,85.0,327967906.0,90.0,8979.0,100.0,0.0,100.0,1.0,,,,,100.0,0.0,100.0,0.0,,,69.0,31.0,,,100.0,74.0,100.0,456.0,31.0,31.0,100.0,0.0,100.0,0.0,200.0,0.0,100.0,8906.0,100.0,50709341072.0,100.0,120590023076.0
2018-11-07,ZCH06FX1,ST12000NM0007,12000138625024,0,83.0,180562848.0,98.0,0.0,100.0,2.0,100.0,0.0,85.0,330877777.0,90.0,9003.0,100.0,0.0,100.0,1.0,,,,,100.0,0.0,100.0,0.0,,,69.0,31.0,,,100.0,75.0,100.0,457.0,31.0,31.0,100.0,0.0,100.0,0.0,200.0,0.0,100.0,8931.0,100.0,50788430496.0,100.0,120778963692.0
2018-11-08,ZCH06FX1,ST12000NM0007,12000138625024,0,72.0,17376944.0,98.0,0.0,100.0,2.0,100.0,0.0,85.0,334328261.0,90.0,9032.0,100.0,0.0,100.0,1.0,,,,,100.0,0.0,100.0,0.0,,,70.0,30.0,,,100.0,75.0,100.0,458.0,30.0,30.0,100.0,0.0,100.0,0.0,200.0,0.0,100.0,8959.0,100.0,50891087584.0,100.0,121001402164.0
2018-11-09,ZCH06FX1,ST12000NM0007,12000138625024,0,77,51267312,98.0,0.0,100.0,2.0,100.0,0.0,85.0,337779982.0,90,9056,100.0,0.0,100,1,,,,,100.0,0.0,100.0,0.0,,,70.0,30.0,,,100.0,75.0,100.0,459.0,30,30,100.0,0.0,100.0,0.0,200.0,0.0,100.0,8983.0,100.0,50971753336.0,100.0,121198767420.0
2018-11-10,ZCH06FX1,ST12000NM0007,12000138625024,0,79,75051480,98.0,0.0,100.0,2.0,100.0,0.0,85.0,341036397.0,90,9080,100.0,0.0,100,1,,,,,100.0,0.0,100.0,0.0,,,70.0,30.0,,,100.0,76.0,100.0,460.0,30,30,100.0,0.0,100.0,0.0,200.0,0.0,100.0,9007.0,100.0,51060033192.0,100.0,121378412836.0
2018-11-11,ZCH06FX1,ST12000NM0007,12000138625024,0,82,149475624,98.0,0.0,100.0,2.0,100.0,0.0,85.0,345227993.0,90,9104,100.0,0.0,100,1,,,,,100.0,0.0,100.0,0.0,,,70.0,30.0,,,100.0,76.0,100.0,461.0,30,30,100.0,0.0,100.0,0.0,200.0,0.0,100.0,9031.0,100.0,51163583776.0,100.0,121593427132.0
2018-11-12,ZCH06FX1,ST12000NM0007,12000138625024,0,83,186490928,98.0,0.0,100.0,2.0,100.0,0.0,85.0,348946893.0,90,9128,100.0,0.0,100,1,,,,,100.0,0.0,100.0,0.0,,,70.0,30.0,,,100.0,77.0,100.0,462.0,30,30,100.0,0.0,100.0,0.0,200.0,0.0,100.0,9055.0,100.0,51252836616.0,100.0,121785330348.0
2018-11-13,ZCH06FX1,ST12000NM0007,12000138625024,0,83,190099384,98.0,0.0,100.0,2.0,100.0,0.0,85.0,352287905.0,90,9147,100.0,0.0,100,1,,,,,100.0,0.0,100.0,0.0,,,70.0,30.0,,,100.0,78.0,100.0,463.0,30,30,100.0,0.0,100.0,0.0,200.0,0.0,100.0,9074.0,100.0,51332269312.0,100.0,121953646940.0
2018-11-14,ZCH06FX1,ST12000NM0007,12000138625024,0,100,1099640,98.0,0.0,100.0,2.0,100.0,0.0,86.0,356947566.0,90,9171,100.0,0.0,100,1,,,,,100.0,0.0,100.0,0.0,,,68.0,32.0,,,100.0,78.0,100.0,464.0,32,32,100.0,0.0,100.0,0.0,200.0,0.0,100.0,9097.0,100.0,51438620888.0,100.0,122146577068.0
2018-11-15,ZCH06FX1,ST12000NM0007,12000138625024,0,74,23394752,98.0,0.0,100.0,2.0,100.0,0.0,86.0,360317548.0,90,9195,100.0,0.0,100,1,,,,,100.0,0.0,100.0,0.0,,,69.0,31.0,,,100.0,79.0,100.0,465.0,31,31,100.0,0.0,100.0,0.0,200.0,0.0,100.0,9121.0,100.0,51539108352.0,100.0,122312525348.0
2018-11-16,ZCH06FX1,ST12000NM0007,12000138625024,0,76,35673664,98.0,0.0,100.0,2.0,100.0,0.0,86.0,363604578.0,90,9219,100.0,0.0,100,1,,,,,100.0,0.0,100.0,0.0,,,69.0,31.0,,,100.0,79.0,100.0,466.0,31,31,100.0,0.0,100.0,0.0,200.0,0.0,100.0,9146.0,100.0,51620498784.0,100.0,122487554604.0
2018-11-17,ZCH06FX1,ST12000NM0007,12000138625024,0,67.0,5114304.0,98.0,0.0,100.0,2.0,100.0,0.0,86.0,366502637.0,90.0,9243.0,100.0,0.0,100.0,1.0,,,,,100.0,0.0,100.0,0.0,,,69.0,31.0,,,100.0,79.0,100.0,466.0,31.0,31.0,100.0,0.0,100.0,0.0,200.0,0.0,100.0,9169.0,100.0,51698976152.0,100.0,122622658508.0
2018-11-18,ZCH06FX1,ST12000NM0007,12000138625024,0,83,217935664,98.0,0.0,100.0,2.0,100.0,0.0,86.0,369695099.0,90,9267,100.0,0.0,100,1,,,,,100.0,0.0,100.0,0.0,,,69.0,31.0,,,100.0,79.0,100.0,467.0,31,31,100.0,0.0,100.0,0.0,200.0,0.0,100.0,9194.0,100.0,51752615832.0,100.0,122781840188.0
2018-11-19,ZCH06FX1,ST12000NM0007,12000138625024,0,84,238408976,98.0,0.0,100.0,2.0,100.0,0.0,86.0,372533607.0,90,9291,100.0,0.0,100,1,,,,,100.0,0.0,100.0,0.0,,,69.0,31.0,,,100.0,79.0,100.0,469.0,31,31,100.0,0.0,100.0,0.0,200.0,0.0,100.0,9217.0,100.0,51839007392.0,100.0,122960062876.0
2018-11-20,ZCH06FX1,ST12000NM0007,12000138625024,0,75,30980176,98.0,0.0,100.0,2.0,100.0,0.0,86.0,376145534.0,90,9315,100.0,0.0,100,1,,,,,100.0,0.0,100.0,0.0,,,69.0,31.0,,,100.0,79.0,100.0,469.0,31,31,100.0,0.0,100.0,0.0,200.0,0.0,100.0,9241.0,100.0,51937951384.0,100.0,123141972636.0
2018-11-21,ZCH06FX1,ST12000NM0007,12000138625024,0,75,30513184,98.0,0.0,100.0,2.0,100.0,0.0,86.0,378689969.0,90,9338,100.0,0.0,100,1,,,,,100.0,0.0,100.0,0.0,,,69.0,31.0,,,100.0,80.0,100.0,470.0,31,31,100.0,0.0,100.0,0.0,200.0,0.0,100.0,9264.0,100.0,52011384752.0,100.0,123312212948.0
2018-11-22,ZCH06FX1,ST12000NM0007,12000138625024,0,74,27065200,98.0,0.0,100.0,2.0,100.0,0.0,86.0,381347716.0,90,9362,100.0,0.0,100,1,,,,,100.0,0.0,100.0,0.0,,,69.0,31.0,,,100.0,80.0,100.0,471.0,31,31,100.0,0.0,100.0,0.0,200.0,0.0,100.0,9288.0,100.0,52078390784.0,100.0,123485899740.0
2018-11-23,ZCH06FX1,ST12000NM0007,12000138625024,0,77,47180272,98.0,0.0,100.0,2.0,100.0,0.0,86.0,384221950.0,90,9387,100.0,0.0,100,1,,,,,100.0,0.0,100.0,0.0,,,67.0,33.0,,,100.0,80.0,100.0,473.0,33,33,100.0,0.0,100.0,0.0,200.0,0.0,100.0,9313.0,100.0,52152284936.0,100.0,123676261468.0
2018-11-24,ZCH06FX1,ST12000NM0007,12000138625024,0,77,44843808,98.0,0.0,100.0,2.0,100.0,0.0,86.0,386800205.0,90,9411,100.0,0.0,100,1,,,,,100.0,0.0,100.0,0.0,,,68.0,32.0,,,100.0,80.0,100.0,474.0,32,32,100.0,0.0,100.0,0.0,200.0,0.0,100.0,9336.0,100.0,52212593984.0,100.0,123857756668.0
2018-11-25,ZCH06FX1,ST12000NM0007,12000138625024,0,78,57620160,98.0,0.0,100.0,2.0,100.0,0.0,86.0,390088227.0,90,9435,100.0,0.0,100,1,,,,,100.0,0.0,100.0,0.0,,,67.0,33.0,,,100.0,81.0,100.0,475.0,33,33,100.0,0.0,100.0,0.0,200.0,0.0,100.0,9361.0,100.0,52268375960.0,100.0,124058891676.0
2018-11-26,ZCH06FX1,ST12000NM0007,12000138625024,0,77,54716392,98.0,0.0,100.0,2.0,100.0,0.0,86.0,392698578.0,90,9458,100.0,0.0,100,1,,,,,100.0,0.0,100.0,0.0,,,67.0,33.0,,,100.0,82.0,100.0,476.0,33,33,100.0,0.0,100.0,0.0,200.0,0.0,100.0,9384.0,100.0,52319776848.0,100.0,124248727876.0
2018-11-27,ZCH06FX1,ST12000NM0007,12000138625024,0,77,46463784,98.0,0.0,100.0,2.0,100.0,0.0,86.0,395847290.0,90,9483,100.0,0.0,100,1,,,,,100.0,0.0,100.0,0.0,,,67.0,33.0,,,100.0,83.0,100.0,477.0,33,33,100.0,0.0,100.0,0.0,200.0,0.0,100.0,9408.0,100.0,52373455056.0,100.0,124430937916.0
2018-11-28,ZCH06FX1,ST12000NM0007,12000138625024,0,71,12858616,98.0,0.0,100.0,2.0,100.0,0.0,86.0,398204944.0,90,9506,100.0,0.0,100,1,,,,,100.0,0.0,100.0,0.0,,,67.0,33.0,,,100.0,83.0,100.0,478.0,33,33,100.0,0.0,100.0,0.0,200.0,0.0,100.0,9431.0,100.0,52432550664.0,100.0,124582377868.0
2018-11-29,ZCH06FX1,ST12000NM0007,12000138625024,0,83,211080920,98.0,0.0,100.0,2.0,100.0,0.0,86.0,400801811.0,90,9531,100.0,0.0,100,1,,,,,100.0,0.0,100.0,0.0,,,70.0,30.0,,,100.0,83.0,100.0,479.0,30,30,100.0,0.0,100.0,0.0,200.0,0.0,100.0,9456.0,100.0,52487394624.0,100.0,124725756212.0
2018-11-30,ZCH06FX1,ST12000NM0007,12000138625024,0,82,141818968,98.0,0.0,100.0,2.0,100.0,0.0,86.0,403308740.0,90,9555,100.0,0.0,100,1,,,,,100.0,0.0,100.0,0.0,,,71.0,29.0,,,100.0,83.0,100.0,480.0,29,29,100.0,0.0,100.0,0.0,200.0,0.0,100.0,9480.0,100.0,52547842536.0,100.0,124840187084.0
2018-12-01,ZCH06FX1,ST12000NM0007,12000138625024,0,80,93827128,98.0,0.0,100.0,2.0,100.0,0.0,86.0,405946107.0,90,9579,100.0,0.0,100,1,,,,,100.0,0.0,100.0,0.0,,,71.0,29.0,,,100.0,83.0,100.0,481.0,29,29,100.0,0.0,100.0,0.0,200.0,0.0,100.0,9504.0,100.0,52622063984.0,100.0,124962114580.0
2018-12-02,ZCH06FX1,ST12000NM0007,12000138625024,0,80,109514424,98.0,0.0,100.0,2.0,100.0,0.0,86.0,410461366.0,90,9602,100.0,0.0,100,1,,,,,100.0,0.0,100.0,0.0,,,71.0,29.0,,,100.0,84.0,100.0,482.0,29,29,100.0,0.0,100.0,0.0,200.0,0.0,100.0,9527.0,100.0,52692118816.0,100.0,125151887684.0
2018-12-03,ZCH06FX1,ST12000NM0007,12000138625024,0,79,80593264,98.0,0.0,100.0,2.0,100.0,0.0,86.0,413234251.0,90,9627,100.0,0.0,100,1,,,,,100.0,0.0,100.0,0.0,,,71.0,29.0,,,100.0,84.0,100.0,483.0,29,29,100.0,0.0,100.0,0.0,200.0,0.0,100.0,9552.0,100.0,52771634672.0,100.0,125287591460.0
2018-12-04,ZCH06FX1,ST12000NM0007,12000138625024,0,78,68835848,98.0,0.0,100.0,2.0,100.0,0.0,86.0,416728294.0,89,9651,100.0,0.0,100,1,,,,,100.0,0.0,100.0,0.0,,,71.0,29.0,,,100.0,85.0,100.0,484.0,29,29,100.0,0.0,100.0,0.0,200.0,0.0,100.0,9575.0,100.0,52843415744.0,100.0,125448193812.0
2018-12-05,ZCH06FX1,ST12000NM0007,12000138625024,0,68.0,6610600.0,98.0,0.0,100.0,2.0,100.0,0.0,86.0,419248523.0,89.0,9675.0,100.0,0.0,100.0,1.0,,,,,100.0,0.0,100.0,0.0,,,71.0,29.0,,,100.0,86.0,100.0,485.0,29.0,29.0,100.0,0.0,100.0,0.0,200.0,0.0,100.0,9600.0,100.0,52912410312.0,100.0,125561114732.0
2018-12-06,ZCH06FX1,ST12000NM0007,12000138625024,0,84,229467168,98.0,0.0,100.0,2.0,100.0,0.0,86.0,422481273.0,89,9706,100.0,0.0,100,1,,,,,100.0,0.0,100.0,0.0,,,71.0,29.0,,,100.0,87.0,100.0,486.0,29,29,100.0,0.0,100.0,0.0,200.0,0.0,100.0,9630.0,100.0,53007115872.0,100.0,125689265740.0
2018-12-07,ZCH06FX1,ST12000NM0007,12000138625024,0,83,195875752,98.0,0.0,100.0,2.0,100.0,0.0,86.0,425251913.0,89,9730,100.0,0.0,100,1,,,,,100.0,0.0,100.0,0.0,,,71.0,29.0,,,100.0,88.0,100.0,487.0,29,29,100.0,0.0,100.0,0.0,200.0,0.0,100.0,9654.0,100.0,53059611416.0,100.0,125847319908.0
2018-12-08,ZCH06FX1,ST12000NM0007,12000138625024,0,82,146287072,98.0,0.0,100.0,2.0,100.0,0.0,86.0,427860013.0,89,9754,100.0,0.0,100,1,,,,,100.0,0.0,100.0,0.0,,,71.0,29.0,,,100.0,88.0,100.0,488.0,29,29,100.0,0.0,100.0,0.0,200.0,0.0,100.0,9679.0,100.0,53116159024.0,100.0,125985324252.0
2018-12-09,ZCH06FX1,ST12000NM0007,12000138625024,0,82,142951072,98.0,0.0,100.0,2.0,100.0,0.0,86.0,431597828.0,89,9778,100.0,0.0,100,1,,,,,100.0,0.0,100.0,0.0,,,71.0,29.0,,,100.0,88.0,100.0,489.0,29,29,100.0,0.0,100.0,0.0,200.0,0.0,100.0,9703.0,100.0,53191865512.0,100.0,126150422436.0
2018-12-10,ZCH06FX1,ST12000NM0007,12000138625024,0,80,109909416,98.0,0.0,100.0,2.0,100.0,0.0,86.0,434344955.0,89,9802,100.0,0.0,100,1,,,,,100.0,0.0,100.0,0.0,,,71.0,29.0,,,100.0,89.0,100.0,490.0,29,29,100.0,0.0,100.0,0.0,200.0,0.0,100.0,9726.0,100.0,53241143104.0,100.0,126312243956.0
2018-12-11,ZCH06FX1,ST12000NM0007,12000138625024,0,77,55868696,98.0,0.0,100.0,2.0,100.0,0.0,86.0,437756533.0,89,9827,100.0,0.0,100,1,,,,,100.0,0.0,100.0,0.0,,,71.0,29.0,,,100.0,90.0,100.0,491.0,29,29,100.0,0.0,100.0,0.0,200.0,0.0,100.0,9751.0,100.0,53292321776.0,100.0,126451165196.0
2018-12-12,ZCH06FX1,ST12000NM0007,12000138625024,0,76,41835072,98.0,0.0,100.0,2.0,100.0,0.0,86.0,440578882.0,89,9849,100.0,0.0,100,1,,,,,100.0,0.0,100.0,0.0,,,71.0,29.0,,,100.0,91.0,100.0,492.0,29,29,100.0,0.0,100.0,0.0,200.0,0.0,100.0,9773.0,100.0,53348772728.0,100.0,126624821340.0
2018-12-13,ZCH06FX1,ST12000NM0007,12000138625024,0,76,43359712,98.0,0.0,100.0,2.0,100.0,0.0,86.0,443575771.0,89,9874,100.0,0.0,100,1,,,,,100.0,0.0,100.0,0.0,,,70.0,30.0,,,100.0,91.0,100.0,493.0,30,30,100.0,0.0,100.0,0.0,200.0,0.0,100.0,9798.0,100.0,53409554200.0,100.0,126809705156.0
2018-12-14,ZCH06FX1,ST12000NM0007,12000138625024,0,77,48864944,98.0,0.0,100.0,2.0,100.0,0.0,86.0,446585690.0,89,9899,100.0,0.0,100,1,,,,,100.0,0.0,100.0,0.0,,,70.0,30.0,,,100.0,91.0,100.0,494.0,30,30,100.0,0.0,100.0,0.0,200.0,0.0,100.0,9822.0,100.0,53471727480.0,100.0,126997177852.0
2018-12-15,ZCH06FX1,ST12000NM0007,12000138625024,0,77,46316808,98.0,0.0,100.0,2.0,100.0,0.0,87.0,449402630.0,89,9922,100.0,0.0,100,1,,,,,100.0,0.0,100.0,0.0,,,70.0,30.0,,,100.0,92.0,100.0,495.0,30,30,100.0,0.0,100.0,0.0,200.0,0.0,100.0,9846.0,100.0,53530853184.0,100.0,127179644684.0
2018-12-16,ZCH06FX1,ST12000NM0007,12000138625024,0,77,52123464,98.0,0.0,100.0,2.0,100.0,0.0,87.0,452962462.0,89,9946,100.0,0.0,100,1,,,,,100.0,0.0,100.0,0.0,,,70.0,30.0,,,100.0,92.0,100.0,496.0,30,30,100.0,0.0,100.0,0.0,200.0,0.0,100.0,9870.0,100.0,53601100376.0,100.0,127359344860.0
2018-12-17,ZCH06FX1,ST12000NM0007,12000138625024,0,78,66228024,98.0,0.0,100.0,2.0,100.0,0.0,87.0,455734705.0,89,9970,100.0,0.0,100,1,,,,,100.0,0.0,100.0,0.0,,,70.0,30.0,,,100.0,92.0,100.0,497.0,30,30,100.0,0.0,100.0,0.0,200.0,0.0,100.0,9893.0,100.0,53663674792.0,100.0,127555015652.0
2018-12-18,ZCH06FX1,ST12000NM0007,12000138625024,0,78,70282416,98.0,0.0,100.0,2.0,100.0,0.0,87.0,459531191.0,89,9994,100.0,0.0,100,1,,,,,100.0,0.0,100.0,0.0,,,69.0,31.0,,,100.0,93.0,100.0,498.0,31,31,100.0,0.0,100.0,0.0,200.0,0.0,100.0,9917.0,100.0,53739055272.0,100.0,127727830388.0
2018-12-19,ZCH06FX1,ST12000NM0007,12000138625024,0,78,70163360,98.0,0.0,100.0,2.0,100.0,0.0,87.0,463552318.0,89,10018,100.0,0.0,100,1,,,,,100.0,0.0,100.0,0.0,,,70.0,30.0,,,100.0,94.0,100.0,499.0,30,30,100.0,0.0,100.0,0.0,200.0,0.0,100.0,9942.0,100.0,53809697280.0,100.0,127901209988.0
2018-12-20,ZCH06FX1,ST12000NM0007,12000138625024,0,84,236243200,98.0,0.0,100.0,2.0,100.0,0.0,87.0,465985843.0,89,10042,100.0,0.0,100,1,,,,,100.0,0.0,100.0,0.0,,,70.0,30.0,,,100.0,94.0,100.0,500.0,30,30,100.0,0.0,100.0,0.0,200.0,0.0,100.0,9965.0,100.0,53865716960.0,100.0,128011270148.0
2018-12-21,ZCH06FX1,ST12000NM0007,12000138625024,0,82,168496184,98.0,0.0,100.0,2.0,100.0,0.0,87.0,468552230.0,89,10065,100.0,0.0,100,1,,,,,100.0,0.0,100.0,0.0,,,70.0,30.0,,,100.0,94.0,100.0,501.0,30,30,100.0,0.0,100.0,0.0,200.0,0.0,100.0,9988.0,100.0,53929339392.0,100.0,128124041332.0
2018-12-22,ZCH06FX1,ST12000NM0007,12000138625024,0,81,139600528,98.0,0.0,100.0,2.0,100.0,0.0,87.0,471338005.0,89,10090,100.0,0.0,100,1,,,,,100.0,0.0,100.0,0.0,,,70.0,30.0,,,100.0,94.0,100.0,502.0,30,30,100.0,0.0,100.0,0.0,200.0,0.0,100.0,10013.0,100.0,53997757720.0,100.0,128270868044.0
2018-12-23,ZCH06FX1,ST12000NM0007,12000138625024,0,80,108740984,98.0,0.0,100.0,2.0,100.0,0.0,87.0,474848435.0,89,10113,100.0,0.0,100,1,,,,,100.0,0.0,100.0,0.0,,,70.0,30.0,,,100.0,94.0,100.0,503.0,30,30,100.0,0.0,100.0,0.0,200.0,0.0,100.0,10036.0,100.0,54066978744.0,100.0,128414928196.0
2018-12-24,ZCH06FX1,ST12000NM0007,12000138625024,0,81,124000488,98.0,0.0,100.0,2.0,100.0,0.0,87.0,477934479.0,89,10138,100.0,0.0,100,1,,,,,100.0,0.0,100.0,0.0,,,70.0,30.0,,,100.0,94.0,100.0,504.0,30,30,100.0,0.0,100.0,0.0,200.0,0.0,100.0,10061.0,100.0,54118526520.0,100.0,128622780556.0
2018-12-25,ZCH06FX1,ST12000NM0007,12000138625024,0,82,169899368,98.0,0.0,100.0,2.0,100.0,0.0,87.0,481728344.0,89,10163,100.0,0.0,100,1,,,,,100.0,0.0,100.0,0.0,,,70.0,30.0,,,100.0,95.0,100.0,505.0,30,30,100.0,0.0,100.0,0.0,200.0,0.0,100.0,10085.0,100.0,54167571928.0,100.0,128863774844.0
2018-12-26,ZCH06FX1,ST12000NM0007,12000138625024,0,80,90444560,98.0,0.0,100.0,2.0,100.0,0.0,87.0,483793766.0,89,10186,100.0,0.0,100,1,,,,,100.0,0.0,100.0,0.0,,,71.0,29.0,,,100.0,96.0,100.0,506.0,29,29,100.0,0.0,100.0,0.0,200.0,0.0,100.0,10108.0,100.0,54206020360.0,100.0,128990012484.0
2018-12-27,ZCH06FX1,ST12000NM0007,12000138625024,0,66,3821408,98.0,0.0,100.0,2.0,100.0,0.0,87.0,485846263.0,89,10211,100.0,0.0,100,1,,,,,100.0,0.0,100.0,0.0,,,70.0,30.0,,,100.0,97.0,100.0,507.0,30,30,100.0,0.0,100.0,0.0,200.0,0.0,100.0,10133.0,100.0,54246422208.0,100.0,129107128116.0
2018-12-28,ZCH06FX1,ST12000NM0007,12000138625024,0,83,202723720,98.0,0.0,100.0,2.0,100.0,0.0,87.0,488308277.0,89,10235,100.0,0.0,100,1,,,,,100.0,0.0,100.0,0.0,,,71.0,29.0,,,100.0,98.0,100.0,508.0,29,29,100.0,0.0,100.0,0.0,200.0,0.0,100.0,10157.0,100.0,54294346264.0,100.0,129258106372.0
2018-12-29,ZCH06FX1,ST12000NM0007,12000138625024,0,80,98773416,98.0,0.0,100.0,2.0,100.0,0.0,87.0,490244625.0,89,10258,100.0,0.0,100,1,,,,,100.0,0.0,100.0,0.0,,,71.0,29.0,,,100.0,98.0,100.0,509.0,29,29,100.0,0.0,100.0,0.0,200.0,0.0,100.0,10181.0,100.0,54345304888.0,100.0,129347338140.0
2018-12-30,ZCH06FX1,ST12000NM0007,12000138625024,0,76,41561008,98.0,0.0,100.0,2.0,100.0,0.0,87.0,493282587.0,89,10281,100.0,0.0,100,1,,,,,100.0,0.0,100.0,0.0,,,71.0,29.0,,,100.0,98.0,100.0,510.0,29,29,100.0,0.0,100.0,0.0,200.0,0.0,100.0,10204.0,100.0,54391569680.0,100.0,129488001804.0
2018-12-31,ZCH06FX1,ST12000NM0007,12000138625024,0,84,237167480,98.0,0.0,100.0,2.0,100.0,0.0,87.0,495913296.0,89,10307,100.0,0.0,100,1,,,,,100.0,0.0,100.0,0.0,,,70.0,30.0,,,100.0,99.0,100.0,511.0,30,30,100.0,0.0,100.0,0.0,200.0,0.0,100.0,10229.0,100.0,54462961912.0,100.0,129612216044.0
