2018-01-06,ZCH0BS96,ST12000NM0007,12000138625024,0,81,134455488,97,0,100,2,100,0,62,1758728,100,287,100,0,100,2,,,,,100.0,0.0,100.0,0.0,,,77.0,23.0,,,100.0,0.0,100.0,555.0,23,23,100,0,100,0,200,0,100.0,24.0,100.0,599337120.0,100.0,267565314.0
2018-01-07,ZCH0BS96,ST12000NM0007,12000138625024,0,82,153285714,97,0,100,2,100,0,63,1960237,100,312,100,0,100,2,,,,,100.0,0.0,100.0,0.0,,,77.0,23.0,,,100.0,1.0,100.0,556.0,23,23,100,0,100,0,200,0,100.0,48.0,100.0,617941888.0,100.0,267790772.0
2018-01-08,ZCH0BS96,ST12000NM0007,12000138625024,0,75,31059608,97,0,100,2,100,0,65,2947757,100,339,100,0,100,2,,,,,100.0,0.0,100.0,0.0,,,76.0,24.0,,,100.0,1.0,100.0,557.0,24,24,100,0,100,0,200,0,100.0,75.0,100.0,692408016.0,100.0,315239278.0
2018-01-09,ZCH0BS96,ST12000NM0007,12000138625024,0,84,232501032,97,0,100,2,100,0,68,5777844,100,363,100,0,100,2,,,,,100.0,0.0,100.0,0.0,,,76.0,24.0,,,100.0,1.0,100.0,558.0,24,24,100,0,100,0,200,0,100.0,99.0,100.0,931920608.0,100.0,521309030.0
2018-01-10,ZCH0BS96,ST12000NM0007,12000138625024,0,77,46286608,97,0,100,2,100,0,69,8784830,100,383,100,0,100,2,,,,,100.0,0.0,100.0,0.0,,,74.0,26.0,,,100.0,1.0,100.0,559.0,26,26,100,0,100,0,200,0,100.0,119.0,100.0,1206244168.0,100.0,793193598.0
2018-01-11,ZCH0BS96,ST12000NM0007,12000138625024,0,82,162248152,97,0,100,2,100,0,71,12672450,100,412,100,0,100,2,,,,,100.0,0.0,100.0,0.0,,,70.0,30.0,,,100.0,1.0,100.0,560.0,30,30,100,0,100,0,200,0,100.0,147.0,100.0,1492675352.0,100.0,1111005326.0
2018-01-12,ZCH0BS96,ST12000NM0007,12000138625024,0,79,86841664,97,0,100,2,100,0,72,16452891,100,436,100,0,100,2,,,,,100.0,0.0,100.0,0.0,,,71.0,29.0,,,100.0,1.0,100.0,561.0,29,29,100,0,100,0,200,0,100.0,172.0,100.0,1837814104.0,100.0,1422882574.0
2018-01-13,ZCH0BS96,ST12000NM0007,12000138625024,0,83.0,180677376.0,97.0,0.0,100.0,2.0,100,0,73.0,19936893.0,100,459,100.0,0.0,100,2,,,,,100.0,0.0,100.0,0.0,,,71.0,29.0,,,100.0,1.0,100.0,562.0,29.0,29.0,100.0,0.0,100.0,0.0,200,0,100.0,195.0,100.0,2145389920.0,100.0,1697424110.0
2018-01-14,ZCH0BS96,ST12000NM0007,12000138625024,0,83.0,183755232.0,97.0,0.0,100.0,2.0,100,0,74.0,23949906.0,100,484,100.0,0.0,100,2,,,,,100.0,0.0,100.0,0.0,,,71.0,29.0,,,100.0,1.0,100.0,563.0,29.0,29.0,100.0,0.0,100.0,0.0,200,0,100.0,220.0,100.0,2520922632.0,100.0,2057391398.0
2018-01-15,ZCH0BS96,ST12000NM0007,12000138625024,0,80.0,105776672.0,97.0,0.0,100.0,2.0,100,0,74.0,27618314.0,100,508,100.0,0.0,100,2,,,,,100.0,0.0,100.0,0.0,,,71.0,29.0,,,100.0,1.0,100.0,564.0,29.0,29.0,100.0,0.0,100.0,0.0,200,0,100.0,243.0,100.0,2864569752.0,100.0,2368187934.0
2018-01-16,ZCH0BS96,ST12000NM0007,12000138625024,0,72.0,14432048.0,97.0,0.0,100.0,2.0,100,0,75.0,31417618.0,100,532,100.0,0.0,100,2,,,,,100.0,0.0,100.0,0.0,,,71.0,29.0,,,100.0,1.0,100.0,565.0,29.0,29.0,100.0,0.0,100.0,0.0,200,0,100.0,268.0,100.0,3191413016.0,100.0,2682422350.0
2018-01-17,ZCH0BS96,ST12000NM0007,12000138625024,0,83.0,182071856.0,97.0,0.0,100.0,2.0,100,0,75.0,35268919.0,100,557,100.0,0.0,100,2,,,,,100.0,0.0,100.0,0.0,,,72.0,28.0,,,100.0,1.0,100.0,566.0,28.0,28.0,100.0,0.0,100.0,0.0,200,0,100.0,292.0,100.0,3538195416.0,100.0,2991561182.0
2018-01-18,ZCH0BS96,ST12000NM0007,12000138625024,0,76.0,37908504.0,97.0,0.0,100.0,2.0,100.0,0.0,76.0,37330375.0,100.0,571.0,100.0,0.0,100.0,2.0,,,,,100.0,0.0,100.0,0.0,,,72.0,28.0,,,100.0,1.0,100.0,567.0,28.0,28.0,100.0,0.0,100.0,0.0,200.0,0.0,100.0,307.0,100.0,3707384168.0,100.0,3166490886.0
2018-01-19,ZCH0BS96,ST12000NM0007,12000138625024,0,82.0,174694392.0,97.0,0.0,100.0,2.0,100.0,0.0,76.0,40865425.0,100.0,594.0,100.0,0.0,100.0,2.0,,,,,100.0,0.0,100.0,0.0,,,72.0,28.0,,,100.0,1.0,100.0,568.0,28.0,28.0,100.0,0.0,100.0,0.0,200.0,0.0,100.0,330.0,100.0,4011199464.0,100.0,3487743062.0
2018-01-20,ZCH0BS96,ST12000NM0007,12000138625024,0,82.0,175591680.0,97.0,0.0,100.0,2.0,100,0,77.0,44846787.0,100,619,100.0,0.0,100,2,,,,,100.0,0.0,100.0,0.0,,,72.0,28.0,,,100.0,1.0,100.0,569.0,28.0,28.0,100.0,0.0,100.0,0.0,200,0,100.0,355.0,100.0,4375381552.0,100.0,3856880894.0
2018-01-21,ZCH0BS96,ST12000NM0007,12000138625024,0,81.0,114999312.0,97.0,0.0,100.0,2.0,100,0,77.0,48545265.0,100,643,100.0,0.0,100,2,,,,,100.0,0.0,100.0,0.0,,,72.0,28.0,,,100.0,2.0,100.0,570.0,28.0,28.0,100.0,0.0,100.0,0.0,200,0,100.0,378.0,100.0,4698661880.0,100.0,4205431230.0
2018-01-22,ZCH0BS96,ST12000NM0007,12000138625024,0,78.0,57343360.0,97.0,0.0,100.0,2.0,100,0,77.0,52315476.0,100,667,100.0,0.0,100,2,,,,,100.0,0.0,100.0,0.0,,,72.0,28.0,,,100.0,2.0,100.0,571.0,28.0,28.0,100.0,0.0,100.0,0.0,200,0,100.0,402.0,100.0,5033972008.0,100.0,4544887574.0
2018-01-23,ZCH0BS96,ST12000NM0007,12000138625024,0,83.0,208450896.0,97.0,0.0,100.0,2.0,100,0,77.0,55988989.0,100,691,100.0,0.0,100,2,,,,,100.0,0.0,100.0,0.0,,,73.0,27.0,,,100.0,2.0,100.0,572.0,27.0,27.0,100.0,0.0,100.0,0.0,200,0,100.0,425.0,100.0,5364089344.0,100.0,4854159366.0
2018-01-24,ZCH0BS96,ST12000NM0007,12000138625024,0,80.0,108522184.0,97.0,0.0,100.0,2.0,100,0,78.0,61098681.0,100,724,100.0,0.0,100,2,,,,,100.0,0.0,100.0,0.0,,,72.0,28.0,,,100.0,2.0,100.0,574.0,28.0,28.0,100.0,0.0,100.0,0.0,200,0,100.0,458.0,100.0,5785504160.0,100.0,5309379078.0
2018-01-25,ZCH0BS96,ST12000NM0007,12000138625024,0,77.0,45713944.0,97.0,0.0,100.0,2.0,100,0,78.0,63576284.0,100,740,100.0,0.0,100,2,,,,,100.0,0.0,100.0,0.0,,,73.0,27.0,,,100.0,2.0,100.0,575.0,27.0,27.0,100.0,0.0,100.0,0.0,200,0,100.0,474.0,100.0,6004892032.0,100.0,5515464310.0
2018-01-26,ZCH0BS96,ST12000NM0007,12000138625024,0,72.0,15092488.0,97.0,0.0,100.0,2.0,100,0,78.0,67503089.0,100,764,100.0,0.0,100,2,,,,,100.0,0.0,100.0,0.0,,,72.0,28.0,,,100.0,2.0,100.0,576.0,28.0,28.0,100.0,0.0,100.0,0.0,200,0,100.0,498.0,100.0,6352134496.0,100.0,5870022862.0
2018-01-27,ZCH0BS96,ST12000NM0007,12000138625024,0,83.0,215986200.0,97.0,0.0,100.0,2.0,100,0,79.0,71527105.0,100,788,100.0,0.0,100,2,,,,,100.0,0.0,100.0,0.0,,,73.0,27.0,,,100.0,2.0,100.0,578.0,27.0,27.0,100.0,0.0,100.0,0.0,200,0,100.0,522.0,100.0,6710422936.0,100.0,6200910766.0
2018-01-28,ZCH0BS96,ST12000NM0007,12000138625024,0,82.0,164825752.0,97.0,0.0,100.0,2.0,100,0,79.0,75406712.0,100,812,100.0,0.0,100,2,,,,,100.0,0.0,100.0,0.0,,,72.0,28.0,,,100.0,2.0,100.0,579.0,28.0,28.0,100.0,0.0,100.0,0.0,200,0,100.0,546.0,100.0,7066643176.0,100.0,6525952638.0
2018-01-29,ZCH0BS96,ST12000NM0007,12000138625024,0,80.0,105461280.0,97.0,0.0,100.0,2.0,100,0,79.0,79326426.0,100,836,100.0,0.0,100,2,,,,,100.0,0.0,100.0,0.0,,,73.0,27.0,,,100.0,2.0,100.0,580.0,27.0,27.0,100.0,0.0,100.0,0.0,200,0,100.0,570.0,100.0,7416883424.0,100.0,6848770414.0
2018-01-30,ZCH0BS96,ST12000NM0007,12000138625024,0,77.0,49778088.0,97.0,0.0,100.0,2.0,100,0,79.0,84643181.0,100,868,100.0,0.0,100,2,,,,,100.0,0.0,100.0,0.0,,,72.0,28.0,,,100.0,2.0,100.0,581.0,28.0,28.0,100.0,0.0,100.0,0.0,200,0,100.0,602.0,100.0,7883139456.0,100.0,7303393902.0
2018-01-31,ZCH0BS96,ST12000NM0007,12000138625024,0,72.0,15765192.0,97.0,0.0,100.0,2.0,100.0,0.0,79.0,88670880.0,99.0,892.0,100.0,0.0,100.0,2.0,,,,,100.0,0.0,100.0,0.0,,,71.0,29.0,,,100.0,2.0,100.0,582.0,29.0,29.0,100.0,0.0,100.0,0.0,200.0,0.0,100.0,625.0,100.0,8241117840.0,100.0,7643825142.0
2018-02-01,ZCH0BS96,ST12000NM0007,12000138625024,0,83.0,207605552.0,97.0,0.0,100.0,2.0,100,0,80.0,92713311.0,99,917,100.0,0.0,100,2,,,,,100.0,0.0,100.0,0.0,,,72.0,28.0,,,100.0,2.0,100.0,583.0,28.0,28.0,100.0,0.0,100.0,0.0,200,0,100.0,651.0,100.0,8588233232.0,100.0,7976831558.0
2018-02-02,ZCH0BS96,ST12000NM0007,12000138625024,0,80.0,111946800.0,97.0,0.0,100.0,2.0,100,0,80.0,96375101.0,99,939,100.0,0.0,100,2,,,,,100.0,0.0,100.0,0.0,,,73.0,27.0,,,100.0,2.0,100.0,584.0,27.0,27.0,100.0,0.0,100.0,0.0,200,0,100.0,673.0,100.0,8908113928.0,100.0,8293714390.0
2018-02-03,ZCH0BS96,ST12000NM0007,12000138625024,0,77.0,51649400.0,97.0,0.0,100.0,2.0,100,0,80.0,100283230.0,99,963,100.0,0.0,100,2,,,,,100.0,0.0,100.0,0.0,,,72.0,28.0,,,100.0,2.0,100.0,585.0,28.0,28.0,100.0,0.0,100.0,0.0,200,0,100.0,697.0,100.0,9248418136.0,100.0,8625535166.0
2018-02-04,ZCH0BS96,ST12000NM0007,12000138625024,0,81.0,130672040.0,97.0,0.0,100.0,2.0,100,0,80.0,103573659.0,99,984,100.0,0.0,100,2,,,,,100.0,0.0,100.0,0.0,,,72.0,28.0,,,100.0,2.0,100.0,586.0,28.0,28.0,100.0,0.0,100.0,0.0,200,0,100.0,717.0,100.0,9533219648.0,100.0,8908037782.0
2018-02-05,ZCH0BS96,ST12000NM0007,12000138625024,0,81.0,120632520.0,97.0,0.0,100.0,2.0,100,0,80.0,107651487.0,99,1008,100.0,0.0,100,2,,,,,100.0,0.0,100.0,0.0,,,72.0,28.0,,,100.0,2.0,100.0,587.0,28.0,28.0,100.0,0.0,100.0,0.0,200,0,100.0,741.0,100.0,9898438232.0,100.0,9265201742.0
2018-02-06,ZCH0BS96,ST12000NM0007,12000138625024,0,80.0,111261944.0,97.0,0.0,100.0,2.0,100,0,80.0,111760027.0,99,1032,100.0,0.0,100,2,,,,,100.0,0.0,100.0,0.0,,,72.0,28.0,,,100.0,2.0,100.0,588.0,28.0,28.0,100.0,0.0,100.0,0.0,200,0,100.0,766.0,100.0,10265146464.0,100.0,9621545334.0
2018-02-07,ZCH0BS96,ST12000NM0007,12000138625024,0,79.0,81769480.0,97.0,0.0,100.0,2.0,100,0,81.0,115796285.0,99,1057,100.0,0.0,100,2,,,,,100.0,0.0,100.0,0.0,,,71.0,29.0,,,100.0,2.0,100.0,589.0,29.0,29.0,100.0,0.0,100.0,0.0,200,0,100.0,790.0,100.0,10621697136.0,100.0,9967924374.0
2018-02-08,ZCH0BS96,ST12000NM0007,12000138625024,0,83.0,222122184.0,97.0,0.0,100.0,2.0,100,0,81.0,119582118.0,99,1081,100.0,0.0,100,2,,,,,100.0,0.0,100.0,0.0,,,72.0,28.0,,,100.0,2.0,100.0,590.0,28.0,28.0,100.0,0.0,100.0,0.0,200,0,100.0,814.0,100.0,10924124536.0,100.0,10294131094.0
2018-02-09,ZCH0BS96,ST12000NM0007,12000138625024,0,82,155533328,97,0,100,2,100,0,81,123437669,99,1105,100,0,100,2,,,,,100.0,0.0,100.0,0.0,,,72.0,28.0,,,100.0,2.0,100.0,591.0,28,28,100,0,100,0,200,0,100.0,838.0,100.0,11267692984.0,100.0,10616395910.0
2018-02-10,ZCH0BS96,ST12000NM0007,12000138625024,0,80.0,94445952.0,97.0,0.0,100.0,2.0,100.0,0.0,81.0,127342265.0,99.0,1129.0,100.0,0.0,100.0,2.0,,,,,100.0,0.0,100.0,0.0,,,70.0,30.0,,,100.0,2.0,100.0,592.0,30.0,30.0,100.0,0.0,100.0,0.0,200.0,0.0,100.0,862.0,100.0,11586036752.0,100.0,10969386758.0
2018-02-11,ZCH0BS96,ST12000NM0007,12000138625024,0,76,40363064,97,0,100,2,100,0,81,131331396,99,1154,100,0,100,2,,,,,100.0,0.0,100.0,0.0,,,72.0,28.0,,,100.0,2.0,100.0,593.0,28,28,100,0,100,0,200,0,100.0,887.0,100.0,11899874608.0,100.0,11333888870.0
2018-02-12,ZCH0BS96,ST12000NM0007,12000138625024,0,82,177591696,97,0,100,2,100,0,81,135127873,99,1178,100,0,100,2,,,,,100.0,0.0,100.0,0.0,,,72.0,28.0,,,100.0,2.0,100.0,594.0,28,28,100,0,100,0,200,0,100.0,911.0,100.0,12188323112.0,100.0,11670950502.0
2018-02-13,ZCH0BS96,ST12000NM0007,12000138625024,0,81,131047024,97,0,100,2,100,0,81,139059056,99,1202,100,0,100,2,,,,,100.0,0.0,100.0,0.0,,,71.0,29.0,,,100.0,2.0,100.0,595.0,29,29,100,0,100,0,200,0,100.0,935.0,100.0,12488604240.0,100.0,12056547246.0
2018-02-14,ZCH0BS96,ST12000NM0007,12000138625024,0,76,42553456,97,0,100,2,100,0,82,142754068,99,1225,100,0,100,2,,,,,100.0,0.0,100.0,0.0,,,72.0,28.0,,,100.0,2.0,100.0,596.0,28,28,100,0,100,0,200,0,100.0,957.0,100.0,12769697312.0,100.0,12419383462.0
2018-02-15,ZCH0BS96,ST12000NM0007,12000138625024,0,84,232062504,97,0,100,2,100,0,82,146729076,99,1249,100,0,100,2,,,,,100.0,0.0,100.0,0.0,,,72.0,28.0,,,100.0,2.0,100.0,597.0,28,28,100,0,100,0,200,0,100.0,982.0,100.0,13089885720.0,100.0,12776985750.0
2018-02-16,ZCH0BS96,ST12000NM0007,12000138625024,0,80,109056800,97,0,100,2,100,0,82,150375119,99,1273,100,0,100,2,,,,,100.0,0.0,100.0,0.0,,,72.0,28.0,,,100.0,2.0,100.0,598.0,28,28,100,0,100,0,200,0,100.0,1006.0,100.0,13374558448.0,100.0,13101729790.0
2018-02-17,ZCH0BS96,ST12000NM0007,12000138625024,0,76,35676120,97,0,100,2,100,0,82,154258331,99,1298,100,0,100,2,,,,,100.0,0.0,100.0,0.0,,,72.0,28.0,,,100.0,2.0,100.0,599.0,28,28,100,0,100,0,200,0,100.0,1030.0,100.0,13651824616.0,100.0,13483505254.0
2018-02-18,ZCH0BS96,ST12000NM0007,12000138625024,0,84,242437032,97,0,100,2,100,0,82,158215030,99,1322,100,0,100,2,,,,,100.0,0.0,100.0,0.0,,,72.0,28.0,,,100.0,2.0,100.0,600.0,28,28,100,0,100,0,200,0,100.0,1055.0,100.0,13953490864.0,100.0,13876881422.0
2018-02-19,ZCH0BS96,ST12000NM0007,12000138625024,0,81,124700072,97,0,100,2,100,0,82,161777405,99,1345,100,0,100,2,,,,,100.0,0.0,100.0,0.0,,,72.0,28.0,,,100.0,2.0,100.0,601.0,28,28,100,0,100,0,200,0,100.0,1077.0,100.0,14223378608.0,100.0,14221679030.0
2018-02-20,ZCH0BS96,ST12000NM0007,12000138625024,0,80,103022616,97,0,100,2,100,0,82,165818990,99,1369,100,0,100,2,,,,,100.0,0.0,100.0,0.0,,,71.0,29.0,,,100.0,2.0,100.0,602.0,29,29,100,0,100,0,200,0,100.0,1101.0,100.0,14520020224.0,100.0,14635782310.0
2018-02-21,ZCH0BS96,ST12000NM0007,12000138625024,0,78,58569224,97,0,100,2,100,0,82,169860287,99,1393,100,0,100,2,,,,,100.0,0.0,100.0,0.0,,,71.0,29.0,,,100.0,2.0,100.0,603.0,29,29,100,0,100,0,200,0,100.0,1125.0,100.0,14820200832.0,100.0,15023570558.0
2018-02-22,ZCH0BS96,ST12000NM0007,12000138625024,0,83,210473856,97,0,100,2,100,0,82,173737560,99,1418,100,0,100,2,,,,,100.0,0.0,100.0,0.0,,,72.0,28.0,,,100.0,2.0,100.0,604.0,28,28,100,0,100,0,200,0,100.0,1150.0,100.0,15107752288.0,100.0,15376205230.0
2018-02-23,ZCH0BS96,ST12000NM0007,12000138625024,0,76,36281504,97,0,100,2,100,0,82,177271013,99,1442,100,0,100,2,,,,,100.0,0.0,100.0,0.0,,,72.0,28.0,,,100.0,2.0,100.0,605.0,28,28,100,0,100,0,200,0,100.0,1174.0,100.0,15382816384.0,100.0,15659371030.0
2018-02-24,ZCH0BS96,ST12000NM0007,12000138625024,0,83,215674904,97,0,100,2,100,0,83,180168717,99,1465,100,0,100,2,,,,,100.0,0.0,100.0,0.0,,,73.0,27.0,,,100.0,2.0,100.0,606.0,27,27,100,0,100,0,200,0,100.0,1196.0,100.0,15539739800.0,100.0,15925981774.0
2018-02-25,ZCH0BS96,ST12000NM0007,12000138625024,0,83,217620416,97,0,100,2,100,0,83,183534242,99,1490,100,0,100,2,,,,,100.0,0.0,100.0,0.0,,,73.0,27.0,,,100.0,2.0,100.0,607.0,27,27,100,0,100,0,200,0,100.0,1221.0,100.0,15753044248.0,100.0,16202904406.0
2018-02-26,ZCH0BS96,ST12000NM0007,12000138625024,0,78,67360792,97,0,100,2,100,0,83,187028562,99,1512,100,0,100,2,,,,,100.0,0.0,100.0,0.0,,,72.0,28.0,,,100.0,2.0,100.0,608.0,28,28,100,0,100,0,200,0,100.0,1243.0,100.0,16035599256.0,100.0,16502512246.0
2018-02-27,ZCH0BS96,ST12000NM0007,12000138625024,0,77,44995968,97,0,100,2,100,0,83,191020673,99,1536,100,0,100,2,,,,,100.0,0.0,100.0,0.0,,,71.0,29.0,,,100.0,2.0,100.0,609.0,29,29,100,0,100,0,200,0,100.0,1268.0,100.0,16388111928.0,100.0,16860057038.0
2018-02-28,ZCH0BS96,ST12000NM0007,12000138625024,0,82,148593304,97,0,100,2,100,0,83,194825102,99,1561,100,0,100,2,,,,,100.0,0.0,100.0,0.0,,,73.0,27.0,,,100.0,2.0,100.0,610.0,27,27,100,0,100,0,200,0,100.0,1292.0,100.0,16676788704.0,100.0,17163258870.0
2018-03-01,ZCH0BS96,ST12000NM0007,12000138625024,0,79,75479264,97,0,100,2,100,0,83,198883768,99,1587,100,0,100,2,,,,,100.0,0.0,100.0,0.0,,,73.0,27.0,,,100.0,2.0,100.0,611.0,27,27,100,0,100,0,200,0,100.0,1318.0,100.0,16992480744.0,100.0,17506875190.0
2018-03-02,ZCH0BS96,ST12000NM0007,12000138625024,0,83,183269752,97,0,100,2,100,0,83,202607483,99,1612,100,0,100,2,,,,,100.0,0.0,100.0,0.0,,,72.0,28.0,,,100.0,2.0,100.0,612.0,28,28,100,0,100,0,200,0,100.0,1342.0,100.0,17285653088.0,100.0,17809774654.0
2018-03-03,ZCH0BS96,ST12000NM0007,12000138625024,0,81,112785136,97,0,100,2,100,0,83,206443090,99,1636,100,0,100,2,,,,,100.0,0.0,100.0,0.0,,,72.0,28.0,,,100.0,2.0,100.0,613.0,28,28,100,0,100,0,200,0,100.0,1367.0,100.0,17600965736.0,100.0,18156399702.0
2018-03-04,ZCH0BS96,ST12000NM0007,12000138625024,0,83,180826296,97,0,100,2,100,0,83,209884412,99,1658,100,0,100,2,,,,,100.0,0.0,100.0,0.0,,,72.0,28.0,,,100.0,2.0,100.0,614.0,28,28,100,0,100,0,200,0,100.0,1389.0,100.0,17868418560.0,100.0,18445269862.0
2018-03-05,ZCH0BS96,ST12000NM0007,12000138625024,0,74,27229400,97,0,100,2,100,0,83,213699399,99,1683,100,0,100,2,,,,,100.0,0.0,100.0,0.0,,,73.0,27.0,,,100.0,2.0,100.0,615.0,27,27,100,0,100,0,200,0,100.0,1413.0,100.0,18143234312.0,100.0,18749279950.0
2018-03-06,ZCH0BS96,ST12000NM0007,12000138625024,0,80,98663360,97,0,100,2,100,0,83,217395247,99,1708,100,0,100,2,,,,,100.0,0.0,100.0,0.0,,,73.0,27.0,,,100.0,2.0,100.0,616.0,27,27,100,0,100,0,200,0,100.0,1439.0,100.0,18409102952.0,100.0,19043126766.0
2018-03-07,ZCH0BS96,ST12000NM0007,12000138625024,0,81.0,122179288.0,97.0,0.0,100.0,2.0,100.0,0.0,83.0,221017655.0,99.0,1733.0,100.0,0.0,100.0,2.0,,,,,100.0,0.0,100.0,0.0,,,73.0,27.0,,,100.0,2.0,100.0,617.0,27.0,27.0,100.0,0.0,100.0,0.0,200.0,0.0,100.0,1464.0,100.0,18666693536.0,100.0,19297333446.0
2018-03-08,ZCH0BS96,ST12000NM0007,12000138625024,0,80,94719936,97,0,100,2,100,0,84,224043412,98,1753,100,0,100,2,,,,,100.0,0.0,100.0,0.0,,,72.0,28.0,,,100.0,2.0,100.0,618.0,28,28,100,0,100,0,200,0,100.0,1484.0,100.0,18892323936.0,100.0,19532525006.0
2018-03-09,ZCH0BS96,ST12000NM0007,12000138625024,0,81,132389616,97,0,100,2,100,0,84,227673140,98,1777,100,0,100,2,,,,,100.0,0.0,100.0,0.0,,,74.0,26.0,,,100.0,2.0,100.0,619.0,26,26,100,0,100,0,200,0,100.0,1508.0,100.0,19144640656.0,100.0,19806159726.0
2018-03-10,ZCH0BS96,ST12000NM0007,12000138625024,0,79,87033152,97,0,100,2,100,0,84,230884611,98,1800,100,0,100,2,,,,,100.0,0.0,100.0,0.0,,,72.0,28.0,,,100.0,2.0,100.0,620.0,28,28,100,0,100,0,200,0,100.0,1530.0,100.0,19352615352.0,100.0,20041109998.0
2018-03-11,ZCH0BS96,ST12000NM0007,12000138625024,0,82,158679024,97,0,100,2,100,0,84,234691714,98,1825,100,0,100,2,,,,,100.0,0.0,100.0,0.0,,,73.0,27.0,,,100.0,2.0,100.0,621.0,27,27,100,0,100,0,200,0,100.0,1556.0,100.0,19620332608.0,100.0,20333320094.0
2018-03-12,ZCH0BS96,ST12000NM0007,12000138625024,0,80,104897096,97,0,100,2,100,0,84,237902578,98,1848,100,0,100,2,,,,,100.0,0.0,100.0,0.0,,,73.0,27.0,,,100.0,2.0,100.0,622.0,27,27,100,0,100,0,200,0,100.0,1578.0,100.0,19816472080.0,100.0,20571680022.0
2018-03-13,ZCH0BS96,ST12000NM0007,12000138625024,0,80,94350056,97,0,100,2,100,0,84,241279158,98,1874,100,0,100,2,,,,,100.0,0.0,100.0,0.0,,,72.0,28.0,,,100.0,2.0,100.0,623.0,28,28,100,0,100,0,200,0,100.0,1604.0,100.0,20005261968.0,100.0,20860624598.0
2018-03-14,ZCH0BS96,ST12000NM0007,12000138625024,0,80,105046184,97,0,100,2,100,0,84,244704010,98,1898,100,0,100,2,,,,,100.0,0.0,100.0,0.0,,,72.0,28.0,,,100.0,3.0,100.0,624.0,28,28,100,0,100,0,200,0,100.0,1628.0,100.0,20238959752.0,100.0,21125904318.0
2018-03-15,ZCH0BS96,ST12000NM0007,12000138625024,0,82,146433080,97,0,100,2,100,0,84,248341491,98,1923,100,0,100,2,,,,,100.0,0.0,100.0,0.0,,,72.0,28.0,,,100.0,3.0,100.0,625.0,28,28,100,0,100,0,200,0,100.0,1653.0,100.0,20505245744.0,100.0,21389286758.0
2018-03-16,ZCH0BS96,ST12000NM0007,12000138625024,0,81.0,135616808.0,97.0,0.0,100.0,2.0,100.0,0.0,84.0,251762766.0,98.0,1947.0,100.0,0.0,100.0,2.0,,,,,100.0,0.0,100.0,0.0,,,72.0,28.0,,,100.0,3.0,100.0,626.0,28.0,28.0,100.0,0.0,100.0,0.0,200.0,0.0,100.0,1677.0,100.0,20731807784.0,100.0,21640190238.0
2018-03-17,ZCH0BS96,ST12000NM0007,12000138625024,0,81,115869672,97,0,100,2,100,0,84,255236921,98,1971,100,0,100,2,,,,,100.0,0.0,100.0,0.0,,,72.0,28.0,,,100.0,3.0,100.0,627.0,28,28,100,0,100,0,200,0,100.0,1701.0,100.0,20955733856.0,100.0,21884798550.0
2018-03-18,ZCH0BS96,ST12000NM0007,12000138625024,0,80,111837520,97,0,100,2,100,0,84,258633648,98,1994,100,0,100,2,,,,,100.0,0.0,100.0,0.0,,,72.0,28.0,,,100.0,3.0,100.0,628.0,28,28,100,0,100,0,200,0,100.0,1724.0,100.0,21172404960.0,100.0,22152376638.0
2018-03-19,ZCH0BS96,ST12000NM0007,12000138625024,0,82,154812952,97,0,100,2,100,0,84,262598008,98,2019,100,0,100,2,,,,,100.0,0.0,100.0,0.0,,,73.0,27.0,,,100.0,3.0,100.0,629.0,27,27,100,0,100,0,200,0,100.0,1749.0,100.0,21426337456.0,100.0,22429701046.0
2018-03-20,ZCH0BS96,ST12000NM0007,12000138625024,0,81,135293168,97,0,100,2,100,0,84,266074446,98,2043,100,0,100,2,,,,,100.0,0.0,100.0,0.0,,,73.0,27.0,,,100.0,3.0,100.0,630.0,27,27,100,0,100,0,200,0,100.0,1773.0,100.0,21644352568.0,100.0,22680447790.0
2018-03-21,ZCH0BS96,ST12000NM0007,12000138625024,0,80,111651744,97,0,100,2,100,0,84,269453356,98,2066,100,0,100,2,,,,,100.0,0.0,100.0,0.0,,,73.0,27.0,,,100.0,3.0,100.0,631.0,27,27,100,0,100,0,200,0,100.0,1795.0,100.0,21878301008.0,100.0,22911139982.0
2018-03-22,ZCH0BS96,ST12000NM0007,12000138625024,0,81,132660736,97,0,100,2,100,0,84,273025722,98,2090,100,0,100,2,,,,,100.0,0.0,100.0,0.0,,,73.0,27.0,,,100.0,3.0,100.0,632.0,27,27,100,0,100,0,200,0,100.0,1819.0,100.0,22134836440.0,100.0,23163894886.0
2018-03-23,ZCH0BS96,ST12000NM0007,12000138625024,0,74,23355216,97,0,100,2,100,0,84,277087199,98,2115,100,0,100,2,,,,,100.0,0.0,100.0,0.0,,,72.0,28.0,,,100.0,3.0,100.0,633.0,28,28,100,0,100,0,200,0,100.0,1845.0,100.0,22465013216.0,100.0,23456834654.0
2018-03-24,ZCH0BS96,ST12000NM0007,12000138625024,0,74,25120648,97,0,100,2,100,0,84,280625188,98,2139,100,0,100,2,,,,,100.0,0.0,100.0,0.0,,,72.0,28.0,,,100.0,3.0,100.0,634.0,28,28,100,0,100,0,200,0,100.0,1869.0,100.0,22696985736.0,100.0,23714909094.0
2018-03-25,ZCH0BS96,ST12000NM0007,12000138625024,0,84,230769400,97,0,100,2,100,0,85,283914976,98,2162,100,0,100,2,,,,,100.0,0.0,100.0,0.0,,,72.0,28.0,,,100.0,3.0,100.0,635.0,28,28,100,0,100,0,200,0,100.0,1891.0,100.0,22931840224.0,100.0,23929844110.0
2018-03-26,ZCH0BS96,ST12000NM0007,12000138625024,0,73,19823416,97,0,100,2,100,0,85,287514595,98,2186,100,0,100,2,,,,,100.0,0.0,100.0,0.0,,,72.0,28.0,,,100.0,3.0,100.0,636.0,28,28,100,0,100,0,200,0,100.0,1915.0,100.0,23190811608.0,100.0,24192349070.0
2018-03-27,ZCH0BS96,ST12000NM0007,12000138625024,0,81,126245928,97,0,100,2,100,0,85,291474165,98,2211,100,0,100,2,,,,,100.0,0.0,100.0,0.0,,,73.0,27.0,,,100.0,3.0,100.0,637.0,27,27,100,0,100,0,200,0,100.0,1940.0,100.0,23459664584.0,100.0,24518200566.0
2018-03-28,ZCH0BS96,ST12000NM0007,12000138625024,0,83,222562138,97,0,100,3,100,0,85,294239394,98,2233,100,0,100,2,,,,,100.0,0.0,100.0,0.0,,,73.0,27.0,,,100.0,3.0,100.0,639.0,27,27,100,0,100,0,200,0,100.0,1962.0,100.0,23586048704.0,100.0,24732273736.0
2018-03-29,ZCH0BS96,ST12000NM0007,12000138625024,0,82,175201720,97,0,100,3,100,0,85,297617799,98,2258,100,0,100,2,,,,,100.0,0.0,100.0,0.0,,,73.0,27.0,,,100.0,3.0,100.0,641.0,27,27,100,0,100,0,200,0,100.0,1986.0,100.0,23779146296.0,100.0,24980097456.0
2018-03-30,ZCH0BS96,ST12000NM0007,12000138625024,0,82,173887752,97,0,100,3,100,0,85,301323228,98,2282,100,0,100,2,,,,,100.0,0.0,100.0,0.0,,,73.0,27.0,,,100.0,3.0,100.0,642.0,27,27,100,0,100,0,200,0,100.0,2011.0,100.0,24008944856.0,100.0,25237266416.0
2018-03-31,ZCH0BS96,ST12000NM0007,12000138625024,0,83,202841600,97,0,100,3,100,0,85,305491710,98,2307,100,0,100,2,,,,,100.0,0.0,100.0,0.0,,,73.0,27.0,,,100.0,3.0,100.0,643.0,27,27,100,0,100,0,200,0,100.0,2036.0,100.0,24249094880.0,100.0,25514351824.0
2018-04-01,ZCH0BS96,ST12000NM0007,12000138625024,0,69,8628432,97,0,100,3,100,0,85,309457694,98,2331,100,0,100,2,,,,,100.0,0.0,100.0,0.0,,,73.0,27.0,,,100.0,3.0,100.0,644.0,27,27,100,0,100,0,200,0,100.0,2059.0,100.0,24490474624.0,100.0,25811181024.0
2018-04-02,ZCH0BS96,ST12000NM0007,12000138625024,0,82,168465144,97,0,100,3,100,0,85,312798175,98,2355,100,0,100,2,,,,,100.0,0.0,100.0,0.0,,,73.0,27.0,,,100.0,3.0,100.0,645.0,27,27,100,0,100,0,200,0,100.0,2083.0,100.0,24655102952.0,100.0,26050530120.0
2018-04-03,ZCH0BS96,ST12000NM0007,12000138625024,0,79,81344448,97,0,100,3,100,0,85,316026735,98,2378,100,0,100,2,,,,,100.0,0.0,100.0,0.0,,,73.0,27.0,,,100.0,4.0,100.0,646.0,27,27,100,0,100,0,200,0,100.0,2106.0,100.0,24811521856.0,100.0,26295272352.0
2018-04-04,ZCH0BS96,ST12000NM0007,12000138625024,0,76,43749608,97,0,100,3,100,0,85,319722939,98,2403,100,0,100,2,,,,,100.0,0.0,100.0,0.0,,,73.0,27.0,,,100.0,4.0,100.0,647.0,27,27,100,0,100,0,200,0,100.0,2131.0,100.0,25015048832.0,100.0,26542431968.0
2018-04-05,ZCH0BS96,ST12000NM0007,12000138625024,0,83,216046752,97,0,100,3,100,0,85,323144382,98,2427,100,0,100,2,,,,,100.0,0.0,100.0,0.0,,,73.0,27.0,,,100.0,4.0,100.0,648.0,27,27,100,0,100,0,200,0,100.0,2155.0,100.0,25199561784.0,100.0,26774356792.0
2018-04-06,ZCH0BS96,ST12000NM0007,12000138625024,0,83,199028424,97,0,100,3,100,0,85,326769995,98,2451,100,0,100,2,,,,,100.0,0.0,100.0,0.0,,,72.0,28.0,,,100.0,4.0,100.0,649.0,28,28,100,0,100,0,200,0,100.0,2178.0,100.0,25421958128.0,100.0,27023223896.0
2018-04-07,ZCH0BS96,ST12000NM0007,12000138625024,0,83.0,178023088.0,97.0,0.0,100.0,3.0,100.0,0.0,85.0,330441079.0,98.0,2475.0,100.0,0.0,100.0,2.0,,,,,100.0,0.0,100.0,0.0,,,73.0,27.0,,,100.0,4.0,100.0,650.0,27.0,27.0,100.0,0.0,100.0,0.0,200.0,0.0,100.0,2202.0,100.0,25651447472.0,100.0,27261010560.0
2018-04-08,ZCH0BS96,ST12000NM0007,12000138625024,0,81,121657520,97,0,100,3,100,0,85,333855992,98,2498,100,0,100,2,,,,,100.0,0.0,100.0,0.0,,,73.0,27.0,,,100.0,4.0,100.0,651.0,27,27,100,0,100,0,200,0,100.0,2225.0,100.0,25856967456.0,100.0,27487406672.0
2018-04-09,ZCH0BS96,ST12000NM0007,12000138625024,0,78,68586312,97,0,100,3,100,0,85,337308131,98,2523,100,0,100,2,,,,,100.0,0.0,100.0,0.0,,,73.0,27.0,,,100.0,4.0,100.0,652.0,27,27,100,0,100,0,200,0,100.0,2250.0,100.0,26022635336.0,100.0,27756949016.0
2018-04-10,ZCH0BS96,ST12000NM0007,12000138625024,0,84,227921856,97,0,100,3,100,0,85,340543099,98,2546,100,0,100,2,,,,,100.0,0.0,100.0,0.0,,,73.0,27.0,,,100.0,4.0,100.0,653.0,27,27,100,0,100,0,200,0,100.0,2273.0,100.0,26181050216.0,100.0,28002010360.0
2018-04-11,ZCH0BS96,ST12000NM0007,12000138625024,0,82,168419744,97,0,100,3,100,0,85,344068617,98,2570,100,0,100,2,,,,,100.0,0.0,100.0,0.0,,,74.0,26.0,,,100.0,5.0,100.0,654.0,26,26,100,0,100,0,200,0,100.0,2297.0,100.0,26345989688.0,100.0,28265850232.0
2018-04-12,ZCH0BS96,ST12000NM0007,12000138625024,0,81,127636432,97,0,100,3,100,0,85,347479846,98,2595,100,0,100,2,,,,,100.0,0.0,100.0,0.0,,,74.0,26.0,,,100.0,5.0,100.0,655.0,26,26,100,0,100,0,200,0,100.0,2322.0,100.0,26520961792.0,100.0,28538376664.0
2018-04-13,ZCH0BS96,ST12000NM0007,12000138625024,0,77,47044488,97,0,100,3,100,0,85,351067995,98,2617,100,0,100,2,,,,,100.0,0.0,100.0,0.0,,,74.0,26.0,,,100.0,5.0,100.0,656.0,26,26,100,0,100,0,200,0,100.0,2344.0,100.0,26701248760.0,100.0,28765779184.0
2018-04-14,ZCH0BS96,ST12000NM0007,12000138625024,0,70,9497784,97,0,100,3,100,0,85,354655132,97,2642,100,0,100,2,,,,,100.0,0.0,100.0,0.0,,,74.0,26.0,,,100.0,5.0,100.0,657.0,26,26,100,0,100,0,200,0,100.0,2369.0,100.0,26892690616.0,100.0,29025072256.0
2018-04-15,ZCH0BS96,ST12000NM0007,12000138625024,0,83,190326712,97,0,100,3,100,0,86,358173892,97,2666,100,0,100,2,,,,,100.0,0.0,100.0,0.0,,,74.0,26.0,,,100.0,5.0,100.0,658.0,26,26,100,0,100,0,200,0,100.0,2393.0,100.0,27092306496.0,100.0,29250426064.0
2018-04-16,ZCH0BS96,ST12000NM0007,12000138625024,0,82,146035480,97,0,100,3,100,0,86,361701575,97,2690,100,0,100,2,,,,,100.0,0.0,100.0,0.0,,,74.0,26.0,,,100.0,5.0,100.0,659.0,26,26,100,0,100,0,200,0,100.0,2417.0,100.0,27301684448.0,100.0,29485038392.0
2018-04-17,ZCH0BS96,ST12000NM0007,12000138625024,0,80,103692624,97,0,100,3,100,0,86,365033739,97,2713,100,0,100,2,,,,,100.0,0.0,100.0,0.0,,,74.0,26.0,,,100.0,5.0,100.0,660.0,26,26,100,0,100,0,200,0,100.0,2440.0,100.0,27479884248.0,100.0,29752777256.0
2018-04-18,ZCH0BS96,ST12000NM0007,12000138625024,0,68,6015344,97,0,100,3,100,0,86,368402247,97,2738,100,0,100,2,,,,,100.0,0.0,100.0,0.0,,,74.0,26.0,,,100.0,5.0,100.0,661.0,26,26,100,0,100,0,200,0,100.0,2465.0,100.0,27637204272.0,100.0,29986061760.0
2018-04-19,ZCH0BS96,ST12000NM0007,12000138625024,0,81,130235120,97,0,100,3,100,0,86,371634643,97,2761,100,0,100,2,,,,,100.0,0.0,100.0,0.0,,,74.0,26.0,,,100.0,5.0,100.0,662.0,26,26,100,0,100,0,200,0,100.0,2488.0,100.0,27811979664.0,100.0,30179647064.0
2018-04-20,ZCH0BS96,ST12000NM0007,12000138625024,0,76,44307976,97,0,100,3,100,0,86,374943418,97,2787,100,0,100,2,,,,,100.0,0.0,100.0,0.0,,,74.0,26.0,,,100.0,5.0,100.0,663.0,26,26,100,0,100,0,200,0,100.0,2513.0,100.0,27978789464.0,100.0,30415191456.0
2018-04-21,ZCH0BS96,ST12000NM0007,12000138625024,0,80,92919088,97,0,100,3,100,0,86,377425793,97,2811,100,0,100,2,,,,,100.0,0.0,100.0,0.0,,,73.0,27.0,,,100.0,5.0,100.0,664.0,27,27,100,0,100,0,200,0,100.0,2537.0,100.0,28072274824.0,100.0,30614457960.0
2018-04-22,ZCH0BS96,ST12000NM0007,12000138625024,0,84,239347888,97,0,100,3,100,0,86,380844163,97,2835,100,0,100,2,,,,,100.0,0.0,100.0,0.0,,,72.0,28.0,,,100.0,6.0,100.0,665.0,28,28,100,0,100,0,200,0,100.0,2561.0,100.0,28253090984.0,100.0,30824211312.0
2018-04-23,ZCH0BS96,ST12000NM0007,12000138625024,0,81,130742008,97,0,100,3,100,0,86,384021828,97,2859,100,0,100,2,,,,,100.0,0.0,100.0,0.0,,,72.0,28.0,,,100.0,6.0,100.0,666.0,28,28,100,0,100,0,200,0,100.0,2585.0,100.0,28407573408.0,100.0,31049404600.0
2018-04-24,ZCH0BS96,ST12000NM0007,12000138625024,0,83,216551744,97,0,100,3,100,0,86,386877165,97,2882,100,0,100,2,,,,,100.0,0.0,100.0,0.0,,,74.0,26.0,,,100.0,6.0,100.0,667.0,26,26,100,0,100,0,200,0,100.0,2608.0,100.0,28520780960.0,100.0,31266147496.0
2018-04-25,ZCH0BS96,ST12000NM0007,12000138625024,0,78,66195128,97,0,100,3,100,0,86,389934477,97,2906,100,0,100,2,,,,,100.0,0.0,100.0,0.0,,,74.0,26.0,,,100.0,6.0,100.0,668.0,26,26,100,0,100,0,200,0,100.0,2632.0,100.0,28664632624.0,100.0,31460220704.0
2018-04-26,ZCH0BS96,ST12000NM0007,12000138625024,0,82,166193416,97,0,100,3,100,0,86,393086870,97,2932,100,0,100,2,,,,,100.0,0.0,100.0,0.0,,,73.0,27.0,,,100.0,6.0,100.0,669.0,27,27,100,0,100,0,200,0,100.0,2658.0,100.0,28799491696.0,100.0,31669500696.0
2018-04-27,ZCH0BS96,ST12000NM0007,12000138625024,0,79,86249848,97,0,100,3,100,0,86,396886754,97,2956,100,0,100,2,,,,,100.0,0.0,100.0,0.0,,,73.0,27.0,,,100.0,6.0,100.0,670.0,27,27,100,0,100,0,200,0,100.0,2682.0,100.0,28985808272.0,100.0,31891521928.0
2018-04-28,ZCH0BS96,ST12000NM0007,12000138625024,0,79,71723624,97,0,100,3,100,0,86,400539639,97,2979,100,0,100,2,,,,,100.0,0.0,100.0,0.0,,,73.0,27.0,,,100.0,6.0,100.0,671.0,27,27,100,0,100,0,200,0,100.0,2705.0,100.0,29190289160.0,100.0,32160796368.0
2018-04-29,ZCH0BS96,ST12000NM0007,12000138625024,0,83,194746712,97,0,100,3,100,0,86,403815768,97,3005,100,0,100,2,,,,,100.0,0.0,100.0,0.0,,,73.0,27.0,,,100.0,7.0,100.0,672.0,27,27,100,0,100,0,200,0,100.0,2730.0,100.0,29338261480.0,100.0,32379987768.0
2018-04-30,ZCH0BS96,ST12000NM0007,12000138625024,0,77,47421840,97,0,100,3,100,0,86,406960393,97,3029,100,0,100,2,,,,,100.0,0.0,100.0,0.0,,,73.0,27.0,,,100.0,7.0,100.0,673.0,27,27,100,0,100,0,200,0,100.0,2754.0,100.0,29469970736.0,100.0,32589235160.0
2018-05-01,ZCH0BS96,ST12000NM0007,12000138625024,0,82,177737448,97,0,100,3,100,0,86,410181877,97,3052,100,0,100,2,,,,,100.0,0.0,100.0,0.0,,,72.0,28.0,,,100.0,7.0,100.0,674.0,28,28,100,0,100,0,200,0,100.0,2778.0,100.0,29601297800.0,100.0,32832364344.0
2018-05-02,ZCH0BS96,ST12000NM0007,12000138625024,0,70.0,9619288.0,97.0,0.0,100.0,3.0,100.0,0.0,86.0,413116957.0,97.0,3076.0,100.0,0.0,100.0,2.0,,,,,100.0,0.0,100.0,0.0,,,74.0,26.0,,,100.0,7.0,100.0,675.0,26.0,26.0,100.0,0.0,100.0,0.0,200.0,0.0,100.0,2801.0,100.0,29719233752.0,100.0,33034591584.0
2018-05-03,ZCH0BS96,ST12000NM0007,12000138625024,0,79,78202456,97,0,100,3,100,0,86,415909270,97,3098,100,0,100,2,,,,,100.0,0.0,100.0,0.0,,,73.0,27.0,,,100.0,7.0,100.0,677.0,27,27,100,0,100,0,200,0,100.0,2824.0,100.0,29843993680.0,100.0,33222555456.0
2018-05-04,ZCH0BS96,ST12000NM0007,12000138625024,0,83,186960008,97,0,100,3,100,0,86,419020781,97,3123,100,0,100,2,,,,,100.0,0.0,100.0,0.0,,,73.0,27.0,,,100.0,7.0,100.0,678.0,27,27,100,0,100,0,200,0,100.0,2848.0,100.0,29974920696.0,100.0,33444526672.0
2018-05-05,ZCH0BS96,ST12000NM0007,12000138625024,0,75,31417184,97,0,100,3,100,0,86,422135915,97,3146,100,0,100,2,,,,,100.0,0.0,100.0,0.0,,,73.0,27.0,,,100.0,7.0,100.0,679.0,27,27,100,0,100,0,200,0,100.0,2871.0,100.0,30120230864.0,100.0,33631955224.0
2018-05-06,ZCH0BS96,ST12000NM0007,12000138625024,0,82,159324472,97,0,100,3,100,0,86,425869905,97,3170,100,0,100,2,,,,,100.0,0.0,100.0,0.0,,,73.0,27.0,,,100.0,7.0,100.0,680.0,27,27,100,0,100,0,200,0,100.0,2895.0,100.0,30283430040.0,100.0,33840804240.0
2018-05-07,ZCH0BS96,ST12000NM0007,12000138625024,0,78,58089144,97,0,100,3,100,0,86,429263911,97,3194,100,0,100,2,,,,,100.0,0.0,100.0,0.0,,,72.0,28.0,,,100.0,7.0,100.0,681.0,28,28,100,0,100,0,200,0,100.0,2919.0,100.0,30461322216.0,100.0,34049958072.0
2018-05-08,ZCH0BS96,ST12000NM0007,12000138625024,0,82,171498328,97,0,100,3,100,0,86,432403440,97,3218,100,0,100,2,,,,,100.0,0.0,100.0,0.0,,,73.0,27.0,,,100.0,7.0,100.0,682.0,27,27,100,0,100,0,200,0,100.0,2943.0,100.0,30607216496.0,100.0,34261613808.0
2018-05-09,ZCH0BS96,ST12000NM0007,12000138625024,0,80,91453192,97,0,100,3,100,0,86,436077190,97,3243,100,0,100,2,,,,,100.0,0.0,100.0,0.0,,,71.0,29.0,,,100.0,7.0,100.0,683.0,29,29,100,0,100,0,200,0,100.0,2967.0,100.0,30783217528.0,100.0,34493849152.0
2018-05-10,ZCH0BS96,ST12000NM0007,12000138625024,0,82,157639384,97,0,100,3,100,0,86,438947024,97,3266,100,0,100,2,,,,,100.0,0.0,100.0,0.0,,,72.0,28.0,,,100.0,7.0,100.0,685.0,28,28,100,0,100,0,200,0,100.0,2991.0,100.0,30879743640.0,100.0,34707649984.0
2018-05-11,ZCH0BS96,ST12000NM0007,12000138625024,0,83,220931960,97,0,100,3,100,0,86,441891142,97,3291,100,0,100,2,,,,,100.0,0.0,100.0,0.0,,,72.0,28.0,,,100.0,7.0,100.0,686.0,28,28,100,0,100,0,200,0,100.0,3015.0,100.0,30973720144.0,100.0,34921107064.0
2018-05-12,ZCH0BS96,ST12000NM0007,12000138625024,0,73,18821120,97,0,100,3,100,0,86,444688140,97,3315,100,0,100,2,,,,,100.0,0.0,100.0,0.0,,,73.0,27.0,,,100.0,7.0,100.0,687.0,27,27,100,0,100,0,200,0,100.0,3039.0,100.0,31099240944.0,100.0,35081757008.0
2018-05-13,ZCH0BS96,ST12000NM0007,12000138625024,0,81,127329304,97,0,100,3,100,0,87,447915541,97,3339,100,0,100,2,,,,,100.0,0.0,100.0,0.0,,,72.0,28.0,,,100.0,7.0,100.0,688.0,28,28,100,0,100,0,200,0,100.0,3063.0,100.0,31236916416.0,100.0,35296730424.0
2018-05-14,ZCH0BS96,ST12000NM0007,12000138625024,0,82,174154152,97,0,100,3,100,0,87,450665818,97,3363,100,0,100,2,,,,,100.0,0.0,100.0,0.0,,,73.0,27.0,,,100.0,7.0,100.0,689.0,27,27,100,0,100,0,200,0,100.0,3086.0,100.0,31336049672.0,100.0,35488562792.0
2018-05-15,ZCH0BS96,ST12000NM0007,12000138625024,0,74.0,25830504.0,97.0,0.0,100.0,3.0,100.0,0.0,87.0,453822148.0,97.0,3387.0,100.0,0.0,100.0,2.0,,,,,100.0,0.0,100.0,0.0,,,72.0,28.0,,,100.0,7.0,100.0,690.0,28.0,28.0,100.0,0.0,100.0,0.0,200.0,0.0,100.0,3111.0,100.0,31472992968.0,100.0,35691577408.0
2018-05-16,ZCH0BS96,ST12000NM0007,12000138625024,0,81,127308344,97,0,100,3,100,0,87,456918839,97,3410,100,0,100,2,,,,,100.0,0.0,100.0,0.0,,,72.0,28.0,,,100.0,7.0,100.0,691.0,28,28,100,0,100,0,200,0,100.0,3134.0,100.0,31600894624.0,100.0,35909294424.0
2018-05-17,ZCH0BS96,ST12000NM0007,12000138625024,0,83,197271656,97,0,100,3,100,0,87,459683686,97,3434,100,0,100,2,,,,,100.0,0.0,100.0,0.0,,,73.0,27.0,,,100.0,7.0,100.0,692.0,27,27,100,0,100,0,200,0,100.0,3158.0,100.0,31681284776.0,100.0,36143008416.0
2018-05-18,ZCH0BS96,ST12000NM0007,12000138625024,0,84,232919752,97,0,100,3,100,0,87,462654625,97,3459,100,0,100,2,,,,,100.0,0.0,100.0,0.0,,,73.0,27.0,,,100.0,7.0,100.0,693.0,27,27,100,0,100,0,200,0,100.0,3182.0,100.0,31754849008.0,100.0,36349233160.0
2018-05-19,ZCH0BS96,ST12000NM0007,12000138625024,0,72,16165040,97,0,100,3,100,0,87,465217265,97,3482,100,0,100,2,,,,,100.0,0.0,100.0,0.0,,,73.0,27.0,,,100.0,7.0,100.0,694.0,27,27,100,0,100,0,200,0,100.0,3205.0,100.0,31840897352.0,100.0,36534711408.0
2018-05-20,ZCH0BS96,ST12000NM0007,12000138625024,0,75,34599552,97,0,100,3,100,0,87,467663606,96,3507,100,0,100,2,,,,,100.0,0.0,100.0,0.0,,,72.0,28.0,,,100.0,8.0,100.0,695.0,28,28,100,0,100,0,200,0,100.0,3230.0,100.0,31926628104.0,100.0,36711555848.0
2018-05-21,ZCH0BS96,ST12000NM0007,12000138625024,0,80,106334584,97,0,100,3,100,0,87,470665737,96,3534,100,0,100,2,,,,,100.0,0.0,100.0,0.0,,,72.0,28.0,,,100.0,8.0,100.0,696.0,28,28,100,0,100,0,200,0,100.0,3257.0,100.0,32030400152.0,100.0,36923659624.0
2018-05-22,ZCH0BS96,ST12000NM0007,12000138625024,0,82,149873712,97,0,100,3,100,0,87,473252659,96,3558,100,0,100,2,,,,,100.0,0.0,100.0,0.0,,,72.0,28.0,,,100.0,9.0,100.0,697.0,28,28,100,0,100,0,200,0,100.0,3281.0,100.0,32122797968.0,100.0,37118941848.0
2018-05-23,ZCH0BS96,ST12000NM0007,12000138625024,0,81,125760960,97,0,100,3,100,0,87,475358144,96,3578,100,0,100,2,,,,,100.0,0.0,100.0,0.0,,,72.0,28.0,,,100.0,9.0,100.0,698.0,28,28,100,0,100,0,200,0,100.0,3301.0,100.0,32192858968.0,100.0,37268908856.0
2018-05-24,ZCH0BS96,ST12000NM0007,12000138625024,0,82,158503568,97,0,100,3,100,0,87,478154475,96,3602,100,0,100,2,,,,,100.0,0.0,100.0,0.0,,,72.0,28.0,,,100.0,9.0,100.0,699.0,28,28,100,0,100,0,200,0,100.0,3325.0,100.0,32286386936.0,100.0,37452264144.0
2018-05-25,ZCH0BS96,ST12000NM0007,12000138625024,0,83,178685704,97,0,100,3,100,0,87,480771239,96,3624,100,0,100,2,,,,,100.0,0.0,100.0,0.0,,,72.0,28.0,,,100.0,9.0,100.0,701.0,28,28,100,0,100,0,200,0,100.0,3346.0,100.0,32372119416.0,100.0,37630854504.0
2018-05-26,ZCH0BS96,ST12000NM0007,12000138625024,0,75,30133736,97,0,100,3,100,0,87,484370240,96,3648,100,0,100,2,,,,,100.0,0.0,100.0,0.0,,,73.0,27.0,,,100.0,9.0,100.0,702.0,27,27,100,0,100,0,200,0,100.0,3370.0,100.0,32486959040.0,100.0,37855744696.0
2018-05-27,ZCH0BS96,ST12000NM0007,12000138625024,0,83,177949096,97,0,100,3,100,0,87,488223077,96,3679,100,0,100,2,,,,,100.0,0.0,100.0,0.0,,,73.0,27.0,,,100.0,9.0,100.0,703.0,27,27,100,0,100,0,200,0,100.0,3401.0,100.0,32601512216.0,100.0,38133147552.0
2018-05-28,ZCH0BS96,ST12000NM0007,12000138625024,0,83,187630432,97,0,100,3,100,0,87,490910636,96,3703,100,0,100,2,,,,,100.0,0.0,100.0,0.0,,,72.0,28.0,,,100.0,10.0,100.0,704.0,28,28,100,0,100,0,200,0,100.0,3425.0,100.0,32678777584.0,100.0,38309704424.0
2018-05-29,ZCH0BS96,ST12000NM0007,12000138625024,0,83,220576680,97,0,100,3,100,0,87,493781092,96,3727,100,0,100,2,,,,,100.0,0.0,100.0,0.0,,,72.0,28.0,,,100.0,10.0,100.0,705.0,28,28,100,0,100,0,200,0,100.0,3449.0,100.0,32761025048.0,100.0,38504543984.0
2018-05-30,ZCH0BS96,ST12000NM0007,12000138625024,0,83,218346632,97,0,100,3,100,0,87,496450550,96,3750,100,0,100,2,,,,,100.0,0.0,100.0,0.0,,,72.0,28.0,,,100.0,10.0,100.0,706.0,28,28,100,0,100,0,200,0,100.0,3472.0,100.0,32850003256.0,100.0,38657476360.0
2018-05-31,ZCH0BS96,ST12000NM0007,12000138625024,0,83,194858008,97,0,100,3,100,0,87,498878235,96,3771,100,0,100,2,,,,,100.0,0.0,100.0,0.0,,,72.0,28.0,,,100.0,11.0,100.0,708.0,28,28,100,0,100,0,200,0,100.0,3493.0,100.0,32931648712.0,100.0,38796483192.0
2018-06-01,ZCH0BS96,ST12000NM0007,12000138625024,0,84,235228656,97,0,100,3,100,0,87,501740554,96,3796,100,0,100,2,,,,,100.0,0.0,100.0,0.0,,,73.0,27.0,,,100.0,11.0,100.0,709.0,27,27,100,0,100,0,200,0,100.0,3517.0,100.0,33022491232.0,100.0,38990151976.0
2018-06-02,ZCH0BS96,ST12000NM0007,12000138625024,0,74,24317832,97,0,100,3,100,0,87,504609720,96,3819,100,0,100,2,,,,,100.0,0.0,100.0,0.0,,,73.0,27.0,,,100.0,12.0,100.0,710.0,27,27,100,0,100,0,200,0,100.0,3541.0,100.0,33116206048.0,100.0,39173807736.0
2018-06-03,ZCH0BS96,ST12000NM0007,12000138625024,0,80,103365936,97,0,100,3,100,0,87,508187332,96,3843,100,0,100,2,,,,,100.0,0.0,100.0,0.0,,,73.0,27.0,,,100.0,12.0,100.0,711.0,27,27,100,0,100,0,200,0,100.0,3565.0,100.0,33215279896.0,100.0,39397922936.0
2018-06-04,ZCH0BS96,ST12000NM0007,12000138625024,0,81,118422360,97,0,100,3,100,0,87,510838434,96,3867,100,0,100,2,,,,,100.0,0.0,100.0,0.0,,,73.0,27.0,,,100.0,12.0,100.0,712.0,27,27,100,0,100,0,200,0,100.0,3589.0,100.0,33282728856.0,100.0,39589671056.0
2018-06-05,ZCH0BS96,ST12000NM0007,12000138625024,0,82,145235200,97,0,100,3,100,0,87,513659809,96,3891,100,0,100,2,,,,,100.0,0.0,100.0,0.0,,,73.0,27.0,,,100.0,12.0,100.0,713.0,27,27,100,0,100,0,200,0,100.0,3612.0,100.0,33372538520.0,100.0,39770815056.0
2018-06-06,ZCH0BS96,ST12000NM0007,12000138625024,0,83,187476976,97,0,100,3,100,0,87,516701416,96,3915,100,0,100,2,,,,,100.0,0.0,100.0,0.0,,,72.0,28.0,,,100.0,13.0,100.0,714.0,28,28,100,0,100,0,200,0,100.0,3636.0,100.0,33471462056.0,100.0,39958273952.0
2018-06-07,ZCH0BS96,ST12000NM0007,12000138625024,0,66,3673600,97,0,100,3,100,0,87,519802191,96,3939,100,0,100,2,,,,,100.0,0.0,100.0,0.0,,,73.0,27.0,,,100.0,13.0,100.0,715.0,27,27,100,0,100,0,200,0,100.0,3661.0,100.0,33579609512.0,100.0,40154604576.0
2018-06-08,ZCH0BS96,ST12000NM0007,12000138625024,0,69,7169216,97,0,100,3,100,0,87,522490366,96,3963,100,0,100,2,,,,,100.0,0.0,100.0,0.0,,,72.0,28.0,,,100.0,14.0,100.0,716.0,28,28,100,0,100,0,200,0,100.0,3684.0,100.0,33665116432.0,100.0,40316734184.0
2018-06-09,ZCH0BS96,ST12000NM0007,12000138625024,0,79,75370968,97,0,100,3,100,0,87,525664788,96,3987,100,0,100,2,,,,,100.0,0.0,100.0,0.0,,,74.0,26.0,,,100.0,14.0,100.0,717.0,26,26,100,0,100,0,200,0,100.0,3708.0,100.0,33765539656.0,100.0,40528653344.0
2018-06-10,ZCH0BS96,ST12000NM0007,12000138625024,0,81,116717208,97,0,100,3,100,0,87,528665797,96,4010,100,0,100,2,,,,,100.0,0.0,100.0,0.0,,,74.0,26.0,,,100.0,14.0,100.0,718.0,26,26,100,0,100,0,200,0,100.0,3731.0,100.0,33861244840.0,100.0,40718435168.0
2018-06-11,ZCH0BS96,ST12000NM0007,12000138625024,0,83,206028424,97,0,100,3,100,0,87,532369515,96,4034,100,0,100,2,,,,,100.0,0.0,100.0,0.0,,,74.0,26.0,,,100.0,14.0,100.0,719.0,26,26,100,0,100,0,200,0,100.0,3755.0,100.0,33957421872.0,100.0,40955709992.0
2018-06-12,ZCH0BS96,ST12000NM0007,12000138625024,0,76,38420992,97,0,100,3,100,0,87,535514871,96,4059,100,0,100,2,,,,,100.0,0.0,100.0,0.0,,,74.0,26.0,,,100.0,14.0,100.0,720.0,26,26,100,0,100,0,200,0,100.0,3780.0,100.0,34050785400.0,100.0,41183020632.0
2018-06-13,ZCH0BS96,ST12000NM0007,12000138625024,0,80,102215568,97,0,100,3,100,0,87,538581254,96,4082,100,0,100,2,,,,,100.0,0.0,100.0,0.0,,,73.0,27.0,,,100.0,14.0,100.0,721.0,27,27,100,0,100,0,200,0,100.0,3802.0,100.0,34156042880.0,100.0,41385698576.0
2018-06-14,ZCH0BS96,ST12000NM0007,12000138625024,0,81,119333928,97,0,100,3,100,0,87,541214435,96,4105,100,0,100,2,,,,,100.0,0.0,100.0,0.0,,,72.0,28.0,,,100.0,14.0,100.0,722.0,28,28,100,0,100,0,200,0,100.0,3826.0,100.0,34231319752.0,100.0,41571680784.0
2018-06-15,ZCH0BS96,ST12000NM0007,12000138625024,0,82.0,170873368.0,97.0,0.0,100.0,3.0,100.0,0.0,87.0,543975062.0,96.0,4129.0,100.0,0.0,100.0,2.0,,,,,100.0,0.0,100.0,0.0,,,72.0,28.0,,,100.0,15.0,100.0,723.0,28.0,28.0,100.0,0.0,100.0,0.0,200.0,0.0,100.0,3849.0,100.0,34313380896.0,100.0,41785299784.0
2018-06-16,ZCH0BS96,ST12000NM0007,12000138625024,0,83.0,208704704.0,97.0,0.0,100.0,3.0,100.0,0.0,87.0,546668963.0,96.0,4153.0,100.0,0.0,100.0,2.0,,,,,100.0,0.0,100.0,0.0,,,72.0,28.0,,,100.0,15.0,100.0,724.0,28.0,28.0,100.0,0.0,100.0,0.0,200.0,0.0,100.0,3874.0,100.0,34398909728.0,100.0,41981743200.0
2018-06-17,ZCH0BS96,ST12000NM0007,12000138625024,0,83.0,207320120.0,97.0,0.0,100.0,3.0,100.0,0.0,87.0,549074269.0,96.0,4177.0,100.0,0.0,100.0,2.0,,,,,100.0,0.0,100.0,0.0,,,74.0,26.0,,,100.0,16.0,100.0,725.0,26.0,26.0,100.0,0.0,100.0,0.0,200.0,0.0,100.0,3897.0,100.0,34460331384.0,100.0,42163077896.0
2018-06-18,ZCH0BS96,ST12000NM0007,12000138625024,0,83.0,214930456.0,97.0,0.0,100.0,3.0,100.0,0.0,87.0,551533616.0,96.0,4201.0,100.0,0.0,100.0,2.0,,,,,100.0,0.0,100.0,0.0,,,74.0,26.0,,,100.0,17.0,100.0,726.0,26.0,26.0,100.0,0.0,100.0,0.0,200.0,0.0,100.0,3922.0,100.0,34532253768.0,100.0,42342906712.0
2018-06-19,ZCH0BS96,ST12000NM0007,12000138625024,0,73,18136640,97,0,100,3,100,0,87,554119431,96,4225,100,0,100,2,,,,,100.0,0.0,100.0,0.0,,,74.0,26.0,,,100.0,18.0,100.0,727.0,26,26,100,0,100,0,200,0,100.0,3945.0,100.0,34602508776.0,100.0,42564139416.0
2018-06-20,ZCH0BS96,ST12000NM0007,12000138625024,0,79,85252024,97,0,100,3,100,0,87,556858811,96,4249,100,0,100,2,,,,,100.0,0.0,100.0,0.0,,,74.0,26.0,,,100.0,18.0,100.0,728.0,26,26,100,0,100,0,200,0,100.0,3970.0,100.0,34677325016.0,100.0,42800579616.0
2018-06-21,ZCH0BS96,ST12000NM0007,12000138625024,0,84,232362696,97,0,100,3,100,0,87,559803010,96,4273,100,0,100,2,,,,,100.0,0.0,100.0,0.0,,,74.0,26.0,,,100.0,18.0,100.0,729.0,26,26,100,0,100,0,200,0,100.0,3993.0,100.0,34737038496.0,100.0,43132117440.0
2018-06-22,ZCH0BS96,ST12000NM0007,12000138625024,0,82,147510352,97,0,100,3,100,0,88,563268171,96,4297,100,0,100,2,,,,,100.0,0.0,100.0,0.0,,,75.0,25.0,,,100.0,19.0,100.0,730.0,25,25,100,0,100,0,200,0,100.0,4017.0,100.0,34800341896.0,100.0,43472243192.0
2018-06-23,ZCH0BS96,ST12000NM0007,12000138625024,0,83,178764400,97,0,100,3,100,0,88,565658637,96,4321,100,0,100,2,,,,,100.0,0.0,100.0,0.0,,,74.0,26.0,,,100.0,20.0,100.0,731.0,26,26,100,0,100,0,200,0,100.0,4041.0,100.0,34866980944.0,100.0,43680998960.0
2018-06-24,ZCH0BS96,ST12000NM0007,12000138625024,0,83,218848272,97,0,100,3,100,0,88,568462961,96,4346,100,0,100,2,,,,,100.0,0.0,100.0,0.0,,,75.0,25.0,,,100.0,20.0,100.0,732.0,25,25,100,0,100,0,200,0,100.0,4066.0,100.0,34931221296.0,100.0,43900983120.0
2018-06-25,ZCH0BS96,ST12000NM0007,12000138625024,0,70,11142720,97,0,100,3,100,0,88,570931658,96,4369,100,0,100,2,,,,,100.0,0.0,100.0,0.0,,,75.0,25.0,,,100.0,20.0,100.0,733.0,25,25,100,0,100,0,200,0,100.0,4089.0,100.0,35002880440.0,100.0,44109899800.0
2018-06-26,ZCH0BS96,ST12000NM0007,12000138625024,0,80,97949984,97,0,100,3,100,0,88,573730931,95,4393,100,0,100,2,,,,,100.0,0.0,100.0,0.0,,,75.0,25.0,,,100.0,20.0,100.0,734.0,25,25,100,0,100,0,200,0,100.0,4113.0,100.0,35094864880.0,100.0,44348863472.0
2018-06-27,ZCH0BS96,ST12000NM0007,12000138625024,0,83,182457024,97,0,100,3,100,0,88,576740000,95,4417,100,0,100,2,,,,,100.0,0.0,100.0,0.0,,,75.0,25.0,,,100.0,20.0,100.0,735.0,25,25,100,0,100,0,200,0,100.0,4137.0,100.0,35209703272.0,100.0,44562673016.0
2018-06-28,ZCH0BS96,ST12000NM0007,12000138625024,0,84,226702664,97,0,100,3,100,0,88,579298200,95,4441,100,0,100,2,,,,,100.0,0.0,100.0,0.0,,,74.0,26.0,,,100.0,21.0,100.0,736.0,26,26,100,0,100,0,200,0,100.0,4161.0,100.0,35280192528.0,100.0,44780570120.0
2018-06-29,ZCH0BS96,ST12000NM0007,12000138625024,0,80,94604376,97,0,100,3,100,0,88,582509006,95,4471,100,0,100,2,,,,,100.0,0.0,100.0,0.0,,,74.0,26.0,,,100.0,21.0,100.0,738.0,26,26,100,0,100,0,200,0,100.0,4190.0,100.0,35384198832.0,100.0,45032746896.0
2018-06-30,ZCH0BS96,ST12000NM0007,12000138625024,0,82,154096464,97,0,100,3,100,0,88,585250408,95,4495,100,0,100,2,,,,,100.0,0.0,100.0,0.0,,,75.0,25.0,,,100.0,21.0,100.0,739.0,25,25,100,0,100,0,200,0,100.0,4214.0,100.0,35466760280.0,100.0,45253818168.0
2018-07-01,ZCH0BS96,ST12000NM0007,12000138625024,0,83,198697792,97,0,100,3,100,0,88,587848804,95,4518,100,0,100,2,,,,,100.0,0.0,100.0,0.0,,,74.0,26.0,,,100.0,21.0,100.0,740.0,26,26,100,0,100,0,200,0,100.0,4237.0,100.0,35549696440.0,100.0,45459624152.0
2018-07-02,ZCH0BS96,ST12000NM0007,12000138625024,0,77,48938896,97,0,100,3,100,0,88,591223543,95,4543,100,0,100,2,,,,,100.0,0.0,100.0,0.0,,,75.0,25.0,,,100.0,22.0,100.0,741.0,25,25,100,0,100,0,200,0,100.0,4262.0,100.0,35643207104.0,100.0,45704636016.0
2018-07-03,ZCH0BS96,ST12000NM0007,12000138625024,0,81,117034400,97,0,100,3,100,0,88,593959350,95,4566,100,0,100,2,,,,,100.0,0.0,100.0,0.0,,,74.0,26.0,,,100.0,22.0,100.0,742.0,26,26,100,0,100,0,200,0,100.0,4285.0,100.0,35726145096.0,100.0,45933934160.0
2018-07-04,ZCH0BS96,ST12000NM0007,12000138625024,0,83,178802800,97,0,100,3,100,0,88,596860321,95,4591,100,0,100,2,,,,,100.0,0.0,100.0,0.0,,,74.0,26.0,,,100.0,22.0,100.0,743.0,26,26,100,0,100,0,200,0,100.0,4310.0,100.0,35827599352.0,100.0,46138389168.0
2018-07-05,ZCH0BS96,ST12000NM0007,12000138625024,0,84,235922864,97,0,100,3,100,0,88,599596149,95,4614,100,0,100,2,,,,,100.0,0.0,100.0,0.0,,,74.0,26.0,,,100.0,23.0,100.0,744.0,26,26,100,0,100,0,200,0,100.0,4333.0,100.0,35921409424.0,100.0,46345839800.0
2018-07-06,ZCH0BS96,ST12000NM0007,12000138625024,0,77,45972432,97,0,100,3,100,0,88,602255266,95,4639,100,0,100,2,,,,,100.0,0.0,100.0,0.0,,,75.0,25.0,,,100.0,23.0,100.0,745.0,25,25,100,0,100,0,200,0,100.0,4358.0,100.0,36006082288.0,100.0,46559497984.0
2018-07-07,ZCH0BS96,ST12000NM0007,12000138625024,0,78,68904416,97,0,100,3,100,0,88,604697471,95,4662,100,0,100,2,,,,,100.0,0.0,100.0,0.0,,,75.0,25.0,,,100.0,23.0,100.0,746.0,25,25,100,0,100,0,200,0,100.0,4381.0,100.0,36082989976.0,100.0,46749663080.0
2018-07-08,ZCH0BS96,ST12000NM0007,12000138625024,0,80,107469640,97,0,100,3,100,0,88,607356982,95,4687,100,0,100,2,,,,,100.0,0.0,100.0,0.0,,,74.0,26.0,,,100.0,23.0,100.0,747.0,26,26,100,0,100,0,200,0,100.0,4405.0,100.0,36164191040.0,100.0,46951167960.0
2018-07-09,ZCH0BS96,ST12000NM0007,12000138625024,0,82,174407720,97,0,100,3,100,0,88,610721268,95,4710,100,0,100,2,,,,,100.0,0.0,100.0,0.0,,,74.0,26.0,,,100.0,24.0,100.0,748.0,26,26,100,0,100,0,200,0,100.0,4429.0,100.0,36260677400.0,100.0,47165760464.0
2018-07-10,ZCH0BS96,ST12000NM0007,12000138625024,0,84.0,239376544.0,97.0,0.0,100.0,3.0,100.0,0.0,88.0,613633228.0,95.0,4735.0,100.0,0.0,100.0,2.0,,,,,100.0,0.0,100.0,0.0,,,75.0,25.0,,,100.0,25.0,100.0,749.0,25.0,25.0,100.0,0.0,100.0,0.0,200.0,0.0,100.0,4453.0,100.0,36341707856.0,100.0,47393839496.0
2018-07-11,ZCH0BS96,ST12000NM0007,12000138625024,0,79,87426072,97,0,100,3,100,0,88,616605751,95,4759,100,0,100,2,,,,,100.0,0.0,100.0,0.0,,,75.0,25.0,,,100.0,26.0,100.0,750.0,25,25,100,0,100,0,200,0,100.0,4477.0,100.0,36441396664.0,100.0,47630481752.0
2018-07-12,ZCH0BS96,ST12000NM0007,12000138625024,0,82,171037032,97,0,100,3,100,0,88,619526873,95,4782,100,0,100,2,,,,,100.0,0.0,100.0,0.0,,,74.0,26.0,,,100.0,26.0,100.0,752.0,26,26,100,0,100,0,200,0,100.0,4500.0,100.0,36528758264.0,100.0,47870871864.0
2018-07-13,ZCH0BS96,ST12000NM0007,12000138625024,0,71,14117912,97,0,100,3,100,0,88,622443653,95,4806,100,0,100,2,,,,,100.0,0.0,100.0,0.0,,,74.0,26.0,,,100.0,27.0,100.0,753.0,26,26,100,0,100,0,200,0,100.0,4524.0,100.0,36617837640.0,100.0,48113154776.0
2018-07-14,ZCH0BS96,ST12000NM0007,12000138625024,0,75,35217680,97,0,100,3,100,0,88,625088769,95,4831,100,0,100,2,,,,,100.0,0.0,100.0,0.0,,,74.0,26.0,,,100.0,27.0,100.0,754.0,26,26,100,0,100,0,200,0,100.0,4548.0,100.0,36696185528.0,100.0,48300047528.0
2018-07-15,ZCH0BS96,ST12000NM0007,12000138625024,0,78,57584224,97,0,100,3,100,0,88,627633514,95,4854,100,0,100,2,,,,,100.0,0.0,100.0,0.0,,,74.0,26.0,,,100.0,27.0,100.0,755.0,26,26,100,0,100,0,200,0,100.0,4572.0,100.0,36767402056.0,100.0,48495338216.0
2018-07-16,ZCH0BS96,ST12000NM0007,12000138625024,0,79,87974272,97,0,100,3,100,0,88,630080770,95,4878,100,0,100,2,,,,,100.0,0.0,100.0,0.0,,,74.0,26.0,,,100.0,28.0,100.0,756.0,26,26,100,0,100,0,200,0,100.0,4596.0,100.0,36833442368.0,100.0,48703828608.0
2018-07-17,ZCH0BS96,ST12000NM0007,12000138625024,0,83,198887632,97,0,100,3,100,0,88,633168669,95,4902,100,0,100,2,,,,,100.0,0.0,100.0,0.0,,,74.0,26.0,,,100.0,29.0,100.0,757.0,26,26,100,0,100,0,200,0,100.0,4620.0,100.0,36927087056.0,100.0,48965238064.0
2018-07-18,ZCH0BS96,ST12000NM0007,12000138625024,0,75,32734800,97,0,100,3,100,0,88,636095381,95,4926,100,0,100,2,,,,,100.0,0.0,100.0,0.0,,,75.0,25.0,,,100.0,30.0,100.0,758.0,25,25,100,0,100,0,200,0,100.0,4644.0,100.0,37026351520.0,100.0,49188102112.0
2018-07-19,ZCH0BS96,ST12000NM0007,12000138625024,0,81,126990632,97,0,100,3,100,0,88,639480318,95,4950,100,0,100,2,,,,,100.0,0.0,100.0,0.0,,,74.0,26.0,,,100.0,30.0,100.0,759.0,26,26,100,0,100,0,200,0,100.0,4668.0,100.0,37114283608.0,100.0,49438566488.0
2018-07-20,ZCH0BS96,ST12000NM0007,12000138625024,0,84,240117216,97,0,100,3,100,0,88,642640094,95,4974,100,0,100,2,,,,,100.0,0.0,100.0,0.0,,,74.0,26.0,,,100.0,30.0,100.0,760.0,26,26,100,0,100,0,200,0,100.0,4692.0,100.0,37217608944.0,100.0,49692508496.0
2018-07-21,ZCH0BS96,ST12000NM0007,12000138625024,0,77,55633840,97,0,100,3,100,0,88,645393820,95,4998,100,0,100,2,,,,,100.0,0.0,100.0,0.0,,,74.0,26.0,,,100.0,30.0,100.0,761.0,26,26,100,0,100,0,200,0,100.0,4716.0,100.0,37321363040.0,100.0,49892552664.0
2018-07-22,ZCH0BS96,ST12000NM0007,12000138625024,0,80,90577648,97,0,100,3,100,0,88,647962195,95,5022,100,0,100,2,,,,,100.0,0.0,100.0,0.0,,,74.0,26.0,,,100.0,30.0,100.0,762.0,26,26,100,0,100,0,200,0,100.0,4739.0,100.0,37404572304.0,100.0,50088427960.0
2018-07-23,ZCH0BS96,ST12000NM0007,12000138625024,0,81,136185360,97,0,100,3,100,0,88,650718849,95,5047,100,0,100,2,,,,,100.0,0.0,100.0,0.0,,,74.0,26.0,,,100.0,30.0,100.0,763.0,26,26,100,0,100,0,200,0,100.0,4764.0,100.0,37493968848.0,100.0,50288779880.0
2018-07-24,ZCH0BS96,ST12000NM0007,12000138625024,0,83,213312616,97,0,100,3,100,0,88,653914251,95,5070,100,0,100,2,,,,,100.0,0.0,100.0,0.0,,,74.0,26.0,,,100.0,30.0,100.0,764.0,26,26,100,0,100,0,200,0,100.0,4788.0,100.0,37597290680.0,100.0,50506726136.0
2018-07-25,ZCH0BS96,ST12000NM0007,12000138625024,0,84.0,230585608.0,97.0,0.0,100.0,3.0,100.0,0.0,88.0,656440622.0,95.0,5094.0,100.0,0.0,100.0,2.0,,,,,100.0,0.0,100.0,0.0,,,74.0,26.0,,,100.0,30.0,100.0,765.0,26.0,26.0,100.0,0.0,100.0,0.0,200.0,0.0,100.0,4811.0,100.0,37673708960.0,100.0,50691721544.0
2018-07-26,ZCH0BS96,ST12000NM0007,12000138625024,0,83,204771264,97,0,100,3,100,0,88,658538040,95,5114,100,0,100,2,,,,,100.0,0.0,100.0,0.0,,,75.0,25.0,,,100.0,30.0,100.0,765.0,25,25,100,0,100,0,200,0,100.0,4831.0,100.0,37729150848.0,100.0,50854611408.0
2018-07-27,ZCH0BS96,ST12000NM0007,12000138625024,0,77,55099600,97,0,100,3,100,0,88,661511936,95,5138,100,0,100,2,,,,,100.0,0.0,100.0,0.0,,,74.0,26.0,,,100.0,30.0,100.0,766.0,26,26,100,0,100,0,200,0,100.0,4855.0,100.0,37864233600.0,100.0,51058138392.0
2018-07-28,ZCH0BS96,ST12000NM0007,12000138625024,0,79,81752544,97,0,100,3,100,0,88,664094353,95,5162,100,0,100,2,,,,,100.0,0.0,100.0,0.0,,,74.0,26.0,,,100.0,30.0,100.0,767.0,26,26,100,0,100,0,200,0,100.0,4879.0,100.0,37945317496.0,100.0,51247848072.0
2018-07-29,ZCH0BS96,ST12000NM0007,12000138625024,0,80,110353712,97,0,100,3,100,0,88,667050538,95,5186,100,0,100,2,,,,,100.0,0.0,100.0,0.0,,,74.0,26.0,,,100.0,30.0,100.0,768.0,26,26,100,0,100,0,200,0,100.0,4903.0,100.0,38009626936.0,100.0,51456280616.0
2018-07-30,ZCH0BS96,ST12000NM0007,12000138625024,0,81,118231272,97,0,100,3,100,0,88,669417271,95,5210,100,0,100,2,,,,,100.0,0.0,100.0,0.0,,,74.0,26.0,,,100.0,31.0,100.0,769.0,26,26,100,0,100,0,200,0,100.0,4927.0,100.0,38074130504.0,100.0,51643795376.0
2018-07-31,ZCH0BS96,ST12000NM0007,12000138625024,0,82,161075808,97,0,100,3,100,0,88,672064860,95,5234,100,0,100,2,,,,,100.0,0.0,100.0,0.0,,,74.0,26.0,,,100.0,31.0,100.0,770.0,26,26,100,0,100,0,200,0,100.0,4951.0,100.0,38149677160.0,100.0,51855233984.0
2018-08-01,ZCH0BS96,ST12000NM0007,12000138625024,0,83,208198488,97,0,100,3,100,0,88,674768186,94,5259,100,0,100,2,,,,,100.0,0.0,100.0,0.0,,,74.0,26.0,,,100.0,32.0,100.0,771.0,26,26,100,0,100,0,200,0,100.0,4975.0,100.0,38238250416.0,100.0,52057924128.0
2018-08-02,ZCH0BS96,ST12000NM0007,12000138625024,0,73,18989152,97,0,100,3,100,0,88,677594818,94,5282,100,0,100,2,,,,,100.0,0.0,100.0,0.0,,,74.0,26.0,,,100.0,32.0,100.0,772.0,26,26,100,0,100,0,200,0,100.0,4999.0,100.0,38335730272.0,100.0,52259516584.0
2018-08-03,ZCH0BS96,ST12000NM0007,12000138625024,0,76,35661944,97,0,100,3,100,0,88,680081739,94,5306,100,0,100,2,,,,,100.0,0.0,100.0,0.0,,,74.0,26.0,,,100.0,32.0,100.0,773.0,26,26,100,0,100,0,200,0,100.0,5022.0,100.0,38417065544.0,100.0,52438994792.0
2018-08-04,ZCH0BS96,ST12000NM0007,12000138625024,0,76,43121808,97,0,100,3,100,0,88,682567640,94,5330,100,0,100,2,,,,,100.0,0.0,100.0,0.0,,,74.0,26.0,,,100.0,32.0,100.0,774.0,26,26,100,0,100,0,200,0,100.0,5047.0,100.0,38487520016.0,100.0,52620141088.0
2018-08-05,ZCH0BS96,ST12000NM0007,12000138625024,0,77,54669928,97,0,100,3,100,0,88,684866242,94,5354,100,0,100,2,,,,,100.0,0.0,100.0,0.0,,,75.0,25.0,,,100.0,32.0,100.0,775.0,25,25,100,0,100,0,200,0,100.0,5071.0,100.0,38551318784.0,100.0,52812031320.0
2018-08-06,ZCH0BS96,ST12000NM0007,12000138625024,0,80,106515144,97,0,100,3,100,0,88,688018262,94,5378,100,0,100,2,,,,,100.0,0.0,100.0,0.0,,,75.0,25.0,,,100.0,32.0,100.0,776.0,25,25,100,0,100,0,200,0,100.0,5094.0,100.0,38630227664.0,100.0,53029108320.0
2018-08-07,ZCH0BS96,ST12000NM0007,12000138625024,0,82,162305240,97,0,100,3,100,0,88,690744113,94,5402,100,0,100,2,,,,,100.0,0.0,100.0,0.0,,,75.0,25.0,,,100.0,33.0,100.0,777.0,25,25,100,0,100,0,200,0,100.0,5119.0,100.0,38704830176.0,100.0,53254436752.0
2018-08-08,ZCH0BS96,ST12000NM0007,12000138625024,0,82,173798496,97,0,100,3,100,0,88,693281821,94,5426,100,0,100,2,,,,,100.0,0.0,100.0,0.0,,,75.0,25.0,,,100.0,33.0,100.0,778.0,25,25,100,0,100,0,200,0,100.0,5142.0,100.0,38768721768.0,100.0,53446179120.0
2018-08-09,ZCH0BS96,ST12000NM0007,12000138625024,0,83,216344872,97,0,100,3,100,0,88,696207415,94,5452,100,0,100,2,,,,,100.0,0.0,100.0,0.0,,,74.0,26.0,,,100.0,33.0,100.0,781.0,26,26,100,0,100,0,200,0,100.0,5167.0,100.0,38850514336.0,100.0,53651073568.0
2018-08-10,ZCH0BS96,ST12000NM0007,12000138625024,0,83,220527872,97,0,100,3,100,0,88,698679707,94,5476,100,0,100,2,,,,,100.0,0.0,100.0,0.0,,,75.0,25.0,,,100.0,33.0,100.0,782.0,25,25,100,0,100,0,200,0,100.0,5191.0,100.0,38923783488.0,100.0,53826128184.0
2018-08-11,ZCH0BS96,ST12000NM0007,12000138625024,0,83,197432568,97,0,100,3,100,0,88,700950695,94,5500,100,0,100,2,,,,,100.0,0.0,100.0,0.0,,,75.0,25.0,,,100.0,33.0,100.0,783.0,25,25,100,0,100,0,200,0,100.0,5215.0,100.0,38990840600.0,100.0,53980116400.0
2018-08-12,ZCH0BS96,ST12000NM0007,12000138625024,0,83,193352808,97,0,100,3,100,0,88,703275594,94,5524,100,0,100,2,,,,,100.0,0.0,100.0,0.0,,,75.0,25.0,,,100.0,34.0,100.0,784.0,25,25,100,0,100,0,200,0,100.0,5239.0,100.0,39064224248.0,100.0,54146793672.0
2018-08-13,ZCH0BS96,ST12000NM0007,12000138625024,0,83,197293672,97,0,100,3,100,0,88,705572691,94,5548,100,0,100,2,,,,,100.0,0.0,100.0,0.0,,,75.0,25.0,,,100.0,34.0,100.0,785.0,25,25,100,0,100,0,200,0,100.0,5263.0,100.0,39149178264.0,100.0,54309922608.0
2018-08-14,ZCH0BS96,ST12000NM0007,12000138625024,0,84.0,242916000.0,97.0,0.0,100.0,3.0,100.0,0.0,89.0,708215450.0,94.0,5572.0,100.0,0.0,100.0,2.0,,,,,100.0,0.0,100.0,0.0,,,75.0,25.0,,,100.0,34.0,100.0,786.0,25.0,25.0,100.0,0.0,100.0,0.0,200.0,0.0,100.0,5287.0,100.0,39229357352.0,100.0,54519506592.0
2018-08-15,ZCH0BS96,ST12000NM0007,12000138625024,0,75.0,32492520.0,97.0,0.0,100.0,3.0,100.0,0.0,89.0,710640552.0,94.0,5595.0,100.0,0.0,100.0,2.0,,,,,100.0,0.0,100.0,0.0,,,74.0,26.0,,,100.0,35.0,100.0,787.0,26.0,26.0,100.0,0.0,100.0,0.0,200.0,0.0,100.0,5310.0,100.0,39302423032.0,100.0,54724299280.0
2018-08-16,ZCH0BS96,ST12000NM0007,12000138625024,0,78,58362424,97,0,100,3,100,0,89,713250339,94,5619,100,0,100,2,,,,,100.0,0.0,100.0,0.0,,,74.0,26.0,,,100.0,35.0,100.0,788.0,26,26,100,0,100,0,200,0,100.0,5334.0,100.0,39389263560.0,100.0,54907469288.0
2018-08-17,ZCH0BS96,ST12000NM0007,12000138625024,0,79,82901760,97,0,100,3,100,0,89,715796821,94,5644,100,0,100,2,,,,,100.0,0.0,100.0,0.0,,,75.0,25.0,,,100.0,35.0,100.0,789.0,25,25,100,0,100,0,200,0,100.0,5358.0,100.0,39467725008.0,100.0,55097687824.0
2018-08-18,ZCH0BS96,ST12000NM0007,12000138625024,0,83,181690864,97,0,100,3,100,0,89,719362057,94,5668,100,0,100,2,,,,,100.0,0.0,100.0,0.0,,,74.0,26.0,,,100.0,35.0,100.0,790.0,26,26,100,0,100,0,200,0,100.0,5383.0,100.0,39543765096.0,100.0,55364577560.0
2018-08-19,ZCH0BS96,ST12000NM0007,12000138625024,0,83,194992600,97,0,100,3,100,0,89,721755967,94,5692,100,0,100,2,,,,,100.0,0.0,100.0,0.0,,,74.0,26.0,,,100.0,35.0,100.0,791.0,26,26,100,0,100,0,200,0,100.0,5406.0,100.0,39619906448.0,100.0,55545879080.0
2018-08-20,ZCH0BS96,ST12000NM0007,12000138625024,0,83,207731392,97,0,100,3,100,0,89,724165234,94,5716,100,0,100,2,,,,,100.0,0.0,100.0,0.0,,,75.0,25.0,,,100.0,36.0,100.0,792.0,25,25,100,0,100,0,200,0,100.0,5430.0,100.0,39696950544.0,100.0,55725714568.0
2018-08-21,ZCH0BS96,ST12000NM0007,12000138625024,0,84,232565632,97,0,100,3,100,0,89,726858055,94,5740,100,0,100,2,,,,,100.0,0.0,100.0,0.0,,,75.0,25.0,,,100.0,37.0,100.0,793.0,25,25,100,0,100,0,200,0,100.0,5454.0,100.0,39776727488.0,100.0,55914912680.0
2018-08-22,ZCH0BS96,ST12000NM0007,12000138625024,0,84,227128424,97,0,100,3,100,0,89,729229786,94,5764,100,0,100,2,,,,,100.0,0.0,100.0,0.0,,,75.0,25.0,,,100.0,38.0,100.0,794.0,25,25,100,0,100,0,200,0,100.0,5478.0,100.0,39854417944.0,100.0,56075925680.0
2018-08-23,ZCH0BS96,ST12000NM0007,12000138625024,0,75,31386656,97,0,100,3,100,0,89,731952007,94,5787,100,0,100,2,,,,,100.0,0.0,100.0,0.0,,,74.0,26.0,,,100.0,38.0,100.0,795.0,26,26,100,0,100,0,200,0,100.0,5501.0,100.0,39930574032.0,100.0,56292309184.0
2018-08-24,ZCH0BS96,ST12000NM0007,12000138625024,0,79,75036472,97,0,100,3,100,0,89,734484813,94,5812,100,0,100,2,,,,,100.0,0.0,100.0,0.0,,,75.0,25.0,,,100.0,39.0,100.0,796.0,25,25,100,0,100,0,200,0,100.0,5526.0,100.0,39998687576.0,100.0,56511987040.0
2018-08-25,ZCH0BS96,ST12000NM0007,12000138625024,0,81,136437736,97,0,100,3,100,0,89,736942054,94,5836,100,0,100,2,,,,,100.0,0.0,100.0,0.0,,,75.0,25.0,,,100.0,39.0,100.0,797.0,25,25,100,0,100,0,200,0,100.0,5549.0,100.0,40047786216.0,100.0,56768430456.0
2018-08-26,ZCH0BS96,ST12000NM0007,12000138625024,0,83,215100472,97,0,100,3,100,0,89,739474031,94,5859,100,0,100,2,,,,,100.0,0.0,100.0,0.0,,,74.0,26.0,,,100.0,39.0,100.0,798.0,26,26,100,0,100,0,200,0,100.0,5573.0,100.0,40095926672.0,100.0,57043093648.0
2018-08-27,ZCH0BS96,ST12000NM0007,12000138625024,0,83,216421376,97,0,100,3,100,0,89,741878126,94,5883,100,0,100,2,,,,,100.0,0.0,100.0,0.0,,,75.0,25.0,,,100.0,39.0,100.0,799.0,25,25,100,0,100,0,200,0,100.0,5597.0,100.0,40174316944.0,100.0,57210165096.0
2018-08-28,ZCH0BS96,ST12000NM0007,12000138625024,0,74,25351328,97,0,100,3,100,0,89,744643715,94,5908,100,0,100,2,,,,,100.0,0.0,100.0,0.0,,,75.0,25.0,,,100.0,40.0,100.0,800.0,25,25,100,0,100,0,200,0,100.0,5622.0,100.0,40252978968.0,100.0,57428714336.0
2018-08-29,ZCH0BS96,ST12000NM0007,12000138625024,0,79,71833768,97,0,100,3,100,0,89,747244036,94,5931,100,0,100,2,,,,,100.0,0.0,100.0,0.0,,,75.0,25.0,,,100.0,40.0,100.0,801.0,25,25,100,0,100,0,200,0,100.0,5645.0,100.0,40343888872.0,100.0,57628427512.0
2018-08-30,ZCH0BS96,ST12000NM0007,12000138625024,0,83,217803944,97,0,100,3,100,0,89,751402506,94,5959,100,0,100,2,,,,,100.0,0.0,100.0,0.0,,,75.0,25.0,,,100.0,41.0,100.0,802.0,25,25,100,0,100,0,200,0,100.0,5673.0,100.0,40456360288.0,100.0,57906067016.0
2018-08-31,ZCH0BS96,ST12000NM0007,12000138625024,0,73,17837192,97,0,100,3,100,0,89,754214546,94,5984,100,0,100,2,,,,,100.0,0.0,100.0,0.0,,,74.0,26.0,,,100.0,41.0,100.0,803.0,26,26,100,0,100,0,200,0,100.0,5697.0,100.0,40547591712.0,100.0,58103150432.0
2018-09-01,ZCH0BS96,ST12000NM0007,12000138625024,0,78,66875616,97,0,100,3,100,0,89,757021677,94,6008,100,0,100,2,,,,,100.0,0.0,100.0,0.0,,,75.0,25.0,,,100.0,41.0,100.0,804.0,25,25,100,0,100,0,200,0,100.0,5721.0,100.0,40631123544.0,100.0,58312797664.0
2018-09-02,ZCH0BS96,ST12000NM0007,12000138625024,0,81,113685088,97,0,100,3,100,0,89,759665805,94,6031,100,0,100,2,,,,,100.0,0.0,100.0,0.0,,,75.0,25.0,,,100.0,41.0,100.0,805.0,25,25,100,0,100,0,200,0,100.0,5744.0,100.0,40706807912.0,100.0,58528063544.0
2018-09-03,ZCH0BS96,ST12000NM0007,12000138625024,0,80,94729768,97,0,100,3,100,0,89,761929669,94,6055,100,0,100,2,,,,,100.0,0.0,100.0,0.0,,,75.0,25.0,,,100.0,42.0,100.0,806.0,25,25,100,0,100,0,200,0,100.0,5769.0,100.0,40773100824.0,100.0,58686955984.0
2018-09-04,ZCH0BS96,ST12000NM0007,12000138625024,0,82,162058736,97,0,100,3,100,0,89,764648137,94,6079,100,0,100,2,,,,,100.0,0.0,100.0,0.0,,,75.0,25.0,,,100.0,42.0,100.0,807.0,25,25,100,0,100,0,200,0,100.0,5792.0,100.0,40859853072.0,100.0,58911673344.0
2018-09-05,ZCH0BS96,ST12000NM0007,12000138625024,0,83,206804224,97,0,100,3,100,0,89,767183249,94,6103,100,0,100,2,,,,,100.0,0.0,100.0,0.0,,,75.0,25.0,,,100.0,42.0,100.0,808.0,25,25,100,0,100,0,200,0,100.0,5816.0,100.0,40943422256.0,100.0,59116990664.0
2018-09-06,ZCH0BS96,ST12000NM0007,12000138625024,0,69,7751736,97,0,100,3,100,0,89,770049196,94,6127,100,0,100,2,,,,,100.0,0.0,100.0,0.0,,,75.0,25.0,,,100.0,43.0,100.0,809.0,25,25,100,0,100,0,200,0,100.0,5839.0,100.0,41029553608.0,100.0,59320088424.0
2018-09-07,ZCH0BS96,ST12000NM0007,12000138625024,0,72,15079480,97,0,100,3,100,0,89,772554708,93,6151,100,0,100,2,,,,,100.0,0.0,100.0,0.0,,,75.0,25.0,,,100.0,43.0,100.0,810.0,25,25,100,0,100,0,200,0,100.0,5863.0,100.0,41112633320.0,100.0,59488477272.0
2018-09-08,ZCH0BS96,ST12000NM0007,12000138625024,0,75,34106544,97,0,100,3,100,0,89,775288406,93,6175,100,0,100,2,,,,,100.0,0.0,100.0,0.0,,,74.0,26.0,,,100.0,44.0,100.0,811.0,26,26,100,0,100,0,200,0,100.0,5887.0,100.0,41209045336.0,100.0,59655233136.0
2018-09-09,ZCH0BS96,ST12000NM0007,12000138625024,0,75,34816776,97,0,100,3,100,0,89,778017859,93,6198,100,0,100,2,,,,,100.0,0.0,100.0,0.0,,,75.0,25.0,,,100.0,44.0,100.0,812.0,25,25,100,0,100,0,200,0,100.0,5911.0,100.0,41301554240.0,100.0,59807575248.0
2018-09-10,ZCH0BS96,ST12000NM0007,12000138625024,0,76,37608792,97,0,100,3,100,0,89,780660096,93,6222,100,0,100,2,,,,,100.0,0.0,100.0,0.0,,,74.0,26.0,,,100.0,45.0,100.0,813.0,26,26,100,0,100,0,200,0,100.0,5934.0,100.0,41389006744.0,100.0,59967055448.0
2018-09-11,ZCH0BS96,ST12000NM0007,12000138625024,0,81,132743968,97,0,100,3,100,0,89,784267998,93,6247,100,0,100,2,,,,,100.0,0.0,100.0,0.0,,,74.0,26.0,,,100.0,46.0,100.0,814.0,26,26,100,0,100,0,200,0,100.0,5959.0,100.0,41487373160.0,100.0,60207964896.0
2018-09-12,ZCH0BS96,ST12000NM0007,12000138625024,0,83,201370648,97,0,100,3,100,0,89,787145244,93,6271,100,0,100,2,,,,,100.0,0.0,100.0,0.0,,,75.0,25.0,,,100.0,46.0,100.0,815.0,25,25,100,0,100,0,200,0,100.0,5983.0,100.0,41584302864.0,100.0,60423802552.0
2018-09-13,ZCH0BS96,ST12000NM0007,12000138625024,0,83,204737504,97,0,100,3,100,0,89,789436205,93,6290,100,0,100,2,,,,,100.0,0.0,100.0,0.0,,,75.0,25.0,,,100.0,46.0,100.0,816.0,25,25,100,0,100,0,200,0,100.0,6001.0,100.0,41651010208.0,100.0,60604602856.0
2018-09-14,ZCH0BS96,ST12000NM0007,12000138625024,0,84,237702376,97,0,100,3,100,0,89,792391957,93,6314,100,0,100,2,,,,,100.0,0.0,100.0,0.0,,,71.0,29.0,,,100.0,46.0,100.0,817.0,29,29,100,0,100,0,200,0,100.0,6026.0,100.0,41755359160.0,100.0,60777359592.0
2018-09-15,ZCH0BS96,ST12000NM0007,12000138625024,0,68,6619056,97,0,100,3,100,0,89,795103932,93,6338,100,0,100,2,,,,,100.0,0.0,100.0,0.0,,,70.0,30.0,,,100.0,46.0,100.0,818.0,30,30,100,0,100,0,200,0,100.0,6049.0,100.0,41857732296.0,100.0,60932184520.0
2018-09-16,ZCH0BS96,ST12000NM0007,12000138625024,0,77,51269912,97,0,100,3,100,0,89,798174639,93,6362,100,0,100,2,,,,,100.0,0.0,100.0,0.0,,,70.0,30.0,,,100.0,46.0,100.0,819.0,30,30,100,0,100,0,200,0,100.0,6074.0,100.0,41970572040.0,100.0,61108136288.0
2018-09-17,ZCH0BS96,ST12000NM0007,12000138625024,0,74,27818776,97,0,100,3,100,0,89,800649431,93,6386,100,0,100,2,,,,,100.0,0.0,100.0,0.0,,,70.0,30.0,,,100.0,46.0,100.0,820.0,30,30,100,0,100,0,200,0,100.0,6098.0,100.0,42041510272.0,100.0,61257887776.0
2018-09-18,ZCH0BS96,ST12000NM0007,12000138625024,0,78,68378032,97,0,100,3,100,0,89,803594988,93,6410,100,0,100,2,,,,,100.0,0.0,100.0,0.0,,,73.0,27.0,,,100.0,46.0,100.0,821.0,27,27,100,0,100,0,200,0,100.0,6121.0,100.0,42130001400.0,100.0,61454096792.0
2018-09-19,ZCH0BS96,ST12000NM0007,12000138625024,0,81,117175928,97,0,100,3,100,0,89,806597102,93,6434,100,0,100,2,,,,,100.0,0.0,100.0,0.0,,,72.0,28.0,,,100.0,46.0,100.0,822.0,28,28,100,0,100,0,200,0,100.0,6145.0,100.0,42215532392.0,100.0,61661504328.0
2018-09-20,ZCH0BS96,ST12000NM0007,12000138625024,0,82,159539584,97,0,100,3,100,0,89,809440866,93,6458,100,0,100,2,,,,,100.0,0.0,100.0,0.0,,,72.0,28.0,,,100.0,47.0,100.0,823.0,28,28,100,0,100,0,200,0,100.0,6169.0,100.0,42297811056.0,100.0,61865730088.0
2018-09-21,ZCH0BS96,ST12000NM0007,12000138625024,0,84,226470872,97,0,100,3,100,0,89,812664329,93,6482,100,0,100,2,,,,,100.0,0.0,100.0,0.0,,,73.0,27.0,,,100.0,47.0,100.0,824.0,27,27,100,0,100,0,200,0,100.0,6193.0,100.0,42417210896.0,100.0,62057402304.0
2018-09-22,ZCH0BS96,ST12000NM0007,12000138625024,0,100,1623944,97,0,100,3,100,0,89,815802291,93,6506,100,0,100,2,,,,,100.0,0.0,100.0,0.0,,,73.0,27.0,,,100.0,47.0,100.0,825.0,27,27,100,0,100,0,200,0,100.0,6217.0,100.0,42536911568.0,100.0,62201136208.0
2018-09-23,ZCH0BS96,ST12000NM0007,12000138625024,0,78,62112632,97,0,100,3,100,0,89,819690631,93,6530,100,0,100,2,,,,,100.0,0.0,100.0,0.0,,,73.0,27.0,,,100.0,47.0,100.0,826.0,27,27,100,0,100,0,200,0,100.0,6241.0,100.0,42653803632.0,100.0,62388873464.0
2018-09-24,ZCH0BS96,ST12000NM0007,12000138625024,0,81,126624488,97,0,100,3,100,0,89,822941489,93,6554,100,0,100,2,,,,,100.0,0.0,100.0,0.0,,,73.0,27.0,,,100.0,47.0,100.0,827.0,27,27,100,0,100,0,200,0,100.0,6265.0,100.0,42761722952.0,100.0,62589606656.0
2018-09-25,ZCH0BS96,ST12000NM0007,12000138625024,0,83,191214408,97,0,100,3,100,0,89,826144080,93,6578,100,0,100,2,,,,,100.0,0.0,100.0,0.0,,,73.0,27.0,,,100.0,47.0,100.0,828.0,27,27,100,0,100,0,200,0,100.0,6289.0,100.0,42850025184.0,100.0,62810035104.0
2018-09-26,ZCH0BS96,ST12000NM0007,12000138625024,0,83,211614976,97,0,100,3,100,0,89,829030214,93,6602,100,0,100,2,,,,,100.0,0.0,100.0,0.0,,,73.0,27.0,,,100.0,47.0,100.0,829.0,27,27,100,0,100,0,200,0,100.0,6312.0,100.0,42928243160.0,100.0,62996358360.0
2018-09-27,ZCH0BS96,ST12000NM0007,12000138625024,0,84,241249072,97,0,100,3,100,0,89,832130979,93,6626,100,0,100,2,,,,,100.0,0.0,100.0,0.0,,,73.0,27.0,,,100.0,47.0,100.0,830.0,27,27,100,0,100,0,200,0,100.0,6337.0,100.0,43012036312.0,100.0,63186340040.0
2018-09-28,ZCH0BS96,ST12000NM0007,12000138625024,0,84,242176392,97,0,100,3,100,0,89,834949558,93,6653,100,0,100,2,,,,,100.0,0.0,100.0,0.0,,,73.0,27.0,,,100.0,47.0,100.0,831.0,27,27,100,0,100,0,200,0,100.0,6364.0,100.0,43060656640.0,100.0,63382787664.0
2018-09-29,ZCH0BS96,ST12000NM0007,12000138625024,0,82,157663488,97,0,100,3,100,0,89,836629925,93,6678,100,0,100,2,,,,,100.0,0.0,100.0,0.0,,,73.0,27.0,,,100.0,47.0,100.0,832.0,27,27,100,0,100,0,200,0,100.0,6388.0,100.0,43067774520.0,100.0,63535297568.0
2018-09-30,ZCH0BS96,ST12000NM0007,12000138625024,0,80,105026312,97,0,100,3,100,0,89,838451041,93,6701,100,0,100,2,,,,,100.0,0.0,100.0,0.0,,,73.0,27.0,,,100.0,47.0,100.0,833.0,27,27,100,0,100,0,200,0,100.0,6412.0,100.0,43074362968.0,100.0,63720212600.0
2018-10-01,ZCH0BS96,ST12000NM0007,12000138625024,0,70,9620432,97,0,100,3,100,0,89,839936482,93,6724,100,0,100,2,,,,,100.0,0.0,100.0,0.0,,,74.0,26.0,,,100.0,47.0,100.0,834.0,26,26,100,0,100,0,200,0,100.0,6435.0,100.0,43080817296.0,100.0,63862493072.0
2018-10-02,ZCH0BS96,ST12000NM0007,12000138625024,0,84,240404208,97,0,100,3,100,0,89,842147679,93,6749,100,0,100,2,,,,,100.0,0.0,100.0,0.0,,,73.0,27.0,,,100.0,48.0,100.0,835.0,27,27,100,0,100,0,200,0,100.0,6459.0,100.0,43089627560.0,100.0,64084466584.0
2018-10-03,ZCH0BS96,ST12000NM0007,12000138625024,0,81,127204696,97,0,100,3,100,0,89,843607519,93,6774,100,0,100,2,,,,,100.0,0.0,100.0,0.0,,,74.0,26.0,,,100.0,48.0,100.0,836.0,26,26,100,0,100,0,200,0,100.0,6484.0,100.0,43095164816.0,100.0,64209870744.0
2018-10-04,ZCH0BS96,ST12000NM0007,12000138625024,0,82.0,159995992.0,97.0,0.0,100.0,3.0,100.0,0.0,89.0,846514776.0,93.0,6796.0,100.0,0.0,100.0,2.0,,,,,100.0,0.0,100.0,0.0,,,73.0,27.0,,,100.0,49.0,100.0,837.0,27.0,27.0,100.0,0.0,100.0,0.0,200.0,0.0,100.0,6506.0,100.0,43204481720.0,100.0,64377485768.0
2018-10-05,ZCH0BS96,ST12000NM0007,12000138625024,0,80,104362280,97,0,100,3,100,0,89,850955618,93,6820,100,0,100,2,,,,,100.0,0.0,100.0,0.0,,,73.0,27.0,,,100.0,50.0,100.0,838.0,27,27,100,0,100,0,200,0,100.0,6530.0,100.0,43385994576.0,100.0,64628620464.0
2018-10-06,ZCH0BS96,ST12000NM0007,12000138625024,0,77,47575984,97,0,100,3,100,0,89,855645961,93,6844,100,0,100,2,,,,,100.0,0.0,100.0,0.0,,,73.0,27.0,,,100.0,51.0,100.0,839.0,27,27,100,0,100,0,200,0,100.0,6554.0,100.0,43572403416.0,100.0,64873706968.0
2018-10-07,ZCH0BS96,ST12000NM0007,12000138625024,0,82,141261104,97,0,100,3,100,0,89,860157268,93,6869,100,0,100,2,,,,,100.0,0.0,100.0,0.0,,,72.0,28.0,,,100.0,52.0,100.0,840.0,28,28,100,0,100,0,200,0,100.0,6579.0,100.0,43700670600.0,100.0,65083265664.0
2018-10-08,ZCH0BS96,ST12000NM0007,12000138625024,0,84,224435576,97,0,100,3,100,0,89,864103202,93,6892,100,0,100,2,,,,,100.0,0.0,100.0,0.0,,,73.0,27.0,,,100.0,52.0,100.0,841.0,27,27,100,0,100,0,200,0,100.0,6602.0,100.0,43860556784.0,100.0,65250694624.0
2018-10-09,ZCH0BS96,ST12000NM0007,12000138625024,0,83.0,202386760.0,97.0,0.0,100.0,3.0,100.0,0.0,89.0,867010718.0,93.0,6909.0,100.0,0.0,100.0,2.0,,,,,100.0,0.0,100.0,0.0,,,73.0,27.0,,,100.0,52.0,100.0,842.0,27.0,27.0,100.0,0.0,100.0,0.0,200.0,0.0,100.0,6619.0,100.0,43969332400.0,100.0,65364010856.0
2018-10-10,ZCH0BS96,ST12000NM0007,12000138625024,0,84,230967824,97,0,100,3,100,0,89,872802241,93,6940,100,0,100,2,,,,,100.0,0.0,100.0,0.0,,,72.0,28.0,,,100.0,52.0,100.0,843.0,28,28,100,0,100,0,200,0,100.0,6650.0,100.0,44231959792.0,100.0,65618246016.0
2018-10-11,ZCH0BS96,ST12000NM0007,12000138625024,0,74,27872120,97,0,100,3,100,0,89,878829786,93,6966,100,0,100,2,,,,,100.0,0.0,100.0,0.0,,,72.0,28.0,,,100.0,53.0,100.0,844.0,28,28,100,0,100,0,200,0,100.0,6675.0,100.0,44533750688.0,100.0,65845781336.0
2018-10-12,ZCH0BS96,ST12000NM0007,12000138625024,0,84,227691712,97,0,100,3,100,0,89,883912551,93,6988,100,0,100,2,,,,,100.0,0.0,100.0,0.0,,,73.0,27.0,,,100.0,54.0,100.0,845.0,27,27,100,0,100,0,200,0,100.0,6697.0,100.0,44764230016.0,100.0,66059262456.0
2018-10-13,ZCH0BS96,ST12000NM0007,12000138625024,0,79,71191024,97,0,100,3,100,0,89,889882857,92,7013,100,0,100,2,,,,,100.0,0.0,100.0,0.0,,,73.0,27.0,,,100.0,54.0,100.0,846.0,27,27,100,0,100,0,200,0,100.0,6722.0,100.0,45050475216.0,100.0,66348938512.0
2018-10-14,ZCH0BS96,ST12000NM0007,12000138625024,0,76,43023200,97,0,100,3,100,0,90,897150025,92,7037,100,0,100,2,,,,,100.0,0.0,100.0,0.0,,,72.0,28.0,,,100.0,54.0,100.0,847.0,28,28,100,0,100,0,200,0,100.0,6746.0,100.0,45275120208.0,100.0,66828547952.0
2018-10-15,ZCH0BS96,ST12000NM0007,12000138625024,0,82,172608424,97,0,100,3,100,0,90,903599964,92,7061,100,0,100,2,,,,,100.0,0.0,100.0,0.0,,,73.0,27.0,,,100.0,55.0,100.0,848.0,27,27,100,0,100,0,200,0,100.0,6770.0,100.0,45309847736.0,100.0,67411687024.0
2018-10-16,ZCH0BS96,ST12000NM0007,12000138625024,0,77,45950576,97,0,100,3,100,0,90,908335680,92,7085,100,0,100,2,,,,,100.0,0.0,100.0,0.0,,,74.0,26.0,,,100.0,55.0,100.0,849.0,26,26,100,0,100,0,200,0,100.0,6793.0,100.0,45331804760.0,100.0,67751353416.0
2018-10-17,ZCH0BS96,ST12000NM0007,12000138625024,0,83,188436704,97,0,100,3,100,0,90,909832579,92,7109,100,0,100,2,,,,,100.0,0.0,100.0,0.0,,,74.0,26.0,,,100.0,56.0,100.0,850.0,26,26,100,0,100,0,200,0,100.0,6817.0,100.0,45340394248.0,100.0,67885250056.0
2018-10-18,ZCH0BS96,ST12000NM0007,12000138625024,0,78,69965496,97,0,100,3,100,0,90,911420639,92,7130,100,0,100,2,,,,,100.0,0.0,100.0,0.0,,,72.0,28.0,,,100.0,57.0,100.0,851.0,28,28,100,0,100,0,200,0,100.0,6838.0,100.0,45348993440.0,100.0,68002320560.0
2018-10-19,ZCH0BS96,ST12000NM0007,12000138625024,0,83,190262264,97,0,100,3,100,0,90,914765451,92,7154,100,0,100,2,,,,,100.0,0.0,100.0,0.0,,,73.0,27.0,,,100.0,57.0,100.0,852.0,27,27,100,0,100,0,200,0,100.0,6863.0,100.0,45359769976.0,100.0,68355981560.0
2018-10-20,ZCH0BS96,ST12000NM0007,12000138625024,0,81,120454608,97,0,100,3,100,0,90,916520723,92,7179,100,0,100,2,,,,,100.0,0.0,100.0,0.0,,,73.0,27.0,,,100.0,58.0,100.0,853.0,27,27,100,0,100,0,200,0,100.0,6887.0,100.0,45367268080.0,100.0,68522816472.0
2018-10-21,ZCH0BS96,ST12000NM0007,12000138625024,0,81,122315256,97,0,100,3,100,0,90,919510918,92,7203,100,0,100,2,,,,,100.0,0.0,100.0,0.0,,,73.0,27.0,,,100.0,58.0,100.0,854.0,27,27,100,0,100,0,200,0,100.0,6911.0,100.0,45379782824.0,100.0,68756303208.0
2018-10-22,ZCH0BS96,ST12000NM0007,12000138625024,0,75,32902792,97,0,100,3,100,0,90,921216361,92,7227,100,0,100,2,,,,,100.0,0.0,100.0,0.0,,,74.0,26.0,,,100.0,59.0,100.0,855.0,26,26,100,0,100,0,200,0,100.0,6934.0,100.0,45389354848.0,100.0,68901459368.0
2018-10-23,ZCH0BS96,ST12000NM0007,12000138625024,0,65,3029856,97,0,100,3,100,0,90,924823223,92,7250,100,0,100,2,,,,,100.0,0.0,100.0,0.0,,,73.0,27.0,,,100.0,59.0,100.0,856.0,27,27,100,0,100,0,200,0,100.0,6958.0,100.0,45431540896.0,100.0,69073541344.0
2018-10-25,ZCH0BS96,ST12000NM0007,12000138625024,0,80,108450752,97,0,100,3,100,0,90,929255405,92,7297,100,0,100,2,,,,,100.0,0.0,100.0,0.0,,,72.0,28.0,,,100.0,60.0,100.0,858.0,28,28,100,0,100,0,200,0,100.0,7004.0,100.0,45565912336.0,100.0,69288731544.0
2018-10-26,ZCH0BS96,ST12000NM0007,12000138625024,0,80,104763496,97,0,100,3,100,0,90,932024679,92,7322,100,0,100,2,,,,,100.0,0.0,100.0,0.0,,,72.0,28.0,,,100.0,60.0,100.0,859.0,28,28,100,0,100,0,200,0,100.0,7029.0,100.0,45638970384.0,100.0,69456126952.0
2018-10-27,ZCH0BS96,ST12000NM0007,12000138625024,0,79,87333664,97,0,100,3,100,0,90,934495428,92,7346,100,0,100,2,,,,,100.0,0.0,100.0,0.0,,,73.0,27.0,,,100.0,60.0,100.0,860.0,27,27,100,0,100,0,200,0,100.0,7053.0,100.0,45705863424.0,100.0,69615944800.0
2018-10-28,ZCH0BS96,ST12000NM0007,12000138625024,0,78,63448576,97,0,100,3,100,0,90,936969341,92,7370,100,0,100,2,,,,,100.0,0.0,100.0,0.0,,,73.0,27.0,,,100.0,61.0,100.0,861.0,27,27,100,0,100,0,200,0,100.0,7077.0,100.0,45767720688.0,100.0,69774343088.0
2018-10-29,ZCH0BS96,ST12000NM0007,12000138625024,0,74,24436048,97,0,100,3,100,0,90,939350669,92,7394,100,0,100,2,,,,,100.0,0.0,100.0,0.0,,,73.0,27.0,,,100.0,61.0,100.0,863.0,27,27,100,0,100,0,200,0,100.0,7100.0,100.0,45817341664.0,100.0,69929850592.0
2018-10-30,ZCH0BS96,ST12000NM0007,12000138625024,0,78,70071992,97,0,100,3,100,0,90,943064328,92,7419,100,0,100,2,,,,,100.0,0.0,100.0,0.0,,,73.0,27.0,,,100.0,61.0,100.0,864.0,27,27,100,0,100,0,200,0,100.0,7125.0,100.0,45892693208.0,100.0,70144275656.0
2018-10-31,ZCH0BS96,ST12000NM0007,12000138625024,0,100,2216808,97.0,0.0,100.0,3.0,100.0,0.0,90.0,945219112.0,92,7442,100.0,0.0,100,2,,,,,100.0,0.0,100.0,0.0,,,72.0,28.0,,,100.0,61.0,100.0,864.0,28,28,100.0,0.0,100.0,0.0,200.0,0.0,100.0,7148.0,100.0,45946067904.0,100.0,70267186520.0
2018-11-01,ZCH0BS96,ST12000NM0007,12000138625024,0,78,59290712,97.0,0.0,100.0,3.0,100.0,0.0,90.0,949202109.0,92,7471,100.0,0.0,100,2,,,,,100.0,0.0,100.0,0.0,,,71.0,29.0,,,100.0,61.0,100.0,866.0,29,29,100.0,0.0,100.0,0.0,200.0,0.0,100.0,7176.0,100.0,46027144880.0,100.0,70487324096.0
2018-11-02,ZCH0BS96,ST12000NM0007,12000138625024,0,67,5231552,97.0,0.0,100.0,3.0,100.0,0.0,90.0,951497266.0,92,7495,100.0,0.0,100,2,,,,,100.0,0.0,100.0,0.0,,,72.0,28.0,,,100.0,62.0,100.0,867.0,28,28,100.0,0.0,100.0,0.0,200.0,0.0,100.0,7201.0,100.0,46088108208.0,100.0,70616442240.0
2018-11-03,ZCH0BS96,ST12000NM0007,12000138625024,0,84,224972104,97.0,0.0,100.0,3.0,100.0,0.0,90.0,954215044.0,92,7519,100.0,0.0,100,2,,,,,100.0,0.0,100.0,0.0,,,72.0,28.0,,,100.0,63.0,100.0,868.0,28,28,100.0,0.0,100.0,0.0,200.0,0.0,100.0,7225.0,100.0,46170480944.0,100.0,70753810056.0
2018-11-04,ZCH0BS96,ST12000NM0007,12000138625024,0,83,187996592,97.0,0.0,100.0,3.0,100.0,0.0,90.0,957508157.0,92,7543,100.0,0.0,100,2,,,,,100.0,0.0,100.0,0.0,,,73.0,27.0,,,100.0,64.0,100.0,869.0,27,27,100.0,0.0,100.0,0.0,200.0,0.0,100.0,7248.0,100.0,46256912152.0,100.0,70874544104.0
2018-11-05,ZCH0BS96,ST12000NM0007,12000138625024,0,82,167657000,97.0,0.0,100.0,3.0,100.0,0.0,90.0,960138181.0,92,7567,100.0,0.0,100,2,,,,,100.0,0.0,100.0,0.0,,,72.0,28.0,,,100.0,65.0,100.0,870.0,28,28,100.0,0.0,100.0,0.0,200.0,0.0,100.0,7273.0,100.0,46329699440.0,100.0,71025558008.0
2018-11-06,ZCH0BS96,ST12000NM0007,12000138625024,0,82.0,176584024.0,97.0,0.0,100.0,3.0,100.0,0.0,90.0,964310816.0,92.0,7591.0,100.0,0.0,100.0,2.0,,,,,100.0,0.0,100.0,0.0,,,73.0,27.0,,,100.0,65.0,100.0,871.0,27.0,27.0,100.0,0.0,100.0,0.0,200.0,0.0,100.0,7296.0,100.0,46410256408.0,100.0,71198068920.0
2018-11-07,ZCH0BS96,ST12000NM0007,12000138625024,0,81.0,116076888.0,97.0,0.0,100.0,3.0,100.0,0.0,90.0,966651411.0,92.0,7615.0,100.0,0.0,100.0,2.0,,,,,100.0,0.0,100.0,0.0,,,73.0,27.0,,,100.0,66.0,100.0,872.0,27.0,27.0,100.0,0.0,100.0,0.0,200.0,0.0,100.0,7320.0,100.0,46477519536.0,100.0,71314439344.0
2018-11-08,ZCH0BS96,ST12000NM0007,12000138625024,0,74.0,26496992.0,97.0,0.0,100.0,3.0,100.0,0.0,90.0,969289574.0,92.0,7636.0,100.0,0.0,100.0,2.0,,,,,100.0,0.0,100.0,0.0,,,73.0,27.0,,,100.0,67.0,100.0,873.0,27.0,27.0,100.0,0.0,100.0,0.0,200.0,0.0,100.0,7341.0,100.0,46534857472.0,100.0,71411662272.0
2018-11-09,ZCH0BS96,ST12000NM0007,12000138625024,0,70,10191352,97.0,0.0,100.0,3.0,100.0,0.0,90.0,971835686.0,92,7660,100.0,0.0,100,2,,,,,100.0,0.0,100.0,0.0,,,74.0,26.0,,,100.0,67.0,100.0,874.0,26,26,100.0,0.0,100.0,0.0,200.0,0.0,100.0,7365.0,100.0,46592844024.0,100.0,71581510832.0
2018-11-10,ZCH0BS96,ST12000NM0007,12000138625024,0,84,231669256,97.0,0.0,100.0,3.0,100.0,0.0,90.0,974335568.0,92,7685,100.0,0.0,100,2,,,,,100.0,0.0,100.0,0.0,,,73.0,27.0,,,100.0,67.0,100.0,875.0,27,27,100.0,0.0,100.0,0.0,200.0,0.0,100.0,7390.0,100.0,46645704584.0,100.0,71750128176.0
2018-11-11,ZCH0BS96,ST12000NM0007,12000138625024,0,84,239648136,97.0,0.0,100.0,3.0,100.0,0.0,90.0,977015630.0,92,7708,100.0,0.0,100,2,,,,,100.0,0.0,100.0,0.0,,,73.0,27.0,,,100.0,67.0,100.0,876.0,27,27,100.0,0.0,100.0,0.0,200.0,0.0,100.0,7413.0,100.0,46705595328.0,100.0,71942356968.0
2018-11-12,ZCH0BS96,ST12000NM0007,12000138625024,0,69,7237976,97.0,0.0,100.0,3.0,100.0,0.0,90.0,979943839.0,92,7733,100.0,0.0,100,2,,,,,100.0,0.0,100.0,0.0,,,73.0,27.0,,,100.0,67.0,100.0,877.0,27,27,100.0,0.0,100.0,0.0,200.0,0.0,100.0,7437.0,100.0,46778568808.0,100.0,72125254776.0
2018-11-13,ZCH0BS96,ST12000NM0007,12000138625024,0,74,25573160,97.0,0.0,100.0,3.0,100.0,0.0,90.0,983615086.0,92,7756,100.0,0.0,100,2,,,,,100.0,0.0,100.0,0.0,,,74.0,26.0,,,100.0,67.0,100.0,878.0,26,26,100.0,0.0,100.0,0.0,200.0,0.0,100.0,7461.0,100.0,46854478688.0,100.0,72311820736.0
2018-11-14,ZCH0BS96,ST12000NM0007,12000138625024,0,83,219591306,97.0,0.0,100.0,3.0,100.0,0.0,90.0,985930529.0,92,7778,100.0,0.0,100,2,,,,,100.0,0.0,100.0,0.0,,,73.0,27.0,,,100.0,67.0,100.0,883.0,27,27,100.0,0.0,100.0,0.0,200.0,0.0,100.0,7482.0,100.0,46905355352.0,100.0,72454962218.0
2018-11-15,ZCH0BS96,ST12000NM0007,12000138625024,0,82,171122816,97.0,0.0,100.0,3.0,100.0,0.0,90.0,988333681.0,92,7801,100.0,0.0,100,2,,,,,100.0,0.0,100.0,0.0,,,72.0,28.0,,,100.0,68.0,100.0,884.0,28,28,100.0,0.0,100.0,0.0,200.0,0.0,100.0,7504.0,100.0,46969753816.0,100.0,72586235986.0
2018-11-16,ZCH0BS96,ST12000NM0007,12000138625024,0,81,137125288,97.0,0.0,100.0,3.0,100.0,0.0,90.0,991598553.0,92,7826,100.0,0.0,100,2,,,,,100.0,0.0,100.0,0.0,,,73.0,27.0,,,100.0,69.0,100.0,885.0,27,27,100.0,0.0,100.0,0.0,200.0,0.0,100.0,7529.0,100.0,47037941168.0,100.0,72728192194.0
2018-11-17,ZCH0BS96,ST12000NM0007,12000138625024,0,80.0,108359232.0,97.0,0.0,100.0,3.0,100.0,0.0,90.0,994720062.0,92.0,7849.0,100.0,0.0,100.0,2.0,,,,,100.0,0.0,100.0,0.0,,,73.0,27.0,,,100.0,69.0,100.0,886.0,27.0,27.0,100.0,0.0,100.0,0.0,200.0,0.0,100.0,7553.0,100.0,47091295048.0,100.0,72890212930.0
2018-11-18,ZCH0BS96,ST12000NM0007,12000138625024,0,80,99586392,97.0,0.0,100.0,3.0,100.0,0.0,90.0,997452639.0,92,7872,100.0,0.0,100,2,,,,,100.0,0.0,100.0,0.0,,,73.0,27.0,,,100.0,70.0,100.0,887.0,27,27,100.0,0.0,100.0,0.0,200.0,0.0,100.0,7576.0,100.0,47166087928.0,100.0,73050787898.0
2018-11-19,ZCH0BS96,ST12000NM0007,12000138625024,0,79,74062112,97.0,0.0,100.0,3.0,100.0,0.0,90.0,115640.0,91,7897,100.0,0.0,100,2,,,,,100.0,0.0,100.0,0.0,,,73.0,27.0,,,100.0,70.0,100.0,888.0,27,27,100.0,0.0,100.0,0.0,200.0,0.0,100.0,7600.0,100.0,47233629192.0,100.0,73201862986.0
2018-11-20,ZCH0BS96,ST12000NM0007,12000138625024,0,76,40796864,97.0,0.0,100.0,3.0,100.0,0.0,65.0,3439183.0,91,7920,100.0,0.0,100,2,,,,,100.0,0.0,100.0,0.0,,,73.0,27.0,,,100.0,70.0,100.0,889.0,27,27,100.0,0.0,100.0,0.0,200.0,0.0,100.0,7623.0,100.0,47297729512.0,100.0,73348638050.0
2018-11-21,ZCH0BS96,ST12000NM0007,12000138625024,0,76,41038744,97.0,0.0,100.0,3.0,100.0,0.0,68.0,6555205.0,91,7946,100.0,0.0,100,2,,,,,100.0,0.0,100.0,0.0,,,73.0,27.0,,,100.0,71.0,100.0,890.0,27,27,100.0,0.0,100.0,0.0,200.0,0.0,100.0,7649.0,100.0,47370468632.0,100.0,73520281570.0
2018-11-22,ZCH0BS96,ST12000NM0007,12000138625024,0,76,37744680,97.0,0.0,100.0,3.0,100.0,0.0,70.0,9281989.0,91,7969,100.0,0.0,100,2,,,,,100.0,0.0,100.0,0.0,,,72.0,28.0,,,100.0,71.0,100.0,891.0,28,28,100.0,0.0,100.0,0.0,200.0,0.0,100.0,7672.0,100.0,47430619304.0,100.0,73700977514.0
2018-11-23,ZCH0BS96,ST12000NM0007,12000138625024,0,77,44726184,97.0,0.0,100.0,3.0,100.0,0.0,71.0,12753843.0,91,7992,100.0,0.0,100,2,,,,,100.0,0.0,100.0,0.0,,,73.0,27.0,,,100.0,72.0,100.0,892.0,27,27,100.0,0.0,100.0,0.0,200.0,0.0,100.0,7695.0,100.0,47499912576.0,100.0,73882806546.0
2018-11-24,ZCH0BS96,ST12000NM0007,12000138625024,0,74,25301632,97.0,0.0,100.0,3.0,100.0,0.0,72.0,15327180.0,91,8018,100.0,0.0,100,2,,,,,100.0,0.0,100.0,0.0,,,73.0,27.0,,,100.0,72.0,100.0,893.0,27,27,100.0,0.0,100.0,0.0,200.0,0.0,100.0,7720.0,100.0,47552392168.0,100.0,74055043290.0
2018-11-25,ZCH0BS96,ST12000NM0007,12000138625024,0,83,218415784,97.0,0.0,100.0,3.0,100.0,0.0,72.0,17652223.0,91,8042,100.0,0.0,100,2,,,,,100.0,0.0,100.0,0.0,,,73.0,27.0,,,100.0,73.0,100.0,894.0,27,27,100.0,0.0,100.0,0.0,200.0,0.0,100.0,7744.0,100.0,47601368088.0,100.0,74199181522.0
2018-11-26,ZCH0BS96,ST12000NM0007,12000138625024,0,81,123337448,97.0,0.0,100.0,3.0,100.0,0.0,73.0,19797896.0,91,8066,100.0,0.0,100,2,,,,,100.0,0.0,100.0,0.0,,,73.0,27.0,,,100.0,74.0,100.0,895.0,27,27,100.0,0.0,100.0,0.0,200.0,0.0,100.0,7768.0,100.0,47658635088.0,100.0,74290977442.0
2018-11-27,ZCH0BS96,ST12000NM0007,12000138625024,0,81,134140096,97.0,0.0,100.0,3.0,100.0,0.0,74.0,23241069.0,91,8089,100.0,0.0,100,2,,,,,100.0,0.0,100.0,0.0,,,73.0,27.0,,,100.0,74.0,100.0,896.0,27,27,100.0,0.0,100.0,0.0,200.0,0.0,100.0,7791.0,100.0,47715426632.0,100.0,74489129242.0
2018-11-28,ZCH0BS96,ST12000NM0007,12000138625024,0,81,125286464,97.0,0.0,100.0,3.0,100.0,0.0,74.0,25812565.0,91,8114,100.0,0.0,100,2,,,,,100.0,0.0,100.0,0.0,,,73.0,27.0,,,100.0,74.0,100.0,897.0,27,27,100.0,0.0,100.0,0.0,200.0,0.0,100.0,7816.0,100.0,47770707768.0,100.0,74669135178.0
2018-11-29,ZCH0BS96,ST12000NM0007,12000138625024,0,81,130518224,97.0,0.0,100.0,3.0,100.0,0.0,75.0,28770434.0,91,8138,100.0,0.0,100,2,,,,,100.0,0.0,100.0,0.0,,,74.0,26.0,,,100.0,75.0,100.0,898.0,26,26,100.0,0.0,100.0,0.0,200.0,0.0,100.0,7840.0,100.0,47832868432.0,100.0,74856346954.0
2018-11-30,ZCH0BS96,ST12000NM0007,12000138625024,0,81,119019096,97.0,0.0,100.0,3.0,100.0,0.0,75.0,31954897.0,91,8161,100.0,0.0,100,2,,,,,100.0,0.0,100.0,0.0,,,75.0,25.0,,,100.0,76.0,100.0,899.0,25,25,100.0,0.0,100.0,0.0,200.0,0.0,100.0,7863.0,100.0,47888657064.0,100.0,75033200074.0
2018-12-01,ZCH0BS96,ST12000NM0007,12000138625024,0,79,80570776,97.0,0.0,100.0,3.0,100.0,0.0,75.0,34367830.0,91,8185,100.0,0.0,100,2,,,,,100.0,0.0,100.0,0.0,,,75.0,25.0,,,100.0,76.0,100.0,900.0,25,25,100.0,0.0,100.0,0.0,200.0,0.0,100.0,7887.0,100.0,47938696552.0,100.0,75188853090.0
2018-12-02,ZCH0BS96,ST12000NM0007,12000138625024,0,76,39884880,97.0,0.0,100.0,3.0,100.0,0.0,76.0,36857505.0,91,8209,100.0,0.0,100,2,,,,,100.0,0.0,100.0,0.0,,,76.0,24.0,,,100.0,77.0,100.0,901.0,24,24,100.0,0.0,100.0,0.0,200.0,0.0,100.0,7910.0,100.0,47998198040.0,100.0,75332806530.0
2018-12-03,ZCH0BS96,ST12000NM0007,12000138625024,0,74,25286256,97.0,0.0,100.0,3.0,100.0,0.0,76.0,39796175.0,91,8234,100.0,0.0,100,2,,,,,100.0,0.0,100.0,0.0,,,75.0,25.0,,,100.0,77.0,100.0,902.0,25,25,100.0,0.0,100.0,0.0,200.0,0.0,100.0,7935.0,100.0,48060302944.0,100.0,75500243682.0
2018-12-04,ZCH0BS96,ST12000NM0007,12000138625024,0,80,108588776,97.0,0.0,100.0,3.0,100.0,0.0,76.0,44444451.0,91,8258,100.0,0.0,100,2,,,,,100.0,0.0,100.0,0.0,,,75.0,25.0,,,100.0,77.0,100.0,903.0,25,25,100.0,0.0,100.0,0.0,200.0,0.0,100.0,7959.0,100.0,48139598912.0,100.0,75748390866.0
2018-12-05,ZCH0BS96,ST12000NM0007,12000138625024,0,80.0,100712848.0,97.0,0.0,100.0,3.0,100.0,0.0,77.0,47042999.0,91.0,8281.0,100.0,0.0,100.0,2.0,,,,,100.0,0.0,100.0,0.0,,,75.0,25.0,,,100.0,78.0,100.0,904.0,25.0,25.0,100.0,0.0,100.0,0.0,200.0,0.0,100.0,7983.0,100.0,48200731456.0,100.0,75923523034.0
2018-12-06,ZCH0BS96,ST12000NM0007,12000138625024,0,82,164103800,97.0,0.0,100.0,3.0,100.0,0.0,77.0,51609343.0,91,8311,100.0,0.0,100,2,,,,,100.0,0.0,100.0,0.0,,,76.0,24.0,,,100.0,79.0,100.0,905.0,24,24,100.0,0.0,100.0,0.0,200.0,0.0,100.0,8012.0,100.0,48288233704.0,100.0,76143552370.0
2018-12-07,ZCH0BS96,ST12000NM0007,12000138625024,0,80,100208792,97.0,0.0,100.0,3.0,100.0,0.0,77.0,54322635.0,91,8335,100.0,0.0,100,2,,,,,100.0,0.0,100.0,0.0,,,76.0,24.0,,,100.0,80.0,100.0,906.0,24,24,100.0,0.0,100.0,0.0,200.0,0.0,100.0,8036.0,100.0,48339722568.0,100.0,76272309306.0
2018-12-08,ZCH0BS96,ST12000NM0007,12000138625024,0,77,50147928,97.0,0.0,100.0,3.0,100.0,0.0,78.0,56749400.0,91,8359,100.0,0.0,100,2,,,,,100.0,0.0,100.0,0.0,,,76.0,24.0,,,100.0,81.0,100.0,907.0,24,24,100.0,0.0,100.0,0.0,200.0,0.0,100.0,8060.0,100.0,48397092280.0,100.0,76409019378.0
2018-12-09,ZCH0BS96,ST12000NM0007,12000138625024,0,83,195477120,97.0,0.0,100.0,3.0,100.0,0.0,78.0,58723000.0,91,8383,100.0,0.0,100,2,,,,,100.0,0.0,100.0,0.0,,,76.0,24.0,,,100.0,81.0,100.0,908.0,24,24,100.0,0.0,100.0,0.0,200.0,0.0,100.0,8084.0,100.0,48442887736.0,100.0,76508553114.0
2018-12-10,ZCH0BS96,ST12000NM0007,12000138625024,0,82,155455200,97.0,0.0,100.0,3.0,100.0,0.0,78.0,61114364.0,91,8406,100.0,0.0,100,2,,,,,100.0,0.0,100.0,0.0,,,76.0,24.0,,,100.0,81.0,100.0,909.0,24,24,100.0,0.0,100.0,0.0,200.0,0.0,100.0,8107.0,100.0,48498806312.0,100.0,76656753250.0
2018-12-11,ZCH0BS96,ST12000NM0007,12000138625024,0,80,103670416,97.0,0.0,100.0,3.0,100.0,0.0,78.0,64290021.0,91,8429,100.0,0.0,100,2,,,,,100.0,0.0,100.0,0.0,,,75.0,25.0,,,100.0,82.0,100.0,910.0,25,25,100.0,0.0,100.0,0.0,200.0,0.0,100.0,8130.0,100.0,48562508184.0,100.0,76785407226.0
2018-12-12,ZCH0BS96,ST12000NM0007,12000138625024,0,80,100226224,97.0,0.0,100.0,3.0,100.0,0.0,78.0,66902632.0,91,8453,100.0,0.0,100,2,,,,,100.0,0.0,100.0,0.0,,,76.0,24.0,,,100.0,82.0,100.0,911.0,24,24,100.0,0.0,100.0,0.0,200.0,0.0,100.0,8154.0,100.0,48624048576.0,100.0,76964563434.0
2018-12-13,ZCH0BS96,ST12000NM0007,12000138625024,0,77,46243088,97.0,0.0,100.0,3.0,100.0,0.0,78.0,70109525.0,91,8477,100.0,0.0,100,2,,,,,100.0,0.0,100.0,0.0,,,74.0,26.0,,,100.0,82.0,100.0,912.0,26,26,100.0,0.0,100.0,0.0,200.0,0.0,100.0,8178.0,100.0,48695662888.0,100.0,77083106618.0
2018-12-14,ZCH0BS96,ST12000NM0007,12000138625024,0,83,218919632,97.0,0.0,100.0,3.0,100.0,0.0,79.0,72279349.0,91,8502,100.0,0.0,100,2,,,,,100.0,0.0,100.0,0.0,,,74.0,26.0,,,100.0,83.0,100.0,913.0,26,26,100.0,0.0,100.0,0.0,200.0,0.0,100.0,8202.0,100.0,48749948256.0,100.0,77201497794.0
2018-12-15,ZCH0BS96,ST12000NM0007,12000138625024,0,81,126969384,97.0,0.0,100.0,3.0,100.0,0.0,79.0,74527795.0,91,8526,100.0,0.0,100,2,,,,,100.0,0.0,100.0,0.0,,,74.0,26.0,,,100.0,83.0,100.0,914.0,26,26,100.0,0.0,100.0,0.0,200.0,0.0,100.0,8226.0,100.0,48816793352.0,100.0,77286843186.0
2018-12-16,ZCH0BS96,ST12000NM0007,12000138625024,0,75,31666528,97.0,0.0,100.0,3.0,100.0,0.0,79.0,76669677.0,91,8551,100.0,0.0,100,2,,,,,100.0,0.0,100.0,0.0,,,74.0,26.0,,,100.0,84.0,100.0,915.0,26,26,100.0,0.0,100.0,0.0,200.0,0.0,100.0,8251.0,100.0,48866491304.0,100.0,77385983034.0
2018-12-17,ZCH0BS96,ST12000NM0007,12000138625024,0,83,223138896,97.0,0.0,100.0,3.0,100.0,0.0,79.0,78964543.0,91,8575,100.0,0.0,100,2,,,,,100.0,0.0,100.0,0.0,,,74.0,26.0,,,100.0,84.0,100.0,916.0,26,26,100.0,0.0,100.0,0.0,200.0,0.0,100.0,8275.0,100.0,48908987936.0,100.0,77534958770.0
2018-12-18,ZCH0BS96,ST12000NM0007,12000138625024,0,82,173043496,97.0,0.0,100.0,3.0,100.0,0.0,79.0,82035340.0,91,8598,100.0,0.0,100,2,,,,,100.0,0.0,100.0,0.0,,,74.0,26.0,,,100.0,85.0,100.0,917.0,26,26,100.0,0.0,100.0,0.0,200.0,0.0,100.0,8298.0,100.0,48966368560.0,100.0,77671623418.0
2018-12-19,ZCH0BS96,ST12000NM0007,12000138625024,0,81,141035704,97.0,0.0,100.0,3.0,100.0,0.0,79.0,84679023.0,91,8623,100.0,0.0,100,2,,,,,100.0,0.0,100.0,0.0,,,74.0,26.0,,,100.0,85.0,100.0,918.0,26,26,100.0,0.0,100.0,0.0,200.0,0.0,100.0,8323.0,100.0,49028908728.0,100.0,77821216098.0
2018-12-20,ZCH0BS96,ST12000NM0007,12000138625024,0,78,60158432,97.0,0.0,100.0,3.0,100.0,0.0,79.0,87724961.0,91,8646,100.0,0.0,100,2,,,,,100.0,0.0,100.0,0.0,,,74.0,26.0,,,100.0,86.0,100.0,919.0,26,26,100.0,0.0,100.0,0.0,200.0,0.0,100.0,8346.0,100.0,49092636168.0,100.0,77920752522.0
2018-12-21,ZCH0BS96,ST12000NM0007,12000138625024,0,71,13314752,97.0,0.0,100.0,3.0,100.0,0.0,80.0,90091598.0,91,8670,100.0,0.0,100,2,,,,,100.0,0.0,100.0,0.0,,,74.0,26.0,,,100.0,87.0,100.0,920.0,26,26,100.0,0.0,100.0,0.0,200.0,0.0,100.0,8370.0,100.0,49141876440.0,100.0,78068809202.0
2018-12-22,ZCH0BS96,ST12000NM0007,12000138625024,0,83,185567616,97.0,0.0,100.0,3.0,100.0,0.0,80.0,93028632.0,91,8694,100.0,0.0,100,2,,,,,100.0,0.0,100.0,0.0,,,74.0,26.0,,,100.0,87.0,100.0,921.0,26,26,100.0,0.0,100.0,0.0,200.0,0.0,100.0,8393.0,100.0,49190605048.0,100.0,78192333458.0
2018-12-23,ZCH0BS96,ST12000NM0007,12000138625024,0,82,151349848,97.0,0.0,100.0,3.0,100.0,0.0,80.0,95503745.0,91,8717,100.0,0.0,100,2,,,,,100.0,0.0,100.0,0.0,,,73.0,27.0,,,100.0,88.0,100.0,922.0,27,27,100.0,0.0,100.0,0.0,200.0,0.0,100.0,8417.0,100.0,49240802712.0,100.0,78352058730.0
2018-12-24,ZCH0BS96,ST12000NM0007,12000138625024,0,80,111922488,97.0,0.0,100.0,3.0,100.0,0.0,80.0,98076700.0,91,8743,100.0,0.0,100,2,,,,,100.0,0.0,100.0,0.0,,,74.0,26.0,,,100.0,89.0,100.0,923.0,26,26,100.0,0.0,100.0,0.0,200.0,0.0,100.0,8442.0,100.0,49316787256.0,100.0,78480787546.0
2018-12-25,ZCH0BS96,ST12000NM0007,12000138625024,0,79,75069600,97.0,0.0,100.0,3.0,100.0,0.0,80.0,101778589.0,90,8766,100.0,0.0,100,2,,,,,100.0,0.0,100.0,0.0,,,74.0,26.0,,,100.0,90.0,100.0,924.0,26,26,100.0,0.0,100.0,0.0,200.0,0.0,100.0,8465.0,100.0,49370038304.0,100.0,78634824250.0
2018-12-26,ZCH0BS96,ST12000NM0007,12000138625024,0,71,13377096,97.0,0.0,100.0,3.0,100.0,0.0,80.0,103920683.0,90,8790,100.0,0.0,100,2,,,,,100.0,0.0,100.0,0.0,,,74.0,26.0,,,100.0,90.0,100.0,925.0,26,26,100.0,0.0,100.0,0.0,200.0,0.0,100.0,8489.0,100.0,49412707488.0,100.0,78774603226.0
2018-12-27,ZCH0BS96,ST12000NM0007,12000138625024,0,83,184248296,97.0,0.0,100.0,3.0,100.0,0.0,80.0,106896684.0,90,8814,100.0,0.0,100,2,,,,,100.0,0.0,100.0,0.0,,,74.0,26.0,,,100.0,90.0,100.0,926.0,26,26,100.0,0.0,100.0,0.0,200.0,0.0,100.0,8513.0,100.0,49473157104.0,100.0,78885024810.0
2018-12-28,ZCH0BS96,ST12000NM0007,12000138625024,0,81,130378336,97.0,0.0,100.0,3.0,100.0,0.0,80.0,109319560.0,90,8838,100.0,0.0,100,2,,,,,100.0,0.0,100.0,0.0,,,74.0,26.0,,,100.0,91.0,100.0,927.0,26,26,100.0,0.0,100.0,0.0,200.0,0.0,100.0,8537.0,100.0,49516594000.0,100.0,79031858626.0
2018-12-29,ZCH0BS96,ST12000NM0007,12000138625024,0,77,45623952,97.0,0.0,100.0,3.0,100.0,0.0,80.0,111353207.0,90,8862,100.0,0.0,100,2,,,,,100.0,0.0,100.0,0.0,,,74.0,26.0,,,100.0,92.0,100.0,928.0,26,26,100.0,0.0,100.0,0.0,200.0,0.0,100.0,8561.0,100.0,49566359200.0,100.0,79141479850.0
2018-12-30,ZCH0BS96,ST12000NM0007,12000138625024,0,84,242841280,97.0,0.0,100.0,3.0,100.0,0.0,81.0,113587074.0,90,8886,100.0,0.0,100,2,,,,,100.0,0.0,100.0,0.0,,,75.0,25.0,,,100.0,93.0,100.0,929.0,25,25,100.0,0.0,100.0,0.0,200.0,0.0,100.0,8584.0,100.0,49619305648.0,100.0,79285750730.0
2018-12-31,ZCH0BS96,ST12000NM0007,12000138625024,0,83,198224232,97.0,0.0,100.0,3.0,100.0,0.0,81.0,116024798.0,90,8911,100.0,0.0,100,2,,,,,100.0,0.0,100.0,0.0,,,75.0,25.0,,,100.0,94.0,100.0,930.0,25,25,100.0,0.0,100.0,0.0,200.0,0.0,100.0,8609.0,100.0,49688563568.0,100.0,79416016938.0
