2018-01-13,ZCH0BGQC,ST12000NM0007,12000138625024,0,83.0,190138792.0,99.0,0.0,100.0,1.0,100,0,65.0,3316394.0,100,52,100.0,0.0,100,1,,,,,100.0,0.0,100.0,0.0,,,72.0,28.0,,,100.0,0.0,100.0,42.0,28.0,28.0,100.0,0.0,100.0,0.0,200,0,100.0,39.0,100.0,795562936.0,100.0,371152274.0
2018-01-14,ZCH0BGQC,ST12000NM0007,12000138625024,0,82.0,157497200.0,99.0,0.0,100.0,1.0,100,0,68.0,7048474.0,100,76,100.0,0.0,100,1,,,,,100.0,0.0,100.0,0.0,,,73.0,27.0,,,100.0,0.0,100.0,43.0,27.0,27.0,100.0,0.0,100.0,0.0,200,0,100.0,63.0,100.0,1165855392.0,100.0,700640730.0
2018-01-15,ZCH0BGQC,ST12000NM0007,12000138625024,0,75.0,34446920.0,99.0,0.0,100.0,1.0,100,0,70.0,10483241.0,100,100,100.0,0.0,100,1,,,,,100.0,0.0,100.0,0.0,,,71.0,29.0,,,100.0,0.0,100.0,44.0,29.0,29.0,100.0,0.0,100.0,0.0,200,0,100.0,88.0,100.0,1469081072.0,100.0,1006787002.0
2018-01-16,ZCH0BGQC,ST12000NM0007,12000138625024,0,82.0,163354952.0,99.0,0.0,100.0,1.0,100,0,71.0,14002683.0,100,124,100.0,0.0,100,1,,,,,100.0,0.0,100.0,0.0,,,73.0,27.0,,,100.0,0.0,100.0,45.0,27.0,27.0,100.0,0.0,100.0,0.0,200,0,100.0,111.0,100.0,1796399696.0,100.0,1296657818.0
2018-01-17,ZCH0BGQC,ST12000NM0007,12000138625024,0,75.0,33169888.0,99.0,0.0,100.0,1.0,100,0,72.0,17453667.0,100,148,100.0,0.0,100,1,,,,,100.0,0.0,100.0,0.0,,,73.0,27.0,,,100.0,0.0,100.0,46.0,27.0,27.0,100.0,0.0,100.0,0.0,200,0,100.0,135.0,100.0,2107076360.0,100.0,1588218666.0
2018-01-18,ZCH0BGQC,ST12000NM0007,12000138625024,0,83.0,188090960.0,99.0,0.0,100.0,1.0,100.0,0.0,73.0,19748329.0,100.0,163.0,100.0,0.0,100.0,1.0,,,,,100.0,0.0,100.0,0.0,,,74.0,26.0,,,100.0,0.0,100.0,47.0,26.0,26.0,100.0,0.0,100.0,0.0,200.0,0.0,100.0,150.0,100.0,2319202696.0,100.0,1775154098.0
2018-01-19,ZCH0BGQC,ST12000NM0007,12000138625024,0,81.0,129355848.0,99.0,0.0,100.0,1.0,100.0,0.0,74.0,23502483.0,100.0,187.0,100.0,0.0,100.0,1.0,,,,,100.0,0.0,100.0,0.0,,,74.0,26.0,,,100.0,0.0,100.0,49.0,26.0,26.0,100.0,0.0,100.0,0.0,200.0,0.0,100.0,174.0,100.0,2662769704.0,100.0,2105274154.0
2018-01-20,ZCH0BGQC,ST12000NM0007,12000138625024,0,73.0,19435216.0,99.0,0.0,100.0,1.0,100,0,74.0,27036498.0,100,210,100.0,0.0,100,1,,,,,100.0,0.0,100.0,0.0,,,74.0,26.0,,,100.0,0.0,100.0,49.0,26.0,26.0,100.0,0.0,100.0,0.0,200,0,100.0,197.0,100.0,2989965984.0,100.0,2400579514.0
2018-01-21,ZCH0BGQC,ST12000NM0007,12000138625024,0,83.0,197472824.0,99.0,0.0,100.0,1.0,100,0,75.0,30621487.0,100,234,100.0,0.0,100,1,,,,,100.0,0.0,100.0,0.0,,,73.0,27.0,,,100.0,0.0,100.0,50.0,27.0,27.0,100.0,0.0,100.0,0.0,200,0,100.0,220.0,100.0,3319525008.0,100.0,2737339626.0
2018-01-22,ZCH0BGQC,ST12000NM0007,12000138625024,0,82.0,161935984.0,99.0,0.0,100.0,1.0,100,0,75.0,34428241.0,100,258,100.0,0.0,100,1,,,,,100.0,0.0,100.0,0.0,,,74.0,26.0,,,100.0,0.0,100.0,51.0,26.0,26.0,100.0,0.0,100.0,0.0,200,0,100.0,245.0,100.0,3675065272.0,100.0,3078685154.0
2018-01-23,ZCH0BGQC,ST12000NM0007,12000138625024,0,66.0,4445784.0,99.0,0.0,100.0,1.0,100,0,76.0,36251464.0,100,270,100.0,0.0,100,1,,,,,100.0,0.0,100.0,0.0,,,73.0,27.0,,,100.0,0.0,100.0,52.0,27.0,27.0,100.0,0.0,100.0,0.0,200,0,100.0,256.0,100.0,3848329392.0,100.0,3236212586.0
2018-01-24,ZCH0BGQC,ST12000NM0007,12000138625024,0,83.0,199741496.0,99.0,0.0,100.0,1.0,100,0,76.0,42869682.0,100,314,100.0,0.0,100,1,,,,,100.0,0.0,100.0,0.0,,,75.0,25.0,,,100.0,0.0,100.0,54.0,25.0,25.0,100.0,0.0,100.0,0.0,200,0,100.0,301.0,100.0,4429769136.0,100.0,3826631506.0
2018-01-25,ZCH0BGQC,ST12000NM0007,12000138625024,0,82.0,170588344.0,99.0,0.0,100.0,1.0,100,0,77.0,45538016.0,100,331,100.0,0.0,100,1,,,,,100.0,0.0,100.0,0.0,,,75.0,25.0,,,100.0,0.0,100.0,54.0,25.0,25.0,100.0,0.0,100.0,0.0,200,0,100.0,318.0,100.0,4672233408.0,100.0,4043295346.0
2018-01-26,ZCH0BGQC,ST12000NM0007,12000138625024,0,84.0,231490496.0,99.0,0.0,100.0,1.0,100,0,77.0,47281284.0,100,343,100.0,0.0,100,1,,,,,100.0,0.0,100.0,0.0,,,74.0,26.0,,,100.0,0.0,100.0,55.0,26.0,26.0,100.0,0.0,100.0,0.0,200,0,100.0,329.0,100.0,4834421640.0,100.0,4186150306.0
2018-01-27,ZCH0BGQC,ST12000NM0007,12000138625024,0,78.0,59083096.0,99.0,0.0,100.0,1.0,100,0,77.0,53154726.0,100,379,100.0,0.0,100,1,,,,,100.0,0.0,100.0,0.0,,,75.0,25.0,,,100.0,1.0,100.0,56.0,25.0,25.0,100.0,0.0,100.0,0.0,200,0,100.0,366.0,100.0,5395355352.0,100.0,4673513106.0
2018-01-28,ZCH0BGQC,ST12000NM0007,12000138625024,0,83.0,186582512.0,99.0,0.0,100.0,1.0,100,0,78.0,56633418.0,100,403,100.0,0.0,100,1,,,,,100.0,0.0,100.0,0.0,,,75.0,25.0,,,100.0,1.0,100.0,57.0,25.0,25.0,100.0,0.0,100.0,0.0,200,0,100.0,389.0,100.0,5710722352.0,100.0,4973926882.0
2018-01-29,ZCH0BGQC,ST12000NM0007,12000138625024,0,79.0,87412312.0,99.0,0.0,100.0,1.0,100,0,78.0,60188874.0,100,427,100.0,0.0,100,1,,,,,100.0,0.0,100.0,0.0,,,75.0,25.0,,,100.0,2.0,100.0,58.0,25.0,25.0,100.0,0.0,100.0,0.0,200,0,100.0,413.0,100.0,6019378608.0,100.0,5298522522.0
2018-01-30,ZCH0BGQC,ST12000NM0007,12000138625024,0,78.0,63782752.0,99.0,0.0,100.0,1.0,100,0,78.0,65410923.0,100,459,100.0,0.0,100,1,,,,,100.0,0.0,100.0,0.0,,,75.0,25.0,,,100.0,2.0,100.0,60.0,25.0,25.0,100.0,0.0,100.0,0.0,200,0,100.0,445.0,100.0,6501928496.0,100.0,5768906258.0
2018-01-31,ZCH0BGQC,ST12000NM0007,12000138625024,0,83.0,209378912.0,99.0,0.0,100.0,1.0,100.0,0.0,78.0,69088027.0,100.0,483.0,100.0,0.0,100.0,1.0,,,,,100.0,0.0,100.0,0.0,,,74.0,26.0,,,100.0,2.0,100.0,61.0,26.0,26.0,100.0,0.0,100.0,0.0,200.0,0.0,100.0,468.0,100.0,6828265576.0,100.0,6076446802.0
2018-02-01,ZCH0BGQC,ST12000NM0007,12000138625024,0,83.0,185740760.0,99.0,0.0,100.0,1.0,100,0,79.0,73159342.0,100,508,100.0,0.0,100,1,,,,,100.0,0.0,100.0,0.0,,,74.0,26.0,,,100.0,2.0,100.0,62.0,26.0,26.0,100.0,0.0,100.0,0.0,200,0,100.0,493.0,100.0,7196984576.0,100.0,6416511930.0
2018-02-02,ZCH0BGQC,ST12000NM0007,12000138625024,0,80.0,92226568.0,99.0,0.0,100.0,1.0,100,0,79.0,76914612.0,100,531,100.0,0.0,100,1,,,,,100.0,0.0,100.0,0.0,,,74.0,26.0,,,100.0,2.0,100.0,63.0,26.0,26.0,100.0,0.0,100.0,0.0,200,0,100.0,517.0,100.0,7528452176.0,100.0,6723952498.0
2018-02-03,ZCH0BGQC,ST12000NM0007,12000138625024,0,75.0,34995240.0,99.0,0.0,100.0,1.0,100,0,79.0,80881953.0,100,555,100.0,0.0,100,1,,,,,100.0,0.0,100.0,0.0,,,74.0,26.0,,,100.0,3.0,100.0,64.0,26.0,26.0,100.0,0.0,100.0,0.0,200,0,100.0,540.0,100.0,7897027216.0,100.0,7030568762.0
2018-02-04,ZCH0BGQC,ST12000NM0007,12000138625024,0,82.0,154150384.0,99.0,0.0,100.0,1.0,100,0,79.0,84392707.0,100,576,100.0,0.0,100,1,,,,,100.0,0.0,100.0,0.0,,,75.0,25.0,,,100.0,3.0,100.0,65.0,25.0,25.0,100.0,0.0,100.0,0.0,200,0,100.0,561.0,100.0,8222209416.0,100.0,7312823258.0
2018-02-05,ZCH0BGQC,ST12000NM0007,12000138625024,0,80.0,93542576.0,99.0,0.0,100.0,1.0,100,0,79.0,88267215.0,100,599,100.0,0.0,100,1,,,,,100.0,0.0,100.0,0.0,,,75.0,25.0,,,100.0,3.0,100.0,66.0,25.0,25.0,100.0,0.0,100.0,0.0,200,0,100.0,584.0,100.0,8576566704.0,100.0,7630280346.0
2018-02-06,ZCH0BGQC,ST12000NM0007,12000138625024,0,78.0,63921312.0,99.0,0.0,100.0,1.0,100,0,80.0,92402678.0,100,624,100.0,0.0,100,1,,,,,100.0,0.0,100.0,0.0,,,75.0,25.0,,,100.0,3.0,100.0,67.0,25.0,25.0,100.0,0.0,100.0,0.0,200,0,100.0,610.0,100.0,8933620296.0,100.0,7976027970.0
2018-02-07,ZCH0BGQC,ST12000NM0007,12000138625024,0,72.0,15826184.0,99.0,0.0,100.0,1.0,100,0,80.0,96305862.0,100,649,100.0,0.0,100,1,,,,,100.0,0.0,100.0,0.0,,,75.0,25.0,,,100.0,3.0,100.0,68.0,25.0,25.0,100.0,0.0,100.0,0.0,200,0,100.0,633.0,100.0,9268901216.0,100.0,8325074162.0
2018-02-08,ZCH0BGQC,ST12000NM0007,12000138625024,0,83.0,210423104.0,99.0,0.0,100.0,1.0,100,0,80.0,100203305.0,100,673,100.0,0.0,100,1,,,,,100.0,0.0,100.0,0.0,,,75.0,25.0,,,100.0,3.0,100.0,70.0,25.0,25.0,100.0,0.0,100.0,0.0,200,0,100.0,657.0,100.0,9607383720.0,100.0,8669470338.0
2018-02-09,ZCH0BGQC,ST12000NM0007,12000138625024,0,83,210735784,99,0,100,1,100,0,80,104338735,100,697,100,0,100,1,,,,,100.0,0.0,100.0,0.0,,,75.0,25.0,,,100.0,3.0,100.0,71.0,25,25,100,0,100,0,200,0,100.0,682.0,100.0,9973040176.0,100.0,9036548730.0
2018-02-10,ZCH0BGQC,ST12000NM0007,12000138625024,0,83.0,210241040.0,99.0,0.0,100.0,1.0,100.0,0.0,80.0,108522272.0,100.0,721.0,100.0,0.0,100.0,1.0,,,,,100.0,0.0,100.0,0.0,,,74.0,26.0,,,100.0,3.0,100.0,72.0,26.0,26.0,100.0,0.0,100.0,0.0,200.0,0.0,100.0,706.0,100.0,10351053800.0,100.0,9390462538.0
2018-02-11,ZCH0BGQC,ST12000NM0007,12000138625024,0,82,163284720,99,0,100,1,100,0,81,112516388,100,746,100,0,100,1,,,,,100.0,0.0,100.0,0.0,,,74.0,26.0,,,100.0,3.0,100.0,73.0,26,26,100,0,100,0,200,0,100.0,730.0,100.0,10698296160.0,100.0,9728686218.0
2018-02-12,ZCH0BGQC,ST12000NM0007,12000138625024,0,79,86125408,99,0,100,1,100,0,81,116163163,100,768,100,0,100,1,,,,,100.0,0.0,100.0,0.0,,,73.0,27.0,,,100.0,3.0,100.0,74.0,27,27,100,0,100,0,200,0,100.0,753.0,100.0,11012826712.0,100.0,10069418666.0
2018-02-13,ZCH0BGQC,ST12000NM0007,12000138625024,0,84,235179376,99,0,100,1,100,0,81,120029124,100,792,100,0,100,1,,,,,100.0,0.0,100.0,0.0,,,73.0,27.0,,,100.0,3.0,100.0,75.0,27,27,100,0,100,0,200,0,100.0,777.0,100.0,11319716168.0,100.0,10399864546.0
2018-02-14,ZCH0BGQC,ST12000NM0007,12000138625024,0,82,177021008,99,0,100,1,100,0,81,123941232,100,817,100,0,100,1,,,,,100.0,0.0,100.0,0.0,,,74.0,26.0,,,100.0,3.0,100.0,76.0,26,26,100,0,100,0,200,0,100.0,801.0,100.0,11646998136.0,100.0,10746846514.0
2018-02-15,ZCH0BGQC,ST12000NM0007,12000138625024,0,82,155546936,99,0,100,1,100,0,81,127931655,100,841,100,0,100,1,,,,,100.0,0.0,100.0,0.0,,,73.0,27.0,,,100.0,3.0,100.0,77.0,27,27,100,0,100,0,200,0,100.0,825.0,100.0,11998912128.0,100.0,11105880602.0
2018-02-16,ZCH0BGQC,ST12000NM0007,12000138625024,0,79,73683680,99,0,100,1,100,0,81,131799167,100,865,100,0,100,1,,,,,100.0,0.0,100.0,0.0,,,73.0,27.0,,,100.0,3.0,100.0,78.0,27,27,100,0,100,0,200,0,100.0,850.0,100.0,12324645280.0,100.0,11430706602.0
2018-02-17,ZCH0BGQC,ST12000NM0007,12000138625024,0,76,38838224,99,0,100,1,100,0,81,135779567,99,890,100,0,100,1,,,,,100.0,0.0,100.0,0.0,,,74.0,26.0,,,100.0,3.0,100.0,79.0,26,26,100,0,100,0,200,0,100.0,874.0,100.0,12664356768.0,100.0,11788571858.0
2018-02-18,ZCH0BGQC,ST12000NM0007,12000138625024,0,82,173405480,99,0,100,1,100,0,81,139415844,99,912,100,0,100,1,,,,,100.0,0.0,100.0,0.0,,,74.0,26.0,,,100.0,3.0,100.0,80.0,26,26,100,0,100,0,200,0,100.0,896.0,100.0,12968119256.0,100.0,12107658210.0
2018-02-19,ZCH0BGQC,ST12000NM0007,12000138625024,0,81,115455168,99,0,100,1,100,0,82,143267531,99,937,100,0,100,1,,,,,100.0,0.0,100.0,0.0,,,74.0,26.0,,,100.0,4.0,100.0,81.0,26,26,100,0,100,0,200,0,100.0,920.0,100.0,13302124368.0,100.0,12448125114.0
2018-02-20,ZCH0BGQC,ST12000NM0007,12000138625024,0,78,58060408,99,0,100,1,100,0,82,147233142,99,961,100,0,100,1,,,,,100.0,0.0,100.0,0.0,,,73.0,27.0,,,100.0,4.0,100.0,82.0,27,27,100,0,100,0,200,0,100.0,945.0,100.0,13627934184.0,100.0,12797342810.0
2018-02-21,ZCH0BGQC,ST12000NM0007,12000138625024,0,75,29018728,99,0,100,1,100,0,82,151296174,99,985,100,0,100,1,,,,,100.0,0.0,100.0,0.0,,,73.0,27.0,,,100.0,4.0,100.0,83.0,27,27,100,0,100,0,200,0,100.0,969.0,100.0,13947879528.0,100.0,13180778186.0
2018-02-22,ZCH0BGQC,ST12000NM0007,12000138625024,0,80,96398400,99,0,100,1,100,0,82,154729436,99,1008,100,0,100,1,,,,,100.0,0.0,100.0,0.0,,,73.0,27.0,,,100.0,4.0,100.0,84.0,27,27,100,0,100,0,200,0,100.0,991.0,100.0,14210844944.0,100.0,13473474234.0
2018-02-23,ZCH0BGQC,ST12000NM0007,12000138625024,0,67,4846448,99,0,100,1,100,0,82,158529609,99,1032,100,0,100,1,,,,,100.0,0.0,100.0,0.0,,,73.0,27.0,,,100.0,4.0,100.0,85.0,27,27,100,0,100,0,200,0,100.0,1016.0,100.0,14518933352.0,100.0,13806255898.0
2018-02-24,ZCH0BGQC,ST12000NM0007,12000138625024,0,83,178053616,99,0,100,1,100,0,82,162396516,99,1057,100,0,100,1,,,,,100.0,0.0,100.0,0.0,,,73.0,27.0,,,100.0,4.0,100.0,86.0,27,27,100,0,100,0,200,0,100.0,1040.0,100.0,14837542160.0,100.0,14149135586.0
2018-02-25,ZCH0BGQC,ST12000NM0007,12000138625024,0,79,86770480,99,0,100,1,100,0,82,166092688,99,1081,100,0,100,1,,,,,100.0,0.0,100.0,0.0,,,73.0,27.0,,,100.0,4.0,100.0,87.0,27,27,100,0,100,0,200,0,100.0,1064.0,100.0,15144896656.0,100.0,14482920322.0
2018-02-26,ZCH0BGQC,ST12000NM0007,12000138625024,0,83,208130872,99,0,100,1,100,0,82,169540022,99,1103,100,0,100,1,,,,,100.0,0.0,100.0,0.0,,,74.0,26.0,,,100.0,4.0,100.0,88.0,26,26,100,0,100,0,200,0,100.0,1086.0,100.0,15438503352.0,100.0,14798955338.0
2018-02-27,ZCH0BGQC,ST12000NM0007,12000138625024,0,82,146300640,99,0,100,1,100,0,82,173440792,99,1128,100,0,100,1,,,,,100.0,0.0,100.0,0.0,,,72.0,28.0,,,100.0,4.0,100.0,89.0,28,28,100,0,100,0,200,0,100.0,1111.0,100.0,15758581288.0,100.0,15149469690.0
2018-02-28,ZCH0BGQC,ST12000NM0007,12000138625024,0,78,66491160,99,0,100,1,100,0,82,177371751,99,1152,100,0,100,1,,,,,100.0,0.0,100.0,0.0,,,73.0,27.0,,,100.0,5.0,100.0,90.0,27,27,100,0,100,0,200,0,100.0,1135.0,100.0,16069080656.0,100.0,15491582946.0
2018-03-01,ZCH0BGQC,ST12000NM0007,12000138625024,0,74,27601696,99,0,100,1,100,0,83,181420433,99,1179,100,0,100,1,,,,,100.0,0.0,100.0,0.0,,,74.0,26.0,,,100.0,5.0,100.0,92.0,26,26,100,0,100,0,200,0,100.0,1161.0,100.0,16403555912.0,100.0,15850640314.0
2018-03-02,ZCH0BGQC,ST12000NM0007,12000138625024,0,83,220735232,99,0,100,1,100,0,83,185330034,99,1203,100,0,100,1,,,,,100.0,0.0,100.0,0.0,,,74.0,26.0,,,100.0,5.0,100.0,93.0,26,26,100,0,100,0,200,0,100.0,1186.0,100.0,16746302584.0,100.0,16189309218.0
2018-03-03,ZCH0BGQC,ST12000NM0007,12000138625024,0,78,58894040,99,0,100,1,100,0,83,189033925,99,1227,100,0,100,1,,,,,100.0,0.0,100.0,0.0,,,74.0,26.0,,,100.0,5.0,100.0,94.0,26,26,100,0,100,0,200,0,100.0,1210.0,100.0,17020063824.0,100.0,16486129098.0
2018-03-04,ZCH0BGQC,ST12000NM0007,12000138625024,0,83,178576744,99,0,100,1,100,0,83,192750080,99,1252,100,0,100,1,,,,,100.0,0.0,100.0,0.0,,,73.0,27.0,,,100.0,5.0,100.0,95.0,27,27,100,0,100,0,200,0,100.0,1234.0,100.0,17318703024.0,100.0,16795454098.0
2018-03-05,ZCH0BGQC,ST12000NM0007,12000138625024,0,83,222069928,99,0,100,1,100,0,83,196150090,99,1276,100,0,100,1,,,,,100.0,0.0,100.0,0.0,,,74.0,26.0,,,100.0,5.0,100.0,96.0,26,26,100,0,100,0,200,0,100.0,1258.0,100.0,17559914856.0,100.0,17086016778.0
2018-03-06,ZCH0BGQC,ST12000NM0007,12000138625024,0,80,89518240,99,0,100,1,100,0,83,200044322,99,1302,100,0,100,1,,,,,100.0,0.0,100.0,0.0,,,74.0,26.0,,,100.0,5.0,100.0,97.0,26,26,100,0,100,0,200,0,100.0,1284.0,100.0,17852312656.0,100.0,17393489290.0
2018-03-07,ZCH0BGQC,ST12000NM0007,12000138625024,0,80.0,104745056.0,99.0,0.0,100.0,1.0,100.0,0.0,83.0,203389484.0,99.0,1325.0,100.0,0.0,100.0,1.0,,,,,100.0,0.0,100.0,0.0,,,74.0,26.0,,,100.0,5.0,100.0,98.0,26.0,26.0,100.0,0.0,100.0,0.0,200.0,0.0,100.0,1307.0,100.0,18091488472.0,100.0,17657821866.0
2018-03-08,ZCH0BGQC,ST12000NM0007,12000138625024,0,76,38704840,99,0,100,1,100,0,83,206274979,99,1346,100,0,100,1,,,,,100.0,0.0,100.0,0.0,,,74.0,26.0,,,100.0,5.0,100.0,99.0,26,26,100,0,100,0,200,0,100.0,1327.0,100.0,18280424936.0,100.0,17891126722.0
2018-03-09,ZCH0BGQC,ST12000NM0007,12000138625024,0,80,92399296,99,0,100,1,100,0,83,209894986,99,1370,100,0,100,1,,,,,100.0,0.0,100.0,0.0,,,74.0,26.0,,,100.0,5.0,100.0,100.0,26,26,100,0,100,0,200,0,100.0,1352.0,100.0,18529280240.0,100.0,18184247482.0
2018-03-10,ZCH0BGQC,ST12000NM0007,12000138625024,0,78,65175576,99,0,100,1,100,0,83,213357006,99,1394,100,0,100,1,,,,,100.0,0.0,100.0,0.0,,,74.0,26.0,,,100.0,5.0,100.0,101.0,26,26,100,0,100,0,200,0,100.0,1376.0,100.0,18752461048.0,100.0,18422124298.0
2018-03-11,ZCH0BGQC,ST12000NM0007,12000138625024,0,78,63554688,99,0,100,1,100,0,83,216810093,99,1418,100,0,100,1,,,,,100.0,0.0,100.0,0.0,,,75.0,25.0,,,100.0,6.0,100.0,102.0,25,25,100,0,100,0,200,0,100.0,1399.0,100.0,18970104160.0,100.0,18691141898.0
2018-03-12,ZCH0BGQC,ST12000NM0007,12000138625024,0,81,132047320,99,0,100,1,100,0,83,220714132,99,1443,100,0,100,1,,,,,100.0,0.0,100.0,0.0,,,74.0,26.0,,,100.0,6.0,100.0,103.0,26,26,100,0,100,0,200,0,100.0,1424.0,100.0,19220477584.0,100.0,18997542562.0
2018-03-13,ZCH0BGQC,ST12000NM0007,12000138625024,0,82,157011416,99,0,100,1,100,0,84,224213003,99,1466,100,0,100,1,,,,,100.0,0.0,100.0,0.0,,,74.0,26.0,,,100.0,6.0,100.0,104.0,26,26,100,0,100,0,200,0,100.0,1448.0,100.0,19476029056.0,100.0,19255236562.0
2018-03-14,ZCH0BGQC,ST12000NM0007,12000138625024,0,84,232750304,99,0,100,1,100,0,84,227682267,99,1490,100,0,100,1,,,,,100.0,0.0,100.0,0.0,,,74.0,26.0,,,100.0,6.0,100.0,105.0,26,26,100,0,100,0,200,0,100.0,1471.0,100.0,19751862248.0,100.0,19543423746.0
2018-03-15,ZCH0BGQC,ST12000NM0007,12000138625024,0,72,14686728,99,0,100,1,100,0,84,231275699,99,1514,100,0,100,1,,,,,100.0,0.0,100.0,0.0,,,74.0,26.0,,,100.0,6.0,100.0,106.0,26,26,100,0,100,0,200,0,100.0,1496.0,100.0,19993682920.0,100.0,19815961706.0
2018-03-16,ZCH0BGQC,ST12000NM0007,12000138625024,0,84.0,241027080.0,99.0,0.0,100.0,1.0,100.0,0.0,84.0,234653418.0,99.0,1539.0,100.0,0.0,100.0,1.0,,,,,100.0,0.0,100.0,0.0,,,74.0,26.0,,,100.0,6.0,100.0,107.0,26.0,26.0,100.0,0.0,100.0,0.0,200.0,0.0,100.0,1520.0,100.0,20217189664.0,100.0,20062936170.0
2018-03-17,ZCH0BGQC,ST12000NM0007,12000138625024,0,82,167265336,99,0,100,1,100,0,84,237581703,99,1559,100,0,100,1,,,,,100.0,0.0,100.0,0.0,,,74.0,26.0,,,100.0,6.0,100.0,108.0,26,26,100,0,100,0,200,0,100.0,1540.0,100.0,20422088064.0,100.0,20272557562.0
2018-03-18,ZCH0BGQC,ST12000NM0007,12000138625024,0,82,171192952,99,0,100,1,100,0,84,241032808,99,1582,100,0,100,1,,,,,100.0,0.0,100.0,0.0,,,74.0,26.0,,,100.0,6.0,100.0,109.0,26,26,100,0,100,0,200,0,100.0,1563.0,100.0,20665451152.0,100.0,20521403634.0
2018-03-19,ZCH0BGQC,ST12000NM0007,12000138625024,0,82,173102056,99,0,100,1,100,0,84,244503412,99,1606,100,0,100,1,,,,,100.0,0.0,100.0,0.0,,,74.0,26.0,,,100.0,6.0,100.0,110.0,26,26,100,0,100,0,200,0,100.0,1587.0,100.0,20898946376.0,100.0,20778098986.0
2018-03-20,ZCH0BGQC,ST12000NM0007,12000138625024,0,72,15954904,99,0,100,1,100,0,84,248393690,99,1631,100,0,100,1,,,,,100.0,0.0,100.0,0.0,,,75.0,25.0,,,100.0,6.0,100.0,111.0,25,25,100,0,100,0,200,0,100.0,1612.0,100.0,21180247448.0,100.0,21072073194.0
2018-03-21,ZCH0BGQC,ST12000NM0007,12000138625024,0,80,111273576,99,0,100,1,100,0,84,252303486,99,1654,100,0,100,1,,,,,100.0,0.0,100.0,0.0,,,73.0,27.0,,,100.0,6.0,100.0,112.0,27,27,100,0,100,0,200,0,100.0,1635.0,100.0,21480274744.0,100.0,21355645834.0
2018-03-22,ZCH0BGQC,ST12000NM0007,12000138625024,0,78,68346488,99,0,100,1,100,0,84,255572000,99,1678,100,0,100,1,,,,,100.0,0.0,100.0,0.0,,,74.0,26.0,,,100.0,6.0,100.0,113.0,26,26,100,0,100,0,200,0,100.0,1659.0,100.0,21679518304.0,100.0,21601756538.0
2018-03-23,ZCH0BGQC,ST12000NM0007,12000138625024,0,72,16098752,99,0,100,1,100,0,84,258889520,99,1702,100,0,100,1,,,,,100.0,0.0,100.0,0.0,,,73.0,27.0,,,100.0,6.0,100.0,114.0,27,27,100,0,100,0,200,0,100.0,1683.0,100.0,21876477608.0,100.0,21840831050.0
2018-03-24,ZCH0BGQC,ST12000NM0007,12000138625024,0,67,4791080,99,0,100,1,100,0,84,262264476,99,1726,100,0,100,1,,,,,100.0,0.0,100.0,0.0,,,74.0,26.0,,,100.0,6.0,100.0,115.0,26,26,100,0,100,0,200,0,100.0,1707.0,100.0,22081437248.0,100.0,22112845122.0
2018-03-25,ZCH0BGQC,ST12000NM0007,12000138625024,0,73,20459736,99,0,100,1,100,0,84,265737857,99,1750,100,0,100,1,,,,,100.0,0.0,100.0,0.0,,,74.0,26.0,,,100.0,6.0,100.0,116.0,26,26,100,0,100,0,200,0,100.0,1730.0,100.0,22333791192.0,100.0,22364441282.0
2018-03-26,ZCH0BGQC,ST12000NM0007,12000138625024,0,77,50426632,99,0,100,1,100,0,84,269228863,98,1773,100,0,100,1,,,,,100.0,0.0,100.0,0.0,,,74.0,26.0,,,100.0,6.0,100.0,117.0,26,26,100,0,100,0,200,0,100.0,1754.0,100.0,22594974592.0,100.0,22621506290.0
2018-03-27,ZCH0BGQC,ST12000NM0007,12000138625024,0,82,155251624,99,0,100,1,100,0,84,273204325,98,1799,100,0,100,1,,,,,100.0,0.0,100.0,0.0,,,74.0,26.0,,,100.0,6.0,100.0,118.0,26,26,100,0,100,0,200,0,100.0,1780.0,100.0,22883760928.0,100.0,22925826450.0
2018-03-28,ZCH0BGQC,ST12000NM0007,12000138625024,0,83,180108848,99,0,100,1,100,0,84,276821695,98,1823,100,0,100,1,,,,,100.0,0.0,100.0,0.0,,,75.0,25.0,,,100.0,6.0,100.0,119.0,25,25,100,0,100,0,200,0,100.0,1803.0,100.0,23143050760.0,100.0,23179675330.0
2018-03-29,ZCH0BGQC,ST12000NM0007,12000138625024,0,74,23622664,99,0,100,1,100,0,84,280784952,98,1849,100,0,100,1,,,,,100.0,0.0,100.0,0.0,,,75.0,25.0,,,100.0,6.0,100.0,120.0,25,25,100,0,100,0,200,0,100.0,1830.0,100.0,23418628696.0,100.0,23480033378.0
2018-03-30,ZCH0BGQC,ST12000NM0007,12000138625024,0,71,12926168,99,0,100,1,100,0,85,284418963,98,1875,100,0,100,1,,,,,100.0,0.0,100.0,0.0,,,74.0,26.0,,,100.0,6.0,100.0,121.0,26,26,100,0,100,0,200,0,100.0,1855.0,100.0,23645366880.0,100.0,23730880290.0
2018-03-31,ZCH0BGQC,ST12000NM0007,12000138625024,0,84,242686216,99,0,100,1,100,0,85,287976217,98,1898,100,0,100,1,,,,,100.0,0.0,100.0,0.0,,,74.0,26.0,,,100.0,6.0,100.0,122.0,26,26,100,0,100,0,200,0,100.0,1878.0,100.0,23876498936.0,100.0,23973649090.0
2018-04-01,ZCH0BGQC,ST12000NM0007,12000138625024,0,83,199902632,99,0,100,1,100,0,85,291587961,98,1922,100,0,100,1,,,,,100.0,0.0,100.0,0.0,,,75.0,25.0,,,100.0,6.0,100.0,123.0,25,25,100,0,100,0,200,0,100.0,1902.0,100.0,24088004656.0,100.0,24207641378.0
2018-04-02,ZCH0BGQC,ST12000NM0007,12000138625024,0,82,159149152,99,0,100,1,100,0,85,295127645,98,1946,100,0,100,1,,,,,100.0,0.0,100.0,0.0,,,74.0,26.0,,,100.0,6.0,100.0,124.0,26,26,100,0,100,0,200,0,100.0,1926.0,100.0,24287278984.0,100.0,24455895098.0
2018-04-03,ZCH0BGQC,ST12000NM0007,12000138625024,0,81,129583304,99,0,100,1,100,0,85,298796979,98,1970,100,0,100,1,,,,,100.0,0.0,100.0,0.0,,,74.0,26.0,,,100.0,6.0,100.0,125.0,26,26,100,0,100,0,200,0,100.0,1950.0,100.0,24502979584.0,100.0,24698910162.0
2018-04-04,ZCH0BGQC,ST12000NM0007,12000138625024,0,81,136344176,99,0,100,1,100,0,85,302831254,98,1994,100,0,100,1,,,,,100.0,0.0,100.0,0.0,,,75.0,25.0,,,100.0,6.0,100.0,126.0,25,25,100,0,100,0,200,0,100.0,1974.0,100.0,24710922224.0,100.0,24986009842.0
2018-04-05,ZCH0BGQC,ST12000NM0007,12000138625024,0,75,32285864,99,0,100,1,100,0,85,306100461,98,2017,100,0,100,1,,,,,100.0,0.0,100.0,0.0,,,76.0,24.0,,,100.0,6.0,100.0,127.0,24,24,100,0,100,0,200,0,100.0,1997.0,100.0,24875136144.0,100.0,25206018890.0
2018-04-06,ZCH0BGQC,ST12000NM0007,12000138625024,0,76,42293736,99,0,100,1,100,0,85,310006070,98,2042,100,0,100,1,,,,,100.0,0.0,100.0,0.0,,,76.0,24.0,,,100.0,6.0,100.0,128.0,24,24,100,0,100,0,200,0,100.0,2022.0,100.0,25106808648.0,100.0,25472635762.0
2018-04-07,ZCH0BGQC,ST12000NM0007,12000138625024,0,73.0,21035072.0,99.0,0.0,100.0,1.0,100.0,0.0,85.0,313597112.0,98.0,2067.0,100.0,0.0,100.0,1.0,,,,,100.0,0.0,100.0,0.0,,,76.0,24.0,,,100.0,6.0,100.0,129.0,24.0,24.0,100.0,0.0,100.0,0.0,200.0,0.0,100.0,2046.0,100.0,25321382240.0,100.0,25725085122.0
2018-04-08,ZCH0BGQC,ST12000NM0007,12000138625024,0,70,9780152,99,0,100,1,100,0,85,317064926,98,2091,100,0,100,1,,,,,100.0,0.0,100.0,0.0,,,76.0,24.0,,,100.0,6.0,100.0,130.0,24,24,100,0,100,0,200,0,100.0,2070.0,100.0,25552444632.0,100.0,25971049466.0
2018-04-09,ZCH0BGQC,ST12000NM0007,12000138625024,0,72,14804016,99,0,100,1,100,0,85,320612818,98,2115,100,0,100,1,,,,,100.0,0.0,100.0,0.0,,,76.0,24.0,,,100.0,6.0,100.0,131.0,24,24,100,0,100,0,200,0,100.0,2094.0,100.0,25772919776.0,100.0,26243879674.0
2018-04-10,ZCH0BGQC,ST12000NM0007,12000138625024,0,83,215277600,99,0,100,1,100,0,85,324008356,98,2137,100,0,100,1,,,,,100.0,0.0,100.0,0.0,,,76.0,24.0,,,100.0,6.0,100.0,132.0,24,24,100,0,100,0,200,0,100.0,2116.0,100.0,25980123440.0,100.0,26481290402.0
2018-04-11,ZCH0BGQC,ST12000NM0007,12000138625024,0,82,173602320,99,0,100,1,100,0,85,327640590,98,2162,100,0,100,1,,,,,100.0,0.0,100.0,0.0,,,76.0,24.0,,,100.0,6.0,100.0,133.0,24,24,100,0,100,0,200,0,100.0,2141.0,100.0,26187503816.0,100.0,26720516018.0
2018-04-12,ZCH0BGQC,ST12000NM0007,12000138625024,0,81,120897656,99,0,100,1,100,0,85,331116787,98,2186,100,0,100,1,,,,,100.0,0.0,100.0,0.0,,,76.0,24.0,,,100.0,6.0,100.0,134.0,24,24,100,0,100,0,200,0,100.0,2164.0,100.0,26380123072.0,100.0,26963473626.0
2018-04-13,ZCH0BGQC,ST12000NM0007,12000138625024,0,77,46715248,99,0,100,1,100,0,85,334494102,98,2209,100,0,100,1,,,,,100.0,0.0,100.0,0.0,,,76.0,24.0,,,100.0,6.0,100.0,135.0,24,24,100,0,100,0,200,0,100.0,2188.0,100.0,26561188344.0,100.0,27196507450.0
2018-04-14,ZCH0BGQC,ST12000NM0007,12000138625024,0,83,180110136,99,0,100,1,100,0,85,337874940,98,2234,100,0,100,1,,,,,100.0,0.0,100.0,0.0,,,76.0,24.0,,,100.0,6.0,100.0,136.0,24,24,100,0,100,0,200,0,100.0,2212.0,100.0,26731689032.0,100.0,27403542338.0
2018-04-15,ZCH0BGQC,ST12000NM0007,12000138625024,0,81,130521032,99,0,100,1,100,0,85,341463314,98,2258,100,0,100,1,,,,,100.0,0.0,100.0,0.0,,,76.0,24.0,,,100.0,6.0,100.0,137.0,24,24,100,0,100,0,200,0,100.0,2237.0,100.0,26939747624.0,100.0,27634175970.0
2018-04-16,ZCH0BGQC,ST12000NM0007,12000138625024,0,78,56687184,99,0,100,1,100,0,85,344913281,98,2282,100,0,100,1,,,,,100.0,0.0,100.0,0.0,,,76.0,24.0,,,100.0,6.0,100.0,138.0,24,24,100,0,100,0,200,0,100.0,2260.0,100.0,27118725648.0,100.0,27869645434.0
2018-04-17,ZCH0BGQC,ST12000NM0007,12000138625024,0,83,214128240,99,0,100,1,100,0,85,348446607,98,2305,100,0,100,1,,,,,100.0,0.0,100.0,0.0,,,76.0,24.0,,,100.0,6.0,100.0,139.0,24,24,100,0,100,0,200,0,100.0,2283.0,100.0,27297473712.0,100.0,28092479282.0
2018-04-18,ZCH0BGQC,ST12000NM0007,12000138625024,0,82,162393248,99,0,100,1,100,0,85,352056354,98,2330,100,0,100,1,,,,,100.0,0.0,100.0,0.0,,,77.0,23.0,,,100.0,6.0,100.0,140.0,23,23,100,0,100,0,200,0,100.0,2308.0,100.0,27487987872.0,100.0,28338511450.0
2018-04-19,ZCH0BGQC,ST12000NM0007,12000138625024,0,81,130147080,99,0,100,1,100,0,86,355619942,98,2354,100,0,100,1,,,,,100.0,0.0,100.0,0.0,,,77.0,23.0,,,100.0,6.0,100.0,141.0,23,23,100,0,100,0,200,0,100.0,2333.0,100.0,27695436720.0,100.0,28587097994.0
2018-04-20,ZCH0BGQC,ST12000NM0007,12000138625024,0,75,31885536,99,0,100,1,100,0,86,358892144,98,2378,100,0,100,1,,,,,100.0,0.0,100.0,0.0,,,76.0,24.0,,,100.0,6.0,100.0,142.0,24,24,100,0,100,0,200,0,100.0,2357.0,100.0,27861909440.0,100.0,28810645258.0
2018-04-21,ZCH0BGQC,ST12000NM0007,12000138625024,0,81,115560498,98,0,100,2,100,0,86,361842001,98,2402,100,0,100,1,,,,,100.0,0.0,100.0,0.0,,,76.0,24.0,,,100.0,7.0,100.0,145.0,24,24,100,0,100,0,200,0,100.0,2380.0,100.0,27999295560.0,100.0,29001074964.0
2018-04-22,ZCH0BGQC,ST12000NM0007,12000138625024,0,72,16863352,98,0,100,2,100,0,86,365152588,98,2427,100,0,100,1,,,,,100.0,0.0,100.0,0.0,,,76.0,24.0,,,100.0,7.0,100.0,146.0,24,24,100,0,100,0,200,0,100.0,2405.0,100.0,28176202720.0,100.0,29213752188.0
2018-04-23,ZCH0BGQC,ST12000NM0007,12000138625024,0,82,176177672,98,0,100,2,100,0,86,368396066,98,2451,100,0,100,1,,,,,100.0,0.0,100.0,0.0,,,76.0,24.0,,,100.0,7.0,100.0,147.0,24,24,100,0,100,0,200,0,100.0,2429.0,100.0,28354506712.0,100.0,29438903324.0
2018-04-24,ZCH0BGQC,ST12000NM0007,12000138625024,0,73,19320320,98,0,100,2,100,0,86,371418095,98,2474,100,0,100,1,,,,,100.0,0.0,100.0,0.0,,,76.0,24.0,,,100.0,7.0,100.0,148.0,24,24,100,0,100,0,200,0,100.0,2452.0,100.0,28506512736.0,100.0,29618321492.0
2018-04-25,ZCH0BGQC,ST12000NM0007,12000138625024,0,83,180149008,98,0,100,2,100,0,86,374732273,98,2500,100,0,100,1,,,,,100.0,0.0,100.0,0.0,,,76.0,24.0,,,100.0,7.0,100.0,149.0,24,24,100,0,100,0,200,0,100.0,2477.0,100.0,28676179776.0,100.0,29853623796.0
2018-04-26,ZCH0BGQC,ST12000NM0007,12000138625024,0,80,99599376,98,0,100,2,100,0,86,378461835,98,2524,100,0,100,1,,,,,100.0,0.0,100.0,0.0,,,76.0,24.0,,,100.0,7.0,100.0,150.0,24,24,100,0,100,0,200,0,100.0,2502.0,100.0,28845466856.0,100.0,30092068564.0
2018-04-27,ZCH0BGQC,ST12000NM0007,12000138625024,0,84,227394800,98,0,100,2,100,0,86,381744259,98,2548,100,0,100,1,,,,,100.0,0.0,100.0,0.0,,,76.0,24.0,,,100.0,8.0,100.0,151.0,24,24,100,0,100,0,200,0,100.0,2525.0,100.0,29007675120.0,100.0,30301796372.0
2018-04-28,ZCH0BGQC,ST12000NM0007,12000138625024,0,80,108828472,98,0,100,2,100,0,86,385105569,98,2573,100,0,100,1,,,,,100.0,0.0,100.0,0.0,,,76.0,24.0,,,100.0,8.0,100.0,152.0,24,24,100,0,100,0,200,0,100.0,2550.0,100.0,29148635208.0,100.0,30530551948.0
2018-04-29,ZCH0BGQC,ST12000NM0007,12000138625024,0,81,114358816,98,0,100,2,100,0,86,387628467,98,2597,100,0,100,1,,,,,100.0,0.0,100.0,0.0,,,75.0,25.0,,,100.0,8.0,100.0,153.0,25,25,100,0,100,0,200,0,100.0,2574.0,100.0,29248206560.0,100.0,30680651732.0
2018-04-30,ZCH0BGQC,ST12000NM0007,12000138625024,0,83,201832800,98,0,100,2,100,0,86,390569711,98,2620,100,0,100,1,,,,,100.0,0.0,100.0,0.0,,,76.0,24.0,,,100.0,9.0,100.0,154.0,24,24,100,0,100,0,200,0,100.0,2597.0,100.0,29371136608.0,100.0,30889336316.0
2018-05-01,ZCH0BGQC,ST12000NM0007,12000138625024,0,80,95724776,98,0,100,2,100,0,86,393858951,97,2644,100,0,100,1,,,,,100.0,0.0,100.0,0.0,,,76.0,24.0,,,100.0,9.0,100.0,155.0,24,24,100,0,100,0,200,0,100.0,2621.0,100.0,29522037264.0,100.0,31120608916.0
2018-05-02,ZCH0BGQC,ST12000NM0007,12000138625024,0,84.0,241896912.0,98.0,0.0,100.0,2.0,100.0,0.0,86.0,397178168.0,97.0,2668.0,100.0,0.0,100.0,1.0,,,,,100.0,0.0,100.0,0.0,,,76.0,24.0,,,100.0,9.0,100.0,156.0,24.0,24.0,100.0,0.0,100.0,0.0,200.0,0.0,100.0,2645.0,100.0,29679378392.0,100.0,31353580588.0
2018-05-03,ZCH0BGQC,ST12000NM0007,12000138625024,0,78,62135704,98,0,100,2,100,0,86,399812977,97,2691,100,0,100,1,,,,,100.0,0.0,100.0,0.0,,,76.0,24.0,,,100.0,9.0,100.0,158.0,24,24,100,0,100,0,200,0,100.0,2667.0,100.0,29793568976.0,100.0,31547910100.0
2018-05-04,ZCH0BGQC,ST12000NM0007,12000138625024,0,83,184875272,98,0,100,2,100,0,86,402979536,97,2715,100,0,100,1,,,,,100.0,0.0,100.0,0.0,,,76.0,24.0,,,100.0,9.0,100.0,159.0,24,24,100,0,100,0,200,0,100.0,2691.0,100.0,29931157272.0,100.0,31777202100.0
2018-05-05,ZCH0BGQC,ST12000NM0007,12000138625024,0,77,55774800,98,0,100,2,100,0,86,406090060,97,2738,100,0,100,1,,,,,100.0,0.0,100.0,0.0,,,76.0,24.0,,,100.0,9.0,100.0,160.0,24,24,100,0,100,0,200,0,100.0,2714.0,100.0,30083129384.0,100.0,31984410948.0
2018-05-06,ZCH0BGQC,ST12000NM0007,12000138625024,0,82,167564000,98,0,100,2,100,0,86,409280994,97,2761,100,0,100,1,,,,,100.0,0.0,100.0,0.0,,,75.0,25.0,,,100.0,9.0,100.0,161.0,25,25,100,0,100,0,200,0,100.0,2737.0,100.0,30247268712.0,100.0,32176201564.0
2018-05-07,ZCH0BGQC,ST12000NM0007,12000138625024,0,78,61022176,98,0,100,2,100,0,86,412643228,97,2789,100,0,100,1,,,,,100.0,0.0,100.0,0.0,,,75.0,25.0,,,100.0,9.0,100.0,162.0,25,25,100,0,100,0,200,0,100.0,2765.0,100.0,30395391952.0,100.0,32409818084.0
2018-05-08,ZCH0BGQC,ST12000NM0007,12000138625024,0,82,165461168,98,0,100,2,100,0,86,415834690,97,2813,100,0,100,1,,,,,100.0,0.0,100.0,0.0,,,75.0,25.0,,,100.0,9.0,100.0,163.0,25,25,100,0,100,0,200,0,100.0,2789.0,100.0,30559940680.0,100.0,32593848996.0
2018-05-09,ZCH0BGQC,ST12000NM0007,12000138625024,0,75,30135600,98,0,100,2,100,0,86,419400169,97,2837,100,0,100,1,,,,,100.0,0.0,100.0,0.0,,,75.0,25.0,,,100.0,9.0,100.0,164.0,25,25,100,0,100,0,200,0,100.0,2813.0,100.0,30692054352.0,100.0,32814691292.0
2018-05-10,ZCH0BGQC,ST12000NM0007,12000138625024,0,78,68755752,98,0,100,2,100,0,86,421958714,97,2859,100,0,100,1,,,,,100.0,0.0,100.0,0.0,,,75.0,25.0,,,100.0,10.0,100.0,166.0,25,25,100,0,100,0,200,0,100.0,2835.0,100.0,30792627032.0,100.0,32996879556.0
2018-05-11,ZCH0BGQC,ST12000NM0007,12000138625024,0,82,159671096,98,0,100,2,100,0,86,424915881,97,2883,100,0,100,1,,,,,100.0,0.0,100.0,0.0,,,75.0,25.0,,,100.0,10.0,100.0,167.0,25,25,100,0,100,0,200,0,100.0,2858.0,100.0,30895342936.0,100.0,33229219668.0
2018-05-12,ZCH0BGQC,ST12000NM0007,12000138625024,0,83,204551304,98,0,100,2,100,0,86,427603666,97,2907,100,0,100,1,,,,,100.0,0.0,100.0,0.0,,,75.0,25.0,,,100.0,10.0,100.0,168.0,25,25,100,0,100,0,200,0,100.0,2883.0,100.0,31005669632.0,100.0,33407913860.0
2018-05-13,ZCH0BGQC,ST12000NM0007,12000138625024,0,75,31568624,98,0,100,2,100,0,86,430423680,97,2930,100,0,100,1,,,,,100.0,0.0,100.0,0.0,,,75.0,25.0,,,100.0,10.0,100.0,169.0,25,25,100,0,100,0,200,0,100.0,2906.0,100.0,31112041648.0,100.0,33616840876.0
2018-05-14,ZCH0BGQC,ST12000NM0007,12000138625024,0,80,103909168,98,0,100,2,100,0,86,433390162,97,2955,100,0,100,1,,,,,100.0,0.0,100.0,0.0,,,75.0,25.0,,,100.0,11.0,100.0,170.0,25,25,100,0,100,0,200,0,100.0,2930.0,100.0,31224497080.0,100.0,33820866852.0
2018-05-15,ZCH0BGQC,ST12000NM0007,12000138625024,0,81.0,132447368.0,98.0,0.0,100.0,2.0,100.0,0.0,86.0,436021195.0,97.0,2978.0,100.0,0.0,100.0,1.0,,,,,100.0,0.0,100.0,0.0,,,75.0,25.0,,,100.0,11.0,100.0,171.0,25.0,25.0,100.0,0.0,100.0,0.0,200.0,0.0,100.0,2953.0,100.0,31327205288.0,100.0,33990837612.0
2018-05-16,ZCH0BGQC,ST12000NM0007,12000138625024,0,83,184226760,98,0,100,2,100,0,86,438925601,97,3003,100,0,100,1,,,,,100.0,0.0,100.0,0.0,,,75.0,25.0,,,100.0,11.0,100.0,172.0,25,25,100,0,100,0,200,0,100.0,2978.0,100.0,31442438128.0,100.0,34171524924.0
2018-05-17,ZCH0BGQC,ST12000NM0007,12000138625024,0,74,22757696,98,0,100,2,100,0,86,442162631,97,3026,100,0,100,1,,,,,100.0,0.0,100.0,0.0,,,74.0,26.0,,,100.0,12.0,100.0,173.0,26,26,100,0,100,0,200,0,100.0,3001.0,100.0,31541873064.0,100.0,34398902356.0
2018-05-18,ZCH0BGQC,ST12000NM0007,12000138625024,0,74,23300256,98,0,100,2,100,0,86,444557748,97,3050,100,0,100,1,,,,,100.0,0.0,100.0,0.0,,,75.0,25.0,,,100.0,13.0,100.0,174.0,25,25,100,0,100,0,200,0,100.0,3025.0,100.0,31625993984.0,100.0,34559464740.0
2018-05-19,ZCH0BGQC,ST12000NM0007,12000138625024,0,78,58196936,98,0,100,2,100,0,87,447211616,97,3074,100,0,100,1,,,,,100.0,0.0,100.0,0.0,,,75.0,25.0,,,100.0,13.0,100.0,175.0,25,25,100,0,100,0,200,0,100.0,3049.0,100.0,31725447856.0,100.0,34739048364.0
2018-05-20,ZCH0BGQC,ST12000NM0007,12000138625024,0,78,66866568,98,0,100,2,100,0,87,449542746,97,3098,100,0,100,1,,,,,100.0,0.0,100.0,0.0,,,75.0,25.0,,,100.0,14.0,100.0,176.0,25,25,100,0,100,0,200,0,100.0,3073.0,100.0,31797420816.0,100.0,34919885804.0
2018-05-21,ZCH0BGQC,ST12000NM0007,12000138625024,0,79,76165040,98,0,100,2,100,0,87,452106239,97,3122,100,0,100,1,,,,,100.0,0.0,100.0,0.0,,,75.0,25.0,,,100.0,14.0,100.0,177.0,25,25,100,0,100,0,200,0,100.0,3097.0,100.0,31876010536.0,100.0,35094735348.0
2018-05-22,ZCH0BGQC,ST12000NM0007,12000138625024,0,81,112239320,98,0,100,2,100,0,87,454688345,97,3147,100,0,100,1,,,,,100.0,0.0,100.0,0.0,,,75.0,25.0,,,100.0,15.0,100.0,178.0,25,25,100,0,100,0,200,0,100.0,3121.0,100.0,31972892808.0,100.0,35278068164.0
2018-05-23,ZCH0BGQC,ST12000NM0007,12000138625024,0,82,145102664,98,0,100,2,100,0,87,457202815,97,3170,100,0,100,1,,,,,100.0,0.0,100.0,0.0,,,75.0,25.0,,,100.0,15.0,100.0,179.0,25,25,100,0,100,0,200,0,100.0,3145.0,100.0,32069575656.0,100.0,35458389316.0
2018-05-24,ZCH0BGQC,ST12000NM0007,12000138625024,0,83,219917968,98,0,100,2,100,0,87,460004386,97,3194,100,0,100,1,,,,,100.0,0.0,100.0,0.0,,,75.0,25.0,,,100.0,16.0,100.0,180.0,25,25,100,0,100,0,200,0,100.0,3168.0,100.0,32186142352.0,100.0,35660778580.0
2018-05-25,ZCH0BGQC,ST12000NM0007,12000138625024,0,68,5682696,98,0,100,2,100,0,87,462580446,97,3219,100,0,100,1,,,,,100.0,0.0,100.0,0.0,,,75.0,25.0,,,100.0,17.0,100.0,183.0,25,25,100,0,100,0,200,0,100.0,3193.0,100.0,32270971280.0,100.0,35849995940.0
2018-05-26,ZCH0BGQC,ST12000NM0007,12000138625024,0,77,44972784,98,0,100,2,100,0,87,465492298,97,3243,100,0,100,1,,,,,100.0,0.0,100.0,0.0,,,75.0,25.0,,,100.0,17.0,100.0,184.0,25,25,100,0,100,0,200,0,100.0,3217.0,100.0,32350472160.0,100.0,36053926172.0
2018-05-27,ZCH0BGQC,ST12000NM0007,12000138625024,0,80,98604304,98,0,100,2,100,0,87,468609658,97,3270,100,0,100,1,,,,,100.0,0.0,100.0,0.0,,,75.0,25.0,,,100.0,17.0,100.0,185.0,25,25,100,0,100,0,200,0,100.0,3244.0,100.0,32466285632.0,100.0,36235884860.0
2018-05-28,ZCH0BGQC,ST12000NM0007,12000138625024,0,82,170591160,98,0,100,2,100,0,87,471584363,97,3293,100,0,100,1,,,,,100.0,0.0,100.0,0.0,,,75.0,25.0,,,100.0,18.0,100.0,186.0,25,25,100,0,100,0,200,0,100.0,3267.0,100.0,32600173360.0,100.0,36418124620.0
2018-05-29,ZCH0BGQC,ST12000NM0007,12000138625024,0,82,170498736,98,0,100,2,100,0,87,474146287,97,3318,100,0,100,1,,,,,100.0,0.0,100.0,0.0,,,75.0,25.0,,,100.0,19.0,100.0,187.0,25,25,100,0,100,0,200,0,100.0,3292.0,100.0,32689556224.0,100.0,36572790204.0
2018-05-30,ZCH0BGQC,ST12000NM0007,12000138625024,0,83,200347016,98,0,100,2,100,0,87,477023450,97,3341,100,0,100,1,,,,,100.0,0.0,100.0,0.0,,,75.0,25.0,,,100.0,19.0,100.0,188.0,25,25,100,0,100,0,200,0,100.0,3315.0,100.0,32795774872.0,100.0,36740560684.0
2018-05-31,ZCH0BGQC,ST12000NM0007,12000138625024,0,83,222743672,98,0,100,2,100,0,87,479801752,97,3364,100,0,100,1,,,,,100.0,0.0,100.0,0.0,,,75.0,25.0,,,100.0,19.0,100.0,190.0,25,25,100,0,100,0,200,0,100.0,3338.0,100.0,32893772360.0,100.0,36909100484.0
2018-06-01,ZCH0BGQC,ST12000NM0007,12000138625024,0,84,243158176,98,0,100,2,100,0,87,482582574,97,3388,100,0,100,1,,,,,100.0,0.0,100.0,0.0,,,75.0,25.0,,,100.0,19.0,100.0,191.0,25,25,100,0,100,0,200,0,100.0,3362.0,100.0,32977628600.0,100.0,37089799404.0
2018-06-02,ZCH0BGQC,ST12000NM0007,12000138625024,0,74,22559264,98,0,100,2,100,0,87,485291511,97,3413,100,0,100,1,,,,,100.0,0.0,100.0,0.0,,,75.0,25.0,,,100.0,19.0,100.0,192.0,25,25,100,0,100,0,200,0,100.0,3386.0,100.0,33062290824.0,100.0,37272819796.0
2018-06-03,ZCH0BGQC,ST12000NM0007,12000138625024,0,75,28489280,98,0,100,2,100,0,87,487812367,97,3436,100,0,100,1,,,,,100.0,0.0,100.0,0.0,,,75.0,25.0,,,100.0,19.0,100.0,193.0,25,25,100,0,100,0,200,0,100.0,3409.0,100.0,33140765112.0,100.0,37444416332.0
2018-06-04,ZCH0BGQC,ST12000NM0007,12000138625024,0,79,81506920,98,0,100,2,100,0,87,491036163,97,3460,100,0,100,1,,,,,100.0,0.0,100.0,0.0,,,75.0,25.0,,,100.0,19.0,100.0,194.0,25,25,100,0,100,0,200,0,100.0,3433.0,100.0,33229981208.0,100.0,37652358516.0
2018-06-05,ZCH0BGQC,ST12000NM0007,12000138625024,0,79,75650712,98,0,100,2,100,0,87,493577805,97,3484,100,0,100,1,,,,,100.0,0.0,100.0,0.0,,,75.0,25.0,,,100.0,20.0,100.0,195.0,25,25,100,0,100,0,200,0,100.0,3457.0,100.0,33313943248.0,100.0,37806681044.0
2018-06-06,ZCH0BGQC,ST12000NM0007,12000138625024,0,81,122065360,98,0,100,2,100,0,87,496292161,96,3508,100,0,100,1,,,,,100.0,0.0,100.0,0.0,,,75.0,25.0,,,100.0,21.0,100.0,196.0,25,25,100,0,100,0,200,0,100.0,3481.0,100.0,33394779560.0,100.0,38016400036.0
2018-06-07,ZCH0BGQC,ST12000NM0007,12000138625024,0,82,154918656,98,0,100,2,100,0,87,499122399,96,3533,100,0,100,1,,,,,100.0,0.0,100.0,0.0,,,75.0,25.0,,,100.0,21.0,100.0,197.0,25,25,100,0,100,0,200,0,100.0,3506.0,100.0,33490586624.0,100.0,38197587044.0
2018-06-08,ZCH0BGQC,ST12000NM0007,12000138625024,0,82,147535512,98,0,100,2,100,0,87,501669511,96,3555,100,0,100,1,,,,,100.0,0.0,100.0,0.0,,,76.0,24.0,,,100.0,21.0,100.0,198.0,24,24,100,0,100,0,200,0,100.0,3528.0,100.0,33576060816.0,100.0,38348870348.0
2018-06-09,ZCH0BGQC,ST12000NM0007,12000138625024,0,84,224235272,98,0,100,2,100,0,87,504907652,96,3580,100,0,100,1,,,,,100.0,0.0,100.0,0.0,,,76.0,24.0,,,100.0,22.0,100.0,199.0,24,24,100,0,100,0,200,0,100.0,3553.0,100.0,33673500064.0,100.0,38572271492.0
2018-06-10,ZCH0BGQC,ST12000NM0007,12000138625024,0,83,215853360,98,0,100,2,100,0,87,507382199,96,3604,100,0,100,1,,,,,100.0,0.0,100.0,0.0,,,76.0,24.0,,,100.0,23.0,100.0,200.0,24,24,100,0,100,0,200,0,100.0,3576.0,100.0,33741730696.0,100.0,38739799596.0
2018-06-11,ZCH0BGQC,ST12000NM0007,12000138625024,0,78,61687112,98,0,100,2,100,0,87,510900663,96,3627,100,0,100,1,,,,,100.0,0.0,100.0,0.0,,,75.0,25.0,,,100.0,23.0,100.0,201.0,25,25,100,0,100,0,200,0,100.0,3600.0,100.0,33828236472.0,100.0,38987408956.0
2018-06-12,ZCH0BGQC,ST12000NM0007,12000138625024,0,78,69275872,98,0,100,2,100,0,87,513452240,96,3651,100,0,100,1,,,,,100.0,0.0,100.0,0.0,,,77.0,23.0,,,100.0,23.0,100.0,202.0,23,23,100,0,100,0,200,0,100.0,3623.0,100.0,33900136448.0,100.0,39167238436.0
2018-06-13,ZCH0BGQC,ST12000NM0007,12000138625024,0,81,130305032,98,0,100,2,100,0,87,516574009,96,3675,100,0,100,1,,,,,100.0,0.0,100.0,0.0,,,76.0,24.0,,,100.0,23.0,100.0,203.0,24,24,100,0,100,0,200,0,100.0,3648.0,100.0,34012349160.0,100.0,39360195660.0
2018-06-14,ZCH0BGQC,ST12000NM0007,12000138625024,0,81,123903616,98,0,100,2,100,0,87,519241687,96,3699,100,0,100,1,,,,,100.0,0.0,100.0,0.0,,,75.0,25.0,,,100.0,23.0,100.0,205.0,25,25,100,0,100,0,200,0,100.0,3671.0,100.0,34120248520.0,100.0,39490035620.0
2018-06-15,ZCH0BGQC,ST12000NM0007,12000138625024,0,81.0,129315848.0,98.0,0.0,100.0,2.0,100.0,0.0,87.0,521960679.0,96.0,3724.0,100.0,0.0,100.0,1.0,,,,,100.0,0.0,100.0,0.0,,,75.0,25.0,,,100.0,23.0,100.0,206.0,25.0,25.0,100.0,0.0,100.0,0.0,200.0,0.0,100.0,3696.0,100.0,34206515392.0,100.0,39653321628.0
2018-06-16,ZCH0BGQC,ST12000NM0007,12000138625024,0,82.0,143564496.0,98.0,0.0,100.0,2.0,100.0,0.0,87.0,524728113.0,96.0,3748.0,100.0,0.0,100.0,1.0,,,,,100.0,0.0,100.0,0.0,,,75.0,25.0,,,100.0,23.0,100.0,207.0,25.0,25.0,100.0,0.0,100.0,0.0,200.0,0.0,100.0,3720.0,100.0,34301085224.0,100.0,39817141108.0
2018-06-17,ZCH0BGQC,ST12000NM0007,12000138625024,0,82.0,176381232.0,98.0,0.0,100.0,2.0,100.0,0.0,87.0,527548636.0,96.0,3772.0,100.0,0.0,100.0,1.0,,,,,100.0,0.0,100.0,0.0,,,77.0,23.0,,,100.0,23.0,100.0,208.0,23.0,23.0,100.0,0.0,100.0,0.0,200.0,0.0,100.0,3744.0,100.0,34376603416.0,100.0,40018580284.0
2018-06-18,ZCH0BGQC,ST12000NM0007,12000138625024,0,83.0,205610528.0,98.0,0.0,100.0,2.0,100.0,0.0,87.0,530376042.0,96.0,3796.0,100.0,0.0,100.0,1.0,,,,,100.0,0.0,100.0,0.0,,,76.0,24.0,,,100.0,23.0,100.0,209.0,24.0,24.0,100.0,0.0,100.0,0.0,200.0,0.0,100.0,3767.0,100.0,34467768040.0,100.0,40200785756.0
2018-06-19,ZCH0BGQC,ST12000NM0007,12000138625024,0,84,241710368,98,0,100,2,100,0,87,533406769,96,3819,100,0,100,1,,,,,100.0,0.0,100.0,0.0,,,77.0,23.0,,,100.0,23.0,100.0,210.0,23,23,100,0,100,0,200,0,100.0,3791.0,100.0,34536261960.0,100.0,40412532396.0
2018-06-20,ZCH0BGQC,ST12000NM0007,12000138625024,0,76,44009568,98,0,100,2,100,0,87,536293478,96,3844,100,0,100,1,,,,,100.0,0.0,100.0,0.0,,,77.0,23.0,,,100.0,23.0,100.0,211.0,23,23,100,0,100,0,200,0,100.0,3816.0,100.0,34621537272.0,100.0,40617837740.0
2018-06-21,ZCH0BGQC,ST12000NM0007,12000138625024,0,79,76702584,98,0,100,2,100,0,87,539061759,96,3867,100,0,100,1,,,,,100.0,0.0,100.0,0.0,,,77.0,23.0,,,100.0,23.0,100.0,212.0,23,23,100,0,100,0,200,0,100.0,3839.0,100.0,34709871808.0,100.0,40806336948.0
2018-06-22,ZCH0BGQC,ST12000NM0007,12000138625024,0,80,92629624,98,0,100,2,100,0,87,541763618,96,3892,100,0,100,1,,,,,100.0,0.0,100.0,0.0,,,77.0,23.0,,,100.0,24.0,100.0,213.0,23,23,100,0,100,0,200,0,100.0,3863.0,100.0,34783281144.0,100.0,40992995300.0
2018-06-23,ZCH0BGQC,ST12000NM0007,12000138625024,0,80,112059296,98,0,100,2,100,0,87,544537785,96,3915,100,0,100,1,,,,,100.0,0.0,100.0,0.0,,,77.0,23.0,,,100.0,24.0,100.0,214.0,23,23,100,0,100,0,200,0,100.0,3887.0,100.0,34868827640.0,100.0,41171019196.0
2018-06-24,ZCH0BGQC,ST12000NM0007,12000138625024,0,80,107638472,98,0,100,2,100,0,87,547189410,96,3940,100,0,100,1,,,,,100.0,0.0,100.0,0.0,,,77.0,23.0,,,100.0,24.0,100.0,215.0,23,23,100,0,100,0,200,0,100.0,3911.0,100.0,34945177248.0,100.0,41334389404.0
2018-06-25,ZCH0BGQC,ST12000NM0007,12000138625024,0,82,160525512,98,0,100,2,100,0,87,550205085,96,3964,100,0,100,1,,,,,100.0,0.0,100.0,0.0,,,77.0,23.0,,,100.0,24.0,100.0,216.0,23,23,100,0,100,0,200,0,100.0,3935.0,100.0,35045933064.0,100.0,41530661260.0
2018-06-26,ZCH0BGQC,ST12000NM0007,12000138625024,0,82,175589480,98,0,100,2,100,0,87,552972607,96,3988,100,0,100,1,,,,,100.0,0.0,100.0,0.0,,,77.0,23.0,,,100.0,25.0,100.0,217.0,23,23,100,0,100,0,200,0,100.0,3959.0,100.0,35124196760.0,100.0,41711602164.0
2018-06-27,ZCH0BGQC,ST12000NM0007,12000138625024,0,83,214591280,98,0,100,2,100,0,87,555752284,96,4012,100,0,100,1,,,,,100.0,0.0,100.0,0.0,,,77.0,23.0,,,100.0,26.0,100.0,218.0,23,23,100,0,100,0,200,0,100.0,3983.0,100.0,35194012496.0,100.0,41924928876.0
2018-06-28,ZCH0BGQC,ST12000NM0007,12000138625024,0,64,2810184,98,0,100,2,100,0,87,558935060,96,4035,100,0,100,1,,,,,100.0,0.0,100.0,0.0,,,77.0,23.0,,,100.0,26.0,100.0,219.0,23,23,100,0,100,0,200,0,100.0,4006.0,100.0,35272971552.0,100.0,42122470324.0
2018-06-29,ZCH0BGQC,ST12000NM0007,12000138625024,0,76,37493976,98,0,100,2,100,0,87,561772751,96,4059,100,0,100,1,,,,,100.0,0.0,100.0,0.0,,,77.0,23.0,,,100.0,26.0,100.0,220.0,23,23,100,0,100,0,200,0,100.0,4030.0,100.0,35359217392.0,100.0,42315049076.0
2018-06-30,ZCH0BGQC,ST12000NM0007,12000138625024,0,75,28856728,98,0,100,2,100,0,88,4859383870,96,4085,100,0,100,1,,,,,100.0,0.0,100.0,0.0,,,77.0,23.0,,,100.0,26.0,100.0,222.0,23,23,100,0,100,0,200,0,100.0,4056.0,100.0,35416066912.0,100.0,42493702988.0
2018-07-01,ZCH0BGQC,ST12000NM0007,12000138625024,0,76,44456760,98,0,100,2,100,0,88,4862133752,96,4109,100,0,100,1,,,,,100.0,0.0,100.0,0.0,,,77.0,23.0,,,100.0,27.0,100.0,223.0,23,23,100,0,100,0,200,0,100.0,4079.0,100.0,35496849904.0,100.0,42672660812.0
2018-07-02,ZCH0BGQC,ST12000NM0007,12000138625024,0,80,96403888,98,0,100,2,100,0,88,4865170264,96,4132,100,0,100,1,,,,,100.0,0.0,100.0,0.0,,,77.0,23.0,,,100.0,28.0,100.0,224.0,23,23,100,0,100,0,200,0,100.0,4103.0,100.0,35582883696.0,100.0,42882715020.0
2018-07-03,ZCH0BGQC,ST12000NM0007,12000138625024,0,81,129757336,98,0,100,2,100,0,88,4868129064,96,4157,100,0,100,1,,,,,100.0,0.0,100.0,0.0,,,77.0,23.0,,,100.0,28.0,100.0,225.0,23,23,100,0,100,0,200,0,100.0,4128.0,100.0,35670892168.0,100.0,43072200668.0
2018-07-04,ZCH0BGQC,ST12000NM0007,12000138625024,0,81,120070632,98,0,100,2,100,0,88,4870732619,96,4181,100,0,100,1,,,,,100.0,0.0,100.0,0.0,,,77.0,23.0,,,100.0,29.0,100.0,226.0,23,23,100,0,100,0,200,0,100.0,4151.0,100.0,35735566864.0,100.0,43241980100.0
2018-07-05,ZCH0BGQC,ST12000NM0007,12000138625024,0,81,119221792,98,0,100,2,100,0,88,4873229140,96,4204,100,0,100,1,,,,,100.0,0.0,100.0,0.0,,,77.0,23.0,,,100.0,30.0,100.0,227.0,23,23,100,0,100,0,200,0,100.0,4174.0,100.0,35802024016.0,100.0,43418814764.0
2018-07-06,ZCH0BGQC,ST12000NM0007,12000138625024,0,81,137168920,98,0,100,2,100,0,88,4875930788,96,4229,100,0,100,1,,,,,100.0,0.0,100.0,0.0,,,77.0,23.0,,,100.0,30.0,100.0,228.0,23,23,100,0,100,0,200,0,100.0,4198.0,100.0,35891371168.0,100.0,43591555452.0
2018-07-07,ZCH0BGQC,ST12000NM0007,12000138625024,0,82,147685488,98,0,100,2,100,0,88,4878623954,96,4253,100,0,100,1,,,,,100.0,0.0,100.0,0.0,,,77.0,23.0,,,100.0,31.0,100.0,229.0,23,23,100,0,100,0,200,0,100.0,4223.0,100.0,35971314456.0,100.0,43766269364.0
2018-07-08,ZCH0BGQC,ST12000NM0007,12000138625024,0,82,157811144,98,0,100,2,100,0,85,9176751827,96,4276,100,0,100,1,,,,,100.0,0.0,100.0,0.0,,,77.0,23.0,,,100.0,31.0,100.0,230.0,23,23,100,0,100,0,200,0,100.0,4246.0,100.0,36058582840.0,100.0,43933267284.0
2018-07-09,ZCH0BGQC,ST12000NM0007,12000138625024,0,83,222339280,98,0,100,2,100,0,85,9180099970,96,4301,100,0,100,1,,,,,100.0,0.0,100.0,0.0,,,77.0,23.0,,,100.0,31.0,100.0,231.0,23,23,100,0,100,0,200,0,100.0,4270.0,100.0,36164505224.0,100.0,44136013724.0
2018-07-10,ZCH0BGQC,ST12000NM0007,12000138625024,0,84.0,240207768.0,98.0,0.0,100.0,2.0,100.0,0.0,85.0,9182989082.0,96.0,4325.0,100.0,0.0,100.0,1.0,,,,,100.0,0.0,100.0,0.0,,,77.0,23.0,,,100.0,32.0,100.0,232.0,23.0,23.0,100.0,0.0,100.0,0.0,200.0,0.0,100.0,4294.0,100.0,36261109184.0,100.0,44301418924.0
2018-07-11,ZCH0BGQC,ST12000NM0007,12000138625024,0,78,65218872,98,0,100,2,100,0,85,9186111850,96,4349,100,0,100,1,,,,,100.0,0.0,100.0,0.0,,,77.0,23.0,,,100.0,32.0,100.0,233.0,23,23,100,0,100,0,200,0,100.0,4318.0,100.0,36357145472.0,100.0,44518675252.0
2018-07-12,ZCH0BGQC,ST12000NM0007,12000138625024,0,67,5442512,98,0,100,2,100,0,85,9188083441,96,4366,100,0,100,1,,,,,100.0,0.0,100.0,0.0,,,77.0,23.0,,,100.0,32.0,100.0,234.0,23,23,100,0,100,0,200,0,100.0,4335.0,100.0,36413931792.0,100.0,44646253276.0
2018-07-13,ZCH0BGQC,ST12000NM0007,12000138625024,0,69,8601424,98,0,100,2,100,0,85,9190867673,95,4391,100,0,100,1,,,,,100.0,0.0,100.0,0.0,,,79.0,21.0,,,100.0,32.0,100.0,235.0,21,21,100,0,100,0,200,0,100.0,4359.0,100.0,36490906128.0,100.0,44816578708.0
2018-07-14,ZCH0BGQC,ST12000NM0007,12000138625024,0,72,14135456,98,0,100,2,100,0,85,9193581730,95,4415,100,0,100,1,,,,,100.0,0.0,100.0,0.0,,,77.0,23.0,,,100.0,32.0,100.0,237.0,23,23,100,0,100,0,200,0,100.0,4383.0,100.0,36575777768.0,100.0,44981381884.0
2018-07-15,ZCH0BGQC,ST12000NM0007,12000138625024,0,77,54479912,98,0,100,2,100,0,85,9196569019,95,4439,100,0,100,1,,,,,100.0,0.0,100.0,0.0,,,77.0,23.0,,,100.0,32.0,100.0,238.0,23,23,100,0,100,0,200,0,100.0,4407.0,100.0,36666130792.0,100.0,45175513988.0
2018-07-16,ZCH0BGQC,ST12000NM0007,12000138625024,0,70,11125616,98,0,100,2,100,0,85,9198940504,95,4463,100,0,100,1,,,,,100.0,0.0,100.0,0.0,,,77.0,23.0,,,100.0,32.0,100.0,239.0,23,23,100,0,100,0,200,0,100.0,4431.0,100.0,36737062984.0,100.0,45305368284.0
2018-07-17,ZCH0BGQC,ST12000NM0007,12000138625024,0,78,69434240,98,0,100,2,100,0,85,9202350673,95,4487,100,0,100,1,,,,,100.0,0.0,100.0,0.0,,,79.0,21.0,,,100.0,32.0,100.0,240.0,21,21,100,0,100,0,200,0,100.0,4455.0,100.0,36821871720.0,100.0,45523008884.0
2018-07-18,ZCH0BGQC,ST12000NM0007,12000138625024,0,81,141006752,98,0,100,2,100,0,85,9205503584,95,4511,100,0,100,1,,,,,100.0,0.0,100.0,0.0,,,78.0,22.0,,,100.0,32.0,100.0,241.0,22,22,100,0,100,0,200,0,100.0,4479.0,100.0,36919332024.0,100.0,45741261972.0
2018-07-19,ZCH0BGQC,ST12000NM0007,12000138625024,0,81,136226184,98,0,100,2,100,0,85,9208065587,95,4535,100,0,100,1,,,,,100.0,0.0,100.0,0.0,,,76.0,24.0,,,100.0,33.0,100.0,242.0,24,24,100,0,100,0,200,0,100.0,4503.0,100.0,36998367176.0,100.0,45901586996.0
2018-07-20,ZCH0BGQC,ST12000NM0007,12000138625024,0,83,178711624,98,0,100,2,100,0,85,9210929060,95,4559,100,0,100,1,,,,,100.0,0.0,100.0,0.0,,,79.0,21.0,,,100.0,33.0,100.0,243.0,21,21,100,0,100,0,200,0,100.0,4526.0,100.0,37080145480.0,100.0,46106434980.0
2018-07-21,ZCH0BGQC,ST12000NM0007,12000138625024,0,71,13325008,98,0,100,2,100,0,85,9214085909,95,4584,100,0,100,1,,,,,100.0,0.0,100.0,0.0,,,76.0,24.0,,,100.0,33.0,100.0,244.0,24,24,100,0,100,0,200,0,100.0,4551.0,100.0,37168536200.0,100.0,46340938972.0
2018-07-22,ZCH0BGQC,ST12000NM0007,12000138625024,0,72,15322832,98,0,100,2,100,0,85,9216719591,95,4608,100,0,100,1,,,,,100.0,0.0,100.0,0.0,,,76.0,24.0,,,100.0,33.0,100.0,245.0,24,24,100,0,100,0,200,0,100.0,4575.0,100.0,37241174128.0,100.0,46514439636.0
2018-07-23,ZCH0BGQC,ST12000NM0007,12000138625024,0,77,49318392,98,0,100,2,100,0,85,9219445582,95,4631,100,0,100,1,,,,,100.0,0.0,100.0,0.0,,,76.0,24.0,,,100.0,34.0,100.0,246.0,24,24,100,0,100,0,200,0,100.0,4598.0,100.0,37307307512.0,100.0,46726442444.0
2018-07-24,ZCH0BGQC,ST12000NM0007,12000138625024,0,80,102614032,98,0,100,2,100,0,85,9222483609,95,4655,100,0,100,1,,,,,100.0,0.0,100.0,0.0,,,76.0,24.0,,,100.0,34.0,100.0,247.0,24,24,100,0,100,0,200,0,100.0,4623.0,100.0,37393853632.0,100.0,46937332684.0
2018-07-25,ZCH0BGQC,ST12000NM0007,12000138625024,0,81.0,126283000.0,98.0,0.0,100.0,2.0,100.0,0.0,85.0,9225239404.0,95.0,4679.0,100.0,0.0,100.0,1.0,,,,,100.0,0.0,100.0,0.0,,,76.0,24.0,,,100.0,34.0,100.0,248.0,24.0,24.0,100.0,0.0,100.0,0.0,200.0,0.0,100.0,4646.0,100.0,37473376624.0,100.0,47125619300.0
2018-07-26,ZCH0BGQC,ST12000NM0007,12000138625024,0,80,110494368,98,0,100,2,100,0,85,9227780566,95,4703,100,0,100,1,,,,,100.0,0.0,100.0,0.0,,,75.0,25.0,,,100.0,34.0,100.0,249.0,25,25,100,0,100,0,200,0,100.0,4671.0,100.0,37545160240.0,100.0,47282187700.0
2018-07-27,ZCH0BGQC,ST12000NM0007,12000138625024,0,82,152599056,98,0,100,2,100,0,85,9230784780,95,4732,100,0,100,1,,,,,100.0,0.0,100.0,0.0,,,76.0,24.0,,,100.0,34.0,100.0,253.0,24,24,100,0,100,0,200,0,100.0,4697.0,100.0,37639813576.0,100.0,47473779764.0
2018-07-28,ZCH0BGQC,ST12000NM0007,12000138625024,0,83,180097776,98,0,100,2,100,0,85,9233990678,95,4755,100,0,100,1,,,,,100.0,0.0,100.0,0.0,,,76.0,24.0,,,100.0,34.0,100.0,254.0,24,24,100,0,100,0,200,0,100.0,4720.0,100.0,37707788600.0,100.0,47677444300.0
2018-07-29,ZCH0BGQC,ST12000NM0007,12000138625024,0,82,149674024,98,0,100,2,100,0,85,9236368979,95,4779,100,0,100,1,,,,,100.0,0.0,100.0,0.0,,,76.0,24.0,,,100.0,34.0,100.0,255.0,24,24,100,0,100,0,200,0,100.0,4744.0,100.0,37765705272.0,100.0,47833244556.0
2018-07-30,ZCH0BGQC,ST12000NM0007,12000138625024,0,82,152453336,98,0,100,2,100,0,85,9238977610,95,4803,100,0,100,1,,,,,100.0,0.0,100.0,0.0,,,76.0,24.0,,,100.0,35.0,100.0,256.0,24,24,100,0,100,0,200,0,100.0,4768.0,100.0,37842139144.0,100.0,48003730668.0
2018-07-31,ZCH0BGQC,ST12000NM0007,12000138625024,0,82,171207168,98,0,100,2,100,0,85,9241753422,95,4828,100,0,100,1,,,,,100.0,0.0,100.0,0.0,,,76.0,24.0,,,100.0,35.0,100.0,257.0,24,24,100,0,100,0,200,0,100.0,4792.0,100.0,37923181128.0,100.0,48185583324.0
2018-08-01,ZCH0BGQC,ST12000NM0007,12000138625024,0,82,176694856,98,0,100,2,100,0,85,9244393669,95,4851,100,0,100,1,,,,,100.0,0.0,100.0,0.0,,,76.0,24.0,,,100.0,35.0,100.0,258.0,24,24,100,0,100,0,200,0,100.0,4816.0,100.0,38000218696.0,100.0,48358174324.0
2018-08-02,ZCH0BGQC,ST12000NM0007,12000138625024,0,81,135175880,98,0,100,2,100,0,85,9246941883,95,4876,100,0,100,1,,,,,100.0,0.0,100.0,0.0,,,76.0,24.0,,,100.0,36.0,100.0,259.0,24,24,100,0,100,0,200,0,100.0,4840.0,100.0,38076405440.0,100.0,48484609316.0
2018-08-03,ZCH0BGQC,ST12000NM0007,12000138625024,0,80,89396320,98,0,100,2,100,0,85,9249350136,95,4900,100,0,100,1,,,,,100.0,0.0,100.0,0.0,,,76.0,24.0,,,100.0,37.0,100.0,260.0,24,24,100,0,100,0,200,0,100.0,4864.0,100.0,38158175736.0,100.0,48601200132.0
2018-08-04,ZCH0BGQC,ST12000NM0007,12000138625024,0,81,112471792,98,0,100,2,100,0,85,9252211168,95,4923,100,0,100,1,,,,,100.0,0.0,100.0,0.0,,,76.0,24.0,,,100.0,37.0,100.0,261.0,24,24,100,0,100,0,200,0,100.0,4888.0,100.0,38239358504.0,100.0,48787233532.0
2018-08-05,ZCH0BGQC,ST12000NM0007,12000138625024,0,79,82186416,98,0,100,2,100,0,85,9254619945,95,4947,100,0,100,1,,,,,100.0,0.0,100.0,0.0,,,76.0,24.0,,,100.0,38.0,100.0,262.0,24,24,100,0,100,0,200,0,100.0,4911.0,100.0,38304276960.0,100.0,48936170340.0
2018-08-06,ZCH0BGQC,ST12000NM0007,12000138625024,0,82,150071160,98,0,100,2,100,0,85,9257722166,95,4971,100,0,100,1,,,,,100.0,0.0,100.0,0.0,,,76.0,24.0,,,100.0,38.0,100.0,263.0,24,24,100,0,100,0,200,0,100.0,4935.0,100.0,38388888592.0,100.0,49163584084.0
2018-08-07,ZCH0BGQC,ST12000NM0007,12000138625024,0,83,192654184,98,0,100,2,100,0,85,9260940473,95,4995,100,0,100,1,,,,,100.0,0.0,100.0,0.0,,,76.0,24.0,,,100.0,39.0,100.0,264.0,24,24,100,0,100,0,200,0,100.0,4959.0,100.0,38464672816.0,100.0,49374523532.0
2018-08-08,ZCH0BGQC,ST12000NM0007,12000138625024,0,84,231229352,98,0,100,2,100,0,85,9263750066,95,5019,100,0,100,1,,,,,100.0,0.0,100.0,0.0,,,76.0,24.0,,,100.0,40.0,100.0,265.0,24,24,100,0,100,0,200,0,100.0,4983.0,100.0,38541988344.0,100.0,49579923812.0
2018-08-09,ZCH0BGQC,ST12000NM0007,12000138625024,0,75,33636992,98,0,100,2,100,0,85,9266861341,95,5045,100,0,100,1,,,,,100.0,0.0,100.0,0.0,,,76.0,24.0,,,100.0,41.0,100.0,267.0,24,24,100,0,100,0,200,0,100.0,5008.0,100.0,38630125168.0,100.0,49782475988.0
2018-08-10,ZCH0BGQC,ST12000NM0007,12000138625024,0,79,81444000,98,0,100,2,100,0,85,9269726383,95,5069,100,0,100,1,,,,,100.0,0.0,100.0,0.0,,,76.0,24.0,,,100.0,42.0,100.0,268.0,24,24,100,0,100,0,200,0,100.0,5033.0,100.0,38696771032.0,100.0,50007777876.0
2018-08-11,ZCH0BGQC,ST12000NM0007,12000138625024,0,79,72029200,98,0,100,2,100,0,85,9272191021,95,5093,100,0,100,1,,,,,100.0,0.0,100.0,0.0,,,76.0,24.0,,,100.0,42.0,100.0,269.0,24,24,100,0,100,0,200,0,100.0,5056.0,100.0,38758120760.0,100.0,50181154004.0
2018-08-12,ZCH0BGQC,ST12000NM0007,12000138625024,0,75,30542760,98,0,100,2,100,0,85,9274524803,95,5116,100,0,100,1,,,,,100.0,0.0,100.0,0.0,,,76.0,24.0,,,100.0,43.0,100.0,270.0,24,24,100,0,100,0,200,0,100.0,5080.0,100.0,38821205952.0,100.0,50320723148.0
2018-08-13,ZCH0BGQC,ST12000NM0007,12000138625024,0,76,39403240,98,0,100,2,100,0,85,9277108368,95,5141,100,0,100,1,,,,,100.0,0.0,100.0,0.0,,,76.0,24.0,,,100.0,43.0,100.0,271.0,24,24,100,0,100,0,200,0,100.0,5104.0,100.0,38886633688.0,100.0,50508296556.0
2018-08-14,ZCH0BGQC,ST12000NM0007,12000138625024,0,84.0,238935048.0,98.0,0.0,100.0,2.0,100.0,0.0,85.0,9279174076.0,95.0,5165.0,100.0,0.0,100.0,1.0,,,,,100.0,0.0,100.0,0.0,,,76.0,24.0,,,100.0,43.0,100.0,272.0,24.0,24.0,100.0,0.0,100.0,0.0,200.0,0.0,100.0,5128.0,100.0,38919750536.0,100.0,50674711516.0
2018-08-15,ZCH0BGQC,ST12000NM0007,12000138625024,0,82.0,174794960.0,98.0,0.0,100.0,2.0,100.0,0.0,85.0,9280825311.0,95.0,5187.0,100.0,0.0,100.0,1.0,,,,,100.0,0.0,100.0,0.0,,,76.0,24.0,,,100.0,43.0,100.0,273.0,24.0,24.0,100.0,0.0,100.0,0.0,200.0,0.0,100.0,5150.0,100.0,38929003928.0,100.0,50845458724.0
2018-08-16,ZCH0BGQC,ST12000NM0007,12000138625024,0,76,37666280,98,0,100,2,100,0,85,9283840403,95,5210,100,0,100,1,,,,,100.0,0.0,100.0,0.0,,,75.0,25.0,,,100.0,43.0,100.0,274.0,25,25,100,0,100,0,200,0,100.0,5173.0,100.0,39082245328.0,100.0,51043370116.0
2018-08-17,ZCH0BGQC,ST12000NM0007,12000138625024,0,82,159616648,98,0,100,2,100,0,85,9289479759,95,5235,100,0,100,1,,,,,100.0,0.0,100.0,0.0,,,75.0,25.0,,,100.0,43.0,100.0,275.0,25,25,100,0,100,0,200,0,100.0,5198.0,100.0,39374404488.0,100.0,51361442612.0
2018-08-18,ZCH0BGQC,ST12000NM0007,12000138625024,0,82,153954176,98,0,100,2,100,0,85,9294322252,94,5259,100,0,100,1,,,,,100.0,0.0,100.0,0.0,,,76.0,24.0,,,100.0,43.0,100.0,276.0,24,24,100,0,100,0,200,0,100.0,5222.0,100.0,39548397872.0,100.0,51670068044.0
2018-08-19,ZCH0BGQC,ST12000NM0007,12000138625024,0,76,44110944,98,0,100,2,100,0,86,9298892929,94,5283,100,0,100,1,,,,,100.0,0.0,100.0,0.0,,,76.0,24.0,,,100.0,43.0,100.0,277.0,24,24,100,0,100,0,200,0,100.0,5245.0,100.0,39684683264.0,100.0,51912220948.0
2018-08-20,ZCH0BGQC,ST12000NM0007,12000138625024,0,83,190348424,98,0,100,2,100,0,86,9302981758,94,5306,100,0,100,1,,,,,100.0,0.0,100.0,0.0,,,75.0,25.0,,,100.0,43.0,100.0,278.0,25,25,100,0,100,0,200,0,100.0,5269.0,100.0,39853832032.0,100.0,52133450452.0
2018-08-21,ZCH0BGQC,ST12000NM0007,12000138625024,0,80,102985568,98,0,100,2,100,0,86,9307112391,94,5330,100,0,100,1,,,,,100.0,0.0,100.0,0.0,,,76.0,24.0,,,100.0,43.0,100.0,279.0,24,24,100,0,100,0,200,0,100.0,5293.0,100.0,40031239640.0,100.0,52356961348.0
2018-08-22,ZCH0BGQC,ST12000NM0007,12000138625024,0,84,231896376,98,0,100,2,100,0,86,9311350696,94,5355,100,0,100,1,,,,,100.0,0.0,100.0,0.0,,,75.0,25.0,,,100.0,43.0,100.0,280.0,25,25,100,0,100,0,200,0,100.0,5318.0,100.0,40201118344.0,100.0,52560134156.0
2018-08-23,ZCH0BGQC,ST12000NM0007,12000138625024,0,80,110457400,98,0,100,2,100,0,86,9315303128,94,5379,100,0,100,1,,,,,100.0,0.0,100.0,0.0,,,76.0,24.0,,,100.0,43.0,100.0,281.0,24,24,100,0,100,0,200,0,100.0,5341.0,100.0,40363402144.0,100.0,52764692796.0
2018-08-24,ZCH0BGQC,ST12000NM0007,12000138625024,0,84,236893416,98,0,100,2,100,0,86,9319479563,94,5404,100,0,100,1,,,,,100.0,0.0,100.0,0.0,,,76.0,24.0,,,100.0,43.0,100.0,282.0,24,24,100,0,100,0,200,0,100.0,5366.0,100.0,40531228648.0,100.0,52967442940.0
2018-08-25,ZCH0BGQC,ST12000NM0007,12000138625024,0,81,135063264,98,0,100,2,100,0,86,9323465283,94,5427,100,0,100,1,,,,,100.0,0.0,100.0,0.0,,,75.0,25.0,,,100.0,43.0,100.0,283.0,25,25,100,0,100,0,200,0,100.0,5389.0,100.0,40689473456.0,100.0,53195649572.0
2018-08-26,ZCH0BGQC,ST12000NM0007,12000138625024,0,78,66786080,98,0,100,2,100,0,86,9327907827,94,5451,100,0,100,1,,,,,100.0,0.0,100.0,0.0,,,75.0,25.0,,,100.0,44.0,100.0,284.0,25,25,100,0,100,0,200,0,100.0,5413.0,100.0,40885696368.0,100.0,53419431036.0
2018-08-27,ZCH0BGQC,ST12000NM0007,12000138625024,0,82,152874264,98,0,100,2,100,0,86,9332104792,94,5475,100,0,100,1,,,,,100.0,0.0,100.0,0.0,,,76.0,24.0,,,100.0,45.0,100.0,285.0,24,24,100,0,100,0,200,0,100.0,5437.0,100.0,40981954224.0,100.0,53653402204.0
2018-08-28,ZCH0BGQC,ST12000NM0007,12000138625024,0,66,4083640,98,0,100,2,100,0,86,9335811745,94,5498,100,0,100,1,,,,,100.0,0.0,100.0,0.0,,,76.0,24.0,,,100.0,45.0,100.0,286.0,24,24,100,0,100,0,200,0,100.0,5460.0,100.0,41096060640.0,100.0,53878786436.0
2018-08-29,ZCH0BGQC,ST12000NM0007,12000138625024,0,78,60402304,98,0,100,2,100,0,86,9338781183,94,5523,100,0,100,1,,,,,100.0,0.0,100.0,0.0,,,75.0,25.0,,,100.0,45.0,100.0,287.0,25,25,100,0,100,0,200,0,100.0,5485.0,100.0,41115470296.0,100.0,54159836076.0
2018-08-30,ZCH0BGQC,ST12000NM0007,12000138625024,0,75,33241760,98,0,100,2,100,0,86,9341426800,94,5541,100,0,100,1,,,,,100.0,0.0,100.0,0.0,,,76.0,24.0,,,100.0,45.0,100.0,288.0,24,24,100,0,100,0,200,0,100.0,5503.0,100.0,41125786376.0,100.0,54366500084.0
2018-08-31,ZCH0BGQC,ST12000NM0007,12000138625024,0,73,21080192,98,0,100,2,100,0,86,9343283129,94,5566,100,0,100,1,,,,,100.0,0.0,100.0,0.0,,,76.0,24.0,,,100.0,45.0,100.0,289.0,24,24,100,0,100,0,200,0,100.0,5528.0,100.0,41132917016.0,100.0,54591348540.0
2018-09-01,ZCH0BGQC,ST12000NM0007,12000138625024,0,65,2917368,98,0,100,2,100,0,86,9344921365,94,5590,100,0,100,1,,,,,100.0,0.0,100.0,0.0,,,76.0,24.0,,,100.0,46.0,100.0,290.0,24,24,100,0,100,0,200,0,100.0,5551.0,100.0,41143326712.0,100.0,54806916836.0
2018-09-02,ZCH0BGQC,ST12000NM0007,12000138625024,0,69,7771760,98,0,100,2,100,0,86,9347001617,94,5615,100,0,100,1,,,,,100.0,0.0,100.0,0.0,,,76.0,24.0,,,100.0,47.0,100.0,291.0,24,24,100,0,100,0,200,0,100.0,5576.0,100.0,41152768256.0,100.0,55046470340.0
2018-09-03,ZCH0BGQC,ST12000NM0007,12000138625024,0,83,209146968,98,0,100,2,100,0,86,9348946894,94,5638,100,0,100,1,,,,,100.0,0.0,100.0,0.0,,,76.0,24.0,,,100.0,47.0,100.0,292.0,24,24,100,0,100,0,200,0,100.0,5599.0,100.0,41168781936.0,100.0,55231831868.0
2018-09-04,ZCH0BGQC,ST12000NM0007,12000138625024,0,81,120357104,98,0,100,2,100,0,86,9350142322,94,5662,100,0,100,1,,,,,100.0,0.0,100.0,0.0,,,76.0,24.0,,,100.0,47.0,100.0,293.0,24,24,100,0,100,0,200,0,100.0,5623.0,100.0,41176983128.0,100.0,55378981444.0
2018-09-05,ZCH0BGQC,ST12000NM0007,12000138625024,0,80,106458536,98,0,100,2,100,0,86,9352293469,94,5687,100,0,100,1,,,,,100.0,0.0,100.0,0.0,,,76.0,24.0,,,100.0,48.0,100.0,294.0,24,24,100,0,100,0,200,0,100.0,5648.0,100.0,41190198120.0,100.0,55596008516.0
2018-09-06,ZCH0BGQC,ST12000NM0007,12000138625024,0,82,160311984,98,0,100,2,100,0,86,9354737215,94,5715,100,0,100,1,,,,,100.0,0.0,100.0,0.0,,,76.0,24.0,,,100.0,48.0,100.0,295.0,24,24,100,0,100,0,200,0,100.0,5676.0,100.0,41204972032.0,100.0,55879228772.0
2018-09-07,ZCH0BGQC,ST12000NM0007,12000138625024,0,80,108761384,98,0,100,2,100,0,86,9356539131,94,5739,100,0,100,1,,,,,100.0,0.0,100.0,0.0,,,76.0,24.0,,,100.0,49.0,100.0,296.0,24,24,100,0,100,0,200,0,100.0,5700.0,100.0,41219028416.0,100.0,56057762508.0
2018-09-08,ZCH0BGQC,ST12000NM0007,12000138625024,0,75,30952064,98,0,100,2,100,0,86,9357984301,94,5763,100,0,100,1,,,,,100.0,0.0,100.0,0.0,,,76.0,24.0,,,100.0,50.0,100.0,297.0,24,24,100,0,100,0,200,0,100.0,5724.0,100.0,41227335744.0,100.0,56215786508.0
2018-09-09,ZCH0BGQC,ST12000NM0007,12000138625024,0,83,210675848,98,0,100,2,100,0,86,9359457055,94,5787,100,0,100,1,,,,,100.0,0.0,100.0,0.0,,,76.0,24.0,,,100.0,51.0,100.0,298.0,24,24,100,0,100,0,200,0,100.0,5748.0,100.0,41236608200.0,100.0,56386237836.0
2018-09-10,ZCH0BGQC,ST12000NM0007,12000138625024,0,83,192840208,98,0,100,2,100,0,86,9361419599,94,5811,100,0,100,1,,,,,100.0,0.0,100.0,0.0,,,76.0,24.0,,,100.0,52.0,100.0,299.0,24,24,100,0,100,0,200,0,100.0,5771.0,100.0,41251421008.0,100.0,56597730020.0
2018-09-11,ZCH0BGQC,ST12000NM0007,12000138625024,0,77,45720504,98,0,100,2,100,0,86,9364142210,94,5834,100,0,100,1,,,,,100.0,0.0,100.0,0.0,,,75.0,25.0,,,100.0,52.0,100.0,300.0,25,25,100,0,100,0,200,0,100.0,5794.0,100.0,41358002608.0,100.0,56832310252.0
2018-09-12,ZCH0BGQC,ST12000NM0007,12000138625024,0,84,238307816,98,0,100,2,100,0,86,9368380094,94,5859,100,0,100,1,,,,,100.0,0.0,100.0,0.0,,,75.0,25.0,,,100.0,53.0,100.0,301.0,25,25,100,0,100,0,200,0,100.0,5820.0,100.0,41530765304.0,100.0,57096275796.0
2018-09-13,ZCH0BGQC,ST12000NM0007,12000138625024,0,80,102036784,98,0,100,2,100,0,86,9372323656,94,5881,100,0,100,1,,,,,100.0,0.0,100.0,0.0,,,76.0,24.0,,,100.0,53.0,100.0,302.0,24,24,100,0,100,0,200,0,100.0,5841.0,100.0,41676230888.0,100.0,57302820564.0
2018-09-14,ZCH0BGQC,ST12000NM0007,12000138625024,0,71,12194544,98,0,100,2,100,0,86,9376161715,94,5904,100,0,100,1,,,,,100.0,0.0,100.0,0.0,,,71.0,29.0,,,100.0,53.0,100.0,303.0,29,29,100,0,100,0,200,0,100.0,5864.0,100.0,41842133336.0,100.0,57535357284.0
2018-09-15,ZCH0BGQC,ST12000NM0007,12000138625024,0,82,149046136,98,0,100,2,100,0,86,9380146794,94,5928,100,0,100,1,,,,,100.0,0.0,100.0,0.0,,,71.0,29.0,,,100.0,53.0,100.0,304.0,29,29,100,0,100,0,200,0,100.0,5888.0,100.0,41986762112.0,100.0,57771720932.0
2018-09-16,ZCH0BGQC,ST12000NM0007,12000138625024,0,77,52266192,98,0,100,2,100,0,86,9384358456,94,5952,100,0,100,1,,,,,100.0,0.0,100.0,0.0,,,72.0,28.0,,,100.0,54.0,100.0,305.0,28,28,100,0,100,0,200,0,100.0,5912.0,100.0,42133534728.0,100.0,58016449644.0
2018-09-17,ZCH0BGQC,ST12000NM0007,12000138625024,0,83,198706928,98,0,100,2,100,0,86,9388693509,94,5976,100,0,100,1,,,,,100.0,0.0,100.0,0.0,,,71.0,29.0,,,100.0,54.0,100.0,306.0,29,29,100,0,100,0,200,0,100.0,5936.0,100.0,42263246752.0,100.0,58277319084.0
2018-09-18,ZCH0BGQC,ST12000NM0007,12000138625024,0,80,102487792,98,0,100,2,100,0,86,9393230951,94,5999,100,0,100,1,,,,,100.0,0.0,100.0,0.0,,,73.0,27.0,,,100.0,54.0,100.0,307.0,27,27,100,0,100,0,200,0,100.0,5959.0,100.0,42377383464.0,100.0,58555244612.0
2018-09-19,ZCH0BGQC,ST12000NM0007,12000138625024,0,83,211203552,98,0,100,2,100,0,86,9397417760,94,6023,100,0,100,1,,,,,100.0,0.0,100.0,0.0,,,74.0,26.0,,,100.0,54.0,100.0,308.0,26,26,100,0,100,0,200,0,100.0,5983.0,100.0,42514030120.0,100.0,58771454436.0
2018-09-20,ZCH0BGQC,ST12000NM0007,12000138625024,0,80,94194576,98,0,100,2,100,0,86,9401977410,94,6047,100,0,100,1,,,,,100.0,0.0,100.0,0.0,,,74.0,26.0,,,100.0,54.0,100.0,309.0,26,26,100,0,100,0,200,0,100.0,6007.0,100.0,42658815792.0,100.0,58997941100.0
2018-09-21,ZCH0BGQC,ST12000NM0007,12000138625024,0,73,19262048,98,0,100,2,100,0,86,9406572414,94,6073,100,0,100,1,,,,,100.0,0.0,100.0,0.0,,,73.0,27.0,,,100.0,54.0,100.0,310.0,27,27,100,0,100,0,200,0,100.0,6032.0,100.0,42818905896.0,100.0,59251199740.0
2018-09-22,ZCH0BGQC,ST12000NM0007,12000138625024,0,81,132944848,98,0,100,2,100,0,86,9410597734,94,6097,100,0,100,1,,,,,100.0,0.0,100.0,0.0,,,73.0,27.0,,,100.0,55.0,100.0,311.0,27,27,100,0,100,0,200,0,100.0,6056.0,100.0,42926644144.0,100.0,59501284924.0
2018-09-23,ZCH0BGQC,ST12000NM0007,12000138625024,0,76,40360696,98,0,100,2,100,0,86,9415051930,94,6121,100,0,100,1,,,,,100.0,0.0,100.0,0.0,,,73.0,27.0,,,100.0,55.0,100.0,312.0,27,27,100,0,100,0,200,0,100.0,6080.0,100.0,43061255888.0,100.0,59762370420.0
2018-09-24,ZCH0BGQC,ST12000NM0007,12000138625024,0,82,174646232,98,0,100,2,100,0,86,9419640301,93,6144,100,0,100,1,,,,,100.0,0.0,100.0,0.0,,,74.0,26.0,,,100.0,56.0,100.0,313.0,26,26,100,0,100,0,200,0,100.0,6103.0,100.0,43146606664.0,100.0,60055445844.0
2018-09-25,ZCH0BGQC,ST12000NM0007,12000138625024,0,76,37274672,98,0,100,2,100,0,86,9423092370,93,6168,100,0,100,1,,,,,100.0,0.0,100.0,0.0,,,73.0,27.0,,,100.0,57.0,100.0,314.0,27,27,100,0,100,0,200,0,100.0,6127.0,100.0,43196486992.0,100.0,60356475220.0
2018-09-26,ZCH0BGQC,ST12000NM0007,12000138625024,0,83,194845128,98,0,100,2,100,0,86,9427552676,93,6193,100,0,100,1,,,,,100.0,0.0,100.0,0.0,,,73.0,27.0,,,100.0,57.0,100.0,315.0,27,27,100,0,100,0,200,0,100.0,6151.0,100.0,43279943352.0,100.0,60674730060.0
2018-09-27,ZCH0BGQC,ST12000NM0007,12000138625024,0,77,53974808,98,0,100,2,100,0,86,9432293280,93,6216,100,0,100,1,,,,,100.0,0.0,100.0,0.0,,,73.0,27.0,,,100.0,57.0,100.0,316.0,27,27,100,0,100,0,200,0,100.0,6175.0,100.0,43373419600.0,100.0,60928664852.0
2018-09-28,ZCH0BGQC,ST12000NM0007,12000138625024,0,73,19795000,98,0,100,2,100,0,86,9437059146,93,6243,100,0,100,1,,,,,100.0,0.0,100.0,0.0,,,74.0,26.0,,,100.0,57.0,100.0,317.0,26,26,100,0,100,0,200,0,100.0,6202.0,100.0,43487069048.0,100.0,61269116964.0
2018-09-29,ZCH0BGQC,ST12000NM0007,12000138625024,0,83,180352296,98,0,100,2,100,0,86,9440541990,93,6269,100,0,100,1,,,,,100.0,0.0,100.0,0.0,,,74.0,26.0,,,100.0,58.0,100.0,318.0,26,26,100,0,100,0,200,0,100.0,6228.0,100.0,43494953456.0,100.0,61665930612.0
2018-09-30,ZCH0BGQC,ST12000NM0007,12000138625024,0,81,132551216,98,0,100,2,100,0,86,9442024133,93,6293,100,0,100,1,,,,,100.0,0.0,100.0,0.0,,,74.0,26.0,,,100.0,59.0,100.0,319.0,26,26,100,0,100,0,200,0,100.0,6252.0,100.0,43499056560.0,100.0,61858167132.0
2018-10-01,ZCH0BGQC,ST12000NM0007,12000138625024,0,80,101338280,98,0,100,2,100,0,86,9444206824,93,6316,100,0,100,1,,,,,100.0,0.0,100.0,0.0,,,74.0,26.0,,,100.0,59.0,100.0,320.0,26,26,100,0,100,0,200,0,100.0,6275.0,100.0,43513093776.0,100.0,62057057612.0
2018-10-02,ZCH0BGQC,ST12000NM0007,12000138625024,0,77,53210472,98,0,100,2,100,0,86,9445658195,93,6341,100,0,100,1,,,,,100.0,0.0,100.0,0.0,,,74.0,26.0,,,100.0,59.0,100.0,321.0,26,26,100,0,100,0,200,0,100.0,6299.0,100.0,43517490056.0,100.0,62248674292.0
2018-10-03,ZCH0BGQC,ST12000NM0007,12000138625024,0,84,233569392,98,0,100,2,100,0,86,9447322145,93,6364,100,0,100,1,,,,,100.0,0.0,100.0,0.0,,,73.0,27.0,,,100.0,60.0,100.0,322.0,27,27,100,0,100,0,200,0,100.0,6322.0,100.0,43526607208.0,100.0,62419916060.0
2018-10-04,ZCH0BGQC,ST12000NM0007,12000138625024,0,80.0,94493272.0,98.0,0.0,100.0,2.0,100.0,0.0,86.0,9450270039.0,93.0,6389.0,100.0,0.0,100.0,1.0,,,,,100.0,0.0,100.0,0.0,,,74.0,26.0,,,100.0,61.0,100.0,323.0,26.0,26.0,100.0,0.0,100.0,0.0,200.0,0.0,100.0,6347.0,100.0,43536181208.0,100.0,62759547436.0
2018-10-05,ZCH0BGQC,ST12000NM0007,12000138625024,0,76,44156280,98,0,100,2,100,0,86,9451681448,93,6413,100,0,100,1,,,,,100.0,0.0,100.0,0.0,,,74.0,26.0,,,100.0,61.0,100.0,324.0,26,26,100,0,100,0,200,0,100.0,6371.0,100.0,43540917384.0,100.0,62948615140.0
2018-10-06,ZCH0BGQC,ST12000NM0007,12000138625024,0,74,27639792,98,0,100,2,100,0,86,9453667186,93,6437,100,0,100,1,,,,,100.0,0.0,100.0,0.0,,,74.0,26.0,,,100.0,62.0,100.0,325.0,26,26,100,0,100,0,200,0,100.0,6395.0,100.0,43548949016.0,100.0,63168207676.0
2018-10-07,ZCH0BGQC,ST12000NM0007,12000138625024,0,83,196440048,98,0,100,2,100,0,86,9454783559,93,6461,100,0,100,1,,,,,100.0,0.0,100.0,0.0,,,74.0,26.0,,,100.0,63.0,100.0,326.0,26,26,100,0,100,0,200,0,100.0,6419.0,100.0,43554148440.0,100.0,63331808508.0
2018-10-08,ZCH0BGQC,ST12000NM0007,12000138625024,0,83,196830224,98,0,100,2,100,0,86,9457258338,93,6485,100,0,100,1,,,,,100.0,0.0,100.0,0.0,,,74.0,26.0,,,100.0,64.0,100.0,327.0,26,26,100,0,100,0,200,0,100.0,6443.0,100.0,43570692512.0,100.0,63559795244.0
2018-10-09,ZCH0BGQC,ST12000NM0007,12000138625024,0,79.0,80677704.0,98.0,0.0,100.0,2.0,100.0,0.0,86.0,9458110948.0,93.0,6501.0,100.0,0.0,100.0,1.0,,,,,100.0,0.0,100.0,0.0,,,75.0,25.0,,,100.0,65.0,100.0,328.0,25.0,25.0,100.0,0.0,100.0,0.0,200.0,0.0,100.0,6459.0,100.0,43574634800.0,100.0,63683841308.0
2018-10-10,ZCH0BGQC,ST12000NM0007,12000138625024,0,79,83412968,98,0,100,2,100,0,86,9460679680,93,6533,100,0,100,1,,,,,100.0,0.0,100.0,0.0,,,74.0,26.0,,,100.0,66.0,100.0,329.0,26,26,100,0,100,0,200,0,100.0,6490.0,100.0,43590758016.0,100.0,63914593988.0
2018-10-11,ZCH0BGQC,ST12000NM0007,12000138625024,0,77,46020184,98,0,100,2,100,0,86,9462263533,93,6557,100,0,100,1,,,,,100.0,0.0,100.0,0.0,,,74.0,26.0,,,100.0,67.0,100.0,330.0,26,26,100,0,100,0,200,0,100.0,6514.0,100.0,43599677624.0,100.0,64112422268.0
2018-10-12,ZCH0BGQC,ST12000NM0007,12000138625024,0,71,12059496,98,0,100,2,100,0,86,9464310466,93,6581,100,0,100,1,,,,,100.0,0.0,100.0,0.0,,,74.0,26.0,,,100.0,68.0,100.0,331.0,26,26,100,0,100,0,200,0,100.0,6538.0,100.0,43632219344.0,100.0,64290060692.0
2018-10-13,ZCH0BGQC,ST12000NM0007,12000138625024,0,83,214953584,98,0,100,2,100,0,86,9466053652,93,6605,100,0,100,1,,,,,100.0,0.0,100.0,0.0,,,74.0,26.0,,,100.0,69.0,100.0,332.0,26,26,100,0,100,0,200,0,100.0,6562.0,100.0,43669689216.0,100.0,64455484908.0
2018-10-14,ZCH0BGQC,ST12000NM0007,12000138625024,0,83,200745112,98,0,100,2,100,0,86,9468100026,93,6629,100,0,100,1,,,,,100.0,0.0,100.0,0.0,,,74.0,26.0,,,100.0,69.0,100.0,333.0,26,26,100,0,100,0,200,0,100.0,6587.0,100.0,43710184088.0,100.0,64644922356.0
2018-10-15,ZCH0BGQC,ST12000NM0007,12000138625024,0,83,219343056,98,0,100,2,100,0,86,9470978939,93,6653,100,0,100,1,,,,,100.0,0.0,100.0,0.0,,,74.0,26.0,,,100.0,70.0,100.0,334.0,26,26,100,0,100,0,200,0,100.0,6610.0,100.0,43757039672.0,100.0,64860805508.0
2018-10-16,ZCH0BGQC,ST12000NM0007,12000138625024,0,82,168297704,98,0,100,2,100,0,86,9472782547,93,6676,100,0,100,1,,,,,100.0,0.0,100.0,0.0,,,74.0,26.0,,,100.0,71.0,100.0,335.0,26,26,100,0,100,0,200,0,100.0,6634.0,100.0,43794569992.0,100.0,65016370524.0
2018-10-17,ZCH0BGQC,ST12000NM0007,12000138625024,0,82,161689400,98,0,100,2,100,0,86,9475599859,93,6701,100,0,100,1,,,,,100.0,0.0,100.0,0.0,,,73.0,27.0,,,100.0,72.0,100.0,336.0,27,27,100,0,100,0,200,0,100.0,6659.0,100.0,43854455904.0,100.0,65194017036.0
2018-10-18,ZCH0BGQC,ST12000NM0007,12000138625024,0,81,134774672,98,0,100,2,100,0,86,9477934548,93,6722,100,0,100,1,,,,,100.0,0.0,100.0,0.0,,,73.0,27.0,,,100.0,72.0,100.0,337.0,27,27,100,0,100,0,200,0,100.0,6679.0,100.0,43893285232.0,100.0,65372413836.0
2018-10-19,ZCH0BGQC,ST12000NM0007,12000138625024,0,81,120386608,98,0,100,2,100,0,86,9480770524,93,6746,100,0,100,1,,,,,100.0,0.0,100.0,0.0,,,74.0,26.0,,,100.0,73.0,100.0,338.0,26,26,100,0,100,0,200,0,100.0,6703.0,100.0,43950242312.0,100.0,65545209324.0
2018-10-20,ZCH0BGQC,ST12000NM0007,12000138625024,0,81,114745672,98,0,100,2,100,0,87,9483508407,93,6770,100,0,100,1,,,,,100.0,0.0,100.0,0.0,,,74.0,26.0,,,100.0,73.0,100.0,339.0,26,26,100,0,100,0,200,0,100.0,6727.0,100.0,43990825440.0,100.0,65743126068.0
2018-10-21,ZCH0BGQC,ST12000NM0007,12000138625024,0,81,123289000,98,0,100,2,100,0,87,9486189309,93,6794,100,0,100,1,,,,,100.0,0.0,100.0,0.0,,,74.0,26.0,,,100.0,74.0,100.0,340.0,26,26,100,0,100,0,200,0,100.0,6750.0,100.0,44047388304.0,100.0,65939247268.0
2018-10-22,ZCH0BGQC,ST12000NM0007,12000138625024,0,82,144397984,98,0,100,2,100,0,87,9489321587,93,6818,100,0,100,1,,,,,100.0,0.0,100.0,0.0,,,74.0,26.0,,,100.0,75.0,100.0,341.0,26,26,100,0,100,0,200,0,100.0,6774.0,100.0,44107573048.0,100.0,66144312196.0
2018-10-23,ZCH0BGQC,ST12000NM0007,12000138625024,0,81,129450944,98,0,100,2,100,0,87,9491432395,93,6842,100,0,100,1,,,,,100.0,0.0,100.0,0.0,,,74.0,26.0,,,100.0,75.0,100.0,342.0,26,26,100,0,100,0,200,0,100.0,6798.0,100.0,44154902128.0,100.0,66326176764.0
2018-10-25,ZCH0BGQC,ST12000NM0007,12000138625024,0,79,88572640,98,0,100,2,100,0,87,9496415239,93,6889,100,0,100,1,,,,,100.0,0.0,100.0,0.0,,,73.0,27.0,,,100.0,76.0,100.0,344.0,27,27,100,0,100,0,200,0,100.0,6845.0,100.0,44251602600.0,100.0,66676879468.0
2018-10-26,ZCH0BGQC,ST12000NM0007,12000138625024,0,79,72135792,98,0,100,2,100,0,87,9499312464,93,6913,100,0,100,1,,,,,100.0,0.0,100.0,0.0,,,74.0,26.0,,,100.0,76.0,100.0,345.0,26,26,100,0,100,0,200,0,100.0,6869.0,100.0,44296259992.0,100.0,66859925972.0
2018-10-27,ZCH0BGQC,ST12000NM0007,12000138625024,0,74,22565600,98,0,100,2,100,0,87,9501573356,93,6937,100,0,100,1,,,,,100.0,0.0,100.0,0.0,,,74.0,26.0,,,100.0,77.0,100.0,346.0,26,26,100,0,100,0,200,0,100.0,6893.0,100.0,44340428520.0,100.0,67010328092.0
2018-10-28,ZCH0BGQC,ST12000NM0007,12000138625024,0,68,5895208,98,0,100,2,100,0,87,9503697657,93,6961,100,0,100,1,,,,,100.0,0.0,100.0,0.0,,,74.0,26.0,,,100.0,77.0,100.0,347.0,26,26,100,0,100,0,200,0,100.0,6917.0,100.0,44383976728.0,100.0,67194250164.0
2018-10-29,ZCH0BGQC,ST12000NM0007,12000138625024,0,72,17059816,98,0,100,2,100,0,87,9506711871,93,6985,100,0,100,1,,,,,100.0,0.0,100.0,0.0,,,74.0,26.0,,,100.0,78.0,100.0,348.0,26,26,100,0,100,0,200,0,100.0,6941.0,100.0,44435123336.0,100.0,67398408980.0
2018-10-30,ZCH0BGQC,ST12000NM0007,12000138625024,0,67,5478792,98,0,100,2,100,0,87,9509045910,92,7009,100,0,100,1,,,,,100.0,0.0,100.0,0.0,,,74.0,26.0,,,100.0,78.0,100.0,349.0,26,26,100,0,100,0,200,0,100.0,6964.0,100.0,44493321000.0,100.0,67572771068.0
2018-10-31,ZCH0BGQC,ST12000NM0007,12000138625024,0,84,226068208,98.0,0.0,100.0,2.0,100.0,0.0,87.0,9511331566.0,92,7033,100.0,0.0,100,1,,,,,100.0,0.0,100.0,0.0,,,73.0,27.0,,,100.0,79.0,100.0,350.0,27,27,100.0,0.0,100.0,0.0,200.0,0.0,100.0,6988.0,100.0,44543127104.0,100.0,67743554380.0
2018-11-01,ZCH0BGQC,ST12000NM0007,12000138625024,0,77,49155376,98.0,0.0,100.0,2.0,100.0,0.0,87.0,9515350693.0,92,7062,100.0,0.0,100,1,,,,,100.0,0.0,100.0,0.0,,,72.0,28.0,,,100.0,80.0,100.0,352.0,28,28,100.0,0.0,100.0,0.0,200.0,0.0,100.0,7017.0,100.0,44613399520.0,100.0,67984650396.0
2018-11-02,ZCH0BGQC,ST12000NM0007,12000138625024,0,84,228810288,98.0,0.0,100.0,2.0,100.0,0.0,87.0,9517747623.0,92,7087,100.0,0.0,100,1,,,,,100.0,0.0,100.0,0.0,,,72.0,28.0,,,100.0,81.0,100.0,353.0,28,28,100.0,0.0,100.0,0.0,200.0,0.0,100.0,7042.0,100.0,44657092032.0,100.0,68120612796.0
2018-11-03,ZCH0BGQC,ST12000NM0007,12000138625024,0,83,203862776,98.0,0.0,100.0,2.0,100.0,0.0,87.0,9520796017.0,92,7111,100.0,0.0,100,1,,,,,100.0,0.0,100.0,0.0,,,73.0,27.0,,,100.0,82.0,100.0,354.0,27,27,100.0,0.0,100.0,0.0,200.0,0.0,100.0,7066.0,100.0,44707793280.0,100.0,68289104812.0
2018-11-04,ZCH0BGQC,ST12000NM0007,12000138625024,0,82,174712384,98.0,0.0,100.0,2.0,100.0,0.0,87.0,9522893682.0,92,7135,100.0,0.0,100,1,,,,,100.0,0.0,100.0,0.0,,,74.0,26.0,,,100.0,83.0,100.0,355.0,26,26,100.0,0.0,100.0,0.0,200.0,0.0,100.0,7089.0,100.0,44751872784.0,100.0,68460015708.0
2018-11-05,ZCH0BGQC,ST12000NM0007,12000138625024,0,81,116008504,98.0,0.0,100.0,2.0,100.0,0.0,87.0,9525258978.0,92,7151,100.0,0.0,100,1,,,,,100.0,0.0,100.0,0.0,,,73.0,27.0,,,100.0,83.0,100.0,355.0,27,27,100.0,0.0,100.0,0.0,200.0,0.0,100.0,7105.0,100.0,44785887632.0,100.0,68611437652.0
2018-11-06,ZCH0BGQC,ST12000NM0007,12000138625024,0,80.0,92147944.0,97.0,0.0,100.0,3.0,100.0,0.0,87.0,9527432093.0,92.0,7174.0,100.0,0.0,100.0,2.0,,,,,100.0,0.0,100.0,0.0,,,74.0,26.0,,,100.0,85.0,100.0,357.0,26.0,26.0,100.0,0.0,100.0,0.0,200.0,0.0,100.0,7129.0,100.0,44832851048.0,100.0,68784754414.0
2018-11-07,ZCH0BGQC,ST12000NM0007,12000138625024,0,81.0,122566304.0,97.0,0.0,100.0,3.0,100.0,0.0,87.0,9529950951.0,92.0,7199.0,100.0,0.0,100.0,2.0,,,,,100.0,0.0,100.0,0.0,,,74.0,26.0,,,100.0,85.0,100.0,358.0,26.0,26.0,100.0,0.0,100.0,0.0,200.0,0.0,100.0,7153.0,100.0,44896777128.0,100.0,68995387374.0
2018-11-08,ZCH0BGQC,ST12000NM0007,12000138625024,0,83.0,222338424.0,97.0,0.0,100.0,3.0,100.0,0.0,87.0,9534154830.0,92.0,7228.0,100.0,0.0,100.0,2.0,,,,,100.0,0.0,100.0,0.0,,,75.0,25.0,,,100.0,86.0,100.0,360.0,25.0,25.0,100.0,0.0,100.0,0.0,200.0,0.0,100.0,7182.0,100.0,44960462896.0,100.0,69275614382.0
2018-11-09,ZCH0BGQC,ST12000NM0007,12000138625024,0,84,228725424,97.0,0.0,100.0,3.0,100.0,0.0,87.0,9536383401.0,92,7252,100.0,0.0,100,2,,,,,100.0,0.0,100.0,0.0,,,75.0,25.0,,,100.0,87.0,100.0,361.0,25,25,100.0,0.0,100.0,0.0,200.0,0.0,100.0,7206.0,100.0,45015835352.0,100.0,69470769694.0
2018-11-10,ZCH0BGQC,ST12000NM0007,12000138625024,0,84,233691104,97.0,0.0,100.0,3.0,100.0,0.0,87.0,9538713687.0,92,7276,100.0,0.0,100,2,,,,,100.0,0.0,100.0,0.0,,,75.0,25.0,,,100.0,88.0,100.0,362.0,25,25,100.0,0.0,100.0,0.0,200.0,0.0,100.0,7230.0,100.0,45069345712.0,100.0,69666365822.0
2018-11-11,ZCH0BGQC,ST12000NM0007,12000138625024,0,83,212341376,97.0,0.0,100.0,3.0,100.0,0.0,87.0,9540691560.0,92,7299,100.0,0.0,100,2,,,,,100.0,0.0,100.0,0.0,,,75.0,25.0,,,100.0,88.0,100.0,363.0,25,25,100.0,0.0,100.0,0.0,200.0,0.0,100.0,7254.0,100.0,45103433368.0,100.0,69855069262.0
2018-11-12,ZCH0BGQC,ST12000NM0007,12000138625024,0,100,95464,97.0,0.0,100.0,3.0,100.0,0.0,87.0,9543980620.0,92,7323,100.0,0.0,100,2,,,,,100.0,0.0,100.0,0.0,,,74.0,26.0,,,100.0,88.0,100.0,364.0,26,26,100.0,0.0,100.0,0.0,200.0,0.0,100.0,7277.0,100.0,45174879280.0,100.0,70059658998.0
2018-11-13,ZCH0BGQC,ST12000NM0007,12000138625024,0,83,205694360,97.0,0.0,100.0,3.0,100.0,0.0,87.0,9546117143.0,92,7347,100.0,0.0,100,2,,,,,100.0,0.0,100.0,0.0,,,75.0,25.0,,,100.0,89.0,100.0,365.0,25,25,100.0,0.0,100.0,0.0,200.0,0.0,100.0,7301.0,100.0,45213525624.0,100.0,70226611550.0
2018-11-14,ZCH0BGQC,ST12000NM0007,12000138625024,0,83,181323744,97.0,0.0,100.0,3.0,100.0,0.0,87.0,9548641340.0,92,7372,100.0,0.0,100,2,,,,,100.0,0.0,100.0,0.0,,,73.0,27.0,,,100.0,90.0,100.0,366.0,27,27,100.0,0.0,100.0,0.0,200.0,0.0,100.0,7326.0,100.0,45264963736.0,100.0,70394943470.0
2018-11-15,ZCH0BGQC,ST12000NM0007,12000138625024,0,83,189074432,97.0,0.0,100.0,3.0,100.0,0.0,87.0,9551897102.0,92,7395,100.0,0.0,100,2,,,,,100.0,0.0,100.0,0.0,,,74.0,26.0,,,100.0,91.0,100.0,367.0,26,26,100.0,0.0,100.0,0.0,200.0,0.0,100.0,7349.0,100.0,45322807256.0,100.0,70588991270.0
2018-11-16,ZCH0BGQC,ST12000NM0007,12000138625024,0,83,177917424,97.0,0.0,100.0,3.0,100.0,0.0,87.0,9554155371.0,92,7419,100.0,0.0,100,2,,,,,100.0,0.0,100.0,0.0,,,74.0,26.0,,,100.0,92.0,100.0,368.0,26,26,100.0,0.0,100.0,0.0,200.0,0.0,100.0,7373.0,100.0,45379166600.0,100.0,70765615662.0
2018-11-17,ZCH0BGQC,ST12000NM0007,12000138625024,0,82.0,171256384.0,97.0,0.0,100.0,3.0,100.0,0.0,87.0,9556241723.0,92.0,7444.0,100.0,0.0,100.0,2.0,,,,,100.0,0.0,100.0,0.0,,,74.0,26.0,,,100.0,92.0,100.0,369.0,26.0,26.0,100.0,0.0,100.0,0.0,200.0,0.0,100.0,7397.0,100.0,45421879160.0,100.0,70960382782.0
2018-11-18,ZCH0BGQC,ST12000NM0007,12000138625024,0,81,132748504,97.0,0.0,100.0,3.0,100.0,0.0,87.0,9558436654.0,92,7468,100.0,0.0,100,2,,,,,100.0,0.0,100.0,0.0,,,74.0,26.0,,,100.0,92.0,100.0,369.0,26,26,100.0,0.0,100.0,0.0,200.0,0.0,100.0,7422.0,100.0,45461739328.0,100.0,71126155422.0
2018-11-19,ZCH0BGQC,ST12000NM0007,12000138625024,0,82,162267232,97.0,0.0,100.0,3.0,100.0,0.0,87.0,9561719170.0,92,7494,100.0,0.0,100,2,,,,,100.0,0.0,100.0,0.0,,,74.0,26.0,,,100.0,93.0,100.0,371.0,26,26,100.0,0.0,100.0,0.0,200.0,0.0,100.0,7447.0,100.0,45524108368.0,100.0,71337445790.0
2018-11-20,ZCH0BGQC,ST12000NM0007,12000138625024,0,76,37387250,96.0,0.0,100.0,4.0,100.0,0.0,87.0,9562929166.0,92,7510,100.0,0.0,100,3,,,,,100.0,0.0,100.0,0.0,,,74.0,26.0,,,100.0,93.0,100.0,373.0,26,26,100.0,0.0,100.0,0.0,200.0,0.0,100.0,7464.0,100.0,45547942768.0,100.0,71432872240.0
2018-11-21,ZCH0BGQC,ST12000NM0007,12000138625024,0,73,21984960,96.0,0.0,100.0,4.0,100.0,0.0,87.0,9565125152.0,92,7534,100.0,0.0,100,3,,,,,100.0,0.0,100.0,0.0,,,74.0,26.0,,,100.0,93.0,100.0,374.0,26,26,100.0,0.0,100.0,0.0,200.0,0.0,100.0,7487.0,100.0,45591639160.0,100.0,71617914344.0
2018-11-22,ZCH0BGQC,ST12000NM0007,12000138625024,0,77,49464376,96.0,0.0,100.0,4.0,100.0,0.0,87.0,9568420187.0,92,7558,100.0,0.0,100,3,,,,,100.0,0.0,100.0,0.0,,,74.0,26.0,,,100.0,94.0,100.0,375.0,26,26,100.0,0.0,100.0,0.0,200.0,0.0,100.0,7511.0,100.0,45657833560.0,100.0,71823340104.0
2018-11-23,ZCH0BGQC,ST12000NM0007,12000138625024,0,76,43493072,96.0,0.0,100.0,4.0,100.0,0.0,87.0,9570614518.0,92,7582,100.0,0.0,100,3,,,,,100.0,0.0,100.0,0.0,,,73.0,27.0,,,100.0,94.0,100.0,376.0,27,27,100.0,0.0,100.0,0.0,200.0,0.0,100.0,7535.0,100.0,45708390944.0,100.0,72010952096.0
2018-11-24,ZCH0BGQC,ST12000NM0007,12000138625024,0,78,64256096,96.0,0.0,100.0,4.0,100.0,0.0,87.0,9573540361.0,92,7606,100.0,0.0,100,3,,,,,100.0,0.0,100.0,0.0,,,73.0,27.0,,,100.0,95.0,100.0,377.0,27,27,100.0,0.0,100.0,0.0,200.0,0.0,100.0,7559.0,100.0,45782567664.0,100.0,72201679256.0
2018-11-25,ZCH0BGQC,ST12000NM0007,12000138625024,0,78,59606472,96.0,0.0,100.0,4.0,100.0,0.0,87.0,9575684535.0,92,7630,100.0,0.0,100,3,,,,,100.0,0.0,100.0,0.0,,,73.0,27.0,,,100.0,95.0,100.0,378.0,27,27,100.0,0.0,100.0,0.0,200.0,0.0,100.0,7583.0,100.0,45828623000.0,100.0,72395115096.0
2018-11-26,ZCH0BGQC,ST12000NM0007,12000138625024,0,80,107565080,96.0,0.0,100.0,4.0,100.0,0.0,87.0,9579349720.0,92,7654,100.0,0.0,100,3,,,,,100.0,0.0,100.0,0.0,,,73.0,27.0,,,100.0,96.0,100.0,379.0,27,27,100.0,0.0,100.0,0.0,200.0,0.0,100.0,7606.0,100.0,45881162272.0,100.0,72634675096.0
2018-11-27,ZCH0BGQC,ST12000NM0007,12000138625024,0,79,81828952,96.0,0.0,100.0,4.0,100.0,0.0,87.0,9581503939.0,92,7678,100.0,0.0,100,3,,,,,100.0,0.0,100.0,0.0,,,73.0,27.0,,,100.0,97.0,100.0,380.0,27,27,100.0,0.0,100.0,0.0,200.0,0.0,100.0,7631.0,100.0,45927564696.0,100.0,72806677416.0
2018-11-28,ZCH0BGQC,ST12000NM0007,12000138625024,0,76,43140840,96.0,0.0,100.0,4.0,100.0,0.0,87.0,9583522123.0,92,7702,100.0,0.0,100,3,,,,,100.0,0.0,100.0,0.0,,,73.0,27.0,,,100.0,98.0,100.0,381.0,27,27,100.0,0.0,100.0,0.0,200.0,0.0,100.0,7654.0,100.0,45978437920.0,100.0,72961256760.0
2018-11-29,ZCH0BGQC,ST12000NM0007,12000138625024,0,77,52215536,96.0,0.0,100.0,4.0,100.0,0.0,87.0,9586758440.0,92,7726,100.0,0.0,100,3,,,,,100.0,0.0,100.0,0.0,,,75.0,25.0,,,100.0,98.0,100.0,382.0,25,25,100.0,0.0,100.0,0.0,200.0,0.0,100.0,7679.0,100.0,46040921928.0,100.0,73151988080.0
2018-11-30,ZCH0BGQC,ST12000NM0007,12000138625024,0,73,19557160,96.0,0.0,100.0,4.0,100.0,0.0,87.0,9588667407.0,92,7750,100.0,0.0,100,3,,,,,100.0,0.0,100.0,0.0,,,76.0,24.0,,,100.0,98.0,100.0,383.0,24,24,100.0,0.0,100.0,0.0,200.0,0.0,100.0,7702.0,100.0,46082359280.0,100.0,73322033104.0
2018-12-01,ZCH0BGQC,ST12000NM0007,12000138625024,0,67,5535952,96.0,0.0,100.0,4.0,100.0,0.0,87.0,776471.0,92,7775,100.0,0.0,100,3,,,,,100.0,0.0,100.0,0.0,,,76.0,24.0,,,100.0,99.0,100.0,384.0,24,24,100.0,0.0,100.0,0.0,200.0,0.0,100.0,7727.0,100.0,46131073632.0,100.0,73503438176.0
2018-12-02,ZCH0BGQC,ST12000NM0007,12000138625024,0,83,222586016,96.0,0.0,100.0,4.0,100.0,0.0,65.0,3216670.0,92,7798,100.0,0.0,100,3,,,,,100.0,0.0,100.0,0.0,,,76.0,24.0,,,100.0,100.0,100.0,385.0,24,24,100.0,0.0,100.0,0.0,200.0,0.0,100.0,7750.0,100.0,46175518720.0,100.0,73676043152.0
2018-12-03,ZCH0BGQC,ST12000NM0007,12000138625024,0,84,231364032,96.0,0.0,100.0,4.0,100.0,0.0,68.0,6276664.0,92,7822,100.0,0.0,100,3,,,,,100.0,0.0,100.0,0.0,,,76.0,24.0,,,100.0,101.0,100.0,386.0,24,24,100.0,0.0,100.0,0.0,200.0,0.0,100.0,7774.0,100.0,46244484632.0,100.0,73859995896.0
2018-12-04,ZCH0BGQC,ST12000NM0007,12000138625024,0,83,198334072,96.0,0.0,100.0,4.0,100.0,0.0,69.0,8404861.0,92,7847,100.0,0.0,100,3,,,,,100.0,0.0,100.0,0.0,,,76.0,24.0,,,100.0,102.0,100.0,387.0,24,24,100.0,0.0,100.0,0.0,200.0,0.0,100.0,7798.0,100.0,46299925344.0,100.0,74015666080.0
2018-12-05,ZCH0BGQC,ST12000NM0007,12000138625024,0,83.0,190819832.0,96.0,0.0,100.0,4.0,100.0,0.0,70.0,10648613.0,92.0,7870.0,100.0,0.0,100.0,3.0,,,,,100.0,0.0,100.0,0.0,,,76.0,24.0,,,100.0,103.0,100.0,388.0,24.0,24.0,100.0,0.0,100.0,0.0,200.0,0.0,100.0,7822.0,100.0,46360533616.0,100.0,74191684288.0
2018-12-06,ZCH0BGQC,ST12000NM0007,12000138625024,0,81,116459136,96.0,0.0,100.0,4.0,100.0,0.0,72.0,15155051.0,91,7901,100.0,0.0,100,3,,,,,100.0,0.0,100.0,0.0,,,76.0,24.0,,,100.0,103.0,100.0,389.0,24,24,100.0,0.0,100.0,0.0,200.0,0.0,100.0,7853.0,100.0,46436701632.0,100.0,74529437064.0
2018-12-07,ZCH0BGQC,ST12000NM0007,12000138625024,0,80,109839528,96.0,0.0,100.0,4.0,100.0,0.0,72.0,17404037.0,91,7926,100.0,0.0,100,3,,,,,100.0,0.0,100.0,0.0,,,76.0,24.0,,,100.0,103.0,100.0,390.0,24,24,100.0,0.0,100.0,0.0,200.0,0.0,100.0,7877.0,100.0,46510383768.0,100.0,74693275952.0
2018-12-08,ZCH0BGQC,ST12000NM0007,12000138625024,0,78,58869584,96.0,0.0,100.0,4.0,100.0,0.0,73.0,19168024.0,91,7947,100.0,0.0,100,3,,,,,100.0,0.0,100.0,0.0,,,76.0,24.0,,,100.0,103.0,100.0,396.0,24,24,100.0,0.0,100.0,0.0,200.0,0.0,100.0,7898.0,100.0,46556716088.0,100.0,74840114386.0
2018-12-09,ZCH0BGQC,ST12000NM0007,12000138625024,0,74,23241256,96.0,0.0,100.0,4.0,100.0,0.0,73.0,21000491.0,91,7971,100.0,0.0,100,3,,,,,100.0,0.0,100.0,0.0,,,76.0,24.0,,,100.0,103.0,100.0,397.0,24,24,100.0,0.0,100.0,0.0,200.0,0.0,100.0,7922.0,100.0,46590805072.0,100.0,75014537810.0
2018-12-10,ZCH0BGQC,ST12000NM0007,12000138625024,0,77,54490344,96.0,0.0,100.0,4.0,100.0,0.0,74.0,24091465.0,91,7996,100.0,0.0,100,3,,,,,100.0,0.0,100.0,0.0,,,76.0,24.0,,,100.0,104.0,100.0,398.0,24,24,100.0,0.0,100.0,0.0,200.0,0.0,100.0,7946.0,100.0,46647582840.0,100.0,75233149834.0
2018-12-11,ZCH0BGQC,ST12000NM0007,12000138625024,0,69,7540440,96.0,0.0,100.0,4.0,100.0,0.0,74.0,25901776.0,91,8019,100.0,0.0,100,3,,,,,100.0,0.0,100.0,0.0,,,76.0,24.0,,,100.0,104.0,100.0,399.0,24,24,100.0,0.0,100.0,0.0,200.0,0.0,100.0,7970.0,100.0,46688992496.0,100.0,75388931082.0
2018-12-12,ZCH0BGQC,ST12000NM0007,12000138625024,0,83,204897320,96.0,0.0,100.0,4.0,100.0,0.0,74.0,28008883.0,91,8043,100.0,0.0,100,3,,,,,100.0,0.0,100.0,0.0,,,75.0,25.0,,,100.0,105.0,100.0,400.0,25,25,100.0,0.0,100.0,0.0,200.0,0.0,100.0,7994.0,100.0,46727445824.0,100.0,75547834634.0
2018-12-13,ZCH0BGQC,ST12000NM0007,12000138625024,0,82,175805848,96.0,0.0,100.0,4.0,100.0,0.0,75.0,31036640.0,91,8067,100.0,0.0,100,3,,,,,100.0,0.0,100.0,0.0,,,74.0,26.0,,,100.0,106.0,100.0,401.0,26,26,100.0,0.0,100.0,0.0,200.0,0.0,100.0,8017.0,100.0,46773579856.0,100.0,75716749762.0
2018-12-14,ZCH0BGQC,ST12000NM0007,12000138625024,0,82,162245864,96.0,0.0,100.0,4.0,100.0,0.0,75.0,33136358.0,91,8091,100.0,0.0,100,3,,,,,100.0,0.0,100.0,0.0,,,75.0,25.0,,,100.0,106.0,100.0,402.0,25,25,100.0,0.0,100.0,0.0,200.0,0.0,100.0,8041.0,100.0,46828641616.0,100.0,75892268810.0
2018-12-15,ZCH0BGQC,ST12000NM0007,12000138625024,0,82,150796072,96.0,0.0,100.0,4.0,100.0,0.0,75.0,35206552.0,91,8115,100.0,0.0,100,3,,,,,100.0,0.0,100.0,0.0,,,75.0,25.0,,,100.0,107.0,100.0,403.0,25,25,100.0,0.0,100.0,0.0,200.0,0.0,100.0,8065.0,100.0,46876858128.0,100.0,76076743298.0
2018-12-16,ZCH0BGQC,ST12000NM0007,12000138625024,0,82,160870504,96.0,0.0,100.0,4.0,100.0,0.0,76.0,38036641.0,91,8139,100.0,0.0,100,3,,,,,100.0,0.0,100.0,0.0,,,75.0,25.0,,,100.0,107.0,100.0,404.0,25,25,100.0,0.0,100.0,0.0,200.0,0.0,100.0,8089.0,100.0,46929915976.0,100.0,76277900658.0
2018-12-17,ZCH0BGQC,ST12000NM0007,12000138625024,0,84,228335504,96.0,0.0,100.0,4.0,100.0,0.0,76.0,41434198.0,91,8163,100.0,0.0,100,3,,,,,100.0,0.0,100.0,0.0,,,75.0,25.0,,,100.0,107.0,100.0,405.0,25,25,100.0,0.0,100.0,0.0,200.0,0.0,100.0,8113.0,100.0,47014281464.0,100.0,76505140922.0
2018-12-18,ZCH0BGQC,ST12000NM0007,12000138625024,0,83,219766208,96.0,0.0,100.0,4.0,100.0,0.0,76.0,43730610.0,91,8186,100.0,0.0,100,3,,,,,100.0,0.0,100.0,0.0,,,75.0,25.0,,,100.0,108.0,100.0,406.0,25,25,100.0,0.0,100.0,0.0,200.0,0.0,100.0,8137.0,100.0,47074557032.0,100.0,76680436690.0
2018-12-19,ZCH0BGQC,ST12000NM0007,12000138625024,0,83,215066192,96.0,0.0,100.0,4.0,100.0,0.0,77.0,46056307.0,91,8211,100.0,0.0,100,3,,,,,100.0,0.0,100.0,0.0,,,74.0,26.0,,,100.0,109.0,100.0,407.0,26,26,100.0,0.0,100.0,0.0,200.0,0.0,100.0,8161.0,100.0,47129626248.0,100.0,76864808306.0
2018-12-20,ZCH0BGQC,ST12000NM0007,12000138625024,0,84,224714424,96.0,0.0,100.0,4.0,100.0,0.0,77.0,49121654.0,91,8235,100.0,0.0,100,3,,,,,100.0,0.0,100.0,0.0,,,75.0,25.0,,,100.0,109.0,100.0,408.0,25,25,100.0,0.0,100.0,0.0,200.0,0.0,100.0,8184.0,100.0,47201819864.0,100.0,77046403698.0
2018-12-21,ZCH0BGQC,ST12000NM0007,12000138625024,0,83,208958448,96.0,0.0,100.0,4.0,100.0,0.0,77.0,51158843.0,91,8258,100.0,0.0,100,3,,,,,100.0,0.0,100.0,0.0,,,75.0,25.0,,,100.0,110.0,100.0,409.0,25,25,100.0,0.0,100.0,0.0,200.0,0.0,100.0,8208.0,100.0,47260291752.0,100.0,77216316578.0
2018-12-22,ZCH0BGQC,ST12000NM0007,12000138625024,0,83,205757888,96.0,0.0,100.0,4.0,100.0,0.0,77.0,53780375.0,91,8284,100.0,0.0,100,3,,,,,100.0,0.0,100.0,0.0,,,74.0,26.0,,,100.0,111.0,100.0,410.0,26,26,100.0,0.0,100.0,0.0,200.0,0.0,100.0,8233.0,100.0,47319219600.0,100.0,77398328938.0
2018-12-23,ZCH0BGQC,ST12000NM0007,12000138625024,0,83,208031352,96.0,0.0,100.0,4.0,100.0,0.0,77.0,56012678.0,91,8307,100.0,0.0,100,3,,,,,100.0,0.0,100.0,0.0,,,75.0,25.0,,,100.0,112.0,100.0,411.0,25,25,100.0,0.0,100.0,0.0,200.0,0.0,100.0,8257.0,100.0,47382148296.0,100.0,77581814386.0
2018-12-24,ZCH0BGQC,ST12000NM0007,12000138625024,0,84,232337808,96.0,0.0,100.0,4.0,100.0,0.0,78.0,59091889.0,91,8331,100.0,0.0,100,3,,,,,100.0,0.0,100.0,0.0,,,75.0,25.0,,,100.0,112.0,100.0,412.0,25,25,100.0,0.0,100.0,0.0,200.0,0.0,100.0,8281.0,100.0,47431155232.0,100.0,77801254562.0
2018-12-25,ZCH0BGQC,ST12000NM0007,12000138625024,0,83,213070360,96.0,0.0,100.0,4.0,100.0,0.0,78.0,61091923.0,91,8355,100.0,0.0,100,3,,,,,100.0,0.0,100.0,0.0,,,75.0,25.0,,,100.0,113.0,100.0,413.0,25,25,100.0,0.0,100.0,0.0,200.0,0.0,100.0,8304.0,100.0,47473832496.0,100.0,77983450482.0
2018-12-26,ZCH0BGQC,ST12000NM0007,12000138625024,0,83,192326416,96.0,0.0,100.0,4.0,100.0,0.0,78.0,63148895.0,91,8378,100.0,0.0,100,3,,,,,100.0,0.0,100.0,0.0,,,74.0,26.0,,,100.0,114.0,100.0,414.0,26,26,100.0,0.0,100.0,0.0,200.0,0.0,100.0,8327.0,100.0,47513935416.0,100.0,78166744482.0
2018-12-27,ZCH0BGQC,ST12000NM0007,12000138625024,0,82,171313888,96.0,0.0,100.0,4.0,100.0,0.0,78.0,66258410.0,91,8402,100.0,0.0,100,3,,,,,100.0,0.0,100.0,0.0,,,75.0,25.0,,,100.0,114.0,100.0,415.0,25,25,100.0,0.0,100.0,0.0,200.0,0.0,100.0,8351.0,100.0,47564085008.0,100.0,78339722994.0
2018-12-28,ZCH0BGQC,ST12000NM0007,12000138625024,0,83,182907872,96.0,0.0,100.0,4.0,100.0,0.0,78.0,69086750.0,91,8427,100.0,0.0,100,3,,,,,100.0,0.0,100.0,0.0,,,74.0,26.0,,,100.0,115.0,100.0,416.0,26,26,100.0,0.0,100.0,0.0,200.0,0.0,100.0,8376.0,100.0,47615899720.0,100.0,78543642946.0
2018-12-29,ZCH0BGQC,ST12000NM0007,12000138625024,0,82,168506512,96.0,0.0,100.0,4.0,100.0,0.0,79.0,71688377.0,91,8451,100.0,0.0,100,3,,,,,100.0,0.0,100.0,0.0,,,75.0,25.0,,,100.0,115.0,100.0,417.0,25,25,100.0,0.0,100.0,0.0,200.0,0.0,100.0,8400.0,100.0,47677028080.0,100.0,78712254082.0
2018-12-30,ZCH0BGQC,ST12000NM0007,12000138625024,0,83,220797192,96.0,0.0,100.0,4.0,100.0,0.0,79.0,74570939.0,91,8475,100.0,0.0,100,3,,,,,100.0,0.0,100.0,0.0,,,75.0,25.0,,,100.0,115.0,100.0,418.0,25,25,100.0,0.0,100.0,0.0,200.0,0.0,100.0,8424.0,100.0,47779097624.0,100.0,78906615850.0
2018-12-31,ZCH0BGQC,ST12000NM0007,12000138625024,0,73,19379192,96.0,0.0,100.0,4.0,100.0,0.0,79.0,77997307.0,91,8499,100.0,0.0,100,3,,,,,100.0,0.0,100.0,0.0,,,75.0,25.0,,,100.0,116.0,100.0,419.0,25,25,100.0,0.0,100.0,0.0,200.0,0.0,100.0,8448.0,100.0,47847794520.0,100.0,79124782442.0
