2018-01-01,ZCH07NPE,ST12000NM0007,12000138625024,0,79,83278272,99,0,100,1,100,0,82,142214609,99,1282,100,0,100,1,,,,,100.0,0.0,100.0,0.0,,,64.0,36.0,,,100.0,8.0,100.0,312.0,36,36,100,0,100,0,200,0,100.0,1181.0,100.0,13410181312.0,100.0,9622399330.0
2018-01-02,ZCH07NPE,ST12000NM0007,12000138625024,0,81,126112584,99,0,100,1,100,0,82,146054870,99,1307,100,0,100,1,,,,,100.0,0.0,100.0,0.0,,,64.0,36.0,,,100.0,8.0,100.0,313.0,36,36,100,0,100,0,200,0,100.0,1206.0,100.0,13733299840.0,100.0,9830397074.0
2018-01-03,ZCH07NPE,ST12000NM0007,12000138625024,0,78,70706152,99,0,100,1,100,0,82,148999156,99,1330,100,0,100,1,,,,,100.0,0.0,100.0,0.0,,,64.0,36.0,,,100.0,8.0,100.0,314.0,36,36,100,0,100,0,200,0,100.0,1229.0,100.0,14005445416.0,100.0,9991126818.0
2018-01-04,ZCH07NPE,ST12000NM0007,12000138625024,0,81,137428696,99,0,100,1,100,0,82,152807150,99,1359,100,0,100,1,,,,,100.0,0.0,100.0,0.0,,,63.0,37.0,,,100.0,8.0,100.0,315.0,37,37,100,0,100,0,200,0,100.0,1258.0,100.0,14351208488.0,100.0,10200367850.0
2018-01-05,ZCH07NPE,ST12000NM0007,12000138625024,0,81.0,118475096.0,99.0,0.0,100.0,1.0,100.0,0.0,82.0,155925033.0,99.0,1383.0,100.0,0.0,100.0,1.0,,,,,100.0,0.0,100.0,0.0,,,63.0,37.0,,,100.0,8.0,100.0,316.0,37.0,37.0,100.0,0.0,100.0,0.0,200.0,0.0,100.0,1282.0,100.0,14629194816.0,100.0,10391709650.0
2018-01-06,ZCH07NPE,ST12000NM0007,12000138625024,0,80,109715104,99,0,100,1,100,0,82,159068114,99,1406,100,0,100,1,,,,,100.0,0.0,100.0,0.0,,,62.0,38.0,,,100.0,8.0,100.0,317.0,38,38,100,0,100,0,200,0,100.0,1305.0,100.0,14927617208.0,100.0,10572808786.0
2018-01-07,ZCH07NPE,ST12000NM0007,12000138625024,0,76,36356832,99,0,100,1,100,0,82,161476577,99,1431,100,0,100,1,,,,,100.0,0.0,100.0,0.0,,,62.0,38.0,,,100.0,8.0,100.0,318.0,38,38,100,0,100,0,200,0,100.0,1330.0,100.0,15164976088.0,100.0,10750373122.0
2018-01-08,ZCH07NPE,ST12000NM0007,12000138625024,0,75,30687520,99,0,100,1,100,0,82,164669556,99,1455,100,0,100,1,,,,,100.0,0.0,100.0,0.0,,,62.0,38.0,,,100.0,8.0,100.0,319.0,38,38,100,0,100,0,200,0,100.0,1354.0,100.0,15467496104.0,100.0,10930465290.0
2018-01-09,ZCH07NPE,ST12000NM0007,12000138625024,0,80,93494888,99,0,100,1,100,0,82,168598150,99,1477,100,0,100,1,,,,,100.0,0.0,100.0,0.0,,,62.0,38.0,,,100.0,8.0,100.0,320.0,38,38,100,0,100,0,200,0,100.0,1376.0,100.0,15769267544.0,100.0,11179783106.0
2018-01-10,ZCH07NPE,ST12000NM0007,12000138625024,0,79,85693328,99,0,100,1,100,0,82,172025568,99,1502,100,0,100,1,,,,,100.0,0.0,100.0,0.0,,,63.0,37.0,,,100.0,8.0,100.0,321.0,37,37,100,0,100,0,200,0,100.0,1401.0,100.0,16068534616.0,100.0,11360995906.0
2018-01-11,ZCH07NPE,ST12000NM0007,12000138625024,0,73,18489064,99,0,100,1,100,0,82,174973733,99,1523,100,0,100,1,,,,,100.0,0.0,100.0,0.0,,,56.0,44.0,,,100.0,8.0,100.0,323.0,44,44,100,0,100,0,200,0,100.0,1422.0,100.0,16319664584.0,100.0,11530943146.0
2018-01-12,ZCH07NPE,ST12000NM0007,12000138625024,0,73,19188264,99,0,100,1,100,0,83,178432098,99,1549,100,0,100,1,,,,,100.0,0.0,100.0,0.0,,,56.0,44.0,,,100.0,8.0,100.0,324.0,44,44,100,0,100,0,200,0,100.0,1447.0,100.0,16628984560.0,100.0,11710603818.0
2018-01-13,ZCH07NPE,ST12000NM0007,12000138625024,0,100.0,2294208.0,99.0,0.0,100.0,1.0,100,0,83.0,181609511.0,99,1572,100.0,0.0,100,1,,,,,100.0,0.0,100.0,0.0,,,55.0,45.0,,,100.0,8.0,100.0,325.0,45.0,45.0,100.0,0.0,100.0,0.0,200,0,100.0,1470.0,100.0,16911070624.0,100.0,11899905162.0
2018-01-14,ZCH07NPE,ST12000NM0007,12000138625024,0,82.0,175711376.0,99.0,0.0,100.0,1.0,100,0,83.0,184074553.0,99,1596,100.0,0.0,100,1,,,,,100.0,0.0,100.0,0.0,,,55.0,45.0,,,100.0,8.0,100.0,326.0,45.0,45.0,100.0,0.0,100.0,0.0,200,0,100.0,1494.0,100.0,17153782264.0,100.0,12074751442.0
2018-01-15,ZCH07NPE,ST12000NM0007,12000138625024,0,79.0,86305000.0,99.0,0.0,100.0,1.0,100,0,83.0,185004403.0,99,1620,100.0,0.0,100,1,,,,,100.0,0.0,100.0,0.0,,,55.0,45.0,,,100.0,9.0,100.0,327.0,45.0,45.0,100.0,0.0,100.0,0.0,200,0,100.0,1518.0,100.0,17161796544.0,100.0,12221471594.0
2018-01-16,ZCH07NPE,ST12000NM0007,12000138625024,0,78.0,66262944.0,99.0,0.0,100.0,1.0,100,0,83.0,186845691.0,99,1644,100.0,0.0,100,1,,,,,100.0,0.0,100.0,0.0,,,56.0,44.0,,,100.0,10.0,100.0,328.0,44.0,44.0,100.0,0.0,100.0,0.0,200,0,100.0,1542.0,100.0,17196031144.0,100.0,12411335586.0
2018-01-17,ZCH07NPE,ST12000NM0007,12000138625024,0,71.0,11324248.0,99.0,0.0,100.0,1.0,100,0,83.0,188043788.0,99,1668,100.0,0.0,100,1,,,,,100.0,0.0,100.0,0.0,,,62.0,38.0,,,100.0,11.0,100.0,329.0,38.0,38.0,100.0,0.0,100.0,0.0,200,0,100.0,1566.0,100.0,17204962704.0,100.0,12591606082.0
2018-01-18,ZCH07NPE,ST12000NM0007,12000138625024,0,82.0,156465784.0,99.0,0.0,100.0,1.0,100.0,0.0,83.0,189315678.0,99.0,1683.0,100.0,0.0,100.0,1.0,,,,,100.0,0.0,100.0,0.0,,,60.0,40.0,,,100.0,11.0,100.0,330.0,40.0,40.0,100.0,0.0,100.0,0.0,200.0,0.0,100.0,1580.0,100.0,17235516208.0,100.0,12706194114.0
2018-01-19,ZCH07NPE,ST12000NM0007,12000138625024,0,80.0,111067632.0,99.0,0.0,100.0,1.0,100.0,0.0,83.0,190769914.0,99.0,1708.0,100.0,0.0,100.0,1.0,,,,,100.0,0.0,100.0,0.0,,,61.0,39.0,,,100.0,11.0,100.0,331.0,39.0,39.0,100.0,0.0,100.0,0.0,200.0,0.0,100.0,1605.0,100.0,17254079376.0,100.0,12886373570.0
2018-01-20,ZCH07NPE,ST12000NM0007,12000138625024,0,76.0,41334344.0,99.0,0.0,100.0,1.0,100,0,83.0,191763742.0,99,1731,100.0,0.0,100,1,,,,,100.0,0.0,100.0,0.0,,,60.0,40.0,,,100.0,11.0,100.0,332.0,40.0,40.0,100.0,0.0,100.0,0.0,200,0,100.0,1628.0,100.0,17260279800.0,100.0,13054580586.0
2018-01-21,ZCH07NPE,ST12000NM0007,12000138625024,0,83.0,213073760.0,99.0,0.0,100.0,1.0,100,0,83.0,192813238.0,98,1755,100.0,0.0,100,1,,,,,100.0,0.0,100.0,0.0,,,60.0,40.0,,,100.0,11.0,100.0,333.0,40.0,40.0,100.0,0.0,100.0,0.0,200,0,100.0,1652.0,100.0,17266832256.0,100.0,13219767546.0
2018-01-22,ZCH07NPE,ST12000NM0007,12000138625024,0,82.0,151488072.0,99.0,0.0,100.0,1.0,100,0,83.0,194007471.0,98,1779,100.0,0.0,100,1,,,,,100.0,0.0,100.0,0.0,,,60.0,40.0,,,100.0,12.0,100.0,334.0,40.0,40.0,100.0,0.0,100.0,0.0,200,0,100.0,1676.0,100.0,17279435480.0,100.0,13389719386.0
2018-01-23,ZCH07NPE,ST12000NM0007,12000138625024,0,82.0,168066296.0,99.0,0.0,100.0,1.0,100,0,83.0,196902949.0,98,1804,100.0,0.0,100,1,,,,,100.0,0.0,100.0,0.0,,,61.0,39.0,,,100.0,13.0,100.0,335.0,39.0,39.0,100.0,0.0,100.0,0.0,200,0,100.0,1701.0,100.0,17317827792.0,100.0,13612046106.0
2018-01-24,ZCH07NPE,ST12000NM0007,12000138625024,0,81.0,140773080.0,99.0,0.0,100.0,1.0,100,0,83.0,198263666.0,98,1835,100.0,0.0,100,1,,,,,100.0,0.0,100.0,0.0,,,60.0,40.0,,,100.0,14.0,100.0,337.0,40.0,40.0,100.0,0.0,100.0,0.0,200,0,100.0,1732.0,100.0,17325420208.0,100.0,13821301202.0
2018-01-25,ZCH07NPE,ST12000NM0007,12000138625024,0,73.0,17793256.0,99.0,0.0,100.0,1.0,100,0,83.0,199257119.0,98,1851,100.0,0.0,100,1,,,,,100.0,0.0,100.0,0.0,,,60.0,40.0,,,100.0,14.0,100.0,337.0,40.0,40.0,100.0,0.0,100.0,0.0,200,0,100.0,1748.0,100.0,17337953960.0,100.0,13929928306.0
2018-01-26,ZCH07NPE,ST12000NM0007,12000138625024,0,80.0,105490816.0,99.0,0.0,100.0,1.0,100,0,83.0,199882970.0,98,1863,100.0,0.0,100,1,,,,,100.0,0.0,100.0,0.0,,,61.0,39.0,,,100.0,14.0,100.0,338.0,39.0,39.0,100.0,0.0,100.0,0.0,200,0,100.0,1759.0,100.0,17346170944.0,100.0,14009408882.0
2018-01-27,ZCH07NPE,ST12000NM0007,12000138625024,0,77.0,44677856.0,99.0,0.0,100.0,1.0,100,0,83.0,200895535.0,98,1888,100.0,0.0,100,1,,,,,100.0,0.0,100.0,0.0,,,61.0,39.0,,,100.0,15.0,100.0,339.0,39.0,39.0,100.0,0.0,100.0,0.0,200,0,100.0,1784.0,100.0,17352002704.0,100.0,14186904850.0
2018-01-28,ZCH07NPE,ST12000NM0007,12000138625024,0,78.0,64443680.0,99.0,0.0,100.0,1.0,100,0,83.0,202452285.0,98,1923,100.0,0.0,100,1,,,,,100.0,0.0,100.0,0.0,,,61.0,39.0,,,100.0,16.0,100.0,340.0,39.0,39.0,100.0,0.0,100.0,0.0,200,0,100.0,1820.0,100.0,17361937040.0,100.0,14440877026.0
2018-01-29,ZCH07NPE,ST12000NM0007,12000138625024,0,84.0,234069176.0,99.0,0.0,100.0,1.0,100,0,83.0,203460698.0,98,1948,100.0,0.0,100,1,,,,,100.0,0.0,100.0,0.0,,,60.0,40.0,,,100.0,16.0,100.0,341.0,40.0,40.0,100.0,0.0,100.0,0.0,200,0,100.0,1844.0,100.0,17368478656.0,100.0,14603960906.0
2018-01-30,ZCH07NPE,ST12000NM0007,12000138625024,0,77.0,46540800.0,99.0,0.0,100.0,1.0,100,0,83.0,206014224.0,98,1980,100.0,0.0,100,1,,,,,100.0,0.0,100.0,0.0,,,61.0,39.0,,,100.0,16.0,100.0,343.0,39.0,39.0,100.0,0.0,100.0,0.0,200,0,100.0,1876.0,100.0,17414607568.0,100.0,14858585138.0
2018-01-31,ZCH07NPE,ST12000NM0007,12000138625024,0,83.0,221340096.0,99.0,0.0,100.0,1.0,100.0,0.0,83.0,207090212.0,98.0,2005.0,100.0,0.0,100.0,1.0,,,,,100.0,0.0,100.0,0.0,,,61.0,39.0,,,100.0,17.0,100.0,344.0,39.0,39.0,100.0,0.0,100.0,0.0,200.0,0.0,100.0,1901.0,100.0,17421097144.0,100.0,15026894858.0
2018-02-01,ZCH07NPE,ST12000NM0007,12000138625024,0,83.0,189302032.0,99.0,0.0,100.0,1.0,100,0,83.0,209347217.0,98,2028,100.0,0.0,100,1,,,,,100.0,0.0,100.0,0.0,,,60.0,40.0,,,100.0,18.0,100.0,345.0,40.0,40.0,100.0,0.0,100.0,0.0,200,0,100.0,1923.0,100.0,17463980656.0,100.0,15196113962.0
2018-02-02,ZCH07NPE,ST12000NM0007,12000138625024,0,81.0,126153000.0,99.0,0.0,100.0,1.0,100,0,83.0,210465815.0,98,2053,100.0,0.0,100,1,,,,,100.0,0.0,100.0,0.0,,,60.0,40.0,,,100.0,19.0,100.0,346.0,40.0,40.0,100.0,0.0,100.0,0.0,200,0,100.0,1948.0,100.0,17470103320.0,100.0,15370983010.0
2018-02-03,ZCH07NPE,ST12000NM0007,12000138625024,0,78.0,60436368.0,99.0,0.0,100.0,1.0,100,0,83.0,211502698.0,98,2077,100.0,0.0,100,1,,,,,100.0,0.0,100.0,0.0,,,61.0,39.0,,,100.0,19.0,100.0,347.0,39.0,39.0,100.0,0.0,100.0,0.0,200,0,100.0,1973.0,100.0,17478072952.0,100.0,15541437434.0
2018-02-04,ZCH07NPE,ST12000NM0007,12000138625024,0,83.0,197672584.0,99.0,0.0,100.0,1.0,100,0,83.0,212273623.0,98,2097,100.0,0.0,100,1,,,,,100.0,0.0,100.0,0.0,,,61.0,39.0,,,100.0,20.0,100.0,348.0,39.0,39.0,100.0,0.0,100.0,0.0,200,0,100.0,1992.0,100.0,17483324832.0,100.0,15673421770.0
2018-02-05,ZCH07NPE,ST12000NM0007,12000138625024,0,81.0,122143120.0,99.0,0.0,100.0,1.0,100,0,83.0,213216010.0,98,2120,100.0,0.0,100,1,,,,,100.0,0.0,100.0,0.0,,,61.0,39.0,,,100.0,21.0,100.0,349.0,39.0,39.0,100.0,0.0,100.0,0.0,200,0,100.0,2016.0,100.0,17489573736.0,100.0,15835784114.0
2018-02-06,ZCH07NPE,ST12000NM0007,12000138625024,0,81.0,125846792.0,99.0,0.0,100.0,1.0,100,0,83.0,215465132.0,98,2145,100.0,0.0,100,1,,,,,100.0,0.0,100.0,0.0,,,60.0,40.0,,,100.0,22.0,100.0,350.0,40.0,40.0,100.0,0.0,100.0,0.0,200,0,100.0,2040.0,100.0,17532636592.0,100.0,16040565562.0
2018-02-07,ZCH07NPE,ST12000NM0007,12000138625024,0,77.0,48401312.0,99.0,0.0,100.0,1.0,100,0,83.0,216401901.0,98,2168,100.0,0.0,100,1,,,,,100.0,0.0,100.0,0.0,,,60.0,40.0,,,100.0,23.0,100.0,351.0,40.0,40.0,100.0,0.0,100.0,0.0,200,0,100.0,2063.0,100.0,17538341808.0,100.0,16201555498.0
2018-02-08,ZCH07NPE,ST12000NM0007,12000138625024,0,84.0,238757696.0,99.0,0.0,100.0,1.0,100,0,83.0,217647921.0,98,2193,100.0,0.0,100,1,,,,,100.0,0.0,100.0,0.0,,,60.0,40.0,,,100.0,24.0,100.0,353.0,40.0,40.0,100.0,0.0,100.0,0.0,200,0,100.0,2088.0,100.0,17557971360.0,100.0,16372282330.0
2018-02-09,ZCH07NPE,ST12000NM0007,12000138625024,0,83,178535192,99,0,100,1,100,0,83,218821472,98,2217,100,0,100,1,,,,,100.0,0.0,100.0,0.0,,,58.0,42.0,,,100.0,25.0,100.0,354.0,42,42,100,0,100,0,200,0,100.0,2112.0,100.0,17568892328.0,100.0,16545279498.0
2018-02-10,ZCH07NPE,ST12000NM0007,12000138625024,0,80.0,110110416.0,99.0,0.0,100.0,1.0,100.0,0.0,83.0,219770158.0,98.0,2241.0,100.0,0.0,100.0,1.0,,,,,100.0,0.0,100.0,0.0,,,57.0,43.0,,,100.0,25.0,100.0,355.0,43.0,43.0,100.0,0.0,100.0,0.0,200.0,0.0,100.0,2136.0,100.0,17579270248.0,100.0,16710617562.0
2018-02-11,ZCH07NPE,ST12000NM0007,12000138625024,0,80,100614248,99,0,100,1,100,0,83,222963541,98,2265,100,0,100,1,,,,,100.0,0.0,100.0,0.0,,,58.0,42.0,,,100.0,25.0,100.0,356.0,42,42,100,0,100,0,200,0,100.0,2160.0,100.0,17879498112.0,100.0,16889175050.0
2018-02-12,ZCH07NPE,ST12000NM0007,12000138625024,0,80,92108264,99,0,100,1,100,0,84,226178669,98,2289,100,0,100,1,,,,,100.0,0.0,100.0,0.0,,,57.0,43.0,,,100.0,25.0,100.0,357.0,43,43,100,0,100,0,200,0,100.0,2184.0,100.0,18179242568.0,100.0,17069206450.0
2018-02-13,ZCH07NPE,ST12000NM0007,12000138625024,0,83,187181744,99,0,100,1,100,0,84,230568995,98,2314,100,0,100,1,,,,,100.0,0.0,100.0,0.0,,,60.0,40.0,,,100.0,25.0,100.0,358.0,40,40,100,0,100,0,200,0,100.0,2208.0,100.0,18514069272.0,100.0,17317734866.0
2018-02-14,ZCH07NPE,ST12000NM0007,12000138625024,0,81,118201136,99,0,100,1,100,0,84,231881903,98,2321,100,0,100,1,,,,,100.0,0.0,100.0,0.0,,,61.0,39.0,,,100.0,25.0,100.0,358.0,39,39,100,0,100,0,200,0,100.0,2216.0,100.0,18615820976.0,100.0,17391143258.0
2018-02-15,ZCH07NPE,ST12000NM0007,12000138625024,0,82,170852936,99,0,100,1,100,0,84,237660856,98,2362,100,0,100,1,,,,,100.0,0.0,100.0,0.0,,,62.0,38.0,,,100.0,25.0,100.0,360.0,38,38,100,0,100,0,200,0,100.0,2256.0,100.0,19118980008.0,100.0,17673058250.0
2018-02-16,ZCH07NPE,ST12000NM0007,12000138625024,0,82,147336448,99,0,100,1,100,0,84,241645485,98,2385,100,0,100,1,,,,,100.0,0.0,100.0,0.0,,,62.0,38.0,,,100.0,25.0,100.0,361.0,38,38,100,0,100,0,200,0,100.0,2279.0,100.0,19429703760.0,100.0,17827099594.0
2018-02-17,ZCH07NPE,ST12000NM0007,12000138625024,0,79,83300320,99,0,100,1,100,0,84,244430157,98,2409,100,0,100,1,,,,,100.0,0.0,100.0,0.0,,,62.0,38.0,,,100.0,26.0,100.0,362.0,38,38,100,0,100,0,200,0,100.0,2304.0,100.0,19642428128.0,100.0,18038620578.0
2018-02-18,ZCH07NPE,ST12000NM0007,12000138625024,0,75,28982880,99,0,100,1,100,0,84,245693021,98,2434,100,0,100,1,,,,,100.0,0.0,100.0,0.0,,,62.0,38.0,,,100.0,26.0,100.0,363.0,38,38,100,0,100,0,200,0,100.0,2328.0,100.0,19656500952.0,100.0,18214370962.0
2018-02-19,ZCH07NPE,ST12000NM0007,12000138625024,0,83,216982720,99,0,100,1,100,0,84,246900423,98,2457,100,0,100,1,,,,,100.0,0.0,100.0,0.0,,,61.0,39.0,,,100.0,27.0,100.0,364.0,39,39,100,0,100,0,200,0,100.0,2351.0,100.0,19670862464.0,100.0,18388009290.0
2018-02-20,ZCH07NPE,ST12000NM0007,12000138625024,0,84,224777504,99,0,100,1,100,0,84,249088452,98,2482,100,0,100,1,,,,,100.0,0.0,100.0,0.0,,,62.0,38.0,,,100.0,28.0,100.0,365.0,38,38,100,0,100,0,200,0,100.0,2376.0,100.0,19719323072.0,100.0,18591484186.0
2018-02-21,ZCH07NPE,ST12000NM0007,12000138625024,0,74,24773816,99,0,100,1,100,0,84,250903982,98,2506,100,0,100,1,,,,,100.0,0.0,100.0,0.0,,,61.0,39.0,,,100.0,28.0,100.0,366.0,39,39,100,0,100,0,200,0,100.0,2400.0,100.0,19819996912.0,100.0,18779088122.0
2018-02-22,ZCH07NPE,ST12000NM0007,12000138625024,0,76,37710640,99,0,100,1,100,0,84,254640616,98,2529,100,0,100,1,,,,,100.0,0.0,100.0,0.0,,,61.0,39.0,,,100.0,29.0,100.0,367.0,39,39,100,0,100,0,200,0,100.0,2423.0,100.0,20123453656.0,100.0,18976849890.0
2018-02-23,ZCH07NPE,ST12000NM0007,12000138625024,0,84,241005336,99,0,100,1,100,0,84,257674897,98,2553,100,0,100,1,,,,,100.0,0.0,100.0,0.0,,,61.0,39.0,,,100.0,29.0,100.0,368.0,39,39,100,0,100,0,200,0,100.0,2447.0,100.0,20372934496.0,100.0,19174804378.0
2018-02-24,ZCH07NPE,ST12000NM0007,12000138625024,0,83,200846768,99,0,100,1,100,0,84,259179095,98,2577,100,0,100,1,,,,,100.0,0.0,100.0,0.0,,,63.0,37.0,,,100.0,30.0,100.0,369.0,37,37,100,0,100,0,200,0,100.0,2471.0,100.0,20402786384.0,100.0,19348934578.0
2018-02-25,ZCH07NPE,ST12000NM0007,12000138625024,0,83,220886312,99,0,100,1,100,0,84,262692476,98,2601,100,0,100,1,,,,,100.0,0.0,100.0,0.0,,,63.0,37.0,,,100.0,30.0,100.0,370.0,37,37,100,0,100,0,200,0,100.0,2495.0,100.0,20715229544.0,100.0,19544812706.0
2018-02-26,ZCH07NPE,ST12000NM0007,12000138625024,0,100,1317440,99,0,100,1,100,0,84,266267846,98,2625,100,0,100,1,,,,,100.0,0.0,100.0,0.0,,,63.0,37.0,,,100.0,30.0,100.0,371.0,37,37,100,0,100,0,200,0,100.0,2519.0,100.0,21031002848.0,100.0,19741892642.0
2018-02-27,ZCH07NPE,ST12000NM0007,12000138625024,0,81,132928728,99,0,100,1,100,0,84,271507797,97,2649,100,0,100,1,,,,,100.0,0.0,100.0,0.0,,,67.0,33.0,,,100.0,30.0,100.0,372.0,33,33,100,0,100,0,200,0,100.0,2543.0,100.0,21384543120.0,100.0,20008245450.0
2018-02-28,ZCH07NPE,ST12000NM0007,12000138625024,0,81,122597072,99,0,100,1,100,0,84,274712827,97,2673,100,0,100,1,,,,,100.0,0.0,100.0,0.0,,,65.0,35.0,,,100.0,30.0,100.0,373.0,35,35,100,0,100,0,200,0,100.0,2566.0,100.0,21681464432.0,100.0,20189274234.0
2018-03-01,ZCH07NPE,ST12000NM0007,12000138625024,0,81,122289880,99,0,100,1,100,0,84,278061267,97,2699,100,0,100,1,,,,,100.0,0.0,100.0,0.0,,,66.0,34.0,,,100.0,30.0,100.0,374.0,34,34,100,0,100,0,200,0,100.0,2593.0,100.0,21961335720.0,100.0,20397377290.0
2018-03-02,ZCH07NPE,ST12000NM0007,12000138625024,0,77,47584224,99,0,100,1,100,0,84,278960992,97,2724,100,0,100,1,,,,,100.0,0.0,100.0,0.0,,,66.0,34.0,,,100.0,31.0,100.0,375.0,34,34,100,0,100,0,200,0,100.0,2617.0,100.0,21965823168.0,100.0,20562324938.0
2018-03-03,ZCH07NPE,ST12000NM0007,12000138625024,0,83,202378144,99,0,100,1,100,0,84,279995944,97,2746,100,0,100,1,,,,,100.0,0.0,100.0,0.0,,,66.0,34.0,,,100.0,32.0,100.0,376.0,34,34,100,0,100,0,200,0,100.0,2640.0,100.0,21976213744.0,100.0,20706728282.0
2018-03-04,ZCH07NPE,ST12000NM0007,12000138625024,0,81,127414512,99,0,100,1,100,0,84,280933742,97,2771,100,0,100,1,,,,,100.0,0.0,100.0,0.0,,,66.0,34.0,,,100.0,33.0,100.0,377.0,34,34,100,0,100,0,200,0,100.0,2664.0,100.0,21981099896.0,100.0,20871019410.0
2018-03-05,ZCH07NPE,ST12000NM0007,12000138625024,0,77,50379312,99,0,100,1,100,0,85,281853056,97,2796,100,0,100,1,,,,,100.0,0.0,100.0,0.0,,,66.0,34.0,,,100.0,34.0,100.0,378.0,34,34,100,0,100,0,200,0,100.0,2689.0,100.0,21985160584.0,100.0,21034064186.0
2018-03-06,ZCH07NPE,ST12000NM0007,12000138625024,0,81,122880248,99,0,100,1,100,0,85,284918209,97,2820,100,0,100,1,,,,,100.0,0.0,100.0,0.0,,,66.0,34.0,,,100.0,34.0,100.0,379.0,34,34,100,0,100,0,200,0,100.0,2713.0,100.0,22035580488.0,100.0,21300285858.0
2018-03-07,ZCH07NPE,ST12000NM0007,12000138625024,0,78.0,67142960.0,99.0,0.0,100.0,1.0,100.0,0.0,85.0,286049713.0,97.0,2845.0,100.0,0.0,100.0,1.0,,,,,100.0,0.0,100.0,0.0,,,66.0,34.0,,,100.0,35.0,100.0,380.0,34.0,34.0,100.0,0.0,100.0,0.0,200.0,0.0,100.0,2738.0,100.0,22042614696.0,100.0,21481655434.0
2018-03-08,ZCH07NPE,ST12000NM0007,12000138625024,0,83,219915608,99,0,100,1,100,0,85,287140217,97,2867,100,0,100,1,,,,,100.0,0.0,100.0,0.0,,,66.0,34.0,,,100.0,36.0,100.0,382.0,34,34,100,0,100,0,200,0,100.0,2759.0,100.0,22055875752.0,100.0,21621167026.0
2018-03-09,ZCH07NPE,ST12000NM0007,12000138625024,0,82,156766672,99,0,100,1,100,0,85,288400009,97,2891,100,0,100,1,,,,,100.0,0.0,100.0,0.0,,,66.0,34.0,,,100.0,37.0,100.0,383.0,34,34,100,0,100,0,200,0,100.0,2783.0,100.0,22067208288.0,100.0,21790827258.0
2018-03-10,ZCH07NPE,ST12000NM0007,12000138625024,0,81,113910520,99,0,100,1,100,0,85,290013811,97,2915,100,0,100,1,,,,,100.0,0.0,100.0,0.0,,,66.0,34.0,,,100.0,38.0,100.0,384.0,34,34,100,0,100,0,200,0,100.0,2807.0,100.0,22086300520.0,100.0,21973019658.0
2018-03-11,ZCH07NPE,ST12000NM0007,12000138625024,0,76,40579472,99,0,100,1,100,0,85,291024967,97,2939,100,0,100,1,,,,,100.0,0.0,100.0,0.0,,,66.0,34.0,,,100.0,39.0,100.0,385.0,34,34,100,0,100,0,200,0,100.0,2831.0,100.0,22092672176.0,100.0,22137457586.0
2018-03-12,ZCH07NPE,ST12000NM0007,12000138625024,0,84,229295112,99,0,100,1,100,0,85,292073531,97,2963,100,0,100,1,,,,,100.0,0.0,100.0,0.0,,,66.0,34.0,,,100.0,40.0,100.0,386.0,34,34,100,0,100,0,200,0,100.0,2855.0,100.0,22100856264.0,100.0,22317989138.0
2018-03-13,ZCH07NPE,ST12000NM0007,12000138625024,0,70,8998936,99,0,100,1,100,0,85,294650317,97,2987,100,0,100,1,,,,,100.0,0.0,100.0,0.0,,,66.0,34.0,,,100.0,41.0,100.0,387.0,34,34,100,0,100,0,200,0,100.0,2879.0,100.0,22150097144.0,100.0,22536733698.0
2018-03-14,ZCH07NPE,ST12000NM0007,12000138625024,0,82,171726072,99,0,100,1,100,0,85,295655476,97,3010,100,0,100,1,,,,,100.0,0.0,100.0,0.0,,,66.0,34.0,,,100.0,42.0,100.0,388.0,34,34,100,0,100,0,200,0,100.0,2902.0,100.0,22155733960.0,100.0,22693824018.0
2018-03-15,ZCH07NPE,ST12000NM0007,12000138625024,0,82,157273376,99,0,100,1,100,0,85,297550984,97,3038,100,0,100,1,,,,,100.0,0.0,100.0,0.0,,,66.0,34.0,,,100.0,42.0,100.0,389.0,34,34,100,0,100,0,200,0,100.0,2930.0,100.0,22177519536.0,100.0,22901726386.0
2018-03-16,ZCH07NPE,ST12000NM0007,12000138625024,0,79.0,79218536.0,99.0,0.0,100.0,1.0,100.0,0.0,85.0,298580710.0,97.0,3062.0,100.0,0.0,100.0,1.0,,,,,100.0,0.0,100.0,0.0,,,66.0,34.0,,,100.0,43.0,100.0,390.0,34.0,34.0,100.0,0.0,100.0,0.0,200.0,0.0,100.0,2953.0,100.0,22184049920.0,100.0,23061281898.0
2018-03-17,ZCH07NPE,ST12000NM0007,12000138625024,0,72,14966680,99,0,100,1,100,0,85,299656012,97,3086,100,0,100,1,,,,,100.0,0.0,100.0,0.0,,,66.0,34.0,,,100.0,44.0,100.0,391.0,34,34,100,0,100,0,200,0,100.0,2978.0,100.0,22190572728.0,100.0,23234648106.0
2018-03-18,ZCH07NPE,ST12000NM0007,12000138625024,0,83,190550288,99,0,100,1,100,0,85,300849717,97,3110,100,0,100,1,,,,,100.0,0.0,100.0,0.0,,,67.0,33.0,,,100.0,45.0,100.0,392.0,33,33,100,0,100,0,200,0,100.0,3002.0,100.0,22199793904.0,100.0,23401010538.0
2018-03-19,ZCH07NPE,ST12000NM0007,12000138625024,0,80,111406744,99,0,100,1,100,0,85,301751222,97,3134,100,0,100,1,,,,,100.0,0.0,100.0,0.0,,,67.0,33.0,,,100.0,46.0,100.0,393.0,33,33,100,0,100,0,200,0,100.0,3025.0,100.0,22205673640.0,100.0,23560128034.0
2018-03-20,ZCH07NPE,ST12000NM0007,12000138625024,0,81,113001432,99,0,100,1,100,0,85,304210691,97,3158,100,0,100,1,,,,,100.0,0.0,100.0,0.0,,,67.0,33.0,,,100.0,47.0,100.0,394.0,33,33,100,0,100,0,200,0,100.0,3049.0,100.0,22252895144.0,100.0,23758642098.0
2018-03-21,ZCH07NPE,ST12000NM0007,12000138625024,0,76,44490912,99,0,100,1,100,0,85,305184841,97,3182,100,0,100,1,,,,,100.0,0.0,100.0,0.0,,,67.0,33.0,,,100.0,48.0,100.0,395.0,33,33,100,0,100,0,200,0,100.0,3073.0,100.0,22260689432.0,100.0,23926477986.0
2018-03-22,ZCH07NPE,ST12000NM0007,12000138625024,0,75,32810664,99,0,100,1,100,0,85,307481688,97,3206,100,0,100,1,,,,,100.0,0.0,100.0,0.0,,,66.0,34.0,,,100.0,49.0,100.0,396.0,34,34,100,0,100,0,200,0,100.0,3097.0,100.0,22309036888.0,100.0,24110590994.0
2018-03-23,ZCH07NPE,ST12000NM0007,12000138625024,0,83,218981320,99,0,100,1,100,0,85,308458054,97,3230,100,0,100,1,,,,,100.0,0.0,100.0,0.0,,,66.0,34.0,,,100.0,50.0,100.0,397.0,34,34,100,0,100,0,200,0,100.0,3121.0,100.0,22314933920.0,100.0,24290864618.0
2018-03-24,ZCH07NPE,ST12000NM0007,12000138625024,0,82,155496016,99,0,100,1,100,0,85,309586567,97,3254,100,0,100,1,,,,,100.0,0.0,100.0,0.0,,,66.0,34.0,,,100.0,51.0,100.0,398.0,34,34,100,0,100,0,200,0,100.0,3145.0,100.0,22325258336.0,100.0,24461195554.0
2018-03-25,ZCH07NPE,ST12000NM0007,12000138625024,0,80,92439968,99,0,100,1,100,0,85,310996223,97,3278,100,0,100,1,,,,,100.0,0.0,100.0,0.0,,,66.0,34.0,,,100.0,52.0,100.0,399.0,34,34,100,0,100,0,200,0,100.0,3169.0,100.0,22335493648.0,100.0,24632045210.0
2018-03-26,ZCH07NPE,ST12000NM0007,12000138625024,0,75,32869408,99,0,100,1,100,0,85,312221040,97,3302,100,0,100,1,,,,,100.0,0.0,100.0,0.0,,,65.0,35.0,,,100.0,52.0,100.0,400.0,35,35,100,0,100,0,200,0,100.0,3193.0,100.0,22347109384.0,100.0,24805000018.0
2018-03-27,ZCH07NPE,ST12000NM0007,12000138625024,0,77,55864072,99,0,100,1,100,0,85,314907802,97,3325,100,0,100,1,,,,,100.0,0.0,100.0,0.0,,,66.0,34.0,,,100.0,52.0,100.0,401.0,34,34,100,0,100,0,200,0,100.0,3216.0,100.0,22385287016.0,100.0,25033957794.0
2018-03-28,ZCH07NPE,ST12000NM0007,12000138625024,0,82,177155864,99,0,100,1,100,0,85,315535384,97,3342,100,0,100,1,,,,,100.0,0.0,100.0,0.0,,,66.0,34.0,,,100.0,53.0,100.0,402.0,34,34,100,0,100,0,200,0,100.0,3233.0,100.0,22387910384.0,100.0,25152626218.0
2018-03-29,ZCH07NPE,ST12000NM0007,12000138625024,0,82,153049792,99,0,100,1,100,0,85,316945709,97,3371,100,0,100,1,,,,,100.0,0.0,100.0,0.0,,,66.0,34.0,,,100.0,54.0,100.0,405.0,34,34,100,0,100,0,200,0,100.0,3261.0,100.0,22404686392.0,100.0,25355885202.0
2018-03-30,ZCH07NPE,ST12000NM0007,12000138625024,0,78,69971456,99,0,100,1,100,0,85,317832062,97,3394,100,0,100,1,,,,,100.0,0.0,100.0,0.0,,,66.0,34.0,,,100.0,55.0,100.0,406.0,34,34,100,0,100,0,200,0,100.0,3285.0,100.0,22410156600.0,100.0,25511477298.0
2018-03-31,ZCH07NPE,ST12000NM0007,12000138625024,0,74,26640608,99,0,100,1,100,0,85,319299450,97,3419,100,0,100,1,,,,,100.0,0.0,100.0,0.0,,,66.0,34.0,,,100.0,56.0,100.0,407.0,34,34,100,0,100,0,200,0,100.0,3309.0,100.0,22427182528.0,100.0,25695261346.0
2018-04-01,ZCH07NPE,ST12000NM0007,12000138625024,0,83,208337632,99,0,100,1,100,0,85,320429351,97,3442,100,0,100,1,,,,,100.0,0.0,100.0,0.0,,,66.0,34.0,,,100.0,57.0,100.0,408.0,34,34,100,0,100,0,200,0,100.0,3332.0,100.0,22435176000.0,100.0,25868964898.0
2018-04-02,ZCH07NPE,ST12000NM0007,12000138625024,0,82,152281840,99,0,100,1,100,0,85,321813650,97,3467,100,0,100,1,,,,,100.0,0.0,100.0,0.0,,,66.0,34.0,,,100.0,58.0,100.0,409.0,34,34,100,0,100,0,200,0,100.0,3357.0,100.0,22448164728.0,100.0,26044061130.0
2018-04-03,ZCH07NPE,ST12000NM0007,12000138625024,0,82,161240336,99,0,100,1,100,0,85,324334716,97,3490,100,0,100,1,,,,,100.0,0.0,100.0,0.0,,,66.0,34.0,,,100.0,59.0,100.0,410.0,34,34,100,0,100,0,200,0,100.0,3380.0,100.0,22490037944.0,100.0,26255287042.0
2018-04-04,ZCH07NPE,ST12000NM0007,12000138625024,0,80,106227098,98,0,100,2,100,0,85,325364874,96,3516,100,0,100,1,,,,,100.0,0.0,100.0,0.0,,,67.0,33.0,,,100.0,60.0,100.0,414.0,33,33,100,0,100,0,200,0,100.0,3406.0,100.0,22496648944.0,100.0,26437803436.0
2018-04-05,ZCH07NPE,ST12000NM0007,12000138625024,0,79,80716856,98,0,100,2,100,0,85,327585418,96,3540,100,0,100,1,,,,,100.0,0.0,100.0,0.0,,,66.0,34.0,,,100.0,61.0,100.0,415.0,34,34,100,0,100,0,200,0,100.0,3429.0,100.0,22543997184.0,100.0,26609085580.0
2018-04-06,ZCH07NPE,ST12000NM0007,12000138625024,0,71,13891952,98,0,100,2,100,0,85,328675655,96,3563,100,0,100,1,,,,,100.0,0.0,100.0,0.0,,,66.0,34.0,,,100.0,62.0,100.0,416.0,34,34,100,0,100,0,200,0,100.0,3452.0,100.0,22556528912.0,100.0,26773869652.0
2018-04-07,ZCH07NPE,ST12000NM0007,12000138625024,0,83.0,195012264.0,98.0,0.0,100.0,2.0,100.0,0.0,85.0,329715850.0,96.0,3587.0,100.0,0.0,100.0,1.0,,,,,100.0,0.0,100.0,0.0,,,66.0,34.0,,,100.0,63.0,100.0,417.0,34.0,34.0,100.0,0.0,100.0,0.0,200.0,0.0,100.0,3477.0,100.0,22564492592.0,100.0,26947026284.0
2018-04-08,ZCH07NPE,ST12000NM0007,12000138625024,0,82,152418328,98,0,100,2,100,0,85,330964608,96,3612,100,0,100,1,,,,,100.0,0.0,100.0,0.0,,,66.0,34.0,,,100.0,64.0,100.0,418.0,34,34,100,0,100,0,200,0,100.0,3501.0,100.0,22576287448.0,100.0,27136778388.0
2018-04-09,ZCH07NPE,ST12000NM0007,12000138625024,0,80,107691888,98,0,100,2,100,0,85,332374990,96,3635,100,0,100,1,,,,,100.0,0.0,100.0,0.0,,,67.0,33.0,,,100.0,64.0,100.0,419.0,33,33,100,0,100,0,200,0,100.0,3524.0,100.0,22592230320.0,100.0,27320249780.0
2018-04-10,ZCH07NPE,ST12000NM0007,12000138625024,0,83,218724304,98,0,100,2,100,0,85,335421549,96,3660,100,0,100,1,,,,,100.0,0.0,100.0,0.0,,,64.0,36.0,,,100.0,65.0,100.0,420.0,36,36,100,0,100,0,200,0,100.0,3549.0,100.0,22744010896.0,100.0,27523642364.0
2018-04-11,ZCH07NPE,ST12000NM0007,12000138625024,0,84,240214880,98,0,100,2,100,0,85,338737338,96,3683,100,0,100,1,,,,,100.0,0.0,100.0,0.0,,,63.0,37.0,,,100.0,65.0,100.0,421.0,37,37,100,0,100,0,200,0,100.0,3572.0,100.0,23067516808.0,100.0,27709908508.0
2018-04-12,ZCH07NPE,ST12000NM0007,12000138625024,0,68,6858648,98,0,100,2,100,0,85,342107433,96,3706,100,0,100,1,,,,,100.0,0.0,100.0,0.0,,,63.0,37.0,,,100.0,65.0,100.0,422.0,37,37,100,0,100,0,200,0,100.0,3594.0,100.0,23386912136.0,100.0,27889579116.0
2018-04-13,ZCH07NPE,ST12000NM0007,12000138625024,0,79,85933408,98,0,100,2,100,0,85,346037760,96,3731,100,0,100,1,,,,,100.0,0.0,100.0,0.0,,,64.0,36.0,,,100.0,65.0,100.0,423.0,36,36,100,0,100,0,200,0,100.0,3619.0,100.0,23739828832.0,100.0,28104018524.0
2018-04-14,ZCH07NPE,ST12000NM0007,12000138625024,0,81,124695240,98,0,100,2,100,0,85,349434978,96,3754,100,0,100,1,,,,,100.0,0.0,100.0,0.0,,,63.0,37.0,,,100.0,65.0,100.0,424.0,37,37,100,0,100,0,200,0,100.0,3642.0,100.0,24070515656.0,100.0,28300374876.0
2018-04-15,ZCH07NPE,ST12000NM0007,12000138625024,0,84,230492312,98,0,100,2,100,0,85,351642034,96,3778,100,0,100,1,,,,,100.0,0.0,100.0,0.0,,,64.0,36.0,,,100.0,65.0,100.0,425.0,36,36,100,0,100,0,200,0,100.0,3666.0,100.0,24226092392.0,100.0,28494735972.0
2018-04-16,ZCH07NPE,ST12000NM0007,12000138625024,0,83,192505312,98,0,100,2,100,0,85,352572347,96,3803,100,0,100,1,,,,,100.0,0.0,100.0,0.0,,,64.0,36.0,,,100.0,66.0,100.0,426.0,36,36,100,0,100,0,200,0,100.0,3691.0,100.0,24230381248.0,100.0,28696600908.0
2018-04-17,ZCH07NPE,ST12000NM0007,12000138625024,0,83,217628296,98,0,100,2,100,0,86,355284356,96,3826,100,0,100,1,,,,,100.0,0.0,100.0,0.0,,,64.0,36.0,,,100.0,66.0,100.0,427.0,36,36,100,0,100,0,200,0,100.0,3715.0,100.0,24276527648.0,100.0,28919718156.0
2018-04-18,ZCH07NPE,ST12000NM0007,12000138625024,0,81,132920800,98,0,100,2,100,0,86,356084183,96,3850,100,0,100,1,,,,,100.0,0.0,100.0,0.0,,,65.0,35.0,,,100.0,67.0,100.0,428.0,35,35,100,0,100,0,200,0,100.0,3738.0,100.0,24279416280.0,100.0,29076262692.0
2018-04-19,ZCH07NPE,ST12000NM0007,12000138625024,0,81,120388840,98,0,100,2,100,0,86,358693788,96,3875,100,0,100,1,,,,,100.0,0.0,100.0,0.0,,,64.0,36.0,,,100.0,68.0,100.0,429.0,36,36,100,0,100,0,200,0,100.0,3762.0,100.0,24324475264.0,100.0,29262812404.0
2018-04-20,ZCH07NPE,ST12000NM0007,12000138625024,0,77,50908272,98,0,100,2,100,0,86,359490218,96,3898,100,0,100,1,,,,,100.0,0.0,100.0,0.0,,,64.0,36.0,,,100.0,68.0,100.0,430.0,36,36,100,0,100,0,200,0,100.0,3786.0,100.0,24327912408.0,100.0,29434035492.0
2018-04-21,ZCH07NPE,ST12000NM0007,12000138625024,0,83,218409984,98,0,100,2,100,0,86,360441350,96,3922,100,0,100,1,,,,,100.0,0.0,100.0,0.0,,,65.0,35.0,,,100.0,69.0,100.0,431.0,35,35,100,0,100,0,200,0,100.0,3810.0,100.0,24336655384.0,100.0,29592794228.0
2018-04-22,ZCH07NPE,ST12000NM0007,12000138625024,0,81,136911152,98,0,100,2,100,0,86,361259854,96,3946,100,0,100,1,,,,,100.0,0.0,100.0,0.0,,,64.0,36.0,,,100.0,69.0,100.0,432.0,36,36,100,0,100,0,200,0,100.0,3834.0,100.0,24341312960.0,100.0,29750778588.0
2018-04-23,ZCH07NPE,ST12000NM0007,12000138625024,0,80,102513000,98,0,100,2,100,0,86,362874528,96,3970,100,0,100,1,,,,,100.0,0.0,100.0,0.0,,,64.0,36.0,,,100.0,69.0,100.0,433.0,36,36,100,0,100,0,200,0,100.0,3858.0,100.0,24361726776.0,100.0,29940107356.0
2018-04-24,ZCH07NPE,ST12000NM0007,12000138625024,0,81,122806296,98,0,100,2,100,0,86,365269818,96,3995,100,0,100,1,,,,,100.0,0.0,100.0,0.0,,,64.0,36.0,,,100.0,69.0,100.0,434.0,36,36,100,0,100,0,200,0,100.0,3882.0,100.0,24401749816.0,100.0,30164518436.0
2018-04-25,ZCH07NPE,ST12000NM0007,12000138625024,0,77,50253328,98,0,100,2,100,0,86,366221383,96,4018,100,0,100,1,,,,,100.0,0.0,100.0,0.0,,,64.0,36.0,,,100.0,70.0,100.0,435.0,36,36,100,0,100,0,200,0,100.0,3906.0,100.0,24409002208.0,100.0,30328853852.0
2018-04-26,ZCH07NPE,ST12000NM0007,12000138625024,0,79,71209360,98,0,100,2,100,0,86,368558842,96,4044,100,0,100,1,,,,,100.0,0.0,100.0,0.0,,,63.0,37.0,,,100.0,71.0,100.0,438.0,37,37,100,0,100,0,200,0,100.0,3931.0,100.0,24483848272.0,100.0,30519104484.0
2018-04-27,ZCH07NPE,ST12000NM0007,12000138625024,0,82,145452848,98,0,100,2,100,0,86,370967542,96,4068,100,0,100,1,,,,,100.0,0.0,100.0,0.0,,,64.0,36.0,,,100.0,71.0,100.0,439.0,36,36,100,0,100,0,200,0,100.0,3956.0,100.0,24605093320.0,100.0,30716243772.0
2018-04-28,ZCH07NPE,ST12000NM0007,12000138625024,0,84,228166448,98,0,100,2,100,0,86,373667458,96,4092,100,0,100,1,,,,,100.0,0.0,100.0,0.0,,,63.0,37.0,,,100.0,72.0,100.0,440.0,37,37,100,0,100,0,200,0,100.0,3980.0,100.0,24721777872.0,100.0,30926413468.0
2018-04-29,ZCH07NPE,ST12000NM0007,12000138625024,0,77,49637456,98,0,100,2,100,0,86,375965265,96,4116,100,0,100,1,,,,,100.0,0.0,100.0,0.0,,,63.0,37.0,,,100.0,73.0,100.0,441.0,37,37,100,0,100,0,200,0,100.0,4003.0,100.0,24836736312.0,100.0,31121207572.0
2018-04-30,ZCH07NPE,ST12000NM0007,12000138625024,0,81,138548624,98,0,100,2,100,0,86,378464013,96,4140,100,0,100,1,,,,,100.0,0.0,100.0,0.0,,,64.0,36.0,,,100.0,73.0,100.0,442.0,36,36,100,0,100,0,200,0,100.0,4028.0,100.0,24966068952.0,100.0,31324926924.0
2018-05-01,ZCH07NPE,ST12000NM0007,12000138625024,0,79,77550680,98,0,100,2,100,0,86,382495284,96,4164,100,0,100,1,,,,,100.0,0.0,100.0,0.0,,,63.0,37.0,,,100.0,74.0,100.0,443.0,37,37,100,0,100,0,200,0,100.0,4051.0,100.0,25127053232.0,100.0,31591226172.0
2018-05-02,ZCH07NPE,ST12000NM0007,12000138625024,0,81.0,140440648.0,98.0,0.0,100.0,2.0,100.0,0.0,86.0,384786474.0,96.0,4188.0,100.0,0.0,100.0,1.0,,,,,100.0,0.0,100.0,0.0,,,64.0,36.0,,,100.0,74.0,100.0,444.0,36.0,36.0,100.0,0.0,100.0,0.0,200.0,0.0,100.0,4075.0,100.0,25246598128.0,100.0,31778711900.0
2018-05-03,ZCH07NPE,ST12000NM0007,12000138625024,0,83,208637272,98,0,100,2,100,0,86,387385805,96,4210,100,0,100,1,,,,,100.0,0.0,100.0,0.0,,,64.0,36.0,,,100.0,74.0,100.0,445.0,36,36,100,0,100,0,200,0,100.0,4097.0,100.0,25371563104.0,100.0,31966084388.0
2018-05-04,ZCH07NPE,ST12000NM0007,12000138625024,0,76,35756944,98,0,100,2,100,0,86,389983207,96,4234,100,0,100,1,,,,,100.0,0.0,100.0,0.0,,,64.0,36.0,,,100.0,75.0,100.0,446.0,36,36,100,0,100,0,200,0,100.0,4120.0,100.0,25491345984.0,100.0,32161702916.0
2018-05-05,ZCH07NPE,ST12000NM0007,12000138625024,0,81,120029560,98,0,100,2,100,0,86,392293683,96,4258,100,0,100,1,,,,,100.0,0.0,100.0,0.0,,,64.0,36.0,,,100.0,75.0,100.0,447.0,36,36,100,0,100,0,200,0,100.0,4145.0,100.0,25609946608.0,100.0,32371515844.0
2018-05-06,ZCH07NPE,ST12000NM0007,12000138625024,0,82,176031456,98,0,100,2,100,0,86,394872926,96,4282,100,0,100,1,,,,,100.0,0.0,100.0,0.0,,,64.0,36.0,,,100.0,75.0,100.0,448.0,36,36,100,0,100,0,200,0,100.0,4168.0,100.0,25722958536.0,100.0,32558646452.0
2018-05-07,ZCH07NPE,ST12000NM0007,12000138625024,0,70,9935136,98,0,100,2,100,0,86,397158639,96,4307,100,0,100,1,,,,,100.0,0.0,100.0,0.0,,,64.0,36.0,,,100.0,75.0,100.0,449.0,36,36,100,0,100,0,200,0,100.0,4192.0,100.0,25846420144.0,100.0,32757370124.0
2018-05-08,ZCH07NPE,ST12000NM0007,12000138625024,0,83,182475416,98,0,100,2,100,0,86,400958264,96,4330,100,0,100,1,,,,,100.0,0.0,100.0,0.0,,,64.0,36.0,,,100.0,75.0,100.0,450.0,36,36,100,0,100,0,200,0,100.0,4216.0,100.0,25995414392.0,100.0,33025056996.0
2018-05-09,ZCH07NPE,ST12000NM0007,12000138625024,0,82,168943224,98,0,100,2,100,0,86,403073792,96,4355,100,0,100,1,,,,,100.0,0.0,100.0,0.0,,,64.0,36.0,,,100.0,75.0,100.0,451.0,36,36,100,0,100,0,200,0,100.0,4240.0,100.0,26110537568.0,100.0,33140542508.0
2018-05-10,ZCH07NPE,ST12000NM0007,12000138625024,0,83,223460920,98,0,100,2,100,0,86,405426677,96,4379,100,0,100,1,,,,,100.0,0.0,100.0,0.0,,,63.0,37.0,,,100.0,75.0,100.0,452.0,37,37,100,0,100,0,200,0,100.0,4264.0,100.0,26213708496.0,100.0,33336030068.0
2018-05-11,ZCH07NPE,ST12000NM0007,12000138625024,0,73,20424440,98,0,100,2,100,0,86,407723677,95,4403,100,0,100,1,,,,,100.0,0.0,100.0,0.0,,,63.0,37.0,,,100.0,75.0,100.0,453.0,37,37,100,0,100,0,200,0,100.0,4288.0,100.0,26326468232.0,100.0,33508515508.0
2018-05-12,ZCH07NPE,ST12000NM0007,12000138625024,0,75,28805216,98,0,100,2,100,0,86,409794946,95,4427,100,0,100,1,,,,,100.0,0.0,100.0,0.0,,,63.0,37.0,,,100.0,75.0,100.0,454.0,37,37,100,0,100,0,200,0,100.0,4312.0,100.0,26438173064.0,100.0,33649332228.0
2018-05-13,ZCH07NPE,ST12000NM0007,12000138625024,0,80,101333280,98,0,100,2,100,0,86,412085882,95,4451,100,0,100,1,,,,,100.0,0.0,100.0,0.0,,,64.0,36.0,,,100.0,76.0,100.0,455.0,36,36,100,0,100,0,200,0,100.0,4336.0,100.0,26556081440.0,100.0,33848092620.0
2018-05-14,ZCH07NPE,ST12000NM0007,12000138625024,0,82,156120448,98,0,100,2,100,0,86,414229169,95,4474,100,0,100,1,,,,,100.0,0.0,100.0,0.0,,,63.0,37.0,,,100.0,77.0,100.0,456.0,37,37,100,0,100,0,200,0,100.0,4359.0,100.0,26664454024.0,100.0,34038648068.0
2018-05-15,ZCH07NPE,ST12000NM0007,12000138625024,0,81.0,127705904.0,98.0,0.0,100.0,2.0,100.0,0.0,86.0,418483690.0,95.0,4499.0,100.0,0.0,100.0,1.0,,,,,100.0,0.0,100.0,0.0,,,63.0,37.0,,,100.0,77.0,100.0,457.0,37.0,37.0,100.0,0.0,100.0,0.0,200.0,0.0,100.0,4384.0,100.0,26818199008.0,100.0,34344769908.0
2018-05-16,ZCH07NPE,ST12000NM0007,12000138625024,0,83,208074464,98,0,100,2,100,0,86,421238034,95,4523,100,0,100,1,,,,,100.0,0.0,100.0,0.0,,,64.0,36.0,,,100.0,77.0,100.0,458.0,36,36,100,0,100,0,200,0,100.0,4408.0,100.0,26925219408.0,100.0,34562258924.0
2018-05-17,ZCH07NPE,ST12000NM0007,12000138625024,0,76,42579256,98,0,100,2,100,0,86,423713532,95,4546,100,0,100,1,,,,,100.0,0.0,100.0,0.0,,,64.0,36.0,,,100.0,77.0,100.0,459.0,36,36,100,0,100,0,200,0,100.0,4430.0,100.0,27045121760.0,100.0,34765142892.0
2018-05-18,ZCH07NPE,ST12000NM0007,12000138625024,0,79,80738704,98,0,100,2,100,0,86,425846321,95,4570,100,0,100,1,,,,,100.0,0.0,100.0,0.0,,,64.0,36.0,,,100.0,78.0,100.0,460.0,36,36,100,0,100,0,200,0,100.0,4455.0,100.0,27144170792.0,100.0,34948394052.0
2018-05-19,ZCH07NPE,ST12000NM0007,12000138625024,0,79,88785048,98,0,100,2,100,0,86,427786093,95,4594,100,0,100,1,,,,,100.0,0.0,100.0,0.0,,,64.0,36.0,,,100.0,79.0,100.0,461.0,36,36,100,0,100,0,200,0,100.0,4478.0,100.0,27222880032.0,100.0,35121872076.0
2018-05-20,ZCH07NPE,ST12000NM0007,12000138625024,0,80,97026280,98,0,100,2,100,0,86,429726486,95,4618,100,0,100,1,,,,,100.0,0.0,100.0,0.0,,,63.0,37.0,,,100.0,80.0,100.0,462.0,37,37,100,0,100,0,200,0,100.0,4502.0,100.0,27296213696.0,100.0,35300920556.0
2018-05-21,ZCH07NPE,ST12000NM0007,12000138625024,0,82,151050304,98,0,100,2,100,0,86,432025833,95,4642,100,0,100,1,,,,,100.0,0.0,100.0,0.0,,,63.0,37.0,,,100.0,80.0,100.0,463.0,37,37,100,0,100,0,200,0,100.0,4527.0,100.0,27394460816.0,100.0,35500838372.0
2018-05-22,ZCH07NPE,ST12000NM0007,12000138625024,0,77,47718600,98,0,100,2,100,0,86,435747011,95,4666,100,0,100,1,,,,,100.0,0.0,100.0,0.0,,,63.0,37.0,,,100.0,81.0,100.0,464.0,37,37,100,0,100,0,200,0,100.0,4550.0,100.0,27524176712.0,100.0,35756072284.0
2018-05-23,ZCH07NPE,ST12000NM0007,12000138625024,0,81,131695776,98,0,100,2,100,0,86,438514914,95,4690,100,0,100,1,,,,,100.0,0.0,100.0,0.0,,,65.0,35.0,,,100.0,82.0,100.0,465.0,35,35,100,0,100,0,200,0,100.0,4573.0,100.0,27633228672.0,100.0,35975138348.0
2018-05-24,ZCH07NPE,ST12000NM0007,12000138625024,0,84,230004368,98,0,100,2,100,0,86,442112480,95,4714,100,0,100,1,,,,,100.0,0.0,100.0,0.0,,,64.0,36.0,,,100.0,82.0,100.0,466.0,36,36,100,0,100,0,200,0,100.0,4598.0,100.0,27773691672.0,100.0,36177124796.0
2018-05-25,ZCH07NPE,ST12000NM0007,12000138625024,0,72,16669936,98,0,100,2,100,0,86,444227110,95,4737,100,0,100,1,,,,,100.0,0.0,100.0,0.0,,,65.0,35.0,,,100.0,82.0,100.0,467.0,35,35,100,0,100,0,200,0,100.0,4620.0,100.0,27855140776.0,100.0,36370622700.0
2018-05-26,ZCH07NPE,ST12000NM0007,12000138625024,0,79,89100088,98,0,100,2,100,0,86,446531762,95,4761,100,0,100,1,,,,,100.0,0.0,100.0,0.0,,,66.0,34.0,,,100.0,82.0,100.0,468.0,34,34,100,0,100,0,200,0,100.0,4645.0,100.0,27962004464.0,100.0,36580330060.0
2018-05-27,ZCH07NPE,ST12000NM0007,12000138625024,0,81,115158728,98,0,100,2,100,0,87,448822089,95,4785,100,0,100,1,,,,,100.0,0.0,100.0,0.0,,,65.0,35.0,,,100.0,83.0,100.0,469.0,35,35,100,0,100,0,200,0,100.0,4668.0,100.0,28059653504.0,100.0,36752880548.0
2018-05-28,ZCH07NPE,ST12000NM0007,12000138625024,0,82,151933408,98,0,100,2,100,0,87,451273683,95,4809,100,0,100,1,,,,,100.0,0.0,100.0,0.0,,,65.0,35.0,,,100.0,83.0,100.0,470.0,35,35,100,0,100,0,200,0,100.0,4692.0,100.0,28157038944.0,100.0,36936410436.0
2018-05-29,ZCH07NPE,ST12000NM0007,12000138625024,0,75,29948160,98,0,100,2,100,0,87,454762416,95,4833,100,0,100,1,,,,,100.0,0.0,100.0,0.0,,,66.0,34.0,,,100.0,84.0,100.0,471.0,34,34,100,0,100,0,200,0,100.0,4716.0,100.0,28263446144.0,100.0,37196299484.0
2018-05-30,ZCH07NPE,ST12000NM0007,12000138625024,0,79,76012456,98,0,100,2,100,0,87,457147825,95,4857,100,0,100,1,,,,,100.0,0.0,100.0,0.0,,,65.0,35.0,,,100.0,84.0,100.0,472.0,35,35,100,0,100,0,200,0,100.0,4740.0,100.0,28357662296.0,100.0,37392288284.0
2018-05-31,ZCH07NPE,ST12000NM0007,12000138625024,0,82,161927816,98,0,100,2,100,0,87,459922587,95,4884,100,0,100,1,,,,,100.0,0.0,100.0,0.0,,,65.0,35.0,,,100.0,84.0,100.0,474.0,35,35,100,0,100,0,200,0,100.0,4766.0,100.0,28487395552.0,100.0,37592611052.0
2018-06-01,ZCH07NPE,ST12000NM0007,12000138625024,0,83,200638000,98,0,100,2,100,0,87,462135743,95,4907,100,0,100,1,,,,,100.0,0.0,100.0,0.0,,,65.0,35.0,,,100.0,84.0,100.0,475.0,35,35,100,0,100,0,200,0,100.0,4790.0,100.0,28584573808.0,100.0,37778283652.0
2018-06-02,ZCH07NPE,ST12000NM0007,12000138625024,0,70,10680544,98,0,100,2,100,0,87,464357658,95,4931,100,0,100,1,,,,,100.0,0.0,100.0,0.0,,,65.0,35.0,,,100.0,85.0,100.0,476.0,35,35,100,0,100,0,200,0,100.0,4814.0,100.0,28670004400.0,100.0,37991177100.0
2018-06-03,ZCH07NPE,ST12000NM0007,12000138625024,0,76,40189672,98,0,100,2,100,0,87,466582124,95,4955,100,0,100,1,,,,,100.0,0.0,100.0,0.0,,,65.0,35.0,,,100.0,85.0,100.0,477.0,35,35,100,0,100,0,200,0,100.0,4838.0,100.0,28750033280.0,100.0,38184798092.0
2018-06-04,ZCH07NPE,ST12000NM0007,12000138625024,0,80,92755696,98,0,100,2,100,0,87,468726631,95,4979,100,0,100,1,,,,,100.0,0.0,100.0,0.0,,,65.0,35.0,,,100.0,86.0,100.0,478.0,35,35,100,0,100,0,200,0,100.0,4861.0,100.0,28846698592.0,100.0,38384839444.0
2018-06-05,ZCH07NPE,ST12000NM0007,12000138625024,0,83,220282752,98,0,100,2,100,0,87,472388695,95,5003,100,0,100,1,,,,,100.0,0.0,100.0,0.0,,,65.0,35.0,,,100.0,87.0,100.0,479.0,35,35,100,0,100,0,200,0,100.0,4885.0,100.0,28985320664.0,100.0,38617885516.0
2018-06-06,ZCH07NPE,ST12000NM0007,12000138625024,0,83,206108016,98,0,100,2,100,0,87,474404679,95,5027,100,0,100,1,,,,,100.0,0.0,100.0,0.0,,,65.0,35.0,,,100.0,88.0,100.0,480.0,35,35,100,0,100,0,200,0,100.0,4909.0,100.0,29089271880.0,100.0,38743900412.0
2018-06-07,ZCH07NPE,ST12000NM0007,12000138625024,0,77,48222936,98,0,100,2,100,0,87,478087185,95,5051,100,0,100,1,,,,,100.0,0.0,100.0,0.0,,,65.0,35.0,,,100.0,89.0,100.0,481.0,35,35,100,0,100,0,200,0,100.0,4933.0,100.0,29214077416.0,100.0,38949491148.0
2018-06-08,ZCH07NPE,ST12000NM0007,12000138625024,0,79,74396136,98,0,100,2,100,0,87,480481603,95,5075,100,0,100,1,,,,,100.0,0.0,100.0,0.0,,,65.0,35.0,,,100.0,89.0,100.0,482.0,35,35,100,0,100,0,200,0,100.0,4956.0,100.0,29307799072.0,100.0,39126083436.0
2018-06-09,ZCH07NPE,ST12000NM0007,12000138625024,0,79,87063736,98,0,100,2,100,0,87,482527661,95,5099,100,0,100,1,,,,,100.0,0.0,100.0,0.0,,,66.0,34.0,,,100.0,90.0,100.0,483.0,34,34,100,0,100,0,200,0,100.0,4980.0,100.0,29396529656.0,100.0,39294161108.0
2018-06-10,ZCH07NPE,ST12000NM0007,12000138625024,0,81,138051992,98,0,100,2,100,0,87,484913689,95,5123,100,0,100,1,,,,,100.0,0.0,100.0,0.0,,,65.0,35.0,,,100.0,90.0,100.0,484.0,35,35,100,0,100,0,200,0,100.0,5004.0,100.0,29482156864.0,100.0,39503663220.0
2018-06-11,ZCH07NPE,ST12000NM0007,12000138625024,0,82,163995776,98,0,100,2,100,0,87,487109891,95,5147,100,0,100,1,,,,,100.0,0.0,100.0,0.0,,,65.0,35.0,,,100.0,91.0,100.0,485.0,35,35,100,0,100,0,200,0,100.0,5028.0,100.0,29582133728.0,100.0,39673770860.0
2018-06-12,ZCH07NPE,ST12000NM0007,12000138625024,0,80,94341344,98,0,100,2,100,0,87,491051102,95,5171,100,0,100,1,,,,,100.0,0.0,100.0,0.0,,,66.0,34.0,,,100.0,91.0,100.0,486.0,34,34,100,0,100,0,200,0,100.0,5052.0,100.0,29761853760.0,100.0,39912677868.0
2018-06-13,ZCH07NPE,ST12000NM0007,12000138625024,0,81,119118136,98,0,100,2,100,0,87,493337649,95,5195,100,0,100,1,,,,,100.0,0.0,100.0,0.0,,,65.0,35.0,,,100.0,92.0,100.0,487.0,35,35,100,0,100,0,200,0,100.0,5076.0,100.0,29885058440.0,100.0,40058390612.0
2018-06-14,ZCH07NPE,ST12000NM0007,12000138625024,0,70,10554048,98,0,100,2,100,0,87,496401491,95,5219,100,0,100,1,,,,,100.0,0.0,100.0,0.0,,,65.0,35.0,,,100.0,92.0,100.0,489.0,35,35,100,0,100,0,200,0,100.0,5100.0,100.0,30013089232.0,100.0,40310077356.0
2018-06-15,ZCH07NPE,ST12000NM0007,12000138625024,0,77.0,44683144.0,98.0,0.0,100.0,2.0,100.0,0.0,87.0,498586866.0,95.0,5243.0,100.0,0.0,100.0,1.0,,,,,100.0,0.0,100.0,0.0,,,65.0,35.0,,,100.0,92.0,100.0,490.0,35.0,35.0,100.0,0.0,100.0,0.0,200.0,0.0,100.0,5123.0,100.0,30105150992.0,100.0,40496285484.0
2018-06-16,ZCH07NPE,ST12000NM0007,12000138625024,0,80.0,91572544.0,98.0,0.0,100.0,2.0,100.0,0.0,87.0,500982934.0,94.0,5267.0,100.0,0.0,100.0,1.0,,,,,100.0,0.0,100.0,0.0,,,65.0,35.0,,,100.0,92.0,100.0,491.0,35.0,35.0,100.0,0.0,100.0,0.0,200.0,0.0,100.0,5148.0,100.0,30228005896.0,100.0,40664460652.0
2018-06-17,ZCH07NPE,ST12000NM0007,12000138625024,0,82.0,165308856.0,98.0,0.0,100.0,2.0,100.0,0.0,87.0,503250774.0,94.0,5291.0,100.0,0.0,100.0,1.0,,,,,100.0,0.0,100.0,0.0,,,65.0,35.0,,,100.0,92.0,100.0,492.0,35.0,35.0,100.0,0.0,100.0,0.0,200.0,0.0,100.0,5171.0,100.0,30333104672.0,100.0,40877238844.0
2018-06-18,ZCH07NPE,ST12000NM0007,12000138625024,0,83.0,215242616.0,98.0,0.0,100.0,2.0,100.0,0.0,87.0,505730449.0,94.0,5315.0,100.0,0.0,100.0,1.0,,,,,100.0,0.0,100.0,0.0,,,65.0,35.0,,,100.0,92.0,100.0,493.0,35.0,35.0,100.0,0.0,100.0,0.0,200.0,0.0,100.0,5195.0,100.0,30419888976.0,100.0,41084528972.0
2018-06-19,ZCH07NPE,ST12000NM0007,12000138625024,0,81,129395624,98,0,100,2,100,0,87,509834561,94,5339,100,0,100,1,,,,,100.0,0.0,100.0,0.0,,,65.0,35.0,,,100.0,92.0,100.0,494.0,35,35,100,0,100,0,200,0,100.0,5219.0,100.0,30550927968.0,100.0,41355924356.0
2018-06-20,ZCH07NPE,ST12000NM0007,12000138625024,0,83,189712984,98,0,100,2,100,0,87,512161251,94,5363,100,0,100,1,,,,,100.0,0.0,100.0,0.0,,,66.0,34.0,,,100.0,92.0,100.0,495.0,34,34,100,0,100,0,200,0,100.0,5243.0,100.0,30657579120.0,100.0,41553731484.0
2018-06-21,ZCH07NPE,ST12000NM0007,12000138625024,0,73,18217824,98,0,100,2,100,0,87,515725052,94,5387,100,0,100,1,,,,,100.0,0.0,100.0,0.0,,,67.0,33.0,,,100.0,92.0,100.0,496.0,33,33,100,0,100,0,200,0,100.0,5266.0,100.0,30777742752.0,100.0,41750354196.0
2018-06-22,ZCH07NPE,ST12000NM0007,12000138625024,0,74,22481280,98,0,100,2,100,0,87,517577949,94,5411,100,0,100,1,,,,,100.0,0.0,100.0,0.0,,,65.0,35.0,,,100.0,92.0,100.0,497.0,35,35,100,0,100,0,200,0,100.0,5290.0,100.0,30837675632.0,100.0,41938825684.0
2018-06-23,ZCH07NPE,ST12000NM0007,12000138625024,0,76,41928992,98,0,100,2,100,0,87,519642340,94,5435,100,0,100,1,,,,,100.0,0.0,100.0,0.0,,,67.0,33.0,,,100.0,92.0,100.0,498.0,33,33,100,0,100,0,200,0,100.0,5314.0,100.0,30922964712.0,100.0,42117125364.0
2018-06-24,ZCH07NPE,ST12000NM0007,12000138625024,0,80,93856184,98,0,100,2,100,0,87,521914600,94,5459,100,0,100,1,,,,,100.0,0.0,100.0,0.0,,,67.0,33.0,,,100.0,93.0,100.0,499.0,33,33,100,0,100,0,200,0,100.0,5338.0,100.0,31019698392.0,100.0,42316459548.0
2018-06-25,ZCH07NPE,ST12000NM0007,12000138625024,0,81,137831928,98,0,100,2,100,0,87,524293605,94,5483,100,0,100,1,,,,,100.0,0.0,100.0,0.0,,,66.0,34.0,,,100.0,93.0,100.0,500.0,34,34,100,0,100,0,200,0,100.0,5362.0,100.0,31121705400.0,100.0,42502569132.0
2018-06-26,ZCH07NPE,ST12000NM0007,12000138625024,0,73,21126976,98,0,100,2,100,0,87,527953108,94,5507,100,0,100,1,,,,,100.0,0.0,100.0,0.0,,,66.0,34.0,,,100.0,94.0,100.0,501.0,34,34,100,0,100,0,200,0,100.0,5385.0,100.0,31246896432.0,100.0,42748954460.0
2018-06-27,ZCH07NPE,ST12000NM0007,12000138625024,0,79,74969648,98,0,100,2,100,0,87,530513821,94,5531,100,0,100,1,,,,,100.0,0.0,100.0,0.0,,,66.0,34.0,,,100.0,95.0,100.0,502.0,34,34,100,0,100,0,200,0,100.0,5410.0,100.0,31352296432.0,100.0,42941537852.0
2018-06-28,ZCH07NPE,ST12000NM0007,12000138625024,0,82,164922928,98,0,100,2,100,0,87,534097283,94,5555,100,0,100,1,,,,,100.0,0.0,100.0,0.0,,,66.0,34.0,,,100.0,96.0,100.0,503.0,34,34,100,0,100,0,200,0,100.0,5433.0,100.0,31463690168.0,100.0,43164238028.0
2018-06-29,ZCH07NPE,ST12000NM0007,12000138625024,0,82,170413616,98,0,100,2,100,0,87,535980141,94,5575,100,0,100,1,,,,,100.0,0.0,100.0,0.0,,,67.0,33.0,,,100.0,96.0,100.0,504.0,33,33,100,0,100,0,200,0,100.0,5454.0,100.0,31547730624.0,100.0,43329829300.0
2018-06-30,ZCH07NPE,ST12000NM0007,12000138625024,0,82,167156736,98,0,100,2,100,0,87,537962104,94,5599,100,0,100,1,,,,,100.0,0.0,100.0,0.0,,,66.0,34.0,,,100.0,96.0,100.0,505.0,34,34,100,0,100,0,200,0,100.0,5478.0,100.0,31627257400.0,100.0,43491186644.0
2018-07-01,ZCH07NPE,ST12000NM0007,12000138625024,0,83,217966464,98,0,100,2,100,0,87,540293877,94,5624,100,0,100,1,,,,,100.0,0.0,100.0,0.0,,,66.0,34.0,,,100.0,96.0,100.0,507.0,34,34,100,0,100,0,200,0,100.0,5502.0,100.0,31710697120.0,100.0,43702697316.0
2018-07-02,ZCH07NPE,ST12000NM0007,12000138625024,0,83,209996792,98,0,100,2,100,0,87,542167145,94,5647,100,0,100,1,,,,,100.0,0.0,100.0,0.0,,,66.0,34.0,,,100.0,96.0,100.0,508.0,34,34,100,0,100,0,200,0,100.0,5525.0,100.0,31781647872.0,100.0,43867917660.0
2018-07-03,ZCH07NPE,ST12000NM0007,12000138625024,0,80,107711224,98,0,100,2,100,0,87,546306647,94,5672,100,0,100,1,,,,,100.0,0.0,100.0,0.0,,,66.0,34.0,,,100.0,96.0,100.0,509.0,34,34,100,0,100,0,200,0,100.0,5550.0,100.0,31920958744.0,100.0,44114602764.0
2018-07-04,ZCH07NPE,ST12000NM0007,12000138625024,0,80,99083016,98,0,100,2,100,0,87,548524686,94,5696,100,0,100,1,,,,,100.0,0.0,100.0,0.0,,,66.0,34.0,,,100.0,97.0,100.0,510.0,34,34,100,0,100,0,200,0,100.0,5574.0,100.0,32019757904.0,100.0,44251316172.0
2018-07-05,ZCH07NPE,ST12000NM0007,12000138625024,0,82,146481352,98,0,100,2,100,0,87,551803291,94,5719,100,0,100,1,,,,,100.0,0.0,100.0,0.0,,,66.0,34.0,,,100.0,97.0,100.0,511.0,34,34,100,0,100,0,200,0,100.0,5597.0,100.0,32162001696.0,100.0,44400611596.0
2018-07-06,ZCH07NPE,ST12000NM0007,12000138625024,0,83,188565296,98,0,100,2,100,0,87,554419927,94,5743,100,0,100,1,,,,,100.0,0.0,100.0,0.0,,,66.0,34.0,,,100.0,98.0,100.0,512.0,34,34,100,0,100,0,200,0,100.0,5621.0,100.0,32252069512.0,100.0,44596768364.0
2018-07-07,ZCH07NPE,ST12000NM0007,12000138625024,0,83,199748208,98,0,100,2,100,0,87,556704528,94,5768,100,0,100,1,,,,,100.0,0.0,100.0,0.0,,,67.0,33.0,,,100.0,99.0,100.0,513.0,33,33,100,0,100,0,200,0,100.0,5646.0,100.0,32362778272.0,100.0,44741383452.0
2018-07-08,ZCH07NPE,ST12000NM0007,12000138625024,0,100,823680,98,0,100,2,100,0,87,559039042,94,5792,100,0,100,1,,,,,100.0,0.0,100.0,0.0,,,66.0,34.0,,,100.0,99.0,100.0,514.0,34,34,100,0,100,0,200,0,100.0,5669.0,100.0,32466040944.0,100.0,44927477836.0
2018-07-09,ZCH07NPE,ST12000NM0007,12000138625024,0,79,78979216,98,0,100,2,100,0,87,561587896,94,5815,100,0,100,1,,,,,100.0,0.0,100.0,0.0,,,67.0,33.0,,,100.0,99.0,100.0,515.0,33,33,100,0,100,0,200,0,100.0,5693.0,100.0,32580003480.0,100.0,45135811684.0
2018-07-10,ZCH07NPE,ST12000NM0007,12000138625024,0,83.0,209104504.0,98.0,0.0,100.0,2.0,100.0,0.0,88.0,565194372.0,94.0,5840.0,100.0,0.0,100.0,1.0,,,,,100.0,0.0,100.0,0.0,,,67.0,33.0,,,100.0,99.0,100.0,516.0,33.0,33.0,100.0,0.0,100.0,0.0,200.0,0.0,100.0,5718.0,100.0,32703617712.0,100.0,45386463668.0
2018-07-11,ZCH07NPE,ST12000NM0007,12000138625024,0,83,218543352,98,0,100,2,100,0,88,567431712,94,5864,100,0,100,1,,,,,100.0,0.0,100.0,0.0,,,66.0,34.0,,,100.0,99.0,100.0,517.0,34,34,100,0,100,0,200,0,100.0,5741.0,100.0,32775677512.0,100.0,45567983380.0
2018-07-12,ZCH07NPE,ST12000NM0007,12000138625024,0,77,48222488,98,0,100,2,100,0,88,570855894,94,5894,100,0,100,1,,,,,100.0,0.0,100.0,0.0,,,66.0,34.0,,,100.0,99.0,100.0,519.0,34,34,100,0,100,0,200,0,100.0,5771.0,100.0,32899648736.0,100.0,45761972676.0
2018-07-13,ZCH07NPE,ST12000NM0007,12000138625024,0,81,113558048,98,0,100,2,100,0,88,573362834,94,5918,100,0,100,1,,,,,100.0,0.0,100.0,0.0,,,65.0,35.0,,,100.0,100.0,100.0,520.0,35,35,100,0,100,0,200,0,100.0,5795.0,100.0,32986224008.0,100.0,45984873700.0
2018-07-14,ZCH07NPE,ST12000NM0007,12000138625024,0,83,192069840,98,0,100,2,100,0,88,575997012,94,5942,100,0,100,1,,,,,100.0,0.0,100.0,0.0,,,66.0,34.0,,,100.0,100.0,100.0,521.0,34,34,100,0,100,0,200,0,100.0,5819.0,100.0,33100711360.0,100.0,46193039036.0
2018-07-15,ZCH07NPE,ST12000NM0007,12000138625024,0,64,2474608,98,0,100,2,100,0,88,578398279,94,5966,100,0,100,1,,,,,100.0,0.0,100.0,0.0,,,66.0,34.0,,,100.0,100.0,100.0,522.0,34,34,100,0,100,0,200,0,100.0,5842.0,100.0,33178943288.0,100.0,46413493588.0
2018-07-16,ZCH07NPE,ST12000NM0007,12000138625024,0,76,44148944,98,0,100,2,100,0,88,580502700,94,5990,100,0,100,1,,,,,100.0,0.0,100.0,0.0,,,65.0,35.0,,,100.0,101.0,100.0,523.0,35,35,100,0,100,0,200,0,100.0,5867.0,100.0,33253065168.0,100.0,46625186820.0
2018-07-17,ZCH07NPE,ST12000NM0007,12000138625024,0,80,109783104,98,0,100,2,100,0,88,583826773,94,6014,100,0,100,1,,,,,100.0,0.0,100.0,0.0,,,66.0,34.0,,,100.0,101.0,100.0,524.0,34,34,100,0,100,0,200,0,100.0,5890.0,100.0,33374521600.0,100.0,46813505444.0
2018-07-18,ZCH07NPE,ST12000NM0007,12000138625024,0,79,88457384,98,0,100,2,100,0,88,585746599,94,6038,100,0,100,1,,,,,100.0,0.0,100.0,0.0,,,66.0,34.0,,,100.0,101.0,100.0,525.0,34,34,100,0,100,0,200,0,100.0,5914.0,100.0,33448946088.0,100.0,46961895956.0
2018-07-19,ZCH07NPE,ST12000NM0007,12000138625024,0,82,166016680,98,0,100,2,100,0,88,589197970,94,6062,100,0,100,1,,,,,100.0,0.0,100.0,0.0,,,65.0,35.0,,,100.0,101.0,100.0,526.0,35,35,100,0,100,0,200,0,100.0,5938.0,100.0,33574265720.0,100.0,47158276252.0
2018-07-20,ZCH07NPE,ST12000NM0007,12000138625024,0,83,194329696,98,0,100,2,100,0,88,591312352,94,6086,100,0,100,1,,,,,100.0,0.0,100.0,0.0,,,65.0,35.0,,,100.0,102.0,100.0,527.0,35,35,100,0,100,0,200,0,100.0,5962.0,100.0,33659969904.0,100.0,47345025940.0
2018-07-21,ZCH07NPE,ST12000NM0007,12000138625024,0,83,210216296,98,0,100,2,100,0,88,593366595,94,6110,100,0,100,1,,,,,100.0,0.0,100.0,0.0,,,65.0,35.0,,,100.0,102.0,100.0,528.0,35,35,100,0,100,0,200,0,100.0,5986.0,100.0,33730635760.0,100.0,47534387484.0
2018-07-22,ZCH07NPE,ST12000NM0007,12000138625024,0,71,13107624,98,0,100,2,100,0,88,595632150,93,6134,100,0,100,1,,,,,100.0,0.0,100.0,0.0,,,66.0,34.0,,,100.0,102.0,100.0,529.0,34,34,100,0,100,0,200,0,100.0,6010.0,100.0,33821560104.0,100.0,47734635988.0
2018-07-23,ZCH07NPE,ST12000NM0007,12000138625024,0,76,39626568,98,0,100,2,100,0,88,597894772,93,6158,100,0,100,1,,,,,100.0,0.0,100.0,0.0,,,65.0,35.0,,,100.0,103.0,100.0,530.0,35,35,100,0,100,0,200,0,100.0,6033.0,100.0,33899896488.0,100.0,47926959340.0
2018-07-24,ZCH07NPE,ST12000NM0007,12000138625024,0,82,162092240,98,0,100,2,100,0,88,601505826,93,6182,100,0,100,1,,,,,100.0,0.0,100.0,0.0,,,65.0,35.0,,,100.0,104.0,100.0,531.0,35,35,100,0,100,0,200,0,100.0,6057.0,100.0,34012771776.0,100.0,48180690356.0
2018-07-25,ZCH07NPE,ST12000NM0007,12000138625024,0,83.0,206809152.0,98.0,0.0,100.0,2.0,100.0,0.0,88.0,603840475.0,93.0,6206.0,100.0,0.0,100.0,1.0,,,,,100.0,0.0,100.0,0.0,,,64.0,36.0,,,100.0,104.0,100.0,532.0,36.0,36.0,100.0,0.0,100.0,0.0,200.0,0.0,100.0,6081.0,100.0,34114737880.0,100.0,48367581796.0
2018-07-26,ZCH07NPE,ST12000NM0007,12000138625024,0,76,39476008,98,0,100,2,100,0,88,607120572,93,6231,100,0,100,1,,,,,100.0,0.0,100.0,0.0,,,64.0,36.0,,,100.0,104.0,100.0,534.0,36,36,100,0,100,0,200,0,100.0,6105.0,100.0,34249219576.0,100.0,48554048660.0
2018-07-27,ZCH07NPE,ST12000NM0007,12000138625024,0,78,58180104,98,0,100,2,100,0,88,609428937,93,6255,100,0,100,1,,,,,100.0,0.0,100.0,0.0,,,64.0,36.0,,,100.0,105.0,100.0,535.0,36,36,100,0,100,0,200,0,100.0,6129.0,100.0,34357422632.0,100.0,48708690348.0
2018-07-28,ZCH07NPE,ST12000NM0007,12000138625024,0,81,116250384,98,0,100,2,100,0,88,611905501,93,6278,100,0,100,1,,,,,100.0,0.0,100.0,0.0,,,64.0,36.0,,,100.0,106.0,100.0,536.0,36,36,100,0,100,0,200,0,100.0,6153.0,100.0,34476486688.0,100.0,48891837476.0
2018-07-29,ZCH07NPE,ST12000NM0007,12000138625024,0,83,205295144,98,0,100,2,100,0,88,614768374,93,6302,100,0,100,1,,,,,100.0,0.0,100.0,0.0,,,64.0,36.0,,,100.0,106.0,100.0,537.0,36,36,100,0,100,0,200,0,100.0,6177.0,100.0,34612152136.0,100.0,49089357500.0
2018-07-30,ZCH07NPE,ST12000NM0007,12000138625024,0,75,34845664,98,0,100,2,100,0,88,617379223,93,6327,100,0,100,1,,,,,100.0,0.0,100.0,0.0,,,63.0,37.0,,,100.0,106.0,100.0,538.0,37,37,100,0,100,0,200,0,100.0,6201.0,100.0,34729780408.0,100.0,49289561396.0
2018-07-31,ZCH07NPE,ST12000NM0007,12000138625024,0,83,197806784,98,0,100,2,100,0,88,620986756,93,6351,100,0,100,1,,,,,100.0,0.0,100.0,0.0,,,64.0,36.0,,,100.0,106.0,100.0,539.0,36,36,100,0,100,0,200,0,100.0,6225.0,100.0,34872600752.0,100.0,49553842836.0
2018-08-01,ZCH07NPE,ST12000NM0007,12000138625024,0,70,10232056,98,0,100,2,100,0,88,623551605,93,6375,100,0,100,1,,,,,100.0,0.0,100.0,0.0,,,64.0,36.0,,,100.0,107.0,100.0,540.0,36,36,100,0,100,0,200,0,100.0,6249.0,100.0,34972983384.0,100.0,49754166884.0
2018-08-02,ZCH07NPE,ST12000NM0007,12000138625024,0,81,119039064,98,0,100,2,100,0,88,627403631,93,6399,100,0,100,1,,,,,100.0,0.0,100.0,0.0,,,64.0,36.0,,,100.0,107.0,100.0,541.0,36,36,100,0,100,0,200,0,100.0,6273.0,100.0,35109246328.0,100.0,49970851628.0
2018-08-03,ZCH07NPE,ST12000NM0007,12000138625024,0,82,170125248,98,0,100,2,100,0,88,629840069,93,6423,100,0,100,1,,,,,100.0,0.0,100.0,0.0,,,65.0,35.0,,,100.0,107.0,100.0,542.0,35,35,100,0,100,0,200,0,100.0,6297.0,100.0,35202454056.0,100.0,50172870964.0
2018-08-04,ZCH07NPE,ST12000NM0007,12000138625024,0,83,198832128,98,0,100,2,100,0,88,632199311,93,6447,100,0,100,1,,,,,100.0,0.0,100.0,0.0,,,64.0,36.0,,,100.0,108.0,100.0,543.0,36,36,100,0,100,0,200,0,100.0,6321.0,100.0,35307667432.0,100.0,50340505244.0
2018-08-05,ZCH07NPE,ST12000NM0007,12000138625024,0,83,215980440,98,0,100,2,100,0,88,634397682,93,6470,100,0,100,1,,,,,100.0,0.0,100.0,0.0,,,64.0,36.0,,,100.0,109.0,100.0,544.0,36,36,100,0,100,0,200,0,100.0,6344.0,100.0,35404346168.0,100.0,50505115476.0
2018-08-06,ZCH07NPE,ST12000NM0007,12000138625024,0,77,48871648,98,0,100,2,100,0,88,636976167,93,6495,100,0,100,1,,,,,100.0,0.0,100.0,0.0,,,64.0,36.0,,,100.0,109.0,100.0,545.0,36,36,100,0,100,0,200,0,100.0,6368.0,100.0,35517216224.0,100.0,50713418308.0
2018-08-07,ZCH07NPE,ST12000NM0007,12000138625024,0,84,231260920,98,0,100,2,100,0,88,640868367,93,6519,100,0,100,1,,,,,100.0,0.0,100.0,0.0,,,64.0,36.0,,,100.0,109.0,100.0,546.0,36,36,100,0,100,0,200,0,100.0,6392.0,100.0,35663630376.0,100.0,50993534244.0
2018-08-08,ZCH07NPE,ST12000NM0007,12000138625024,0,77,50325376,98,0,100,2,100,0,88,643552542,93,6542,100,0,100,1,,,,,100.0,0.0,100.0,0.0,,,64.0,36.0,,,100.0,109.0,100.0,547.0,36,36,100,0,100,0,200,0,100.0,6416.0,100.0,35772298368.0,100.0,51192212236.0
2018-08-09,ZCH07NPE,ST12000NM0007,12000138625024,0,81,121904128,98,0,100,2,100,0,88,646340446,93,6564,100,0,100,1,,,,,100.0,0.0,100.0,0.0,,,64.0,36.0,,,100.0,109.0,100.0,548.0,36,36,100,0,100,0,200,0,100.0,6437.0,100.0,35895275608.0,100.0,51384954380.0
2018-08-10,ZCH07NPE,ST12000NM0007,12000138625024,0,83,178154240,98,0,100,2,100,0,88,648843380,93,6588,100,0,100,1,,,,,100.0,0.0,100.0,0.0,,,65.0,35.0,,,100.0,109.0,100.0,549.0,35,35,100,0,100,0,200,0,100.0,6461.0,100.0,35999851904.0,100.0,51580768980.0
2018-08-11,ZCH07NPE,ST12000NM0007,12000138625024,0,83,199814840,98,0,100,2,100,0,88,650863739,93,6612,100,0,100,1,,,,,100.0,0.0,100.0,0.0,,,65.0,35.0,,,100.0,109.0,100.0,550.0,35,35,100,0,100,0,200,0,100.0,6485.0,100.0,36088570872.0,100.0,51757851444.0
2018-08-12,ZCH07NPE,ST12000NM0007,12000138625024,0,84,238556256,98,0,100,2,100,0,88,653058799,93,6635,100,0,100,1,,,,,100.0,0.0,100.0,0.0,,,65.0,35.0,,,100.0,109.0,100.0,551.0,35,35,100,0,100,0,200,0,100.0,6508.0,100.0,36179395720.0,100.0,51949908644.0
2018-08-13,ZCH07NPE,ST12000NM0007,12000138625024,0,75,34966256,98,0,100,2,100,0,88,655314847,93,6660,100,0,100,1,,,,,100.0,0.0,100.0,0.0,,,64.0,36.0,,,100.0,109.0,100.0,552.0,36,36,100,0,100,0,200,0,100.0,6532.0,100.0,36272052144.0,100.0,52141943676.0
2018-08-14,ZCH07NPE,ST12000NM0007,12000138625024,0,82.0,157264936.0,98.0,0.0,100.0,2.0,100.0,0.0,88.0,658744980.0,93.0,6684.0,100.0,0.0,100.0,1.0,,,,,100.0,0.0,100.0,0.0,,,64.0,36.0,,,100.0,109.0,100.0,553.0,36.0,36.0,100.0,0.0,100.0,0.0,200.0,0.0,100.0,6557.0,100.0,36396616136.0,100.0,52383819172.0
2018-08-15,ZCH07NPE,ST12000NM0007,12000138625024,0,83.0,197139056.0,98.0,0.0,100.0,2.0,100.0,0.0,88.0,661185208.0,93.0,6708.0,100.0,0.0,100.0,1.0,,,,,100.0,0.0,100.0,0.0,,,65.0,35.0,,,100.0,109.0,100.0,554.0,35.0,35.0,100.0,0.0,100.0,0.0,200.0,0.0,100.0,6581.0,100.0,36488234864.0,100.0,52576215196.0
2018-08-16,ZCH07NPE,ST12000NM0007,12000138625024,0,74,27321368,98,0,100,2,100,0,88,664901237,93,6732,100,0,100,1,,,,,100.0,0.0,100.0,0.0,,,64.0,36.0,,,100.0,109.0,100.0,555.0,36,36,100,0,100,0,200,0,100.0,6605.0,100.0,36616354256.0,100.0,52766559460.0
2018-08-17,ZCH07NPE,ST12000NM0007,12000138625024,0,79,73380576,98,0,100,2,100,0,88,667374909,93,6756,100,0,100,1,,,,,100.0,0.0,100.0,0.0,,,64.0,36.0,,,100.0,109.0,100.0,556.0,36,36,100,0,100,0,200,0,100.0,6628.0,100.0,36703550096.0,100.0,52969563588.0
2018-08-18,ZCH07NPE,ST12000NM0007,12000138625024,0,81,118416072,98,0,100,2,100,0,88,669761417,93,6780,100,0,100,1,,,,,100.0,0.0,100.0,0.0,,,65.0,35.0,,,100.0,109.0,100.0,557.0,35,35,100,0,100,0,200,0,100.0,6652.0,100.0,36804013016.0,100.0,53158276876.0
2018-08-19,ZCH07NPE,ST12000NM0007,12000138625024,0,80,104458840,98,0,100,2,100,0,88,671938567,93,6803,100,0,100,1,,,,,100.0,0.0,100.0,0.0,,,66.0,34.0,,,100.0,110.0,100.0,558.0,34,34,100,0,100,0,200,0,100.0,6676.0,100.0,36897871488.0,100.0,53294602020.0
2018-08-20,ZCH07NPE,ST12000NM0007,12000138625024,0,81,127182928,98,0,100,2,100,0,88,674128645,93,6828,100,0,100,1,,,,,100.0,0.0,100.0,0.0,,,65.0,35.0,,,100.0,110.0,100.0,559.0,35,35,100,0,100,0,200,0,100.0,6700.0,100.0,36993806760.0,100.0,53465531708.0
2018-08-21,ZCH07NPE,ST12000NM0007,12000138625024,0,69,7230744,98,0,100,2,100,0,88,677796824,93,6852,100,0,100,1,,,,,100.0,0.0,100.0,0.0,,,65.0,35.0,,,100.0,111.0,100.0,560.0,35,35,100,0,100,0,200,0,100.0,6724.0,100.0,37109697744.0,100.0,53717969892.0
2018-08-22,ZCH07NPE,ST12000NM0007,12000138625024,0,79,71753408,98,0,100,2,100,0,88,680272645,93,6875,100,0,100,1,,,,,100.0,0.0,100.0,0.0,,,65.0,35.0,,,100.0,111.0,100.0,561.0,35,35,100,0,100,0,200,0,100.0,6747.0,100.0,37208940800.0,100.0,53927390484.0
2018-08-23,ZCH07NPE,ST12000NM0007,12000138625024,0,81,140530768,98,0,100,2,100,0,88,683616726,93,6899,100,0,100,1,,,,,100.0,0.0,100.0,0.0,,,66.0,34.0,,,100.0,111.0,100.0,562.0,34,34,100,0,100,0,200,0,100.0,6771.0,100.0,37315905848.0,100.0,54133343628.0
2018-08-24,ZCH07NPE,ST12000NM0007,12000138625024,0,80,111919536,98,0,100,2,100,0,88,685733858,93,6924,100,0,100,1,,,,,100.0,0.0,100.0,0.0,,,67.0,33.0,,,100.0,111.0,100.0,563.0,33,33,100,0,100,0,200,0,100.0,6795.0,100.0,37408113096.0,100.0,54256665780.0
2018-08-25,ZCH07NPE,ST12000NM0007,12000138625024,0,80,105161344,98,0,100,2,100,0,88,687583000,93,6947,100,0,100,1,,,,,100.0,0.0,100.0,0.0,,,66.0,34.0,,,100.0,111.0,100.0,564.0,34,34,100,0,100,0,200,0,100.0,6819.0,100.0,37477152632.0,100.0,54425008988.0
2018-08-26,ZCH07NPE,ST12000NM0007,12000138625024,0,81,121478376,98,0,100,2,100,0,88,689874227,93,6971,100,0,100,1,,,,,100.0,0.0,100.0,0.0,,,66.0,34.0,,,100.0,112.0,100.0,565.0,34,34,100,0,100,0,200,0,100.0,6842.0,100.0,37555250776.0,100.0,54607368684.0
2018-08-27,ZCH07NPE,ST12000NM0007,12000138625024,0,82,156309946,98,0,100,2,100,0,88,692271611,93,6994,100,0,100,1,,,,,100.0,0.0,100.0,0.0,,,65.0,35.0,,,100.0,113.0,100.0,566.0,35,35,100,0,100,0,200,0,100.0,6865.0,100.0,37648263536.0,100.0,54793328126.0
2018-08-28,ZCH07NPE,ST12000NM0007,12000138625024,0,78,65494944,98,0,100,2,100,0,88,695936175,92,7018,100,0,100,1,,,,,100.0,0.0,100.0,0.0,,,64.0,36.0,,,100.0,113.0,100.0,567.0,36,36,100,0,100,0,200,0,100.0,6889.0,100.0,37774352800.0,100.0,55064705230.0
2018-08-29,ZCH07NPE,ST12000NM0007,12000138625024,0,81,133043904,98,0,100,2,100,0,88,698306693,92,7042,100,0,100,1,,,,,100.0,0.0,100.0,0.0,,,65.0,35.0,,,100.0,114.0,100.0,568.0,35,35,100,0,100,0,200,0,100.0,6913.0,100.0,37877613112.0,100.0,55273134542.0
2018-08-30,ZCH07NPE,ST12000NM0007,12000138625024,0,77,48599048,98,0,100,2,100,0,88,702490445,92,7070,100,0,100,1,,,,,100.0,0.0,100.0,0.0,,,66.0,34.0,,,100.0,114.0,100.0,569.0,34,34,100,0,100,0,200,0,100.0,6941.0,100.0,38007561760.0,100.0,55547023142.0
2018-08-31,ZCH07NPE,ST12000NM0007,12000138625024,0,79,74506728,98,0,100,2,100,0,88,704758432,92,7094,100,0,100,1,,,,,100.0,0.0,100.0,0.0,,,66.0,34.0,,,100.0,114.0,100.0,570.0,34,34,100,0,100,0,200,0,100.0,6965.0,100.0,38087124472.0,100.0,55737508918.0
2018-09-01,ZCH07NPE,ST12000NM0007,12000138625024,0,81,132909048,98,0,100,2,100,0,88,707128887,92,7119,100,0,100,1,,,,,100.0,0.0,100.0,0.0,,,66.0,34.0,,,100.0,114.0,100.0,571.0,34,34,100,0,100,0,200,0,100.0,6989.0,100.0,38183133696.0,100.0,55944042806.0
2018-09-02,ZCH07NPE,ST12000NM0007,12000138625024,0,82,165533688,98,0,100,2,100,0,89,709371084,92,7143,100,0,100,1,,,,,100.0,0.0,100.0,0.0,,,66.0,34.0,,,100.0,114.0,100.0,572.0,34,34,100,0,100,0,200,0,100.0,7013.0,100.0,38271170144.0,100.0,56132771758.0
2018-09-03,ZCH07NPE,ST12000NM0007,12000138625024,0,83,209828560,98,0,100,2,100,0,89,711772453,92,7166,100,0,100,1,,,,,100.0,0.0,100.0,0.0,,,67.0,33.0,,,100.0,114.0,100.0,573.0,33,33,100,0,100,0,200,0,100.0,7037.0,100.0,38379727152.0,100.0,56312650270.0
2018-09-04,ZCH07NPE,ST12000NM0007,12000138625024,0,81,112681256,98,0,100,2,100,0,89,715434476,92,7191,100,0,100,1,,,,,100.0,0.0,100.0,0.0,,,67.0,33.0,,,100.0,114.0,100.0,574.0,33,33,100,0,100,0,200,0,100.0,7061.0,100.0,38512515440.0,100.0,56570995958.0
2018-09-05,ZCH07NPE,ST12000NM0007,12000138625024,0,82,146682896,98,0,100,2,100,0,89,717646031,92,7213,100,0,100,1,,,,,100.0,0.0,100.0,0.0,,,66.0,34.0,,,100.0,114.0,100.0,575.0,34,34,100,0,100,0,200,0,100.0,7084.0,100.0,38597610552.0,100.0,56764043134.0
2018-09-06,ZCH07NPE,ST12000NM0007,12000138625024,0,82,160650600,98,0,100,2,100,0,89,720213081,92,7235,100,0,100,1,,,,,100.0,0.0,100.0,0.0,,,66.0,34.0,,,100.0,115.0,100.0,576.0,34,34,100,0,100,0,200,0,100.0,7106.0,100.0,38679024968.0,100.0,56940737062.0
2018-09-07,ZCH07NPE,ST12000NM0007,12000138625024,0,83,200641640,98,0,100,2,100,0,89,722505142,92,7260,100,0,100,1,,,,,100.0,0.0,100.0,0.0,,,65.0,35.0,,,100.0,116.0,100.0,577.0,35,35,100,0,100,0,200,0,100.0,7130.0,100.0,38771121936.0,100.0,57132772070.0
2018-09-08,ZCH07NPE,ST12000NM0007,12000138625024,0,84,242306600,98,0,100,2,100,0,89,724755226,92,7284,100,0,100,1,,,,,100.0,0.0,100.0,0.0,,,65.0,35.0,,,100.0,116.0,100.0,578.0,35,35,100,0,100,0,200,0,100.0,7153.0,100.0,38871554432.0,100.0,57318145182.0
2018-09-09,ZCH07NPE,ST12000NM0007,12000138625024,0,77,52263776,98,0,100,2,100,0,89,726887367,92,7308,100,0,100,1,,,,,100.0,0.0,100.0,0.0,,,66.0,34.0,,,100.0,116.0,100.0,579.0,34,34,100,0,100,0,200,0,100.0,7177.0,100.0,38970968696.0,100.0,57516969510.0
2018-09-10,ZCH07NPE,ST12000NM0007,12000138625024,0,72,17653208,98,0,100,2,100,0,89,729046664,92,7331,100,0,100,1,,,,,100.0,0.0,100.0,0.0,,,66.0,34.0,,,100.0,116.0,100.0,580.0,34,34,100,0,100,0,200,0,100.0,7201.0,100.0,39065734160.0,100.0,57631734270.0
2018-09-11,ZCH07NPE,ST12000NM0007,12000138625024,0,82,148038688,98,0,100,2,100,0,89,732533534,92,7356,100,0,100,1,,,,,100.0,0.0,100.0,0.0,,,65.0,35.0,,,100.0,116.0,100.0,581.0,35,35,100,0,100,0,200,0,100.0,7225.0,100.0,39189884816.0,100.0,57882110046.0
2018-09-12,ZCH07NPE,ST12000NM0007,12000138625024,0,82,154707064,98,0,100,2,100,0,89,734980902,92,7379,100,0,100,1,,,,,100.0,0.0,100.0,0.0,,,65.0,35.0,,,100.0,116.0,100.0,582.0,35,35,100,0,100,0,200,0,100.0,7248.0,100.0,39288885272.0,100.0,58033918710.0
2018-09-13,ZCH07NPE,ST12000NM0007,12000138625024,0,82,159514568,98,0,100,2,100,0,89,736934125,92,7400,100,0,100,1,,,,,100.0,0.0,100.0,0.0,,,65.0,35.0,,,100.0,117.0,100.0,583.0,35,35,100,0,100,0,200,0,100.0,7269.0,100.0,39365739720.0,100.0,58206012422.0
2018-09-14,ZCH07NPE,ST12000NM0007,12000138625024,0,84,224669408,98,0,100,2,100,0,89,739372850,92,7425,100,0,100,1,,,,,100.0,0.0,100.0,0.0,,,66.0,34.0,,,100.0,117.0,100.0,584.0,34,34,100,0,100,0,200,0,100.0,7294.0,100.0,39457347144.0,100.0,58423700470.0
2018-09-15,ZCH07NPE,ST12000NM0007,12000138625024,0,84,242322232,98,0,100,2,100,0,89,741499435,92,7449,100,0,100,1,,,,,100.0,0.0,100.0,0.0,,,65.0,35.0,,,100.0,117.0,100.0,585.0,35,35,100,0,100,0,200,0,100.0,7318.0,100.0,39554846760.0,100.0,58587994310.0
2018-09-16,ZCH07NPE,ST12000NM0007,12000138625024,0,77,51235624,98,0,100,2,100,0,89,743672374,92,7473,100,0,100,1,,,,,100.0,0.0,100.0,0.0,,,65.0,35.0,,,100.0,117.0,100.0,586.0,35,35,100,0,100,0,200,0,100.0,7342.0,100.0,39649247672.0,100.0,58790788358.0
2018-09-17,ZCH07NPE,ST12000NM0007,12000138625024,0,79,88083696,98,0,100,2,100,0,89,746125731,92,7497,100,0,100,1,,,,,100.0,0.0,100.0,0.0,,,65.0,35.0,,,100.0,117.0,100.0,587.0,35,35,100,0,100,0,200,0,100.0,7366.0,100.0,39749132344.0,100.0,58971892390.0
2018-09-18,ZCH07NPE,ST12000NM0007,12000138625024,0,83,197851704,98,0,100,2,100,0,89,749502995,92,7521,100,0,100,1,,,,,100.0,0.0,100.0,0.0,,,65.0,35.0,,,100.0,118.0,100.0,588.0,35,35,100,0,100,0,200,0,100.0,7389.0,100.0,39862570408.0,100.0,59212363190.0
2018-09-19,ZCH07NPE,ST12000NM0007,12000138625024,0,83,195261544,98,0,100,2,100,0,89,751394495,92,7545,100,0,100,1,,,,,100.0,0.0,100.0,0.0,,,65.0,35.0,,,100.0,119.0,100.0,589.0,35,35,100,0,100,0,200,0,100.0,7414.0,100.0,39939702152.0,100.0,59376781934.0
2018-09-20,ZCH07NPE,ST12000NM0007,12000138625024,0,84,243907808,98,0,100,2,100,0,89,754484050,92,7569,100,0,100,1,,,,,100.0,0.0,100.0,0.0,,,66.0,34.0,,,100.0,120.0,100.0,590.0,34,34,100,0,100,0,200,0,100.0,7437.0,100.0,40052405712.0,100.0,59556865382.0
2018-09-21,ZCH07NPE,ST12000NM0007,12000138625024,0,72,15989072,98,0,100,2,100,0,89,756467718,92,7593,100,0,100,1,,,,,100.0,0.0,100.0,0.0,,,65.0,35.0,,,100.0,120.0,100.0,591.0,35,35,100,0,100,0,200,0,100.0,7461.0,100.0,40128586352.0,100.0,59741047646.0
2018-09-22,ZCH07NPE,ST12000NM0007,12000138625024,0,76,42346192,98,0,100,2,100,0,89,758594766,92,7617,100,0,100,1,,,,,100.0,0.0,100.0,0.0,,,65.0,35.0,,,100.0,120.0,100.0,592.0,35,35,100,0,100,0,200,0,100.0,7485.0,100.0,40217116056.0,100.0,59923016006.0
2018-09-23,ZCH07NPE,ST12000NM0007,12000138625024,0,80,98303000,98,0,100,2,100,0,89,761617354,92,7647,100,0,100,1,,,,,100.0,0.0,100.0,0.0,,,66.0,34.0,,,100.0,121.0,100.0,593.0,34,34,100,0,100,0,200,0,100.0,7515.0,100.0,40333178968.0,100.0,60107050534.0
2018-09-24,ZCH07NPE,ST12000NM0007,12000138625024,0,83,205417600,98,0,100,2,100,0,89,764362169,92,7671,100,0,100,1,,,,,100.0,0.0,100.0,0.0,,,64.0,36.0,,,100.0,121.0,100.0,594.0,36,36,100,0,100,0,200,0,100.0,7539.0,100.0,40454523144.0,100.0,60336962054.0
2018-09-25,ZCH07NPE,ST12000NM0007,12000138625024,0,76,39924984,98,0,100,2,100,0,89,767596685,92,7694,100,0,100,1,,,,,100.0,0.0,100.0,0.0,,,64.0,36.0,,,100.0,122.0,100.0,595.0,36,36,100,0,100,0,200,0,100.0,7562.0,100.0,40571573472.0,100.0,60542700790.0
2018-09-26,ZCH07NPE,ST12000NM0007,12000138625024,0,81,125431872,98,0,100,2,100,0,89,770099029,92,7719,100,0,100,1,,,,,100.0,0.0,100.0,0.0,,,64.0,36.0,,,100.0,122.0,100.0,596.0,36,36,100,0,100,0,200,0,100.0,7587.0,100.0,40679644904.0,100.0,60764276910.0
2018-09-27,ZCH07NPE,ST12000NM0007,12000138625024,0,83,218453816,98,0,100,2,100,0,89,773578560,92,7743,100,0,100,1,,,,,100.0,0.0,100.0,0.0,,,64.0,36.0,,,100.0,122.0,100.0,597.0,36,36,100,0,100,0,200,0,100.0,7611.0,100.0,40825191680.0,100.0,60955892774.0
2018-09-28,ZCH07NPE,ST12000NM0007,12000138625024,0,83,212058530,98,0,100,2,100,0,89,775536222,92,7764,100,0,100,1,,,,,100.0,0.0,100.0,0.0,,,66.0,34.0,,,100.0,122.0,100.0,603.0,34,34,100,0,100,0,200,0,100.0,7630.0,100.0,40908862752.0,100.0,61109967120.0
2018-09-29,ZCH07NPE,ST12000NM0007,12000138625024,0,66,3578696,98,0,100,2,100,0,89,777809565,92,7788,100,0,100,1,,,,,100.0,0.0,100.0,0.0,,,66.0,34.0,,,100.0,122.0,100.0,604.0,34,34,100,0,100,0,200,0,100.0,7654.0,100.0,41005865944.0,100.0,61292765824.0
2018-09-30,ZCH07NPE,ST12000NM0007,12000138625024,0,83,199852160,98,0,100,2,100,0,89,779464141,92,7812,100,0,100,1,,,,,100.0,0.0,100.0,0.0,,,66.0,34.0,,,100.0,123.0,100.0,605.0,34,34,100,0,100,0,200,0,100.0,7679.0,100.0,41093500856.0,100.0,61401404376.0
2018-10-01,ZCH07NPE,ST12000NM0007,12000138625024,0,69,7344696,98,0,100,2,100,0,89,781579802,92,7836,100,0,100,1,,,,,100.0,0.0,100.0,0.0,,,65.0,35.0,,,100.0,123.0,100.0,606.0,35,35,100,0,100,0,200,0,100.0,7702.0,100.0,41197234304.0,100.0,61593445208.0
2018-10-02,ZCH07NPE,ST12000NM0007,12000138625024,0,80,96116952,98,0,100,2,100,0,89,784911541,92,7859,100,0,100,1,,,,,100.0,0.0,100.0,0.0,,,66.0,34.0,,,100.0,123.0,100.0,607.0,34,34,100,0,100,0,200,0,100.0,7726.0,100.0,41323573008.0,100.0,61800019456.0
2018-10-03,ZCH07NPE,ST12000NM0007,12000138625024,0,83,206354424,98,0,100,2,100,0,89,787436611,91,7884,100,0,100,1,,,,,100.0,0.0,100.0,0.0,,,66.0,34.0,,,100.0,123.0,100.0,608.0,34,34,100,0,100,0,200,0,100.0,7750.0,100.0,41440226352.0,100.0,62037744272.0
2018-10-04,ZCH07NPE,ST12000NM0007,12000138625024,0,78.0,64666520.0,98.0,0.0,100.0,2.0,100.0,0.0,89.0,791005303.0,91.0,7908.0,100.0,0.0,100.0,1.0,,,,,100.0,0.0,100.0,0.0,,,66.0,34.0,,,100.0,123.0,100.0,609.0,34.0,34.0,100.0,0.0,100.0,0.0,200.0,0.0,100.0,7774.0,100.0,41572420136.0,100.0,62252144384.0
2018-10-05,ZCH07NPE,ST12000NM0007,12000138625024,0,80,101728968,98,0,100,2,100,0,89,793285699,91,7931,100,0,100,1,,,,,100.0,0.0,100.0,0.0,,,67.0,33.0,,,100.0,124.0,100.0,610.0,33,33,100,0,100,0,200,0,100.0,7798.0,100.0,41688647872.0,100.0,62417119936.0
2018-10-06,ZCH07NPE,ST12000NM0007,12000138625024,0,80,111358008,98,0,100,2,100,0,89,795163740,91,7956,100,0,100,1,,,,,100.0,0.0,100.0,0.0,,,68.0,32.0,,,100.0,125.0,100.0,611.0,32,32,100,0,100,0,200,0,100.0,7822.0,100.0,41783745000.0,100.0,62575792632.0
2018-10-07,ZCH07NPE,ST12000NM0007,12000138625024,0,81,119740256,98,0,100,2,100,0,89,797299110,91,7980,100,0,100,1,,,,,100.0,0.0,100.0,0.0,,,67.0,33.0,,,100.0,125.0,100.0,612.0,33,33,100,0,100,0,200,0,100.0,7846.0,100.0,41868181128.0,100.0,62743879384.0
2018-10-08,ZCH07NPE,ST12000NM0007,12000138625024,0,71,12273888,98,0,100,2,100,0,89,799791343,91,8004,100,0,100,1,,,,,100.0,0.0,100.0,0.0,,,66.0,34.0,,,100.0,125.0,100.0,613.0,34,34,100,0,100,0,200,0,100.0,7870.0,100.0,42003904968.0,100.0,62988970832.0
2018-10-09,ZCH07NPE,ST12000NM0007,12000138625024,0,82.0,151713496.0,98.0,0.0,100.0,2.0,100.0,0.0,89.0,803190240.0,91.0,8028.0,100.0,0.0,100.0,1.0,,,,,100.0,0.0,100.0,0.0,,,66.0,34.0,,,100.0,125.0,100.0,614.0,34.0,34.0,100.0,0.0,100.0,0.0,200.0,0.0,100.0,7894.0,100.0,42126977768.0,100.0,63249478608.0
2018-10-10,ZCH07NPE,ST12000NM0007,12000138625024,0,84,224763584,98,0,100,2,100,0,89,805554854,91,8052,100,0,100,1,,,,,100.0,0.0,100.0,0.0,,,65.0,35.0,,,100.0,126.0,100.0,615.0,35,35,100,0,100,0,200,0,100.0,7917.0,100.0,42223609728.0,100.0,63470037416.0
2018-10-11,ZCH07NPE,ST12000NM0007,12000138625024,0,79,72390840,98,0,100,2,100,0,89,808949405,91,8076,100,0,100,1,,,,,100.0,0.0,100.0,0.0,,,65.0,35.0,,,100.0,127.0,100.0,616.0,35,35,100,0,100,0,200,0,100.0,7941.0,100.0,42364115448.0,100.0,63665440768.0
2018-10-12,ZCH07NPE,ST12000NM0007,12000138625024,0,82,150948752,98,0,100,2,100,0,89,811824168,91,8100,100,0,100,1,,,,,100.0,0.0,100.0,0.0,,,65.0,35.0,,,100.0,127.0,100.0,617.0,35,35,100,0,100,0,200,0,100.0,7965.0,100.0,42480148480.0,100.0,63872106456.0
2018-10-13,ZCH07NPE,ST12000NM0007,12000138625024,0,83,210061656,98,0,100,2,100,0,89,814426840,91,8123,100,0,100,1,,,,,100.0,0.0,100.0,0.0,,,65.0,35.0,,,100.0,127.0,100.0,618.0,35,35,100,0,100,0,200,0,100.0,7989.0,100.0,42598888200.0,100.0,64056620640.0
2018-10-14,ZCH07NPE,ST12000NM0007,12000138625024,0,78,61412112,98,0,100,2,100,0,89,817101133,91,8148,100,0,100,1,,,,,100.0,0.0,100.0,0.0,,,65.0,35.0,,,100.0,127.0,100.0,619.0,35,35,100,0,100,0,200,0,100.0,8013.0,100.0,42704844624.0,100.0,64290296080.0
2018-10-15,ZCH07NPE,ST12000NM0007,12000138625024,0,81,114398064,98,0,100,2,100,0,89,819624204,91,8172,100,0,100,1,,,,,100.0,0.0,100.0,0.0,,,65.0,35.0,,,100.0,128.0,100.0,620.0,35,35,100,0,100,0,200,0,100.0,8037.0,100.0,42795503320.0,100.0,64496764128.0
2018-10-16,ZCH07NPE,ST12000NM0007,12000138625024,0,83,200195656,98,0,100,2,100,0,89,822992168,91,8196,100,0,100,1,,,,,100.0,0.0,100.0,0.0,,,65.0,35.0,,,100.0,128.0,100.0,621.0,35,35,100,0,100,0,200,0,100.0,8060.0,100.0,42928825136.0,100.0,64693380584.0
2018-10-17,ZCH07NPE,ST12000NM0007,12000138625024,0,84,231380464,98,0,100,2,100,0,89,825158623,91,8219,100,0,100,1,,,,,100.0,0.0,100.0,0.0,,,66.0,34.0,,,100.0,128.0,100.0,622.0,34,34,100,0,100,0,200,0,100.0,8084.0,100.0,43018970744.0,100.0,64878560688.0
2018-10-18,ZCH07NPE,ST12000NM0007,12000138625024,0,80,109508576,98,0,100,2,100,0,89,829106846,91,8247,100,0,100,1,,,,,100.0,0.0,100.0,0.0,,,66.0,34.0,,,100.0,129.0,100.0,623.0,34,34,100,0,100,0,200,0,100.0,8111.0,100.0,43153565504.0,100.0,65110375528.0
2018-10-19,ZCH07NPE,ST12000NM0007,12000138625024,0,80,94762168,98,0,100,2,100,0,89,831068070,91,8270,100,0,100,1,,,,,100.0,0.0,100.0,0.0,,,66.0,34.0,,,100.0,130.0,100.0,624.0,34,34,100,0,100,0,200,0,100.0,8135.0,100.0,43235487528.0,100.0,65257847728.0
2018-10-20,ZCH07NPE,ST12000NM0007,12000138625024,0,81,122874552,98,0,100,2,100,0,89,833344560,91,8295,100,0,100,1,,,,,100.0,0.0,100.0,0.0,,,66.0,34.0,,,100.0,130.0,100.0,625.0,34,34,100,0,100,0,200,0,100.0,8160.0,100.0,43321052904.0,100.0,65444535368.0
2018-10-21,ZCH07NPE,ST12000NM0007,12000138625024,0,82,165450640,98,0,100,2,100,0,89,835683797,91,8319,100,0,100,1,,,,,100.0,0.0,100.0,0.0,,,66.0,34.0,,,100.0,130.0,100.0,626.0,34,34,100,0,100,0,200,0,100.0,8183.0,100.0,43422647640.0,100.0,65629657680.0
2018-10-22,ZCH07NPE,ST12000NM0007,12000138625024,0,83,209995184,98,0,100,2,100,0,89,838162194,91,8343,100,0,100,1,,,,,100.0,0.0,100.0,0.0,,,66.0,34.0,,,100.0,131.0,100.0,627.0,34,34,100,0,100,0,200,0,100.0,8208.0,100.0,43533945280.0,100.0,65807045304.0
2018-10-23,ZCH07NPE,ST12000NM0007,12000138625024,0,75,29641432,98,0,100,2,100,0,89,841494666,91,8367,100,0,100,1,,,,,100.0,0.0,100.0,0.0,,,66.0,34.0,,,100.0,131.0,100.0,628.0,34,34,100,0,100,0,200,0,100.0,8231.0,100.0,43673692576.0,100.0,65975225712.0
2018-10-24,ZCH07NPE,ST12000NM0007,12000138625024,0,77,44702072,98,0,100,2,100,0,89,843609884,91,8390,100,0,100,1,,,,,100.0,0.0,100.0,0.0,,,66.0,34.0,,,100,131,100.0,629.0,34,34,100,0,100,0,200,0,100.0,8255.0,100.0,43779698248.0,100.0,66128421472.0
2018-10-25,ZCH07NPE,ST12000NM0007,12000138625024,0,78,70049952,98,0,100,2,100,0,89,846693464,91,8410,100,0,100,1,,,,,100.0,0.0,100.0,0.0,,,66.0,34.0,,,100.0,131.0,100.0,630.0,34,34,100,0,100,0,200,0,100.0,8274.0,100.0,43879839176.0,100.0,66297769056.0
2018-10-26,ZCH07NPE,ST12000NM0007,12000138625024,0,79,80230784,98,0,100,2,100,0,89,848627978,91,8434,100,0,100,1,,,,,100.0,0.0,100.0,0.0,,,66.0,34.0,,,100.0,132.0,100.0,631.0,34,34,100,0,100,0,200,0,100.0,8297.0,100.0,43967217656.0,100.0,66464712296.0
2018-10-27,ZCH07NPE,ST12000NM0007,12000138625024,0,80,100951360,98,0,100,2,100,0,89,850814452,91,8458,100,0,100,1,,,,,100.0,0.0,100.0,0.0,,,66.0,34.0,,,100.0,133.0,100.0,632.0,34,34,100,0,100,0,200,0,100.0,8321.0,100.0,44069418616.0,100.0,66627372664.0
2018-10-28,ZCH07NPE,ST12000NM0007,12000138625024,0,81,127986616,98,0,100,2,100,0,89,853171586,91,8482,100,0,100,1,,,,,100.0,0.0,100.0,0.0,,,65.0,35.0,,,100.0,134.0,100.0,633.0,35,35,100,0,100,0,200,0,100.0,8345.0,100.0,44167777176.0,100.0,66800190216.0
2018-10-29,ZCH07NPE,ST12000NM0007,12000138625024,0,83,183759344,98,0,100,2,100,0,89,855721560,91,8505,100,0,100,1,,,,,100.0,0.0,100.0,0.0,,,65.0,35.0,,,100.0,134.0,100.0,634.0,35,35,100,0,100,0,200,0,100.0,8368.0,100.0,44268958440.0,100.0,66998922512.0
2018-10-30,ZCH07NPE,ST12000NM0007,12000138625024,0,80,99272928,98,0,100,2,100,0,89,859351516,91,8529,100,0,100,1,,,,,100.0,0.0,100.0,0.0,,,65.0,35.0,,,100.0,134.0,100.0,635.0,35,35,100,0,100,0,200,0,100.0,8392.0,100.0,44415012200.0,100.0,67256664056.0
2018-10-31,ZCH07NPE,ST12000NM0007,12000138625024,0,81,134666368,98.0,0.0,100.0,2.0,100.0,0.0,89.0,861737709.0,91,8553,100.0,0.0,100,1,,,,,100.0,0.0,100.0,0.0,,,65.0,35.0,,,100.0,135.0,100.0,636.0,35,35,100.0,0.0,100.0,0.0,200.0,0.0,100.0,8416.0,100.0,44519301880.0,100.0,67431908728.0
2018-11-01,ZCH07NPE,ST12000NM0007,12000138625024,0,74,22479104,98.0,0.0,100.0,2.0,100.0,0.0,89.0,865720820.0,91,8582,100.0,0.0,100,1,,,,,100.0,0.0,100.0,0.0,,,65.0,35.0,,,100.0,136.0,100.0,638.0,35,35,100.0,0.0,100.0,0.0,200.0,0.0,100.0,8445.0,100.0,44667983192.0,100.0,67659321536.0
2018-11-02,ZCH07NPE,ST12000NM0007,12000138625024,0,67,5398480,98.0,0.0,100.0,2.0,100.0,0.0,89.0,867551293.0,91,8606,100.0,0.0,100,1,,,,,100.0,0.0,100.0,0.0,,,65.0,35.0,,,100.0,136.0,100.0,639.0,35,35,100.0,0.0,100.0,0.0,200.0,0.0,100.0,8469.0,100.0,44739107040.0,100.0,67815257696.0
2018-11-03,ZCH07NPE,ST12000NM0007,12000138625024,0,74,25944352,98.0,0.0,100.0,2.0,100.0,0.0,89.0,869703602.0,91,8631,100.0,0.0,100,1,,,,,100.0,0.0,100.0,0.0,,,65.0,35.0,,,100.0,137.0,100.0,640.0,35,35,100.0,0.0,100.0,0.0,200.0,0.0,100.0,8493.0,100.0,44831012800.0,100.0,67988038456.0
2018-11-04,ZCH07NPE,ST12000NM0007,12000138625024,0,100,1768056,98.0,0.0,100.0,2.0,100.0,0.0,89.0,871942262.0,91,8655,100.0,0.0,100,1,,,,,100.0,0.0,100.0,0.0,,,65.0,35.0,,,100.0,138.0,100.0,641.0,35,35,100.0,0.0,100.0,0.0,200.0,0.0,100.0,8517.0,100.0,44920124048.0,100.0,68118900496.0
2018-11-05,ZCH07NPE,ST12000NM0007,12000138625024,0,78,63183744,98.0,0.0,100.0,2.0,100.0,0.0,89.0,874696734.0,91,8679,100.0,0.0,100,1,,,,,100.0,0.0,100.0,0.0,,,64.0,36.0,,,100.0,138.0,100.0,642.0,36,36,100.0,0.0,100.0,0.0,200.0,0.0,100.0,8541.0,100.0,45042906408.0,100.0,68301674456.0
2018-11-06,ZCH07NPE,ST12000NM0007,12000138625024,0,83.0,191614824.0,98.0,0.0,100.0,2.0,100.0,0.0,89.0,878200531.0,91.0,8703.0,100.0,0.0,100.0,1.0,,,,,100.0,0.0,100.0,0.0,,,65.0,35.0,,,100.0,138.0,100.0,643.0,35.0,35.0,100.0,0.0,100.0,0.0,200.0,0.0,100.0,8565.0,100.0,45164124576.0,100.0,68553028120.0
2018-11-07,ZCH07NPE,ST12000NM0007,12000138625024,0,84.0,225503960.0,98.0,0.0,100.0,2.0,100.0,0.0,89.0,880511837.0,91.0,8727.0,100.0,0.0,100.0,1.0,,,,,100.0,0.0,100.0,0.0,,,66.0,34.0,,,100.0,138.0,100.0,644.0,34.0,34.0,100.0,0.0,100.0,0.0,200.0,0.0,100.0,8589.0,100.0,45254005128.0,100.0,68741177920.0
2018-11-08,ZCH07NPE,ST12000NM0007,12000138625024,0,75.0,33510584.0,98.0,0.0,100.0,2.0,100.0,0.0,89.0,883873926.0,91.0,8748.0,100.0,0.0,100.0,1.0,,,,,100.0,0.0,100.0,0.0,,,65.0,35.0,,,100.0,139.0,100.0,645.0,35.0,35.0,100.0,0.0,100.0,0.0,200.0,0.0,100.0,8610.0,100.0,45354103680.0,100.0,68937367472.0
2018-11-09,ZCH07NPE,ST12000NM0007,12000138625024,0,78,60652592,98.0,0.0,100.0,2.0,100.0,0.0,89.0,885880827.0,90,8773,100.0,0.0,100,1,,,,,100.0,0.0,100.0,0.0,,,65.0,35.0,,,100.0,139.0,100.0,646.0,35,35,100.0,0.0,100.0,0.0,200.0,0.0,100.0,8635.0,100.0,45454750064.0,100.0,69108003864.0
2018-11-10,ZCH07NPE,ST12000NM0007,12000138625024,0,79,79024416,98.0,0.0,100.0,2.0,100.0,0.0,89.0,888031821.0,90,8796,100.0,0.0,100,1,,,,,100.0,0.0,100.0,0.0,,,64.0,36.0,,,100.0,140.0,100.0,647.0,36,36,100.0,0.0,100.0,0.0,200.0,0.0,100.0,8657.0,100.0,45562298792.0,100.0,69262967824.0
2018-11-11,ZCH07NPE,ST12000NM0007,12000138625024,0,82,155760104,98.0,0.0,100.0,2.0,100.0,0.0,89.0,890628076.0,90,8820,100.0,0.0,100,1,,,,,100.0,0.0,100.0,0.0,,,65.0,35.0,,,100.0,141.0,100.0,648.0,35,35,100.0,0.0,100.0,0.0,200.0,0.0,100.0,8681.0,100.0,45673804232.0,100.0,69472338720.0
2018-11-12,ZCH07NPE,ST12000NM0007,12000138625024,0,83,182860032,98.0,0.0,100.0,2.0,100.0,0.0,90.0,893064832.0,90,8844,100.0,0.0,100,1,,,,,100.0,0.0,100.0,0.0,,,65.0,35.0,,,100.0,142.0,100.0,649.0,35,35,100.0,0.0,100.0,0.0,200.0,0.0,100.0,8706.0,100.0,45763288512.0,100.0,69654095488.0
2018-11-13,ZCH07NPE,ST12000NM0007,12000138625024,0,77,45533264,98.0,0.0,100.0,2.0,100.0,0.0,90.0,896412317.0,90,8868,100.0,0.0,100,1,,,,,100.0,0.0,100.0,0.0,,,65.0,35.0,,,100.0,143.0,100.0,650.0,35,35,100.0,0.0,100.0,0.0,200.0,0.0,100.0,8730.0,100.0,45869545472.0,100.0,69898793136.0
2018-11-14,ZCH07NPE,ST12000NM0007,12000138625024,0,79,78842816,98.0,0.0,100.0,2.0,100.0,0.0,90.0,898662514.0,90,8893,100.0,0.0,100,1,,,,,100.0,0.0,100.0,0.0,,,65.0,35.0,,,100.0,143.0,100.0,651.0,35,35,100.0,0.0,100.0,0.0,200.0,0.0,100.0,8754.0,100.0,45970876296.0,100.0,70074912560.0
2018-11-15,ZCH07NPE,ST12000NM0007,12000138625024,0,83,213448792,98.0,0.0,100.0,2.0,100.0,0.0,90.0,902611333.0,90,8917,100.0,0.0,100,1,,,,,100.0,0.0,100.0,0.0,,,64.0,36.0,,,100.0,143.0,100.0,652.0,36,36,100.0,0.0,100.0,0.0,200.0,0.0,100.0,8778.0,100.0,46094121040.0,100.0,70330414520.0
2018-11-16,ZCH07NPE,ST12000NM0007,12000138625024,0,68,7050520,98.0,0.0,100.0,2.0,100.0,0.0,90.0,904989749.0,90,8941,100.0,0.0,100,1,,,,,100.0,0.0,100.0,0.0,,,64.0,36.0,,,100.0,143.0,100.0,653.0,36,36,100.0,0.0,100.0,0.0,200.0,0.0,100.0,8802.0,100.0,46199840224.0,100.0,70506578600.0
2018-11-17,ZCH07NPE,ST12000NM0007,12000138625024,0,70.0,10285720.0,98.0,0.0,100.0,2.0,100.0,0.0,90.0,907199762.0,90.0,8964.0,100.0,0.0,100.0,1.0,,,,,100.0,0.0,100.0,0.0,,,64.0,36.0,,,100.0,144.0,100.0,654.0,36.0,36.0,100.0,0.0,100.0,0.0,200.0,0.0,100.0,8824.0,100.0,46296348288.0,100.0,70657446488.0
2018-11-18,ZCH07NPE,ST12000NM0007,12000138625024,0,77,55234456,98.0,0.0,100.0,2.0,100.0,0.0,90.0,909505432.0,90,8987,100.0,0.0,100,1,,,,,100.0,0.0,100.0,0.0,,,64.0,36.0,,,100.0,144.0,100.0,655.0,36,36,100.0,0.0,100.0,0.0,200.0,0.0,100.0,8848.0,100.0,46395003928.0,100.0,70847880368.0
2018-11-19,ZCH07NPE,ST12000NM0007,12000138625024,0,81,124493848,98.0,0.0,100.0,2.0,100.0,0.0,90.0,912173515.0,90,9012,100.0,0.0,100,1,,,,,100.0,0.0,100.0,0.0,,,64.0,36.0,,,100.0,144.0,100.0,656.0,36,36,100.0,0.0,100.0,0.0,200.0,0.0,100.0,8873.0,100.0,46505198944.0,100.0,71051085376.0
2018-11-20,ZCH07NPE,ST12000NM0007,12000138625024,0,66,4173880,98.0,0.0,100.0,2.0,100.0,0.0,90.0,915586149.0,90,9037,100.0,0.0,100,1,,,,,100.0,0.0,100.0,0.0,,,64.0,36.0,,,100.0,145.0,100.0,657.0,36,36,100.0,0.0,100.0,0.0,200.0,0.0,100.0,8897.0,100.0,46638611096.0,100.0,71285634672.0
2018-11-21,ZCH07NPE,ST12000NM0007,12000138625024,0,76,39324272,98.0,0.0,100.0,2.0,100.0,0.0,90.0,917866334.0,90,9061,100.0,0.0,100,1,,,,,100.0,0.0,100.0,0.0,,,64.0,36.0,,,100.0,146.0,100.0,658.0,36,36,100.0,0.0,100.0,0.0,200.0,0.0,100.0,8921.0,100.0,46723756120.0,100.0,71479780680.0
2018-11-22,ZCH07NPE,ST12000NM0007,12000138625024,0,78,67632184,98.0,0.0,100.0,2.0,100.0,0.0,90.0,920816573.0,90,9084,100.0,0.0,100,1,,,,,100.0,0.0,100.0,0.0,,,64.0,36.0,,,100.0,146.0,100.0,659.0,36,36,100.0,0.0,100.0,0.0,200.0,0.0,100.0,8944.0,100.0,46832633600.0,100.0,71643352056.0
2018-11-23,ZCH07NPE,ST12000NM0007,12000138625024,0,77,52333656,98.0,0.0,100.0,2.0,100.0,0.0,90.0,922959006.0,90,9108,100.0,0.0,100,1,,,,,100.0,0.0,100.0,0.0,,,64.0,36.0,,,100.0,146.0,100.0,660.0,36,36,100.0,0.0,100.0,0.0,200.0,0.0,100.0,8969.0,100.0,46904410328.0,100.0,71800417464.0
2018-11-24,ZCH07NPE,ST12000NM0007,12000138625024,0,75,28933352,98.0,0.0,100.0,2.0,100.0,0.0,90.0,924940145.0,90,9131,100.0,0.0,100,1,,,,,100.0,0.0,100.0,0.0,,,64.0,36.0,,,100.0,147.0,100.0,661.0,36,36,100.0,0.0,100.0,0.0,200.0,0.0,100.0,8991.0,100.0,46990189304.0,100.0,71935379280.0
2018-11-25,ZCH07NPE,ST12000NM0007,12000138625024,0,81,113708472,98.0,0.0,100.0,2.0,100.0,0.0,90.0,927525935.0,90,9157,100.0,0.0,100,1,,,,,100.0,0.0,100.0,0.0,,,64.0,36.0,,,100.0,147.0,100.0,662.0,36,36,100.0,0.0,100.0,0.0,200.0,0.0,100.0,9017.0,100.0,47096115208.0,100.0,72158369288.0
2018-11-26,ZCH07NPE,ST12000NM0007,12000138625024,0,82,150308776,98.0,0.0,100.0,2.0,100.0,0.0,90.0,929909497.0,90,9180,100.0,0.0,100,1,,,,,100.0,0.0,100.0,0.0,,,64.0,36.0,,,100.0,148.0,100.0,663.0,36,36,100.0,0.0,100.0,0.0,200.0,0.0,100.0,9040.0,100.0,47178413696.0,100.0,72356811768.0
2018-11-27,ZCH07NPE,ST12000NM0007,12000138625024,0,77,45262752,98.0,0.0,100.0,2.0,100.0,0.0,90.0,933314828.0,90,9204,100.0,0.0,100,1,,,,,100.0,0.0,100.0,0.0,,,64.0,36.0,,,100.0,148.0,100.0,664.0,36,36,100.0,0.0,100.0,0.0,200.0,0.0,100.0,9064.0,100.0,47291650888.0,100.0,72626810072.0
2018-11-28,ZCH07NPE,ST12000NM0007,12000138625024,0,79,74087336,98.0,0.0,100.0,2.0,100.0,0.0,90.0,935596459.0,90,9228,100.0,0.0,100,1,,,,,100.0,0.0,100.0,0.0,,,64.0,36.0,,,100.0,149.0,100.0,665.0,36,36,100.0,0.0,100.0,0.0,200.0,0.0,100.0,9088.0,100.0,47372242000.0,100.0,72819184352.0
2018-11-29,ZCH07NPE,ST12000NM0007,12000138625024,0,82,159272272,98.0,0.0,100.0,2.0,100.0,0.0,90.0,938843560.0,90,9252,100.0,0.0,100,1,,,,,100.0,0.0,100.0,0.0,,,64.0,36.0,,,100.0,150.0,100.0,666.0,36,36,100.0,0.0,100.0,0.0,200.0,0.0,100.0,9112.0,100.0,47483315824.0,100.0,73037436328.0
2018-11-30,ZCH07NPE,ST12000NM0007,12000138625024,0,82,159939136,98.0,0.0,100.0,2.0,100.0,0.0,90.0,940888716.0,90,9276,100.0,0.0,100,1,,,,,100.0,0.0,100.0,0.0,,,65.0,35.0,,,100.0,150.0,100.0,667.0,35,35,100.0,0.0,100.0,0.0,200.0,0.0,100.0,9135.0,100.0,47569981024.0,100.0,73195578776.0
2018-12-01,ZCH07NPE,ST12000NM0007,12000138625024,0,83,206735312,98.0,0.0,100.0,2.0,100.0,0.0,90.0,943583916.0,90,9299,100.0,0.0,100,1,,,,,100.0,0.0,100.0,0.0,,,65.0,35.0,,,100.0,151.0,100.0,668.0,35,35,100.0,0.0,100.0,0.0,200.0,0.0,100.0,9158.0,100.0,47662770224.0,100.0,73393726616.0
2018-12-02,ZCH07NPE,ST12000NM0007,12000138625024,0,83,212833024,98.0,0.0,100.0,2.0,100.0,0.0,90.0,945808604.0,90,9323,100.0,0.0,100,1,,,,,100.0,0.0,100.0,0.0,,,64.0,36.0,,,100.0,152.0,100.0,669.0,36,36,100.0,0.0,100.0,0.0,200.0,0.0,100.0,9182.0,100.0,47748809312.0,100.0,73557925952.0
2018-12-03,ZCH07NPE,ST12000NM0007,12000138625024,0,77,46499712,98.0,0.0,100.0,2.0,100.0,0.0,90.0,948393286.0,90,9349,100.0,0.0,100,1,,,,,100.0,0.0,100.0,0.0,,,65.0,35.0,,,100.0,152.0,100.0,670.0,35,35,100.0,0.0,100.0,0.0,200.0,0.0,100.0,9207.0,100.0,47853760976.0,100.0,73774922504.0
2018-12-04,ZCH07NPE,ST12000NM0007,12000138625024,0,72,16779672,98.0,0.0,100.0,2.0,100.0,0.0,90.0,952505978.0,90,9373,100.0,0.0,100,1,,,,,100.0,0.0,100.0,0.0,,,64.0,36.0,,,100.0,152.0,100.0,671.0,36,36,100.0,0.0,100.0,0.0,200.0,0.0,100.0,9231.0,100.0,47996537976.0,100.0,74090707240.0
2018-12-05,ZCH07NPE,ST12000NM0007,12000138625024,0,71.0,13744664.0,98.0,0.0,100.0,2.0,100.0,0.0,90.0,954798480.0,90.0,9396.0,100.0,0.0,100.0,1.0,,,,,100.0,0.0,100.0,0.0,,,64.0,36.0,,,100.0,153.0,100.0,672.0,36.0,36.0,100.0,0.0,100.0,0.0,200.0,0.0,100.0,9254.0,100.0,48081654296.0,100.0,74246696632.0
2018-12-06,ZCH07NPE,ST12000NM0007,12000138625024,0,80,92550792,98.0,0.0,100.0,2.0,100.0,0.0,90.0,958129147.0,90,9421,100.0,0.0,100,1,,,,,100.0,0.0,100.0,0.0,,,65.0,35.0,,,100.0,153.0,100.0,673.0,35,35,100.0,0.0,100.0,0.0,200.0,0.0,100.0,9279.0,100.0,48198313664.0,100.0,74452984048.0
2018-12-07,ZCH07NPE,ST12000NM0007,12000138625024,0,81,120002320,98.0,0.0,100.0,2.0,100.0,0.0,90.0,960269430.0,90,9446,100.0,0.0,100,1,,,,,100.0,0.0,100.0,0.0,,,64.0,36.0,,,100.0,154.0,100.0,674.0,36,36,100.0,0.0,100.0,0.0,200.0,0.0,100.0,9304.0,100.0,48272542416.0,100.0,74650347576.0
2018-12-08,ZCH07NPE,ST12000NM0007,12000138625024,0,82,165154616,98.0,0.0,100.0,2.0,100.0,0.0,90.0,962666750.0,90,9470,100.0,0.0,100,1,,,,,100.0,0.0,100.0,0.0,,,64.0,36.0,,,100.0,155.0,100.0,675.0,36,36,100.0,0.0,100.0,0.0,200.0,0.0,100.0,9328.0,100.0,48356577952.0,100.0,74855605160.0
2018-12-09,ZCH07NPE,ST12000NM0007,12000138625024,0,83,183648496,98.0,0.0,100.0,2.0,100.0,0.0,90.0,964812914.0,90,9494,100.0,0.0,100,1,,,,,100.0,0.0,100.0,0.0,,,65.0,35.0,,,100.0,156.0,100.0,676.0,35,35,100.0,0.0,100.0,0.0,200.0,0.0,100.0,9352.0,100.0,48436827768.0,100.0,75037989880.0
2018-12-10,ZCH07NPE,ST12000NM0007,12000138625024,0,83,194488096,98.0,0.0,100.0,2.0,100.0,0.0,90.0,967167391.0,90,9514,100.0,0.0,100,1,,,,,100.0,0.0,100.0,0.0,,,65.0,35.0,,,100.0,156.0,100.0,676.0,35,35,100.0,0.0,100.0,0.0,200.0,0.0,100.0,9372.0,100.0,48500403504.0,100.0,75229394968.0
2018-12-11,ZCH07NPE,ST12000NM0007,12000138625024,0,79,78666472,98.0,0.0,100.0,2.0,100.0,0.0,90.0,970743226.0,90,9537,100.0,0.0,100,1,,,,,100.0,0.0,100.0,0.0,,,64.0,36.0,,,100.0,156.0,100.0,677.0,36,36,100.0,0.0,100.0,0.0,200.0,0.0,100.0,9395.0,100.0,48611814464.0,100.0,75490444064.0
2018-12-12,ZCH07NPE,ST12000NM0007,12000138625024,0,82,162249120,98.0,0.0,100.0,2.0,100.0,0.0,90.0,973455637.0,90,9562,100.0,0.0,100,1,,,,,100.0,0.0,100.0,0.0,,,64.0,36.0,,,100.0,157.0,100.0,679.0,36,36,100.0,0.0,100.0,0.0,200.0,0.0,100.0,9420.0,100.0,48718879592.0,100.0,75711102392.0
2018-12-13,ZCH07NPE,ST12000NM0007,12000138625024,0,71,13397248,98.0,0.0,100.0,2.0,100.0,0.0,90.0,977080557.0,90,9586,100.0,0.0,100,1,,,,,100.0,0.0,100.0,0.0,,,64.0,36.0,,,100.0,158.0,100.0,680.0,36,36,100.0,0.0,100.0,0.0,200.0,0.0,100.0,9444.0,100.0,48832062104.0,100.0,75937349496.0
2018-12-14,ZCH07NPE,ST12000NM0007,12000138625024,0,76,39379864,98.0,0.0,100.0,2.0,100.0,0.0,90.0,979482211.0,90,9610,100.0,0.0,100,1,,,,,100.0,0.0,100.0,0.0,,,64.0,36.0,,,100.0,158.0,100.0,680.0,36,36,100.0,0.0,100.0,0.0,200.0,0.0,100.0,9467.0,100.0,48923371520.0,100.0,76116163368.0
2018-12-15,ZCH07NPE,ST12000NM0007,12000138625024,0,79,88338184,98.0,0.0,100.0,2.0,100.0,0.0,90.0,981925657.0,90,9634,100.0,0.0,100,1,,,,,100.0,0.0,100.0,0.0,,,64.0,36.0,,,100.0,158.0,100.0,681.0,36,36,100.0,0.0,100.0,0.0,200.0,0.0,100.0,9491.0,100.0,49015484256.0,100.0,76317149624.0
2018-12-16,ZCH07NPE,ST12000NM0007,12000138625024,0,78,62559544,98.0,0.0,100.0,2.0,100.0,0.0,90.0,984153788.0,89,9657,100.0,0.0,100,1,,,,,100.0,0.0,100.0,0.0,,,64.0,36.0,,,100.0,159.0,100.0,682.0,36,36,100.0,0.0,100.0,0.0,200.0,0.0,100.0,9515.0,100.0,49108137736.0,100.0,76442858136.0
2018-12-17,ZCH07NPE,ST12000NM0007,12000138625024,0,81,112290984,98.0,0.0,100.0,2.0,100.0,0.0,90.0,986795454.0,89,9683,100.0,0.0,100,1,,,,,100.0,0.0,100.0,0.0,,,64.0,36.0,,,100.0,159.0,100.0,683.0,36,36,100.0,0.0,100.0,0.0,200.0,0.0,100.0,9540.0,100.0,49209803928.0,100.0,76635064112.0
2018-12-18,ZCH07NPE,ST12000NM0007,12000138625024,0,76,39261656,98.0,0.0,100.0,2.0,100.0,0.0,90.0,991091868.0,89,9707,100.0,0.0,100,1,,,,,100.0,0.0,100.0,0.0,,,64.0,36.0,,,100.0,159.0,100.0,685.0,36,36,100.0,0.0,100.0,0.0,200.0,0.0,100.0,9564.0,100.0,49314977728.0,100.0,76945142520.0
2018-12-19,ZCH07NPE,ST12000NM0007,12000138625024,0,72,15203248,98.0,0.0,100.0,2.0,100.0,0.0,90.0,993250047.0,89,9730,100.0,0.0,100,1,,,,,100.0,0.0,100.0,0.0,,,64.0,36.0,,,100.0,159.0,100.0,686.0,36,36,100.0,0.0,100.0,0.0,200.0,0.0,100.0,9587.0,100.0,49374500472.0,100.0,77105702000.0
2018-12-20,ZCH07NPE,ST12000NM0007,12000138625024,0,79,79619040,98.0,0.0,100.0,2.0,100.0,0.0,90.0,996836148.0,89,9755,100.0,0.0,100,1,,,,,100.0,0.0,100.0,0.0,,,64.0,36.0,,,100.0,160.0,100.0,687.0,36,36,100.0,0.0,100.0,0.0,200.0,0.0,100.0,9612.0,100.0,49484198088.0,100.0,77304561288.0
2018-12-21,ZCH07NPE,ST12000NM0007,12000138625024,0,81,116542816,98.0,0.0,100.0,2.0,100.0,0.0,90.0,999232489.0,89,9778,100.0,0.0,100,1,,,,,100.0,0.0,100.0,0.0,,,64.0,36.0,,,100.0,160.0,100.0,688.0,36,36,100.0,0.0,100.0,0.0,200.0,0.0,100.0,9635.0,100.0,49574490568.0,100.0,77495333336.0
2018-12-22,ZCH07NPE,ST12000NM0007,12000138625024,0,82,146991008,98.0,0.0,100.0,2.0,100.0,0.0,62.0,1523139.0,89,9802,100.0,0.0,100,1,,,,,100.0,0.0,100.0,0.0,,,64.0,36.0,,,100.0,160.0,100.0,689.0,36,36,100.0,0.0,100.0,0.0,200.0,0.0,100.0,9659.0,100.0,49671932624.0,100.0,77672480216.0
2018-12-23,ZCH07NPE,ST12000NM0007,12000138625024,0,80,109124792,98.0,0.0,100.0,2.0,100.0,0.0,66.0,3558416.0,89,9826,100.0,0.0,100,1,,,,,100.0,0.0,100.0,0.0,,,64.0,36.0,,,100.0,161.0,100.0,690.0,36,36,100.0,0.0,100.0,0.0,200.0,0.0,100.0,9683.0,100.0,49756130872.0,100.0,77794556528.0
2018-12-24,ZCH07NPE,ST12000NM0007,12000138625024,0,81,128087672,98.0,0.0,100.0,2.0,100.0,0.0,68.0,5928935.0,89,9849,100.0,0.0,100,1,,,,,100.0,0.0,100.0,0.0,,,64.0,36.0,,,100.0,161.0,100.0,690.0,36,36,100.0,0.0,100.0,0.0,200.0,0.0,100.0,9706.0,100.0,49840443480.0,100.0,77973347456.0
2018-12-25,ZCH07NPE,ST12000NM0007,12000138625024,0,79,74526520,98.0,0.0,100.0,2.0,100.0,0.0,70.0,10386152.0,89,9874,100.0,0.0,100,1,,,,,100.0,0.0,100.0,0.0,,,64.0,36.0,,,100.0,162.0,100.0,692.0,36,36,100.0,0.0,100.0,0.0,200.0,0.0,100.0,9731.0,100.0,49959844584.0,100.0,78288666856.0
2018-12-26,ZCH07NPE,ST12000NM0007,12000138625024,0,80,99404344,98.0,0.0,100.0,2.0,100.0,0.0,71.0,12455164.0,89,9898,100.0,0.0,100,1,,,,,100.0,0.0,100.0,0.0,,,64.0,36.0,,,100.0,162.0,100.0,693.0,36,36,100.0,0.0,100.0,0.0,200.0,0.0,100.0,9754.0,100.0,50025031888.0,100.0,78492498504.0
2018-12-27,ZCH07NPE,ST12000NM0007,12000138625024,0,82,167245496,98.0,0.0,100.0,2.0,100.0,0.0,72.0,15672030.0,89,9922,100.0,0.0,100,1,,,,,100.0,0.0,100.0,0.0,,,64.0,36.0,,,100.0,162.0,100.0,694.0,36,36,100.0,0.0,100.0,0.0,200.0,0.0,100.0,9778.0,100.0,50124315376.0,100.0,78705196808.0
2018-12-28,ZCH07NPE,ST12000NM0007,12000138625024,0,83,208480752,98.0,0.0,100.0,2.0,100.0,0.0,72.0,17770542.0,89,9946,100.0,0.0,100,1,,,,,100.0,0.0,100.0,0.0,,,64.0,36.0,,,100.0,163.0,100.0,695.0,36,36,100.0,0.0,100.0,0.0,200.0,0.0,100.0,9802.0,100.0,50215388808.0,100.0,78899499424.0
2018-12-29,ZCH07NPE,ST12000NM0007,12000138625024,0,83,211040424,98.0,0.0,100.0,2.0,100.0,0.0,73.0,19735823.0,89,9970,100.0,0.0,100,1,,,,,100.0,0.0,100.0,0.0,,,65.0,35.0,,,100.0,164.0,100.0,696.0,35,35,100.0,0.0,100.0,0.0,200.0,0.0,100.0,9826.0,100.0,50279074416.0,100.0,79082514568.0
2018-12-30,ZCH07NPE,ST12000NM0007,12000138625024,0,84,225824184,98.0,0.0,100.0,2.0,100.0,0.0,73.0,21750573.0,89,9994,100.0,0.0,100,1,,,,,100.0,0.0,100.0,0.0,,,64.0,36.0,,,100.0,164.0,100.0,696.0,36,36,100.0,0.0,100.0,0.0,200.0,0.0,100.0,9850.0,100.0,50353551920.0,100.0,79266961560.0
2018-12-31,ZCH07NPE,ST12000NM0007,12000138625024,0,66,4279608,98.0,0.0,100.0,2.0,100.0,0.0,74.0,23912081.0,89,10018,100.0,0.0,100,1,,,,,100.0,0.0,100.0,0.0,,,64.0,36.0,,,100.0,165.0,100.0,697.0,36,36,100.0,0.0,100.0,0.0,200.0,0.0,100.0,9873.0,100.0,50446595536.0,100.0,79440654880.0
