2018-01-01,ZCH06VPP,ST12000NM0007,12000138625024,0,82,174309496,95,0,100,4,100,0,69,8415868,99,1615,100,0,100,4,,,,,100.0,0.0,100.0,0.0,,,68.0,32.0,,,100.0,10.0,99.0,3355.0,32,32,100,0,100,0,200,0,100.0,339.0,100.0,1827736400.0,100.0,544234048.0
2018-01-02,ZCH06VPP,ST12000NM0007,12000138625024,0,78,69163232,95,0,100,4,100,0,70,9810029,99,1628,100,0,100,4,,,,,100.0,0.0,100.0,0.0,,,68.0,32.0,,,100.0,10.0,99.0,3355.0,32,32,100,0,100,0,200,0,100.0,351.0,100.0,1965794392.0,100.0,545170464.0
2018-01-03,ZCH06VPP,ST12000NM0007,12000138625024,0,84,226962904,95,0,100,4,100,0,71,13852736,99,1663,100,0,100,4,,,,,100.0,0.0,100.0,0.0,,,68.0,32.0,,,100.0,10.0,99.0,3357.0,32,32,100,0,100,0,200,0,100.0,387.0,100.0,2364141480.0,100.0,548763704.0
2018-01-04,ZCH06VPP,ST12000NM0007,12000138625024,0,76,36851256,95,0,100,4,100,0,72,16849808,99,1690,100,0,100,4,,,,,100.0,0.0,100.0,0.0,,,68.0,32.0,,,100.0,10.0,99.0,3358.0,32,32,100,0,100,0,200,0,100.0,413.0,100.0,2659842520.0,100.0,551232472.0
2018-01-05,ZCH06VPP,ST12000NM0007,12000138625024,0,78.0,56308320.0,95.0,0.0,100.0,4.0,100.0,0.0,73.0,19453639.0,99.0,1713.0,100.0,0.0,100.0,4.0,,,,,100.0,0.0,100.0,0.0,,,68.0,32.0,,,100.0,10.0,99.0,3359.0,32.0,32.0,100.0,0.0,100.0,0.0,200.0,0.0,100.0,437.0,100.0,2918866712.0,100.0,555806192.0
2018-01-06,ZCH06VPP,ST12000NM0007,12000138625024,0,79,86802256,95,0,100,4,100,0,73,22157064,99,1738,100,0,100,4,,,,,100.0,0.0,100.0,0.0,,,68.0,32.0,,,100.0,10.0,99.0,3360.0,32,32,100,0,100,0,200,0,100.0,461.0,100.0,3187513616.0,100.0,561794160.0
2018-01-07,ZCH06VPP,ST12000NM0007,12000138625024,0,72,15950752,95,0,100,4,100,0,74,23916980,98,1761,100,0,100,4,,,,,100.0,0.0,100.0,0.0,,,69.0,31.0,,,100.0,11.0,99.0,3361.0,31,31,100,0,100,0,200,0,100.0,485.0,100.0,3352783312.0,100.0,569813664.0
2018-01-08,ZCH06VPP,ST12000NM0007,12000138625024,0,73,18415408,95,0,100,4,100,0,74,23967642,98,1786,100,0,100,4,,,,,100.0,0.0,100.0,0.0,,,69.0,31.0,,,100.0,12.0,99.0,3362.0,31,31,100,0,100,0,200,0,100.0,509.0,100.0,3352919248.0,100.0,572142384.0
2018-01-09,ZCH06VPP,ST12000NM0007,12000138625024,0,75,31268560,95,0,100,4,100,0,74,24176217,98,1809,100,0,100,4,,,,,100.0,0.0,100.0,0.0,,,69.0,31.0,,,100.0,13.0,99.0,3363.0,31,31,100,0,100,0,200,0,100.0,532.0,100.0,3359127352.0,100.0,578787432.0
2018-01-10,ZCH06VPP,ST12000NM0007,12000138625024,0,77,47141080,95,0,100,4,100,0,74,24505409,98,1833,100,0,100,4,,,,,100.0,0.0,100.0,0.0,,,68.0,32.0,,,100.0,14.0,99.0,3364.0,32,32,100,0,100,0,200,0,100.0,557.0,100.0,3361853432.0,100.0,591933872.0
2018-01-11,ZCH06VPP,ST12000NM0007,12000138625024,0,78,64482616,95,0,100,4,100,0,74,24795189,98,1855,100,0,100,4,,,,,100.0,0.0,100.0,0.0,,,69.0,31.0,,,100.0,14.0,99.0,3365.0,31,31,100,0,100,0,200,0,100.0,578.0,100.0,3366109960.0,100.0,605018880.0
2018-01-12,ZCH06VPP,ST12000NM0007,12000138625024,0,80,89988088,95,0,100,4,100,0,74,25232618,98,1879,100,0,100,4,,,,,100.0,0.0,100.0,0.0,,,69.0,31.0,,,100.0,15.0,99.0,3366.0,31,31,100,0,100,0,200,0,100.0,601.0,100.0,3375608856.0,100.0,621025456.0
2018-01-13,ZCH06VPP,ST12000NM0007,12000138625024,0,80.0,107386120.0,95.0,0.0,100.0,4.0,100,0,74.0,25526075.0,98,1903,100.0,0.0,100,4,,,,,100.0,0.0,100.0,0.0,,,68.0,32.0,,,100.0,16.0,99.0,3367.0,32.0,32.0,100.0,0.0,100.0,0.0,200,0,100.0,626.0,100.0,3380381408.0,100.0,633650936.0
2018-01-14,ZCH06VPP,ST12000NM0007,12000138625024,0,81.0,139766592.0,95.0,0.0,100.0,4.0,100,0,74.0,26097832.0,98,1926,100.0,0.0,100,4,,,,,100.0,0.0,100.0,0.0,,,68.0,32.0,,,100.0,17.0,99.0,3368.0,32.0,32.0,100.0,0.0,100.0,0.0,200,0,100.0,649.0,100.0,3391490128.0,100.0,654922688.0
2018-01-15,ZCH06VPP,ST12000NM0007,12000138625024,0,82.0,157787376.0,95.0,0.0,100.0,4.0,100,0,74.0,26388722.0,98,1951,100.0,0.0,100,4,,,,,100.0,0.0,100.0,0.0,,,68.0,32.0,,,100.0,18.0,99.0,3369.0,32.0,32.0,100.0,0.0,100.0,0.0,200,0,100.0,673.0,100.0,3395875536.0,100.0,668558064.0
2018-01-16,ZCH06VPP,ST12000NM0007,12000138625024,0,83.0,189526296.0,95.0,0.0,100.0,4.0,100,0,74.0,26831148.0,98,1975,100.0,0.0,100,4,,,,,100.0,0.0,100.0,0.0,,,69.0,31.0,,,100.0,19.0,99.0,3370.0,31.0,31.0,100.0,0.0,100.0,0.0,200,0,100.0,697.0,100.0,3407174848.0,100.0,688997672.0
2018-01-17,ZCH06VPP,ST12000NM0007,12000138625024,0,83.0,213381856.0,95.0,0.0,100.0,4.0,100,0,74.0,27278702.0,98,1999,100.0,0.0,100,4,,,,,100.0,0.0,100.0,0.0,,,65.0,35.0,,,100.0,20.0,99.0,3371.0,35.0,35.0,100.0,0.0,100.0,0.0,200,0,100.0,721.0,100.0,3412803080.0,100.0,707225000.0
2018-01-18,ZCH06VPP,ST12000NM0007,12000138625024,0,77.0,51886784.0,95.0,0.0,100.0,4.0,100.0,0.0,75.0,30349006.0,98.0,2026.0,100.0,0.0,100.0,4.0,,,,,100.0,0.0,100.0,0.0,,,64.0,36.0,,,100.0,20.0,99.0,3373.0,36.0,36.0,100.0,0.0,100.0,0.0,200.0,0.0,100.0,748.0,100.0,3729148456.0,100.0,717666272.0
2018-01-19,ZCH06VPP,ST12000NM0007,12000138625024,0,81.0,117742976.0,95.0,0.0,100.0,4.0,100.0,0.0,75.0,33203312.0,98.0,2050.0,100.0,0.0,100.0,4.0,,,,,100.0,0.0,100.0,0.0,,,66.0,34.0,,,100.0,20.0,99.0,3374.0,34.0,34.0,100.0,0.0,100.0,0.0,200.0,0.0,100.0,771.0,100.0,4028283712.0,100.0,728527848.0
2018-01-20,ZCH06VPP,ST12000NM0007,12000138625024,0,83.0,186411400.0,95.0,0.0,100.0,4.0,100,0,76.0,36090100.0,98,2074,100.0,0.0,100,4,,,,,100.0,0.0,100.0,0.0,,,66.0,34.0,,,100.0,20.0,99.0,3375.0,34.0,34.0,100.0,0.0,100.0,0.0,200,0,100.0,796.0,100.0,4333932216.0,100.0,735688680.0
2018-01-21,ZCH06VPP,ST12000NM0007,12000138625024,0,74.0,26146000.0,95.0,0.0,100.0,4.0,100,0,76.0,39148354.0,98,2098,100.0,0.0,100,4,,,,,100.0,0.0,100.0,0.0,,,67.0,33.0,,,100.0,20.0,99.0,3376.0,33.0,33.0,100.0,0.0,100.0,0.0,200,0,100.0,819.0,100.0,4642876136.0,100.0,754760944.0
2018-01-22,ZCH06VPP,ST12000NM0007,12000138625024,0,80.0,90036984.0,95.0,0.0,100.0,4.0,100,0,76.0,41957068.0,98,2122,100.0,0.0,100,4,,,,,100.0,0.0,100.0,0.0,,,67.0,33.0,,,100.0,20.0,99.0,3377.0,33.0,33.0,100.0,0.0,100.0,0.0,200,0,100.0,843.0,100.0,4943941848.0,100.0,761726848.0
2018-01-23,ZCH06VPP,ST12000NM0007,12000138625024,0,83.0,190331352.0,95.0,0.0,100.0,4.0,100,0,77.0,45111677.0,98,2146,100.0,0.0,100,4,,,,,100.0,0.0,100.0,0.0,,,67.0,33.0,,,100.0,20.0,99.0,3378.0,33.0,33.0,100.0,0.0,100.0,0.0,200,0,100.0,868.0,100.0,5272380040.0,100.0,777723656.0
2018-01-24,ZCH06VPP,ST12000NM0007,12000138625024,0,83.0,185010088.0,95.0,0.0,100.0,4.0,100,0,77.0,47221147.0,98,2166,100.0,0.0,100,4,,,,,100.0,0.0,100.0,0.0,,,67.0,33.0,,,100.0,20.0,99.0,3379.0,33.0,33.0,100.0,0.0,100.0,0.0,200,0,100.0,887.0,100.0,5500325080.0,100.0,788598048.0
2018-01-25,ZCH06VPP,ST12000NM0007,12000138625024,0,82.0,146653576.0,95.0,0.0,100.0,4.0,100,0,77.0,49180849.0,98,2182,100.0,0.0,100,4,,,,,100.0,0.0,100.0,0.0,,,67.0,33.0,,,100.0,20.0,99.0,3380.0,33.0,33.0,100.0,0.0,100.0,0.0,200,0,100.0,903.0,100.0,5702271272.0,100.0,792436048.0
2018-01-26,ZCH06VPP,ST12000NM0007,12000138625024,0,83.0,222176992.0,95.0,0.0,100.0,4.0,100,0,77.0,52245058.0,98,2207,100.0,0.0,100,4,,,,,100.0,0.0,100.0,0.0,,,66.0,34.0,,,100.0,21.0,99.0,3382.0,34.0,34.0,100.0,0.0,100.0,0.0,200,0,100.0,928.0,100.0,6016129880.0,100.0,798241488.0
2018-01-27,ZCH06VPP,ST12000NM0007,12000138625024,0,77.0,54704168.0,95.0,0.0,100.0,4.0,100,0,77.0,55289556.0,98,2231,100.0,0.0,100,4,,,,,100.0,0.0,100.0,0.0,,,67.0,33.0,,,100.0,21.0,99.0,3383.0,33.0,33.0,100.0,0.0,100.0,0.0,200,0,100.0,952.0,100.0,6304404016.0,100.0,830775920.0
2018-01-28,ZCH06VPP,ST12000NM0007,12000138625024,0,83.0,178981552.0,95.0,0.0,100.0,4.0,100,0,78.0,58630010.0,98,2255,100.0,0.0,100,4,,,,,100.0,0.0,100.0,0.0,,,66.0,34.0,,,100.0,21.0,99.0,3384.0,34.0,34.0,100.0,0.0,100.0,0.0,200,0,100.0,975.0,100.0,6620827464.0,100.0,882770640.0
2018-01-29,ZCH06VPP,ST12000NM0007,12000138625024,0,65.0,3007536.0,95.0,0.0,100.0,4.0,100,0,78.0,61639668.0,98,2279,100.0,0.0,100,4,,,,,100.0,0.0,100.0,0.0,,,66.0,34.0,,,100.0,21.0,99.0,3385.0,34.0,34.0,100.0,0.0,100.0,0.0,200,0,100.0,999.0,100.0,6919354632.0,100.0,896550944.0
2018-01-30,ZCH06VPP,ST12000NM0007,12000138625024,0,80.0,97495544.0,95.0,0.0,100.0,4.0,100,0,78.0,64969251.0,98,2304,100.0,0.0,100,4,,,,,100.0,0.0,100.0,0.0,,,65.0,35.0,,,100.0,21.0,99.0,3386.0,35.0,35.0,100.0,0.0,100.0,0.0,200,0,100.0,1024.0,100.0,7240473912.0,100.0,914060344.0
2018-01-31,ZCH06VPP,ST12000NM0007,12000138625024,0,79.0,72882768.0,95.0,0.0,100.0,4.0,100.0,0.0,78.0,67189508.0,98.0,2327.0,100.0,0.0,100.0,4.0,,,,,100.0,0.0,100.0,0.0,,,66.0,34.0,,,100.0,22.0,99.0,3387.0,34.0,34.0,100.0,0.0,100.0,0.0,200.0,0.0,100.0,1047.0,100.0,7444555816.0,100.0,929506416.0
2018-02-01,ZCH06VPP,ST12000NM0007,12000138625024,0,81.0,134374808.0,95.0,0.0,100.0,4.0,100,0,78.0,70220269.0,98,2352,100.0,0.0,100,4,,,,,100.0,0.0,100.0,0.0,,,66.0,34.0,,,100.0,22.0,99.0,3387.0,34.0,34.0,100.0,0.0,100.0,0.0,200,0,100.0,1072.0,100.0,7728060912.0,100.0,951634224.0
2018-02-02,ZCH06VPP,ST12000NM0007,12000138625024,0,83.0,194760160.0,95.0,0.0,100.0,4.0,100,0,79.0,73130624.0,98,2375,100.0,0.0,100,4,,,,,100.0,0.0,100.0,0.0,,,66.0,34.0,,,100.0,22.0,99.0,3389.0,34.0,34.0,100.0,0.0,100.0,0.0,200,0,100.0,1095.0,100.0,8020372760.0,100.0,963848448.0
2018-02-03,ZCH06VPP,ST12000NM0007,12000138625024,0,75.0,28736872.0,95.0,0.0,100.0,4.0,100,0,79.0,76279801.0,98,2399,100.0,0.0,100,4,,,,,100.0,0.0,100.0,0.0,,,66.0,34.0,,,100.0,22.0,99.0,3389.0,34.0,34.0,100.0,0.0,100.0,0.0,200,0,100.0,1120.0,100.0,8322728592.0,100.0,983750944.0
2018-02-04,ZCH06VPP,ST12000NM0007,12000138625024,0,83.0,184590608.0,95.0,0.0,100.0,4.0,100,0,79.0,80070573.0,98,2428,100.0,0.0,100,4,,,,,100.0,0.0,100.0,0.0,,,66.0,34.0,,,100.0,22.0,99.0,3391.0,34.0,34.0,100.0,0.0,100.0,0.0,200,0,100.0,1147.0,100.0,8685981568.0,100.0,1020492664.0
2018-02-05,ZCH06VPP,ST12000NM0007,12000138625024,0,80.0,100137856.0,95.0,0.0,100.0,4.0,100,0,79.0,83339689.0,98,2452,100.0,0.0,100,4,,,,,100.0,0.0,100.0,0.0,,,65.0,35.0,,,100.0,22.0,99.0,3392.0,35.0,35.0,100.0,0.0,100.0,0.0,200,0,100.0,1172.0,100.0,9069457664.0,100.0,1040845232.0
2018-02-06,ZCH06VPP,ST12000NM0007,12000138625024,0,68.0,6475304.0,95.0,0.0,100.0,4.0,100,0,79.0,86417977.0,98,2475,100.0,0.0,100,4,,,,,100.0,0.0,100.0,0.0,,,66.0,34.0,,,100.0,23.0,99.0,3393.0,34.0,34.0,100.0,0.0,100.0,0.0,200,0,100.0,1195.0,100.0,9436133664.0,100.0,1068788040.0
2018-02-07,ZCH06VPP,ST12000NM0007,12000138625024,0,72.0,15456224.0,95.0,0.0,100.0,4.0,100,0,79.0,86592009.0,98,2500,100.0,0.0,100,4,,,,,100.0,0.0,100.0,0.0,,,66.0,34.0,,,100.0,24.0,99.0,3394.0,34.0,34.0,100.0,0.0,100.0,0.0,200,0,100.0,1219.0,100.0,9438132128.0,100.0,1075770496.0
2018-02-08,ZCH06VPP,ST12000NM0007,12000138625024,0,74.0,28172528.0,95.0,0.0,100.0,4.0,100,0,79.0,86842812.0,98,2524,100.0,0.0,100,4,,,,,100.0,0.0,100.0,0.0,,,67.0,33.0,,,100.0,24.0,99.0,3395.0,33.0,33.0,100.0,0.0,100.0,0.0,200,0,100.0,1243.0,100.0,9441265576.0,100.0,1085353352.0
2018-02-09,ZCH06VPP,ST12000NM0007,12000138625024,0,78,66142200,95,0,100,4,100,0,79,87376514,98,2549,100,0,100,4,,,,,100.0,0.0,100.0,0.0,,,65.0,35.0,,,100.0,25.0,99.0,3396.0,35,35,100,0,100,0,200,0,100.0,1268.0,100.0,9456277424.0,100.0,1108311176.0
2018-02-10,ZCH06VPP,ST12000NM0007,12000138625024,0,80.0,99185400.0,95.0,0.0,100.0,4.0,100.0,0.0,79.0,87781473.0,98.0,2572.0,100.0,0.0,100.0,4.0,,,,,100.0,0.0,100.0,0.0,,,65.0,35.0,,,100.0,25.0,99.0,3397.0,35.0,35.0,100.0,0.0,100.0,0.0,200.0,0.0,100.0,1291.0,100.0,9464552032.0,100.0,1133079768.0
2018-02-11,ZCH06VPP,ST12000NM0007,12000138625024,0,84,230095120,95,0,100,4,100,0,80,91478197,98,2596,100,0,100,4,,,,,100.0,0.0,100.0,0.0,,,65.0,35.0,,,100.0,25.0,99.0,3398.0,35,35,100,0,100,0,200,0,100.0,1315.0,100.0,9798107000.0,100.0,1174575368.0
2018-02-12,ZCH06VPP,ST12000NM0007,12000138625024,0,79,75847112,95,0,100,4,100,0,80,94669170,98,2621,100,0,100,4,,,,,100.0,0.0,100.0,0.0,,,65.0,35.0,,,100.0,25.0,99.0,3399.0,35,35,100,0,100,0,200,0,100.0,1339.0,100.0,10113388800.0,100.0,1193326824.0
2018-02-13,ZCH06VPP,ST12000NM0007,12000138625024,0,83,200627712,95,0,100,4,100,0,80,98306987,97,2644,100,0,100,4,,,,,100.0,0.0,100.0,0.0,,,66.0,34.0,,,100.0,25.0,99.0,3400.0,34,34,100,0,100,0,200,0,100.0,1363.0,100.0,10436996240.0,100.0,1238640712.0
2018-02-14,ZCH06VPP,ST12000NM0007,12000138625024,0,78,58744312,95,0,100,4,100,0,80,101591516,97,2669,100,0,100,4,,,,,100.0,0.0,100.0,0.0,,,67.0,33.0,,,100.0,25.0,99.0,3401.0,33,33,100,0,100,0,200,0,100.0,1387.0,100.0,10757884360.0,100.0,1264150568.0
2018-02-15,ZCH06VPP,ST12000NM0007,12000138625024,0,81,138653040,95,0,100,4,100,0,80,104573136,97,2693,100,0,100,4,,,,,100.0,0.0,100.0,0.0,,,67.0,33.0,,,100.0,25.0,99.0,3402.0,33,33,100,0,100,0,200,0,100.0,1411.0,100.0,11065920816.0,100.0,1280163536.0
2018-02-16,ZCH06VPP,ST12000NM0007,12000138625024,0,83,216879976,95,0,100,4,100,0,80,107573784,97,2717,100,0,100,4,,,,,100.0,0.0,100.0,0.0,,,67.0,33.0,,,100.0,25.0,99.0,3403.0,33,33,100,0,100,0,200,0,100.0,1434.0,100.0,11374425112.0,100.0,1294026824.0
2018-02-17,ZCH06VPP,ST12000NM0007,12000138625024,0,84,232777056,95,0,100,4,100,0,80,110061982,97,2741,100,0,100,4,,,,,100.0,0.0,100.0,0.0,,,67.0,33.0,,,100.0,26.0,99.0,3404.0,33,33,100,0,100,0,200,0,100.0,1458.0,100.0,11617104544.0,100.0,1311385128.0
2018-02-18,ZCH06VPP,ST12000NM0007,12000138625024,0,81,117664288,95,0,100,4,100,0,81,113535268,97,2764,100,0,100,4,,,,,100.0,0.0,100.0,0.0,,,66.0,34.0,,,100.0,26.0,99.0,3405.0,34,34,100,0,100,0,200,0,100.0,1481.0,100.0,11939764824.0,100.0,1361893632.0
2018-02-19,ZCH06VPP,ST12000NM0007,12000138625024,0,83,209291104,95,0,100,4,100,0,81,116642765,97,2789,100,0,100,4,,,,,100.0,0.0,100.0,0.0,,,66.0,34.0,,,100.0,26.0,99.0,3406.0,34,34,100,0,100,0,200,0,100.0,1506.0,100.0,12264663472.0,100.0,1372762552.0
2018-02-20,ZCH06VPP,ST12000NM0007,12000138625024,0,78,63929464,95,0,100,4,100,0,81,119848171,97,2812,100,0,100,4,,,,,100.0,0.0,100.0,0.0,,,66.0,34.0,,,100.0,26.0,99.0,3407.0,34,34,100,0,100,0,200,0,100.0,1529.0,100.0,12579175368.0,100.0,1401170416.0
2018-02-21,ZCH06VPP,ST12000NM0007,12000138625024,0,83,184177480,95,0,100,4,100,0,81,123516003,97,2836,100,0,100,4,,,,,100.0,0.0,100.0,0.0,,,66.0,34.0,,,100.0,26.0,99.0,3408.0,34,34,100,0,100,0,200,0,100.0,1553.0,100.0,12895929672.0,100.0,1448804848.0
2018-02-22,ZCH06VPP,ST12000NM0007,12000138625024,0,74,23670504,95,0,100,4,100,0,81,126784589,97,2860,100,0,100,4,,,,,100.0,0.0,100.0,0.0,,,66.0,34.0,,,100.0,26.0,99.0,3409.0,34,34,100,0,100,0,200,0,100.0,1576.0,100.0,13207507632.0,100.0,1465001648.0
2018-02-23,ZCH06VPP,ST12000NM0007,12000138625024,0,77,46308688,95,0,100,4,100,0,81,129363036,97,2884,100,0,100,4,,,,,100.0,0.0,100.0,0.0,,,67.0,33.0,,,100.0,26.0,99.0,3410.0,33,33,100,0,100,0,200,0,100.0,1600.0,100.0,13468399456.0,100.0,1470888680.0
2018-02-24,ZCH06VPP,ST12000NM0007,12000138625024,0,80,92714448,95,0,100,4,100,0,81,129880494,97,2908,100,0,100,4,,,,,100.0,0.0,100.0,0.0,,,64.0,36.0,,,100.0,27.0,99.0,3411.0,36,36,100,0,100,0,200,0,100.0,1625.0,100.0,13494641928.0,100.0,1491051968.0
2018-02-25,ZCH06VPP,ST12000NM0007,12000138625024,0,73,21282136,95,0,100,4,100,0,81,131916731,97,2932,100,0,100,4,,,,,100.0,0.0,100.0,0.0,,,65.0,35.0,,,100.0,28.0,99.0,3412.0,35,35,100,0,100,0,200,0,100.0,1648.0,100.0,13621055376.0,100.0,1537346840.0
2018-02-26,ZCH06VPP,ST12000NM0007,12000138625024,0,78,61229376,95,0,100,4,100,0,81,132522581,97,2956,100,0,100,4,,,,,100.0,0.0,100.0,0.0,,,65.0,35.0,,,100.0,29.0,99.0,3413.0,35,35,100,0,100,0,200,0,100.0,1672.0,100.0,13634330280.0,100.0,1564019176.0
2018-02-27,ZCH06VPP,ST12000NM0007,12000138625024,0,81,130102600,95,0,100,4,100,0,81,133580659,97,2980,100,0,100,4,,,,,100.0,0.0,100.0,0.0,,,72.0,28.0,,,100.0,30.0,99.0,3414.0,28,28,100,0,100,0,200,0,100.0,1696.0,100.0,13662571528.0,100.0,1604651152.0
2018-02-28,ZCH06VPP,ST12000NM0007,12000138625024,0,82,159849272,95,0,100,4,100,0,81,134129018,97,3004,100,0,100,4,,,,,100.0,0.0,100.0,0.0,,,69.0,31.0,,,100.0,31.0,99.0,3415.0,31,31,100,0,100,0,200,0,100.0,1720.0,100.0,13667448072.0,100.0,1629521280.0
2018-03-01,ZCH06VPP,ST12000NM0007,12000138625024,0,83,204069056,95,0,100,4,100,0,81,134740148,97,3030,100,0,100,4,,,,,100.0,0.0,100.0,0.0,,,69.0,31.0,,,100.0,32.0,99.0,3417.0,31,31,100,0,100,0,200,0,100.0,1745.0,100.0,13679973800.0,100.0,1661215336.0
2018-03-02,ZCH06VPP,ST12000NM0007,12000138625024,0,70,9762568,95,0,100,4,100,0,81,135474063,97,3054,100,0,100,4,,,,,100.0,0.0,100.0,0.0,,,68.0,32.0,,,100.0,33.0,99.0,3418.0,32,32,100,0,100,0,200,0,100.0,1769.0,100.0,13693982744.0,100.0,1697041328.0
2018-03-03,ZCH06VPP,ST12000NM0007,12000138625024,0,79,86889600,95,0,100,4,100,0,81,136302296,97,3079,100,0,100,4,,,,,100.0,0.0,100.0,0.0,,,68.0,32.0,,,100.0,34.0,99.0,3419.0,32,32,100,0,100,0,200,0,100.0,1794.0,100.0,13744684512.0,100.0,1723466592.0
2018-03-04,ZCH06VPP,ST12000NM0007,12000138625024,0,84,229327480,95,0,100,4,100,0,81,140205036,97,3102,100,0,100,4,,,,,100.0,0.0,100.0,0.0,,,68.0,32.0,,,100.0,34.0,99.0,3420.0,32,32,100,0,100,0,200,0,100.0,1817.0,100.0,14071115384.0,100.0,1783614256.0
2018-03-05,ZCH06VPP,ST12000NM0007,12000138625024,0,75,34716992,95,0,100,4,100,0,82,143138951,97,3123,100,0,100,4,,,,,100.0,0.0,100.0,0.0,,,68.0,32.0,,,100.0,34.0,99.0,3421.0,32,32,100,0,100,0,200,0,100.0,1838.0,100.0,14339369272.0,100.0,1809031712.0
2018-03-06,ZCH06VPP,ST12000NM0007,12000138625024,0,82,151056976,95,0,100,4,100,0,82,146878998,97,3148,100,0,100,4,,,,,100.0,0.0,100.0,0.0,,,67.0,33.0,,,100.0,34.0,99.0,3422.0,33,33,100,0,100,0,200,0,100.0,1862.0,100.0,14659773432.0,100.0,1849108184.0
2018-03-07,ZCH06VPP,ST12000NM0007,12000138625024,0,72.0,17363104.0,95.0,0.0,100.0,4.0,100.0,0.0,82.0,150608855.0,97.0,3171.0,100.0,0.0,100.0,4.0,,,,,100.0,0.0,100.0,0.0,,,65.0,35.0,,,100.0,34.0,99.0,3423.0,35.0,35.0,100.0,0.0,100.0,0.0,200.0,0.0,100.0,1886.0,100.0,14962369824.0,100.0,1901099416.0
2018-03-08,ZCH06VPP,ST12000NM0007,12000138625024,0,80,105675488,95,0,100,4,100,0,82,153874650,97,3196,100,0,100,4,,,,,100.0,0.0,100.0,0.0,,,67.0,33.0,,,100.0,34.0,99.0,3424.0,33,33,100,0,100,0,200,0,100.0,1910.0,100.0,15269555200.0,100.0,1926367088.0
2018-03-09,ZCH06VPP,ST12000NM0007,12000138625024,0,83,205999824,95,0,100,4,100,0,82,157075326,97,3219,100,0,100,4,,,,,100.0,0.0,100.0,0.0,,,67.0,33.0,,,100.0,34.0,99.0,3425.0,33,33,100,0,100,0,200,0,100.0,1933.0,100.0,15594880888.0,100.0,1945506488.0
2018-03-10,ZCH06VPP,ST12000NM0007,12000138625024,0,84,241737200,95,0,100,4,100,0,82,159525312,97,3244,100,0,100,4,,,,,100.0,0.0,100.0,0.0,,,69.0,31.0,,,100.0,35.0,99.0,3426.0,31,31,100,0,100,0,200,0,100.0,1958.0,100.0,15854951416.0,100.0,1965314064.0
2018-03-11,ZCH06VPP,ST12000NM0007,12000138625024,0,79,81485664,95,0,100,4,100,0,82,160717747,97,3268,100,0,100,4,,,,,100.0,0.0,100.0,0.0,,,69.0,31.0,,,100.0,36.0,99.0,3427.0,31,31,100,0,100,0,200,0,100.0,1982.0,100.0,15892860080.0,100.0,2011294504.0
2018-03-12,ZCH06VPP,ST12000NM0007,12000138625024,0,80,111646792,95,0,100,4,100,0,82,161179074,97,3291,100,0,100,4,,,,,100.0,0.0,100.0,0.0,,,69.0,31.0,,,100.0,37.0,99.0,3428.0,31,31,100,0,100,0,200,0,100.0,2005.0,100.0,15896138240.0,100.0,2038177472.0
2018-03-13,ZCH06VPP,ST12000NM0007,12000138625024,0,83,193527746,94,0,100,5,100,0,82,162485004,97,3321,100,0,100,4,,,,,100.0,0.0,100.0,0.0,,,69.0,31.0,,,100.0,38.0,99.0,3431.0,31,31,100,0,100,0,200,0,100.0,2034.0,100.0,15926137000.0,100.0,2090059666.0
2018-03-14,ZCH06VPP,ST12000NM0007,12000138625024,0,84,224055322,94,0,100,5,100,0,82,163024909,97,3345,100,0,100,4,,,,,100.0,0.0,100.0,0.0,,,68.0,32.0,,,100.0,39.0,99.0,3432.0,32,32,100,0,100,0,200,0,100.0,2057.0,100.0,15930577944.0,100.0,2116146298.0
2018-03-15,ZCH06VPP,ST12000NM0007,12000138625024,0,100,1874184,94,0,100,5,100,0,82,163324058,97,3366,100,0,100,4,,,,,100.0,0.0,100.0,0.0,,,69.0,31.0,,,100.0,39.0,99.0,3433.0,31,31,100,0,100,0,200,0,100.0,2078.0,100.0,15934777440.0,100.0,2133906306.0
2018-03-16,ZCH06VPP,ST12000NM0007,12000138625024,0,80.0,97072272.0,94.0,0.0,100.0,5.0,100.0,0.0,82.0,164339946.0,97.0,3389.0,100.0,0.0,100.0,4.0,,,,,100.0,0.0,100.0,0.0,,,68.0,32.0,,,100.0,40.0,99.0,3434.0,32.0,32.0,100.0,0.0,100.0,0.0,200.0,0.0,100.0,2102.0,100.0,16007349904.0,100.0,2156531930.0
2018-03-17,ZCH06VPP,ST12000NM0007,12000138625024,0,83,198608608,94,0,100,5,100,0,82,167450290,97,3414,100,0,100,4,,,,,100.0,0.0,100.0,0.0,,,68.0,32.0,,,100.0,40.0,99.0,3435.0,32,32,100,0,100,0,200,0,100.0,2126.0,100.0,16339280896.0,100.0,2170278066.0
2018-03-18,ZCH06VPP,ST12000NM0007,12000138625024,0,81,123317040,94,0,100,5,100,0,82,171422748,97,3437,100,0,100,4,,,,,100.0,0.0,100.0,0.0,,,67.0,33.0,,,100.0,40.0,99.0,3436.0,33,33,100,0,100,0,200,0,100.0,2149.0,100.0,16687009296.0,100.0,2235539602.0
2018-03-19,ZCH06VPP,ST12000NM0007,12000138625024,0,84,237939392,94,0,100,5,100,0,82,174733313,97,3461,100,0,100,4,,,,,100.0,0.0,100.0,0.0,,,68.0,32.0,,,100.0,40.0,99.0,3437.0,32,32,100,0,100,0,200,0,100.0,2174.0,100.0,17025826240.0,100.0,2255485658.0
2018-03-20,ZCH06VPP,ST12000NM0007,12000138625024,0,83,219612872,94,0,100,5,100,0,82,176739204,97,3477,100,0,100,4,,,,,100.0,0.0,100.0,0.0,,,68.0,32.0,,,100.0,40.0,99.0,3437.0,32,32,100,0,100,0,200,0,100.0,2189.0,100.0,17241737120.0,100.0,2265388962.0
2018-03-21,ZCH06VPP,ST12000NM0007,12000138625024,0,82,166581224,94,0,100,5,100,0,83,181377866,96,3509,100,0,100,4,,,,,100.0,0.0,100.0,0.0,,,68.0,32.0,,,100.0,40.0,99.0,3439.0,32,32,100,0,100,0,200,0,100.0,2221.0,100.0,17600118088.0,100.0,2342257738.0
2018-03-22,ZCH06VPP,ST12000NM0007,12000138625024,0,81,125456904,94,0,100,5,100,0,83,183092447,96,3534,100,0,100,4,,,,,100.0,0.0,100.0,0.0,,,69.0,31.0,,,100.0,41.0,99.0,3440.0,31,31,100,0,100,0,200,0,100.0,2246.0,100.0,17787044440.0,100.0,2358347906.0
2018-03-23,ZCH06VPP,ST12000NM0007,12000138625024,0,82,147864048,94,0,100,5,100,0,83,183490643,96,3557,100,0,100,4,,,,,100.0,0.0,100.0,0.0,,,69.0,31.0,,,100.0,42.0,99.0,3441.0,31,31,100,0,100,0,200,0,100.0,2269.0,100.0,17792649544.0,100.0,2375149946.0
2018-03-24,ZCH06VPP,ST12000NM0007,12000138625024,0,83,181826136,94,0,100,5,100,0,83,184147712,96,3581,100,0,100,4,,,,,100.0,0.0,100.0,0.0,,,69.0,31.0,,,100.0,43.0,99.0,3442.0,31,31,100,0,100,0,200,0,100.0,2293.0,100.0,17804079952.0,100.0,2397681626.0
2018-03-25,ZCH06VPP,ST12000NM0007,12000138625024,0,74,26356848,94,0,100,5,100,0,83,185750187,96,3606,100,0,100,4,,,,,100.0,0.0,100.0,0.0,,,69.0,31.0,,,100.0,44.0,99.0,3443.0,31,31,100,0,100,0,200,0,100.0,2317.0,100.0,17839395864.0,100.0,2451037066.0
2018-03-26,ZCH06VPP,ST12000NM0007,12000138625024,0,79,73121512,94,0,100,5,100,0,83,186525375,96,3629,100,0,100,4,,,,,100.0,0.0,100.0,0.0,,,69.0,31.0,,,100.0,45.0,99.0,3444.0,31,31,100,0,100,0,200,0,100.0,2341.0,100.0,17853382560.0,100.0,2483815034.0
2018-03-27,ZCH06VPP,ST12000NM0007,12000138625024,0,72,14176920,94,0,100,5,100,0,83,188919223,96,3653,100,0,100,4,,,,,100.0,0.0,100.0,0.0,,,68.0,32.0,,,100.0,45.0,99.0,3445.0,32,32,100,0,100,0,200,0,100.0,2365.0,100.0,17970256456.0,100.0,2552137210.0
2018-03-28,ZCH06VPP,ST12000NM0007,12000138625024,0,82,141878920,94,0,100,5,100,0,83,192390230,96,3678,100,0,100,4,,,,,100.0,0.0,100.0,0.0,,,67.0,33.0,,,100.0,45.0,99.0,3446.0,33,33,100,0,100,0,200,0,100.0,2389.0,100.0,18313977568.0,100.0,2580258882.0
2018-03-29,ZCH06VPP,ST12000NM0007,12000138625024,0,72,14923544,94,0,100,5,100,0,83,195685738,96,3701,100,0,100,4,,,,,100.0,0.0,100.0,0.0,,,68.0,32.0,,,100.0,46.0,99.0,3448.0,32,32,100,0,100,0,200,0,100.0,2413.0,100.0,18643579112.0,100.0,2611983410.0
2018-03-30,ZCH06VPP,ST12000NM0007,12000138625024,0,81,133422832,94,0,100,5,100,0,83,199001588,96,3725,100,0,100,4,,,,,100.0,0.0,100.0,0.0,,,68.0,32.0,,,100.0,46.0,99.0,3449.0,32,32,100,0,100,0,200,0,100.0,2436.0,100.0,18979195224.0,100.0,2639007370.0
2018-03-31,ZCH06VPP,ST12000NM0007,12000138625024,0,84,233191344,94,0,100,5,100,0,83,202066461,96,3749,100,0,100,4,,,,,100.0,0.0,100.0,0.0,,,68.0,32.0,,,100.0,46.0,99.0,3450.0,32,32,100,0,100,0,200,0,100.0,2460.0,100.0,19309944880.0,100.0,2652167138.0
2018-04-01,ZCH06VPP,ST12000NM0007,12000138625024,0,83,200567256,94,0,100,5,100,0,83,206517082,96,3773,100,0,100,4,,,,,100.0,0.0,100.0,0.0,,,68.0,32.0,,,100.0,46.0,99.0,3451.0,32,32,100,0,100,0,200,0,100.0,2484.0,100.0,19675768640.0,100.0,2742000730.0
2018-04-02,ZCH06VPP,ST12000NM0007,12000138625024,0,84,226517360,94,0,100,5,100,0,83,208994908,96,3797,100,0,100,4,,,,,100.0,0.0,100.0,0.0,,,68.0,32.0,,,100.0,46.0,99.0,3452.0,32,32,100,0,100,0,200,0,100.0,2508.0,100.0,19917279120.0,100.0,2770581210.0
2018-04-03,ZCH06VPP,ST12000NM0007,12000138625024,0,78,70350360,94,0,100,5,100,0,83,210471084,96,3822,100,0,100,4,,,,,100.0,0.0,100.0,0.0,,,69.0,31.0,,,100.0,46.0,99.0,3453.0,31,31,100,0,100,0,200,0,100.0,2533.0,100.0,19956198744.0,100.0,2819635354.0
2018-04-04,ZCH06VPP,ST12000NM0007,12000138625024,0,83,202300992,94,0,100,5,100,0,83,211724980,96,3845,100,0,100,4,,,,,100.0,0.0,100.0,0.0,,,68.0,32.0,,,100.0,46.0,99.0,3454.0,32,32,100,0,100,0,200,0,100.0,2556.0,100.0,20076066088.0,100.0,2831718642.0
2018-04-05,ZCH06VPP,ST12000NM0007,12000138625024,0,77,54306800,94,0,100,5,100,0,83,214745144,96,3869,100,0,100,4,,,,,100.0,0.0,100.0,0.0,,,68.0,32.0,,,100.0,46.0,99.0,3455.0,32,32,100,0,100,0,200,0,100.0,2580.0,100.0,20402639160.0,100.0,2845432778.0
2018-04-06,ZCH06VPP,ST12000NM0007,12000138625024,0,83,182125816,94,0,100,5,100,0,83,218148576,96,3894,100,0,100,4,,,,,100.0,0.0,100.0,0.0,,,68.0,32.0,,,100.0,46.0,99.0,3456.0,32,32,100,0,100,0,200,0,100.0,2604.0,100.0,20752931512.0,100.0,2867100346.0
2018-04-07,ZCH06VPP,ST12000NM0007,12000138625024,0,75.0,30243496.0,94.0,0.0,100.0,5.0,100.0,0.0,83.0,221170495.0,96.0,3917.0,100.0,0.0,100.0,4.0,,,,,100.0,0.0,100.0,0.0,,,68.0,32.0,,,100.0,46.0,99.0,3457.0,32.0,32.0,100.0,0.0,100.0,0.0,200.0,0.0,100.0,2628.0,100.0,21075207640.0,100.0,2881223354.0
2018-04-08,ZCH06VPP,ST12000NM0007,12000138625024,0,83,210011336,94,0,100,5,100,0,84,225236863,96,3941,100,0,100,4,,,,,100.0,0.0,100.0,0.0,,,68.0,32.0,,,100.0,46.0,99.0,3458.0,32,32,100,0,100,0,200,0,100.0,2651.0,100.0,21423745616.0,100.0,2956593858.0
2018-04-09,ZCH06VPP,ST12000NM0007,12000138625024,0,80,102217032,94,0,100,5,100,0,84,228831850,96,3966,100,0,100,4,,,,,100.0,0.0,100.0,0.0,,,68.0,32.0,,,100.0,46.0,99.0,3459.0,32,32,100,0,100,0,200,0,100.0,2676.0,100.0,21763868256.0,100.0,2996958346.0
2018-04-10,ZCH06VPP,ST12000NM0007,12000138625024,0,82,147938296,94,0,100,5,100,0,84,232327422,96,3990,100,0,100,4,,,,,100.0,0.0,100.0,0.0,,,66.0,34.0,,,100.0,47.0,99.0,3460.0,34,34,100,0,100,0,200,0,100.0,2700.0,100.0,21995892544.0,100.0,3054796018.0
2018-04-11,ZCH06VPP,ST12000NM0007,12000138625024,0,82,163867272,94,0,100,5,100,0,84,232620674,96,4013,100,0,100,4,,,,,100.0,0.0,100.0,0.0,,,68.0,32.0,,,100.0,48.0,99.0,3461.0,32,32,100,0,100,0,200,0,100.0,2723.0,100.0,21999107648.0,100.0,3067509890.0
2018-04-12,ZCH06VPP,ST12000NM0007,12000138625024,0,83,179176016,94,0,100,5,100,0,84,232889662,96,4037,100,0,100,4,,,,,100.0,0.0,100.0,0.0,,,68.0,32.0,,,100.0,48.0,99.0,3462.0,32,32,100,0,100,0,200,0,100.0,2747.0,100.0,22002660208.0,100.0,3079266074.0
2018-04-13,ZCH06VPP,ST12000NM0007,12000138625024,0,83,193119576,94,0,100,5,100,0,84,233146531,96,4061,100,0,100,4,,,,,100.0,0.0,100.0,0.0,,,68.0,32.0,,,100.0,48.0,99.0,3463.0,32,32,100,0,100,0,200,0,100.0,2771.0,100.0,22005807528.0,100.0,3090062314.0
2018-04-14,ZCH06VPP,ST12000NM0007,12000138625024,0,83,214333352,94,0,100,5,100,0,84,233602582,96,4085,100,0,100,4,,,,,100.0,0.0,100.0,0.0,,,68.0,32.0,,,100.0,49.0,99.0,3464.0,32,32,100,0,100,0,200,0,100.0,2794.0,100.0,22013367048.0,100.0,3103716570.0
2018-04-15,ZCH06VPP,ST12000NM0007,12000138625024,0,78,59961400,94,0,100,5,100,0,84,235313563,96,4109,100,0,100,4,,,,,100.0,0.0,100.0,0.0,,,68.0,32.0,,,100.0,50.0,99.0,3465.0,32,32,100,0,100,0,200,0,100.0,2819.0,100.0,22051517376.0,100.0,3155334930.0
2018-04-16,ZCH06VPP,ST12000NM0007,12000138625024,0,79,80418272,94,0,100,5,100,0,84,235802379,96,4132,100,0,100,4,,,,,100.0,0.0,100.0,0.0,,,68.0,32.0,,,100.0,51.0,99.0,3466.0,32,32,100,0,100,0,200,0,100.0,2842.0,100.0,22055578248.0,100.0,3171730930.0
2018-04-17,ZCH06VPP,ST12000NM0007,12000138625024,0,84,231225344,94,0,100,5,100,0,84,238034354,96,4157,100,0,100,4,,,,,100.0,0.0,100.0,0.0,,,67.0,33.0,,,100.0,51.0,99.0,3467.0,33,33,100,0,100,0,200,0,100.0,2866.0,100.0,22131026256.0,100.0,3247089994.0
2018-04-18,ZCH06VPP,ST12000NM0007,12000138625024,0,70,10188496,94,0,100,5,100,0,84,240366499,96,4180,100,0,100,4,,,,,100.0,0.0,100.0,0.0,,,68.0,32.0,,,100.0,51.0,99.0,3468.0,32,32,100,0,100,0,200,0,100.0,2890.0,100.0,22243589072.0,100.0,3401771810.0
2018-04-19,ZCH06VPP,ST12000NM0007,12000138625024,0,77,53035688,94,0,100,5,100,0,84,242771470,96,4203,100,0,100,4,,,,,100.0,0.0,100.0,0.0,,,67.0,33.0,,,100.0,51.0,99.0,3469.0,33,33,100,0,100,0,200,0,100.0,2913.0,100.0,22381410656.0,100.0,3550938258.0
2018-04-20,ZCH06VPP,ST12000NM0007,12000138625024,0,81,121605736,94,0,100,5,100,0,84,245316953,96,4228,100,0,100,4,,,,,100.0,0.0,100.0,0.0,,,68.0,32.0,,,100.0,51.0,99.0,3470.0,32,32,100,0,100,0,200,0,100.0,2937.0,100.0,22534974640.0,100.0,3710085178.0
2018-04-21,ZCH06VPP,ST12000NM0007,12000138625024,0,77,44707560,94,0,100,5,100,0,84,248383888,96,4253,100,0,100,4,,,,,100.0,0.0,100.0,0.0,,,68.0,32.0,,,100.0,51.0,99.0,3471.0,32,32,100,0,100,0,200,0,100.0,2962.0,100.0,22718974360.0,100.0,3937469042.0
2018-04-22,ZCH06VPP,ST12000NM0007,12000138625024,0,83,191867040,94,0,100,5,100,0,84,252163694,96,4276,100,0,100,4,,,,,100.0,0.0,100.0,0.0,,,68.0,32.0,,,100.0,51.0,99.0,3472.0,32,32,100,0,100,0,200,0,100.0,2985.0,100.0,22900916520.0,100.0,4146826994.0
2018-04-23,ZCH06VPP,ST12000NM0007,12000138625024,0,76,39579640,94,0,100,5,100,0,84,254854705,96,4300,100,0,100,4,,,,,100.0,0.0,100.0,0.0,,,68.0,32.0,,,100.0,51.0,99.0,3473.0,32,32,100,0,100,0,200,0,100.0,3010.0,100.0,23078722384.0,100.0,4305016258.0
2018-04-24,ZCH06VPP,ST12000NM0007,12000138625024,0,83,207498048,94,0,100,5,100,0,84,258187969,96,4325,100,0,100,4,,,,,100.0,0.0,100.0,0.0,,,67.0,33.0,,,100.0,51.0,99.0,3474.0,33,33,100,0,100,0,200,0,100.0,3033.0,100.0,23276511576.0,100.0,4519286218.0
2018-04-25,ZCH06VPP,ST12000NM0007,12000138625024,0,80,106389328,94,0,100,5,100,0,84,262423970,96,4349,100,0,100,4,,,,,100.0,0.0,100.0,0.0,,,67.0,33.0,,,100.0,51.0,99.0,3475.0,33,33,100,0,100,0,200,0,100.0,3058.0,100.0,23467130472.0,100.0,4715840178.0
2018-04-26,ZCH06VPP,ST12000NM0007,12000138625024,0,72,15228968,94,0,100,5,100,0,84,265565681,96,4374,100,0,100,4,,,,,100.0,0.0,100.0,0.0,,,68.0,32.0,,,100.0,51.0,99.0,3476.0,32,32,100,0,100,0,200,0,100.0,3083.0,100.0,23636102720.0,100.0,4943988890.0
2018-04-27,ZCH06VPP,ST12000NM0007,12000138625024,0,81,123632856,94,0,100,5,100,0,84,268156134,95,4398,100,0,100,4,,,,,100.0,0.0,100.0,0.0,,,68.0,32.0,,,100.0,52.0,99.0,3477.0,32,32,100,0,100,0,200,0,100.0,3107.0,100.0,23778714672.0,100.0,5153921562.0
2018-04-28,ZCH06VPP,ST12000NM0007,12000138625024,0,84,224326240,94,0,100,5,100,0,84,270795295,95,4423,100,0,100,4,,,,,100.0,0.0,100.0,0.0,,,68.0,32.0,,,100.0,52.0,99.0,3478.0,32,32,100,0,100,0,200,0,100.0,3132.0,100.0,23949853368.0,100.0,5327616978.0
2018-04-29,ZCH06VPP,ST12000NM0007,12000138625024,0,82,162025472,94,0,100,5,100,0,84,274685589,95,4446,100,0,100,4,,,,,100.0,0.0,100.0,0.0,,,67.0,33.0,,,100.0,53.0,99.0,3479.0,33,33,100,0,100,0,200,0,100.0,3154.0,100.0,24127458904.0,100.0,5575992506.0
2018-04-30,ZCH06VPP,ST12000NM0007,12000138625024,0,70,11215624,94,0,100,5,100,0,84,277033564,95,4470,100,0,100,4,,,,,100.0,0.0,100.0,0.0,,,67.0,33.0,,,100.0,53.0,99.0,3480.0,33,33,100,0,100,0,200,0,100.0,3179.0,100.0,24255455496.0,100.0,5785467874.0
2018-05-01,ZCH06VPP,ST12000NM0007,12000138625024,0,80,105536888,94,0,100,5,100,0,84,280199761,95,4494,100,0,100,4,,,,,100.0,0.0,100.0,0.0,,,67.0,33.0,,,100.0,53.0,99.0,3481.0,33,33,100,0,100,0,200,0,100.0,3202.0,100.0,24408293440.0,100.0,5971092098.0
2018-05-02,ZCH06VPP,ST12000NM0007,12000138625024,0,83.0,217976760.0,94.0,0.0,100.0,5.0,100.0,0.0,85.0,283306367.0,95.0,4519.0,100.0,0.0,100.0,4.0,,,,,100.0,0.0,100.0,0.0,,,67.0,33.0,,,100.0,54.0,99.0,3482.0,33.0,33.0,100.0,0.0,100.0,0.0,200.0,0.0,100.0,3227.0,100.0,24577313968.0,100.0,6158652282.0
2018-05-03,ZCH06VPP,ST12000NM0007,12000138625024,0,73,18960776,94,0,100,5,100,0,85,285891013,95,4541,100,0,100,4,,,,,100.0,0.0,100.0,0.0,,,67.0,33.0,,,100.0,54.0,99.0,3483.0,33,33,100,0,100,0,200,0,100.0,3249.0,100.0,24714227024.0,100.0,6311004842.0
2018-05-04,ZCH06VPP,ST12000NM0007,12000138625024,0,69,7552616,94,0,100,5,100,0,85,287994393,95,4565,100,0,100,4,,,,,100.0,0.0,100.0,0.0,,,67.0,33.0,,,100.0,54.0,99.0,3484.0,33,33,100,0,100,0,200,0,100.0,3273.0,100.0,24832266384.0,100.0,6425698034.0
2018-05-05,ZCH06VPP,ST12000NM0007,12000138625024,0,78,61035056,94,0,100,5,100,0,85,290286065,95,4589,100,0,100,4,,,,,100.0,0.0,100.0,0.0,,,67.0,33.0,,,100.0,54.0,99.0,3485.0,33,33,100,0,100,0,200,0,100.0,3297.0,100.0,24962612368.0,100.0,6592975242.0
2018-05-06,ZCH06VPP,ST12000NM0007,12000138625024,0,83,221166872,94,0,100,5,100,0,85,293955923,95,4613,100,0,100,4,,,,,100.0,0.0,100.0,0.0,,,67.0,33.0,,,100.0,54.0,99.0,3486.0,33,33,100,0,100,0,200,0,100.0,3321.0,100.0,25124110576.0,100.0,6835749482.0
2018-05-07,ZCH06VPP,ST12000NM0007,12000138625024,0,79,86285744,94,0,100,5,100,0,85,296453211,95,4637,100,0,100,4,,,,,100.0,0.0,100.0,0.0,,,67.0,33.0,,,100.0,54.0,99.0,3487.0,33,33,100,0,100,0,200,0,100.0,3345.0,100.0,25261158424.0,100.0,7052102042.0
2018-05-08,ZCH06VPP,ST12000NM0007,12000138625024,0,83,196617616,94,0,100,5,100,0,85,299595201,95,4661,100,0,100,4,,,,,100.0,0.0,100.0,0.0,,,67.0,33.0,,,100.0,55.0,99.0,3488.0,33,33,100,0,100,0,200,0,100.0,3369.0,100.0,25414717504.0,100.0,7253015682.0
2018-05-09,ZCH06VPP,ST12000NM0007,12000138625024,0,78,63675376,94,0,100,5,100,0,85,302597324,95,4684,100,0,100,4,,,,,100.0,0.0,100.0,0.0,,,67.0,33.0,,,100.0,55.0,99.0,3489.0,33,33,100,0,100,0,200,0,100.0,3392.0,100.0,25575426672.0,100.0,7447645922.0
2018-05-10,ZCH06VPP,ST12000NM0007,12000138625024,0,82,169756568,94,0,100,5,100,0,85,305264261,95,4710,100,0,100,4,,,,,100.0,0.0,100.0,0.0,,,67.0,33.0,,,100.0,55.0,99.0,3491.0,33,33,100,0,100,0,200,0,100.0,3417.0,100.0,25719111984.0,100.0,7654182754.0
2018-05-11,ZCH06VPP,ST12000NM0007,12000138625024,0,84,235790456,94,0,100,5,100,0,85,307705265,95,4733,100,0,100,4,,,,,100.0,0.0,100.0,0.0,,,68.0,32.0,,,100.0,55.0,99.0,3492.0,32,32,100,0,100,0,200,0,100.0,3441.0,100.0,25845891856.0,100.0,7837577402.0
2018-05-12,ZCH06VPP,ST12000NM0007,12000138625024,0,77,47522896,94,0,100,5,100,0,85,310255130,95,4757,100,0,100,4,,,,,100.0,0.0,100.0,0.0,,,67.0,33.0,,,100.0,55.0,99.0,3493.0,33,33,100,0,100,0,200,0,100.0,3464.0,100.0,25987649872.0,100.0,7995833610.0
2018-05-13,ZCH06VPP,ST12000NM0007,12000138625024,0,84,233266256,94,0,100,5,100,0,85,313963095,95,4781,100,0,100,4,,,,,100.0,0.0,100.0,0.0,,,67.0,33.0,,,100.0,55.0,99.0,3494.0,33,33,100,0,100,0,200,0,100.0,3488.0,100.0,26150892192.0,100.0,8262475354.0
2018-05-14,ZCH06VPP,ST12000NM0007,12000138625024,0,76,38799752,94,0,100,5,100,0,85,316211049,95,4805,100,0,100,4,,,,,100.0,0.0,100.0,0.0,,,67.0,33.0,,,100.0,56.0,99.0,3495.0,33,33,100,0,100,0,200,0,100.0,3512.0,100.0,26253811264.0,100.0,8453371370.0
2018-05-15,ZCH06VPP,ST12000NM0007,12000138625024,0,81.0,138113824.0,94.0,0.0,100.0,5.0,100.0,0.0,85.0,319604922.0,95.0,4830.0,100.0,0.0,100.0,4.0,,,,,100.0,0.0,100.0,0.0,,,67.0,33.0,,,100.0,57.0,99.0,3496.0,33.0,33.0,100.0,0.0,100.0,0.0,200.0,0.0,100.0,3536.0,100.0,26403873568.0,100.0,8646764018.0
2018-05-16,ZCH06VPP,ST12000NM0007,12000138625024,0,83,217745288,94,0,100,5,100,0,85,322128351,95,4853,100,0,100,4,,,,,100.0,0.0,100.0,0.0,,,68.0,32.0,,,100.0,57.0,99.0,3497.0,32,32,100,0,100,0,200,0,100.0,3560.0,100.0,26523622528.0,100.0,8850787218.0
2018-05-17,ZCH06VPP,ST12000NM0007,12000138625024,0,84,236526976,94,0,100,5,100,0,85,324267652,95,4877,100,0,100,4,,,,,100.0,0.0,100.0,0.0,,,67.0,33.0,,,100.0,57.0,99.0,3498.0,33,33,100,0,100,0,200,0,100.0,3583.0,100.0,26619658136.0,100.0,9017674186.0
2018-05-18,ZCH06VPP,ST12000NM0007,12000138625024,0,84,238964656,94,0,100,5,100,0,85,326352142,95,4901,100,0,100,4,,,,,100.0,0.0,100.0,0.0,,,68.0,32.0,,,100.0,57.0,99.0,3499.0,32,32,100,0,100,0,200,0,100.0,3607.0,100.0,26725065648.0,100.0,9158845210.0
2018-05-19,ZCH06VPP,ST12000NM0007,12000138625024,0,78,59395008,94,0,100,5,100,0,85,328781507,95,4924,100,0,100,4,,,,,100.0,0.0,100.0,0.0,,,68.0,32.0,,,100.0,57.0,99.0,3500.0,32,32,100,0,100,0,200,0,100.0,3631.0,100.0,26844051608.0,100.0,9348570890.0
2018-05-20,ZCH06VPP,ST12000NM0007,12000138625024,0,72,16181152,94,0,100,5,100,0,85,332556890,95,4949,100,0,100,4,,,,,100.0,0.0,100.0,0.0,,,68.0,32.0,,,100.0,57.0,99.0,3501.0,32,32,100,0,100,0,200,0,100.0,3655.0,100.0,27018950520.0,100.0,9618739682.0
2018-05-21,ZCH06VPP,ST12000NM0007,12000138625024,0,79,82494960,94,0,100,5,100,0,85,334922292,95,4972,100,0,100,4,,,,,100.0,0.0,100.0,0.0,,,68.0,32.0,,,100.0,57.0,99.0,3502.0,32,32,100,0,100,0,200,0,100.0,3678.0,100.0,27148124408.0,100.0,9800020434.0
2018-05-22,ZCH06VPP,ST12000NM0007,12000138625024,0,82,144193880,94,0,100,5,100,0,85,337988853,95,4997,100,0,100,4,,,,,100.0,0.0,100.0,0.0,,,68.0,32.0,,,100.0,58.0,99.0,3503.0,32,32,100,0,100,0,200,0,100.0,3703.0,100.0,27280130368.0,100.0,9973854082.0
2018-05-23,ZCH06VPP,ST12000NM0007,12000138625024,0,82,171307696,94,0,100,5,100,0,85,340659169,95,5021,100,0,100,4,,,,,100.0,0.0,100.0,0.0,,,67.0,33.0,,,100.0,58.0,99.0,3504.0,33,33,100,0,100,0,200,0,100.0,3727.0,100.0,27424578664.0,100.0,10100660346.0
2018-05-24,ZCH06VPP,ST12000NM0007,12000138625024,0,83,195506824,94,0,100,5,100,0,85,342959361,95,5044,100,0,100,4,,,,,100.0,0.0,100.0,0.0,,,67.0,33.0,,,100.0,59.0,99.0,3505.0,33,33,100,0,100,0,200,0,100.0,3750.0,100.0,27565246168.0,100.0,10228332754.0
2018-05-25,ZCH06VPP,ST12000NM0007,12000138625024,0,83,180162032,94,0,100,5,100,0,85,347027993,95,5073,100,0,100,4,,,,,100.0,0.0,100.0,0.0,,,67.0,33.0,,,100.0,59.0,99.0,3507.0,33,33,100,0,100,0,200,0,100.0,3779.0,100.0,27736465760.0,100.0,10530049698.0
2018-05-26,ZCH06VPP,ST12000NM0007,12000138625024,0,74,26633696,94,0,100,5,100,0,85,349474004,95,5098,100,0,100,4,,,,,100.0,0.0,100.0,0.0,,,67.0,33.0,,,100.0,60.0,99.0,3508.0,33,33,100,0,100,0,200,0,100.0,3804.0,100.0,27845803616.0,100.0,10755467650.0
2018-05-27,ZCH06VPP,ST12000NM0007,12000138625024,0,81,140293080,94,0,100,5,100,0,85,352699950,95,5122,100,0,100,4,,,,,100.0,0.0,100.0,0.0,,,67.0,33.0,,,100.0,60.0,99.0,3509.0,33,33,100,0,100,0,200,0,100.0,3827.0,100.0,27965056488.0,100.0,10994014898.0
2018-05-28,ZCH06VPP,ST12000NM0007,12000138625024,0,82,157376576,94,0,100,5,100,0,86,354853162,95,5146,100,0,100,4,,,,,100.0,0.0,100.0,0.0,,,66.0,34.0,,,100.0,61.0,99.0,3510.0,34,34,100,0,100,0,200,0,100.0,3851.0,100.0,28043873536.0,100.0,11176422226.0
2018-05-29,ZCH06VPP,ST12000NM0007,12000138625024,0,83,222553576,94,0,100,5,100,0,86,357988365,95,5170,100,0,100,4,,,,,100.0,0.0,100.0,0.0,,,67.0,33.0,,,100.0,62.0,99.0,3511.0,33,33,100,0,100,0,200,0,100.0,3875.0,100.0,28160520224.0,100.0,11369093330.0
2018-05-30,ZCH06VPP,ST12000NM0007,12000138625024,0,77,54521136,94,0,100,5,100,0,86,360366230,95,5194,100,0,100,4,,,,,100.0,0.0,100.0,0.0,,,67.0,33.0,,,100.0,62.0,99.0,3512.0,33,33,100,0,100,0,200,0,100.0,3899.0,100.0,28273683296.0,100.0,11576179426.0
2018-05-31,ZCH06VPP,ST12000NM0007,12000138625024,0,75,34623600,94,0,100,5,100,0,86,362197661,95,5213,100,0,100,4,,,,,100.0,0.0,100.0,0.0,,,67.0,33.0,,,100.0,62.0,99.0,3514.0,33,33,100,0,100,0,200,0,100.0,3918.0,100.0,28371442104.0,100.0,11702663946.0
2018-06-01,ZCH06VPP,ST12000NM0007,12000138625024,0,79,71509912,94,0,100,5,100,0,86,364608014,95,5237,100,0,100,4,,,,,100.0,0.0,100.0,0.0,,,67.0,33.0,,,100.0,63.0,99.0,3515.0,33,33,100,0,100,0,200,0,100.0,3942.0,100.0,28474369608.0,100.0,11880763570.0
2018-06-02,ZCH06VPP,ST12000NM0007,12000138625024,0,80,91378912,94,0,100,5,100,0,86,366761169,94,5261,100,0,100,4,,,,,100.0,0.0,100.0,0.0,,,67.0,33.0,,,100.0,63.0,99.0,3516.0,33,33,100,0,100,0,200,0,100.0,3966.0,100.0,28580570944.0,100.0,12038572130.0
2018-06-03,ZCH06VPP,ST12000NM0007,12000138625024,0,84,226824656,94,0,100,5,100,0,86,370406292,94,5286,100,0,100,4,,,,,100.0,0.0,100.0,0.0,,,67.0,33.0,,,100.0,63.0,99.0,3517.0,33,33,100,0,100,0,200,0,100.0,3990.0,100.0,28725089272.0,100.0,12273640514.0
2018-06-04,ZCH06VPP,ST12000NM0007,12000138625024,0,83,221705336,94,0,100,5,100,0,86,372401072,94,5309,100,0,100,4,,,,,100.0,0.0,100.0,0.0,,,67.0,33.0,,,100.0,63.0,99.0,3518.0,33,33,100,0,100,0,200,0,100.0,4014.0,100.0,28812357872.0,100.0,12425393346.0
2018-06-05,ZCH06VPP,ST12000NM0007,12000138625024,0,79,73999792,94,0,100,5,100,0,86,375520490,94,5333,100,0,100,4,,,,,100.0,0.0,100.0,0.0,,,66.0,34.0,,,100.0,63.0,99.0,3519.0,34,34,100,0,100,0,200,0,100.0,4037.0,100.0,28966858368.0,100.0,12611468906.0
2018-06-06,ZCH06VPP,ST12000NM0007,12000138625024,0,81,140372168,94,0,100,5,100,0,86,378221511,94,5358,100,0,100,4,,,,,100.0,0.0,100.0,0.0,,,67.0,33.0,,,100.0,64.0,99.0,3520.0,33,33,100,0,100,0,200,0,100.0,4062.0,100.0,29098695016.0,100.0,12790145402.0
2018-06-07,ZCH06VPP,ST12000NM0007,12000138625024,0,82,155126392,94,0,100,5,100,0,86,380182915,94,5381,100,0,100,4,,,,,100.0,0.0,100.0,0.0,,,67.0,33.0,,,100.0,65.0,99.0,3521.0,33,33,100,0,100,0,200,0,100.0,4085.0,100.0,29173552632.0,100.0,12974182690.0
2018-06-08,ZCH06VPP,ST12000NM0007,12000138625024,0,83,188682944,94,0,100,5,100,0,86,382463872,94,5405,100,0,100,4,,,,,100.0,0.0,100.0,0.0,,,67.0,33.0,,,100.0,66.0,99.0,3522.0,33,33,100,0,100,0,200,0,100.0,4109.0,100.0,29271342824.0,100.0,13154089986.0
2018-06-09,ZCH06VPP,ST12000NM0007,12000138625024,0,83,219586520,94,0,100,5,100,0,86,384727848,94,5430,100,0,100,4,,,,,100.0,0.0,100.0,0.0,,,68.0,32.0,,,100.0,66.0,99.0,3523.0,32,32,100,0,100,0,200,0,100.0,4133.0,100.0,29374774888.0,100.0,13325702282.0
2018-06-10,ZCH06VPP,ST12000NM0007,12000138625024,0,79,86782680,94,0,100,5,100,0,86,388004227,94,5453,100,0,100,4,,,,,100.0,0.0,100.0,0.0,,,67.0,33.0,,,100.0,66.0,99.0,3524.0,33,33,100,0,100,0,200,0,100.0,4157.0,100.0,29492819016.0,100.0,13563135842.0
2018-06-11,ZCH06VPP,ST12000NM0007,12000138625024,0,79,84719880,94,0,100,5,100,0,86,390186403,94,5477,100,0,100,4,,,,,100.0,0.0,100.0,0.0,,,67.0,33.0,,,100.0,66.0,99.0,3525.0,33,33,100,0,100,0,200,0,100.0,4180.0,100.0,29597501272.0,100.0,13700531674.0
2018-06-12,ZCH06VPP,ST12000NM0007,12000138625024,0,81,134640736,94,0,100,5,100,0,86,393356048,94,5501,100,0,100,4,,,,,100.0,0.0,100.0,0.0,,,67.0,33.0,,,100.0,66.0,99.0,3526.0,33,33,100,0,100,0,200,0,100.0,4204.0,100.0,29723005816.0,100.0,13869089002.0
2018-06-13,ZCH06VPP,ST12000NM0007,12000138625024,0,83,210104000,94,0,100,5,100,0,86,395979645,94,5529,100,0,100,4,,,,,100.0,0.0,100.0,0.0,,,67.0,33.0,,,100.0,67.0,99.0,3529.0,33,33,100,0,100,0,200,0,100.0,4232.0,100.0,29832890936.0,100.0,14078807994.0
2018-06-14,ZCH06VPP,ST12000NM0007,12000138625024,0,84,242337912,94,0,100,5,100,0,86,398126583,94,5553,100,0,100,4,,,,,100.0,0.0,100.0,0.0,,,67.0,33.0,,,100.0,68.0,99.0,3530.0,33,33,100,0,100,0,200,0,100.0,4256.0,100.0,29922401280.0,100.0,14265672346.0
2018-06-15,ZCH06VPP,ST12000NM0007,12000138625024,0,84.0,224348608.0,94.0,0.0,100.0,5.0,100.0,0.0,86.0,400275080.0,94.0,5577.0,100.0,0.0,100.0,4.0,,,,,100.0,0.0,100.0,0.0,,,67.0,33.0,,,100.0,69.0,99.0,3531.0,33.0,33.0,100.0,0.0,100.0,0.0,200.0,0.0,100.0,4280.0,100.0,30024279640.0,100.0,14389945322.0
2018-06-16,ZCH06VPP,ST12000NM0007,12000138625024,0,83.0,216793232.0,94.0,0.0,100.0,5.0,100.0,0.0,86.0,402227992.0,94.0,5601.0,100.0,0.0,100.0,4.0,,,,,100.0,0.0,100.0,0.0,,,67.0,33.0,,,100.0,69.0,99.0,3532.0,33.0,33.0,100.0,0.0,100.0,0.0,200.0,0.0,100.0,4304.0,100.0,30094295568.0,100.0,14556514954.0
2018-06-17,ZCH06VPP,ST12000NM0007,12000138625024,0,77.0,55173344.0,94.0,0.0,100.0,5.0,100.0,0.0,86.0,405453928.0,94.0,5625.0,100.0,0.0,100.0,4.0,,,,,100.0,0.0,100.0,0.0,,,67.0,33.0,,,100.0,70.0,99.0,3533.0,33.0,33.0,100.0,0.0,100.0,0.0,200.0,0.0,100.0,4328.0,100.0,30214807200.0,100.0,14762664738.0
2018-06-18,ZCH06VPP,ST12000NM0007,12000138625024,0,76.0,37690328.0,94.0,0.0,100.0,5.0,100.0,0.0,86.0,407485056.0,94.0,5649.0,100.0,0.0,100.0,4.0,,,,,100.0,0.0,100.0,0.0,,,67.0,33.0,,,100.0,70.0,99.0,3534.0,33.0,33.0,100.0,0.0,100.0,0.0,200.0,0.0,100.0,4351.0,100.0,30296784128.0,100.0,14907345474.0
2018-06-19,ZCH06VPP,ST12000NM0007,12000138625024,0,81,126550832,94,0,100,5,100,0,86,410936055,94,5673,100,0,100,4,,,,,100.0,0.0,100.0,0.0,,,67.0,33.0,,,100.0,71.0,99.0,3535.0,33,33,100,0,100,0,200,0,100.0,4375.0,100.0,30428689672.0,100.0,15108441066.0
2018-06-20,ZCH06VPP,ST12000NM0007,12000138625024,0,83,184984624,94,0,100,5,100,0,86,413335221,94,5698,100,0,100,4,,,,,100.0,0.0,100.0,0.0,,,68.0,32.0,,,100.0,72.0,99.0,3536.0,32,32,100,0,100,0,200,0,100.0,4400.0,100.0,30517736568.0,100.0,15321968674.0
2018-06-21,ZCH06VPP,ST12000NM0007,12000138625024,0,83,204319856,94,0,100,5,100,0,86,415437684,94,5721,100,0,100,4,,,,,100.0,0.0,100.0,0.0,,,65.0,35.0,,,100.0,72.0,99.0,3537.0,35,35,100,0,100,0,200,0,100.0,4424.0,100.0,30613830600.0,100.0,15489350722.0
2018-06-22,ZCH06VPP,ST12000NM0007,12000138625024,0,84,225255424,94,0,100,5,100,0,86,417650989,94,5745,100,0,100,4,,,,,100.0,0.0,100.0,0.0,,,67.0,33.0,,,100.0,72.0,99.0,3538.0,33,33,100,0,100,0,200,0,100.0,4447.0,100.0,30720996904.0,100.0,15647260698.0
2018-06-23,ZCH06VPP,ST12000NM0007,12000138625024,0,77,50005400,94,0,100,5,100,0,86,419928187,94,5769,100,0,100,4,,,,,100.0,0.0,100.0,0.0,,,68.0,32.0,,,100.0,72.0,99.0,3539.0,32,32,100,0,100,0,200,0,100.0,4472.0,100.0,30824412600.0,100.0,15856876570.0
2018-06-24,ZCH06VPP,ST12000NM0007,12000138625024,0,82,166519952,94,0,100,5,100,0,86,423076411,94,5793,100,0,100,4,,,,,100.0,0.0,100.0,0.0,,,68.0,32.0,,,100.0,72.0,99.0,3540.0,32,32,100,0,100,0,200,0,100.0,4495.0,100.0,30933458896.0,100.0,16108485666.0
2018-06-25,ZCH06VPP,ST12000NM0007,12000138625024,0,81,119254616,94,0,100,5,100,0,86,424946634,94,5817,100,0,100,4,,,,,100.0,0.0,100.0,0.0,,,68.0,32.0,,,100.0,73.0,99.0,3541.0,32,32,100,0,100,0,200,0,100.0,4519.0,100.0,31013782080.0,100.0,16225037826.0
2018-06-26,ZCH06VPP,ST12000NM0007,12000138625024,0,81,119761168,94,0,100,5,100,0,86,427943259,94,5842,100,0,100,4,,,,,100.0,0.0,100.0,0.0,,,68.0,32.0,,,100.0,74.0,99.0,3542.0,32,32,100,0,100,0,200,0,100.0,4544.0,100.0,31128432424.0,100.0,16355034738.0
2018-06-27,ZCH06VPP,ST12000NM0007,12000138625024,0,80,98145024,94,0,100,5,100,0,86,430156868,94,5865,100,0,100,4,,,,,100.0,0.0,100.0,0.0,,,68.0,32.0,,,100.0,74.0,99.0,3543.0,32,32,100,0,100,0,200,0,100.0,4567.0,100.0,31221590904.0,100.0,16484400834.0
2018-06-28,ZCH06VPP,ST12000NM0007,12000138625024,0,78,58491016,94,0,100,5,100,0,86,431873963,94,5882,100,0,100,4,,,,,100.0,0.0,100.0,0.0,,,68.0,32.0,,,100.0,74.0,99.0,3543.0,32,32,100,0,100,0,200,0,100.0,4584.0,100.0,31280522640.0,100.0,16629955866.0
2018-06-29,ZCH06VPP,ST12000NM0007,12000138625024,0,77,50024656,94,0,100,5,100,0,86,433922732,94,5906,100,0,100,4,,,,,100.0,0.0,100.0,0.0,,,68.0,32.0,,,100.0,75.0,99.0,3546.0,32,32,100,0,100,0,200,0,100.0,4608.0,100.0,31354610376.0,100.0,16791542842.0
2018-06-30,ZCH06VPP,ST12000NM0007,12000138625024,0,78,70638080,94,0,100,5,100,0,86,436302935,94,5930,100,0,100,4,,,,,100.0,0.0,100.0,0.0,,,68.0,32.0,,,100.0,75.0,99.0,3547.0,32,32,100,0,100,0,200,0,100.0,4632.0,100.0,31445335760.0,100.0,16965571786.0
2018-07-01,ZCH06VPP,ST12000NM0007,12000138625024,0,84,236275280,94,0,100,5,100,0,86,439938591,94,5955,100,0,100,4,,,,,100.0,0.0,100.0,0.0,,,68.0,32.0,,,100.0,75.0,99.0,3549.0,32,32,100,0,100,0,200,0,100.0,4656.0,100.0,31582832672.0,100.0,17237853730.0
2018-07-02,ZCH06VPP,ST12000NM0007,12000138625024,0,74,24970776,94,0,100,5,100,0,86,442100844,94,5978,100,0,100,4,,,,,100.0,0.0,100.0,0.0,,,68.0,32.0,,,100.0,75.0,99.0,3549.0,32,32,100,0,100,0,200,0,100.0,4680.0,100.0,31667593520.0,100.0,17430069722.0
2018-07-03,ZCH06VPP,ST12000NM0007,12000138625024,0,78,60215208,94,0,100,5,100,0,86,444795709,94,6003,100,0,100,4,,,,,100.0,0.0,100.0,0.0,,,67.0,33.0,,,100.0,76.0,99.0,3551.0,33,33,100,0,100,0,200,0,100.0,4704.0,100.0,31759740216.0,100.0,17617308130.0
2018-07-04,ZCH06VPP,ST12000NM0007,12000138625024,0,79,83864064,94,0,100,5,100,0,87,447664385,94,6027,100,0,100,4,,,,,100.0,0.0,100.0,0.0,,,68.0,32.0,,,100.0,77.0,99.0,3552.0,32,32,100,0,100,0,200,0,100.0,4728.0,100.0,31876454736.0,100.0,17768383562.0
2018-07-05,ZCH06VPP,ST12000NM0007,12000138625024,0,79,73826712,94,0,100,5,100,0,87,449846778,94,6050,100,0,100,4,,,,,100.0,0.0,100.0,0.0,,,68.0,32.0,,,100.0,77.0,99.0,3552.0,32,32,100,0,100,0,200,0,100.0,4751.0,100.0,31973048640.0,100.0,17905892962.0
2018-07-06,ZCH06VPP,ST12000NM0007,12000138625024,0,80,97219688,94,0,100,5,100,0,87,452014985,94,6075,100,0,100,4,,,,,100.0,0.0,100.0,0.0,,,68.0,32.0,,,100.0,79.0,99.0,3554.0,32,32,100,0,100,0,200,0,100.0,4776.0,100.0,32065733880.0,100.0,18080741658.0
2018-07-07,ZCH06VPP,ST12000NM0007,12000138625024,0,81,129640136,94,0,100,5,100,0,87,454225174,94,6098,100,0,100,4,,,,,100.0,0.0,100.0,0.0,,,68.0,32.0,,,100.0,79.0,99.0,3554.0,32,32,100,0,100,0,200,0,100.0,4799.0,100.0,32155563640.0,100.0,18267473242.0
2018-07-08,ZCH06VPP,ST12000NM0007,12000138625024,0,84,243575304,94,0,100,5,100,0,87,457530811,94,6123,100,0,100,4,,,,,100.0,0.0,100.0,0.0,,,68.0,32.0,,,100.0,79.0,99.0,3555.0,32,32,100,0,100,0,200,0,100.0,4823.0,100.0,32279055264.0,100.0,18502057418.0
2018-07-09,ZCH06VPP,ST12000NM0007,12000138625024,0,84,242876336,94,0,100,5,100,0,87,459872987,93,6146,100,0,100,4,,,,,100.0,0.0,100.0,0.0,,,68.0,32.0,,,100.0,79.0,99.0,3556.0,32,32,100,0,100,0,200,0,100.0,4847.0,100.0,32382349848.0,100.0,18642204650.0
2018-07-10,ZCH06VPP,ST12000NM0007,12000138625024,0,84.0,241653376.0,94.0,0.0,100.0,5.0,100.0,0.0,87.0,462562203.0,93.0,6170.0,100.0,0.0,100.0,4.0,,,,,100.0,0.0,100.0,0.0,,,68.0,32.0,,,100.0,79.0,99.0,3557.0,32.0,32.0,100.0,0.0,100.0,0.0,200.0,0.0,100.0,4871.0,100.0,32487640272.0,100.0,18779831930.0
2018-07-11,ZCH06VPP,ST12000NM0007,12000138625024,0,71,13893848,94,0,100,5,100,0,87,465104232,93,6195,100,0,100,4,,,,,100.0,0.0,100.0,0.0,,,68.0,32.0,,,100.0,80.0,99.0,3558.0,32,32,100,0,100,0,200,0,100.0,4895.0,100.0,32570801768.0,100.0,18957192418.0
2018-07-12,ZCH06VPP,ST12000NM0007,12000138625024,0,71,12954824,94,0,100,5,100,0,87,467312960,93,6223,100,0,100,4,,,,,100.0,0.0,100.0,0.0,,,68.0,32.0,,,100.0,81.0,99.0,3560.0,32,32,100,0,100,0,200,0,100.0,4922.0,100.0,32645423096.0,100.0,19125773090.0
2018-07-13,ZCH06VPP,ST12000NM0007,12000138625024,0,79,75646600,94,0,100,5,100,0,87,469378147,93,6247,100,0,100,4,,,,,100.0,0.0,100.0,0.0,,,68.0,32.0,,,100.0,81.0,99.0,3561.0,32,32,100,0,100,0,200,0,100.0,4947.0,100.0,32726015584.0,100.0,19352013250.0
2018-07-14,ZCH06VPP,ST12000NM0007,12000138625024,0,74,24597256,94,0,100,5,100,0,87,471109069,93,6271,100,0,100,4,,,,,100.0,0.0,100.0,0.0,,,68.0,32.0,,,100.0,82.0,99.0,3562.0,32,32,100,0,100,0,200,0,100.0,4971.0,100.0,32798914376.0,100.0,19472205890.0
2018-07-15,ZCH06VPP,ST12000NM0007,12000138625024,0,82,141867840,94,0,100,5,100,0,87,474371129,93,6295,100,0,100,4,,,,,100.0,0.0,100.0,0.0,,,68.0,32.0,,,100.0,82.0,99.0,3563.0,32,32,100,0,100,0,200,0,100.0,4995.0,100.0,32908162216.0,100.0,19724369490.0
2018-07-16,ZCH06VPP,ST12000NM0007,12000138625024,0,81,117396608,94,0,100,5,100,0,87,476595188,93,6319,100,0,100,4,,,,,100.0,0.0,100.0,0.0,,,68.0,32.0,,,100.0,82.0,99.0,3564.0,32,32,100,0,100,0,200,0,100.0,5019.0,100.0,32993659888.0,100.0,19858541322.0
2018-07-17,ZCH06VPP,ST12000NM0007,12000138625024,0,83,189668200,94,0,100,5,100,0,87,479800254,93,6343,100,0,100,4,,,,,100.0,0.0,100.0,0.0,,,68.0,32.0,,,100.0,83.0,99.0,3565.0,32,32,100,0,100,0,200,0,100.0,5042.0,100.0,33122097792.0,100.0,20046515978.0
2018-07-18,ZCH06VPP,ST12000NM0007,12000138625024,0,84,240489544,94,0,100,5,100,0,87,482134710,93,6369,100,0,100,4,,,,,100.0,0.0,100.0,0.0,,,68.0,32.0,,,100.0,83.0,99.0,3566.0,32,32,100,0,100,0,200,0,100.0,5069.0,100.0,33226294824.0,100.0,20237280930.0
2018-07-19,ZCH06VPP,ST12000NM0007,12000138625024,0,84,230258040,94,0,100,5,100,0,87,484144977,93,6394,100,0,100,4,,,,,100.0,0.0,100.0,0.0,,,68.0,32.0,,,100.0,84.0,99.0,3567.0,32,32,100,0,100,0,200,0,100.0,5093.0,100.0,33314383944.0,100.0,20383101154.0
2018-07-20,ZCH06VPP,ST12000NM0007,12000138625024,0,83,206919840,94,0,100,5,100,0,87,486070694,93,6418,100,0,100,4,,,,,100.0,0.0,100.0,0.0,,,68.0,32.0,,,100.0,84.0,99.0,3568.0,32,32,100,0,100,0,200,0,100.0,5117.0,100.0,33397985144.0,100.0,20520302474.0
2018-07-21,ZCH06VPP,ST12000NM0007,12000138625024,0,83,222129184,94,0,100,5,100,0,87,488245055,93,6441,100,0,100,4,,,,,100.0,0.0,100.0,0.0,,,68.0,32.0,,,100.0,85.0,99.0,3569.0,32,32,100,0,100,0,200,0,100.0,5140.0,100.0,33491842664.0,100.0,20685795146.0
2018-07-22,ZCH06VPP,ST12000NM0007,12000138625024,0,80,110508848,94,0,100,5,100,0,87,491752638,93,6465,100,0,100,4,,,,,100.0,0.0,100.0,0.0,,,68.0,32.0,,,100.0,86.0,99.0,3570.0,32,32,100,0,100,0,200,0,100.0,5164.0,100.0,33613896600.0,100.0,20940402354.0
2018-07-23,ZCH06VPP,ST12000NM0007,12000138625024,0,82,153354920,94,0,100,5,100,0,87,493938387,93,6490,100,0,100,4,,,,,100.0,0.0,100.0,0.0,,,68.0,32.0,,,100.0,87.0,99.0,3571.0,32,32,100,0,100,0,200,0,100.0,5189.0,100.0,33701451976.0,100.0,21139833682.0
2018-07-24,ZCH06VPP,ST12000NM0007,12000138625024,0,84,239671872,94,0,100,5,100,0,87,497169581,93,6514,100,0,100,4,,,,,100.0,0.0,100.0,0.0,,,67.0,33.0,,,100.0,87.0,99.0,3572.0,33,33,100,0,100,0,200,0,100.0,5213.0,100.0,33841779872.0,100.0,21329963826.0
2018-07-25,ZCH06VPP,ST12000NM0007,12000138625024,0,70.0,10909688.0,94.0,0.0,100.0,5.0,100.0,0.0,87.0,499490647.0,93.0,6538.0,100.0,0.0,100.0,4.0,,,,,100.0,0.0,100.0,0.0,,,67.0,33.0,,,100.0,88.0,99.0,3573.0,33.0,33.0,100.0,0.0,100.0,0.0,200.0,0.0,100.0,5237.0,100.0,33944496600.0,100.0,21486766370.0
2018-07-26,ZCH06VPP,ST12000NM0007,12000138625024,0,84,227897044,93,0,100,6,100,0,87,501508552,93,6559,100,0,100,5,,,,,100.0,0.0,100.0,0.0,,,65.0,35.0,,,100.0,88.0,99.0,3577.0,35,35,100,0,100,0,200,0,100.0,5257.0,100.0,34028771904.0,100.0,21619478422.0
2018-07-27,ZCH06VPP,ST12000NM0007,12000138625024,0,74,25031408,93,0,100,6,100,0,87,504167967,93,6583,100,0,100,5,,,,,100.0,0.0,100.0,0.0,,,66.0,34.0,,,100.0,89.0,99.0,3578.0,34,34,100,0,100,0,200,0,100.0,5280.0,100.0,34139409048.0,100.0,21794257334.0
2018-07-28,ZCH06VPP,ST12000NM0007,12000138625024,0,79,83940552,93,0,100,6,100,0,87,506524239,93,6607,100,0,100,5,,,,,100.0,0.0,100.0,0.0,,,66.0,34.0,,,100.0,89.0,99.0,3579.0,34,34,100,0,100,0,200,0,100.0,5304.0,100.0,34242886528.0,100.0,21993829678.0
2018-07-29,ZCH06VPP,ST12000NM0007,12000138625024,0,82,157053640,93,0,100,6,100,0,87,509629121,93,6631,100,0,100,5,,,,,100.0,0.0,100.0,0.0,,,66.0,34.0,,,100.0,89.0,99.0,3580.0,34,34,100,0,100,0,200,0,100.0,5329.0,100.0,34365324584.0,100.0,22188645430.0
2018-07-30,ZCH06VPP,ST12000NM0007,12000138625024,0,83,203158016,93,0,100,6,100,0,87,511771007,93,6655,100,0,100,5,,,,,100.0,0.0,100.0,0.0,,,66.0,34.0,,,100.0,89.0,99.0,3581.0,34,34,100,0,100,0,200,0,100.0,5352.0,100.0,34463602336.0,100.0,22380612798.0
2018-07-31,ZCH06VPP,ST12000NM0007,12000138625024,0,81,118204032,93,0,100,6,100,0,87,515409806,93,6679,100,0,100,5,,,,,100.0,0.0,100.0,0.0,,,65.0,35.0,,,100.0,89.0,99.0,3582.0,35,35,100,0,100,0,200,0,100.0,5376.0,100.0,34639135152.0,100.0,22608408438.0
2018-08-01,ZCH06VPP,ST12000NM0007,12000138625024,0,81,135259144,93,0,100,6,100,0,87,517608641,93,6703,100,0,100,5,,,,,100.0,0.0,100.0,0.0,,,66.0,34.0,,,100.0,89.0,99.0,3583.0,34,34,100,0,100,0,200,0,100.0,5400.0,100.0,34739826768.0,100.0,22768912574.0
2018-08-02,ZCH06VPP,ST12000NM0007,12000138625024,0,83,183824112,93,0,100,6,100,0,87,519837851,93,6727,100,0,100,5,,,,,100.0,0.0,100.0,0.0,,,66.0,34.0,,,100.0,89.0,99.0,3584.0,34,34,100,0,100,0,200,0,100.0,5424.0,100.0,34842850464.0,100.0,22958594534.0
2018-08-03,ZCH06VPP,ST12000NM0007,12000138625024,0,84,243375248,93,0,100,6,100,0,87,522286711,93,6751,100,0,100,5,,,,,100.0,0.0,100.0,0.0,,,66.0,34.0,,,100.0,90.0,99.0,3585.0,34,34,100,0,100,0,200,0,100.0,5448.0,100.0,34947985512.0,100.0,23157151486.0
2018-08-04,ZCH06VPP,ST12000NM0007,12000138625024,0,84,235492856,93,0,100,6,100,0,87,524451280,93,6775,100,0,100,5,,,,,100.0,0.0,100.0,0.0,,,66.0,34.0,,,100.0,91.0,99.0,3586.0,34,34,100,0,100,0,200,0,100.0,5472.0,100.0,35057664256.0,100.0,23283731086.0
2018-08-05,ZCH06VPP,ST12000NM0007,12000138625024,0,79,88746072,93,0,100,6,100,0,87,527739554,93,6800,100,0,100,5,,,,,100.0,0.0,100.0,0.0,,,66.0,34.0,,,100.0,91.0,99.0,3587.0,34,34,100,0,100,0,200,0,100.0,5496.0,100.0,35191141416.0,100.0,23491788502.0
2018-08-06,ZCH06VPP,ST12000NM0007,12000138625024,0,80,106907432,93,0,100,6,100,0,87,529934758,93,6823,100,0,100,5,,,,,100.0,0.0,100.0,0.0,,,66.0,34.0,,,100.0,92.0,99.0,3588.0,34,34,100,0,100,0,200,0,100.0,5519.0,100.0,35292150824.0,100.0,23653081182.0
2018-08-07,ZCH06VPP,ST12000NM0007,12000138625024,0,84,242408448,93,0,100,6,100,0,87,533541566,93,6847,100,0,100,5,,,,,100.0,0.0,100.0,0.0,,,66.0,34.0,,,100.0,92.0,99.0,3589.0,34,34,100,0,100,0,200,0,100.0,5543.0,100.0,35444664976.0,100.0,23880208694.0
2018-08-08,ZCH06VPP,ST12000NM0007,12000138625024,0,76,38633432,93,0,100,6,100,0,87,535784940,93,6871,100,0,100,5,,,,,100.0,0.0,100.0,0.0,,,66.0,34.0,,,100.0,92.0,99.0,3590.0,34,34,100,0,100,0,200,0,100.0,5567.0,100.0,35532274680.0,100.0,24077105446.0
2018-08-09,ZCH06VPP,ST12000NM0007,12000138625024,0,76,40990008,93,0,100,6,100,0,87,537766002,93,6893,100,0,100,5,,,,,100.0,0.0,100.0,0.0,,,66.0,34.0,,,100.0,92.0,99.0,3591.0,34,34,100,0,100,0,200,0,100.0,5589.0,100.0,35624507432.0,100.0,24231370102.0
2018-08-10,ZCH06VPP,ST12000NM0007,12000138625024,0,80,97308224,93,0,100,6,100,0,87,540032278,93,6916,100,0,100,5,,,,,100.0,0.0,100.0,0.0,,,66.0,34.0,,,100.0,93.0,99.0,3592.0,34,34,100,0,100,0,200,0,100.0,5612.0,100.0,35724505880.0,100.0,24431830502.0
2018-08-11,ZCH06VPP,ST12000NM0007,12000138625024,0,82,145969320,93,0,100,6,100,0,87,542478028,93,6941,100,0,100,5,,,,,100.0,0.0,100.0,0.0,,,66.0,34.0,,,100.0,94.0,99.0,3593.0,34,34,100,0,100,0,200,0,100.0,5636.0,100.0,35832140720.0,100.0,24616997406.0
2018-08-12,ZCH06VPP,ST12000NM0007,12000138625024,0,83,218058480,93,0,100,6,100,0,87,545716925,93,6965,100,0,100,5,,,,,100.0,0.0,100.0,0.0,,,66.0,34.0,,,100.0,95.0,99.0,3594.0,34,34,100,0,100,0,200,0,100.0,5660.0,100.0,35960619880.0,100.0,24804748286.0
2018-08-13,ZCH06VPP,ST12000NM0007,12000138625024,0,77,55058192,93,0,100,6,100,0,87,548223910,93,6988,100,0,100,5,,,,,100.0,0.0,100.0,0.0,,,66.0,34.0,,,100.0,95.0,99.0,3595.0,34,34,100,0,100,0,200,0,100.0,5683.0,100.0,36078644168.0,100.0,25012005302.0
2018-08-14,ZCH06VPP,ST12000NM0007,12000138625024,0,82.0,161435128.0,93.0,0.0,100.0,6.0,100.0,0.0,87.0,551620556.0,92.0,7013.0,100.0,0.0,100.0,5.0,,,,,100.0,0.0,100.0,0.0,,,66.0,34.0,,,100.0,95.0,99.0,3596.0,34.0,34.0,100.0,0.0,100.0,0.0,200.0,0.0,100.0,5708.0,100.0,36236646768.0,100.0,25204520318.0
2018-08-15,ZCH06VPP,ST12000NM0007,12000138625024,0,71.0,11858496.0,93.0,0.0,100.0,6.0,100.0,0.0,87.0,554320272.0,92.0,7038.0,100.0,0.0,100.0,5.0,,,,,100.0,0.0,100.0,0.0,,,66.0,34.0,,,100.0,95.0,99.0,3597.0,34.0,34.0,100.0,0.0,100.0,0.0,200.0,0.0,100.0,5733.0,100.0,36359052432.0,100.0,25420819918.0
2018-08-16,ZCH06VPP,ST12000NM0007,12000138625024,0,75,32701512,93,0,100,6,100,0,87,556431145,92,7062,100,0,100,5,,,,,100.0,0.0,100.0,0.0,,,66.0,34.0,,,100.0,96.0,99.0,3598.0,34,34,100,0,100,0,200,0,100.0,5757.0,100.0,36445343160.0,100.0,25599525902.0
2018-08-17,ZCH06VPP,ST12000NM0007,12000138625024,0,84,228544544,93,0,100,6,100,0,87,558245661,92,7086,100,0,100,5,,,,,100.0,0.0,100.0,0.0,,,66.0,34.0,,,100.0,96.0,99.0,3599.0,34,34,100,0,100,0,200,0,100.0,5780.0,100.0,36516741912.0,100.0,25723970182.0
2018-08-18,ZCH06VPP,ST12000NM0007,12000138625024,0,75,31553200,93,0,100,6,100,0,87,560643632,92,7111,100,0,100,5,,,,,100.0,0.0,100.0,0.0,,,66.0,34.0,,,100.0,97.0,99.0,3600.0,34,34,100,0,100,0,200,0,100.0,5805.0,100.0,36607438456.0,100.0,25924563998.0
2018-08-19,ZCH06VPP,ST12000NM0007,12000138625024,0,81,136066248,93,0,100,6,100,0,88,563933079,92,7134,100,0,100,5,,,,,100.0,0.0,100.0,0.0,,,66.0,34.0,,,100.0,98.0,99.0,3601.0,34,34,100,0,100,0,200,0,100.0,5828.0,100.0,36729609000.0,100.0,26151047166.0
2018-08-20,ZCH06VPP,ST12000NM0007,12000138625024,0,82,174715432,93,0,100,6,100,0,88,566154547,92,7159,100,0,100,5,,,,,100.0,0.0,100.0,0.0,,,66.0,34.0,,,100.0,98.0,99.0,3602.0,34,34,100,0,100,0,200,0,100.0,5853.0,100.0,36818424760.0,100.0,26345021670.0
2018-08-21,ZCH06VPP,ST12000NM0007,12000138625024,0,84,224629000,93,0,100,6,100,0,88,569179869,92,7182,100,0,100,5,,,,,100.0,0.0,100.0,0.0,,,66.0,34.0,,,100.0,99.0,99.0,3603.0,34,34,100,0,100,0,200,0,100.0,5876.0,100.0,36933604448.0,100.0,26523897574.0
2018-08-22,ZCH06VPP,ST12000NM0007,12000138625024,0,70,10783000,93,0,100,6,100,0,88,571414174,92,7207,100,0,100,5,,,,,100.0,0.0,100.0,0.0,,,66.0,34.0,,,100.0,100.0,99.0,3604.0,34,34,100,0,100,0,200,0,100.0,5901.0,100.0,37028791776.0,100.0,26703145694.0
2018-08-23,ZCH06VPP,ST12000NM0007,12000138625024,0,100,1617528,93,0,100,6,100,0,88,573294298,92,7230,100,0,100,5,,,,,100.0,0.0,100.0,0.0,,,67.0,33.0,,,100.0,100.0,99.0,3605.0,33,33,100,0,100,0,200,0,100.0,5924.0,100.0,37107674520.0,100.0,26859238318.0
2018-08-24,ZCH06VPP,ST12000NM0007,12000138625024,0,82,176673608,93,0,100,6,100,0,88,575011210,92,7255,100,0,100,5,,,,,100.0,0.0,100.0,0.0,,,67.0,33.0,,,100.0,100.0,99.0,3606.0,33,33,100,0,100,0,200,0,100.0,5948.0,100.0,37179551016.0,100.0,26962417902.0
2018-08-25,ZCH06VPP,ST12000NM0007,12000138625024,0,82,153207240,93,0,100,6,100,0,88,577271435,92,7278,100,0,100,5,,,,,100.0,0.0,100.0,0.0,,,66.0,34.0,,,100.0,100.0,99.0,3607.0,34,34,100,0,100,0,200,0,100.0,5972.0,100.0,37260391672.0,100.0,27102251702.0
2018-08-26,ZCH06VPP,ST12000NM0007,12000138625024,0,100,2259536,93,0,100,6,100,0,88,580456898,92,7302,100,0,100,5,,,,,100.0,0.0,100.0,0.0,,,67.0,33.0,,,100.0,100.0,99.0,3608.0,33,33,100,0,100,0,200,0,100.0,5996.0,100.0,37369876088.0,100.0,27330101182.0
2018-08-27,ZCH06VPP,ST12000NM0007,12000138625024,0,75,29427504,93,0,100,6,100,0,88,582575453,92,7326,100,0,100,5,,,,,100.0,0.0,100.0,0.0,,,66.0,34.0,,,100.0,101.0,99.0,3609.0,34,34,100,0,100,0,200,0,100.0,6020.0,100.0,37445305456.0,100.0,27525980918.0
2018-08-28,ZCH06VPP,ST12000NM0007,12000138625024,0,80,97029728,93,0,100,6,100,0,88,585672888,92,7350,100,0,100,5,,,,,100.0,0.0,100.0,0.0,,,66.0,34.0,,,100.0,102.0,99.0,3610.0,34,34,100,0,100,0,200,0,100.0,6043.0,100.0,37549277952.0,100.0,27733751278.0
2018-08-29,ZCH06VPP,ST12000NM0007,12000138625024,0,79,88737776,93,0,100,6,100,0,88,587627938,92,7374,100,0,100,5,,,,,100.0,0.0,100.0,0.0,,,67.0,33.0,,,100.0,103.0,99.0,3611.0,33,33,100,0,100,0,200,0,100.0,6068.0,100.0,37628189688.0,100.0,27890688246.0
2018-08-30,ZCH06VPP,ST12000NM0007,12000138625024,0,83,184853576,93,0,100,6,100,0,88,590118623,92,7401,100,0,100,5,,,,,100.0,0.0,100.0,0.0,,,67.0,33.0,,,100.0,103.0,99.0,3612.0,33,33,100,0,100,0,200,0,100.0,6095.0,100.0,37749777040.0,100.0,28109357446.0
2018-08-31,ZCH06VPP,ST12000NM0007,12000138625024,0,76,38120544,93,0,100,6,100,0,88,592842979,92,7426,100,0,100,5,,,,,100.0,0.0,100.0,0.0,,,67.0,33.0,,,100.0,104.0,99.0,3613.0,33,33,100,0,100,0,200,0,100.0,6119.0,100.0,37877296776.0,100.0,28323386190.0
2018-09-01,ZCH06VPP,ST12000NM0007,12000138625024,0,78,66571856,93,0,100,6,100,0,88,595035287,92,7450,100,0,100,5,,,,,100.0,0.0,100.0,0.0,,,66.0,34.0,,,100.0,104.0,99.0,3614.0,34,34,100,0,100,0,200,0,100.0,6143.0,100.0,37971741392.0,100.0,28501533542.0
2018-09-02,ZCH06VPP,ST12000NM0007,12000138625024,0,80,107062440,93,0,100,6,100,0,88,598065655,92,7474,100,0,100,5,,,,,100.0,0.0,100.0,0.0,,,67.0,33.0,,,100.0,104.0,99.0,3615.0,33,33,100,0,100,0,200,0,100.0,6167.0,100.0,38084228256.0,100.0,28673678030.0
2018-09-03,ZCH06VPP,ST12000NM0007,12000138625024,0,81,129358352,93,0,100,6,100,0,88,600301609,92,7497,100,0,100,5,,,,,100.0,0.0,100.0,0.0,,,67.0,33.0,,,100.0,104.0,99.0,3616.0,33,33,100,0,100,0,200,0,100.0,6190.0,100.0,38179256360.0,100.0,28845086510.0
2018-09-04,ZCH06VPP,ST12000NM0007,12000138625024,0,83,202005904,93,0,100,6,100,0,88,603611820,92,7522,100,0,100,5,,,,,100.0,0.0,100.0,0.0,,,67.0,33.0,,,100.0,104.0,99.0,3617.0,33,33,100,0,100,0,200,0,100.0,6215.0,100.0,38303673920.0,100.0,29037457214.0
2018-09-05,ZCH06VPP,ST12000NM0007,12000138625024,0,83,189953520,93,0,100,6,100,0,88,605652609,92,7546,100,0,100,5,,,,,100.0,0.0,100.0,0.0,,,67.0,33.0,,,100.0,104.0,99.0,3618.0,33,33,100,0,100,0,200,0,100.0,6239.0,100.0,38403769704.0,100.0,29169449678.0
2018-09-06,ZCH06VPP,ST12000NM0007,12000138625024,0,82,152608232,93,0,100,6,100,0,88,607313666,92,7566,100,0,100,5,,,,,100.0,0.0,100.0,0.0,,,67.0,33.0,,,100.0,104.0,99.0,3619.0,33,33,100,0,100,0,200,0,100.0,6259.0,100.0,38480353392.0,100.0,29299661366.0
2018-09-07,ZCH06VPP,ST12000NM0007,12000138625024,0,83,192520456,93,0,100,6,100,0,88,609525787,92,7591,100,0,100,5,,,,,100.0,0.0,100.0,0.0,,,66.0,34.0,,,100.0,104.0,99.0,3620.0,34,34,100,0,100,0,200,0,100.0,6283.0,100.0,38558185616.0,100.0,29505882038.0
2018-09-08,ZCH06VPP,ST12000NM0007,12000138625024,0,83,193621216,93,0,100,6,100,0,88,611635118,92,7615,100,0,100,5,,,,,100.0,0.0,100.0,0.0,,,66.0,34.0,,,100.0,104.0,99.0,3621.0,34,34,100,0,100,0,200,0,100.0,6307.0,100.0,38659712984.0,100.0,29649596262.0
2018-09-09,ZCH06VPP,ST12000NM0007,12000138625024,0,75,35325912,93,0,100,6,100,0,88,614898532,92,7638,100,0,100,5,,,,,100.0,0.0,100.0,0.0,,,66.0,34.0,,,100.0,104.0,99.0,3622.0,34,34,100,0,100,0,200,0,100.0,6331.0,100.0,38781276576.0,100.0,29858018686.0
2018-09-10,ZCH06VPP,ST12000NM0007,12000138625024,0,82,147782928,93,0,100,6,100,0,88,617533218,92,7666,100,0,100,5,,,,,100.0,0.0,100.0,0.0,,,67.0,33.0,,,100.0,104.0,99.0,3623.0,33,33,100,0,100,0,200,0,100.0,6358.0,100.0,38895672640.0,100.0,30100220326.0
2018-09-11,ZCH06VPP,ST12000NM0007,12000138625024,0,76,38987096,93,0,100,6,100,0,88,621167693,92,7690,100,0,100,5,,,,,100.0,0.0,100.0,0.0,,,67.0,33.0,,,100.0,104.0,99.0,3624.0,33,33,100,0,100,0,200,0,100.0,6382.0,100.0,39039250504.0,100.0,30336128110.0
2018-09-12,ZCH06VPP,ST12000NM0007,12000138625024,0,79,84961672,93,0,100,6,100,0,88,623343131,92,7713,100,0,100,5,,,,,100.0,0.0,100.0,0.0,,,66.0,34.0,,,100.0,104.0,99.0,3625.0,34,34,100,0,100,0,200,0,100.0,6405.0,100.0,39129299176.0,100.0,30536194646.0
2018-09-13,ZCH06VPP,ST12000NM0007,12000138625024,0,77,53190312,93,0,100,6,100,0,88,625219159,92,7731,100,0,100,5,,,,,100.0,0.0,100.0,0.0,,,66.0,34.0,,,100.0,104.0,99.0,3626.0,34,34,100,0,100,0,200,0,100.0,6423.0,100.0,39201871936.0,100.0,30675991166.0
2018-09-14,ZCH06VPP,ST12000NM0007,12000138625024,0,80,97302072,93,0,100,6,100,0,88,627390674,92,7755,100,0,100,5,,,,,100.0,0.0,100.0,0.0,,,66.0,34.0,,,100.0,105.0,99.0,3627.0,34,34,100,0,100,0,200,0,100.0,6447.0,100.0,39293971000.0,100.0,30872144678.0
2018-09-15,ZCH06VPP,ST12000NM0007,12000138625024,0,81,125736992,93,0,100,6,100,0,88,629564128,92,7779,100,0,100,5,,,,,100.0,0.0,100.0,0.0,,,66.0,34.0,,,100.0,105.0,99.0,3628.0,34,34,100,0,100,0,200,0,100.0,6471.0,100.0,39372899576.0,100.0,31065791846.0
2018-09-16,ZCH06VPP,ST12000NM0007,12000138625024,0,84,231088376,93,0,100,6,100,0,88,632952638,92,7803,100,0,100,5,,,,,100.0,0.0,100.0,0.0,,,66.0,34.0,,,100.0,105.0,99.0,3629.0,34,34,100,0,100,0,200,0,100.0,6494.0,100.0,39505264264.0,100.0,31282919214.0
2018-09-17,ZCH06VPP,ST12000NM0007,12000138625024,0,71,13007160,93,0,100,6,100,0,88,635174147,92,7828,100,0,100,5,,,,,100.0,0.0,100.0,0.0,,,66.0,34.0,,,100.0,105.0,99.0,3630.0,34,34,100,0,100,0,200,0,100.0,6519.0,100.0,39593435872.0,100.0,31464947910.0
2018-09-18,ZCH06VPP,ST12000NM0007,12000138625024,0,77,53822264,93,0,100,6,100,0,88,638192028,92,7852,100,0,100,5,,,,,100.0,0.0,100.0,0.0,,,65.0,35.0,,,100.0,105.0,99.0,3631.0,35,35,100,0,100,0,200,0,100.0,6543.0,100.0,39716893048.0,100.0,31626446470.0
2018-09-19,ZCH06VPP,ST12000NM0007,12000138625024,0,80,100063992,93,0,100,6,100,0,88,640767266,92,7875,100,0,100,5,,,,,100.0,0.0,100.0,0.0,,,66.0,34.0,,,100.0,106.0,99.0,3632.0,34,34,100,0,100,0,200,0,100.0,6566.0,100.0,39806533320.0,100.0,31827188630.0
2018-09-20,ZCH06VPP,ST12000NM0007,12000138625024,0,80,111465160,93,0,100,6,100,0,88,642759791,91,7899,100,0,100,5,,,,,100.0,0.0,100.0,0.0,,,67.0,33.0,,,100.0,106.0,99.0,3633.0,33,33,100,0,100,0,200,0,100.0,6590.0,100.0,39887983768.0,100.0,32001279982.0
2018-09-21,ZCH06VPP,ST12000NM0007,12000138625024,0,82,143141376,93,0,100,6,100,0,88,645049331,91,7923,100,0,100,5,,,,,100.0,0.0,100.0,0.0,,,66.0,34.0,,,100.0,106.0,99.0,3634.0,34,34,100,0,100,0,200,0,100.0,6614.0,100.0,39986525384.0,100.0,32178555406.0
2018-09-22,ZCH06VPP,ST12000NM0007,12000138625024,0,82,166872760,93,0,100,6,100,0,88,647192588,91,7947,100,0,100,5,,,,,100.0,0.0,100.0,0.0,,,66.0,34.0,,,100.0,107.0,99.0,3635.0,34,34,100,0,100,0,200,0,100.0,6638.0,100.0,40063629200.0,100.0,32369323606.0
2018-09-23,ZCH06VPP,ST12000NM0007,12000138625024,0,76,41660728,93,0,100,6,100,0,88,650670624,91,7971,100,0,100,5,,,,,100.0,0.0,100.0,0.0,,,66.0,34.0,,,100.0,107.0,99.0,3636.0,34,34,100,0,100,0,200,0,100.0,6661.0,100.0,40188772232.0,100.0,32607250238.0
2018-09-24,ZCH06VPP,ST12000NM0007,12000138625024,0,76,41847232,93,0,100,6,100,0,88,653001091,91,7995,100,0,100,5,,,,,100.0,0.0,100.0,0.0,,,66.0,34.0,,,100.0,107.0,99.0,3637.0,34,34,100,0,100,0,200,0,100.0,6685.0,100.0,40289291568.0,100.0,32751058070.0
2018-09-25,ZCH06VPP,ST12000NM0007,12000138625024,0,78,66513120,93,0,100,6,100,0,88,655832910,91,8019,100,0,100,5,,,,,100.0,0.0,100.0,0.0,,,64.0,36.0,,,100.0,107.0,99.0,3645.0,36,36,100,0,100,0,200,0,100.0,6708.0,100.0,40387514616.0,100.0,32921641880.0
2018-09-26,ZCH06VPP,ST12000NM0007,12000138625024,0,82,159149112,93,0,100,6,100,0,88,658849940,91,8044,100,0,100,5,,,,,100.0,0.0,100.0,0.0,,,65.0,35.0,,,100.0,108.0,99.0,3646.0,35,35,100,0,100,0,200,0,100.0,6733.0,100.0,40490567672.0,100.0,33155365608.0
2018-09-27,ZCH06VPP,ST12000NM0007,12000138625024,0,83,201147208,93,0,100,6,100,0,88,661115308,91,8068,100,0,100,5,,,,,100.0,0.0,100.0,0.0,,,65.0,35.0,,,100.0,108.0,99.0,3647.0,35,35,100,0,100,0,200,0,100.0,6757.0,100.0,40592439952.0,100.0,33339632056.0
2018-09-28,ZCH06VPP,ST12000NM0007,12000138625024,0,72,14345160,93,0,100,6,100,0,88,663371798,91,8091,100,0,100,5,,,,,100.0,0.0,100.0,0.0,,,65.0,35.0,,,100.0,109.0,99.0,3648.0,35,35,100,0,100,0,200,0,100.0,6780.0,100.0,40678906576.0,100.0,33554644968.0
2018-09-29,ZCH06VPP,ST12000NM0007,12000138625024,0,81,141157088,93,0,100,6,100,0,88,665969775,91,8115,100,0,100,5,,,,,100.0,0.0,100.0,0.0,,,65.0,35.0,,,100.0,110.0,99.0,3649.0,35,35,100,0,100,0,200,0,100.0,6804.0,100.0,40805390416.0,100.0,33799114064.0
2018-09-30,ZCH06VPP,ST12000NM0007,12000138625024,0,77,47598216,93,0,100,6,100,0,88,669443945,91,8140,100,0,100,5,,,,,100.0,0.0,100.0,0.0,,,66.0,34.0,,,100.0,110.0,99.0,3650.0,34,34,100,0,100,0,200,0,100.0,6828.0,100.0,40940604376.0,100.0,34058622968.0
2018-10-01,ZCH06VPP,ST12000NM0007,12000138625024,0,81,120433544,93,0,100,6,100,0,88,671998193,91,8164,100,0,100,5,,,,,100.0,0.0,100.0,0.0,,,66.0,34.0,,,100.0,111.0,99.0,3651.0,34,34,100,0,100,0,200,0,100.0,6852.0,100.0,41037604688.0,100.0,34278598744.0
2018-10-02,ZCH06VPP,ST12000NM0007,12000138625024,0,76,43189096,93,0,100,6,100,0,88,675909793,91,8193,100,0,100,5,,,,,100.0,0.0,100.0,0.0,,,66.0,34.0,,,100.0,111.0,99.0,3652.0,34,34,100,0,100,0,200,0,100.0,6882.0,100.0,41194656888.0,100.0,34532583784.0
2018-10-03,ZCH06VPP,ST12000NM0007,12000138625024,0,78,62260608,93,0,100,6,100,0,88,678273630,91,8217,100,0,100,5,,,,,100.0,0.0,100.0,0.0,,,67.0,33.0,,,100.0,111.0,99.0,3653.0,33,33,100,0,100,0,200,0,100.0,6905.0,100.0,41312603568.0,100.0,34677849304.0
2018-10-04,ZCH06VPP,ST12000NM0007,12000138625024,0,80.0,97358544.0,93.0,0.0,100.0,6.0,100.0,0.0,88.0,680369502.0,91.0,8241.0,100.0,0.0,100.0,5.0,,,,,100.0,0.0,100.0,0.0,,,67.0,33.0,,,100.0,111.0,99.0,3654.0,33.0,33.0,100.0,0.0,100.0,0.0,200.0,0.0,100.0,6929.0,100.0,41410180768.0,100.0,34859510672.0
2018-10-05,ZCH06VPP,ST12000NM0007,12000138625024,0,82,161040888,93,0,100,6,100,0,88,682708102,91,8265,100,0,100,5,,,,,100.0,0.0,100.0,0.0,,,67.0,33.0,,,100.0,111.0,99.0,3655.0,33,33,100,0,100,0,200,0,100.0,6953.0,100.0,41505420672.0,100.0,35072093752.0
2018-10-06,ZCH06VPP,ST12000NM0007,12000138625024,0,83,206357752,93,0,100,6,100,0,88,685141283,91,8289,100,0,100,5,,,,,100.0,0.0,100.0,0.0,,,67.0,33.0,,,100.0,112.0,99.0,3656.0,33,33,100,0,100,0,200,0,100.0,6976.0,100.0,41598555416.0,100.0,35268416976.0
2018-10-07,ZCH06VPP,ST12000NM0007,12000138625024,0,78,65039752,93,0,100,6,100,0,88,688351858,91,8314,100,0,100,5,,,,,100.0,0.0,100.0,0.0,,,67.0,33.0,,,100.0,112.0,99.0,3657.0,33,33,100,0,100,0,200,0,100.0,7001.0,100.0,41718983376.0,100.0,35494952512.0
2018-10-08,ZCH06VPP,ST12000NM0007,12000138625024,0,76,43054352,93,0,100,6,100,0,88,690407408,91,8337,100,0,100,5,,,,,100.0,0.0,100.0,0.0,,,66.0,34.0,,,100.0,113.0,99.0,3658.0,34,34,100,0,100,0,200,0,100.0,7024.0,100.0,41798624456.0,100.0,35637466712.0
2018-10-09,ZCH06VPP,ST12000NM0007,12000138625024,0,81.0,139274624.0,93.0,0.0,100.0,6.0,100.0,0.0,88.0,693685927.0,91.0,8361.0,100.0,0.0,100.0,5.0,,,,,100.0,0.0,100.0,0.0,,,66.0,34.0,,,100.0,113.0,99.0,3659.0,34.0,34.0,100.0,0.0,100.0,0.0,200.0,0.0,100.0,7048.0,100.0,41919550176.0,100.0,35856901896.0
2018-10-10,ZCH06VPP,ST12000NM0007,12000138625024,0,83,178608952,93,0,100,6,100,0,88,696088627,91,8385,100,0,100,5,,,,,100.0,0.0,100.0,0.0,,,66.0,34.0,,,100.0,114.0,99.0,3660.0,34,34,100,0,100,0,200,0,100.0,7072.0,100.0,42025666752.0,100.0,36034260424.0
2018-10-11,ZCH06VPP,ST12000NM0007,12000138625024,0,84,242966416,93,0,100,6,100,0,88,698356391,91,8409,100,0,100,5,,,,,100.0,0.0,100.0,0.0,,,66.0,34.0,,,100.0,115.0,99.0,3661.0,34,34,100,0,100,0,200,0,100.0,7096.0,100.0,42102747008.0,100.0,36265678280.0
2018-10-12,ZCH06VPP,ST12000NM0007,12000138625024,0,71,13016144,93,0,100,6,100,0,88,700398807,91,8433,100,0,100,5,,,,,100.0,0.0,100.0,0.0,,,66.0,34.0,,,100.0,115.0,99.0,3662.0,34,34,100,0,100,0,200,0,100.0,7120.0,100.0,42183059920.0,100.0,36443696584.0
2018-10-13,ZCH06VPP,ST12000NM0007,12000138625024,0,79,76641664,93,0,100,6,100,0,88,702882551,91,8457,100,0,100,5,,,,,100.0,0.0,100.0,0.0,,,65.0,35.0,,,100.0,116.0,99.0,3663.0,35,35,100,0,100,0,200,0,100.0,7144.0,100.0,42279491720.0,100.0,36655030936.0
2018-10-14,ZCH06VPP,ST12000NM0007,12000138625024,0,82,177398056,93,0,100,6,100,0,88,706411586,91,8481,100,0,100,5,,,,,100.0,0.0,100.0,0.0,,,66.0,34.0,,,100.0,117.0,99.0,3664.0,34,34,100,0,100,0,200,0,100.0,7168.0,100.0,42394343560.0,100.0,36885076232.0
2018-10-15,ZCH06VPP,ST12000NM0007,12000138625024,0,83,202540888,93,0,100,6,100,0,89,708636963,91,8505,100,0,100,5,,,,,100.0,0.0,100.0,0.0,,,66.0,34.0,,,100.0,117.0,99.0,3665.0,34,34,100,0,100,0,200,0,100.0,7192.0,100.0,42496447864.0,100.0,37052255480.0
2018-10-16,ZCH06VPP,ST12000NM0007,12000138625024,0,76,41829168,93,0,100,6,100,0,89,711970024,91,8530,100,0,100,5,,,,,100.0,0.0,100.0,0.0,,,66.0,34.0,,,100.0,117.0,99.0,3666.0,34,34,100,0,100,0,200,0,100.0,7216.0,100.0,42619609408.0,100.0,37256663528.0
2018-10-17,ZCH06VPP,ST12000NM0007,12000138625024,0,74,23411088,93,0,100,6,100,0,89,713943212,91,8553,100,0,100,5,,,,,100.0,0.0,100.0,0.0,,,66.0,34.0,,,100.0,118.0,99.0,3667.0,34,34,100,0,100,0,200,0,100.0,7239.0,100.0,42705417544.0,100.0,37396578080.0
2018-10-18,ZCH06VPP,ST12000NM0007,12000138625024,0,83,208681144,93,0,100,6,100,0,89,715709839,91,8577,100,0,100,5,,,,,100.0,0.0,100.0,0.0,,,66.0,34.0,,,100.0,118.0,99.0,3668.0,34,34,100,0,100,0,200,0,100.0,7263.0,100.0,42778761936.0,100.0,37508503744.0
2018-10-19,ZCH06VPP,ST12000NM0007,12000138625024,0,84,236724168,93,0,100,6,100,0,89,718124780,91,8601,100,0,100,5,,,,,100.0,0.0,100.0,0.0,,,68.0,32.0,,,100.0,119.0,99.0,3669.0,32,32,100,0,100,0,200,0,100.0,7287.0,100.0,42860146384.0,100.0,37699302960.0
2018-10-20,ZCH06VPP,ST12000NM0007,12000138625024,0,84,226926488,93,0,100,6,100,0,89,720325298,91,8625,100,0,100,5,,,,,100.0,0.0,100.0,0.0,,,68.0,32.0,,,100.0,119.0,99.0,3670.0,32,32,100,0,100,0,200,0,100.0,7311.0,100.0,42936701512.0,100.0,37857090944.0
2018-10-21,ZCH06VPP,ST12000NM0007,12000138625024,0,78,60783424,93,0,100,6,100,0,89,723620997,91,8648,100,0,100,5,,,,,100.0,0.0,100.0,0.0,,,68.0,32.0,,,100.0,120.0,99.0,3671.0,32,32,100,0,100,0,200,0,100.0,7334.0,100.0,43048694344.0,100.0,38067236432.0
2018-10-22,ZCH06VPP,ST12000NM0007,12000138625024,0,78,65403800,93,0,100,6,100,0,89,725816936,91,8671,100,0,100,5,,,,,100.0,0.0,100.0,0.0,,,68.0,32.0,,,100.0,120.0,99.0,3672.0,32,32,100,0,100,0,200,0,100.0,7357.0,100.0,43129002120.0,100.0,38235689736.0
2018-10-23,ZCH06VPP,ST12000NM0007,12000138625024,0,82,149915776,93,0,100,6,100,0,89,729077066,91,8694,100,0,100,5,,,,,100.0,0.0,100.0,0.0,,,68.0,32.0,,,100.0,120.0,99.0,3673.0,32,32,100,0,100,0,200,0,100.0,7380.0,100.0,43263096392.0,100.0,38430248120.0
2018-10-24,ZCH06VPP,ST12000NM0007,12000138625024,0,82,164575224,93,0,100,6,100,0,89,731321554,91,8719,100,0,100,5,,,,,100.0,0.0,100.0,0.0,,,68.0,32.0,,,100,121,99.0,3674.0,32,32,100,0,100,0,200,0,100.0,7405.0,100.0,43338927200.0,100.0,38613217456.0
2018-10-25,ZCH06VPP,ST12000NM0007,12000138625024,0,80,104971504,93,0,100,6,100,0,89,732956243,91,8740,100,0,100,5,,,,,100.0,0.0,100.0,0.0,,,68.0,32.0,,,100.0,121.0,99.0,3675.0,32,32,100,0,100,0,200,0,100.0,7426.0,100.0,43405459736.0,100.0,38731222024.0
2018-10-26,ZCH06VPP,ST12000NM0007,12000138625024,0,81,121184888,93,0,100,6,100,0,89,735118751,90,8765,100,0,100,5,,,,,100.0,0.0,100.0,0.0,,,68.0,32.0,,,100.0,121.0,99.0,3677.0,32,32,100,0,100,0,200,0,100.0,7450.0,100.0,43510871400.0,100.0,38886164800.0
2018-10-27,ZCH06VPP,ST12000NM0007,12000138625024,0,81,128108552,93,0,100,6,100,0,89,737447098,90,8788,100,0,100,5,,,,,100.0,0.0,100.0,0.0,,,67.0,33.0,,,100.0,121.0,99.0,3677.0,33,33,100,0,100,0,200,0,100.0,7473.0,100.0,43609591344.0,100.0,39038509576.0
2018-10-28,ZCH06VPP,ST12000NM0007,12000138625024,0,83,223169248,93,0,100,6,100,0,89,740834739,90,8813,100,0,100,5,,,,,100.0,0.0,100.0,0.0,,,67.0,33.0,,,100.0,121.0,99.0,3678.0,33,33,100,0,100,0,200,0,100.0,7498.0,100.0,43735670264.0,100.0,39251632208.0
2018-10-29,ZCH06VPP,ST12000NM0007,12000138625024,0,81,122772720,93,0,100,6,100,0,89,743909492,90,8841,100,0,100,5,,,,,100.0,0.0,100.0,0.0,,,68.0,32.0,,,100.0,122.0,99.0,3680.0,32,32,100,0,100,0,200,0,100.0,7526.0,100.0,43859957912.0,100.0,39515229496.0
2018-10-30,ZCH06VPP,ST12000NM0007,12000138625024,0,83,212998256,93,0,100,6,100,0,89,747027124,90,8865,100,0,100,5,,,,,100.0,0.0,100.0,0.0,,,68.0,32.0,,,100.0,122.0,99.0,3681.0,32,32,100,0,100,0,200,0,100.0,7550.0,100.0,43983112688.0,100.0,39726441008.0
2018-10-31,ZCH06VPP,ST12000NM0007,12000138625024,0,84,227540184,93.0,0.0,100.0,6.0,100.0,0.0,89.0,749241574.0,90,8889,100.0,0.0,100,5,,,,,100.0,0.0,100.0,0.0,,,68.0,32.0,,,100.0,123.0,99.0,3682.0,32,32,100.0,0.0,100.0,0.0,200.0,0.0,100.0,7574.0,100.0,44064618488.0,100.0,39903618128.0
2018-11-01,ZCH06VPP,ST12000NM0007,12000138625024,0,83,212594856,93.0,0.0,100.0,6.0,100.0,0.0,89.0,751106463.0,90,8914,100.0,0.0,100,5,,,,,100.0,0.0,100.0,0.0,,,67.0,33.0,,,100.0,123.0,99.0,3683.0,33,33,100.0,0.0,100.0,0.0,200.0,0.0,100.0,7598.0,100.0,44152080168.0,100.0,40045351752.0
2018-11-02,ZCH06VPP,ST12000NM0007,12000138625024,0,83,188920576,93.0,0.0,100.0,6.0,100.0,0.0,89.0,753193636.0,90,8937,100.0,0.0,100,5,,,,,100.0,0.0,100.0,0.0,,,67.0,33.0,,,100.0,124.0,99.0,3684.0,33,33,100.0,0.0,100.0,0.0,200.0,0.0,100.0,7622.0,100.0,44242808696.0,100.0,40175089632.0
2018-11-03,ZCH06VPP,ST12000NM0007,12000138625024,0,83,218990048,93.0,0.0,100.0,6.0,100.0,0.0,89.0,755396545.0,90,8962,100.0,0.0,100,5,,,,,100.0,0.0,100.0,0.0,,,68.0,32.0,,,100.0,124.0,99.0,3685.0,32,32,100.0,0.0,100.0,0.0,200.0,0.0,100.0,7646.0,100.0,44328240960.0,100.0,40363867544.0
2018-11-04,ZCH06VPP,ST12000NM0007,12000138625024,0,80,92083624,93.0,0.0,100.0,6.0,100.0,0.0,89.0,758479542.0,90,8985,100.0,0.0,100,5,,,,,100.0,0.0,100.0,0.0,,,68.0,32.0,,,100.0,125.0,99.0,3686.0,32,32,100.0,0.0,100.0,0.0,200.0,0.0,100.0,7669.0,100.0,44438236664.0,100.0,40615247912.0
2018-11-05,ZCH06VPP,ST12000NM0007,12000138625024,0,80,110534248,93.0,0.0,100.0,6.0,100.0,0.0,89.0,760700959.0,90,9010,100.0,0.0,100,5,,,,,100.0,0.0,100.0,0.0,,,68.0,32.0,,,100.0,126.0,99.0,3687.0,32,32,100.0,0.0,100.0,0.0,200.0,0.0,100.0,7694.0,100.0,44549251944.0,100.0,40766823888.0
2018-11-06,ZCH06VPP,ST12000NM0007,12000138625024,0,66.0,4156240.0,93.0,0.0,100.0,6.0,100.0,0.0,89.0,764172758.0,90.0,9033.0,100.0,0.0,100.0,5.0,,,,,100.0,0.0,100.0,0.0,,,67.0,33.0,,,100.0,127.0,99.0,3688.0,33.0,33.0,100.0,0.0,100.0,0.0,200.0,0.0,100.0,7717.0,100.0,44681776328.0,100.0,41016203024.0
2018-11-07,ZCH06VPP,ST12000NM0007,12000138625024,0,74.0,22526848.0,93.0,0.0,100.0,6.0,100.0,0.0,89.0,766048952.0,90.0,9057.0,100.0,0.0,100.0,5.0,,,,,100.0,0.0,100.0,0.0,,,68.0,32.0,,,100.0,128.0,99.0,3689.0,32.0,32.0,100.0,0.0,100.0,0.0,200.0,0.0,100.0,7741.0,100.0,44785571128.0,100.0,41174919704.0
2018-11-08,ZCH06VPP,ST12000NM0007,12000138625024,0,76.0,36147936.0,93.0,0.0,100.0,6.0,100.0,0.0,89.0,768084755.0,90.0,9081.0,100.0,0.0,100.0,5.0,,,,,100.0,0.0,100.0,0.0,,,67.0,33.0,,,100.0,129.0,99.0,3690.0,33.0,33.0,100.0,0.0,100.0,0.0,200.0,0.0,100.0,7765.0,100.0,44885750888.0,100.0,41332501960.0
2018-11-09,ZCH06VPP,ST12000NM0007,12000138625024,0,78,57074488,93.0,0.0,100.0,6.0,100.0,0.0,89.0,770108482.0,90,9105,100.0,0.0,100,5,,,,,100.0,0.0,100.0,0.0,,,67.0,33.0,,,100.0,129.0,99.0,3691.0,33,33,100.0,0.0,100.0,0.0,200.0,0.0,100.0,7789.0,100.0,44969794128.0,100.0,41513526728.0
2018-11-10,ZCH06VPP,ST12000NM0007,12000138625024,0,79,79791608,93.0,0.0,100.0,6.0,100.0,0.0,89.0,772442675.0,90,9129,100.0,0.0,100,5,,,,,100.0,0.0,100.0,0.0,,,67.0,33.0,,,100.0,129.0,99.0,3692.0,33,33,100.0,0.0,100.0,0.0,200.0,0.0,100.0,7813.0,100.0,45051933056.0,100.0,41698245664.0
2018-11-11,ZCH06VPP,ST12000NM0007,12000138625024,0,84,230474856,93.0,0.0,100.0,6.0,100.0,0.0,89.0,776069976.0,90,9152,100.0,0.0,100,5,,,,,100.0,0.0,100.0,0.0,,,67.0,33.0,,,100.0,129.0,99.0,3693.0,33,33,100.0,0.0,100.0,0.0,200.0,0.0,100.0,7836.0,100.0,45194326368.0,100.0,41950676248.0
2018-11-12,ZCH06VPP,ST12000NM0007,12000138625024,0,75,34611424,93.0,0.0,100.0,6.0,100.0,0.0,89.0,778462515.0,90,9176,100.0,0.0,100,5,,,,,100.0,0.0,100.0,0.0,,,67.0,33.0,,,100.0,130.0,99.0,3694.0,33,33,100.0,0.0,100.0,0.0,200.0,0.0,100.0,7860.0,100.0,45292507520.0,100.0,42144913232.0
2018-11-13,ZCH06VPP,ST12000NM0007,12000138625024,0,82,152046072,93.0,0.0,100.0,6.0,100.0,0.0,89.0,781959244.0,90,9200,100.0,0.0,100,5,,,,,100.0,0.0,100.0,0.0,,,68.0,32.0,,,100.0,130.0,99.0,3695.0,32,32,100.0,0.0,100.0,0.0,200.0,0.0,100.0,7884.0,100.0,45419307296.0,100.0,42379689880.0
2018-11-14,ZCH06VPP,ST12000NM0007,12000138625024,0,83,201492464,93.0,0.0,100.0,6.0,100.0,0.0,89.0,784451303.0,90,9225,100.0,0.0,100,5,,,,,100.0,0.0,100.0,0.0,,,68.0,32.0,,,100.0,131.0,99.0,3696.0,32,32,100.0,0.0,100.0,0.0,200.0,0.0,100.0,7909.0,100.0,45491671320.0,100.0,42600912968.0
2018-11-15,ZCH06VPP,ST12000NM0007,12000138625024,0,82,157989728,93.0,0.0,100.0,6.0,100.0,0.0,89.0,786268780.0,90,9249,100.0,0.0,100,5,,,,,100.0,0.0,100.0,0.0,,,67.0,33.0,,,100.0,132.0,99.0,3697.0,33,33,100.0,0.0,100.0,0.0,200.0,0.0,100.0,7933.0,100.0,45562549512.0,100.0,42730672816.0
2018-11-16,ZCH06VPP,ST12000NM0007,12000138625024,0,82,174474544,93.0,0.0,100.0,6.0,100.0,0.0,89.0,788309914.0,90,9273,100.0,0.0,100,5,,,,,100.0,0.0,100.0,0.0,,,67.0,33.0,,,100.0,132.0,99.0,3698.0,33,33,100.0,0.0,100.0,0.0,200.0,0.0,100.0,7956.0,100.0,45644755184.0,100.0,42909092704.0
2018-11-17,ZCH06VPP,ST12000NM0007,12000138625024,0,84.0,240061096.0,93.0,0.0,100.0,6.0,100.0,0.0,89.0,790585369.0,90.0,9296.0,100.0,0.0,100.0,5.0,,,,,100.0,0.0,100.0,0.0,,,67.0,33.0,,,100.0,133.0,99.0,3699.0,33.0,33.0,100.0,0.0,100.0,0.0,200.0,0.0,100.0,7980.0,100.0,45753656192.0,100.0,43109918920.0
2018-11-18,ZCH06VPP,ST12000NM0007,12000138625024,0,80,101592920,93.0,0.0,100.0,6.0,100.0,0.0,89.0,793803490.0,90,9321,100.0,0.0,100,5,,,,,100.0,0.0,100.0,0.0,,,67.0,33.0,,,100.0,133.0,99.0,3700.0,33,33,100.0,0.0,100.0,0.0,200.0,0.0,100.0,8004.0,100.0,45881328416.0,100.0,43332061296.0
2018-11-19,ZCH06VPP,ST12000NM0007,12000138625024,0,82,156202584,93.0,0.0,100.0,6.0,100.0,0.0,89.0,796095551.0,90,9345,100.0,0.0,100,5,,,,,100.0,0.0,100.0,0.0,,,66.0,34.0,,,100.0,133.0,99.0,3701.0,34,34,100.0,0.0,100.0,0.0,200.0,0.0,100.0,8029.0,100.0,45990707160.0,100.0,43521433032.0
2018-11-20,ZCH06VPP,ST12000NM0007,12000138625024,0,84,242980072,93.0,0.0,100.0,6.0,100.0,0.0,89.0,799092582.0,90,9369,100.0,0.0,100,5,,,,,100.0,0.0,100.0,0.0,,,67.0,33.0,,,100.0,133.0,99.0,3702.0,33,33,100.0,0.0,100.0,0.0,200.0,0.0,100.0,8052.0,100.0,46122094624.0,100.0,43720963768.0
2018-11-21,ZCH06VPP,ST12000NM0007,12000138625024,0,100,114368,93.0,0.0,100.0,6.0,100.0,0.0,89.0,801215477.0,90,9393,100.0,0.0,100,5,,,,,100.0,0.0,100.0,0.0,,,67.0,33.0,,,100.0,134.0,99.0,3703.0,33,33,100.0,0.0,100.0,0.0,200.0,0.0,100.0,8076.0,100.0,46192475760.0,100.0,43895998232.0
2018-11-22,ZCH06VPP,ST12000NM0007,12000138625024,0,67,5389064,93.0,0.0,100.0,6.0,100.0,0.0,89.0,802951914.0,90,9416,100.0,0.0,100,5,,,,,100.0,0.0,100.0,0.0,,,67.0,33.0,,,100.0,134.0,99.0,3704.0,33,33,100.0,0.0,100.0,0.0,200.0,0.0,100.0,8100.0,100.0,46274343528.0,100.0,44063545888.0
2018-11-23,ZCH06VPP,ST12000NM0007,12000138625024,0,77,49429472,93.0,0.0,100.0,6.0,100.0,0.0,89.0,805068410.0,90,9441,100.0,0.0,100,5,,,,,100.0,0.0,100.0,0.0,,,67.0,33.0,,,100.0,135.0,99.0,3705.0,33,33,100.0,0.0,100.0,0.0,200.0,0.0,100.0,8124.0,100.0,46346958008.0,100.0,44279112696.0
2018-11-24,ZCH06VPP,ST12000NM0007,12000138625024,0,76,38805704,93.0,0.0,100.0,6.0,100.0,0.0,89.0,806869837.0,90,9464,100.0,0.0,100,5,,,,,100.0,0.0,100.0,0.0,,,67.0,33.0,,,100.0,136.0,99.0,3706.0,33,33,100.0,0.0,100.0,0.0,200.0,0.0,100.0,8147.0,100.0,46410646432.0,100.0,44448941320.0
2018-11-25,ZCH06VPP,ST12000NM0007,12000138625024,0,81,120986920,93.0,0.0,100.0,6.0,100.0,0.0,89.0,809981812.0,90,9488,100.0,0.0,100,5,,,,,100.0,0.0,100.0,0.0,,,67.0,33.0,,,100.0,137.0,99.0,3707.0,33,33,100.0,0.0,100.0,0.0,200.0,0.0,100.0,8171.0,100.0,46550544448.0,100.0,44635365632.0
2018-11-26,ZCH06VPP,ST12000NM0007,12000138625024,0,84,236889152,93.0,0.0,100.0,6.0,100.0,0.0,89.0,812545794.0,90,9513,100.0,0.0,100,5,,,,,100.0,0.0,100.0,0.0,,,67.0,33.0,,,100.0,137.0,99.0,3708.0,33,33,100.0,0.0,100.0,0.0,200.0,0.0,100.0,8196.0,100.0,46694196816.0,100.0,44851756240.0
2018-11-27,ZCH06VPP,ST12000NM0007,12000138625024,0,81,125872816,93.0,0.0,100.0,6.0,100.0,0.0,89.0,816009542.0,90,9536,100.0,0.0,100,5,,,,,100.0,0.0,100.0,0.0,,,67.0,33.0,,,100.0,138.0,99.0,3709.0,33,33,100.0,0.0,100.0,0.0,200.0,0.0,100.0,8219.0,100.0,46849551400.0,100.0,45073666880.0
2018-11-28,ZCH06VPP,ST12000NM0007,12000138625024,0,83,193886944,93.0,0.0,100.0,6.0,100.0,0.0,89.0,818221116.0,90,9560,100.0,0.0,100,5,,,,,100.0,0.0,100.0,0.0,,,66.0,34.0,,,100.0,138.0,99.0,3710.0,34,34,100.0,0.0,100.0,0.0,200.0,0.0,100.0,8243.0,100.0,46953493952.0,100.0,45281879144.0
2018-11-29,ZCH06VPP,ST12000NM0007,12000138625024,0,83,207035776,93.0,0.0,100.0,6.0,100.0,0.0,89.0,820139701.0,90,9585,100.0,0.0,100,5,,,,,100.0,0.0,100.0,0.0,,,67.0,33.0,,,100.0,139.0,99.0,3711.0,33,33,100.0,0.0,100.0,0.0,200.0,0.0,100.0,8268.0,100.0,47023528840.0,100.0,45469142632.0
2018-11-30,ZCH06VPP,ST12000NM0007,12000138625024,0,83,195247504,93.0,0.0,100.0,6.0,100.0,0.0,89.0,822066186.0,90,9608,100.0,0.0,100,5,,,,,100.0,0.0,100.0,0.0,,,67.0,33.0,,,100.0,139.0,99.0,3712.0,33,33,100.0,0.0,100.0,0.0,200.0,0.0,100.0,8291.0,100.0,47096816640.0,100.0,45628207536.0
2018-12-01,ZCH06VPP,ST12000NM0007,12000138625024,0,82,167875624,93.0,0.0,100.0,6.0,100.0,0.0,89.0,824017455.0,90,9633,100.0,0.0,100,5,,,,,100.0,0.0,100.0,0.0,,,67.0,33.0,,,100.0,140.0,99.0,3713.0,33,33,100.0,0.0,100.0,0.0,200.0,0.0,100.0,8315.0,100.0,47174757816.0,100.0,45767035136.0
2018-12-02,ZCH06VPP,ST12000NM0007,12000138625024,0,84,227746272,93.0,0.0,100.0,6.0,100.0,0.0,89.0,827013366.0,89,9656,100.0,0.0,100,5,,,,,100.0,0.0,100.0,0.0,,,67.0,33.0,,,100.0,140.0,99.0,3714.0,33,33,100.0,0.0,100.0,0.0,200.0,0.0,100.0,8339.0,100.0,47281289096.0,100.0,45964515272.0
2018-12-03,ZCH06VPP,ST12000NM0007,12000138625024,0,84,237411168,93.0,0.0,100.0,6.0,100.0,0.0,89.0,828978307.0,89,9680,100.0,0.0,100,5,,,,,100.0,0.0,100.0,0.0,,,67.0,33.0,,,100.0,140.0,99.0,3715.0,33,33,100.0,0.0,100.0,0.0,200.0,0.0,100.0,8362.0,100.0,47353485536.0,100.0,46146124448.0
2018-12-04,ZCH06VPP,ST12000NM0007,12000138625024,0,82,167489888,93.0,0.0,100.0,6.0,100.0,0.0,89.0,833194386.0,89,9705,100.0,0.0,100,5,,,,,100.0,0.0,100.0,0.0,,,67.0,33.0,,,100.0,140.0,99.0,3716.0,33,33,100.0,0.0,100.0,0.0,200.0,0.0,100.0,8387.0,100.0,47488248792.0,100.0,46429721712.0
2018-12-05,ZCH06VPP,ST12000NM0007,12000138625024,0,82.0,150255848.0,93.0,0.0,100.0,6.0,100.0,0.0,89.0,835365115.0,89.0,9728.0,100.0,0.0,100.0,5.0,,,,,100.0,0.0,100.0,0.0,,,66.0,34.0,,,100.0,141.0,99.0,3717.0,34.0,34.0,100.0,0.0,100.0,0.0,200.0,0.0,100.0,8410.0,100.0,47573334200.0,100.0,46571542904.0
2018-12-06,ZCH06VPP,ST12000NM0007,12000138625024,0,83,201962656,93.0,0.0,100.0,6.0,100.0,0.0,89.0,837750715.0,89,9753,100.0,0.0,100,5,,,,,100.0,0.0,100.0,0.0,,,67.0,33.0,,,100.0,142.0,99.0,3718.0,33,33,100.0,0.0,100.0,0.0,200.0,0.0,100.0,8435.0,100.0,47670276872.0,100.0,46770447672.0
2018-12-07,ZCH06VPP,ST12000NM0007,12000138625024,0,83,214781824,93.0,0.0,100.0,6.0,100.0,0.0,89.0,839829008.0,89,9777,100.0,0.0,100,5,,,,,100.0,0.0,100.0,0.0,,,67.0,33.0,,,100.0,143.0,99.0,3719.0,33,33,100.0,0.0,100.0,0.0,200.0,0.0,100.0,8459.0,100.0,47753776096.0,100.0,46943908264.0
2018-12-08,ZCH06VPP,ST12000NM0007,12000138625024,0,76,36161776,93.0,0.0,100.0,6.0,100.0,0.0,89.0,842576495.0,89,9801,100.0,0.0,100,5,,,,,100.0,0.0,100.0,0.0,,,67.0,33.0,,,100.0,144.0,99.0,3720.0,33,33,100.0,0.0,100.0,0.0,200.0,0.0,100.0,8483.0,100.0,47857418200.0,100.0,47149927608.0
2018-12-09,ZCH06VPP,ST12000NM0007,12000138625024,0,82,167423680,93.0,0.0,100.0,6.0,100.0,0.0,89.0,846085714.0,89,9825,100.0,0.0,100,5,,,,,100.0,0.0,100.0,0.0,,,67.0,33.0,,,100.0,144.0,99.0,3721.0,33,33,100.0,0.0,100.0,0.0,200.0,0.0,100.0,8507.0,100.0,47984171168.0,100.0,47398577216.0
2018-12-10,ZCH06VPP,ST12000NM0007,12000138625024,0,83,189024944,93.0,0.0,100.0,6.0,100.0,0.0,89.0,848458900.0,89,9849,100.0,0.0,100,5,,,,,100.0,0.0,100.0,0.0,,,67.0,33.0,,,100.0,145.0,99.0,3722.0,33,33,100.0,0.0,100.0,0.0,200.0,0.0,100.0,8531.0,100.0,48063466640.0,100.0,47585023720.0
2018-12-11,ZCH06VPP,ST12000NM0007,12000138625024,0,76,40623824,93.0,0.0,100.0,6.0,100.0,0.0,89.0,852027682.0,89,9872,100.0,0.0,100,5,,,,,100.0,0.0,100.0,0.0,,,65.0,35.0,,,100.0,145.0,99.0,3723.0,35,35,100.0,0.0,100.0,0.0,200.0,0.0,100.0,8553.0,100.0,48203548592.0,100.0,47784822272.0
2018-12-12,ZCH06VPP,ST12000NM0007,12000138625024,0,78,67556576,93.0,0.0,100.0,6.0,100.0,0.0,89.0,854612411.0,89,9897,100.0,0.0,100,5,,,,,100.0,0.0,100.0,0.0,,,65.0,35.0,,,100.0,145.0,99.0,3724.0,35,35,100.0,0.0,100.0,0.0,200.0,0.0,100.0,8579.0,100.0,48292020296.0,100.0,47967424040.0
2018-12-13,ZCH06VPP,ST12000NM0007,12000138625024,0,79,80606624,93.0,0.0,100.0,6.0,100.0,0.0,89.0,856858406.0,89,9922,100.0,0.0,100,5,,,,,100.0,0.0,100.0,0.0,,,66.0,34.0,,,100.0,146.0,99.0,3725.0,34,34,100.0,0.0,100.0,0.0,200.0,0.0,100.0,8603.0,100.0,48383358120.0,100.0,48133277016.0
2018-12-14,ZCH06VPP,ST12000NM0007,12000138625024,0,79,88996792,93.0,0.0,100.0,6.0,100.0,0.0,89.0,859003276.0,89,9946,100.0,0.0,100,5,,,,,100.0,0.0,100.0,0.0,,,66.0,34.0,,,100.0,147.0,99.0,3726.0,34,34,100.0,0.0,100.0,0.0,200.0,0.0,100.0,8627.0,100.0,48461737432.0,100.0,48307428712.0
2018-12-15,ZCH06VPP,ST12000NM0007,12000138625024,0,79,87595856,93.0,0.0,100.0,6.0,100.0,0.0,89.0,861619184.0,89,9969,100.0,0.0,100,5,,,,,100.0,0.0,100.0,0.0,,,66.0,34.0,,,100.0,148.0,99.0,3727.0,34,34,100.0,0.0,100.0,0.0,200.0,0.0,100.0,8651.0,100.0,48541215872.0,100.0,48470690072.0
2018-12-16,ZCH06VPP,ST12000NM0007,12000138625024,0,82,161102368,93.0,0.0,100.0,6.0,100.0,0.0,89.0,864957508.0,89,9993,100.0,0.0,100,5,,,,,100.0,0.0,100.0,0.0,,,65.0,35.0,,,100.0,149.0,99.0,3728.0,35,35,100.0,0.0,100.0,0.0,200.0,0.0,100.0,8675.0,100.0,48648657992.0,100.0,48680895920.0
2018-12-17,ZCH06VPP,ST12000NM0007,12000138625024,0,83,188155928,93.0,0.0,100.0,6.0,100.0,0.0,89.0,867476604.0,89,10017,100.0,0.0,100,5,,,,,100.0,0.0,100.0,0.0,,,65.0,35.0,,,100.0,150.0,99.0,3729.0,35,35,100.0,0.0,100.0,0.0,200.0,0.0,100.0,8699.0,100.0,48744186448.0,100.0,48856561960.0
2018-12-18,ZCH06VPP,ST12000NM0007,12000138625024,0,80,89357304,93.0,0.0,100.0,6.0,100.0,0.0,89.0,871520126.0,89,10041,100.0,0.0,100,5,,,,,100.0,0.0,100.0,0.0,,,65.0,35.0,,,100.0,150.0,99.0,3730.0,35,35,100.0,0.0,100.0,0.0,200.0,0.0,100.0,8723.0,100.0,48866929688.0,100.0,49123301712.0
2018-12-19,ZCH06VPP,ST12000NM0007,12000138625024,0,82,166741512,93.0,0.0,100.0,6.0,100.0,0.0,89.0,874143032.0,89,10065,100.0,0.0,100,5,,,,,100.0,0.0,100.0,0.0,,,66.0,34.0,,,100.0,150.0,99.0,3731.0,34,34,100.0,0.0,100.0,0.0,200.0,0.0,100.0,8746.0,100.0,49022182048.0,100.0,49289574936.0
2018-12-20,ZCH06VPP,ST12000NM0007,12000138625024,0,83,200109160,93.0,0.0,100.0,6.0,100.0,0.0,89.0,876359205.0,89,10089,100.0,0.0,100,5,,,,,100.0,0.0,100.0,0.0,,,66.0,34.0,,,100.0,150.0,99.0,3732.0,34,34,100.0,0.0,100.0,0.0,200.0,0.0,100.0,8770.0,100.0,49119774264.0,100.0,49469491104.0
2018-12-21,ZCH06VPP,ST12000NM0007,12000138625024,0,84,225823584,93.0,0.0,100.0,6.0,100.0,0.0,89.0,878675504.0,89,10113,100.0,0.0,100,5,,,,,100.0,0.0,100.0,0.0,,,66.0,34.0,,,100.0,151.0,99.0,3733.0,34,34,100.0,0.0,100.0,0.0,200.0,0.0,100.0,8795.0,100.0,49196333928.0,100.0,49662786624.0
2018-12-22,ZCH06VPP,ST12000NM0007,12000138625024,0,84,229591712,93.0,0.0,100.0,6.0,100.0,0.0,89.0,880744763.0,89,10137,100.0,0.0,100,5,,,,,100.0,0.0,100.0,0.0,,,66.0,34.0,,,100.0,151.0,99.0,3734.0,34,34,100.0,0.0,100.0,0.0,200.0,0.0,100.0,8818.0,100.0,49257209200.0,100.0,49849820208.0
2018-12-23,ZCH06VPP,ST12000NM0007,12000138625024,0,83,186702648,93.0,0.0,100.0,6.0,100.0,0.0,89.0,884962622.0,89,10161,100.0,0.0,100,5,,,,,100.0,0.0,100.0,0.0,,,65.0,35.0,,,100.0,152.0,99.0,3735.0,35,35,100.0,0.0,100.0,0.0,200.0,0.0,100.0,8842.0,100.0,49358692560.0,100.0,50193729192.0
2018-12-24,ZCH06VPP,ST12000NM0007,12000138625024,0,83,179880680,93.0,0.0,100.0,6.0,100.0,0.0,89.0,887298629.0,89,10185,100.0,0.0,100,5,,,,,100.0,0.0,100.0,0.0,,,65.0,35.0,,,100.0,153.0,99.0,3736.0,35,35,100.0,0.0,100.0,0.0,200.0,0.0,100.0,8865.0,100.0,49420165696.0,100.0,50369574720.0
2018-12-25,ZCH06VPP,ST12000NM0007,12000138625024,0,83,215245640,93.0,0.0,100.0,6.0,100.0,0.0,89.0,890757773.0,89,10209,100.0,0.0,100,5,,,,,100.0,0.0,100.0,0.0,,,66.0,34.0,,,100.0,154.0,99.0,3737.0,34,34,100.0,0.0,100.0,0.0,200.0,0.0,100.0,8889.0,100.0,49519323328.0,100.0,50549922736.0
2018-12-26,ZCH06VPP,ST12000NM0007,12000138625024,0,84,231326560,93.0,0.0,100.0,6.0,100.0,0.0,90.0,892826610.0,89,10233,100.0,0.0,100,5,,,,,100.0,0.0,100.0,0.0,,,65.0,35.0,,,100.0,155.0,99.0,3738.0,35,35,100.0,0.0,100.0,0.0,200.0,0.0,100.0,8914.0,100.0,49592153392.0,100.0,50737314440.0
2018-12-27,ZCH06VPP,ST12000NM0007,12000138625024,0,82,145971776,93.0,0.0,100.0,6.0,100.0,0.0,90.0,894224001.0,89,10257,100.0,0.0,100,5,,,,,100.0,0.0,100.0,0.0,,,66.0,34.0,,,100.0,156.0,99.0,3739.0,34,34,100.0,0.0,100.0,0.0,200.0,0.0,100.0,8938.0,100.0,49641274056.0,100.0,50846980032.0
2018-12-28,ZCH06VPP,ST12000NM0007,12000138625024,0,79,88109944,93.0,0.0,100.0,6.0,100.0,0.0,90.0,895785783.0,89,10281,100.0,0.0,100,5,,,,,100.0,0.0,100.0,0.0,,,65.0,35.0,,,100.0,157.0,99.0,3740.0,35,35,100.0,0.0,100.0,0.0,200.0,0.0,100.0,8962.0,100.0,49697640824.0,100.0,50976892120.0
2018-12-29,ZCH06VPP,ST12000NM0007,12000138625024,0,79,74079080,93.0,0.0,100.0,6.0,100.0,0.0,90.0,898025175.0,89,10305,100.0,0.0,100,5,,,,,100.0,0.0,100.0,0.0,,,65.0,35.0,,,100.0,158.0,99.0,3741.0,35,35,100.0,0.0,100.0,0.0,200.0,0.0,100.0,8986.0,100.0,49791680224.0,100.0,51112962744.0
2018-12-30,ZCH06VPP,ST12000NM0007,12000138625024,0,82,162278544,93.0,0.0,100.0,6.0,100.0,0.0,90.0,901742007.0,89,10329,100.0,0.0,100,5,,,,,100.0,0.0,100.0,0.0,,,65.0,35.0,,,100.0,158.0,99.0,3742.0,35,35,100.0,0.0,100.0,0.0,200.0,0.0,100.0,9009.0,100.0,49902933352.0,100.0,51334050168.0
2018-12-31,ZCH06VPP,ST12000NM0007,12000138625024,0,82,176132152,93.0,0.0,100.0,6.0,100.0,0.0,90.0,904100769.0,89,10352,100.0,0.0,100,5,,,,,100.0,0.0,100.0,0.0,,,66.0,34.0,,,100.0,159.0,99.0,3743.0,34,34,100.0,0.0,100.0,0.0,200.0,0.0,100.0,9033.0,100.0,49986064656.0,100.0,51508913344.0
