2019-01-01,S300Z63P,ST4000DM000,4000787030016,0,111,39781296,,,96,0,100,4,100,0,84,265082219,,,65,31353,100,0,,,100,4,,,,,,,,,,,,,,,,,,,,,,,,,,,,,,,98,2,100,0,100,0,100,0,100,0,80,20,100,0,100,0,23,155758,20,20,,,,,100,0,100,0,200,0,,,,,,,,,,,,,,,,,,,,,,,,,,,100,30636,100,48172425736,100,152054759387,,,,,,,,,,
2019-01-02,S300Z63P,ST4000DM000,4000787030016,0,117,156152368,,,96,0,100,4,100,0,84,265868975,,,65,31377,100,0,,,100,4,,,,,,,,,,,,,,,,,,,,,,,,,,,,,,,98,2,100,0,100,0,100,0,100,0,80,20,100,0,100,0,23,155758,20,20,,,,,100,0,100,0,200,0,,,,,,,,,,,,,,,,,,,,,,,,,,,100,30660,100,48197416984,100,152149515988,,,,,,,,,,
2019-01-03,S300Z63P,ST4000DM000,4000787030016,0,116,110602280,,,96,0,100,4,100,0,84,267345149,,,65,31400,100,0,,,100,4,,,,,,,,,,,,,,,,,,,,,,,,,,,,,,,98,2,100,0,100,0,100,0,100,0,80,20,100,0,100,0,23,155758,20,20,,,,,100,0,100,0,200,0,,,,,,,,,,,,,,,,,,,,,,,,,,,100,30683,100,48221402744,100,152241758497,,,,,,,,,,
2019-01-04,S300Z63P,ST4000DM000,4000787030016,0,114,82567912,,,96,0,100,4,100,0,84,268202001,,,65,31424,100,0,,,100,4,,,,,,,,,,,,,,,,,,,,,,,,,,,,,,,98,2,100,0,100,0,100,0,100,0,77,23,100,0,100,0,23,155758,23,23,,,,,100,0,100,0,200,0,,,,,,,,,,,,,,,,,,,,,,,,,,,100,30707,100,48247978448,100,152367460848,,,,,,,,,,
2019-01-05,S300Z63P,ST4000DM000,4000787030016,0,112,45935792,,,96,0,100,4,100,0,84,269032658,,,65,31448,100,0,,,100,4,,,,,,,,,,,,,,,,,,,,,,,,,,,,,,,98,2,100,0,100,0,100,0,100,0,78,22,100,0,100,0,23,155758,22,22,,,,,100,0,100,0,200,0,,,,,,,,,,,,,,,,,,,,,,,,,,,100,30731,100,48273619368,100,152530339491,,,,,,,,,,
2019-01-06,S300Z63P,ST4000DM000,4000787030016,0,101,3505064,,,96,0,100,4,100,0,84,269880141,,,65,31472,100,0,,,100,4,,,,,,,,,,,,,,,,,,,,,,,,,,,,,,,98,2,100,0,100,0,100,0,100,0,77,23,100,0,100,0,23,155758,23,23,,,,,100,0,100,0,200,0,,,,,,,,,,,,,,,,,,,,,,,,,,,100,30755,100,48301907616,100,152707794941,,,,,,,,,,
2019-01-07,S300Z63P,ST4000DM000,4000787030016,0,119,217033152,,,96,0,100,4,100,0,84,270745657,,,65,31496,100,0,,,100,4,,,,,,,,,,,,,,,,,,,,,,,,,,,,,,,98,2,100,0,100,0,100,0,100,0,78,22,100,0,100,0,23,155758,22,22,,,,,100,0,100,0,200,0,,,,,,,,,,,,,,,,,,,,,,,,,,,100,30779,100,48327524384,100,152901626635,,,,,,,,,,
2019-01-08,S300Z63P,ST4000DM000,4000787030016,0,117,146876992,,,96,0,100,4,100,0,84,272354581,,,65,31520,100,0,,,100,4,,,,,,,,,,,,,,,,,,,,,,,,,,,,,,,98,2,100,0,100,0,100,0,100,0,79,21,100,0,100,0,23,155758,21,21,,,,,100,0,100,0,200,0,,,,,,,,,,,,,,,,,,,,,,,,,,,100,30803,100,48352363320,100,153083379023,,,,,,,,,,
2019-01-09,S300Z63P,ST4000DM000,4000787030016,0,119,214135216,,,96,0,100,4,100,0,84,274233399,,,64,31544,100,0,,,100,4,,,,,,,,,,,,,,,,,,,,,,,,,,,,,,,98,2,100,0,100,0,100,0,100,0,79,21,100,0,100,0,23,155758,21,21,,,,,100,0,100,0,200,0,,,,,,,,,,,,,,,,,,,,,,,,,,,100,30827,100,48385356256,100,153259897078,,,,,,,,,,
2019-01-10,S300Z63P,ST4000DM000,4000787030016,0,108,16474168,,,96,0,100,4,100,0,84,275289860,,,64,31562,100,0,,,100,4,,,,,,,,,,,,,,,,,,,,,,,,,,,,,,,98,2,100,0,100,0,100,0,100,0,79,21,100,0,100,0,23,155758,21,21,,,,,100,0,100,0,200,0,,,,,,,,,,,,,,,,,,,,,,,,,,,100,30845,100,48404619824,100,153358998282,,,,,,,,,,
2019-01-11,S300Z63P,ST4000DM000,4000787030016,0,114,80859000,,,96,0,100,4,100,0,84,276283812,,,64,31586,100,0,,,100,4,,,,,,,,,,,,,,,,,,,,,,,,,,,,,,,98,2,100,0,100,0,100,0,100,0,79,21,100,0,100,0,23,155758,21,21,,,,,100,0,100,0,200,0,,,,,,,,,,,,,,,,,,,,,,,,,,,100,30869,100,48428053848,100,153501833944,,,,,,,,,,
2019-01-12,S300Z63P,ST4000DM000,4000787030016,0,116,107498056,,,96,0,100,4,100,0,84,277253893,,,64,31610,100,0,,,100,4,,,,,,,,,,,,,,,,,,,,,,,,,,,,,,,98,2,100,0,100,0,100,0,100,0,79,21,100,0,100,0,23,155758,21,21,,,,,100,0,100,0,200,0,,,,,,,,,,,,,,,,,,,,,,,,,,,100,30893,100,48446840568,100,153652400313,,,,,,,,,,
2019-01-13,S300Z63P,ST4000DM000,4000787030016,0,117,154493264,,,96,0,100,4,100,0,84,278018803,,,64,31634,100,0,,,100,4,,,,,,,,,,,,,,,,,,,,,,,,,,,,,,,98,2,100,0,100,0,100,0,100,0,79,21,100,0,100,0,23,155758,21,21,,,,,100,0,100,0,200,0,,,,,,,,,,,,,,,,,,,,,,,,,,,100,30917,100,48466646680,100,153778064838,,,,,,,,,,
2019-01-14,S300Z63P,ST4000DM000,4000787030016,0,116,106010320,,,96,0,100,4,100,0,84,279561965,,,64,31658,100,0,,,100,4,,,,,,,,,,,,,,,,,,,,,,,,,,,,,,,98,2,100,0,100,0,100,0,100,0,79,21,100,0,100,0,23,155758,21,21,,,,,100,0,100,0,200,0,,,,,,,,,,,,,,,,,,,,,,,,,,,100,30941,100,48496933912,100,153923261807,,,,,,,,,,
2019-01-15,S300Z63P,ST4000DM000,4000787030016,0,116,104434992,,,96,0,100,4,100,0,84,281528461,,,64,31682,100,0,,,100,4,,,,,,,,,,,,,,,,,,,,,,,,,,,,,,,98,2,100,0,100,0,100,0,100,0,79,21,100,0,100,0,23,155758,21,21,,,,,100,0,100,0,200,0,,,,,,,,,,,,,,,,,,,,,,,,,,,100,30965,100,48527522512,100,154094499826,,,,,,,,,,
2019-01-16,S300Z63P,ST4000DM000,4000787030016,0,120,238778424,,,96,0,100,4,100,0,84,282748331,,,64,31706,100,0,,,100,4,,,,,,,,,,,,,,,,,,,,,,,,,,,,,,,98,2,100,0,100,0,100,0,100,0,78,22,100,0,100,0,23,155758,22,22,,,,,100,0,100,0,200,0,,,,,,,,,,,,,,,,,,,,,,,,,,,100,30989,100,48560096568,100,154270320860,,,,,,,,,,
2019-01-17,S300Z63P,ST4000DM000,4000787030016,0,114,78076160,,,96,0,100,4,100,0,84,284325265,,,64,31730,100,0,,,100,4,,,,,,,,,,,,,,,,,,,,,,,,,,,,,,,98,2,100,0,100,0,100,0,100,0,79,21,100,0,100,0,23,155758,21,21,,,,,100,0,100,0,200,0,,,,,,,,,,,,,,,,,,,,,,,,,,,100,31013,100,48599226488,100,154391437845,,,,,,,,,,
2019-01-18,S300Z63P,ST4000DM000,4000787030016,0,114,61744448,,,96,0,100,4,100,0,84,285731024,,,64,31754,100,0,,,100,4,,,,,,,,,,,,,,,,,,,,,,,,,,,,,,,98,2,100,0,100,0,100,0,100,0,79,21,100,0,100,0,23,155758,21,21,,,,,100,0,100,0,200,0,,,,,,,,,,,,,,,,,,,,,,,,,,,100,31037,100,48623748424,100,154566272735,,,,,,,,,,
2019-01-19,S300Z63P,ST4000DM000,4000787030016,0,117,158972256,,,96,0,100,4,100,0,84,286972402,,,64,31778,100,0,,,100,4,,,,,,,,,,,,,,,,,,,,,,,,,,,,,,,98,2,100,0,100,0,100,0,100,0,79,21,100,0,100,0,23,155758,21,21,,,,,100,0,100,0,200,0,,,,,,,,,,,,,,,,,,,,,,,,,,,100,31061,100,48654540496,100,154727080594,,,,,,,,,,
2019-01-20,S300Z63P,ST4000DM000,4000787030016,0,117,131265512,,,96,0,100,4,100,0,84,288366559,,,64,31802,100,0,,,100,4,,,,,,,,,,,,,,,,,,,,,,,,,,,,,,,98,2,100,0,100,0,100,0,100,0,79,21,100,0,100,0,23,155758,21,21,,,,,100,0,100,0,200,0,,,,,,,,,,,,,,,,,,,,,,,,,,,100,31085,100,48671222176,100,154897901915,,,,,,,,,,
2019-01-21,S300Z63P,ST4000DM000,4000787030016,0,111,39407832,,,96,0,100,4,100,0,84,289631627,,,64,31826,100,0,,,100,4,,,,,,,,,,,,,,,,,,,,,,,,,,,,,,,98,2,100,0,100,0,100,0,100,0,79,21,100,0,100,0,23,155758,21,21,,,,,100,0,100,0,200,0,,,,,,,,,,,,,,,,,,,,,,,,,,,100,31109,100,48686362256,100,155061892693,,,,,,,,,,
2019-01-22,S300Z63P,ST4000DM000,4000787030016,0,119,210030504,,,96,0,100,4,100,0,84,291547916,,,64,31850,100,0,,,100,4,,,,,,,,,,,,,,,,,,,,,,,,,,,,,,,98,2,100,0,100,0,100,0,100,0,78,22,100,0,100,0,23,155758,22,22,,,,,100,0,100,0,200,0,,,,,,,,,,,,,,,,,,,,,,,,,,,100,31133,100,48719646328,100,155225207010,,,,,,,,,,
2019-01-23,S300Z63P,ST4000DM000,4000787030016,0,114,80225312,,,96,0,100,4,100,0,84,292615169,,,64,31874,100,0,,,100,4,,,,,,,,,,,,,,,,,,,,,,,,,,,,,,,98,2,100,0,100,0,100,0,100,0,79,21,100,0,100,0,23,155758,21,21,,,,,100,0,100,0,200,0,,,,,,,,,,,,,,,,,,,,,,,,,,,100,31157,100,48739264768,100,155374045982,,,,,,,,,,
2019-01-24,S300Z63P,ST4000DM000,4000787030016,0,107,13981776,,,96,0,100,4,100,0,84,294273539,,,64,31898,100,0,,,100,4,,,,,,,,,,,,,,,,,,,,,,,,,,,,,,,98,2,100,0,100,0,100,0,100,0,80,20,100,0,100,0,23,155758,20,20,,,,,100,0,100,0,200,0,,,,,,,,,,,,,,,,,,,,,,,,,,,100,31181,100,48767581224,100,155521180624,,,,,,,,,,
2019-01-25,S300Z63P,ST4000DM000,4000787030016,0,118,186940616,,,96,0,100,4,100,0,84,295461658,,,64,31922,100,0,,,100,4,,,,,,,,,,,,,,,,,,,,,,,,,,,,,,,98,2,100,0,100,0,100,0,100,0,79,21,100,0,100,0,23,155758,21,21,,,,,100,0,100,0,200,0,,,,,,,,,,,,,,,,,,,,,,,,,,,100,31205,100,48793303848,100,155658921994,,,,,,,,,,
2019-01-26,S300Z63P,ST4000DM000,4000787030016,0,119,224415176,,,96,0,100,4,100,0,84,296558614,,,64,31946,100,0,,,100,4,,,,,,,,,,,,,,,,,,,,,,,,,,,,,,,98,2,100,0,100,0,100,0,100,0,79,21,100,0,100,0,23,155758,21,21,,,,,100,0,100,0,200,0,,,,,,,,,,,,,,,,,,,,,,,,,,,100,31229,100,48808707800,100,155797894286,,,,,,,,,,
2019-01-27,S300Z63P,ST4000DM000,4000787030016,0,114,77360768,,,96,0,100,4,100,0,84,297834792,,,64,31970,100,0,,,100,4,,,,,,,,,,,,,,,,,,,,,,,,,,,,,,,98,2,100,0,100,0,100,0,100,0,79,21,100,0,100,0,23,155758,21,21,,,,,100,0,100,0,200,0,,,,,,,,,,,,,,,,,,,,,,,,,,,100,31253,100,48830682128,100,155926487475,,,,,,,,,,
2019-01-28,S300Z63P,ST4000DM000,4000787030016,0,115,96337616,,,96,0,100,4,100,0,84,300263132,,,64,31994,100,0,,,100,4,,,,,,,,,,,,,,,,,,,,,,,,,,,,,,,98,2,100,0,100,0,100,0,100,0,79,21,100,0,100,0,23,155758,21,21,,,,,100,0,100,0,200,0,,,,,,,,,,,,,,,,,,,,,,,,,,,100,31277,100,48849358064,100,156059729587,,,,,,,,,,
2019-01-29,S300Z63P,ST4000DM000,4000787030016,0,111,32207752,,,96,0,100,4,100,0,84,301948844,,,64,32018,100,0,,,100,4,,,,,,,,,,,,,,,,,,,,,,,,,,,,,,,98,2,100,0,100,0,100,0,100,0,79,21,100,0,100,0,23,155758,21,21,,,,,100,0,100,0,200,0,,,,,,,,,,,,,,,,,,,,,,,,,,,100,31301,100,48870284584,100,156200834652,,,,,,,,,,
2019-01-30,S300Z63P,ST4000DM000,4000787030016,0,116,105452944,,,96,0,100,4,100,0,84,302831128,,,64,32042,100,0,,,100,4,,,,,,,,,,,,,,,,,,,,,,,,,,,,,,,98,2,100,0,100,0,100,0,100,0,79,21,100,0,100,0,23,155758,21,21,,,,,100,0,100,0,200,0,,,,,,,,,,,,,,,,,,,,,,,,,,,100,31325,100,48899242168,100,156324997626,,,,,,,,,,
2019-01-31,S300Z63P,ST4000DM000,4000787030016,0,109,24398840,,,96,0,100,4,100,0,84,304164140,,,64,32066,100,0,,,100,4,,,,,,,,,,,,,,,,,,,,,,,,,,,,,,,98,2,100,0,100,0,100,0,100,0,77,23,100,0,100,0,23,155758,23,23,,,,,100,0,100,0,200,0,,,,,,,,,,,,,,,,,,,,,,,,,,,100,31349,100,48934347904,100,156434918788,,,,,,,,,,
2019-02-01,S300Z63P,ST4000DM000,4000787030016,0,118,196069496,,,96,0,100,4,100,0,84,305087965,,,64,32090,100,0,,,100,4,,,,,,,,,,,,,,,,,,,,,,,,,,,,,,,98,2,100,0,100,0,100,0,100,0,79,21,100,0,100,0,23,155758,21,21,,,,,100,0,100,0,200,0,,,,,,,,,,,,,,,,,,,,,,,,,,,100,31372,100,48950096368,100,156592522972,,,,,,,,,,
2019-02-02,S300Z63P,ST4000DM000,4000787030016,0,110,27277280,,,96,0,100,4,100,0,84,306039213,,,64,32113,100,0,,,100,4,,,,,,,,,,,,,,,,,,,,,,,,,,,,,,,98,2,100,0,100,0,100,0,100,0,79,21,100,0,100,0,23,155758,21,21,,,,,100,0,100,0,200,0,,,,,,,,,,,,,,,,,,,,,,,,,,,100,31396,100,48979348104,100,156718618687,,,,,,,,,,
2019-02-03,S300Z63P,ST4000DM000,4000787030016,0,119,202076552,,,96,0,100,4,100,0,84,307225958,,,64,32138,100,0,,,100,4,,,,,,,,,,,,,,,,,,,,,,,,,,,,,,,98,2,100,0,100,0,100,0,100,0,79,21,100,0,100,0,23,155758,21,21,,,,,100,0,100,0,200,0,,,,,,,,,,,,,,,,,,,,,,,,,,,100,31420,100,49004100616,100,156919161770,,,,,,,,,,
2019-02-04,S300Z63P,ST4000DM000,4000787030016,0,119,217608712,,,96,0,100,4,100,0,84,308181599,,,64,32161,100,0,,,100,4,,,,,,,,,,,,,,,,,,,,,,,,,,,,,,,98,2,100,0,100,0,100,0,100,0,79,21,100,0,100,0,23,155758,21,21,,,,,100,0,100,0,200,0,,,,,,,,,,,,,,,,,,,,,,,,,,,100,31444,100,49023137352,100,157079947970,,,,,,,,,,
2019-02-05,S300Z63P,ST4000DM000,4000787030016,0,105,8371944,,,96,0,100,4,100,0,84,309878485,,,64,32185,100,0,,,100,4,,,,,,,,,,,,,,,,,,,,,,,,,,,,,,,98,2,100,0,100,0,100,0,100,0,79,21,100,0,100,0,23,155758,21,21,,,,,100,0,100,0,200,0,,,,,,,,,,,,,,,,,,,,,,,,,,,100,31468,100,49044341392,100,157200485606,,,,,,,,,,
2019-02-06,S300Z63P,ST4000DM000,4000787030016,0,118,185519088,,,96,0,100,4,100,0,84,310606175,,,64,32209,100,0,,,100,4,,,,,,,,,,,,,,,,,,,,,,,,,,,,,,,98,2,100,0,100,0,100,0,100,0,78,22,100,0,100,0,23,155758,22,22,,,,,100,0,100,0,200,0,,,,,,,,,,,,,,,,,,,,,,,,,,,100,31492,100,49066346400,100,157299906197,,,,,,,,,,
2019-02-07,S300Z63P,ST4000DM000,4000787030016,0,108,16837592,,,96,0,100,4,100,0,84,311935118,,,64,32233,100,0,,,100,4,,,,,,,,,,,,,,,,,,,,,,,,,,,,,,,98,2,100,0,100,0,100,0,100,0,77,23,100,0,100,0,23,155758,23,23,,,,,100,0,100,0,200,0,,,,,,,,,,,,,,,,,,,,,,,,,,,100,31516,100,49090459512,100,157397101387,,,,,,,,,,
2019-02-08,S300Z63P,ST4000DM000,4000787030016,0,108,19710552,,,96,0,100,4,100,0,84,313089537,,,64,32257,100,0,,,100,4,,,,,,,,,,,,,,,,,,,,,,,,,,,,,,,98,2,100,0,100,0,100,0,100,0,78,22,100,0,100,0,23,155758,22,22,,,,,100,0,100,0,200,0,,,,,,,,,,,,,,,,,,,,,,,,,,,100,31540,100,49129536984,100,157498395895,,,,,,,,,,
2019-02-09,S300Z63P,ST4000DM000,4000787030016,0,117,141045312,,,96,0,100,4,100,0,84,314199886,,,64,32281,100,0,,,100,4,,,,,,,,,,,,,,,,,,,,,,,,,,,,,,,98,2,100,0,100,0,100,0,100,0,79,21,100,0,100,0,23,155758,21,21,,,,,100,0,100,0,200,0,,,,,,,,,,,,,,,,,,,,,,,,,,,100,31564,100,49155666032,100,157640009011,,,,,,,,,,
2019-02-10,S300Z63P,ST4000DM000,4000787030016,0,118,186648128,,,96,0,100,4,100,0,84,315097754,,,64,32305,100,0,,,100,4,,,,,,,,,,,,,,,,,,,,,,,,,,,,,,,98,2,100,0,100,0,100,0,100,0,78,22,100,0,100,0,23,155758,22,22,,,,,100,0,100,0,200,0,,,,,,,,,,,,,,,,,,,,,,,,,,,100,31588,100,49176722848,100,157776743417,,,,,,,,,,
2019-02-11,S300Z63P,ST4000DM000,4000787030016,0,103,5527040,,,96,0,100,4,100,0,84,317263359,,,64,32329,100,0,,,100,4,,,,,,,,,,,,,,,,,,,,,,,,,,,,,,,98,2,100,0,100,0,100,0,100,0,79,21,100,0,100,0,23,155758,21,21,,,,,100,0,100,0,200,0,,,,,,,,,,,,,,,,,,,,,,,,,,,100,31612,100,49217015808,100,157961999682,,,,,,,,,,
2019-02-12,S300Z63P,ST4000DM000,4000787030016,0,110,26186800,,,96,0,100,4,100,0,84,318989855,,,64,32353,100,0,,,100,4,,,,,,,,,,,,,,,,,,,,,,,,,,,,,,,98,2,100,0,100,0,100,0,100,0,77,23,100,0,100,0,23,155758,23,23,,,,,100,0,100,0,200,0,,,,,,,,,,,,,,,,,,,,,,,,,,,100,31636,100,49241885648,100,158166992789,,,,,,,,,,
2019-02-13,S300Z63P,ST4000DM000,4000787030016,0,113,55655344,,,96,0,100,4,100,0,84,319844082,,,64,32377,100,0,,,100,4,,,,,,,,,,,,,,,,,,,,,,,,,,,,,,,98,2,100,0,100,0,100,0,100,0,79,21,100,0,100,0,23,155758,21,21,,,,,100,0,100,0,200,0,,,,,,,,,,,,,,,,,,,,,,,,,,,100,31660,100,49265986440,100,158357187135,,,,,,,,,,
2019-02-14,S300Z63P,ST4000DM000,4000787030016,0,118,178599656,,,96,0,100,4,100,0,84,321092239,,,64,32401,100,0,,,100,4,,,,,,,,,,,,,,,,,,,,,,,,,,,,,,,98,2,100,0,100,0,100,0,100,0,79,21,100,0,100,0,23,155758,21,21,,,,,100,0,100,0,200,0,,,,,,,,,,,,,,,,,,,,,,,,,,,100,31684,100,49302162968,100,158497437037,,,,,,,,,,
2019-02-15,S300Z63P,ST4000DM000,4000787030016,0,120,242265616,,,96,0,100,4,100,0,84,322080520,,,63,32425,100,0,,,100,4,,,,,,,,,,,,,,,,,,,,,,,,,,,,,,,98,2,100,0,100,0,100,0,100,0,79,21,100,0,100,0,23,155758,21,21,,,,,100,0,100,0,200,0,,,,,,,,,,,,,,,,,,,,,,,,,,,100,31708,100,49318106416,100,158628250281,,,,,,,,,,
2019-02-16,S300Z63P,ST4000DM000,4000787030016,0,111,36362800,,,96,0,100,4,100,0,84,322872575,,,63,32449,100,0,,,100,4,,,,,,,,,,,,,,,,,,,,,,,,,,,,,,,98,2,100,0,100,0,100,0,100,0,79,21,100,0,100,0,23,155758,21,21,,,,,100,0,100,0,200,0,,,,,,,,,,,,,,,,,,,,,,,,,,,100,31732,100,49339364368,100,158789545713,,,,,,,,,,
2019-02-17,S300Z63P,ST4000DM000,4000787030016,0,117,156270424,,,96,0,100,4,100,0,84,324026797,,,63,32473,100,0,,,100,4,,,,,,,,,,,,,,,,,,,,,,,,,,,,,,,98,2,100,0,100,0,100,0,100,0,79,21,100,0,100,0,23,155758,21,21,,,,,100,0,100,0,200,0,,,,,,,,,,,,,,,,,,,,,,,,,,,100,31756,100,49369885704,100,158963528225,,,,,,,,,,
2019-02-18,S300Z63P,ST4000DM000,4000787030016,0,117,119080400,,,96,0,100,4,100,0,84,325255433,,,63,32497,100,0,,,100,4,,,,,,,,,,,,,,,,,,,,,,,,,,,,,,,98,2,100,0,100,0,100,0,100,0,79,21,100,0,100,0,23,155758,21,21,,,,,100,0,100,0,200,0,,,,,,,,,,,,,,,,,,,,,,,,,,,100,31780,100,49395457288,100,159127878305,,,,,,,,,,
2019-02-19,S300Z63P,ST4000DM000,4000787030016,0,111,40392752,,,96,0,100,4,100,0,84,327425387,,,63,32521,100,0,,,100,4,,,,,,,,,,,,,,,,,,,,,,,,,,,,,,,98,2,100,0,100,0,100,0,100,0,79,21,100,0,100,0,23,155758,21,21,,,,,100,0,100,0,200,0,,,,,,,,,,,,,,,,,,,,,,,,,,,100,31804,100,49419815216,100,159332830424,,,,,,,,,,
2019-02-20,S300Z63P,ST4000DM000,4000787030016,0,112,46890272,,,96,0,100,4,100,0,84,328661658,,,63,32545,100,0,,,100,4,,,,,,,,,,,,,,,,,,,,,,,,,,,,,,,98,2,100,0,100,0,100,0,100,0,79,21,100,0,100,0,23,155758,21,21,,,,,100,0,100,0,200,0,,,,,,,,,,,,,,,,,,,,,,,,,,,100,31828,100,49438114584,100,159488239741,,,,,,,,,,
2019-02-21,S300Z63P,ST4000DM000,4000787030016,0,114,70318840,,,96,0,100,4,100,0,84,331263040,,,63,32569,100,0,,,100,4,,,,,,,,,,,,,,,,,,,,,,,,,,,,,,,98,2,100,0,100,0,100,0,100,0,78,22,100,0,100,0,23,155758,22,22,,,,,100,0,100,0,200,0,,,,,,,,,,,,,,,,,,,,,,,,,,,100,31851,100,49459278040,100,159646183247,,,,,,,,,,
2019-02-22,S300Z63P,ST4000DM000,4000787030016,0,113,51562688,,,96,0,100,4,100,0,84,332213243,,,63,32592,100,0,,,100,4,,,,,,,,,,,,,,,,,,,,,,,,,,,,,,,98,2,100,0,100,0,100,0,100,0,77,23,100,0,100,0,23,155758,23,23,,,,,100,0,100,0,200,0,,,,,,,,,,,,,,,,,,,,,,,,,,,100,31875,100,49470475568,100,159740610822,,,,,,,,,,
2019-02-23,S300Z63P,ST4000DM000,4000787030016,0,112,48561728,,,96,0,100,4,100,0,84,333250942,,,63,32616,100,0,,,100,4,,,,,,,,,,,,,,,,,,,,,,,,,,,,,,,98,2,100,0,100,0,100,0,100,0,78,22,100,0,100,0,23,155758,22,22,,,,,100,0,100,0,200,0,,,,,,,,,,,,,,,,,,,,,,,,,,,100,31899,100,49489445112,100,159888229332,,,,,,,,,,
2019-02-24,S300Z63P,ST4000DM000,4000787030016,0,119,209393592,,,96,0,100,4,100,0,84,334511497,,,63,32640,100,0,,,100,4,,,,,,,,,,,,,,,,,,,,,,,,,,,,,,,98,2,100,0,100,0,100,0,100,0,77,23,100,0,100,0,23,155758,23,23,,,,,100,0,100,0,200,0,,,,,,,,,,,,,,,,,,,,,,,,,,,100,31923,100,49509610792,100,160045079665,,,,,,,,,,
2019-02-25,S300Z63P,ST4000DM000,4000787030016,0,113,55366928,,,96,0,100,4,100,0,84,335370184,,,63,32664,100,0,,,100,4,,,,,,,,,,,,,,,,,,,,,,,,,,,,,,,98,2,100,0,100,0,100,0,100,0,79,21,100,0,100,0,23,155758,21,21,,,,,100,0,100,0,200,0,,,,,,,,,,,,,,,,,,,,,,,,,,,100,31947,100,49521804680,100,160192462007,,,,,,,,,,
2019-02-26,S300Z63P,ST4000DM000,4000787030016,0,118,186941896,,,96,0,100,4,100,0,85,337432018,,,63,32688,100,0,,,100,4,,,,,,,,,,,,,,,,,,,,,,,,,,,,,,,98,2,100,0,100,0,100,0,100,0,79,21,100,0,100,0,23,155758,21,21,,,,,100,0,100,0,200,0,,,,,,,,,,,,,,,,,,,,,,,,,,,100,31971,100,49547796792,100,160362024526,,,,,,,,,,
2019-02-27,S300Z63P,ST4000DM000,4000787030016,0,117,140552032,,,96,0,100,4,100,0,85,338539128,,,63,32712,100,0,,,100,4,,,,,,,,,,,,,,,,,,,,,,,,,,,,,,,98,2,100,0,100,0,100,0,100,0,79,21,100,0,100,0,23,155758,21,21,,,,,100,0,100,0,200,0,,,,,,,,,,,,,,,,,,,,,,,,,,,100,31995,100,49563983664,100,160508838859,,,,,,,,,,
2019-02-28,S300Z63P,ST4000DM000,4000787030016,0,117,130713288,,,96,0,100,4,100,0,85,339734071,,,63,32736,100,0,,,100,4,,,,,,,,,,,,,,,,,,,,,,,,,,,,,,,98,2,100,0,100,0,100,0,100,0,79,21,100,0,100,0,23,155758,21,21,,,,,100,0,100,0,200,0,,,,,,,,,,,,,,,,,,,,,,,,,,,100,32019,100,49578250184,100,160614717051,,,,,,,,,,
2019-03-01,S300Z63P,ST4000DM000,4000787030016,0,119,215153344,,,96,0,100,4,100,0,85,340794941,,,63,32760,100,0,,,100,4,,,,,,,,,,,,,,,,,,,,,,,,,,,,,,,98,2,100,0,100,0,100,0,100,0,78,22,100,0,100,0,23,155758,22,22,,,,,100,0,100,0,200,0,,,,,,,,,,,,,,,,,,,,,,,,,,,100,32042,100,49594731488,100,160725540206,,,,,,,,,,
2019-03-02,S300Z63P,ST4000DM000,4000787030016,0,116,110982768,,,96,0,100,4,100,0,85,342217021,,,63,32783,100,0,,,100,4,,,,,,,,,,,,,,,,,,,,,,,,,,,,,,,98,2,100,0,100,0,100,0,100,0,79,21,100,0,100,0,23,155758,21,21,,,,,100,0,100,0,200,0,,,,,,,,,,,,,,,,,,,,,,,,,,,100,32066,100,49606854448,100,160852932701,,,,,,,,,,
2019-03-03,S300Z63P,ST4000DM000,4000787030016,0,118,195232960,,,96,0,100,4,100,0,85,342929186,,,63,32807,100,0,,,100,4,,,,,,,,,,,,,,,,,,,,,,,,,,,,,,,98,2,100,0,100,0,100,0,100,0,79,21,100,0,100,0,23,155758,21,21,,,,,100,0,100,0,200,0,,,,,,,,,,,,,,,,,,,,,,,,,,,100,32090,100,49620050616,100,160974796969,,,,,,,,,,
2019-03-04,S300Z63P,ST4000DM000,4000787030016,0,117,136258552,,,96,0,100,4,100,0,85,343700265,,,63,32831,100,0,,,100,4,,,,,,,,,,,,,,,,,,,,,,,,,,,,,,,98,2,100,0,100,0,100,0,100,0,79,21,100,0,100,0,23,155758,21,21,,,,,100,0,100,0,200,0,,,,,,,,,,,,,,,,,,,,,,,,,,,100,32114,100,49647548952,100,161101997284,,,,,,,,,,
2019-03-05,S300Z63P,ST4000DM000,4000787030016,0,115,93640256,,,96,0,100,4,100,0,85,345395146,,,63,32855,100,0,,,100,4,,,,,,,,,,,,,,,,,,,,,,,,,,,,,,,98,2,100,0,100,0,100,0,100,0,79,21,100,0,100,0,23,155758,21,21,,,,,100,0,100,0,200,0,,,,,,,,,,,,,,,,,,,,,,,,,,,100,32138,100,49662191552,100,161257260264,,,,,,,,,,
2019-03-06,S300Z63P,ST4000DM000,4000787030016,0,111,35802960,,,96,0,100,4,100,0,85,346109153,,,63,32879,100,0,,,100,4,,,,,,,,,,,,,,,,,,,,,,,,,,,,,,,98,2,100,0,100,0,100,0,100,0,79,21,100,0,100,0,23,155758,21,21,,,,,100,0,100,0,200,0,,,,,,,,,,,,,,,,,,,,,,,,,,,100,32162,100,49673434256,100,161365491324,,,,,,,,,,
2019-03-07,S300Z63P,ST4000DM000,4000787030016,0,114,77687912,,,96,0,100,4,100,0,85,347457804,,,63,32903,100,0,,,100,4,,,,,,,,,,,,,,,,,,,,,,,,,,,,,,,98,2,100,0,100,0,100,0,100,0,79,21,100,0,100,0,23,155758,21,21,,,,,100,0,100,0,200,0,,,,,,,,,,,,,,,,,,,,,,,,,,,100,32186,100,49694374896,100,161532877217,,,,,,,,,,
2019-03-08,S300Z63P,ST4000DM000,4000787030016,0,116,107665016,,,96,0,100,4,100,0,85,350101028,,,63,32927,100,0,,,100,4,,,,,,,,,,,,,,,,,,,,,,,,,,,,,,,98,2,100,0,100,0,100,0,100,0,79,21,100,0,100,0,23,155758,21,21,,,,,100,0,100,0,200,0,,,,,,,,,,,,,,,,,,,,,,,,,,,100,32210,100,49715173192,100,161706623540,,,,,,,,,,
2019-03-09,S300Z63P,ST4000DM000,4000787030016,0,120,237852904,,,96,0,100,4,100,0,85,350936937,,,63,32951,100,0,,,100,4,,,,,,,,,,,,,,,,,,,,,,,,,,,,,,,98,2,100,0,100,0,100,0,100,0,79,21,100,0,100,0,23,155758,21,21,,,,,100,0,100,0,200,0,,,,,,,,,,,,,,,,,,,,,,,,,,,100,32234,100,49733618752,100,161836159585,,,,,,,,,,
2019-03-10,S300Z63P,ST4000DM000,4000787030016,0,117,129503224,,,96,0,100,4,100,0,85,351746906,,,63,32975,100,0,,,100,4,,,,,,,,,,,,,,,,,,,,,,,,,,,,,,,98,2,100,0,100,0,100,0,100,0,79,21,100,0,100,0,23,155758,21,21,,,,,100,0,100,0,200,0,,,,,,,,,,,,,,,,,,,,,,,,,,,100,32258,100,49755493032,100,161928527605,,,,,,,,,,
2019-03-11,S300Z63P,ST4000DM000,4000787030016,0,113,55350208,,,96,0,100,4,100,0,85,352475847,,,63,32999,100,0,,,100,4,,,,,,,,,,,,,,,,,,,,,,,,,,,,,,,98,2,100,0,100,0,100,0,100,0,79,21,100,0,100,0,23,155758,21,21,,,,,100,0,100,0,200,0,,,,,,,,,,,,,,,,,,,,,,,,,,,100,32282,100,49773355448,100,162025243867,,,,,,,,,,
2019-03-12,S300Z63P,ST4000DM000,4000787030016,0,119,202495544,,,96,0,100,4,100,0,85,354272302,,,63,33023,100,0,,,100,4,,,,,,,,,,,,,,,,,,,,,,,,,,,,,,,98,2,100,0,100,0,100,0,100,0,79,21,100,0,100,0,23,155758,21,21,,,,,100,0,100,0,200,0,,,,,,,,,,,,,,,,,,,,,,,,,,,100,32306,100,49798675632,100,162161740447,,,,,,,,,,
2019-03-13,S300Z63P,ST4000DM000,4000787030016,0,117,158903672,,,96,0,100,4,100,0,85,355623721,,,63,33059,100,0,,,100,4,,,,,,,,,,,,,,,,,,,,,,,,,,,,,,,98,2,100,0,100,0,100,0,100,0,78,22,100,0,100,0,23,155758,22,22,,,,,100,0,100,0,200,0,,,,,,,,,,,,,,,,,,,,,,,,,,,100,32341,100,49835858856,100,162387786061,,,,,,,,,,
2019-03-14,S300Z63P,ST4000DM000,4000787030016,0,109,24662920,,,96,0,100,4,100,0,85,357061708,,,63,33082,100,0,,,100,4,,,,,,,,,,,,,,,,,,,,,,,,,,,,,,,98,2,100,0,100,0,100,0,100,0,80,20,100,0,100,0,23,155758,20,20,,,,,100,0,100,0,200,0,,,,,,,,,,,,,,,,,,,,,,,,,,,100,32365,100,49856541272,100,162464833171,,,,,,,,,,
2019-03-15,S300Z63P,ST4000DM000,4000787030016,0,114,71546992,,,96,0,100,4,100,0,85,357945233,,,63,33106,100,0,,,100,4,,,,,,,,,,,,,,,,,,,,,,,,,,,,,,,98,2,100,0,100,0,100,0,100,0,79,21,100,0,100,0,23,155758,21,21,,,,,100,0,100,0,200,0,,,,,,,,,,,,,,,,,,,,,,,,,,,100,32389,100,49880900968,100,162615047217,,,,,,,,,,
2019-03-16,S300Z63P,ST4000DM000,4000787030016,0,118,188417928,,,96,0,100,4,100,0,85,358869716,,,63,33130,100,0,,,100,4,,,,,,,,,,,,,,,,,,,,,,,,,,,,,,,98,2,100,0,100,0,100,0,100,0,79,21,100,0,100,0,23,155758,21,21,,,,,100,0,100,0,200,0,,,,,,,,,,,,,,,,,,,,,,,,,,,100,32413,100,49932232160,100,162788546241,,,,,,,,,,
2019-03-17,S300Z63P,ST4000DM000,4000787030016,0,117,133684464,,,96,0,100,4,100,0,85,359542476,,,63,33154,100,0,,,100,4,,,,,,,,,,,,,,,,,,,,,,,,,,,,,,,98,2,100,0,100,0,100,0,100,0,80,20,100,0,100,0,23,155758,20,20,,,,,100,0,100,0,200,0,,,,,,,,,,,,,,,,,,,,,,,,,,,100,32437,100,49948557736,100,162971151933,,,,,,,,,,
2019-03-18,S300Z63P,ST4000DM000,4000787030016,0,110,27284232,,,96,0,100,4,100,0,85,360445361,,,63,33178,100,0,,,100,4,,,,,,,,,,,,,,,,,,,,,,,,,,,,,,,98,2,100,0,100,0,100,0,100,0,80,20,100,0,100,0,23,155758,20,20,,,,,100,0,100,0,200,0,,,,,,,,,,,,,,,,,,,,,,,,,,,100,32461,100,49966371856,100,163134421342,,,,,,,,,,
2019-03-19,S300Z63P,ST4000DM000,4000787030016,0,117,136922664,,,96,0,100,4,100,0,85,361863817,,,63,33202,100,0,,,100,4,,,,,,,,,,,,,,,,,,,,,,,,,,,,,,,98,2,100,0,100,0,100,0,100,0,80,20,100,0,100,0,23,155758,20,20,,,,,100,0,100,0,200,0,,,,,,,,,,,,,,,,,,,,,,,,,,,100,32485,100,49990854296,100,163303069285,,,,,,,,,,
2019-03-20,S300Z63P,ST4000DM000,4000787030016,0,114,82303032,,,96,0,100,4,100,0,85,362804594,,,63,33226,100,0,,,100,4,,,,,,,,,,,,,,,,,,,,,,,,,,,,,,,98,2,100,0,100,0,100,0,100,0,79,21,100,0,100,0,23,155758,21,21,,,,,100,0,100,0,200,0,,,,,,,,,,,,,,,,,,,,,,,,,,,100,32508,100,50008989040,100,163463099209,,,,,,,,,,
2019-03-21,S300Z63P,ST4000DM000,4000787030016,0,119,224027808,,,96,0,100,4,100,0,85,364537774,,,63,33249,100,0,,,100,4,,,,,,,,,,,,,,,,,,,,,,,,,,,,,,,98,2,100,0,100,0,100,0,100,0,79,21,100,0,100,0,23,155758,21,21,,,,,100,0,100,0,200,0,,,,,,,,,,,,,,,,,,,,,,,,,,,100,32532,100,50031173720,100,163591615202,,,,,,,,,,
2019-03-22,S300Z63P,ST4000DM000,4000787030016,0,115,86445264,,,96,0,100,4,100,0,85,367096765,,,63,33273,100,0,,,100,4,,,,,,,,,,,,,,,,,,,,,,,,,,,,,,,98,2,100,0,100,0,100,0,100,0,79,21,100,0,100,0,23,155758,21,21,,,,,100,0,100,0,200,0,,,,,,,,,,,,,,,,,,,,,,,,,,,100,32556,100,50052730664,100,163771505827,,,,,,,,,,
2019-03-23,S300Z63P,ST4000DM000,4000787030016,0,110,28749288,,,96,0,100,4,100,0,85,368404395,,,62,33297,100,0,,,100,4,,,,,,,,,,,,,,,,,,,,,,,,,,,,,,,98,2,100,0,100,0,100,0,100,0,79,21,100,0,100,0,23,155758,21,21,,,,,100,0,100,0,200,0,,,,,,,,,,,,,,,,,,,,,,,,,,,100,32580,100,50076664128,100,163956046692,,,,,,,,,,
2019-03-24,S300Z63P,ST4000DM000,4000787030016,0,120,241667280,,,96,0,100,4,100,0,85,369651863,,,62,33321,100,0,,,100,4,,,,,,,,,,,,,,,,,,,,,,,,,,,,,,,98,2,100,0,100,0,100,0,100,0,79,21,100,0,100,0,23,155758,21,21,,,,,100,0,100,0,200,0,,,,,,,,,,,,,,,,,,,,,,,,,,,100,32604,100,50094885496,100,164112446135,,,,,,,,,,
2019-03-25,S300Z63P,ST4000DM000,4000787030016,0,117,129392648,,,96,0,100,4,100,0,85,371197528,,,62,33345,100,0,,,100,4,,,,,,,,,,,,,,,,,,,,,,,,,,,,,,,98,2,100,0,100,0,100,0,100,0,78,22,100,0,100,0,23,155758,22,22,,,,,100,0,100,0,200,0,,,,,,,,,,,,,,,,,,,,,,,,,,,100,32628,100,50116094832,100,164295968610,,,,,,,,,,
2019-03-26,S300Z63P,ST4000DM000,4000787030016,0,111,33437672,,,96,0,100,4,100,0,85,373197571,,,62,33369,100,0,,,100,4,,,,,,,,,,,,,,,,,,,,,,,,,,,,,,,98,2,100,0,100,0,100,0,100,0,78,22,100,0,100,0,23,155758,22,22,,,,,100,0,100,0,200,0,,,,,,,,,,,,,,,,,,,,,,,,,,,100,32652,100,50144255608,100,164460572832,,,,,,,,,,
2019-03-27,S300Z63P,ST4000DM000,4000787030016,0,115,96184024,,,96,0,100,4,100,0,85,374123153,,,62,33393,100,0,,,100,4,,,,,,,,,,,,,,,,,,,,,,,,,,,,,,,98,2,100,0,100,0,100,0,100,0,80,20,100,0,100,0,23,155758,20,20,,,,,100,0,100,0,200,0,,,,,,,,,,,,,,,,,,,,,,,,,,,100,32676,100,50167345408,100,164597528283,,,,,,,,,,
2019-03-28,S300Z63P,ST4000DM000,4000787030016,0,112,42574656,,,96,0,100,4,100,0,85,375677069,,,62,33417,100,0,,,100,4,,,,,,,,,,,,,,,,,,,,,,,,,,,,,,,98,2,100,0,100,0,100,0,100,0,79,21,100,0,100,0,23,155758,21,21,,,,,100,0,100,0,200,0,,,,,,,,,,,,,,,,,,,,,,,,,,,100,32700,100,50196232632,100,164745228534,,,,,,,,,,
2019-03-29,S300Z63P,ST4000DM000,4000787030016,0,113,51637888,,,96,0,100,4,100,0,85,376611038,,,62,33441,100,0,,,100,4,,,,,,,,,,,,,,,,,,,,,,,,,,,,,,,98,2,100,0,100,0,100,0,100,0,79,21,100,0,100,0,23,155758,21,21,,,,,100,0,100,0,200,0,,,,,,,,,,,,,,,,,,,,,,,,,,,100,32723,100,50217433648,100,164877809064,,,,,,,,,,
2019-03-30,S300Z63P,ST4000DM000,4000787030016,0,117,166284368,,,96,0,100,4,100,0,85,377158062,,,62,33452,100,0,,,100,4,,,,,,,,,,,,,,,,,,,,,,,,,,,,,,,98,2,100,0,100,0,100,0,100,0,79,21,100,0,100,0,23,155758,21,21,,,,,100,0,100,0,200,0,,,,,,,,,,,,,,,,,,,,,,,,,,,100,32735,100,50226528240,100,164957692591,,,,,,,,,,
2019-03-31,S300Z63P,ST4000DM000,4000787030016,0,117,142497248,,,96,0,100,4,100,0,85,378278754,,,62,33476,100,0,,,100,4,,,,,,,,,,,,,,,,,,,,,,,,,,,,,,,98,2,100,0,100,0,100,0,100,0,79,21,100,0,100,0,23,155758,21,21,,,,,100,0,100,0,200,0,,,,,,,,,,,,,,,,,,,,,,,,,,,100,32759,100,50246330840,100,165105861073,,,,,,,,,,
2019-04-01,S300Z63P,ST4000DM000,4000787030016,0,120,242689312,,,96,0,100,4,100,0,85,379306026,,,62,33500,100,0,,,100,4,,,,,,,,,,,,,,,,,,,,,,,,,,,,,,,98,2,100,0,100,0,100,0,100,0,79,21,100,0,100,0,23,155758,21,21,,,,,100,0,100,0,200,0,,,,,,,,,,,,,,,,,,,,,,,,,,,100,32783,100,50264555584,100,165225356988,,,,,,,,,,
2019-04-02,S300Z63P,ST4000DM000,4000787030016,0,114,71473096,,,96,0,100,4,100,0,85,381806844,,,62,33524,100,0,,,100,4,,,,,,,,,,,,,,,,,,,,,,,,,,,,,,,98,2,100,0,100,0,100,0,100,0,79,21,100,0,100,0,23,155758,21,21,,,,,100,0,100,0,200,0,,,,,,,,,,,,,,,,,,,,,,,,,,,100,32807,100,50285234616,100,165371705152,,,,,,,,,,
2019-04-03,S300Z63P,ST4000DM000,4000787030016,0,119,209668640,,,96,0,100,4,100,0,85,382682840,,,62,33548,100,0,,,100,4,,,,,,,,,,,,,,,,,,,,,,,,,,,,,,,98,2,100,0,100,0,100,0,100,0,79,21,100,0,100,0,23,155758,21,21,,,,,100,0,100,0,200,0,,,,,,,,,,,,,,,,,,,,,,,,,,,100,32830,100,50305806672,100,165501208371,,,,,,,,,,
2019-04-04,S300Z63P,ST4000DM000,4000787030016,0,106,10869656,,,96,0,100,4,100,0,85,384323564,,,62,33584,100,0,,,100,4,,,,,,,,,,,,,,,,,,,,,,,,,,,,,,,98,2,100,0,100,0,100,0,100,0,79,21,100,0,100,0,23,155758,21,21,,,,,100,0,100,0,200,0,,,,,,,,,,,,,,,,,,,,,,,,,,,100,32866,100,50337589232,100,165678109668,,,,,,,,,,
2019-04-05,S300Z63P,ST4000DM000,4000787030016,0,113,53116776,,,96,0,100,4,100,0,85,385108995,,,62,33607,100,0,,,100,4,,,,,,,,,,,,,,,,,,,,,,,,,,,,,,,98,2,100,0,100,0,100,0,100,0,80,20,100,0,100,0,23,155758,20,20,,,,,100,0,100,0,200,0,,,,,,,,,,,,,,,,,,,,,,,,,,,100,32890,100,50357551184,100,165789775915,,,,,,,,,,
2019-04-06,S300Z63P,ST4000DM000,4000787030016,0,117,122842208,,,96,0,100,4,100,0,85,387245493,,,62,33631,100,0,,,100,4,,,,,,,,,,,,,,,,,,,,,,,,,,,,,,,98,2,100,0,100,0,100,0,100,0,79,21,100,0,100,0,23,155758,21,21,,,,,100,0,100,0,200,0,,,,,,,,,,,,,,,,,,,,,,,,,,,100,32914,100,50380697280,100,165941256392,,,,,,,,,,
2019-04-07,S300Z63P,ST4000DM000,4000787030016,0,119,221770464,,,96,0,100,4,100,0,85,388212807,,,62,33655,100,0,,,100,4,,,,,,,,,,,,,,,,,,,,,,,,,,,,,,,98,2,100,0,100,0,100,0,100,0,79,21,100,0,100,0,23,155758,21,21,,,,,100,0,100,0,200,0,,,,,,,,,,,,,,,,,,,,,,,,,,,100,32938,100,50396496840,100,166109980200,,,,,,,,,,
2019-04-08,S300Z63P,ST4000DM000,4000787030016,0,115,98391952,,,96,0,100,4,100,0,85,389342253,,,62,33679,100,0,,,100,4,,,,,,,,,,,,,,,,,,,,,,,,,,,,,,,98,2,100,0,100,0,100,0,100,0,80,20,100,0,100,0,23,155758,20,20,,,,,100,0,100,0,200,0,,,,,,,,,,,,,,,,,,,,,,,,,,,100,32962,100,50409705352,100,166309214190,,,,,,,,,,
2019-04-09,S300Z63P,ST4000DM000,4000787030016,0,118,185159624,,,96,0,100,4,100,0,85,391203518,,,62,33703,100,0,,,100,4,,,,,,,,,,,,,,,,,,,,,,,,,,,,,,,98,2,100,0,100,0,100,0,100,0,80,20,100,0,100,0,23,155758,20,20,,,,,100,0,100,0,200,0,,,,,,,,,,,,,,,,,,,,,,,,,,,100,32986,100,50431210056,100,166457971601,,,,,,,,,,
2019-04-10,S300Z63P,ST4000DM000,4000787030016,0,116,108340120,,,96,0,100,4,100,0,85,391824953,,,62,33727,100,0,,,100,4,,,,,,,,,,,,,,,,,,,,,,,,,,,,,,,98,2,100,0,100,0,100,0,100,0,80,20,100,0,100,0,23,155758,20,20,,,,,100,0,100,0,200,0,,,,,,,,,,,,,,,,,,,,,,,,,,,100,33010,100,50445715432,100,166543133854,,,,,,,,,,
2019-04-11,S300Z63P,ST4000DM000,4000787030016,0,118,192524848,,,96,0,100,4,100,0,85,392135889,,,62,33739,100,0,,,100,4,,,,,,,,,,,,,,,,,,,,,,,,,,,,,,,98,2,100,0,100,0,100,0,100,0,79,21,100,0,100,0,23,155758,21,21,,,,,100,0,100,0,200,0,,,,,,,,,,,,,,,,,,,,,,,,,,,100,33022,100,50452690056,100,166582870000,,,,,,,,,,
2019-04-12,S300Z63P,ST4000DM000,4000787030016,0,119,217056032,,,96,0,100,4,100,0,85,393624018,,,62,33762,100,0,,,100,4,,,,,,,,,,,,,,,,,,,,,,,,,,,,,,,98,2,100,0,100,0,100,0,100,0,80,20,100,0,100,0,23,155758,20,20,,,,,100,0,100,0,200,0,,,,,,,,,,,,,,,,,,,,,,,,,,,100,33045,100,50469102360,100,166677904530,,,,,,,,,,
2019-04-13,S300Z63P,ST4000DM000,4000787030016,0,114,82883400,,,96,0,100,4,100,0,85,394313897,,,62,33786,100,0,,,100,4,,,,,,,,,,,,,,,,,,,,,,,,,,,,,,,98,2,100,0,100,0,100,0,100,0,79,21,100,0,100,0,23,155758,21,21,,,,,100,0,100,0,200,0,,,,,,,,,,,,,,,,,,,,,,,,,,,100,33069,100,50482038160,100,166783786618,,,,,,,,,,
2019-04-14,S300Z63P,ST4000DM000,4000787030016,0,118,170800920,,,96,0,100,4,100,0,85,395014561,,,62,33810,100,0,,,100,4,,,,,,,,,,,,,,,,,,,,,,,,,,,,,,,98,2,100,0,100,0,100,0,100,0,79,21,100,0,100,0,23,155758,21,21,,,,,100,0,100,0,200,0,,,,,,,,,,,,,,,,,,,,,,,,,,,100,33093,100,50496844536,100,166898881852,,,,,,,,,,
2019-04-15,S300Z63P,ST4000DM000,4000787030016,0,119,208198784,,,96,0,100,4,100,0,85,395647220,,,62,33834,100,0,,,100,4,,,,,,,,,,,,,,,,,,,,,,,,,,,,,,,98,2,100,0,100,0,100,0,100,0,79,21,100,0,100,0,23,155758,21,21,,,,,100,0,100,0,200,0,,,,,,,,,,,,,,,,,,,,,,,,,,,100,33117,100,50511558728,100,167055692419,,,,,,,,,,
2019-04-16,S300Z63P,ST4000DM000,4000787030016,0,120,243899552,,,96,0,100,4,100,0,85,397280415,,,62,33858,100,0,,,100,4,,,,,,,,,,,,,,,,,,,,,,,,,,,,,,,98,2,100,0,100,0,100,0,100,0,79,21,100,0,100,0,23,155758,21,21,,,,,100,0,100,0,200,0,,,,,,,,,,,,,,,,,,,,,,,,,,,100,33140,100,50528724360,100,167247478645,,,,,,,,,,
2019-04-17,S300Z63P,ST4000DM000,4000787030016,0,115,92705024,,,96,0,100,4,100,0,85,398370612,,,62,33893,100,0,,,100,4,,,,,,,,,,,,,,,,,,,,,,,,,,,,,,,98,2,100,0,100,0,100,0,100,0,79,21,100,0,100,0,23,155758,21,21,,,,,100,0,100,0,200,0,,,,,,,,,,,,,,,,,,,,,,,,,,,100,33176,100,50553759984,100,167499385479,,,,,,,,,,
2019-04-18,S300Z63P,ST4000DM000,4000787030016,0,119,207733056,,,96,0,100,4,100,0,85,399834935,,,62,33917,100,0,,,100,4,,,,,,,,,,,,,,,,,,,,,,,,,,,,,,,98,2,100,0,100,0,100,0,100,0,80,20,100,0,100,0,23,155758,20,20,,,,,100,0,100,0,200,0,,,,,,,,,,,,,,,,,,,,,,,,,,,100,33200,100,50572274920,100,167599083509,,,,,,,,,,
2019-04-19,S300Z63P,ST4000DM000,4000787030016,0,116,115507744,,,96,0,100,4,100,0,85,400430174,,,62,33941,100,0,,,100,4,,,,,,,,,,,,,,,,,,,,,,,,,,,,,,,98,2,100,0,100,0,100,0,100,0,80,20,100,0,100,0,23,155758,20,20,,,,,100,0,100,0,200,0,,,,,,,,,,,,,,,,,,,,,,,,,,,100,33224,100,50583416832,100,167741494941,,,,,,,,,,
2019-04-20,S300Z63P,ST4000DM000,4000787030016,0,114,77759384,,,96,0,100,4,100,0,85,401225767,,,62,33964,100,0,,,100,4,,,,,,,,,,,,,,,,,,,,,,,,,,,,,,,98,2,100,0,100,0,100,0,100,0,80,20,100,0,100,0,23,155758,20,20,,,,,100,0,100,0,200,0,,,,,,,,,,,,,,,,,,,,,,,,,,,100,33247,100,50597883976,100,167897393236,,,,,,,,,,
2019-04-21,S300Z63P,ST4000DM000,4000787030016,0,114,81022424,,,96,0,100,4,100,0,86,403714742,,,62,33988,100,0,,,100,4,,,,,,,,,,,,,,,,,,,,,,,,,,,,,,,98,2,100,0,100,0,100,0,100,0,79,21,100,0,100,0,23,155758,21,21,,,,,100,0,100,0,200,0,,,,,,,,,,,,,,,,,,,,,,,,,,,100,33271,100,50617008264,100,168093483296,,,,,,,,,,
2019-04-22,S300Z63P,ST4000DM000,4000787030016,0,115,89949144,,,96,0,100,4,100,0,86,404916189,,,62,34012,100,0,,,100,4,,,,,,,,,,,,,,,,,,,,,,,,,,,,,,,98,2,100,0,100,0,100,0,100,0,80,20,100,0,100,0,23,155758,20,20,,,,,100,0,100,0,200,0,,,,,,,,,,,,,,,,,,,,,,,,,,,100,33295,100,50635422168,100,168271896420,,,,,,,,,,
2019-04-23,S300Z63P,ST4000DM000,4000787030016,0,116,116533304,,,96,0,100,4,100,0,86,406980806,,,62,34036,100,0,,,100,4,,,,,,,,,,,,,,,,,,,,,,,,,,,,,,,98,2,100,0,100,0,100,0,100,0,80,20,100,0,100,0,23,155758,20,20,,,,,100,0,100,0,200,0,,,,,,,,,,,,,,,,,,,,,,,,,,,100,33319,100,50656183280,100,168450605439,,,,,,,,,,
2019-04-24,S300Z63P,ST4000DM000,4000787030016,0,117,128565912,,,96,0,100,4,100,0,86,408281866,,,62,34059,100,0,,,100,4,,,,,,,,,,,,,,,,,,,,,,,,,,,,,,,98,2,100,0,100,0,100,0,100,0,81,19,100,0,100,0,23,155758,19,19,,,,,100,0,100,0,200,0,,,,,,,,,,,,,,,,,,,,,,,,,,,100,33342,100,50671483704,100,168606957166,,,,,,,,,,
2019-04-25,S300Z63P,ST4000DM000,4000787030016,0,118,187678832,,,96,0,100,4,100,0,86,409954484,,,62,34083,100,0,,,100,4,,,,,,,,,,,,,,,,,,,,,,,,,,,,,,,98,2,100,0,100,0,100,0,100,0,80,20,100,0,100,0,23,155758,20,20,,,,,100,0,100,0,200,0,,,,,,,,,,,,,,,,,,,,,,,,,,,100,33366,100,50686804240,100,168727846747,,,,,,,,,,
2019-04-26,S300Z63P,ST4000DM000,4000787030016,0,109,22544288,,,96,0,100,4,100,0,86,411156592,,,62,34107,100,0,,,100,4,,,,,,,,,,,,,,,,,,,,,,,,,,,,,,,98,2,100,0,100,0,100,0,100,0,81,19,100,0,100,0,23,155758,19,19,,,,,100,0,100,0,200,0,,,,,,,,,,,,,,,,,,,,,,,,,,,100,33390,100,50699395544,100,168890182185,,,,,,,,,,
2019-04-27,S300Z63P,ST4000DM000,4000787030016,0,111,30988128,,,96,0,100,4,100,0,86,412102481,,,62,34131,100,0,,,100,4,,,,,,,,,,,,,,,,,,,,,,,,,,,,,,,98,2,100,0,100,0,100,0,100,0,80,20,100,0,100,0,23,155758,20,20,,,,,100,0,100,0,200,0,,,,,,,,,,,,,,,,,,,,,,,,,,,100,33414,100,50710951336,100,169037690631,,,,,,,,,,
2019-04-28,S300Z63P,ST4000DM000,4000787030016,0,113,52165512,,,96,0,100,4,100,0,86,413246792,,,62,34155,100,0,,,100,4,,,,,,,,,,,,,,,,,,,,,,,,,,,,,,,98,2,100,0,100,0,100,0,100,0,80,20,100,0,100,0,23,155758,20,20,,,,,100,0,100,0,200,0,,,,,,,,,,,,,,,,,,,,,,,,,,,100,33438,100,50731139072,100,169186274207,,,,,,,,,,
2019-04-29,S300Z63P,ST4000DM000,4000787030016,0,118,181487584,,,96,0,100,4,100,0,86,414394519,,,61,34179,100,0,,,100,4,,,,,,,,,,,,,,,,,,,,,,,,,,,,,,,98,2,100,0,100,0,100,0,100,0,81,19,100,0,100,0,23,155758,19,19,,,,,100,0,100,0,200,0,,,,,,,,,,,,,,,,,,,,,,,,,,,100,33461,100,50743137088,100,169332841332,,,,,,,,,,
2019-04-30,S300Z63P,ST4000DM000,4000787030016,0,118,171781208,,,96,0,100,4,100,0,86,416575799,,,61,34203,100,0,,,100,4,,,,,,,,,,,,,,,,,,,,,,,,,,,,,,,98,2,100,0,100,0,100,0,100,0,81,19,100,0,100,0,23,155758,19,19,,,,,100,0,100,0,200,0,,,,,,,,,,,,,,,,,,,,,,,,,,,100,33485,100,50760595032,100,169480314643,,,,,,,,,,
2019-05-01,S300Z63P,ST4000DM000,4000787030016,0,112,49603416,,,96,0,100,4,100,0,86,417712024,,,61,34226,100,0,,,100,4,,,,,,,,,,,,,,,,,,,,,,,,,,,,,,,98,2,100,0,100,0,100,0,100,0,80,20,100,0,100,0,23,155758,20,20,,,,,100,0,100,0,200,0,,,,,,,,,,,,,,,,,,,,,,,,,,,100,33509,100,50773797248,100,169603093672,,,,,,,,,,
2019-05-02,S300Z63P,ST4000DM000,4000787030016,0,116,113800792,,,96,0,100,4,100,0,86,419168541,,,61,34250,100,0,,,100,4,,,,,,,,,,,,,,,,,,,,,,,,,,,,,,,98,2,100,0,100,0,100,0,100,0,80,20,100,0,100,0,23,155758,20,20,,,,,100,0,100,0,200,0,,,,,,,,,,,,,,,,,,,,,,,,,,,100,33533,100,50792711392,100,169721752287,,,,,,,,,,
2019-05-03,S300Z63P,ST4000DM000,4000787030016,0,117,151173040,,,96,0,100,4,100,0,86,420112088,,,61,34274,100,0,,,100,4,,,,,,,,,,,,,,,,,,,,,,,,,,,,,,,98,2,100,0,100,0,100,0,100,0,80,20,100,0,100,0,23,155758,20,20,,,,,100,0,100,0,200,0,,,,,,,,,,,,,,,,,,,,,,,,,,,100,33557,100,50810276952,100,169843824070,,,,,,,,,,
2019-05-04,S300Z63P,ST4000DM000,4000787030016,0,117,147878392,,,96,0,100,4,100,0,86,422303851,,,61,34298,100,0,,,100,4,,,,,,,,,,,,,,,,,,,,,,,,,,,,,,,98,2,100,0,100,0,100,0,100,0,80,20,100,0,100,0,23,155758,20,20,,,,,100,0,100,0,200,0,,,,,,,,,,,,,,,,,,,,,,,,,,,100,33581,100,50830025432,100,169989637444,,,,,,,,,,
2019-05-05,S300Z63P,ST4000DM000,4000787030016,0,117,138379000,,,96,0,100,4,100,0,86,423370805,,,61,34322,100,0,,,100,4,,,,,,,,,,,,,,,,,,,,,,,,,,,,,,,98,2,100,0,100,0,100,0,100,0,79,21,100,0,100,0,23,155758,21,21,,,,,100,0,100,0,200,0,,,,,,,,,,,,,,,,,,,,,,,,,,,100,33605,100,50860041968,100,170117420450,,,,,,,,,,
2019-05-06,S300Z63P,ST4000DM000,4000787030016,0,119,232080480,,,96,0,100,4,100,0,86,424533279,,,61,34346,100,0,,,100,4,,,,,,,,,,,,,,,,,,,,,,,,,,,,,,,98,2,100,0,100,0,100,0,100,0,79,21,100,0,100,0,23,155758,21,21,,,,,100,0,100,0,200,0,,,,,,,,,,,,,,,,,,,,,,,,,,,100,33628,100,50874384464,100,170314541557,,,,,,,,,,
2019-05-07,S300Z63P,ST4000DM000,4000787030016,0,117,136679248,,,96,0,100,4,100,0,86,426739304,,,61,34369,100,0,,,100,4,,,,,,,,,,,,,,,,,,,,,,,,,,,,,,,98,2,100,0,100,0,100,0,100,0,79,21,100,0,100,0,23,155758,21,21,,,,,100,0,100,0,200,0,,,,,,,,,,,,,,,,,,,,,,,,,,,100,33652,100,50918388272,100,170525180857,,,,,,,,,,
2019-05-08,S300Z63P,ST4000DM000,4000787030016,0,115,90199168,,,96,0,100,4,100,0,86,427600654,,,61,34393,100,0,,,100,4,,,,,,,,,,,,,,,,,,,,,,,,,,,,,,,98,2,100,0,100,0,100,0,100,0,81,19,100,0,100,0,23,155758,19,19,,,,,100,0,100,0,200,0,,,,,,,,,,,,,,,,,,,,,,,,,,,100,33676,100,50942094656,100,170635578597,,,,,,,,,,
2019-05-09,S300Z63P,ST4000DM000,4000787030016,0,113,52343352,,,96,0,100,4,100,0,86,428769976,,,61,34417,100,0,,,100,4,,,,,,,,,,,,,,,,,,,,,,,,,,,,,,,98,2,100,0,100,0,100,0,100,0,80,20,100,0,100,0,23,155758,20,20,,,,,100,0,100,0,200,0,,,,,,,,,,,,,,,,,,,,,,,,,,,100,33700,100,50961772496,100,170705991950,,,,,,,,,,
2019-05-10,S300Z63P,ST4000DM000,4000787030016,0,117,160637016,,,96,0,100,4,100,0,86,429652136,,,61,34441,100,0,,,100,4,,,,,,,,,,,,,,,,,,,,,,,,,,,,,,,98,2,100,0,100,0,100,0,100,0,80,20,100,0,100,0,23,155758,20,20,,,,,100,0,100,0,200,0,,,,,,,,,,,,,,,,,,,,,,,,,,,100,33724,100,50980362960,100,170792350644,,,,,,,,,,
2019-05-11,S300Z63P,ST4000DM000,4000787030016,0,117,139214664,,,96,0,100,4,100,0,86,430361055,,,61,34465,100,0,,,100,4,,,,,,,,,,,,,,,,,,,,,,,,,,,,,,,98,2,100,0,100,0,100,0,100,0,80,20,100,0,100,0,23,155758,20,20,,,,,100,0,100,0,200,0,,,,,,,,,,,,,,,,,,,,,,,,,,,100,33747,100,50996266384,100,170906510262,,,,,,,,,,
2019-05-12,S300Z63P,ST4000DM000,4000787030016,0,119,210081936,,,96,0,100,4,100,0,86,431083572,,,61,34488,100,0,,,100,4,,,,,,,,,,,,,,,,,,,,,,,,,,,,,,,98,2,100,0,100,0,100,0,100,0,80,20,100,0,100,0,23,155758,20,20,,,,,100,0,100,0,200,0,,,,,,,,,,,,,,,,,,,,,,,,,,,100,33771,100,51010233312,100,171016113616,,,,,,,,,,
2019-05-13,S300Z63P,ST4000DM000,4000787030016,0,119,231004960,,,96,0,100,4,100,0,86,431776619,,,61,34512,100,0,,,100,4,,,,,,,,,,,,,,,,,,,,,,,,,,,,,,,98,2,100,0,100,0,100,0,100,0,80,20,100,0,100,0,23,155758,20,20,,,,,100,0,100,0,200,0,,,,,,,,,,,,,,,,,,,,,,,,,,,100,33795,100,51026892344,100,171155280004,,,,,,,,,,
2019-05-14,S300Z63P,ST4000DM000,4000787030016,0,118,197275800,,,96,0,100,4,100,0,86,433551582,,,61,34536,100,0,,,100,4,,,,,,,,,,,,,,,,,,,,,,,,,,,,,,,98,2,100,0,100,0,100,0,100,0,81,19,100,0,100,0,23,155758,19,19,,,,,100,0,100,0,200,0,,,,,,,,,,,,,,,,,,,,,,,,,,,100,33819,100,51045598392,100,171341755695,,,,,,,,,,
2019-05-15,S300Z63P,ST4000DM000,4000787030016,0,118,185338168,,,96,0,100,4,100,0,86,435456897,,,61,34560,100,0,,,100,4,,,,,,,,,,,,,,,,,,,,,,,,,,,,,,,98,2,100,0,100,0,100,0,100,0,79,21,100,0,100,0,23,155758,21,21,,,,,100,0,100,0,200,0,,,,,,,,,,,,,,,,,,,,,,,,,,,100,33843,100,51068255776,100,171538061693,,,,,,,,,,
2019-05-16,S300Z63P,ST4000DM000,4000787030016,0,120,242799944,,,96,0,100,4,100,0,86,436674699,,,61,34584,100,0,,,100,4,,,,,,,,,,,,,,,,,,,,,,,,,,,,,,,98,2,100,0,100,0,100,0,100,0,80,20,100,0,100,0,23,155758,20,20,,,,,100,0,100,0,200,0,,,,,,,,,,,,,,,,,,,,,,,,,,,100,33867,100,51097476352,100,171671675739,,,,,,,,,,
2019-05-17,S300Z63P,ST4000DM000,4000787030016,0,118,181739992,,,96,0,100,4,100,0,86,437853652,,,61,34608,100,0,,,100,4,,,,,,,,,,,,,,,,,,,,,,,,,,,,,,,98,2,100,0,100,0,100,0,100,0,80,20,100,0,100,0,23,155758,20,20,,,,,100,0,100,0,200,0,,,,,,,,,,,,,,,,,,,,,,,,,,,100,33891,100,51121384912,100,171787642506,,,,,,,,,,
2019-05-18,S300Z63P,ST4000DM000,4000787030016,0,117,161333000,,,96,0,100,4,100,0,86,438507322,,,61,34631,100,0,,,100,4,,,,,,,,,,,,,,,,,,,,,,,,,,,,,,,98,2,100,0,100,0,100,0,100,0,79,21,100,0,100,0,23,155758,21,21,,,,,100,0,100,0,200,0,,,,,,,,,,,,,,,,,,,,,,,,,,,100,33914,100,51138356272,100,171936857323,,,,,,,,,,
2019-05-19,S300Z63P,ST4000DM000,4000787030016,0,118,190592056,,,96,0,100,4,100,0,86,439454590,,,61,34655,100,0,,,100,4,,,,,,,,,,,,,,,,,,,,,,,,,,,,,,,98,2,100,0,100,0,100,0,100,0,79,21,100,0,100,0,23,155758,21,21,,,,,100,0,100,0,200,0,,,,,,,,,,,,,,,,,,,,,,,,,,,100,33938,100,51155714728,100,172100559097,,,,,,,,,,
2019-05-20,S300Z63P,ST4000DM000,4000787030016,0,118,182158880,,,96,0,100,4,100,0,86,440460607,,,61,34679,100,0,,,100,4,,,,,,,,,,,,,,,,,,,,,,,,,,,,,,,98,2,100,0,100,0,100,0,100,0,79,21,100,0,100,0,23,155758,21,21,,,,,100,0,100,0,200,0,,,,,,,,,,,,,,,,,,,,,,,,,,,100,33962,100,51174121680,100,172256268979,,,,,,,,,,
2019-05-21,S300Z63P,ST4000DM000,4000787030016,0,108,17444384,,,96,0,100,4,100,0,86,442746808,,,61,34703,100,0,,,100,4,,,,,,,,,,,,,,,,,,,,,,,,,,,,,,,98,2,100,0,100,0,100,0,100,0,79,21,100,0,100,0,23,155758,21,21,,,,,100,0,100,0,200,0,,,,,,,,,,,,,,,,,,,,,,,,,,,100,33985,100,51196303456,100,172458653177,,,,,,,,,,
2019-05-22,S300Z63P,ST4000DM000,4000787030016,0,111,29452080,,,96,0,100,4,100,0,86,443747173,,,61,34726,100,0,,,100,4,,,,,,,,,,,,,,,,,,,,,,,,,,,,,,,98,2,100,0,100,0,100,0,100,0,79,21,100,0,100,0,23,155758,21,21,,,,,100,0,100,0,200,0,,,,,,,,,,,,,,,,,,,,,,,,,,,100,34009,100,51211899224,100,172608174331,,,,,,,,,,
2019-05-23,S300Z63P,ST4000DM000,4000787030016,0,111,31129128,,,96,0,100,4,100,0,86,444940931,,,61,34750,100,0,,,100,4,,,,,,,,,,,,,,,,,,,,,,,,,,,,,,,98,2,100,0,100,0,100,0,100,0,79,21,100,0,100,0,23,155758,21,21,,,,,100,0,100,0,200,0,,,,,,,,,,,,,,,,,,,,,,,,,,,100,34033,100,51232802608,100,172740912130,,,,,,,,,,
2019-05-24,S300Z63P,ST4000DM000,4000787030016,0,109,23167576,,,96,0,100,4,100,0,86,446710595,,,61,34773,100,0,,,100,4,,,,,,,,,,,,,,,,,,,,,,,,,,,,,,,98,2,100,0,100,0,100,0,100,0,80,20,100,0,100,0,23,155758,20,20,,,,,100,0,100,0,200,0,,,,,,,,,,,,,,,,,,,,,,,,,,,100,34056,100,51253615896,100,172874274609,,,,,,,,,,
2019-05-25,S300Z63P,ST4000DM000,4000787030016,0,118,182966552,,,96,0,100,4,100,0,86,447946592,,,61,34797,100,0,,,100,4,,,,,,,,,,,,,,,,,,,,,,,,,,,,,,,98,2,100,0,100,0,100,0,100,0,80,20,100,0,100,0,23,155758,20,20,,,,,100,0,100,0,200,0,,,,,,,,,,,,,,,,,,,,,,,,,,,100,34080,100,51271129648,100,173029116142,,,,,,,,,,
2019-05-26,S300Z63P,ST4000DM000,4000787030016,0,117,134418864,,,96,0,100,4,100,0,86,448860409,,,61,34820,100,0,,,100,4,,,,,,,,,,,,,,,,,,,,,,,,,,,,,,,98,2,100,0,100,0,100,0,100,0,80,20,100,0,100,0,23,155758,20,20,,,,,100,0,100,0,200,0,,,,,,,,,,,,,,,,,,,,,,,,,,,100,34103,100,51285205224,100,173168423497,,,,,,,,,,
2019-05-27,S300Z63P,ST4000DM000,4000787030016,0,117,122014064,,,96,0,100,4,100,0,86,449862392,,,61,34844,100,0,,,100,4,,,,,,,,,,,,,,,,,,,,,,,,,,,,,,,98,2,100,0,100,0,100,0,100,0,79,21,100,0,100,0,23,155758,21,21,,,,,100,0,100,0,200,0,,,,,,,,,,,,,,,,,,,,,,,,,,,100,34127,100,51298053568,100,173307627095,,,,,,,,,,
2019-05-28,S300Z63P,ST4000DM000,4000787030016,0,114,60518456,,,96,0,100,4,100,0,86,452017086,,,61,34867,100,0,,,100,4,,,,,,,,,,,,,,,,,,,,,,,,,,,,,,,98,2,100,0,100,0,100,0,100,0,79,21,100,0,100,0,23,155758,21,21,,,,,100,0,100,0,200,0,,,,,,,,,,,,,,,,,,,,,,,,,,,100,34150,100,51315240704,100,173470537576,,,,,,,,,,
2019-05-29,S300Z63P,ST4000DM000,4000787030016,0,116,106731792,,,96,0,100,4,100,0,86,454602883,,,61,34891,100,0,,,100,4,,,,,,,,,,,,,,,,,,,,,,,,,,,,,,,98,2,100,0,100,0,100,0,100,0,79,21,100,0,100,0,23,155758,21,21,,,,,100,0,100,0,200,0,,,,,,,,,,,,,,,,,,,,,,,,,,,100,34174,100,51339366272,100,173612064146,,,,,,,,,,
2019-05-30,S300Z63P,ST4000DM000,4000787030016,0,120,1670208,,,96,0,100,4,100,0,86,457019145,,,61,34927,100,0,,,100,4,,,,,,,,,,,,,,,,,,,,,,,,,,,,,,,98,2,100,0,100,0,100,0,100,0,79,21,100,0,100,0,23,155758,21,21,,,,,100,0,100,0,200,0,,,,,,,,,,,,,,,,,,,,,,,,,,,100,34209,100,51376460064,100,173773317815,,,,,,,,,,
2019-05-31,S300Z63P,ST4000DM000,4000787030016,0,118,187452896,,,96,0,100,4,100,0,86,457796553,,,61,34950,100,0,,,100,4,,,,,,,,,,,,,,,,,,,,,,,,,,,,,,,98,2,100,0,100,0,100,0,100,0,79,21,100,0,100,0,23,155758,21,21,,,,,100,0,100,0,200,0,,,,,,,,,,,,,,,,,,,,,,,,,,,100,34233,100,51398585840,100,173886396204,,,,,,,,,,
2019-06-01,S300Z63P,ST4000DM000,4000787030016,0,116,109171680,,,96,0,100,4,100,0,86,458577114,,,61,34974,100,0,,,100,4,,,,,,,,,,,,,,,,,,,,,,,,,,,,,,,98,2,100,0,100,0,100,0,100,0,81,19,100,0,100,0,23,155758,19,19,,,,,100,0,100,0,200,0,,,,,,,,,,,,,,,,,,,,,,,,,,,100,34257,100,51418436752,100,174015495519,,,,,,,,,,
2019-06-02,S300Z63P,ST4000DM000,4000787030016,0,113,51189960,,,96,0,100,4,100,0,86,459503641,,,61,34997,100,0,,,100,4,,,,,,,,,,,,,,,,,,,,,,,,,,,,,,,98,2,100,0,100,0,100,0,100,0,81,19,100,0,100,0,23,155758,19,19,,,,,100,0,100,0,200,0,,,,,,,,,,,,,,,,,,,,,,,,,,,100,34280,100,51445040056,100,174149836362,,,,,,,,,,
2019-06-03,S300Z63P,ST4000DM000,4000787030016,0,111,35089952,,,96,0,100,4,100,0,86,460318933,,,61,35021,100,0,,,100,4,,,,,,,,,,,,,,,,,,,,,,,,,,,,,,,98,2,100,0,100,0,100,0,100,0,81,19,100,0,100,0,23,155758,19,19,,,,,100,0,100,0,200,0,,,,,,,,,,,,,,,,,,,,,,,,,,,100,34304,100,51475333944,100,174273089683,,,,,,,,,,
2019-06-04,S300Z63P,ST4000DM000,4000787030016,0,118,201174568,,,96,0,100,4,100,0,86,463263965,,,60,35045,100,0,,,100,4,,,,,,,,,,,,,,,,,,,,,,,,,,,,,,,98,2,100,0,100,0,100,0,100,0,81,19,100,0,100,0,23,155758,19,19,,,,,100,0,100,0,200,0,,,,,,,,,,,,,,,,,,,,,,,,,,,100,34328,100,51504941920,100,174503721098,,,,,,,,,,
2019-06-05,S300Z63P,ST4000DM000,4000787030016,0,118,188293472,,,96,0,100,4,100,0,86,464352698,,,60,35069,100,0,,,100,4,,,,,,,,,,,,,,,,,,,,,,,,,,,,,,,98,2,100,0,100,0,100,0,100,0,80,20,100,0,100,0,23,155758,20,20,,,,,100,0,100,0,200,0,,,,,,,,,,,,,,,,,,,,,,,,,,,100,34352,100,51562066104,100,174665517925,,,,,,,,,,
2019-06-06,S300Z63P,ST4000DM000,4000787030016,0,117,143310768,,,96,0,100,4,100,0,86,466223701,,,60,35093,100,0,,,100,4,,,,,,,,,,,,,,,,,,,,,,,,,,,,,,,98,2,100,0,100,0,100,0,100,0,80,20,100,0,100,0,23,155758,20,20,,,,,100,0,100,0,200,0,,,,,,,,,,,,,,,,,,,,,,,,,,,100,34375,100,51586513248,100,174845962736,,,,,,,,,,
2019-06-07,S300Z63P,ST4000DM000,4000787030016,0,119,211826968,,,96,0,100,4,100,0,86,466788732,,,60,35116,100,0,,,100,4,,,,,,,,,,,,,,,,,,,,,,,,,,,,,,,98,2,100,0,100,0,100,0,100,0,80,20,100,0,100,0,23,155758,20,20,,,,,100,0,100,0,200,0,,,,,,,,,,,,,,,,,,,,,,,,,,,100,34399,100,51598010072,100,174929313176,,,,,,,,,,
2019-06-08,S300Z63P,ST4000DM000,4000787030016,0,118,177170696,,,96,0,100,4,100,0,86,467584721,,,60,35140,100,0,,,100,4,,,,,,,,,,,,,,,,,,,,,,,,,,,,,,,98,2,100,0,100,0,100,0,100,0,80,20,100,0,100,0,23,155758,20,20,,,,,100,0,100,0,200,0,,,,,,,,,,,,,,,,,,,,,,,,,,,100,34423,100,51615719368,100,175058083267,,,,,,,,,,
2019-06-09,S300Z63P,ST4000DM000,4000787030016,0,119,209878984,,,96,0,100,4,100,0,86,468692245,,,60,35164,100,0,,,100,4,,,,,,,,,,,,,,,,,,,,,,,,,,,,,,,98,2,100,0,100,0,100,0,100,0,80,20,100,0,100,0,23,155758,20,20,,,,,100,0,100,0,200,0,,,,,,,,,,,,,,,,,,,,,,,,,,,100,34447,100,51629563664,100,175254780921,,,,,,,,,,
2019-06-10,S300Z63P,ST4000DM000,4000787030016,0,118,190296656,,,96,0,100,4,100,0,87,469768874,,,60,35188,100,0,,,100,4,,,,,,,,,,,,,,,,,,,,,,,,,,,,,,,98,2,100,0,100,0,100,0,100,0,80,20,100,0,100,0,23,155758,20,20,,,,,100,0,100,0,200,0,,,,,,,,,,,,,,,,,,,,,,,,,,,100,34471,100,51641318552,100,175471948717,,,,,,,,,,
2019-06-11,S300Z63P,ST4000DM000,4000787030016,0,117,149686792,,,96,0,100,4,100,0,87,470932061,,,60,35211,100,0,,,100,4,,,,,,,,,,,,,,,,,,,,,,,,,,,,,,,98,2,100,0,100,0,100,0,100,0,80,20,100,0,100,0,23,155758,20,20,,,,,100,0,100,0,200,0,,,,,,,,,,,,,,,,,,,,,,,,,,,100,34494,100,51656945616,100,175731466798,,,,,,,,,,
2019-06-12,S300Z63P,ST4000DM000,4000787030016,0,117,144541728,,,96,0,100,4,100,0,87,471951268,,,60,35235,100,0,,,100,4,,,,,,,,,,,,,,,,,,,,,,,,,,,,,,,98,2,100,0,100,0,100,0,100,0,80,20,100,0,100,0,23,155758,20,20,,,,,100,0,100,0,200,0,,,,,,,,,,,,,,,,,,,,,,,,,,,100,34518,100,51671938896,100,175987067586,,,,,,,,,,
2019-06-13,S300Z63P,ST4000DM000,4000787030016,0,117,155802760,,,96,0,100,4,100,0,87,473386753,,,60,35259,100,0,,,100,4,,,,,,,,,,,,,,,,,,,,,,,,,,,,,,,98,2,100,0,100,0,100,0,100,0,80,20,100,0,100,0,23,155758,20,20,,,,,100,0,100,0,200,0,,,,,,,,,,,,,,,,,,,,,,,,,,,100,34542,100,51691342944,100,176129730293,,,,,,,,,,
2019-06-14,S300Z63P,ST4000DM000,4000787030016,0,115,86641240,,,96,0,100,4,100,0,87,474348737,,,60,35283,100,0,,,100,4,,,,,,,,,,,,,,,,,,,,,,,,,,,,,,,98,2,100,0,100,0,100,0,100,0,80,20,100,0,100,0,23,155758,20,20,,,,,100,0,100,0,200,0,,,,,,,,,,,,,,,,,,,,,,,,,,,100,34566,100,51717684936,100,176259867217,,,,,,,,,,
2019-06-15,S300Z63P,ST4000DM000,4000787030016,0,117,149617000,,,96,0,100,4,100,0,87,475255041,,,60,35307,100,0,,,100,4,,,,,,,,,,,,,,,,,,,,,,,,,,,,,,,98,2,100,0,100,0,100,0,100,0,80,20,100,0,100,0,23,155758,20,20,,,,,100,0,100,0,200,0,,,,,,,,,,,,,,,,,,,,,,,,,,,100,34589,100,51736159208,100,176437942779,,,,,,,,,,
2019-06-16,S300Z63P,ST4000DM000,4000787030016,0,114,74035736,,,96,0,100,4,100,0,87,477010249,,,60,35330,100,0,,,100,4,,,,,,,,,,,,,,,,,,,,,,,,,,,,,,,98,2,100,0,100,0,100,0,100,0,80,20,100,0,100,0,23,155758,20,20,,,,,100,0,100,0,200,0,,,,,,,,,,,,,,,,,,,,,,,,,,,100,34613,100,51749462968,100,176634004641,,,,,,,,,,
2019-06-17,S300Z63P,ST4000DM000,4000787030016,0,112,43935112,,,96,0,100,4,100,0,87,478901152,,,60,35354,100,0,,,100,4,,,,,,,,,,,,,,,,,,,,,,,,,,,,,,,98,2,100,0,100,0,100,0,100,0,80,20,100,0,100,0,23,155758,20,20,,,,,100,0,100,0,200,0,,,,,,,,,,,,,,,,,,,,,,,,,,,100,34637,100,51770570984,100,176809456552,,,,,,,,,,
2019-06-18,S300Z63P,ST4000DM000,4000787030016,0,120,237417928,,,96,0,100,4,100,0,87,481089059,,,60,35378,100,0,,,100,4,,,,,,,,,,,,,,,,,,,,,,,,,,,,,,,98,2,100,0,100,0,100,0,100,0,80,20,100,0,100,0,23,155758,20,20,,,,,100,0,100,0,200,0,,,,,,,,,,,,,,,,,,,,,,,,,,,100,34661,100,51791669856,100,177006866360,,,,,,,,,,
2019-06-19,S300Z63P,ST4000DM000,4000787030016,0,115,90523040,,,96,0,100,4,100,0,87,482251015,,,60,35402,100,0,,,100,4,,,,,,,,,,,,,,,,,,,,,,,,,,,,,,,98,2,100,0,100,0,100,0,100,0,80,20,100,0,100,0,23,155758,20,20,,,,,100,0,100,0,200,0,,,,,,,,,,,,,,,,,,,,,,,,,,,100,34685,100,51803153672,100,177159204180,,,,,,,,,,
2019-06-20,S300Z63P,ST4000DM000,4000787030016,0,119,217773824,,,96,0,100,4,100,0,87,484051305,,,60,35425,100,0,,,100,4,,,,,,,,,,,,,,,,,,,,,,,,,,,,,,,98,2,100,0,100,0,100,0,100,0,80,20,100,0,100,0,23,155758,20,20,,,,,100,0,100,0,200,0,,,,,,,,,,,,,,,,,,,,,,,,,,,100,34708,100,51818579368,100,177292999503,,,,,,,,,,
2019-06-21,S300Z63P,ST4000DM000,4000787030016,0,120,238594064,,,96,0,100,4,100,0,87,484877520,,,60,35449,100,0,,,100,4,,,,,,,,,,,,,,,,,,,,,,,,,,,,,,,98,2,100,0,100,0,100,0,100,0,80,20,100,0,100,0,23,155758,20,20,,,,,100,0,100,0,200,0,,,,,,,,,,,,,,,,,,,,,,,,,,,100,34732,100,51837145728,100,177381806795,,,,,,,,,,
2019-06-22,S300Z63P,ST4000DM000,4000787030016,0,118,191059840,,,96,0,100,4,100,0,87,485804872,,,60,35473,100,0,,,100,4,,,,,,,,,,,,,,,,,,,,,,,,,,,,,,,98,2,100,0,100,0,100,0,100,0,80,20,100,0,100,0,23,155758,20,20,,,,,100,0,100,0,200,0,,,,,,,,,,,,,,,,,,,,,,,,,,,100,34756,100,51856554968,100,177493924012,,,,,,,,,,
2019-06-23,S300Z63P,ST4000DM000,4000787030016,0,114,82589976,,,96,0,100,4,100,0,87,486889471,,,60,35496,100,0,,,100,4,,,,,,,,,,,,,,,,,,,,,,,,,,,,,,,98,2,100,0,100,0,100,0,100,0,80,20,100,0,100,0,23,155758,20,20,,,,,100,0,100,0,200,0,,,,,,,,,,,,,,,,,,,,,,,,,,,100,34779,100,51874016712,100,177653824694,,,,,,,,,,
2019-06-24,S300Z63P,ST4000DM000,4000787030016,0,119,201610072,,,96,0,100,4,100,0,87,487844888,,,60,35520,100,0,,,100,4,,,,,,,,,,,,,,,,,,,,,,,,,,,,,,,98,2,100,0,100,0,100,0,100,0,80,20,100,0,100,0,23,155758,20,20,,,,,100,0,100,0,200,0,,,,,,,,,,,,,,,,,,,,,,,,,,,100,34803,100,51888321816,100,177796563179,,,,,,,,,,
2019-06-25,S300Z63P,ST4000DM000,4000787030016,0,117,137417688,,,96,0,100,4,100,0,87,490208124,,,60,35544,100,0,,,100,4,,,,,,,,,,,,,,,,,,,,,,,,,,,,,,,98,2,100,0,100,0,100,0,100,0,80,20,100,0,100,0,23,155758,20,20,,,,,100,0,100,0,200,0,,,,,,,,,,,,,,,,,,,,,,,,,,,100,34827,100,51914918416,100,177981491688,,,,,,,,,,
2019-06-26,S300Z63P,ST4000DM000,4000787030016,0,112,41999208,,,96,0,100,4,100,0,87,491214026,,,60,35568,100,0,,,100,4,,,,,,,,,,,,,,,,,,,,,,,,,,,,,,,98,2,100,0,100,0,100,0,100,0,80,20,100,0,100,0,23,155758,20,20,,,,,100,0,100,0,200,0,,,,,,,,,,,,,,,,,,,,,,,,,,,100,34850,100,51925702672,100,178105522283,,,,,,,,,,
2019-06-27,S300Z63P,ST4000DM000,4000787030016,0,119,208548368,,,96,0,100,4,100,0,87,493038973,,,60,35591,100,0,,,100,4,,,,,,,,,,,,,,,,,,,,,,,,,,,,,,,98,2,100,0,100,0,100,0,100,0,80,20,100,0,100,0,23,155758,20,20,,,,,100,0,100,0,200,0,,,,,,,,,,,,,,,,,,,,,,,,,,,100,34874,100,51939306488,100,178293068123,,,,,,,,,,
2019-06-28,S300Z63P,ST4000DM000,4000787030016,0,117,121510256,,,96,0,100,4,100,0,87,494656597,,,60,35615,100,0,,,100,4,,,,,,,,,,,,,,,,,,,,,,,,,,,,,,,98,2,100,0,100,0,100,0,100,0,80,20,100,0,100,0,23,155758,20,20,,,,,100,0,100,0,200,0,,,,,,,,,,,,,,,,,,,,,,,,,,,100,34898,100,51961953816,100,178451339329,,,,,,,,,,
2019-06-29,S300Z63P,ST4000DM000,4000787030016,0,118,187408600,,,96,0,100,4,100,0,87,495849167,,,60,35639,100,0,,,100,4,,,,,,,,,,,,,,,,,,,,,,,,,,,,,,,98,2,100,0,100,0,100,0,100,0,80,20,100,0,100,0,23,155758,20,20,,,,,100,0,100,0,200,0,,,,,,,,,,,,,,,,,,,,,,,,,,,100,34922,100,51980594832,100,178684313761,,,,,,,,,,
2019-06-30,S300Z63P,ST4000DM000,4000787030016,0,119,233343472,,,96,0,100,4,100,0,87,497589297,,,60,35663,100,0,,,100,4,,,,,,,,,,,,,,,,,,,,,,,,,,,,,,,98,2,100,0,100,0,100,0,100,0,80,20,100,0,100,0,23,155758,20,20,,,,,100,0,100,0,200,0,,,,,,,,,,,,,,,,,,,,,,,,,,,100,34946,100,51999396424,100,179042398668,,,,,,,,,,
2019-07-01,S300Z63P,ST4000DM000,4000787030016,0,117,157617048,,,96,0,100,4,100,0,87,500033166,,,60,35687,100,0,,,100,4,,,,,,,,,,,,,,,,,,,,,,,,,,,,,,,98,2,100,0,100,0,100,0,100,0,80,20,100,0,100,0,23,155758,20,20,,,,,100,0,100,0,200,0,,,,,,,,,,,,,,,,,,,,,,,,,,,100,34970,100,52022038864,100,179227865441,,,,,,,,,,
2019-07-02,S300Z63P,ST4000DM000,4000787030016,0,120,239439216,,,96,0,100,4,100,0,87,502220159,,,60,35711,100,0,,,100,4,,,,,,,,,,,,,,,,,,,,,,,,,,,,,,,98,2,100,0,100,0,100,0,100,0,80,20,100,0,100,0,23,155758,20,20,,,,,100,0,100,0,200,0,,,,,,,,,,,,,,,,,,,,,,,,,,,100,34994,100,52047668920,100,179458707567,,,,,,,,,,
2019-07-03,S300Z63P,ST4000DM000,4000787030016,0,107,14212144,,,96,0,100,4,100,0,87,503334281,,,60,35735,100,0,,,100,4,,,,,,,,,,,,,,,,,,,,,,,,,,,,,,,98,2,100,0,100,0,100,0,100,0,80,20,100,0,100,0,23,155758,20,20,,,,,100,0,100,0,200,0,,,,,,,,,,,,,,,,,,,,,,,,,,,100,35018,100,52069594880,100,179783652633,,,,,,,,,,
2019-07-04,S300Z63P,ST4000DM000,4000787030016,0,119,210013584,,,96,0,100,4,100,0,87,504489865,,,60,35759,100,0,,,100,4,,,,,,,,,,,,,,,,,,,,,,,,,,,,,,,98,2,100,0,100,0,100,0,100,0,80,20,100,0,100,0,23,155758,20,20,,,,,100,0,100,0,200,0,,,,,,,,,,,,,,,,,,,,,,,,,,,100,35042,100,52084326632,100,180024785454,,,,,,,,,,
2019-07-05,S300Z63P,ST4000DM000,4000787030016,0,120,239160952,,,96,0,100,4,100,0,87,505994537,,,60,35783,100,0,,,100,4,,,,,,,,,,,,,,,,,,,,,,,,,,,,,,,98,2,100,0,100,0,100,0,100,0,80,20,100,0,100,0,23,155758,20,20,,,,,100,0,100,0,200,0,,,,,,,,,,,,,,,,,,,,,,,,,,,100,35066,100,52099680472,100,180227151819,,,,,,,,,,
2019-07-06,S300Z63P,ST4000DM000,4000787030016,0,112,44705544,,,96,0,100,4,100,0,87,507982262,,,60,35807,100,0,,,100,4,,,,,,,,,,,,,,,,,,,,,,,,,,,,,,,98,2,100,0,100,0,100,0,100,0,80,20,100,0,100,0,23,155758,20,20,,,,,100,0,100,0,200,0,,,,,,,,,,,,,,,,,,,,,,,,,,,100,35090,100,52118875856,100,180553136448,,,,,,,,,,
2019-07-07,S300Z63P,ST4000DM000,4000787030016,0,117,155132312,,,96,0,100,4,100,0,87,510249679,,,60,35831,100,0,,,100,4,,,,,,,,,,,,,,,,,,,,,,,,,,,,,,,98,2,100,0,100,0,100,0,100,0,80,20,100,0,100,0,23,155758,20,20,,,,,100,0,100,0,200,0,,,,,,,,,,,,,,,,,,,,,,,,,,,100,35114,100,52141374584,100,180860183701,,,,,,,,,,
2019-07-08,S300Z63P,ST4000DM000,4000787030016,0,120,235721880,,,96,0,100,4,100,0,87,512229565,,,60,35855,100,0,,,100,4,,,,,,,,,,,,,,,,,,,,,,,,,,,,,,,98,2,100,0,100,0,100,0,100,0,80,20,100,0,100,0,23,155758,20,20,,,,,100,0,100,0,200,0,,,,,,,,,,,,,,,,,,,,,,,,,,,100,35138,100,52164791728,100,181149546888,,,,,,,,,,
2019-07-09,S300Z63P,ST4000DM000,4000787030016,0,117,152988432,,,96,0,100,4,100,0,87,515233373,,,60,35879,100,0,,,100,4,,,,,,,,,,,,,,,,,,,,,,,,,,,,,,,98,2,100,0,100,0,100,0,100,0,80,20,100,0,100,0,23,155758,20,20,,,,,100,0,100,0,200,0,,,,,,,,,,,,,,,,,,,,,,,,,,,100,35162,100,52185148192,100,181435654443,,,,,,,,,,
2019-07-10,S300Z63P,ST4000DM000,4000787030016,0,105,8901144,,,96,0,100,4,100,0,87,517279343,,,60,35904,100,0,,,100,4,,,,,,,,,,,,,,,,,,,,,,,,,,,,,,,98,2,100,0,100,0,100,0,100,0,80,20,100,0,100,0,23,155758,20,20,,,,,100,0,100,0,200,0,,,,,,,,,,,,,,,,,,,,,,,,,,,100,35186,100,52205739952,100,181668029128,,,,,,,,,,
2019-07-11,S300Z63P,ST4000DM000,4000787030016,0,111,39416808,,,96,0,100,4,100,0,87,518696831,,,59,35928,100,0,,,100,4,,,,,,,,,,,,,,,,,,,,,,,,,,,,,,,98,2,100,0,100,0,100,0,100,0,80,20,100,0,100,0,23,155758,20,20,,,,,100,0,100,0,200,0,,,,,,,,,,,,,,,,,,,,,,,,,,,100,35210,100,52220125424,100,181878665296,,,,,,,,,,
2019-07-12,S300Z63P,ST4000DM000,4000787030016,0,118,172288384,,,96,0,100,4,100,0,87,520376597,,,59,35952,100,0,,,100,4,,,,,,,,,,,,,,,,,,,,,,,,,,,,,,,98,2,100,0,100,0,100,0,100,0,80,20,100,0,100,0,23,155758,20,20,,,,,100,0,100,0,200,0,,,,,,,,,,,,,,,,,,,,,,,,,,,100,35235,100,52249070728,100,182055980239,,,,,,,,,,
2019-07-13,S300Z63P,ST4000DM000,4000787030016,0,115,91961232,,,96,0,100,4,100,0,87,521571917,,,59,35976,100,0,,,100,4,,,,,,,,,,,,,,,,,,,,,,,,,,,,,,,98,2,100,0,100,0,100,0,100,0,80,20,100,0,100,0,23,155758,20,20,,,,,100,0,100,0,200,0,,,,,,,,,,,,,,,,,,,,,,,,,,,100,35259,100,52260513240,100,182297023245,,,,,,,,,,
2019-07-14,S300Z63P,ST4000DM000,4000787030016,0,116,111616744,,,96,0,100,4,100,0,87,523154473,,,59,36000,100,0,,,100,4,,,,,,,,,,,,,,,,,,,,,,,,,,,,,,,98,2,100,0,100,0,100,0,100,0,80,20,100,0,100,0,23,155758,20,20,,,,,100,0,100,0,200,0,,,,,,,,,,,,,,,,,,,,,,,,,,,100,35283,100,52275719760,100,182618897487,,,,,,,,,,
2019-07-15,S300Z63P,ST4000DM000,4000787030016,0,114,74357664,,,96,0,100,4,100,0,87,524210160,,,59,36024,100,0,,,100,4,,,,,,,,,,,,,,,,,,,,,,,,,,,,,,,98,2,100,0,100,0,100,0,100,0,81,19,100,0,100,0,23,155758,19,19,,,,,100,0,100,0,200,0,,,,,,,,,,,,,,,,,,,,,,,,,,,100,35307,100,52290017568,100,182802674837,,,,,,,,,,
2019-07-16,S300Z63P,ST4000DM000,4000787030016,0,118,183161640,,,96,0,100,4,100,0,87,526446279,,,59,36048,100,0,,,100,4,,,,,,,,,,,,,,,,,,,,,,,,,,,,,,,98,2,100,0,100,0,100,0,100,0,80,20,100,0,100,0,23,155758,20,20,,,,,100,0,100,0,200,0,,,,,,,,,,,,,,,,,,,,,,,,,,,100,35330,100,52313240616,100,183061767869,,,,,,,,,,
2019-07-17,S300Z63P,ST4000DM000,4000787030016,0,117,118289560,,,96,0,100,4,100,0,87,528137567,,,59,36083,100,0,,,100,4,,,,,,,,,,,,,,,,,,,,,,,,,,,,,,,98,2,100,0,100,0,100,0,100,0,80,20,100,0,100,0,23,155758,20,20,,,,,100,0,100,0,200,0,,,,,,,,,,,,,,,,,,,,,,,,,,,100,35366,100,52349192416,100,183532431206,,,,,,,,,,
2019-07-18,S300Z63P,ST4000DM000,4000787030016,0,112,45117368,,,96,0,100,4,100,0,87,529845348,,,59,36107,100,0,,,100,4,,,,,,,,,,,,,,,,,,,,,,,,,,,,,,,98,2,100,0,100,0,100,0,100,0,80,20,100,0,100,0,23,155758,20,20,,,,,100,0,100,0,200,0,,,,,,,,,,,,,,,,,,,,,,,,,,,100,35390,100,52370123760,100,183654837112,,,,,,,,,,
2019-07-19,S300Z63P,ST4000DM000,4000787030016,0,119,221635408,,,96,0,100,4,100,0,87,531361887,,,59,36131,100,0,,,100,4,,,,,,,,,,,,,,,,,,,,,,,,,,,,,,,98,2,100,0,100,0,100,0,100,0,79,21,100,0,100,0,23,155758,21,21,,,,,100,0,100,0,200,0,,,,,,,,,,,,,,,,,,,,,,,,,,,100,35414,100,52390333560,100,183976352682,,,,,,,,,,
2019-07-20,S300Z63P,ST4000DM000,4000787030016,0,108,20570536,,,96,0,100,4,100,0,87,532342826,,,59,36144,100,0,,,100,4,,,,,,,,,,,,,,,,,,,,,,,,,,,,,,,98,2,100,0,100,0,100,0,100,0,80,20,100,0,100,0,23,155758,20,20,,,,,100,0,100,0,200,0,,,,,,,,,,,,,,,,,,,,,,,,,,,100,35426,100,52398220176,100,184140058664,,,,,,,,,,
2019-07-21,S300Z63P,ST4000DM000,4000787030016,0,117,135000816,,,96,0,100,4,100,0,87,534445623,,,59,36168,100,0,,,100,4,,,,,,,,,,,,,,,,,,,,,,,,,,,,,,,98,2,100,0,100,0,100,0,100,0,77,23,100,0,100,0,23,155758,23,23,,,,,100,0,100,0,200,0,,,,,,,,,,,,,,,,,,,,,,,,,,,100,35451,100,52429762376,100,184443532424,,,,,,,,,,
2019-07-22,S300Z63P,ST4000DM000,4000787030016,0,114,78778040,,,96,0,100,4,100,0,87,536283667,,,59,36192,100,0,,,100,4,,,,,,,,,,,,,,,,,,,,,,,,,,,,,,,98,2,100,0,100,0,100,0,100,0,80,20,100,0,100,0,23,155758,20,20,,,,,100,0,100,0,200,0,,,,,,,,,,,,,,,,,,,,,,,,,,,100,35475,100,52452449920,100,184722978208,,,,,,,,,,
2019-07-23,S300Z63P,ST4000DM000,4000787030016,0,119,205080448,,,96,0,100,4,100,0,87,540406542,,,59,36216,100,0,,,100,4,,,,,,,,,,,,,,,,,,,,,,,,,,,,,,,98,2,100,0,100,0,100,0,100,0,80,20,100,0,100,0,23,155758,20,20,,,,,100,0,100,0,200,0,,,,,,,,,,,,,,,,,,,,,,,,,,,100,35499,100,52476889128,100,184959250509,,,,,,,,,,
2019-07-24,S300Z63P,ST4000DM000,4000787030016,0,117,142579888,,,96,0,100,4,100,0,87,542587466,,,59,36240,100,0,,,100,4,,,,,,,,,,,,,,,,,,,,,,,,,,,,,,,98,2,100,0,100,0,100,0,100,0,81,19,100,0,100,0,23,155758,19,19,,,,,100,0,100,0,200,0,,,,,,,,,,,,,,,,,,,,,,,,,,,100,35523,100,52497157432,100,185200679688,,,,,,,,,,
2019-07-25,S300Z63P,ST4000DM000,4000787030016,0,119,225362944,,,96,0,100,4,100,0,87,544214439,,,59,36264,100,0,,,100,4,,,,,,,,,,,,,,,,,,,,,,,,,,,,,,,98,2,100,0,100,0,100,0,100,0,81,19,100,0,100,0,23,155758,19,19,,,,,100,0,100,0,200,0,,,,,,,,,,,,,,,,,,,,,,,,,,,100,35547,100,52525724328,100,185410588690,,,,,,,,,,
2019-07-26,S300Z63P,ST4000DM000,4000787030016,0,118,175375808,,,96,0,100,4,100,0,87,545730097,,,59,36288,100,0,,,100,4,,,,,,,,,,,,,,,,,,,,,,,,,,,,,,,98,2,100,0,100,0,100,0,100,0,80,20,100,0,100,0,23,155758,20,20,,,,,100,0,100,0,200,0,,,,,,,,,,,,,,,,,,,,,,,,,,,100,35571,100,52542679552,100,185576505297,,,,,,,,,,
2019-07-27,S300Z63P,ST4000DM000,4000787030016,0,118,184600760,,,96,0,100,4,100,0,87,546950208,,,59,36312,100,0,,,100,4,,,,,,,,,,,,,,,,,,,,,,,,,,,,,,,98,2,100,0,100,0,100,0,100,0,80,20,100,0,100,0,23,155758,20,20,,,,,100,0,100,0,200,0,,,,,,,,,,,,,,,,,,,,,,,,,,,100,35595,100,52556569888,100,185814147517,,,,,,,,,,
2019-07-28,S300Z63P,ST4000DM000,4000787030016,0,109,22176512,,,96,0,100,4,100,0,87,548672430,,,59,36336,100,0,,,100,4,,,,,,,,,,,,,,,,,,,,,,,,,,,,,,,98,2,100,0,100,0,100,0,100,0,81,19,100,0,100,0,23,155758,19,19,,,,,100,0,100,0,200,0,,,,,,,,,,,,,,,,,,,,,,,,,,,100,35619,100,52578258056,100,186133690689,,,,,,,,,,
2019-07-29,S300Z63P,ST4000DM000,4000787030016,0,117,120567992,,,96,0,100,4,100,0,87,549695358,,,59,36360,100,0,,,100,4,,,,,,,,,,,,,,,,,,,,,,,,,,,,,,,98,2,100,0,100,0,100,0,100,0,81,19,100,0,100,0,23,155758,19,19,,,,,100,0,100,0,200,0,,,,,,,,,,,,,,,,,,,,,,,,,,,100,35643,100,52591517216,100,186314678421,,,,,,,,,,
2019-07-30,S300Z63P,ST4000DM000,4000787030016,0,116,105340544,,,96,0,100,4,100,0,87,552290401,,,59,36384,100,0,,,100,4,,,,,,,,,,,,,,,,,,,,,,,,,,,,,,,98,2,100,0,100,0,100,0,100,0,81,19,100,0,100,0,23,155758,19,19,,,,,100,0,100,0,200,0,,,,,,,,,,,,,,,,,,,,,,,,,,,100,35667,100,52624604576,100,186581366492,,,,,,,,,,
2019-07-31,S300Z63P,ST4000DM000,4000787030016,0,119,224672224,,,96,0,100,4,100,0,87,553816622,,,59,36408,100,0,,,100,4,,,,,,,,,,,,,,,,,,,,,,,,,,,,,,,98,2,100,0,100,0,100,0,100,0,80,20,100,0,100,0,23,155758,20,20,,,,,100,0,100,0,200,0,,,,,,,,,,,,,,,,,,,,,,,,,,,100,35691,100,52645090680,100,186920774521,,,,,,,,,,
2019-08-01,S300Z63P,ST4000DM000,4000787030016,0,119,222152184,,,96,0,100,4,100,0,87,554935742,,,59,36432,100,0,,,100,4,,,,,,,,,,,,,,,,,,,,,,,,,,,,,,,98,2,100,0,100,0,100,0,100,0,80,20,100,0,100,0,23,155758,20,20,,,,,100,0,100,0,200,0,,,,,,,,,,,,,,,,,,,,,,,,,,,100,35715,100,52668823688,100,187089980645,,,,,,,,,,
2019-08-02,S300Z63P,ST4000DM000,4000787030016,0,116,112398456,,,96,0,100,4,100,0,87,556319467,,,59,36456,100,0,,,100,4,,,,,,,,,,,,,,,,,,,,,,,,,,,,,,,98,2,100,0,100,0,100,0,100,0,80,20,100,0,100,0,23,155758,20,20,,,,,100,0,100,0,200,0,,,,,,,,,,,,,,,,,,,,,,,,,,,100,35739,100,52688560024,100,187185620635,,,,,,,,,,
2019-08-03,S300Z63P,ST4000DM000,4000787030016,0,120,237343336,,,96,0,100,4,100,0,87,557868682,,,59,36480,100,0,,,100,4,,,,,,,,,,,,,,,,,,,,,,,,,,,,,,,98,2,100,0,100,0,100,0,100,0,80,20,100,0,100,0,23,155758,20,20,,,,,100,0,100,0,200,0,,,,,,,,,,,,,,,,,,,,,,,,,,,100,35763,100,52713812216,100,187494461992,,,,,,,,,,
2019-08-04,S300Z63P,ST4000DM000,4000787030016,0,117,164182008,,,96,0,100,4,100,0,87,559530248,,,59,36504,100,0,,,100,4,,,,,,,,,,,,,,,,,,,,,,,,,,,,,,,98,2,100,0,100,0,100,0,100,0,80,20,100,0,100,0,23,155758,20,20,,,,,100,0,100,0,200,0,,,,,,,,,,,,,,,,,,,,,,,,,,,100,35787,100,52750551776,100,187751920100,,,,,,,,,,
2019-08-05,S300Z63P,ST4000DM000,4000787030016,0,114,75029992,,,96,0,100,4,100,0,87,561398531,,,59,36528,100,0,,,100,4,,,,,,,,,,,,,,,,,,,,,,,,,,,,,,,98,2,100,0,100,0,100,0,100,0,80,20,100,0,100,0,23,155758,20,20,,,,,100,0,100,0,200,0,,,,,,,,,,,,,,,,,,,,,,,,,,,100,35811,100,52775644008,100,188003947442,,,,,,,,,,
2019-08-06,S300Z63P,ST4000DM000,4000787030016,0,111,38260336,,,96,0,100,4,100,0,87,564278433,,,59,36552,100,0,,,100,4,,,,,,,,,,,,,,,,,,,,,,,,,,,,,,,98,2,100,0,100,0,100,0,100,0,80,20,100,0,100,0,23,155758,20,20,,,,,100,0,100,0,200,0,,,,,,,,,,,,,,,,,,,,,,,,,,,100,35835,100,52805500296,100,188282992949,,,,,,,,,,
2019-08-07,S300Z63P,ST4000DM000,4000787030016,0,117,142424600,,,96,0,100,4,100,0,87,565754717,,,59,36576,100,0,,,100,4,,,,,,,,,,,,,,,,,,,,,,,,,,,,,,,98,2,100,0,100,0,100,0,100,0,80,20,100,0,100,0,23,155758,20,20,,,,,100,0,100,0,200,0,,,,,,,,,,,,,,,,,,,,,,,,,,,100,35859,100,52831471152,100,188496899479,,,,,,,,,,
2019-08-08,S300Z63P,ST4000DM000,4000787030016,0,115,95808168,,,96,0,100,4,100,0,87,567552013,,,59,36601,100,0,,,100,4,,,,,,,,,,,,,,,,,,,,,,,,,,,,,,,98,2,100,0,100,0,100,0,100,0,80,20,100,0,100,0,23,155758,20,20,,,,,100,0,100,0,200,0,,,,,,,,,,,,,,,,,,,,,,,,,,,100,35884,100,52852258240,100,188735343249,,,,,,,,,,
2019-08-09,S300Z63P,ST4000DM000,4000787030016,0,119,210827376,,,96,0,100,4,100,0,87,569580430,,,59,36625,100,0,,,100,4,,,,,,,,,,,,,,,,,,,,,,,,,,,,,,,98,2,100,0,100,0,100,0,100,0,80,20,100,0,100,0,23,155758,20,20,,,,,100,0,100,0,200,0,,,,,,,,,,,,,,,,,,,,,,,,,,,100,35907,100,52872796472,100,188870350202,,,,,,,,,,
2019-08-10,S300Z63P,ST4000DM000,4000787030016,0,118,178341384,,,96,0,100,4,100,0,87,570716824,,,59,36649,100,0,,,100,4,,,,,,,,,,,,,,,,,,,,,,,,,,,,,,,98,2,100,0,100,0,100,0,100,0,80,20,100,0,100,0,23,155758,20,20,,,,,100,0,100,0,200,0,,,,,,,,,,,,,,,,,,,,,,,,,,,100,35931,100,52890575552,100,189061390347,,,,,,,,,,
2019-08-11,S300Z63P,ST4000DM000,4000787030016,0,114,77288312,,,96,0,100,4,100,0,87,571866293,,,59,36673,100,0,,,100,4,,,,,,,,,,,,,,,,,,,,,,,,,,,,,,,98,2,100,0,100,0,100,0,100,0,80,20,100,0,100,0,23,155758,20,20,,,,,100,0,100,0,200,0,,,,,,,,,,,,,,,,,,,,,,,,,,,100,35955,100,52914933088,100,189261558595,,,,,,,,,,
2019-08-12,S300Z63P,ST4000DM000,4000787030016,0,113,54872032,,,96,0,100,4,100,0,87,574680705,,,59,36697,100,0,,,100,4,,,,,,,,,,,,,,,,,,,,,,,,,,,,,,,98,2,100,0,100,0,100,0,100,0,80,20,100,0,100,0,23,155758,20,20,,,,,100,0,100,0,200,0,,,,,,,,,,,,,,,,,,,,,,,,,,,100,35979,100,52948315152,100,189555831151,,,,,,,,,,
2019-08-13,S300Z63P,ST4000DM000,4000787030016,0,118,168378448,,,96,0,100,4,100,0,87,576917254,,,59,36720,100,0,,,100,4,,,,,,,,,,,,,,,,,,,,,,,,,,,,,,,98,2,100,0,100,0,100,0,100,0,80,20,100,0,100,0,23,155758,20,20,,,,,100,0,100,0,200,0,,,,,,,,,,,,,,,,,,,,,,,,,,,100,36003,100,52970914824,100,189740887427,,,,,,,,,,
2019-08-14,S300Z63P,ST4000DM000,4000787030016,0,115,94062752,,,96,0,100,4,100,0,87,578056982,,,59,36744,100,0,,,100,4,,,,,,,,,,,,,,,,,,,,,,,,,,,,,,,98,2,100,0,100,0,100,0,100,0,80,20,100,0,100,0,23,155758,20,20,,,,,100,0,100,0,200,0,,,,,,,,,,,,,,,,,,,,,,,,,,,100,36027,100,52994857240,100,189919807429,,,,,,,,,,
2019-08-15,S300Z63P,ST4000DM000,4000787030016,0,108,17867064,,,96,0,100,4,100,0,87,579405373,,,59,36768,100,0,,,100,4,,,,,,,,,,,,,,,,,,,,,,,,,,,,,,,98,2,100,0,100,0,100,0,100,0,80,20,100,0,100,0,23,155758,20,20,,,,,100,0,100,0,200,0,,,,,,,,,,,,,,,,,,,,,,,,,,,100,36051,100,53018241040,100,190063651423,,,,,,,,,,
2019-08-16,S300Z63P,ST4000DM000,4000787030016,0,119,217175504,,,96,0,100,4,100,0,87,580923488,,,58,36792,100,0,,,100,4,,,,,,,,,,,,,,,,,,,,,,,,,,,,,,,98,2,100,0,100,0,100,0,100,0,80,20,100,0,100,0,23,155758,20,20,,,,,100,0,100,0,200,0,,,,,,,,,,,,,,,,,,,,,,,,,,,100,36075,100,53042014448,100,190195375596,,,,,,,,,,
2019-08-17,S300Z63P,ST4000DM000,4000787030016,0,114,69043464,,,96,0,100,4,100,0,87,582045059,,,58,36816,100,0,,,100,4,,,,,,,,,,,,,,,,,,,,,,,,,,,,,,,98,2,100,0,100,0,100,0,100,0,80,20,100,0,100,0,23,155758,20,20,,,,,100,0,100,0,200,0,,,,,,,,,,,,,,,,,,,,,,,,,,,100,36099,100,53061640424,100,190507384916,,,,,,,,,,
2019-08-18,S300Z63P,ST4000DM000,4000787030016,0,104,6770736,,,96,0,100,4,100,0,87,582953817,,,58,36840,100,0,,,100,4,,,,,,,,,,,,,,,,,,,,,,,,,,,,,,,98,2,100,0,100,0,100,0,100,0,79,21,100,0,100,0,23,155758,21,21,,,,,100,0,100,0,200,0,,,,,,,,,,,,,,,,,,,,,,,,,,,100,36123,100,53084762608,100,190737323513,,,,,,,,,,
2019-08-19,S300Z63P,ST4000DM000,4000787030016,0,113,50621464,,,96,0,100,4,100,0,87,584044812,,,58,36864,100,0,,,100,4,,,,,,,,,,,,,,,,,,,,,,,,,,,,,,,98,2,100,0,100,0,100,0,100,0,80,20,100,0,100,0,23,155758,20,20,,,,,100,0,100,0,200,0,,,,,,,,,,,,,,,,,,,,,,,,,,,100,36147,100,53106163208,100,190979667907,,,,,,,,,,
2019-08-20,S300Z63P,ST4000DM000,4000787030016,0,111,41267928,,,96,0,100,4,100,0,87,587041476,,,58,36888,100,0,,,100,4,,,,,,,,,,,,,,,,,,,,,,,,,,,,,,,98,2,100,0,100,0,100,0,100,0,80,20,100,0,100,0,23,155758,20,20,,,,,100,0,100,0,200,0,,,,,,,,,,,,,,,,,,,,,,,,,,,100,36171,100,53132797144,100,191304256350,,,,,,,,,,
2019-08-21,S300Z63P,ST4000DM000,4000787030016,0,118,193347904,,,96,0,100,4,100,0,87,588712251,,,58,36912,100,0,,,100,4,,,,,,,,,,,,,,,,,,,,,,,,,,,,,,,98,2,100,0,100,0,100,0,100,0,80,20,100,0,100,0,23,155758,20,20,,,,,100,0,100,0,200,0,,,,,,,,,,,,,,,,,,,,,,,,,,,100,36195,100,53158048736,100,191533807437,,,,,,,,,,
2019-08-22,S300Z63P,ST4000DM000,4000787030016,0,117,144495136,,,96,0,100,4,100,0,87,590421872,,,58,36936,100,0,,,100,4,,,,,,,,,,,,,,,,,,,,,,,,,,,,,,,98,2,100,0,100,0,100,0,100,0,80,20,100,0,100,0,23,155758,20,20,,,,,100,0,100,0,200,0,,,,,,,,,,,,,,,,,,,,,,,,,,,100,36219,100,53176739072,100,191753086739,,,,,,,,,,
2019-08-23,S300Z63P,ST4000DM000,4000787030016,0,114,72872376,,,96,0,100,4,100,0,87,591911726,,,58,36960,100,0,,,100,4,,,,,,,,,,,,,,,,,,,,,,,,,,,,,,,98,2,100,0,100,0,100,0,100,0,80,20,100,0,100,0,23,155758,20,20,,,,,100,0,100,0,200,0,,,,,,,,,,,,,,,,,,,,,,,,,,,100,36243,100,53197211624,100,191824192139,,,,,,,,,,
2019-08-24,S300Z63P,ST4000DM000,4000787030016,0,117,154462560,,,96,0,100,4,100,0,87,593470659,,,58,36984,100,0,,,100,4,,,,,,,,,,,,,,,,,,,,,,,,,,,,,,,98,2,100,0,100,0,100,0,100,0,80,20,100,0,100,0,23,155758,20,20,,,,,100,0,100,0,200,0,,,,,,,,,,,,,,,,,,,,,,,,,,,100,36267,100,53215993728,100,192074129004,,,,,,,,,,
2019-08-25,S300Z63P,ST4000DM000,4000787030016,0,111,34162912,,,96,0,100,4,100,0,87,595057137,,,58,37008,100,0,,,100,4,,,,,,,,,,,,,,,,,,,,,,,,,,,,,,,98,2,100,0,100,0,100,0,100,0,80,20,100,0,100,0,23,155758,20,20,,,,,100,0,100,0,200,0,,,,,,,,,,,,,,,,,,,,,,,,,,,100,36291,100,53238720872,100,192289854779,,,,,,,,,,
2019-08-26,S300Z63P,ST4000DM000,4000787030016,0,118,199538152,,,96,0,100,4,100,0,87,599176582,,,58,37056,100,0,,,100,4,,,,,,,,,,,,,,,,,,,,,,,,,,,,,,,98,2,100,0,100,0,100,0,100,0,80,20,100,0,100,0,23,155758,20,20,,,,,100,0,100,0,200,0,,,,,,,,,,,,,,,,,,,,,,,,,,,100,36339,100,53294024520,100,192700170124,,,,,,,,,,
2019-08-27,S300Z63P,ST4000DM000,4000787030016,0,118,199538152,,,96,0,100,4,100,0,87,599176582,,,58,37056,100,0,,,100,4,,,,,,,,,,,,,,,,,,,,,,,,,,,,,,,98,2,100,0,100,0,100,0,100,0,80,20,100,0,100,0,23,155758,20,20,,,,,100,0,100,0,200,0,,,,,,,,,,,,,,,,,,,,,,,,,,,100,36339,100,53294024520,100,192700170124,,,,,,,,,,
2019-08-28,S300Z63P,ST4000DM000,4000787030016,0,112,48777576,,,96,0,100,4,100,0,87,600266920,,,58,37080,100,0,,,100,4,,,,,,,,,,,,,,,,,,,,,,,,,,,,,,,98,2,100,0,100,0,100,0,100,0,80,20,100,0,100,0,23,155758,20,20,,,,,100,0,100,0,200,0,,,,,,,,,,,,,,,,,,,,,,,,,,,100,36363,100,53317456224,100,192879456446,,,,,,,,,,
2019-08-29,S300Z63P,ST4000DM000,4000787030016,0,117,118383984,,,96,0,100,4,100,0,87,602097616,,,58,37104,100,0,,,100,4,,,,,,,,,,,,,,,,,,,,,,,,,,,,,,,98,2,100,0,100,0,100,0,100,0,80,20,100,0,100,0,23,155758,20,20,,,,,100,0,100,0,200,0,,,,,,,,,,,,,,,,,,,,,,,,,,,100,36387,100,53348122392,100,193144400813,,,,,,,,,,
2019-08-30,S300Z63P,ST4000DM000,4000787030016,0,117,143898720,,,96,0,100,4,100,0,87,603563121,,,58,37128,100,0,,,100,4,,,,,,,,,,,,,,,,,,,,,,,,,,,,,,,98,2,100,0,100,0,100,0,100,0,80,20,100,0,100,0,23,155758,20,20,,,,,100,0,100,0,200,0,,,,,,,,,,,,,,,,,,,,,,,,,,,100,36411,100,53383770288,100,193236369122,,,,,,,,,,
2019-08-31,S300Z63P,ST4000DM000,4000787030016,0,117,128612432,,,96,0,100,4,100,0,87,604722010,,,58,37152,100,0,,,100,4,,,,,,,,,,,,,,,,,,,,,,,,,,,,,,,98,2,100,0,100,0,100,0,100,0,80,20,100,0,100,0,23,155758,20,20,,,,,100,0,100,0,200,0,,,,,,,,,,,,,,,,,,,,,,,,,,,100,36435,100,53416083296,100,193412675265,,,,,,,,,,
2019-09-01,S300Z63P,ST4000DM000,4000787030016,0,117,146271520,,,96,0,100,4,100,0,87,605981790,,,58,37176,100,0,,,100,4,,,,,,,,,,,,,,,,,,,,,,,,,,,,,,,98,2,100,0,100,0,100,0,100,0,80,20,100,0,100,0,23,155758,20,20,,,,,100,0,100,0,200,0,,,,,,,,,,,,,,,,,,,,,,,,,,,100,36459,100,53452442520,100,193669286033,,,,,,,,,,
2019-09-02,S300Z63P,ST4000DM000,4000787030016,0,117,133159880,,,96,0,100,4,100,0,87,608907773,,,58,37200,100,0,,,100,4,,,,,,,,,,,,,,,,,,,,,,,,,,,,,,,98,2,100,0,100,0,100,0,100,0,80,20,100,0,100,0,23,155758,20,20,,,,,100,0,100,0,200,0,,,,,,,,,,,,,,,,,,,,,,,,,,,100,36483,100,53495726144,100,194018169343,,,,,,,,,,
2019-09-03,S300Z63P,ST4000DM000,4000787030016,0,116,104630728,,,96,0,100,4,100,0,87,611376738,,,58,37224,100,0,,,100,4,,,,,,,,,,,,,,,,,,,,,,,,,,,,,,,98,2,100,0,100,0,100,0,100,0,80,20,100,0,100,0,23,155758,20,20,,,,,100,0,100,0,200,0,,,,,,,,,,,,,,,,,,,,,,,,,,,100,36507,100,53528053880,100,194317793067,,,,,,,,,,
2019-09-04,S300Z63P,ST4000DM000,4000787030016,0,118,186029280,,,96,0,100,4,100,0,87,613470034,,,58,37248,100,0,,,100,4,,,,,,,,,,,,,,,,,,,,,,,,,,,,,,,98,2,100,0,100,0,100,0,100,0,80,20,100,0,100,0,23,155758,20,20,,,,,100,0,100,0,200,0,,,,,,,,,,,,,,,,,,,,,,,,,,,100,36531,100,53560258624,100,194650369362,,,,,,,,,,
2019-09-05,S300Z63P,ST4000DM000,4000787030016,0,115,86479784,,,96,0,100,4,100,0,87,615541278,,,58,37272,100,0,,,100,4,,,,,,,,,,,,,,,,,,,,,,,,,,,,,,,98,2,100,0,100,0,100,0,100,0,80,20,100,0,100,0,23,155758,20,20,,,,,100,0,100,0,200,0,,,,,,,,,,,,,,,,,,,,,,,,,,,100,36555,100,53585906712,100,194903745510,,,,,,,,,,
2019-09-06,S300Z63P,ST4000DM000,4000787030016,0,117,164479848,,,96,0,100,4,100,0,87,617366791,,,58,37296,100,0,,,100,4,,,,,,,,,,,,,,,,,,,,,,,,,,,,,,,98,2,100,0,100,0,100,0,100,0,80,20,100,0,100,0,23,155758,20,20,,,,,100,0,100,0,200,0,,,,,,,,,,,,,,,,,,,,,,,,,,,100,36579,100,53619761152,100,195130640185,,,,,,,,,,
2019-09-07,S300Z63P,ST4000DM000,4000787030016,0,110,26917960,,,96,0,100,4,100,0,87,619427699,,,58,37320,100,0,,,100,4,,,,,,,,,,,,,,,,,,,,,,,,,,,,,,,98,2,100,0,100,0,100,0,100,0,80,20,100,0,100,0,23,155758,20,20,,,,,100,0,100,0,200,0,,,,,,,,,,,,,,,,,,,,,,,,,,,100,36603,100,53661601680,100,195403667684,,,,,,,,,,
2019-09-08,S300Z63P,ST4000DM000,4000787030016,0,119,212168528,,,96,0,100,4,100,0,87,621087875,,,58,37344,100,0,,,100,4,,,,,,,,,,,,,,,,,,,,,,,,,,,,,,,98,2,100,0,100,0,100,0,100,0,80,20,100,0,100,0,23,155758,20,20,,,,,100,0,100,0,200,0,,,,,,,,,,,,,,,,,,,,,,,,,,,100,36627,100,53698407624,100,195659919120,,,,,,,,,,
2019-09-09,S300Z63P,ST4000DM000,4000787030016,0,119,205038320,,,96,0,100,4,100,0,87,623309184,,,58,37368,100,0,,,100,4,,,,,,,,,,,,,,,,,,,,,,,,,,,,,,,98,2,100,0,100,0,100,0,100,0,80,20,100,0,100,0,23,155758,20,20,,,,,100,0,100,0,200,0,,,,,,,,,,,,,,,,,,,,,,,,,,,100,36651,100,53730114200,100,195924310665,,,,,,,,,,
2019-09-10,S300Z63P,ST4000DM000,4000787030016,0,114,59316912,,,96,0,100,4,100,0,87,626156373,,,58,37392,100,0,,,100,4,,,,,,,,,,,,,,,,,,,,,,,,,,,,,,,98,2,100,0,100,0,100,0,100,0,80,20,100,0,100,0,23,155758,20,20,,,,,100,0,100,0,200,0,,,,,,,,,,,,,,,,,,,,,,,,,,,100,36675,100,53764580128,100,196175574325,,,,,,,,,,
2019-09-11,S300Z63P,ST4000DM000,4000787030016,0,118,171574216,,,96,0,100,4,100,0,87,627405413,,,58,37416,100,0,,,100,4,,,,,,,,,,,,,,,,,,,,,,,,,,,,,,,98,2,100,0,100,0,100,0,100,0,80,20,100,0,100,0,23,155758,20,20,,,,,100,0,100,0,200,0,,,,,,,,,,,,,,,,,,,,,,,,,,,100,36699,100,53790553624,100,196392466702,,,,,,,,,,
2019-09-12,S300Z63P,ST4000DM000,4000787030016,0,117,146926392,,,96,0,100,4,100,0,87,629338957,,,58,37440,100,0,,,100,4,,,,,,,,,,,,,,,,,,,,,,,,,,,,,,,98,2,100,0,100,0,100,0,100,0,81,19,100,0,100,0,23,155758,19,19,,,,,100,0,100,0,200,0,,,,,,,,,,,,,,,,,,,,,,,,,,,100,36723,100,53810777624,100,196714807368,,,,,,,,,,
2019-09-13,S300Z63P,ST4000DM000,4000787030016,0,107,13530616,,,96,0,100,4,100,0,87,631132609,,,58,37464,100,0,,,100,4,,,,,,,,,,,,,,,,,,,,,,,,,,,,,,,98,2,100,0,100,0,100,0,100,0,80,20,100,0,100,0,23,155758,20,20,,,,,100,0,100,0,200,0,,,,,,,,,,,,,,,,,,,,,,,,,,,100,36746,100,53838404552,100,196865151073,,,,,,,,,,
2019-09-14,S300Z63P,ST4000DM000,4000787030016,0,102,4316400,,,96,0,100,4,100,0,87,632317646,,,58,37487,100,0,,,100,4,,,,,,,,,,,,,,,,,,,,,,,,,,,,,,,98,2,100,0,100,0,100,0,100,0,80,20,100,0,100,0,23,155758,20,20,,,,,100,0,100,0,200,0,,,,,,,,,,,,,,,,,,,,,,,,,,,100,36770,100,53864734120,100,197044485861,,,,,,,,,,
2019-09-15,S300Z63P,ST4000DM000,4000787030016,0,118,174246096,,,96,0,100,4,100,0,87,633535422,,,58,37511,100,0,,,100,4,,,,,,,,,,,,,,,,,,,,,,,,,,,,,,,98,2,100,0,100,0,100,0,100,0,80,20,100,0,100,0,23,155758,20,20,,,,,100,0,100,0,200,0,,,,,,,,,,,,,,,,,,,,,,,,,,,100,36794,100,53890976480,100,197287803396,,,,,,,,,,
2019-09-16,S300Z63P,ST4000DM000,4000787030016,0,114,80934232,,,96,0,100,4,100,0,87,634741567,,,58,37535,100,0,,,100,4,,,,,,,,,,,,,,,,,,,,,,,,,,,,,,,98,2,100,0,100,0,100,0,100,0,80,20,100,0,100,0,23,155758,20,20,,,,,100,0,100,0,200,0,,,,,,,,,,,,,,,,,,,,,,,,,,,100,36818,100,53924335896,100,197628710397,,,,,,,,,,
2019-09-17,S300Z63P,ST4000DM000,4000787030016,0,118,168223720,,,96,0,100,4,100,0,87,637171389,,,58,37559,100,0,,,100,4,,,,,,,,,,,,,,,,,,,,,,,,,,,,,,,98,2,100,0,100,0,100,0,100,0,80,20,100,0,100,0,23,155758,20,20,,,,,100,0,100,0,200,0,,,,,,,,,,,,,,,,,,,,,,,,,,,100,36842,100,53959116832,100,197928106480,,,,,,,,,,
2019-09-18,S300Z63P,ST4000DM000,4000787030016,0,117,141107008,,,96,0,100,4,100,0,87,640409844,,,58,37583,100,0,,,100,4,,,,,,,,,,,,,,,,,,,,,,,,,,,,,,,98,2,100,0,100,0,100,0,100,0,80,20,100,0,100,0,23,155758,20,20,,,,,100,0,100,0,200,0,,,,,,,,,,,,,,,,,,,,,,,,,,,100,36866,100,54004270224,100,198263582903,,,,,,,,,,
2019-09-19,S300Z63P,ST4000DM000,4000787030016,0,117,146118208,,,96,0,100,4,100,0,87,642386644,,,58,37607,100,0,,,100,4,,,,,,,,,,,,,,,,,,,,,,,,,,,,,,,98,2,100,0,100,0,100,0,100,0,80,20,100,0,100,0,23,155758,20,20,,,,,100,0,100,0,200,0,,,,,,,,,,,,,,,,,,,,,,,,,,,100,36890,100,54028921088,100,198553456161,,,,,,,,,,
2019-09-20,S300Z63P,ST4000DM000,4000787030016,0,110,27107616,,,96,0,100,4,100,0,87,644956432,,,58,37631,100,0,,,100,4,,,,,,,,,,,,,,,,,,,,,,,,,,,,,,,98,2,100,0,100,0,100,0,100,0,80,20,100,0,100,0,23,155758,20,20,,,,,100,0,100,0,200,0,,,,,,,,,,,,,,,,,,,,,,,,,,,100,36914,100,54060461776,100,198765245049,,,,,,,,,,
2019-09-21,S300Z63P,ST4000DM000,4000787030016,0,118,173249632,,,96,0,100,4,100,0,87,646737080,,,58,37655,100,0,,,100,4,,,,,,,,,,,,,,,,,,,,,,,,,,,,,,,98,2,100,0,100,0,100,0,100,0,80,20,100,0,100,0,23,155758,20,20,,,,,100,0,100,0,200,0,,,,,,,,,,,,,,,,,,,,,,,,,,,100,36938,100,54079423400,100,199036013320,,,,,,,,,,
2019-09-22,S300Z63P,ST4000DM000,4000787030016,0,117,133416944,,,96,0,100,4,100,0,87,648778020,,,57,37679,100,0,,,100,4,,,,,,,,,,,,,,,,,,,,,,,,,,,,,,,98,2,100,0,100,0,100,0,100,0,80,20,100,0,100,0,23,155758,20,20,,,,,100,0,100,0,200,0,,,,,,,,,,,,,,,,,,,,,,,,,,,100,36962,100,54110835200,100,199311796294,,,,,,,,,,
2019-09-23,S300Z63P,ST4000DM000,4000787030016,0,114,73455672,,,96,0,100,4,100,0,87,650708969,,,57,37703,100,0,,,100,4,,,,,,,,,,,,,,,,,,,,,,,,,,,,,,,98,2,100,0,100,0,100,0,100,0,80,20,100,0,100,0,23,155758,20,20,,,,,100,0,100,0,200,0,,,,,,,,,,,,,,,,,,,,,,,,,,,100,36986,100,54138971984,100,199537514505,,,,,,,,,,
2019-09-24,S300Z63P,ST4000DM000,4000787030016,0,112,47460304,,,96,0,100,4,100,0,87,653250219,,,57,37727,100,0,,,100,4,,,,,,,,,,,,,,,,,,,,,,,,,,,,,,,98,2,100,0,100,0,100,0,100,0,80,20,100,0,100,0,23,155758,20,20,,,,,100,0,100,0,200,0,,,,,,,,,,,,,,,,,,,,,,,,,,,100,37010,100,54169768600,100,199774769486,,,,,,,,,,
2019-09-25,S300Z63P,ST4000DM000,4000787030016,0,116,102351056,,,96,0,100,4,100,0,87,654947539,,,57,37751,100,0,,,100,4,,,,,,,,,,,,,,,,,,,,,,,,,,,,,,,98,2,100,0,100,0,100,0,100,0,80,20,100,0,100,0,23,155758,20,20,,,,,100,0,100,0,200,0,,,,,,,,,,,,,,,,,,,,,,,,,,,100,37034,100,54187843536,100,200090640990,,,,,,,,,,
2019-09-26,S300Z63P,ST4000DM000,4000787030016,0,117,139684368,,,96,0,100,4,100,0,87,656467528,,,57,37775,100,0,,,100,4,,,,,,,,,,,,,,,,,,,,,,,,,,,,,,,98,2,100,0,100,0,100,0,100,0,80,20,100,0,100,0,23,155758,20,20,,,,,100,0,100,0,200,0,,,,,,,,,,,,,,,,,,,,,,,,,,,100,37058,100,54216342360,100,200311748519,,,,,,,,,,
2019-09-27,S300Z63P,ST4000DM000,4000787030016,0,112,44515064,,,96,0,100,4,100,0,87,658165312,,,57,37799,100,0,,,100,4,,,,,,,,,,,,,,,,,,,,,,,,,,,,,,,98,2,100,0,100,0,100,0,100,0,80,20,100,0,100,0,23,155758,20,20,,,,,100,0,100,0,200,0,,,,,,,,,,,,,,,,,,,,,,,,,,,100,37082,100,54241926216,100,200416656454,,,,,,,,,,
2019-09-28,S300Z63P,ST4000DM000,4000787030016,0,116,113257328,,,96,0,100,4,100,0,87,659516235,,,57,37823,100,0,,,100,4,,,,,,,,,,,,,,,,,,,,,,,,,,,,,,,98,2,100,0,100,0,100,0,100,0,80,20,100,0,100,0,23,155758,20,20,,,,,100,0,100,0,200,0,,,,,,,,,,,,,,,,,,,,,,,,,,,100,37106,100,54275214264,100,200633477550,,,,,,,,,,
2019-09-29,S300Z63P,ST4000DM000,4000787030016,0,118,174695016,,,96,0,100,4,100,0,87,660697863,,,57,37848,100,0,,,100,4,,,,,,,,,,,,,,,,,,,,,,,,,,,,,,,98,2,100,0,100,0,100,0,100,0,80,20,100,0,100,0,23,155758,20,20,,,,,100,0,100,0,200,0,,,,,,,,,,,,,,,,,,,,,,,,,,,100,37131,100,54298148152,100,200956709291,,,,,,,,,,
2019-09-30,S300Z63P,ST4000DM000,4000787030016,0,114,81426520,,,96,0,100,4,100,0,87,661752176,,,57,37872,100,0,,,100,4,,,,,,,,,,,,,,,,,,,,,,,,,,,,,,,98,2,100,0,100,0,100,0,100,0,80,20,100,0,100,0,23,155758,20,20,,,,,100,0,100,0,200,0,,,,,,,,,,,,,,,,,,,,,,,,,,,100,37155,100,54326171936,100,201248023152,,,,,,,,,,
2019-10-01,S300Z63P,ST4000DM000,4000787030016,0,119,201671832,,,96,0,100,4,100,0,87,664640678,,,57,37896,100,0,,,100,4,,,,,,,,,,,,,,,,,,,,,,,,,,,,,,,,,98,2,100,0,100,0,100,0,100,0,80,20,100,0,100,0,23,155758,20,20,,,,,100,0,100,0,200,0,,,,,,,,,,,,,,,,,,,,,,,,,,,100,37179,100,54348934344,100,201577130130,,,,,,,,,,
2019-10-02,S300Z63P,ST4000DM000,4000787030016,0,114,60545072,,,96,0,100,4,100,0,87,666748090,,,57,37920,100,0,,,100,4,,,,,,,,,,,,,,,,,,,,,,,,,,,,,,,,,98,2,100,0,100,0,100,0,100,0,80,20,100,0,100,0,23,155758,20,20,,,,,100,0,100,0,200,0,,,,,,,,,,,,,,,,,,,,,,,,,,,100,37203,100,54371244152,100,201905705954,,,,,,,,,,
2019-10-03,S300Z63P,ST4000DM000,4000787030016,0,119,234386816,,,96,0,100,4,100,0,87,668974477,,,57,37944,100,0,,,100,4,,,,,,,,,,,,,,,,,,,,,,,,,,,,,,,,,98,2,100,0,100,0,100,0,100,0,80,20,100,0,100,0,23,155758,20,20,,,,,100,0,100,0,200,0,,,,,,,,,,,,,,,,,,,,,,,,,,,100,37226,100,54396572856,100,202180751084,,,,,,,,,,
2019-10-04,S300Z63P,ST4000DM000,4000787030016,0,116,114049640,,,96,0,100,4,100,0,88,671204438,,,57,37967,100,0,,,100,4,,,,,,,,,,,,,,,,,,,,,,,,,,,,,,,,,98,2,100,0,100,0,100,0,100,0,80,20,100,0,100,0,23,155758,20,20,,,,,100,0,100,0,200,0,,,,,,,,,,,,,,,,,,,,,,,,,,,100,37250,100,54426120536,100,202376756030,,,,,,,,,,
2019-10-05,S300Z63P,ST4000DM000,4000787030016,0,119,221423344,,,96,0,100,4,100,0,88,673070552,,,57,37991,100,0,,,100,4,,,,,,,,,,,,,,,,,,,,,,,,,,,,,,,,,98,2,100,0,100,0,100,0,100,0,80,20,100,0,100,0,23,155758,20,20,,,,,100,0,100,0,200,0,,,,,,,,,,,,,,,,,,,,,,,,,,,100,37274,100,54457067728,100,202646516426,,,,,,,,,,
2019-10-06,S300Z63P,ST4000DM000,4000787030016,0,114,60950320,,,96,0,100,4,100,0,88,675325756,,,57,38015,100,0,,,100,4,,,,,,,,,,,,,,,,,,,,,,,,,,,,,,,,,98,2,100,0,100,0,100,0,100,0,80,20,100,0,100,0,23,155758,20,20,,,,,100,0,100,0,200,0,,,,,,,,,,,,,,,,,,,,,,,,,,,100,37298,100,54490123288,100,202881577778,,,,,,,,,,
2019-10-07,S300Z63P,ST4000DM000,4000787030016,0,115,90386664,,,96,0,100,4,100,0,88,676535700,,,57,38039,100,0,,,100,4,,,,,,,,,,,,,,,,,,,,,,,,,,,,,,,,,98,2,100,0,100,0,100,0,100,0,80,20,100,0,100,0,23,155758,20,20,,,,,100,0,100,0,200,0,,,,,,,,,,,,,,,,,,,,,,,,,,,100,37322,100,54518994800,100,203089778454,,,,,,,,,,
2019-10-08,S300Z63P,ST4000DM000,4000787030016,0,105,10150528,,,96,0,100,4,100,0,88,679311749,,,57,38063,100,0,,,100,4,,,,,,,,,,,,,,,,,,,,,,,,,,,,,,,,,98,2,100,0,100,0,100,0,100,0,79,21,100,0,100,0,23,155758,21,21,,,,,100,0,100,0,200,0,,,,,,,,,,,,,,,,,,,,,,,,,,,100,37346,100,54560022048,100,203357360872,,,,,,,,,,
2019-10-09,S300Z63P,ST4000DM000,4000787030016,0,120,1794168,,,96,0,100,4,100,0,88,680455085,,,57,38087,100,0,,,100,4,,,,,,,,,,,,,,,,,,,,,,,,,,,,,,,,,98,2,100,0,100,0,100,0,100,0,80,20,100,0,100,0,23,155758,20,20,,,,,100,0,100,0,200,0,,,,,,,,,,,,,,,,,,,,,,,,,,,100,37370,100,54589440464,100,203527675644,,,,,,,,,,
2019-10-10,S300Z63P,ST4000DM000,4000787030016,0,103,6150368,,,96,0,100,4,100,0,88,684005988,,,57,38123,100,0,,,100,4,,,,,,,,,,,,,,,,,,,,,,,,,,,,,,,,,98,2,100,0,100,0,100,0,100,0,80,20,100,0,100,0,23,155758,20,20,,,,,100,0,100,0,200,0,,,,,,,,,,,,,,,,,,,,,,,,,,,100,37406,100,54632358048,100,203731370904,,,,,,,,,,
2019-10-11,S300Z63P,ST4000DM000,4000787030016,0,114,59457960,,,96,0,100,4,100,0,88,684386985,,,57,38135,100,0,,,100,4,,,,,,,,,,,,,,,,,,,,,,,,,,,,,,,,,98,2,100,0,100,0,100,0,100,0,80,20,100,0,100,0,23,155758,20,20,,,,,100,0,100,0,200,0,,,,,,,,,,,,,,,,,,,,,,,,,,,100,37418,100,54642091384,100,203785347772,,,,,,,,,,
2019-10-12,S300Z63P,ST4000DM000,4000787030016,0,118,178156872,,,96,0,100,4,100,0,88,685128178,,,57,38171,100,0,,,100,4,,,,,,,,,,,,,,,,,,,,,,,,,,,,,,,,,98,2,100,0,100,0,100,0,100,0,80,20,100,0,100,0,23,155758,20,20,,,,,100,0,100,0,200,0,,,,,,,,,,,,,,,,,,,,,,,,,,,100,37454,100,54667873720,100,203870877142,,,,,,,,,,
2019-10-13,S300Z63P,ST4000DM000,4000787030016,0,108,18799384,,,96,0,100,4,100,0,88,685699380,,,57,38195,100,0,,,100,4,,,,,,,,,,,,,,,,,,,,,,,,,,,,,,,,,98,2,100,0,100,0,100,0,100,0,80,20,100,0,100,0,23,155758,20,20,,,,,100,0,100,0,200,0,,,,,,,,,,,,,,,,,,,,,,,,,,,100,37478,100,54680053360,100,203949441933,,,,,,,,,,
2019-10-14,S300Z63P,ST4000DM000,4000787030016,0,119,220000624,,,96,0,100,4,100,0,88,686612600,,,57,38219,100,0,,,100,4,,,,,,,,,,,,,,,,,,,,,,,,,,,,,,,,,98,2,100,0,100,0,100,0,100,0,79,21,100,0,100,0,23,155758,21,21,,,,,100,0,100,0,200,0,,,,,,,,,,,,,,,,,,,,,,,,,,,100,37502,100,54692183264,100,204039450786,,,,,,,,,,
2019-10-15,S300Z63P,ST4000DM000,4000787030016,0,106,10966528,,,96,0,100,4,100,0,88,688251472,,,57,38255,100,0,,,100,4,,,,,,,,,,,,,,,,,,,,,,,,,,,,,,,,,98,2,100,0,100,0,100,0,100,0,80,20,100,0,100,0,23,155758,20,20,,,,,100,0,100,0,200,0,,,,,,,,,,,,,,,,,,,,,,,,,,,100,37538,100,54711760672,100,204184872049,,,,,,,,,,
2019-10-16,S300Z63P,ST4000DM000,4000787030016,0,106,10966528,,,96,0,100,4,100,0,88,688251472,,,57,38255,100,0,,,100,4,,,,,,,,,,,,,,,,,,,,,,,,,,,,,,,,,98,2,100,0,100,0,100,0,100,0,80,20,100,0,100,0,23,155758,20,20,,,,,100,0,100,0,200,0,,,,,,,,,,,,,,,,,,,,,,,,,,,100,37538,100,54711760672,100,204184872049,,,,,,,,,,
2019-10-17,S300Z63P,ST4000DM000,4000787030016,0,119,231198392,,,96,0,100,4,100,0,88,689397197,,,57,38279,100,0,,,100,4,,,,,,,,,,,,,,,,,,,,,,,,,,,,,,,,,98,2,100,0,100,0,100,0,100,0,80,20,100,0,100,0,23,155758,20,20,,,,,100,0,100,0,200,0,,,,,,,,,,,,,,,,,,,,,,,,,,,100,37562,100,54720897624,100,204312230832,,,,,,,,,,
2019-10-18,S300Z63P,ST4000DM000,4000787030016,0,114,58940320,,,96,0,100,4,100,0,88,690594698,,,57,38303,100,0,,,100,4,,,,,,,,,,,,,,,,,,,,,,,,,,,,,,,,,98,2,100,0,100,0,100,0,100,0,80,20,100,0,100,0,23,155758,20,20,,,,,100,0,100,0,200,0,,,,,,,,,,,,,,,,,,,,,,,,,,,100,37586,100,54732307392,100,204423186033,,,,,,,,,,
2019-10-19,S300Z63P,ST4000DM000,4000787030016,0,118,195569200,,,96,0,100,4,100,0,88,691070981,,,57,38327,100,0,,,100,4,,,,,,,,,,,,,,,,,,,,,,,,,,,,,,,,,98,2,100,0,100,0,100,0,100,0,80,20,100,0,100,0,23,155758,20,20,,,,,100,0,100,0,200,0,,,,,,,,,,,,,,,,,,,,,,,,,,,100,37610,100,54740001960,100,204549827967,,,,,,,,,,
2019-10-20,S300Z63P,ST4000DM000,4000787030016,0,111,30132608,,,96,0,100,4,100,0,88,692010452,,,57,38351,100,0,,,100,4,,,,,,,,,,,,,,,,,,,,,,,,,,,,,,,,,98,2,100,0,100,0,100,0,100,0,80,20,100,0,100,0,23,155758,20,20,,,,,100,0,100,0,200,0,,,,,,,,,,,,,,,,,,,,,,,,,,,100,37634,100,54756542656,100,204731842756,,,,,,,,,,
2019-10-21,S300Z63P,ST4000DM000,4000787030016,0,119,220680576,,,96,0,100,4,100,0,88,692730615,,,57,38375,100,0,,,100,4,,,,,,,,,,,,,,,,,,,,,,,,,,,,,,,,,98,2,100,0,100,0,100,0,100,0,80,20,100,0,100,0,23,155758,20,20,,,,,100,0,100,0,200,0,,,,,,,,,,,,,,,,,,,,,,,,,,,100,37658,100,54773065360,100,204834087889,,,,,,,,,,
2019-10-22,S300Z63P,ST4000DM000,4000787030016,0,117,153532632,,,96,0,100,4,100,0,88,693472813,,,57,38387,100,0,,,100,4,,,,,,,,,,,,,,,,,,,,,,,,,,,,,,,,,98,2,100,0,100,0,100,0,100,0,79,21,100,0,100,0,23,155758,21,21,,,,,100,0,100,0,200,0,,,,,,,,,,,,,,,,,,,,,,,,,,,100,37670,100,54792079224,100,204893556651,,,,,,,,,,
2019-10-23,S300Z63P,ST4000DM000,4000787030016,0,116,115530064,,,96,0,100,4,100,0,88,695685842,,,57,38423,100,0,,,100,4,,,,,,,,,,,,,,,,,,,,,,,,,,,,,,,,,98,2,100,0,100,0,100,0,100,0,80,20,100,0,100,0,23,155758,20,20,,,,,100,0,100,0,200,0,,,,,,,,,,,,,,,,,,,,,,,,,,,100,37706,100,54829256216,100,205107908748,,,,,,,,,,
2019-10-24,S300Z63P,ST4000DM000,4000787030016,0,118,168236072,,,96,0,100,4,100,0,88,696634428,,,57,38447,100,0,,,100,4,,,,,,,,,,,,,,,,,,,,,,,,,,,,,,,,,98,2,100,0,100,0,100,0,100,0,80,20,100,0,100,0,23,155758,20,20,,,,,100,0,100,0,200,0,,,,,,,,,,,,,,,,,,,,,,,,,,,100,37730,100,54854545160,100,205230555509,,,,,,,,,,
2019-10-25,S300Z63P,ST4000DM000,4000787030016,0,106,11843560,,,96,0,100,4,100,0,88,698292890,,,57,38471,100,0,,,100,4,,,,,,,,,,,,,,,,,,,,,,,,,,,,,,,,,98,2,100,0,100,0,100,0,100,0,80,20,100,0,100,0,23,155758,20,20,,,,,100,0,100,0,200,0,,,,,,,,,,,,,,,,,,,,,,,,,,,100,37754,100,54869410352,100,205335749434,,,,,,,,,,
2019-10-26,S300Z63P,ST4000DM000,4000787030016,0,117,148768528,,,96,0,100,4,100,0,88,701691629,,,57,38495,100,0,,,100,4,,,,,,,,,,,,,,,,,,,,,,,,,,,,,,,,,98,2,100,0,100,0,100,0,100,0,80,20,100,0,100,0,23,155758,20,20,,,,,100,0,100,0,200,0,,,,,,,,,,,,,,,,,,,,,,,,,,,100,37777,100,54882109408,100,205660631858,,,,,,,,,,
2019-10-27,S300Z63P,ST4000DM000,4000787030016,0,102,3824696,,,96,0,100,4,100,0,88,703731465,,,57,38519,100,0,,,100,4,,,,,,,,,,,,,,,,,,,,,,,,,,,,,,,,,98,2,100,0,100,0,100,0,100,0,80,20,100,0,100,0,23,155758,20,20,,,,,100,0,100,0,200,0,,,,,,,,,,,,,,,,,,,,,,,,,,,100,37801,100,54896216824,100,205940652047,,,,,,,,,,
2019-10-28,S300Z63P,ST4000DM000,4000787030016,0,117,148429608,,,96,0,100,4,100,0,88,705481729,,,57,38543,100,0,,,100,4,,,,,,,,,,,,,,,,,,,,,,,,,,,,,,,,,98,2,100,0,100,0,100,0,100,0,79,21,100,0,100,0,23,155758,21,21,,,,,100,0,100,0,200,0,,,,,,,,,,,,,,,,,,,,,,,,,,,100,37825,100,54918454672,100,206197758468,,,,,,,,,,
2019-10-29,S300Z63P,ST4000DM000,4000787030016,0,117,146005360,,,96,0,100,4,100,0,88,706528951,,,56,38554,100,0,,,100,4,,,,,,,,,,,,,,,,,,,,,,,,,,,,,,,,,98,2,100,0,100,0,100,0,100,0,79,21,100,0,100,0,23,155758,21,21,,,,,100,0,100,0,200,0,,,,,,,,,,,,,,,,,,,,,,,,,,,100,37837,100,54923950336,100,206316820708,,,,,,,,,,
2019-10-30,S300Z63P,ST4000DM000,4000787030016,0,110,26351032,,,96,0,100,4,100,0,88,709157248,,,56,38578,100,0,,,100,4,,,,,,,,,,,,,,,,,,,,,,,,,,,,,,,,,98,2,100,0,100,0,100,0,100,0,79,21,100,0,100,0,23,155758,21,21,,,,,100,0,100,0,200,0,,,,,,,,,,,,,,,,,,,,,,,,,,,100,37861,100,54939685664,100,206548064569,,,,,,,,,,
2019-10-31,S300Z63P,ST4000DM000,4000787030016,0,117,147276104,,,96,0,100,4,100,0,88,711134159,,,56,38614,100,0,,,100,4,,,,,,,,,,,,,,,,,,,,,,,,,,,,,,,,,98,2,100,0,100,0,100,0,100,0,79,21,100,0,100,0,23,155758,21,21,,,,,100,0,100,0,200,0,,,,,,,,,,,,,,,,,,,,,,,,,,,100,37897,100,54974632600,100,206860076967,,,,,,,,,,
2019-11-01,S300Z63P,ST4000DM000,4000787030016,0,117,148980312,,,96,0,100,4,100,0,88,712766044,,,56,38638,100,0,,,100,4,,,,,,,,,,,,,,,,,,,,,,,,,,,,,,,,,98,2,100,0,100,0,100,0,100,0,79,21,100,0,100,0,23,155758,21,21,,,,,100,0,100,0,200,0,,,,,,,,,,,,,,,,,,,,,,,,,,,100,37921,100,54982722000,100,207134579711,,,,,,,,,,
2019-11-02,S300Z63P,ST4000DM000,4000787030016,0,119,231636792,,,96,0,100,4,100,0,88,713740587,,,56,38662,100,0,,,100,4,,,,,,,,,,,,,,,,,,,,,,,,,,,,,,,,,98,2,100,0,100,0,100,0,100,0,80,20,100,0,100,0,23,155758,20,20,,,,,100,0,100,0,200,0,,,,,,,,,,,,,,,,,,,,,,,,,,,100,37945,100,54990973680,100,207310314697,,,,,,,,,,
2019-11-03,S300Z63P,ST4000DM000,4000787030016,0,119,204485200,,,96,0,100,4,100,0,88,714812481,,,56,38686,100,0,,,100,4,,,,,,,,,,,,,,,,,,,,,,,,,,,,,,,,,98,2,100,0,100,0,100,0,100,0,74,26,100,0,100,0,23,155758,26,26,,,,,100,0,100,0,200,0,,,,,,,,,,,,,,,,,,,,,,,,,,,100,37969,100,55002901880,100,207517708650,,,,,,,,,,
2019-11-04,S300Z63P,ST4000DM000,4000787030016,0,118,191122432,,,96,0,100,4,100,0,88,715837663,,,56,38710,100,0,,,100,4,,,,,,,,,,,,,,,,,,,,,,,,,,,,,,,,,98,2,100,0,100,0,100,0,100,0,79,21,100,0,100,0,23,155758,21,21,,,,,100,0,100,0,200,0,,,,,,,,,,,,,,,,,,,,,,,,,,,100,37993,100,55010232576,100,207840153886,,,,,,,,,,
2019-11-06,S300Z63P,ST4000DM000,4000787030016,0,115,92811856,,,96,0,100,4,100,0,88,719062972,,,56,38758,100,0,,,100,4,,,,,,,,,,,,,,,,,,,,,,,,,,,,,,,,,98,2,100,0,100,0,100,0,100,0,80,20,100,0,100,0,23,155758,20,20,,,,,100,0,100,0,200,0,,,,,,,,,,,,,,,,,,,,,,,,,,,100,38041,100,55029736176,100,208448140175,,,,,,,,,,
2019-11-07,S300Z63P,ST4000DM000,4000787030016,0,119,221239152,,,96,0,100,4,100,0,88,720801532,,,56,38782,100,0,,,100,4,,,,,,,,,,,,,,,,,,,,,,,,,,,,,,,,,98,2,100,0,100,0,100,0,100,0,80,20,100,0,100,0,23,155758,20,20,,,,,100,0,100,0,200,0,,,,,,,,,,,,,,,,,,,,,,,,,,,100,38065,100,55040972472,100,208741664218,,,,,,,,,,
2019-11-08,S300Z63P,ST4000DM000,4000787030016,0,117,122555984,,,96,0,100,4,100,0,88,722896786,,,56,38806,100,0,,,100,4,,,,,,,,,,,,,,,,,,,,,,,,,,,,,,,,,98,2,100,0,100,0,100,0,100,0,80,20,100,0,100,0,23,155758,20,20,,,,,100,0,100,0,200,0,,,,,,,,,,,,,,,,,,,,,,,,,,,100,38089,100,55055541200,100,208904687217,,,,,,,,,,
2019-11-09,S300Z63P,ST4000DM000,4000787030016,0,115,87600784,,,96,0,100,4,100,0,88,724380230,,,56,38830,100,0,,,100,4,,,,,,,,,,,,,,,,,,,,,,,,,,,,,,,,,98,2,100,0,100,0,100,0,100,0,79,21,100,0,100,0,23,155758,21,21,,,,,100,0,100,0,200,0,,,,,,,,,,,,,,,,,,,,,,,,,,,100,38113,100,55064646632,100,209162547378,,,,,,,,,,
2019-11-10,S300Z63P,ST4000DM000,4000787030016,0,102,5072656,,,96,0,100,4,100,0,88,726072854,,,56,38854,100,0,,,100,4,,,,,,,,,,,,,,,,,,,,,,,,,,,,,,,,,98,2,100,0,100,0,100,0,100,0,80,20,100,0,100,0,23,155758,20,20,,,,,100,0,100,0,200,0,,,,,,,,,,,,,,,,,,,,,,,,,,,100,38137,100,55075554064,100,209424854635,,,,,,,,,,
2019-11-11,S300Z63P,ST4000DM000,4000787030016,0,118,180429840,,,96,0,100,4,100,0,88,727761250,,,56,38878,100,0,,,100,4,,,,,,,,,,,,,,,,,,,,,,,,,,,,,,,,,98,2,100,0,100,0,100,0,100,0,80,20,100,0,100,0,23,155758,20,20,,,,,100,0,100,0,200,0,,,,,,,,,,,,,,,,,,,,,,,,,,,100,38161,100,55082629616,100,209657988657,,,,,,,,,,
2019-11-12,S300Z63P,ST4000DM000,4000787030016,0,117,135216616,,,96,0,100,4,100,0,88,729945705,,,56,38902,100,0,,,100,4,,,,,,,,,,,,,,,,,,,,,,,,,,,,,,,,,98,2,100,0,100,0,100,0,100,0,79,21,100,0,100,0,23,155758,21,21,,,,,100,0,100,0,200,0,,,,,,,,,,,,,,,,,,,,,,,,,,,100,38185,100,55097280072,100,209893234711,,,,,,,,,,
2019-11-13,S300Z63P,ST4000DM000,4000787030016,0,106,10940384,,,96,0,100,4,100,0,88,731457682,,,56,38926,100,0,,,100,4,,,,,,,,,,,,,,,,,,,,,,,,,,,,,,,,,98,2,100,0,100,0,100,0,100,0,79,21,100,0,100,0,23,155758,21,21,,,,,100,0,100,0,200,0,,,,,,,,,,,,,,,,,,,,,,,,,,,100,38209,100,55107494760,100,210204442265,,,,,,,,,,
2019-11-14,S300Z63P,ST4000DM000,4000787030016,0,119,205786560,,,96,0,100,4,100,0,88,732386010,,,56,38950,100,0,,,100,4,,,,,,,,,,,,,,,,,,,,,,,,,,,,,,,,,98,2,100,0,100,0,100,0,100,0,79,21,100,0,100,0,23,155758,21,21,,,,,100,0,100,0,200,0,,,,,,,,,,,,,,,,,,,,,,,,,,,100,38233,100,55117149256,100,210368477747,,,,,,,,,,
2019-11-15,S300Z63P,ST4000DM000,4000787030016,0,117,155081232,,,96,0,100,4,100,0,88,733615127,,,56,38974,100,0,,,100,4,,,,,,,,,,,,,,,,,,,,,,,,,,,,,,,,,98,2,100,0,100,0,100,0,100,0,80,20,100,0,100,0,23,155758,20,20,,,,,100,0,100,0,200,0,,,,,,,,,,,,,,,,,,,,,,,,,,,100,38257,100,55131158808,100,210504844585,,,,,,,,,,
2019-11-16,S300Z63P,ST4000DM000,4000787030016,0,118,179611792,,,96,0,100,4,100,0,88,734604159,,,56,38998,100,0,,,100,4,,,,,,,,,,,,,,,,,,,,,,,,,,,,,,,,,98,2,100,0,100,0,100,0,100,0,80,20,100,0,100,0,23,155758,20,20,,,,,100,0,100,0,200,0,,,,,,,,,,,,,,,,,,,,,,,,,,,100,38281,100,55137045384,100,210774260259,,,,,,,,,,
2019-11-17,S300Z63P,ST4000DM000,4000787030016,0,109,23111336,,,96,0,100,4,100,0,88,735533970,,,56,39022,100,0,,,100,4,,,,,,,,,,,,,,,,,,,,,,,,,,,,,,,,,98,2,100,0,100,0,100,0,100,0,80,20,100,0,100,0,23,155758,20,20,,,,,100,0,100,0,200,0,,,,,,,,,,,,,,,,,,,,,,,,,,,100,38304,100,55149676320,100,211082918660,,,,,,,,,,
2019-11-18,S300Z63P,ST4000DM000,4000787030016,0,119,214960912,,,96,0,100,4,100,0,88,738082679,,,56,39046,100,0,,,100,4,,,,,,,,,,,,,,,,,,,,,,,,,,,,,,,,,98,2,100,0,100,0,100,0,100,0,80,20,100,0,100,0,23,155758,20,20,,,,,100,0,100,0,200,0,,,,,,,,,,,,,,,,,,,,,,,,,,,100,38328,100,55161932944,100,211397073294,,,,,,,,,,
2019-11-19,S300Z63P,ST4000DM000,4000787030016,0,115,93139600,,,96,0,100,4,100,0,88,740918756,,,56,39070,100,0,,,100,4,,,,,,,,,,,,,,,,,,,,,,,,,,,,,,,,,98,2,100,0,100,0,100,0,100,0,80,20,100,0,100,0,23,155758,20,20,,,,,100,0,100,0,200,0,,,,,,,,,,,,,,,,,,,,,,,,,,,100,38352,100,55176252920,100,211694982620,,,,,,,,,,
2019-11-20,S300Z63P,ST4000DM000,4000787030016,0,108,20158856,,,96,0,100,4,100,0,88,744440631,,,56,39105,100,0,,,100,4,,,,,,,,,,,,,,,,,,,,,,,,,,,,,,,,,98,2,100,0,100,0,100,0,100,0,79,21,100,0,100,0,23,155758,21,21,,,,,100,0,100,0,200,0,,,,,,,,,,,,,,,,,,,,,,,,,,,100,38388,100,55196316088,100,212152668406,,,,,,,,,,
2019-11-21,S300Z63P,ST4000DM000,4000787030016,0,119,214598448,,,96,0,100,4,100,0,88,745904077,,,56,39129,100,0,,,100,4,,,,,,,,,,,,,,,,,,,,,,,,,,,,,,,,,98,2,100,0,100,0,100,0,100,0,80,20,100,0,100,0,23,155758,20,20,,,,,100,0,100,0,200,0,,,,,,,,,,,,,,,,,,,,,,,,,,,100,38412,100,55210259496,100,212296938418,,,,,,,,,,
2019-11-22,S300Z63P,ST4000DM000,4000787030016,0,113,52087336,,,96,0,100,4,100,0,88,747757402,,,56,39153,100,0,,,100,4,,,,,,,,,,,,,,,,,,,,,,,,,,,,,,,,,98,2,100,0,100,0,100,0,100,0,80,20,100,0,100,0,23,155758,20,20,,,,,100,0,100,0,200,0,,,,,,,,,,,,,,,,,,,,,,,,,,,100,38436,100,55223961456,100,212545269767,,,,,,,,,,
2019-11-23,S300Z63P,ST4000DM000,4000787030016,0,117,163752576,,,96,0,100,4,100,0,88,749472487,,,56,39177,100,0,,,100,4,,,,,,,,,,,,,,,,,,,,,,,,,,,,,,,,,98,2,100,0,100,0,100,0,100,0,79,21,100,0,100,0,23,155758,21,21,,,,,100,0,100,0,200,0,,,,,,,,,,,,,,,,,,,,,,,,,,,100,38460,100,55236855432,100,212771375911,,,,,,,,,,
2019-11-24,S300Z63P,ST4000DM000,4000787030016,0,109,24402176,,,96,0,100,4,100,0,88,750526875,,,56,39201,100,0,,,100,4,,,,,,,,,,,,,,,,,,,,,,,,,,,,,,,,,98,2,100,0,100,0,100,0,100,0,80,20,100,0,100,0,23,155758,20,20,,,,,100,0,100,0,200,0,,,,,,,,,,,,,,,,,,,,,,,,,,,100,38484,100,55250267392,100,212988713991,,,,,,,,,,
2019-11-25,S300Z63P,ST4000DM000,4000787030016,0,117,150616152,,,96,0,100,4,100,0,88,752107078,,,56,39225,100,0,,,100,4,,,,,,,,,,,,,,,,,,,,,,,,,,,,,,,,,98,2,100,0,100,0,100,0,100,0,80,20,100,0,100,0,23,155758,20,20,,,,,100,0,100,0,200,0,,,,,,,,,,,,,,,,,,,,,,,,,,,100,38508,100,55261843208,100,213298875670,,,,,,,,,,
2019-11-26,S300Z63P,ST4000DM000,4000787030016,0,119,226080792,,,96,0,100,4,100,0,88,753989391,,,56,39249,100,0,,,100,4,,,,,,,,,,,,,,,,,,,,,,,,,,,,,,,,,98,2,100,0,100,0,100,0,100,0,79,21,100,0,100,0,23,155758,21,21,,,,,100,0,100,0,200,0,,,,,,,,,,,,,,,,,,,,,,,,,,,100,38532,100,55272368848,100,213470277954,,,,,,,,,,
2019-11-27,S300Z63P,ST4000DM000,4000787030016,0,117,142785024,,,96,0,100,4,100,0,88,754536976,,,56,39261,100,0,,,100,4,,,,,,,,,,,,,,,,,,,,,,,,,,,,,,,,,98,2,100,0,100,0,100,0,100,0,80,20,100,0,100,0,23,155758,20,20,,,,,100,0,100,0,200,0,,,,,,,,,,,,,,,,,,,,,,,,,,,100,38544,100,55278139560,100,213576229649,,,,,,,,,,
2019-11-28,S300Z63P,ST4000DM000,4000787030016,0,118,175530352,,,96,0,100,4,100,0,88,755630971,,,56,39285,100,0,,,100,4,,,,,,,,,,,,,,,,,,,,,,,,,,,,,,,,,98,2,100,0,100,0,100,0,100,0,80,20,100,0,100,0,23,155758,20,20,,,,,100,0,100,0,200,0,,,,,,,,,,,,,,,,,,,,,,,,,,,100,38568,100,55288576768,100,213820553763,,,,,,,,,,
2019-11-29,S300Z63P,ST4000DM000,4000787030016,0,108,17463056,,,96,0,100,4,100,0,88,757135818,,,56,39309,100,0,,,100,4,,,,,,,,,,,,,,,,,,,,,,,,,,,,,,,,,98,2,100,0,100,0,100,0,100,0,80,20,100,0,100,0,23,155758,20,20,,,,,100,0,100,0,200,0,,,,,,,,,,,,,,,,,,,,,,,,,,,100,38592,100,55301035280,100,214004582889,,,,,,,,,,
2019-11-30,S300Z63P,ST4000DM000,4000787030016,0,119,222359392,,,96,0,100,4,100,0,88,758058526,,,56,39333,100,0,,,100,4,,,,,,,,,,,,,,,,,,,,,,,,,,,,,,,,,98,2,100,0,100,0,100,0,100,0,80,20,100,0,100,0,23,155758,20,20,,,,,100,0,100,0,200,0,,,,,,,,,,,,,,,,,,,,,,,,,,,100,38616,100,55313541608,100,214295249936,,,,,,,,,,
2019-12-01,S300Z63P,ST4000DM000,4000787030016,0,117,150459488,,,96,0,100,4,100,0,88,759465749,,,56,39357,100,0,,,100,4,,,,,,,,,,,,,,,,,,,,,,,,,,,,,,,,,98,2,100,0,100,0,100,0,100,0,80,20,100,0,100,0,23,155758,20,20,,,,,100,0,100,0,200,0,,,,,,,,,,,,,,,,,,,,,,,,,,,100,38640,100,55323399968,100,214609994570,,,,,,,,,,
2019-12-02,S300Z63P,ST4000DM000,4000787030016,0,114,62285304,,,96,0,100,4,100,0,88,761188771,,,56,39382,100,0,,,100,4,,,,,,,,,,,,,,,,,,,,,,,,,,,,,,,,,98,2,100,0,100,0,100,0,100,0,80,20,100,0,100,0,23,155758,20,20,,,,,100,0,100,0,200,0,,,,,,,,,,,,,,,,,,,,,,,,,,,100,38664,100,55333098992,100,214921587998,,,,,,,,,,
2019-12-03,S300Z63P,ST4000DM000,4000787030016,0,117,133287968,,,96,0,100,4,100,0,88,764035629,,,56,39406,100,0,,,100,4,,,,,,,,,,,,,,,,,,,,,,,,,,,,,,,,,98,2,100,0,100,0,100,0,100,0,80,20,100,0,100,0,23,155758,20,20,,,,,100,0,100,0,200,0,,,,,,,,,,,,,,,,,,,,,,,,,,,100,38688,100,55345789592,100,215171755171,,,,,,,,,,
2019-12-04,S300Z63P,ST4000DM000,4000787030016,0,108,15054432,,,96,0,100,4,100,0,88,765855412,,,55,39429,100,0,,,100,4,,,,,,,,,,,,,,,,,,,,,,,,,,,,,,,,,98,2,100,0,100,0,100,0,100,0,79,21,100,0,100,0,23,155758,21,21,,,,,100,0,100,0,200,0,,,,,,,,,,,,,,,,,,,,,,,,,,,100,38712,100,55361481832,100,215398930586,,,,,,,,,,
2019-12-05,S300Z63P,ST4000DM000,4000787030016,0,118,194139472,,,96,0,100,4,100,0,88,767513056,,,55,39453,100,0,,,100,4,,,,,,,,,,,,,,,,,,,,,,,,,,,,,,,,,98,2,100,0,100,0,100,0,100,0,80,20,100,0,100,0,23,155758,20,20,,,,,100,0,100,0,200,0,,,,,,,,,,,,,,,,,,,,,,,,,,,100,38736,100,55375329536,100,215670536921,,,,,,,,,,
2019-12-06,S300Z63P,ST4000DM000,4000787030016,0,113,56672984,,,96,0,100,4,100,0,88,769479522,,,55,39477,100,0,,,100,4,,,,,,,,,,,,,,,,,,,,,,,,,,,,,,,,,98,2,100,0,100,0,100,0,100,0,80,20,100,0,100,0,23,155758,20,20,,,,,100,0,100,0,200,0,,,,,,,,,,,,,,,,,,,,,,,,,,,100,38760,100,55387179728,100,215804350761,,,,,,,,,,
2019-12-07,S300Z63P,ST4000DM000,4000787030016,0,115,86667608,,,96,0,100,4,100,0,88,770813089,,,55,39501,100,0,,,100,4,,,,,,,,,,,,,,,,,,,,,,,,,,,,,,,,,98,2,100,0,100,0,100,0,100,0,80,20,100,0,100,0,23,155758,20,20,,,,,100,0,100,0,200,0,,,,,,,,,,,,,,,,,,,,,,,,,,,100,38784,100,55406211968,100,216034426524,,,,,,,,,,
2019-12-08,S300Z63P,ST4000DM000,4000787030016,0,118,184085344,,,96,0,100,4,100,0,88,771931610,,,55,39526,100,0,,,100,4,,,,,,,,,,,,,,,,,,,,,,,,,,,,,,,,,98,2,100,0,100,0,100,0,100,0,80,20,100,0,100,0,23,155758,20,20,,,,,100,0,100,0,200,0,,,,,,,,,,,,,,,,,,,,,,,,,,,100,38808,100,55422816496,100,216265488774,,,,,,,,,,
2019-12-09,S300Z63P,ST4000DM000,4000787030016,0,119,211829232,,,96,0,100,4,100,0,88,773275771,,,55,39550,100,0,,,100,4,,,,,,,,,,,,,,,,,,,,,,,,,,,,,,,,,98,2,100,0,100,0,100,0,100,0,79,21,100,0,100,0,23,155758,21,21,,,,,100,0,100,0,200,0,,,,,,,,,,,,,,,,,,,,,,,,,,,100,38832,100,55437606456,100,216541078659,,,,,,,,,,
2019-12-10,S300Z63P,ST4000DM000,4000787030016,0,117,136388472,,,96,0,100,4,100,0,88,775124259,,,55,39574,100,0,,,100,4,,,,,,,,,,,,,,,,,,,,,,,,,,,,,,,,,98,2,100,0,100,0,100,0,100,0,80,20,100,0,100,0,23,155758,20,20,,,,,100,0,100,0,200,0,,,,,,,,,,,,,,,,,,,,,,,,,,,100,38856,100,55448856856,100,216732540790,,,,,,,,,,
2019-12-11,S300Z63P,ST4000DM000,4000787030016,0,118,193142520,,,96,0,100,4,100,0,88,776160568,,,55,39598,100,0,,,100,4,,,,,,,,,,,,,,,,,,,,,,,,,,,,,,,,,98,2,100,0,100,0,100,0,100,0,79,21,100,0,100,0,23,155758,21,21,,,,,100,0,100,0,200,0,,,,,,,,,,,,,,,,,,,,,,,,,,,100,38881,100,55462496336,100,217001042764,,,,,,,,,,
2019-12-12,S300Z63P,ST4000DM000,4000787030016,0,115,87249096,,,96,0,100,4,100,0,88,777129318,,,55,39622,100,0,,,100,4,,,,,,,,,,,,,,,,,,,,,,,,,,,,,,,,,98,2,100,0,100,0,100,0,100,0,80,20,100,0,100,0,23,155758,20,20,,,,,100,0,100,0,200,0,,,,,,,,,,,,,,,,,,,,,,,,,,,100,38904,100,55472579224,100,217316556157,,,,,,,,,,
2019-12-13,S300Z63P,ST4000DM000,4000787030016,0,118,194950576,,,96,0,100,4,100,0,88,779230746,,,55,39646,100,0,,,100,4,,,,,,,,,,,,,,,,,,,,,,,,,,,,,,,,,98,2,100,0,100,0,100,0,100,0,80,20,100,0,100,0,23,155758,20,20,,,,,100,0,100,0,200,0,,,,,,,,,,,,,,,,,,,,,,,,,,,100,38929,100,55482757424,100,217369021987,,,,,,,,,,
2019-12-14,S300Z63P,ST4000DM000,4000787030016,0,119,208926680,,,96,0,100,4,100,0,88,780213443,,,55,39670,100,0,,,100,4,,,,,,,,,,,,,,,,,,,,,,,,,,,,,,,,,98,2,100,0,100,0,100,0,100,0,80,20,100,0,100,0,23,155758,20,20,,,,,100,0,100,0,200,0,,,,,,,,,,,,,,,,,,,,,,,,,,,100,38952,100,55493929904,100,217632765916,,,,,,,,,,
2019-12-15,S300Z63P,ST4000DM000,4000787030016,0,114,81843768,,,96,0,100,4,100,0,88,781984222,,,55,39693,100,0,,,100,4,,,,,,,,,,,,,,,,,,,,,,,,,,,,,,,,,98,2,100,0,100,0,100,0,100,0,79,21,100,0,100,0,23,155758,21,21,,,,,100,0,100,0,200,0,,,,,,,,,,,,,,,,,,,,,,,,,,,100,38976,100,55507877280,100,217942875965,,,,,,,,,,
2019-12-16,S300Z63P,ST4000DM000,4000787030016,0,112,50214224,,,96,0,100,4,100,0,88,783943352,,,55,39717,100,0,,,100,4,,,,,,,,,,,,,,,,,,,,,,,,,,,,,,,,,98,2,100,0,100,0,100,0,100,0,80,20,100,0,100,0,23,155758,20,20,,,,,100,0,100,0,200,0,,,,,,,,,,,,,,,,,,,,,,,,,,,100,39000,100,55517732088,100,218245496244,,,,,,,,,,
2019-12-17,S300Z63P,ST4000DM000,4000787030016,0,116,104213248,,,96,0,100,4,100,0,88,786635395,,,55,39741,100,0,,,100,4,,,,,,,,,,,,,,,,,,,,,,,,,,,,,,,,,98,2,100,0,100,0,100,0,100,0,80,20,100,0,100,0,23,155758,20,20,,,,,100,0,100,0,200,0,,,,,,,,,,,,,,,,,,,,,,,,,,,100,39024,100,55532981816,100,218508026183,,,,,,,,,,
2019-12-18,S300Z63P,ST4000DM000,4000787030016,0,116,110649088,,,96,0,100,4,100,0,88,788495808,,,55,39765,100,0,,,100,4,,,,,,,,,,,,,,,,,,,,,,,,,,,,,,,,,98,2,100,0,100,0,100,0,100,0,80,20,100,0,100,0,23,155758,20,20,,,,,100,0,100,0,200,0,,,,,,,,,,,,,,,,,,,,,,,,,,,100,39048,100,55547665288,100,218771873272,,,,,,,,,,
2019-12-19,S300Z63P,ST4000DM000,4000787030016,0,111,38776224,,,96,0,100,4,100,0,88,790194523,,,55,39789,100,0,,,100,4,,,,,,,,,,,,,,,,,,,,,,,,,,,,,,,,,98,2,100,0,100,0,100,0,100,0,80,20,100,0,100,0,23,155758,20,20,,,,,100,0,100,0,200,0,,,,,,,,,,,,,,,,,,,,,,,,,,,100,39072,100,55561692136,100,218985337058,,,,,,,,,,
2019-12-20,S300Z63P,ST4000DM000,4000787030016,0,119,219997264,,,96,0,100,4,100,0,88,791713533,,,55,39813,100,0,,,100,4,,,,,,,,,,,,,,,,,,,,,,,,,,,,,,,,,98,2,100,0,100,0,100,0,100,0,80,20,100,0,100,0,23,155758,20,20,,,,,100,0,100,0,200,0,,,,,,,,,,,,,,,,,,,,,,,,,,,100,39096,100,55573534792,100,219098703057,,,,,,,,,,
2019-12-21,S300Z63P,ST4000DM000,4000787030016,0,111,35289664,,,96,0,100,4,100,0,88,792661226,,,55,39837,100,0,,,100,4,,,,,,,,,,,,,,,,,,,,,,,,,,,,,,,,,98,2,100,0,100,0,100,0,100,0,80,20,100,0,100,0,23,155758,20,20,,,,,100,0,100,0,200,0,,,,,,,,,,,,,,,,,,,,,,,,,,,100,39120,100,55589563872,100,219300500701,,,,,,,,,,
2019-12-22,S300Z63P,ST4000DM000,4000787030016,0,119,230134464,,,96,0,100,4,100,0,88,794088703,,,55,39861,100,0,,,100,4,,,,,,,,,,,,,,,,,,,,,,,,,,,,,,,,,98,2,100,0,100,0,100,0,100,0,80,20,100,0,100,0,23,155758,20,20,,,,,100,0,100,0,200,0,,,,,,,,,,,,,,,,,,,,,,,,,,,100,39144,100,55603954216,100,219605342906,,,,,,,,,,
2019-12-23,S300Z63P,ST4000DM000,4000787030016,0,117,128198848,,,96,0,100,4,100,0,88,794950361,,,55,39885,100,0,,,100,4,,,,,,,,,,,,,,,,,,,,,,,,,,,,,,,,,98,2,100,0,100,0,100,0,100,0,80,20,100,0,100,0,23,155758,20,20,,,,,100,0,100,0,200,0,,,,,,,,,,,,,,,,,,,,,,,,,,,100,39168,100,55624402728,100,219760206662,,,,,,,,,,
2019-12-24,S300Z63P,ST4000DM000,4000787030016,0,111,34764568,,,96,0,100,4,100,0,88,797183183,,,55,39909,100,0,,,100,4,,,,,,,,,,,,,,,,,,,,,,,,,,,,,,,,,98,2,100,0,100,0,100,0,100,0,80,20,100,0,100,0,23,155758,20,20,,,,,100,0,100,0,200,0,,,,,,,,,,,,,,,,,,,,,,,,,,,100,39192,100,55638535176,100,220021668304,,,,,,,,,,
2019-12-25,S300Z63P,ST4000DM000,4000787030016,0,120,244063120,,,96,0,100,4,100,0,88,798277638,,,55,39933,100,0,,,100,4,,,,,,,,,,,,,,,,,,,,,,,,,,,,,,,,,98,2,100,0,100,0,100,0,100,0,80,20,100,0,100,0,23,155758,20,20,,,,,100,0,100,0,200,0,,,,,,,,,,,,,,,,,,,,,,,,,,,100,39216,100,55654977408,100,220347252823,,,,,,,,,,
2019-12-26,S300Z63P,ST4000DM000,4000787030016,0,118,177291320,,,96,0,100,4,100,0,88,799398473,,,55,39957,100,0,,,100,4,,,,,,,,,,,,,,,,,,,,,,,,,,,,,,,,,98,2,100,0,100,0,100,0,100,0,80,20,100,0,100,0,23,155758,20,20,,,,,100,0,100,0,200,0,,,,,,,,,,,,,,,,,,,,,,,,,,,100,39240,100,55670074744,100,220606861904,,,,,,,,,,
2019-12-27,S300Z63P,ST4000DM000,4000787030016,0,118,198820272,,,96,0,100,4,100,0,88,801138548,,,55,39981,100,0,,,100,4,,,,,,,,,,,,,,,,,,,,,,,,,,,,,,,,,98,2,100,0,100,0,100,0,100,0,80,20,100,0,100,0,23,155758,20,20,,,,,100,0,100,0,200,0,,,,,,,,,,,,,,,,,,,,,,,,,,,100,39264,100,55688738528,100,220751171823,,,,,,,,,,
2019-12-28,S300Z63P,ST4000DM000,4000787030016,0,111,39140088,,,96,0,100,4,100,0,88,802914295,,,55,40005,100,0,,,100,4,,,,,,,,,,,,,,,,,,,,,,,,,,,,,,,,,98,2,100,0,100,0,100,0,100,0,80,20,100,0,100,0,23,155758,20,20,,,,,100,0,100,0,200,0,,,,,,,,,,,,,,,,,,,,,,,,,,,100,39288,100,55702680720,100,221061032756,,,,,,,,,,
2019-12-29,S300Z63P,ST4000DM000,4000787030016,0,114,72701528,,,96,0,100,4,100,0,88,805055636,,,55,40029,100,0,,,100,4,,,,,,,,,,,,,,,,,,,,,,,,,,,,,,,,,98,2,100,0,100,0,100,0,100,0,80,20,100,0,100,0,23,155758,20,20,,,,,100,0,100,0,200,0,,,,,,,,,,,,,,,,,,,,,,,,,,,100,39312,100,55720359096,100,221362491082,,,,,,,,,,
2019-12-30,S300Z63P,ST4000DM000,4000787030016,0,114,82106176,,,96,0,100,4,100,0,89,806685157,,,55,40053,100,0,,,100,4,,,,,,,,,,,,,,,,,,,,,,,,,,,,,,,,,98,2,100,0,100,0,100,0,100,0,80,20,100,0,100,0,23,155758,20,20,,,,,100,0,100,0,200,0,,,,,,,,,,,,,,,,,,,,,,,,,,,100,39336,100,55734277824,100,221625106747,,,,,,,,,,
2019-12-31,S300Z63P,ST4000DM000,4000787030016,0,118,173843440,,,96,0,100,4,100,0,89,809671590,,,55,40077,100,0,,,100,4,,,,,,,,,,,,,,,,,,,,,,,,,,,,,,,,,98,2,100,0,100,0,100,0,100,0,80,20,100,0,100,0,23,155758,20,20,,,,,100,0,100,0,200,0,,,,,,,,,,,,,,,,,,,,,,,,,,,100,39360,100,55750313128,100,221853244150,,,,,,,,,,
