2019-01-01,Z302F1A5,ST4000DM000,4000787030016,0,106,10716112,,,92,0,100,10,100,0,87,597334384,,,61,34177,100,0,,,100,10,,,,,,,,,,,,,,,,,,,,,,,,,,,,,,,100,0,100,0,100,0,100,0,100,0,81,19,100,0,100,0,75,51713,19,19,,,,,100,0,100,0,200,0,,,,,,,,,,,,,,,,,,,,,,,,,,,100,33995,100,58037716984,100,112755028881,,,,,,,,,,
2019-01-02,Z302F1A5,ST4000DM000,4000787030016,0,117,124691096,,,92,0,100,10,100,0,87,598502610,,,61,34201,100,0,,,100,10,,,,,,,,,,,,,,,,,,,,,,,,,,,,,,,100,0,100,0,100,0,100,0,100,0,81,19,100,0,100,0,75,51713,19,19,,,,,100,0,100,0,200,0,,,,,,,,,,,,,,,,,,,,,,,,,,,100,34019,100,58061005416,100,112828776443,,,,,,,,,,
2019-01-03,Z302F1A5,ST4000DM000,4000787030016,0,120,235294440,,,92,0,100,10,100,0,87,600714856,,,61,34226,100,0,,,100,10,,,,,,,,,,,,,,,,,,,,,,,,,,,,,,,100,0,100,0,100,0,100,0,100,0,80,20,100,0,100,0,75,51713,20,20,,,,,100,0,100,0,200,0,,,,,,,,,,,,,,,,,,,,,,,,,,,100,34043,100,58082835448,100,112932891373,,,,,,,,,,
2019-01-04,Z302F1A5,ST4000DM000,4000787030016,0,119,207660176,,,92,0,100,10,100,0,87,602458004,,,61,34249,100,0,,,100,10,,,,,,,,,,,,,,,,,,,,,,,,,,,,,,,100,0,100,0,100,0,100,0,100,0,78,22,100,0,100,0,75,51713,22,22,,,,,100,0,100,0,200,0,,,,,,,,,,,,,,,,,,,,,,,,,,,100,34067,100,58107191576,100,113042753163,,,,,,,,,,
2019-01-05,Z302F1A5,ST4000DM000,4000787030016,0,119,224332928,,,92,0,100,10,100,0,87,603711168,,,61,34273,100,0,,,100,10,,,,,,,,,,,,,,,,,,,,,,,,,,,,,,,100,0,100,0,100,0,100,0,100,0,78,22,100,0,100,0,75,51713,22,22,,,,,100,0,100,0,200,0,,,,,,,,,,,,,,,,,,,,,,,,,,,100,34091,100,58124379504,100,113183796181,,,,,,,,,,
2019-01-06,Z302F1A5,ST4000DM000,4000787030016,0,117,165357392,,,92,0,100,10,100,0,87,606253359,,,61,34297,100,0,,,100,10,,,,,,,,,,,,,,,,,,,,,,,,,,,,,,,100,0,100,0,100,0,100,0,100,0,79,21,100,0,100,0,75,51713,21,21,,,,,100,0,100,0,200,0,,,,,,,,,,,,,,,,,,,,,,,,,,,100,34115,100,58144296904,100,113340514189,,,,,,,,,,
2019-01-07,Z302F1A5,ST4000DM000,4000787030016,0,100,2648248,,,92,0,100,10,100,0,87,607582610,,,61,34321,100,0,,,100,10,,,,,,,,,,,,,,,,,,,,,,,,,,,,,,,100,0,100,0,100,0,100,0,100,0,78,22,100,0,100,0,75,51713,22,22,,,,,100,0,100,0,200,0,,,,,,,,,,,,,,,,,,,,,,,,,,,100,34139,100,58162945192,100,113478484957,,,,,,,,,,
2019-01-08,Z302F1A5,ST4000DM000,4000787030016,0,114,71192352,,,92,0,100,10,100,0,87,609360327,,,61,34345,100,0,,,100,10,,,,,,,,,,,,,,,,,,,,,,,,,,,,,,,100,0,100,0,100,0,100,0,100,0,80,20,100,0,100,0,75,51713,20,20,,,,,100,0,100,0,200,0,,,,,,,,,,,,,,,,,,,,,,,,,,,100,34163,100,58190390576,100,113557788789,,,,,,,,,,
2019-01-09,Z302F1A5,ST4000DM000,4000787030016,0,109,24655672,,,92,0,100,10,100,0,87,610457358,,,61,34369,100,0,,,100,10,,,,,,,,,,,,,,,,,,,,,,,,,,,,,,,100,0,100,0,100,0,100,0,100,0,80,20,100,0,100,0,75,51713,20,20,,,,,100,0,100,0,200,0,,,,,,,,,,,,,,,,,,,,,,,,,,,100,34187,100,58207683888,100,113633440261,,,,,,,,,,
2019-01-10,Z302F1A5,ST4000DM000,4000787030016,0,117,157937992,,,92,0,100,10,100,0,87,611348670,,,61,34388,100,0,,,100,10,,,,,,,,,,,,,,,,,,,,,,,,,,,,,,,100,0,100,0,100,0,100,0,100,0,80,20,100,0,100,0,75,51715,20,20,,,,,100,0,100,0,200,0,,,,,,,,,,,,,,,,,,,,,,,,,,,100,34206,100,58219874552,100,113724166694,,,,,,,,,,
2019-01-11,Z302F1A5,ST4000DM000,4000787030016,0,118,180275152,,,92,0,100,10,100,0,87,612503757,,,61,34414,100,0,,,100,10,,,,,,,,,,,,,,,,,,,,,,,,,,,,,,,100,0,100,0,100,0,100,0,100,0,80,20,100,0,100,0,75,51732,20,20,,,,,100,0,100,0,200,0,,,,,,,,,,,,,,,,,,,,,,,,,,,100,34231,100,58235873568,100,113871578567,,,,,,,,,,
2019-01-12,Z302F1A5,ST4000DM000,4000787030016,0,105,10141376,,,92,0,100,10,100,0,87,613533933,,,61,34438,100,0,,,100,10,,,,,,,,,,,,,,,,,,,,,,,,,,,,,,,100,0,100,0,100,0,100,0,100,0,80,20,100,0,100,0,75,51732,20,20,,,,,100,0,100,0,200,0,,,,,,,,,,,,,,,,,,,,,,,,,,,100,34255,100,58251665696,100,114007731480,,,,,,,,,,
2019-01-13,Z302F1A5,ST4000DM000,4000787030016,0,109,23086400,,,92,0,100,10,100,0,87,615852613,,,61,34462,100,0,,,100,10,,,,,,,,,,,,,,,,,,,,,,,,,,,,,,,100,0,100,0,100,0,100,0,100,0,79,21,100,0,100,0,75,51732,21,21,,,,,100,0,100,0,200,0,,,,,,,,,,,,,,,,,,,,,,,,,,,100,34279,100,58269228296,100,114170240733,,,,,,,,,,
2019-01-14,Z302F1A5,ST4000DM000,4000787030016,0,119,228445080,,,92,0,100,10,100,0,87,616792132,,,61,34486,100,0,,,100,10,,,,,,,,,,,,,,,,,,,,,,,,,,,,,,,100,0,100,0,100,0,100,0,100,0,80,20,100,0,100,0,75,51732,20,20,,,,,100,0,100,0,200,0,,,,,,,,,,,,,,,,,,,,,,,,,,,100,34303,100,58285006664,100,114259645372,,,,,,,,,,
2019-01-15,Z302F1A5,ST4000DM000,4000787030016,0,119,217731704,,,92,0,100,10,100,0,87,618197037,,,61,34510,100,0,,,100,10,,,,,,,,,,,,,,,,,,,,,,,,,,,,,,,100,0,100,0,100,0,100,0,100,0,80,20,100,0,100,0,75,51732,20,20,,,,,100,0,100,0,200,0,,,,,,,,,,,,,,,,,,,,,,,,,,,100,34326,100,58304770264,100,114344254950,,,,,,,,,,
2019-01-16,Z302F1A5,ST4000DM000,4000787030016,0,114,77078888,,,92,0,100,10,100,0,87,619735759,,,61,34533,100,0,,,100,10,,,,,,,,,,,,,,,,,,,,,,,,,,,,,,,100,0,100,0,100,0,100,0,100,0,79,21,100,0,100,0,75,51732,21,21,,,,,100,0,100,0,200,0,,,,,,,,,,,,,,,,,,,,,,,,,,,100,34350,100,58324607608,100,114434821521,,,,,,,,,,
2019-01-17,Z302F1A5,ST4000DM000,4000787030016,0,120,235579528,,,92,0,100,10,100,0,87,620742934,,,61,34557,100,0,,,100,10,,,,,,,,,,,,,,,,,,,,,,,,,,,,,,,100,0,100,0,100,0,100,0,100,0,79,21,100,0,100,0,75,51732,21,21,,,,,100,0,100,0,200,0,,,,,,,,,,,,,,,,,,,,,,,,,,,100,34374,100,58342439824,100,114511984606,,,,,,,,,,
2019-01-18,Z302F1A5,ST4000DM000,4000787030016,0,119,202584496,,,92,0,100,10,100,0,87,621805133,,,61,34581,100,0,,,100,10,,,,,,,,,,,,,,,,,,,,,,,,,,,,,,,100,0,100,0,100,0,100,0,100,0,80,20,100,0,100,0,75,51732,20,20,,,,,100,0,100,0,200,0,,,,,,,,,,,,,,,,,,,,,,,,,,,100,34398,100,58359981664,100,114586775785,,,,,,,,,,
2019-01-19,Z302F1A5,ST4000DM000,4000787030016,0,119,203154360,,,92,0,100,10,100,0,87,623276819,,,61,34605,100,0,,,100,10,,,,,,,,,,,,,,,,,,,,,,,,,,,,,,,100,0,100,0,100,0,100,0,100,0,80,20,100,0,100,0,75,51732,20,20,,,,,100,0,100,0,200,0,,,,,,,,,,,,,,,,,,,,,,,,,,,100,34422,100,58377493016,100,114681304377,,,,,,,,,,
2019-01-20,Z302F1A5,ST4000DM000,4000787030016,0,115,92055056,,,92,0,100,10,100,0,87,625499186,,,61,34629,100,0,,,100,10,,,,,,,,,,,,,,,,,,,,,,,,,,,,,,,100,0,100,0,100,0,100,0,100,0,79,21,100,0,100,0,75,51732,21,21,,,,,100,0,100,0,200,0,,,,,,,,,,,,,,,,,,,,,,,,,,,100,34446,100,58404105184,100,114832222760,,,,,,,,,,
2019-01-21,Z302F1A5,ST4000DM000,4000787030016,0,119,233004896,,,92,0,100,10,100,0,87,626251554,,,61,34653,100,0,,,100,10,,,,,,,,,,,,,,,,,,,,,,,,,,,,,,,100,0,100,0,100,0,100,0,100,0,80,20,100,0,100,0,75,51732,20,20,,,,,100,0,100,0,200,0,,,,,,,,,,,,,,,,,,,,,,,,,,,100,34470,100,58424363664,100,114919942683,,,,,,,,,,
2019-01-22,Z302F1A5,ST4000DM000,4000787030016,0,110,25635240,,,92,0,100,10,100,0,87,627509850,,,61,34677,100,0,,,100,10,,,,,,,,,,,,,,,,,,,,,,,,,,,,,,,100,0,100,0,100,0,100,0,100,0,79,21,100,0,100,0,75,51732,21,21,,,,,100,0,100,0,200,0,,,,,,,,,,,,,,,,,,,,,,,,,,,100,34494,100,58452356232,100,115043084281,,,,,,,,,,
2019-01-23,Z302F1A5,ST4000DM000,4000787030016,0,116,107192696,,,92,0,100,10,100,0,87,629129377,,,61,34701,100,0,,,100,10,,,,,,,,,,,,,,,,,,,,,,,,,,,,,,,100,0,100,0,100,0,100,0,100,0,79,21,100,0,100,0,75,51734,21,21,,,,,100,0,100,0,200,0,,,,,,,,,,,,,,,,,,,,,,,,,,,100,34518,100,58472429744,100,115116254779,,,,,,,,,,
2019-01-24,Z302F1A5,ST4000DM000,4000787030016,0,111,37783216,,,92,0,100,10,100,0,87,630222657,,,61,34725,100,0,,,100,10,,,,,,,,,,,,,,,,,,,,,,,,,,,,,,,100,0,100,0,100,0,100,0,100,0,80,20,100,0,100,0,75,51734,20,20,,,,,100,0,100,0,200,0,,,,,,,,,,,,,,,,,,,,,,,,,,,100,34542,100,58486496408,100,115265908235,,,,,,,,,,
2019-01-25,Z302F1A5,ST4000DM000,4000787030016,0,114,83261240,,,92,0,100,10,100,0,87,630874375,,,61,34749,100,0,,,100,10,,,,,,,,,,,,,,,,,,,,,,,,,,,,,,,100,0,100,0,100,0,100,0,100,0,80,20,100,0,100,0,75,51734,20,20,,,,,100,0,100,0,200,0,,,,,,,,,,,,,,,,,,,,,,,,,,,100,34566,100,58509389232,100,115352396120,,,,,,,,,,
2019-01-26,Z302F1A5,ST4000DM000,4000787030016,0,117,156883464,,,92,0,100,10,100,0,87,633342243,,,61,34772,100,0,,,100,10,,,,,,,,,,,,,,,,,,,,,,,,,,,,,,,100,0,100,0,100,0,100,0,100,0,80,20,100,0,100,0,75,51734,20,20,,,,,100,0,100,0,200,0,,,,,,,,,,,,,,,,,,,,,,,,,,,100,34589,100,58534347392,100,115477617074,,,,,,,,,,
2019-01-27,Z302F1A5,ST4000DM000,4000787030016,0,114,61301272,,,92,0,100,10,100,0,87,635141131,,,61,34796,100,0,,,100,10,,,,,,,,,,,,,,,,,,,,,,,,,,,,,,,100,0,100,0,100,0,100,0,100,0,79,21,100,0,100,0,75,51734,21,21,,,,,100,0,100,0,200,0,,,,,,,,,,,,,,,,,,,,,,,,,,,100,34613,100,58553435944,100,115629086325,,,,,,,,,,
2019-01-28,Z302F1A5,ST4000DM000,4000787030016,0,117,126071744,,,92,0,100,10,100,0,87,635867667,,,61,34820,100,0,,,100,10,,,,,,,,,,,,,,,,,,,,,,,,,,,,,,,100,0,100,0,100,0,100,0,100,0,80,20,100,0,100,0,75,51734,20,20,,,,,100,0,100,0,200,0,,,,,,,,,,,,,,,,,,,,,,,,,,,100,34637,100,58582066192,100,115712024918,,,,,,,,,,
2019-01-29,Z302F1A5,ST4000DM000,4000787030016,0,119,229894576,,,92,0,100,10,100,0,87,636979412,,,61,34844,100,0,,,100,10,,,,,,,,,,,,,,,,,,,,,,,,,,,,,,,100,0,100,0,100,0,100,0,100,0,80,20,100,0,100,0,75,51734,20,20,,,,,100,0,100,0,200,0,,,,,,,,,,,,,,,,,,,,,,,,,,,100,34661,100,58603461856,100,115842232955,,,,,,,,,,
2019-01-30,Z302F1A5,ST4000DM000,4000787030016,0,119,215223272,,,92,0,100,10,100,0,87,638196486,,,61,34868,100,0,,,100,10,,,,,,,,,,,,,,,,,,,,,,,,,,,,,,,100,0,100,0,100,0,100,0,100,0,80,20,100,0,100,0,75,51734,20,20,,,,,100,0,100,0,200,0,,,,,,,,,,,,,,,,,,,,,,,,,,,100,34685,100,58621267408,100,115933367789,,,,,,,,,,
2019-01-31,Z302F1A5,ST4000DM000,4000787030016,0,114,70249736,,,92,0,100,10,100,0,87,638568205,,,61,34892,100,0,,,100,10,,,,,,,,,,,,,,,,,,,,,,,,,,,,,,,100,0,100,0,100,0,100,0,100,0,80,20,100,0,100,0,75,51734,20,20,,,,,100,0,100,0,200,0,,,,,,,,,,,,,,,,,,,,,,,,,,,100,34709,100,58636324144,100,115977784492,,,,,,,,,,
2019-02-01,Z302F1A5,ST4000DM000,4000787030016,0,114,67173952,,,92,0,100,10,100,0,87,639460474,,,61,34916,100,0,,,100,10,,,,,,,,,,,,,,,,,,,,,,,,,,,,,,,100,0,100,0,100,0,100,0,100,0,79,21,100,0,100,0,75,51735,21,21,,,,,100,0,100,0,200,0,,,,,,,,,,,,,,,,,,,,,,,,,,,100,34733,100,58652012016,100,116105273949,,,,,,,,,,
2019-02-02,Z302F1A5,ST4000DM000,4000787030016,0,117,147758072,,,92,0,100,10,100,0,87,639945883,,,61,34939,100,0,,,100,10,,,,,,,,,,,,,,,,,,,,,,,,,,,,,,,100,0,100,0,100,0,100,0,100,0,80,20,100,0,100,0,75,51735,20,20,,,,,100,0,100,0,200,0,,,,,,,,,,,,,,,,,,,,,,,,,,,100,34756,100,58671576032,100,116165969345,,,,,,,,,,
2019-02-03,Z302F1A5,ST4000DM000,4000787030016,0,117,125154712,,,92,0,100,10,100,0,87,641772925,,,61,34963,100,0,,,100,10,,,,,,,,,,,,,,,,,,,,,,,,,,,,,,,100,0,100,0,100,0,100,0,100,0,80,20,100,0,100,0,75,51735,20,20,,,,,100,0,100,0,200,0,,,,,,,,,,,,,,,,,,,,,,,,,,,100,34780,100,58697745816,100,116270922643,,,,,,,,,,
2019-02-04,Z302F1A5,ST4000DM000,4000787030016,0,111,29830600,,,92,0,100,10,100,0,87,642425815,,,61,34987,100,0,,,100,10,,,,,,,,,,,,,,,,,,,,,,,,,,,,,,,100,0,100,0,100,0,100,0,100,0,79,21,100,0,100,0,75,51735,21,21,,,,,100,0,100,0,200,0,,,,,,,,,,,,,,,,,,,,,,,,,,,100,34804,100,58718422504,100,116372049787,,,,,,,,,,
2019-02-05,Z302F1A5,ST4000DM000,4000787030016,0,119,203462944,,,92,0,100,10,100,0,87,643534950,,,61,35011,100,0,,,100,10,,,,,,,,,,,,,,,,,,,,,,,,,,,,,,,100,0,100,0,100,0,100,0,100,0,79,21,100,0,100,0,75,51735,21,21,,,,,100,0,100,0,200,0,,,,,,,,,,,,,,,,,,,,,,,,,,,100,34828,100,58741397368,100,116483056579,,,,,,,,,,
2019-02-06,Z302F1A5,ST4000DM000,4000787030016,0,116,113128336,,,92,0,100,10,100,0,87,645289772,,,61,35035,100,0,,,100,10,,,,,,,,,,,,,,,,,,,,,,,,,,,,,,,100,0,100,0,100,0,100,0,100,0,79,21,100,0,100,0,75,51735,21,21,,,,,100,0,100,0,200,0,,,,,,,,,,,,,,,,,,,,,,,,,,,100,34852,100,58768008584,100,116549651996,,,,,,,,,,
2019-02-07,Z302F1A5,ST4000DM000,4000787030016,0,119,222122240,,,92,0,100,10,100,0,87,645884249,,,60,35059,100,0,,,100,10,,,,,,,,,,,,,,,,,,,,,,,,,,,,,,,100,0,100,0,100,0,100,0,100,0,78,22,100,0,100,0,75,51735,22,22,,,,,100,0,100,0,200,0,,,,,,,,,,,,,,,,,,,,,,,,,,,100,34876,100,58792521768,100,116595050962,,,,,,,,,,
2019-02-08,Z302F1A5,ST4000DM000,4000787030016,0,119,234610792,,,92,0,100,10,100,0,87,646896812,,,60,35082,100,0,,,100,10,,,,,,,,,,,,,,,,,,,,,,,,,,,,,,,100,0,100,0,100,0,100,0,100,0,79,21,100,0,100,0,75,51737,21,21,,,,,100,0,100,0,200,0,,,,,,,,,,,,,,,,,,,,,,,,,,,100,34899,100,58808548928,100,116724122084,,,,,,,,,,
2019-02-09,Z302F1A5,ST4000DM000,4000787030016,0,110,25236168,,,92,0,100,10,100,0,87,647608236,,,60,35106,100,0,,,100,10,,,,,,,,,,,,,,,,,,,,,,,,,,,,,,,100,0,100,0,100,0,100,0,100,0,79,21,100,0,100,0,75,51737,21,21,,,,,100,0,100,0,200,0,,,,,,,,,,,,,,,,,,,,,,,,,,,100,34923,100,58828454800,100,116798798008,,,,,,,,,,
2019-02-10,Z302F1A5,ST4000DM000,4000787030016,0,119,204365840,,,92,0,100,10,100,0,87,649234153,,,60,35130,100,0,,,100,10,,,,,,,,,,,,,,,,,,,,,,,,,,,,,,,100,0,100,0,100,0,100,0,100,0,79,21,100,0,100,0,75,51737,21,21,,,,,100,0,100,0,200,0,,,,,,,,,,,,,,,,,,,,,,,,,,,100,34947,100,58851938968,100,116949886341,,,,,,,,,,
2019-02-11,Z302F1A5,ST4000DM000,4000787030016,0,117,135853576,,,92,0,100,10,100,0,87,650985106,,,60,35154,100,0,,,100,10,,,,,,,,,,,,,,,,,,,,,,,,,,,,,,,100,0,100,0,100,0,100,0,100,0,78,22,100,0,100,0,75,51737,22,22,,,,,100,0,100,0,200,0,,,,,,,,,,,,,,,,,,,,,,,,,,,100,34971,100,58868477320,100,117126075186,,,,,,,,,,
2019-02-12,Z302F1A5,ST4000DM000,4000787030016,0,118,176056632,,,92,0,100,10,100,0,87,652228286,,,60,35178,100,0,,,100,10,,,,,,,,,,,,,,,,,,,,,,,,,,,,,,,100,0,100,0,100,0,100,0,100,0,79,21,100,0,100,0,75,51737,21,21,,,,,100,0,100,0,200,0,,,,,,,,,,,,,,,,,,,,,,,,,,,100,34995,100,58888173192,100,117294525122,,,,,,,,,,
2019-02-13,Z302F1A5,ST4000DM000,4000787030016,0,119,203547440,,,92,0,100,10,100,0,87,654184655,,,60,35202,100,0,,,100,10,,,,,,,,,,,,,,,,,,,,,,,,,,,,,,,100,0,100,0,100,0,100,0,100,0,79,21,100,0,100,0,75,51737,21,21,,,,,100,0,100,0,200,0,,,,,,,,,,,,,,,,,,,,,,,,,,,100,35019,100,58905616208,100,117410220881,,,,,,,,,,
2019-02-14,Z302F1A5,ST4000DM000,4000787030016,0,111,30322056,,,92,0,100,10,100,0,87,655645342,,,60,35226,100,0,,,100,10,,,,,,,,,,,,,,,,,,,,,,,,,,,,,,,100,0,100,0,100,0,100,0,100,0,80,20,100,0,100,0,75,51737,20,20,,,,,100,0,100,0,200,0,,,,,,,,,,,,,,,,,,,,,,,,,,,100,35043,100,58915354472,100,117601864312,,,,,,,,,,
2019-02-15,Z302F1A5,ST4000DM000,4000787030016,0,117,148951856,,,92,0,100,10,100,0,87,657125797,,,60,35250,100,0,,,100,10,,,,,,,,,,,,,,,,,,,,,,,,,,,,,,,100,0,100,0,100,0,100,0,100,0,79,21,100,0,100,0,75,51737,21,21,,,,,100,0,100,0,200,0,,,,,,,,,,,,,,,,,,,,,,,,,,,100,35067,100,58932645168,100,117780932809,,,,,,,,,,
2019-02-16,Z302F1A5,ST4000DM000,4000787030016,0,102,4176784,,,92,0,100,10,100,0,87,658634730,,,60,35274,100,0,,,100,10,,,,,,,,,,,,,,,,,,,,,,,,,,,,,,,100,0,100,0,100,0,100,0,100,0,79,21,100,0,100,0,75,51737,21,21,,,,,100,0,100,0,200,0,,,,,,,,,,,,,,,,,,,,,,,,,,,100,35091,100,58952971248,100,117954018855,,,,,,,,,,
2019-02-17,Z302F1A5,ST4000DM000,4000787030016,0,119,215233288,,,92,0,100,10,100,0,87,661432176,,,60,35298,100,0,,,100,10,,,,,,,,,,,,,,,,,,,,,,,,,,,,,,,100,0,100,0,100,0,100,0,100,0,80,20,100,0,100,0,75,51737,20,20,,,,,100,0,100,0,200,0,,,,,,,,,,,,,,,,,,,,,,,,,,,100,35115,100,58971586408,100,118146003249,,,,,,,,,,
2019-02-18,Z302F1A5,ST4000DM000,4000787030016,0,110,26903720,,,92,0,100,10,100,0,87,663201790,,,60,35322,100,0,,,100,10,,,,,,,,,,,,,,,,,,,,,,,,,,,,,,,100,0,100,0,100,0,100,0,100,0,78,22,100,0,100,0,75,51737,22,22,,,,,100,0,100,0,200,0,,,,,,,,,,,,,,,,,,,,,,,,,,,100,35139,100,58984749168,100,118329168929,,,,,,,,,,
2019-02-19,Z302F1A5,ST4000DM000,4000787030016,0,119,222511592,,,92,0,100,10,100,0,87,665732888,,,60,35346,100,0,,,100,10,,,,,,,,,,,,,,,,,,,,,,,,,,,,,,,100,0,100,0,100,0,100,0,100,0,79,21,100,0,100,0,75,51737,21,21,,,,,100,0,100,0,200,0,,,,,,,,,,,,,,,,,,,,,,,,,,,100,35163,100,59005213712,100,118485817571,,,,,,,,,,
2019-02-20,Z302F1A5,ST4000DM000,4000787030016,0,118,198473056,,,92,0,100,10,100,0,87,667452012,,,60,35370,100,0,,,100,10,,,,,,,,,,,,,,,,,,,,,,,,,,,,,,,100,0,100,0,100,0,100,0,100,0,78,22,100,0,100,0,75,51737,22,22,,,,,100,0,100,0,200,0,,,,,,,,,,,,,,,,,,,,,,,,,,,100,35187,100,59022944128,100,118554407708,,,,,,,,,,
2019-02-21,Z302F1A5,ST4000DM000,4000787030016,0,118,179588976,,,92,0,100,10,100,0,87,668321347,,,60,35394,100,0,,,100,10,,,,,,,,,,,,,,,,,,,,,,,,,,,,,,,100,0,100,0,100,0,100,0,100,0,78,22,100,0,100,0,75,51737,22,22,,,,,100,0,100,0,200,0,,,,,,,,,,,,,,,,,,,,,,,,,,,100,35210,100,59040468984,100,118655898636,,,,,,,,,,
2019-02-22,Z302F1A5,ST4000DM000,4000787030016,0,115,86811776,,,92,0,100,10,100,0,87,669439219,,,60,35418,100,0,,,100,10,,,,,,,,,,,,,,,,,,,,,,,,,,,,,,,100,0,100,0,100,0,100,0,100,0,79,21,100,0,100,0,75,51738,21,21,,,,,100,0,100,0,200,0,,,,,,,,,,,,,,,,,,,,,,,,,,,100,35234,100,59054206512,100,118795022287,,,,,,,,,,
2019-02-23,Z302F1A5,ST4000DM000,4000787030016,0,111,31236072,,,92,0,100,10,100,0,87,670388637,,,60,35441,100,0,,,100,10,,,,,,,,,,,,,,,,,,,,,,,,,,,,,,,100,0,100,0,100,0,100,0,100,0,78,22,100,0,100,0,75,51738,22,22,,,,,100,0,100,0,200,0,,,,,,,,,,,,,,,,,,,,,,,,,,,100,35258,100,59061698144,100,118914562077,,,,,,,,,,
2019-02-24,Z302F1A5,ST4000DM000,4000787030016,0,117,144041856,,,92,0,100,10,100,0,88,672555207,,,60,35465,100,0,,,100,10,,,,,,,,,,,,,,,,,,,,,,,,,,,,,,,100,0,100,0,100,0,100,0,100,0,79,21,100,0,100,0,75,51738,21,21,,,,,100,0,100,0,200,0,,,,,,,,,,,,,,,,,,,,,,,,,,,100,35282,100,59077678296,100,119042998263,,,,,,,,,,
2019-02-25,Z302F1A5,ST4000DM000,4000787030016,0,115,95754776,,,92,0,100,10,100,0,88,673823655,,,60,35489,100,0,,,100,10,,,,,,,,,,,,,,,,,,,,,,,,,,,,,,,100,0,100,0,100,0,100,0,100,0,80,20,100,0,100,0,75,51738,20,20,,,,,100,0,100,0,200,0,,,,,,,,,,,,,,,,,,,,,,,,,,,100,35306,100,59086953168,100,119179487167,,,,,,,,,,
2019-02-26,Z302F1A5,ST4000DM000,4000787030016,0,118,184310032,,,92,0,100,10,100,0,88,675130270,,,60,35513,100,0,,,100,10,,,,,,,,,,,,,,,,,,,,,,,,,,,,,,,100,0,100,0,100,0,100,0,100,0,79,21,100,0,100,0,75,51738,21,21,,,,,100,0,100,0,200,0,,,,,,,,,,,,,,,,,,,,,,,,,,,100,35330,100,59100083568,100,119327810646,,,,,,,,,,
2019-02-27,Z302F1A5,ST4000DM000,4000787030016,0,115,94377776,,,92,0,100,10,100,0,88,676962476,,,60,35537,100,0,,,100,10,,,,,,,,,,,,,,,,,,,,,,,,,,,,,,,100,0,100,0,100,0,100,0,100,0,79,21,100,0,100,0,75,51738,21,21,,,,,100,0,100,0,200,0,,,,,,,,,,,,,,,,,,,,,,,,,,,100,35354,100,59122676496,100,119400083005,,,,,,,,,,
2019-02-28,Z302F1A5,ST4000DM000,4000787030016,0,112,43206032,,,92,0,100,10,100,0,88,677984356,,,60,35561,100,0,,,100,10,,,,,,,,,,,,,,,,,,,,,,,,,,,,,,,100,0,100,0,100,0,100,0,100,0,80,20,100,0,100,0,75,51738,20,20,,,,,100,0,100,0,200,0,,,,,,,,,,,,,,,,,,,,,,,,,,,100,35378,100,59132456336,100,119504638555,,,,,,,,,,
2019-03-01,Z302F1A5,ST4000DM000,4000787030016,0,114,66834392,,,92,0,100,10,100,0,88,678631146,,,60,35585,100,0,,,100,10,,,,,,,,,,,,,,,,,,,,,,,,,,,,,,,100,0,100,0,100,0,100,0,100,0,79,21,100,0,100,0,75,51740,21,21,,,,,100,0,100,0,200,0,,,,,,,,,,,,,,,,,,,,,,,,,,,100,35402,100,59143284984,100,119573972074,,,,,,,,,,
2019-03-02,Z302F1A5,ST4000DM000,4000787030016,0,117,153558720,,,92,0,100,10,100,0,88,679516629,,,60,35609,100,0,,,100,10,,,,,,,,,,,,,,,,,,,,,,,,,,,,,,,100,0,100,0,100,0,100,0,100,0,80,20,100,0,100,0,75,51740,20,20,,,,,100,0,100,0,200,0,,,,,,,,,,,,,,,,,,,,,,,,,,,100,35426,100,59154619536,100,119673980245,,,,,,,,,,
2019-03-03,Z302F1A5,ST4000DM000,4000787030016,0,118,192665936,,,92,0,100,10,100,0,88,681872572,,,60,35633,100,0,,,100,10,,,,,,,,,,,,,,,,,,,,,,,,,,,,,,,100,0,100,0,100,0,100,0,100,0,79,21,100,0,100,0,75,51740,21,21,,,,,100,0,100,0,200,0,,,,,,,,,,,,,,,,,,,,,,,,,,,100,35450,100,59169330248,100,119825868619,,,,,,,,,,
2019-03-04,Z302F1A5,ST4000DM000,4000787030016,0,119,211238840,,,92,0,100,10,100,0,88,683037563,,,60,35657,100,0,,,100,10,,,,,,,,,,,,,,,,,,,,,,,,,,,,,,,100,0,100,0,100,0,100,0,100,0,79,21,100,0,100,0,75,51740,21,21,,,,,100,0,100,0,200,0,,,,,,,,,,,,,,,,,,,,,,,,,,,100,35474,100,59180125928,100,119944874872,,,,,,,,,,
2019-03-05,Z302F1A5,ST4000DM000,4000787030016,0,119,210273320,,,92,0,100,10,100,0,88,684047109,,,60,35681,100,0,,,100,10,,,,,,,,,,,,,,,,,,,,,,,,,,,,,,,100,0,100,0,100,0,100,0,100,0,80,20,100,0,100,0,75,51740,20,20,,,,,100,0,100,0,200,0,,,,,,,,,,,,,,,,,,,,,,,,,,,100,35497,100,59189465016,100,120058935506,,,,,,,,,,
2019-03-06,Z302F1A5,ST4000DM000,4000787030016,0,107,12904928,,,92,0,100,10,100,0,88,687101135,,,60,35704,100,0,,,100,10,,,,,,,,,,,,,,,,,,,,,,,,,,,,,,,100,0,100,0,100,0,100,0,100,0,80,20,100,0,100,0,75,51740,20,20,,,,,100,0,100,0,200,0,,,,,,,,,,,,,,,,,,,,,,,,,,,100,35521,100,59209838768,100,120130368924,,,,,,,,,,
2019-03-07,Z302F1A5,ST4000DM000,4000787030016,0,111,33675232,,,92,0,100,10,100,0,88,687864717,,,60,35728,100,0,,,100,10,,,,,,,,,,,,,,,,,,,,,,,,,,,,,,,100,0,100,0,100,0,100,0,100,0,80,20,100,0,100,0,75,51740,20,20,,,,,100,0,100,0,200,0,,,,,,,,,,,,,,,,,,,,,,,,,,,100,35545,100,59221595288,100,120204972305,,,,,,,,,,
2019-03-08,Z302F1A5,ST4000DM000,4000787030016,0,105,9526016,,,92,0,100,10,100,0,88,688957754,,,60,35752,100,0,,,100,10,,,,,,,,,,,,,,,,,,,,,,,,,,,,,,,100,0,100,0,100,0,100,0,100,0,79,21,100,0,100,0,75,51740,21,21,,,,,100,0,100,0,200,0,,,,,,,,,,,,,,,,,,,,,,,,,,,100,35569,100,59234439328,100,120317131743,,,,,,,,,,
2019-03-09,Z302F1A5,ST4000DM000,4000787030016,0,117,121140480,,,92,0,100,10,100,0,88,690157587,,,60,35776,100,0,,,100,10,,,,,,,,,,,,,,,,,,,,,,,,,,,,,,,100,0,100,0,100,0,100,0,100,0,80,20,100,0,100,0,75,51740,20,20,,,,,100,0,100,0,200,0,,,,,,,,,,,,,,,,,,,,,,,,,,,100,35593,100,59248756008,100,120443950754,,,,,,,,,,
2019-03-10,Z302F1A5,ST4000DM000,4000787030016,0,111,39998688,,,92,0,100,10,100,0,88,692582544,,,60,35800,100,0,,,100,10,,,,,,,,,,,,,,,,,,,,,,,,,,,,,,,100,0,100,0,100,0,100,0,100,0,80,20,100,0,100,0,75,51740,20,20,,,,,100,0,100,0,200,0,,,,,,,,,,,,,,,,,,,,,,,,,,,100,35617,100,59264536768,100,120614061132,,,,,,,,,,
2019-03-11,Z302F1A5,ST4000DM000,4000787030016,0,117,146589640,,,92,0,100,10,100,0,88,693968773,,,60,35824,100,0,,,100,10,,,,,,,,,,,,,,,,,,,,,,,,,,,,,,,100,0,100,0,100,0,100,0,100,0,80,20,100,0,100,0,75,51740,20,20,,,,,100,0,100,0,200,0,,,,,,,,,,,,,,,,,,,,,,,,,,,100,35641,100,59285019672,100,120736167146,,,,,,,,,,
2019-03-12,Z302F1A5,ST4000DM000,4000787030016,0,119,223957488,,,92,0,100,10,100,0,88,694758175,,,60,35848,100,0,,,100,10,,,,,,,,,,,,,,,,,,,,,,,,,,,,,,,100,0,100,0,100,0,100,0,100,0,80,20,100,0,100,0,75,51740,20,20,,,,,100,0,100,0,200,0,,,,,,,,,,,,,,,,,,,,,,,,,,,100,35665,100,59300971992,100,120803127236,,,,,,,,,,
2019-03-13,Z302F1A5,ST4000DM000,4000787030016,0,110,28843880,,,92,0,100,10,100,0,88,696704377,,,60,35872,100,0,,,100,10,,,,,,,,,,,,,,,,,,,,,,,,,,,,,,,100,0,100,0,100,0,100,0,100,0,80,20,100,0,100,0,75,51740,20,20,,,,,100,0,100,0,200,0,,,,,,,,,,,,,,,,,,,,,,,,,,,100,35688,100,59329213520,100,120878110597,,,,,,,,,,
2019-03-14,Z302F1A5,ST4000DM000,4000787030016,0,119,219606368,,,92,0,100,10,100,0,88,697779583,,,60,35895,100,0,,,100,10,,,,,,,,,,,,,,,,,,,,,,,,,,,,,,,100,0,100,0,100,0,100,0,100,0,79,21,100,0,100,0,75,51742,21,21,,,,,100,0,100,0,200,0,,,,,,,,,,,,,,,,,,,,,,,,,,,100,35712,100,59350240184,100,121013804749,,,,,,,,,,
2019-03-15,Z302F1A5,ST4000DM000,4000787030016,0,119,217000296,,,92,0,100,10,100,0,88,698869401,,,59,35919,100,0,,,100,10,,,,,,,,,,,,,,,,,,,,,,,,,,,,,,,100,0,100,0,100,0,100,0,100,0,80,20,100,0,100,0,75,51742,20,20,,,,,100,0,100,0,200,0,,,,,,,,,,,,,,,,,,,,,,,,,,,100,35736,100,59365140584,100,121125084862,,,,,,,,,,
2019-03-16,Z302F1A5,ST4000DM000,4000787030016,0,101,3493456,,,92,0,100,10,100,0,88,699746824,,,59,35943,100,0,,,100,10,,,,,,,,,,,,,,,,,,,,,,,,,,,,,,,100,0,100,0,100,0,100,0,100,0,81,19,100,0,100,0,75,51742,19,19,,,,,100,0,100,0,200,0,,,,,,,,,,,,,,,,,,,,,,,,,,,100,35760,100,59391803840,100,121200355475,,,,,,,,,,
2019-03-17,Z302F1A5,ST4000DM000,4000787030016,0,105,9896864,,,92,0,100,10,100,0,88,702051022,,,59,35967,100,0,,,100,10,,,,,,,,,,,,,,,,,,,,,,,,,,,,,,,100,0,100,0,100,0,100,0,100,0,81,19,100,0,100,0,75,51742,19,19,,,,,100,0,100,0,200,0,,,,,,,,,,,,,,,,,,,,,,,,,,,100,35784,100,59419013568,100,121327304671,,,,,,,,,,
2019-03-18,Z302F1A5,ST4000DM000,4000787030016,0,116,113445992,,,92,0,100,10,100,0,88,703268347,,,59,35991,100,0,,,100,10,,,,,,,,,,,,,,,,,,,,,,,,,,,,,,,100,0,100,0,100,0,100,0,100,0,80,20,100,0,100,0,75,51742,20,20,,,,,100,0,100,0,200,0,,,,,,,,,,,,,,,,,,,,,,,,,,,100,35808,100,59436777048,100,121404881540,,,,,,,,,,
2019-03-19,Z302F1A5,ST4000DM000,4000787030016,0,119,215349112,,,92,0,100,10,100,0,88,706460994,,,59,36027,100,0,,,100,10,,,,,,,,,,,,,,,,,,,,,,,,,,,,,,,100,0,100,0,100,0,100,0,100,0,80,20,100,0,100,0,75,51742,20,20,,,,,100,0,100,0,200,0,,,,,,,,,,,,,,,,,,,,,,,,,,,100,35844,100,59465087400,100,121540926347,,,,,,,,,,
2019-03-20,Z302F1A5,ST4000DM000,4000787030016,0,119,433672,,,92,0,100,10,100,0,88,708378483,,,59,36051,100,0,,,100,10,,,,,,,,,,,,,,,,,,,,,,,,,,,,,,,100,0,100,0,100,0,100,0,100,0,80,20,100,0,100,0,75,51742,20,20,,,,,100,0,100,0,200,0,,,,,,,,,,,,,,,,,,,,,,,,,,,100,35868,100,59483467392,100,121644941872,,,,,,,,,,
2019-03-21,Z302F1A5,ST4000DM000,4000787030016,0,117,149872544,,,92,0,100,10,100,0,88,709178853,,,59,36075,100,0,,,100,10,,,,,,,,,,,,,,,,,,,,,,,,,,,,,,,100,0,100,0,100,0,100,0,100,0,79,21,100,0,100,0,75,51742,21,21,,,,,100,0,100,0,200,0,,,,,,,,,,,,,,,,,,,,,,,,,,,100,35892,100,59503475728,100,121756426757,,,,,,,,,,
2019-03-22,Z302F1A5,ST4000DM000,4000787030016,0,117,163684600,,,92,0,100,10,100,0,88,709825459,,,59,36099,100,0,,,100,10,,,,,,,,,,,,,,,,,,,,,,,,,,,,,,,100,0,100,0,100,0,100,0,100,0,79,21,100,0,100,0,75,51742,21,21,,,,,100,0,100,0,200,0,,,,,,,,,,,,,,,,,,,,,,,,,,,100,35916,100,59517997120,100,121837566694,,,,,,,,,,
2019-03-23,Z302F1A5,ST4000DM000,4000787030016,0,114,68276528,,,92,0,100,10,100,0,88,710710380,,,59,36123,100,0,,,100,10,,,,,,,,,,,,,,,,,,,,,,,,,,,,,,,100,0,100,0,100,0,100,0,100,0,79,21,100,0,100,0,75,51742,21,21,,,,,100,0,100,0,200,0,,,,,,,,,,,,,,,,,,,,,,,,,,,100,35940,100,59533973064,100,121956110400,,,,,,,,,,
2019-03-24,Z302F1A5,ST4000DM000,4000787030016,0,116,111906616,,,92,0,100,10,100,0,88,712762234,,,59,36147,100,0,,,100,10,,,,,,,,,,,,,,,,,,,,,,,,,,,,,,,100,0,100,0,100,0,100,0,100,0,80,20,100,0,100,0,75,51742,20,20,,,,,100,0,100,0,200,0,,,,,,,,,,,,,,,,,,,,,,,,,,,100,35964,100,59556375560,100,122081560959,,,,,,,,,,
2019-03-25,Z302F1A5,ST4000DM000,4000787030016,0,117,154740392,,,92,0,100,10,100,0,88,713293207,,,59,36171,100,0,,,100,10,,,,,,,,,,,,,,,,,,,,,,,,,,,,,,,100,0,100,0,100,0,100,0,100,0,79,21,100,0,100,0,75,51742,21,21,,,,,100,0,100,0,200,0,,,,,,,,,,,,,,,,,,,,,,,,,,,100,35987,100,59574628784,100,122189012102,,,,,,,,,,
2019-03-26,Z302F1A5,ST4000DM000,4000787030016,0,117,143792552,,,92,0,100,10,100,0,88,715088344,,,59,36195,100,0,,,100,10,,,,,,,,,,,,,,,,,,,,,,,,,,,,,,,100,0,100,0,100,0,100,0,100,0,80,20,100,0,100,0,75,51742,20,20,,,,,100,0,100,0,200,0,,,,,,,,,,,,,,,,,,,,,,,,,,,100,36011,100,59601348784,100,122294062717,,,,,,,,,,
2019-03-27,Z302F1A5,ST4000DM000,4000787030016,0,112,43407032,,,92,0,100,10,100,0,88,715708155,,,59,36218,100,0,,,100,10,,,,,,,,,,,,,,,,,,,,,,,,,,,,,,,100,0,100,0,100,0,100,0,100,0,80,20,100,0,100,0,75,51742,20,20,,,,,100,0,100,0,200,0,,,,,,,,,,,,,,,,,,,,,,,,,,,100,36035,100,59622031728,100,122370135618,,,,,,,,,,
2019-03-28,Z302F1A5,ST4000DM000,4000787030016,0,117,127902504,,,92,0,100,10,100,0,88,716068944,,,59,36230,100,0,,,100,10,,,,,,,,,,,,,,,,,,,,,,,,,,,,,,,100,0,100,0,100,0,100,0,100,0,80,20,100,0,100,0,75,51742,20,20,,,,,100,0,100,0,200,0,,,,,,,,,,,,,,,,,,,,,,,,,,,100,36047,100,59638559640,100,122425397664,,,,,,,,,,
2019-03-29,Z302F1A5,ST4000DM000,4000787030016,0,100,2640296,,,92,0,100,10,100,0,88,717151156,,,59,36254,100,0,,,100,10,,,,,,,,,,,,,,,,,,,,,,,,,,,,,,,100,0,100,0,100,0,100,0,100,0,80,20,100,0,100,0,75,51744,20,20,,,,,100,0,100,0,200,0,,,,,,,,,,,,,,,,,,,,,,,,,,,100,36071,100,59658513688,100,122568775866,,,,,,,,,,
2019-03-30,Z302F1A5,ST4000DM000,4000787030016,0,114,66218016,,,92,0,100,10,100,0,88,717994153,,,59,36278,100,0,,,100,10,,,,,,,,,,,,,,,,,,,,,,,,,,,,,,,100,0,100,0,100,0,100,0,100,0,80,20,100,0,100,0,75,51744,20,20,,,,,100,0,100,0,200,0,,,,,,,,,,,,,,,,,,,,,,,,,,,100,36095,100,59679785416,100,122709912266,,,,,,,,,,
2019-03-31,Z302F1A5,ST4000DM000,4000787030016,0,119,209705288,,,92,0,100,10,100,0,88,719699918,,,59,36302,100,0,,,100,10,,,,,,,,,,,,,,,,,,,,,,,,,,,,,,,100,0,100,0,100,0,100,0,100,0,80,20,100,0,100,0,75,51746,20,20,,,,,100,0,100,0,200,0,,,,,,,,,,,,,,,,,,,,,,,,,,,100,36119,100,59704584304,100,122823986445,,,,,,,,,,
2019-04-01,Z302F1A5,ST4000DM000,4000787030016,0,111,31994072,,,92,0,100,10,100,0,88,720378789,,,59,36326,100,0,,,100,10,,,,,,,,,,,,,,,,,,,,,,,,,,,,,,,100,0,100,0,100,0,100,0,100,0,80,20,100,0,100,0,75,51746,20,20,,,,,100,0,100,0,200,0,,,,,,,,,,,,,,,,,,,,,,,,,,,100,36143,100,59724507824,100,122892008104,,,,,,,,,,
2019-04-02,Z302F1A5,ST4000DM000,4000787030016,0,108,20372888,,,92,0,100,10,100,0,88,720850722,,,59,36350,100,0,,,100,10,,,,,,,,,,,,,,,,,,,,,,,,,,,,,,,100,0,100,0,100,0,100,0,100,0,80,20,100,0,100,0,75,51746,20,20,,,,,100,0,100,0,200,0,,,,,,,,,,,,,,,,,,,,,,,,,,,100,36166,100,59752967424,100,122935567211,,,,,,,,,,
2019-04-03,Z302F1A5,ST4000DM000,4000787030016,0,119,202400624,,,92,0,100,10,100,0,88,722644276,,,59,36373,100,0,,,100,10,,,,,,,,,,,,,,,,,,,,,,,,,,,,,,,100,0,100,0,100,0,100,0,100,0,80,20,100,0,100,0,75,51746,20,20,,,,,100,0,100,0,200,0,,,,,,,,,,,,,,,,,,,,,,,,,,,100,36190,100,59783089816,100,123012553426,,,,,,,,,,
2019-04-04,Z302F1A5,ST4000DM000,4000787030016,0,118,187862992,,,92,0,100,10,100,0,88,723027147,,,59,36397,100,0,,,100,10,,,,,,,,,,,,,,,,,,,,,,,,,,,,,,,100,0,100,0,100,0,100,0,100,0,80,20,100,0,100,0,75,51747,20,20,,,,,100,0,100,0,200,0,,,,,,,,,,,,,,,,,,,,,,,,,,,100,36214,100,59795913088,100,123094659986,,,,,,,,,,
2019-04-05,Z302F1A5,ST4000DM000,4000787030016,0,119,207046632,,,92,0,100,10,100,0,88,724013470,,,59,36421,100,0,,,100,10,,,,,,,,,,,,,,,,,,,,,,,,,,,,,,,100,0,100,0,100,0,100,0,100,0,80,20,100,0,100,0,75,51749,20,20,,,,,100,0,100,0,200,0,,,,,,,,,,,,,,,,,,,,,,,,,,,100,36238,100,59820058080,100,123242659256,,,,,,,,,,
2019-04-06,Z302F1A5,ST4000DM000,4000787030016,0,119,201931632,,,92,0,100,10,100,0,88,726676415,,,59,36445,100,0,,,100,10,,,,,,,,,,,,,,,,,,,,,,,,,,,,,,,100,0,100,0,100,0,100,0,100,0,80,20,100,0,100,0,75,51749,20,20,,,,,100,0,100,0,200,0,,,,,,,,,,,,,,,,,,,,,,,,,,,100,36262,100,59847373248,100,123350253257,,,,,,,,,,
2019-04-07,Z302F1A5,ST4000DM000,4000787030016,0,112,44172232,,,92,0,100,10,100,0,88,727904948,,,59,36469,100,0,,,100,10,,,,,,,,,,,,,,,,,,,,,,,,,,,,,,,100,0,100,0,100,0,100,0,100,0,79,21,100,0,100,0,75,51749,21,21,,,,,100,0,100,0,200,0,,,,,,,,,,,,,,,,,,,,,,,,,,,100,36286,100,59859724816,100,123417268434,,,,,,,,,,
2019-04-08,Z302F1A5,ST4000DM000,4000787030016,0,117,141491416,,,92,0,100,10,100,0,88,729210102,,,59,36493,100,0,,,100,10,,,,,,,,,,,,,,,,,,,,,,,,,,,,,,,100,0,100,0,100,0,100,0,100,0,80,20,100,0,100,0,75,51749,20,20,,,,,100,0,100,0,200,0,,,,,,,,,,,,,,,,,,,,,,,,,,,100,36310,100,59871438096,100,123513298502,,,,,,,,,,
2019-04-09,Z302F1A5,ST4000DM000,4000787030016,0,120,243137864,,,92,0,100,10,100,0,88,729988333,,,59,36517,100,0,,,100,10,,,,,,,,,,,,,,,,,,,,,,,,,,,,,,,100,0,100,0,100,0,100,0,100,0,80,20,100,0,100,0,75,51749,20,20,,,,,100,0,100,0,200,0,,,,,,,,,,,,,,,,,,,,,,,,,,,100,36334,100,59883897752,100,123617710615,,,,,,,,,,
2019-04-10,Z302F1A5,ST4000DM000,4000787030016,0,120,242081440,,,92,0,100,10,100,0,88,731878964,,,59,36541,100,0,,,100,10,,,,,,,,,,,,,,,,,,,,,,,,,,,,,,,100,0,100,0,100,0,100,0,100,0,80,20,100,0,100,0,75,51752,20,20,,,,,100,0,100,0,200,0,,,,,,,,,,,,,,,,,,,,,,,,,,,100,36358,100,59897765776,100,123712799890,,,,,,,,,,
2019-04-11,Z302F1A5,ST4000DM000,4000787030016,0,118,168541224,,,92,0,100,10,100,0,88,732998482,,,59,36565,100,0,,,100,10,,,,,,,,,,,,,,,,,,,,,,,,,,,,,,,100,0,100,0,100,0,100,0,100,0,80,20,100,0,100,0,75,51752,20,20,,,,,100,0,100,0,200,0,,,,,,,,,,,,,,,,,,,,,,,,,,,100,36382,100,59908643608,100,123887199275,,,,,,,,,,
2019-04-12,Z302F1A5,ST4000DM000,4000787030016,0,118,179847872,,,92,0,100,10,100,0,88,734143572,,,59,36589,100,0,,,100,10,,,,,,,,,,,,,,,,,,,,,,,,,,,,,,,100,0,100,0,100,0,100,0,100,0,80,20,100,0,100,0,75,51752,20,20,,,,,100,0,100,0,200,0,,,,,,,,,,,,,,,,,,,,,,,,,,,100,36406,100,59919786656,100,124049221087,,,,,,,,,,
2019-04-13,Z302F1A5,ST4000DM000,4000787030016,0,114,65579888,,,92,0,100,10,100,0,88,735426205,,,59,36613,100,0,,,100,10,,,,,,,,,,,,,,,,,,,,,,,,,,,,,,,100,0,100,0,100,0,100,0,100,0,80,20,100,0,100,0,75,51752,20,20,,,,,100,0,100,0,200,0,,,,,,,,,,,,,,,,,,,,,,,,,,,100,36430,100,59930990328,100,124228892613,,,,,,,,,,
2019-04-14,Z302F1A5,ST4000DM000,4000787030016,0,119,208950112,,,92,0,100,10,100,0,88,737972092,,,59,36637,100,0,,,100,10,,,,,,,,,,,,,,,,,,,,,,,,,,,,,,,100,0,100,0,100,0,100,0,100,0,80,20,100,0,100,0,75,51752,20,20,,,,,100,0,100,0,200,0,,,,,,,,,,,,,,,,,,,,,,,,,,,100,36454,100,59946078384,100,124442759963,,,,,,,,,,
2019-04-15,Z302F1A5,ST4000DM000,4000787030016,0,119,220776008,,,92,0,100,10,100,0,88,739599672,,,59,36661,100,0,,,100,10,,,,,,,,,,,,,,,,,,,,,,,,,,,,,,,100,0,100,0,100,0,100,0,100,0,80,20,100,0,100,0,75,51752,20,20,,,,,100,0,100,0,200,0,,,,,,,,,,,,,,,,,,,,,,,,,,,100,36478,100,59959227312,100,124618978393,,,,,,,,,,
2019-04-16,Z302F1A5,ST4000DM000,4000787030016,0,109,22076712,,,92,0,100,10,100,0,88,741262442,,,59,36685,100,0,,,100,10,,,,,,,,,,,,,,,,,,,,,,,,,,,,,,,100,0,100,0,100,0,100,0,100,0,80,20,100,0,100,0,75,51752,20,20,,,,,100,0,100,0,200,0,,,,,,,,,,,,,,,,,,,,,,,,,,,100,36502,100,59967817080,100,124795635009,,,,,,,,,,
2019-04-17,Z302F1A5,ST4000DM000,4000787030016,0,104,6934992,,,92,0,100,10,100,0,88,743487595,,,59,36709,100,0,,,100,10,,,,,,,,,,,,,,,,,,,,,,,,,,,,,,,100,0,100,0,100,0,100,0,100,0,79,21,100,0,100,0,75,51753,21,21,,,,,100,0,100,0,200,0,,,,,,,,,,,,,,,,,,,,,,,,,,,100,36526,100,59986403096,100,124924783174,,,,,,,,,,
2019-04-18,Z302F1A5,ST4000DM000,4000787030016,0,119,216327304,,,92,0,100,10,100,0,88,744824486,,,59,36733,100,0,,,100,10,,,,,,,,,,,,,,,,,,,,,,,,,,,,,,,100,0,100,0,100,0,100,0,100,0,80,20,100,0,100,0,75,51753,20,20,,,,,100,0,100,0,200,0,,,,,,,,,,,,,,,,,,,,,,,,,,,100,36550,100,60000567488,100,125079079596,,,,,,,,,,
2019-04-19,Z302F1A5,ST4000DM000,4000787030016,0,115,98178328,,,92,0,100,10,100,0,88,745909493,,,59,36757,100,0,,,100,10,,,,,,,,,,,,,,,,,,,,,,,,,,,,,,,100,0,100,0,100,0,100,0,100,0,80,20,100,0,100,0,75,51753,20,20,,,,,100,0,100,0,200,0,,,,,,,,,,,,,,,,,,,,,,,,,,,100,36574,100,60008678944,100,125225958714,,,,,,,,,,
2019-04-20,Z302F1A5,ST4000DM000,4000787030016,0,105,9554264,,,92,0,100,10,100,0,88,746890961,,,59,36781,100,0,,,100,10,,,,,,,,,,,,,,,,,,,,,,,,,,,,,,,100,0,100,0,100,0,100,0,100,0,80,20,100,0,100,0,75,51753,20,20,,,,,100,0,100,0,200,0,,,,,,,,,,,,,,,,,,,,,,,,,,,100,36598,100,60020062072,100,125343387046,,,,,,,,,,
2019-04-21,Z302F1A5,ST4000DM000,4000787030016,0,109,21518264,,,92,0,100,10,100,0,88,748726202,,,58,36805,100,0,,,100,10,,,,,,,,,,,,,,,,,,,,,,,,,,,,,,,100,0,100,0,100,0,100,0,100,0,80,20,100,0,100,0,75,51753,20,20,,,,,100,0,100,0,200,0,,,,,,,,,,,,,,,,,,,,,,,,,,,100,36622,100,60034280984,100,125472119603,,,,,,,,,,
2019-04-22,Z302F1A5,ST4000DM000,4000787030016,0,115,90423608,,,92,0,100,10,100,0,88,750118980,,,58,36829,100,0,,,100,10,,,,,,,,,,,,,,,,,,,,,,,,,,,,,,,100,0,100,0,100,0,100,0,100,0,80,20,100,0,100,0,75,51753,20,20,,,,,100,0,100,0,200,0,,,,,,,,,,,,,,,,,,,,,,,,,,,100,36646,100,60045326728,100,125585035474,,,,,,,,,,
2019-04-23,Z302F1A5,ST4000DM000,4000787030016,0,117,126387320,,,92,0,100,10,100,0,88,751322518,,,58,36853,100,0,,,100,10,,,,,,,,,,,,,,,,,,,,,,,,,,,,,,,100,0,100,0,100,0,100,0,100,0,81,19,100,0,100,0,75,51753,19,19,,,,,100,0,100,0,200,0,,,,,,,,,,,,,,,,,,,,,,,,,,,100,36670,100,60057397240,100,125719905447,,,,,,,,,,
2019-04-24,Z302F1A5,ST4000DM000,4000787030016,0,115,100164240,,,92,0,100,10,100,0,88,755595481,,,58,36889,100,0,,,100,10,,,,,,,,,,,,,,,,,,,,,,,,,,,,,,,100,0,100,0,100,0,100,0,100,0,81,19,100,0,100,0,75,51756,19,19,,,,,100,0,100,0,200,0,,,,,,,,,,,,,,,,,,,,,,,,,,,100,36706,100,60078387144,100,125895583193,,,,,,,,,,
2019-04-25,Z302F1A5,ST4000DM000,4000787030016,0,115,89380456,,,92,0,100,10,100,0,88,756370890,,,58,36913,100,0,,,100,10,,,,,,,,,,,,,,,,,,,,,,,,,,,,,,,100,0,100,0,100,0,100,0,100,0,81,19,100,0,100,0,75,51756,19,19,,,,,100,0,100,0,200,0,,,,,,,,,,,,,,,,,,,,,,,,,,,100,36730,100,60091366672,100,125984299187,,,,,,,,,,
2019-04-26,Z302F1A5,ST4000DM000,4000787030016,0,115,84482216,,,92,0,100,10,100,0,88,757392123,,,58,36937,100,0,,,100,10,,,,,,,,,,,,,,,,,,,,,,,,,,,,,,,100,0,100,0,100,0,100,0,100,0,81,19,100,0,100,0,75,51756,19,19,,,,,100,0,100,0,200,0,,,,,,,,,,,,,,,,,,,,,,,,,,,100,36754,100,60101507024,100,126088086925,,,,,,,,,,
2019-04-27,Z302F1A5,ST4000DM000,4000787030016,0,117,150015320,,,92,0,100,10,100,0,88,758224861,,,58,36961,100,0,,,100,10,,,,,,,,,,,,,,,,,,,,,,,,,,,,,,,100,0,100,0,100,0,100,0,100,0,81,19,100,0,100,0,75,51757,19,19,,,,,100,0,100,0,200,0,,,,,,,,,,,,,,,,,,,,,,,,,,,100,36778,100,60113253360,100,126183397461,,,,,,,,,,
2019-04-28,Z302F1A5,ST4000DM000,4000787030016,0,118,191142072,,,92,0,100,10,100,0,88,760765829,,,58,36984,100,0,,,100,10,,,,,,,,,,,,,,,,,,,,,,,,,,,,,,,100,0,100,0,100,0,100,0,100,0,81,19,100,0,100,0,75,51757,19,19,,,,,100,0,100,0,200,0,,,,,,,,,,,,,,,,,,,,,,,,,,,100,36801,100,60128019824,100,126340043205,,,,,,,,,,
2019-04-29,Z302F1A5,ST4000DM000,4000787030016,0,113,55010336,,,92,0,100,10,100,0,88,761774665,,,58,37008,100,0,,,100,10,,,,,,,,,,,,,,,,,,,,,,,,,,,,,,,100,0,100,0,100,0,100,0,100,0,80,20,100,0,100,0,75,51757,20,20,,,,,100,0,100,0,200,0,,,,,,,,,,,,,,,,,,,,,,,,,,,100,36825,100,60136436296,100,126447429904,,,,,,,,,,
2019-04-30,Z302F1A5,ST4000DM000,4000787030016,0,117,118984936,,,92,0,100,10,100,0,88,762817800,,,58,37032,100,0,,,100,10,,,,,,,,,,,,,,,,,,,,,,,,,,,,,,,100,0,100,0,100,0,100,0,100,0,81,19,100,0,100,0,75,51759,19,19,,,,,100,0,100,0,200,0,,,,,,,,,,,,,,,,,,,,,,,,,,,100,36849,100,60151414944,100,126539032465,,,,,,,,,,
2019-05-01,Z302F1A5,ST4000DM000,4000787030016,0,118,180771048,,,92,0,100,10,100,0,88,763996258,,,58,37044,100,0,,,100,10,,,,,,,,,,,,,,,,,,,,,,,,,,,,,,,100,0,100,0,100,0,100,0,100,0,79,21,100,0,100,0,75,51764,21,21,,,,,100,0,100,0,200,0,,,,,,,,,,,,,,,,,,,,,,,,,,,100,36861,100,60160791280,100,126565230833,,,,,,,,,,
2019-05-02,Z302F1A5,ST4000DM000,4000787030016,0,117,145274336,,,92,0,100,10,100,0,88,765138100,,,58,37067,100,0,,,100,10,,,,,,,,,,,,,,,,,,,,,,,,,,,,,,,100,0,100,0,100,0,100,0,100,0,80,20,100,0,100,0,75,51766,20,20,,,,,100,0,100,0,200,0,,,,,,,,,,,,,,,,,,,,,,,,,,,100,36884,100,60172376864,100,126683255470,,,,,,,,,,
2019-05-03,Z302F1A5,ST4000DM000,4000787030016,0,120,238804784,,,92,0,100,10,100,0,88,765687420,,,58,37091,100,0,,,100,10,,,,,,,,,,,,,,,,,,,,,,,,,,,,,,,100,0,100,0,100,0,100,0,100,0,80,20,100,0,100,0,75,51766,20,20,,,,,100,0,100,0,200,0,,,,,,,,,,,,,,,,,,,,,,,,,,,100,36908,100,60186504472,100,126730211010,,,,,,,,,,
2019-05-04,Z302F1A5,ST4000DM000,4000787030016,0,116,111874976,,,92,0,100,10,100,0,88,766718539,,,58,37115,100,0,,,100,10,,,,,,,,,,,,,,,,,,,,,,,,,,,,,,,100,0,100,0,100,0,100,0,100,0,81,19,100,0,100,0,75,51766,19,19,,,,,100,0,100,0,200,0,,,,,,,,,,,,,,,,,,,,,,,,,,,100,36931,100,60198417288,100,126831688318,,,,,,,,,,
2019-05-05,Z302F1A5,ST4000DM000,4000787030016,0,114,75234952,,,92,0,100,10,100,0,88,768610320,,,58,37138,100,0,,,100,10,,,,,,,,,,,,,,,,,,,,,,,,,,,,,,,100,0,100,0,100,0,100,0,100,0,80,20,100,0,100,0,75,51766,20,20,,,,,100,0,100,0,200,0,,,,,,,,,,,,,,,,,,,,,,,,,,,100,36955,100,60219074408,100,126976362002,,,,,,,,,,
2019-05-06,Z302F1A5,ST4000DM000,4000787030016,0,117,156311040,,,92,0,100,10,100,0,88,771239528,,,58,37174,100,0,,,100,10,,,,,,,,,,,,,,,,,,,,,,,,,,,,,,,100,0,100,0,100,0,100,0,100,0,80,20,100,0,100,0,75,51766,20,20,,,,,100,0,100,0,200,0,,,,,,,,,,,,,,,,,,,,,,,,,,,100,36991,100,60244361272,100,127204302774,,,,,,,,,,
2019-05-07,Z302F1A5,ST4000DM000,4000787030016,0,112,49109760,,,92,0,100,10,100,0,88,772520849,,,58,37198,100,0,,,100,10,,,,,,,,,,,,,,,,,,,,,,,,,,,,,,,100,0,100,0,100,0,100,0,100,0,80,20,100,0,100,0,75,51766,20,20,,,,,100,0,100,0,200,0,,,,,,,,,,,,,,,,,,,,,,,,,,,100,37015,100,60260222576,100,127292350039,,,,,,,,,,
2019-05-08,Z302F1A5,ST4000DM000,4000787030016,0,105,9578200,,,92,0,100,10,100,0,88,773925163,,,58,37222,100,0,,,100,10,,,,,,,,,,,,,,,,,,,,,,,,,,,,,,,100,0,100,0,100,0,100,0,100,0,81,19,100,0,100,0,75,51766,19,19,,,,,100,0,100,0,200,0,,,,,,,,,,,,,,,,,,,,,,,,,,,100,37038,100,60275757352,100,127350072941,,,,,,,,,,
2019-05-09,Z302F1A5,ST4000DM000,4000787030016,0,117,123258960,,,92,0,100,10,100,0,88,774914884,,,58,37245,100,0,,,100,10,,,,,,,,,,,,,,,,,,,,,,,,,,,,,,,100,0,100,0,100,0,100,0,100,0,81,19,100,0,100,0,75,51767,19,19,,,,,100,0,100,0,200,0,,,,,,,,,,,,,,,,,,,,,,,,,,,100,37062,100,60291621496,100,127452123928,,,,,,,,,,
2019-05-10,Z302F1A5,ST4000DM000,4000787030016,0,117,137366760,,,92,0,100,10,100,0,88,775966690,,,58,37269,100,0,,,100,10,,,,,,,,,,,,,,,,,,,,,,,,,,,,,,,100,0,100,0,100,0,100,0,100,0,81,19,100,0,100,0,75,51767,19,19,,,,,100,0,100,0,200,0,,,,,,,,,,,,,,,,,,,,,,,,,,,100,37086,100,60313348472,100,127549530635,,,,,,,,,,
2019-05-11,Z302F1A5,ST4000DM000,4000787030016,0,118,193206056,,,92,0,100,10,100,0,88,776750308,,,58,37292,100,0,,,100,10,,,,,,,,,,,,,,,,,,,,,,,,,,,,,,,100,0,100,0,100,0,100,0,100,0,81,19,100,0,100,0,75,51767,19,19,,,,,100,0,100,0,200,0,,,,,,,,,,,,,,,,,,,,,,,,,,,100,37109,100,60325975576,100,127615889864,,,,,,,,,,
2019-05-12,Z302F1A5,ST4000DM000,4000787030016,0,111,36122936,,,92,0,100,10,100,0,88,779272737,,,58,37316,100,0,,,100,10,,,,,,,,,,,,,,,,,,,,,,,,,,,,,,,100,0,100,0,100,0,100,0,100,0,81,19,100,0,100,0,75,51767,19,19,,,,,100,0,100,0,200,0,,,,,,,,,,,,,,,,,,,,,,,,,,,100,37133,100,60342532784,100,127754056657,,,,,,,,,,
2019-05-13,Z302F1A5,ST4000DM000,4000787030016,0,114,65023344,,,92,0,100,10,100,0,88,780072835,,,58,37340,100,0,,,100,10,,,,,,,,,,,,,,,,,,,,,,,,,,,,,,,100,0,100,0,100,0,100,0,100,0,81,19,100,0,100,0,75,51767,19,19,,,,,100,0,100,0,200,0,,,,,,,,,,,,,,,,,,,,,,,,,,,100,37157,100,60353845400,100,127817965363,,,,,,,,,,
2019-05-14,Z302F1A5,ST4000DM000,4000787030016,0,109,23189128,,,92,0,100,10,100,0,88,781512963,,,58,37364,100,0,,,100,10,,,,,,,,,,,,,,,,,,,,,,,,,,,,,,,100,0,100,0,100,0,100,0,100,0,81,19,100,0,100,0,75,51767,19,19,,,,,100,0,100,0,200,0,,,,,,,,,,,,,,,,,,,,,,,,,,,100,37180,100,60377553208,100,127906018493,,,,,,,,,,
2019-05-15,Z302F1A5,ST4000DM000,4000787030016,0,119,233371440,,,92,0,100,10,100,0,88,783571194,,,58,37388,100,0,,,100,10,,,,,,,,,,,,,,,,,,,,,,,,,,,,,,,100,0,100,0,100,0,100,0,100,0,81,19,100,0,100,0,75,51767,19,19,,,,,100,0,100,0,200,0,,,,,,,,,,,,,,,,,,,,,,,,,,,100,37204,100,60391552936,100,127990631830,,,,,,,,,,
2019-05-16,Z302F1A5,ST4000DM000,4000787030016,0,117,121954056,,,92,0,100,10,100,0,88,786234100,,,58,37411,100,0,,,100,10,,,,,,,,,,,,,,,,,,,,,,,,,,,,,,,100,0,100,0,100,0,100,0,100,0,81,19,100,0,100,0,75,51768,19,19,,,,,100,0,100,0,200,0,,,,,,,,,,,,,,,,,,,,,,,,,,,100,37228,100,60406704240,100,128126572431,,,,,,,,,,
2019-05-17,Z302F1A5,ST4000DM000,4000787030016,0,115,86179368,,,92,0,100,10,100,0,88,786980190,,,58,37435,100,0,,,100,10,,,,,,,,,,,,,,,,,,,,,,,,,,,,,,,100,0,100,0,100,0,100,0,100,0,80,20,100,0,100,0,75,51768,20,20,,,,,100,0,100,0,200,0,,,,,,,,,,,,,,,,,,,,,,,,,,,100,37252,100,60415665056,100,128247833882,,,,,,,,,,
2019-05-18,Z302F1A5,ST4000DM000,4000787030016,0,114,83704344,,,92,0,100,10,100,0,88,787607657,,,58,37459,100,0,,,100,10,,,,,,,,,,,,,,,,,,,,,,,,,,,,,,,100,0,100,0,100,0,100,0,100,0,80,20,100,0,100,0,75,51768,20,20,,,,,100,0,100,0,200,0,,,,,,,,,,,,,,,,,,,,,,,,,,,100,37276,100,60427662960,100,128322450193,,,,,,,,,,
2019-05-19,Z302F1A5,ST4000DM000,4000787030016,0,120,241847352,,,92,0,100,10,100,0,88,789867483,,,58,37483,100,0,,,100,10,,,,,,,,,,,,,,,,,,,,,,,,,,,,,,,100,0,100,0,100,0,100,0,100,0,81,19,100,0,100,0,75,51768,19,19,,,,,100,0,100,0,200,0,,,,,,,,,,,,,,,,,,,,,,,,,,,100,37300,100,60452253296,100,128463196416,,,,,,,,,,
2019-05-20,Z302F1A5,ST4000DM000,4000787030016,0,114,68735944,,,92,0,100,10,100,0,88,790492081,,,58,37507,100,0,,,100,10,,,,,,,,,,,,,,,,,,,,,,,,,,,,,,,100,0,100,0,100,0,100,0,100,0,81,19,100,0,100,0,75,51768,19,19,,,,,100,0,100,0,200,0,,,,,,,,,,,,,,,,,,,,,,,,,,,100,37323,100,60471706608,100,128562282433,,,,,,,,,,
2019-05-21,Z302F1A5,ST4000DM000,4000787030016,0,119,216435728,,,92,0,100,10,100,0,88,791370464,,,58,37531,100,0,,,100,10,,,,,,,,,,,,,,,,,,,,,,,,,,,,,,,100,0,100,0,100,0,100,0,100,0,80,20,100,0,100,0,75,51770,20,20,,,,,100,0,100,0,200,0,,,,,,,,,,,,,,,,,,,,,,,,,,,100,37347,100,60484309224,100,128680112916,,,,,,,,,,
2019-05-22,Z302F1A5,ST4000DM000,4000787030016,0,108,14937112,,,92,0,100,10,100,0,88,792801934,,,58,37555,100,0,,,100,10,,,,,,,,,,,,,,,,,,,,,,,,,,,,,,,100,0,100,0,100,0,100,0,100,0,80,20,100,0,100,0,75,51771,20,20,,,,,100,0,100,0,200,0,,,,,,,,,,,,,,,,,,,,,,,,,,,100,37371,100,60498422960,100,128772391890,,,,,,,,,,
2019-05-23,Z302F1A5,ST4000DM000,4000787030016,0,116,104687512,,,92,0,100,10,100,0,88,793433390,,,58,37578,100,0,,,100,10,,,,,,,,,,,,,,,,,,,,,,,,,,,,,,,100,0,100,0,100,0,100,0,100,0,81,19,100,0,100,0,75,51773,19,19,,,,,100,0,100,0,200,0,,,,,,,,,,,,,,,,,,,,,,,,,,,100,37395,100,60511856896,100,128870985481,,,,,,,,,,
2019-05-24,Z302F1A5,ST4000DM000,4000787030016,0,109,22883704,,,92,0,100,10,100,0,88,793895414,,,58,37602,100,0,,,100,10,,,,,,,,,,,,,,,,,,,,,,,,,,,,,,,100,0,100,0,100,0,100,0,100,0,81,19,100,0,100,0,75,51773,19,19,,,,,100,0,100,0,200,0,,,,,,,,,,,,,,,,,,,,,,,,,,,100,37419,100,60524211328,100,128988350226,,,,,,,,,,
2019-05-25,Z302F1A5,ST4000DM000,4000787030016,0,111,35084088,,,92,0,100,10,100,0,88,794274384,,,58,37626,100,0,,,100,10,,,,,,,,,,,,,,,,,,,,,,,,,,,,,,,100,0,100,0,100,0,100,0,100,0,81,19,100,0,100,0,75,51773,19,19,,,,,100,0,100,0,200,0,,,,,,,,,,,,,,,,,,,,,,,,,,,100,37443,100,60540575144,100,129062071558,,,,,,,,,,
2019-05-26,Z302F1A5,ST4000DM000,4000787030016,0,118,172207936,,,92,0,100,10,100,0,88,796378692,,,58,37650,100,0,,,100,10,,,,,,,,,,,,,,,,,,,,,,,,,,,,,,,100,0,100,0,100,0,100,0,100,0,81,19,100,0,100,0,75,51773,19,19,,,,,100,0,100,0,200,0,,,,,,,,,,,,,,,,,,,,,,,,,,,100,37467,100,60573569160,100,129168248577,,,,,,,,,,
2019-05-27,Z302F1A5,ST4000DM000,4000787030016,0,111,37662104,,,92,0,100,10,100,0,88,796748986,,,57,37674,100,0,,,100,10,,,,,,,,,,,,,,,,,,,,,,,,,,,,,,,100,0,100,0,100,0,100,0,100,0,80,20,100,0,100,0,75,51773,20,20,,,,,100,0,100,0,200,0,,,,,,,,,,,,,,,,,,,,,,,,,,,100,37491,100,60589525232,100,129215408375,,,,,,,,,,
2019-05-28,Z302F1A5,ST4000DM000,4000787030016,0,118,170810280,,,92,0,100,10,100,0,88,797201470,,,57,37698,100,0,,,100,10,,,,,,,,,,,,,,,,,,,,,,,,,,,,,,,100,0,100,0,100,0,100,0,100,0,81,19,100,0,100,0,75,51777,19,19,,,,,100,0,100,0,200,0,,,,,,,,,,,,,,,,,,,,,,,,,,,100,37515,100,60601061264,100,129286676788,,,,,,,,,,
2019-05-29,Z302F1A5,ST4000DM000,4000787030016,0,118,197742840,,,92,0,100,10,100,0,88,798882365,,,57,37722,100,0,,,100,10,,,,,,,,,,,,,,,,,,,,,,,,,,,,,,,100,0,100,0,100,0,100,0,100,0,81,19,100,0,100,0,75,51777,19,19,,,,,100,0,100,0,200,0,,,,,,,,,,,,,,,,,,,,,,,,,,,100,37539,100,60620731656,100,129368628326,,,,,,,,,,
2019-05-30,Z302F1A5,ST4000DM000,4000787030016,0,119,218863992,,,92,0,100,10,100,0,88,799579701,,,57,37746,100,0,,,100,10,,,,,,,,,,,,,,,,,,,,,,,,,,,,,,,100,0,100,0,100,0,100,0,100,0,80,20,100,0,100,0,75,51777,20,20,,,,,100,0,100,0,200,0,,,,,,,,,,,,,,,,,,,,,,,,,,,100,37563,100,60637196496,100,129472609036,,,,,,,,,,
2019-05-31,Z302F1A5,ST4000DM000,4000787030016,0,109,24649120,,,92,0,100,10,100,0,88,800089370,,,57,37770,100,0,,,100,10,,,,,,,,,,,,,,,,,,,,,,,,,,,,,,,100,0,100,0,100,0,100,0,100,0,81,19,100,0,100,0,75,51778,19,19,,,,,100,0,100,0,200,0,,,,,,,,,,,,,,,,,,,,,,,,,,,100,37587,100,60648030944,100,129526934110,,,,,,,,,,
2019-06-01,Z302F1A5,ST4000DM000,4000787030016,0,115,90776000,,,92,0,100,10,100,0,88,800900688,,,57,37794,100,0,,,100,10,,,,,,,,,,,,,,,,,,,,,,,,,,,,,,,100,0,100,0,100,0,100,0,100,0,81,19,100,0,100,0,75,51778,19,19,,,,,100,0,100,0,200,0,,,,,,,,,,,,,,,,,,,,,,,,,,,100,37611,100,60662961376,100,129616521868,,,,,,,,,,
2019-06-02,Z302F1A5,ST4000DM000,4000787030016,0,112,42019488,,,92,0,100,10,100,0,88,803280986,,,57,37818,100,0,,,100,10,,,,,,,,,,,,,,,,,,,,,,,,,,,,,,,100,0,100,0,100,0,100,0,100,0,81,19,100,0,100,0,75,51778,19,19,,,,,100,0,100,0,200,0,,,,,,,,,,,,,,,,,,,,,,,,,,,100,37635,100,60712285768,100,129746747665,,,,,,,,,,
2019-06-03,Z302F1A5,ST4000DM000,4000787030016,0,111,34484800,,,92,0,100,10,100,0,88,804183460,,,57,37842,100,0,,,100,10,,,,,,,,,,,,,,,,,,,,,,,,,,,,,,,100,0,100,0,100,0,100,0,100,0,81,19,100,0,100,0,75,51778,19,19,,,,,100,0,100,0,200,0,,,,,,,,,,,,,,,,,,,,,,,,,,,100,37659,100,60737318344,100,129861208640,,,,,,,,,,
2019-06-04,Z302F1A5,ST4000DM000,4000787030016,0,108,16380944,,,92,0,100,10,100,0,88,805269330,,,57,37866,100,0,,,100,10,,,,,,,,,,,,,,,,,,,,,,,,,,,,,,,100,0,100,0,100,0,100,0,100,0,81,19,100,0,100,0,75,51778,19,19,,,,,100,0,100,0,200,0,,,,,,,,,,,,,,,,,,,,,,,,,,,100,37683,100,60749655592,100,129996950633,,,,,,,,,,
2019-06-05,Z302F1A5,ST4000DM000,4000787030016,0,118,183614960,,,92,0,100,10,100,0,89,808471328,,,57,37890,100,0,,,100,10,,,,,,,,,,,,,,,,,,,,,,,,,,,,,,,100,0,100,0,100,0,100,0,100,0,81,19,100,0,100,0,75,51778,19,19,,,,,100,0,100,0,200,0,,,,,,,,,,,,,,,,,,,,,,,,,,,100,37706,100,60765357200,100,130142811609,,,,,,,,,,
2019-06-06,Z302F1A5,ST4000DM000,4000787030016,0,119,203391624,,,92,0,100,10,100,0,89,809723848,,,57,37914,100,0,,,100,10,,,,,,,,,,,,,,,,,,,,,,,,,,,,,,,100,0,100,0,100,0,100,0,100,0,81,19,100,0,100,0,75,51779,19,19,,,,,100,0,100,0,200,0,,,,,,,,,,,,,,,,,,,,,,,,,,,100,37730,100,60776674864,100,130353830302,,,,,,,,,,
2019-06-07,Z302F1A5,ST4000DM000,4000787030016,0,114,66420216,,,92,0,100,10,100,0,89,811057718,,,57,37938,100,0,,,100,10,,,,,,,,,,,,,,,,,,,,,,,,,,,,,,,100,0,100,0,100,0,100,0,100,0,81,19,100,0,100,0,75,51779,19,19,,,,,100,0,100,0,200,0,,,,,,,,,,,,,,,,,,,,,,,,,,,100,37754,100,60788572152,100,130536478865,,,,,,,,,,
2019-06-08,Z302F1A5,ST4000DM000,4000787030016,0,116,107099848,,,92,0,100,10,100,0,89,812639096,,,57,37962,100,0,,,100,10,,,,,,,,,,,,,,,,,,,,,,,,,,,,,,,100,0,100,0,100,0,100,0,100,0,81,19,100,0,100,0,75,51779,19,19,,,,,100,0,100,0,200,0,,,,,,,,,,,,,,,,,,,,,,,,,,,100,37778,100,60803553248,100,130727269533,,,,,,,,,,
2019-06-09,Z302F1A5,ST4000DM000,4000787030016,0,120,242250112,,,92,0,100,10,100,0,89,815393111,,,57,37986,100,0,,,100,10,,,,,,,,,,,,,,,,,,,,,,,,,,,,,,,100,0,100,0,100,0,100,0,100,0,81,19,100,0,100,0,75,51779,19,19,,,,,100,0,100,0,200,0,,,,,,,,,,,,,,,,,,,,,,,,,,,100,37802,100,60821869784,100,130930147063,,,,,,,,,,
2019-06-10,Z302F1A5,ST4000DM000,4000787030016,0,119,226828520,,,92,0,100,10,100,0,89,817048234,,,57,38010,100,0,,,100,10,,,,,,,,,,,,,,,,,,,,,,,,,,,,,,,100,0,100,0,100,0,100,0,100,0,81,19,100,0,100,0,75,51779,19,19,,,,,100,0,100,0,200,0,,,,,,,,,,,,,,,,,,,,,,,,,,,100,37826,100,60836354632,100,131104908958,,,,,,,,,,
2019-06-11,Z302F1A5,ST4000DM000,4000787030016,0,119,218416080,,,92,0,100,10,100,0,89,818533799,,,57,38034,100,0,,,100,10,,,,,,,,,,,,,,,,,,,,,,,,,,,,,,,100,0,100,0,100,0,100,0,100,0,81,19,100,0,100,0,75,51779,19,19,,,,,100,0,100,0,200,0,,,,,,,,,,,,,,,,,,,,,,,,,,,100,37851,100,60850851288,100,131257394434,,,,,,,,,,
2019-06-12,Z302F1A5,ST4000DM000,4000787030016,0,118,182554888,,,92,0,100,10,100,0,89,820408228,,,57,38058,100,0,,,100,10,,,,,,,,,,,,,,,,,,,,,,,,,,,,,,,100,0,100,0,100,0,100,0,100,0,81,19,100,0,100,0,75,51779,19,19,,,,,100,0,100,0,200,0,,,,,,,,,,,,,,,,,,,,,,,,,,,100,37875,100,60869145448,100,131347689652,,,,,,,,,,
2019-06-13,Z302F1A5,ST4000DM000,4000787030016,0,119,221531624,,,92,0,100,10,100,0,89,821446400,,,57,38082,100,0,,,100,10,,,,,,,,,,,,,,,,,,,,,,,,,,,,,,,100,0,100,0,100,0,100,0,100,0,81,19,100,0,100,0,75,51779,19,19,,,,,100,0,100,0,200,0,,,,,,,,,,,,,,,,,,,,,,,,,,,100,37899,100,60882231992,100,131479259679,,,,,,,,,,
2019-06-14,Z302F1A5,ST4000DM000,4000787030016,0,114,74606576,,,92,0,100,10,100,0,89,822369924,,,57,38106,100,0,,,100,10,,,,,,,,,,,,,,,,,,,,,,,,,,,,,,,100,0,100,0,100,0,100,0,100,0,81,19,100,0,100,0,75,51779,19,19,,,,,100,0,100,0,200,0,,,,,,,,,,,,,,,,,,,,,,,,,,,100,37923,100,60895747560,100,131584318356,,,,,,,,,,
2019-06-15,Z302F1A5,ST4000DM000,4000787030016,0,116,116187944,,,92,0,100,10,100,0,89,823456629,,,57,38130,100,0,,,100,10,,,,,,,,,,,,,,,,,,,,,,,,,,,,,,,100,0,100,0,100,0,100,0,100,0,81,19,100,0,100,0,75,51779,19,19,,,,,100,0,100,0,200,0,,,,,,,,,,,,,,,,,,,,,,,,,,,100,37947,100,60914324928,100,131698906897,,,,,,,,,,
2019-06-16,Z302F1A5,ST4000DM000,4000787030016,0,115,84784832,,,92,0,100,10,100,0,89,826088561,,,57,38154,100,0,,,100,10,,,,,,,,,,,,,,,,,,,,,,,,,,,,,,,100,0,100,0,100,0,100,0,100,0,81,19,100,0,100,0,75,51779,19,19,,,,,100,0,100,0,200,0,,,,,,,,,,,,,,,,,,,,,,,,,,,100,37971,100,60940100728,100,131853747368,,,,,,,,,,
2019-06-17,Z302F1A5,ST4000DM000,4000787030016,0,112,44871168,,,92,0,100,10,100,0,89,827377516,,,57,38178,100,0,,,100,10,,,,,,,,,,,,,,,,,,,,,,,,,,,,,,,100,0,100,0,100,0,100,0,100,0,81,19,100,0,100,0,75,51779,19,19,,,,,100,0,100,0,200,0,,,,,,,,,,,,,,,,,,,,,,,,,,,100,37995,100,60949044208,100,132004917111,,,,,,,,,,
2019-06-18,Z302F1A5,ST4000DM000,4000787030016,0,116,113308144,,,92,0,100,10,100,0,89,828340157,,,57,38202,100,0,,,100,10,,,,,,,,,,,,,,,,,,,,,,,,,,,,,,,100,0,100,0,100,0,100,0,100,0,81,19,100,0,100,0,75,51779,19,19,,,,,100,0,100,0,200,0,,,,,,,,,,,,,,,,,,,,,,,,,,,100,38019,100,60962016656,100,132087079283,,,,,,,,,,
2019-06-19,Z302F1A5,ST4000DM000,4000787030016,0,119,205513056,,,92,0,100,10,100,0,89,830341355,,,57,38226,100,0,,,100,10,,,,,,,,,,,,,,,,,,,,,,,,,,,,,,,100,0,100,0,100,0,100,0,100,0,81,19,100,0,100,0,75,51779,19,19,,,,,100,0,100,0,200,0,,,,,,,,,,,,,,,,,,,,,,,,,,,100,38043,100,60980005520,100,132177960002,,,,,,,,,,
2019-06-20,Z302F1A5,ST4000DM000,4000787030016,0,118,172263328,,,92,0,100,10,100,0,89,831000416,,,57,38250,100,0,,,100,10,,,,,,,,,,,,,,,,,,,,,,,,,,,,,,,100,0,100,0,100,0,100,0,100,0,81,19,100,0,100,0,75,51781,19,19,,,,,100,0,100,0,200,0,,,,,,,,,,,,,,,,,,,,,,,,,,,100,38066,100,60996325872,100,132247685172,,,,,,,,,,
2019-06-21,Z302F1A5,ST4000DM000,4000787030016,0,115,90752704,,,92,0,100,10,100,0,89,831867094,,,57,38274,100,0,,,100,10,,,,,,,,,,,,,,,,,,,,,,,,,,,,,,,100,0,100,0,100,0,100,0,100,0,81,19,100,0,100,0,75,51781,19,19,,,,,100,0,100,0,200,0,,,,,,,,,,,,,,,,,,,,,,,,,,,100,38090,100,61006488976,100,132357767094,,,,,,,,,,
2019-06-22,Z302F1A5,ST4000DM000,4000787030016,0,112,49817592,,,92,0,100,10,100,0,89,832874382,,,57,38297,100,0,,,100,10,,,,,,,,,,,,,,,,,,,,,,,,,,,,,,,100,0,100,0,100,0,100,0,100,0,81,19,100,0,100,0,75,51781,19,19,,,,,100,0,100,0,200,0,,,,,,,,,,,,,,,,,,,,,,,,,,,100,38114,100,61023875672,100,132470429975,,,,,,,,,,
2019-06-23,Z302F1A5,ST4000DM000,4000787030016,0,116,102176312,,,92,0,100,10,100,0,89,835981155,,,57,38321,100,0,,,100,10,,,,,,,,,,,,,,,,,,,,,,,,,,,,,,,100,0,100,0,100,0,100,0,100,0,81,19,100,0,100,0,75,51781,19,19,,,,,100,0,100,0,200,0,,,,,,,,,,,,,,,,,,,,,,,,,,,100,38138,100,61041271320,100,132625051708,,,,,,,,,,
2019-06-24,Z302F1A5,ST4000DM000,4000787030016,0,108,16992512,,,92,0,100,10,100,0,89,838304500,,,57,38345,100,0,,,100,10,,,,,,,,,,,,,,,,,,,,,,,,,,,,,,,100,0,100,0,100,0,100,0,100,0,81,19,100,0,100,0,75,51781,19,19,,,,,100,0,100,0,200,0,,,,,,,,,,,,,,,,,,,,,,,,,,,100,38162,100,61105947048,100,132743138014,,,,,,,,,,
2019-06-25,Z302F1A5,ST4000DM000,4000787030016,0,117,127093328,,,92,0,100,10,100,0,89,839149050,,,57,38369,100,0,,,100,10,,,,,,,,,,,,,,,,,,,,,,,,,,,,,,,100,0,100,0,100,0,100,0,100,0,81,19,100,0,100,0,75,51785,19,19,,,,,100,0,100,0,200,0,,,,,,,,,,,,,,,,,,,,,,,,,,,100,38186,100,61114692272,100,132839846642,,,,,,,,,,
2019-06-26,Z302F1A5,ST4000DM000,4000787030016,0,114,80783928,,,92,0,100,10,100,0,89,840731892,,,57,38393,100,0,,,100,10,,,,,,,,,,,,,,,,,,,,,,,,,,,,,,,100,0,100,0,100,0,100,0,100,0,81,19,100,0,100,0,75,51788,19,19,,,,,100,0,100,0,200,0,,,,,,,,,,,,,,,,,,,,,,,,,,,100,38210,100,61127209232,100,132881554956,,,,,,,,,,
2019-06-27,Z302F1A5,ST4000DM000,4000787030016,0,118,184068240,,,92,0,100,10,100,0,89,842238930,,,57,38417,100,0,,,100,10,,,,,,,,,,,,,,,,,,,,,,,,,,,,,,,100,0,100,0,100,0,100,0,100,0,81,19,100,0,100,0,75,51790,19,19,,,,,100,0,100,0,200,0,,,,,,,,,,,,,,,,,,,,,,,,,,,100,38233,100,61140100392,100,133058308709,,,,,,,,,,
2019-06-28,Z302F1A5,ST4000DM000,4000787030016,0,113,51163512,,,92,0,100,10,100,0,89,844182256,,,57,38441,100,0,,,100,10,,,,,,,,,,,,,,,,,,,,,,,,,,,,,,,100,0,100,0,100,0,100,0,100,0,81,19,100,0,100,0,75,51790,19,19,,,,,100,0,100,0,200,0,,,,,,,,,,,,,,,,,,,,,,,,,,,100,38257,100,61154842136,100,133298199706,,,,,,,,,,
2019-06-29,Z302F1A5,ST4000DM000,4000787030016,0,116,102421160,,,92,0,100,10,100,0,89,845811107,,,57,38465,100,0,,,100,10,,,,,,,,,,,,,,,,,,,,,,,,,,,,,,,100,0,100,0,100,0,100,0,100,0,81,19,100,0,100,0,75,51790,19,19,,,,,100,0,100,0,200,0,,,,,,,,,,,,,,,,,,,,,,,,,,,100,38281,100,61168575752,100,133480912591,,,,,,,,,,
2019-06-30,Z302F1A5,ST4000DM000,4000787030016,0,112,46875360,,,92,0,100,10,100,0,89,848465231,,,57,38489,100,0,,,100,10,,,,,,,,,,,,,,,,,,,,,,,,,,,,,,,100,0,100,0,100,0,100,0,100,0,81,19,100,0,100,0,75,51790,19,19,,,,,100,0,100,0,200,0,,,,,,,,,,,,,,,,,,,,,,,,,,,100,38305,100,61185970752,100,133674356119,,,,,,,,,,
2019-07-01,Z302F1A5,ST4000DM000,4000787030016,0,118,182626144,,,92,0,100,10,100,0,89,850495623,,,57,38513,100,0,,,100,10,,,,,,,,,,,,,,,,,,,,,,,,,,,,,,,100,0,100,0,100,0,100,0,100,0,81,19,100,0,100,0,75,51790,19,19,,,,,100,0,100,0,200,0,,,,,,,,,,,,,,,,,,,,,,,,,,,100,38329,100,61200568152,100,133851521500,,,,,,,,,,
2019-07-02,Z302F1A5,ST4000DM000,4000787030016,0,117,154018784,,,92,0,100,10,100,0,89,852558492,,,57,38537,100,0,,,100,10,,,,,,,,,,,,,,,,,,,,,,,,,,,,,,,100,0,100,0,100,0,100,0,100,0,81,19,100,0,100,0,75,51790,19,19,,,,,100,0,100,0,200,0,,,,,,,,,,,,,,,,,,,,,,,,,,,100,38353,100,61219021000,100,134012857593,,,,,,,,,,
2019-07-03,Z302F1A5,ST4000DM000,4000787030016,0,117,121153240,,,92,0,100,10,100,0,89,854662930,,,56,38561,100,0,,,100,10,,,,,,,,,,,,,,,,,,,,,,,,,,,,,,,100,0,100,0,100,0,100,0,100,0,81,19,100,0,100,0,75,51790,19,19,,,,,100,0,100,0,200,0,,,,,,,,,,,,,,,,,,,,,,,,,,,100,38377,100,61243045320,100,134147476560,,,,,,,,,,
2019-07-04,Z302F1A5,ST4000DM000,4000787030016,0,114,69630816,,,92,0,100,10,100,0,89,855789826,,,56,38585,100,0,,,100,10,,,,,,,,,,,,,,,,,,,,,,,,,,,,,,,100,0,100,0,100,0,100,0,100,0,81,19,100,0,100,0,75,51790,19,19,,,,,100,0,100,0,200,0,,,,,,,,,,,,,,,,,,,,,,,,,,,100,38401,100,61262747008,100,134308638594,,,,,,,,,,
2019-07-05,Z302F1A5,ST4000DM000,4000787030016,0,117,150187920,,,92,0,100,10,100,0,89,856801089,,,56,38609,100,0,,,100,10,,,,,,,,,,,,,,,,,,,,,,,,,,,,,,,100,0,100,0,100,0,100,0,100,0,81,19,100,0,100,0,75,51790,19,19,,,,,100,0,100,0,200,0,,,,,,,,,,,,,,,,,,,,,,,,,,,100,38425,100,61279141688,100,134521093051,,,,,,,,,,
2019-07-06,Z302F1A5,ST4000DM000,4000787030016,0,119,219832472,,,92,0,100,10,100,0,89,857564180,,,56,38633,100,0,,,100,10,,,,,,,,,,,,,,,,,,,,,,,,,,,,,,,100,0,100,0,100,0,100,0,100,0,81,19,100,0,100,0,75,51790,19,19,,,,,100,0,100,0,200,0,,,,,,,,,,,,,,,,,,,,,,,,,,,100,38449,100,61300223096,100,134706334178,,,,,,,,,,
2019-07-07,Z302F1A5,ST4000DM000,4000787030016,0,108,19803432,,,92,0,100,10,100,0,89,859488741,,,56,38657,100,0,,,100,10,,,,,,,,,,,,,,,,,,,,,,,,,,,,,,,100,0,100,0,100,0,100,0,100,0,81,19,100,0,100,0,75,51790,19,19,,,,,100,0,100,0,200,0,,,,,,,,,,,,,,,,,,,,,,,,,,,100,38474,100,61322872720,100,134892457304,,,,,,,,,,
2019-07-08,Z302F1A5,ST4000DM000,4000787030016,0,110,28259968,,,92,0,100,10,100,0,89,860467307,,,56,38681,100,0,,,100,10,,,,,,,,,,,,,,,,,,,,,,,,,,,,,,,100,0,100,0,100,0,100,0,100,0,81,19,100,0,100,0,75,51790,19,19,,,,,100,0,100,0,200,0,,,,,,,,,,,,,,,,,,,,,,,,,,,100,38498,100,61342624832,100,135013826900,,,,,,,,,,
2019-07-09,Z302F1A5,ST4000DM000,4000787030016,0,119,210661976,,,92,0,100,10,100,0,89,861412454,,,56,38705,100,0,,,100,10,,,,,,,,,,,,,,,,,,,,,,,,,,,,,,,100,0,100,0,100,0,100,0,100,0,81,19,100,0,100,0,75,51790,19,19,,,,,100,0,100,0,200,0,,,,,,,,,,,,,,,,,,,,,,,,,,,100,38522,100,61367765584,100,135185850373,,,,,,,,,,
2019-07-10,Z302F1A5,ST4000DM000,4000787030016,0,117,139437216,,,92,0,100,10,100,0,89,863305921,,,56,38729,100,0,,,100,10,,,,,,,,,,,,,,,,,,,,,,,,,,,,,,,100,0,100,0,100,0,100,0,100,0,81,19,100,0,100,0,75,51790,19,19,,,,,100,0,100,0,200,0,,,,,,,,,,,,,,,,,,,,,,,,,,,100,38546,100,61392507808,100,135256412889,,,,,,,,,,
2019-07-11,Z302F1A5,ST4000DM000,4000787030016,0,120,238785112,,,92,0,100,10,100,0,89,864599998,,,56,38753,100,0,,,100,10,,,,,,,,,,,,,,,,,,,,,,,,,,,,,,,100,0,100,0,100,0,100,0,100,0,81,19,100,0,100,0,75,51790,19,19,,,,,100,0,100,0,200,0,,,,,,,,,,,,,,,,,,,,,,,,,,,100,38570,100,61410523976,100,135437951005,,,,,,,,,,
2019-07-12,Z302F1A5,ST4000DM000,4000787030016,0,114,83438304,,,92,0,100,10,100,0,89,865965647,,,56,38777,100,0,,,100,10,,,,,,,,,,,,,,,,,,,,,,,,,,,,,,,100,0,100,0,100,0,100,0,100,0,81,19,100,0,100,0,75,51790,19,19,,,,,100,0,100,0,200,0,,,,,,,,,,,,,,,,,,,,,,,,,,,100,38594,100,61432890824,100,135635299830,,,,,,,,,,
2019-07-13,Z302F1A5,ST4000DM000,4000787030016,0,118,179062848,,,92,0,100,10,100,0,89,868151418,,,56,38801,100,0,,,100,10,,,,,,,,,,,,,,,,,,,,,,,,,,,,,,,100,0,100,0,100,0,100,0,100,0,81,19,100,0,100,0,75,51790,19,19,,,,,100,0,100,0,200,0,,,,,,,,,,,,,,,,,,,,,,,,,,,100,38618,100,61484423704,100,135975954622,,,,,,,,,,
2019-07-14,Z302F1A5,ST4000DM000,4000787030016,0,118,188192472,,,92,0,100,10,100,0,89,871631995,,,56,38825,100,0,,,100,10,,,,,,,,,,,,,,,,,,,,,,,,,,,,,,,100,0,100,0,100,0,100,0,100,0,81,19,100,0,100,0,75,51790,19,19,,,,,100,0,100,0,200,0,,,,,,,,,,,,,,,,,,,,,,,,,,,100,38642,100,61506756320,100,136337156645,,,,,,,,,,
2019-07-15,Z302F1A5,ST4000DM000,4000787030016,0,110,26187720,,,92,0,100,10,100,0,89,874675607,,,56,38849,100,0,,,100,10,,,,,,,,,,,,,,,,,,,,,,,,,,,,,,,100,0,100,0,100,0,100,0,100,0,81,19,100,0,100,0,75,51790,19,19,,,,,100,0,100,0,200,0,,,,,,,,,,,,,,,,,,,,,,,,,,,100,38666,100,61521038384,100,136670511211,,,,,,,,,,
2019-07-16,Z302F1A5,ST4000DM000,4000787030016,0,112,43723520,,,92,0,100,10,100,0,89,876732182,,,56,38873,100,0,,,100,10,,,,,,,,,,,,,,,,,,,,,,,,,,,,,,,100,0,100,0,100,0,100,0,100,0,81,19,100,0,100,0,75,51791,19,19,,,,,100,0,100,0,200,0,,,,,,,,,,,,,,,,,,,,,,,,,,,100,38690,100,61534592176,100,136948031253,,,,,,,,,,
2019-07-17,Z302F1A5,ST4000DM000,4000787030016,0,119,213766120,,,92,0,100,10,100,0,89,878917042,,,56,38897,100,0,,,100,10,,,,,,,,,,,,,,,,,,,,,,,,,,,,,,,100,0,100,0,100,0,100,0,100,0,81,19,100,0,100,0,75,51791,19,19,,,,,100,0,100,0,200,0,,,,,,,,,,,,,,,,,,,,,,,,,,,100,38714,100,61551633984,100,137069512768,,,,,,,,,,
2019-07-18,Z302F1A5,ST4000DM000,4000787030016,0,114,61504664,,,92,0,100,10,100,0,89,880572088,,,56,38921,100,0,,,100,10,,,,,,,,,,,,,,,,,,,,,,,,,,,,,,,100,0,100,0,100,0,100,0,100,0,81,19,100,0,100,0,75,51791,19,19,,,,,100,0,100,0,200,0,,,,,,,,,,,,,,,,,,,,,,,,,,,100,38737,100,61567366968,100,137317564531,,,,,,,,,,
2019-07-19,Z302F1A5,ST4000DM000,4000787030016,0,116,114603256,,,92,0,100,10,100,0,89,883972881,,,56,38945,100,0,,,100,10,,,,,,,,,,,,,,,,,,,,,,,,,,,,,,,100,0,100,0,100,0,100,0,100,0,81,19,100,0,100,0,75,51791,19,19,,,,,100,0,100,0,200,0,,,,,,,,,,,,,,,,,,,,,,,,,,,100,38761,100,61589655144,100,137530751064,,,,,,,,,,
2019-07-20,Z302F1A5,ST4000DM000,4000787030016,0,117,120759080,,,92,0,100,10,100,0,89,885890072,,,56,38969,100,0,,,100,10,,,,,,,,,,,,,,,,,,,,,,,,,,,,,,,100,0,100,0,100,0,100,0,100,0,81,19,100,0,100,0,75,51791,19,19,,,,,100,0,100,0,200,0,,,,,,,,,,,,,,,,,,,,,,,,,,,100,38786,100,61600164384,100,137776786994,,,,,,,,,,
2019-07-21,Z302F1A5,ST4000DM000,4000787030016,0,114,82559864,,,92,0,100,10,100,0,89,887448280,,,56,38993,100,0,,,100,10,,,,,,,,,,,,,,,,,,,,,,,,,,,,,,,100,0,100,0,100,0,100,0,100,0,80,20,100,0,100,0,75,51791,20,20,,,,,100,0,100,0,200,0,,,,,,,,,,,,,,,,,,,,,,,,,,,100,38810,100,61616223344,100,137937091775,,,,,,,,,,
2019-07-22,Z302F1A5,ST4000DM000,4000787030016,0,114,67926664,,,92,0,100,10,100,0,89,890392063,,,56,39017,100,0,,,100,10,,,,,,,,,,,,,,,,,,,,,,,,,,,,,,,100,0,100,0,100,0,100,0,100,0,81,19,100,0,100,0,75,51791,19,19,,,,,100,0,100,0,200,0,,,,,,,,,,,,,,,,,,,,,,,,,,,100,38834,100,61633407880,100,138171389418,,,,,,,,,,
2019-07-23,Z302F1A5,ST4000DM000,4000787030016,0,114,80904920,,,92,0,100,10,100,0,89,891753786,,,56,39041,100,0,,,100,10,,,,,,,,,,,,,,,,,,,,,,,,,,,,,,,100,0,100,0,100,0,100,0,100,0,81,19,100,0,100,0,75,51791,19,19,,,,,100,0,100,0,200,0,,,,,,,,,,,,,,,,,,,,,,,,,,,100,38858,100,61654451560,100,138323861510,,,,,,,,,,
2019-07-24,Z302F1A5,ST4000DM000,4000787030016,0,113,55956112,,,92,0,100,10,100,0,89,893835660,,,56,39065,100,0,,,100,10,,,,,,,,,,,,,,,,,,,,,,,,,,,,,,,100,0,100,0,100,0,100,0,100,0,81,19,100,0,100,0,75,51791,19,19,,,,,100,0,100,0,200,0,,,,,,,,,,,,,,,,,,,,,,,,,,,100,38882,100,61676955800,100,138420530154,,,,,,,,,,
2019-07-25,Z302F1A5,ST4000DM000,4000787030016,0,120,235494304,,,92,0,100,10,100,0,89,895885668,,,56,39089,100,0,,,100,10,,,,,,,,,,,,,,,,,,,,,,,,,,,,,,,100,0,100,0,100,0,100,0,100,0,81,19,100,0,100,0,75,51791,19,19,,,,,100,0,100,0,200,0,,,,,,,,,,,,,,,,,,,,,,,,,,,100,38905,100,61692546160,100,138692257620,,,,,,,,,,
2019-07-26,Z302F1A5,ST4000DM000,4000787030016,0,112,44073096,,,92,0,100,10,100,0,89,897665141,,,56,39113,100,0,,,100,10,,,,,,,,,,,,,,,,,,,,,,,,,,,,,,,100,0,100,0,100,0,100,0,100,0,81,19,100,0,100,0,75,51791,19,19,,,,,100,0,100,0,200,0,,,,,,,,,,,,,,,,,,,,,,,,,,,100,38929,100,61713462592,100,138903570676,,,,,,,,,,
2019-07-27,Z302F1A5,ST4000DM000,4000787030016,0,119,218707096,,,92,0,100,10,100,0,89,899341184,,,56,39137,100,0,,,100,10,,,,,,,,,,,,,,,,,,,,,,,,,,,,,,,100,0,100,0,100,0,100,0,100,0,81,19,100,0,100,0,75,51792,19,19,,,,,100,0,100,0,200,0,,,,,,,,,,,,,,,,,,,,,,,,,,,100,38954,100,61724659704,100,139091821647,,,,,,,,,,
2019-07-28,Z302F1A5,ST4000DM000,4000787030016,0,115,94603424,,,92,0,100,10,100,0,89,902160055,,,56,39161,100,0,,,100,10,,,,,,,,,,,,,,,,,,,,,,,,,,,,,,,100,0,100,0,100,0,100,0,100,0,81,19,100,0,100,0,75,51792,19,19,,,,,100,0,100,0,200,0,,,,,,,,,,,,,,,,,,,,,,,,,,,100,38978,100,61748949544,100,139292725281,,,,,,,,,,
2019-07-29,Z302F1A5,ST4000DM000,4000787030016,0,119,210401528,,,92,0,100,10,100,0,89,904551760,,,56,39185,100,0,,,100,10,,,,,,,,,,,,,,,,,,,,,,,,,,,,,,,100,0,100,0,100,0,100,0,100,0,81,19,100,0,100,0,75,51792,19,19,,,,,100,0,100,0,200,0,,,,,,,,,,,,,,,,,,,,,,,,,,,100,39001,100,61769397216,100,139444471720,,,,,,,,,,
2019-07-30,Z302F1A5,ST4000DM000,4000787030016,0,107,13343328,,,92,0,100,10,100,0,89,905679593,,,56,39209,100,0,,,100,10,,,,,,,,,,,,,,,,,,,,,,,,,,,,,,,100,0,100,0,100,0,100,0,100,0,81,19,100,0,100,0,75,51792,19,19,,,,,100,0,100,0,200,0,,,,,,,,,,,,,,,,,,,,,,,,,,,100,39025,100,61786362352,100,139624541451,,,,,,,,,,
2019-07-31,Z302F1A5,ST4000DM000,4000787030016,0,117,157733088,,,92,0,100,10,100,0,89,907568789,,,56,39233,100,0,,,100,10,,,,,,,,,,,,,,,,,,,,,,,,,,,,,,,100,0,100,0,100,0,100,0,100,0,81,19,100,0,100,0,75,51793,19,19,,,,,100,0,100,0,200,0,,,,,,,,,,,,,,,,,,,,,,,,,,,100,39049,100,61804991168,100,139695383466,,,,,,,,,,
2019-08-01,Z302F1A5,ST4000DM000,4000787030016,0,119,206297464,,,92,0,100,10,100,0,89,908800463,,,56,39256,100,0,,,100,10,,,,,,,,,,,,,,,,,,,,,,,,,,,,,,,100,0,100,0,100,0,100,0,100,0,81,19,100,0,100,0,75,51795,19,19,,,,,100,0,100,0,200,0,,,,,,,,,,,,,,,,,,,,,,,,,,,100,39073,100,61822054504,100,139904214149,,,,,,,,,,
2019-08-02,Z302F1A5,ST4000DM000,4000787030016,0,116,104248248,,,92,0,100,10,100,0,89,909497890,,,56,39280,100,0,,,100,10,,,,,,,,,,,,,,,,,,,,,,,,,,,,,,,100,0,100,0,100,0,100,0,100,0,81,19,100,0,100,0,75,51795,19,19,,,,,100,0,100,0,200,0,,,,,,,,,,,,,,,,,,,,,,,,,,,100,39097,100,61838189040,100,140102244024,,,,,,,,,,
2019-08-03,Z302F1A5,ST4000DM000,4000787030016,0,117,129335288,,,92,0,100,10,100,0,89,910433097,,,56,39304,100,0,,,100,10,,,,,,,,,,,,,,,,,,,,,,,,,,,,,,,100,0,100,0,100,0,100,0,100,0,81,19,100,0,100,0,75,51795,19,19,,,,,100,0,100,0,200,0,,,,,,,,,,,,,,,,,,,,,,,,,,,100,39121,100,61865988832,100,140290902407,,,,,,,,,,
2019-08-04,Z302F1A5,ST4000DM000,4000787030016,0,116,103169760,,,92,0,100,10,100,0,89,912519982,,,56,39328,100,0,,,100,10,,,,,,,,,,,,,,,,,,,,,,,,,,,,,,,100,0,100,0,100,0,100,0,100,0,81,19,100,0,100,0,75,51795,19,19,,,,,100,0,100,0,200,0,,,,,,,,,,,,,,,,,,,,,,,,,,,100,39145,100,61912849672,100,140428666022,,,,,,,,,,
2019-08-05,Z302F1A5,ST4000DM000,4000787030016,0,116,116879144,,,92,0,100,10,100,0,89,913702764,,,56,39352,100,0,,,100,10,,,,,,,,,,,,,,,,,,,,,,,,,,,,,,,100,0,100,0,100,0,100,0,100,0,81,19,100,0,100,0,75,51795,19,19,,,,,100,0,100,0,200,0,,,,,,,,,,,,,,,,,,,,,,,,,,,100,39168,100,61932889400,100,140606124682,,,,,,,,,,
2019-08-06,Z302F1A5,ST4000DM000,4000787030016,0,110,26065584,,,92,0,100,10,100,0,89,914667337,,,56,39376,100,0,,,100,10,,,,,,,,,,,,,,,,,,,,,,,,,,,,,,,100,0,100,0,100,0,100,0,100,0,81,19,100,0,100,0,75,51795,19,19,,,,,100,0,100,0,200,0,,,,,,,,,,,,,,,,,,,,,,,,,,,100,39192,100,61961841752,100,140719641861,,,,,,,,,,
2019-08-07,Z302F1A5,ST4000DM000,4000787030016,0,114,68323800,,,92,0,100,10,100,0,89,916957058,,,56,39400,100,0,,,100,10,,,,,,,,,,,,,,,,,,,,,,,,,,,,,,,100,0,100,0,100,0,100,0,100,0,81,19,100,0,100,0,75,51796,19,19,,,,,100,0,100,0,200,0,,,,,,,,,,,,,,,,,,,,,,,,,,,100,39217,100,62004893184,100,140840665647,,,,,,,,,,
2019-08-08,Z302F1A5,ST4000DM000,4000787030016,0,108,16079520,,,92,0,100,10,100,0,89,918525204,,,55,39424,100,0,,,100,10,,,,,,,,,,,,,,,,,,,,,,,,,,,,,,,100,0,100,0,100,0,100,0,100,0,81,19,100,0,100,0,75,51796,19,19,,,,,100,0,100,0,200,0,,,,,,,,,,,,,,,,,,,,,,,,,,,100,39240,100,62022764040,100,141079024156,,,,,,,,,,
2019-08-09,Z302F1A5,ST4000DM000,4000787030016,0,119,214490768,,,92,0,100,10,100,0,89,920365739,,,55,39448,100,0,,,100,10,,,,,,,,,,,,,,,,,,,,,,,,,,,,,,,100,0,100,0,100,0,100,0,100,0,81,19,100,0,100,0,75,51796,19,19,,,,,100,0,100,0,200,0,,,,,,,,,,,,,,,,,,,,,,,,,,,100,39264,100,62036972872,100,141391105144,,,,,,,,,,
2019-08-10,Z302F1A5,ST4000DM000,4000787030016,0,114,64522640,,,92,0,100,10,100,0,89,923099529,,,55,39472,100,0,,,100,10,,,,,,,,,,,,,,,,,,,,,,,,,,,,,,,100,0,100,0,100,0,100,0,100,0,81,19,100,0,100,0,75,51796,19,19,,,,,100,0,100,0,200,0,,,,,,,,,,,,,,,,,,,,,,,,,,,100,39288,100,62060267648,100,141757774060,,,,,,,,,,
2019-08-11,Z302F1A5,ST4000DM000,4000787030016,0,114,68372424,,,92,0,100,10,100,0,89,927229083,,,55,39496,100,0,,,100,10,,,,,,,,,,,,,,,,,,,,,,,,,,,,,,,100,0,100,0,100,0,100,0,100,0,81,19,100,0,100,0,75,51796,19,19,,,,,100,0,100,0,200,0,,,,,,,,,,,,,,,,,,,,,,,,,,,100,39312,100,62084537464,100,141999169804,,,,,,,,,,
2019-08-12,Z302F1A5,ST4000DM000,4000787030016,0,117,159064488,,,92,0,100,10,100,0,89,930553929,,,55,39520,100,0,,,100,10,,,,,,,,,,,,,,,,,,,,,,,,,,,,,,,100,0,100,0,100,0,100,0,100,0,81,19,100,0,100,0,75,51796,19,19,,,,,100,0,100,0,200,0,,,,,,,,,,,,,,,,,,,,,,,,,,,100,39336,100,62101584648,100,142314005773,,,,,,,,,,
2019-08-13,Z302F1A5,ST4000DM000,4000787030016,0,114,72196664,,,92,0,100,10,100,0,89,932131413,,,55,39544,100,0,,,100,10,,,,,,,,,,,,,,,,,,,,,,,,,,,,,,,100,0,100,0,100,0,100,0,100,0,81,19,100,0,100,0,75,51796,19,19,,,,,100,0,100,0,200,0,,,,,,,,,,,,,,,,,,,,,,,,,,,100,39360,100,62115258160,100,142549591417,,,,,,,,,,
2019-08-14,Z302F1A5,ST4000DM000,4000787030016,0,119,212346952,,,92,0,100,10,100,0,89,933693238,,,55,39568,100,0,,,100,10,,,,,,,,,,,,,,,,,,,,,,,,,,,,,,,100,0,100,0,100,0,100,0,100,0,81,19,100,0,100,0,75,51803,19,19,,,,,100,0,100,0,200,0,,,,,,,,,,,,,,,,,,,,,,,,,,,100,39384,100,62128036576,100,142589611346,,,,,,,,,,
2019-08-15,Z302F1A5,ST4000DM000,4000787030016,0,114,67137064,,,92,0,100,10,100,0,89,935321174,,,55,39591,100,0,,,100,10,,,,,,,,,,,,,,,,,,,,,,,,,,,,,,,100,0,100,0,100,0,100,0,100,0,81,19,100,0,100,0,75,51803,19,19,,,,,100,0,100,0,200,0,,,,,,,,,,,,,,,,,,,,,,,,,,,100,39408,100,62145141192,100,142781564273,,,,,,,,,,
2019-08-16,Z302F1A5,ST4000DM000,4000787030016,0,119,218977784,,,92,0,100,10,100,0,89,937324203,,,55,39615,100,0,,,100,10,,,,,,,,,,,,,,,,,,,,,,,,,,,,,,,100,0,100,0,100,0,100,0,100,0,81,19,100,0,100,0,75,51803,19,19,,,,,100,0,100,0,200,0,,,,,,,,,,,,,,,,,,,,,,,,,,,100,39432,100,62162731184,100,143029298992,,,,,,,,,,
2019-08-17,Z302F1A5,ST4000DM000,4000787030016,0,119,223091552,,,92,0,100,10,100,0,89,938649218,,,55,39639,100,0,,,100,10,,,,,,,,,,,,,,,,,,,,,,,,,,,,,,,100,0,100,0,100,0,100,0,100,0,81,19,100,0,100,0,75,51803,19,19,,,,,100,0,100,0,200,0,,,,,,,,,,,,,,,,,,,,,,,,,,,100,39456,100,62179380336,100,143170689491,,,,,,,,,,
2019-08-18,Z302F1A5,ST4000DM000,4000787030016,0,114,71926424,,,92,0,100,10,100,0,90,941343611,,,55,39663,100,0,,,100,10,,,,,,,,,,,,,,,,,,,,,,,,,,,,,,,100,0,100,0,100,0,100,0,100,0,81,19,100,0,100,0,75,51803,19,19,,,,,100,0,100,0,200,0,,,,,,,,,,,,,,,,,,,,,,,,,,,100,39480,100,62196655264,100,143412042190,,,,,,,,,,
2019-08-19,Z302F1A5,ST4000DM000,4000787030016,0,114,58994672,,,92,0,100,10,100,0,90,943527925,,,55,39687,100,0,,,100,10,,,,,,,,,,,,,,,,,,,,,,,,,,,,,,,100,0,100,0,100,0,100,0,100,0,81,19,100,0,100,0,75,51803,19,19,,,,,100,0,100,0,200,0,,,,,,,,,,,,,,,,,,,,,,,,,,,100,39503,100,62217457584,100,143603589982,,,,,,,,,,
2019-08-20,Z302F1A5,ST4000DM000,4000787030016,0,112,42609904,,,92,0,100,10,100,0,90,945041861,,,55,39711,100,0,,,100,10,,,,,,,,,,,,,,,,,,,,,,,,,,,,,,,100,0,100,0,100,0,100,0,100,0,81,19,100,0,100,0,75,51803,19,19,,,,,100,0,100,0,200,0,,,,,,,,,,,,,,,,,,,,,,,,,,,100,39527,100,62231514328,100,143772385277,,,,,,,,,,
2019-08-21,Z302F1A5,ST4000DM000,4000787030016,0,114,74395608,,,92,0,100,10,100,0,90,947239488,,,55,39735,100,0,,,100,10,,,,,,,,,,,,,,,,,,,,,,,,,,,,,,,100,0,100,0,100,0,100,0,100,0,81,19,100,0,100,0,75,51803,19,19,,,,,100,0,100,0,200,0,,,,,,,,,,,,,,,,,,,,,,,,,,,100,39551,100,62262883304,100,143872161932,,,,,,,,,,
2019-08-22,Z302F1A5,ST4000DM000,4000787030016,0,117,122358392,,,92,0,100,10,100,0,90,948997588,,,55,39759,100,0,,,100,10,,,,,,,,,,,,,,,,,,,,,,,,,,,,,,,100,0,100,0,100,0,100,0,100,0,81,19,100,0,100,0,75,51804,19,19,,,,,100,0,100,0,200,0,,,,,,,,,,,,,,,,,,,,,,,,,,,100,39575,100,62277486024,100,144102295381,,,,,,,,,,
2019-08-23,Z302F1A5,ST4000DM000,4000787030016,0,114,69452976,,,92,0,100,10,100,0,90,950526784,,,55,39783,100,0,,,100,10,,,,,,,,,,,,,,,,,,,,,,,,,,,,,,,100,0,100,0,100,0,100,0,100,0,81,19,100,0,100,0,75,51804,19,19,,,,,100,0,100,0,200,0,,,,,,,,,,,,,,,,,,,,,,,,,,,100,39599,100,62288737832,100,144277632843,,,,,,,,,,
2019-08-24,Z302F1A5,ST4000DM000,4000787030016,0,113,55857328,,,92,0,100,10,100,0,90,952127138,,,55,39806,100,0,,,100,10,,,,,,,,,,,,,,,,,,,,,,,,,,,,,,,100,0,100,0,100,0,100,0,100,0,81,19,100,0,100,0,75,51804,19,19,,,,,100,0,100,0,200,0,,,,,,,,,,,,,,,,,,,,,,,,,,,100,39623,100,62306531328,100,144442982210,,,,,,,,,,
2019-08-25,Z302F1A5,ST4000DM000,4000787030016,0,111,38745272,,,92,0,100,10,100,0,90,954684124,,,55,39830,100,0,,,100,10,,,,,,,,,,,,,,,,,,,,,,,,,,,,,,,100,0,100,0,100,0,100,0,100,0,81,19,100,0,100,0,75,51804,19,19,,,,,100,0,100,0,200,0,,,,,,,,,,,,,,,,,,,,,,,,,,,100,39647,100,62324476368,100,144638593336,,,,,,,,,,
2019-08-26,Z302F1A5,ST4000DM000,4000787030016,0,113,56187224,,,92,0,100,10,100,0,90,958436113,,,55,39878,100,0,,,100,10,,,,,,,,,,,,,,,,,,,,,,,,,,,,,,,100,0,100,0,100,0,100,0,100,0,81,19,100,0,100,0,75,51804,19,19,,,,,100,0,100,0,200,0,,,,,,,,,,,,,,,,,,,,,,,,,,,100,39695,100,62366192704,100,144985787682,,,,,,,,,,
2019-08-27,Z302F1A5,ST4000DM000,4000787030016,0,113,56187224,,,92,0,100,10,100,0,90,958436113,,,55,39878,100,0,,,100,10,,,,,,,,,,,,,,,,,,,,,,,,,,,,,,,100,0,100,0,100,0,100,0,100,0,81,19,100,0,100,0,75,51804,19,19,,,,,100,0,100,0,200,0,,,,,,,,,,,,,,,,,,,,,,,,,,,100,39695,100,62366192704,100,144985787682,,,,,,,,,,
2019-08-28,Z302F1A5,ST4000DM000,4000787030016,0,119,232291448,,,92,0,100,10,100,0,90,960572164,,,55,39902,100,0,,,100,10,,,,,,,,,,,,,,,,,,,,,,,,,,,,,,,100,0,100,0,100,0,100,0,100,0,81,19,100,0,100,0,75,51804,19,19,,,,,100,0,100,0,200,0,,,,,,,,,,,,,,,,,,,,,,,,,,,100,39719,100,62391077360,100,145086972273,,,,,,,,,,
2019-08-29,Z302F1A5,ST4000DM000,4000787030016,0,117,121660672,,,92,0,100,10,100,0,90,961744041,,,55,39926,100,0,,,100,10,,,,,,,,,,,,,,,,,,,,,,,,,,,,,,,100,0,100,0,100,0,100,0,100,0,81,19,100,0,100,0,75,51804,19,19,,,,,100,0,100,0,200,0,,,,,,,,,,,,,,,,,,,,,,,,,,,100,39743,100,62419519536,100,145310887279,,,,,,,,,,
2019-08-30,Z302F1A5,ST4000DM000,4000787030016,0,107,13347568,,,92,0,100,10,100,0,90,962548116,,,55,39950,100,0,,,100,10,,,,,,,,,,,,,,,,,,,,,,,,,,,,,,,100,0,100,0,100,0,100,0,100,0,81,19,100,0,100,0,75,51804,19,19,,,,,100,0,100,0,200,0,,,,,,,,,,,,,,,,,,,,,,,,,,,100,39766,100,62437512320,100,145503586267,,,,,,,,,,
2019-08-31,Z302F1A5,ST4000DM000,4000787030016,0,119,216164960,,,92,0,100,10,100,0,90,963396023,,,55,39974,100,0,,,100,10,,,,,,,,,,,,,,,,,,,,,,,,,,,,,,,100,0,100,0,100,0,100,0,100,0,81,19,100,0,100,0,75,51804,19,19,,,,,100,0,100,0,200,0,,,,,,,,,,,,,,,,,,,,,,,,,,,100,39790,100,62463323640,100,145641396867,,,,,,,,,,
2019-09-01,Z302F1A5,ST4000DM000,4000787030016,0,112,47141184,,,92,0,100,10,100,0,90,966595118,,,55,39998,100,0,,,100,10,,,,,,,,,,,,,,,,,,,,,,,,,,,,,,,100,0,100,0,100,0,100,0,100,0,81,19,100,0,100,0,75,51804,19,19,,,,,100,0,100,0,200,0,,,,,,,,,,,,,,,,,,,,,,,,,,,100,39814,100,62497824240,100,145802172693,,,,,,,,,,
2019-09-02,Z302F1A5,ST4000DM000,4000787030016,0,116,115247856,,,92,0,100,10,100,0,90,968515463,,,55,40021,100,0,,,100,10,,,,,,,,,,,,,,,,,,,,,,,,,,,,,,,100,0,100,0,100,0,100,0,100,0,81,19,100,0,100,0,75,51804,19,19,,,,,100,0,100,0,200,0,,,,,,,,,,,,,,,,,,,,,,,,,,,100,39838,100,62524830264,100,145991131358,,,,,,,,,,
2019-09-03,Z302F1A5,ST4000DM000,4000787030016,0,119,220524360,,,92,0,100,10,100,0,90,969525171,,,55,40045,100,0,,,100,10,,,,,,,,,,,,,,,,,,,,,,,,,,,,,,,100,0,100,0,100,0,100,0,100,0,81,19,100,0,100,0,75,51804,19,19,,,,,100,0,100,0,200,0,,,,,,,,,,,,,,,,,,,,,,,,,,,100,39862,100,62546631032,100,146111770911,,,,,,,,,,
2019-09-04,Z302F1A5,ST4000DM000,4000787030016,0,105,9674480,,,92,0,100,10,100,0,90,971512607,,,55,40069,100,0,,,100,10,,,,,,,,,,,,,,,,,,,,,,,,,,,,,,,100,0,100,0,100,0,100,0,100,0,81,19,100,0,100,0,75,51804,19,19,,,,,100,0,100,0,200,0,,,,,,,,,,,,,,,,,,,,,,,,,,,100,39885,100,62570394448,100,146181060494,,,,,,,,,,
2019-09-05,Z302F1A5,ST4000DM000,4000787030016,0,111,35300464,,,92,0,100,10,100,0,90,973526000,,,55,40093,100,0,,,100,10,,,,,,,,,,,,,,,,,,,,,,,,,,,,,,,100,0,100,0,100,0,100,0,100,0,81,19,100,0,100,0,75,51804,19,19,,,,,100,0,100,0,200,0,,,,,,,,,,,,,,,,,,,,,,,,,,,100,39909,100,62593201304,100,146486918625,,,,,,,,,,
2019-09-06,Z302F1A5,ST4000DM000,4000787030016,0,118,194620520,,,92,0,100,10,100,0,90,975761929,,,55,40117,100,0,,,100,10,,,,,,,,,,,,,,,,,,,,,,,,,,,,,,,100,0,100,0,100,0,100,0,100,0,81,19,100,0,100,0,75,51804,19,19,,,,,100,0,100,0,200,0,,,,,,,,,,,,,,,,,,,,,,,,,,,100,39933,100,62618205112,100,146805242940,,,,,,,,,,
2019-09-07,Z302F1A5,ST4000DM000,4000787030016,0,114,63096232,,,92,0,100,10,100,0,90,978327153,,,55,40141,100,0,,,100,10,,,,,,,,,,,,,,,,,,,,,,,,,,,,,,,100,0,100,0,100,0,100,0,100,0,81,19,100,0,100,0,75,51804,19,19,,,,,100,0,100,0,200,0,,,,,,,,,,,,,,,,,,,,,,,,,,,100,39957,100,62640671352,100,147171105879,,,,,,,,,,
2019-09-08,Z302F1A5,ST4000DM000,4000787030016,0,117,156074552,,,92,0,100,10,100,0,90,981567049,,,55,40165,100,0,,,100,10,,,,,,,,,,,,,,,,,,,,,,,,,,,,,,,100,0,100,0,100,0,100,0,100,0,81,19,100,0,100,0,75,51804,19,19,,,,,100,0,100,0,200,0,,,,,,,,,,,,,,,,,,,,,,,,,,,100,39981,100,62672890320,100,147508146414,,,,,,,,,,
2019-09-09,Z302F1A5,ST4000DM000,4000787030016,0,115,86303720,,,92,0,100,10,100,0,90,984606303,,,55,40189,100,0,,,100,10,,,,,,,,,,,,,,,,,,,,,,,,,,,,,,,100,0,100,0,100,0,100,0,100,0,81,19,100,0,100,0,75,51804,19,19,,,,,100,0,100,0,200,0,,,,,,,,,,,,,,,,,,,,,,,,,,,100,40005,100,62708353848,100,147786066666,,,,,,,,,,
2019-09-10,Z302F1A5,ST4000DM000,4000787030016,0,114,59234728,,,92,0,100,10,100,0,90,986238138,,,55,40213,100,0,,,100,10,,,,,,,,,,,,,,,,,,,,,,,,,,,,,,,100,0,100,0,100,0,100,0,100,0,81,19,100,0,100,0,75,51804,19,19,,,,,100,0,100,0,200,0,,,,,,,,,,,,,,,,,,,,,,,,,,,100,40029,100,62731166376,100,147984013740,,,,,,,,,,
2019-09-11,Z302F1A5,ST4000DM000,4000787030016,0,114,59624592,,,92,0,100,10,100,0,90,988588276,,,55,40236,100,0,,,100,10,,,,,,,,,,,,,,,,,,,,,,,,,,,,,,,100,0,100,0,100,0,100,0,100,0,81,19,100,0,100,0,75,51804,19,19,,,,,100,0,100,0,200,0,,,,,,,,,,,,,,,,,,,,,,,,,,,100,40053,100,62763068496,100,148096739604,,,,,,,,,,
2019-09-12,Z302F1A5,ST4000DM000,4000787030016,0,119,231406272,,,92,0,100,10,100,0,90,990740310,,,55,40260,100,0,,,100,10,,,,,,,,,,,,,,,,,,,,,,,,,,,,,,,100,0,100,0,100,0,100,0,100,0,81,19,100,0,100,0,75,51804,19,19,,,,,100,0,100,0,200,0,,,,,,,,,,,,,,,,,,,,,,,,,,,100,40077,100,62787201944,100,148381270509,,,,,,,,,,
2019-09-13,Z302F1A5,ST4000DM000,4000787030016,0,113,58704536,,,92,0,100,10,100,0,90,992237683,,,55,40284,100,0,,,100,10,,,,,,,,,,,,,,,,,,,,,,,,,,,,,,,100,0,100,0,100,0,100,0,100,0,82,18,100,0,100,0,75,51804,18,18,,,,,100,0,100,0,200,0,,,,,,,,,,,,,,,,,,,,,,,,,,,100,40101,100,62816988024,100,148533765844,,,,,,,,,,
2019-09-14,Z302F1A5,ST4000DM000,4000787030016,0,111,40242280,,,92,0,100,10,100,0,90,994141321,,,54,40308,100,0,,,100,10,,,,,,,,,,,,,,,,,,,,,,,,,,,,,,,100,0,100,0,100,0,100,0,100,0,81,19,100,0,100,0,75,51804,19,19,,,,,100,0,100,0,200,0,,,,,,,,,,,,,,,,,,,,,,,,,,,100,40125,100,62839620872,100,148760302555,,,,,,,,,,
2019-09-15,Z302F1A5,ST4000DM000,4000787030016,0,118,174131096,,,92,0,100,10,100,0,90,996204730,,,54,40333,100,0,,,100,10,,,,,,,,,,,,,,,,,,,,,,,,,,,,,,,100,0,100,0,100,0,100,0,100,0,81,19,100,0,100,0,75,51804,19,19,,,,,100,0,100,0,200,0,,,,,,,,,,,,,,,,,,,,,,,,,,,100,40149,100,62860886184,100,148944152992,,,,,,,,,,
2019-09-16,Z302F1A5,ST4000DM000,4000787030016,0,117,156053776,,,92,0,100,10,100,0,90,998905984,,,54,40357,100,0,,,100,10,,,,,,,,,,,,,,,,,,,,,,,,,,,,,,,100,0,100,0,100,0,100,0,100,0,81,19,100,0,100,0,75,51804,19,19,,,,,100,0,100,0,200,0,,,,,,,,,,,,,,,,,,,,,,,,,,,100,40173,100,62883305384,100,149158966431,,,,,,,,,,
2019-09-17,Z302F1A5,ST4000DM000,4000787030016,0,102,4498856,,,92,0,100,10,100,0,60,1045810,,,54,40381,100,0,,,100,10,,,,,,,,,,,,,,,,,,,,,,,,,,,,,,,100,0,100,0,100,0,100,0,100,0,81,19,100,0,100,0,75,51804,19,19,,,,,100,0,100,0,200,0,,,,,,,,,,,,,,,,,,,,,,,,,,,100,40197,100,62905440128,100,149416231246,,,,,,,,,,
2019-09-18,Z302F1A5,ST4000DM000,4000787030016,0,117,166830928,,,92,0,100,10,100,0,65,3187983,,,54,40405,100,0,,,100,10,,,,,,,,,,,,,,,,,,,,,,,,,,,,,,,100,0,100,0,100,0,100,0,100,0,81,19,100,0,100,0,75,51804,19,19,,,,,100,0,100,0,200,0,,,,,,,,,,,,,,,,,,,,,,,,,,,100,40221,100,62932198200,100,149497840898,,,,,,,,,,
2019-09-19,Z302F1A5,ST4000DM000,4000787030016,0,120,238584192,,,92,0,100,10,100,0,66,4899255,,,54,40429,100,0,,,100,10,,,,,,,,,,,,,,,,,,,,,,,,,,,,,,,100,0,100,0,100,0,100,0,100,0,81,19,100,0,100,0,75,51804,19,19,,,,,100,0,100,0,200,0,,,,,,,,,,,,,,,,,,,,,,,,,,,100,40245,100,62948574144,100,149709126448,,,,,,,,,,
2019-09-20,Z302F1A5,ST4000DM000,4000787030016,0,118,197718856,,,92,0,100,10,100,0,68,6565340,,,54,40453,100,0,,,100,10,,,,,,,,,,,,,,,,,,,,,,,,,,,,,,,100,0,100,0,100,0,100,0,100,0,81,19,100,0,100,0,75,51804,19,19,,,,,100,0,100,0,200,0,,,,,,,,,,,,,,,,,,,,,,,,,,,100,40269,100,62967944976,100,149885204130,,,,,,,,,,
2019-09-21,Z302F1A5,ST4000DM000,4000787030016,0,117,130981032,,,92,0,100,10,100,0,69,9541015,,,54,40477,100,0,,,100,10,,,,,,,,,,,,,,,,,,,,,,,,,,,,,,,100,0,100,0,100,0,100,0,100,0,81,19,100,0,100,0,75,51804,19,19,,,,,100,0,100,0,200,0,,,,,,,,,,,,,,,,,,,,,,,,,,,100,40293,100,62989664912,100,150052710915,,,,,,,,,,
2019-09-22,Z302F1A5,ST4000DM000,4000787030016,0,117,125942520,,,92,0,100,10,100,0,70,11488008,,,54,40501,100,0,,,100,10,,,,,,,,,,,,,,,,,,,,,,,,,,,,,,,100,0,100,0,100,0,100,0,100,0,81,19,100,0,100,0,75,51804,19,19,,,,,100,0,100,0,200,0,,,,,,,,,,,,,,,,,,,,,,,,,,,100,40317,100,63013805968,100,150245385266,,,,,,,,,,
2019-09-23,Z302F1A5,ST4000DM000,4000787030016,0,114,83439664,,,92,0,100,10,100,0,71,13825269,,,54,40525,100,0,,,100,10,,,,,,,,,,,,,,,,,,,,,,,,,,,,,,,100,0,100,0,100,0,100,0,100,0,81,19,100,0,100,0,75,51804,19,19,,,,,100,0,100,0,200,0,,,,,,,,,,,,,,,,,,,,,,,,,,,100,40341,100,63035664312,100,150422794606,,,,,,,,,,
2019-09-24,Z302F1A5,ST4000DM000,4000787030016,0,119,452896,,,92,0,100,10,100,0,72,14925046,,,54,40549,100,0,,,100,10,,,,,,,,,,,,,,,,,,,,,,,,,,,,,,,100,0,100,0,100,0,100,0,100,0,81,19,100,0,100,0,75,51804,19,19,,,,,100,0,100,0,200,0,,,,,,,,,,,,,,,,,,,,,,,,,,,100,40365,100,63066774512,100,150643118588,,,,,,,,,,
2019-09-25,Z302F1A5,ST4000DM000,4000787030016,0,118,173511696,,,92,0,100,10,100,0,72,17061817,,,54,40573,100,0,,,100,10,,,,,,,,,,,,,,,,,,,,,,,,,,,,,,,100,0,100,0,100,0,100,0,100,0,81,19,100,0,100,0,75,51805,19,19,,,,,100,0,100,0,200,0,,,,,,,,,,,,,,,,,,,,,,,,,,,100,40389,100,63101096056,100,150737303767,,,,,,,,,,
2019-09-26,Z302F1A5,ST4000DM000,4000787030016,0,119,224131664,,,92,0,100,10,100,0,72,18226958,,,54,40597,100,0,,,100,10,,,,,,,,,,,,,,,,,,,,,,,,,,,,,,,100,0,100,0,100,0,100,0,100,0,81,19,100,0,100,0,75,51805,19,19,,,,,100,0,100,0,200,0,,,,,,,,,,,,,,,,,,,,,,,,,,,100,40413,100,63123615200,100,150941448257,,,,,,,,,,
2019-09-27,Z302F1A5,ST4000DM000,4000787030016,0,116,114371912,,,92,0,100,10,100,0,72,18874473,,,54,40621,100,0,,,100,10,,,,,,,,,,,,,,,,,,,,,,,,,,,,,,,100,0,100,0,100,0,100,0,100,0,82,18,100,0,100,0,75,51805,18,18,,,,,100,0,100,0,200,0,,,,,,,,,,,,,,,,,,,,,,,,,,,100,40437,100,63144243520,100,151097888194,,,,,,,,,,
2019-09-28,Z302F1A5,ST4000DM000,4000787030016,0,118,169011208,,,92,0,100,10,100,0,72,19207212,,,54,40644,100,0,,,100,10,,,,,,,,,,,,,,,,,,,,,,,,,,,,,,,100,0,100,0,100,0,100,0,100,0,82,18,100,0,100,0,75,51805,18,18,,,,,100,0,100,0,200,0,,,,,,,,,,,,,,,,,,,,,,,,,,,100,40461,100,63162467472,100,151110556629,,,,,,,,,,
2019-09-29,Z302F1A5,ST4000DM000,4000787030016,0,102,3672720,,,92,0,100,10,100,0,72,20763557,,,54,40668,100,0,,,100,10,,,,,,,,,,,,,,,,,,,,,,,,,,,,,,,100,0,100,0,100,0,100,0,100,0,82,18,100,0,100,0,75,51805,18,18,,,,,100,0,100,0,200,0,,,,,,,,,,,,,,,,,,,,,,,,,,,100,40485,100,63189477448,100,151153731479,,,,,,,,,,
2019-09-30,Z302F1A5,ST4000DM000,4000787030016,0,117,119264136,,,92,0,100,10,100,0,73,21698954,,,54,40692,100,0,,,100,10,,,,,,,,,,,,,,,,,,,,,,,,,,,,,,,100,0,100,0,100,0,100,0,100,0,82,18,100,0,100,0,75,51806,18,18,,,,,100,0,100,0,200,0,,,,,,,,,,,,,,,,,,,,,,,,,,,100,40509,100,63225292952,100,151169108806,,,,,,,,,,
2019-10-01,Z302F1A5,ST4000DM000,4000787030016,0,116,110964680,,,92,0,100,10,100,0,73,22264240,,,54,40716,100,0,,,100,10,,,,,,,,,,,,,,,,,,,,,,,,,,,,,,,,,100,0,100,0,100,0,100,0,100,0,82,18,100,0,100,0,75,51806,18,18,,,,,100,0,100,0,200,0,,,,,,,,,,,,,,,,,,,,,,,,,,,100,40533,100,63271623864,100,151177209772,,,,,,,,,,
2019-10-02,Z302F1A5,ST4000DM000,4000787030016,0,116,108661376,,,92,0,100,10,100,0,73,24801703,,,54,40752,100,0,,,100,10,,,,,,,,,,,,,,,,,,,,,,,,,,,,,,,,,100,0,100,0,100,0,100,0,100,0,81,19,100,0,100,0,75,51808,19,19,,,,,100,0,100,0,200,0,,,,,,,,,,,,,,,,,,,,,,,,,,,100,40568,100,63325534240,100,151279882494,,,,,,,,,,
2019-10-03,Z302F1A5,ST4000DM000,4000787030016,0,117,128846784,,,92,0,100,10,100,0,74,25728277,,,54,40776,100,0,,,100,10,,,,,,,,,,,,,,,,,,,,,,,,,,,,,,,,,100,0,100,0,100,0,100,0,100,0,82,18,100,0,100,0,75,51812,18,18,,,,,100,0,100,0,200,0,,,,,,,,,,,,,,,,,,,,,,,,,,,100,40593,100,63341031816,100,151428366685,,,,,,,,,,
2019-10-04,Z302F1A5,ST4000DM000,4000787030016,0,113,53614600,,,92,0,100,10,100,0,74,25888670,,,54,40788,100,0,,,100,10,,,,,,,,,,,,,,,,,,,,,,,,,,,,,,,,,100,0,100,0,100,0,100,0,100,0,82,18,100,0,100,0,75,51812,18,18,,,,,100,0,100,0,200,0,,,,,,,,,,,,,,,,,,,,,,,,,,,100,40605,100,63353074400,100,151433712925,,,,,,,,,,
2019-10-05,Z302F1A5,ST4000DM000,4000787030016,0,119,232772480,,,92,0,100,10,100,0,74,26587442,,,54,40812,100,0,,,100,10,,,,,,,,,,,,,,,,,,,,,,,,,,,,,,,,,100,0,100,0,100,0,100,0,100,0,81,19,100,0,100,0,75,51821,19,19,,,,,100,0,100,0,200,0,,,,,,,,,,,,,,,,,,,,,,,,,,,100,40629,100,63372384240,100,151548069637,,,,,,,,,,
2019-10-06,Z302F1A5,ST4000DM000,4000787030016,0,114,77680792,,,92,0,100,10,100,0,74,28309257,,,54,40836,100,0,,,100,10,,,,,,,,,,,,,,,,,,,,,,,,,,,,,,,,,100,0,100,0,100,0,100,0,100,0,81,19,100,0,100,0,75,51821,19,19,,,,,100,0,100,0,200,0,,,,,,,,,,,,,,,,,,,,,,,,,,,100,40652,100,63411406184,100,151686368214,,,,,,,,,,
2019-10-07,Z302F1A5,ST4000DM000,4000787030016,0,119,217985864,,,92,0,100,10,100,0,75,29769902,,,54,40860,100,0,,,100,10,,,,,,,,,,,,,,,,,,,,,,,,,,,,,,,,,100,0,100,0,100,0,100,0,100,0,82,18,100,0,100,0,75,51821,18,18,,,,,100,0,100,0,200,0,,,,,,,,,,,,,,,,,,,,,,,,,,,100,40676,100,63458875512,100,151754713243,,,,,,,,,,
2019-10-08,Z302F1A5,ST4000DM000,4000787030016,0,119,228928368,,,92,0,100,10,100,0,75,30239128,,,54,40884,100,0,,,100,10,,,,,,,,,,,,,,,,,,,,,,,,,,,,,,,,,100,0,100,0,100,0,100,0,100,0,82,18,100,0,100,0,75,51821,18,18,,,,,100,0,100,0,200,0,,,,,,,,,,,,,,,,,,,,,,,,,,,100,40700,100,63485357080,100,151774846916,,,,,,,,,,
2019-10-09,Z302F1A5,ST4000DM000,4000787030016,0,117,122160272,,,92,0,100,10,100,0,75,32478388,,,54,40908,100,0,,,100,10,,,,,,,,,,,,,,,,,,,,,,,,,,,,,,,,,100,0,100,0,100,0,100,0,100,0,81,19,100,0,100,0,75,51821,19,19,,,,,100,0,100,0,200,0,,,,,,,,,,,,,,,,,,,,,,,,,,,100,40724,100,63508287720,100,151878770854,,,,,,,,,,
2019-10-10,Z302F1A5,ST4000DM000,4000787030016,0,117,118599976,,,92,0,100,10,100,0,75,33452724,,,54,40932,100,0,,,100,10,,,,,,,,,,,,,,,,,,,,,,,,,,,,,,,,,100,0,100,0,100,0,100,0,100,0,81,19,100,0,100,0,75,51821,19,19,,,,,100,0,100,0,200,0,,,,,,,,,,,,,,,,,,,,,,,,,,,100,40748,100,63529719328,100,151990853734,,,,,,,,,,
2019-10-11,Z302F1A5,ST4000DM000,4000787030016,0,114,73813176,,,92,0,100,10,100,0,75,34681524,,,54,40956,100,0,,,100,10,,,,,,,,,,,,,,,,,,,,,,,,,,,,,,,,,100,0,100,0,100,0,100,0,100,0,81,19,100,0,100,0,75,51823,19,19,,,,,100,0,100,0,200,0,,,,,,,,,,,,,,,,,,,,,,,,,,,100,40772,100,63555935416,100,152142924116,,,,,,,,,,
2019-10-12,Z302F1A5,ST4000DM000,4000787030016,0,117,130109600,,,92,0,100,10,100,0,75,38316188,,,54,40991,100,0,,,100,10,,,,,,,,,,,,,,,,,,,,,,,,,,,,,,,,,100,0,100,0,100,0,100,0,100,0,81,19,100,0,100,0,75,51828,19,19,,,,,100,0,100,0,200,0,,,,,,,,,,,,,,,,,,,,,,,,,,,100,40808,100,63584563560,100,152390137115,,,,,,,,,,
2019-10-13,Z302F1A5,ST4000DM000,4000787030016,0,108,17900456,,,92,0,100,10,100,0,75,40686130,,,54,41015,100,0,,,100,10,,,,,,,,,,,,,,,,,,,,,,,,,,,,,,,,,100,0,100,0,100,0,100,0,100,0,82,18,100,0,100,0,75,51828,18,18,,,,,100,0,100,0,200,0,,,,,,,,,,,,,,,,,,,,,,,,,,,100,40832,100,63593323288,100,152563844930,,,,,,,,,,
2019-10-14,Z302F1A5,ST4000DM000,4000787030016,0,119,232316104,,,92,0,100,10,100,0,75,41645802,,,54,41039,100,0,,,100,10,,,,,,,,,,,,,,,,,,,,,,,,,,,,,,,,,100,0,100,0,100,0,100,0,100,0,81,19,100,0,100,0,75,51832,19,19,,,,,100,0,100,0,200,0,,,,,,,,,,,,,,,,,,,,,,,,,,,100,40856,100,63607802864,100,152696005865,,,,,,,,,,
2019-10-15,Z302F1A5,ST4000DM000,4000787030016,0,117,134373152,,,92,0,100,10,100,0,76,44798947,,,54,41087,100,0,,,100,10,,,,,,,,,,,,,,,,,,,,,,,,,,,,,,,,,100,0,100,0,100,0,100,0,100,0,82,18,100,0,100,0,75,51932,18,18,,,,,100,0,100,0,200,0,,,,,,,,,,,,,,,,,,,,,,,,,,,100,40904,100,63616925632,100,152952068896,,,,,,,,,,
2019-10-16,Z302F1A5,ST4000DM000,4000787030016,0,117,134373152,,,92,0,100,10,100,0,76,44798947,,,54,41087,100,0,,,100,10,,,,,,,,,,,,,,,,,,,,,,,,,,,,,,,,,100,0,100,0,100,0,100,0,100,0,82,18,100,0,100,0,75,51932,18,18,,,,,100,0,100,0,200,0,,,,,,,,,,,,,,,,,,,,,,,,,,,100,40904,100,63616925632,100,152952068896,,,,,,,,,,
2019-10-17,Z302F1A5,ST4000DM000,4000787030016,0,108,18010288,,,92,0,100,10,100,0,76,46135041,,,54,41111,100,0,,,100,10,,,,,,,,,,,,,,,,,,,,,,,,,,,,,,,,,100,0,100,0,100,0,100,0,100,0,81,19,100,0,100,0,74,52037,19,19,,,,,100,0,100,0,200,0,,,,,,,,,,,,,,,,,,,,,,,,,,,100,40927,100,63621898856,100,153133201316,,,,,,,,,,
2019-10-18,Z302F1A5,ST4000DM000,4000787030016,0,120,237394984,,,92,0,100,10,100,0,76,48272252,,,54,41135,100,0,,,100,10,,,,,,,,,,,,,,,,,,,,,,,,,,,,,,,,,100,0,100,0,100,0,100,0,100,0,81,19,100,0,100,0,74,52040,19,19,,,,,100,0,100,0,200,0,,,,,,,,,,,,,,,,,,,,,,,,,,,100,40951,100,63635965496,100,153394500433,,,,,,,,,,
2019-10-19,Z302F1A5,ST4000DM000,4000787030016,0,119,234750816,,,92,0,100,10,100,0,77,50432508,,,54,41159,100,0,,,100,10,,,,,,,,,,,,,,,,,,,,,,,,,,,,,,,,,100,0,100,0,100,0,100,0,100,0,81,19,100,0,100,0,74,52040,19,19,,,,,100,0,100,0,200,0,,,,,,,,,,,,,,,,,,,,,,,,,,,100,40975,100,63661901528,100,153656800538,,,,,,,,,,
2019-10-20,Z302F1A5,ST4000DM000,4000787030016,0,118,174098608,,,92,0,100,10,100,0,77,53020685,,,53,41183,100,0,,,100,10,,,,,,,,,,,,,,,,,,,,,,,,,,,,,,,,,100,0,100,0,100,0,100,0,100,0,81,19,100,0,100,0,74,52040,19,19,,,,,100,0,100,0,200,0,,,,,,,,,,,,,,,,,,,,,,,,,,,100,40998,100,63688768760,100,153839528596,,,,,,,,,,
2019-10-21,Z302F1A5,ST4000DM000,4000787030016,0,118,191362344,,,92,0,100,10,100,0,77,55119079,,,53,41207,100,0,,,100,10,,,,,,,,,,,,,,,,,,,,,,,,,,,,,,,,,100,0,100,0,100,0,100,0,100,0,81,19,100,0,100,0,74,52040,19,19,,,,,100,0,100,0,200,0,,,,,,,,,,,,,,,,,,,,,,,,,,,100,41022,100,63713040120,100,154012676882,,,,,,,,,,
2019-10-22,Z302F1A5,ST4000DM000,4000787030016,0,119,230763640,,,92,0,100,10,100,0,77,56773897,,,53,41231,100,0,,,100,10,,,,,,,,,,,,,,,,,,,,,,,,,,,,,,,,,100,0,100,0,100,0,100,0,100,0,81,19,100,0,100,0,74,52040,19,19,,,,,100,0,100,0,200,0,,,,,,,,,,,,,,,,,,,,,,,,,,,100,41047,100,63741964208,100,154107410722,,,,,,,,,,
2019-10-23,Z302F1A5,ST4000DM000,4000787030016,0,119,229375544,,,92,0,100,10,100,0,77,58376973,,,53,41255,100,0,,,100,10,,,,,,,,,,,,,,,,,,,,,,,,,,,,,,,,,100,0,100,0,100,0,100,0,100,0,81,19,100,0,100,0,74,52040,19,19,,,,,100,0,100,0,200,0,,,,,,,,,,,,,,,,,,,,,,,,,,,100,41071,100,63765446760,100,154191856874,,,,,,,,,,
2019-10-24,Z302F1A5,ST4000DM000,4000787030016,0,118,168600960,,,92,0,100,10,100,0,78,59735700,,,53,41279,100,0,,,100,10,,,,,,,,,,,,,,,,,,,,,,,,,,,,,,,,,100,0,100,0,100,0,100,0,100,0,81,19,100,0,100,0,74,52040,19,19,,,,,100,0,100,0,200,0,,,,,,,,,,,,,,,,,,,,,,,,,,,100,41095,100,63787570952,100,154342153192,,,,,,,,,,
2019-10-25,Z302F1A5,ST4000DM000,4000787030016,0,117,130561944,,,92,0,100,10,100,0,78,61595814,,,53,41303,100,0,,,100,10,,,,,,,,,,,,,,,,,,,,,,,,,,,,,,,,,100,0,100,0,100,0,100,0,100,0,81,19,100,0,100,0,74,52040,19,19,,,,,100,0,100,0,200,0,,,,,,,,,,,,,,,,,,,,,,,,,,,100,41118,100,63801411808,100,154559513729,,,,,,,,,,
2019-10-26,Z302F1A5,ST4000DM000,4000787030016,0,117,149706608,,,92,0,100,10,100,0,78,63130984,,,53,41327,100,0,,,100,10,,,,,,,,,,,,,,,,,,,,,,,,,,,,,,,,,100,0,100,0,100,0,100,0,100,0,81,19,100,0,100,0,74,52040,19,19,,,,,100,0,100,0,200,0,,,,,,,,,,,,,,,,,,,,,,,,,,,100,41143,100,63814398584,100,154733856349,,,,,,,,,,
2019-10-27,Z302F1A5,ST4000DM000,4000787030016,0,114,80999160,,,92,0,100,10,100,0,78,65990285,,,53,41351,100,0,,,100,10,,,,,,,,,,,,,,,,,,,,,,,,,,,,,,,,,100,0,100,0,100,0,100,0,100,0,81,19,100,0,100,0,74,52040,19,19,,,,,100,0,100,0,200,0,,,,,,,,,,,,,,,,,,,,,,,,,,,100,41167,100,63835985376,100,154978574838,,,,,,,,,,
2019-10-28,Z302F1A5,ST4000DM000,4000787030016,0,116,113539008,,,92,0,100,10,100,0,78,68216595,,,53,41375,100,0,,,100,10,,,,,,,,,,,,,,,,,,,,,,,,,,,,,,,,,100,0,100,0,100,0,100,0,100,0,81,19,100,0,100,0,74,52040,19,19,,,,,100,0,100,0,200,0,,,,,,,,,,,,,,,,,,,,,,,,,,,100,41190,100,63846008912,100,155171472305,,,,,,,,,,
2019-10-29,Z302F1A5,ST4000DM000,4000787030016,0,120,240818256,,,92,0,100,10,100,0,78,69793022,,,53,41399,100,0,,,100,10,,,,,,,,,,,,,,,,,,,,,,,,,,,,,,,,,100,0,100,0,100,0,100,0,100,0,81,19,100,0,100,0,74,52040,19,19,,,,,100,0,100,0,200,0,,,,,,,,,,,,,,,,,,,,,,,,,,,100,41214,100,63864161496,100,155245039278,,,,,,,,,,
2019-10-30,Z302F1A5,ST4000DM000,4000787030016,0,117,118615808,,,92,0,100,10,100,0,78,71096928,,,53,41423,100,0,,,100,10,,,,,,,,,,,,,,,,,,,,,,,,,,,,,,,,,100,0,100,0,100,0,100,0,100,0,80,20,100,0,100,0,74,52040,20,20,,,,,100,0,100,0,200,0,,,,,,,,,,,,,,,,,,,,,,,,,,,100,41239,100,63880951168,100,155320915918,,,,,,,,,,
2019-10-31,Z302F1A5,ST4000DM000,4000787030016,0,117,129482432,,,92,0,100,10,100,0,78,72137840,,,53,41447,100,0,,,100,10,,,,,,,,,,,,,,,,,,,,,,,,,,,,,,,,,100,0,100,0,100,0,100,0,100,0,80,20,100,0,100,0,74,52040,20,20,,,,,100,0,100,0,200,0,,,,,,,,,,,,,,,,,,,,,,,,,,,100,41262,100,63889952696,100,155434777284,,,,,,,,,,
2019-11-01,Z302F1A5,ST4000DM000,4000787030016,0,119,226918528,,,92,0,100,10,100,0,78,73588394,,,53,41471,100,0,,,100,10,,,,,,,,,,,,,,,,,,,,,,,,,,,,,,,,,100,0,100,0,100,0,100,0,100,0,80,20,100,0,100,0,74,52040,20,20,,,,,100,0,100,0,200,0,,,,,,,,,,,,,,,,,,,,,,,,,,,100,41286,100,63894552536,100,155623664619,,,,,,,,,,
2019-11-02,Z302F1A5,ST4000DM000,4000787030016,0,117,123430160,,,92,0,100,10,100,0,78,75819505,,,53,41495,100,0,,,100,10,,,,,,,,,,,,,,,,,,,,,,,,,,,,,,,,,100,0,100,0,100,0,100,0,100,0,80,20,100,0,100,0,74,52040,20,20,,,,,100,0,100,0,200,0,,,,,,,,,,,,,,,,,,,,,,,,,,,100,41311,100,63901901544,100,155801608275,,,,,,,,,,
2019-11-03,Z302F1A5,ST4000DM000,4000787030016,0,117,142845856,,,92,0,100,10,100,0,78,78322401,,,53,41519,100,0,,,100,10,,,,,,,,,,,,,,,,,,,,,,,,,,,,,,,,,100,0,100,0,100,0,100,0,100,0,80,20,100,0,100,0,74,52040,20,20,,,,,100,0,100,0,200,0,,,,,,,,,,,,,,,,,,,,,,,,,,,100,41335,100,63907947544,100,156008925042,,,,,,,,,,
2019-11-04,Z302F1A5,ST4000DM000,4000787030016,0,110,25305536,,,92,0,100,10,100,0,78,79390935,,,53,41543,100,0,,,100,10,,,,,,,,,,,,,,,,,,,,,,,,,,,,,,,,,100,0,100,0,100,0,100,0,100,0,80,20,100,0,100,0,74,52040,20,20,,,,,100,0,100,0,200,0,,,,,,,,,,,,,,,,,,,,,,,,,,,100,41359,100,63913676392,100,156192090062,,,,,,,,,,
2019-11-06,Z302F1A5,ST4000DM000,4000787030016,0,118,180440992,,,92,0,100,11,100,0,78,80691464,,,53,41591,100,0,,,100,11,,,,,,,,,,,,,,,,,,,,,,,,,,,,,,,,,100,0,100,0,100,0,100,0,100,0,82,18,100,0,100,1,74,52041,18,18,,,,,100,0,100,0,200,0,,,,,,,,,,,,,,,,,,,,,,,,,,,100,41406,100,63927508832,100,156533522088,,,,,,,,,,
2019-11-07,Z302F1A5,ST4000DM000,4000787030016,0,108,18117616,,,92,0,100,11,100,0,78,81148990,,,53,41614,100,0,,,100,11,,,,,,,,,,,,,,,,,,,,,,,,,,,,,,,,,100,0,100,0,100,0,100,0,100,0,82,18,100,0,100,1,74,52041,18,18,,,,,100,0,100,0,200,0,,,,,,,,,,,,,,,,,,,,,,,,,,,100,41430,100,63935356336,100,156662926986,,,,,,,,,,
2019-11-08,Z302F1A5,ST4000DM000,4000787030016,0,105,9774296,,,92,0,100,11,100,0,78,83453038,,,53,41638,100,0,,,100,11,,,,,,,,,,,,,,,,,,,,,,,,,,,,,,,,,100,0,100,0,100,0,100,0,100,0,82,18,100,0,100,1,74,52041,18,18,,,,,100,0,100,0,200,0,,,,,,,,,,,,,,,,,,,,,,,,,,,100,41454,100,63943015112,100,156810679515,,,,,,,,,,
2019-11-09,Z302F1A5,ST4000DM000,4000787030016,0,119,233058008,,,92,0,100,11,100,0,79,84088443,,,53,41662,100,0,,,100,11,,,,,,,,,,,,,,,,,,,,,,,,,,,,,,,,,100,0,100,0,100,0,100,0,100,0,82,18,100,0,100,1,74,52041,18,18,,,,,100,0,100,0,200,0,,,,,,,,,,,,,,,,,,,,,,,,,,,100,41478,100,63947102272,100,156944754507,,,,,,,,,,
2019-11-10,Z302F1A5,ST4000DM000,4000787030016,0,117,124097016,,,92,0,100,11,100,0,79,86694723,,,53,41686,100,0,,,100,11,,,,,,,,,,,,,,,,,,,,,,,,,,,,,,,,,100,0,100,0,100,0,100,0,100,0,81,19,100,0,100,1,74,52041,19,19,,,,,100,0,100,0,200,0,,,,,,,,,,,,,,,,,,,,,,,,,,,100,41502,100,63951828168,100,157147962954,,,,,,,,,,
2019-11-11,Z302F1A5,ST4000DM000,4000787030016,0,117,141741784,,,92,0,100,11,100,0,79,88472973,,,53,41710,100,0,,,100,11,,,,,,,,,,,,,,,,,,,,,,,,,,,,,,,,,100,0,100,0,100,0,100,0,100,0,81,19,100,0,100,1,74,52041,19,19,,,,,100,0,100,0,200,0,,,,,,,,,,,,,,,,,,,,,,,,,,,100,41526,100,63956657352,100,157458924073,,,,,,,,,,
2019-11-12,Z302F1A5,ST4000DM000,4000787030016,0,115,91453360,,,92,0,100,11,100,0,79,90901515,,,53,41734,100,0,,,100,11,,,,,,,,,,,,,,,,,,,,,,,,,,,,,,,,,100,0,100,0,100,0,100,0,100,0,81,19,100,0,100,1,74,52041,19,19,,,,,100,0,100,0,200,0,,,,,,,,,,,,,,,,,,,,,,,,,,,100,41550,100,63964237512,100,157727708292,,,,,,,,,,
2019-11-13,Z302F1A5,ST4000DM000,4000787030016,0,114,79088312,,,92,0,100,11,100,0,79,93155053,,,53,41758,100,0,,,100,11,,,,,,,,,,,,,,,,,,,,,,,,,,,,,,,,,100,0,100,0,100,0,100,0,100,0,80,20,100,0,100,1,74,52041,20,20,,,,,100,0,100,0,200,0,,,,,,,,,,,,,,,,,,,,,,,,,,,100,41574,100,63970764456,100,157961988899,,,,,,,,,,
2019-11-14,Z302F1A5,ST4000DM000,4000787030016,0,120,237824496,,,92,0,100,11,100,0,79,95543649,,,53,41782,100,0,,,100,11,,,,,,,,,,,,,,,,,,,,,,,,,,,,,,,,,100,0,100,0,100,0,100,0,100,0,81,19,100,0,100,1,74,52041,19,19,,,,,100,0,100,0,200,0,,,,,,,,,,,,,,,,,,,,,,,,,,,100,41598,100,63975100632,100,158273873639,,,,,,,,,,
2019-11-15,Z302F1A5,ST4000DM000,4000787030016,0,118,170653872,,,92,0,100,11,100,0,79,96983109,,,53,41806,100,0,,,100,11,,,,,,,,,,,,,,,,,,,,,,,,,,,,,,,,,100,0,100,0,100,0,100,0,100,0,81,19,100,0,100,1,74,52041,19,19,,,,,100,0,100,0,200,0,,,,,,,,,,,,,,,,,,,,,,,,,,,100,41621,100,63981814304,100,158501613332,,,,,,,,,,
2019-11-16,Z302F1A5,ST4000DM000,4000787030016,0,115,94634672,,,92,0,100,11,100,0,79,98489068,,,53,41830,100,0,,,100,11,,,,,,,,,,,,,,,,,,,,,,,,,,,,,,,,,100,0,100,0,100,0,100,0,100,0,81,19,100,0,100,1,74,52041,19,19,,,,,100,0,100,0,200,0,,,,,,,,,,,,,,,,,,,,,,,,,,,100,41645,100,63987017464,100,158698732168,,,,,,,,,,
2019-11-17,Z302F1A5,ST4000DM000,4000787030016,0,117,144905144,,,92,0,100,11,100,0,80,101493916,,,53,41854,100,0,,,100,11,,,,,,,,,,,,,,,,,,,,,,,,,,,,,,,,,100,0,100,0,100,0,100,0,100,0,75,25,100,0,100,1,74,52041,25,25,,,,,100,0,100,0,200,0,,,,,,,,,,,,,,,,,,,,,,,,,,,100,41669,100,63993791816,100,158939248573,,,,,,,,,,
2019-11-18,Z302F1A5,ST4000DM000,4000787030016,0,118,179134736,,,92,0,100,11,100,0,80,102905844,,,53,41877,100,0,,,100,11,,,,,,,,,,,,,,,,,,,,,,,,,,,,,,,,,100,0,100,0,100,0,100,0,100,0,81,19,100,0,100,1,74,52041,19,19,,,,,100,0,100,0,200,0,,,,,,,,,,,,,,,,,,,,,,,,,,,100,41693,100,64005760040,100,159100215561,,,,,,,,,,
2019-11-19,Z302F1A5,ST4000DM000,4000787030016,0,118,200529048,,,92,0,100,11,100,0,80,104918237,,,53,41901,100,0,,,100,11,,,,,,,,,,,,,,,,,,,,,,,,,,,,,,,,,100,0,100,0,100,0,100,0,100,0,81,19,100,0,100,1,74,52041,19,19,,,,,100,0,100,0,200,0,,,,,,,,,,,,,,,,,,,,,,,,,,,100,41717,100,64011207896,100,159286006476,,,,,,,,,,
2019-11-20,Z302F1A5,ST4000DM000,4000787030016,0,119,209176328,,,92,0,100,11,100,0,80,106596093,,,53,41925,100,0,,,100,11,,,,,,,,,,,,,,,,,,,,,,,,,,,,,,,,,100,0,100,0,100,0,100,0,100,0,81,19,100,0,100,1,74,52041,19,19,,,,,100,0,100,0,200,0,,,,,,,,,,,,,,,,,,,,,,,,,,,100,41741,100,64020236416,100,159394264240,,,,,,,,,,
2019-11-21,Z302F1A5,ST4000DM000,4000787030016,0,117,141178512,,,92,0,100,11,100,0,80,108050541,,,53,41949,100,0,,,100,11,,,,,,,,,,,,,,,,,,,,,,,,,,,,,,,,,100,0,100,0,100,0,100,0,100,0,81,19,100,0,100,1,74,52041,19,19,,,,,100,0,100,0,200,0,,,,,,,,,,,,,,,,,,,,,,,,,,,100,41764,100,64029295304,100,159580952980,,,,,,,,,,
2019-11-22,Z302F1A5,ST4000DM000,4000787030016,0,117,136371048,,,92,0,100,11,100,0,80,109977222,,,53,41973,100,0,,,100,11,,,,,,,,,,,,,,,,,,,,,,,,,,,,,,,,,100,0,100,0,100,0,100,0,100,0,81,19,100,0,100,1,74,52041,19,19,,,,,100,0,100,0,200,0,,,,,,,,,,,,,,,,,,,,,,,,,,,100,41788,100,64034172024,100,159841313168,,,,,,,,,,
2019-11-23,Z302F1A5,ST4000DM000,4000787030016,0,115,86465776,,,92,0,100,11,100,0,80,111288617,,,53,41996,100,0,,,100,11,,,,,,,,,,,,,,,,,,,,,,,,,,,,,,,,,100,0,100,0,100,0,100,0,100,0,81,19,100,0,100,1,74,52041,19,19,,,,,100,0,100,0,200,0,,,,,,,,,,,,,,,,,,,,,,,,,,,100,41812,100,64044995416,100,159981460535,,,,,,,,,,
2019-11-24,Z302F1A5,ST4000DM000,4000787030016,0,114,77103416,,,92,0,100,11,100,0,80,114100196,,,53,42020,100,0,,,100,11,,,,,,,,,,,,,,,,,,,,,,,,,,,,,,,,,100,0,100,0,100,0,100,0,100,0,81,19,100,0,100,1,74,52041,19,19,,,,,100,0,100,0,200,0,,,,,,,,,,,,,,,,,,,,,,,,,,,100,41836,100,64056240808,100,160188616111,,,,,,,,,,
2019-11-25,Z302F1A5,ST4000DM000,4000787030016,0,118,170779560,,,92,0,100,11,100,0,80,116688297,,,53,42044,100,0,,,100,11,,,,,,,,,,,,,,,,,,,,,,,,,,,,,,,,,100,0,100,0,100,0,100,0,100,0,81,19,100,0,100,1,74,52041,19,19,,,,,100,0,100,0,200,0,,,,,,,,,,,,,,,,,,,,,,,,,,,100,41860,100,64068809304,100,160370385280,,,,,,,,,,
2019-11-26,Z302F1A5,ST4000DM000,4000787030016,0,118,175617952,,,92,0,100,11,100,0,81,117904654,,,52,42068,100,0,,,100,11,,,,,,,,,,,,,,,,,,,,,,,,,,,,,,,,,100,0,100,0,100,0,100,0,100,0,81,19,100,0,100,1,74,52041,19,19,,,,,100,0,100,0,200,0,,,,,,,,,,,,,,,,,,,,,,,,,,,100,41884,100,64076126008,100,160529374396,,,,,,,,,,
2019-11-27,Z302F1A5,ST4000DM000,4000787030016,0,117,160170440,,,92,0,100,11,100,0,81,119512583,,,52,42092,100,0,,,100,11,,,,,,,,,,,,,,,,,,,,,,,,,,,,,,,,,100,0,100,0,100,0,100,0,100,0,81,19,100,0,100,1,74,52041,19,19,,,,,100,0,100,0,200,0,,,,,,,,,,,,,,,,,,,,,,,,,,,100,41908,100,64086502904,100,160612538004,,,,,,,,,,
2019-11-28,Z302F1A5,ST4000DM000,4000787030016,0,117,137183064,,,92,0,100,11,100,0,81,120512057,,,52,42116,100,0,,,100,11,,,,,,,,,,,,,,,,,,,,,,,,,,,,,,,,,100,0,100,0,100,0,100,0,100,0,81,19,100,0,100,1,74,52041,19,19,,,,,100,0,100,0,200,0,,,,,,,,,,,,,,,,,,,,,,,,,,,100,41931,100,64093772592,100,160815325297,,,,,,,,,,
2019-11-29,Z302F1A5,ST4000DM000,4000787030016,0,111,39264576,,,92,0,100,11,100,0,81,121140428,,,52,42139,100,0,,,100,11,,,,,,,,,,,,,,,,,,,,,,,,,,,,,,,,,100,0,100,0,100,0,100,0,100,0,81,19,100,0,100,1,74,52041,19,19,,,,,100,0,100,0,200,0,,,,,,,,,,,,,,,,,,,,,,,,,,,100,41955,100,64101492944,100,161008902335,,,,,,,,,,
2019-11-30,Z302F1A5,ST4000DM000,4000787030016,0,112,48354096,,,92,0,100,11,100,0,81,121749166,,,52,42163,100,0,,,100,11,,,,,,,,,,,,,,,,,,,,,,,,,,,,,,,,,100,0,100,0,100,0,100,0,100,0,81,19,100,0,100,1,74,52041,19,19,,,,,100,0,100,0,200,0,,,,,,,,,,,,,,,,,,,,,,,,,,,100,41979,100,64112207928,100,161171942911,,,,,,,,,,
2019-12-01,Z302F1A5,ST4000DM000,4000787030016,0,119,217161136,,,92,0,100,11,100,0,81,123836843,,,52,42187,100,0,,,100,11,,,,,,,,,,,,,,,,,,,,,,,,,,,,,,,,,100,0,100,0,100,0,100,0,100,0,81,19,100,0,100,1,74,52041,19,19,,,,,100,0,100,0,200,0,,,,,,,,,,,,,,,,,,,,,,,,,,,100,42003,100,64126504480,100,161323785537,,,,,,,,,,
2019-12-02,Z302F1A5,ST4000DM000,4000787030016,0,114,65176688,,,92,0,100,11,100,0,81,124513485,,,52,42211,100,0,,,100,11,,,,,,,,,,,,,,,,,,,,,,,,,,,,,,,,,100,0,100,0,100,0,100,0,100,0,81,19,100,0,100,1,74,52041,19,19,,,,,100,0,100,0,200,0,,,,,,,,,,,,,,,,,,,,,,,,,,,100,42026,100,64135304256,100,161494178118,,,,,,,,,,
2019-12-03,Z302F1A5,ST4000DM000,4000787030016,0,103,5606472,,,92,0,100,11,100,0,81,125394031,,,52,42234,100,0,,,100,11,,,,,,,,,,,,,,,,,,,,,,,,,,,,,,,,,100,0,100,0,100,0,100,0,100,0,81,19,100,0,100,1,74,52041,19,19,,,,,100,0,100,0,200,0,,,,,,,,,,,,,,,,,,,,,,,,,,,100,42050,100,64147469064,100,161593400578,,,,,,,,,,
2019-12-04,Z302F1A5,ST4000DM000,4000787030016,0,118,182073632,,,92,0,100,11,100,0,81,127159266,,,52,42258,100,0,,,100,11,,,,,,,,,,,,,,,,,,,,,,,,,,,,,,,,,100,0,100,0,100,0,100,0,100,0,81,19,100,0,100,1,74,52041,19,19,,,,,100,0,100,0,200,0,,,,,,,,,,,,,,,,,,,,,,,,,,,100,42074,100,64161359960,100,161687233432,,,,,,,,,,
2019-12-05,Z302F1A5,ST4000DM000,4000787030016,0,117,131242464,,,92,0,100,11,100,0,81,128636455,,,52,42282,100,0,,,100,11,,,,,,,,,,,,,,,,,,,,,,,,,,,,,,,,,100,0,100,0,100,0,100,0,100,0,81,19,100,0,100,1,74,52041,19,19,,,,,100,0,100,0,200,0,,,,,,,,,,,,,,,,,,,,,,,,,,,100,42098,100,64180189832,100,161952983682,,,,,,,,,,
2019-12-06,Z302F1A5,ST4000DM000,4000787030016,0,119,219479456,,,92,0,100,11,100,0,81,130972144,,,52,42306,100,0,,,100,11,,,,,,,,,,,,,,,,,,,,,,,,,,,,,,,,,100,0,100,0,100,0,100,0,100,0,81,19,100,0,100,1,74,52041,19,19,,,,,100,0,100,0,200,0,,,,,,,,,,,,,,,,,,,,,,,,,,,100,42122,100,64191910176,100,162312080512,,,,,,,,,,
2019-12-07,Z302F1A5,ST4000DM000,4000787030016,0,117,146996584,,,92,0,100,11,100,0,81,133858931,,,52,42330,100,0,,,100,11,,,,,,,,,,,,,,,,,,,,,,,,,,,,,,,,,100,0,100,0,100,0,100,0,100,0,81,19,100,0,100,1,74,52041,19,19,,,,,100,0,100,0,200,0,,,,,,,,,,,,,,,,,,,,,,,,,,,100,42146,100,64205681528,100,162666415883,,,,,,,,,,
2019-12-08,Z302F1A5,ST4000DM000,4000787030016,0,116,112964696,,,92,0,100,11,100,0,81,138479273,,,52,42354,100,0,,,100,11,,,,,,,,,,,,,,,,,,,,,,,,,,,,,,,,,100,0,100,0,100,0,100,0,100,0,81,19,100,0,100,1,74,52041,19,19,,,,,100,0,100,0,200,0,,,,,,,,,,,,,,,,,,,,,,,,,,,100,42170,100,64217064640,100,163004696844,,,,,,,,,,
2019-12-09,Z302F1A5,ST4000DM000,4000787030016,0,118,186000144,,,92,0,100,11,100,0,81,140619138,,,52,42378,100,0,,,100,11,,,,,,,,,,,,,,,,,,,,,,,,,,,,,,,,,100,0,100,0,100,0,100,0,100,0,81,19,100,0,100,1,74,52041,19,19,,,,,100,0,100,0,200,0,,,,,,,,,,,,,,,,,,,,,,,,,,,100,42194,100,64227269704,100,163211804239,,,,,,,,,,
2019-12-10,Z302F1A5,ST4000DM000,4000787030016,0,114,69296960,,,92,0,100,11,100,0,81,142316977,,,52,42402,100,0,,,100,11,,,,,,,,,,,,,,,,,,,,,,,,,,,,,,,,,100,0,100,0,100,0,100,0,100,0,81,19,100,0,100,1,74,52041,19,19,,,,,100,0,100,0,200,0,,,,,,,,,,,,,,,,,,,,,,,,,,,100,42218,100,64243888224,100,163411858707,,,,,,,,,,
2019-12-11,Z302F1A5,ST4000DM000,4000787030016,0,111,29374824,,,92,0,100,11,100,0,81,144366685,,,52,42426,100,0,,,100,11,,,,,,,,,,,,,,,,,,,,,,,,,,,,,,,,,100,0,100,0,100,0,100,0,100,0,81,19,100,0,100,1,74,52041,19,19,,,,,100,0,100,0,200,0,,,,,,,,,,,,,,,,,,,,,,,,,,,100,42242,100,64255919984,100,163535178945,,,,,,,,,,
2019-12-12,Z302F1A5,ST4000DM000,4000787030016,0,117,160155504,,,92,0,100,11,100,0,81,145627303,,,52,42450,100,0,,,100,11,,,,,,,,,,,,,,,,,,,,,,,,,,,,,,,,,100,0,100,0,100,0,100,0,100,0,81,19,100,0,100,1,74,52041,19,19,,,,,100,0,100,0,200,0,,,,,,,,,,,,,,,,,,,,,,,,,,,100,42265,100,64269623328,100,163714939754,,,,,,,,,,
2019-12-13,Z302F1A5,ST4000DM000,4000787030016,0,120,242998440,,,92,0,100,11,100,0,81,147166764,,,52,42473,100,0,,,100,11,,,,,,,,,,,,,,,,,,,,,,,,,,,,,,,,,100,0,100,0,100,0,100,0,100,0,81,19,100,0,100,1,74,52041,19,19,,,,,100,0,100,0,200,0,,,,,,,,,,,,,,,,,,,,,,,,,,,100,42289,100,64281573464,100,163916682233,,,,,,,,,,
2019-12-14,Z302F1A5,ST4000DM000,4000787030016,0,117,137187456,,,92,0,100,11,100,0,81,148596560,,,52,42497,100,0,,,100,11,,,,,,,,,,,,,,,,,,,,,,,,,,,,,,,,,100,0,100,0,100,0,100,0,100,0,81,19,100,0,100,1,74,52041,19,19,,,,,100,0,100,0,200,0,,,,,,,,,,,,,,,,,,,,,,,,,,,100,42313,100,64294779496,100,164087089093,,,,,,,,,,
2019-12-15,Z302F1A5,ST4000DM000,4000787030016,0,118,195122720,,,92,0,100,11,100,0,81,151438626,,,52,42521,100,0,,,100,11,,,,,,,,,,,,,,,,,,,,,,,,,,,,,,,,,100,0,100,0,100,0,100,0,100,0,81,19,100,0,100,1,74,52041,19,19,,,,,100,0,100,0,200,0,,,,,,,,,,,,,,,,,,,,,,,,,,,100,42337,100,64304818688,100,164310618855,,,,,,,,,,
2019-12-16,Z302F1A5,ST4000DM000,4000787030016,0,113,53095440,,,92,0,100,11,100,0,81,153822082,,,52,42545,100,0,,,100,11,,,,,,,,,,,,,,,,,,,,,,,,,,,,,,,,,100,0,100,0,100,0,100,0,100,0,81,19,100,0,100,1,74,52041,19,19,,,,,100,0,100,0,200,0,,,,,,,,,,,,,,,,,,,,,,,,,,,100,42361,100,64321102864,100,164566491849,,,,,,,,,,
2019-12-17,Z302F1A5,ST4000DM000,4000787030016,0,117,123379576,,,92,0,100,11,100,0,81,155223492,,,52,42569,100,0,,,100,11,,,,,,,,,,,,,,,,,,,,,,,,,,,,,,,,,100,0,100,0,100,0,100,0,100,0,81,19,100,0,100,1,74,52041,19,19,,,,,100,0,100,0,200,0,,,,,,,,,,,,,,,,,,,,,,,,,,,100,42385,100,64335961520,100,164706095991,,,,,,,,,,
2019-12-18,Z302F1A5,ST4000DM000,4000787030016,0,115,86904592,,,92,0,100,11,100,0,81,157267742,,,52,42593,100,0,,,100,11,,,,,,,,,,,,,,,,,,,,,,,,,,,,,,,,,100,0,100,0,100,0,100,0,100,0,81,19,100,0,100,1,74,52041,19,19,,,,,100,0,100,0,200,0,,,,,,,,,,,,,,,,,,,,,,,,,,,100,42409,100,64348639464,100,164798209614,,,,,,,,,,
2019-12-19,Z302F1A5,ST4000DM000,4000787030016,0,119,226470592,,,92,0,100,11,100,0,81,158690416,,,52,42617,100,0,,,100,11,,,,,,,,,,,,,,,,,,,,,,,,,,,,,,,,,100,0,100,0,100,0,100,0,100,0,81,19,100,0,100,1,74,52041,19,19,,,,,100,0,100,0,200,0,,,,,,,,,,,,,,,,,,,,,,,,,,,100,42432,100,64359063344,100,164981565329,,,,,,,,,,
2019-12-20,Z302F1A5,ST4000DM000,4000787030016,0,117,143357000,,,92,0,100,11,100,0,81,160707736,,,52,42640,100,0,,,100,11,,,,,,,,,,,,,,,,,,,,,,,,,,,,,,,,,100,0,100,0,100,0,100,0,100,0,82,18,100,0,100,1,74,52041,18,18,,,,,100,0,100,0,200,0,,,,,,,,,,,,,,,,,,,,,,,,,,,100,42456,100,64369582136,100,165145960435,,,,,,,,,,
2019-12-21,Z302F1A5,ST4000DM000,4000787030016,0,117,156920288,,,92,0,100,11,100,0,81,161748720,,,52,42664,100,0,,,100,11,,,,,,,,,,,,,,,,,,,,,,,,,,,,,,,,,100,0,100,0,100,0,100,0,100,0,81,19,100,0,100,1,74,52041,19,19,,,,,100,0,100,0,200,0,,,,,,,,,,,,,,,,,,,,,,,,,,,100,42480,100,64384333800,100,165314442206,,,,,,,,,,
2019-12-22,Z302F1A5,ST4000DM000,4000787030016,0,116,104744656,,,92,0,100,11,100,0,81,163749697,,,52,42688,100,0,,,100,11,,,,,,,,,,,,,,,,,,,,,,,,,,,,,,,,,100,0,100,0,100,0,100,0,100,0,81,19,100,0,100,1,74,52041,19,19,,,,,100,0,100,0,200,0,,,,,,,,,,,,,,,,,,,,,,,,,,,100,42504,100,64409722552,100,165515056385,,,,,,,,,,
2019-12-23,Z302F1A5,ST4000DM000,4000787030016,0,119,220362032,,,92,0,100,11,100,0,81,165294383,,,52,42712,100,0,,,100,11,,,,,,,,,,,,,,,,,,,,,,,,,,,,,,,,,100,0,100,0,100,0,100,0,100,0,82,18,100,0,100,1,74,52041,18,18,,,,,100,0,100,0,200,0,,,,,,,,,,,,,,,,,,,,,,,,,,,100,42528,100,64425252856,100,165730895016,,,,,,,,,,
2019-12-24,Z302F1A5,ST4000DM000,4000787030016,0,119,216545592,,,92,0,100,11,100,0,81,166074799,,,52,42736,100,0,,,100,11,,,,,,,,,,,,,,,,,,,,,,,,,,,,,,,,,100,0,100,0,100,0,100,0,100,0,82,18,100,0,100,1,74,52041,18,18,,,,,100,0,100,0,200,0,,,,,,,,,,,,,,,,,,,,,,,,,,,100,42552,100,64442832152,100,165904029126,,,,,,,,,,
2019-12-25,Z302F1A5,ST4000DM000,4000787030016,0,118,168239664,,,92,0,100,11,100,0,82,167827269,,,52,42760,100,0,,,100,11,,,,,,,,,,,,,,,,,,,,,,,,,,,,,,,,,100,0,100,0,100,0,100,0,100,0,81,19,100,0,100,1,74,52041,19,19,,,,,100,0,100,0,200,0,,,,,,,,,,,,,,,,,,,,,,,,,,,100,42576,100,64463600928,100,165984294721,,,,,,,,,,
2019-12-26,Z302F1A5,ST4000DM000,4000787030016,0,115,97686256,,,92,0,100,11,100,0,82,168310970,,,52,42784,100,0,,,100,11,,,,,,,,,,,,,,,,,,,,,,,,,,,,,,,,,100,0,100,0,100,0,100,0,100,0,81,19,100,0,100,1,74,52041,19,19,,,,,100,0,100,0,200,0,,,,,,,,,,,,,,,,,,,,,,,,,,,100,42600,100,64476128888,100,166099807746,,,,,,,,,,
2019-12-27,Z302F1A5,ST4000DM000,4000787030016,0,118,191667832,,,92,0,100,11,100,0,82,169109687,,,52,42808,100,0,,,100,11,,,,,,,,,,,,,,,,,,,,,,,,,,,,,,,,,100,0,100,0,100,0,100,0,100,0,82,18,100,0,100,1,74,52041,18,18,,,,,100,0,100,0,200,0,,,,,,,,,,,,,,,,,,,,,,,,,,,100,42624,100,64489703432,100,166257481977,,,,,,,,,,
2019-12-28,Z302F1A5,ST4000DM000,4000787030016,0,111,40580840,,,92,0,100,11,100,0,82,170228923,,,52,42832,100,0,,,100,11,,,,,,,,,,,,,,,,,,,,,,,,,,,,,,,,,100,0,100,0,100,0,100,0,100,0,81,19,100,0,100,1,74,52041,19,19,,,,,100,0,100,0,200,0,,,,,,,,,,,,,,,,,,,,,,,,,,,100,42648,100,64503449632,100,166408446695,,,,,,,,,,
2019-12-29,Z302F1A5,ST4000DM000,4000787030016,0,116,110880504,,,92,0,100,11,100,0,82,172840049,,,52,42856,100,0,,,100,11,,,,,,,,,,,,,,,,,,,,,,,,,,,,,,,,,100,0,100,0,100,0,100,0,100,0,81,19,100,0,100,1,74,52041,19,19,,,,,100,0,100,0,200,0,,,,,,,,,,,,,,,,,,,,,,,,,,,100,42671,100,64525880664,100,166738975754,,,,,,,,,,
2019-12-30,Z302F1A5,ST4000DM000,4000787030016,0,117,122186272,,,92,0,100,11,100,0,82,176270675,,,52,42880,100,0,,,100,11,,,,,,,,,,,,,,,,,,,,,,,,,,,,,,,,,100,0,100,0,100,0,100,0,100,0,81,19,100,0,100,1,74,52041,19,19,,,,,100,0,100,0,200,0,,,,,,,,,,,,,,,,,,,,,,,,,,,100,42695,100,64540730560,100,167112786393,,,,,,,,,,
2019-12-31,Z302F1A5,ST4000DM000,4000787030016,0,114,75154480,,,92,0,100,11,100,0,82,178664632,,,52,42904,100,0,,,100,11,,,,,,,,,,,,,,,,,,,,,,,,,,,,,,,,,100,0,100,0,100,0,100,0,100,0,81,19,100,0,100,1,74,52041,19,19,,,,,100,0,100,0,200,0,,,,,,,,,,,,,,,,,,,,,,,,,,,100,42719,100,64552147856,100,167427478719,,,,,,,,,,
