2019-01-01,Z305GWA4,ST4000DM000,4000787030016,0,117,129375352,,,97,0,100,3,100,0,84,252310028,,,72,25183,100,0,,,100,3,,,,,,,,,,,,,,,,,,,,,,,,,,,,,,,100,0,100,0,100,0,100,0,100,0,78,22,100,0,100,0,99,3186,22,22,,,,,100,0,100,0,200,0,,,,,,,,,,,,,,,,,,,,,,,,,,,100,25159,100,42666761832,100,143367345329,,,,,,,,,,
2019-01-02,Z305GWA4,ST4000DM000,4000787030016,0,115,86053784,,,97,0,100,3,100,0,84,252687802,,,72,25207,100,0,,,100,3,,,,,,,,,,,,,,,,,,,,,,,,,,,,,,,100,0,100,0,100,0,100,0,100,0,78,22,100,0,100,0,99,3186,22,22,,,,,100,0,100,0,200,0,,,,,,,,,,,,,,,,,,,,,,,,,,,100,25183,100,42669519680,100,143534158150,,,,,,,,,,
2019-01-03,Z305GWA4,ST4000DM000,4000787030016,0,114,75713464,,,97,0,100,3,100,0,84,253922754,,,72,25231,100,0,,,100,3,,,,,,,,,,,,,,,,,,,,,,,,,,,,,,,100,0,100,0,100,0,100,0,100,0,73,27,100,0,100,0,99,3186,27,27,,,,,100,0,100,0,200,0,,,,,,,,,,,,,,,,,,,,,,,,,,,100,25207,100,42674028224,100,143708553486,,,,,,,,,,
2019-01-04,Z305GWA4,ST4000DM000,4000787030016,0,114,72559128,,,97,0,100,3,100,0,84,254798270,,,72,25255,100,0,,,100,3,,,,,,,,,,,,,,,,,,,,,,,,,,,,,,,100,0,100,0,100,0,100,0,100,0,75,25,100,0,100,0,99,3186,25,25,,,,,100,0,100,0,200,0,,,,,,,,,,,,,,,,,,,,,,,,,,,100,25232,100,42676376848,100,143868192092,,,,,,,,,,
2019-01-05,Z305GWA4,ST4000DM000,4000787030016,0,119,234141240,,,97,0,100,3,100,0,84,255936733,,,72,25279,100,0,,,100,3,,,,,,,,,,,,,,,,,,,,,,,,,,,,,,,100,0,100,0,100,0,100,0,100,0,75,25,100,0,100,0,99,3186,25,25,,,,,100,0,100,0,200,0,,,,,,,,,,,,,,,,,,,,,,,,,,,100,25255,100,42679211936,100,144028913080,,,,,,,,,,
2019-01-06,Z305GWA4,ST4000DM000,4000787030016,0,118,197910496,,,97,0,100,3,100,0,84,258105705,,,72,25303,100,0,,,100,3,,,,,,,,,,,,,,,,,,,,,,,,,,,,,,,100,0,100,0,100,0,100,0,100,0,76,24,100,0,100,0,99,3186,24,24,,,,,100,0,100,0,200,0,,,,,,,,,,,,,,,,,,,,,,,,,,,100,25280,100,42683003560,100,144192738850,,,,,,,,,,
2019-01-07,Z305GWA4,ST4000DM000,4000787030016,0,114,81160224,,,97,0,100,3,100,0,84,258747953,,,72,25327,100,0,,,100,3,,,,,,,,,,,,,,,,,,,,,,,,,,,,,,,100,0,100,0,100,0,100,0,100,0,77,23,100,0,100,0,99,3186,23,23,,,,,100,0,100,0,200,0,,,,,,,,,,,,,,,,,,,,,,,,,,,100,25303,100,42685797392,100,144319429399,,,,,,,,,,
2019-01-08,Z305GWA4,ST4000DM000,4000787030016,0,119,230431632,,,97,0,100,3,100,0,84,259432624,,,72,25351,100,0,,,100,3,,,,,,,,,,,,,,,,,,,,,,,,,,,,,,,100,0,100,0,100,0,100,0,100,0,78,22,100,0,100,0,99,3186,22,22,,,,,100,0,100,0,200,0,,,,,,,,,,,,,,,,,,,,,,,,,,,100,25327,100,42688309744,100,144476244467,,,,,,,,,,
2019-01-09,Z305GWA4,ST4000DM000,4000787030016,0,120,240905792,,,97,0,100,3,100,0,84,260232584,,,72,25375,100,0,,,100,3,,,,,,,,,,,,,,,,,,,,,,,,,,,,,,,100,0,100,0,100,0,100,0,100,0,78,22,100,0,100,0,99,3186,22,22,,,,,100,0,100,0,200,0,,,,,,,,,,,,,,,,,,,,,,,,,,,100,25351,100,42690433280,100,144639565900,,,,,,,,,,
2019-01-10,Z305GWA4,ST4000DM000,4000787030016,0,117,167231824,,,97,0,100,3,100,0,84,261614120,,,72,25395,100,0,,,100,3,,,,,,,,,,,,,,,,,,,,,,,,,,,,,,,100,0,100,0,100,0,100,0,100,0,78,22,100,0,100,0,99,3186,22,22,,,,,100,0,100,0,200,0,,,,,,,,,,,,,,,,,,,,,,,,,,,100,25371,100,42694421912,100,144783842969,,,,,,,,,,
2019-01-11,Z305GWA4,ST4000DM000,4000787030016,0,118,181668248,,,97,0,100,3,100,0,84,262425893,,,71,25408,100,0,,,100,3,,,,,,,,,,,,,,,,,,,,,,,,,,,,,,,100,0,100,0,100,0,100,0,100,0,77,23,100,0,100,0,99,3186,23,23,,,,,100,0,100,0,200,0,,,,,,,,,,,,,,,,,,,,,,,,,,,100,25385,100,42695427576,100,144889753762,,,,,,,,,,
2019-01-12,Z305GWA4,ST4000DM000,4000787030016,0,115,84255360,,,97,0,100,3,100,0,84,263047006,,,71,25432,100,0,,,100,3,,,,,,,,,,,,,,,,,,,,,,,,,,,,,,,100,0,100,0,100,0,100,0,100,0,78,22,100,0,100,0,99,3186,22,22,,,,,100,0,100,0,200,0,,,,,,,,,,,,,,,,,,,,,,,,,,,100,25409,100,42696887816,100,145042653132,,,,,,,,,,
2019-01-13,Z305GWA4,ST4000DM000,4000787030016,0,119,210107248,,,97,0,100,3,100,0,84,263991475,,,71,25456,100,0,,,100,3,,,,,,,,,,,,,,,,,,,,,,,,,,,,,,,100,0,100,0,100,0,100,0,100,0,78,22,100,0,100,0,99,3186,22,22,,,,,100,0,100,0,200,0,,,,,,,,,,,,,,,,,,,,,,,,,,,100,25432,100,42700889344,100,145139258558,,,,,,,,,,
2019-01-14,Z305GWA4,ST4000DM000,4000787030016,0,116,114402088,,,97,0,100,3,100,0,84,265949070,,,71,25491,100,0,,,100,3,,,,,,,,,,,,,,,,,,,,,,,,,,,,,,,100,0,100,0,100,0,100,0,100,0,78,22,100,0,100,0,99,3186,22,22,,,,,100,0,100,0,200,0,,,,,,,,,,,,,,,,,,,,,,,,,,,100,25468,100,42703594840,100,145376158054,,,,,,,,,,
2019-01-15,Z305GWA4,ST4000DM000,4000787030016,0,119,215696024,,,97,0,100,3,100,0,84,266726876,,,71,25515,100,0,,,100,3,,,,,,,,,,,,,,,,,,,,,,,,,,,,,,,100,0,100,0,100,0,100,0,100,0,78,22,100,0,100,0,99,3186,22,22,,,,,100,0,100,0,200,0,,,,,,,,,,,,,,,,,,,,,,,,,,,100,25492,100,42706195312,100,145514482323,,,,,,,,,,
2019-01-16,Z305GWA4,ST4000DM000,4000787030016,0,108,20421864,,,97,0,100,3,100,0,84,267572820,,,71,25539,100,0,,,100,3,,,,,,,,,,,,,,,,,,,,,,,,,,,,,,,100,0,100,0,100,0,100,0,100,0,77,23,100,0,100,0,99,3186,23,23,,,,,100,0,100,0,200,0,,,,,,,,,,,,,,,,,,,,,,,,,,,100,25515,100,42708185688,100,145668119141,,,,,,,,,,
2019-01-17,Z305GWA4,ST4000DM000,4000787030016,0,114,82719136,,,97,0,100,3,100,0,84,268866784,,,71,25562,100,0,,,100,3,,,,,,,,,,,,,,,,,,,,,,,,,,,,,,,100,0,100,0,100,0,100,0,100,0,77,23,100,0,100,0,99,3186,23,23,,,,,100,0,100,0,200,0,,,,,,,,,,,,,,,,,,,,,,,,,,,100,25539,100,42712124664,100,145831075334,,,,,,,,,,
2019-01-18,Z305GWA4,ST4000DM000,4000787030016,0,114,72713736,,,97,0,100,3,100,0,84,269602874,,,71,25586,100,0,,,100,3,,,,,,,,,,,,,,,,,,,,,,,,,,,,,,,100,0,100,0,100,0,100,0,100,0,78,22,100,0,100,0,99,3186,22,22,,,,,100,0,100,0,200,0,,,,,,,,,,,,,,,,,,,,,,,,,,,100,25563,100,42713850568,100,145985867872,,,,,,,,,,
2019-01-19,Z305GWA4,ST4000DM000,4000787030016,0,117,152383920,,,97,0,100,3,100,0,84,270388969,,,71,25610,100,0,,,100,3,,,,,,,,,,,,,,,,,,,,,,,,,,,,,,,100,0,100,0,100,0,100,0,100,0,78,22,100,0,100,0,99,3186,22,22,,,,,100,0,100,0,200,0,,,,,,,,,,,,,,,,,,,,,,,,,,,100,25587,100,42715951760,100,146132907466,,,,,,,,,,
2019-01-20,Z305GWA4,ST4000DM000,4000787030016,0,117,146837832,,,97,0,100,3,100,0,84,271636965,,,71,25634,100,0,,,100,3,,,,,,,,,,,,,,,,,,,,,,,,,,,,,,,100,0,100,0,100,0,100,0,100,0,78,22,100,0,100,0,99,3186,22,22,,,,,100,0,100,0,200,0,,,,,,,,,,,,,,,,,,,,,,,,,,,100,25611,100,42719762680,100,146270053706,,,,,,,,,,
2019-01-21,Z305GWA4,ST4000DM000,4000787030016,0,119,734936,,,97,0,100,3,100,0,84,273502205,,,71,25658,100,0,,,100,3,,,,,,,,,,,,,,,,,,,,,,,,,,,,,,,100,0,100,0,100,0,100,0,100,0,78,22,100,0,100,0,99,3186,22,22,,,,,100,0,100,0,200,0,,,,,,,,,,,,,,,,,,,,,,,,,,,100,25634,100,42722344712,100,146436713074,,,,,,,,,,
2019-01-22,Z305GWA4,ST4000DM000,4000787030016,0,108,16600240,,,97,0,100,3,100,0,84,274631743,,,71,25681,100,0,,,100,3,,,,,,,,,,,,,,,,,,,,,,,,,,,,,,,100,0,100,0,100,0,100,0,100,0,76,24,100,0,100,0,99,3186,24,24,,,,,100,0,100,0,200,0,,,,,,,,,,,,,,,,,,,,,,,,,,,100,25658,100,42724528088,100,146581869659,,,,,,,,,,
2019-01-23,Z305GWA4,ST4000DM000,4000787030016,0,114,63714032,,,97,0,100,3,100,0,84,275208637,,,71,25705,100,0,,,100,3,,,,,,,,,,,,,,,,,,,,,,,,,,,,,,,100,0,100,0,100,0,100,0,100,0,78,22,100,0,100,0,99,3186,22,22,,,,,100,0,100,0,200,0,,,,,,,,,,,,,,,,,,,,,,,,,,,100,25682,100,42726349224,100,146658383341,,,,,,,,,,
2019-01-24,Z305GWA4,ST4000DM000,4000787030016,0,118,176538232,,,97,0,100,3,100,0,84,276791192,,,71,25729,100,0,,,100,3,,,,,,,,,,,,,,,,,,,,,,,,,,,,,,,100,0,100,0,100,0,100,0,100,0,78,22,100,0,100,0,99,3186,22,22,,,,,100,0,100,0,200,0,,,,,,,,,,,,,,,,,,,,,,,,,,,100,25705,100,42730317672,100,146813724981,,,,,,,,,,
2019-01-25,Z305GWA4,ST4000DM000,4000787030016,0,116,102162256,,,97,0,100,3,100,0,84,277592442,,,71,25753,100,0,,,100,3,,,,,,,,,,,,,,,,,,,,,,,,,,,,,,,100,0,100,0,100,0,100,0,100,0,78,22,100,0,100,0,99,3186,22,22,,,,,100,0,100,0,200,0,,,,,,,,,,,,,,,,,,,,,,,,,,,100,25729,100,42731851848,100,146978058815,,,,,,,,,,
2019-01-26,Z305GWA4,ST4000DM000,4000787030016,0,115,91668912,,,97,0,100,3,100,0,84,278318961,,,71,25777,100,0,,,100,3,,,,,,,,,,,,,,,,,,,,,,,,,,,,,,,100,0,100,0,100,0,100,0,100,0,78,22,100,0,100,0,99,3186,22,22,,,,,100,0,100,0,200,0,,,,,,,,,,,,,,,,,,,,,,,,,,,100,25753,100,42733588032,100,147127218507,,,,,,,,,,
2019-01-27,Z305GWA4,ST4000DM000,4000787030016,0,110,29223272,,,97,0,100,3,100,0,84,279439259,,,71,25800,100,0,,,100,3,,,,,,,,,,,,,,,,,,,,,,,,,,,,,,,100,0,100,0,100,0,100,0,100,0,78,22,100,0,100,0,99,3186,22,22,,,,,100,0,100,0,200,0,,,,,,,,,,,,,,,,,,,,,,,,,,,100,25777,100,42737761568,100,147264028765,,,,,,,,,,
2019-01-28,Z305GWA4,ST4000DM000,4000787030016,0,117,136292920,,,97,0,100,3,100,0,84,280711661,,,71,25824,100,0,,,100,3,,,,,,,,,,,,,,,,,,,,,,,,,,,,,,,100,0,100,0,100,0,100,0,100,0,78,22,100,0,100,0,99,3186,22,22,,,,,100,0,100,0,200,0,,,,,,,,,,,,,,,,,,,,,,,,,,,100,25800,100,42742461616,100,147368149386,,,,,,,,,,
2019-01-29,Z305GWA4,ST4000DM000,4000787030016,0,117,119813864,,,97,0,100,3,100,0,84,281227801,,,71,25848,100,0,,,100,3,,,,,,,,,,,,,,,,,,,,,,,,,,,,,,,100,0,100,0,100,0,100,0,100,0,78,22,100,0,100,0,99,3186,22,22,,,,,100,0,100,0,200,0,,,,,,,,,,,,,,,,,,,,,,,,,,,100,25824,100,42743880408,100,147501514026,,,,,,,,,,
2019-01-30,Z305GWA4,ST4000DM000,4000787030016,0,117,124698480,,,97,0,100,3,100,0,84,281670865,,,71,25872,100,0,,,100,3,,,,,,,,,,,,,,,,,,,,,,,,,,,,,,,100,0,100,0,100,0,100,0,100,0,78,22,100,0,100,0,99,3186,22,22,,,,,100,0,100,0,200,0,,,,,,,,,,,,,,,,,,,,,,,,,,,100,25848,100,42746566040,100,147672064232,,,,,,,,,,
2019-01-31,Z305GWA4,ST4000DM000,4000787030016,0,120,238978368,,,97,0,100,3,100,0,84,282475917,,,71,25896,100,0,,,100,3,,,,,,,,,,,,,,,,,,,,,,,,,,,,,,,100,0,100,0,100,0,100,0,100,0,78,22,100,0,100,0,99,3186,22,22,,,,,100,0,100,0,200,0,,,,,,,,,,,,,,,,,,,,,,,,,,,100,25872,100,42750202288,100,147862148320,,,,,,,,,,
2019-02-01,Z305GWA4,ST4000DM000,4000787030016,0,114,73688808,,,97,0,100,3,100,0,84,282904236,,,71,25919,100,0,,,100,3,,,,,,,,,,,,,,,,,,,,,,,,,,,,,,,100,0,100,0,100,0,100,0,100,0,78,22,100,0,100,0,99,3186,22,22,,,,,100,0,100,0,200,0,,,,,,,,,,,,,,,,,,,,,,,,,,,100,25895,100,42752751944,100,148022700356,,,,,,,,,,
2019-02-02,Z305GWA4,ST4000DM000,4000787030016,0,114,80329992,,,97,0,100,3,100,0,84,283318907,,,71,25943,100,0,,,100,3,,,,,,,,,,,,,,,,,,,,,,,,,,,,,,,100,0,100,0,100,0,100,0,100,0,78,22,100,0,100,0,99,3186,22,22,,,,,100,0,100,0,200,0,,,,,,,,,,,,,,,,,,,,,,,,,,,100,25919,100,42755464744,100,148207192905,,,,,,,,,,
2019-02-03,Z305GWA4,ST4000DM000,4000787030016,0,117,137126392,,,97,0,100,3,100,0,84,284929854,,,71,25966,100,0,,,100,3,,,,,,,,,,,,,,,,,,,,,,,,,,,,,,,100,0,100,0,100,0,100,0,100,0,78,22,100,0,100,0,99,3186,22,22,,,,,100,0,100,0,200,0,,,,,,,,,,,,,,,,,,,,,,,,,,,100,25943,100,42760185912,100,148357635809,,,,,,,,,,
2019-02-04,Z305GWA4,ST4000DM000,4000787030016,0,109,21880368,,,97,0,100,3,100,0,84,285342170,,,71,25990,100,0,,,100,3,,,,,,,,,,,,,,,,,,,,,,,,,,,,,,,100,0,100,0,100,0,100,0,100,0,77,23,100,0,100,0,99,3186,23,23,,,,,100,0,100,0,200,0,,,,,,,,,,,,,,,,,,,,,,,,,,,100,25966,100,42762445880,100,148528564580,,,,,,,,,,
2019-02-05,Z305GWA4,ST4000DM000,4000787030016,0,118,191186920,,,97,0,100,3,100,0,84,285960210,,,71,26013,100,0,,,100,3,,,,,,,,,,,,,,,,,,,,,,,,,,,,,,,100,0,100,0,100,0,100,0,100,0,77,23,100,0,100,0,99,3186,23,23,,,,,100,0,100,0,200,0,,,,,,,,,,,,,,,,,,,,,,,,,,,100,25990,100,42764668400,100,148679245152,,,,,,,,,,
2019-02-06,Z305GWA4,ST4000DM000,4000787030016,0,119,208650768,,,97,0,100,3,100,0,84,286886005,,,71,26037,100,0,,,100,3,,,,,,,,,,,,,,,,,,,,,,,,,,,,,,,100,0,100,0,100,0,100,0,100,0,76,24,100,0,100,0,99,3186,24,24,,,,,100,0,100,0,200,0,,,,,,,,,,,,,,,,,,,,,,,,,,,100,26013,100,42766620744,100,148831940392,,,,,,,,,,
2019-02-07,Z305GWA4,ST4000DM000,4000787030016,0,120,239674784,,,97,0,100,3,100,0,84,288647624,,,71,26072,100,0,,,100,3,,,,,,,,,,,,,,,,,,,,,,,,,,,,,,,100,0,100,0,100,0,100,0,100,0,76,24,100,0,100,0,99,3186,24,24,,,,,100,0,100,0,200,0,,,,,,,,,,,,,,,,,,,,,,,,,,,100,26048,100,42770574672,100,149079842819,,,,,,,,,,
2019-02-08,Z305GWA4,ST4000DM000,4000787030016,0,117,154169584,,,97,0,100,3,100,0,84,289677116,,,71,26095,100,0,,,100,3,,,,,,,,,,,,,,,,,,,,,,,,,,,,,,,100,0,100,0,100,0,100,0,100,0,76,24,100,0,100,0,99,3186,24,24,,,,,100,0,100,0,200,0,,,,,,,,,,,,,,,,,,,,,,,,,,,100,26072,100,42773150304,100,149207548591,,,,,,,,,,
2019-02-09,Z305GWA4,ST4000DM000,4000787030016,0,117,144984224,,,97,0,100,3,100,0,84,290311373,,,71,26119,100,0,,,100,3,,,,,,,,,,,,,,,,,,,,,,,,,,,,,,,100,0,100,0,100,0,100,0,100,0,77,23,100,0,100,0,99,3186,23,23,,,,,100,0,100,0,200,0,,,,,,,,,,,,,,,,,,,,,,,,,,,100,26095,100,42775293112,100,149358252562,,,,,,,,,,
2019-02-10,Z305GWA4,ST4000DM000,4000787030016,0,119,227129600,,,97,0,100,3,100,0,84,291522296,,,71,26143,100,0,,,100,3,,,,,,,,,,,,,,,,,,,,,,,,,,,,,,,100,0,100,0,100,0,100,0,100,0,77,23,100,0,100,0,99,3186,23,23,,,,,100,0,100,0,200,0,,,,,,,,,,,,,,,,,,,,,,,,,,,100,26119,100,42779358128,100,149511737508,,,,,,,,,,
2019-02-11,Z305GWA4,ST4000DM000,4000787030016,0,114,81146160,,,97,0,100,3,100,0,84,292402033,,,71,26166,100,0,,,100,3,,,,,,,,,,,,,,,,,,,,,,,,,,,,,,,100,0,100,0,100,0,100,0,100,0,77,23,100,0,100,0,99,3186,23,23,,,,,100,0,100,0,200,0,,,,,,,,,,,,,,,,,,,,,,,,,,,100,26142,100,42781337312,100,149666875360,,,,,,,,,,
2019-02-12,Z305GWA4,ST4000DM000,4000787030016,0,111,31816112,,,97,0,100,3,100,0,84,293439989,,,71,26190,100,0,,,100,3,,,,,,,,,,,,,,,,,,,,,,,,,,,,,,,100,0,100,0,100,0,100,0,100,0,76,24,100,0,100,0,99,3186,24,24,,,,,100,0,100,0,200,0,,,,,,,,,,,,,,,,,,,,,,,,,,,100,26166,100,42782952416,100,149822279517,,,,,,,,,,
2019-02-13,Z305GWA4,ST4000DM000,4000787030016,0,105,7377176,,,97,0,100,3,100,0,84,294078195,,,71,26213,100,0,,,100,3,,,,,,,,,,,,,,,,,,,,,,,,,,,,,,,100,0,100,0,100,0,100,0,100,0,78,22,100,0,100,0,99,3186,22,22,,,,,100,0,100,0,200,0,,,,,,,,,,,,,,,,,,,,,,,,,,,100,26189,100,42784515224,100,149978868255,,,,,,,,,,
2019-02-14,Z305GWA4,ST4000DM000,4000787030016,0,105,9481304,,,97,0,100,3,100,0,84,295969684,,,71,26237,100,0,,,100,3,,,,,,,,,,,,,,,,,,,,,,,,,,,,,,,100,0,100,0,100,0,100,0,100,0,78,22,100,0,100,0,99,3186,22,22,,,,,100,0,100,0,200,0,,,,,,,,,,,,,,,,,,,,,,,,,,,100,26213,100,42789877384,100,150098898994,,,,,,,,,,
2019-02-15,Z305GWA4,ST4000DM000,4000787030016,0,119,224503112,,,97,0,100,3,100,0,84,296715524,,,71,26260,100,0,,,100,3,,,,,,,,,,,,,,,,,,,,,,,,,,,,,,,100,0,100,0,100,0,100,0,100,0,78,22,100,0,100,0,99,3186,22,22,,,,,100,0,100,0,200,0,,,,,,,,,,,,,,,,,,,,,,,,,,,100,26236,100,42791900648,100,150262517050,,,,,,,,,,
2019-02-16,Z305GWA4,ST4000DM000,4000787030016,0,111,40411336,,,97,0,100,3,100,0,84,297434698,,,70,26284,100,0,,,100,3,,,,,,,,,,,,,,,,,,,,,,,,,,,,,,,100,0,100,0,100,0,100,0,100,0,77,23,100,0,100,0,99,3186,23,23,,,,,100,0,100,0,200,0,,,,,,,,,,,,,,,,,,,,,,,,,,,100,26260,100,42793704928,100,150394564457,,,,,,,,,,
2019-02-17,Z305GWA4,ST4000DM000,4000787030016,0,119,207577256,,,97,0,100,3,100,0,84,298739664,,,70,26307,100,0,,,100,3,,,,,,,,,,,,,,,,,,,,,,,,,,,,,,,100,0,100,0,100,0,100,0,100,0,78,22,100,0,100,0,99,3186,22,22,,,,,100,0,100,0,200,0,,,,,,,,,,,,,,,,,,,,,,,,,,,100,26283,100,42797225968,100,150542314170,,,,,,,,,,
2019-02-18,Z305GWA4,ST4000DM000,4000787030016,0,116,102531368,,,97,0,100,3,100,0,84,299479142,,,70,26330,100,0,,,100,3,,,,,,,,,,,,,,,,,,,,,,,,,,,,,,,100,0,100,0,100,0,100,0,100,0,77,23,100,0,100,0,99,3186,23,23,,,,,100,0,100,0,200,0,,,,,,,,,,,,,,,,,,,,,,,,,,,100,26307,100,42799307536,100,150694859113,,,,,,,,,,
2019-02-19,Z305GWA4,ST4000DM000,4000787030016,0,112,47205808,,,97,0,100,3,100,0,84,300184569,,,70,26354,100,0,,,100,3,,,,,,,,,,,,,,,,,,,,,,,,,,,,,,,100,0,100,0,100,0,100,0,100,0,78,22,100,0,100,0,99,3186,22,22,,,,,100,0,100,0,200,0,,,,,,,,,,,,,,,,,,,,,,,,,,,100,26330,100,42801160696,100,150841615507,,,,,,,,,,
2019-02-20,Z305GWA4,ST4000DM000,4000787030016,0,118,191557928,,,97,0,100,3,100,0,84,300907714,,,70,26377,100,0,,,100,3,,,,,,,,,,,,,,,,,,,,,,,,,,,,,,,100,0,100,0,100,0,100,0,100,0,76,24,100,0,100,0,99,3186,24,24,,,,,100,0,100,0,200,0,,,,,,,,,,,,,,,,,,,,,,,,,,,100,26354,100,42803280056,100,150978132378,,,,,,,,,,
2019-02-21,Z305GWA4,ST4000DM000,4000787030016,0,117,119680352,,,97,0,100,3,100,0,84,302914395,,,70,26401,100,0,,,100,3,,,,,,,,,,,,,,,,,,,,,,,,,,,,,,,100,0,100,0,100,0,100,0,100,0,77,23,100,0,100,0,99,3186,23,23,,,,,100,0,100,0,200,0,,,,,,,,,,,,,,,,,,,,,,,,,,,100,26377,100,42808146728,100,151147415630,,,,,,,,,,
2019-02-22,Z305GWA4,ST4000DM000,4000787030016,0,117,164409480,,,97,0,100,3,100,0,84,304128583,,,70,26424,100,0,,,100,3,,,,,,,,,,,,,,,,,,,,,,,,,,,,,,,100,0,100,0,100,0,100,0,100,0,76,24,100,0,100,0,99,3186,24,24,,,,,100,0,100,0,200,0,,,,,,,,,,,,,,,,,,,,,,,,,,,100,26401,100,42810089240,100,151309744082,,,,,,,,,,
2019-02-23,Z305GWA4,ST4000DM000,4000787030016,0,119,227376888,,,97,0,100,3,100,0,84,305385865,,,70,26448,100,0,,,100,3,,,,,,,,,,,,,,,,,,,,,,,,,,,,,,,100,0,100,0,100,0,100,0,100,0,77,23,100,0,100,0,99,3186,23,23,,,,,100,0,100,0,200,0,,,,,,,,,,,,,,,,,,,,,,,,,,,100,26424,100,42811942504,100,151467214705,,,,,,,,,,
2019-02-24,Z305GWA4,ST4000DM000,4000787030016,0,114,68357688,,,97,0,100,3,100,0,84,306191321,,,70,26472,100,0,,,100,3,,,,,,,,,,,,,,,,,,,,,,,,,,,,,,,100,0,100,0,100,0,100,0,100,0,76,24,100,0,100,0,99,3186,24,24,,,,,100,0,100,0,200,0,,,,,,,,,,,,,,,,,,,,,,,,,,,100,26448,100,42815381576,100,151523137257,,,,,,,,,,
2019-02-25,Z305GWA4,ST4000DM000,4000787030016,0,105,7730584,,,97,0,100,3,100,0,84,307157318,,,70,26495,100,0,,,100,3,,,,,,,,,,,,,,,,,,,,,,,,,,,,,,,100,0,100,0,100,0,100,0,100,0,77,23,100,0,100,0,99,3186,23,23,,,,,100,0,100,0,200,0,,,,,,,,,,,,,,,,,,,,,,,,,,,100,26472,100,42816968560,100,151662602446,,,,,,,,,,
2019-02-26,Z305GWA4,ST4000DM000,4000787030016,0,119,229474232,,,97,0,100,3,100,0,84,307973599,,,70,26519,100,0,,,100,3,,,,,,,,,,,,,,,,,,,,,,,,,,,,,,,100,0,100,0,100,0,100,0,100,0,77,23,100,0,100,0,99,3186,23,23,,,,,100,0,100,0,200,0,,,,,,,,,,,,,,,,,,,,,,,,,,,100,26495,100,42819111616,100,151823941606,,,,,,,,,,
2019-02-27,Z305GWA4,ST4000DM000,4000787030016,0,118,194347520,,,97,0,100,3,100,0,84,308708364,,,70,26543,100,0,,,100,3,,,,,,,,,,,,,,,,,,,,,,,,,,,,,,,100,0,100,0,100,0,100,0,100,0,77,23,100,0,100,0,99,3186,23,23,,,,,100,0,100,0,200,0,,,,,,,,,,,,,,,,,,,,,,,,,,,100,26519,100,42821092280,100,151976122494,,,,,,,,,,
2019-02-28,Z305GWA4,ST4000DM000,4000787030016,0,118,177931528,,,97,0,100,3,100,0,84,310943946,,,70,26578,100,0,,,100,3,,,,,,,,,,,,,,,,,,,,,,,,,,,,,,,100,0,100,0,100,0,100,0,100,0,78,22,100,0,100,0,99,3186,22,22,,,,,100,0,100,0,200,0,,,,,,,,,,,,,,,,,,,,,,,,,,,100,26554,100,42827266064,100,152183931123,,,,,,,,,,
2019-03-01,Z305GWA4,ST4000DM000,4000787030016,0,113,53634568,,,97,0,100,3,100,0,84,311430281,,,70,26601,100,0,,,100,3,,,,,,,,,,,,,,,,,,,,,,,,,,,,,,,100,0,100,0,100,0,100,0,100,0,78,22,100,0,100,0,99,3186,22,22,,,,,100,0,100,0,200,0,,,,,,,,,,,,,,,,,,,,,,,,,,,100,26578,100,42828569968,100,152301515402,,,,,,,,,,
2019-03-02,Z305GWA4,ST4000DM000,4000787030016,0,119,884608,,,97,0,100,3,100,0,84,312032324,,,70,26625,100,0,,,100,3,,,,,,,,,,,,,,,,,,,,,,,,,,,,,,,100,0,100,0,100,0,100,0,100,0,78,22,100,0,100,0,99,3186,22,22,,,,,100,0,100,0,200,0,,,,,,,,,,,,,,,,,,,,,,,,,,,100,26601,100,42831393232,100,152458132883,,,,,,,,,,
2019-03-03,Z305GWA4,ST4000DM000,4000787030016,0,117,165103656,,,97,0,100,3,100,0,84,312780622,,,70,26648,100,0,,,100,3,,,,,,,,,,,,,,,,,,,,,,,,,,,,,,,100,0,100,0,100,0,100,0,100,0,77,23,100,0,100,0,99,3186,23,23,,,,,100,0,100,0,200,0,,,,,,,,,,,,,,,,,,,,,,,,,,,100,26625,100,42835972688,100,152629665747,,,,,,,,,,
2019-03-04,Z305GWA4,ST4000DM000,4000787030016,0,119,212518544,,,97,0,100,3,100,0,84,313199595,,,70,26672,100,0,,,100,3,,,,,,,,,,,,,,,,,,,,,,,,,,,,,,,100,0,100,0,100,0,100,0,100,0,78,22,100,0,100,0,99,3186,22,22,,,,,100,0,100,0,200,0,,,,,,,,,,,,,,,,,,,,,,,,,,,100,26648,100,42839815968,100,152788041755,,,,,,,,,,
2019-03-05,Z305GWA4,ST4000DM000,4000787030016,0,119,226684456,,,97,0,100,3,100,0,84,313572066,,,70,26695,100,0,,,100,3,,,,,,,,,,,,,,,,,,,,,,,,,,,,,,,100,0,100,0,100,0,100,0,100,0,78,22,100,0,100,0,99,3186,22,22,,,,,100,0,100,0,200,0,,,,,,,,,,,,,,,,,,,,,,,,,,,100,26671,100,42842057016,100,152971665397,,,,,,,,,,
2019-03-06,Z305GWA4,ST4000DM000,4000787030016,0,114,77376616,,,97,0,100,3,100,0,84,313916983,,,70,26719,100,0,,,100,3,,,,,,,,,,,,,,,,,,,,,,,,,,,,,,,100,0,100,0,100,0,100,0,100,0,78,22,100,0,100,0,99,3186,22,22,,,,,100,0,100,0,200,0,,,,,,,,,,,,,,,,,,,,,,,,,,,100,26695,100,42844009056,100,153125000968,,,,,,,,,,
2019-03-07,Z305GWA4,ST4000DM000,4000787030016,0,119,226563736,,,97,0,100,3,100,0,84,315662414,,,70,26742,100,0,,,100,3,,,,,,,,,,,,,,,,,,,,,,,,,,,,,,,100,0,100,0,100,0,100,0,100,0,77,23,100,0,100,0,99,3186,23,23,,,,,100,0,100,0,200,0,,,,,,,,,,,,,,,,,,,,,,,,,,,100,26718,100,42849452768,100,153322904597,,,,,,,,,,
2019-03-08,Z305GWA4,ST4000DM000,4000787030016,0,117,132594688,,,97,0,100,3,100,0,84,316299449,,,70,26765,100,0,,,100,3,,,,,,,,,,,,,,,,,,,,,,,,,,,,,,,100,0,100,0,100,0,100,0,100,0,77,23,100,0,100,0,99,3186,23,23,,,,,100,0,100,0,200,0,,,,,,,,,,,,,,,,,,,,,,,,,,,100,26742,100,42851722552,100,153476254933,,,,,,,,,,
2019-03-09,Z305GWA4,ST4000DM000,4000787030016,0,111,33167608,,,97,0,100,3,100,0,84,317197002,,,70,26789,100,0,,,100,3,,,,,,,,,,,,,,,,,,,,,,,,,,,,,,,100,0,100,0,100,0,100,0,100,0,77,23,100,0,100,0,99,3186,23,23,,,,,100,0,100,0,200,0,,,,,,,,,,,,,,,,,,,,,,,,,,,100,26765,100,42854218880,100,153627484352,,,,,,,,,,
2019-03-10,Z305GWA4,ST4000DM000,4000787030016,0,111,36522392,,,97,0,100,3,100,0,84,318531685,,,70,26812,100,0,,,100,3,,,,,,,,,,,,,,,,,,,,,,,,,,,,,,,100,0,100,0,100,0,100,0,100,0,78,22,100,0,100,0,99,3186,22,22,,,,,100,0,100,0,200,0,,,,,,,,,,,,,,,,,,,,,,,,,,,100,26789,100,42858971616,100,153753865447,,,,,,,,,,
2019-03-11,Z305GWA4,ST4000DM000,4000787030016,0,118,180431720,,,97,0,100,3,100,0,84,319443720,,,70,26836,100,0,,,100,3,,,,,,,,,,,,,,,,,,,,,,,,,,,,,,,100,0,100,0,100,0,100,0,100,0,77,23,100,0,100,0,99,3186,23,23,,,,,100,0,100,0,200,0,,,,,,,,,,,,,,,,,,,,,,,,,,,100,26812,100,42861701488,100,153916685630,,,,,,,,,,
2019-03-12,Z305GWA4,ST4000DM000,4000787030016,0,116,104058816,,,97,0,100,3,100,0,84,319958011,,,70,26859,100,0,,,100,3,,,,,,,,,,,,,,,,,,,,,,,,,,,,,,,100,0,100,0,100,0,100,0,100,0,77,23,100,0,100,0,99,3186,23,23,,,,,100,0,100,0,200,0,,,,,,,,,,,,,,,,,,,,,,,,,,,100,26836,100,42863570008,100,154042536775,,,,,,,,,,
2019-03-13,Z305GWA4,ST4000DM000,4000787030016,0,115,86086616,,,97,0,100,3,100,0,84,321059021,,,70,26883,100,0,,,100,3,,,,,,,,,,,,,,,,,,,,,,,,,,,,,,,100,0,100,0,100,0,100,0,100,0,78,22,100,0,100,0,99,3186,22,22,,,,,100,0,100,0,200,0,,,,,,,,,,,,,,,,,,,,,,,,,,,100,26859,100,42866849000,100,154203941381,,,,,,,,,,
2019-03-14,Z305GWA4,ST4000DM000,4000787030016,0,107,14612336,,,97,0,100,3,100,0,84,322743599,,,70,26906,100,0,,,100,3,,,,,,,,,,,,,,,,,,,,,,,,,,,,,,,100,0,100,0,100,0,100,0,100,0,78,22,100,0,100,0,99,3186,22,22,,,,,100,0,100,0,200,0,,,,,,,,,,,,,,,,,,,,,,,,,,,100,26883,100,42870962392,100,154377571688,,,,,,,,,,
2019-03-15,Z305GWA4,ST4000DM000,4000787030016,0,120,237904032,,,97,0,100,3,100,0,84,323911500,,,70,26930,100,0,,,100,3,,,,,,,,,,,,,,,,,,,,,,,,,,,,,,,100,0,100,0,100,0,100,0,100,0,78,22,100,0,100,0,99,3186,22,22,,,,,100,0,100,0,200,0,,,,,,,,,,,,,,,,,,,,,,,,,,,100,26906,100,42873039664,100,154542778774,,,,,,,,,,
2019-03-16,Z305GWA4,ST4000DM000,4000787030016,0,110,26394792,,,97,0,100,3,100,0,84,324607139,,,70,26953,100,0,,,100,3,,,,,,,,,,,,,,,,,,,,,,,,,,,,,,,100,0,100,0,100,0,100,0,100,0,78,22,100,0,100,0,99,3186,22,22,,,,,100,0,100,0,200,0,,,,,,,,,,,,,,,,,,,,,,,,,,,100,26930,100,42875423856,100,154691673950,,,,,,,,,,
2019-03-17,Z305GWA4,ST4000DM000,4000787030016,0,119,214797784,,,97,0,100,3,100,0,84,325648931,,,70,26977,100,0,,,100,3,,,,,,,,,,,,,,,,,,,,,,,,,,,,,,,100,0,100,0,100,0,100,0,100,0,79,21,100,0,100,0,99,3186,21,21,,,,,100,0,100,0,200,0,,,,,,,,,,,,,,,,,,,,,,,,,,,100,26954,100,42880113624,100,154807441046,,,,,,,,,,
2019-03-18,Z305GWA4,ST4000DM000,4000787030016,0,117,133457568,,,97,0,100,3,100,0,84,326231071,,,70,27001,100,0,,,100,3,,,,,,,,,,,,,,,,,,,,,,,,,,,,,,,100,0,100,0,100,0,100,0,100,0,78,22,100,0,100,0,99,3186,22,22,,,,,100,0,100,0,200,0,,,,,,,,,,,,,,,,,,,,,,,,,,,100,26978,100,42881839656,100,154928845524,,,,,,,,,,
2019-03-19,Z305GWA4,ST4000DM000,4000787030016,0,117,155764072,,,97,0,100,3,100,0,84,327004630,,,70,27025,100,0,,,100,3,,,,,,,,,,,,,,,,,,,,,,,,,,,,,,,100,0,100,0,100,0,100,0,100,0,78,22,100,0,100,0,99,3186,22,22,,,,,100,0,100,0,200,0,,,,,,,,,,,,,,,,,,,,,,,,,,,100,27001,100,42883590856,100,155075250750,,,,,,,,,,
2019-03-20,Z305GWA4,ST4000DM000,4000787030016,0,118,179384112,,,97,0,100,3,100,0,84,328531777,,,70,27049,100,0,,,100,3,,,,,,,,,,,,,,,,,,,,,,,,,,,,,,,100,0,100,0,100,0,100,0,100,0,78,22,100,0,100,0,99,3186,22,22,,,,,100,0,100,0,200,0,,,,,,,,,,,,,,,,,,,,,,,,,,,100,27025,100,42887545280,100,155225616108,,,,,,,,,,
2019-03-21,Z305GWA4,ST4000DM000,4000787030016,0,120,244082360,,,97,0,100,3,100,0,84,329708965,,,70,27073,100,0,,,100,3,,,,,,,,,,,,,,,,,,,,,,,,,,,,,,,100,0,100,0,100,0,100,0,100,0,78,22,100,0,100,0,99,3186,22,22,,,,,100,0,100,0,200,0,,,,,,,,,,,,,,,,,,,,,,,,,,,100,27049,100,42890831256,100,155388677722,,,,,,,,,,
2019-03-22,Z305GWA4,ST4000DM000,4000787030016,0,117,135898544,,,97,0,100,3,100,0,84,330410444,,,70,27097,100,0,,,100,3,,,,,,,,,,,,,,,,,,,,,,,,,,,,,,,100,0,100,0,100,0,100,0,100,0,77,23,100,0,100,0,99,3186,23,23,,,,,100,0,100,0,200,0,,,,,,,,,,,,,,,,,,,,,,,,,,,100,27073,100,42892445688,100,155536610456,,,,,,,,,,
2019-03-23,Z305GWA4,ST4000DM000,4000787030016,0,117,127595784,,,97,0,100,3,100,0,84,331172673,,,70,27121,100,0,,,100,3,,,,,,,,,,,,,,,,,,,,,,,,,,,,,,,100,0,100,0,100,0,100,0,100,0,77,23,100,0,100,0,99,3186,23,23,,,,,100,0,100,0,200,0,,,,,,,,,,,,,,,,,,,,,,,,,,,100,27097,100,42895014680,100,155676422136,,,,,,,,,,
2019-03-24,Z305GWA4,ST4000DM000,4000787030016,0,115,98352600,,,97,0,100,3,100,0,84,332439970,,,70,27144,100,0,,,100,3,,,,,,,,,,,,,,,,,,,,,,,,,,,,,,,100,0,100,0,100,0,100,0,100,0,78,22,100,0,100,0,99,3186,22,22,,,,,100,0,100,0,200,0,,,,,,,,,,,,,,,,,,,,,,,,,,,100,27121,100,42898991912,100,155815078518,,,,,,,,,,
2019-03-25,Z305GWA4,ST4000DM000,4000787030016,0,114,73468968,,,97,0,100,3,100,0,84,333585428,,,69,27168,100,0,,,100,3,,,,,,,,,,,,,,,,,,,,,,,,,,,,,,,100,0,100,0,100,0,100,0,100,0,78,22,100,0,100,0,99,3186,22,22,,,,,100,0,100,0,200,0,,,,,,,,,,,,,,,,,,,,,,,,,,,100,27145,100,42901260800,100,155981193750,,,,,,,,,,
2019-03-26,Z305GWA4,ST4000DM000,4000787030016,0,117,145011464,,,97,0,100,3,100,0,84,335510524,,,69,27192,100,0,,,100,3,,,,,,,,,,,,,,,,,,,,,,,,,,,,,,,100,0,100,0,100,0,100,0,100,0,78,22,100,0,100,0,99,3186,22,22,,,,,100,0,100,0,200,0,,,,,,,,,,,,,,,,,,,,,,,,,,,100,27169,100,42905624072,100,156148714393,,,,,,,,,,
2019-03-27,Z305GWA4,ST4000DM000,4000787030016,0,119,221353104,,,97,0,100,3,100,0,85,335952437,,,69,27216,100,0,,,100,3,,,,,,,,,,,,,,,,,,,,,,,,,,,,,,,100,0,100,0,100,0,100,0,100,0,78,22,100,0,100,0,99,3186,22,22,,,,,100,0,100,0,200,0,,,,,,,,,,,,,,,,,,,,,,,,,,,100,27192,100,42907120744,100,156215909341,,,,,,,,,,
2019-03-28,Z305GWA4,ST4000DM000,4000787030016,0,118,185438072,,,97,0,100,3,100,0,85,337149801,,,69,27240,100,0,,,100,3,,,,,,,,,,,,,,,,,,,,,,,,,,,,,,,100,0,100,0,100,0,100,0,100,0,78,22,100,0,100,0,99,3186,22,22,,,,,100,0,100,0,200,0,,,,,,,,,,,,,,,,,,,,,,,,,,,100,27216,100,42909617392,100,156373744866,,,,,,,,,,
2019-03-29,Z305GWA4,ST4000DM000,4000787030016,0,120,240172712,,,97,0,100,3,100,0,85,337939657,,,69,27264,100,0,,,100,3,,,,,,,,,,,,,,,,,,,,,,,,,,,,,,,100,0,100,0,100,0,100,0,100,0,78,22,100,0,100,0,99,3186,22,22,,,,,100,0,100,0,200,0,,,,,,,,,,,,,,,,,,,,,,,,,,,100,27240,100,42911578480,100,156521343581,,,,,,,,,,
2019-03-30,Z305GWA4,ST4000DM000,4000787030016,0,119,218177824,,,97,0,100,3,100,0,85,338598020,,,69,27288,100,0,,,100,3,,,,,,,,,,,,,,,,,,,,,,,,,,,,,,,100,0,100,0,100,0,100,0,100,0,78,22,100,0,100,0,99,3186,22,22,,,,,100,0,100,0,200,0,,,,,,,,,,,,,,,,,,,,,,,,,,,100,27264,100,42913606720,100,156669516902,,,,,,,,,,
2019-03-31,Z305GWA4,ST4000DM000,4000787030016,0,117,140300464,,,97,0,100,3,100,0,85,339595987,,,69,27312,100,0,,,100,3,,,,,,,,,,,,,,,,,,,,,,,,,,,,,,,100,0,100,0,100,0,100,0,100,0,78,22,100,0,100,0,99,3186,22,22,,,,,100,0,100,0,200,0,,,,,,,,,,,,,,,,,,,,,,,,,,,100,27288,100,42916968808,100,156784811269,,,,,,,,,,
2019-04-01,Z305GWA4,ST4000DM000,4000787030016,0,117,118772928,,,97,0,100,3,100,0,85,340047528,,,69,27336,100,0,,,100,3,,,,,,,,,,,,,,,,,,,,,,,,,,,,,,,100,0,100,0,100,0,100,0,100,0,79,21,100,0,100,0,99,3186,21,21,,,,,100,0,100,0,200,0,,,,,,,,,,,,,,,,,,,,,,,,,,,100,27312,100,42918287168,100,156889189245,,,,,,,,,,
2019-04-02,Z305GWA4,ST4000DM000,4000787030016,0,115,91832592,,,97,0,100,3,100,0,85,341280854,,,69,27360,100,0,,,100,3,,,,,,,,,,,,,,,,,,,,,,,,,,,,,,,100,0,100,0,100,0,100,0,100,0,78,22,100,0,100,0,99,3186,22,22,,,,,100,0,100,0,200,0,,,,,,,,,,,,,,,,,,,,,,,,,,,100,27336,100,42923334032,100,157058711602,,,,,,,,,,
2019-04-03,Z305GWA4,ST4000DM000,4000787030016,0,108,18778408,,,97,0,100,3,100,0,85,341671743,,,69,27384,100,0,,,100,3,,,,,,,,,,,,,,,,,,,,,,,,,,,,,,,100,0,100,0,100,0,100,0,100,0,77,23,100,0,100,0,99,3186,23,23,,,,,100,0,100,0,200,0,,,,,,,,,,,,,,,,,,,,,,,,,,,100,27360,100,42925428680,100,157244326864,,,,,,,,,,
2019-04-04,Z305GWA4,ST4000DM000,4000787030016,0,113,55841184,,,97,0,100,3,100,0,85,342394608,,,69,27407,100,0,,,100,3,,,,,,,,,,,,,,,,,,,,,,,,,,,,,,,100,0,100,0,100,0,100,0,100,0,78,22,100,0,100,0,99,3186,22,22,,,,,100,0,100,0,200,0,,,,,,,,,,,,,,,,,,,,,,,,,,,100,27384,100,42928996680,100,157416507028,,,,,,,,,,
2019-04-05,Z305GWA4,ST4000DM000,4000787030016,0,120,241138080,,,97,0,100,3,100,0,85,342741348,,,69,27431,100,0,,,100,3,,,,,,,,,,,,,,,,,,,,,,,,,,,,,,,100,0,100,0,100,0,100,0,100,0,78,22,100,0,100,0,99,3186,22,22,,,,,100,0,100,0,200,0,,,,,,,,,,,,,,,,,,,,,,,,,,,100,27407,100,42930814264,100,157596810610,,,,,,,,,,
2019-04-06,Z305GWA4,ST4000DM000,4000787030016,0,117,147225776,,,97,0,100,3,100,0,85,343473852,,,69,27455,100,0,,,100,3,,,,,,,,,,,,,,,,,,,,,,,,,,,,,,,100,0,100,0,100,0,100,0,100,0,77,23,100,0,100,0,99,3186,23,23,,,,,100,0,100,0,200,0,,,,,,,,,,,,,,,,,,,,,,,,,,,100,27431,100,42933951480,100,157757442375,,,,,,,,,,
2019-04-07,Z305GWA4,ST4000DM000,4000787030016,0,113,52689760,,,97,0,100,3,100,0,85,344418124,,,69,27478,100,0,,,100,3,,,,,,,,,,,,,,,,,,,,,,,,,,,,,,,100,0,100,0,100,0,100,0,100,0,78,22,100,0,100,0,99,3186,22,22,,,,,100,0,100,0,200,0,,,,,,,,,,,,,,,,,,,,,,,,,,,100,27455,100,42937861792,100,157921873349,,,,,,,,,,
2019-04-08,Z305GWA4,ST4000DM000,4000787030016,0,117,149537472,,,97,0,100,3,100,0,85,345053998,,,69,27502,100,0,,,100,3,,,,,,,,,,,,,,,,,,,,,,,,,,,,,,,100,0,100,0,100,0,100,0,100,0,78,22,100,0,100,0,99,3186,22,22,,,,,100,0,100,0,200,0,,,,,,,,,,,,,,,,,,,,,,,,,,,100,27478,100,42940427024,100,158068422723,,,,,,,,,,
2019-04-09,Z305GWA4,ST4000DM000,4000787030016,0,113,50621232,,,97,0,100,3,100,0,85,346120062,,,69,27525,100,0,,,100,3,,,,,,,,,,,,,,,,,,,,,,,,,,,,,,,100,0,100,0,100,0,100,0,100,0,78,22,100,0,100,0,99,3186,22,22,,,,,100,0,100,0,200,0,,,,,,,,,,,,,,,,,,,,,,,,,,,100,27501,100,42942716112,100,158218751980,,,,,,,,,,
2019-04-10,Z305GWA4,ST4000DM000,4000787030016,0,113,57883632,,,97,0,100,3,100,0,85,347089234,,,69,27549,100,0,,,100,3,,,,,,,,,,,,,,,,,,,,,,,,,,,,,,,100,0,100,0,100,0,100,0,100,0,78,22,100,0,100,0,99,3186,22,22,,,,,100,0,100,0,200,0,,,,,,,,,,,,,,,,,,,,,,,,,,,100,27525,100,42944710880,100,158381640376,,,,,,,,,,
2019-04-11,Z305GWA4,ST4000DM000,4000787030016,0,119,1061120,,,97,0,100,3,100,0,85,348409794,,,69,27572,100,0,,,100,3,,,,,,,,,,,,,,,,,,,,,,,,,,,,,,,100,0,100,0,100,0,100,0,100,0,78,22,100,0,100,0,99,3186,22,22,,,,,100,0,100,0,200,0,,,,,,,,,,,,,,,,,,,,,,,,,,,100,27548,100,42948645472,100,158516251138,,,,,,,,,,
2019-04-12,Z305GWA4,ST4000DM000,4000787030016,0,117,141412560,,,97,0,100,3,100,0,85,349562085,,,69,27596,100,0,,,100,3,,,,,,,,,,,,,,,,,,,,,,,,,,,,,,,100,0,100,0,100,0,100,0,100,0,78,22,100,0,100,0,99,3186,22,22,,,,,100,0,100,0,200,0,,,,,,,,,,,,,,,,,,,,,,,,,,,100,27572,100,42952339440,100,158675819992,,,,,,,,,,
2019-04-13,Z305GWA4,ST4000DM000,4000787030016,0,114,72571968,,,97,0,100,3,100,0,85,350334414,,,69,27620,100,0,,,100,3,,,,,,,,,,,,,,,,,,,,,,,,,,,,,,,100,0,100,0,100,0,100,0,100,0,78,22,100,0,100,0,99,3186,22,22,,,,,100,0,100,0,200,0,,,,,,,,,,,,,,,,,,,,,,,,,,,100,27596,100,42954521408,100,158841828725,,,,,,,,,,
2019-04-14,Z305GWA4,ST4000DM000,4000787030016,0,119,201994184,,,97,0,100,3,100,0,85,351582500,,,69,27643,100,0,,,100,3,,,,,,,,,,,,,,,,,,,,,,,,,,,,,,,100,0,100,0,100,0,100,0,100,0,78,22,100,0,100,0,99,3186,22,22,,,,,100,0,100,0,200,0,,,,,,,,,,,,,,,,,,,,,,,,,,,100,27619,100,42958775128,100,158979089603,,,,,,,,,,
2019-04-15,Z305GWA4,ST4000DM000,4000787030016,0,119,221117000,,,97,0,100,3,100,0,85,352715308,,,69,27666,100,0,,,100,3,,,,,,,,,,,,,,,,,,,,,,,,,,,,,,,100,0,100,0,100,0,100,0,100,0,78,22,100,0,100,0,99,3186,22,22,,,,,100,0,100,0,200,0,,,,,,,,,,,,,,,,,,,,,,,,,,,100,27643,100,42961150136,100,159141418711,,,,,,,,,,
2019-04-16,Z305GWA4,ST4000DM000,4000787030016,0,118,187840008,,,97,0,100,3,100,0,85,353357781,,,69,27690,100,0,,,100,3,,,,,,,,,,,,,,,,,,,,,,,,,,,,,,,100,0,100,0,100,0,100,0,100,0,78,22,100,0,100,0,99,3186,22,22,,,,,100,0,100,0,200,0,,,,,,,,,,,,,,,,,,,,,,,,,,,100,27666,100,42962764568,100,159298428927,,,,,,,,,,
2019-04-17,Z305GWA4,ST4000DM000,4000787030016,0,117,123846312,,,97,0,100,3,100,0,85,354767588,,,69,27725,100,0,,,100,3,,,,,,,,,,,,,,,,,,,,,,,,,,,,,,,100,0,100,0,100,0,100,0,100,0,78,22,100,0,100,0,99,3186,22,22,,,,,100,0,100,0,200,0,,,,,,,,,,,,,,,,,,,,,,,,,,,100,27701,100,42966894184,100,159475953309,,,,,,,,,,
2019-04-18,Z305GWA4,ST4000DM000,4000787030016,0,114,75518216,,,97,0,100,3,100,0,85,356130059,,,69,27749,100,0,,,100,3,,,,,,,,,,,,,,,,,,,,,,,,,,,,,,,100,0,100,0,100,0,100,0,100,0,78,22,100,0,100,0,99,3186,22,22,,,,,100,0,100,0,200,0,,,,,,,,,,,,,,,,,,,,,,,,,,,100,27725,100,42970978312,100,159633758540,,,,,,,,,,
2019-04-19,Z305GWA4,ST4000DM000,4000787030016,0,108,15053000,,,97,0,100,3,100,0,85,356941000,,,69,27772,100,0,,,100,3,,,,,,,,,,,,,,,,,,,,,,,,,,,,,,,100,0,100,0,100,0,100,0,100,0,78,22,100,0,100,0,99,3186,22,22,,,,,100,0,100,0,200,0,,,,,,,,,,,,,,,,,,,,,,,,,,,100,27748,100,42973381584,100,159774999920,,,,,,,,,,
2019-04-20,Z305GWA4,ST4000DM000,4000787030016,0,118,169252800,,,97,0,100,3,100,0,85,357659487,,,69,27796,100,0,,,100,3,,,,,,,,,,,,,,,,,,,,,,,,,,,,,,,100,0,100,0,100,0,100,0,100,0,78,22,100,0,100,0,99,3186,22,22,,,,,100,0,100,0,200,0,,,,,,,,,,,,,,,,,,,,,,,,,,,100,27772,100,42975530192,100,159921820337,,,,,,,,,,
2019-04-21,Z305GWA4,ST4000DM000,4000787030016,0,117,156104240,,,97,0,100,3,100,0,85,358805366,,,69,27819,100,0,,,100,3,,,,,,,,,,,,,,,,,,,,,,,,,,,,,,,100,0,100,0,100,0,100,0,100,0,78,22,100,0,100,0,99,3186,22,22,,,,,100,0,100,0,200,0,,,,,,,,,,,,,,,,,,,,,,,,,,,100,27795,100,42979167008,100,160058696570,,,,,,,,,,
2019-04-22,Z305GWA4,ST4000DM000,4000787030016,0,115,95463112,,,97,0,100,3,100,0,85,359508181,,,69,27843,100,0,,,100,3,,,,,,,,,,,,,,,,,,,,,,,,,,,,,,,100,0,100,0,100,0,100,0,100,0,78,22,100,0,100,0,99,3186,22,22,,,,,100,0,100,0,200,0,,,,,,,,,,,,,,,,,,,,,,,,,,,100,27819,100,42980834384,100,160196471619,,,,,,,,,,
2019-04-23,Z305GWA4,ST4000DM000,4000787030016,0,115,86670752,,,97,0,100,3,100,0,85,361124225,,,69,27866,100,0,,,100,3,,,,,,,,,,,,,,,,,,,,,,,,,,,,,,,100,0,100,0,100,0,100,0,100,0,79,21,100,0,100,0,99,3186,21,21,,,,,100,0,100,0,200,0,,,,,,,,,,,,,,,,,,,,,,,,,,,100,27842,100,42985149312,100,160352170249,,,,,,,,,,
2019-04-24,Z305GWA4,ST4000DM000,4000787030016,0,117,137447448,,,96,0,100,4,100,0,85,362022254,,,69,27890,100,0,,,100,4,,,,,,,,,,,,,,,,,,,,,,,,,,,,,,,100,0,100,0,100,0,100,0,100,0,79,21,100,0,100,0,99,3194,21,21,,,,,100,0,100,0,200,0,,,,,,,,,,,,,,,,,,,,,,,,,,,100,27866,100,42987091312,100,160517137137,,,,,,,,,,
2019-04-25,Z305GWA4,ST4000DM000,4000787030016,0,112,42481800,,,96,0,100,4,100,0,85,363020074,,,69,27913,100,0,,,100,4,,,,,,,,,,,,,,,,,,,,,,,,,,,,,,,100,0,100,0,100,0,100,0,100,0,79,21,100,0,100,0,99,3198,21,21,,,,,100,0,100,0,200,0,,,,,,,,,,,,,,,,,,,,,,,,,,,100,27890,100,42992196272,100,160705310350,,,,,,,,,,
2019-04-26,Z305GWA4,ST4000DM000,4000787030016,0,116,116837968,,,96,0,100,4,100,0,85,363435107,,,69,27937,100,0,,,100,4,,,,,,,,,,,,,,,,,,,,,,,,,,,,,,,100,0,100,0,100,0,100,0,100,0,79,21,100,0,100,0,99,3203,21,21,,,,,100,0,100,0,200,0,,,,,,,,,,,,,,,,,,,,,,,,,,,100,27913,100,42994501712,100,160875776800,,,,,,,,,,
2019-04-27,Z305GWA4,ST4000DM000,4000787030016,0,120,239950392,,,96,0,100,4,100,0,85,363777582,,,69,27960,100,0,,,100,4,,,,,,,,,,,,,,,,,,,,,,,,,,,,,,,100,0,100,0,100,0,100,0,100,0,81,19,100,0,100,0,99,3207,19,19,,,,,100,0,100,0,200,0,,,,,,,,,,,,,,,,,,,,,,,,,,,100,27936,100,42996659176,100,161042332818,,,,,,,,,,
2019-04-28,Z305GWA4,ST4000DM000,4000787030016,0,117,155711224,,,95,0,100,5,100,0,85,364676665,,,69,27984,100,0,,,100,5,,,,,,,,,,,,,,,,,,,,,,,,,,,,,,,100,0,100,0,100,0,100,0,100,0,79,21,100,0,100,0,99,3222,21,21,,,,,100,0,100,0,200,0,,,,,,,,,,,,,,,,,,,,,,,,,,,100,27960,100,43000311760,100,161205171198,,,,,,,,,,
2019-04-29,Z305GWA4,ST4000DM000,4000787030016,0,119,233712256,,,95,0,100,5,100,0,85,365016296,,,69,28008,100,0,,,100,5,,,,,,,,,,,,,,,,,,,,,,,,,,,,,,,100,0,100,0,100,0,100,0,100,0,79,21,100,0,100,0,99,3226,21,21,,,,,100,0,100,0,200,0,,,,,,,,,,,,,,,,,,,,,,,,,,,100,27984,100,43002657816,100,161364986995,,,,,,,,,,
2019-04-30,Z305GWA4,ST4000DM000,4000787030016,0,118,173214048,,,95,0,100,5,100,0,85,366170703,,,69,28031,100,0,,,100,5,,,,,,,,,,,,,,,,,,,,,,,,,,,,,,,100,0,100,0,100,0,100,0,100,0,79,21,100,0,100,0,99,3228,21,21,,,,,100,0,100,0,200,0,,,,,,,,,,,,,,,,,,,,,,,,,,,100,28007,100,43006491280,100,161532793774,,,,,,,,,,
2019-05-01,Z305GWA4,ST4000DM000,4000787030016,0,114,75302752,,,95,0,100,5,100,0,85,366909452,,,68,28055,100,0,,,100,5,,,,,,,,,,,,,,,,,,,,,,,,,,,,,,,100,0,100,0,100,0,100,0,100,0,78,22,100,0,100,0,99,3232,22,22,,,,,100,0,100,0,200,0,,,,,,,,,,,,,,,,,,,,,,,,,,,100,28031,100,43008723032,100,161680947324,,,,,,,,,,
2019-05-02,Z305GWA4,ST4000DM000,4000787030016,0,112,49623592,,,95,0,100,5,100,0,85,368234185,,,68,28078,100,0,,,100,5,,,,,,,,,,,,,,,,,,,,,,,,,,,,,,,100,0,100,0,100,0,100,0,100,0,78,22,100,0,100,0,99,3238,22,22,,,,,100,0,100,0,200,0,,,,,,,,,,,,,,,,,,,,,,,,,,,100,28054,100,43011911040,100,161839049830,,,,,,,,,,
2019-05-03,Z305GWA4,ST4000DM000,4000787030016,0,118,189774592,,,95,0,100,5,100,0,85,369488145,,,68,28102,100,0,,,100,5,,,,,,,,,,,,,,,,,,,,,,,,,,,,,,,100,0,100,0,100,0,100,0,100,0,79,21,100,0,100,0,99,3240,21,21,,,,,100,0,100,0,200,0,,,,,,,,,,,,,,,,,,,,,,,,,,,100,28078,100,43015391048,100,162009411382,,,,,,,,,,
2019-05-04,Z305GWA4,ST4000DM000,4000787030016,0,118,188909920,,,95,0,100,5,100,0,85,370033424,,,68,28125,100,0,,,100,5,,,,,,,,,,,,,,,,,,,,,,,,,,,,,,,100,0,100,0,100,0,100,0,100,0,78,22,100,0,100,0,99,3243,22,22,,,,,100,0,100,0,200,0,,,,,,,,,,,,,,,,,,,,,,,,,,,100,28101,100,43017326088,100,162142897612,,,,,,,,,,
2019-05-05,Z305GWA4,ST4000DM000,4000787030016,0,114,61736560,,,95,0,100,5,100,0,85,371165945,,,68,28149,100,0,,,100,5,,,,,,,,,,,,,,,,,,,,,,,,,,,,,,,100,0,100,0,100,0,100,0,100,0,78,22,100,0,100,0,99,3269,22,22,,,,,100,0,100,0,200,0,,,,,,,,,,,,,,,,,,,,,,,,,,,100,28125,100,43021538528,100,162278880931,,,,,,,,,,
2019-05-06,Z305GWA4,ST4000DM000,4000787030016,0,118,179694112,,,95,0,100,5,100,0,85,372731471,,,68,28172,100,0,,,100,5,,,,,,,,,,,,,,,,,,,,,,,,,,,,,,,100,0,100,0,100,0,100,0,100,0,78,22,100,0,100,0,99,3273,22,22,,,,,100,0,100,0,200,0,,,,,,,,,,,,,,,,,,,,,,,,,,,100,28149,100,43023448104,100,162446452593,,,,,,,,,,
2019-05-07,Z305GWA4,ST4000DM000,4000787030016,0,114,65866240,,,95,0,100,5,100,0,85,373879400,,,68,28196,100,0,,,100,5,,,,,,,,,,,,,,,,,,,,,,,,,,,,,,,100,0,100,0,100,0,100,0,100,0,78,22,100,0,100,0,99,3276,22,22,,,,,100,0,100,0,200,0,,,,,,,,,,,,,,,,,,,,,,,,,,,100,28172,100,43025263136,100,162610807421,,,,,,,,,,
2019-05-08,Z305GWA4,ST4000DM000,4000787030016,0,120,243797936,,,95,0,100,5,100,0,85,374885343,,,68,28231,100,0,,,100,5,,,,,,,,,,,,,,,,,,,,,,,,,,,,,,,100,0,100,0,100,0,100,0,100,0,78,22,100,0,100,0,99,3283,22,22,,,,,100,0,100,0,200,0,,,,,,,,,,,,,,,,,,,,,,,,,,,100,28207,100,43027905688,100,162832553817,,,,,,,,,,
2019-05-09,Z305GWA4,ST4000DM000,4000787030016,0,118,184652040,,,95,0,100,5,100,0,85,375882117,,,68,28255,100,0,,,100,5,,,,,,,,,,,,,,,,,,,,,,,,,,,,,,,100,0,100,0,100,0,100,0,100,0,79,21,100,0,100,0,99,3285,21,21,,,,,100,0,100,0,200,0,,,,,,,,,,,,,,,,,,,,,,,,,,,100,28231,100,43031691944,100,162936758421,,,,,,,,,,
2019-05-10,Z305GWA4,ST4000DM000,4000787030016,0,104,6519856,,,95,0,100,5,100,0,85,376724726,,,68,28278,100,0,,,100,5,,,,,,,,,,,,,,,,,,,,,,,,,,,,,,,100,0,100,0,100,0,100,0,100,0,78,22,100,0,100,0,99,3289,22,22,,,,,100,0,100,0,200,0,,,,,,,,,,,,,,,,,,,,,,,,,,,100,28254,100,43034743072,100,163088411037,,,,,,,,,,
2019-05-11,Z305GWA4,ST4000DM000,4000787030016,0,116,113315632,,,95,0,100,5,100,0,85,378245016,,,68,28302,100,0,,,100,5,,,,,,,,,,,,,,,,,,,,,,,,,,,,,,,100,0,100,0,100,0,100,0,100,0,78,22,100,0,100,0,99,3292,22,22,,,,,100,0,100,0,200,0,,,,,,,,,,,,,,,,,,,,,,,,,,,100,28278,100,43038575456,100,163238255989,,,,,,,,,,
2019-05-12,Z305GWA4,ST4000DM000,4000787030016,0,111,40772248,,,95,0,100,5,100,0,85,379173277,,,68,28325,100,0,,,100,5,,,,,,,,,,,,,,,,,,,,,,,,,,,,,,,100,0,100,0,100,0,100,0,100,0,79,21,100,0,100,0,99,3453,21,21,,,,,100,0,100,0,200,0,,,,,,,,,,,,,,,,,,,,,,,,,,,100,28300,100,43041660464,100,163313360308,,,,,,,,,,
2019-05-13,Z305GWA4,ST4000DM000,4000787030016,0,113,56610856,,,95,0,100,5,100,0,85,379852196,,,68,28348,100,0,,,100,5,,,,,,,,,,,,,,,,,,,,,,,,,,,,,,,100,0,100,0,100,0,100,0,100,0,79,21,100,0,100,0,99,3458,21,21,,,,,100,0,100,0,200,0,,,,,,,,,,,,,,,,,,,,,,,,,,,100,28324,100,43043320488,100,163457462011,,,,,,,,,,
2019-05-14,Z305GWA4,ST4000DM000,4000787030016,0,119,231355048,,,95,0,100,5,100,0,85,380489267,,,68,28372,100,0,,,100,5,,,,,,,,,,,,,,,,,,,,,,,,,,,,,,,100,0,100,0,100,0,100,0,100,0,80,20,100,0,100,0,99,3461,20,20,,,,,100,0,100,0,200,0,,,,,,,,,,,,,,,,,,,,,,,,,,,100,28347,100,43044976752,100,163587516715,,,,,,,,,,
2019-05-15,Z305GWA4,ST4000DM000,4000787030016,0,119,208263032,,,95,0,100,5,100,0,85,381312774,,,68,28395,100,0,,,100,5,,,,,,,,,,,,,,,,,,,,,,,,,,,,,,,100,0,100,0,100,0,100,0,100,0,78,22,100,0,100,0,99,3466,22,22,,,,,100,0,100,0,200,0,,,,,,,,,,,,,,,,,,,,,,,,,,,100,28371,100,43046950608,100,163736362463,,,,,,,,,,
2019-05-16,Z305GWA4,ST4000DM000,4000787030016,0,117,142354112,,,95,0,100,5,100,0,85,382857547,,,68,28419,100,0,,,100,5,,,,,,,,,,,,,,,,,,,,,,,,,,,,,,,100,0,100,0,100,0,100,0,100,0,78,22,100,0,100,0,99,3470,22,22,,,,,100,0,100,0,200,0,,,,,,,,,,,,,,,,,,,,,,,,,,,100,28394,100,43050980448,100,163915281344,,,,,,,,,,
2019-05-17,Z305GWA4,ST4000DM000,4000787030016,0,118,200533384,,,95,0,100,5,100,0,85,383916593,,,68,28442,100,0,,,100,5,,,,,,,,,,,,,,,,,,,,,,,,,,,,,,,100,0,100,0,100,0,100,0,100,0,78,22,100,0,100,0,99,3473,22,22,,,,,100,0,100,0,200,0,,,,,,,,,,,,,,,,,,,,,,,,,,,100,28418,100,43052908720,100,164059806599,,,,,,,,,,
2019-05-18,Z305GWA4,ST4000DM000,4000787030016,0,114,62585752,,,95,0,100,5,100,0,85,385427084,,,68,28466,100,0,,,100,5,,,,,,,,,,,,,,,,,,,,,,,,,,,,,,,100,0,100,0,100,0,100,0,100,0,79,21,100,0,100,0,99,3476,21,21,,,,,100,0,100,0,200,0,,,,,,,,,,,,,,,,,,,,,,,,,,,100,28441,100,43056554056,100,164175301445,,,,,,,,,,
2019-05-19,Z305GWA4,ST4000DM000,4000787030016,0,101,3547248,,,95,0,100,5,100,0,85,386609958,,,68,28489,100,0,,,100,5,,,,,,,,,,,,,,,,,,,,,,,,,,,,,,,100,0,100,0,100,0,100,0,100,0,79,21,100,0,100,0,99,3505,21,21,,,,,100,0,100,0,200,0,,,,,,,,,,,,,,,,,,,,,,,,,,,100,28465,100,43058859560,100,164276655093,,,,,,,,,,
2019-05-20,Z305GWA4,ST4000DM000,4000787030016,0,112,48987128,,,95,0,100,5,100,0,85,387452616,,,68,28513,100,0,,,100,5,,,,,,,,,,,,,,,,,,,,,,,,,,,,,,,100,0,100,0,100,0,100,0,100,0,78,22,100,0,100,0,99,3510,22,22,,,,,100,0,100,0,200,0,,,,,,,,,,,,,,,,,,,,,,,,,,,100,28488,100,43060472440,100,164429443213,,,,,,,,,,
2019-05-21,Z305GWA4,ST4000DM000,4000787030016,0,105,10202768,,,95,0,100,5,100,0,85,388210750,,,68,28536,100,0,,,100,5,,,,,,,,,,,,,,,,,,,,,,,,,,,,,,,100,0,100,0,100,0,100,0,100,0,78,22,100,0,100,0,99,3514,22,22,,,,,100,0,100,0,200,0,,,,,,,,,,,,,,,,,,,,,,,,,,,100,28511,100,43062033104,100,164572804469,,,,,,,,,,
2019-05-22,Z305GWA4,ST4000DM000,4000787030016,0,117,129511512,,,95,0,100,5,100,0,85,388821676,,,68,28560,100,0,,,100,5,,,,,,,,,,,,,,,,,,,,,,,,,,,,,,,100,0,100,0,100,0,100,0,100,0,79,21,100,0,100,0,99,3519,21,21,,,,,100,0,100,0,200,0,,,,,,,,,,,,,,,,,,,,,,,,,,,100,28535,100,43063537224,100,164715455471,,,,,,,,,,
2019-05-23,Z305GWA4,ST4000DM000,4000787030016,0,117,160504384,,,95,0,100,5,100,0,85,389790318,,,68,28583,100,0,,,100,5,,,,,,,,,,,,,,,,,,,,,,,,,,,,,,,100,0,100,0,100,0,100,0,100,0,78,22,100,0,100,0,99,3524,22,22,,,,,100,0,100,0,200,0,,,,,,,,,,,,,,,,,,,,,,,,,,,100,28558,100,43067330568,100,164812283498,,,,,,,,,,
2019-05-24,Z305GWA4,ST4000DM000,4000787030016,0,115,89188712,,,95,0,100,5,100,0,85,390966994,,,68,28607,100,0,,,100,5,,,,,,,,,,,,,,,,,,,,,,,,,,,,,,,100,0,100,0,100,0,100,0,100,0,80,20,100,0,100,0,99,3530,20,20,,,,,100,0,100,0,200,0,,,,,,,,,,,,,,,,,,,,,,,,,,,100,28582,100,43068977040,100,164974037059,,,,,,,,,,
2019-05-25,Z305GWA4,ST4000DM000,4000787030016,0,113,51681928,,,95,0,100,5,100,0,85,391382597,,,68,28631,100,0,,,100,5,,,,,,,,,,,,,,,,,,,,,,,,,,,,,,,100,0,100,0,100,0,100,0,100,0,79,21,100,0,100,0,99,3533,21,21,,,,,100,0,100,0,200,0,,,,,,,,,,,,,,,,,,,,,,,,,,,100,28606,100,43070963224,100,165149668500,,,,,,,,,,
2019-05-26,Z305GWA4,ST4000DM000,4000787030016,0,111,30506264,,,95,0,100,5,100,0,85,392289205,,,68,28655,100,0,,,100,5,,,,,,,,,,,,,,,,,,,,,,,,,,,,,,,100,0,100,0,100,0,100,0,100,0,79,21,100,0,100,0,99,3548,21,21,,,,,100,0,100,0,200,0,,,,,,,,,,,,,,,,,,,,,,,,,,,100,28630,100,43074986408,100,165306088578,,,,,,,,,,
2019-05-27,Z305GWA4,ST4000DM000,4000787030016,0,117,152644032,,,95,0,100,5,100,0,85,392621472,,,68,28678,100,0,,,100,5,,,,,,,,,,,,,,,,,,,,,,,,,,,,,,,100,0,100,0,100,0,100,0,100,0,78,22,100,0,100,0,99,3551,22,22,,,,,100,0,100,0,200,0,,,,,,,,,,,,,,,,,,,,,,,,,,,100,28653,100,43076788856,100,165472326881,,,,,,,,,,
2019-05-28,Z305GWA4,ST4000DM000,4000787030016,0,115,96316792,,,95,0,100,5,100,0,85,393008866,,,68,28702,100,0,,,100,5,,,,,,,,,,,,,,,,,,,,,,,,,,,,,,,100,0,100,0,100,0,100,0,100,0,79,21,100,0,100,0,99,3554,21,21,,,,,100,0,100,0,200,0,,,,,,,,,,,,,,,,,,,,,,,,,,,100,28677,100,43078729824,100,165645874866,,,,,,,,,,
2019-05-29,Z305GWA4,ST4000DM000,4000787030016,0,118,174704632,,,95,0,100,5,100,0,85,393331743,,,68,28726,100,0,,,100,5,,,,,,,,,,,,,,,,,,,,,,,,,,,,,,,100,0,100,0,100,0,100,0,100,0,78,22,100,0,100,0,99,3557,22,22,,,,,100,0,100,0,200,0,,,,,,,,,,,,,,,,,,,,,,,,,,,100,28700,100,43080857256,100,165807438659,,,,,,,,,,
2019-05-30,Z305GWA4,ST4000DM000,4000787030016,0,118,180426288,,,95,0,100,5,100,0,85,394849063,,,68,28749,100,0,,,100,5,,,,,,,,,,,,,,,,,,,,,,,,,,,,,,,100,0,100,0,100,0,100,0,100,0,78,22,100,0,100,0,99,3562,22,22,,,,,100,0,100,0,200,0,,,,,,,,,,,,,,,,,,,,,,,,,,,100,28724,100,43084764504,100,165990325178,,,,,,,,,,
2019-05-31,Z305GWA4,ST4000DM000,4000787030016,0,118,190178888,,,95,0,100,5,100,0,85,396008865,,,68,28773,100,0,,,100,5,,,,,,,,,,,,,,,,,,,,,,,,,,,,,,,100,0,100,0,100,0,100,0,100,0,78,22,100,0,100,0,99,3565,22,22,,,,,100,0,100,0,200,0,,,,,,,,,,,,,,,,,,,,,,,,,,,100,28748,100,43087731552,100,166147180218,,,,,,,,,,
2019-06-01,Z305GWA4,ST4000DM000,4000787030016,0,114,69135624,,,95,0,100,5,100,0,85,397133565,,,68,28796,100,0,,,100,5,,,,,,,,,,,,,,,,,,,,,,,,,,,,,,,100,0,100,0,100,0,100,0,100,0,78,22,100,0,100,0,99,3567,22,22,,,,,100,0,100,0,200,0,,,,,,,,,,,,,,,,,,,,,,,,,,,100,28771,100,43089577184,100,166305557610,,,,,,,,,,
2019-06-02,Z305GWA4,ST4000DM000,4000787030016,0,115,89105312,,,95,0,100,5,100,0,85,398410274,,,68,28820,100,0,,,100,5,,,,,,,,,,,,,,,,,,,,,,,,,,,,,,,100,0,100,0,100,0,100,0,100,0,79,21,100,0,100,0,99,3588,21,21,,,,,100,0,100,0,200,0,,,,,,,,,,,,,,,,,,,,,,,,,,,100,28795,100,43093128328,100,166451920160,,,,,,,,,,
2019-06-03,Z305GWA4,ST4000DM000,4000787030016,0,120,236619144,,,95,0,100,5,100,0,85,398908846,,,68,28843,100,0,,,100,5,,,,,,,,,,,,,,,,,,,,,,,,,,,,,,,100,0,100,0,100,0,100,0,100,0,78,22,100,0,100,0,99,3592,22,22,,,,,100,0,100,0,200,0,,,,,,,,,,,,,,,,,,,,,,,,,,,100,28818,100,43094575480,100,166578017365,,,,,,,,,,
2019-06-04,Z305GWA4,ST4000DM000,4000787030016,0,115,97670584,,,95,0,100,5,100,0,85,399588934,,,68,28867,100,0,,,100,5,,,,,,,,,,,,,,,,,,,,,,,,,,,,,,,100,0,100,0,100,0,100,0,100,0,78,22,100,0,100,0,99,3596,22,22,,,,,100,0,100,0,200,0,,,,,,,,,,,,,,,,,,,,,,,,,,,100,28842,100,43096176096,100,166731690327,,,,,,,,,,
2019-06-05,Z305GWA4,ST4000DM000,4000787030016,0,112,45793296,,,95,0,100,5,100,0,85,400939474,,,68,28902,100,0,,,100,5,,,,,,,,,,,,,,,,,,,,,,,,,,,,,,,100,0,100,0,100,0,100,0,100,0,79,21,100,0,100,0,99,3604,21,21,,,,,100,0,100,0,200,0,,,,,,,,,,,,,,,,,,,,,,,,,,,100,28877,100,43098791768,100,166962226505,,,,,,,,,,
2019-06-06,Z305GWA4,ST4000DM000,4000787030016,0,114,73837048,,,95,0,100,5,100,0,86,403136626,,,67,28926,100,0,,,100,5,,,,,,,,,,,,,,,,,,,,,,,,,,,,,,,100,0,100,0,100,0,100,0,100,0,79,21,100,0,100,0,99,3606,21,21,,,,,100,0,100,0,200,0,,,,,,,,,,,,,,,,,,,,,,,,,,,100,28901,100,43102783448,100,167146743878,,,,,,,,,,
2019-06-07,Z305GWA4,ST4000DM000,4000787030016,0,117,122390504,,,95,0,100,5,100,0,86,403671120,,,67,28950,100,0,,,100,5,,,,,,,,,,,,,,,,,,,,,,,,,,,,,,,100,0,100,0,100,0,100,0,100,0,79,21,100,0,100,0,99,3611,21,21,,,,,100,0,100,0,200,0,,,,,,,,,,,,,,,,,,,,,,,,,,,100,28924,100,43104067424,100,167276089826,,,,,,,,,,
2019-06-08,Z305GWA4,ST4000DM000,4000787030016,0,110,25949544,,,95,0,100,5,100,0,86,404200452,,,67,28973,100,0,,,100,5,,,,,,,,,,,,,,,,,,,,,,,,,,,,,,,100,0,100,0,100,0,100,0,100,0,79,21,100,0,100,0,99,3615,21,21,,,,,100,0,100,0,200,0,,,,,,,,,,,,,,,,,,,,,,,,,,,100,28948,100,43105534880,100,167386573380,,,,,,,,,,
2019-06-09,Z305GWA4,ST4000DM000,4000787030016,0,114,80740704,,,95,0,100,5,100,0,86,405443678,,,67,28997,100,0,,,100,5,,,,,,,,,,,,,,,,,,,,,,,,,,,,,,,100,0,100,0,100,0,100,0,100,0,79,21,100,0,100,0,99,3647,21,21,,,,,100,0,100,0,200,0,,,,,,,,,,,,,,,,,,,,,,,,,,,100,28971,100,43109094448,100,167526757803,,,,,,,,,,
2019-06-10,Z305GWA4,ST4000DM000,4000787030016,0,108,17462632,,,95,0,100,5,100,0,86,406240276,,,67,29020,100,0,,,100,5,,,,,,,,,,,,,,,,,,,,,,,,,,,,,,,100,0,100,0,100,0,100,0,100,0,79,21,100,0,100,0,99,3653,21,21,,,,,100,0,100,0,200,0,,,,,,,,,,,,,,,,,,,,,,,,,,,100,28995,100,43110456648,100,167664795077,,,,,,,,,,
2019-06-11,Z305GWA4,ST4000DM000,4000787030016,0,117,144123912,,,95,0,100,5,100,0,86,406951612,,,67,29044,100,0,,,100,5,,,,,,,,,,,,,,,,,,,,,,,,,,,,,,,100,0,100,0,100,0,100,0,100,0,79,21,100,0,100,0,99,3658,21,21,,,,,100,0,100,0,200,0,,,,,,,,,,,,,,,,,,,,,,,,,,,100,29018,100,43111953328,100,167814402483,,,,,,,,,,
2019-06-12,Z305GWA4,ST4000DM000,4000787030016,0,118,198063488,,,95,0,100,5,100,0,86,407630587,,,67,29067,100,0,,,100,5,,,,,,,,,,,,,,,,,,,,,,,,,,,,,,,100,0,100,0,100,0,100,0,100,0,79,21,100,0,100,0,99,3658,21,21,,,,,100,0,100,0,200,0,,,,,,,,,,,,,,,,,,,,,,,,,,,100,29042,100,43113512176,100,167958527179,,,,,,,,,,
2019-06-13,Z305GWA4,ST4000DM000,4000787030016,0,116,106825104,,,95,0,100,5,100,0,86,408954887,,,67,29091,100,0,,,100,5,,,,,,,,,,,,,,,,,,,,,,,,,,,,,,,100,0,100,0,100,0,100,0,100,0,79,21,100,0,100,0,99,3662,21,21,,,,,100,0,100,0,200,0,,,,,,,,,,,,,,,,,,,,,,,,,,,100,29066,100,43117465672,100,168113206906,,,,,,,,,,
2019-06-14,Z305GWA4,ST4000DM000,4000787030016,0,114,68692056,,,95,0,100,5,100,0,86,409838367,,,67,29115,100,0,,,100,5,,,,,,,,,,,,,,,,,,,,,,,,,,,,,,,100,0,100,0,100,0,100,0,100,0,79,21,100,0,100,0,99,3664,21,21,,,,,100,0,100,0,200,0,,,,,,,,,,,,,,,,,,,,,,,,,,,100,29089,100,43118936592,100,168269040931,,,,,,,,,,
2019-06-15,Z305GWA4,ST4000DM000,4000787030016,0,113,53246176,,,95,0,100,5,100,0,86,410992189,,,67,29138,100,0,,,100,5,,,,,,,,,,,,,,,,,,,,,,,,,,,,,,,100,0,100,0,100,0,100,0,100,0,80,20,100,0,100,0,99,3670,20,20,,,,,100,0,100,0,200,0,,,,,,,,,,,,,,,,,,,,,,,,,,,100,29113,100,43120602840,100,168427558764,,,,,,,,,,
2019-06-16,Z305GWA4,ST4000DM000,4000787030016,0,117,150344208,,,95,0,100,5,100,0,86,413333892,,,67,29162,100,0,,,100,5,,,,,,,,,,,,,,,,,,,,,,,,,,,,,,,100,0,100,0,100,0,100,0,100,0,79,21,100,0,100,0,99,3687,21,21,,,,,100,0,100,0,200,0,,,,,,,,,,,,,,,,,,,,,,,,,,,100,29136,100,43124299064,100,168576114329,,,,,,,,,,
2019-06-17,Z305GWA4,ST4000DM000,4000787030016,0,115,84565928,,,95,0,100,5,100,0,86,413840120,,,67,29185,100,0,,,100,5,,,,,,,,,,,,,,,,,,,,,,,,,,,,,,,100,0,100,0,100,0,100,0,100,0,80,20,100,0,100,0,99,3690,20,20,,,,,100,0,100,0,200,0,,,,,,,,,,,,,,,,,,,,,,,,,,,100,29160,100,43125479712,100,168645885361,,,,,,,,,,
2019-06-18,Z305GWA4,ST4000DM000,4000787030016,0,114,68351328,,,95,0,100,5,100,0,86,414852573,,,67,29209,100,0,,,100,5,,,,,,,,,,,,,,,,,,,,,,,,,,,,,,,100,0,100,0,100,0,100,0,100,0,79,21,100,0,100,0,99,3691,21,21,,,,,100,0,100,0,200,0,,,,,,,,,,,,,,,,,,,,,,,,,,,100,29183,100,43126920616,100,168806121827,,,,,,,,,,
2019-06-19,Z305GWA4,ST4000DM000,4000787030016,0,107,14140384,,,95,0,100,5,100,0,86,415613383,,,67,29232,100,0,,,100,5,,,,,,,,,,,,,,,,,,,,,,,,,,,,,,,100,0,100,0,100,0,100,0,100,0,79,21,100,0,100,0,99,3696,21,21,,,,,100,0,100,0,200,0,,,,,,,,,,,,,,,,,,,,,,,,,,,100,29207,100,43128395992,100,168947187184,,,,,,,,,,
2019-06-20,Z305GWA4,ST4000DM000,4000787030016,0,120,239302896,,,95,0,100,5,100,0,86,416836964,,,67,29256,100,0,,,100,5,,,,,,,,,,,,,,,,,,,,,,,,,,,,,,,100,0,100,0,100,0,100,0,100,0,79,21,100,0,100,0,99,3700,21,21,,,,,100,0,100,0,200,0,,,,,,,,,,,,,,,,,,,,,,,,,,,100,29230,100,43132100088,100,169108529070,,,,,,,,,,
2019-06-21,Z305GWA4,ST4000DM000,4000787030016,0,117,119314984,,,95,0,100,5,100,0,86,417261529,,,67,29280,100,0,,,100,5,,,,,,,,,,,,,,,,,,,,,,,,,,,,,,,100,0,100,0,100,0,100,0,100,0,79,21,100,0,100,0,99,3704,21,21,,,,,100,0,100,0,200,0,,,,,,,,,,,,,,,,,,,,,,,,,,,100,29254,100,43133068544,100,169204573062,,,,,,,,,,
2019-06-22,Z305GWA4,ST4000DM000,4000787030016,0,117,145030960,,,95,0,100,5,100,0,86,417764045,,,67,29303,100,0,,,100,5,,,,,,,,,,,,,,,,,,,,,,,,,,,,,,,100,0,100,0,100,0,100,0,100,0,80,20,100,0,100,0,99,3735,20,20,,,,,100,0,100,0,200,0,,,,,,,,,,,,,,,,,,,,,,,,,,,100,29277,100,43134457200,100,169329526721,,,,,,,,,,
2019-06-23,Z305GWA4,ST4000DM000,4000787030016,0,118,198957200,,,95,0,100,5,100,0,86,418700897,,,67,29327,100,0,,,100,5,,,,,,,,,,,,,,,,,,,,,,,,,,,,,,,100,0,100,0,100,0,100,0,100,0,79,21,100,0,100,0,99,3756,21,21,,,,,100,0,100,0,200,0,,,,,,,,,,,,,,,,,,,,,,,,,,,100,29301,100,43138525632,100,169483094702,,,,,,,,,,
2019-06-24,Z305GWA4,ST4000DM000,4000787030016,0,105,9191672,,,95,0,100,5,100,0,86,419069224,,,67,29350,100,0,,,100,5,,,,,,,,,,,,,,,,,,,,,,,,,,,,,,,100,0,100,0,100,0,100,0,100,0,79,21,100,0,100,0,99,3759,21,21,,,,,100,0,100,0,200,0,,,,,,,,,,,,,,,,,,,,,,,,,,,100,29324,100,43140470928,100,169656427707,,,,,,,,,,
2019-06-25,Z305GWA4,ST4000DM000,4000787030016,0,118,183245440,,,95,0,100,5,100,0,86,419422459,,,67,29374,100,0,,,100,5,,,,,,,,,,,,,,,,,,,,,,,,,,,,,,,100,0,100,0,100,0,100,0,100,0,79,21,100,0,100,0,99,3763,21,21,,,,,100,0,100,0,200,0,,,,,,,,,,,,,,,,,,,,,,,,,,,100,29348,100,43142363672,100,169816452278,,,,,,,,,,
2019-06-26,Z305GWA4,ST4000DM000,4000787030016,0,119,207612816,,,95,0,100,5,100,0,86,419897574,,,67,29398,100,0,,,100,5,,,,,,,,,,,,,,,,,,,,,,,,,,,,,,,100,0,100,0,100,0,100,0,100,0,79,21,100,0,100,0,99,3765,21,21,,,,,100,0,100,0,200,0,,,,,,,,,,,,,,,,,,,,,,,,,,,100,29372,100,43144380248,100,170003206454,,,,,,,,,,
2019-06-27,Z305GWA4,ST4000DM000,4000787030016,0,108,14834216,,,95,0,100,5,100,0,86,420791524,,,67,29421,100,0,,,100,5,,,,,,,,,,,,,,,,,,,,,,,,,,,,,,,100,0,100,0,100,0,100,0,100,0,79,21,100,0,100,0,99,3767,21,21,,,,,100,0,100,0,200,0,,,,,,,,,,,,,,,,,,,,,,,,,,,100,29395,100,43147957488,100,170291445220,,,,,,,,,,
2019-06-28,Z305GWA4,ST4000DM000,4000787030016,0,104,6428672,,,95,0,100,5,100,0,86,422870441,,,67,29445,100,0,,,100,5,,,,,,,,,,,,,,,,,,,,,,,,,,,,,,,100,0,100,0,100,0,100,0,100,0,79,21,100,0,100,0,99,3770,21,21,,,,,100,0,100,0,200,0,,,,,,,,,,,,,,,,,,,,,,,,,,,100,29419,100,43152789304,100,170596212467,,,,,,,,,,
2019-06-29,Z305GWA4,ST4000DM000,4000787030016,0,117,151229840,,,95,0,100,5,100,0,86,424270280,,,67,29469,100,0,,,100,5,,,,,,,,,,,,,,,,,,,,,,,,,,,,,,,100,0,100,0,100,0,100,0,100,0,78,22,100,0,100,0,99,3774,22,22,,,,,100,0,100,0,200,0,,,,,,,,,,,,,,,,,,,,,,,,,,,100,29443,100,43155389808,100,170883908965,,,,,,,,,,
2019-06-30,Z305GWA4,ST4000DM000,4000787030016,0,113,50788016,,,95,0,100,5,100,0,86,425823225,,,67,29493,100,0,,,100,5,,,,,,,,,,,,,,,,,,,,,,,,,,,,,,,100,0,100,0,100,0,100,0,100,0,78,22,100,0,100,0,99,3809,22,22,,,,,100,0,100,0,200,0,,,,,,,,,,,,,,,,,,,,,,,,,,,100,29467,100,43159571984,100,171127342616,,,,,,,,,,
2019-07-01,Z305GWA4,ST4000DM000,4000787030016,0,119,228411024,,,95,0,100,5,100,0,86,428573247,,,67,29517,100,0,,,100,5,,,,,,,,,,,,,,,,,,,,,,,,,,,,,,,100,0,100,0,100,0,100,0,100,0,78,22,100,0,100,0,99,3812,22,22,,,,,100,0,100,0,200,0,,,,,,,,,,,,,,,,,,,,,,,,,,,100,29491,100,43165536216,100,171428197489,,,,,,,,,,
2019-07-02,Z305GWA4,ST4000DM000,4000787030016,0,114,66691624,,,95,0,100,5,100,0,86,429599629,,,67,29541,100,0,,,100,5,,,,,,,,,,,,,,,,,,,,,,,,,,,,,,,100,0,100,0,100,0,100,0,100,0,78,22,100,0,100,0,99,3817,22,22,,,,,100,0,100,0,200,0,,,,,,,,,,,,,,,,,,,,,,,,,,,100,29515,100,43167542888,100,171683406123,,,,,,,,,,
2019-07-03,Z305GWA4,ST4000DM000,4000787030016,0,117,162588984,,,95,0,100,5,100,0,86,431140915,,,67,29565,100,0,,,100,5,,,,,,,,,,,,,,,,,,,,,,,,,,,,,,,100,0,100,0,100,0,100,0,100,0,78,22,100,0,100,0,99,3820,22,22,,,,,100,0,100,0,200,0,,,,,,,,,,,,,,,,,,,,,,,,,,,100,29539,100,43170055600,100,171979386725,,,,,,,,,,
2019-07-04,Z305GWA4,ST4000DM000,4000787030016,0,117,153731512,,,95,0,100,5,100,0,86,432652178,,,67,29589,100,0,,,100,5,,,,,,,,,,,,,,,,,,,,,,,,,,,,,,,100,0,100,0,100,0,100,0,100,0,78,22,100,0,100,0,99,3825,22,22,,,,,100,0,100,0,200,0,,,,,,,,,,,,,,,,,,,,,,,,,,,100,29563,100,43173001112,100,172286073220,,,,,,,,,,
2019-07-05,Z305GWA4,ST4000DM000,4000787030016,0,106,11631872,,,95,0,100,5,100,0,86,434770311,,,67,29614,100,0,,,100,5,,,,,,,,,,,,,,,,,,,,,,,,,,,,,,,100,0,100,0,100,0,100,0,100,0,78,22,100,0,100,0,99,3826,22,22,,,,,100,0,100,0,200,0,,,,,,,,,,,,,,,,,,,,,,,,,,,100,29587,100,43177176376,100,172598302360,,,,,,,,,,
2019-07-06,Z305GWA4,ST4000DM000,4000787030016,0,115,98505016,,,95,0,100,5,100,0,86,436814408,,,67,29638,100,0,,,100,5,,,,,,,,,,,,,,,,,,,,,,,,,,,,,,,100,0,100,0,100,0,100,0,100,0,78,22,100,0,100,0,99,3827,22,22,,,,,100,0,100,0,200,0,,,,,,,,,,,,,,,,,,,,,,,,,,,100,29612,100,43179574848,100,172873377856,,,,,,,,,,
2019-07-07,Z305GWA4,ST4000DM000,4000787030016,0,114,75272736,,,95,0,100,5,100,0,86,438571571,,,67,29662,100,0,,,100,5,,,,,,,,,,,,,,,,,,,,,,,,,,,,,,,100,0,100,0,100,0,100,0,100,0,78,22,100,0,100,0,99,3870,22,22,,,,,100,0,100,0,200,0,,,,,,,,,,,,,,,,,,,,,,,,,,,100,29636,100,43183425296,100,173072820981,,,,,,,,,,
2019-07-08,Z305GWA4,ST4000DM000,4000787030016,0,117,160031736,,,95,0,100,5,100,0,86,439928937,,,67,29686,100,0,,,100,5,,,,,,,,,,,,,,,,,,,,,,,,,,,,,,,100,0,100,0,100,0,100,0,100,0,78,22,100,0,100,0,99,3876,22,22,,,,,100,0,100,0,200,0,,,,,,,,,,,,,,,,,,,,,,,,,,,100,29660,100,43185458544,100,173365836565,,,,,,,,,,
2019-07-09,Z305GWA4,ST4000DM000,4000787030016,0,115,98609752,,,95,0,100,5,100,0,86,440826602,,,67,29710,100,0,,,100,5,,,,,,,,,,,,,,,,,,,,,,,,,,,,,,,100,0,100,0,100,0,100,0,100,0,78,22,100,0,100,0,99,3921,22,22,,,,,100,0,100,0,200,0,,,,,,,,,,,,,,,,,,,,,,,,,,,100,29683,100,43187189280,100,173585800905,,,,,,,,,,
2019-07-10,Z305GWA4,ST4000DM000,4000787030016,0,108,16596816,,,95,0,100,5,100,0,86,441722722,,,67,29734,100,0,,,100,5,,,,,,,,,,,,,,,,,,,,,,,,,,,,,,,100,0,100,0,100,0,100,0,100,0,78,22,100,0,100,0,99,3925,22,22,,,,,100,0,100,0,200,0,,,,,,,,,,,,,,,,,,,,,,,,,,,100,29707,100,43190685312,100,173945984833,,,,,,,,,,
2019-07-11,Z305GWA4,ST4000DM000,4000787030016,0,117,155541200,,,95,0,100,5,100,0,86,442719177,,,67,29758,100,0,,,100,5,,,,,,,,,,,,,,,,,,,,,,,,,,,,,,,100,0,100,0,100,0,100,0,100,0,78,22,100,0,100,0,99,3930,22,22,,,,,100,0,100,0,200,0,,,,,,,,,,,,,,,,,,,,,,,,,,,100,29731,100,43194322400,100,174308255235,,,,,,,,,,
2019-07-12,Z305GWA4,ST4000DM000,4000787030016,0,119,221468616,,,95,0,100,5,100,0,86,443959890,,,67,29782,100,0,,,100,5,,,,,,,,,,,,,,,,,,,,,,,,,,,,,,,100,0,100,0,100,0,100,0,100,0,78,22,100,0,100,0,99,3932,22,22,,,,,100,0,100,0,200,0,,,,,,,,,,,,,,,,,,,,,,,,,,,100,29755,100,43199435544,100,174634751282,,,,,,,,,,
2019-07-13,Z305GWA4,ST4000DM000,4000787030016,0,109,22317440,,,95,0,100,5,100,0,86,445796277,,,66,29806,100,0,,,100,5,,,,,,,,,,,,,,,,,,,,,,,,,,,,,,,100,0,100,0,100,0,100,0,100,0,78,22,100,0,100,0,99,3936,22,22,,,,,100,0,100,0,200,0,,,,,,,,,,,,,,,,,,,,,,,,,,,100,29780,100,43202696528,100,174942854198,,,,,,,,,,
2019-07-14,Z305GWA4,ST4000DM000,4000787030016,0,117,142437336,,,95,0,100,5,100,0,86,447341818,,,66,29830,100,0,,,100,5,,,,,,,,,,,,,,,,,,,,,,,,,,,,,,,100,0,100,0,100,0,100,0,100,0,78,22,100,0,100,0,99,3982,22,22,,,,,100,0,100,0,200,0,,,,,,,,,,,,,,,,,,,,,,,,,,,100,29804,100,43206738272,100,175162389613,,,,,,,,,,
2019-07-15,Z305GWA4,ST4000DM000,4000787030016,0,115,96638400,,,95,0,100,5,100,0,86,448690884,,,66,29854,100,0,,,100,5,,,,,,,,,,,,,,,,,,,,,,,,,,,,,,,100,0,100,0,100,0,100,0,100,0,78,22,100,0,100,0,99,3988,22,22,,,,,100,0,100,0,200,0,,,,,,,,,,,,,,,,,,,,,,,,,,,100,29828,100,43209530728,100,175475715528,,,,,,,,,,
2019-07-16,Z305GWA4,ST4000DM000,4000787030016,0,115,99463720,,,95,0,100,5,100,0,86,451441129,,,66,29878,100,0,,,100,5,,,,,,,,,,,,,,,,,,,,,,,,,,,,,,,100,0,100,0,100,0,100,0,100,0,79,21,100,0,100,0,99,3990,21,21,,,,,100,0,100,0,200,0,,,,,,,,,,,,,,,,,,,,,,,,,,,100,29852,100,43216399552,100,175778347712,,,,,,,,,,
2019-07-17,Z305GWA4,ST4000DM000,4000787030016,0,116,115409952,,,95,0,100,5,100,0,86,452517271,,,66,29903,100,0,,,100,5,,,,,,,,,,,,,,,,,,,,,,,,,,,,,,,100,0,100,0,100,0,100,0,100,0,77,23,100,0,100,0,99,3992,23,23,,,,,100,0,100,0,200,0,,,,,,,,,,,,,,,,,,,,,,,,,,,100,29876,100,43219067728,100,176031054089,,,,,,,,,,
2019-07-18,Z305GWA4,ST4000DM000,4000787030016,0,117,150401560,,,95,0,100,5,100,0,86,454176556,,,66,29927,100,0,,,100,5,,,,,,,,,,,,,,,,,,,,,,,,,,,,,,,100,0,100,0,100,0,100,0,100,0,78,22,100,0,100,0,99,3996,22,22,,,,,100,0,100,0,200,0,,,,,,,,,,,,,,,,,,,,,,,,,,,100,29900,100,43222127840,100,176325618659,,,,,,,,,,
2019-07-19,Z305GWA4,ST4000DM000,4000787030016,0,118,181691456,,,95,0,100,5,100,0,86,455985704,,,66,29951,100,0,,,100,5,,,,,,,,,,,,,,,,,,,,,,,,,,,,,,,100,0,100,0,100,0,100,0,100,0,78,22,100,0,100,0,99,3998,22,22,,,,,100,0,100,0,200,0,,,,,,,,,,,,,,,,,,,,,,,,,,,100,29924,100,43226785504,100,176622249464,,,,,,,,,,
2019-07-20,Z305GWA4,ST4000DM000,4000787030016,0,119,204489840,,,95,0,100,5,100,0,86,457902285,,,66,29975,100,0,,,100,5,,,,,,,,,,,,,,,,,,,,,,,,,,,,,,,100,0,100,0,100,0,100,0,100,0,78,22,100,0,100,0,99,3999,22,22,,,,,100,0,100,0,200,0,,,,,,,,,,,,,,,,,,,,,,,,,,,100,29948,100,43232749200,100,181236560377,,,,,,,,,,
2019-07-21,Z305GWA4,ST4000DM000,4000787030016,0,117,157242528,,,95,0,100,5,100,0,86,460018605,,,66,29999,100,0,,,100,5,,,,,,,,,,,,,,,,,,,,,,,,,,,,,,,100,0,100,0,100,0,100,0,100,0,77,23,100,0,100,0,98,4033,23,23,,,,,100,0,100,0,200,0,,,,,,,,,,,,,,,,,,,,,,,,,,,100,29972,100,43237499032,100,181455749674,,,,,,,,,,
2019-07-22,Z305GWA4,ST4000DM000,4000787030016,0,119,225045016,,,95,0,100,5,100,0,86,461517998,,,66,30023,100,0,,,100,5,,,,,,,,,,,,,,,,,,,,,,,,,,,,,,,100,0,100,0,100,0,100,0,100,0,78,22,100,0,100,0,98,4039,22,22,,,,,100,0,100,0,200,0,,,,,,,,,,,,,,,,,,,,,,,,,,,100,29996,100,43239531704,100,181712323066,,,,,,,,,,
2019-07-23,Z305GWA4,ST4000DM000,4000787030016,0,112,48851688,,,95,0,100,5,100,0,86,462871474,,,66,30047,100,0,,,100,5,,,,,,,,,,,,,,,,,,,,,,,,,,,,,,,100,0,100,0,100,0,100,0,100,0,78,22,100,0,100,0,98,4042,22,22,,,,,100,0,100,0,200,0,,,,,,,,,,,,,,,,,,,,,,,,,,,100,30020,100,43243510864,100,181995980089,,,,,,,,,,
2019-07-24,Z305GWA4,ST4000DM000,4000787030016,0,119,228450224,,,95,0,100,5,100,0,86,463721532,,,66,30071,100,0,,,100,5,,,,,,,,,,,,,,,,,,,,,,,,,,,,,,,100,0,100,0,100,0,100,0,100,0,78,22,100,0,100,0,98,4078,22,22,,,,,100,0,100,0,200,0,,,,,,,,,,,,,,,,,,,,,,,,,,,100,30044,100,43246127984,100,182232662080,,,,,,,,,,
2019-07-25,Z305GWA4,ST4000DM000,4000787030016,0,119,225021800,,,95,0,100,5,100,0,86,464751908,,,66,30095,100,0,,,100,5,,,,,,,,,,,,,,,,,,,,,,,,,,,,,,,100,0,100,0,100,0,100,0,100,0,78,22,100,0,100,0,98,4082,22,22,,,,,100,0,100,0,200,0,,,,,,,,,,,,,,,,,,,,,,,,,,,100,30068,100,43250146040,100,182578605427,,,,,,,,,,
2019-07-26,Z305GWA4,ST4000DM000,4000787030016,0,118,194884296,,,95,0,100,5,100,0,86,466785895,,,66,30119,100,0,,,100,5,,,,,,,,,,,,,,,,,,,,,,,,,,,,,,,100,0,100,0,100,0,100,0,100,0,79,21,100,0,100,0,98,4085,21,21,,,,,100,0,100,0,200,0,,,,,,,,,,,,,,,,,,,,,,,,,,,100,30092,100,43255924016,100,182942110445,,,,,,,,,,
2019-07-27,Z305GWA4,ST4000DM000,4000787030016,0,119,220422312,,,95,0,100,5,100,0,86,467942951,,,66,30143,100,0,,,100,5,,,,,,,,,,,,,,,,,,,,,,,,,,,,,,,100,0,100,0,100,0,100,0,100,0,78,22,100,0,100,0,98,4086,22,22,,,,,100,0,100,0,200,0,,,,,,,,,,,,,,,,,,,,,,,,,,,100,30116,100,43260325960,100,183265845215,,,,,,,,,,
2019-07-28,Z305GWA4,ST4000DM000,4000787030016,0,118,174104792,,,95,0,100,5,100,0,87,470080498,,,66,30167,100,0,,,100,5,,,,,,,,,,,,,,,,,,,,,,,,,,,,,,,100,0,100,0,100,0,100,0,100,0,78,22,100,0,100,0,98,4114,22,22,,,,,100,0,100,0,200,0,,,,,,,,,,,,,,,,,,,,,,,,,,,100,30140,100,43266924560,100,183509541435,,,,,,,,,,
2019-07-29,Z305GWA4,ST4000DM000,4000787030016,0,117,130247744,,,95,0,100,5,100,0,87,471323343,,,66,30191,100,0,,,100,5,,,,,,,,,,,,,,,,,,,,,,,,,,,,,,,100,0,100,0,100,0,100,0,100,0,78,22,100,0,100,0,98,4116,22,22,,,,,100,0,100,0,200,0,,,,,,,,,,,,,,,,,,,,,,,,,,,100,30164,100,43270901976,100,183787775322,,,,,,,,,,
2019-07-30,Z305GWA4,ST4000DM000,4000787030016,0,108,15222296,,,95,0,100,5,100,0,87,473131656,,,66,30215,100,0,,,100,5,,,,,,,,,,,,,,,,,,,,,,,,,,,,,,,100,0,100,0,100,0,100,0,100,0,78,22,100,0,100,0,98,4119,22,22,,,,,100,0,100,0,200,0,,,,,,,,,,,,,,,,,,,,,,,,,,,100,30188,100,43277936760,100,184114653546,,,,,,,,,,
2019-07-31,Z305GWA4,ST4000DM000,4000787030016,0,119,226077832,,,95,0,100,5,100,0,87,474661933,,,66,30239,100,0,,,100,5,,,,,,,,,,,,,,,,,,,,,,,,,,,,,,,100,0,100,0,100,0,100,0,100,0,78,22,100,0,100,0,98,4119,22,22,,,,,100,0,100,0,200,0,,,,,,,,,,,,,,,,,,,,,,,,,,,100,30212,100,43313515648,100,184395655140,,,,,,,,,,
2019-08-01,Z305GWA4,ST4000DM000,4000787030016,0,109,24858040,,,95,0,100,5,100,0,87,476434104,,,66,30263,100,0,,,100,5,,,,,,,,,,,,,,,,,,,,,,,,,,,,,,,100,0,100,0,100,0,100,0,100,0,78,22,100,0,100,0,98,4120,22,22,,,,,100,0,100,0,200,0,,,,,,,,,,,,,,,,,,,,,,,,,,,100,30235,100,43381834496,100,184679788238,,,,,,,,,,
2019-08-02,Z305GWA4,ST4000DM000,4000787030016,0,114,58862104,,,95,0,100,5,100,0,87,478428244,,,66,30287,100,0,,,100,5,,,,,,,,,,,,,,,,,,,,,,,,,,,,,,,100,0,100,0,100,0,100,0,100,0,78,22,100,0,100,0,98,4120,22,22,,,,,100,0,100,0,200,0,,,,,,,,,,,,,,,,,,,,,,,,,,,100,30260,100,43432356752,100,184976652215,,,,,,,,,,
2019-08-03,Z305GWA4,ST4000DM000,4000787030016,0,117,135657848,,,95,0,100,5,100,0,87,480114405,,,66,30311,100,0,,,100,5,,,,,,,,,,,,,,,,,,,,,,,,,,,,,,,100,0,100,0,100,0,100,0,100,0,78,22,100,0,100,0,98,4120,22,22,,,,,100,0,100,0,200,0,,,,,,,,,,,,,,,,,,,,,,,,,,,100,30284,100,43482063784,100,185274626348,,,,,,,,,,
2019-08-04,Z305GWA4,ST4000DM000,4000787030016,0,119,206180344,,,95,0,100,5,100,0,87,482265485,,,66,30335,100,0,,,100,5,,,,,,,,,,,,,,,,,,,,,,,,,,,,,,,100,0,100,0,100,0,100,0,100,0,78,22,100,0,100,0,98,4120,22,22,,,,,100,0,100,0,200,0,,,,,,,,,,,,,,,,,,,,,,,,,,,100,30308,100,43519720336,100,185518728435,,,,,,,,,,
2019-08-05,Z305GWA4,ST4000DM000,4000787030016,0,115,92346712,,,95,0,100,5,100,0,87,484119677,,,66,30360,100,0,,,100,5,,,,,,,,,,,,,,,,,,,,,,,,,,,,,,,100,0,100,0,100,0,100,0,100,0,77,23,100,0,100,0,98,4120,23,23,,,,,100,0,100,0,200,0,,,,,,,,,,,,,,,,,,,,,,,,,,,100,30332,100,43557227048,100,185748076977,,,,,,,,,,
2019-08-06,Z305GWA4,ST4000DM000,4000787030016,0,117,133007528,,,95,0,100,5,100,0,87,485929035,,,66,30384,100,0,,,100,5,,,,,,,,,,,,,,,,,,,,,,,,,,,,,,,100,0,100,0,100,0,100,0,100,0,78,22,100,0,100,0,98,4120,22,22,,,,,100,0,100,0,200,0,,,,,,,,,,,,,,,,,,,,,,,,,,,100,30356,100,43591260984,100,186052893287,,,,,,,,,,
2019-08-07,Z305GWA4,ST4000DM000,4000787030016,0,111,29408320,,,95,0,100,5,100,0,87,488319824,,,66,30408,100,0,,,100,5,,,,,,,,,,,,,,,,,,,,,,,,,,,,,,,100,0,100,0,100,0,100,0,100,0,78,22,100,0,100,0,98,4120,22,22,,,,,100,0,100,0,200,0,,,,,,,,,,,,,,,,,,,,,,,,,,,100,30380,100,43655362744,100,186300745388,,,,,,,,,,
2019-08-08,Z305GWA4,ST4000DM000,4000787030016,0,115,92586720,,,95,0,100,5,100,0,87,489811194,,,66,30432,100,0,,,100,5,,,,,,,,,,,,,,,,,,,,,,,,,,,,,,,100,0,100,0,100,0,100,0,100,0,78,22,100,0,100,0,98,4120,22,22,,,,,100,0,100,0,200,0,,,,,,,,,,,,,,,,,,,,,,,,,,,100,30404,100,43705290824,100,186644270147,,,,,,,,,,
2019-08-09,Z305GWA4,ST4000DM000,4000787030016,0,120,241963696,,,95,0,100,5,100,0,87,491150307,,,66,30456,100,0,,,100,5,,,,,,,,,,,,,,,,,,,,,,,,,,,,,,,100,0,100,0,100,0,100,0,100,0,78,22,100,0,100,0,98,4120,22,22,,,,,100,0,100,0,200,0,,,,,,,,,,,,,,,,,,,,,,,,,,,100,30428,100,43751378616,100,186980917322,,,,,,,,,,
2019-08-10,Z305GWA4,ST4000DM000,4000787030016,0,115,92001864,,,95,0,100,5,100,0,87,492127755,,,66,30480,100,0,,,100,5,,,,,,,,,,,,,,,,,,,,,,,,,,,,,,,100,0,100,0,100,0,100,0,100,0,78,22,100,0,100,0,98,4120,22,22,,,,,100,0,100,0,200,0,,,,,,,,,,,,,,,,,,,,,,,,,,,100,30452,100,43794504312,100,187341862055,,,,,,,,,,
2019-08-11,Z305GWA4,ST4000DM000,4000787030016,0,117,138101672,,,95,0,100,5,100,0,87,493351529,,,66,30504,100,0,,,100,5,,,,,,,,,,,,,,,,,,,,,,,,,,,,,,,100,0,100,0,100,0,100,0,100,0,78,22,100,0,100,0,98,4120,22,22,,,,,100,0,100,0,200,0,,,,,,,,,,,,,,,,,,,,,,,,,,,100,30476,100,43818963336,100,187608771167,,,,,,,,,,
2019-08-12,Z305GWA4,ST4000DM000,4000787030016,0,117,119608304,,,95,0,100,5,100,0,87,494960267,,,66,30528,100,0,,,100,5,,,,,,,,,,,,,,,,,,,,,,,,,,,,,,,100,0,100,0,100,0,100,0,100,0,78,22,100,0,100,0,98,4120,22,22,,,,,100,0,100,0,200,0,,,,,,,,,,,,,,,,,,,,,,,,,,,100,30500,100,43846650680,100,187920804247,,,,,,,,,,
2019-08-13,Z305GWA4,ST4000DM000,4000787030016,0,116,105985288,,,95,0,100,5,100,0,87,496872569,,,66,30552,100,0,,,100,5,,,,,,,,,,,,,,,,,,,,,,,,,,,,,,,100,0,100,0,100,0,100,0,100,0,78,22,100,0,100,0,98,4120,22,22,,,,,100,0,100,0,200,0,,,,,,,,,,,,,,,,,,,,,,,,,,,100,30524,100,43876700104,100,188212459116,,,,,,,,,,
2019-08-14,Z305GWA4,ST4000DM000,4000787030016,0,115,90978304,,,95,0,100,5,100,0,87,498324287,,,66,30576,100,0,,,100,5,,,,,,,,,,,,,,,,,,,,,,,,,,,,,,,100,0,100,0,100,0,100,0,100,0,78,22,100,0,100,0,98,4120,22,22,,,,,100,0,100,0,200,0,,,,,,,,,,,,,,,,,,,,,,,,,,,100,30548,100,43906160544,100,188523802205,,,,,,,,,,
2019-08-15,Z305GWA4,ST4000DM000,4000787030016,0,117,161695008,,,95,0,100,5,100,0,87,499892421,,,66,30600,100,0,,,100,5,,,,,,,,,,,,,,,,,,,,,,,,,,,,,,,100,0,100,0,100,0,100,0,100,0,78,22,100,0,100,0,98,4122,22,22,,,,,100,0,100,0,200,0,,,,,,,,,,,,,,,,,,,,,,,,,,,100,30572,100,43934551632,100,188785123102,,,,,,,,,,
2019-08-16,Z305GWA4,ST4000DM000,4000787030016,0,110,27951552,,,95,0,100,5,100,0,87,501813064,,,66,30624,100,0,,,100,5,,,,,,,,,,,,,,,,,,,,,,,,,,,,,,,100,0,100,0,100,0,100,0,100,0,78,22,100,0,100,0,98,4122,22,22,,,,,100,0,100,0,200,0,,,,,,,,,,,,,,,,,,,,,,,,,,,100,30596,100,43958658464,100,189115623826,,,,,,,,,,
2019-08-17,Z305GWA4,ST4000DM000,4000787030016,0,116,108281520,,,95,0,100,5,100,0,87,503219610,,,66,30648,100,0,,,100,5,,,,,,,,,,,,,,,,,,,,,,,,,,,,,,,100,0,100,0,100,0,100,0,100,0,78,22,100,0,100,0,98,4122,22,22,,,,,100,0,100,0,200,0,,,,,,,,,,,,,,,,,,,,,,,,,,,100,30620,100,43991778952,100,189374372662,,,,,,,,,,
2019-08-18,Z305GWA4,ST4000DM000,4000787030016,0,115,86569648,,,95,0,100,5,100,0,87,505477927,,,65,30672,100,0,,,100,5,,,,,,,,,,,,,,,,,,,,,,,,,,,,,,,100,0,100,0,100,0,100,0,100,0,78,22,100,0,100,0,98,4122,22,22,,,,,100,0,100,0,200,0,,,,,,,,,,,,,,,,,,,,,,,,,,,100,30644,100,44016320104,100,189571541971,,,,,,,,,,
2019-08-19,Z305GWA4,ST4000DM000,4000787030016,0,118,198937872,,,95,0,100,5,100,0,87,506981294,,,65,30696,100,0,,,100,5,,,,,,,,,,,,,,,,,,,,,,,,,,,,,,,100,0,100,0,100,0,100,0,100,0,78,22,100,0,100,0,98,4122,22,22,,,,,100,0,100,0,200,0,,,,,,,,,,,,,,,,,,,,,,,,,,,100,30668,100,44042900456,100,189870297725,,,,,,,,,,
2019-08-20,Z305GWA4,ST4000DM000,4000787030016,0,106,11072704,,,95,0,100,5,100,0,87,508949758,,,65,30720,100,0,,,100,5,,,,,,,,,,,,,,,,,,,,,,,,,,,,,,,100,0,100,0,100,0,100,0,100,0,78,22,100,0,100,0,98,4122,22,22,,,,,100,0,100,0,200,0,,,,,,,,,,,,,,,,,,,,,,,,,,,100,30692,100,44068211024,100,190193218227,,,,,,,,,,
2019-08-21,Z305GWA4,ST4000DM000,4000787030016,0,118,196225384,,,95,0,100,5,100,0,87,510775398,,,65,30744,100,0,,,100,5,,,,,,,,,,,,,,,,,,,,,,,,,,,,,,,100,0,100,0,100,0,100,0,100,0,78,22,100,0,100,0,98,4122,22,22,,,,,100,0,100,0,200,0,,,,,,,,,,,,,,,,,,,,,,,,,,,100,30716,100,44099771984,100,190421140326,,,,,,,,,,
2019-08-22,Z305GWA4,ST4000DM000,4000787030016,0,115,99790168,,,95,0,100,5,100,0,87,512818503,,,65,30768,100,0,,,100,5,,,,,,,,,,,,,,,,,,,,,,,,,,,,,,,100,0,100,0,100,0,100,0,100,0,78,22,100,0,100,0,98,4123,22,22,,,,,100,0,100,0,200,0,,,,,,,,,,,,,,,,,,,,,,,,,,,100,30740,100,44137469232,100,190760907425,,,,,,,,,,
2019-08-23,Z305GWA4,ST4000DM000,4000787030016,0,117,146529720,,,95,0,100,5,100,0,87,514421284,,,65,30792,100,0,,,100,5,,,,,,,,,,,,,,,,,,,,,,,,,,,,,,,100,0,100,0,100,0,100,0,100,0,78,22,100,0,100,0,98,4123,22,22,,,,,100,0,100,0,200,0,,,,,,,,,,,,,,,,,,,,,,,,,,,100,30765,100,44168707920,100,191058631328,,,,,,,,,,
2019-08-24,Z305GWA4,ST4000DM000,4000787030016,0,118,175056312,,,95,0,100,5,100,0,87,515837438,,,65,30816,100,0,,,100,5,,,,,,,,,,,,,,,,,,,,,,,,,,,,,,,100,0,100,0,100,0,100,0,100,0,78,22,100,0,100,0,98,4123,22,22,,,,,100,0,100,0,200,0,,,,,,,,,,,,,,,,,,,,,,,,,,,100,30789,100,44207822040,100,191301691656,,,,,,,,,,
2019-08-25,Z305GWA4,ST4000DM000,4000787030016,0,119,228614448,,,95,0,100,5,100,0,87,517127511,,,65,30841,100,0,,,100,5,,,,,,,,,,,,,,,,,,,,,,,,,,,,,,,100,0,100,0,100,0,100,0,100,0,78,22,100,0,100,0,98,4123,22,22,,,,,100,0,100,0,200,0,,,,,,,,,,,,,,,,,,,,,,,,,,,100,30813,100,44236203528,100,191580884456,,,,,,,,,,
2019-08-26,Z305GWA4,ST4000DM000,4000787030016,0,117,146833120,,,95,0,100,5,100,0,87,519119784,,,65,30889,100,0,,,100,5,,,,,,,,,,,,,,,,,,,,,,,,,,,,,,,100,0,100,0,100,0,100,0,100,0,78,22,100,0,100,0,98,4123,22,22,,,,,100,0,100,0,200,0,,,,,,,,,,,,,,,,,,,,,,,,,,,100,30861,100,44288144944,100,192270760161,,,,,,,,,,
2019-08-27,Z305GWA4,ST4000DM000,4000787030016,0,117,146833120,,,95,0,100,5,100,0,87,519119784,,,65,30889,100,0,,,100,5,,,,,,,,,,,,,,,,,,,,,,,,,,,,,,,100,0,100,0,100,0,100,0,100,0,78,22,100,0,100,0,98,4123,22,22,,,,,100,0,100,0,200,0,,,,,,,,,,,,,,,,,,,,,,,,,,,100,30861,100,44288144944,100,192270760161,,,,,,,,,,
2019-08-28,Z305GWA4,ST4000DM000,4000787030016,0,115,89960312,,,95,0,100,5,100,0,87,521147482,,,65,30913,100,0,,,100,5,,,,,,,,,,,,,,,,,,,,,,,,,,,,,,,100,0,100,0,100,0,100,0,100,0,78,22,100,0,100,0,98,4123,22,22,,,,,100,0,100,0,200,0,,,,,,,,,,,,,,,,,,,,,,,,,,,100,30885,100,44315555984,100,192590347812,,,,,,,,,,
2019-08-29,Z305GWA4,ST4000DM000,4000787030016,0,113,55829632,,,95,0,100,5,100,0,87,522928870,,,65,30937,100,0,,,100,5,,,,,,,,,,,,,,,,,,,,,,,,,,,,,,,100,0,100,0,100,0,100,0,100,0,78,22,100,0,100,0,98,4123,22,22,,,,,100,0,100,0,200,0,,,,,,,,,,,,,,,,,,,,,,,,,,,100,30909,100,44350789960,100,192884474418,,,,,,,,,,
2019-08-30,Z305GWA4,ST4000DM000,4000787030016,0,117,149252280,,,95,0,100,5,100,0,87,525191701,,,65,30961,100,0,,,100,5,,,,,,,,,,,,,,,,,,,,,,,,,,,,,,,100,0,100,0,100,0,100,0,100,0,78,22,100,0,100,0,98,4123,22,22,,,,,100,0,100,0,200,0,,,,,,,,,,,,,,,,,,,,,,,,,,,100,30933,100,44385022000,100,193220256296,,,,,,,,,,
2019-08-31,Z305GWA4,ST4000DM000,4000787030016,0,119,226464824,,,95,0,100,5,100,0,87,526548528,,,65,30985,100,0,,,100,5,,,,,,,,,,,,,,,,,,,,,,,,,,,,,,,100,0,100,0,100,0,100,0,100,0,78,22,100,0,100,0,98,4123,22,22,,,,,100,0,100,0,200,0,,,,,,,,,,,,,,,,,,,,,,,,,,,100,30957,100,44440885160,100,193472117861,,,,,,,,,,
2019-09-01,Z305GWA4,ST4000DM000,4000787030016,0,117,159275096,,,95,0,100,5,100,0,87,528302938,,,65,31009,100,0,,,100,5,,,,,,,,,,,,,,,,,,,,,,,,,,,,,,,100,0,100,0,100,0,100,0,100,0,78,22,100,0,100,0,98,4123,22,22,,,,,100,0,100,0,200,0,,,,,,,,,,,,,,,,,,,,,,,,,,,100,30981,100,44485490936,100,193693156624,,,,,,,,,,
2019-09-02,Z305GWA4,ST4000DM000,4000787030016,0,104,6797064,,,95,0,100,5,100,0,87,530890202,,,65,31033,100,0,,,100,5,,,,,,,,,,,,,,,,,,,,,,,,,,,,,,,100,0,100,0,100,0,100,0,100,0,78,22,100,0,100,0,98,4123,22,22,,,,,100,0,100,0,200,0,,,,,,,,,,,,,,,,,,,,,,,,,,,100,31005,100,44544369920,100,194009261625,,,,,,,,,,
2019-09-03,Z305GWA4,ST4000DM000,4000787030016,0,117,158904096,,,95,0,100,5,100,0,87,532577043,,,65,31057,100,0,,,100,5,,,,,,,,,,,,,,,,,,,,,,,,,,,,,,,100,0,100,0,100,0,100,0,100,0,78,22,100,0,100,0,98,4123,22,22,,,,,100,0,100,0,200,0,,,,,,,,,,,,,,,,,,,,,,,,,,,100,31029,100,44583267200,100,194321522073,,,,,,,,,,
2019-09-04,Z305GWA4,ST4000DM000,4000787030016,0,115,95254992,,,95,0,100,5,100,0,87,534879878,,,65,31081,100,0,,,100,5,,,,,,,,,,,,,,,,,,,,,,,,,,,,,,,100,0,100,0,100,0,100,0,100,0,78,22,100,0,100,0,98,4123,22,22,,,,,100,0,100,0,200,0,,,,,,,,,,,,,,,,,,,,,,,,,,,100,31053,100,44615851856,100,194634804216,,,,,,,,,,
2019-09-05,Z305GWA4,ST4000DM000,4000787030016,0,117,155863568,,,95,0,100,5,100,0,87,536892180,,,65,31105,100,0,,,100,5,,,,,,,,,,,,,,,,,,,,,,,,,,,,,,,100,0,100,0,100,0,100,0,100,0,78,22,100,0,100,0,98,4123,22,22,,,,,100,0,100,0,200,0,,,,,,,,,,,,,,,,,,,,,,,,,,,100,31077,100,44642649032,100,194863298807,,,,,,,,,,
2019-09-06,Z305GWA4,ST4000DM000,4000787030016,0,110,29025088,,,95,0,100,5,100,0,87,538345955,,,65,31129,100,0,,,100,5,,,,,,,,,,,,,,,,,,,,,,,,,,,,,,,100,0,100,0,100,0,100,0,100,0,78,22,100,0,100,0,98,4123,22,22,,,,,100,0,100,0,200,0,,,,,,,,,,,,,,,,,,,,,,,,,,,100,31101,100,44680952968,100,195231640686,,,,,,,,,,
2019-09-07,Z305GWA4,ST4000DM000,4000787030016,0,117,152781496,,,95,0,100,5,100,0,87,539725126,,,65,31153,100,0,,,100,5,,,,,,,,,,,,,,,,,,,,,,,,,,,,,,,100,0,100,0,100,0,100,0,100,0,77,23,100,0,100,0,98,4123,23,23,,,,,100,0,100,0,200,0,,,,,,,,,,,,,,,,,,,,,,,,,,,100,31125,100,44729919320,100,195505601797,,,,,,,,,,
2019-09-08,Z305GWA4,ST4000DM000,4000787030016,0,115,86651464,,,95,0,100,5,100,0,87,541365560,,,65,31177,100,0,,,100,5,,,,,,,,,,,,,,,,,,,,,,,,,,,,,,,100,0,100,0,100,0,100,0,100,0,78,22,100,0,100,0,98,4123,22,22,,,,,100,0,100,0,200,0,,,,,,,,,,,,,,,,,,,,,,,,,,,100,31149,100,44768949600,100,195719091324,,,,,,,,,,
2019-09-09,Z305GWA4,ST4000DM000,4000787030016,0,119,214296768,,,95,0,100,5,100,0,87,542449149,,,65,31201,100,0,,,100,5,,,,,,,,,,,,,,,,,,,,,,,,,,,,,,,100,0,100,0,100,0,100,0,100,0,78,22,100,0,100,0,98,4123,22,22,,,,,100,0,100,0,200,0,,,,,,,,,,,,,,,,,,,,,,,,,,,100,31173,100,44809570104,100,195960721522,,,,,,,,,,
2019-09-10,Z305GWA4,ST4000DM000,4000787030016,0,117,159366928,,,95,0,100,5,100,0,87,543354050,,,65,31225,100,0,,,100,5,,,,,,,,,,,,,,,,,,,,,,,,,,,,,,,100,0,100,0,100,0,100,0,100,0,78,22,100,0,100,0,98,4123,22,22,,,,,100,0,100,0,200,0,,,,,,,,,,,,,,,,,,,,,,,,,,,100,31198,100,44839013752,100,196307410019,,,,,,,,,,
2019-09-11,Z305GWA4,ST4000DM000,4000787030016,0,117,157702112,,,95,0,100,5,100,0,87,544224099,,,65,31249,100,0,,,100,5,,,,,,,,,,,,,,,,,,,,,,,,,,,,,,,100,0,100,0,100,0,100,0,100,0,78,22,100,0,100,0,98,4123,22,22,,,,,100,0,100,0,200,0,,,,,,,,,,,,,,,,,,,,,,,,,,,100,31221,100,44874285768,100,196651347131,,,,,,,,,,
2019-09-12,Z305GWA4,ST4000DM000,4000787030016,0,117,154706512,,,95,0,100,5,100,0,87,545907050,,,65,31273,100,0,,,100,5,,,,,,,,,,,,,,,,,,,,,,,,,,,,,,,100,0,100,0,100,0,100,0,100,0,78,22,100,0,100,0,98,4124,22,22,,,,,100,0,100,0,200,0,,,,,,,,,,,,,,,,,,,,,,,,,,,100,31245,100,44908162224,100,196998771441,,,,,,,,,,
2019-09-13,Z305GWA4,ST4000DM000,4000787030016,0,117,162288360,,,95,0,100,5,100,0,87,547916851,,,65,31297,100,0,,,100,5,,,,,,,,,,,,,,,,,,,,,,,,,,,,,,,100,0,100,0,100,0,100,0,100,0,78,22,100,0,100,0,98,4124,22,22,,,,,100,0,100,0,200,0,,,,,,,,,,,,,,,,,,,,,,,,,,,100,31269,100,44950533712,100,197305136059,,,,,,,,,,
2019-09-14,Z305GWA4,ST4000DM000,4000787030016,0,111,37657432,,,95,0,100,5,100,0,87,550293706,,,65,31321,100,0,,,100,5,,,,,,,,,,,,,,,,,,,,,,,,,,,,,,,100,0,100,0,100,0,100,0,100,0,78,22,100,0,100,0,98,4124,22,22,,,,,100,0,100,0,200,0,,,,,,,,,,,,,,,,,,,,,,,,,,,100,31293,100,45014843896,100,197611951911,,,,,,,,,,
2019-09-15,Z305GWA4,ST4000DM000,4000787030016,0,119,213567584,,,95,0,100,5,100,0,87,552155640,,,65,31345,100,0,,,100,5,,,,,,,,,,,,,,,,,,,,,,,,,,,,,,,100,0,100,0,100,0,100,0,100,0,78,22,100,0,100,0,98,4124,22,22,,,,,100,0,100,0,200,0,,,,,,,,,,,,,,,,,,,,,,,,,,,100,31317,100,45126016800,100,197812726170,,,,,,,,,,
2019-09-16,Z305GWA4,ST4000DM000,4000787030016,0,114,58939944,,,95,0,100,5,100,0,87,554292202,,,65,31369,100,0,,,100,5,,,,,,,,,,,,,,,,,,,,,,,,,,,,,,,100,0,100,0,100,0,100,0,100,0,78,22,100,0,100,0,98,4124,22,22,,,,,100,0,100,0,200,0,,,,,,,,,,,,,,,,,,,,,,,,,,,100,31342,100,45200867832,100,198135659600,,,,,,,,,,
2019-09-17,Z305GWA4,ST4000DM000,4000787030016,0,116,107546768,,,95,0,100,5,100,0,87,555521482,,,65,31393,100,0,,,100,5,,,,,,,,,,,,,,,,,,,,,,,,,,,,,,,100,0,100,0,100,0,100,0,100,0,78,22,100,0,100,0,98,4124,22,22,,,,,100,0,100,0,200,0,,,,,,,,,,,,,,,,,,,,,,,,,,,100,31366,100,45228043016,100,198382608051,,,,,,,,,,
2019-09-18,Z305GWA4,ST4000DM000,4000787030016,0,108,17573280,,,95,0,100,5,100,0,87,557277499,,,65,31417,100,0,,,100,5,,,,,,,,,,,,,,,,,,,,,,,,,,,,,,,100,0,100,0,100,0,100,0,100,0,78,22,100,0,100,0,98,4124,22,22,,,,,100,0,100,0,200,0,,,,,,,,,,,,,,,,,,,,,,,,,,,100,31390,100,45272384712,100,198678458437,,,,,,,,,,
2019-09-19,Z305GWA4,ST4000DM000,4000787030016,0,109,23416712,,,95,0,100,5,100,0,87,558944009,,,65,31441,100,0,,,100,5,,,,,,,,,,,,,,,,,,,,,,,,,,,,,,,100,0,100,0,100,0,100,0,100,0,78,22,100,0,100,0,98,4125,22,22,,,,,100,0,100,0,200,0,,,,,,,,,,,,,,,,,,,,,,,,,,,100,31414,100,45305228624,100,199078261995,,,,,,,,,,
2019-09-20,Z305GWA4,ST4000DM000,4000787030016,0,115,99513520,,,95,0,100,5,100,0,87,560926667,,,65,31465,100,0,,,100,5,,,,,,,,,,,,,,,,,,,,,,,,,,,,,,,100,0,100,0,100,0,100,0,100,0,78,22,100,0,100,0,98,4125,22,22,,,,,100,0,100,0,200,0,,,,,,,,,,,,,,,,,,,,,,,,,,,100,31438,100,45333525864,100,199386390905,,,,,,,,,,
2019-09-21,Z305GWA4,ST4000DM000,4000787030016,0,115,84877608,,,95,0,100,5,100,0,87,563098036,,,65,31490,100,0,,,100,5,,,,,,,,,,,,,,,,,,,,,,,,,,,,,,,100,0,100,0,100,0,100,0,100,0,78,22,100,0,100,0,98,4125,22,22,,,,,100,0,100,0,200,0,,,,,,,,,,,,,,,,,,,,,,,,,,,100,31462,100,45368267064,100,199695278136,,,,,,,,,,
2019-09-22,Z305GWA4,ST4000DM000,4000787030016,0,117,136716168,,,95,0,100,5,100,0,87,564727774,,,65,31513,100,0,,,100,5,,,,,,,,,,,,,,,,,,,,,,,,,,,,,,,100,0,100,0,100,0,100,0,100,0,78,22,100,0,100,0,98,4125,22,22,,,,,100,0,100,0,200,0,,,,,,,,,,,,,,,,,,,,,,,,,,,100,31486,100,45407167656,100,199814684613,,,,,,,,,,
2019-09-23,Z305GWA4,ST4000DM000,4000787030016,0,118,167938224,,,95,0,100,5,100,0,87,566630281,,,64,31537,100,0,,,100,5,,,,,,,,,,,,,,,,,,,,,,,,,,,,,,,100,0,100,0,100,0,100,0,100,0,78,22,100,0,100,0,98,4125,22,22,,,,,100,0,100,0,200,0,,,,,,,,,,,,,,,,,,,,,,,,,,,100,31510,100,45439004288,100,200118542943,,,,,,,,,,
2019-09-24,Z305GWA4,ST4000DM000,4000787030016,0,118,194885728,,,95,0,100,5,100,0,87,567946328,,,64,31561,100,0,,,100,5,,,,,,,,,,,,,,,,,,,,,,,,,,,,,,,100,0,100,0,100,0,100,0,100,0,78,22,100,0,100,0,98,4125,22,22,,,,,100,0,100,0,200,0,,,,,,,,,,,,,,,,,,,,,,,,,,,100,31534,100,45471403736,100,200388192965,,,,,,,,,,
2019-09-25,Z305GWA4,ST4000DM000,4000787030016,0,119,213699888,,,95,0,100,5,100,0,87,568981308,,,64,31585,100,0,,,100,5,,,,,,,,,,,,,,,,,,,,,,,,,,,,,,,100,0,100,0,100,0,100,0,100,0,78,22,100,0,100,0,98,4125,22,22,,,,,100,0,100,0,200,0,,,,,,,,,,,,,,,,,,,,,,,,,,,100,31558,100,45500048040,100,200679459109,,,,,,,,,,
2019-09-26,Z305GWA4,ST4000DM000,4000787030016,0,117,138837640,,,95,0,100,5,100,0,87,570455809,,,64,31609,100,0,,,100,5,,,,,,,,,,,,,,,,,,,,,,,,,,,,,,,100,0,100,0,100,0,100,0,100,0,78,22,100,0,100,0,98,4126,22,22,,,,,100,0,100,0,200,0,,,,,,,,,,,,,,,,,,,,,,,,,,,100,31581,100,45531834568,100,200970250985,,,,,,,,,,
2019-09-27,Z305GWA4,ST4000DM000,4000787030016,0,119,222468632,,,95,0,100,5,100,0,87,571509605,,,64,31633,100,0,,,100,5,,,,,,,,,,,,,,,,,,,,,,,,,,,,,,,100,0,100,0,100,0,100,0,100,0,78,22,100,0,100,0,98,4126,22,22,,,,,100,0,100,0,200,0,,,,,,,,,,,,,,,,,,,,,,,,,,,100,31605,100,45571839880,100,201326090632,,,,,,,,,,
2019-09-28,Z305GWA4,ST4000DM000,4000787030016,0,117,129668240,,,95,0,100,5,100,0,87,572667594,,,64,31657,100,0,,,100,5,,,,,,,,,,,,,,,,,,,,,,,,,,,,,,,100,0,100,0,100,0,100,0,100,0,78,22,100,0,100,0,98,4126,22,22,,,,,100,0,100,0,200,0,,,,,,,,,,,,,,,,,,,,,,,,,,,100,31629,100,45609237472,100,201646607712,,,,,,,,,,
2019-09-29,Z305GWA4,ST4000DM000,4000787030016,0,119,225731600,,,95,0,100,5,100,0,87,575454130,,,64,31681,100,0,,,100,5,,,,,,,,,,,,,,,,,,,,,,,,,,,,,,,100,0,100,0,100,0,100,0,100,0,78,22,100,0,100,0,98,4126,22,22,,,,,100,0,100,0,200,0,,,,,,,,,,,,,,,,,,,,,,,,,,,100,31653,100,45646514864,100,201868408963,,,,,,,,,,
2019-09-30,Z305GWA4,ST4000DM000,4000787030016,0,117,153765424,,,95,0,100,5,100,0,87,577230741,,,64,31705,100,0,,,100,5,,,,,,,,,,,,,,,,,,,,,,,,,,,,,,,100,0,100,0,100,0,100,0,100,0,78,22,100,0,100,0,98,4126,22,22,,,,,100,0,100,0,200,0,,,,,,,,,,,,,,,,,,,,,,,,,,,100,31677,100,45689246560,100,202158975204,,,,,,,,,,
2019-10-01,Z305GWA4,ST4000DM000,4000787030016,0,109,21897536,,,95,0,100,5,100,0,87,578877176,,,64,31729,100,0,,,100,5,,,,,,,,,,,,,,,,,,,,,,,,,,,,,,,,,100,0,100,0,100,0,100,0,100,0,78,22,100,0,100,0,98,4126,22,22,,,,,100,0,100,0,200,0,,,,,,,,,,,,,,,,,,,,,,,,,,,100,31701,100,45725191048,100,202494285219,,,,,,,,,,
2019-10-02,Z305GWA4,ST4000DM000,4000787030016,0,114,78309880,,,95,0,100,5,100,0,87,581224786,,,64,31753,100,0,,,100,5,,,,,,,,,,,,,,,,,,,,,,,,,,,,,,,,,100,0,100,0,100,0,100,0,100,0,78,22,100,0,100,0,98,4126,22,22,,,,,100,0,100,0,200,0,,,,,,,,,,,,,,,,,,,,,,,,,,,100,31725,100,45750344368,100,202951279179,,,,,,,,,,
2019-10-03,Z305GWA4,ST4000DM000,4000787030016,0,115,94565552,,,95,0,100,5,100,0,87,582732750,,,64,31777,100,0,,,100,5,,,,,,,,,,,,,,,,,,,,,,,,,,,,,,,,,100,0,100,0,100,0,100,0,100,0,78,22,100,0,100,0,98,4128,22,22,,,,,100,0,100,0,200,0,,,,,,,,,,,,,,,,,,,,,,,,,,,100,31749,100,45781875544,100,203211498325,,,,,,,,,,
2019-10-04,Z305GWA4,ST4000DM000,4000787030016,0,109,23104968,,,95,0,100,5,100,0,87,584219401,,,64,31801,100,0,,,100,5,,,,,,,,,,,,,,,,,,,,,,,,,,,,,,,,,100,0,100,0,100,0,100,0,100,0,78,22,100,0,100,0,98,4128,22,22,,,,,100,0,100,0,200,0,,,,,,,,,,,,,,,,,,,,,,,,,,,100,31773,100,45831323680,100,203445156660,,,,,,,,,,
2019-10-05,Z305GWA4,ST4000DM000,4000787030016,0,119,1706288,,,95,0,100,5,100,0,87,585783920,,,64,31825,100,0,,,100,5,,,,,,,,,,,,,,,,,,,,,,,,,,,,,,,,,100,0,100,0,100,0,100,0,100,0,78,22,100,0,100,0,98,4129,22,22,,,,,100,0,100,0,200,0,,,,,,,,,,,,,,,,,,,,,,,,,,,100,31797,100,45866829712,100,203737109555,,,,,,,,,,
2019-10-06,Z305GWA4,ST4000DM000,4000787030016,0,111,37372904,,,95,0,100,5,100,0,87,587524263,,,64,31849,100,0,,,100,5,,,,,,,,,,,,,,,,,,,,,,,,,,,,,,,,,100,0,100,0,100,0,100,0,100,0,78,22,100,0,100,0,98,4129,22,22,,,,,100,0,100,0,200,0,,,,,,,,,,,,,,,,,,,,,,,,,,,100,31821,100,45913207952,100,203948848205,,,,,,,,,,
2019-10-07,Z305GWA4,ST4000DM000,4000787030016,0,117,161783000,,,95,0,100,5,100,0,87,589511641,,,64,31873,100,0,,,100,5,,,,,,,,,,,,,,,,,,,,,,,,,,,,,,,,,100,0,100,0,100,0,100,0,100,0,78,22,100,0,100,0,98,4129,22,22,,,,,100,0,100,0,200,0,,,,,,,,,,,,,,,,,,,,,,,,,,,100,31845,100,45950981616,100,204274391860,,,,,,,,,,
2019-10-08,Z305GWA4,ST4000DM000,4000787030016,0,119,223459040,,,95,0,100,5,100,0,87,591200052,,,64,31897,100,0,,,100,5,,,,,,,,,,,,,,,,,,,,,,,,,,,,,,,,,100,0,100,0,100,0,100,0,100,0,78,22,100,0,100,0,98,4129,22,22,,,,,100,0,100,0,200,0,,,,,,,,,,,,,,,,,,,,,,,,,,,100,31869,100,45978031000,100,204486085502,,,,,,,,,,
2019-10-09,Z305GWA4,ST4000DM000,4000787030016,0,118,175262408,,,95,0,100,5,100,0,87,593110335,,,64,31921,100,0,,,100,5,,,,,,,,,,,,,,,,,,,,,,,,,,,,,,,,,100,0,100,0,100,0,100,0,100,0,78,22,100,0,100,0,98,4129,22,22,,,,,100,0,100,0,200,0,,,,,,,,,,,,,,,,,,,,,,,,,,,100,31893,100,46010796024,100,204782090640,,,,,,,,,,
2019-10-10,Z305GWA4,ST4000DM000,4000787030016,0,120,237255408,,,95,0,100,5,100,0,87,594753390,,,64,31945,100,0,,,100,5,,,,,,,,,,,,,,,,,,,,,,,,,,,,,,,,,100,0,100,0,100,0,100,0,100,0,78,22,100,0,100,0,98,4129,22,22,,,,,100,0,100,0,200,0,,,,,,,,,,,,,,,,,,,,,,,,,,,100,31917,100,46052169648,100,205060840822,,,,,,,,,,
2019-10-11,Z305GWA4,ST4000DM000,4000787030016,0,119,220032840,,,95,0,100,5,100,0,87,595772154,,,64,31969,100,0,,,100,5,,,,,,,,,,,,,,,,,,,,,,,,,,,,,,,,,100,0,100,0,100,0,100,0,100,0,79,21,100,0,100,0,98,4129,21,21,,,,,100,0,100,0,200,0,,,,,,,,,,,,,,,,,,,,,,,,,,,100,31941,100,46094265320,100,205250668653,,,,,,,,,,
2019-10-12,Z305GWA4,ST4000DM000,4000787030016,0,114,80063912,,,95,0,100,5,100,0,87,597345368,,,64,31993,100,0,,,100,5,,,,,,,,,,,,,,,,,,,,,,,,,,,,,,,,,100,0,100,0,100,0,100,0,100,0,78,22,100,0,100,0,98,4129,22,22,,,,,100,0,100,0,200,0,,,,,,,,,,,,,,,,,,,,,,,,,,,100,31965,100,46131999064,100,205369677801,,,,,,,,,,
2019-10-13,Z305GWA4,ST4000DM000,4000787030016,0,117,163053968,,,95,0,100,5,100,0,87,598663668,,,64,32017,100,0,,,100,5,,,,,,,,,,,,,,,,,,,,,,,,,,,,,,,,,100,0,100,0,100,0,100,0,100,0,79,21,100,0,100,0,98,4129,21,21,,,,,100,0,100,0,200,0,,,,,,,,,,,,,,,,,,,,,,,,,,,100,31989,100,46175255160,100,205515126196,,,,,,,,,,
2019-10-14,Z305GWA4,ST4000DM000,4000787030016,0,109,23679584,,,95,0,100,5,100,0,87,599151909,,,64,32041,100,0,,,100,5,,,,,,,,,,,,,,,,,,,,,,,,,,,,,,,,,100,0,100,0,100,0,100,0,100,0,79,21,100,0,100,0,98,4129,21,21,,,,,100,0,100,0,200,0,,,,,,,,,,,,,,,,,,,,,,,,,,,100,32013,100,46208015072,100,205646251496,,,,,,,,,,
2019-10-15,Z305GWA4,ST4000DM000,4000787030016,0,120,235747504,,,95,0,100,5,100,0,87,600108328,,,64,32089,100,0,,,100,5,,,,,,,,,,,,,,,,,,,,,,,,,,,,,,,,,100,0,100,0,100,0,100,0,100,0,79,21,100,0,100,0,98,4129,21,21,,,,,100,0,100,0,200,0,,,,,,,,,,,,,,,,,,,,,,,,,,,100,32061,100,46281810064,100,205871128117,,,,,,,,,,
2019-10-16,Z305GWA4,ST4000DM000,4000787030016,0,120,235747504,,,95,0,100,5,100,0,87,600108328,,,64,32089,100,0,,,100,5,,,,,,,,,,,,,,,,,,,,,,,,,,,,,,,,,100,0,100,0,100,0,100,0,100,0,79,21,100,0,100,0,98,4129,21,21,,,,,100,0,100,0,200,0,,,,,,,,,,,,,,,,,,,,,,,,,,,100,32061,100,46281810064,100,205871128117,,,,,,,,,,
2019-10-17,Z305GWA4,ST4000DM000,4000787030016,0,116,108279872,,,95,0,100,5,100,0,87,601510061,,,64,32113,100,0,,,100,5,,,,,,,,,,,,,,,,,,,,,,,,,,,,,,,,,100,0,100,0,100,0,100,0,100,0,78,22,100,0,100,0,98,4131,22,22,,,,,100,0,100,0,200,0,,,,,,,,,,,,,,,,,,,,,,,,,,,100,32085,100,46311439512,100,206046174117,,,,,,,,,,
2019-10-18,Z305GWA4,ST4000DM000,4000787030016,0,115,100065480,,,95,0,100,5,100,0,87,601985053,,,64,32137,100,0,,,100,5,,,,,,,,,,,,,,,,,,,,,,,,,,,,,,,,,100,0,100,0,100,0,100,0,100,0,78,22,100,0,100,0,98,4131,22,22,,,,,100,0,100,0,200,0,,,,,,,,,,,,,,,,,,,,,,,,,,,100,32109,100,46335308296,100,206160770760,,,,,,,,,,
2019-10-19,Z305GWA4,ST4000DM000,4000787030016,0,116,106540720,,,95,0,100,5,100,0,87,602457419,,,64,32161,100,0,,,100,5,,,,,,,,,,,,,,,,,,,,,,,,,,,,,,,,,100,0,100,0,100,0,100,0,100,0,78,22,100,0,100,0,98,4131,22,22,,,,,100,0,100,0,200,0,,,,,,,,,,,,,,,,,,,,,,,,,,,100,32133,100,46361094024,100,206291867351,,,,,,,,,,
2019-10-20,Z305GWA4,ST4000DM000,4000787030016,0,111,40610216,,,95,0,100,5,100,0,87,604011055,,,64,32185,100,0,,,100,5,,,,,,,,,,,,,,,,,,,,,,,,,,,,,,,,,100,0,100,0,100,0,100,0,100,0,78,22,100,0,100,0,98,4132,22,22,,,,,100,0,100,0,200,0,,,,,,,,,,,,,,,,,,,,,,,,,,,100,32157,100,46402844312,100,206530990796,,,,,,,,,,
2019-10-21,Z305GWA4,ST4000DM000,4000787030016,0,117,127697528,,,95,0,100,5,100,0,87,606484760,,,64,32209,100,0,,,100,5,,,,,,,,,,,,,,,,,,,,,,,,,,,,,,,,,100,0,100,0,100,0,100,0,100,0,77,23,100,0,100,0,98,4132,23,23,,,,,100,0,100,0,200,0,,,,,,,,,,,,,,,,,,,,,,,,,,,100,32181,100,46430486824,100,206856693589,,,,,,,,,,
2019-10-22,Z305GWA4,ST4000DM000,4000787030016,0,115,90545672,,,95,0,100,5,100,0,87,608382479,,,64,32233,100,0,,,100,5,,,,,,,,,,,,,,,,,,,,,,,,,,,,,,,,,100,0,100,0,100,0,100,0,100,0,77,23,100,0,100,0,98,4134,23,23,,,,,100,0,100,0,200,0,,,,,,,,,,,,,,,,,,,,,,,,,,,100,32205,100,46463062528,100,207172647080,,,,,,,,,,
2019-10-23,Z305GWA4,ST4000DM000,4000787030016,0,114,82495320,,,95,0,100,5,100,0,87,609916551,,,64,32257,100,0,,,100,5,,,,,,,,,,,,,,,,,,,,,,,,,,,,,,,,,100,0,100,0,100,0,100,0,100,0,78,22,100,0,100,0,98,4134,22,22,,,,,100,0,100,0,200,0,,,,,,,,,,,,,,,,,,,,,,,,,,,100,32229,100,46508053432,100,207470147822,,,,,,,,,,
2019-10-24,Z305GWA4,ST4000DM000,4000787030016,0,117,146751104,,,95,0,100,5,100,0,87,612235651,,,64,32281,100,0,,,100,5,,,,,,,,,,,,,,,,,,,,,,,,,,,,,,,,,100,0,100,0,100,0,100,0,100,0,78,22,100,0,100,0,98,4134,22,22,,,,,100,0,100,0,200,0,,,,,,,,,,,,,,,,,,,,,,,,,,,100,32253,100,46541829456,100,207795581558,,,,,,,,,,
2019-10-25,Z305GWA4,ST4000DM000,4000787030016,0,114,61116696,,,95,0,100,5,100,0,87,613923260,,,64,32305,100,0,,,100,5,,,,,,,,,,,,,,,,,,,,,,,,,,,,,,,,,100,0,100,0,100,0,100,0,100,0,78,22,100,0,100,0,98,4134,22,22,,,,,100,0,100,0,200,0,,,,,,,,,,,,,,,,,,,,,,,,,,,100,32277,100,46574276840,100,208063278943,,,,,,,,,,
2019-10-26,Z305GWA4,ST4000DM000,4000787030016,0,117,156215792,,,95,0,100,5,100,0,87,615600668,,,64,32329,100,0,,,100,5,,,,,,,,,,,,,,,,,,,,,,,,,,,,,,,,,100,0,100,0,100,0,100,0,100,0,78,22,100,0,100,0,98,4134,22,22,,,,,100,0,100,0,200,0,,,,,,,,,,,,,,,,,,,,,,,,,,,100,32301,100,46605951568,100,208344785263,,,,,,,,,,
2019-10-27,Z305GWA4,ST4000DM000,4000787030016,0,120,242148480,,,95,0,100,5,100,0,87,617362548,,,64,32353,100,0,,,100,5,,,,,,,,,,,,,,,,,,,,,,,,,,,,,,,,,100,0,100,0,100,0,100,0,100,0,78,22,100,0,100,0,98,4134,22,22,,,,,100,0,100,0,200,0,,,,,,,,,,,,,,,,,,,,,,,,,,,100,32325,100,46642181928,100,208563286908,,,,,,,,,,
2019-10-28,Z305GWA4,ST4000DM000,4000787030016,0,114,76546656,,,95,0,100,5,100,0,87,619303938,,,64,32377,100,0,,,100,5,,,,,,,,,,,,,,,,,,,,,,,,,,,,,,,,,100,0,100,0,100,0,100,0,100,0,78,22,100,0,100,0,98,4134,22,22,,,,,100,0,100,0,200,0,,,,,,,,,,,,,,,,,,,,,,,,,,,100,32349,100,46665948880,100,208879823392,,,,,,,,,,
2019-10-29,Z305GWA4,ST4000DM000,4000787030016,0,112,49545232,,,95,0,100,5,100,0,87,621227644,,,64,32401,100,0,,,100,5,,,,,,,,,,,,,,,,,,,,,,,,,,,,,,,,,100,0,100,0,100,0,100,0,100,0,78,22,100,0,100,0,98,4134,22,22,,,,,100,0,100,0,200,0,,,,,,,,,,,,,,,,,,,,,,,,,,,100,32373,100,46693554296,100,209118951966,,,,,,,,,,
2019-10-30,Z305GWA4,ST4000DM000,4000787030016,0,114,82817480,,,95,0,100,5,100,0,87,623144576,,,63,32424,100,0,,,100,5,,,,,,,,,,,,,,,,,,,,,,,,,,,,,,,,,100,0,100,0,100,0,100,0,100,0,77,23,100,0,100,0,98,4134,23,23,,,,,100,0,100,0,200,0,,,,,,,,,,,,,,,,,,,,,,,,,,,100,32396,100,46722603952,100,209421601087,,,,,,,,,,
2019-10-31,Z305GWA4,ST4000DM000,4000787030016,0,113,51484088,,,95,0,100,5,100,0,87,624658848,,,63,32449,100,0,,,100,5,,,,,,,,,,,,,,,,,,,,,,,,,,,,,,,,,100,0,100,0,100,0,100,0,100,0,77,23,100,0,100,0,98,4135,23,23,,,,,100,0,100,0,200,0,,,,,,,,,,,,,,,,,,,,,,,,,,,100,32421,100,46750395760,100,209700276396,,,,,,,,,,
2019-11-01,Z305GWA4,ST4000DM000,4000787030016,0,111,38729704,,,95,0,100,5,100,0,87,625672911,,,63,32472,100,0,,,100,5,,,,,,,,,,,,,,,,,,,,,,,,,,,,,,,,,100,0,100,0,100,0,100,0,100,0,77,23,100,0,100,0,98,4135,23,23,,,,,100,0,100,0,200,0,,,,,,,,,,,,,,,,,,,,,,,,,,,100,32444,100,46778502728,100,209938537801,,,,,,,,,,
2019-11-02,Z305GWA4,ST4000DM000,4000787030016,0,113,52145936,,,95,0,100,5,100,0,87,626777792,,,63,32496,100,0,,,100,5,,,,,,,,,,,,,,,,,,,,,,,,,,,,,,,,,100,0,100,0,100,0,100,0,100,0,77,23,100,0,100,0,98,4135,23,23,,,,,100,0,100,0,200,0,,,,,,,,,,,,,,,,,,,,,,,,,,,100,32468,100,46809624808,100,210254222054,,,,,,,,,,
2019-11-03,Z305GWA4,ST4000DM000,4000787030016,0,118,169910280,,,95,0,100,5,100,0,87,629106851,,,63,32520,100,0,,,100,5,,,,,,,,,,,,,,,,,,,,,,,,,,,,,,,,,100,0,100,0,100,0,100,0,100,0,77,23,100,0,100,0,98,4135,23,23,,,,,100,0,100,0,200,0,,,,,,,,,,,,,,,,,,,,,,,,,,,100,32492,100,46848987544,100,210504030079,,,,,,,,,,
2019-11-04,Z305GWA4,ST4000DM000,4000787030016,0,116,102076016,,,95,0,100,5,100,0,87,630265025,,,63,32544,100,0,,,100,5,,,,,,,,,,,,,,,,,,,,,,,,,,,,,,,,,100,0,100,0,100,0,100,0,100,0,77,23,100,0,100,0,98,4135,23,23,,,,,100,0,100,0,200,0,,,,,,,,,,,,,,,,,,,,,,,,,,,100,32516,100,46953391568,100,210859733803,,,,,,,,,,
2019-11-05,Z305GWA4,ST4000DM000,4000787030016,0,114,69021824,,,95,0,100,5,100,0,87,631828702,,,63,32568,100,0,,,100,5,,,,,,,,,,,,,,,,,,,,,,,,,,,,,,,,,100,0,100,0,100,0,100,0,100,0,77,23,100,0,100,0,98,4135,23,23,,,,,100,0,100,0,200,0,,,,,,,,,,,,,,,,,,,,,,,,,,,100,32540,100,46993417144,100,211179808438,,,,,,,,,,
2019-11-06,Z305GWA4,ST4000DM000,4000787030016,0,119,227240632,,,95,0,100,5,100,0,87,633775607,,,63,32592,100,0,,,100,5,,,,,,,,,,,,,,,,,,,,,,,,,,,,,,,,,100,0,100,0,100,0,100,0,100,0,78,22,100,0,100,0,98,4135,22,22,,,,,100,0,100,0,200,0,,,,,,,,,,,,,,,,,,,,,,,,,,,100,32564,100,47040065696,100,211471984316,,,,,,,,,,
2019-11-07,Z305GWA4,ST4000DM000,4000787030016,0,113,56710936,,,95,0,100,5,100,0,87,635212046,,,63,32616,100,0,,,100,5,,,,,,,,,,,,,,,,,,,,,,,,,,,,,,,,,100,0,100,0,100,0,100,0,100,0,78,22,100,0,100,0,98,4136,22,22,,,,,100,0,100,0,200,0,,,,,,,,,,,,,,,,,,,,,,,,,,,100,32588,100,47080649504,100,211861238077,,,,,,,,,,
2019-11-08,Z305GWA4,ST4000DM000,4000787030016,0,118,171787400,,,95,0,100,5,100,0,87,637334783,,,63,32640,100,0,,,100,5,,,,,,,,,,,,,,,,,,,,,,,,,,,,,,,,,100,0,100,0,100,0,100,0,100,0,78,22,100,0,100,0,98,4136,22,22,,,,,100,0,100,0,200,0,,,,,,,,,,,,,,,,,,,,,,,,,,,100,32612,100,47130006264,100,212188958918,,,,,,,,,,
2019-11-09,Z305GWA4,ST4000DM000,4000787030016,0,119,221271432,,,95,0,100,5,100,0,87,639072447,,,63,32664,100,0,,,100,5,,,,,,,,,,,,,,,,,,,,,,,,,,,,,,,,,100,0,100,0,100,0,100,0,100,0,78,22,100,0,100,0,98,4136,22,22,,,,,100,0,100,0,200,0,,,,,,,,,,,,,,,,,,,,,,,,,,,100,32636,100,47173827816,100,212472958257,,,,,,,,,,
2019-11-10,Z305GWA4,ST4000DM000,4000787030016,0,108,16043672,,,95,0,100,5,100,0,87,640695617,,,63,32688,100,0,,,100,5,,,,,,,,,,,,,,,,,,,,,,,,,,,,,,,,,100,0,100,0,100,0,100,0,100,0,78,22,100,0,100,0,98,4136,22,22,,,,,100,0,100,0,200,0,,,,,,,,,,,,,,,,,,,,,,,,,,,100,32660,100,47207870952,100,212644447573,,,,,,,,,,
2019-11-11,Z305GWA4,ST4000DM000,4000787030016,0,118,181659792,,,95,0,100,5,100,0,87,642449534,,,63,32712,100,0,,,100,5,,,,,,,,,,,,,,,,,,,,,,,,,,,,,,,,,100,0,100,0,100,0,100,0,100,0,78,22,100,0,100,0,98,4136,22,22,,,,,100,0,100,0,200,0,,,,,,,,,,,,,,,,,,,,,,,,,,,100,32684,100,47248816112,100,212942664542,,,,,,,,,,
2019-11-12,Z305GWA4,ST4000DM000,4000787030016,0,119,227174152,,,95,0,100,5,100,0,87,644268281,,,63,32736,100,0,,,100,5,,,,,,,,,,,,,,,,,,,,,,,,,,,,,,,,,100,0,100,0,100,0,100,0,100,0,78,22,100,0,100,0,98,4136,22,22,,,,,100,0,100,0,200,0,,,,,,,,,,,,,,,,,,,,,,,,,,,100,32708,100,47297002400,100,213253832435,,,,,,,,,,
2019-11-13,Z305GWA4,ST4000DM000,4000787030016,0,109,22770944,,,95,0,100,5,100,0,87,646467775,,,63,32760,100,0,,,100,5,,,,,,,,,,,,,,,,,,,,,,,,,,,,,,,,,100,0,100,0,100,0,100,0,100,0,77,23,100,0,100,0,98,4136,23,23,,,,,100,0,100,0,200,0,,,,,,,,,,,,,,,,,,,,,,,,,,,100,32732,100,47327150712,100,213559796889,,,,,,,,,,
2019-11-14,Z305GWA4,ST4000DM000,4000787030016,0,117,166941552,,,95,0,100,5,100,0,87,648022747,,,63,32784,100,0,,,100,5,,,,,,,,,,,,,,,,,,,,,,,,,,,,,,,,,100,0,100,0,100,0,100,0,100,0,78,22,100,0,100,0,98,4137,22,22,,,,,100,0,100,0,200,0,,,,,,,,,,,,,,,,,,,,,,,,,,,100,32756,100,47359589528,100,213878447399,,,,,,,,,,
2019-11-15,Z305GWA4,ST4000DM000,4000787030016,0,109,24081160,,,95,0,100,5,100,0,87,649860714,,,63,32808,100,0,,,100,5,,,,,,,,,,,,,,,,,,,,,,,,,,,,,,,,,100,0,100,0,100,0,100,0,100,0,78,22,100,0,100,0,98,4138,22,22,,,,,100,0,100,0,200,0,,,,,,,,,,,,,,,,,,,,,,,,,,,100,32780,100,47399987944,100,214124191425,,,,,,,,,,
2019-11-16,Z305GWA4,ST4000DM000,4000787030016,0,112,44759776,,,95,0,100,5,100,0,87,651392549,,,63,32832,100,0,,,100,5,,,,,,,,,,,,,,,,,,,,,,,,,,,,,,,,,100,0,100,0,100,0,100,0,100,0,78,22,100,0,100,0,98,4138,22,22,,,,,100,0,100,0,200,0,,,,,,,,,,,,,,,,,,,,,,,,,,,100,32804,100,47440108840,100,214406359380,,,,,,,,,,
2019-11-17,Z305GWA4,ST4000DM000,4000787030016,0,115,86991648,,,95,0,100,5,100,0,87,653554524,,,63,32856,100,0,,,100,5,,,,,,,,,,,,,,,,,,,,,,,,,,,,,,,,,100,0,100,0,100,0,100,0,100,0,76,24,100,0,100,0,98,4138,24,24,,,,,100,0,100,0,200,0,,,,,,,,,,,,,,,,,,,,,,,,,,,100,32828,100,47470758408,100,214533724600,,,,,,,,,,
2019-11-18,Z305GWA4,ST4000DM000,4000787030016,0,115,97893216,,,95,0,100,5,100,0,87,654605962,,,63,32880,100,0,,,100,5,,,,,,,,,,,,,,,,,,,,,,,,,,,,,,,,,100,0,100,0,100,0,100,0,100,0,78,22,100,0,100,0,98,4138,22,22,,,,,100,0,100,0,200,0,,,,,,,,,,,,,,,,,,,,,,,,,,,100,32852,100,47498188784,100,214869180373,,,,,,,,,,
2019-11-19,Z305GWA4,ST4000DM000,4000787030016,0,113,56740648,,,95,0,100,5,100,0,87,655521352,,,63,32904,100,0,,,100,5,,,,,,,,,,,,,,,,,,,,,,,,,,,,,,,,,100,0,100,0,100,0,100,0,100,0,78,22,100,0,100,0,98,4138,22,22,,,,,100,0,100,0,200,0,,,,,,,,,,,,,,,,,,,,,,,,,,,100,32876,100,47527657104,100,215214754576,,,,,,,,,,
2019-11-20,Z305GWA4,ST4000DM000,4000787030016,0,114,60696704,,,95,0,100,5,100,0,87,656657623,,,63,32928,100,0,,,100,5,,,,,,,,,,,,,,,,,,,,,,,,,,,,,,,,,100,0,100,0,100,0,100,0,100,0,78,22,100,0,100,0,98,4138,22,22,,,,,100,0,100,0,200,0,,,,,,,,,,,,,,,,,,,,,,,,,,,100,32900,100,47572710096,100,215534591843,,,,,,,,,,
2019-11-21,Z305GWA4,ST4000DM000,4000787030016,0,112,44476040,,,95,0,100,5,100,0,87,658232869,,,63,32952,100,0,,,100,5,,,,,,,,,,,,,,,,,,,,,,,,,,,,,,,,,100,0,100,0,100,0,100,0,100,0,78,22,100,0,100,0,98,4139,22,22,,,,,100,0,100,0,200,0,,,,,,,,,,,,,,,,,,,,,,,,,,,100,32924,100,47602979592,100,215843025544,,,,,,,,,,
2019-11-22,Z305GWA4,ST4000DM000,4000787030016,0,119,204942208,,,95,0,100,5,100,0,87,660503769,,,63,32976,100,0,,,100,5,,,,,,,,,,,,,,,,,,,,,,,,,,,,,,,,,100,0,100,0,100,0,100,0,100,0,78,22,100,0,100,0,98,4139,22,22,,,,,100,0,100,0,200,0,,,,,,,,,,,,,,,,,,,,,,,,,,,100,32948,100,47645586320,100,216150333641,,,,,,,,,,
2019-11-23,Z305GWA4,ST4000DM000,4000787030016,0,115,90727944,,,95,0,100,5,100,0,87,662056955,,,63,33000,100,0,,,100,5,,,,,,,,,,,,,,,,,,,,,,,,,,,,,,,,,100,0,100,0,100,0,100,0,100,0,78,22,100,0,100,0,98,4139,22,22,,,,,100,0,100,0,200,0,,,,,,,,,,,,,,,,,,,,,,,,,,,100,32972,100,47686365488,100,216476727580,,,,,,,,,,
2019-11-24,Z305GWA4,ST4000DM000,4000787030016,0,119,225258032,,,95,0,100,5,100,0,87,663560810,,,63,33024,100,0,,,100,5,,,,,,,,,,,,,,,,,,,,,,,,,,,,,,,,,100,0,100,0,100,0,100,0,100,0,78,22,100,0,100,0,98,4139,22,22,,,,,100,0,100,0,200,0,,,,,,,,,,,,,,,,,,,,,,,,,,,100,32996,100,47716504888,100,216618604677,,,,,,,,,,
2019-11-25,Z305GWA4,ST4000DM000,4000787030016,0,115,91849816,,,95,0,100,5,100,0,87,665291773,,,63,33048,100,0,,,100,5,,,,,,,,,,,,,,,,,,,,,,,,,,,,,,,,,100,0,100,0,100,0,100,0,100,0,78,22,100,0,100,0,98,4139,22,22,,,,,100,0,100,0,200,0,,,,,,,,,,,,,,,,,,,,,,,,,,,100,33020,100,47743444368,100,216923321430,,,,,,,,,,
2019-11-26,Z305GWA4,ST4000DM000,4000787030016,0,117,156249464,,,95,0,100,5,100,0,87,666613223,,,63,33072,100,0,,,100,5,,,,,,,,,,,,,,,,,,,,,,,,,,,,,,,,,100,0,100,0,100,0,100,0,100,0,78,22,100,0,100,0,98,4139,22,22,,,,,100,0,100,0,200,0,,,,,,,,,,,,,,,,,,,,,,,,,,,100,33044,100,47772670744,100,217155613950,,,,,,,,,,
2019-11-27,Z305GWA4,ST4000DM000,4000787030016,0,119,208955344,,,95,0,100,5,100,0,87,668440177,,,63,33096,100,0,,,100,5,,,,,,,,,,,,,,,,,,,,,,,,,,,,,,,,,100,0,100,0,100,0,100,0,100,0,78,22,100,0,100,0,98,4139,22,22,,,,,100,0,100,0,200,0,,,,,,,,,,,,,,,,,,,,,,,,,,,100,33068,100,47807393864,100,217486028797,,,,,,,,,,
2019-11-28,Z305GWA4,ST4000DM000,4000787030016,0,108,20460840,,,95,0,100,5,100,0,87,669678617,,,63,33120,100,0,,,100,5,,,,,,,,,,,,,,,,,,,,,,,,,,,,,,,,,100,0,100,0,100,0,100,0,100,0,78,22,100,0,100,0,98,4141,22,22,,,,,100,0,100,0,200,0,,,,,,,,,,,,,,,,,,,,,,,,,,,100,33092,100,47845067432,100,217781576648,,,,,,,,,,
2019-11-29,Z305GWA4,ST4000DM000,4000787030016,0,116,110162976,,,95,0,100,5,100,0,88,671988344,,,63,33144,100,0,,,100,5,,,,,,,,,,,,,,,,,,,,,,,,,,,,,,,,,100,0,100,0,100,0,100,0,100,0,78,22,100,0,100,0,98,4141,22,22,,,,,100,0,100,0,200,0,,,,,,,,,,,,,,,,,,,,,,,,,,,100,33116,100,47863721744,100,218096434601,,,,,,,,,,
2019-11-30,Z305GWA4,ST4000DM000,4000787030016,0,111,30431304,,,95,0,100,5,100,0,88,673684484,,,63,33168,100,0,,,100,5,,,,,,,,,,,,,,,,,,,,,,,,,,,,,,,,,100,0,100,0,100,0,100,0,100,0,78,22,100,0,100,0,98,4141,22,22,,,,,100,0,100,0,200,0,,,,,,,,,,,,,,,,,,,,,,,,,,,100,33140,100,47881875104,100,218320974379,,,,,,,,,,
2019-12-01,Z305GWA4,ST4000DM000,4000787030016,0,119,226452616,,,95,0,100,5,100,0,88,676248499,,,63,33192,100,0,,,100,5,,,,,,,,,,,,,,,,,,,,,,,,,,,,,,,,,100,0,100,0,100,0,100,0,100,0,78,22,100,0,100,0,98,4141,22,22,,,,,100,0,100,0,200,0,,,,,,,,,,,,,,,,,,,,,,,,,,,100,33164,100,47898677976,100,218482329199,,,,,,,,,,
2019-12-02,Z305GWA4,ST4000DM000,4000787030016,0,118,194931936,,,95,0,100,5,100,0,88,677726945,,,63,33216,100,0,,,100,5,,,,,,,,,,,,,,,,,,,,,,,,,,,,,,,,,100,0,100,0,100,0,100,0,100,0,78,22,100,0,100,0,98,4141,22,22,,,,,100,0,100,0,200,0,,,,,,,,,,,,,,,,,,,,,,,,,,,100,33188,100,47916657336,100,218787292254,,,,,,,,,,
2019-12-03,Z305GWA4,ST4000DM000,4000787030016,0,109,21748896,,,95,0,100,5,100,0,88,678715864,,,63,33240,100,0,,,100,5,,,,,,,,,,,,,,,,,,,,,,,,,,,,,,,,,100,0,100,0,100,0,100,0,100,0,78,22,100,0,100,0,98,4141,22,22,,,,,100,0,100,0,200,0,,,,,,,,,,,,,,,,,,,,,,,,,,,100,33212,100,47934069704,100,219018706123,,,,,,,,,,
2019-12-04,Z305GWA4,ST4000DM000,4000787030016,0,110,26616456,,,95,0,100,5,100,0,88,679615385,,,63,33263,100,0,,,100,5,,,,,,,,,,,,,,,,,,,,,,,,,,,,,,,,,100,0,100,0,100,0,100,0,100,0,78,22,100,0,100,0,98,4141,22,22,,,,,100,0,100,0,200,0,,,,,,,,,,,,,,,,,,,,,,,,,,,100,33235,100,47958151400,100,219362730845,,,,,,,,,,
2019-12-05,Z305GWA4,ST4000DM000,4000787030016,0,115,96410528,,,95,0,100,5,100,0,88,680623823,,,63,33287,100,0,,,100,5,,,,,,,,,,,,,,,,,,,,,,,,,,,,,,,,,100,0,100,0,100,0,100,0,100,0,78,22,100,0,100,0,98,4142,22,22,,,,,100,0,100,0,200,0,,,,,,,,,,,,,,,,,,,,,,,,,,,100,33259,100,47980063152,100,219703427010,,,,,,,,,,
2019-12-06,Z305GWA4,ST4000DM000,4000787030016,0,117,149128704,,,95,0,100,5,100,0,88,682250063,,,62,33311,100,0,,,100,5,,,,,,,,,,,,,,,,,,,,,,,,,,,,,,,,,100,0,100,0,100,0,100,0,100,0,78,22,100,0,100,0,98,4142,22,22,,,,,100,0,100,0,200,0,,,,,,,,,,,,,,,,,,,,,,,,,,,100,33283,100,48008640328,100,220038464246,,,,,,,,,,
2019-12-07,Z305GWA4,ST4000DM000,4000787030016,0,119,219631304,,,95,0,100,5,100,0,88,684292339,,,62,33335,100,0,,,100,5,,,,,,,,,,,,,,,,,,,,,,,,,,,,,,,,,100,0,100,0,100,0,100,0,100,0,78,22,100,0,100,0,98,4142,22,22,,,,,100,0,100,0,200,0,,,,,,,,,,,,,,,,,,,,,,,,,,,100,33307,100,48040282328,100,220353339392,,,,,,,,,,
2019-12-08,Z305GWA4,ST4000DM000,4000787030016,0,117,138491496,,,95,0,100,5,100,0,88,685962675,,,62,33359,100,0,,,100,5,,,,,,,,,,,,,,,,,,,,,,,,,,,,,,,,,100,0,100,0,100,0,100,0,100,0,78,22,100,0,100,0,98,4142,22,22,,,,,100,0,100,0,200,0,,,,,,,,,,,,,,,,,,,,,,,,,,,100,33331,100,48066848072,100,220556729605,,,,,,,,,,
2019-12-09,Z305GWA4,ST4000DM000,4000787030016,0,117,159491464,,,95,0,100,5,100,0,88,687635641,,,62,33383,100,0,,,100,5,,,,,,,,,,,,,,,,,,,,,,,,,,,,,,,,,100,0,100,0,100,0,100,0,100,0,78,22,100,0,100,0,98,4142,22,22,,,,,100,0,100,0,200,0,,,,,,,,,,,,,,,,,,,,,,,,,,,100,33355,100,48090587280,100,220860657328,,,,,,,,,,
2019-12-10,Z305GWA4,ST4000DM000,4000787030016,0,112,47411624,,,95,0,100,5,100,0,88,689282706,,,62,33407,100,0,,,100,5,,,,,,,,,,,,,,,,,,,,,,,,,,,,,,,,,100,0,100,0,100,0,100,0,100,0,78,22,100,0,100,0,98,4142,22,22,,,,,100,0,100,0,200,0,,,,,,,,,,,,,,,,,,,,,,,,,,,100,33379,100,48116703824,100,221150517118,,,,,,,,,,
2019-12-11,Z305GWA4,ST4000DM000,4000787030016,0,109,22199152,,,95,0,100,5,100,0,88,690698836,,,62,33431,100,0,,,100,5,,,,,,,,,,,,,,,,,,,,,,,,,,,,,,,,,100,0,100,0,100,0,100,0,100,0,78,22,100,0,100,0,98,4142,22,22,,,,,100,0,100,0,200,0,,,,,,,,,,,,,,,,,,,,,,,,,,,100,33403,100,48143136752,100,221400270213,,,,,,,,,,
2019-12-12,Z305GWA4,ST4000DM000,4000787030016,0,118,182407248,,,95,0,100,5,100,0,88,692210287,,,62,33455,100,0,,,100,5,,,,,,,,,,,,,,,,,,,,,,,,,,,,,,,,,100,0,100,0,100,0,100,0,100,0,78,22,100,0,100,0,98,4144,22,22,,,,,100,0,100,0,200,0,,,,,,,,,,,,,,,,,,,,,,,,,,,100,33427,100,48173757496,100,221707563269,,,,,,,,,,
2019-12-13,Z305GWA4,ST4000DM000,4000787030016,0,118,172423776,,,95,0,100,5,100,0,88,694287993,,,62,33479,100,0,,,100,5,,,,,,,,,,,,,,,,,,,,,,,,,,,,,,,,,100,0,100,0,100,0,100,0,100,0,78,22,100,0,100,0,98,4144,22,22,,,,,100,0,100,0,200,0,,,,,,,,,,,,,,,,,,,,,,,,,,,100,33451,100,48208116280,100,222022058320,,,,,,,,,,
2019-12-14,Z305GWA4,ST4000DM000,4000787030016,0,116,109361736,,,95,0,100,5,100,0,88,696437534,,,62,33503,100,0,,,100,5,,,,,,,,,,,,,,,,,,,,,,,,,,,,,,,,,100,0,100,0,100,0,100,0,100,0,78,22,100,0,100,0,98,4144,22,22,,,,,100,0,100,0,200,0,,,,,,,,,,,,,,,,,,,,,,,,,,,100,33475,100,48235985392,100,222344286219,,,,,,,,,,
2019-12-15,Z305GWA4,ST4000DM000,4000787030016,0,112,42166504,,,95,0,100,5,100,0,88,699066756,,,62,33527,100,0,,,100,5,,,,,,,,,,,,,,,,,,,,,,,,,,,,,,,,,100,0,100,0,100,0,100,0,100,0,78,22,100,0,100,0,98,4144,22,22,,,,,100,0,100,0,200,0,,,,,,,,,,,,,,,,,,,,,,,,,,,100,33499,100,48265273656,100,222500758312,,,,,,,,,,
2019-12-16,Z305GWA4,ST4000DM000,4000787030016,0,115,94604160,,,95,0,100,5,100,0,88,700936128,,,62,33551,100,0,,,100,5,,,,,,,,,,,,,,,,,,,,,,,,,,,,,,,,,100,0,100,0,100,0,100,0,100,0,78,22,100,0,100,0,98,4144,22,22,,,,,100,0,100,0,200,0,,,,,,,,,,,,,,,,,,,,,,,,,,,100,33523,100,48287738976,100,222802257076,,,,,,,,,,
2019-12-17,Z305GWA4,ST4000DM000,4000787030016,0,117,154064160,,,95,0,100,5,100,0,88,702133166,,,62,33575,100,0,,,100,5,,,,,,,,,,,,,,,,,,,,,,,,,,,,,,,,,100,0,100,0,100,0,100,0,100,0,78,22,100,0,100,0,98,4144,22,22,,,,,100,0,100,0,200,0,,,,,,,,,,,,,,,,,,,,,,,,,,,100,33547,100,48316213968,100,223054724918,,,,,,,,,,
2019-12-18,Z305GWA4,ST4000DM000,4000787030016,0,111,29607832,,,95,0,100,5,100,0,88,703177209,,,62,33599,100,0,,,100,5,,,,,,,,,,,,,,,,,,,,,,,,,,,,,,,,,100,0,100,0,100,0,100,0,100,0,78,22,100,0,100,0,98,4144,22,22,,,,,100,0,100,0,200,0,,,,,,,,,,,,,,,,,,,,,,,,,,,100,33571,100,48349951480,100,223383085911,,,,,,,,,,
2019-12-19,Z305GWA4,ST4000DM000,4000787030016,0,117,145582088,,,95,0,100,5,100,0,88,704291312,,,62,33623,100,0,,,100,5,,,,,,,,,,,,,,,,,,,,,,,,,,,,,,,,,100,0,100,0,100,0,100,0,100,0,78,22,100,0,100,0,98,4145,22,22,,,,,100,0,100,0,200,0,,,,,,,,,,,,,,,,,,,,,,,,,,,100,33594,100,48373577800,100,223681650547,,,,,,,,,,
2019-12-20,Z305GWA4,ST4000DM000,4000787030016,0,112,46323288,,,95,0,100,5,100,0,88,705627233,,,62,33647,100,0,,,100,5,,,,,,,,,,,,,,,,,,,,,,,,,,,,,,,,,100,0,100,0,100,0,100,0,100,0,78,22,100,0,100,0,98,4147,22,22,,,,,100,0,100,0,200,0,,,,,,,,,,,,,,,,,,,,,,,,,,,100,33618,100,48396700616,100,224024363937,,,,,,,,,,
2019-12-21,Z305GWA4,ST4000DM000,4000787030016,0,117,141984448,,,95,0,100,5,100,0,88,707114921,,,62,33670,100,0,,,100,5,,,,,,,,,,,,,,,,,,,,,,,,,,,,,,,,,100,0,100,0,100,0,100,0,100,0,78,22,100,0,100,0,98,4147,22,22,,,,,100,0,100,0,200,0,,,,,,,,,,,,,,,,,,,,,,,,,,,100,33642,100,48421294336,100,224350369381,,,,,,,,,,
2019-12-22,Z305GWA4,ST4000DM000,4000787030016,0,117,121851232,,,95,0,100,5,100,0,88,709122882,,,62,33694,100,0,,,100,5,,,,,,,,,,,,,,,,,,,,,,,,,,,,,,,,,100,0,100,0,100,0,100,0,100,0,78,22,100,0,100,0,98,4147,22,22,,,,,100,0,100,0,200,0,,,,,,,,,,,,,,,,,,,,,,,,,,,100,33666,100,48443810104,100,224537050142,,,,,,,,,,
2019-12-23,Z305GWA4,ST4000DM000,4000787030016,0,114,62618360,,,95,0,100,5,100,0,88,710528350,,,62,33718,100,0,,,100,5,,,,,,,,,,,,,,,,,,,,,,,,,,,,,,,,,100,0,100,0,100,0,100,0,100,0,78,22,100,0,100,0,98,4147,22,22,,,,,100,0,100,0,200,0,,,,,,,,,,,,,,,,,,,,,,,,,,,100,33690,100,48471082928,100,224820288871,,,,,,,,,,
2019-12-24,Z305GWA4,ST4000DM000,4000787030016,0,117,136343440,,,95,0,100,5,100,0,88,712578240,,,62,33742,100,0,,,100,5,,,,,,,,,,,,,,,,,,,,,,,,,,,,,,,,,100,0,100,0,100,0,100,0,100,0,78,22,100,0,100,0,98,4147,22,22,,,,,100,0,100,0,200,0,,,,,,,,,,,,,,,,,,,,,,,,,,,100,33714,100,48494418888,100,225146522522,,,,,,,,,,
2019-12-25,Z305GWA4,ST4000DM000,4000787030016,0,114,61703408,,,95,0,100,5,100,0,88,713769639,,,62,33766,100,0,,,100,5,,,,,,,,,,,,,,,,,,,,,,,,,,,,,,,,,100,0,100,0,100,0,100,0,100,0,78,22,100,0,100,0,98,4147,22,22,,,,,100,0,100,0,200,0,,,,,,,,,,,,,,,,,,,,,,,,,,,100,33738,100,48518669456,100,225380362932,,,,,,,,,,
2019-12-26,Z305GWA4,ST4000DM000,4000787030016,0,117,127102536,,,95,0,100,5,100,0,88,715591870,,,62,33790,100,0,,,100,5,,,,,,,,,,,,,,,,,,,,,,,,,,,,,,,,,100,0,100,0,100,0,100,0,100,0,78,22,100,0,100,0,98,4147,22,22,,,,,100,0,100,0,200,0,,,,,,,,,,,,,,,,,,,,,,,,,,,100,33762,100,48546116648,100,225670066137,,,,,,,,,,
2019-12-27,Z305GWA4,ST4000DM000,4000787030016,0,112,43391984,,,95,0,100,5,100,0,88,717610268,,,62,33814,100,0,,,100,5,,,,,,,,,,,,,,,,,,,,,,,,,,,,,,,,,100,0,100,0,100,0,100,0,100,0,78,22,100,0,100,0,98,4147,22,22,,,,,100,0,100,0,200,0,,,,,,,,,,,,,,,,,,,,,,,,,,,100,33786,100,48566904456,100,225977547415,,,,,,,,,,
2019-12-28,Z305GWA4,ST4000DM000,4000787030016,0,118,176361792,,,95,0,100,5,100,0,88,719607682,,,62,33838,100,0,,,100,5,,,,,,,,,,,,,,,,,,,,,,,,,,,,,,,,,100,0,100,0,100,0,100,0,100,0,78,22,100,0,100,0,98,4147,22,22,,,,,100,0,100,0,200,0,,,,,,,,,,,,,,,,,,,,,,,,,,,100,33810,100,48581155296,100,226290941732,,,,,,,,,,
2019-12-29,Z305GWA4,ST4000DM000,4000787030016,0,117,150517192,,,95,0,100,5,100,0,88,722383831,,,62,33862,100,0,,,100,5,,,,,,,,,,,,,,,,,,,,,,,,,,,,,,,,,100,0,100,0,100,0,100,0,100,0,78,22,100,0,100,0,98,4147,22,22,,,,,100,0,100,0,200,0,,,,,,,,,,,,,,,,,,,,,,,,,,,100,33834,100,48593103384,100,226452047362,,,,,,,,,,
2019-12-30,Z305GWA4,ST4000DM000,4000787030016,0,116,101567528,,,95,0,100,5,100,0,88,723930261,,,62,33886,100,0,,,100,5,,,,,,,,,,,,,,,,,,,,,,,,,,,,,,,,,100,0,100,0,100,0,100,0,100,0,78,22,100,0,100,0,98,4147,22,22,,,,,100,0,100,0,200,0,,,,,,,,,,,,,,,,,,,,,,,,,,,100,33858,100,48613570584,100,226701351363,,,,,,,,,,
2019-12-31,Z305GWA4,ST4000DM000,4000787030016,0,114,59125352,,,95,0,100,5,100,0,88,725204991,,,62,33910,100,0,,,100,5,,,,,,,,,,,,,,,,,,,,,,,,,,,,,,,,,100,0,100,0,100,0,100,0,100,0,78,22,100,0,100,0,98,4147,22,22,,,,,100,0,100,0,200,0,,,,,,,,,,,,,,,,,,,,,,,,,,,100,33882,100,48626201440,100,226971402423,,,,,,,,,,
