2019-01-01,Z30571VN,ST4000DM000,4000787030016,0,117,133277688,,,95,0,100,5,100,0,82,194992551,,,87,12198,100,0,,,100,5,,,,,,,,,,,,,,,,,,,,,,,,,,,,,,,100,0,100,0,100,0,100,0,100,0,78,22,100,0,100,0,100,1276,22,22,,,,,100,0,100,0,200,0,,,,,,,,,,,,,,,,,,,,,,,,,,,100,12192,100,12691848592,100,85231594310,,,,,,,,,,
2019-01-02,Z30571VN,ST4000DM000,4000787030016,0,120,237669008,,,95,0,100,5,100,0,82,195722824,,,87,12223,100,0,,,100,5,,,,,,,,,,,,,,,,,,,,,,,,,,,,,,,100,0,100,0,100,0,100,0,100,0,78,22,100,0,100,0,100,1276,22,22,,,,,100,0,100,0,200,0,,,,,,,,,,,,,,,,,,,,,,,,,,,100,12216,100,12697076984,100,85391373127,,,,,,,,,,
2019-01-03,Z30571VN,ST4000DM000,4000787030016,0,118,193119320,,,95,0,100,5,100,0,82,196334561,,,87,12246,100,0,,,100,5,,,,,,,,,,,,,,,,,,,,,,,,,,,,,,,100,0,100,0,100,0,100,0,100,0,78,22,100,0,100,0,100,1276,22,22,,,,,100,0,100,0,200,0,,,,,,,,,,,,,,,,,,,,,,,,,,,100,12239,100,12698716808,100,85557401597,,,,,,,,,,
2019-01-04,Z30571VN,ST4000DM000,4000787030016,0,111,38112968,,,95,0,100,5,100,0,82,196802654,,,86,12270,100,0,,,100,5,,,,,,,,,,,,,,,,,,,,,,,,,,,,,,,100,0,100,0,100,0,100,0,100,0,76,24,100,0,100,0,100,1276,24,24,,,,,100,0,100,0,200,0,,,,,,,,,,,,,,,,,,,,,,,,,,,100,12263,100,12705644336,100,85712871971,,,,,,,,,,
2019-01-05,Z30571VN,ST4000DM000,4000787030016,0,118,169166248,,,95,0,100,5,100,0,82,197167422,,,86,12294,100,0,,,100,5,,,,,,,,,,,,,,,,,,,,,,,,,,,,,,,100,0,100,0,100,0,100,0,100,0,77,23,100,0,100,0,100,1276,23,23,,,,,100,0,100,0,200,0,,,,,,,,,,,,,,,,,,,,,,,,,,,100,12288,100,12707273112,100,85851437246,,,,,,,,,,
2019-01-06,Z30571VN,ST4000DM000,4000787030016,0,119,210988200,,,95,0,100,5,100,0,82,197612511,,,86,12318,100,0,,,100,5,,,,,,,,,,,,,,,,,,,,,,,,,,,,,,,100,0,100,0,100,0,100,0,100,0,76,24,100,0,100,0,100,1276,24,24,,,,,100,0,100,0,200,0,,,,,,,,,,,,,,,,,,,,,,,,,,,100,12311,100,12714018112,100,85983865840,,,,,,,,,,
2019-01-07,Z30571VN,ST4000DM000,4000787030016,0,115,87630792,,,95,0,100,5,100,0,82,197959088,,,86,12342,100,0,,,100,5,,,,,,,,,,,,,,,,,,,,,,,,,,,,,,,100,0,100,0,100,0,100,0,100,0,75,25,100,0,100,0,100,1276,25,25,,,,,100,0,100,0,200,0,,,,,,,,,,,,,,,,,,,,,,,,,,,100,12336,100,12715576040,100,86133437720,,,,,,,,,,
2019-01-08,Z30571VN,ST4000DM000,4000787030016,0,120,239123128,,,95,0,100,5,100,0,82,198224730,,,86,12366,100,0,,,100,5,,,,,,,,,,,,,,,,,,,,,,,,,,,,,,,100,0,100,0,100,0,100,0,100,0,77,23,100,0,100,0,100,1276,23,23,,,,,100,0,100,0,200,0,,,,,,,,,,,,,,,,,,,,,,,,,,,100,12360,100,12716891128,100,86272981613,,,,,,,,,,
2019-01-09,Z30571VN,ST4000DM000,4000787030016,0,116,116811480,,,95,0,100,5,100,0,82,198384255,,,86,12391,100,0,,,100,5,,,,,,,,,,,,,,,,,,,,,,,,,,,,,,,100,0,100,0,100,0,100,0,100,0,77,23,100,0,100,0,100,1276,23,23,,,,,100,0,100,0,200,0,,,,,,,,,,,,,,,,,,,,,,,,,,,100,12384,100,12718672416,100,86427001075,,,,,,,,,,
2019-01-10,Z30571VN,ST4000DM000,4000787030016,0,112,42376152,,,95,0,100,5,100,0,82,198744950,,,86,12415,100,0,,,100,5,,,,,,,,,,,,,,,,,,,,,,,,,,,,,,,100,0,100,0,100,0,100,0,100,0,77,23,100,0,100,0,100,1276,23,23,,,,,100,0,100,0,200,0,,,,,,,,,,,,,,,,,,,,,,,,,,,100,12409,100,12723788704,100,86598772753,,,,,,,,,,
2019-01-11,Z30571VN,ST4000DM000,4000787030016,0,116,117331576,,,95,0,100,5,100,0,82,198985868,,,86,12437,100,0,,,100,5,,,,,,,,,,,,,,,,,,,,,,,,,,,,,,,100,0,100,0,100,0,100,0,100,0,77,23,100,0,100,0,100,1276,23,23,,,,,100,0,100,0,200,0,,,,,,,,,,,,,,,,,,,,,,,,,,,100,12430,100,12726810616,100,86780703732,,,,,,,,,,
2019-01-12,Z30571VN,ST4000DM000,4000787030016,0,120,240507056,,,95,0,100,5,100,0,82,199149009,,,86,12460,100,0,,,100,5,,,,,,,,,,,,,,,,,,,,,,,,,,,,,,,100,0,100,0,100,0,100,0,100,0,77,23,100,0,100,0,100,1276,23,23,,,,,100,0,100,0,200,0,,,,,,,,,,,,,,,,,,,,,,,,,,,100,12454,100,12728827168,100,86940987099,,,,,,,,,,
2019-01-13,Z30571VN,ST4000DM000,4000787030016,0,117,120677544,,,95,0,100,5,100,0,82,199359628,,,86,12484,100,0,,,100,5,,,,,,,,,,,,,,,,,,,,,,,,,,,,,,,100,0,100,0,100,0,100,0,100,0,77,23,100,0,100,0,100,1276,23,23,,,,,100,0,100,0,200,0,,,,,,,,,,,,,,,,,,,,,,,,,,,100,12477,100,12734659192,100,87074153876,,,,,,,,,,
2019-01-14,Z30571VN,ST4000DM000,4000787030016,0,114,61851432,,,95,0,100,5,100,0,82,199526312,,,86,12508,100,0,,,100,5,,,,,,,,,,,,,,,,,,,,,,,,,,,,,,,100,0,100,0,100,0,100,0,100,0,77,23,100,0,100,0,100,1276,23,23,,,,,100,0,100,0,200,0,,,,,,,,,,,,,,,,,,,,,,,,,,,100,12501,100,12736243968,100,87244774749,,,,,,,,,,
2019-01-15,Z30571VN,ST4000DM000,4000787030016,0,116,101231872,,,95,0,100,5,100,0,82,199660277,,,86,12531,100,0,,,100,5,,,,,,,,,,,,,,,,,,,,,,,,,,,,,,,100,0,100,0,100,0,100,0,100,0,77,23,100,0,100,0,100,1276,23,23,,,,,100,0,100,0,200,0,,,,,,,,,,,,,,,,,,,,,,,,,,,100,12525,100,12737711320,100,87377221512,,,,,,,,,,
2019-01-16,Z30571VN,ST4000DM000,4000787030016,0,119,222380688,,,95,0,100,5,100,0,82,200002929,,,86,12555,100,0,,,100,5,,,,,,,,,,,,,,,,,,,,,,,,,,,,,,,100,0,100,0,100,0,100,0,100,0,77,23,100,0,100,0,100,1276,23,23,,,,,100,0,100,0,200,0,,,,,,,,,,,,,,,,,,,,,,,,,,,100,12548,100,12741350360,100,87529673166,,,,,,,,,,
2019-01-17,Z30571VN,ST4000DM000,4000787030016,0,114,69889904,,,95,0,100,5,100,0,82,200151161,,,86,12579,100,0,,,100,5,,,,,,,,,,,,,,,,,,,,,,,,,,,,,,,100,0,100,0,100,0,100,0,100,0,78,22,100,0,100,0,100,1276,22,22,,,,,100,0,100,0,200,0,,,,,,,,,,,,,,,,,,,,,,,,,,,100,12572,100,12742855096,100,87676024200,,,,,,,,,,
2019-01-18,Z30571VN,ST4000DM000,4000787030016,0,119,206923688,,,95,0,100,5,100,0,82,200423562,,,86,12602,100,0,,,100,5,,,,,,,,,,,,,,,,,,,,,,,,,,,,,,,100,0,100,0,100,0,100,0,100,0,78,22,100,0,100,0,100,1276,22,22,,,,,100,0,100,0,200,0,,,,,,,,,,,,,,,,,,,,,,,,,,,100,12596,100,12748793888,100,87844065299,,,,,,,,,,
2019-01-19,Z30571VN,ST4000DM000,4000787030016,0,117,152484048,,,95,0,100,5,100,0,82,200596024,,,86,12626,100,0,,,100,5,,,,,,,,,,,,,,,,,,,,,,,,,,,,,,,100,0,100,0,100,0,100,0,100,0,78,22,100,0,100,0,100,1276,22,22,,,,,100,0,100,0,200,0,,,,,,,,,,,,,,,,,,,,,,,,,,,100,12619,100,12750682904,100,88012295439,,,,,,,,,,
2019-01-20,Z30571VN,ST4000DM000,4000787030016,0,117,123050584,,,95,0,100,5,100,0,82,200831785,,,86,12649,100,0,,,100,5,,,,,,,,,,,,,,,,,,,,,,,,,,,,,,,100,0,100,0,100,0,100,0,100,0,79,21,100,0,100,0,100,1276,21,21,,,,,100,0,100,0,200,0,,,,,,,,,,,,,,,,,,,,,,,,,,,100,12643,100,12756608000,100,88143930045,,,,,,,,,,
2019-01-21,Z30571VN,ST4000DM000,4000787030016,0,115,90503640,,,95,0,100,5,100,0,82,201004459,,,86,12673,100,0,,,100,5,,,,,,,,,,,,,,,,,,,,,,,,,,,,,,,100,0,100,0,100,0,100,0,100,0,78,22,100,0,100,0,100,1276,22,22,,,,,100,0,100,0,200,0,,,,,,,,,,,,,,,,,,,,,,,,,,,100,12667,100,12758345904,100,88319211215,,,,,,,,,,
2019-01-22,Z30571VN,ST4000DM000,4000787030016,0,114,60718808,,,95,0,100,5,100,0,83,201342779,,,86,12697,100,0,,,100,5,,,,,,,,,,,,,,,,,,,,,,,,,,,,,,,100,0,100,0,100,0,100,0,100,0,78,22,100,0,100,0,100,1276,22,22,,,,,100,0,100,0,200,0,,,,,,,,,,,,,,,,,,,,,,,,,,,100,12690,100,12762218784,100,88485697709,,,,,,,,,,
2019-01-23,Z30571VN,ST4000DM000,4000787030016,0,117,160571448,,,95,0,100,5,100,0,83,201569752,,,86,12733,100,0,,,100,5,,,,,,,,,,,,,,,,,,,,,,,,,,,,,,,100,0,100,0,100,0,100,0,100,0,77,23,100,0,100,0,100,1276,23,23,,,,,100,0,100,0,200,0,,,,,,,,,,,,,,,,,,,,,,,,,,,100,12726,100,12764861048,100,88682160607,,,,,,,,,,
2019-01-24,Z30571VN,ST4000DM000,4000787030016,0,114,73017432,,,95,0,100,5,100,0,83,201846163,,,86,12756,100,0,,,100,5,,,,,,,,,,,,,,,,,,,,,,,,,,,,,,,100,0,100,0,100,0,100,0,100,0,78,22,100,0,100,0,100,1276,22,22,,,,,100,0,100,0,200,0,,,,,,,,,,,,,,,,,,,,,,,,,,,100,12750,100,12770819520,100,88859195095,,,,,,,,,,
2019-01-25,Z30571VN,ST4000DM000,4000787030016,0,117,151785664,,,95,0,100,5,100,0,83,201997308,,,86,12780,100,0,,,100,5,,,,,,,,,,,,,,,,,,,,,,,,,,,,,,,100,0,100,0,100,0,100,0,100,0,78,22,100,0,100,0,100,1276,22,22,,,,,100,0,100,0,200,0,,,,,,,,,,,,,,,,,,,,,,,,,,,100,12774,100,12772555624,100,89001001790,,,,,,,,,,
2019-01-26,Z30571VN,ST4000DM000,4000787030016,0,115,99383504,,,95,0,100,5,100,0,83,202173777,,,86,12804,100,0,,,100,5,,,,,,,,,,,,,,,,,,,,,,,,,,,,,,,100,0,100,0,100,0,100,0,100,0,77,23,100,0,100,0,100,1276,23,23,,,,,100,0,100,0,200,0,,,,,,,,,,,,,,,,,,,,,,,,,,,100,12797,100,12773982480,100,89172849523,,,,,,,,,,
2019-01-27,Z30571VN,ST4000DM000,4000787030016,0,118,187938960,,,95,0,100,5,100,0,83,202439984,,,86,12827,100,0,,,100,5,,,,,,,,,,,,,,,,,,,,,,,,,,,,,,,87,13,100,0,100,0,100,0,100,0,78,22,100,0,100,0,100,1276,22,22,,,,,100,0,100,0,200,0,,,,,,,,,,,,,,,,,,,,,,,,,,,100,12821,100,12779707784,100,89330333938,,,,,,,,,,
2019-01-28,Z30571VN,ST4000DM000,4000787030016,0,117,155098712,,,94,0,100,6,100,0,83,202622717,,,86,12851,100,0,,,100,6,,,,,,,,,,,,,,,,,,,,,,,,,,,,,,,75,25,100,0,100,0,100,0,100,0,79,21,100,0,100,0,100,1285,21,21,,,,,100,0,100,0,200,0,,,,,,,,,,,,,,,,,,,,,,,,,,,100,12844,100,12781399408,100,89493375761,,,,,,,,,,
2019-01-29,Z30571VN,ST4000DM000,4000787030016,0,107,13716608,,,94,0,100,6,100,0,83,202784181,,,86,12875,100,0,,,100,6,,,,,,,,,,,,,,,,,,,,,,,,,,,,,,,75,25,100,0,100,0,100,0,100,0,78,22,100,0,100,0,100,1289,22,22,,,,,100,0,100,0,200,0,,,,,,,,,,,,,,,,,,,,,,,,,,,100,12868,100,12783113856,100,89644472534,,,,,,,,,,
2019-01-30,Z30571VN,ST4000DM000,4000787030016,0,117,129573736,,,94,0,100,6,100,0,83,203151516,,,86,12899,100,0,,,100,6,,,,,,,,,,,,,,,,,,,,,,,,,,,,,,,75,25,100,0,100,0,100,0,100,0,78,22,100,0,100,0,100,1293,22,22,,,,,100,0,100,0,200,0,,,,,,,,,,,,,,,,,,,,,,,,,,,100,12892,100,12788539824,100,89810697848,,,,,,,,,,
2019-01-31,Z30571VN,ST4000DM000,4000787030016,0,111,38226424,,,94,0,100,6,100,0,83,203327829,,,86,12923,100,0,,,100,6,,,,,,,,,,,,,,,,,,,,,,,,,,,,,,,75,25,100,0,100,0,100,0,100,0,79,21,100,0,100,0,100,1299,21,21,,,,,100,0,100,0,200,0,,,,,,,,,,,,,,,,,,,,,,,,,,,100,12916,100,12790844384,100,89998073214,,,,,,,,,,
2019-02-01,Z30571VN,ST4000DM000,4000787030016,0,116,107572048,,,94,0,100,6,100,0,83,203587029,,,86,12946,100,0,,,100,6,,,,,,,,,,,,,,,,,,,,,,,,,,,,,,,75,25,100,0,100,0,100,0,100,0,78,22,100,0,100,0,100,1301,22,22,,,,,100,0,100,0,200,0,,,,,,,,,,,,,,,,,,,,,,,,,,,100,12940,100,12796096080,100,90166069307,,,,,,,,,,
2019-02-02,Z30571VN,ST4000DM000,4000787030016,0,113,54586312,,,94,0,100,6,100,0,83,203769176,,,86,12970,100,0,,,100,6,,,,,,,,,,,,,,,,,,,,,,,,,,,,,,,75,25,100,0,100,0,100,0,100,0,78,22,100,0,100,0,100,1305,22,22,,,,,100,0,100,0,200,0,,,,,,,,,,,,,,,,,,,,,,,,,,,100,12963,100,12797842776,100,90356241544,,,,,,,,,,
2019-02-03,Z30571VN,ST4000DM000,4000787030016,0,118,200072344,,,94,0,100,6,100,0,83,204040570,,,86,12994,100,0,,,100,6,,,,,,,,,,,,,,,,,,,,,,,,,,,,,,,75,25,100,0,100,0,100,0,100,0,78,22,100,0,100,0,100,1450,22,22,,,,,100,0,100,0,200,0,,,,,,,,,,,,,,,,,,,,,,,,,,,100,12986,100,12803631544,100,90472317722,,,,,,,,,,
2019-02-04,Z30571VN,ST4000DM000,4000787030016,0,113,54997464,,,94,0,100,6,100,0,83,204192666,,,86,13017,100,0,,,100,6,,,,,,,,,,,,,,,,,,,,,,,,,,,,,,,75,25,100,0,100,0,100,0,100,0,78,22,100,0,100,0,100,1452,22,22,,,,,100,0,100,0,200,0,,,,,,,,,,,,,,,,,,,,,,,,,,,100,13010,100,12805107600,100,90622843603,,,,,,,,,,
2019-02-05,Z30571VN,ST4000DM000,4000787030016,0,117,140226328,,,94,0,100,6,100,0,83,204356035,,,86,13041,100,0,,,100,6,,,,,,,,,,,,,,,,,,,,,,,,,,,,,,,75,25,100,0,100,0,100,0,100,0,78,22,100,0,100,0,100,1458,22,22,,,,,100,0,100,0,200,0,,,,,,,,,,,,,,,,,,,,,,,,,,,100,13033,100,12806646592,100,90766747965,,,,,,,,,,
2019-02-06,Z30571VN,ST4000DM000,4000787030016,0,119,222279256,,,94,0,100,6,100,0,83,204515064,,,86,13064,100,0,,,100,6,,,,,,,,,,,,,,,,,,,,,,,,,,,,,,,75,25,100,0,100,0,100,0,100,0,77,23,100,0,100,0,100,1461,23,23,,,,,100,0,100,0,200,0,,,,,,,,,,,,,,,,,,,,,,,,,,,100,13057,100,12808113696,100,90911734046,,,,,,,,,,
2019-02-07,Z30571VN,ST4000DM000,4000787030016,0,115,97581584,,,94,0,100,6,100,0,83,204687363,,,86,13088,100,0,,,100,6,,,,,,,,,,,,,,,,,,,,,,,,,,,,,,,75,25,100,0,100,0,100,0,100,0,77,23,100,0,100,0,100,1467,23,23,,,,,100,0,100,0,200,0,,,,,,,,,,,,,,,,,,,,,,,,,,,100,13080,100,12809516624,100,91064119150,,,,,,,,,,
2019-02-08,Z30571VN,ST4000DM000,4000787030016,0,107,13048920,,,94,0,100,6,100,0,83,204974195,,,86,13111,100,0,,,100,6,,,,,,,,,,,,,,,,,,,,,,,,,,,,,,,75,25,100,0,100,0,100,0,100,0,77,23,100,0,100,0,100,1472,23,23,,,,,100,0,100,0,200,0,,,,,,,,,,,,,,,,,,,,,,,,,,,100,13104,100,12816056720,100,91240942958,,,,,,,,,,
2019-02-09,Z30571VN,ST4000DM000,4000787030016,0,117,146684136,,,94,0,100,6,100,0,83,205142940,,,86,13135,100,0,,,100,6,,,,,,,,,,,,,,,,,,,,,,,,,,,,,,,75,25,100,0,100,0,100,0,100,0,77,23,100,0,100,0,100,1477,23,23,,,,,100,0,100,0,200,0,,,,,,,,,,,,,,,,,,,,,,,,,,,100,13127,100,12817866128,100,91397208662,,,,,,,,,,
2019-02-10,Z30571VN,ST4000DM000,4000787030016,0,114,78024032,,,94,0,100,6,100,0,83,205443770,,,85,13159,100,0,,,100,6,,,,,,,,,,,,,,,,,,,,,,,,,,,,,,,75,25,100,0,100,0,100,0,100,0,77,23,100,0,100,0,100,1707,23,23,,,,,100,0,100,0,200,0,,,,,,,,,,,,,,,,,,,,,,,,,,,100,13150,100,12824580288,100,91516497028,,,,,,,,,,
2019-02-11,Z30571VN,ST4000DM000,4000787030016,0,104,7253824,,,94,0,100,6,100,0,83,205780785,,,85,13182,100,0,,,100,6,,,,,,,,,,,,,,,,,,,,,,,,,,,,,,,75,25,100,0,100,0,100,0,100,0,77,23,100,0,100,0,100,1711,23,23,,,,,100,0,100,0,200,0,,,,,,,,,,,,,,,,,,,,,,,,,,,100,13174,100,12826831464,100,91683234167,,,,,,,,,,
2019-02-12,Z30571VN,ST4000DM000,4000787030016,0,113,51745688,,,94,0,100,6,100,0,83,205935796,,,85,13206,100,0,,,100,6,,,,,,,,,,,,,,,,,,,,,,,,,,,,,,,75,25,100,0,100,0,100,0,100,0,77,23,100,0,100,0,100,1715,23,23,,,,,100,0,100,0,200,0,,,,,,,,,,,,,,,,,,,,,,,,,,,100,13197,100,12828319000,100,91814971901,,,,,,,,,,
2019-02-13,Z30571VN,ST4000DM000,4000787030016,0,118,169239112,,,94,0,100,6,100,0,83,206105780,,,85,13230,100,0,,,100,6,,,,,,,,,,,,,,,,,,,,,,,,,,,,,,,75,25,100,0,100,0,100,0,100,0,78,22,100,0,100,0,100,1720,22,22,,,,,100,0,100,0,200,0,,,,,,,,,,,,,,,,,,,,,,,,,,,100,13221,100,12829844536,100,91961420864,,,,,,,,,,
2019-02-14,Z30571VN,ST4000DM000,4000787030016,0,114,69717240,,,94,0,100,6,100,0,83,206280065,,,85,13253,100,0,,,100,6,,,,,,,,,,,,,,,,,,,,,,,,,,,,,,,75,25,100,0,100,0,100,0,100,0,78,22,100,0,100,0,100,1724,22,22,,,,,100,0,100,0,200,0,,,,,,,,,,,,,,,,,,,,,,,,,,,100,13244,100,12831367264,100,92118721314,,,,,,,,,,
2019-02-15,Z30571VN,ST4000DM000,4000787030016,0,117,145120176,,,94,0,100,6,100,0,83,206558028,,,85,13277,100,0,,,100,6,,,,,,,,,,,,,,,,,,,,,,,,,,,,,,,75,25,100,0,100,0,100,0,100,0,78,22,100,0,100,0,100,1728,22,22,,,,,100,0,100,0,200,0,,,,,,,,,,,,,,,,,,,,,,,,,,,100,13268,100,12837447424,100,92282437010,,,,,,,,,,
2019-02-16,Z30571VN,ST4000DM000,4000787030016,0,118,179823224,,,94,0,100,6,100,0,83,206773658,,,85,13300,100,0,,,100,6,,,,,,,,,,,,,,,,,,,,,,,,,,,,,,,75,25,100,0,100,0,100,0,100,0,78,22,100,0,100,0,100,1730,22,22,,,,,100,0,100,0,200,0,,,,,,,,,,,,,,,,,,,,,,,,,,,100,13292,100,12839450576,100,92465215387,,,,,,,,,,
2019-02-17,Z30571VN,ST4000DM000,4000787030016,0,114,75000360,,,94,0,100,6,100,0,83,207076179,,,85,13324,100,0,,,100,6,,,,,,,,,,,,,,,,,,,,,,,,,,,,,,,75,25,100,0,100,0,100,0,100,0,78,22,100,0,100,0,100,1759,22,22,,,,,100,0,100,0,200,0,,,,,,,,,,,,,,,,,,,,,,,,,,,100,13315,100,12845405480,100,92628071841,,,,,,,,,,
2019-02-18,Z30571VN,ST4000DM000,4000787030016,0,119,210459064,,,94,0,100,6,100,0,83,207559513,,,85,13348,100,0,,,100,6,,,,,,,,,,,,,,,,,,,,,,,,,,,,,,,75,25,100,0,100,0,100,0,100,0,77,23,100,0,100,0,100,1764,23,23,,,,,100,0,100,0,200,0,,,,,,,,,,,,,,,,,,,,,,,,,,,100,13339,100,12851499624,100,92790757107,,,,,,,,,,
2019-02-19,Z30571VN,ST4000DM000,4000787030016,0,119,202350552,,,94,0,100,6,100,0,83,207761460,,,85,13371,100,0,,,100,6,,,,,,,,,,,,,,,,,,,,,,,,,,,,,,,75,25,100,0,100,0,100,0,100,0,78,22,100,0,100,0,100,1766,22,22,,,,,100,0,100,0,200,0,,,,,,,,,,,,,,,,,,,,,,,,,,,100,13362,100,12853059736,100,92947021073,,,,,,,,,,
2019-02-20,Z30571VN,ST4000DM000,4000787030016,0,119,222564608,,,94,0,100,6,100,0,83,207979735,,,85,13395,100,0,,,100,6,,,,,,,,,,,,,,,,,,,,,,,,,,,,,,,75,25,100,0,100,0,100,0,100,0,77,23,100,0,100,0,100,1769,23,23,,,,,100,0,100,0,200,0,,,,,,,,,,,,,,,,,,,,,,,,,,,100,13386,100,12854917344,100,93098889368,,,,,,,,,,
2019-02-21,Z30571VN,ST4000DM000,4000787030016,0,116,110109728,,,94,0,100,6,100,0,83,208239312,,,85,13419,100,0,,,100,6,,,,,,,,,,,,,,,,,,,,,,,,,,,,,,,75,25,100,0,100,0,100,0,100,0,77,23,100,0,100,0,100,1772,23,23,,,,,100,0,100,0,200,0,,,,,,,,,,,,,,,,,,,,,,,,,,,100,13410,100,12856560784,100,93239068831,,,,,,,,,,
2019-02-22,Z30571VN,ST4000DM000,4000787030016,0,117,155308624,,,94,0,100,6,100,0,83,208821508,,,85,13443,100,0,,,100,6,,,,,,,,,,,,,,,,,,,,,,,,,,,,,,,75,25,100,0,100,0,100,0,100,0,75,25,100,0,100,0,100,1774,25,25,,,,,100,0,100,0,200,0,,,,,,,,,,,,,,,,,,,,,,,,,,,100,13434,100,12862977976,100,93396899486,,,,,,,,,,
2019-02-23,Z30571VN,ST4000DM000,4000787030016,0,114,66044024,,,94,0,100,6,100,0,83,209445784,,,85,13467,100,0,,,100,6,,,,,,,,,,,,,,,,,,,,,,,,,,,,,,,75,25,100,0,100,0,100,0,100,0,76,24,100,0,100,0,100,1779,24,24,,,,,100,0,100,0,200,0,,,,,,,,,,,,,,,,,,,,,,,,,,,100,13458,100,12864512608,100,93566807677,,,,,,,,,,
2019-02-24,Z30571VN,ST4000DM000,4000787030016,0,117,166638280,,,94,0,100,6,100,0,83,209851556,,,85,13490,100,0,,,100,6,,,,,,,,,,,,,,,,,,,,,,,,,,,,,,,75,25,100,0,100,0,100,0,100,0,77,23,100,0,100,0,100,1815,23,23,,,,,100,0,100,0,200,0,,,,,,,,,,,,,,,,,,,,,,,,,,,100,13481,100,12870633512,100,93694469540,,,,,,,,,,
2019-02-25,Z30571VN,ST4000DM000,4000787030016,0,109,24273264,,,94,0,100,6,100,0,83,210201184,,,85,13514,100,0,,,100,6,,,,,,,,,,,,,,,,,,,,,,,,,,,,,,,75,25,100,0,100,0,100,0,100,0,78,22,100,0,100,0,100,1817,22,22,,,,,100,0,100,0,200,0,,,,,,,,,,,,,,,,,,,,,,,,,,,100,13505,100,12872159624,100,93829477883,,,,,,,,,,
2019-02-26,Z30571VN,ST4000DM000,4000787030016,0,112,46262040,,,94,0,100,6,100,0,83,210779326,,,85,13538,100,0,,,100,6,,,,,,,,,,,,,,,,,,,,,,,,,,,,,,,75,25,100,0,100,0,100,0,100,0,76,24,100,0,100,0,100,1820,24,24,,,,,100,0,100,0,200,0,,,,,,,,,,,,,,,,,,,,,,,,,,,100,13529,100,12876285472,100,93979785890,,,,,,,,,,
2019-02-27,Z30571VN,ST4000DM000,4000787030016,0,117,133171104,,,94,0,100,6,100,0,83,211274952,,,85,13574,100,0,,,100,6,,,,,,,,,,,,,,,,,,,,,,,,,,,,,,,75,25,100,0,100,0,100,0,100,0,78,22,100,0,100,0,100,1824,22,22,,,,,100,0,100,0,200,0,,,,,,,,,,,,,,,,,,,,,,,,,,,100,13565,100,12878575912,100,94197134096,,,,,,,,,,
2019-02-28,Z30571VN,ST4000DM000,4000787030016,0,118,171245472,,,94,0,100,6,100,0,83,211343352,,,85,13586,100,0,,,100,6,,,,,,,,,,,,,,,,,,,,,,,,,,,,,,,75,25,100,0,100,0,100,0,100,0,78,22,100,0,100,0,100,1824,22,22,,,,,100,0,100,0,200,0,,,,,,,,,,,,,,,,,,,,,,,,,,,100,13576,100,12879281640,100,94269404194,,,,,,,,,,
2019-03-01,Z30571VN,ST4000DM000,4000787030016,0,120,237627488,,,94,0,100,6,100,0,83,211606922,,,85,13609,100,0,,,100,6,,,,,,,,,,,,,,,,,,,,,,,,,,,,,,,75,25,100,0,100,0,100,0,100,0,78,22,100,0,100,0,100,1828,22,22,,,,,100,0,100,0,200,0,,,,,,,,,,,,,,,,,,,,,,,,,,,100,13600,100,12885515944,100,94432922410,,,,,,,,,,
2019-03-02,Z30571VN,ST4000DM000,4000787030016,0,114,71762296,,,94,0,100,6,100,0,83,211763945,,,85,13633,100,0,,,100,6,,,,,,,,,,,,,,,,,,,,,,,,,,,,,,,75,25,100,0,100,0,100,0,100,0,78,22,100,0,100,0,100,1832,22,22,,,,,100,0,100,0,200,0,,,,,,,,,,,,,,,,,,,,,,,,,,,100,13624,100,12886917632,100,94591268542,,,,,,,,,,
2019-03-03,Z30571VN,ST4000DM000,4000787030016,0,116,114834104,,,94,0,100,6,100,0,83,212039570,,,85,13656,100,0,,,100,6,,,,,,,,,,,,,,,,,,,,,,,,,,,,,,,75,25,100,0,100,0,100,0,100,0,77,23,100,0,100,0,100,1866,23,23,,,,,100,0,100,0,200,0,,,,,,,,,,,,,,,,,,,,,,,,,,,100,13647,100,12893319792,100,94764644593,,,,,,,,,,
2019-03-04,Z30571VN,ST4000DM000,4000787030016,0,119,230837480,,,94,0,100,6,100,0,83,212194301,,,85,13680,100,0,,,100,6,,,,,,,,,,,,,,,,,,,,,,,,,,,,,,,75,25,100,0,100,0,100,0,100,0,78,22,100,0,100,0,100,1868,22,22,,,,,100,0,100,0,200,0,,,,,,,,,,,,,,,,,,,,,,,,,,,100,13671,100,12894838120,100,94928414375,,,,,,,,,,
2019-03-05,Z30571VN,ST4000DM000,4000787030016,0,117,147045368,,,94,0,100,6,100,0,83,212564484,,,85,13704,100,0,,,100,6,,,,,,,,,,,,,,,,,,,,,,,,,,,,,,,75,25,100,0,100,0,100,0,100,0,78,22,100,0,100,0,100,1872,22,22,,,,,100,0,100,0,200,0,,,,,,,,,,,,,,,,,,,,,,,,,,,100,13695,100,12899709512,100,95117101908,,,,,,,,,,
2019-03-06,Z30571VN,ST4000DM000,4000787030016,0,100,3122840,,,94,0,100,6,100,0,83,212719870,,,85,13727,100,0,,,100,6,,,,,,,,,,,,,,,,,,,,,,,,,,,,,,,75,25,100,0,100,0,100,0,100,0,78,22,100,0,100,0,100,1874,22,22,,,,,100,0,100,0,200,0,,,,,,,,,,,,,,,,,,,,,,,,,,,100,13718,100,12901404504,100,95263452822,,,,,,,,,,
2019-03-07,Z30571VN,ST4000DM000,4000787030016,0,115,97356728,,,94,0,100,6,100,0,83,212877067,,,85,13751,100,0,,,100,6,,,,,,,,,,,,,,,,,,,,,,,,,,,,,,,75,25,100,0,100,0,100,0,100,0,78,22,100,0,100,0,100,1877,22,22,,,,,100,0,100,0,200,0,,,,,,,,,,,,,,,,,,,,,,,,,,,100,13742,100,12903199392,100,95409508962,,,,,,,,,,
2019-03-08,Z30571VN,ST4000DM000,4000787030016,0,117,130349968,,,94,0,100,6,100,0,83,213135557,,,85,13775,100,0,,,100,6,,,,,,,,,,,,,,,,,,,,,,,,,,,,,,,75,25,100,0,100,0,100,0,100,0,78,22,100,0,100,0,100,1879,22,22,,,,,100,0,100,0,200,0,,,,,,,,,,,,,,,,,,,,,,,,,,,100,13765,100,12909303440,100,95554332839,,,,,,,,,,
2019-03-09,Z30571VN,ST4000DM000,4000787030016,0,111,41614368,,,94,0,100,6,100,0,83,213317323,,,85,13798,100,0,,,100,6,,,,,,,,,,,,,,,,,,,,,,,,,,,,,,,75,25,100,0,100,0,100,0,100,0,77,23,100,0,100,0,100,1884,23,23,,,,,100,0,100,0,200,0,,,,,,,,,,,,,,,,,,,,,,,,,,,100,13789,100,12910787968,100,95716829717,,,,,,,,,,
2019-03-10,Z30571VN,ST4000DM000,4000787030016,0,113,58275952,,,94,0,100,6,100,0,83,213584616,,,85,13822,100,0,,,100,6,,,,,,,,,,,,,,,,,,,,,,,,,,,,,,,75,25,100,0,100,0,100,0,100,0,77,23,100,0,100,0,100,1915,23,23,,,,,100,0,100,0,200,0,,,,,,,,,,,,,,,,,,,,,,,,,,,100,13813,100,12916907672,100,95869377556,,,,,,,,,,
2019-03-11,Z30571VN,ST4000DM000,4000787030016,0,118,184843112,,,94,0,100,6,100,0,83,213758021,,,85,13846,100,0,,,100,6,,,,,,,,,,,,,,,,,,,,,,,,,,,,,,,75,25,100,0,100,0,100,0,100,0,77,23,100,0,100,0,100,1917,23,23,,,,,100,0,100,0,200,0,,,,,,,,,,,,,,,,,,,,,,,,,,,100,13836,100,12918840960,100,96008387273,,,,,,,,,,
2019-03-12,Z30571VN,ST4000DM000,4000787030016,0,110,27539656,,,94,0,100,6,100,0,83,214200776,,,85,13869,100,0,,,100,6,,,,,,,,,,,,,,,,,,,,,,,,,,,,,,,75,25,100,0,100,0,100,0,100,0,78,22,100,0,100,0,100,1920,22,22,,,,,100,0,100,0,200,0,,,,,,,,,,,,,,,,,,,,,,,,,,,100,13860,100,12924460056,100,96203469778,,,,,,,,,,
2019-03-13,Z30571VN,ST4000DM000,4000787030016,0,112,50008808,,,94,0,100,6,100,0,83,214469348,,,85,13905,100,0,,,100,6,,,,,,,,,,,,,,,,,,,,,,,,,,,,,,,75,25,100,0,100,0,100,0,100,0,78,22,100,0,100,0,100,1923,22,22,,,,,100,0,100,0,200,0,,,,,,,,,,,,,,,,,,,,,,,,,,,100,13896,100,12927237424,100,96445262329,,,,,,,,,,
2019-03-14,Z30571VN,ST4000DM000,4000787030016,0,113,55527976,,,94,0,100,6,100,0,83,214619148,,,85,13929,100,0,,,100,6,,,,,,,,,,,,,,,,,,,,,,,,,,,,,,,75,25,100,0,100,0,100,0,100,0,79,21,100,0,100,0,100,1927,21,21,,,,,100,0,100,0,200,0,,,,,,,,,,,,,,,,,,,,,,,,,,,100,13919,100,12929174752,100,96558095363,,,,,,,,,,
2019-03-15,Z30571VN,ST4000DM000,4000787030016,0,118,180177904,,,94,0,100,6,100,0,83,214897277,,,85,13952,100,0,,,100,6,,,,,,,,,,,,,,,,,,,,,,,,,,,,,,,75,25,100,0,100,0,100,0,100,0,79,21,100,0,100,0,100,1931,21,21,,,,,100,0,100,0,200,0,,,,,,,,,,,,,,,,,,,,,,,,,,,100,13943,100,12934624320,100,96729832144,,,,,,,,,,
2019-03-16,Z30571VN,ST4000DM000,4000787030016,0,108,16294264,,,94,0,100,6,100,0,83,215054216,,,85,13976,100,0,,,100,6,,,,,,,,,,,,,,,,,,,,,,,,,,,,,,,75,25,100,0,100,0,100,0,100,0,79,21,100,0,100,0,100,1934,21,21,,,,,100,0,100,0,200,0,,,,,,,,,,,,,,,,,,,,,,,,,,,100,13967,100,12936062416,100,96873560000,,,,,,,,,,
2019-03-17,Z30571VN,ST4000DM000,4000787030016,0,114,83830928,,,94,0,100,6,100,0,83,215352347,,,85,14000,100,0,,,100,6,,,,,,,,,,,,,,,,,,,,,,,,,,,,,,,75,25,100,0,100,0,100,0,100,0,79,21,100,0,100,0,100,1967,21,21,,,,,100,0,100,0,200,0,,,,,,,,,,,,,,,,,,,,,,,,,,,100,13991,100,12941990032,100,97032730868,,,,,,,,,,
2019-03-18,Z30571VN,ST4000DM000,4000787030016,0,117,127363744,,,94,0,100,6,100,0,83,215561583,,,84,14024,100,0,,,100,6,,,,,,,,,,,,,,,,,,,,,,,,,,,,,,,75,25,100,0,100,0,100,0,100,0,79,21,100,0,100,0,100,1969,21,21,,,,,100,0,100,0,200,0,,,,,,,,,,,,,,,,,,,,,,,,,,,100,14014,100,12943586368,100,97215114951,,,,,,,,,,
2019-03-19,Z30571VN,ST4000DM000,4000787030016,0,119,208052712,,,94,0,100,6,100,0,83,215976830,,,84,14048,100,0,,,100,6,,,,,,,,,,,,,,,,,,,,,,,,,,,,,,,75,25,100,0,100,0,100,0,100,0,79,21,100,0,100,0,100,1972,21,21,,,,,100,0,100,0,200,0,,,,,,,,,,,,,,,,,,,,,,,,,,,100,14038,100,12948691512,100,97392818864,,,,,,,,,,
2019-03-20,Z30571VN,ST4000DM000,4000787030016,0,118,172508552,,,94,0,100,6,100,0,83,216181979,,,84,14071,100,0,,,100,6,,,,,,,,,,,,,,,,,,,,,,,,,,,,,,,75,25,100,0,100,0,100,0,100,0,79,21,100,0,100,0,100,1976,21,21,,,,,100,0,100,0,200,0,,,,,,,,,,,,,,,,,,,,,,,,,,,100,14062,100,12950577392,100,97539720427,,,,,,,,,,
2019-03-21,Z30571VN,ST4000DM000,4000787030016,0,119,202260336,,,94,0,100,6,100,0,83,216405959,,,84,14095,100,0,,,100,6,,,,,,,,,,,,,,,,,,,,,,,,,,,,,,,75,25,100,0,100,0,100,0,100,0,78,22,100,0,100,0,100,1980,22,22,,,,,100,0,100,0,200,0,,,,,,,,,,,,,,,,,,,,,,,,,,,100,14086,100,12952254952,100,97699026142,,,,,,,,,,
2019-03-22,Z30571VN,ST4000DM000,4000787030016,0,119,223000104,,,94,0,100,6,100,0,83,216724373,,,84,14119,100,0,,,100,6,,,,,,,,,,,,,,,,,,,,,,,,,,,,,,,75,25,100,0,100,0,100,0,100,0,78,22,100,0,100,0,100,1983,22,22,,,,,100,0,100,0,200,0,,,,,,,,,,,,,,,,,,,,,,,,,,,100,14110,100,12958365576,100,97855782741,,,,,,,,,,
2019-03-23,Z30571VN,ST4000DM000,4000787030016,0,112,49547776,,,94,0,100,6,100,0,83,217198116,,,84,14143,100,0,,,100,6,,,,,,,,,,,,,,,,,,,,,,,,,,,,,,,75,25,100,0,100,0,100,0,100,0,78,22,100,0,100,0,100,1985,22,22,,,,,100,0,100,0,200,0,,,,,,,,,,,,,,,,,,,,,,,,,,,100,14133,100,12959834440,100,97994237615,,,,,,,,,,
2019-03-24,Z30571VN,ST4000DM000,4000787030016,0,116,112216536,,,94,0,100,6,100,0,83,217823902,,,84,14167,100,0,,,100,6,,,,,,,,,,,,,,,,,,,,,,,,,,,,,,,75,25,100,0,100,0,100,0,100,0,78,22,100,0,100,0,99,2009,22,22,,,,,100,0,100,0,200,0,,,,,,,,,,,,,,,,,,,,,,,,,,,100,14157,100,12966325280,100,98150645647,,,,,,,,,,
2019-03-25,Z30571VN,ST4000DM000,4000787030016,0,115,89316632,,,94,0,100,6,100,0,83,218248946,,,84,14191,100,0,,,100,6,,,,,,,,,,,,,,,,,,,,,,,,,,,,,,,75,25,100,0,100,0,100,0,100,0,79,21,100,0,100,0,99,2011,21,21,,,,,100,0,100,0,200,0,,,,,,,,,,,,,,,,,,,,,,,,,,,100,14181,100,12967870416,100,98301113935,,,,,,,,,,
2019-03-26,Z30571VN,ST4000DM000,4000787030016,0,117,127222920,,,94,0,100,6,100,0,83,218831663,,,84,14214,100,0,,,100,6,,,,,,,,,,,,,,,,,,,,,,,,,,,,,,,75,25,100,0,100,0,100,0,100,0,79,21,100,0,100,0,99,2014,21,21,,,,,100,0,100,0,200,0,,,,,,,,,,,,,,,,,,,,,,,,,,,100,14205,100,12972763976,100,98450415473,,,,,,,,,,
2019-03-27,Z30571VN,ST4000DM000,4000787030016,0,109,24935192,,,94,0,100,6,100,0,83,219215161,,,84,14238,100,0,,,100,6,,,,,,,,,,,,,,,,,,,,,,,,,,,,,,,75,25,100,0,100,0,100,0,100,0,79,21,100,0,100,0,99,2020,21,21,,,,,100,0,100,0,200,0,,,,,,,,,,,,,,,,,,,,,,,,,,,100,14229,100,12974214760,100,98588957034,,,,,,,,,,
2019-03-28,Z30571VN,ST4000DM000,4000787030016,0,115,95031696,,,94,0,100,6,100,0,83,219556948,,,84,14262,100,0,,,100,6,,,,,,,,,,,,,,,,,,,,,,,,,,,,,,,75,25,100,0,100,0,100,0,100,0,78,22,100,0,100,0,99,2024,22,22,,,,,100,0,100,0,200,0,,,,,,,,,,,,,,,,,,,,,,,,,,,100,14252,100,12975611744,100,98731817068,,,,,,,,,,
2019-03-29,Z30571VN,ST4000DM000,4000787030016,0,112,41982776,,,94,0,100,6,100,0,83,219866832,,,84,14286,100,0,,,100,6,,,,,,,,,,,,,,,,,,,,,,,,,,,,,,,75,25,100,0,100,0,100,0,100,0,78,22,100,0,100,0,99,2062,22,22,,,,,100,0,100,0,200,0,,,,,,,,,,,,,,,,,,,,,,,,,,,100,14276,100,12981587264,100,98881223601,,,,,,,,,,
2019-03-30,Z30571VN,ST4000DM000,4000787030016,0,117,126360504,,,94,0,100,6,100,0,83,220017454,,,84,14310,100,0,,,100,6,,,,,,,,,,,,,,,,,,,,,,,,,,,,,,,75,25,100,0,100,0,100,0,100,0,78,22,100,0,100,0,99,2065,22,22,,,,,100,0,100,0,200,0,,,,,,,,,,,,,,,,,,,,,,,,,,,100,14300,100,12983093320,100,99034421479,,,,,,,,,,
2019-03-31,Z30571VN,ST4000DM000,4000787030016,0,114,77029632,,,94,0,100,6,100,0,83,220280009,,,84,14334,100,0,,,100,6,,,,,,,,,,,,,,,,,,,,,,,,,,,,,,,75,25,100,0,100,0,100,0,100,0,78,22,100,0,100,0,99,2122,22,22,,,,,100,0,100,0,200,0,,,,,,,,,,,,,,,,,,,,,,,,,,,100,14323,100,12988910856,100,99172627637,,,,,,,,,,
2019-04-01,Z30571VN,ST4000DM000,4000787030016,0,113,51701120,,,94,0,100,6,100,0,83,220617467,,,84,14358,100,0,,,100,6,,,,,,,,,,,,,,,,,,,,,,,,,,,,,,,75,25,100,0,100,0,100,0,100,0,80,20,100,0,100,0,99,2123,20,20,,,,,100,0,100,0,200,0,,,,,,,,,,,,,,,,,,,,,,,,,,,100,14347,100,12990950320,100,99368797686,,,,,,,,,,
2019-04-02,Z30571VN,ST4000DM000,4000787030016,0,119,225797168,,,94,0,100,6,100,0,83,220796528,,,84,14381,100,0,,,100,6,,,,,,,,,,,,,,,,,,,,,,,,,,,,,,,75,25,100,0,100,0,100,0,100,0,79,21,100,0,100,0,99,2126,21,21,,,,,100,0,100,0,200,0,,,,,,,,,,,,,,,,,,,,,,,,,,,100,14371,100,12992847240,100,99547230116,,,,,,,,,,
2019-04-03,Z30571VN,ST4000DM000,4000787030016,0,117,161697256,,,94,0,100,6,100,0,83,220974051,,,84,14405,100,0,,,100,6,,,,,,,,,,,,,,,,,,,,,,,,,,,,,,,75,25,100,0,100,0,100,0,100,0,79,21,100,0,100,0,99,2129,21,21,,,,,100,0,100,0,200,0,,,,,,,,,,,,,,,,,,,,,,,,,,,100,14395,100,12994428768,100,99719542607,,,,,,,,,,
2019-04-04,Z30571VN,ST4000DM000,4000787030016,0,107,13640200,,,94,0,100,6,100,0,83,221136370,,,84,14429,100,0,,,100,6,,,,,,,,,,,,,,,,,,,,,,,,,,,,,,,75,25,100,0,100,0,100,0,100,0,78,22,100,0,100,0,99,2133,22,22,,,,,100,0,100,0,200,0,,,,,,,,,,,,,,,,,,,,,,,,,,,100,14419,100,12996112456,100,99862578221,,,,,,,,,,
2019-04-05,Z30571VN,ST4000DM000,4000787030016,0,113,50385352,,,94,0,100,6,100,0,83,221390535,,,84,14453,100,0,,,100,6,,,,,,,,,,,,,,,,,,,,,,,,,,,,,,,75,25,100,0,100,0,100,0,100,0,79,21,100,0,100,0,99,2138,21,21,,,,,100,0,100,0,200,0,,,,,,,,,,,,,,,,,,,,,,,,,,,100,14442,100,13001996752,100,100013627092,,,,,,,,,,
2019-04-06,Z30571VN,ST4000DM000,4000787030016,0,117,138285408,,,94,0,100,6,100,0,83,221555278,,,84,14477,100,0,,,100,6,,,,,,,,,,,,,,,,,,,,,,,,,,,,,,,75,25,100,0,100,0,100,0,100,0,79,21,100,0,100,0,99,2143,21,21,,,,,100,0,100,0,200,0,,,,,,,,,,,,,,,,,,,,,,,,,,,100,14466,100,13003373112,100,100160851018,,,,,,,,,,
2019-04-07,Z30571VN,ST4000DM000,4000787030016,0,117,124333848,,,94,0,100,6,100,0,83,221826764,,,84,14501,100,0,,,100,6,,,,,,,,,,,,,,,,,,,,,,,,,,,,,,,75,25,100,0,100,0,100,0,100,0,78,22,100,0,100,0,99,2237,22,22,,,,,100,0,100,0,200,0,,,,,,,,,,,,,,,,,,,,,,,,,,,100,14490,100,13009037952,100,100297221186,,,,,,,,,,
2019-04-08,Z30571VN,ST4000DM000,4000787030016,0,111,41607488,,,94,0,100,6,100,0,83,222176544,,,84,14525,100,0,,,100,6,,,,,,,,,,,,,,,,,,,,,,,,,,,,,,,75,25,100,0,100,0,100,0,100,0,79,21,100,0,100,0,99,2238,21,21,,,,,100,0,100,0,200,0,,,,,,,,,,,,,,,,,,,,,,,,,,,100,14514,100,13014244968,100,100468508642,,,,,,,,,,
2019-04-09,Z30571VN,ST4000DM000,4000787030016,0,120,240948560,,,94,0,100,6,100,0,83,222369587,,,84,14549,100,0,,,100,6,,,,,,,,,,,,,,,,,,,,,,,,,,,,,,,75,25,100,0,100,0,100,0,100,0,79,21,100,0,100,0,99,2242,21,21,,,,,100,0,100,0,200,0,,,,,,,,,,,,,,,,,,,,,,,,,,,100,14538,100,13016197432,100,100621978307,,,,,,,,,,
2019-04-10,Z30571VN,ST4000DM000,4000787030016,0,119,202219392,,,94,0,100,6,100,0,83,222557719,,,84,14573,100,0,,,100,6,,,,,,,,,,,,,,,,,,,,,,,,,,,,,,,75,25,100,0,100,0,100,0,100,0,79,21,100,0,100,0,99,2246,21,21,,,,,100,0,100,0,200,0,,,,,,,,,,,,,,,,,,,,,,,,,,,100,14562,100,13017946504,100,100795205674,,,,,,,,,,
2019-04-11,Z30571VN,ST4000DM000,4000787030016,0,117,143181016,,,94,0,100,6,100,0,83,222735800,,,84,14597,100,0,,,100,6,,,,,,,,,,,,,,,,,,,,,,,,,,,,,,,75,25,100,0,100,0,100,0,100,0,79,21,100,0,100,0,99,2249,21,21,,,,,100,0,100,0,200,0,,,,,,,,,,,,,,,,,,,,,,,,,,,100,14586,100,13019580776,100,100962332497,,,,,,,,,,
2019-04-12,Z30571VN,ST4000DM000,4000787030016,0,117,138871128,,,94,0,100,6,100,0,83,222995757,,,84,14620,100,0,,,100,6,,,,,,,,,,,,,,,,,,,,,,,,,,,,,,,75,25,100,0,100,0,100,0,100,0,79,21,100,0,100,0,99,2255,21,21,,,,,100,0,100,0,200,0,,,,,,,,,,,,,,,,,,,,,,,,,,,100,14609,100,13025428896,100,101092096567,,,,,,,,,,
2019-04-13,Z30571VN,ST4000DM000,4000787030016,0,112,48313512,,,94,0,100,6,100,0,83,223167109,,,84,14644,100,0,,,100,6,,,,,,,,,,,,,,,,,,,,,,,,,,,,,,,75,25,100,0,100,0,100,0,100,0,79,21,100,0,100,0,99,2258,21,21,,,,,100,0,100,0,200,0,,,,,,,,,,,,,,,,,,,,,,,,,,,100,14633,100,13026918648,100,101252124721,,,,,,,,,,
2019-04-14,Z30571VN,ST4000DM000,4000787030016,0,118,176993400,,,94,0,100,6,100,0,83,223621099,,,84,14668,100,0,,,100,6,,,,,,,,,,,,,,,,,,,,,,,,,,,,,,,75,25,100,0,100,0,100,0,100,0,80,20,100,0,100,0,99,2299,20,20,,,,,100,0,100,0,200,0,,,,,,,,,,,,,,,,,,,,,,,,,,,100,14657,100,13032840616,100,101395872288,,,,,,,,,,
2019-04-15,Z30571VN,ST4000DM000,4000787030016,0,117,149397968,,,94,0,100,6,100,0,83,223819913,,,84,14692,100,0,,,100,6,,,,,,,,,,,,,,,,,,,,,,,,,,,,,,,75,25,100,0,100,0,100,0,100,0,80,20,100,0,100,0,99,2300,20,20,,,,,100,0,100,0,200,0,,,,,,,,,,,,,,,,,,,,,,,,,,,100,14681,100,13034991280,100,101564800216,,,,,,,,,,
2019-04-16,Z30571VN,ST4000DM000,4000787030016,0,118,190564112,,,94,0,100,6,100,0,83,224026890,,,84,14716,100,0,,,100,6,,,,,,,,,,,,,,,,,,,,,,,,,,,,,,,75,25,100,0,100,0,100,0,100,0,78,22,100,0,100,0,99,2302,22,22,,,,,100,0,100,0,200,0,,,,,,,,,,,,,,,,,,,,,,,,,,,100,14705,100,13036653296,100,101746205374,,,,,,,,,,
2019-04-17,Z30571VN,ST4000DM000,4000787030016,0,120,243133256,,,94,0,100,6,100,0,83,224259690,,,84,14740,100,0,,,100,6,,,,,,,,,,,,,,,,,,,,,,,,,,,,,,,75,25,100,0,100,0,100,0,100,0,79,21,100,0,100,0,99,2309,21,21,,,,,100,0,100,0,200,0,,,,,,,,,,,,,,,,,,,,,,,,,,,100,14729,100,13038610704,100,101925822043,,,,,,,,,,
2019-04-18,Z30571VN,ST4000DM000,4000787030016,0,119,207430440,,,94,0,100,6,100,0,83,224465776,,,84,14764,100,0,,,100,6,,,,,,,,,,,,,,,,,,,,,,,,,,,,,,,75,25,100,0,100,0,100,0,100,0,79,21,100,0,100,0,99,2313,21,21,,,,,100,0,100,0,200,0,,,,,,,,,,,,,,,,,,,,,,,,,,,100,14753,100,13040327976,100,102064837444,,,,,,,,,,
2019-04-19,Z30571VN,ST4000DM000,4000787030016,0,119,213941160,,,94,0,100,6,100,0,83,224785692,,,84,14788,100,0,,,100,6,,,,,,,,,,,,,,,,,,,,,,,,,,,,,,,75,25,100,0,100,0,100,0,100,0,79,21,100,0,100,0,99,2316,21,21,,,,,100,0,100,0,200,0,,,,,,,,,,,,,,,,,,,,,,,,,,,100,14777,100,13046661336,100,102236258664,,,,,,,,,,
2019-04-20,Z30571VN,ST4000DM000,4000787030016,0,114,72459008,,,94,0,100,6,100,0,83,225030593,,,84,14811,100,0,,,100,6,,,,,,,,,,,,,,,,,,,,,,,,,,,,,,,75,25,100,0,100,0,100,0,100,0,79,21,100,0,100,0,99,2319,21,21,,,,,100,0,100,0,200,0,,,,,,,,,,,,,,,,,,,,,,,,,,,100,14800,100,13048731608,100,102387643345,,,,,,,,,,
2019-04-21,Z30571VN,ST4000DM000,4000787030016,0,118,198293208,,,94,0,100,6,100,0,83,225679162,,,84,14835,100,0,,,100,6,,,,,,,,,,,,,,,,,,,,,,,,,,,,,,,75,25,100,0,100,0,100,0,100,0,78,22,100,0,100,0,99,2349,22,22,,,,,100,0,100,0,200,0,,,,,,,,,,,,,,,,,,,,,,,,,,,100,14824,100,13054972544,100,102522325072,,,,,,,,,,
2019-04-22,Z30571VN,ST4000DM000,4000787030016,0,117,166170936,,,94,0,100,6,100,0,83,226229586,,,84,14859,100,0,,,100,6,,,,,,,,,,,,,,,,,,,,,,,,,,,,,,,75,25,100,0,100,0,100,0,100,0,79,21,100,0,100,0,99,2354,21,21,,,,,100,0,100,0,200,0,,,,,,,,,,,,,,,,,,,,,,,,,,,100,14848,100,13056428624,100,102686900888,,,,,,,,,,
2019-04-23,Z30571VN,ST4000DM000,4000787030016,0,112,50289176,,,94,0,100,6,100,0,83,226620940,,,84,14883,100,0,,,100,6,,,,,,,,,,,,,,,,,,,,,,,,,,,,,,,75,25,100,0,100,0,100,0,100,0,79,21,100,0,100,0,99,2358,21,21,,,,,100,0,100,0,200,0,,,,,,,,,,,,,,,,,,,,,,,,,,,100,14872,100,13057856072,100,102832792551,,,,,,,,,,
2019-04-24,Z30571VN,ST4000DM000,4000787030016,0,118,181645704,,,94,0,100,6,100,0,83,226992734,,,83,14907,100,0,,,100,6,,,,,,,,,,,,,,,,,,,,,,,,,,,,,,,75,25,100,0,100,0,100,0,100,0,80,20,100,0,100,0,99,2361,20,20,,,,,100,0,100,0,200,0,,,,,,,,,,,,,,,,,,,,,,,,,,,100,14896,100,13059527680,100,102968754407,,,,,,,,,,
2019-04-25,Z30571VN,ST4000DM000,4000787030016,0,115,86477224,,,94,0,100,6,100,0,83,227369992,,,83,14931,100,0,,,100,6,,,,,,,,,,,,,,,,,,,,,,,,,,,,,,,75,25,100,0,100,0,100,0,100,0,79,21,100,0,100,0,99,2368,21,21,,,,,100,0,100,0,200,0,,,,,,,,,,,,,,,,,,,,,,,,,,,100,14919,100,13060853976,100,103111260464,,,,,,,,,,
2019-04-26,Z30571VN,ST4000DM000,4000787030016,0,115,96919456,,,94,0,100,6,100,0,83,227796130,,,83,14954,100,0,,,100,6,,,,,,,,,,,,,,,,,,,,,,,,,,,,,,,75,25,100,0,100,0,100,0,100,0,80,20,100,0,100,0,99,2372,20,20,,,,,100,0,100,0,200,0,,,,,,,,,,,,,,,,,,,,,,,,,,,100,14943,100,13066845800,100,103252133619,,,,,,,,,,
2019-04-27,Z30571VN,ST4000DM000,4000787030016,0,120,238957816,,,94,0,100,6,100,0,83,228134614,,,83,14978,100,0,,,100,6,,,,,,,,,,,,,,,,,,,,,,,,,,,,,,,75,25,100,0,100,0,100,0,100,0,80,20,100,0,100,0,99,2407,20,20,,,,,100,0,100,0,200,0,,,,,,,,,,,,,,,,,,,,,,,,,,,100,14966,100,13070737544,100,103401847910,,,,,,,,,,
2019-04-28,Z30571VN,ST4000DM000,4000787030016,0,118,187460432,,,94,0,100,6,100,0,83,228397413,,,83,15002,100,0,,,100,6,,,,,,,,,,,,,,,,,,,,,,,,,,,,,,,75,25,100,0,100,0,100,0,100,0,79,21,100,0,100,0,99,2448,21,21,,,,,100,0,100,0,200,0,,,,,,,,,,,,,,,,,,,,,,,,,,,100,14990,100,13076835736,100,103541272483,,,,,,,,,,
2019-04-29,Z30571VN,ST4000DM000,4000787030016,0,113,55432248,,,94,0,100,6,100,0,83,228555426,,,83,15026,100,0,,,100,6,,,,,,,,,,,,,,,,,,,,,,,,,,,,,,,75,25,100,0,100,0,100,0,100,0,79,21,100,0,100,0,99,2450,21,21,,,,,100,0,100,0,200,0,,,,,,,,,,,,,,,,,,,,,,,,,,,100,15014,100,13078371952,100,103704757422,,,,,,,,,,
2019-04-30,Z30571VN,ST4000DM000,4000787030016,0,119,205691600,,,94,0,100,6,100,0,83,228715735,,,83,15050,100,0,,,100,6,,,,,,,,,,,,,,,,,,,,,,,,,,,,,,,75,25,100,0,100,0,100,0,100,0,79,21,100,0,100,0,99,2452,21,21,,,,,100,0,100,0,200,0,,,,,,,,,,,,,,,,,,,,,,,,,,,100,15038,100,13079791248,100,103878458251,,,,,,,,,,
2019-05-01,Z30571VN,ST4000DM000,4000787030016,0,117,122999064,,,94,0,100,6,100,0,83,228887154,,,83,15074,100,0,,,100,6,,,,,,,,,,,,,,,,,,,,,,,,,,,,,,,75,25,100,0,100,0,100,0,100,0,79,21,100,0,100,0,99,2457,21,21,,,,,100,0,100,0,200,0,,,,,,,,,,,,,,,,,,,,,,,,,,,100,15061,100,13081297568,100,104066603222,,,,,,,,,,
2019-05-02,Z30571VN,ST4000DM000,4000787030016,0,117,147628648,,,94,0,100,6,100,0,83,229143902,,,83,15097,100,0,,,100,6,,,,,,,,,,,,,,,,,,,,,,,,,,,,,,,75,25,100,0,100,0,100,0,100,0,79,21,100,0,100,0,99,2463,21,21,,,,,100,0,100,0,200,0,,,,,,,,,,,,,,,,,,,,,,,,,,,100,15085,100,13084835208,100,104225352260,,,,,,,,,,
2019-05-03,Z30571VN,ST4000DM000,4000787030016,0,114,63794296,,,94,0,100,6,100,0,83,229463060,,,83,15121,100,0,,,100,6,,,,,,,,,,,,,,,,,,,,,,,,,,,,,,,75,25,100,0,100,0,100,0,100,0,79,21,100,0,100,0,99,2466,21,21,,,,,100,0,100,0,200,0,,,,,,,,,,,,,,,,,,,,,,,,,,,100,15109,100,13088839968,100,104384551644,,,,,,,,,,
2019-05-04,Z30571VN,ST4000DM000,4000787030016,0,117,144220160,,,94,0,100,6,100,0,83,229625487,,,83,15145,100,0,,,100,6,,,,,,,,,,,,,,,,,,,,,,,,,,,,,,,75,25,100,0,100,0,100,0,100,0,79,21,100,0,100,0,99,2469,21,21,,,,,100,0,100,0,200,0,,,,,,,,,,,,,,,,,,,,,,,,,,,100,15133,100,13091205760,100,104523055980,,,,,,,,,,
2019-05-05,Z30571VN,ST4000DM000,4000787030016,0,117,132951984,,,94,0,100,6,100,0,83,229911363,,,83,15169,100,0,,,100,6,,,,,,,,,,,,,,,,,,,,,,,,,,,,,,,75,25,100,0,100,0,100,0,100,0,79,21,100,0,100,0,99,2515,21,21,,,,,100,0,100,0,200,0,,,,,,,,,,,,,,,,,,,,,,,,,,,100,15156,100,13097080304,100,104662825800,,,,,,,,,,
2019-05-06,Z30571VN,ST4000DM000,4000787030016,0,110,26992432,,,94,0,100,6,100,0,83,230084478,,,83,15193,100,0,,,100,6,,,,,,,,,,,,,,,,,,,,,,,,,,,,,,,75,25,100,0,100,0,100,0,100,0,79,21,100,0,100,0,99,2520,21,21,,,,,100,0,100,0,200,0,,,,,,,,,,,,,,,,,,,,,,,,,,,100,15180,100,13098408664,100,104824153699,,,,,,,,,,
2019-05-07,Z30571VN,ST4000DM000,4000787030016,0,117,163893344,,,94,0,100,6,100,0,83,230253311,,,83,15216,100,0,,,100,6,,,,,,,,,,,,,,,,,,,,,,,,,,,,,,,75,25,100,0,100,0,100,0,100,0,79,21,100,0,100,0,99,2524,21,21,,,,,100,0,100,0,200,0,,,,,,,,,,,,,,,,,,,,,,,,,,,100,15204,100,13099938208,100,104979965739,,,,,,,,,,
2019-05-08,Z30571VN,ST4000DM000,4000787030016,0,115,98954728,,,94,0,100,6,100,0,83,230612856,,,83,15240,100,0,,,100,6,,,,,,,,,,,,,,,,,,,,,,,,,,,,,,,75,25,100,0,100,0,100,0,100,0,79,21,100,0,100,0,99,2529,21,21,,,,,100,0,100,0,200,0,,,,,,,,,,,,,,,,,,,,,,,,,,,100,15228,100,13105034024,100,105157898616,,,,,,,,,,
2019-05-09,Z30571VN,ST4000DM000,4000787030016,0,120,803224,,,94,0,100,6,100,0,83,230781485,,,83,15264,100,0,,,100,6,,,,,,,,,,,,,,,,,,,,,,,,,,,,,,,75,25,100,0,100,0,100,0,100,0,79,21,100,0,100,0,99,2533,21,21,,,,,100,0,100,0,200,0,,,,,,,,,,,,,,,,,,,,,,,,,,,100,15252,100,13106372776,100,105315623271,,,,,,,,,,
2019-05-10,Z30571VN,ST4000DM000,4000787030016,0,114,63120816,,,94,0,100,6,100,0,83,231048934,,,83,15288,100,0,,,100,6,,,,,,,,,,,,,,,,,,,,,,,,,,,,,,,75,25,100,0,100,0,100,0,100,0,79,21,100,0,100,0,99,2535,21,21,,,,,100,0,100,0,200,0,,,,,,,,,,,,,,,,,,,,,,,,,,,100,15276,100,13112305544,100,105472619105,,,,,,,,,,
2019-05-11,Z30571VN,ST4000DM000,4000787030016,0,117,167675872,,,94,0,100,6,100,0,83,231224604,,,83,15312,100,0,,,100,6,,,,,,,,,,,,,,,,,,,,,,,,,,,,,,,75,25,100,0,100,0,100,0,100,0,80,20,100,0,100,0,99,2541,20,20,,,,,100,0,100,0,200,0,,,,,,,,,,,,,,,,,,,,,,,,,,,100,15299,100,13114024472,100,105608801638,,,,,,,,,,
2019-05-12,Z30571VN,ST4000DM000,4000787030016,0,110,28251256,,,94,0,100,6,100,0,83,231564227,,,83,15336,100,0,,,100,6,,,,,,,,,,,,,,,,,,,,,,,,,,,,,,,75,25,100,0,100,0,100,0,100,0,79,21,100,0,100,0,99,2606,21,21,,,,,100,0,100,0,200,0,,,,,,,,,,,,,,,,,,,,,,,,,,,100,15323,100,13119886632,100,105756068378,,,,,,,,,,
2019-05-13,Z30571VN,ST4000DM000,4000787030016,0,116,109253864,,,94,0,100,6,100,0,83,231721710,,,83,15360,100,0,,,100,6,,,,,,,,,,,,,,,,,,,,,,,,,,,,,,,75,25,100,0,100,0,100,0,100,0,79,21,100,0,100,0,99,2609,21,21,,,,,100,0,100,0,200,0,,,,,,,,,,,,,,,,,,,,,,,,,,,100,15347,100,13121283288,100,105906721402,,,,,,,,,,
2019-05-14,Z30571VN,ST4000DM000,4000787030016,0,118,169361040,,,94,0,100,6,100,0,83,231967266,,,83,15384,100,0,,,100,6,,,,,,,,,,,,,,,,,,,,,,,,,,,,,,,75,25,100,0,100,0,100,0,100,0,79,21,100,0,100,0,99,2612,21,21,,,,,100,0,100,0,200,0,,,,,,,,,,,,,,,,,,,,,,,,,,,100,15371,100,13123536736,100,106088243254,,,,,,,,,,
2019-05-15,Z30571VN,ST4000DM000,4000787030016,0,115,99786336,,,94,0,100,6,100,0,83,232288644,,,83,15420,100,0,,,100,6,,,,,,,,,,,,,,,,,,,,,,,,,,,,,,,75,25,100,0,100,0,100,0,100,0,79,21,100,0,100,0,99,2617,21,21,,,,,100,0,100,0,200,0,,,,,,,,,,,,,,,,,,,,,,,,,,,100,15407,100,13126038088,100,106350128391,,,,,,,,,,
2019-05-16,Z30571VN,ST4000DM000,4000787030016,0,114,63814128,,,94,0,100,6,100,0,83,232600131,,,83,15444,100,0,,,100,6,,,,,,,,,,,,,,,,,,,,,,,,,,,,,,,75,25,100,0,100,0,100,0,100,0,78,22,100,0,100,0,99,2620,22,22,,,,,100,0,100,0,200,0,,,,,,,,,,,,,,,,,,,,,,,,,,,100,15431,100,13132352440,100,106512605568,,,,,,,,,,
2019-05-17,Z30571VN,ST4000DM000,4000787030016,0,115,84542904,,,94,0,100,6,100,0,83,232809563,,,83,15468,100,0,,,100,6,,,,,,,,,,,,,,,,,,,,,,,,,,,,,,,75,25,100,0,100,0,100,0,100,0,77,23,100,0,100,0,99,2623,23,23,,,,,100,0,100,0,200,0,,,,,,,,,,,,,,,,,,,,,,,,,,,100,15455,100,13133847952,100,106663498690,,,,,,,,,,
2019-05-18,Z30571VN,ST4000DM000,4000787030016,0,117,147653264,,,94,0,100,6,100,0,83,233130093,,,83,15491,100,0,,,100,6,,,,,,,,,,,,,,,,,,,,,,,,,,,,,,,75,25,100,0,100,0,100,0,100,0,78,22,100,0,100,0,99,2626,22,22,,,,,100,0,100,0,200,0,,,,,,,,,,,,,,,,,,,,,,,,,,,100,15479,100,13135434048,100,106811157888,,,,,,,,,,
2019-05-19,Z30571VN,ST4000DM000,4000787030016,0,119,216348496,,,94,0,100,6,100,0,83,233777289,,,83,15515,100,0,,,100,6,,,,,,,,,,,,,,,,,,,,,,,,,,,,,,,75,25,100,0,100,0,100,0,100,0,78,22,100,0,100,0,99,2675,22,22,,,,,100,0,100,0,200,0,,,,,,,,,,,,,,,,,,,,,,,,,,,100,15502,100,13141546464,100,106948860226,,,,,,,,,,
2019-05-20,Z30571VN,ST4000DM000,4000787030016,0,117,117967280,,,94,0,100,6,100,0,83,234384027,,,83,15539,100,0,,,100,6,,,,,,,,,,,,,,,,,,,,,,,,,,,,,,,75,25,100,0,100,0,100,0,100,0,78,22,100,0,100,0,99,2678,22,22,,,,,100,0,100,0,200,0,,,,,,,,,,,,,,,,,,,,,,,,,,,100,15526,100,13142833960,100,107120460172,,,,,,,,,,
2019-05-21,Z30571VN,ST4000DM000,4000787030016,0,119,207260352,,,94,0,100,6,100,0,83,234738040,,,83,15563,100,0,,,100,6,,,,,,,,,,,,,,,,,,,,,,,,,,,,,,,75,25,100,0,100,0,100,0,100,0,78,22,100,0,100,0,99,2679,22,22,,,,,100,0,100,0,200,0,,,,,,,,,,,,,,,,,,,,,,,,,,,100,15550,100,13144289256,100,107261518010,,,,,,,,,,
2019-05-22,Z30571VN,ST4000DM000,4000787030016,0,118,189542984,,,94,0,100,6,100,0,84,234894670,,,83,15575,100,0,,,100,6,,,,,,,,,,,,,,,,,,,,,,,,,,,,,,,75,25,100,0,100,0,100,0,100,0,79,21,100,0,100,0,99,2681,21,21,,,,,100,0,100,0,200,0,,,,,,,,,,,,,,,,,,,,,,,,,,,100,15562,100,13145000336,100,107323797406,,,,,,,,,,
2019-05-23,Z30571VN,ST4000DM000,4000787030016,0,114,68708288,,,94,0,100,6,100,0,84,235265526,,,83,15599,100,0,,,100,6,,,,,,,,,,,,,,,,,,,,,,,,,,,,,,,75,25,100,0,100,0,100,0,100,0,78,22,100,0,100,0,99,2687,22,22,,,,,100,0,100,0,200,0,,,,,,,,,,,,,,,,,,,,,,,,,,,100,15586,100,13146534024,100,107459676136,,,,,,,,,,
2019-05-24,Z30571VN,ST4000DM000,4000787030016,0,118,182032664,,,94,0,100,6,100,0,84,235725102,,,83,15623,100,0,,,100,6,,,,,,,,,,,,,,,,,,,,,,,,,,,,,,,75,25,100,0,100,0,100,0,100,0,78,22,100,0,100,0,99,2689,22,22,,,,,100,0,100,0,200,0,,,,,,,,,,,,,,,,,,,,,,,,,,,100,15609,100,13153272880,100,107614990395,,,,,,,,,,
2019-05-25,Z30571VN,ST4000DM000,4000787030016,0,112,47872656,,,94,0,100,6,100,0,84,236021965,,,83,15646,100,0,,,100,6,,,,,,,,,,,,,,,,,,,,,,,,,,,,,,,75,25,100,0,100,0,100,0,100,0,79,21,100,0,100,0,99,2726,21,21,,,,,100,0,100,0,200,0,,,,,,,,,,,,,,,,,,,,,,,,,,,100,15633,100,13154988360,100,107752401064,,,,,,,,,,
2019-05-26,Z30571VN,ST4000DM000,4000787030016,0,114,63659560,,,94,0,100,6,100,0,84,236276016,,,83,15670,100,0,,,100,6,,,,,,,,,,,,,,,,,,,,,,,,,,,,,,,75,25,100,0,100,0,100,0,100,0,78,22,100,0,100,0,99,2737,22,22,,,,,100,0,100,0,200,0,,,,,,,,,,,,,,,,,,,,,,,,,,,100,15656,100,13161100064,100,107900469521,,,,,,,,,,
2019-05-27,Z30571VN,ST4000DM000,4000787030016,0,118,170274640,,,94,0,100,6,100,0,84,236434139,,,83,15694,100,0,,,100,6,,,,,,,,,,,,,,,,,,,,,,,,,,,,,,,75,25,100,0,100,0,100,0,100,0,78,22,100,0,100,0,99,2739,22,22,,,,,100,0,100,0,200,0,,,,,,,,,,,,,,,,,,,,,,,,,,,100,15680,100,13163028120,100,108060086223,,,,,,,,,,
2019-05-28,Z30571VN,ST4000DM000,4000787030016,0,115,87539776,,,94,0,100,6,100,0,84,236599903,,,83,15718,100,0,,,100,6,,,,,,,,,,,,,,,,,,,,,,,,,,,,,,,75,25,100,0,100,0,100,0,100,0,78,22,100,0,100,0,99,2743,22,22,,,,,100,0,100,0,200,0,,,,,,,,,,,,,,,,,,,,,,,,,,,100,15704,100,13164649544,100,108239543431,,,,,,,,,,
2019-05-29,Z30571VN,ST4000DM000,4000787030016,0,120,240688464,,,94,0,100,6,100,0,84,236767714,,,83,15742,100,0,,,100,6,,,,,,,,,,,,,,,,,,,,,,,,,,,,,,,75,25,100,0,100,0,100,0,100,0,78,22,100,0,100,0,99,2748,22,22,,,,,100,0,100,0,200,0,,,,,,,,,,,,,,,,,,,,,,,,,,,100,15728,100,13165979624,100,108424732866,,,,,,,,,,
2019-05-30,Z30571VN,ST4000DM000,4000787030016,0,117,146277816,,,94,0,100,6,100,0,84,236937918,,,83,15766,100,0,,,100,6,,,,,,,,,,,,,,,,,,,,,,,,,,,,,,,75,25,100,0,100,0,100,0,100,0,79,21,100,0,100,0,99,2753,21,21,,,,,100,0,100,0,200,0,,,,,,,,,,,,,,,,,,,,,,,,,,,100,15752,100,13167341248,100,108585421643,,,,,,,,,,
2019-05-31,Z30571VN,ST4000DM000,4000787030016,0,120,241826112,,,94,0,100,6,100,0,84,237095982,,,82,15789,100,0,,,100,6,,,,,,,,,,,,,,,,,,,,,,,,,,,,,,,75,25,100,0,100,0,100,0,100,0,78,22,100,0,100,0,99,2758,22,22,,,,,100,0,100,0,200,0,,,,,,,,,,,,,,,,,,,,,,,,,,,100,15776,100,13168843776,100,108729784890,,,,,,,,,,
2019-06-01,Z30571VN,ST4000DM000,4000787030016,0,115,99846056,,,94,0,100,6,100,0,84,237435284,,,82,15813,100,0,,,100,6,,,,,,,,,,,,,,,,,,,,,,,,,,,,,,,75,25,100,0,100,0,100,0,100,0,79,21,100,0,100,0,99,2761,21,21,,,,,100,0,100,0,200,0,,,,,,,,,,,,,,,,,,,,,,,,,,,100,15799,100,13172960256,100,108876997732,,,,,,,,,,
2019-06-02,Z30571VN,ST4000DM000,4000787030016,0,103,6121608,,,94,0,100,6,100,0,84,237644761,,,82,15837,100,0,,,100,6,,,,,,,,,,,,,,,,,,,,,,,,,,,,,,,75,25,100,0,100,0,100,0,100,0,79,21,100,0,100,0,99,2767,21,21,,,,,100,0,100,0,200,0,,,,,,,,,,,,,,,,,,,,,,,,,,,100,15823,100,13178347000,100,109018259753,,,,,,,,,,
2019-06-03,Z30571VN,ST4000DM000,4000787030016,0,111,34560320,,,94,0,100,6,100,0,84,237876041,,,82,15861,100,0,,,100,6,,,,,,,,,,,,,,,,,,,,,,,,,,,,,,,75,25,100,0,100,0,100,0,100,0,79,21,100,0,100,0,99,2770,21,21,,,,,100,0,100,0,200,0,,,,,,,,,,,,,,,,,,,,,,,,,,,100,15847,100,13180385968,100,109180522492,,,,,,,,,,
2019-06-04,Z30571VN,ST4000DM000,4000787030016,0,117,160754000,,,94,0,100,6,100,0,84,238036329,,,82,15885,100,0,,,100,6,,,,,,,,,,,,,,,,,,,,,,,,,,,,,,,75,25,100,0,100,0,100,0,100,0,79,21,100,0,100,0,99,2772,21,21,,,,,100,0,100,0,200,0,,,,,,,,,,,,,,,,,,,,,,,,,,,100,15871,100,13181900840,100,109335550375,,,,,,,,,,
2019-06-05,Z30571VN,ST4000DM000,4000787030016,0,117,134617248,,,94,0,100,6,100,0,84,238216071,,,82,15909,100,0,,,100,6,,,,,,,,,,,,,,,,,,,,,,,,,,,,,,,75,25,100,0,100,0,100,0,100,0,79,21,100,0,100,0,99,2774,21,21,,,,,100,0,100,0,200,0,,,,,,,,,,,,,,,,,,,,,,,,,,,100,15895,100,13183495648,100,109511521968,,,,,,,,,,
2019-06-06,Z30571VN,ST4000DM000,4000787030016,0,114,77136160,,,94,0,100,6,100,0,84,238399466,,,82,15933,100,0,,,100,6,,,,,,,,,,,,,,,,,,,,,,,,,,,,,,,75,25,100,0,100,0,100,0,100,0,79,21,100,0,100,0,99,2782,21,21,,,,,100,0,100,0,200,0,,,,,,,,,,,,,,,,,,,,,,,,,,,100,15919,100,13184908408,100,109677700049,,,,,,,,,,
2019-06-07,Z30571VN,ST4000DM000,4000787030016,0,112,44023952,,,94,0,100,6,100,0,84,238777058,,,82,15957,100,0,,,100,6,,,,,,,,,,,,,,,,,,,,,,,,,,,,,,,75,25,100,0,100,0,100,0,100,0,80,20,100,0,100,0,99,2785,20,20,,,,,100,0,100,0,200,0,,,,,,,,,,,,,,,,,,,,,,,,,,,100,15943,100,13191146376,100,109821928117,,,,,,,,,,
2019-06-08,Z30571VN,ST4000DM000,4000787030016,0,118,183787080,,,94,0,100,6,100,0,84,238958490,,,82,15981,100,0,,,100,6,,,,,,,,,,,,,,,,,,,,,,,,,,,,,,,75,25,100,0,100,0,100,0,100,0,80,20,100,0,100,0,99,2790,20,20,,,,,100,0,100,0,200,0,,,,,,,,,,,,,,,,,,,,,,,,,,,100,15967,100,13192856304,100,109973744584,,,,,,,,,,
2019-06-09,Z30571VN,ST4000DM000,4000787030016,0,118,174785640,,,94,0,100,6,100,0,84,239212883,,,82,16005,100,0,,,100,6,,,,,,,,,,,,,,,,,,,,,,,,,,,,,,,75,25,100,0,100,0,100,0,100,0,80,20,100,0,100,0,99,2815,20,20,,,,,100,0,100,0,200,0,,,,,,,,,,,,,,,,,,,,,,,,,,,100,15991,100,13198403000,100,110126189540,,,,,,,,,,
2019-06-10,Z30571VN,ST4000DM000,4000787030016,0,115,91301320,,,94,0,100,6,100,0,84,239407375,,,82,16029,100,0,,,100,6,,,,,,,,,,,,,,,,,,,,,,,,,,,,,,,75,25,100,0,100,0,100,0,100,0,80,20,100,0,100,0,99,2818,20,20,,,,,100,0,100,0,200,0,,,,,,,,,,,,,,,,,,,,,,,,,,,100,16015,100,13200372352,100,110283385619,,,,,,,,,,
2019-06-11,Z30571VN,ST4000DM000,4000787030016,0,117,118155144,,,94,0,100,6,100,0,84,239618149,,,82,16053,100,0,,,100,6,,,,,,,,,,,,,,,,,,,,,,,,,,,,,,,75,25,100,0,100,0,100,0,100,0,80,20,100,0,100,0,99,2822,20,20,,,,,100,0,100,0,200,0,,,,,,,,,,,,,,,,,,,,,,,,,,,100,16039,100,13202039096,100,110463429187,,,,,,,,,,
2019-06-12,Z30571VN,ST4000DM000,4000787030016,0,117,145787200,,,94,0,100,6,100,0,84,239830598,,,82,16077,100,0,,,100,6,,,,,,,,,,,,,,,,,,,,,,,,,,,,,,,75,25,100,0,100,0,100,0,100,0,79,21,100,0,100,0,99,2826,21,21,,,,,100,0,100,0,200,0,,,,,,,,,,,,,,,,,,,,,,,,,,,100,16063,100,13203633936,100,110639581944,,,,,,,,,,
2019-06-13,Z30571VN,ST4000DM000,4000787030016,0,119,217998840,,,94,0,100,6,100,0,84,240109140,,,82,16101,100,0,,,100,6,,,,,,,,,,,,,,,,,,,,,,,,,,,,,,,75,25,100,0,100,0,100,0,100,0,80,20,100,0,100,0,99,2829,20,20,,,,,100,0,100,0,200,0,,,,,,,,,,,,,,,,,,,,,,,,,,,100,16087,100,13207400928,100,110784972617,,,,,,,,,,
2019-06-14,Z30571VN,ST4000DM000,4000787030016,0,102,4694872,,,94,0,100,6,100,0,84,240429858,,,82,16126,100,0,,,100,6,,,,,,,,,,,,,,,,,,,,,,,,,,,,,,,75,25,100,0,100,0,100,0,100,0,79,21,100,0,100,0,99,2831,21,21,,,,,100,0,100,0,200,0,,,,,,,,,,,,,,,,,,,,,,,,,,,100,16111,100,13211936592,100,110955973391,,,,,,,,,,
2019-06-15,Z30571VN,ST4000DM000,4000787030016,0,117,133215488,,,94,0,100,6,100,0,84,240679931,,,82,16150,100,0,,,100,6,,,,,,,,,,,,,,,,,,,,,,,,,,,,,,,75,25,100,0,100,0,100,0,100,0,79,21,100,0,100,0,99,2835,21,21,,,,,100,0,100,0,200,0,,,,,,,,,,,,,,,,,,,,,,,,,,,100,16135,100,13213612824,100,111108106098,,,,,,,,,,
2019-06-16,Z30571VN,ST4000DM000,4000787030016,0,118,199086336,,,94,0,100,6,100,0,84,241196993,,,82,16174,100,0,,,100,6,,,,,,,,,,,,,,,,,,,,,,,,,,,,,,,75,25,100,0,100,0,100,0,100,0,80,20,100,0,100,0,99,2878,20,20,,,,,100,0,100,0,200,0,,,,,,,,,,,,,,,,,,,,,,,,,,,100,16159,100,13219583792,100,111237383767,,,,,,,,,,
2019-06-17,Z30571VN,ST4000DM000,4000787030016,0,117,125432352,,,94,0,100,6,100,0,84,241823168,,,82,16198,100,0,,,100,6,,,,,,,,,,,,,,,,,,,,,,,,,,,,,,,75,25,100,0,100,0,100,0,100,0,79,21,100,0,100,0,99,2881,21,21,,,,,100,0,100,0,200,0,,,,,,,,,,,,,,,,,,,,,,,,,,,100,16183,100,13221448824,100,111406841969,,,,,,,,,,
2019-06-18,Z30571VN,ST4000DM000,4000787030016,0,106,12534416,,,94,0,100,6,100,0,84,242205657,,,82,16222,100,0,,,100,6,,,,,,,,,,,,,,,,,,,,,,,,,,,,,,,75,25,100,0,100,0,100,0,100,0,79,21,100,0,100,0,99,2886,21,21,,,,,100,0,100,0,200,0,,,,,,,,,,,,,,,,,,,,,,,,,,,100,16207,100,13222874016,100,111549433384,,,,,,,,,,
2019-06-19,Z30571VN,ST4000DM000,4000787030016,0,112,49628232,,,94,0,100,6,100,0,84,242663342,,,82,16246,100,0,,,100,6,,,,,,,,,,,,,,,,,,,,,,,,,,,,,,,75,25,100,0,100,0,100,0,100,0,80,20,100,0,100,0,99,2890,20,20,,,,,100,0,100,0,200,0,,,,,,,,,,,,,,,,,,,,,,,,,,,100,16232,100,13226417864,100,111694706237,,,,,,,,,,
2019-06-20,Z30571VN,ST4000DM000,4000787030016,0,117,159489208,,,94,0,100,6,100,0,84,243028482,,,82,16270,100,0,,,100,6,,,,,,,,,,,,,,,,,,,,,,,,,,,,,,,75,25,100,0,100,0,100,0,100,0,79,21,100,0,100,0,99,2896,21,21,,,,,100,0,100,0,200,0,,,,,,,,,,,,,,,,,,,,,,,,,,,100,16255,100,13228004880,100,111831246844,,,,,,,,,,
2019-06-21,Z30571VN,ST4000DM000,4000787030016,0,119,209495080,,,94,0,100,6,100,0,84,243473173,,,82,16293,100,0,,,100,6,,,,,,,,,,,,,,,,,,,,,,,,,,,,,,,75,25,100,0,100,0,100,0,100,0,80,20,100,0,100,0,99,2947,20,20,,,,,100,0,100,0,200,0,,,,,,,,,,,,,,,,,,,,,,,,,,,100,16279,100,13234419744,100,111977683557,,,,,,,,,,
2019-06-22,Z30571VN,ST4000DM000,4000787030016,0,117,131308392,,,94,0,100,6,100,0,84,243665512,,,82,16317,100,0,,,100,6,,,,,,,,,,,,,,,,,,,,,,,,,,,,,,,75,25,100,0,100,0,100,0,100,0,80,20,100,0,100,0,99,2950,20,20,,,,,100,0,100,0,200,0,,,,,,,,,,,,,,,,,,,,,,,,,,,100,16302,100,13236137160,100,112132985333,,,,,,,,,,
2019-06-23,Z30571VN,ST4000DM000,4000787030016,0,119,208409192,,,94,0,100,6,100,0,84,243838852,,,82,16341,100,0,,,100,6,,,,,,,,,,,,,,,,,,,,,,,,,,,,,,,75,25,100,0,100,0,100,0,100,0,80,20,100,0,100,0,99,2992,20,20,,,,,100,0,100,0,200,0,,,,,,,,,,,,,,,,,,,,,,,,,,,100,16326,100,13240423504,100,112281673826,,,,,,,,,,
2019-06-24,Z30571VN,ST4000DM000,4000787030016,0,120,238010976,,,94,0,100,6,100,0,84,244088770,,,82,16364,100,0,,,100,6,,,,,,,,,,,,,,,,,,,,,,,,,,,,,,,75,25,100,0,100,0,100,0,100,0,80,20,100,0,100,0,99,2999,20,20,,,,,100,0,100,0,200,0,,,,,,,,,,,,,,,,,,,,,,,,,,,100,16350,100,13243301072,100,112455105483,,,,,,,,,,
2019-06-25,Z30571VN,ST4000DM000,4000787030016,0,117,119842080,,,94,0,100,6,100,0,84,244250383,,,82,16388,100,0,,,100,6,,,,,,,,,,,,,,,,,,,,,,,,,,,,,,,75,25,100,0,100,0,100,0,100,0,79,21,100,0,100,0,99,3004,21,21,,,,,100,0,100,0,200,0,,,,,,,,,,,,,,,,,,,,,,,,,,,100,16374,100,13244658088,100,112619190336,,,,,,,,,,
2019-06-26,Z30571VN,ST4000DM000,4000787030016,0,115,99627888,,,94,0,100,6,100,0,84,244646439,,,82,16424,100,0,,,100,6,,,,,,,,,,,,,,,,,,,,,,,,,,,,,,,75,25,100,0,100,0,100,0,100,0,80,20,100,0,100,0,99,3008,20,20,,,,,100,0,100,0,200,0,,,,,,,,,,,,,,,,,,,,,,,,,,,100,16409,100,13249161760,100,112888821644,,,,,,,,,,
2019-06-27,Z30571VN,ST4000DM000,4000787030016,0,106,10744720,,,94,0,100,6,100,0,84,244897775,,,82,16448,100,0,,,100,6,,,,,,,,,,,,,,,,,,,,,,,,,,,,,,,75,25,100,0,100,0,100,0,100,0,80,20,100,0,100,0,99,3011,20,20,,,,,100,0,100,0,200,0,,,,,,,,,,,,,,,,,,,,,,,,,,,100,16433,100,13251095752,100,113162167666,,,,,,,,,,
2019-06-28,Z30571VN,ST4000DM000,4000787030016,0,108,15227216,,,94,0,100,6,100,0,84,245292035,,,82,16472,100,0,,,100,6,,,,,,,,,,,,,,,,,,,,,,,,,,,,,,,75,25,100,0,100,0,100,0,100,0,79,21,100,0,100,0,99,3014,21,21,,,,,100,0,100,0,200,0,,,,,,,,,,,,,,,,,,,,,,,,,,,100,16457,100,13257176096,100,113484819037,,,,,,,,,,
2019-06-29,Z30571VN,ST4000DM000,4000787030016,0,117,119899240,,,94,0,100,6,100,0,84,245587530,,,82,16496,100,0,,,100,6,,,,,,,,,,,,,,,,,,,,,,,,,,,,,,,75,25,100,0,100,0,100,0,100,0,79,21,100,0,100,0,99,3020,21,21,,,,,100,0,100,0,200,0,,,,,,,,,,,,,,,,,,,,,,,,,,,100,16481,100,13259086624,100,113815122699,,,,,,,,,,
2019-06-30,Z30571VN,ST4000DM000,4000787030016,0,116,101583008,,,94,0,100,6,100,0,84,245968103,,,82,16520,100,0,,,100,6,,,,,,,,,,,,,,,,,,,,,,,,,,,,,,,75,25,100,0,100,0,100,0,100,0,79,21,100,0,100,0,99,3204,21,21,,,,,100,0,100,0,200,0,,,,,,,,,,,,,,,,,,,,,,,,,,,100,16504,100,13264846080,100,114058363367,,,,,,,,,,
2019-07-01,Z30571VN,ST4000DM000,4000787030016,0,112,50235048,,,94,0,100,6,100,0,84,246238759,,,82,16544,100,0,,,100,6,,,,,,,,,,,,,,,,,,,,,,,,,,,,,,,75,25,100,0,100,0,100,0,100,0,80,20,100,0,100,0,99,3208,20,20,,,,,100,0,100,0,200,0,,,,,,,,,,,,,,,,,,,,,,,,,,,100,16528,100,13266836416,100,114334504037,,,,,,,,,,
2019-07-02,Z30571VN,ST4000DM000,4000787030016,0,113,50443896,,,94,0,100,6,100,0,84,246719166,,,82,16568,100,0,,,100,6,,,,,,,,,,,,,,,,,,,,,,,,,,,,,,,75,25,100,0,100,0,100,0,100,0,79,21,100,0,100,0,99,3210,21,21,,,,,100,0,100,0,200,0,,,,,,,,,,,,,,,,,,,,,,,,,,,100,16552,100,13270942504,100,114692969778,,,,,,,,,,
2019-07-03,Z30571VN,ST4000DM000,4000787030016,0,116,113664176,,,94,0,100,6,100,0,84,247098825,,,82,16592,100,0,,,100,6,,,,,,,,,,,,,,,,,,,,,,,,,,,,,,,75,25,100,0,100,0,100,0,100,0,79,21,100,0,100,0,99,3214,21,21,,,,,100,0,100,0,200,0,,,,,,,,,,,,,,,,,,,,,,,,,,,100,16577,100,13273432464,100,115022560439,,,,,,,,,,
2019-07-04,Z30571VN,ST4000DM000,4000787030016,0,116,116942168,,,94,0,100,6,100,0,84,247536796,,,82,16617,100,0,,,100,6,,,,,,,,,,,,,,,,,,,,,,,,,,,,,,,75,25,100,0,100,0,100,0,100,0,79,21,100,0,100,0,99,3218,21,21,,,,,100,0,100,0,200,0,,,,,,,,,,,,,,,,,,,,,,,,,,,100,16601,100,13276173408,100,115312398678,,,,,,,,,,
2019-07-05,Z30571VN,ST4000DM000,4000787030016,0,118,192587800,,,94,0,100,6,100,0,84,248626410,,,82,16641,100,0,,,100,6,,,,,,,,,,,,,,,,,,,,,,,,,,,,,,,75,25,100,0,100,0,100,0,100,0,79,21,100,0,100,0,99,3220,21,21,,,,,100,0,100,0,200,0,,,,,,,,,,,,,,,,,,,,,,,,,,,100,16625,100,13282727384,100,115630689338,,,,,,,,,,
2019-07-06,Z30571VN,ST4000DM000,4000787030016,0,111,39259648,,,94,0,100,6,100,0,84,249298031,,,81,16665,100,0,,,100,6,,,,,,,,,,,,,,,,,,,,,,,,,,,,,,,75,25,100,0,100,0,100,0,100,0,79,21,100,0,100,0,99,3223,21,21,,,,,100,0,100,0,200,0,,,,,,,,,,,,,,,,,,,,,,,,,,,100,16649,100,13284813472,100,115910116394,,,,,,,,,,
2019-07-07,Z30571VN,ST4000DM000,4000787030016,0,114,83456360,,,94,0,100,6,100,0,84,249947357,,,81,16689,100,0,,,100,6,,,,,,,,,,,,,,,,,,,,,,,,,,,,,,,75,25,100,0,100,0,100,0,100,0,79,21,100,0,100,0,99,3372,21,21,,,,,100,0,100,0,200,0,,,,,,,,,,,,,,,,,,,,,,,,,,,100,16672,100,13290928120,100,116131442023,,,,,,,,,,
2019-07-08,Z30571VN,ST4000DM000,4000787030016,0,114,67438024,,,94,0,100,6,100,0,84,250209706,,,81,16713,100,0,,,100,6,,,,,,,,,,,,,,,,,,,,,,,,,,,,,,,75,25,100,0,100,0,100,0,100,0,79,21,100,0,100,0,99,3421,21,21,,,,,100,0,100,0,200,0,,,,,,,,,,,,,,,,,,,,,,,,,,,100,16696,100,13293031944,100,116432827528,,,,,,,,,,
2019-07-09,Z30571VN,ST4000DM000,4000787030016,0,117,137851112,,,94,0,100,6,100,0,84,250488615,,,81,16737,100,0,,,100,6,,,,,,,,,,,,,,,,,,,,,,,,,,,,,,,75,25,100,0,100,0,100,0,100,0,79,21,100,0,100,0,99,3425,21,21,,,,,100,0,100,0,200,0,,,,,,,,,,,,,,,,,,,,,,,,,,,100,16720,100,13295089192,100,116781443799,,,,,,,,,,
2019-07-10,Z30571VN,ST4000DM000,4000787030016,0,117,136381208,,,94,0,100,6,100,0,84,250821611,,,81,16749,100,0,,,100,6,,,,,,,,,,,,,,,,,,,,,,,,,,,,,,,75,25,100,0,100,0,100,0,100,0,79,21,100,0,100,0,99,3427,21,21,,,,,100,0,100,0,200,0,,,,,,,,,,,,,,,,,,,,,,,,,,,100,16732,100,13298838088,100,116967331561,,,,,,,,,,
2019-07-11,Z30571VN,ST4000DM000,4000787030016,0,114,73981592,,,94,0,100,6,100,0,84,251079885,,,81,16773,100,0,,,100,6,,,,,,,,,,,,,,,,,,,,,,,,,,,,,,,75,25,100,0,100,0,100,0,100,0,79,21,100,0,100,0,99,3433,21,21,,,,,100,0,100,0,200,0,,,,,,,,,,,,,,,,,,,,,,,,,,,100,16756,100,13300719496,100,117256272779,,,,,,,,,,
2019-07-12,Z30571VN,ST4000DM000,4000787030016,0,111,34716112,,,94,0,100,6,100,0,84,251472074,,,81,16798,100,0,,,100,6,,,,,,,,,,,,,,,,,,,,,,,,,,,,,,,75,25,100,0,100,0,100,0,100,0,79,21,100,0,100,0,99,3436,21,21,,,,,100,0,100,0,200,0,,,,,,,,,,,,,,,,,,,,,,,,,,,100,16781,100,13306996880,100,117572239202,,,,,,,,,,
2019-07-13,Z30571VN,ST4000DM000,4000787030016,0,118,170648752,,,94,0,100,6,100,0,84,251785672,,,81,16822,100,0,,,100,6,,,,,,,,,,,,,,,,,,,,,,,,,,,,,,,75,25,100,0,100,0,100,0,100,0,80,20,100,0,100,0,99,3439,20,20,,,,,100,0,100,0,200,0,,,,,,,,,,,,,,,,,,,,,,,,,,,100,16805,100,13309789952,100,117904334596,,,,,,,,,,
2019-07-14,Z30571VN,ST4000DM000,4000787030016,0,117,147633936,,,94,0,100,6,100,0,84,252090877,,,81,16846,100,0,,,100,6,,,,,,,,,,,,,,,,,,,,,,,,,,,,,,,75,25,100,0,100,0,100,0,100,0,80,20,100,0,100,0,99,3521,20,20,,,,,100,0,100,0,200,0,,,,,,,,,,,,,,,,,,,,,,,,,,,100,16828,100,13314158792,100,118190122887,,,,,,,,,,
2019-07-15,Z30571VN,ST4000DM000,4000787030016,0,114,62239632,,,94,0,100,6,100,0,84,252531658,,,81,16870,100,0,,,100,6,,,,,,,,,,,,,,,,,,,,,,,,,,,,,,,75,25,100,0,100,0,100,0,100,0,79,21,100,0,100,0,99,3546,21,21,,,,,100,0,100,0,200,0,,,,,,,,,,,,,,,,,,,,,,,,,,,100,16853,100,13318416232,100,118445334636,,,,,,,,,,
2019-07-16,Z30571VN,ST4000DM000,4000787030016,0,111,33298624,,,94,0,100,6,100,0,84,252860779,,,81,16894,100,0,,,100,6,,,,,,,,,,,,,,,,,,,,,,,,,,,,,,,75,25,100,0,100,0,100,0,100,0,80,20,100,0,100,0,99,3548,20,20,,,,,100,0,100,0,200,0,,,,,,,,,,,,,,,,,,,,,,,,,,,100,16877,100,13320633616,100,118789688174,,,,,,,,,,
2019-07-17,Z30571VN,ST4000DM000,4000787030016,0,116,116675608,,,94,0,100,6,100,0,84,253254571,,,81,16918,100,0,,,100,6,,,,,,,,,,,,,,,,,,,,,,,,,,,,,,,75,25,100,0,100,0,100,0,100,0,79,21,100,0,100,0,99,3554,21,21,,,,,100,0,100,0,200,0,,,,,,,,,,,,,,,,,,,,,,,,,,,100,16901,100,13323728216,100,119112836867,,,,,,,,,,
2019-07-18,Z30571VN,ST4000DM000,4000787030016,0,118,199203552,,,94,0,100,6,100,0,84,254221988,,,81,16954,100,0,,,100,6,,,,,,,,,,,,,,,,,,,,,,,,,,,,,,,75,25,100,0,100,0,100,0,100,0,79,21,100,0,100,0,99,3559,21,21,,,,,100,0,100,0,200,0,,,,,,,,,,,,,,,,,,,,,,,,,,,100,16937,100,13331948576,100,119577102857,,,,,,,,,,
2019-07-19,Z30571VN,ST4000DM000,4000787030016,0,117,150364672,,,94,0,100,6,100,0,84,255164562,,,81,16978,100,0,,,100,6,,,,,,,,,,,,,,,,,,,,,,,,,,,,,,,75,25,100,0,100,0,100,0,100,0,79,21,100,0,100,0,99,3562,21,21,,,,,100,0,100,0,200,0,,,,,,,,,,,,,,,,,,,,,,,,,,,100,16961,100,13334204368,100,119888433307,,,,,,,,,,
2019-07-20,Z30571VN,ST4000DM000,4000787030016,0,116,109033536,,,94,0,100,6,100,0,84,255916329,,,81,17003,100,0,,,100,6,,,,,,,,,,,,,,,,,,,,,,,,,,,,,,,75,25,100,0,100,0,100,0,100,0,79,21,100,0,100,0,99,3566,21,21,,,,,100,0,100,0,200,0,,,,,,,,,,,,,,,,,,,,,,,,,,,100,16985,100,13338278280,100,120170299832,,,,,,,,,,
2019-07-21,Z30571VN,ST4000DM000,4000787030016,0,108,20323984,,,94,0,100,6,100,0,84,256141105,,,81,17027,100,0,,,100,6,,,,,,,,,,,,,,,,,,,,,,,,,,,,,,,75,25,100,0,100,0,100,0,100,0,79,21,100,0,100,0,98,4159,21,21,,,,,100,0,100,0,200,0,,,,,,,,,,,,,,,,,,,,,,,,,,,100,17002,100,13340079064,100,120263008157,,,,,,,,,,
2019-07-22,Z30571VN,ST4000DM000,4000787030016,0,112,50022584,,,94,0,100,6,100,0,84,256368720,,,81,17051,100,0,,,100,6,,,,,,,,,,,,,,,,,,,,,,,,,,,,,,,75,25,100,0,100,0,100,0,100,0,79,21,100,0,100,0,98,4809,21,21,,,,,100,0,100,0,200,0,,,,,,,,,,,,,,,,,,,,,,,,,,,100,17020,100,13344226952,100,120344859425,,,,,,,,,,
2019-07-23,Z30571VN,ST4000DM000,4000787030016,0,118,168875240,,,94,0,100,6,100,0,84,256500054,,,81,17063,100,0,,,100,6,,,,,,,,,,,,,,,,,,,,,,,,,,,,,,,75,25,100,0,100,0,100,0,100,0,79,21,100,0,100,0,98,4812,21,21,,,,,100,0,100,0,200,0,,,,,,,,,,,,,,,,,,,,,,,,,,,100,17032,100,13345202984,100,120505339906,,,,,,,,,,
2019-07-24,Z30571VN,ST4000DM000,4000787030016,0,119,211010928,,,94,0,100,6,100,0,84,256773475,,,81,17087,100,0,,,100,6,,,,,,,,,,,,,,,,,,,,,,,,,,,,,,,75,25,100,0,100,0,100,0,100,0,80,20,100,0,100,0,98,4816,20,20,,,,,100,0,100,0,200,0,,,,,,,,,,,,,,,,,,,,,,,,,,,100,17056,100,13347165024,100,120847994888,,,,,,,,,,
2019-07-25,Z30571VN,ST4000DM000,4000787030016,0,110,27311592,,,94,0,100,6,100,0,84,257046280,,,81,17111,100,0,,,100,6,,,,,,,,,,,,,,,,,,,,,,,,,,,,,,,75,25,100,0,100,0,100,0,100,0,79,21,100,0,100,0,98,4817,21,21,,,,,100,0,100,0,200,0,,,,,,,,,,,,,,,,,,,,,,,,,,,100,17080,100,13349152248,100,121180950547,,,,,,,,,,
2019-07-26,Z30571VN,ST4000DM000,4000787030016,0,114,64077544,,,94,0,100,6,100,0,84,257562117,,,81,17147,100,0,,,100,6,,,,,,,,,,,,,,,,,,,,,,,,,,,,,,,75,25,100,0,100,0,100,0,100,0,79,21,100,0,100,0,98,4825,21,21,,,,,100,0,100,0,200,0,,,,,,,,,,,,,,,,,,,,,,,,,,,100,17116,100,13356251040,100,121637744531,,,,,,,,,,
2019-07-27,Z30571VN,ST4000DM000,4000787030016,0,116,105120024,,,94,0,100,6,100,0,84,257994881,,,81,17171,100,0,,,100,6,,,,,,,,,,,,,,,,,,,,,,,,,,,,,,,75,25,100,0,100,0,100,0,100,0,80,20,100,0,100,0,98,4828,20,20,,,,,100,0,100,0,200,0,,,,,,,,,,,,,,,,,,,,,,,,,,,100,17140,100,13360623360,100,121958797052,,,,,,,,,,
2019-07-28,Z30571VN,ST4000DM000,4000787030016,0,118,194849672,,,94,0,100,6,100,0,84,258347696,,,81,17195,100,0,,,100,6,,,,,,,,,,,,,,,,,,,,,,,,,,,,,,,75,25,100,0,100,0,100,0,100,0,80,20,100,0,100,0,98,4945,20,20,,,,,100,0,100,0,200,0,,,,,,,,,,,,,,,,,,,,,,,,,,,100,17163,100,13364526568,100,122236547862,,,,,,,,,,
2019-07-29,Z30571VN,ST4000DM000,4000787030016,0,120,243021368,,,94,0,100,6,100,0,84,258665728,,,81,17219,100,0,,,100,6,,,,,,,,,,,,,,,,,,,,,,,,,,,,,,,75,25,100,0,100,0,100,0,100,0,79,21,100,0,100,0,98,4948,21,21,,,,,100,0,100,0,200,0,,,,,,,,,,,,,,,,,,,,,,,,,,,100,17187,100,13366694864,100,122518799947,,,,,,,,,,
2019-07-30,Z30571VN,ST4000DM000,4000787030016,0,119,205425680,,,94,0,100,6,100,0,84,259050663,,,81,17243,100,0,,,100,6,,,,,,,,,,,,,,,,,,,,,,,,,,,,,,,75,25,100,0,100,0,100,0,100,0,79,21,100,0,100,0,98,4951,21,21,,,,,100,0,100,0,200,0,,,,,,,,,,,,,,,,,,,,,,,,,,,100,17211,100,13382462280,100,122859089588,,,,,,,,,,
2019-07-31,Z30571VN,ST4000DM000,4000787030016,0,109,23943920,,,94,0,100,6,100,0,84,259313181,,,81,17255,100,0,,,100,6,,,,,,,,,,,,,,,,,,,,,,,,,,,,,,,75,25,100,0,100,0,100,0,100,0,79,21,100,0,100,0,98,4951,21,21,,,,,100,0,100,0,200,0,,,,,,,,,,,,,,,,,,,,,,,,,,,100,17223,100,13398813096,100,123036345103,,,,,,,,,,
2019-08-01,Z30571VN,ST4000DM000,4000787030016,0,108,20619632,,,94,0,100,6,100,0,84,259852540,,,81,17279,100,0,,,100,6,,,,,,,,,,,,,,,,,,,,,,,,,,,,,,,75,25,100,0,100,0,100,0,100,0,79,21,100,0,100,0,98,4952,21,21,,,,,100,0,100,0,200,0,,,,,,,,,,,,,,,,,,,,,,,,,,,100,17247,100,13441574576,100,123343855458,,,,,,,,,,
2019-08-02,Z30571VN,ST4000DM000,4000787030016,0,117,129017288,,,94,0,100,6,100,0,84,260658376,,,81,17303,100,0,,,100,6,,,,,,,,,,,,,,,,,,,,,,,,,,,,,,,75,25,100,0,100,0,100,0,100,0,79,21,100,0,100,0,98,4952,21,21,,,,,100,0,100,0,200,0,,,,,,,,,,,,,,,,,,,,,,,,,,,100,17271,100,13479232128,100,123643235712,,,,,,,,,,
2019-08-03,Z30571VN,ST4000DM000,4000787030016,0,118,170544736,,,94,0,100,6,100,0,84,261721683,,,81,17327,100,0,,,100,6,,,,,,,,,,,,,,,,,,,,,,,,,,,,,,,75,25,100,0,100,0,100,0,100,0,79,21,100,0,100,0,98,4952,21,21,,,,,100,0,100,0,200,0,,,,,,,,,,,,,,,,,,,,,,,,,,,100,17294,100,13515789440,100,123953909812,,,,,,,,,,
2019-08-04,Z30571VN,ST4000DM000,4000787030016,0,102,3792752,,,94,0,100,6,100,0,84,262443226,,,81,17351,100,0,,,100,6,,,,,,,,,,,,,,,,,,,,,,,,,,,,,,,75,25,100,0,100,0,100,0,100,0,79,21,100,0,100,0,98,4952,21,21,,,,,100,0,100,0,200,0,,,,,,,,,,,,,,,,,,,,,,,,,,,100,17318,100,13555641184,100,124188316578,,,,,,,,,,
2019-08-05,Z30571VN,ST4000DM000,4000787030016,0,117,126385408,,,94,0,100,6,100,0,84,262833131,,,81,17375,100,0,,,100,6,,,,,,,,,,,,,,,,,,,,,,,,,,,,,,,75,25,100,0,100,0,100,0,100,0,79,21,100,0,100,0,98,4952,21,21,,,,,100,0,100,0,200,0,,,,,,,,,,,,,,,,,,,,,,,,,,,100,17342,100,13594676376,100,124210076581,,,,,,,,,,
2019-08-06,Z30571VN,ST4000DM000,4000787030016,0,109,21456384,,,94,0,100,6,100,0,84,263503584,,,81,17399,100,0,,,100,6,,,,,,,,,,,,,,,,,,,,,,,,,,,,,,,75,25,100,0,100,0,100,0,100,0,79,21,100,0,100,0,98,4952,21,21,,,,,100,0,100,0,200,0,,,,,,,,,,,,,,,,,,,,,,,,,,,100,17367,100,13625278448,100,124419629259,,,,,,,,,,
2019-08-07,Z30571VN,ST4000DM000,4000787030016,0,114,66582464,,,94,0,100,6,100,0,84,263948424,,,81,17423,100,0,,,100,6,,,,,,,,,,,,,,,,,,,,,,,,,,,,,,,75,25,100,0,100,0,100,0,100,0,79,21,100,0,100,0,98,4952,21,21,,,,,100,0,100,0,200,0,,,,,,,,,,,,,,,,,,,,,,,,,,,100,17391,100,13664042568,100,124733987896,,,,,,,,,,
2019-08-08,Z30571VN,ST4000DM000,4000787030016,0,118,176101592,,,94,0,100,6,100,0,84,264376344,,,81,17447,100,0,,,100,6,,,,,,,,,,,,,,,,,,,,,,,,,,,,,,,75,25,100,0,100,0,100,0,100,0,79,21,100,0,100,0,98,4953,21,21,,,,,100,0,100,0,200,0,,,,,,,,,,,,,,,,,,,,,,,,,,,100,17414,100,13687437704,100,125040151792,,,,,,,,,,
2019-08-09,Z30571VN,ST4000DM000,4000787030016,0,113,53858560,,,94,0,100,6,100,0,84,264963600,,,81,17471,100,0,,,100,6,,,,,,,,,,,,,,,,,,,,,,,,,,,,,,,75,25,100,0,100,0,100,0,100,0,79,21,100,0,100,0,98,4953,21,21,,,,,100,0,100,0,200,0,,,,,,,,,,,,,,,,,,,,,,,,,,,100,17438,100,13727757816,100,125409035845,,,,,,,,,,
2019-08-10,Z30571VN,ST4000DM000,4000787030016,0,115,84740360,,,94,0,100,6,100,0,84,265381270,,,81,17495,100,0,,,100,6,,,,,,,,,,,,,,,,,,,,,,,,,,,,,,,75,25,100,0,100,0,100,0,100,0,79,21,100,0,100,0,98,4953,21,21,,,,,100,0,100,0,200,0,,,,,,,,,,,,,,,,,,,,,,,,,,,100,17462,100,13765665152,100,125709457120,,,,,,,,,,
2019-08-11,Z30571VN,ST4000DM000,4000787030016,0,117,127253480,,,94,0,100,6,100,0,84,265853416,,,81,17519,100,0,,,100,6,,,,,,,,,,,,,,,,,,,,,,,,,,,,,,,75,25,100,0,100,0,100,0,100,0,80,20,100,0,100,0,98,4953,20,20,,,,,100,0,100,0,200,0,,,,,,,,,,,,,,,,,,,,,,,,,,,100,17486,100,13810677416,100,125953917620,,,,,,,,,,
2019-08-12,Z30571VN,ST4000DM000,4000787030016,0,118,186672592,,,94,0,100,6,100,0,84,266308215,,,80,17543,100,0,,,100,6,,,,,,,,,,,,,,,,,,,,,,,,,,,,,,,75,25,100,0,100,0,100,0,100,0,79,21,100,0,100,0,98,4953,21,21,,,,,100,0,100,0,200,0,,,,,,,,,,,,,,,,,,,,,,,,,,,100,17510,100,13843534960,100,126221054282,,,,,,,,,,
2019-08-13,Z30571VN,ST4000DM000,4000787030016,0,115,84881632,,,94,0,100,6,100,0,84,266780835,,,80,17567,100,0,,,100,6,,,,,,,,,,,,,,,,,,,,,,,,,,,,,,,75,25,100,0,100,0,100,0,100,0,79,21,100,0,100,0,98,4953,21,21,,,,,100,0,100,0,200,0,,,,,,,,,,,,,,,,,,,,,,,,,,,100,17535,100,13865434528,100,126544217153,,,,,,,,,,
2019-08-14,Z30571VN,ST4000DM000,4000787030016,0,108,20005000,,,94,0,100,6,100,0,84,267647965,,,80,17603,100,0,,,100,6,,,,,,,,,,,,,,,,,,,,,,,,,,,,,,,75,25,100,0,100,0,100,0,100,0,80,20,100,0,100,0,98,4953,20,20,,,,,100,0,100,0,200,0,,,,,,,,,,,,,,,,,,,,,,,,,,,100,17571,100,13912954992,100,127000408931,,,,,,,,,,
2019-08-15,Z30571VN,ST4000DM000,4000787030016,0,111,39599464,,,94,0,100,6,100,0,84,268101782,,,80,17627,100,0,,,100,6,,,,,,,,,,,,,,,,,,,,,,,,,,,,,,,75,25,100,0,100,0,100,0,100,0,79,21,100,0,100,0,98,4955,21,21,,,,,100,0,100,0,200,0,,,,,,,,,,,,,,,,,,,,,,,,,,,100,17595,100,13940963000,100,127240112334,,,,,,,,,,
2019-08-16,Z30571VN,ST4000DM000,4000787030016,0,110,29283872,,,94,0,100,6,100,0,84,268672123,,,80,17651,100,0,,,100,6,,,,,,,,,,,,,,,,,,,,,,,,,,,,,,,75,25,100,0,100,0,100,0,100,0,79,21,100,0,100,0,98,4955,21,21,,,,,100,0,100,0,200,0,,,,,,,,,,,,,,,,,,,,,,,,,,,100,17619,100,13969662792,100,127604883749,,,,,,,,,,
2019-08-17,Z30571VN,ST4000DM000,4000787030016,0,118,180057368,,,94,0,100,6,100,0,84,269194690,,,80,17675,100,0,,,100,6,,,,,,,,,,,,,,,,,,,,,,,,,,,,,,,75,25,100,0,100,0,100,0,100,0,79,21,100,0,100,0,98,4955,21,21,,,,,100,0,100,0,200,0,,,,,,,,,,,,,,,,,,,,,,,,,,,100,17643,100,14001475048,100,127926655271,,,,,,,,,,
2019-08-18,Z30571VN,ST4000DM000,4000787030016,0,116,104954232,,,94,0,100,6,100,0,84,269585671,,,80,17699,100,0,,,100,6,,,,,,,,,,,,,,,,,,,,,,,,,,,,,,,75,25,100,0,100,0,100,0,100,0,79,21,100,0,100,0,98,4955,21,21,,,,,100,0,100,0,200,0,,,,,,,,,,,,,,,,,,,,,,,,,,,100,17667,100,14033566912,100,128055060966,,,,,,,,,,
2019-08-19,Z30571VN,ST4000DM000,4000787030016,0,119,227099616,,,94,0,100,6,100,0,84,270629242,,,80,17723,100,0,,,100,6,,,,,,,,,,,,,,,,,,,,,,,,,,,,,,,75,25,100,0,100,0,100,0,100,0,79,21,100,0,100,0,98,4955,21,21,,,,,100,0,100,0,200,0,,,,,,,,,,,,,,,,,,,,,,,,,,,100,17691,100,14052864424,100,128362399452,,,,,,,,,,
2019-08-20,Z30571VN,ST4000DM000,4000787030016,0,114,65282312,,,94,0,100,6,100,0,84,271450126,,,80,17748,100,0,,,100,6,,,,,,,,,,,,,,,,,,,,,,,,,,,,,,,75,25,100,0,100,0,100,0,100,0,79,21,100,0,100,0,98,4955,21,21,,,,,100,0,100,0,200,0,,,,,,,,,,,,,,,,,,,,,,,,,,,100,17715,100,14076169400,100,128648297734,,,,,,,,,,
2019-08-21,Z30571VN,ST4000DM000,4000787030016,0,114,62073328,,,94,0,100,6,100,0,84,271842525,,,80,17760,100,0,,,100,6,,,,,,,,,,,,,,,,,,,,,,,,,,,,,,,75,25,100,0,100,0,100,0,100,0,79,21,100,0,100,0,98,4955,21,21,,,,,100,0,100,0,200,0,,,,,,,,,,,,,,,,,,,,,,,,,,,100,17727,100,14090305824,100,128787093993,,,,,,,,,,
2019-08-22,Z30571VN,ST4000DM000,4000787030016,0,111,41693488,,,94,0,100,6,100,0,84,272651440,,,80,17784,100,0,,,100,6,,,,,,,,,,,,,,,,,,,,,,,,,,,,,,,75,25,100,0,100,0,100,0,100,0,79,21,100,0,100,0,98,4956,21,21,,,,,100,0,100,0,200,0,,,,,,,,,,,,,,,,,,,,,,,,,,,100,17751,100,14140758048,100,129090494928,,,,,,,,,,
2019-08-23,Z30571VN,ST4000DM000,4000787030016,0,107,13881392,,,94,0,100,6,100,0,84,273170030,,,80,17808,100,0,,,100,6,,,,,,,,,,,,,,,,,,,,,,,,,,,,,,,75,25,100,0,100,0,100,0,100,0,80,20,100,0,100,0,98,4956,20,20,,,,,100,0,100,0,200,0,,,,,,,,,,,,,,,,,,,,,,,,,,,100,17775,100,14176208528,100,129409222320,,,,,,,,,,
2019-08-24,Z30571VN,ST4000DM000,4000787030016,0,117,159106920,,,94,0,100,6,100,0,84,273584521,,,80,17832,100,0,,,100,6,,,,,,,,,,,,,,,,,,,,,,,,,,,,,,,75,25,100,0,100,0,100,0,100,0,80,20,100,0,100,0,98,4956,20,20,,,,,100,0,100,0,200,0,,,,,,,,,,,,,,,,,,,,,,,,,,,100,17799,100,14204187832,100,129779540387,,,,,,,,,,
2019-08-25,Z30571VN,ST4000DM000,4000787030016,0,119,223057848,,,94,0,100,6,100,0,84,273922377,,,80,17856,100,0,,,100,6,,,,,,,,,,,,,,,,,,,,,,,,,,,,,,,75,25,100,0,100,0,100,0,100,0,79,21,100,0,100,0,98,4956,21,21,,,,,100,0,100,0,200,0,,,,,,,,,,,,,,,,,,,,,,,,,,,100,17823,100,14227619384,100,130029724731,,,,,,,,,,
2019-08-26,Z30571VN,ST4000DM000,4000787030016,0,110,26285040,,,94,0,100,6,100,0,84,274800921,,,80,17904,100,0,,,100,6,,,,,,,,,,,,,,,,,,,,,,,,,,,,,,,75,25,100,0,100,0,100,0,100,0,79,21,100,0,100,0,98,4956,21,21,,,,,100,0,100,0,200,0,,,,,,,,,,,,,,,,,,,,,,,,,,,100,17871,100,14289583704,100,130513525240,,,,,,,,,,
2019-08-27,Z30571VN,ST4000DM000,4000787030016,0,110,26285040,,,94,0,100,6,100,0,84,274800921,,,80,17904,100,0,,,100,6,,,,,,,,,,,,,,,,,,,,,,,,,,,,,,,75,25,100,0,100,0,100,0,100,0,79,21,100,0,100,0,98,4956,21,21,,,,,100,0,100,0,200,0,,,,,,,,,,,,,,,,,,,,,,,,,,,100,17871,100,14289583704,100,130513525240,,,,,,,,,,
2019-08-28,Z30571VN,ST4000DM000,4000787030016,0,119,218966368,,,94,0,100,6,100,0,84,275299366,,,80,17928,100,0,,,100,6,,,,,,,,,,,,,,,,,,,,,,,,,,,,,,,75,25,100,0,100,0,100,0,100,0,79,21,100,0,100,0,98,4956,21,21,,,,,100,0,100,0,200,0,,,,,,,,,,,,,,,,,,,,,,,,,,,100,17895,100,14321867352,100,130850965963,,,,,,,,,,
2019-08-29,Z30571VN,ST4000DM000,4000787030016,0,113,52444848,,,94,0,100,6,100,0,84,275739026,,,80,17952,100,0,,,100,6,,,,,,,,,,,,,,,,,,,,,,,,,,,,,,,75,25,100,0,100,0,100,0,100,0,80,20,100,0,100,0,98,4956,20,20,,,,,100,0,100,0,200,0,,,,,,,,,,,,,,,,,,,,,,,,,,,100,17919,100,14354733824,100,131144973668,,,,,,,,,,
2019-08-30,Z30571VN,ST4000DM000,4000787030016,0,108,17138416,,,94,0,100,6,100,0,84,276401801,,,80,17976,100,0,,,100,6,,,,,,,,,,,,,,,,,,,,,,,,,,,,,,,75,25,100,0,100,0,100,0,100,0,80,20,100,0,100,0,98,4956,20,20,,,,,100,0,100,0,200,0,,,,,,,,,,,,,,,,,,,,,,,,,,,100,17943,100,14393001120,100,131466815789,,,,,,,,,,
2019-08-31,Z30571VN,ST4000DM000,4000787030016,0,117,143445024,,,94,0,100,6,100,0,84,276956097,,,80,18000,100,0,,,100,6,,,,,,,,,,,,,,,,,,,,,,,,,,,,,,,75,25,100,0,100,0,100,0,100,0,80,20,100,0,100,0,98,4956,20,20,,,,,100,0,100,0,200,0,,,,,,,,,,,,,,,,,,,,,,,,,,,100,17967,100,14428001800,100,131825362797,,,,,,,,,,
2019-09-01,Z30571VN,ST4000DM000,4000787030016,0,104,7156728,,,94,0,100,6,100,0,84,277435004,,,80,18023,100,0,,,100,6,,,,,,,,,,,,,,,,,,,,,,,,,,,,,,,75,25,100,0,100,0,100,0,100,0,80,20,100,0,100,0,98,4956,20,20,,,,,100,0,100,0,200,0,,,,,,,,,,,,,,,,,,,,,,,,,,,100,17991,100,14458554512,100,132096352074,,,,,,,,,,
2019-09-02,Z30571VN,ST4000DM000,4000787030016,0,115,84322224,,,94,0,100,6,100,0,84,277943295,,,80,18047,100,0,,,100,6,,,,,,,,,,,,,,,,,,,,,,,,,,,,,,,75,25,100,0,100,0,100,0,100,0,80,20,100,0,100,0,98,4956,20,20,,,,,100,0,100,0,200,0,,,,,,,,,,,,,,,,,,,,,,,,,,,100,18015,100,14496994832,100,132295898898,,,,,,,,,,
2019-09-03,Z30571VN,ST4000DM000,4000787030016,0,115,99204424,,,94,0,100,6,100,0,84,279067688,,,80,18071,100,0,,,100,6,,,,,,,,,,,,,,,,,,,,,,,,,,,,,,,75,25,100,0,100,0,100,0,100,0,80,20,100,0,100,0,98,4956,20,20,,,,,100,0,100,0,200,0,,,,,,,,,,,,,,,,,,,,,,,,,,,100,18039,100,14522896560,100,132615962456,,,,,,,,,,
2019-09-04,Z30571VN,ST4000DM000,4000787030016,0,120,1233584,,,94,0,100,6,100,0,84,279860561,,,80,18095,100,0,,,100,6,,,,,,,,,,,,,,,,,,,,,,,,,,,,,,,75,25,100,0,100,0,100,0,100,0,79,21,100,0,100,0,98,4956,21,21,,,,,100,0,100,0,200,0,,,,,,,,,,,,,,,,,,,,,,,,,,,100,18063,100,14551330912,100,132898367020,,,,,,,,,,
2019-09-05,Z30571VN,ST4000DM000,4000787030016,0,118,193250688,,,94,0,100,6,100,0,84,280578236,,,80,18119,100,0,,,100,6,,,,,,,,,,,,,,,,,,,,,,,,,,,,,,,75,25,100,0,100,0,100,0,100,0,79,21,100,0,100,0,98,4956,21,21,,,,,100,0,100,0,200,0,,,,,,,,,,,,,,,,,,,,,,,,,,,100,18087,100,14580620512,100,133163875869,,,,,,,,,,
2019-09-06,Z30571VN,ST4000DM000,4000787030016,0,105,9841472,,,94,0,100,6,100,0,84,281082997,,,80,18143,100,0,,,100,6,,,,,,,,,,,,,,,,,,,,,,,,,,,,,,,75,25,100,0,100,0,100,0,100,0,79,21,100,0,100,0,98,4957,21,21,,,,,100,0,100,0,200,0,,,,,,,,,,,,,,,,,,,,,,,,,,,100,18111,100,14612901816,100,133457692895,,,,,,,,,,
2019-09-07,Z30571VN,ST4000DM000,4000787030016,0,120,239602768,,,94,0,100,6,100,0,84,281600716,,,80,18167,100,0,,,100,6,,,,,,,,,,,,,,,,,,,,,,,,,,,,,,,75,25,100,0,100,0,100,0,100,0,80,20,100,0,100,0,98,4957,20,20,,,,,100,0,100,0,200,0,,,,,,,,,,,,,,,,,,,,,,,,,,,100,18135,100,14641498064,100,133743490170,,,,,,,,,,
2019-09-08,Z30571VN,ST4000DM000,4000787030016,0,118,189643928,,,94,0,100,6,100,0,84,282197501,,,80,18191,100,0,,,100,6,,,,,,,,,,,,,,,,,,,,,,,,,,,,,,,75,25,100,0,100,0,100,0,100,0,80,20,100,0,100,0,98,4957,20,20,,,,,100,0,100,0,200,0,,,,,,,,,,,,,,,,,,,,,,,,,,,100,18158,100,14697930120,100,134041634128,,,,,,,,,,
2019-09-09,Z30571VN,ST4000DM000,4000787030016,0,108,15973984,,,94,0,100,6,100,0,84,282655835,,,80,18215,100,0,,,100,6,,,,,,,,,,,,,,,,,,,,,,,,,,,,,,,75,25,100,0,100,0,100,0,100,0,79,21,100,0,100,0,98,4957,21,21,,,,,100,0,100,0,200,0,,,,,,,,,,,,,,,,,,,,,,,,,,,100,18183,100,14739348808,100,134262719963,,,,,,,,,,
2019-09-10,Z30571VN,ST4000DM000,4000787030016,0,116,112803712,,,94,0,100,6,100,0,84,283100513,,,80,18239,100,0,,,100,6,,,,,,,,,,,,,,,,,,,,,,,,,,,,,,,75,25,100,0,100,0,100,0,100,0,79,21,100,0,100,0,98,4957,21,21,,,,,100,0,100,0,200,0,,,,,,,,,,,,,,,,,,,,,,,,,,,100,18206,100,14772859744,100,134575056823,,,,,,,,,,
2019-09-11,Z30571VN,ST4000DM000,4000787030016,0,117,127799504,,,94,0,100,6,100,0,84,283785258,,,80,18275,100,0,,,100,6,,,,,,,,,,,,,,,,,,,,,,,,,,,,,,,75,25,100,0,100,0,100,0,100,0,80,20,100,0,100,0,98,4957,20,20,,,,,100,0,100,0,200,0,,,,,,,,,,,,,,,,,,,,,,,,,,,100,18242,100,14820682072,100,135031218869,,,,,,,,,,
2019-09-12,Z30571VN,ST4000DM000,4000787030016,0,117,158066136,,,94,0,100,6,100,0,84,284315018,,,80,18298,100,0,,,100,6,,,,,,,,,,,,,,,,,,,,,,,,,,,,,,,75,25,100,0,100,0,100,0,100,0,79,21,100,0,100,0,98,4959,21,21,,,,,100,0,100,0,200,0,,,,,,,,,,,,,,,,,,,,,,,,,,,100,18266,100,14854930696,100,135340705963,,,,,,,,,,
2019-09-13,Z30571VN,ST4000DM000,4000787030016,0,117,152219848,,,94,0,100,6,100,0,84,284960741,,,80,18322,100,0,,,100,6,,,,,,,,,,,,,,,,,,,,,,,,,,,,,,,75,25,100,0,100,0,100,0,100,0,80,20,100,0,100,0,98,4959,20,20,,,,,100,0,100,0,200,0,,,,,,,,,,,,,,,,,,,,,,,,,,,100,18290,100,14886667384,100,135690597765,,,,,,,,,,
2019-09-14,Z30571VN,ST4000DM000,4000787030016,0,117,161048000,,,94,0,100,6,100,0,84,285378556,,,80,18346,100,0,,,100,6,,,,,,,,,,,,,,,,,,,,,,,,,,,,,,,75,25,100,0,100,0,100,0,100,0,80,20,100,0,100,0,98,4959,20,20,,,,,100,0,100,0,200,0,,,,,,,,,,,,,,,,,,,,,,,,,,,100,18314,100,14912690464,100,135963585205,,,,,,,,,,
2019-09-15,Z30571VN,ST4000DM000,4000787030016,0,119,212264232,,,94,0,100,6,100,0,84,285811218,,,80,18370,100,0,,,100,6,,,,,,,,,,,,,,,,,,,,,,,,,,,,,,,75,25,100,0,100,0,100,0,100,0,80,20,100,0,100,0,98,4959,20,20,,,,,100,0,100,0,200,0,,,,,,,,,,,,,,,,,,,,,,,,,,,100,18337,100,14945920288,100,136148970996,,,,,,,,,,
2019-09-16,Z30571VN,ST4000DM000,4000787030016,0,117,126996200,,,94,0,100,6,100,0,84,286332614,,,80,18394,100,0,,,100,6,,,,,,,,,,,,,,,,,,,,,,,,,,,,,,,75,25,100,0,100,0,100,0,100,0,80,20,100,0,100,0,98,4959,20,20,,,,,100,0,100,0,200,0,,,,,,,,,,,,,,,,,,,,,,,,,,,100,18361,100,14972160944,100,136506011833,,,,,,,,,,
2019-09-17,Z30571VN,ST4000DM000,4000787030016,0,114,63584184,,,94,0,100,6,100,0,84,286880859,,,79,18417,100,0,,,100,6,,,,,,,,,,,,,,,,,,,,,,,,,,,,,,,75,25,100,0,100,0,100,0,100,0,80,20,100,0,100,0,98,4959,20,20,,,,,100,0,100,0,200,0,,,,,,,,,,,,,,,,,,,,,,,,,,,100,18385,100,15008698800,100,136816177941,,,,,,,,,,
2019-09-18,Z30571VN,ST4000DM000,4000787030016,0,115,90393296,,,94,0,100,6,100,0,84,288070087,,,79,18441,100,0,,,100,6,,,,,,,,,,,,,,,,,,,,,,,,,,,,,,,75,25,100,0,100,0,100,0,100,0,79,21,100,0,100,0,98,4959,21,21,,,,,100,0,100,0,200,0,,,,,,,,,,,,,,,,,,,,,,,,,,,100,18409,100,15071923032,100,137116500691,,,,,,,,,,
2019-09-19,Z30571VN,ST4000DM000,4000787030016,0,117,142493384,,,94,0,100,6,100,0,84,288840155,,,79,18465,100,0,,,100,6,,,,,,,,,,,,,,,,,,,,,,,,,,,,,,,75,25,100,0,100,0,100,0,100,0,79,21,100,0,100,0,98,4959,21,21,,,,,100,0,100,0,200,0,,,,,,,,,,,,,,,,,,,,,,,,,,,100,18432,100,15096019744,100,137396063108,,,,,,,,,,
2019-09-20,Z30571VN,ST4000DM000,4000787030016,0,113,51700448,,,94,0,100,6,100,0,84,289801111,,,79,18489,100,0,,,100,6,,,,,,,,,,,,,,,,,,,,,,,,,,,,,,,75,25,100,0,100,0,100,0,100,0,79,21,100,0,100,0,98,4959,21,21,,,,,100,0,100,0,200,0,,,,,,,,,,,,,,,,,,,,,,,,,,,100,18456,100,15127396072,100,137708083561,,,,,,,,,,
2019-09-21,Z30571VN,ST4000DM000,4000787030016,0,115,85271200,,,94,0,100,6,100,0,84,290585354,,,79,18512,100,0,,,100,6,,,,,,,,,,,,,,,,,,,,,,,,,,,,,,,75,25,100,0,100,0,100,0,100,0,79,21,100,0,100,0,98,4959,21,21,,,,,100,0,100,0,200,0,,,,,,,,,,,,,,,,,,,,,,,,,,,100,18480,100,15167099456,100,137982968757,,,,,,,,,,
2019-09-22,Z30571VN,ST4000DM000,4000787030016,0,111,34339352,,,94,0,100,6,100,0,84,290982055,,,79,18536,100,0,,,100,6,,,,,,,,,,,,,,,,,,,,,,,,,,,,,,,75,25,100,0,100,0,100,0,100,0,80,20,100,0,100,0,98,4959,20,20,,,,,100,0,100,0,200,0,,,,,,,,,,,,,,,,,,,,,,,,,,,100,18504,100,15210479472,100,138128578888,,,,,,,,,,
2019-09-23,Z30571VN,ST4000DM000,4000787030016,0,111,36224496,,,94,0,100,6,100,0,84,291533693,,,79,18560,100,0,,,100,6,,,,,,,,,,,,,,,,,,,,,,,,,,,,,,,75,25,100,0,100,0,100,0,100,0,80,20,100,0,100,0,98,4959,20,20,,,,,100,0,100,0,200,0,,,,,,,,,,,,,,,,,,,,,,,,,,,100,18528,100,15243023576,100,138369942473,,,,,,,,,,
2019-09-24,Z30571VN,ST4000DM000,4000787030016,0,115,85161304,,,94,0,100,6,100,0,84,292045099,,,79,18584,100,0,,,100,6,,,,,,,,,,,,,,,,,,,,,,,,,,,,,,,75,25,100,0,100,0,100,0,100,0,80,20,100,0,100,0,98,4959,20,20,,,,,100,0,100,0,200,0,,,,,,,,,,,,,,,,,,,,,,,,,,,100,18551,100,15274701896,100,138746182668,,,,,,,,,,
2019-09-25,Z30571VN,ST4000DM000,4000787030016,0,119,217468672,,,94,0,100,6,100,0,84,292277344,,,79,18596,100,0,,,100,6,,,,,,,,,,,,,,,,,,,,,,,,,,,,,,,75,25,100,0,100,0,100,0,100,0,79,21,100,0,100,0,98,4959,21,21,,,,,100,0,100,0,200,0,,,,,,,,,,,,,,,,,,,,,,,,,,,100,18563,100,15293788296,100,138887110165,,,,,,,,,,
2019-09-26,Z30571VN,ST4000DM000,4000787030016,0,117,123372864,,,94,0,100,6,100,0,84,292829525,,,79,18620,100,0,,,100,6,,,,,,,,,,,,,,,,,,,,,,,,,,,,,,,75,25,100,0,100,0,100,0,100,0,79,21,100,0,100,0,98,4961,21,21,,,,,100,0,100,0,200,0,,,,,,,,,,,,,,,,,,,,,,,,,,,100,18587,100,15336321808,100,139156474809,,,,,,,,,,
2019-09-27,Z30571VN,ST4000DM000,4000787030016,0,119,212495856,,,94,0,100,6,100,0,84,293892526,,,79,18655,100,0,,,100,6,,,,,,,,,,,,,,,,,,,,,,,,,,,,,,,75,25,100,0,100,0,100,0,100,0,80,20,100,0,100,0,98,4961,20,20,,,,,100,0,100,0,200,0,,,,,,,,,,,,,,,,,,,,,,,,,,,100,18623,100,15389041792,100,139608331938,,,,,,,,,,
2019-09-28,Z30571VN,ST4000DM000,4000787030016,0,119,209799008,,,94,0,100,6,100,0,84,294377849,,,79,18679,100,0,,,100,6,,,,,,,,,,,,,,,,,,,,,,,,,,,,,,,75,25,100,0,100,0,100,0,100,0,80,20,100,0,100,0,98,4961,20,20,,,,,100,0,100,0,200,0,,,,,,,,,,,,,,,,,,,,,,,,,,,100,18647,100,15414456376,100,139946280670,,,,,,,,,,
2019-09-29,Z30571VN,ST4000DM000,4000787030016,0,114,64095600,,,94,0,100,6,100,0,84,294956536,,,79,18703,100,0,,,100,6,,,,,,,,,,,,,,,,,,,,,,,,,,,,,,,75,25,100,0,100,0,100,0,100,0,80,20,100,0,100,0,98,4961,20,20,,,,,100,0,100,0,200,0,,,,,,,,,,,,,,,,,,,,,,,,,,,100,18671,100,15506906696,100,140174715903,,,,,,,,,,
2019-09-30,Z30571VN,ST4000DM000,4000787030016,0,115,97740712,,,94,0,100,6,100,0,84,295383757,,,79,18727,100,0,,,100,6,,,,,,,,,,,,,,,,,,,,,,,,,,,,,,,75,25,100,0,100,0,100,0,100,0,80,20,100,0,100,0,98,4961,20,20,,,,,100,0,100,0,200,0,,,,,,,,,,,,,,,,,,,,,,,,,,,100,18695,100,15554696616,100,140450581240,,,,,,,,,,
2019-10-01,Z30571VN,ST4000DM000,4000787030016,0,118,188143056,,,94,0,100,6,100,0,84,295888523,,,79,18751,100,0,,,100,6,,,,,,,,,,,,,,,,,,,,,,,,,,,,,,,,,75,25,100,0,100,0,100,0,100,0,80,20,100,0,100,0,98,4961,20,20,,,,,100,0,100,0,200,0,,,,,,,,,,,,,,,,,,,,,,,,,,,100,18718,100,15581672072,100,140801572599,,,,,,,,,,
2019-10-02,Z30571VN,ST4000DM000,4000787030016,0,111,41379552,,,94,0,100,6,100,0,84,296159356,,,79,18763,100,0,,,100,6,,,,,,,,,,,,,,,,,,,,,,,,,,,,,,,,,75,25,100,0,100,0,100,0,100,0,79,21,100,0,100,0,98,4961,21,21,,,,,100,0,100,0,200,0,,,,,,,,,,,,,,,,,,,,,,,,,,,100,18730,100,15592487840,100,140979344206,,,,,,,,,,
2019-10-03,Z30571VN,ST4000DM000,4000787030016,0,117,167222704,,,93,0,100,7,100,0,84,296929376,,,79,18798,100,0,,,100,7,,,,,,,,,,,,,,,,,,,,,,,,,,,,,,,,,75,25,100,0,100,0,100,0,100,0,79,21,100,0,100,0,98,4970,21,21,,,,,100,0,100,0,200,0,,,,,,,,,,,,,,,,,,,,,,,,,,,100,18766,100,15641872672,100,141279239424,,,,,,,,,,
2019-10-04,Z30571VN,ST4000DM000,4000787030016,0,117,144709024,,,93,0,100,7,100,0,84,297424250,,,79,18822,100,0,,,100,7,,,,,,,,,,,,,,,,,,,,,,,,,,,,,,,,,75,25,100,0,100,0,100,0,100,0,79,21,100,0,100,0,98,4970,21,21,,,,,100,0,100,0,200,0,,,,,,,,,,,,,,,,,,,,,,,,,,,100,18790,100,15673965976,100,141399043025,,,,,,,,,,
2019-10-05,Z30571VN,ST4000DM000,4000787030016,0,118,197964408,,,93,0,100,7,100,0,84,298154595,,,79,18846,100,0,,,100,7,,,,,,,,,,,,,,,,,,,,,,,,,,,,,,,,,75,25,100,0,100,0,100,0,100,0,79,21,100,0,100,0,98,4972,21,21,,,,,100,0,100,0,200,0,,,,,,,,,,,,,,,,,,,,,,,,,,,100,18813,100,15733897984,100,141558271440,,,,,,,,,,
2019-10-06,Z30571VN,ST4000DM000,4000787030016,0,119,233933512,,,93,0,100,7,100,0,84,298741234,,,79,18870,100,0,,,100,7,,,,,,,,,,,,,,,,,,,,,,,,,,,,,,,,,75,25,100,0,100,0,100,0,100,0,79,21,100,0,100,0,98,4972,21,21,,,,,100,0,100,0,200,0,,,,,,,,,,,,,,,,,,,,,,,,,,,100,18837,100,15772468416,100,141659343753,,,,,,,,,,
2019-10-07,Z30571VN,ST4000DM000,4000787030016,0,111,34224152,,,93,0,100,7,100,0,84,299318818,,,79,18894,100,0,,,100,7,,,,,,,,,,,,,,,,,,,,,,,,,,,,,,,,,75,25,100,0,100,0,100,0,100,0,79,21,100,0,100,0,98,4972,21,21,,,,,100,0,100,0,200,0,,,,,,,,,,,,,,,,,,,,,,,,,,,100,18861,100,15808204072,100,141768421940,,,,,,,,,,
2019-10-08,Z30571VN,ST4000DM000,4000787030016,0,108,19045992,,,93,0,100,7,100,0,84,299939191,,,79,18918,100,0,,,100,7,,,,,,,,,,,,,,,,,,,,,,,,,,,,,,,,,75,25,100,0,100,0,100,0,100,0,79,21,100,0,100,0,98,4972,21,21,,,,,100,0,100,0,200,0,,,,,,,,,,,,,,,,,,,,,,,,,,,100,18885,100,15844728240,100,141896242104,,,,,,,,,,
2019-10-09,Z30571VN,ST4000DM000,4000787030016,0,118,189300976,,,93,0,100,7,100,0,84,300504213,,,79,18941,100,0,,,100,7,,,,,,,,,,,,,,,,,,,,,,,,,,,,,,,,,75,25,100,0,100,0,100,0,100,0,79,21,100,0,100,0,98,4972,21,21,,,,,100,0,100,0,200,0,,,,,,,,,,,,,,,,,,,,,,,,,,,100,18909,100,15874402584,100,142021779486,,,,,,,,,,
2019-10-10,Z30571VN,ST4000DM000,4000787030016,0,114,80361976,,,93,0,100,7,100,0,84,301049827,,,79,18965,100,0,,,100,7,,,,,,,,,,,,,,,,,,,,,,,,,,,,,,,,,75,25,100,0,100,0,100,0,100,0,79,21,100,0,100,0,98,4972,21,21,,,,,100,0,100,0,200,0,,,,,,,,,,,,,,,,,,,,,,,,,,,100,18932,100,15914968112,100,142129508018,,,,,,,,,,
2019-10-11,Z30571VN,ST4000DM000,4000787030016,0,119,205835024,,,93,0,100,7,100,0,84,301639265,,,79,18989,100,0,,,100,7,,,,,,,,,,,,,,,,,,,,,,,,,,,,,,,,,75,25,100,0,100,0,100,0,100,0,79,21,100,0,100,0,98,4973,21,21,,,,,100,0,100,0,200,0,,,,,,,,,,,,,,,,,,,,,,,,,,,100,18956,100,15957839144,100,142254190938,,,,,,,,,,
2019-10-12,Z30571VN,ST4000DM000,4000787030016,0,120,237110840,,,93,0,100,7,100,0,84,302064344,,,79,19013,100,0,,,100,7,,,,,,,,,,,,,,,,,,,,,,,,,,,,,,,,,75,25,100,0,100,0,100,0,100,0,79,21,100,0,100,0,98,4973,21,21,,,,,100,0,100,0,200,0,,,,,,,,,,,,,,,,,,,,,,,,,,,100,18980,100,15996541776,100,142346565062,,,,,,,,,,
2019-10-13,Z30571VN,ST4000DM000,4000787030016,0,114,59313456,,,93,0,100,7,100,0,84,302860046,,,79,19037,100,0,,,100,7,,,,,,,,,,,,,,,,,,,,,,,,,,,,,,,,,75,25,100,0,100,0,100,0,100,0,79,21,100,0,100,0,98,5044,21,21,,,,,100,0,100,0,200,0,,,,,,,,,,,,,,,,,,,,,,,,,,,100,19004,100,16010215784,100,142540483498,,,,,,,,,,
2019-10-14,Z30571VN,ST4000DM000,4000787030016,0,111,34699832,,,93,0,100,7,100,0,84,305628956,,,79,19061,100,0,,,100,7,,,,,,,,,,,,,,,,,,,,,,,,,,,,,,,,,75,25,100,0,100,0,100,0,100,0,79,21,100,0,100,0,98,5044,21,21,,,,,100,0,100,0,200,0,,,,,,,,,,,,,,,,,,,,,,,,,,,100,19028,100,16016025864,100,143170924778,,,,,,,,,,
2019-10-15,Z30571VN,ST4000DM000,4000787030016,0,111,35973016,,,93,0,100,7,100,0,84,309988834,,,79,19109,100,0,,,100,7,,,,,,,,,,,,,,,,,,,,,,,,,,,,,,,,,75,25,100,0,100,0,100,0,100,0,79,21,100,0,100,0,98,5046,21,21,,,,,100,0,100,0,200,0,,,,,,,,,,,,,,,,,,,,,,,,,,,100,19076,100,16024467832,100,144804342967,,,,,,,,,,
2019-10-16,Z30571VN,ST4000DM000,4000787030016,0,111,35973016,,,93,0,100,7,100,0,84,309988834,,,79,19109,100,0,,,100,7,,,,,,,,,,,,,,,,,,,,,,,,,,,,,,,,,75,25,100,0,100,0,100,0,100,0,79,21,100,0,100,0,98,5046,21,21,,,,,100,0,100,0,200,0,,,,,,,,,,,,,,,,,,,,,,,,,,,100,19076,100,16024467832,100,144804342967,,,,,,,,,,
2019-10-17,Z30571VN,ST4000DM000,4000787030016,0,118,175000232,,,93,0,100,7,100,0,84,311264385,,,79,19133,100,0,,,100,7,,,,,,,,,,,,,,,,,,,,,,,,,,,,,,,,,75,25,100,0,100,0,100,0,100,0,79,21,100,0,100,0,98,5050,21,21,,,,,100,0,100,0,200,0,,,,,,,,,,,,,,,,,,,,,,,,,,,100,19100,100,16032255256,100,145381827947,,,,,,,,,,
2019-10-18,Z30571VN,ST4000DM000,4000787030016,0,117,157211160,,,93,0,100,7,100,0,84,312817912,,,79,19157,100,0,,,100,7,,,,,,,,,,,,,,,,,,,,,,,,,,,,,,,,,75,25,100,0,100,0,100,0,100,0,79,21,100,0,100,0,98,5051,21,21,,,,,100,0,100,0,200,0,,,,,,,,,,,,,,,,,,,,,,,,,,,100,19124,100,16042106008,100,146048991673,,,,,,,,,,
2019-10-19,Z30571VN,ST4000DM000,4000787030016,0,119,207275080,,,93,0,100,7,100,0,84,314329792,,,79,19180,100,0,,,100,7,,,,,,,,,,,,,,,,,,,,,,,,,,,,,,,,,75,25,100,0,100,0,100,0,100,0,79,21,100,0,100,0,98,5052,21,21,,,,,100,0,100,0,200,0,,,,,,,,,,,,,,,,,,,,,,,,,,,100,19147,100,16045193392,100,146702975989,,,,,,,,,,
2019-10-20,Z30571VN,ST4000DM000,4000787030016,0,116,109202048,,,93,0,100,7,100,0,84,316478736,,,79,19204,100,0,,,100,7,,,,,,,,,,,,,,,,,,,,,,,,,,,,,,,,,75,25,100,0,100,0,100,0,100,0,78,22,100,0,100,0,98,5053,22,22,,,,,100,0,100,0,200,0,,,,,,,,,,,,,,,,,,,,,,,,,,,100,19171,100,16049901528,100,147231792002,,,,,,,,,,
2019-10-21,Z30571VN,ST4000DM000,4000787030016,0,109,22706776,,,93,0,100,7,100,0,84,318943661,,,79,19228,100,0,,,100,7,,,,,,,,,,,,,,,,,,,,,,,,,,,,,,,,,75,25,100,0,100,0,100,0,100,0,78,22,100,0,100,0,98,5053,22,22,,,,,100,0,100,0,200,0,,,,,,,,,,,,,,,,,,,,,,,,,,,100,19195,100,16055896176,100,147926399371,,,,,,,,,,
2019-10-22,Z30571VN,ST4000DM000,4000787030016,0,114,63037152,,,93,0,100,7,100,0,84,321311034,,,79,19252,100,0,,,100,7,,,,,,,,,,,,,,,,,,,,,,,,,,,,,,,,,75,25,100,0,100,0,100,0,100,0,79,21,100,0,100,0,98,5056,21,21,,,,,100,0,100,0,200,0,,,,,,,,,,,,,,,,,,,,,,,,,,,100,19219,100,16070980096,100,148609655964,,,,,,,,,,
2019-10-23,Z30571VN,ST4000DM000,4000787030016,0,118,184683664,,,93,0,100,7,100,0,84,323172066,,,78,19276,100,0,,,100,7,,,,,,,,,,,,,,,,,,,,,,,,,,,,,,,,,75,25,100,0,100,0,100,0,100,0,79,21,100,0,100,0,98,5056,21,21,,,,,100,0,100,0,200,0,,,,,,,,,,,,,,,,,,,,,,,,,,,100,19243,100,16091006704,100,149208984359,,,,,,,,,,
2019-10-24,Z30571VN,ST4000DM000,4000787030016,0,116,113114416,,,93,0,100,7,100,0,84,323694849,,,78,19300,100,0,,,100,7,,,,,,,,,,,,,,,,,,,,,,,,,,,,,,,,,75,25,100,0,100,0,100,0,100,0,79,21,100,0,100,0,98,5056,21,21,,,,,100,0,100,0,200,0,,,,,,,,,,,,,,,,,,,,,,,,,,,100,19267,100,16133435288,100,149532680815,,,,,,,,,,
2019-10-25,Z30571VN,ST4000DM000,4000787030016,0,119,211977432,,,93,0,100,7,100,0,84,324230372,,,78,19324,100,0,,,100,7,,,,,,,,,,,,,,,,,,,,,,,,,,,,,,,,,75,25,100,0,100,0,100,0,100,0,79,21,100,0,100,0,98,5056,21,21,,,,,100,0,100,0,200,0,,,,,,,,,,,,,,,,,,,,,,,,,,,100,19291,100,16176366112,100,149695748078,,,,,,,,,,
2019-10-26,Z30571VN,ST4000DM000,4000787030016,0,117,154198040,,,93,0,100,7,100,0,84,324661276,,,78,19348,100,0,,,100,7,,,,,,,,,,,,,,,,,,,,,,,,,,,,,,,,,75,25,100,0,100,0,100,0,100,0,79,21,100,0,100,0,98,5056,21,21,,,,,100,0,100,0,200,0,,,,,,,,,,,,,,,,,,,,,,,,,,,100,19315,100,16230613192,100,149818627604,,,,,,,,,,
2019-10-27,Z30571VN,ST4000DM000,4000787030016,0,118,181994792,,,93,0,100,7,100,0,84,325150072,,,78,19372,100,0,,,100,7,,,,,,,,,,,,,,,,,,,,,,,,,,,,,,,,,75,25,100,0,100,0,100,0,100,0,79,21,100,0,100,0,98,5056,21,21,,,,,100,0,100,0,200,0,,,,,,,,,,,,,,,,,,,,,,,,,,,100,19339,100,16267800656,100,149916872372,,,,,,,,,,
2019-10-28,Z30571VN,ST4000DM000,4000787030016,0,116,106880296,,,93,0,100,7,100,0,84,325631237,,,78,19396,100,0,,,100,7,,,,,,,,,,,,,,,,,,,,,,,,,,,,,,,,,75,25,100,0,100,0,100,0,100,0,79,21,100,0,100,0,98,5056,21,21,,,,,100,0,100,0,200,0,,,,,,,,,,,,,,,,,,,,,,,,,,,100,19363,100,16312328976,100,150041392762,,,,,,,,,,
2019-10-29,Z30571VN,ST4000DM000,4000787030016,0,111,40332872,,,93,0,100,7,100,0,84,326026864,,,78,19420,100,0,,,100,7,,,,,,,,,,,,,,,,,,,,,,,,,,,,,,,,,75,25,100,0,100,0,100,0,100,0,79,21,100,0,100,0,98,5056,21,21,,,,,100,0,100,0,200,0,,,,,,,,,,,,,,,,,,,,,,,,,,,100,19387,100,16378076816,100,150179166532,,,,,,,,,,
2019-10-30,Z30571VN,ST4000DM000,4000787030016,0,118,194975408,,,93,0,100,7,100,0,84,326401141,,,78,19444,100,0,,,100,7,,,,,,,,,,,,,,,,,,,,,,,,,,,,,,,,,75,25,100,0,100,0,100,0,100,0,78,22,100,0,100,0,98,5056,22,22,,,,,100,0,100,0,200,0,,,,,,,,,,,,,,,,,,,,,,,,,,,100,19411,100,16418455688,100,150307235441,,,,,,,,,,
2019-10-31,Z30571VN,ST4000DM000,4000787030016,0,117,158667632,,,93,0,100,7,100,0,84,326775620,,,78,19468,100,0,,,100,7,,,,,,,,,,,,,,,,,,,,,,,,,,,,,,,,,75,25,100,0,100,0,100,0,100,0,78,22,100,0,100,0,98,5058,22,22,,,,,100,0,100,0,200,0,,,,,,,,,,,,,,,,,,,,,,,,,,,100,19435,100,16459138696,100,150440301589,,,,,,,,,,
2019-11-01,Z30571VN,ST4000DM000,4000787030016,0,108,19795760,,,93,0,100,7,100,0,84,327593644,,,78,19492,100,0,,,100,7,,,,,,,,,,,,,,,,,,,,,,,,,,,,,,,,,75,25,100,0,100,0,100,0,100,0,78,22,100,0,100,0,98,5058,22,22,,,,,100,0,100,0,200,0,,,,,,,,,,,,,,,,,,,,,,,,,,,100,19459,100,16486992856,100,150761780658,,,,,,,,,,
2019-11-02,Z30571VN,ST4000DM000,4000787030016,0,119,218689832,,,93,0,100,7,100,0,84,328516956,,,78,19516,100,0,,,100,7,,,,,,,,,,,,,,,,,,,,,,,,,,,,,,,,,75,25,100,0,100,0,100,0,100,0,78,22,100,0,100,0,98,5058,22,22,,,,,100,0,100,0,200,0,,,,,,,,,,,,,,,,,,,,,,,,,,,100,19483,100,16535455728,100,151101551943,,,,,,,,,,
2019-11-03,Z30571VN,ST4000DM000,4000787030016,0,117,125162968,,,93,0,100,7,100,0,84,328875869,,,78,19540,100,0,,,100,7,,,,,,,,,,,,,,,,,,,,,,,,,,,,,,,,,75,25,100,0,100,0,100,0,100,0,78,22,100,0,100,0,98,5058,22,22,,,,,100,0,100,0,200,0,,,,,,,,,,,,,,,,,,,,,,,,,,,100,19507,100,16558477448,100,151268362649,,,,,,,,,,
2019-11-04,Z30571VN,ST4000DM000,4000787030016,0,119,215566656,,,93,0,100,7,100,0,84,329461307,,,78,19564,100,0,,,100,7,,,,,,,,,,,,,,,,,,,,,,,,,,,,,,,,,75,25,100,0,100,0,100,0,100,0,78,22,100,0,100,0,98,5058,22,22,,,,,100,0,100,0,200,0,,,,,,,,,,,,,,,,,,,,,,,,,,,100,19531,100,16593459168,100,151544846959,,,,,,,,,,
2019-11-05,Z30571VN,ST4000DM000,4000787030016,0,113,50447120,,,93,0,100,7,100,0,84,330074907,,,78,19588,100,0,,,100,7,,,,,,,,,,,,,,,,,,,,,,,,,,,,,,,,,75,25,100,0,100,0,100,0,100,0,78,22,100,0,100,0,98,5058,22,22,,,,,100,0,100,0,200,0,,,,,,,,,,,,,,,,,,,,,,,,,,,100,19555,100,16627644320,100,151908684730,,,,,,,,,,
2019-11-06,Z30571VN,ST4000DM000,4000787030016,0,114,79809912,,,93,0,100,7,100,0,84,330694425,,,78,19612,100,0,,,100,7,,,,,,,,,,,,,,,,,,,,,,,,,,,,,,,,,75,25,100,0,100,0,100,0,100,0,79,21,100,0,100,0,98,5058,21,21,,,,,100,0,100,0,200,0,,,,,,,,,,,,,,,,,,,,,,,,,,,100,19579,100,16660461256,100,152216302396,,,,,,,,,,
2019-11-07,Z30571VN,ST4000DM000,4000787030016,0,111,37497120,,,93,0,100,7,100,0,84,331373639,,,78,19636,100,0,,,100,7,,,,,,,,,,,,,,,,,,,,,,,,,,,,,,,,,75,25,100,0,100,0,100,0,100,0,79,21,100,0,100,0,98,5060,21,21,,,,,100,0,100,0,200,0,,,,,,,,,,,,,,,,,,,,,,,,,,,100,19603,100,16702078864,100,152492629491,,,,,,,,,,
2019-11-08,Z30571VN,ST4000DM000,4000787030016,0,109,24751264,,,93,0,100,7,100,0,84,332757163,,,78,19659,100,0,,,100,7,,,,,,,,,,,,,,,,,,,,,,,,,,,,,,,,,75,25,100,0,100,0,100,0,100,0,79,21,100,0,100,0,98,5060,21,21,,,,,100,0,100,0,200,0,,,,,,,,,,,,,,,,,,,,,,,,,,,100,19626,100,16751729680,100,152830583606,,,,,,,,,,
2019-11-09,Z30571VN,ST4000DM000,4000787030016,0,118,174726440,,,93,0,100,7,100,0,84,333719832,,,78,19683,100,0,,,100,7,,,,,,,,,,,,,,,,,,,,,,,,,,,,,,,,,75,25,100,0,100,0,100,0,100,0,79,21,100,0,100,0,98,5060,21,21,,,,,100,0,100,0,200,0,,,,,,,,,,,,,,,,,,,,,,,,,,,100,19650,100,16803961416,100,153125298346,,,,,,,,,,
2019-11-10,Z30571VN,ST4000DM000,4000787030016,0,105,8773712,,,93,0,100,7,100,0,84,334373405,,,78,19707,100,0,,,100,7,,,,,,,,,,,,,,,,,,,,,,,,,,,,,,,,,75,25,100,0,100,0,100,0,100,0,79,21,100,0,100,0,98,5060,21,21,,,,,100,0,100,0,200,0,,,,,,,,,,,,,,,,,,,,,,,,,,,100,19674,100,16831180584,100,153320512934,,,,,,,,,,
2019-11-11,Z30571VN,ST4000DM000,4000787030016,0,118,188631216,,,93,0,100,7,100,0,84,334854533,,,78,19731,100,0,,,100,7,,,,,,,,,,,,,,,,,,,,,,,,,,,,,,,,,75,25,100,0,100,0,100,0,100,0,79,21,100,0,100,0,98,5060,21,21,,,,,100,0,100,0,200,0,,,,,,,,,,,,,,,,,,,,,,,,,,,100,19698,100,16860334744,100,153632795187,,,,,,,,,,
2019-11-12,Z30571VN,ST4000DM000,4000787030016,0,114,77154968,,,93,0,100,7,100,0,84,335385749,,,78,19755,100,0,,,100,7,,,,,,,,,,,,,,,,,,,,,,,,,,,,,,,,,75,25,100,0,100,0,100,0,100,0,78,22,100,0,100,0,98,5060,22,22,,,,,100,0,100,0,200,0,,,,,,,,,,,,,,,,,,,,,,,,,,,100,19722,100,16898559320,100,154013652249,,,,,,,,,,
2019-11-13,Z30571VN,ST4000DM000,4000787030016,0,108,17582320,,,93,0,100,7,100,0,85,335852400,,,78,19779,100,0,,,100,7,,,,,,,,,,,,,,,,,,,,,,,,,,,,,,,,,75,25,100,0,100,0,100,0,100,0,78,22,100,0,100,0,98,5060,22,22,,,,,100,0,100,0,200,0,,,,,,,,,,,,,,,,,,,,,,,,,,,100,19746,100,16929623824,100,154326643527,,,,,,,,,,
2019-11-14,Z30571VN,ST4000DM000,4000787030016,0,112,49656800,,,93,0,100,7,100,0,85,336434285,,,78,19803,100,0,,,100,7,,,,,,,,,,,,,,,,,,,,,,,,,,,,,,,,,75,25,100,0,100,0,100,0,100,0,78,22,100,0,100,0,98,5062,22,22,,,,,100,0,100,0,200,0,,,,,,,,,,,,,,,,,,,,,,,,,,,100,19770,100,16978758248,100,154606394190,,,,,,,,,,
2019-11-15,Z30571VN,ST4000DM000,4000787030016,0,119,208614720,,,93,0,100,7,100,0,85,336955094,,,78,19826,100,0,,,100,7,,,,,,,,,,,,,,,,,,,,,,,,,,,,,,,,,75,25,100,0,100,0,100,0,100,0,79,21,100,0,100,0,98,5063,21,21,,,,,100,0,100,0,200,0,,,,,,,,,,,,,,,,,,,,,,,,,,,100,19793,100,17022502688,100,154906961145,,,,,,,,,,
2019-11-16,Z30571VN,ST4000DM000,4000787030016,0,113,55823568,,,93,0,100,7,100,0,85,337734275,,,78,19850,100,0,,,100,7,,,,,,,,,,,,,,,,,,,,,,,,,,,,,,,,,75,25,100,0,100,0,100,0,100,0,79,21,100,0,100,0,98,5063,21,21,,,,,100,0,100,0,200,0,,,,,,,,,,,,,,,,,,,,,,,,,,,100,19817,100,17046082104,100,155244196444,,,,,,,,,,
2019-11-17,Z30571VN,ST4000DM000,4000787030016,0,118,197455824,,,93,0,100,7,100,0,85,338139397,,,78,19874,100,0,,,100,7,,,,,,,,,,,,,,,,,,,,,,,,,,,,,,,,,75,25,100,0,100,0,100,0,100,0,77,23,100,0,100,0,98,5063,23,23,,,,,100,0,100,0,200,0,,,,,,,,,,,,,,,,,,,,,,,,,,,100,19841,100,17070417512,100,155473620157,,,,,,,,,,
2019-11-18,Z30571VN,ST4000DM000,4000787030016,0,118,186022120,,,93,0,100,7,100,0,85,338570079,,,78,19898,100,0,,,100,7,,,,,,,,,,,,,,,,,,,,,,,,,,,,,,,,,75,25,100,0,100,0,100,0,100,0,79,21,100,0,100,0,98,5064,21,21,,,,,100,0,100,0,200,0,,,,,,,,,,,,,,,,,,,,,,,,,,,100,19865,100,17095161568,100,155605744021,,,,,,,,,,
2019-11-19,Z30571VN,ST4000DM000,4000787030016,0,118,185107400,,,93,0,100,7,100,0,85,339056130,,,78,19922,100,0,,,100,7,,,,,,,,,,,,,,,,,,,,,,,,,,,,,,,,,75,25,100,0,100,0,100,0,100,0,78,22,100,0,100,0,98,5064,22,22,,,,,100,0,100,0,200,0,,,,,,,,,,,,,,,,,,,,,,,,,,,100,19889,100,17121955792,100,155936383592,,,,,,,,,,
2019-11-20,Z30571VN,ST4000DM000,4000787030016,0,119,224729984,,,93,0,100,7,100,0,85,339666288,,,78,19946,100,0,,,100,7,,,,,,,,,,,,,,,,,,,,,,,,,,,,,,,,,75,25,100,0,100,0,100,0,100,0,78,22,100,0,100,0,98,5064,22,22,,,,,100,0,100,0,200,0,,,,,,,,,,,,,,,,,,,,,,,,,,,100,19913,100,17160318488,100,156290530475,,,,,,,,,,
2019-11-21,Z30571VN,ST4000DM000,4000787030016,0,114,62214104,,,93,0,100,7,100,0,85,340241679,,,78,19970,100,0,,,100,7,,,,,,,,,,,,,,,,,,,,,,,,,,,,,,,,,75,25,100,0,100,0,100,0,100,0,78,22,100,0,100,0,98,5065,22,22,,,,,100,0,100,0,200,0,,,,,,,,,,,,,,,,,,,,,,,,,,,100,19937,100,17202988456,100,156575195794,,,,,,,,,,
2019-11-22,Z30571VN,ST4000DM000,4000787030016,0,117,148314576,,,93,0,100,7,100,0,85,341050379,,,78,19994,100,0,,,100,7,,,,,,,,,,,,,,,,,,,,,,,,,,,,,,,,,75,25,100,0,100,0,100,0,100,0,78,22,100,0,100,0,98,5065,22,22,,,,,100,0,100,0,200,0,,,,,,,,,,,,,,,,,,,,,,,,,,,100,19961,100,17235858368,100,156871559922,,,,,,,,,,
2019-11-23,Z30571VN,ST4000DM000,4000787030016,0,111,32782264,,,93,0,100,7,100,0,85,342215076,,,78,20017,100,0,,,100,7,,,,,,,,,,,,,,,,,,,,,,,,,,,,,,,,,75,25,100,0,100,0,100,0,100,0,78,22,100,0,100,0,98,5065,22,22,,,,,100,0,100,0,200,0,,,,,,,,,,,,,,,,,,,,,,,,,,,100,19984,100,17280297456,100,157179882802,,,,,,,,,,
2019-11-24,Z30571VN,ST4000DM000,4000787030016,0,117,128894088,,,93,0,100,7,100,0,85,342985426,,,78,20041,100,0,,,100,7,,,,,,,,,,,,,,,,,,,,,,,,,,,,,,,,,75,25,100,0,100,0,100,0,100,0,79,21,100,0,100,0,98,5065,21,21,,,,,100,0,100,0,200,0,,,,,,,,,,,,,,,,,,,,,,,,,,,100,20008,100,17316115368,100,157400059991,,,,,,,,,,
2019-11-25,Z30571VN,ST4000DM000,4000787030016,0,118,189087144,,,93,0,100,7,100,0,85,343923420,,,78,20065,100,0,,,100,7,,,,,,,,,,,,,,,,,,,,,,,,,,,,,,,,,75,25,100,0,100,0,100,0,100,0,79,21,100,0,100,0,98,5065,21,21,,,,,100,0,100,0,200,0,,,,,,,,,,,,,,,,,,,,,,,,,,,100,20032,100,17362875568,100,157650955955,,,,,,,,,,
2019-11-26,Z30571VN,ST4000DM000,4000787030016,0,118,196527072,,,93,0,100,7,100,0,85,344498515,,,78,20089,100,0,,,100,7,,,,,,,,,,,,,,,,,,,,,,,,,,,,,,,,,75,25,100,0,100,0,100,0,100,0,79,21,100,0,100,0,98,5065,21,21,,,,,100,0,100,0,200,0,,,,,,,,,,,,,,,,,,,,,,,,,,,100,20056,100,17411632768,100,157963777415,,,,,,,,,,
2019-11-27,Z30571VN,ST4000DM000,4000787030016,0,114,64610240,,,93,0,100,7,100,0,85,345105211,,,78,20113,100,0,,,100,7,,,,,,,,,,,,,,,,,,,,,,,,,,,,,,,,,75,25,100,0,100,0,100,0,100,0,79,21,100,0,100,0,98,5065,21,21,,,,,100,0,100,0,200,0,,,,,,,,,,,,,,,,,,,,,,,,,,,100,20079,100,17456437000,100,158331796545,,,,,,,,,,
2019-11-28,Z30571VN,ST4000DM000,4000787030016,0,117,130972184,,,93,0,100,7,100,0,85,345690972,,,78,20136,100,0,,,100,7,,,,,,,,,,,,,,,,,,,,,,,,,,,,,,,,,75,25,100,0,100,0,100,0,100,0,79,21,100,0,100,0,98,5066,21,21,,,,,100,0,100,0,200,0,,,,,,,,,,,,,,,,,,,,,,,,,,,100,20103,100,17501805416,100,158644096830,,,,,,,,,,
2019-11-29,Z30571VN,ST4000DM000,4000787030016,0,118,182300200,,,93,0,100,7,100,0,85,346315107,,,77,20160,100,0,,,100,7,,,,,,,,,,,,,,,,,,,,,,,,,,,,,,,,,75,25,100,0,100,0,100,0,100,0,79,21,100,0,100,0,98,5066,21,21,,,,,100,0,100,0,200,0,,,,,,,,,,,,,,,,,,,,,,,,,,,100,20127,100,17536683456,100,158945791570,,,,,,,,,,
2019-11-30,Z30571VN,ST4000DM000,4000787030016,0,114,82570408,,,93,0,100,7,100,0,85,346773204,,,77,20184,100,0,,,100,7,,,,,,,,,,,,,,,,,,,,,,,,,,,,,,,,,75,25,100,0,100,0,100,0,100,0,79,21,100,0,100,0,98,5066,21,21,,,,,100,0,100,0,200,0,,,,,,,,,,,,,,,,,,,,,,,,,,,100,20151,100,17591285936,100,159237820839,,,,,,,,,,
2019-12-01,Z30571VN,ST4000DM000,4000787030016,0,108,20721288,,,93,0,100,7,100,0,85,347170062,,,77,20208,100,0,,,100,7,,,,,,,,,,,,,,,,,,,,,,,,,,,,,,,,,75,25,100,0,100,0,100,0,100,0,79,21,100,0,100,0,98,5066,21,21,,,,,100,0,100,0,200,0,,,,,,,,,,,,,,,,,,,,,,,,,,,100,20175,100,17634453072,100,159498689932,,,,,,,,,,
2019-12-02,Z30571VN,ST4000DM000,4000787030016,0,120,235294584,,,93,0,100,7,100,0,85,347962400,,,77,20232,100,0,,,100,7,,,,,,,,,,,,,,,,,,,,,,,,,,,,,,,,,75,25,100,0,100,0,100,0,100,0,79,21,100,0,100,0,98,5066,21,21,,,,,100,0,100,0,200,0,,,,,,,,,,,,,,,,,,,,,,,,,,,100,20199,100,17657074616,100,159795655323,,,,,,,,,,
2019-12-03,Z30571VN,ST4000DM000,4000787030016,0,117,157922968,,,93,0,100,7,100,0,85,348515530,,,77,20256,100,0,,,100,7,,,,,,,,,,,,,,,,,,,,,,,,,,,,,,,,,75,25,100,0,100,0,100,0,100,0,79,21,100,0,100,0,98,5066,21,21,,,,,100,0,100,0,200,0,,,,,,,,,,,,,,,,,,,,,,,,,,,100,20222,100,17693399368,100,160079501691,,,,,,,,,,
2019-12-04,Z30571VN,ST4000DM000,4000787030016,0,114,67369872,,,93,0,100,7,100,0,85,349033528,,,77,20279,100,0,,,100,7,,,,,,,,,,,,,,,,,,,,,,,,,,,,,,,,,75,25,100,0,100,0,100,0,100,0,79,21,100,0,100,0,98,5066,21,21,,,,,100,0,100,0,200,0,,,,,,,,,,,,,,,,,,,,,,,,,,,100,20246,100,17722303584,100,160429818895,,,,,,,,,,
2019-12-05,Z30571VN,ST4000DM000,4000787030016,0,115,98823440,,,93,0,100,7,100,0,85,349586682,,,77,20303,100,0,,,100,7,,,,,,,,,,,,,,,,,,,,,,,,,,,,,,,,,75,25,100,0,100,0,100,0,100,0,79,21,100,0,100,0,98,5067,21,21,,,,,100,0,100,0,200,0,,,,,,,,,,,,,,,,,,,,,,,,,,,100,20270,100,17750001944,100,160788327023,,,,,,,,,,
2019-12-06,Z30571VN,ST4000DM000,4000787030016,0,103,5311840,,,93,0,100,7,100,0,85,350327162,,,77,20327,100,0,,,100,7,,,,,,,,,,,,,,,,,,,,,,,,,,,,,,,,,75,25,100,0,100,0,100,0,100,0,79,21,100,0,100,0,98,5067,21,21,,,,,100,0,100,0,200,0,,,,,,,,,,,,,,,,,,,,,,,,,,,100,20294,100,17777982712,100,161122179894,,,,,,,,,,
2019-12-07,Z30571VN,ST4000DM000,4000787030016,0,111,32786600,,,93,0,100,7,100,0,85,351165687,,,77,20351,100,0,,,100,7,,,,,,,,,,,,,,,,,,,,,,,,,,,,,,,,,75,25,100,0,100,0,100,0,100,0,79,21,100,0,100,0,98,5067,21,21,,,,,100,0,100,0,200,0,,,,,,,,,,,,,,,,,,,,,,,,,,,100,20318,100,17804155680,100,161411791307,,,,,,,,,,
2019-12-08,Z30571VN,ST4000DM000,4000787030016,0,117,150308592,,,93,0,100,7,100,0,85,352170054,,,77,20375,100,0,,,100,7,,,,,,,,,,,,,,,,,,,,,,,,,,,,,,,,,75,25,100,0,100,0,100,0,100,0,79,21,100,0,100,0,98,5067,21,21,,,,,100,0,100,0,200,0,,,,,,,,,,,,,,,,,,,,,,,,,,,100,20342,100,17841363960,100,161687304052,,,,,,,,,,
2019-12-09,Z30571VN,ST4000DM000,4000787030016,0,115,87904944,,,93,0,100,7,100,0,85,352953117,,,77,20399,100,0,,,100,7,,,,,,,,,,,,,,,,,,,,,,,,,,,,,,,,,75,25,100,0,100,0,100,0,100,0,79,21,100,0,100,0,98,5067,21,21,,,,,100,0,100,0,200,0,,,,,,,,,,,,,,,,,,,,,,,,,,,100,20366,100,17870817136,100,161899189362,,,,,,,,,,
2019-12-10,Z30571VN,ST4000DM000,4000787030016,0,120,240355264,,,93,0,100,7,100,0,85,353571919,,,77,20423,100,0,,,100,7,,,,,,,,,,,,,,,,,,,,,,,,,,,,,,,,,75,25,100,0,100,0,100,0,100,0,79,21,100,0,100,0,98,5067,21,21,,,,,100,0,100,0,200,0,,,,,,,,,,,,,,,,,,,,,,,,,,,100,20389,100,17900194336,100,162181754570,,,,,,,,,,
2019-12-11,Z30571VN,ST4000DM000,4000787030016,0,111,36720520,,,93,0,100,7,100,0,85,354040652,,,77,20446,100,0,,,100,7,,,,,,,,,,,,,,,,,,,,,,,,,,,,,,,,,75,25,100,0,100,0,100,0,100,0,79,21,100,0,100,0,98,5067,21,21,,,,,100,0,100,0,200,0,,,,,,,,,,,,,,,,,,,,,,,,,,,100,20413,100,17927902032,100,162537781296,,,,,,,,,,
2019-12-12,Z30571VN,ST4000DM000,4000787030016,0,114,76204472,,,93,0,100,7,100,0,85,354583255,,,77,20470,100,0,,,100,7,,,,,,,,,,,,,,,,,,,,,,,,,,,,,,,,,75,25,100,0,100,0,100,0,100,0,79,21,100,0,100,0,98,5069,21,21,,,,,100,0,100,0,200,0,,,,,,,,,,,,,,,,,,,,,,,,,,,100,20437,100,17960621432,100,162845917120,,,,,,,,,,
2019-12-13,Z30571VN,ST4000DM000,4000787030016,0,105,9719664,,,93,0,100,7,100,0,85,355240654,,,77,20494,100,0,,,100,7,,,,,,,,,,,,,,,,,,,,,,,,,,,,,,,,,75,25,100,0,100,0,100,0,100,0,78,22,100,0,100,0,98,5069,22,22,,,,,100,0,100,0,200,0,,,,,,,,,,,,,,,,,,,,,,,,,,,100,20461,100,17987783664,100,163177326607,,,,,,,,,,
2019-12-14,Z30571VN,ST4000DM000,4000787030016,0,119,229755936,,,93,0,100,7,100,0,85,355731756,,,77,20518,100,0,,,100,7,,,,,,,,,,,,,,,,,,,,,,,,,,,,,,,,,75,25,100,0,100,0,100,0,100,0,79,21,100,0,100,0,98,5069,21,21,,,,,100,0,100,0,200,0,,,,,,,,,,,,,,,,,,,,,,,,,,,100,20485,100,18016675936,100,163480387644,,,,,,,,,,
2019-12-15,Z30571VN,ST4000DM000,4000787030016,0,109,23760840,,,93,0,100,7,100,0,85,356154648,,,77,20542,100,0,,,100,7,,,,,,,,,,,,,,,,,,,,,,,,,,,,,,,,,75,25,100,0,100,0,100,0,100,0,79,21,100,0,100,0,98,5069,21,21,,,,,100,0,100,0,200,0,,,,,,,,,,,,,,,,,,,,,,,,,,,100,20508,100,18051168264,100,163763259056,,,,,,,,,,
2019-12-16,Z30571VN,ST4000DM000,4000787030016,0,117,121169816,,,93,0,100,7,100,0,85,356695987,,,77,20565,100,0,,,100,7,,,,,,,,,,,,,,,,,,,,,,,,,,,,,,,,,75,25,100,0,100,0,100,0,100,0,79,21,100,0,100,0,98,5069,21,21,,,,,100,0,100,0,200,0,,,,,,,,,,,,,,,,,,,,,,,,,,,100,20532,100,18075464480,100,164014430200,,,,,,,,,,
2019-12-17,Z30571VN,ST4000DM000,4000787030016,0,112,49869256,,,93,0,100,7,100,0,85,357170126,,,77,20589,100,0,,,100,7,,,,,,,,,,,,,,,,,,,,,,,,,,,,,,,,,75,25,100,0,100,0,100,0,100,0,79,21,100,0,100,0,98,5069,21,21,,,,,100,0,100,0,200,0,,,,,,,,,,,,,,,,,,,,,,,,,,,100,20556,100,18099824664,100,164296566931,,,,,,,,,,
2019-12-18,Z30571VN,ST4000DM000,4000787030016,0,115,89005640,,,93,0,100,7,100,0,85,357709979,,,77,20613,100,0,,,100,7,,,,,,,,,,,,,,,,,,,,,,,,,,,,,,,,,75,25,100,0,100,0,100,0,100,0,79,21,100,0,100,0,98,5069,21,21,,,,,100,0,100,0,200,0,,,,,,,,,,,,,,,,,,,,,,,,,,,100,20580,100,18135940080,100,164629601606,,,,,,,,,,
2019-12-19,Z30571VN,ST4000DM000,4000787030016,0,119,210472120,,,93,0,100,7,100,0,85,358236907,,,77,20637,100,0,,,100,7,,,,,,,,,,,,,,,,,,,,,,,,,,,,,,,,,75,25,100,0,100,0,100,0,100,0,79,21,100,0,100,0,98,5070,21,21,,,,,100,0,100,0,200,0,,,,,,,,,,,,,,,,,,,,,,,,,,,100,20603,100,18162152520,100,164947896923,,,,,,,,,,
2019-12-20,Z30571VN,ST4000DM000,4000787030016,0,114,70002424,,,93,0,100,7,100,0,85,359644059,,,77,20672,100,0,,,100,7,,,,,,,,,,,,,,,,,,,,,,,,,,,,,,,,,75,25,100,0,100,0,100,0,100,0,79,21,100,0,100,0,98,5072,21,21,,,,,100,0,100,0,200,0,,,,,,,,,,,,,,,,,,,,,,,,,,,100,20639,100,18205829392,100,165442492451,,,,,,,,,,
2019-12-21,Z30571VN,ST4000DM000,4000787030016,0,114,77250504,,,93,0,100,7,100,0,85,360667922,,,77,20696,100,0,,,100,7,,,,,,,,,,,,,,,,,,,,,,,,,,,,,,,,,75,25,100,0,100,0,100,0,100,0,79,21,100,0,100,0,98,5072,21,21,,,,,100,0,100,0,200,0,,,,,,,,,,,,,,,,,,,,,,,,,,,100,20663,100,18233291648,100,165742007642,,,,,,,,,,
2019-12-22,Z30571VN,ST4000DM000,4000787030016,0,114,62614992,,,93,0,100,7,100,0,85,361474208,,,77,20720,100,0,,,100,7,,,,,,,,,,,,,,,,,,,,,,,,,,,,,,,,,75,25,100,0,100,0,100,0,100,0,79,21,100,0,100,0,98,5072,21,21,,,,,100,0,100,0,200,0,,,,,,,,,,,,,,,,,,,,,,,,,,,100,20687,100,18256140168,100,165938684311,,,,,,,,,,
2019-12-23,Z30571VN,ST4000DM000,4000787030016,0,114,82248736,,,93,0,100,7,100,0,85,362319367,,,77,20744,100,0,,,100,7,,,,,,,,,,,,,,,,,,,,,,,,,,,,,,,,,75,25,100,0,100,0,100,0,100,0,79,21,100,0,100,0,98,5072,21,21,,,,,100,0,100,0,200,0,,,,,,,,,,,,,,,,,,,,,,,,,,,100,20710,100,18284096808,100,166218796543,,,,,,,,,,
2019-12-24,Z30571VN,ST4000DM000,4000787030016,0,119,224193240,,,93,0,100,7,100,0,85,362828628,,,77,20767,100,0,,,100,7,,,,,,,,,,,,,,,,,,,,,,,,,,,,,,,,,75,25,100,0,100,0,100,0,100,0,79,21,100,0,100,0,98,5072,21,21,,,,,100,0,100,0,200,0,,,,,,,,,,,,,,,,,,,,,,,,,,,100,20734,100,18311587232,100,166512483673,,,,,,,,,,
2019-12-25,Z30571VN,ST4000DM000,4000787030016,0,117,148713888,,,93,0,100,7,100,0,85,363236327,,,77,20791,100,0,,,100,7,,,,,,,,,,,,,,,,,,,,,,,,,,,,,,,,,75,25,100,0,100,0,100,0,100,0,79,21,100,0,100,0,98,5072,21,21,,,,,100,0,100,0,200,0,,,,,,,,,,,,,,,,,,,,,,,,,,,100,20758,100,18332818312,100,166859714649,,,,,,,,,,
2019-12-26,Z30571VN,ST4000DM000,4000787030016,0,119,205698312,,,93,0,100,7,100,0,85,363669062,,,77,20815,100,0,,,100,7,,,,,,,,,,,,,,,,,,,,,,,,,,,,,,,,,75,25,100,0,100,0,100,0,100,0,79,21,100,0,100,0,98,5072,21,21,,,,,100,0,100,0,200,0,,,,,,,,,,,,,,,,,,,,,,,,,,,100,20782,100,18344751096,100,167198743545,,,,,,,,,,
2019-12-27,Z30571VN,ST4000DM000,4000787030016,0,102,4405928,,,93,0,100,7,100,0,85,364364744,,,77,20839,100,0,,,100,7,,,,,,,,,,,,,,,,,,,,,,,,,,,,,,,,,75,25,100,0,100,0,100,0,100,0,79,21,100,0,100,0,98,5072,21,21,,,,,100,0,100,0,200,0,,,,,,,,,,,,,,,,,,,,,,,,,,,100,20806,100,18363722880,100,167512658239,,,,,,,,,,
2019-12-28,Z30571VN,ST4000DM000,4000787030016,0,112,44063968,,,93,0,100,7,100,0,85,364812258,,,77,20863,100,0,,,100,7,,,,,,,,,,,,,,,,,,,,,,,,,,,,,,,,,75,25,100,0,100,0,100,0,100,0,79,21,100,0,100,0,98,5072,21,21,,,,,100,0,100,0,200,0,,,,,,,,,,,,,,,,,,,,,,,,,,,100,20829,100,18377554040,100,167830472666,,,,,,,,,,
2019-12-29,Z30571VN,ST4000DM000,4000787030016,0,112,44885792,,,93,0,100,7,100,0,85,365341215,,,77,20886,100,0,,,100,7,,,,,,,,,,,,,,,,,,,,,,,,,,,,,,,,,75,25,100,0,100,0,100,0,100,0,79,21,100,0,100,0,98,5073,21,21,,,,,100,0,100,0,200,0,,,,,,,,,,,,,,,,,,,,,,,,,,,100,20853,100,18400172144,100,168064610468,,,,,,,,,,
2019-12-30,Z30571VN,ST4000DM000,4000787030016,0,117,143612056,,,93,0,100,7,100,0,85,365744973,,,77,20910,100,0,,,100,7,,,,,,,,,,,,,,,,,,,,,,,,,,,,,,,,,75,25,100,0,100,0,100,0,100,0,79,21,100,0,100,0,98,5073,21,21,,,,,100,0,100,0,200,0,,,,,,,,,,,,,,,,,,,,,,,,,,,100,20877,100,18424254304,100,168346273722,,,,,,,,,,
2019-12-31,Z30571VN,ST4000DM000,4000787030016,0,117,165529520,,,93,0,100,7,100,0,85,366190157,,,77,20934,100,0,,,100,7,,,,,,,,,,,,,,,,,,,,,,,,,,,,,,,,,75,25,100,0,100,0,100,0,100,0,79,21,100,0,100,0,98,5073,21,21,,,,,100,0,100,0,200,0,,,,,,,,,,,,,,,,,,,,,,,,,,,100,20901,100,18441393368,100,168679187375,,,,,,,,,,
