2019-01-01,Z305AQZ6,ST4000DM000,4000787030016,0,119,202931584,,,95,0,100,5,100,0,76,44252735,,,70,26873,100,0,,,100,5,,,,,,,,,,,,,,,,,,,,,,,,,,,,,,,100,0,100,0,100,0,100,0,100,0,77,23,100,0,100,0,37,127651,23,23,,,,,100,0,100,0,200,0,,,,,,,,,,,,,,,,,,,,,,,,,,,100,26242,100,27626752528,100,125036541096,,,,,,,,,,
2019-01-02,Z305AQZ6,ST4000DM000,4000787030016,0,120,242770680,,,95,0,100,5,100,0,76,45128974,,,70,26897,100,0,,,100,5,,,,,,,,,,,,,,,,,,,,,,,,,,,,,,,100,0,100,0,100,0,100,0,100,0,77,23,100,0,100,0,37,127651,23,23,,,,,100,0,100,0,200,0,,,,,,,,,,,,,,,,,,,,,,,,,,,100,26266,100,27628653288,100,125213440610,,,,,,,,,,
2019-01-03,Z305AQZ6,ST4000DM000,4000787030016,0,118,198730592,,,95,0,100,5,100,0,76,46512272,,,70,26921,100,0,,,100,5,,,,,,,,,,,,,,,,,,,,,,,,,,,,,,,100,0,100,0,100,0,100,0,100,0,73,27,100,0,100,0,37,127651,27,27,,,,,100,0,100,0,200,0,,,,,,,,,,,,,,,,,,,,,,,,,,,100,26290,100,27633086072,100,125370563863,,,,,,,,,,
2019-01-04,Z305AQZ6,ST4000DM000,4000787030016,0,113,52281168,,,95,0,100,5,100,0,76,48014807,,,70,26945,100,0,,,100,5,,,,,,,,,,,,,,,,,,,,,,,,,,,,,,,100,0,100,0,100,0,100,0,100,0,75,25,100,0,100,0,37,127651,25,25,,,,,100,0,100,0,200,0,,,,,,,,,,,,,,,,,,,,,,,,,,,100,26314,100,27634852024,100,125545759347,,,,,,,,,,
2019-01-05,Z305AQZ6,ST4000DM000,4000787030016,0,115,92991040,,,95,0,100,5,100,0,76,48969586,,,70,26969,100,0,,,100,5,,,,,,,,,,,,,,,,,,,,,,,,,,,,,,,100,0,100,0,100,0,100,0,100,0,75,25,100,0,100,0,37,127651,25,25,,,,,100,0,100,0,200,0,,,,,,,,,,,,,,,,,,,,,,,,,,,100,26338,100,27636781808,100,125712896449,,,,,,,,,,
2019-01-06,Z305AQZ6,ST4000DM000,4000787030016,0,117,127043208,,,95,0,100,5,100,0,76,50041395,,,70,26993,100,0,,,100,5,,,,,,,,,,,,,,,,,,,,,,,,,,,,,,,100,0,100,0,100,0,100,0,100,0,76,24,100,0,100,0,37,127651,24,24,,,,,100,0,100,0,200,0,,,,,,,,,,,,,,,,,,,,,,,,,,,100,26362,100,27638682288,100,125868366548,,,,,,,,,,
2019-01-07,Z305AQZ6,ST4000DM000,4000787030016,0,117,148092672,,,95,0,100,5,100,0,77,51282667,,,70,27017,100,0,,,100,5,,,,,,,,,,,,,,,,,,,,,,,,,,,,,,,100,0,100,0,100,0,100,0,100,0,77,23,100,0,100,0,37,127651,23,23,,,,,100,0,100,0,200,0,,,,,,,,,,,,,,,,,,,,,,,,,,,100,26386,100,27641955464,100,126010299039,,,,,,,,,,
2019-01-08,Z305AQZ6,ST4000DM000,4000787030016,0,115,93336896,,,95,0,100,5,100,0,77,52624653,,,70,27041,100,0,,,100,5,,,,,,,,,,,,,,,,,,,,,,,,,,,,,,,100,0,100,0,100,0,100,0,100,0,76,24,100,0,100,0,37,127651,24,24,,,,,100,0,100,0,200,0,,,,,,,,,,,,,,,,,,,,,,,,,,,100,26410,100,27645960856,100,126151508689,,,,,,,,,,
2019-01-09,Z305AQZ6,ST4000DM000,4000787030016,0,117,150674176,,,95,0,100,5,100,0,77,53081126,,,70,27065,100,0,,,100,5,,,,,,,,,,,,,,,,,,,,,,,,,,,,,,,100,0,100,0,100,0,100,0,100,0,77,23,100,0,100,0,37,127651,23,23,,,,,100,0,100,0,200,0,,,,,,,,,,,,,,,,,,,,,,,,,,,100,26434,100,27647625456,100,126290825200,,,,,,,,,,
2019-01-10,Z305AQZ6,ST4000DM000,4000787030016,0,118,191567944,,,95,0,100,5,100,0,77,53606906,,,70,27083,100,0,,,100,5,,,,,,,,,,,,,,,,,,,,,,,,,,,,,,,100,0,100,0,100,0,100,0,100,0,77,23,100,0,100,0,37,127651,23,23,,,,,100,0,100,0,200,0,,,,,,,,,,,,,,,,,,,,,,,,,,,100,26453,100,27650475608,100,126345700198,,,,,,,,,,
2019-01-11,Z305AQZ6,ST4000DM000,4000787030016,0,111,37304544,,,95,0,100,5,100,0,77,53757931,,,70,27105,100,0,,,100,5,,,,,,,,,,,,,,,,,,,,,,,,,,,,,,,100,0,100,0,100,0,100,0,100,0,77,23,100,0,100,0,37,127651,23,23,,,,,100,0,100,0,200,0,,,,,,,,,,,,,,,,,,,,,,,,,,,100,26474,100,27651672656,100,126371632371,,,,,,,,,,
2019-01-12,Z305AQZ6,ST4000DM000,4000787030016,0,118,170868208,,,95,0,100,5,100,0,77,54277386,,,70,27128,100,0,,,100,5,,,,,,,,,,,,,,,,,,,,,,,,,,,,,,,100,0,100,0,100,0,100,0,100,0,77,23,100,0,100,0,37,127651,23,23,,,,,100,0,100,0,200,0,,,,,,,,,,,,,,,,,,,,,,,,,,,100,26497,100,27654031920,100,126513396972,,,,,,,,,,
2019-01-13,Z305AQZ6,ST4000DM000,4000787030016,0,115,86245128,,,95,0,100,5,100,0,77,54786795,,,69,27163,100,0,,,100,5,,,,,,,,,,,,,,,,,,,,,,,,,,,,,,,100,0,100,0,100,0,100,0,100,0,76,24,100,0,100,0,37,127651,24,24,,,,,100,0,100,0,200,0,,,,,,,,,,,,,,,,,,,,,,,,,,,100,26532,100,27656688160,100,126658102770,,,,,,,,,,
2019-01-14,Z305AQZ6,ST4000DM000,4000787030016,0,102,4150576,,,95,0,100,5,100,0,77,55547573,,,69,27187,100,0,,,100,5,,,,,,,,,,,,,,,,,,,,,,,,,,,,,,,100,0,100,0,100,0,100,0,100,0,77,23,100,0,100,0,37,127651,23,23,,,,,100,0,100,0,200,0,,,,,,,,,,,,,,,,,,,,,,,,,,,100,26556,100,27658984224,100,126798778367,,,,,,,,,,
2019-01-15,Z305AQZ6,ST4000DM000,4000787030016,0,111,31701808,,,95,0,100,5,100,0,77,56289714,,,69,27210,100,0,,,100,5,,,,,,,,,,,,,,,,,,,,,,,,,,,,,,,100,0,100,0,100,0,100,0,100,0,76,24,100,0,100,0,37,127651,24,24,,,,,100,0,100,0,200,0,,,,,,,,,,,,,,,,,,,,,,,,,,,100,26579,100,27661890000,100,126927756268,,,,,,,,,,
2019-01-16,Z305AQZ6,ST4000DM000,4000787030016,0,115,85369920,,,95,0,100,5,100,0,77,56704975,,,69,27233,100,0,,,100,5,,,,,,,,,,,,,,,,,,,,,,,,,,,,,,,100,0,100,0,100,0,100,0,100,0,76,24,100,0,100,0,37,127651,24,24,,,,,100,0,100,0,200,0,,,,,,,,,,,,,,,,,,,,,,,,,,,100,26603,100,27664472224,100,127072155120,,,,,,,,,,
2019-01-17,Z305AQZ6,ST4000DM000,4000787030016,0,111,33299024,,,95,0,100,5,100,0,77,57464343,,,69,27257,100,0,,,100,5,,,,,,,,,,,,,,,,,,,,,,,,,,,,,,,100,0,100,0,100,0,100,0,100,0,76,24,100,0,100,0,37,127651,24,24,,,,,100,0,100,0,200,0,,,,,,,,,,,,,,,,,,,,,,,,,,,100,26626,100,27668784224,100,127217809478,,,,,,,,,,
2019-01-18,Z305AQZ6,ST4000DM000,4000787030016,0,119,233304592,,,95,0,100,5,100,0,77,57855237,,,69,27281,100,0,,,100,5,,,,,,,,,,,,,,,,,,,,,,,,,,,,,,,100,0,100,0,100,0,100,0,100,0,76,24,100,0,100,0,37,127651,24,24,,,,,100,0,100,0,200,0,,,,,,,,,,,,,,,,,,,,,,,,,,,100,26650,100,27671247800,100,127378549327,,,,,,,,,,
2019-01-19,Z305AQZ6,ST4000DM000,4000787030016,0,117,155670280,,,95,0,100,5,100,0,77,58247274,,,69,27304,100,0,,,100,5,,,,,,,,,,,,,,,,,,,,,,,,,,,,,,,100,0,100,0,100,0,100,0,100,0,76,24,100,0,100,0,37,127651,24,24,,,,,100,0,100,0,200,0,,,,,,,,,,,,,,,,,,,,,,,,,,,100,26673,100,27673331128,100,127546144287,,,,,,,,,,
2019-01-20,Z305AQZ6,ST4000DM000,4000787030016,0,117,145130336,,,95,0,100,5,100,0,77,58554079,,,69,27328,100,0,,,100,5,,,,,,,,,,,,,,,,,,,,,,,,,,,,,,,100,0,100,0,100,0,100,0,100,0,77,23,100,0,100,0,37,127651,23,23,,,,,100,0,100,0,200,0,,,,,,,,,,,,,,,,,,,,,,,,,,,100,26697,100,27675346816,100,127686227188,,,,,,,,,,
2019-01-21,Z305AQZ6,ST4000DM000,4000787030016,0,110,26430864,,,95,0,100,5,100,0,78,59433088,,,69,27351,100,0,,,100,5,,,,,,,,,,,,,,,,,,,,,,,,,,,,,,,100,0,100,0,100,0,100,0,100,0,76,24,100,0,100,0,37,127651,24,24,,,,,100,0,100,0,200,0,,,,,,,,,,,,,,,,,,,,,,,,,,,100,26720,100,27678201640,100,127845218364,,,,,,,,,,
2019-01-22,Z305AQZ6,ST4000DM000,4000787030016,0,117,148586488,,,95,0,100,5,100,0,78,60637669,,,69,27375,100,0,,,100,5,,,,,,,,,,,,,,,,,,,,,,,,,,,,,,,100,0,100,0,100,0,100,0,100,0,77,23,100,0,100,0,37,127651,23,23,,,,,100,0,100,0,200,0,,,,,,,,,,,,,,,,,,,,,,,,,,,100,26744,100,27682101448,100,128034524344,,,,,,,,,,
2019-01-23,Z305AQZ6,ST4000DM000,4000787030016,0,120,727144,,,95,0,100,5,100,0,78,61464478,,,69,27398,100,0,,,100,5,,,,,,,,,,,,,,,,,,,,,,,,,,,,,,,100,0,100,0,100,0,100,0,100,0,77,23,100,0,100,0,37,127651,23,23,,,,,100,0,100,0,200,0,,,,,,,,,,,,,,,,,,,,,,,,,,,100,26767,100,27684112280,100,128187314594,,,,,,,,,,
2019-01-24,Z305AQZ6,ST4000DM000,4000787030016,0,118,177973096,,,95,0,100,5,100,0,78,62974005,,,69,27422,100,0,,,100,5,,,,,,,,,,,,,,,,,,,,,,,,,,,,,,,100,0,100,0,100,0,100,0,100,0,77,23,100,0,100,0,37,127651,23,23,,,,,100,0,100,0,200,0,,,,,,,,,,,,,,,,,,,,,,,,,,,100,26791,100,27687485344,100,128353155860,,,,,,,,,,
2019-01-25,Z305AQZ6,ST4000DM000,4000787030016,0,111,37942968,,,95,0,100,5,100,0,78,64387910,,,69,27445,100,0,,,100,5,,,,,,,,,,,,,,,,,,,,,,,,,,,,,,,100,0,100,0,100,0,100,0,100,0,77,23,100,0,100,0,37,127651,23,23,,,,,100,0,100,0,200,0,,,,,,,,,,,,,,,,,,,,,,,,,,,100,26814,100,27689938896,100,128523520228,,,,,,,,,,
2019-01-26,Z305AQZ6,ST4000DM000,4000787030016,0,116,116677712,,,95,0,100,5,100,0,78,65381230,,,69,27468,100,0,,,100,5,,,,,,,,,,,,,,,,,,,,,,,,,,,,,,,100,0,100,0,100,0,100,0,100,0,77,23,100,0,100,0,37,127651,23,23,,,,,100,0,100,0,200,0,,,,,,,,,,,,,,,,,,,,,,,,,,,100,26838,100,27692019632,100,128683867548,,,,,,,,,,
2019-01-27,Z305AQZ6,ST4000DM000,4000787030016,0,118,194204112,,,95,0,100,5,100,0,78,66683751,,,69,27492,100,0,,,100,5,,,,,,,,,,,,,,,,,,,,,,,,,,,,,,,100,0,100,0,100,0,100,0,100,0,77,23,100,0,100,0,37,127651,23,23,,,,,100,0,100,0,200,0,,,,,,,,,,,,,,,,,,,,,,,,,,,100,26861,100,27694905496,100,128821078381,,,,,,,,,,
2019-01-28,Z305AQZ6,ST4000DM000,4000787030016,0,117,131648232,,,95,0,100,5,100,0,78,67905735,,,69,27515,100,0,,,100,5,,,,,,,,,,,,,,,,,,,,,,,,,,,,,,,100,0,100,0,100,0,100,0,100,0,77,23,100,0,100,0,37,127651,23,23,,,,,100,0,100,0,200,0,,,,,,,,,,,,,,,,,,,,,,,,,,,100,26885,100,27696784944,100,128965709793,,,,,,,,,,
2019-01-29,Z305AQZ6,ST4000DM000,4000787030016,0,116,106407608,,,95,0,100,5,100,0,78,68674332,,,69,27539,100,0,,,100,5,,,,,,,,,,,,,,,,,,,,,,,,,,,,,,,100,0,100,0,100,0,100,0,100,0,77,23,100,0,100,0,37,127651,23,23,,,,,100,0,100,0,200,0,,,,,,,,,,,,,,,,,,,,,,,,,,,100,26908,100,27700495344,100,129106988959,,,,,,,,,,
2019-01-30,Z305AQZ6,ST4000DM000,4000787030016,0,115,88064264,,,95,0,100,5,100,0,78,69350916,,,69,27562,100,0,,,100,5,,,,,,,,,,,,,,,,,,,,,,,,,,,,,,,100,0,100,0,100,0,100,0,100,0,77,23,100,0,100,0,37,127651,23,23,,,,,100,0,100,0,200,0,,,,,,,,,,,,,,,,,,,,,,,,,,,100,26932,100,27703346344,100,129196658814,,,,,,,,,,
2019-01-31,Z305AQZ6,ST4000DM000,4000787030016,0,117,128473536,,,95,0,100,5,100,0,78,69552430,,,69,27586,100,0,,,100,5,,,,,,,,,,,,,,,,,,,,,,,,,,,,,,,100,0,100,0,100,0,100,0,100,0,77,23,100,0,100,0,37,127651,23,23,,,,,100,0,100,0,200,0,,,,,,,,,,,,,,,,,,,,,,,,,,,100,26955,100,27705045656,100,129243765886,,,,,,,,,,
2019-02-01,Z305AQZ6,ST4000DM000,4000787030016,0,112,46565536,,,95,0,100,5,100,0,78,71165974,,,69,27609,100,0,,,100,5,,,,,,,,,,,,,,,,,,,,,,,,,,,,,,,100,0,100,0,100,0,100,0,100,0,77,23,100,0,100,0,37,127651,23,23,,,,,100,0,100,0,200,0,,,,,,,,,,,,,,,,,,,,,,,,,,,100,26978,100,27709787928,100,129655952691,,,,,,,,,,
2019-02-02,Z305AQZ6,ST4000DM000,4000787030016,0,119,201717824,,,95,0,100,5,100,0,78,72495887,,,69,27633,100,0,,,100,5,,,,,,,,,,,,,,,,,,,,,,,,,,,,,,,100,0,100,0,100,0,100,0,100,0,77,23,100,0,100,0,37,127651,23,23,,,,,100,0,100,0,200,0,,,,,,,,,,,,,,,,,,,,,,,,,,,100,27002,100,27714992224,100,130204628673,,,,,,,,,,
2019-02-03,Z305AQZ6,ST4000DM000,4000787030016,0,119,208662952,,,95,0,100,5,100,0,78,74467945,,,69,27656,100,0,,,100,5,,,,,,,,,,,,,,,,,,,,,,,,,,,,,,,100,0,100,0,100,0,100,0,100,0,76,24,100,0,100,0,37,127651,24,24,,,,,100,0,100,0,200,0,,,,,,,,,,,,,,,,,,,,,,,,,,,100,27025,100,27720002104,100,130842629831,,,,,,,,,,
2019-02-04,Z305AQZ6,ST4000DM000,4000787030016,0,118,171096136,,,95,0,100,5,100,0,78,78289980,,,69,27680,100,0,,,100,5,,,,,,,,,,,,,,,,,,,,,,,,,,,,,,,100,0,100,0,100,0,100,0,100,0,76,24,100,0,100,0,37,127651,24,24,,,,,100,0,100,0,200,0,,,,,,,,,,,,,,,,,,,,,,,,,,,100,27049,100,27726149992,100,131399480972,,,,,,,,,,
2019-02-05,Z305AQZ6,ST4000DM000,4000787030016,0,113,58623072,,,95,0,100,5,100,0,78,81558507,,,69,27703,100,0,,,100,5,,,,,,,,,,,,,,,,,,,,,,,,,,,,,,,100,0,100,0,100,0,100,0,100,0,77,23,100,0,100,0,37,127651,23,23,,,,,100,0,100,0,200,0,,,,,,,,,,,,,,,,,,,,,,,,,,,100,27072,100,27731600528,100,131896554948,,,,,,,,,,
2019-02-06,Z305AQZ6,ST4000DM000,4000787030016,0,117,167080880,,,95,0,100,5,100,0,78,82610746,,,69,27727,100,0,,,100,5,,,,,,,,,,,,,,,,,,,,,,,,,,,,,,,100,0,100,0,100,0,100,0,100,0,76,24,100,0,100,0,37,127651,24,24,,,,,100,0,100,0,200,0,,,,,,,,,,,,,,,,,,,,,,,,,,,100,27096,100,27734577224,100,132222599449,,,,,,,,,,
2019-02-07,Z305AQZ6,ST4000DM000,4000787030016,0,116,114552256,,,95,0,100,5,100,0,79,84226890,,,69,27750,100,0,,,100,5,,,,,,,,,,,,,,,,,,,,,,,,,,,,,,,100,0,100,0,100,0,100,0,100,0,76,24,100,0,100,0,37,127651,24,24,,,,,100,0,100,0,200,0,,,,,,,,,,,,,,,,,,,,,,,,,,,100,27120,100,27739479728,100,132745928949,,,,,,,,,,
2019-02-08,Z305AQZ6,ST4000DM000,4000787030016,0,119,219765432,,,95,0,100,5,100,0,79,85558194,,,69,27773,100,0,,,100,5,,,,,,,,,,,,,,,,,,,,,,,,,,,,,,,100,0,100,0,100,0,100,0,100,0,76,24,100,0,100,0,37,127651,24,24,,,,,100,0,100,0,200,0,,,,,,,,,,,,,,,,,,,,,,,,,,,100,27143,100,27744354680,100,133293514409,,,,,,,,,,
2019-02-09,Z305AQZ6,ST4000DM000,4000787030016,0,116,101307304,,,95,0,100,5,100,0,79,88744969,,,69,27797,100,0,,,100,5,,,,,,,,,,,,,,,,,,,,,,,,,,,,,,,100,0,100,0,100,0,100,0,100,0,76,24,100,0,100,0,37,127651,24,24,,,,,100,0,100,0,200,0,,,,,,,,,,,,,,,,,,,,,,,,,,,100,27166,100,27748991248,100,133881190781,,,,,,,,,,
2019-02-10,Z305AQZ6,ST4000DM000,4000787030016,0,117,134320824,,,95,0,100,5,100,0,79,91746026,,,69,27821,100,0,,,100,5,,,,,,,,,,,,,,,,,,,,,,,,,,,,,,,100,0,100,0,100,0,100,0,100,0,76,24,100,0,100,0,37,127651,24,24,,,,,100,0,100,0,200,0,,,,,,,,,,,,,,,,,,,,,,,,,,,100,27190,100,27752350384,100,134334292246,,,,,,,,,,
2019-02-11,Z305AQZ6,ST4000DM000,4000787030016,0,118,185735616,,,95,0,100,5,100,0,79,94009099,,,69,27856,100,0,,,100,5,,,,,,,,,,,,,,,,,,,,,,,,,,,,,,,100,0,100,0,100,0,100,0,100,0,75,25,100,0,100,0,37,127651,25,25,,,,,100,0,100,0,200,0,,,,,,,,,,,,,,,,,,,,,,,,,,,100,27225,100,27758397736,100,134767237547,,,,,,,,,,
2019-02-12,Z305AQZ6,ST4000DM000,4000787030016,0,120,241017464,,,95,0,100,5,100,0,79,94851134,,,69,27867,100,0,,,100,5,,,,,,,,,,,,,,,,,,,,,,,,,,,,,,,100,0,100,0,100,0,100,0,100,0,76,24,100,0,100,0,37,127651,24,24,,,,,100,0,100,0,200,0,,,,,,,,,,,,,,,,,,,,,,,,,,,100,27237,100,27760970752,100,134923147340,,,,,,,,,,
2019-02-13,Z305AQZ6,ST4000DM000,4000787030016,0,117,146831392,,,95,0,100,5,100,0,79,95999539,,,69,27891,100,0,,,100,5,,,,,,,,,,,,,,,,,,,,,,,,,,,,,,,100,0,100,0,100,0,100,0,100,0,76,24,100,0,100,0,37,127651,24,24,,,,,100,0,100,0,200,0,,,,,,,,,,,,,,,,,,,,,,,,,,,100,27260,100,27764396848,100,135301219457,,,,,,,,,,
2019-02-14,Z305AQZ6,ST4000DM000,4000787030016,0,119,202646216,,,95,0,100,5,100,0,79,96864154,,,69,27914,100,0,,,100,5,,,,,,,,,,,,,,,,,,,,,,,,,,,,,,,100,0,100,0,100,0,100,0,100,0,77,23,100,0,100,0,37,127651,23,23,,,,,100,0,100,0,200,0,,,,,,,,,,,,,,,,,,,,,,,,,,,100,27283,100,27768665152,100,135691901674,,,,,,,,,,
2019-02-15,Z305AQZ6,ST4000DM000,4000787030016,0,119,209083944,,,95,0,100,5,100,0,79,97917086,,,69,27938,100,0,,,100,5,,,,,,,,,,,,,,,,,,,,,,,,,,,,,,,100,0,100,0,100,0,100,0,100,0,77,23,100,0,100,0,37,127651,23,23,,,,,100,0,100,0,200,0,,,,,,,,,,,,,,,,,,,,,,,,,,,100,27307,100,27774443960,100,136033674739,,,,,,,,,,
2019-02-16,Z305AQZ6,ST4000DM000,4000787030016,0,117,163344352,,,95,0,100,5,100,0,79,99596565,,,69,27961,100,0,,,100,5,,,,,,,,,,,,,,,,,,,,,,,,,,,,,,,100,0,100,0,100,0,100,0,100,0,76,24,100,0,100,0,37,127651,24,24,,,,,100,0,100,0,200,0,,,,,,,,,,,,,,,,,,,,,,,,,,,100,27331,100,27777527744,100,136380963730,,,,,,,,,,
2019-02-17,Z305AQZ6,ST4000DM000,4000787030016,0,117,150640232,,,95,0,100,5,100,0,80,102758121,,,69,27997,100,0,,,100,5,,,,,,,,,,,,,,,,,,,,,,,,,,,,,,,100,0,100,0,100,0,100,0,100,0,77,23,100,0,100,0,37,127651,23,23,,,,,100,0,100,0,200,0,,,,,,,,,,,,,,,,,,,,,,,,,,,100,27366,100,27783126056,100,136770921388,,,,,,,,,,
2019-02-18,Z305AQZ6,ST4000DM000,4000787030016,0,113,54623960,,,95,0,100,5,100,0,80,104226280,,,69,28020,100,0,,,100,5,,,,,,,,,,,,,,,,,,,,,,,,,,,,,,,100,0,100,0,100,0,100,0,100,0,77,23,100,0,100,0,37,127651,23,23,,,,,100,0,100,0,200,0,,,,,,,,,,,,,,,,,,,,,,,,,,,100,27390,100,27785232080,100,136996831110,,,,,,,,,,
2019-02-19,Z305AQZ6,ST4000DM000,4000787030016,0,117,159117672,,,95,0,100,5,100,0,80,105989123,,,68,28044,100,0,,,100,5,,,,,,,,,,,,,,,,,,,,,,,,,,,,,,,100,0,100,0,100,0,100,0,100,0,77,23,100,0,100,0,37,127651,23,23,,,,,100,0,100,0,200,0,,,,,,,,,,,,,,,,,,,,,,,,,,,100,27413,100,27789344232,100,137204244673,,,,,,,,,,
2019-02-20,Z305AQZ6,ST4000DM000,4000787030016,0,114,61781552,,,95,0,100,5,100,0,80,106508691,,,68,28067,100,0,,,100,5,,,,,,,,,,,,,,,,,,,,,,,,,,,,,,,100,0,100,0,100,0,100,0,100,0,75,25,100,0,100,0,37,127651,25,25,,,,,100,0,100,0,200,0,,,,,,,,,,,,,,,,,,,,,,,,,,,100,27437,100,27791135064,100,137364627411,,,,,,,,,,
2019-02-21,Z305AQZ6,ST4000DM000,4000787030016,0,118,194098384,,,95,0,100,5,100,0,80,106995155,,,68,28091,100,0,,,100,5,,,,,,,,,,,,,,,,,,,,,,,,,,,,,,,100,0,100,0,100,0,100,0,100,0,76,24,100,0,100,0,37,127651,24,24,,,,,100,0,100,0,200,0,,,,,,,,,,,,,,,,,,,,,,,,,,,100,27460,100,27794093416,100,137395950838,,,,,,,,,,
2019-02-22,Z305AQZ6,ST4000DM000,4000787030016,0,108,14708664,,,95,0,100,5,100,0,80,108446696,,,68,28115,100,0,,,100,5,,,,,,,,,,,,,,,,,,,,,,,,,,,,,,,100,0,100,0,100,0,100,0,100,0,76,24,100,0,100,0,37,127651,24,24,,,,,100,0,100,0,200,0,,,,,,,,,,,,,,,,,,,,,,,,,,,100,27484,100,27797579184,100,137820068799,,,,,,,,,,
2019-02-23,Z305AQZ6,ST4000DM000,4000787030016,0,111,33200416,,,95,0,100,5,100,0,80,109779362,,,68,28138,100,0,,,100,5,,,,,,,,,,,,,,,,,,,,,,,,,,,,,,,100,0,100,0,100,0,100,0,100,0,76,24,100,0,100,0,37,127651,24,24,,,,,100,0,100,0,200,0,,,,,,,,,,,,,,,,,,,,,,,,,,,100,27508,100,27802802096,100,138374704870,,,,,,,,,,
2019-02-24,Z305AQZ6,ST4000DM000,4000787030016,0,117,148938624,,,95,0,100,5,100,0,80,111825727,,,68,28162,100,0,,,100,5,,,,,,,,,,,,,,,,,,,,,,,,,,,,,,,100,0,100,0,100,0,100,0,100,0,77,23,100,0,100,0,37,127651,23,23,,,,,100,0,100,0,200,0,,,,,,,,,,,,,,,,,,,,,,,,,,,100,27531,100,27808121064,100,139014623283,,,,,,,,,,
2019-02-25,Z305AQZ6,ST4000DM000,4000787030016,0,105,10308368,,,95,0,100,5,100,0,80,115774505,,,68,28186,100,0,,,100,5,,,,,,,,,,,,,,,,,,,,,,,,,,,,,,,100,0,100,0,100,0,100,0,100,0,77,23,100,0,100,0,37,127651,23,23,,,,,100,0,100,0,200,0,,,,,,,,,,,,,,,,,,,,,,,,,,,100,27555,100,27812587032,100,139611302960,,,,,,,,,,
2019-02-26,Z305AQZ6,ST4000DM000,4000787030016,0,105,8982048,,,95,0,100,5,100,0,81,118487254,,,68,28209,100,0,,,100,5,,,,,,,,,,,,,,,,,,,,,,,,,,,,,,,100,0,100,0,100,0,100,0,100,0,77,23,100,0,100,0,37,127651,23,23,,,,,100,0,100,0,200,0,,,,,,,,,,,,,,,,,,,,,,,,,,,100,27578,100,27818367512,100,140050682320,,,,,,,,,,
2019-02-27,Z305AQZ6,ST4000DM000,4000787030016,0,118,170047296,,,95,0,100,5,100,0,81,119782846,,,68,28233,100,0,,,100,5,,,,,,,,,,,,,,,,,,,,,,,,,,,,,,,100,0,100,0,100,0,100,0,100,0,76,24,100,0,100,0,37,127651,24,24,,,,,100,0,100,0,200,0,,,,,,,,,,,,,,,,,,,,,,,,,,,100,27602,100,27821571344,100,140456468207,,,,,,,,,,
2019-02-28,Z305AQZ6,ST4000DM000,4000787030016,0,105,10229008,,,95,0,100,5,100,0,81,121776621,,,68,28268,100,0,,,100,5,,,,,,,,,,,,,,,,,,,,,,,,,,,,,,,100,0,100,0,100,0,100,0,100,0,76,24,100,0,100,0,37,127651,24,24,,,,,100,0,100,0,200,0,,,,,,,,,,,,,,,,,,,,,,,,,,,100,27637,100,27829134400,100,141301161267,,,,,,,,,,
2019-03-01,Z305AQZ6,ST4000DM000,4000787030016,0,116,106202632,,,95,0,100,5,100,0,81,125036617,,,68,28292,100,0,,,100,5,,,,,,,,,,,,,,,,,,,,,,,,,,,,,,,100,0,100,0,100,0,100,0,100,0,76,24,100,0,100,0,37,127651,24,24,,,,,100,0,100,0,200,0,,,,,,,,,,,,,,,,,,,,,,,,,,,100,27661,100,27834807704,100,141934847220,,,,,,,,,,
2019-03-02,Z305AQZ6,ST4000DM000,4000787030016,0,111,37631864,,,95,0,100,5,100,0,81,129207965,,,68,28316,100,0,,,100,5,,,,,,,,,,,,,,,,,,,,,,,,,,,,,,,100,0,100,0,100,0,100,0,100,0,76,24,100,0,100,0,37,127651,24,24,,,,,100,0,100,0,200,0,,,,,,,,,,,,,,,,,,,,,,,,,,,100,27685,100,27839820408,100,142479116085,,,,,,,,,,
2019-03-03,Z305AQZ6,ST4000DM000,4000787030016,0,114,72396112,,,95,0,100,5,100,0,81,130388030,,,68,28340,100,0,,,100,5,,,,,,,,,,,,,,,,,,,,,,,,,,,,,,,100,0,100,0,100,0,100,0,100,0,77,23,100,0,100,0,37,127651,23,23,,,,,100,0,100,0,200,0,,,,,,,,,,,,,,,,,,,,,,,,,,,100,27709,100,27843427880,100,142851381634,,,,,,,,,,
2019-03-04,Z305AQZ6,ST4000DM000,4000787030016,0,117,137620144,,,95,0,100,5,100,0,81,131768471,,,68,28363,100,0,,,100,5,,,,,,,,,,,,,,,,,,,,,,,,,,,,,,,100,0,100,0,100,0,100,0,100,0,76,24,100,0,100,0,37,127651,24,24,,,,,100,0,100,0,200,0,,,,,,,,,,,,,,,,,,,,,,,,,,,100,27733,100,27847142680,100,143309226728,,,,,,,,,,
2019-03-05,Z305AQZ6,ST4000DM000,4000787030016,0,112,46747448,,,95,0,100,5,100,0,81,133479560,,,68,28387,100,0,,,100,5,,,,,,,,,,,,,,,,,,,,,,,,,,,,,,,100,0,100,0,100,0,100,0,100,0,77,23,100,0,100,0,37,127651,23,23,,,,,100,0,100,0,200,0,,,,,,,,,,,,,,,,,,,,,,,,,,,100,27757,100,27854559888,100,143934662599,,,,,,,,,,
2019-03-06,Z305AQZ6,ST4000DM000,4000787030016,0,118,191762136,,,95,0,100,5,100,0,81,135454895,,,68,28411,100,0,,,100,5,,,,,,,,,,,,,,,,,,,,,,,,,,,,,,,100,0,100,0,100,0,100,0,100,0,77,23,100,0,100,0,37,127651,23,23,,,,,100,0,100,0,200,0,,,,,,,,,,,,,,,,,,,,,,,,,,,100,27780,100,27858744576,100,144398487956,,,,,,,,,,
2019-03-07,Z305AQZ6,ST4000DM000,4000787030016,0,115,88073696,,,95,0,100,5,100,0,81,136755756,,,68,28435,100,0,,,100,5,,,,,,,,,,,,,,,,,,,,,,,,,,,,,,,100,0,100,0,100,0,100,0,100,0,77,23,100,0,100,0,37,127651,23,23,,,,,100,0,100,0,200,0,,,,,,,,,,,,,,,,,,,,,,,,,,,100,27804,100,27862542680,100,144551486003,,,,,,,,,,
2019-03-08,Z305AQZ6,ST4000DM000,4000787030016,0,114,83217248,,,95,0,100,5,100,0,81,138606773,,,68,28459,100,0,,,100,5,,,,,,,,,,,,,,,,,,,,,,,,,,,,,,,100,0,100,0,100,0,100,0,100,0,76,24,100,0,100,0,37,127651,24,24,,,,,100,0,100,0,200,0,,,,,,,,,,,,,,,,,,,,,,,,,,,100,27828,100,27866549696,100,144739778401,,,,,,,,,,
2019-03-09,Z305AQZ6,ST4000DM000,4000787030016,0,109,23643432,,,95,0,100,5,100,0,81,139610175,,,68,28483,100,0,,,100,5,,,,,,,,,,,,,,,,,,,,,,,,,,,,,,,100,0,100,0,100,0,100,0,100,0,76,24,100,0,100,0,37,127651,24,24,,,,,100,0,100,0,200,0,,,,,,,,,,,,,,,,,,,,,,,,,,,100,27852,100,27868186960,100,144897493522,,,,,,,,,,
2019-03-10,Z305AQZ6,ST4000DM000,4000787030016,0,118,178168000,,,95,0,100,5,100,0,81,140558129,,,68,28507,100,0,,,100,5,,,,,,,,,,,,,,,,,,,,,,,,,,,,,,,100,0,100,0,100,0,100,0,100,0,76,24,100,0,100,0,37,127651,24,24,,,,,100,0,100,0,200,0,,,,,,,,,,,,,,,,,,,,,,,,,,,100,27876,100,27869826808,100,145037859246,,,,,,,,,,
2019-03-11,Z305AQZ6,ST4000DM000,4000787030016,0,112,45166792,,,95,0,100,5,100,0,81,141630856,,,68,28531,100,0,,,100,5,,,,,,,,,,,,,,,,,,,,,,,,,,,,,,,100,0,100,0,100,0,100,0,100,0,75,25,100,0,100,0,37,127651,25,25,,,,,100,0,100,0,200,0,,,,,,,,,,,,,,,,,,,,,,,,,,,100,27900,100,27872369760,100,145179168270,,,,,,,,,,
2019-03-12,Z305AQZ6,ST4000DM000,4000787030016,0,120,239034544,,,95,0,100,5,100,0,81,142785433,,,68,28555,100,0,,,100,5,,,,,,,,,,,,,,,,,,,,,,,,,,,,,,,100,0,100,0,100,0,100,0,100,0,77,23,100,0,100,0,37,127651,23,23,,,,,100,0,100,0,200,0,,,,,,,,,,,,,,,,,,,,,,,,,,,100,27924,100,27876396648,100,145322883441,,,,,,,,,,
2019-03-13,Z305AQZ6,ST4000DM000,4000787030016,0,119,229812080,,,95,0,100,5,100,0,81,142974134,,,68,28578,100,0,,,100,5,,,,,,,,,,,,,,,,,,,,,,,,,,,,,,,100,0,100,0,100,0,100,0,100,0,77,23,100,0,100,0,37,127651,23,23,,,,,100,0,100,0,200,0,,,,,,,,,,,,,,,,,,,,,,,,,,,100,27948,100,27877617584,100,145371189328,,,,,,,,,,
2019-03-14,Z305AQZ6,ST4000DM000,4000787030016,0,118,190591656,,,95,0,100,5,100,0,81,143543948,,,68,28602,100,0,,,100,5,,,,,,,,,,,,,,,,,,,,,,,,,,,,,,,100,0,100,0,100,0,100,0,100,0,77,23,100,0,100,0,37,127651,23,23,,,,,100,0,100,0,200,0,,,,,,,,,,,,,,,,,,,,,,,,,,,100,27972,100,27881047688,100,145441872268,,,,,,,,,,
2019-03-15,Z305AQZ6,ST4000DM000,4000787030016,0,117,117896936,,,95,0,100,5,100,0,81,144273268,,,68,28626,100,0,,,100,5,,,,,,,,,,,,,,,,,,,,,,,,,,,,,,,100,0,100,0,100,0,100,0,100,0,77,23,100,0,100,0,37,127651,23,23,,,,,100,0,100,0,200,0,,,,,,,,,,,,,,,,,,,,,,,,,,,100,27995,100,27882829712,100,145562363070,,,,,,,,,,
2019-03-16,Z305AQZ6,ST4000DM000,4000787030016,0,114,70737136,,,95,0,100,5,100,0,81,144727036,,,68,28650,100,0,,,100,5,,,,,,,,,,,,,,,,,,,,,,,,,,,,,,,100,0,100,0,100,0,100,0,100,0,78,22,100,0,100,0,37,127651,22,22,,,,,100,0,100,0,200,0,,,,,,,,,,,,,,,,,,,,,,,,,,,100,28019,100,27884623336,100,145671272322,,,,,,,,,,
2019-03-17,Z305AQZ6,ST4000DM000,4000787030016,0,117,139206440,,,95,0,100,5,100,0,81,145172654,,,68,28674,100,0,,,100,5,,,,,,,,,,,,,,,,,,,,,,,,,,,,,,,100,0,100,0,100,0,100,0,100,0,78,22,100,0,100,0,37,127651,22,22,,,,,100,0,100,0,200,0,,,,,,,,,,,,,,,,,,,,,,,,,,,100,28043,100,27886109936,100,145801784172,,,,,,,,,,
2019-03-18,Z305AQZ6,ST4000DM000,4000787030016,0,114,59629064,,,95,0,100,5,100,0,81,145573921,,,68,28697,100,0,,,100,5,,,,,,,,,,,,,,,,,,,,,,,,,,,,,,,100,0,100,0,100,0,100,0,100,0,77,23,100,0,100,0,37,127651,23,23,,,,,100,0,100,0,200,0,,,,,,,,,,,,,,,,,,,,,,,,,,,100,28067,100,27887536488,100,145921364239,,,,,,,,,,
2019-03-19,Z305AQZ6,ST4000DM000,4000787030016,0,114,58864600,,,95,0,100,5,100,0,81,146487578,,,68,28721,100,0,,,100,5,,,,,,,,,,,,,,,,,,,,,,,,,,,,,,,100,0,100,0,100,0,100,0,100,0,77,23,100,0,100,0,37,127651,23,23,,,,,100,0,100,0,200,0,,,,,,,,,,,,,,,,,,,,,,,,,,,100,28090,100,27892095704,100,146085503126,,,,,,,,,,
2019-03-20,Z305AQZ6,ST4000DM000,4000787030016,0,105,10340864,,,95,0,100,5,100,0,81,146827079,,,68,28745,100,0,,,100,5,,,,,,,,,,,,,,,,,,,,,,,,,,,,,,,100,0,100,0,100,0,100,0,100,0,77,23,100,0,100,0,37,127651,23,23,,,,,100,0,100,0,200,0,,,,,,,,,,,,,,,,,,,,,,,,,,,100,28114,100,27894482208,100,146242565609,,,,,,,,,,
2019-03-21,Z305AQZ6,ST4000DM000,4000787030016,0,117,118372912,,,95,0,100,5,100,0,81,147518603,,,68,28769,100,0,,,100,5,,,,,,,,,,,,,,,,,,,,,,,,,,,,,,,100,0,100,0,100,0,100,0,100,0,77,23,100,0,100,0,37,127651,23,23,,,,,100,0,100,0,200,0,,,,,,,,,,,,,,,,,,,,,,,,,,,100,28138,100,27898798632,100,146384073062,,,,,,,,,,
2019-03-22,Z305AQZ6,ST4000DM000,4000787030016,0,118,200203600,,,95,0,100,5,100,0,81,148308880,,,68,28792,100,0,,,100,5,,,,,,,,,,,,,,,,,,,,,,,,,,,,,,,100,0,100,0,100,0,100,0,100,0,78,22,100,0,100,0,37,127651,22,22,,,,,100,0,100,0,200,0,,,,,,,,,,,,,,,,,,,,,,,,,,,100,28161,100,27901136768,100,146563892506,,,,,,,,,,
2019-03-23,Z305AQZ6,ST4000DM000,4000787030016,0,117,155825936,,,95,0,100,5,100,0,81,148595069,,,68,28816,100,0,,,100,5,,,,,,,,,,,,,,,,,,,,,,,,,,,,,,,100,0,100,0,100,0,100,0,100,0,78,22,100,0,100,0,37,127651,22,22,,,,,100,0,100,0,200,0,,,,,,,,,,,,,,,,,,,,,,,,,,,100,28185,100,27903454136,100,146701593971,,,,,,,,,,
2019-03-24,Z305AQZ6,ST4000DM000,4000787030016,0,114,69643672,,,95,0,100,5,100,0,81,149305795,,,68,28839,100,0,,,100,5,,,,,,,,,,,,,,,,,,,,,,,,,,,,,,,100,0,100,0,100,0,100,0,100,0,78,22,100,0,100,0,37,127651,22,22,,,,,100,0,100,0,200,0,,,,,,,,,,,,,,,,,,,,,,,,,,,100,28208,100,27905344376,100,146871685018,,,,,,,,,,
2019-03-25,Z305AQZ6,ST4000DM000,4000787030016,0,116,114959720,,,95,0,100,5,100,0,81,150414175,,,68,28863,100,0,,,100,5,,,,,,,,,,,,,,,,,,,,,,,,,,,,,,,100,0,100,0,100,0,100,0,100,0,79,21,100,0,100,0,37,127651,21,21,,,,,100,0,100,0,200,0,,,,,,,,,,,,,,,,,,,,,,,,,,,100,28232,100,27908493728,100,147044634304,,,,,,,,,,
2019-03-26,Z305AQZ6,ST4000DM000,4000787030016,0,104,6295008,,,95,0,100,5,100,0,81,151662818,,,68,28886,100,0,,,100,5,,,,,,,,,,,,,,,,,,,,,,,,,,,,,,,100,0,100,0,100,0,100,0,100,0,79,21,100,0,100,0,37,127651,21,21,,,,,100,0,100,0,200,0,,,,,,,,,,,,,,,,,,,,,,,,,,,100,28255,100,27912387312,100,147208384480,,,,,,,,,,
2019-03-27,Z305AQZ6,ST4000DM000,4000787030016,0,114,66752992,,,95,0,100,5,100,0,81,153052682,,,67,28910,100,0,,,100,5,,,,,,,,,,,,,,,,,,,,,,,,,,,,,,,100,0,100,0,100,0,100,0,100,0,79,21,100,0,100,0,37,127651,21,21,,,,,100,0,100,0,200,0,,,,,,,,,,,,,,,,,,,,,,,,,,,100,28279,100,27913967152,100,147365957846,,,,,,,,,,
2019-03-28,Z305AQZ6,ST4000DM000,4000787030016,0,119,203778944,,,95,0,100,5,100,0,81,154339072,,,67,28933,100,0,,,100,5,,,,,,,,,,,,,,,,,,,,,,,,,,,,,,,100,0,100,0,100,0,100,0,100,0,78,22,100,0,100,0,37,127651,22,22,,,,,100,0,100,0,200,0,,,,,,,,,,,,,,,,,,,,,,,,,,,100,28302,100,27916822560,100,147533677070,,,,,,,,,,
2019-03-29,Z305AQZ6,ST4000DM000,4000787030016,0,117,118015896,,,95,0,100,5,100,0,81,155693894,,,67,28956,100,0,,,100,5,,,,,,,,,,,,,,,,,,,,,,,,,,,,,,,100,0,100,0,100,0,100,0,100,0,79,21,100,0,100,0,37,127651,21,21,,,,,100,0,100,0,200,0,,,,,,,,,,,,,,,,,,,,,,,,,,,100,28326,100,27919625040,100,147684136931,,,,,,,,,,
2019-03-30,Z305AQZ6,ST4000DM000,4000787030016,0,111,32659152,,,95,0,100,5,100,0,81,156756269,,,67,28980,100,0,,,100,5,,,,,,,,,,,,,,,,,,,,,,,,,,,,,,,100,0,100,0,100,0,100,0,100,0,78,22,100,0,100,0,37,127651,22,22,,,,,100,0,100,0,200,0,,,,,,,,,,,,,,,,,,,,,,,,,,,100,28349,100,27921361568,100,147817626420,,,,,,,,,,
2019-03-31,Z305AQZ6,ST4000DM000,4000787030016,0,116,113707824,,,95,0,100,5,100,0,81,157373121,,,67,29003,100,0,,,100,5,,,,,,,,,,,,,,,,,,,,,,,,,,,,,,,100,0,100,0,100,0,100,0,100,0,80,20,100,0,100,0,37,127651,20,20,,,,,100,0,100,0,200,0,,,,,,,,,,,,,,,,,,,,,,,,,,,100,28373,100,27923312520,100,147946429707,,,,,,,,,,
2019-04-01,Z305AQZ6,ST4000DM000,4000787030016,0,116,110040264,,,95,0,100,5,100,0,81,158041685,,,67,29027,100,0,,,100,5,,,,,,,,,,,,,,,,,,,,,,,,,,,,,,,100,0,100,0,100,0,100,0,100,0,80,20,100,0,100,0,37,127651,20,20,,,,,100,0,100,0,200,0,,,,,,,,,,,,,,,,,,,,,,,,,,,100,28396,100,27926214408,100,148049972332,,,,,,,,,,
2019-04-02,Z305AQZ6,ST4000DM000,4000787030016,0,114,80865168,,,95,0,100,5,100,0,81,158498266,,,67,29050,100,0,,,100,5,,,,,,,,,,,,,,,,,,,,,,,,,,,,,,,100,0,100,0,100,0,100,0,100,0,80,20,100,0,100,0,37,127651,20,20,,,,,100,0,100,0,200,0,,,,,,,,,,,,,,,,,,,,,,,,,,,100,28420,100,27929414024,100,148082924293,,,,,,,,,,
2019-04-03,Z305AQZ6,ST4000DM000,4000787030016,0,117,124489888,,,95,0,100,5,100,0,81,158965537,,,67,29074,100,0,,,100,5,,,,,,,,,,,,,,,,,,,,,,,,,,,,,,,100,0,100,0,100,0,100,0,100,0,79,21,100,0,100,0,37,127651,21,21,,,,,100,0,100,0,200,0,,,,,,,,,,,,,,,,,,,,,,,,,,,100,28443,100,27931007016,100,148216298092,,,,,,,,,,
2019-04-04,Z305AQZ6,ST4000DM000,4000787030016,0,119,229087712,,,95,0,100,5,100,0,81,159608175,,,67,29097,100,0,,,100,5,,,,,,,,,,,,,,,,,,,,,,,,,,,,,,,100,0,100,0,100,0,100,0,100,0,79,21,100,0,100,0,37,127651,21,21,,,,,100,0,100,0,200,0,,,,,,,,,,,,,,,,,,,,,,,,,,,100,28466,100,27933823008,100,148298274117,,,,,,,,,,
2019-04-05,Z305AQZ6,ST4000DM000,4000787030016,0,116,107854296,,,95,0,100,5,100,0,81,160442518,,,67,29121,100,0,,,100,5,,,,,,,,,,,,,,,,,,,,,,,,,,,,,,,100,0,100,0,100,0,100,0,100,0,79,21,100,0,100,0,37,127651,21,21,,,,,100,0,100,0,200,0,,,,,,,,,,,,,,,,,,,,,,,,,,,100,28490,100,27937059216,100,148430694255,,,,,,,,,,
2019-04-06,Z305AQZ6,ST4000DM000,4000787030016,0,114,83440752,,,95,0,100,5,100,0,81,160910878,,,67,29144,100,0,,,100,5,,,,,,,,,,,,,,,,,,,,,,,,,,,,,,,100,0,100,0,100,0,100,0,100,0,79,21,100,0,100,0,37,127651,21,21,,,,,100,0,100,0,200,0,,,,,,,,,,,,,,,,,,,,,,,,,,,100,28513,100,27938683008,100,148545948616,,,,,,,,,,
2019-04-07,Z305AQZ6,ST4000DM000,4000787030016,0,117,160003656,,,95,0,100,5,100,0,81,161343950,,,67,29167,100,0,,,100,5,,,,,,,,,,,,,,,,,,,,,,,,,,,,,,,100,0,100,0,100,0,100,0,100,0,79,21,100,0,100,0,37,127651,21,21,,,,,100,0,100,0,200,0,,,,,,,,,,,,,,,,,,,,,,,,,,,100,28537,100,27940759216,100,148684926954,,,,,,,,,,
2019-04-08,Z305AQZ6,ST4000DM000,4000787030016,0,119,205745024,,,95,0,100,5,100,0,81,161724440,,,67,29191,100,0,,,100,5,,,,,,,,,,,,,,,,,,,,,,,,,,,,,,,100,0,100,0,100,0,100,0,100,0,79,21,100,0,100,0,37,127651,21,21,,,,,100,0,100,0,200,0,,,,,,,,,,,,,,,,,,,,,,,,,,,100,28560,100,27944243192,100,148840129000,,,,,,,,,,
2019-04-09,Z305AQZ6,ST4000DM000,4000787030016,0,113,57800424,,,95,0,100,5,100,0,81,162683981,,,67,29214,100,0,,,100,5,,,,,,,,,,,,,,,,,,,,,,,,,,,,,,,100,0,100,0,100,0,100,0,100,0,79,21,100,0,100,0,37,127651,21,21,,,,,100,0,100,0,200,0,,,,,,,,,,,,,,,,,,,,,,,,,,,100,28583,100,27948480720,100,149011970321,,,,,,,,,,
2019-04-10,Z305AQZ6,ST4000DM000,4000787030016,0,114,59848504,,,95,0,100,5,100,0,81,163083827,,,67,29238,100,0,,,100,5,,,,,,,,,,,,,,,,,,,,,,,,,,,,,,,100,0,100,0,100,0,100,0,100,0,79,21,100,0,100,0,37,127651,21,21,,,,,100,0,100,0,200,0,,,,,,,,,,,,,,,,,,,,,,,,,,,100,28607,100,27950634184,100,149181822101,,,,,,,,,,
2019-04-11,Z305AQZ6,ST4000DM000,4000787030016,0,114,83776616,,,95,0,100,5,100,0,81,163400305,,,67,29261,100,0,,,100,5,,,,,,,,,,,,,,,,,,,,,,,,,,,,,,,100,0,100,0,100,0,100,0,100,0,79,21,100,0,100,0,37,127651,21,21,,,,,100,0,100,0,200,0,,,,,,,,,,,,,,,,,,,,,,,,,,,100,28630,100,27952689984,100,149323954807,,,,,,,,,,
2019-04-12,Z305AQZ6,ST4000DM000,4000787030016,0,119,209004032,,,95,0,100,5,100,0,81,164284969,,,67,29284,100,0,,,100,5,,,,,,,,,,,,,,,,,,,,,,,,,,,,,,,100,0,100,0,100,0,100,0,100,0,79,21,100,0,100,0,37,127651,21,21,,,,,100,0,100,0,200,0,,,,,,,,,,,,,,,,,,,,,,,,,,,100,28654,100,27955652072,100,149482756660,,,,,,,,,,
2019-04-13,Z305AQZ6,ST4000DM000,4000787030016,0,117,160681328,,,95,0,100,5,100,0,81,165131304,,,67,29308,100,0,,,100,5,,,,,,,,,,,,,,,,,,,,,,,,,,,,,,,100,0,100,0,100,0,100,0,100,0,79,21,100,0,100,0,37,127651,21,21,,,,,100,0,100,0,200,0,,,,,,,,,,,,,,,,,,,,,,,,,,,100,28677,100,27957561328,100,149654996163,,,,,,,,,,
2019-04-14,Z305AQZ6,ST4000DM000,4000787030016,0,108,18268584,,,95,0,100,5,100,0,81,165970505,,,67,29331,100,0,,,100,5,,,,,,,,,,,,,,,,,,,,,,,,,,,,,,,100,0,100,0,100,0,100,0,100,0,79,21,100,0,100,0,37,127651,21,21,,,,,100,0,100,0,200,0,,,,,,,,,,,,,,,,,,,,,,,,,,,100,28700,100,27959843056,100,149801620283,,,,,,,,,,
2019-04-15,Z305AQZ6,ST4000DM000,4000787030016,0,103,5475728,,,95,0,100,5,100,0,81,167697798,,,67,29355,100,0,,,100,5,,,,,,,,,,,,,,,,,,,,,,,,,,,,,,,100,0,100,0,100,0,100,0,100,0,78,22,100,0,100,0,37,127651,22,22,,,,,100,0,100,0,200,0,,,,,,,,,,,,,,,,,,,,,,,,,,,100,28724,100,27962795952,100,149979119097,,,,,,,,,,
2019-04-16,Z305AQZ6,ST4000DM000,4000787030016,0,118,184364656,,,95,0,100,5,100,0,82,168980863,,,67,29378,100,0,,,100,5,,,,,,,,,,,,,,,,,,,,,,,,,,,,,,,100,0,100,0,100,0,100,0,100,0,78,22,100,0,100,0,37,127651,22,22,,,,,100,0,100,0,200,0,,,,,,,,,,,,,,,,,,,,,,,,,,,100,28747,100,27965533632,100,150159667915,,,,,,,,,,
2019-04-17,Z305AQZ6,ST4000DM000,4000787030016,0,117,146354672,,,95,0,100,5,100,0,82,170608563,,,67,29414,100,0,,,100,5,,,,,,,,,,,,,,,,,,,,,,,,,,,,,,,100,0,100,0,100,0,100,0,100,0,79,21,100,0,100,0,37,127651,21,21,,,,,100,0,100,0,200,0,,,,,,,,,,,,,,,,,,,,,,,,,,,100,28783,100,27969993944,100,150381646544,,,,,,,,,,
2019-04-18,Z305AQZ6,ST4000DM000,4000787030016,0,114,66004776,,,95,0,100,5,100,0,82,172348603,,,67,29437,100,0,,,100,5,,,,,,,,,,,,,,,,,,,,,,,,,,,,,,,100,0,100,0,100,0,100,0,100,0,79,21,100,0,100,0,37,127651,21,21,,,,,100,0,100,0,200,0,,,,,,,,,,,,,,,,,,,,,,,,,,,100,28807,100,27973415856,100,150536454613,,,,,,,,,,
2019-04-19,Z305AQZ6,ST4000DM000,4000787030016,0,117,128575112,,,95,0,100,5,100,0,82,172819274,,,67,29461,100,0,,,100,5,,,,,,,,,,,,,,,,,,,,,,,,,,,,,,,100,0,100,0,100,0,100,0,100,0,80,20,100,0,100,0,37,127651,20,20,,,,,100,0,100,0,200,0,,,,,,,,,,,,,,,,,,,,,,,,,,,100,28830,100,27975638024,100,150661650844,,,,,,,,,,
2019-04-20,Z305AQZ6,ST4000DM000,4000787030016,0,114,67279360,,,95,0,100,5,100,0,82,173066609,,,67,29485,100,0,,,100,5,,,,,,,,,,,,,,,,,,,,,,,,,,,,,,,100,0,100,0,100,0,100,0,100,0,81,19,100,0,100,0,37,127651,19,19,,,,,100,0,100,0,200,0,,,,,,,,,,,,,,,,,,,,,,,,,,,100,28854,100,27977093968,100,150727007549,,,,,,,,,,
2019-04-21,Z305AQZ6,ST4000DM000,4000787030016,0,118,179453008,,,95,0,100,5,100,0,82,173612768,,,67,29508,100,0,,,100,5,,,,,,,,,,,,,,,,,,,,,,,,,,,,,,,100,0,100,0,100,0,100,0,100,0,79,21,100,0,100,0,37,127651,21,21,,,,,100,0,100,0,200,0,,,,,,,,,,,,,,,,,,,,,,,,,,,100,28877,100,27979408680,100,150776835683,,,,,,,,,,
2019-04-22,Z305AQZ6,ST4000DM000,4000787030016,0,114,60583928,,,95,0,100,5,100,0,82,174032328,,,67,29531,100,0,,,100,5,,,,,,,,,,,,,,,,,,,,,,,,,,,,,,,100,0,100,0,100,0,100,0,100,0,79,21,100,0,100,0,37,127651,21,21,,,,,100,0,100,0,200,0,,,,,,,,,,,,,,,,,,,,,,,,,,,100,28901,100,27980997856,100,150894210202,,,,,,,,,,
2019-04-23,Z305AQZ6,ST4000DM000,4000787030016,0,109,22682616,,,95,0,100,5,100,0,82,174863839,,,67,29555,100,0,,,100,5,,,,,,,,,,,,,,,,,,,,,,,,,,,,,,,100,0,100,0,100,0,100,0,100,0,80,20,100,0,100,0,37,127651,20,20,,,,,100,0,100,0,200,0,,,,,,,,,,,,,,,,,,,,,,,,,,,100,28924,100,27984856680,100,151001408242,,,,,,,,,,
2019-04-24,Z305AQZ6,ST4000DM000,4000787030016,0,119,211450832,,,95,0,100,5,100,0,82,175301236,,,67,29578,100,0,,,100,5,,,,,,,,,,,,,,,,,,,,,,,,,,,,,,,100,0,100,0,100,0,100,0,100,0,80,20,100,0,100,0,37,127651,20,20,,,,,100,0,100,0,200,0,,,,,,,,,,,,,,,,,,,,,,,,,,,100,28947,100,27986173432,100,151128964454,,,,,,,,,,
2019-04-25,Z305AQZ6,ST4000DM000,4000787030016,0,116,111301200,,,95,0,100,5,100,0,82,175974676,,,67,29602,100,0,,,100,5,,,,,,,,,,,,,,,,,,,,,,,,,,,,,,,100,0,100,0,100,0,100,0,100,0,80,20,100,0,100,0,37,127651,20,20,,,,,100,0,100,0,200,0,,,,,,,,,,,,,,,,,,,,,,,,,,,100,28971,100,27988335416,100,151265321394,,,,,,,,,,
2019-04-26,Z305AQZ6,ST4000DM000,4000787030016,0,115,84055776,,,95,0,100,5,100,0,82,176691022,,,67,29625,100,0,,,100,5,,,,,,,,,,,,,,,,,,,,,,,,,,,,,,,100,0,100,0,100,0,100,0,100,0,80,20,100,0,100,0,37,127651,20,20,,,,,100,0,100,0,200,0,,,,,,,,,,,,,,,,,,,,,,,,,,,100,28994,100,27991908888,100,151415637069,,,,,,,,,,
2019-04-27,Z305AQZ6,ST4000DM000,4000787030016,0,108,20022936,,,95,0,100,5,100,0,82,177020726,,,67,29649,100,0,,,100,5,,,,,,,,,,,,,,,,,,,,,,,,,,,,,,,100,0,100,0,100,0,100,0,100,0,80,20,100,0,100,0,37,127651,20,20,,,,,100,0,100,0,200,0,,,,,,,,,,,,,,,,,,,,,,,,,,,100,29018,100,27994136528,100,151567089485,,,,,,,,,,
2019-04-28,Z305AQZ6,ST4000DM000,4000787030016,0,118,199767912,,,95,0,100,5,100,0,82,177529463,,,67,29672,100,0,,,100,5,,,,,,,,,,,,,,,,,,,,,,,,,,,,,,,100,0,100,0,100,0,100,0,100,0,80,20,100,0,100,0,37,127651,20,20,,,,,100,0,100,0,200,0,,,,,,,,,,,,,,,,,,,,,,,,,,,100,29042,100,27997336488,100,151726588369,,,,,,,,,,
2019-04-29,Z305AQZ6,ST4000DM000,4000787030016,0,117,118921344,,,95,0,100,5,100,0,82,177916407,,,67,29696,100,0,,,100,5,,,,,,,,,,,,,,,,,,,,,,,,,,,,,,,100,0,100,0,100,0,100,0,100,0,80,20,100,0,100,0,37,127651,20,20,,,,,100,0,100,0,200,0,,,,,,,,,,,,,,,,,,,,,,,,,,,100,29065,100,27999472680,100,151889476914,,,,,,,,,,
2019-04-30,Z305AQZ6,ST4000DM000,4000787030016,0,111,29724376,,,95,0,100,5,100,0,82,178797474,,,67,29720,100,0,,,100,5,,,,,,,,,,,,,,,,,,,,,,,,,,,,,,,100,0,100,0,100,0,100,0,100,0,80,20,100,0,100,0,37,127651,20,20,,,,,100,0,100,0,200,0,,,,,,,,,,,,,,,,,,,,,,,,,,,100,29089,100,28003585336,100,152054410619,,,,,,,,,,
2019-05-01,Z305AQZ6,ST4000DM000,4000787030016,0,118,192667776,,,95,0,100,5,100,0,82,179607924,,,67,29744,100,0,,,100,5,,,,,,,,,,,,,,,,,,,,,,,,,,,,,,,100,0,100,0,100,0,100,0,100,0,79,21,100,0,100,0,37,127651,21,21,,,,,100,0,100,0,200,0,,,,,,,,,,,,,,,,,,,,,,,,,,,100,29113,100,28005537384,100,152221580759,,,,,,,,,,
2019-05-02,Z305AQZ6,ST4000DM000,4000787030016,0,115,90872784,,,95,0,100,5,100,0,82,180419076,,,67,29767,100,0,,,100,5,,,,,,,,,,,,,,,,,,,,,,,,,,,,,,,100,0,100,0,100,0,100,0,100,0,79,21,100,0,100,0,37,127651,21,21,,,,,100,0,100,0,200,0,,,,,,,,,,,,,,,,,,,,,,,,,,,100,29137,100,28007454192,100,152377428628,,,,,,,,,,
2019-05-03,Z305AQZ6,ST4000DM000,4000787030016,0,119,223463248,,,95,0,100,5,100,0,82,181829859,,,66,29791,100,0,,,100,5,,,,,,,,,,,,,,,,,,,,,,,,,,,,,,,100,0,100,0,100,0,100,0,100,0,79,21,100,0,100,0,37,127651,21,21,,,,,100,0,100,0,200,0,,,,,,,,,,,,,,,,,,,,,,,,,,,100,29160,100,28011054320,100,152531325131,,,,,,,,,,
2019-05-04,Z305AQZ6,ST4000DM000,4000787030016,0,108,16421872,,,95,0,100,5,100,0,82,183206245,,,66,29815,100,0,,,100,5,,,,,,,,,,,,,,,,,,,,,,,,,,,,,,,100,0,100,0,100,0,100,0,100,0,79,21,100,0,100,0,37,127651,21,21,,,,,100,0,100,0,200,0,,,,,,,,,,,,,,,,,,,,,,,,,,,100,29184,100,28012869248,100,152695460155,,,,,,,,,,
2019-05-05,Z305AQZ6,ST4000DM000,4000787030016,0,118,185605096,,,95,0,100,5,100,0,82,184429616,,,66,29838,100,0,,,100,5,,,,,,,,,,,,,,,,,,,,,,,,,,,,,,,100,0,100,0,100,0,100,0,100,0,79,21,100,0,100,0,37,127651,21,21,,,,,100,0,100,0,200,0,,,,,,,,,,,,,,,,,,,,,,,,,,,100,29207,100,28015411616,100,152866782065,,,,,,,,,,
2019-05-06,Z305AQZ6,ST4000DM000,4000787030016,0,117,152830784,,,95,0,100,5,100,0,82,185417604,,,66,29862,100,0,,,100,5,,,,,,,,,,,,,,,,,,,,,,,,,,,,,,,100,0,100,0,100,0,100,0,100,0,79,21,100,0,100,0,37,127651,21,21,,,,,100,0,100,0,200,0,,,,,,,,,,,,,,,,,,,,,,,,,,,100,29231,100,28016968440,100,153007286466,,,,,,,,,,
2019-05-07,Z305AQZ6,ST4000DM000,4000787030016,0,115,95631168,,,95,0,100,5,100,0,82,187021657,,,66,29885,100,0,,,100,5,,,,,,,,,,,,,,,,,,,,,,,,,,,,,,,100,0,100,0,100,0,100,0,100,0,79,21,100,0,100,0,37,127651,21,21,,,,,100,0,100,0,200,0,,,,,,,,,,,,,,,,,,,,,,,,,,,100,29254,100,28020851656,100,153158736180,,,,,,,,,,
2019-05-08,Z305AQZ6,ST4000DM000,4000787030016,0,114,67421264,,,95,0,100,5,100,0,82,187535036,,,66,29920,100,0,,,100,5,,,,,,,,,,,,,,,,,,,,,,,,,,,,,,,100,0,100,0,100,0,100,0,100,0,79,21,100,0,100,0,37,127651,21,21,,,,,100,0,100,0,200,0,,,,,,,,,,,,,,,,,,,,,,,,,,,100,29289,100,28023702560,100,153312108365,,,,,,,,,,
2019-05-09,Z305AQZ6,ST4000DM000,4000787030016,0,112,47666912,,,95,0,100,5,100,0,82,187981373,,,66,29944,100,0,,,100,5,,,,,,,,,,,,,,,,,,,,,,,,,,,,,,,100,0,100,0,100,0,100,0,100,0,79,21,100,0,100,0,37,127651,21,21,,,,,100,0,100,0,200,0,,,,,,,,,,,,,,,,,,,,,,,,,,,100,29313,100,28026934752,100,153345093851,,,,,,,,,,
2019-05-10,Z305AQZ6,ST4000DM000,4000787030016,0,118,169907624,,,95,0,100,5,100,0,82,188714413,,,66,29967,100,0,,,100,5,,,,,,,,,,,,,,,,,,,,,,,,,,,,,,,100,0,100,0,100,0,100,0,100,0,79,21,100,0,100,0,37,127651,21,21,,,,,100,0,100,0,200,0,,,,,,,,,,,,,,,,,,,,,,,,,,,100,29336,100,28028483776,100,153460250620,,,,,,,,,,
2019-05-11,Z305AQZ6,ST4000DM000,4000787030016,0,117,158277200,,,95,0,100,5,100,0,82,188993408,,,66,29990,100,0,,,100,5,,,,,,,,,,,,,,,,,,,,,,,,,,,,,,,100,0,100,0,100,0,100,0,100,0,80,20,100,0,100,0,37,127651,20,20,,,,,100,0,100,0,200,0,,,,,,,,,,,,,,,,,,,,,,,,,,,100,29360,100,28029933280,100,153538439855,,,,,,,,,,
2019-05-12,Z305AQZ6,ST4000DM000,4000787030016,0,119,222082144,,,94,0,100,6,100,0,82,189459250,,,66,30014,100,0,,,100,6,,,,,,,,,,,,,,,,,,,,,,,,,,,,,,,100,0,100,0,100,0,100,0,100,0,79,21,100,0,100,0,37,127652,21,21,,,,,100,0,100,0,200,0,,,,,,,,,,,,,,,,,,,,,,,,,,,100,29383,100,28031930808,100,153679978503,,,,,,,,,,
2019-05-13,Z305AQZ6,ST4000DM000,4000787030016,0,105,7345760,,,94,0,100,6,100,0,82,189861826,,,66,30038,100,0,,,100,6,,,,,,,,,,,,,,,,,,,,,,,,,,,,,,,100,0,100,0,100,0,100,0,100,0,79,21,100,0,100,0,37,127652,21,21,,,,,100,0,100,0,200,0,,,,,,,,,,,,,,,,,,,,,,,,,,,100,29407,100,28034342680,100,153832747702,,,,,,,,,,
2019-05-14,Z305AQZ6,ST4000DM000,4000787030016,0,111,41308576,,,94,0,100,6,100,0,82,190665960,,,66,30061,100,0,,,100,6,,,,,,,,,,,,,,,,,,,,,,,,,,,,,,,100,0,100,0,100,0,100,0,100,0,79,21,100,0,100,0,37,127652,21,21,,,,,100,0,100,0,200,0,,,,,,,,,,,,,,,,,,,,,,,,,,,100,29431,100,28038871344,100,153994810199,,,,,,,,,,
2019-05-15,Z305AQZ6,ST4000DM000,4000787030016,0,119,230033528,,,94,0,100,6,100,0,82,191068951,,,66,30085,100,0,,,100,6,,,,,,,,,,,,,,,,,,,,,,,,,,,,,,,100,0,100,0,100,0,100,0,100,0,79,21,100,0,100,0,37,127652,21,21,,,,,100,0,100,0,200,0,,,,,,,,,,,,,,,,,,,,,,,,,,,100,29454,100,28041271200,100,154158088285,,,,,,,,,,
2019-05-16,Z305AQZ6,ST4000DM000,4000787030016,0,117,156286704,,,94,0,100,6,100,0,82,191664302,,,66,30109,100,0,,,100,6,,,,,,,,,,,,,,,,,,,,,,,,,,,,,,,100,0,100,0,100,0,100,0,100,0,79,21,100,0,100,0,37,127652,21,21,,,,,100,0,100,0,200,0,,,,,,,,,,,,,,,,,,,,,,,,,,,100,29478,100,28044885472,100,154309437790,,,,,,,,,,
2019-05-17,Z305AQZ6,ST4000DM000,4000787030016,0,117,126866840,,,94,0,100,6,100,0,82,192228281,,,66,30132,100,0,,,100,6,,,,,,,,,,,,,,,,,,,,,,,,,,,,,,,100,0,100,0,100,0,100,0,100,0,79,21,100,0,100,0,37,127652,21,21,,,,,100,0,100,0,200,0,,,,,,,,,,,,,,,,,,,,,,,,,,,100,29501,100,28047773568,100,154454750046,,,,,,,,,,
2019-05-18,Z305AQZ6,ST4000DM000,4000787030016,0,117,143240104,,,94,0,100,6,100,0,82,193013491,,,66,30156,100,0,,,100,6,,,,,,,,,,,,,,,,,,,,,,,,,,,,,,,100,0,100,0,100,0,100,0,100,0,79,21,100,0,100,0,37,127652,21,21,,,,,100,0,100,0,200,0,,,,,,,,,,,,,,,,,,,,,,,,,,,100,29525,100,28049674024,100,154617258954,,,,,,,,,,
2019-05-19,Z305AQZ6,ST4000DM000,4000787030016,0,116,111992696,,,94,0,100,6,100,0,82,193892557,,,66,30180,100,0,,,100,6,,,,,,,,,,,,,,,,,,,,,,,,,,,,,,,100,0,100,0,100,0,100,0,100,0,78,22,100,0,100,0,37,127652,22,22,,,,,100,0,100,0,200,0,,,,,,,,,,,,,,,,,,,,,,,,,,,100,29549,100,28051919848,100,154774821567,,,,,,,,,,
2019-05-20,Z305AQZ6,ST4000DM000,4000787030016,0,116,113518264,,,94,0,100,6,100,0,82,195055352,,,66,30204,100,0,,,100,6,,,,,,,,,,,,,,,,,,,,,,,,,,,,,,,100,0,100,0,100,0,100,0,100,0,77,23,100,0,100,0,37,127652,23,23,,,,,100,0,100,0,200,0,,,,,,,,,,,,,,,,,,,,,,,,,,,100,29573,100,28053706032,100,154941513803,,,,,,,,,,
2019-05-21,Z305AQZ6,ST4000DM000,4000787030016,0,108,17381160,,,94,0,100,6,100,0,82,196607197,,,66,30228,100,0,,,100,6,,,,,,,,,,,,,,,,,,,,,,,,,,,,,,,100,0,100,0,100,0,100,0,100,0,79,21,100,0,100,0,37,127652,21,21,,,,,100,0,100,0,200,0,,,,,,,,,,,,,,,,,,,,,,,,,,,100,29597,100,28057488672,100,155120438638,,,,,,,,,,
2019-05-22,Z305AQZ6,ST4000DM000,4000787030016,0,117,155722232,,,94,0,100,6,100,0,82,197624700,,,66,30252,100,0,,,100,6,,,,,,,,,,,,,,,,,,,,,,,,,,,,,,,100,0,100,0,100,0,100,0,100,0,79,21,100,0,100,0,37,127652,21,21,,,,,100,0,100,0,200,0,,,,,,,,,,,,,,,,,,,,,,,,,,,100,29621,100,28058955096,100,155279104153,,,,,,,,,,
2019-05-23,Z305AQZ6,ST4000DM000,4000787030016,0,118,179012264,,,94,0,100,6,100,0,82,198897468,,,66,30276,100,0,,,100,6,,,,,,,,,,,,,,,,,,,,,,,,,,,,,,,100,0,100,0,100,0,100,0,100,0,80,20,100,0,100,0,37,127652,20,20,,,,,100,0,100,0,200,0,,,,,,,,,,,,,,,,,,,,,,,,,,,100,29645,100,28061847672,100,155421214066,,,,,,,,,,
2019-05-24,Z305AQZ6,ST4000DM000,4000787030016,0,117,159887408,,,94,0,100,6,100,0,82,200005252,,,66,30300,100,0,,,100,6,,,,,,,,,,,,,,,,,,,,,,,,,,,,,,,100,0,100,0,100,0,100,0,100,0,80,20,100,0,100,0,37,127652,20,20,,,,,100,0,100,0,200,0,,,,,,,,,,,,,,,,,,,,,,,,,,,100,29669,100,28064386296,100,155545298846,,,,,,,,,,
2019-05-25,Z305AQZ6,ST4000DM000,4000787030016,0,114,71921960,,,94,0,100,6,100,0,82,200406138,,,66,30324,100,0,,,100,6,,,,,,,,,,,,,,,,,,,,,,,,,,,,,,,100,0,100,0,100,0,100,0,100,0,80,20,100,0,100,0,37,127652,20,20,,,,,100,0,100,0,200,0,,,,,,,,,,,,,,,,,,,,,,,,,,,100,29693,100,28066047504,100,155664236310,,,,,,,,,,
2019-05-26,Z305AQZ6,ST4000DM000,4000787030016,0,117,141552176,,,94,0,100,6,100,0,82,200826778,,,66,30348,100,0,,,100,6,,,,,,,,,,,,,,,,,,,,,,,,,,,,,,,100,0,100,0,100,0,100,0,100,0,80,20,100,0,100,0,37,127652,20,20,,,,,100,0,100,0,200,0,,,,,,,,,,,,,,,,,,,,,,,,,,,100,29717,100,28068837856,100,155699967373,,,,,,,,,,
2019-05-27,Z305AQZ6,ST4000DM000,4000787030016,0,119,209240104,,,94,0,100,6,100,0,82,201214230,,,66,30371,100,0,,,100,6,,,,,,,,,,,,,,,,,,,,,,,,,,,,,,,100,0,100,0,100,0,100,0,100,0,79,21,100,0,100,0,37,127652,21,21,,,,,100,0,100,0,200,0,,,,,,,,,,,,,,,,,,,,,,,,,,,100,29741,100,28070590296,100,155803552522,,,,,,,,,,
2019-05-28,Z305AQZ6,ST4000DM000,4000787030016,0,116,112931832,,,94,0,100,6,100,0,83,201860732,,,66,30395,100,0,,,100,6,,,,,,,,,,,,,,,,,,,,,,,,,,,,,,,100,0,100,0,100,0,100,0,100,0,79,21,100,0,100,0,37,127652,21,21,,,,,100,0,100,0,200,0,,,,,,,,,,,,,,,,,,,,,,,,,,,100,29764,100,28074130992,100,155898146413,,,,,,,,,,
2019-05-29,Z305AQZ6,ST4000DM000,4000787030016,0,115,91364232,,,94,0,100,6,100,0,83,202611965,,,66,30419,100,0,,,100,6,,,,,,,,,,,,,,,,,,,,,,,,,,,,,,,100,0,100,0,100,0,100,0,100,0,79,21,100,0,100,0,37,127652,21,21,,,,,100,0,100,0,200,0,,,,,,,,,,,,,,,,,,,,,,,,,,,100,29788,100,28075666712,100,156044601511,,,,,,,,,,
2019-05-30,Z305AQZ6,ST4000DM000,4000787030016,0,112,42886872,,,94,0,100,6,100,0,83,203040719,,,66,30443,100,0,,,100,6,,,,,,,,,,,,,,,,,,,,,,,,,,,,,,,100,0,100,0,100,0,100,0,100,0,80,20,100,0,100,0,37,127652,20,20,,,,,100,0,100,0,200,0,,,,,,,,,,,,,,,,,,,,,,,,,,,100,29812,100,28077030432,100,156170120885,,,,,,,,,,
2019-05-31,Z305AQZ6,ST4000DM000,4000787030016,0,117,161246816,,,94,0,100,6,100,0,83,203858795,,,66,30467,100,0,,,100,6,,,,,,,,,,,,,,,,,,,,,,,,,,,,,,,100,0,100,0,100,0,100,0,100,0,79,21,100,0,100,0,37,127652,21,21,,,,,100,0,100,0,200,0,,,,,,,,,,,,,,,,,,,,,,,,,,,100,29836,100,28080272336,100,156324197123,,,,,,,,,,
2019-06-01,Z305AQZ6,ST4000DM000,4000787030016,0,116,116229528,,,94,0,100,6,100,0,83,204208160,,,66,30491,100,0,,,100,6,,,,,,,,,,,,,,,,,,,,,,,,,,,,,,,100,0,100,0,100,0,100,0,100,0,80,20,100,0,100,0,37,127652,20,20,,,,,100,0,100,0,200,0,,,,,,,,,,,,,,,,,,,,,,,,,,,100,29860,100,28082768440,100,156474906637,,,,,,,,,,
2019-06-02,Z305AQZ6,ST4000DM000,4000787030016,0,116,112725088,,,94,0,100,6,100,0,83,204602607,,,66,30515,100,0,,,100,6,,,,,,,,,,,,,,,,,,,,,,,,,,,,,,,100,0,100,0,100,0,100,0,100,0,80,20,100,0,100,0,37,127652,20,20,,,,,100,0,100,0,200,0,,,,,,,,,,,,,,,,,,,,,,,,,,,100,29884,100,28084933704,100,156633698730,,,,,,,,,,
2019-06-03,Z305AQZ6,ST4000DM000,4000787030016,0,112,43149848,,,94,0,100,6,100,0,83,205314536,,,66,30539,100,0,,,100,6,,,,,,,,,,,,,,,,,,,,,,,,,,,,,,,100,0,100,0,100,0,100,0,100,0,80,20,100,0,100,0,37,127652,20,20,,,,,100,0,100,0,200,0,,,,,,,,,,,,,,,,,,,,,,,,,,,100,29908,100,28088436840,100,156807481715,,,,,,,,,,
2019-06-04,Z305AQZ6,ST4000DM000,4000787030016,0,102,4620592,,,94,0,100,6,100,0,83,205958591,,,66,30562,100,0,,,100,6,,,,,,,,,,,,,,,,,,,,,,,,,,,,,,,100,0,100,0,100,0,100,0,100,0,80,20,100,0,100,0,37,127652,20,20,,,,,100,0,100,0,200,0,,,,,,,,,,,,,,,,,,,,,,,,,,,100,29932,100,28092368928,100,156965159513,,,,,,,,,,
2019-06-05,Z305AQZ6,ST4000DM000,4000787030016,0,117,139153464,,,94,0,100,6,100,0,83,206941847,,,66,30586,100,0,,,100,6,,,,,,,,,,,,,,,,,,,,,,,,,,,,,,,100,0,100,0,100,0,100,0,100,0,80,20,100,0,100,0,37,127652,20,20,,,,,100,0,100,0,200,0,,,,,,,,,,,,,,,,,,,,,,,,,,,100,29956,100,28094320456,100,157135755827,,,,,,,,,,
2019-06-06,Z305AQZ6,ST4000DM000,4000787030016,0,115,95002064,,,94,0,100,6,100,0,83,208026436,,,66,30610,100,0,,,100,6,,,,,,,,,,,,,,,,,,,,,,,,,,,,,,,100,0,100,0,100,0,100,0,100,0,80,20,100,0,100,0,37,127652,20,20,,,,,100,0,100,0,200,0,,,,,,,,,,,,,,,,,,,,,,,,,,,100,29980,100,28097138304,100,157300489582,,,,,,,,,,
2019-06-07,Z305AQZ6,ST4000DM000,4000787030016,0,115,93854800,,,94,0,100,6,100,0,83,209266813,,,66,30634,100,0,,,100,6,,,,,,,,,,,,,,,,,,,,,,,,,,,,,,,100,0,100,0,100,0,100,0,100,0,80,20,100,0,100,0,37,127652,20,20,,,,,100,0,100,0,200,0,,,,,,,,,,,,,,,,,,,,,,,,,,,100,30004,100,28100106920,100,157456218588,,,,,,,,,,
2019-06-08,Z305AQZ6,ST4000DM000,4000787030016,0,119,218626360,,,94,0,100,6,100,0,83,210878988,,,66,30659,100,0,,,100,6,,,,,,,,,,,,,,,,,,,,,,,,,,,,,,,100,0,100,0,100,0,100,0,100,0,80,20,100,0,100,0,37,127652,20,20,,,,,100,0,100,0,200,0,,,,,,,,,,,,,,,,,,,,,,,,,,,100,30028,100,28103296408,100,157631490499,,,,,,,,,,
2019-06-09,Z305AQZ6,ST4000DM000,4000787030016,0,115,96113048,,,94,0,100,6,100,0,83,211898698,,,65,30683,100,0,,,100,6,,,,,,,,,,,,,,,,,,,,,,,,,,,,,,,100,0,100,0,100,0,100,0,100,0,80,20,100,0,100,0,37,127652,20,20,,,,,100,0,100,0,200,0,,,,,,,,,,,,,,,,,,,,,,,,,,,100,30052,100,28105096296,100,157795313544,,,,,,,,,,
2019-06-10,Z305AQZ6,ST4000DM000,4000787030016,0,117,135870696,,,94,0,100,6,100,0,83,212979282,,,65,30707,100,0,,,100,6,,,,,,,,,,,,,,,,,,,,,,,,,,,,,,,100,0,100,0,100,0,100,0,100,0,80,20,100,0,100,0,37,127652,20,20,,,,,100,0,100,0,200,0,,,,,,,,,,,,,,,,,,,,,,,,,,,100,30076,100,28107481960,100,157939046711,,,,,,,,,,
2019-06-11,Z305AQZ6,ST4000DM000,4000787030016,0,116,110394440,,,94,0,100,6,100,0,83,214313133,,,65,30731,100,0,,,100,6,,,,,,,,,,,,,,,,,,,,,,,,,,,,,,,100,0,100,0,100,0,100,0,100,0,80,20,100,0,100,0,37,127652,20,20,,,,,100,0,100,0,200,0,,,,,,,,,,,,,,,,,,,,,,,,,,,100,30100,100,28110561040,100,158085325336,,,,,,,,,,
2019-06-12,Z305AQZ6,ST4000DM000,4000787030016,0,120,239172992,,,94,0,100,6,100,0,83,214698470,,,65,30755,100,0,,,100,6,,,,,,,,,,,,,,,,,,,,,,,,,,,,,,,100,0,100,0,100,0,100,0,100,0,80,20,100,0,100,0,37,127652,20,20,,,,,100,0,100,0,200,0,,,,,,,,,,,,,,,,,,,,,,,,,,,100,30124,100,28112311944,100,158200680956,,,,,,,,,,
2019-06-13,Z305AQZ6,ST4000DM000,4000787030016,0,110,25747456,,,94,0,100,6,100,0,83,214944457,,,65,30779,100,0,,,100,6,,,,,,,,,,,,,,,,,,,,,,,,,,,,,,,100,0,100,0,100,0,100,0,100,0,80,20,100,0,100,0,37,127652,20,20,,,,,100,0,100,0,200,0,,,,,,,,,,,,,,,,,,,,,,,,,,,100,30148,100,28114088216,100,158237268141,,,,,,,,,,
2019-06-14,Z305AQZ6,ST4000DM000,4000787030016,0,117,122116648,,,94,0,100,6,100,0,83,215600104,,,65,30803,100,0,,,100,6,,,,,,,,,,,,,,,,,,,,,,,,,,,,,,,100,0,100,0,100,0,100,0,100,0,79,21,100,0,100,0,37,127652,21,21,,,,,100,0,100,0,200,0,,,,,,,,,,,,,,,,,,,,,,,,,,,100,30173,100,28117047888,100,158335966387,,,,,,,,,,
2019-06-15,Z305AQZ6,ST4000DM000,4000787030016,0,117,158947816,,,94,0,100,6,100,0,83,216051317,,,65,30827,100,0,,,100,6,,,,,,,,,,,,,,,,,,,,,,,,,,,,,,,100,0,100,0,100,0,100,0,100,0,80,20,100,0,100,0,37,127652,20,20,,,,,100,0,100,0,200,0,,,,,,,,,,,,,,,,,,,,,,,,,,,100,30197,100,28119313840,100,158416126473,,,,,,,,,,
2019-06-16,Z305AQZ6,ST4000DM000,4000787030016,0,120,242109168,,,94,0,100,6,100,0,83,216526381,,,65,30851,100,0,,,100,6,,,,,,,,,,,,,,,,,,,,,,,,,,,,,,,100,0,100,0,100,0,100,0,100,0,80,20,100,0,100,0,37,127652,20,20,,,,,100,0,100,0,200,0,,,,,,,,,,,,,,,,,,,,,,,,,,,100,30221,100,28120767512,100,158558505936,,,,,,,,,,
2019-06-17,Z305AQZ6,ST4000DM000,4000787030016,0,118,186766304,,,94,0,100,6,100,0,83,216965197,,,65,30876,100,0,,,100,6,,,,,,,,,,,,,,,,,,,,,,,,,,,,,,,100,0,100,0,100,0,100,0,100,0,79,21,100,0,100,0,37,127652,21,21,,,,,100,0,100,0,200,0,,,,,,,,,,,,,,,,,,,,,,,,,,,100,30245,100,28122103920,100,158685779589,,,,,,,,,,
2019-06-18,Z305AQZ6,ST4000DM000,4000787030016,0,116,110907960,,,94,0,100,6,100,0,83,217841631,,,65,30900,100,0,,,100,6,,,,,,,,,,,,,,,,,,,,,,,,,,,,,,,100,0,100,0,100,0,100,0,100,0,79,21,100,0,100,0,37,127652,21,21,,,,,100,0,100,0,200,0,,,,,,,,,,,,,,,,,,,,,,,,,,,100,30269,100,28126429608,100,158847292395,,,,,,,,,,
2019-06-19,Z305AQZ6,ST4000DM000,4000787030016,0,114,78296560,,,94,0,100,6,100,0,83,218187218,,,65,30924,100,0,,,100,6,,,,,,,,,,,,,,,,,,,,,,,,,,,,,,,100,0,100,0,100,0,100,0,100,0,79,21,100,0,100,0,37,127652,21,21,,,,,100,0,100,0,200,0,,,,,,,,,,,,,,,,,,,,,,,,,,,100,30293,100,28128772368,100,158997929484,,,,,,,,,,
2019-06-20,Z305AQZ6,ST4000DM000,4000787030016,0,119,207131080,,,94,0,100,6,100,0,83,218840616,,,65,30947,100,0,,,100,6,,,,,,,,,,,,,,,,,,,,,,,,,,,,,,,100,0,100,0,100,0,100,0,100,0,79,21,100,0,100,0,37,127652,21,21,,,,,100,0,100,0,200,0,,,,,,,,,,,,,,,,,,,,,,,,,,,100,30316,100,28132196040,100,159160332971,,,,,,,,,,
2019-06-21,Z305AQZ6,ST4000DM000,4000787030016,0,114,61802632,,,94,0,100,6,100,0,83,219523360,,,65,30971,100,0,,,100,6,,,,,,,,,,,,,,,,,,,,,,,,,,,,,,,100,0,100,0,100,0,100,0,100,0,80,20,100,0,100,0,37,127652,20,20,,,,,100,0,100,0,200,0,,,,,,,,,,,,,,,,,,,,,,,,,,,100,30340,100,28135293104,100,159318538952,,,,,,,,,,
2019-06-22,Z305AQZ6,ST4000DM000,4000787030016,0,120,244023096,,,94,0,100,6,100,0,83,220070604,,,65,30995,100,0,,,100,6,,,,,,,,,,,,,,,,,,,,,,,,,,,,,,,100,0,100,0,100,0,100,0,100,0,80,20,100,0,100,0,37,127652,20,20,,,,,100,0,100,0,200,0,,,,,,,,,,,,,,,,,,,,,,,,,,,100,30364,100,28138277192,100,159468333443,,,,,,,,,,
2019-06-23,Z305AQZ6,ST4000DM000,4000787030016,0,112,50104360,,,94,0,100,6,100,0,83,220838887,,,65,31018,100,0,,,100,6,,,,,,,,,,,,,,,,,,,,,,,,,,,,,,,100,0,100,0,100,0,100,0,100,0,79,21,100,0,100,0,37,127652,21,21,,,,,100,0,100,0,200,0,,,,,,,,,,,,,,,,,,,,,,,,,,,100,30388,100,28140413784,100,159635943895,,,,,,,,,,
2019-06-24,Z305AQZ6,ST4000DM000,4000787030016,0,113,53375584,,,94,0,100,6,100,0,83,221713216,,,65,31042,100,0,,,100,6,,,,,,,,,,,,,,,,,,,,,,,,,,,,,,,100,0,100,0,100,0,100,0,100,0,79,21,100,0,100,0,37,127652,21,21,,,,,100,0,100,0,200,0,,,,,,,,,,,,,,,,,,,,,,,,,,,100,30411,100,28142973376,100,159801929891,,,,,,,,,,
2019-06-25,Z305AQZ6,ST4000DM000,4000787030016,0,118,184972528,,,94,0,100,6,100,0,83,223045610,,,65,31066,100,0,,,100,6,,,,,,,,,,,,,,,,,,,,,,,,,,,,,,,100,0,100,0,100,0,100,0,100,0,79,21,100,0,100,0,37,127652,21,21,,,,,100,0,100,0,200,0,,,,,,,,,,,,,,,,,,,,,,,,,,,100,30435,100,28146663592,100,159966905860,,,,,,,,,,
2019-06-26,Z305AQZ6,ST4000DM000,4000787030016,0,112,45070408,,,94,0,100,6,100,0,83,224425993,,,65,31090,100,0,,,100,6,,,,,,,,,,,,,,,,,,,,,,,,,,,,,,,100,0,100,0,100,0,100,0,100,0,80,20,100,0,100,0,37,127652,20,20,,,,,100,0,100,0,200,0,,,,,,,,,,,,,,,,,,,,,,,,,,,100,30459,100,28148388448,100,160136336913,,,,,,,,,,
2019-06-27,Z305AQZ6,ST4000DM000,4000787030016,0,118,183727816,,,94,0,100,6,100,0,83,226232274,,,65,31114,100,0,,,100,6,,,,,,,,,,,,,,,,,,,,,,,,,,,,,,,100,0,100,0,100,0,100,0,100,0,79,21,100,0,100,0,37,127652,21,21,,,,,100,0,100,0,200,0,,,,,,,,,,,,,,,,,,,,,,,,,,,100,30483,100,28150935376,100,160409251365,,,,,,,,,,
2019-06-28,Z305AQZ6,ST4000DM000,4000787030016,0,116,104875456,,,94,0,100,6,100,0,83,227906624,,,65,31138,100,0,,,100,6,,,,,,,,,,,,,,,,,,,,,,,,,,,,,,,100,0,100,0,100,0,100,0,100,0,79,21,100,0,100,0,37,127652,21,21,,,,,100,0,100,0,200,0,,,,,,,,,,,,,,,,,,,,,,,,,,,100,30507,100,28155548048,100,160629970582,,,,,,,,,,
2019-06-29,Z305AQZ6,ST4000DM000,4000787030016,0,106,12127968,,,94,0,100,6,100,0,83,228264114,,,65,31162,100,0,,,100,6,,,,,,,,,,,,,,,,,,,,,,,,,,,,,,,100,0,100,0,100,0,100,0,100,0,80,20,100,0,100,0,37,127652,20,20,,,,,100,0,100,0,200,0,,,,,,,,,,,,,,,,,,,,,,,,,,,100,30531,100,28157258112,100,160732947976,,,,,,,,,,
2019-06-30,Z305AQZ6,ST4000DM000,4000787030016,0,117,124694832,,,94,0,100,6,100,0,83,228955884,,,65,31186,100,0,,,100,6,,,,,,,,,,,,,,,,,,,,,,,,,,,,,,,100,0,100,0,100,0,100,0,100,0,79,21,100,0,100,0,37,127652,21,21,,,,,100,0,100,0,200,0,,,,,,,,,,,,,,,,,,,,,,,,,,,100,30555,100,28160280144,100,160878191208,,,,,,,,,,
2019-07-01,Z305AQZ6,ST4000DM000,4000787030016,0,119,229876880,,,94,0,100,6,100,0,83,229504495,,,65,31210,100,0,,,100,6,,,,,,,,,,,,,,,,,,,,,,,,,,,,,,,100,0,100,0,100,0,100,0,100,0,80,20,100,0,100,0,37,127652,20,20,,,,,100,0,100,0,200,0,,,,,,,,,,,,,,,,,,,,,,,,,,,100,30579,100,28162302592,100,161041631601,,,,,,,,,,
2019-07-02,Z305AQZ6,ST4000DM000,4000787030016,0,118,182996376,,,94,0,100,6,100,0,83,230478441,,,65,31234,100,0,,,100,6,,,,,,,,,,,,,,,,,,,,,,,,,,,,,,,100,0,100,0,100,0,100,0,100,0,79,21,100,0,100,0,37,127652,21,21,,,,,100,0,100,0,200,0,,,,,,,,,,,,,,,,,,,,,,,,,,,100,30604,100,28165821760,100,161241687020,,,,,,,,,,
2019-07-03,Z305AQZ6,ST4000DM000,4000787030016,0,120,236912440,,,94,0,100,6,100,0,83,231319387,,,65,31258,100,0,,,100,6,,,,,,,,,,,,,,,,,,,,,,,,,,,,,,,100,0,100,0,100,0,100,0,100,0,80,20,100,0,100,0,37,127652,20,20,,,,,100,0,100,0,200,0,,,,,,,,,,,,,,,,,,,,,,,,,,,100,30628,100,28170071240,100,161486589907,,,,,,,,,,
2019-07-04,Z305AQZ6,ST4000DM000,4000787030016,0,117,160372552,,,94,0,100,6,100,0,83,231904689,,,65,31283,100,0,,,100,6,,,,,,,,,,,,,,,,,,,,,,,,,,,,,,,100,0,100,0,100,0,100,0,100,0,79,21,100,0,100,0,37,127652,21,21,,,,,100,0,100,0,200,0,,,,,,,,,,,,,,,,,,,,,,,,,,,100,30652,100,28172897288,100,161732515900,,,,,,,,,,
2019-07-05,Z305AQZ6,ST4000DM000,4000787030016,0,118,173758056,,,94,0,100,6,100,0,83,232626662,,,65,31307,100,0,,,100,6,,,,,,,,,,,,,,,,,,,,,,,,,,,,,,,100,0,100,0,100,0,100,0,100,0,79,21,100,0,100,0,37,127652,21,21,,,,,100,0,100,0,200,0,,,,,,,,,,,,,,,,,,,,,,,,,,,100,30676,100,28177088920,100,161934090838,,,,,,,,,,
2019-07-06,Z305AQZ6,ST4000DM000,4000787030016,0,114,78071592,,,94,0,100,6,100,0,83,234137081,,,65,31331,100,0,,,100,6,,,,,,,,,,,,,,,,,,,,,,,,,,,,,,,100,0,100,0,100,0,100,0,100,0,79,21,100,0,100,0,37,127652,21,21,,,,,100,0,100,0,200,0,,,,,,,,,,,,,,,,,,,,,,,,,,,100,30700,100,28180487312,100,162198928564,,,,,,,,,,
2019-07-07,Z305AQZ6,ST4000DM000,4000787030016,0,118,200228104,,,94,0,100,6,100,0,84,235547573,,,65,31355,100,0,,,100,6,,,,,,,,,,,,,,,,,,,,,,,,,,,,,,,100,0,100,0,100,0,100,0,100,0,79,21,100,0,100,0,37,127652,21,21,,,,,100,0,100,0,200,0,,,,,,,,,,,,,,,,,,,,,,,,,,,100,30724,100,28183025392,100,162431550474,,,,,,,,,,
2019-07-08,Z305AQZ6,ST4000DM000,4000787030016,0,119,220607912,,,94,0,100,6,100,0,84,237327246,,,65,31379,100,0,,,100,6,,,,,,,,,,,,,,,,,,,,,,,,,,,,,,,100,0,100,0,100,0,100,0,100,0,80,20,100,0,100,0,37,127652,20,20,,,,,100,0,100,0,200,0,,,,,,,,,,,,,,,,,,,,,,,,,,,100,30748,100,28185439896,100,162689008321,,,,,,,,,,
2019-07-09,Z305AQZ6,ST4000DM000,4000787030016,0,116,114593152,,,94,0,100,6,100,0,84,239196056,,,65,31403,100,0,,,100,6,,,,,,,,,,,,,,,,,,,,,,,,,,,,,,,100,0,100,0,100,0,100,0,100,0,79,21,100,0,100,0,37,127652,21,21,,,,,100,0,100,0,200,0,,,,,,,,,,,,,,,,,,,,,,,,,,,100,30773,100,28189319784,100,162915368446,,,,,,,,,,
2019-07-10,Z305AQZ6,ST4000DM000,4000787030016,0,105,10257472,,,94,0,100,6,100,0,84,240307113,,,65,31428,100,0,,,100,6,,,,,,,,,,,,,,,,,,,,,,,,,,,,,,,100,0,100,0,100,0,100,0,100,0,79,21,100,0,100,0,37,127652,21,21,,,,,100,0,100,0,200,0,,,,,,,,,,,,,,,,,,,,,,,,,,,100,30797,100,28191501040,100,163121931416,,,,,,,,,,
2019-07-11,Z305AQZ6,ST4000DM000,4000787030016,0,111,31073680,,,94,0,100,6,100,0,84,240560070,,,65,31451,100,0,,,100,6,,,,,,,,,,,,,,,,,,,,,,,,,,,,,,,100,0,100,0,100,0,100,0,100,0,80,20,100,0,100,0,37,127652,20,20,,,,,100,0,100,0,200,0,,,,,,,,,,,,,,,,,,,,,,,,,,,100,30821,100,28193101704,100,163184519419,,,,,,,,,,
2019-07-12,Z305AQZ6,ST4000DM000,4000787030016,0,114,73953152,,,94,0,100,6,100,0,84,241720493,,,65,31476,100,0,,,100,6,,,,,,,,,,,,,,,,,,,,,,,,,,,,,,,100,0,100,0,100,0,100,0,100,0,80,20,100,0,100,0,37,127652,20,20,,,,,100,0,100,0,200,0,,,,,,,,,,,,,,,,,,,,,,,,,,,100,30845,100,28196964392,100,163355248898,,,,,,,,,,
2019-07-13,Z305AQZ6,ST4000DM000,4000787030016,0,116,104001800,,,94,0,100,6,100,0,84,242502894,,,65,31500,100,0,,,100,6,,,,,,,,,,,,,,,,,,,,,,,,,,,,,,,100,0,100,0,100,0,100,0,100,0,80,20,100,0,100,0,37,127652,20,20,,,,,100,0,100,0,200,0,,,,,,,,,,,,,,,,,,,,,,,,,,,100,30869,100,28198958600,100,163597286057,,,,,,,,,,
2019-07-14,Z305AQZ6,ST4000DM000,4000787030016,0,106,10633656,,,94,0,100,6,100,0,84,243250313,,,65,31524,100,0,,,100,6,,,,,,,,,,,,,,,,,,,,,,,,,,,,,,,100,0,100,0,100,0,100,0,100,0,80,20,100,0,100,0,37,127652,20,20,,,,,100,0,100,0,200,0,,,,,,,,,,,,,,,,,,,,,,,,,,,100,30893,100,28202499136,100,163887956700,,,,,,,,,,
2019-07-15,Z305AQZ6,ST4000DM000,4000787030016,0,116,116840608,,,94,0,100,6,100,0,84,243995461,,,64,31548,100,0,,,100,6,,,,,,,,,,,,,,,,,,,,,,,,,,,,,,,100,0,100,0,100,0,100,0,100,0,80,20,100,0,100,0,37,127652,20,20,,,,,100,0,100,0,200,0,,,,,,,,,,,,,,,,,,,,,,,,,,,100,30917,100,28206121544,100,164209720038,,,,,,,,,,
2019-07-16,Z305AQZ6,ST4000DM000,4000787030016,0,118,197917416,,,94,0,100,6,100,0,84,245791713,,,64,31572,100,0,,,100,6,,,,,,,,,,,,,,,,,,,,,,,,,,,,,,,100,0,100,0,100,0,100,0,100,0,78,22,100,0,100,0,37,127652,22,22,,,,,100,0,100,0,200,0,,,,,,,,,,,,,,,,,,,,,,,,,,,100,30942,100,28211478552,100,164544777762,,,,,,,,,,
2019-07-17,Z305AQZ6,ST4000DM000,4000787030016,0,110,27883608,,,94,0,100,6,100,0,84,247642838,,,64,31596,100,0,,,100,6,,,,,,,,,,,,,,,,,,,,,,,,,,,,,,,100,0,100,0,100,0,100,0,100,0,79,21,100,0,100,0,37,127652,21,21,,,,,100,0,100,0,200,0,,,,,,,,,,,,,,,,,,,,,,,,,,,100,30966,100,28214499264,100,164866323997,,,,,,,,,,
2019-07-18,Z305AQZ6,ST4000DM000,4000787030016,0,118,198068648,,,94,0,100,6,100,0,84,249922641,,,64,31620,100,0,,,100,6,,,,,,,,,,,,,,,,,,,,,,,,,,,,,,,100,0,100,0,100,0,100,0,100,0,79,21,100,0,100,0,37,127652,21,21,,,,,100,0,100,0,200,0,,,,,,,,,,,,,,,,,,,,,,,,,,,100,30990,100,28217492344,100,165185572779,,,,,,,,,,
2019-07-19,Z305AQZ6,ST4000DM000,4000787030016,0,119,215518544,,,94,0,100,6,100,0,84,252159123,,,64,31644,100,0,,,100,6,,,,,,,,,,,,,,,,,,,,,,,,,,,,,,,100,0,100,0,100,0,100,0,100,0,79,21,100,0,100,0,37,127652,21,21,,,,,100,0,100,0,200,0,,,,,,,,,,,,,,,,,,,,,,,,,,,100,31014,100,28221182336,100,165446616544,,,,,,,,,,
2019-07-20,Z305AQZ6,ST4000DM000,4000787030016,0,114,66337544,,,94,0,100,6,100,0,84,252680154,,,64,31668,100,0,,,100,6,,,,,,,,,,,,,,,,,,,,,,,,,,,,,,,100,0,100,0,100,0,100,0,100,0,79,21,100,0,100,0,37,127652,21,21,,,,,100,0,100,0,200,0,,,,,,,,,,,,,,,,,,,,,,,,,,,100,31038,100,28223412312,100,165607270132,,,,,,,,,,
2019-07-21,Z305AQZ6,ST4000DM000,4000787030016,0,120,237949960,,,94,0,100,6,100,0,84,253235710,,,64,31692,100,0,,,100,6,,,,,,,,,,,,,,,,,,,,,,,,,,,,,,,100,0,100,0,100,0,100,0,100,0,80,20,100,0,100,0,37,127652,20,20,,,,,100,0,100,0,200,0,,,,,,,,,,,,,,,,,,,,,,,,,,,100,31062,100,28225646224,100,165767676834,,,,,,,,,,
2019-07-22,Z305AQZ6,ST4000DM000,4000787030016,0,117,131120456,,,94,0,100,6,100,0,84,254112338,,,64,31716,100,0,,,100,6,,,,,,,,,,,,,,,,,,,,,,,,,,,,,,,100,0,100,0,100,0,100,0,100,0,79,21,100,0,100,0,37,127652,21,21,,,,,100,0,100,0,200,0,,,,,,,,,,,,,,,,,,,,,,,,,,,100,31086,100,28228173888,100,166035350149,,,,,,,,,,
2019-07-23,Z305AQZ6,ST4000DM000,4000787030016,0,114,59597248,,,94,0,100,6,100,0,84,255192970,,,64,31740,100,0,,,100,6,,,,,,,,,,,,,,,,,,,,,,,,,,,,,,,100,0,100,0,100,0,100,0,100,0,79,21,100,0,100,0,37,127652,21,21,,,,,100,0,100,0,200,0,,,,,,,,,,,,,,,,,,,,,,,,,,,100,31110,100,28233858688,100,166338591855,,,,,,,,,,
2019-07-24,Z305AQZ6,ST4000DM000,4000787030016,0,117,130809248,,,94,0,100,6,100,0,84,256170389,,,64,31764,100,0,,,100,6,,,,,,,,,,,,,,,,,,,,,,,,,,,,,,,100,0,100,0,100,0,100,0,100,0,80,20,100,0,100,0,37,127652,20,20,,,,,100,0,100,0,200,0,,,,,,,,,,,,,,,,,,,,,,,,,,,100,31134,100,28237366864,100,166658890190,,,,,,,,,,
2019-07-25,Z305AQZ6,ST4000DM000,4000787030016,0,115,98250160,,,94,0,100,6,100,0,84,257331741,,,64,31788,100,0,,,100,6,,,,,,,,,,,,,,,,,,,,,,,,,,,,,,,100,0,100,0,100,0,100,0,100,0,80,20,100,0,100,0,37,127652,20,20,,,,,100,0,100,0,200,0,,,,,,,,,,,,,,,,,,,,,,,,,,,100,31158,100,28240767240,100,166958469359,,,,,,,,,,
2019-07-26,Z305AQZ6,ST4000DM000,4000787030016,0,113,56106808,,,94,0,100,6,100,0,84,259378133,,,64,31812,100,0,,,100,6,,,,,,,,,,,,,,,,,,,,,,,,,,,,,,,100,0,100,0,100,0,100,0,100,0,79,21,100,0,100,0,37,127652,21,21,,,,,100,0,100,0,200,0,,,,,,,,,,,,,,,,,,,,,,,,,,,100,31181,100,28244892600,100,167263558940,,,,,,,,,,
2019-07-27,Z305AQZ6,ST4000DM000,4000787030016,0,115,99891072,,,94,0,100,6,100,0,84,261683437,,,64,31836,100,0,,,100,6,,,,,,,,,,,,,,,,,,,,,,,,,,,,,,,100,0,100,0,100,0,100,0,100,0,79,21,100,0,100,0,37,127652,21,21,,,,,100,0,100,0,200,0,,,,,,,,,,,,,,,,,,,,,,,,,,,100,31206,100,28247555144,100,167591692495,,,,,,,,,,
2019-07-28,Z305AQZ6,ST4000DM000,4000787030016,0,118,170605536,,,94,0,100,6,100,0,84,263720186,,,64,31860,100,0,,,100,6,,,,,,,,,,,,,,,,,,,,,,,,,,,,,,,100,0,100,0,100,0,100,0,100,0,80,20,100,0,100,0,37,127652,20,20,,,,,100,0,100,0,200,0,,,,,,,,,,,,,,,,,,,,,,,,,,,100,31230,100,28251150024,100,167857160073,,,,,,,,,,
2019-07-29,Z305AQZ6,ST4000DM000,4000787030016,0,112,43128568,,,94,0,100,6,100,0,84,264198236,,,64,31884,100,0,,,100,6,,,,,,,,,,,,,,,,,,,,,,,,,,,,,,,100,0,100,0,100,0,100,0,100,0,80,20,100,0,100,0,37,127652,20,20,,,,,100,0,100,0,200,0,,,,,,,,,,,,,,,,,,,,,,,,,,,100,31253,100,28253192968,100,168000627552,,,,,,,,,,
2019-07-30,Z305AQZ6,ST4000DM000,4000787030016,0,111,34420368,,,94,0,100,6,100,0,84,265245298,,,64,31908,100,0,,,100,6,,,,,,,,,,,,,,,,,,,,,,,,,,,,,,,100,0,100,0,100,0,100,0,100,0,80,20,100,0,100,0,37,127652,20,20,,,,,100,0,100,0,200,0,,,,,,,,,,,,,,,,,,,,,,,,,,,100,31277,100,28267891168,100,168197452575,,,,,,,,,,
2019-07-31,Z305AQZ6,ST4000DM000,4000787030016,0,117,120071432,,,94,0,100,6,100,0,84,266381983,,,64,31932,100,0,,,100,6,,,,,,,,,,,,,,,,,,,,,,,,,,,,,,,100,0,100,0,100,0,100,0,100,0,80,20,100,0,100,0,37,127652,20,20,,,,,100,0,100,0,200,0,,,,,,,,,,,,,,,,,,,,,,,,,,,100,31301,100,28341045720,100,168463963945,,,,,,,,,,
2019-08-01,Z305AQZ6,ST4000DM000,4000787030016,0,114,75430360,,,94,0,100,6,100,0,84,267323264,,,64,31956,100,0,,,100,6,,,,,,,,,,,,,,,,,,,,,,,,,,,,,,,100,0,100,0,100,0,100,0,100,0,79,21,100,0,100,0,37,127652,21,21,,,,,100,0,100,0,200,0,,,,,,,,,,,,,,,,,,,,,,,,,,,100,31325,100,28400666296,100,168752208668,,,,,,,,,,
2019-08-02,Z305AQZ6,ST4000DM000,4000787030016,0,119,207689056,,,94,0,100,6,100,0,84,268746859,,,64,31980,100,0,,,100,6,,,,,,,,,,,,,,,,,,,,,,,,,,,,,,,100,0,100,0,100,0,100,0,100,0,79,21,100,0,100,0,37,127652,21,21,,,,,100,0,100,0,200,0,,,,,,,,,,,,,,,,,,,,,,,,,,,100,31349,100,28460730960,100,169034166743,,,,,,,,,,
2019-08-03,Z305AQZ6,ST4000DM000,4000787030016,0,118,187461752,,,94,0,100,6,100,0,84,269759662,,,64,32004,100,0,,,100,6,,,,,,,,,,,,,,,,,,,,,,,,,,,,,,,100,0,100,0,100,0,100,0,100,0,79,21,100,0,100,0,37,127652,21,21,,,,,100,0,100,0,200,0,,,,,,,,,,,,,,,,,,,,,,,,,,,100,31373,100,28526077976,100,169351795415,,,,,,,,,,
2019-08-04,Z305AQZ6,ST4000DM000,4000787030016,0,116,109937480,,,94,0,100,6,100,0,84,271758863,,,64,32027,100,0,,,100,6,,,,,,,,,,,,,,,,,,,,,,,,,,,,,,,100,0,100,0,100,0,100,0,100,0,79,21,100,0,100,0,37,127652,21,21,,,,,100,0,100,0,200,0,,,,,,,,,,,,,,,,,,,,,,,,,,,100,31397,100,28601919400,100,169696765910,,,,,,,,,,
2019-08-05,Z305AQZ6,ST4000DM000,4000787030016,0,117,161522824,,,94,0,100,6,100,0,84,274366374,,,64,32051,100,0,,,100,6,,,,,,,,,,,,,,,,,,,,,,,,,,,,,,,100,0,100,0,100,0,100,0,100,0,79,21,100,0,100,0,37,127652,21,21,,,,,100,0,100,0,200,0,,,,,,,,,,,,,,,,,,,,,,,,,,,100,31421,100,28656878632,100,170044530866,,,,,,,,,,
2019-08-06,Z305AQZ6,ST4000DM000,4000787030016,0,117,154377712,,,94,0,100,6,100,0,84,276945895,,,64,32075,100,0,,,100,6,,,,,,,,,,,,,,,,,,,,,,,,,,,,,,,100,0,100,0,100,0,100,0,100,0,79,21,100,0,100,0,37,127652,21,21,,,,,100,0,100,0,200,0,,,,,,,,,,,,,,,,,,,,,,,,,,,100,31444,100,28717914408,100,170347150969,,,,,,,,,,
2019-08-07,Z305AQZ6,ST4000DM000,4000787030016,0,119,208442472,,,94,0,100,6,100,0,84,278684916,,,64,32099,100,0,,,100,6,,,,,,,,,,,,,,,,,,,,,,,,,,,,,,,100,0,100,0,100,0,100,0,100,0,79,21,100,0,100,0,37,127652,21,21,,,,,100,0,100,0,200,0,,,,,,,,,,,,,,,,,,,,,,,,,,,100,31468,100,28784870008,100,170590330181,,,,,,,,,,
2019-08-08,Z305AQZ6,ST4000DM000,4000787030016,0,115,100061384,,,94,0,100,6,100,0,84,279479674,,,64,32123,100,0,,,100,6,,,,,,,,,,,,,,,,,,,,,,,,,,,,,,,100,0,100,0,100,0,100,0,100,0,80,20,100,0,100,0,37,127652,20,20,,,,,100,0,100,0,200,0,,,,,,,,,,,,,,,,,,,,,,,,,,,100,31492,100,28843471208,100,170874770967,,,,,,,,,,
2019-08-09,Z305AQZ6,ST4000DM000,4000787030016,0,116,114780800,,,94,0,100,6,100,0,84,280405919,,,64,32146,100,0,,,100,6,,,,,,,,,,,,,,,,,,,,,,,,,,,,,,,100,0,100,0,100,0,100,0,100,0,80,20,100,0,100,0,37,127652,20,20,,,,,100,0,100,0,200,0,,,,,,,,,,,,,,,,,,,,,,,,,,,100,31516,100,28909723576,100,171072002024,,,,,,,,,,
2019-08-10,Z305AQZ6,ST4000DM000,4000787030016,0,119,210577800,,,94,0,100,6,100,0,84,281221775,,,64,32170,100,0,,,100,6,,,,,,,,,,,,,,,,,,,,,,,,,,,,,,,100,0,100,0,100,0,100,0,100,0,80,20,100,0,100,0,37,127652,20,20,,,,,100,0,100,0,200,0,,,,,,,,,,,,,,,,,,,,,,,,,,,100,31540,100,28969523440,100,171245800978,,,,,,,,,,
2019-08-11,Z305AQZ6,ST4000DM000,4000787030016,0,117,121515072,,,94,0,100,6,100,0,84,282224609,,,64,32194,100,0,,,100,6,,,,,,,,,,,,,,,,,,,,,,,,,,,,,,,100,0,100,0,100,0,100,0,100,0,79,21,100,0,100,0,37,127652,21,21,,,,,100,0,100,0,200,0,,,,,,,,,,,,,,,,,,,,,,,,,,,100,31564,100,29012347056,100,171500118430,,,,,,,,,,
2019-08-12,Z305AQZ6,ST4000DM000,4000787030016,0,117,118553984,,,94,0,100,6,100,0,84,283210239,,,64,32219,100,0,,,100,6,,,,,,,,,,,,,,,,,,,,,,,,,,,,,,,100,0,100,0,100,0,100,0,100,0,79,21,100,0,100,0,37,127652,21,21,,,,,100,0,100,0,200,0,,,,,,,,,,,,,,,,,,,,,,,,,,,100,31588,100,29062886296,100,171803344118,,,,,,,,,,
2019-08-13,Z305AQZ6,ST4000DM000,4000787030016,0,118,185947784,,,94,0,100,6,100,0,84,284855650,,,64,32243,100,0,,,100,6,,,,,,,,,,,,,,,,,,,,,,,,,,,,,,,100,0,100,0,100,0,100,0,100,0,79,21,100,0,100,0,37,127652,21,21,,,,,100,0,100,0,200,0,,,,,,,,,,,,,,,,,,,,,,,,,,,100,31612,100,29097519384,100,172146111181,,,,,,,,,,
2019-08-14,Z305AQZ6,ST4000DM000,4000787030016,0,117,155710808,,,94,0,100,6,100,0,84,286154461,,,64,32266,100,0,,,100,6,,,,,,,,,,,,,,,,,,,,,,,,,,,,,,,100,0,100,0,100,0,100,0,100,0,79,21,100,0,100,0,37,127652,21,21,,,,,100,0,100,0,200,0,,,,,,,,,,,,,,,,,,,,,,,,,,,100,31636,100,29137861656,100,172460679456,,,,,,,,,,
2019-08-15,Z305AQZ6,ST4000DM000,4000787030016,0,116,116450680,,,94,0,100,6,100,0,84,287227049,,,64,32290,100,0,,,100,6,,,,,,,,,,,,,,,,,,,,,,,,,,,,,,,100,0,100,0,100,0,100,0,100,0,79,21,100,0,100,0,37,127652,21,21,,,,,100,0,100,0,200,0,,,,,,,,,,,,,,,,,,,,,,,,,,,100,31659,100,29177255416,100,172784268004,,,,,,,,,,
2019-08-16,Z305AQZ6,ST4000DM000,4000787030016,0,117,131710056,,,94,0,100,6,100,0,84,289535832,,,64,32314,100,0,,,100,6,,,,,,,,,,,,,,,,,,,,,,,,,,,,,,,100,0,100,0,100,0,100,0,100,0,79,21,100,0,100,0,37,127652,21,21,,,,,100,0,100,0,200,0,,,,,,,,,,,,,,,,,,,,,,,,,,,100,31684,100,29222644920,100,173052003247,,,,,,,,,,
2019-08-17,Z305AQZ6,ST4000DM000,4000787030016,0,116,109535848,,,94,0,100,6,100,0,84,291828380,,,64,32338,100,0,,,100,6,,,,,,,,,,,,,,,,,,,,,,,,,,,,,,,100,0,100,0,100,0,100,0,100,0,79,21,100,0,100,0,37,127652,21,21,,,,,100,0,100,0,200,0,,,,,,,,,,,,,,,,,,,,,,,,,,,100,31707,100,29263246840,100,173374720779,,,,,,,,,,
2019-08-18,Z305AQZ6,ST4000DM000,4000787030016,0,119,205926192,,,94,0,100,6,100,0,84,293996398,,,64,32362,100,0,,,100,6,,,,,,,,,,,,,,,,,,,,,,,,,,,,,,,100,0,100,0,100,0,100,0,100,0,78,22,100,0,100,0,37,127652,22,22,,,,,100,0,100,0,200,0,,,,,,,,,,,,,,,,,,,,,,,,,,,100,31731,100,29310525568,100,173645044067,,,,,,,,,,
2019-08-19,Z305AQZ6,ST4000DM000,4000787030016,0,117,147358136,,,94,0,100,6,100,0,84,294620173,,,64,32386,100,0,,,100,6,,,,,,,,,,,,,,,,,,,,,,,,,,,,,,,100,0,100,0,100,0,100,0,100,0,79,21,100,0,100,0,37,127652,21,21,,,,,100,0,100,0,200,0,,,,,,,,,,,,,,,,,,,,,,,,,,,100,31755,100,29351834136,100,173764225375,,,,,,,,,,
2019-08-20,Z305AQZ6,ST4000DM000,4000787030016,0,115,93865072,,,94,0,100,6,100,0,84,295985880,,,64,32409,100,0,,,100,6,,,,,,,,,,,,,,,,,,,,,,,,,,,,,,,100,0,100,0,100,0,100,0,100,0,79,21,100,0,100,0,37,127652,21,21,,,,,100,0,100,0,200,0,,,,,,,,,,,,,,,,,,,,,,,,,,,100,31779,100,29410211880,100,174014065145,,,,,,,,,,
2019-08-21,Z305AQZ6,ST4000DM000,4000787030016,0,114,64071208,,,94,0,100,6,100,0,84,297024423,,,63,32433,100,0,,,100,6,,,,,,,,,,,,,,,,,,,,,,,,,,,,,,,100,0,100,0,100,0,100,0,100,0,79,21,100,0,100,0,37,127652,21,21,,,,,100,0,100,0,200,0,,,,,,,,,,,,,,,,,,,,,,,,,,,100,31803,100,29451694152,100,174289347523,,,,,,,,,,
2019-08-22,Z305AQZ6,ST4000DM000,4000787030016,0,107,13907744,,,94,0,100,6,100,0,84,297843267,,,63,32457,100,0,,,100,6,,,,,,,,,,,,,,,,,,,,,,,,,,,,,,,100,0,100,0,100,0,100,0,100,0,79,21,100,0,100,0,37,127652,21,21,,,,,100,0,100,0,200,0,,,,,,,,,,,,,,,,,,,,,,,,,,,100,31826,100,29520142896,100,174630667016,,,,,,,,,,
2019-08-23,Z305AQZ6,ST4000DM000,4000787030016,0,113,53869640,,,94,0,100,6,100,0,84,299321664,,,63,32481,100,0,,,100,6,,,,,,,,,,,,,,,,,,,,,,,,,,,,,,,100,0,100,0,100,0,100,0,100,0,79,21,100,0,100,0,37,127652,21,21,,,,,100,0,100,0,200,0,,,,,,,,,,,,,,,,,,,,,,,,,,,100,31850,100,29586062152,100,174909124982,,,,,,,,,,
2019-08-24,Z305AQZ6,ST4000DM000,4000787030016,0,111,34133800,,,94,0,100,6,100,0,84,300253857,,,63,32505,100,0,,,100,6,,,,,,,,,,,,,,,,,,,,,,,,,,,,,,,100,0,100,0,100,0,100,0,100,0,79,21,100,0,100,0,37,127652,21,21,,,,,100,0,100,0,200,0,,,,,,,,,,,,,,,,,,,,,,,,,,,100,31874,100,29629613592,100,175238918486,,,,,,,,,,
2019-08-25,Z305AQZ6,ST4000DM000,4000787030016,0,107,13436080,,,94,0,100,6,100,0,84,301937158,,,63,32529,100,0,,,100,6,,,,,,,,,,,,,,,,,,,,,,,,,,,,,,,100,0,100,0,100,0,100,0,100,0,79,21,100,0,100,0,37,127652,21,21,,,,,100,0,100,0,200,0,,,,,,,,,,,,,,,,,,,,,,,,,,,100,31898,100,29717545208,100,175588525377,,,,,,,,,,
2019-08-26,Z305AQZ6,ST4000DM000,4000787030016,0,117,137738976,,,94,0,100,6,100,0,84,306803015,,,63,32577,100,0,,,100,6,,,,,,,,,,,,,,,,,,,,,,,,,,,,,,,100,0,100,0,100,0,100,0,100,0,79,21,100,0,100,0,37,127652,21,21,,,,,100,0,100,0,200,0,,,,,,,,,,,,,,,,,,,,,,,,,,,100,31946,100,29792056176,100,176228997509,,,,,,,,,,
2019-08-27,Z305AQZ6,ST4000DM000,4000787030016,0,117,137738976,,,94,0,100,6,100,0,84,306803015,,,63,32577,100,0,,,100,6,,,,,,,,,,,,,,,,,,,,,,,,,,,,,,,100,0,100,0,100,0,100,0,100,0,79,21,100,0,100,0,37,127652,21,21,,,,,100,0,100,0,200,0,,,,,,,,,,,,,,,,,,,,,,,,,,,100,31946,100,29792056176,100,176228997509,,,,,,,,,,
2019-08-28,Z305AQZ6,ST4000DM000,4000787030016,0,119,218446096,,,94,0,100,6,100,0,84,308901479,,,63,32601,100,0,,,100,6,,,,,,,,,,,,,,,,,,,,,,,,,,,,,,,100,0,100,0,100,0,100,0,100,0,79,21,100,0,100,0,37,127652,21,21,,,,,100,0,100,0,200,0,,,,,,,,,,,,,,,,,,,,,,,,,,,100,31970,100,29844466696,100,176522373620,,,,,,,,,,
2019-08-29,Z305AQZ6,ST4000DM000,4000787030016,0,118,192870344,,,94,0,100,6,100,0,84,309533872,,,63,32625,100,0,,,100,6,,,,,,,,,,,,,,,,,,,,,,,,,,,,,,,100,0,100,0,100,0,100,0,100,0,79,21,100,0,100,0,37,127652,21,21,,,,,100,0,100,0,200,0,,,,,,,,,,,,,,,,,,,,,,,,,,,100,31994,100,29885888616,100,176643574507,,,,,,,,,,
2019-08-30,Z305AQZ6,ST4000DM000,4000787030016,0,118,184446464,,,94,0,100,6,100,0,84,310696099,,,63,32648,100,0,,,100,6,,,,,,,,,,,,,,,,,,,,,,,,,,,,,,,100,0,100,0,100,0,100,0,100,0,77,23,100,0,100,0,37,127652,23,23,,,,,100,0,100,0,200,0,,,,,,,,,,,,,,,,,,,,,,,,,,,100,32018,100,29959280008,100,176813033749,,,,,,,,,,
2019-08-31,Z305AQZ6,ST4000DM000,4000787030016,0,117,164395768,,,94,0,100,6,100,0,84,311761706,,,63,32672,100,0,,,100,6,,,,,,,,,,,,,,,,,,,,,,,,,,,,,,,100,0,100,0,100,0,100,0,100,0,79,21,100,0,100,0,37,127652,21,21,,,,,100,0,100,0,200,0,,,,,,,,,,,,,,,,,,,,,,,,,,,100,32042,100,30000225664,100,177084770450,,,,,,,,,,
2019-09-01,Z305AQZ6,ST4000DM000,4000787030016,0,116,113579016,,,94,0,100,6,100,0,84,312697131,,,63,32696,100,0,,,100,6,,,,,,,,,,,,,,,,,,,,,,,,,,,,,,,100,0,100,0,100,0,100,0,100,0,79,21,100,0,100,0,37,127652,21,21,,,,,100,0,100,0,200,0,,,,,,,,,,,,,,,,,,,,,,,,,,,100,32065,100,30034964248,100,177393326522,,,,,,,,,,
2019-09-02,Z305AQZ6,ST4000DM000,4000787030016,0,118,176600376,,,94,0,100,6,100,0,84,313613478,,,63,32720,100,0,,,100,6,,,,,,,,,,,,,,,,,,,,,,,,,,,,,,,100,0,100,0,100,0,100,0,100,0,79,21,100,0,100,0,37,127652,21,21,,,,,100,0,100,0,200,0,,,,,,,,,,,,,,,,,,,,,,,,,,,100,32089,100,30067945248,100,177718707949,,,,,,,,,,
2019-09-03,Z305AQZ6,ST4000DM000,4000787030016,0,110,28331328,,,94,0,100,6,100,0,84,316043749,,,63,32744,100,0,,,100,6,,,,,,,,,,,,,,,,,,,,,,,,,,,,,,,100,0,100,0,100,0,100,0,100,0,79,21,100,0,100,0,37,127652,21,21,,,,,100,0,100,0,200,0,,,,,,,,,,,,,,,,,,,,,,,,,,,100,32113,100,30105100424,100,178078486881,,,,,,,,,,
2019-09-04,Z305AQZ6,ST4000DM000,4000787030016,0,112,44145496,,,94,0,100,6,100,0,84,318462526,,,63,32768,100,0,,,100,6,,,,,,,,,,,,,,,,,,,,,,,,,,,,,,,100,0,100,0,100,0,100,0,100,0,79,21,100,0,100,0,37,127652,21,21,,,,,100,0,100,0,200,0,,,,,,,,,,,,,,,,,,,,,,,,,,,100,32137,100,30172719784,100,178397016976,,,,,,,,,,
2019-09-05,Z305AQZ6,ST4000DM000,4000787030016,0,118,195441568,,,94,0,100,6,100,0,84,320631943,,,63,32792,100,0,,,100,6,,,,,,,,,,,,,,,,,,,,,,,,,,,,,,,100,0,100,0,100,0,100,0,100,0,78,22,100,0,100,0,37,127652,22,22,,,,,100,0,100,0,200,0,,,,,,,,,,,,,,,,,,,,,,,,,,,100,32161,100,30222461616,100,178713234088,,,,,,,,,,
2019-09-06,Z305AQZ6,ST4000DM000,4000787030016,0,117,128037696,,,94,0,100,6,100,0,84,321783216,,,63,32815,100,0,,,100,6,,,,,,,,,,,,,,,,,,,,,,,,,,,,,,,100,0,100,0,100,0,100,0,100,0,78,22,100,0,100,0,37,127652,22,22,,,,,100,0,100,0,200,0,,,,,,,,,,,,,,,,,,,,,,,,,,,100,32185,100,30270903552,100,179027354912,,,,,,,,,,
2019-09-07,Z305AQZ6,ST4000DM000,4000787030016,0,118,181359144,,,94,0,100,6,100,0,84,322668327,,,63,32839,100,0,,,100,6,,,,,,,,,,,,,,,,,,,,,,,,,,,,,,,100,0,100,0,100,0,100,0,100,0,79,21,100,0,100,0,37,127652,21,21,,,,,100,0,100,0,200,0,,,,,,,,,,,,,,,,,,,,,,,,,,,100,32208,100,30316974616,100,179356237430,,,,,,,,,,
2019-09-08,Z305AQZ6,ST4000DM000,4000787030016,0,109,23301208,,,94,0,100,6,100,0,84,324187318,,,63,32863,100,0,,,100,6,,,,,,,,,,,,,,,,,,,,,,,,,,,,,,,100,0,100,0,100,0,100,0,100,0,78,22,100,0,100,0,37,127652,22,22,,,,,100,0,100,0,200,0,,,,,,,,,,,,,,,,,,,,,,,,,,,100,32232,100,30381281600,100,179629025956,,,,,,,,,,
2019-09-09,Z305AQZ6,ST4000DM000,4000787030016,0,119,219231456,,,94,0,100,6,100,0,84,325355202,,,63,32887,100,0,,,100,6,,,,,,,,,,,,,,,,,,,,,,,,,,,,,,,100,0,100,0,100,0,100,0,100,0,78,22,100,0,100,0,37,127652,22,22,,,,,100,0,100,0,200,0,,,,,,,,,,,,,,,,,,,,,,,,,,,100,32256,100,30443537232,100,179777699326,,,,,,,,,,
2019-09-10,Z305AQZ6,ST4000DM000,4000787030016,0,118,180770240,,,94,0,100,6,100,0,84,326763460,,,63,32911,100,0,,,100,6,,,,,,,,,,,,,,,,,,,,,,,,,,,,,,,100,0,100,0,100,0,100,0,100,0,79,21,100,0,100,0,37,127652,21,21,,,,,100,0,100,0,200,0,,,,,,,,,,,,,,,,,,,,,,,,,,,100,32280,100,30493663592,100,180011701882,,,,,,,,,,
2019-09-11,Z305AQZ6,ST4000DM000,4000787030016,0,108,16290104,,,94,0,100,6,100,0,84,328507471,,,63,32947,100,0,,,100,6,,,,,,,,,,,,,,,,,,,,,,,,,,,,,,,100,0,100,0,100,0,100,0,100,0,78,22,100,0,100,0,37,127652,22,22,,,,,100,0,100,0,200,0,,,,,,,,,,,,,,,,,,,,,,,,,,,100,32316,100,30593347128,100,180454284243,,,,,,,,,,
2019-09-12,Z305AQZ6,ST4000DM000,4000787030016,0,114,81252112,,,94,0,100,6,100,0,84,329557759,,,63,32971,100,0,,,100,6,,,,,,,,,,,,,,,,,,,,,,,,,,,,,,,100,0,100,0,100,0,100,0,100,0,77,23,100,0,100,0,37,127652,23,23,,,,,100,0,100,0,200,0,,,,,,,,,,,,,,,,,,,,,,,,,,,100,32340,100,30636350712,100,180683856433,,,,,,,,,,
2019-09-13,Z305AQZ6,ST4000DM000,4000787030016,0,116,106245864,,,94,0,100,6,100,0,84,330566974,,,63,32994,100,0,,,100,6,,,,,,,,,,,,,,,,,,,,,,,,,,,,,,,100,0,100,0,100,0,100,0,100,0,78,22,100,0,100,0,37,127652,22,22,,,,,100,0,100,0,200,0,,,,,,,,,,,,,,,,,,,,,,,,,,,100,32364,100,30689375032,100,181012540957,,,,,,,,,,
2019-09-14,Z305AQZ6,ST4000DM000,4000787030016,0,118,183819464,,,94,0,100,6,100,0,84,331818294,,,63,33018,100,0,,,100,6,,,,,,,,,,,,,,,,,,,,,,,,,,,,,,,100,0,100,0,100,0,100,0,100,0,78,22,100,0,100,0,37,127652,22,22,,,,,100,0,100,0,200,0,,,,,,,,,,,,,,,,,,,,,,,,,,,100,32387,100,30727820712,100,181328354423,,,,,,,,,,
2019-09-15,Z305AQZ6,ST4000DM000,4000787030016,0,113,50332216,,,94,0,100,6,100,0,84,334218013,,,63,33042,100,0,,,100,6,,,,,,,,,,,,,,,,,,,,,,,,,,,,,,,100,0,100,0,100,0,100,0,100,0,77,23,100,0,100,0,37,127652,23,23,,,,,100,0,100,0,200,0,,,,,,,,,,,,,,,,,,,,,,,,,,,100,32411,100,30775072080,100,181646361649,,,,,,,,,,
2019-09-16,Z305AQZ6,ST4000DM000,4000787030016,0,116,109272352,,,94,0,100,6,100,0,85,336792046,,,63,33066,100,0,,,100,6,,,,,,,,,,,,,,,,,,,,,,,,,,,,,,,100,0,100,0,100,0,100,0,100,0,77,23,100,0,100,0,37,127652,23,23,,,,,100,0,100,0,200,0,,,,,,,,,,,,,,,,,,,,,,,,,,,100,32435,100,30829667784,100,181985221880,,,,,,,,,,
2019-09-17,Z305AQZ6,ST4000DM000,4000787030016,0,116,113833784,,,94,0,100,6,100,0,85,339417014,,,63,33090,100,0,,,100,6,,,,,,,,,,,,,,,,,,,,,,,,,,,,,,,100,0,100,0,100,0,100,0,100,0,78,22,100,0,100,0,37,127652,22,22,,,,,100,0,100,0,200,0,,,,,,,,,,,,,,,,,,,,,,,,,,,100,32459,100,30881355512,100,182267500368,,,,,,,,,,
2019-09-18,Z305AQZ6,ST4000DM000,4000787030016,0,119,203309528,,,94,0,100,6,100,0,85,339896863,,,63,33102,100,0,,,100,6,,,,,,,,,,,,,,,,,,,,,,,,,,,,,,,100,0,100,0,100,0,100,0,100,0,78,22,100,0,100,0,37,127652,22,22,,,,,100,0,100,0,200,0,,,,,,,,,,,,,,,,,,,,,,,,,,,100,32471,100,30902195664,100,182386769399,,,,,,,,,,
2019-09-19,Z305AQZ6,ST4000DM000,4000787030016,0,103,5859272,,,94,0,100,6,100,0,85,340652417,,,63,33125,100,0,,,100,6,,,,,,,,,,,,,,,,,,,,,,,,,,,,,,,100,0,100,0,100,0,100,0,100,0,78,22,100,0,100,0,37,127652,22,22,,,,,100,0,100,0,200,0,,,,,,,,,,,,,,,,,,,,,,,,,,,100,32495,100,30948795816,100,182593812057,,,,,,,,,,
2019-09-20,Z305AQZ6,ST4000DM000,4000787030016,0,114,74132344,,,94,0,100,6,100,0,85,341657854,,,63,33149,100,0,,,100,6,,,,,,,,,,,,,,,,,,,,,,,,,,,,,,,100,0,100,0,100,0,100,0,100,0,79,21,100,0,100,0,37,127652,21,21,,,,,100,0,100,0,200,0,,,,,,,,,,,,,,,,,,,,,,,,,,,100,32519,100,30996535040,100,182733823323,,,,,,,,,,
2019-09-21,Z305AQZ6,ST4000DM000,4000787030016,0,120,238151856,,,94,0,100,6,100,0,85,342693404,,,63,33173,100,0,,,100,6,,,,,,,,,,,,,,,,,,,,,,,,,,,,,,,100,0,100,0,100,0,100,0,100,0,79,21,100,0,100,0,37,127652,21,21,,,,,100,0,100,0,200,0,,,,,,,,,,,,,,,,,,,,,,,,,,,100,32542,100,31061749776,100,182959425944,,,,,,,,,,
2019-09-22,Z305AQZ6,ST4000DM000,4000787030016,0,117,127902088,,,94,0,100,6,100,0,85,343898220,,,63,33197,100,0,,,100,6,,,,,,,,,,,,,,,,,,,,,,,,,,,,,,,100,0,100,0,100,0,100,0,100,0,78,22,100,0,100,0,37,127652,22,22,,,,,100,0,100,0,200,0,,,,,,,,,,,,,,,,,,,,,,,,,,,100,32566,100,31130484224,100,183244220031,,,,,,,,,,
2019-09-23,Z305AQZ6,ST4000DM000,4000787030016,0,116,109297736,,,94,0,100,6,100,0,85,345281190,,,63,33221,100,0,,,100,6,,,,,,,,,,,,,,,,,,,,,,,,,,,,,,,100,0,100,0,100,0,100,0,100,0,79,21,100,0,100,0,37,127652,21,21,,,,,100,0,100,0,200,0,,,,,,,,,,,,,,,,,,,,,,,,,,,100,32590,100,31178787056,100,183572001725,,,,,,,,,,
2019-09-24,Z305AQZ6,ST4000DM000,4000787030016,0,119,215183552,,,94,0,100,6,100,0,85,346687660,,,63,33245,100,0,,,100,6,,,,,,,,,,,,,,,,,,,,,,,,,,,,,,,100,0,100,0,100,0,100,0,100,0,79,21,100,0,100,0,37,127652,21,21,,,,,100,0,100,0,200,0,,,,,,,,,,,,,,,,,,,,,,,,,,,100,32614,100,31227834600,100,183911741664,,,,,,,,,,
2019-09-25,Z305AQZ6,ST4000DM000,4000787030016,0,113,54567496,,,94,0,100,6,100,0,85,349411881,,,63,33281,100,0,,,100,6,,,,,,,,,,,,,,,,,,,,,,,,,,,,,,,100,0,100,0,100,0,100,0,100,0,78,22,100,0,100,0,37,127652,22,22,,,,,100,0,100,0,200,0,,,,,,,,,,,,,,,,,,,,,,,,,,,100,32650,100,31321919184,100,184418599314,,,,,,,,,,
2019-09-26,Z305AQZ6,ST4000DM000,4000787030016,0,107,14347088,,,94,0,100,6,100,0,85,350725007,,,62,33305,100,0,,,100,6,,,,,,,,,,,,,,,,,,,,,,,,,,,,,,,100,0,100,0,100,0,100,0,100,0,78,22,100,0,100,0,37,127652,22,22,,,,,100,0,100,0,200,0,,,,,,,,,,,,,,,,,,,,,,,,,,,100,32674,100,31369664864,100,184691763618,,,,,,,,,,
2019-09-27,Z305AQZ6,ST4000DM000,4000787030016,0,117,137315760,,,94,0,100,6,100,0,85,353261675,,,62,33329,100,0,,,100,6,,,,,,,,,,,,,,,,,,,,,,,,,,,,,,,100,0,100,0,100,0,100,0,100,0,78,22,100,0,100,0,37,127652,22,22,,,,,100,0,100,0,200,0,,,,,,,,,,,,,,,,,,,,,,,,,,,100,32698,100,31430536712,100,185027589479,,,,,,,,,,
2019-09-28,Z305AQZ6,ST4000DM000,4000787030016,0,116,104427072,,,94,0,100,6,100,0,85,355591026,,,62,33353,100,0,,,100,6,,,,,,,,,,,,,,,,,,,,,,,,,,,,,,,100,0,100,0,100,0,100,0,100,0,78,22,100,0,100,0,37,127652,22,22,,,,,100,0,100,0,200,0,,,,,,,,,,,,,,,,,,,,,,,,,,,100,32722,100,31479443288,100,185312847239,,,,,,,,,,
2019-09-29,Z305AQZ6,ST4000DM000,4000787030016,0,116,102725800,,,94,0,100,6,100,0,85,356399729,,,62,33377,100,0,,,100,6,,,,,,,,,,,,,,,,,,,,,,,,,,,,,,,100,0,100,0,100,0,100,0,100,0,78,22,100,0,100,0,37,127652,22,22,,,,,100,0,100,0,200,0,,,,,,,,,,,,,,,,,,,,,,,,,,,100,32746,100,31531062896,100,185484071051,,,,,,,,,,
2019-09-30,Z305AQZ6,ST4000DM000,4000787030016,0,118,190068488,,,94,0,100,6,100,0,85,357743516,,,62,33400,100,0,,,100,6,,,,,,,,,,,,,,,,,,,,,,,,,,,,,,,100,0,100,0,100,0,100,0,100,0,78,22,100,0,100,0,37,127652,22,22,,,,,100,0,100,0,200,0,,,,,,,,,,,,,,,,,,,,,,,,,,,100,32770,100,31575316120,100,185664555822,,,,,,,,,,
2019-10-01,Z305AQZ6,ST4000DM000,4000787030016,0,115,91411512,,,94,0,100,6,100,0,85,359397380,,,62,33424,100,0,,,100,6,,,,,,,,,,,,,,,,,,,,,,,,,,,,,,,,,100,0,100,0,100,0,100,0,100,0,78,22,100,0,100,0,37,127652,22,22,,,,,100,0,100,0,200,0,,,,,,,,,,,,,,,,,,,,,,,,,,,100,32794,100,31623796512,100,185956392573,,,,,,,,,,
2019-10-02,Z305AQZ6,ST4000DM000,4000787030016,0,117,134213664,,,94,0,100,6,100,0,85,360395740,,,62,33448,100,0,,,100,6,,,,,,,,,,,,,,,,,,,,,,,,,,,,,,,,,100,0,100,0,100,0,100,0,100,0,78,22,100,0,100,0,37,127652,22,22,,,,,100,0,100,0,200,0,,,,,,,,,,,,,,,,,,,,,,,,,,,100,32817,100,31684322016,100,186205638469,,,,,,,,,,
2019-10-03,Z305AQZ6,ST4000DM000,4000787030016,0,116,116270152,,,94,0,100,6,100,0,85,361344248,,,62,33472,100,0,,,100,6,,,,,,,,,,,,,,,,,,,,,,,,,,,,,,,,,100,0,100,0,100,0,100,0,100,0,78,22,100,0,100,0,37,127652,22,22,,,,,100,0,100,0,200,0,,,,,,,,,,,,,,,,,,,,,,,,,,,100,32841,100,31755067528,100,186320850891,,,,,,,,,,
2019-10-04,Z305AQZ6,ST4000DM000,4000787030016,0,117,129587280,,,94,0,100,6,100,0,85,361618051,,,62,33484,100,0,,,100,6,,,,,,,,,,,,,,,,,,,,,,,,,,,,,,,,,100,0,100,0,100,0,100,0,100,0,79,21,100,0,100,0,37,127652,21,21,,,,,100,0,100,0,200,0,,,,,,,,,,,,,,,,,,,,,,,,,,,100,32853,100,31783701392,100,186380259719,,,,,,,,,,
2019-10-05,Z305AQZ6,ST4000DM000,4000787030016,0,119,208743072,,,94,0,100,6,100,0,85,362176262,,,62,33508,100,0,,,100,6,,,,,,,,,,,,,,,,,,,,,,,,,,,,,,,,,100,0,100,0,100,0,100,0,100,0,78,22,100,0,100,0,37,127652,22,22,,,,,100,0,100,0,200,0,,,,,,,,,,,,,,,,,,,,,,,,,,,100,32877,100,31838955232,100,186460149547,,,,,,,,,,
2019-10-06,Z305AQZ6,ST4000DM000,4000787030016,0,118,194274144,,,94,0,100,6,100,0,85,363166868,,,62,33531,100,0,,,100,6,,,,,,,,,,,,,,,,,,,,,,,,,,,,,,,,,100,0,100,0,100,0,100,0,100,0,78,22,100,0,100,0,37,127652,22,22,,,,,100,0,100,0,200,0,,,,,,,,,,,,,,,,,,,,,,,,,,,100,32901,100,31888852760,100,186575192528,,,,,,,,,,
2019-10-07,Z305AQZ6,ST4000DM000,4000787030016,0,119,225627024,,,94,0,100,6,100,0,85,363626085,,,62,33555,100,0,,,100,6,,,,,,,,,,,,,,,,,,,,,,,,,,,,,,,,,100,0,100,0,100,0,100,0,100,0,78,22,100,0,100,0,37,127652,22,22,,,,,100,0,100,0,200,0,,,,,,,,,,,,,,,,,,,,,,,,,,,100,32924,100,31921453152,100,186690379741,,,,,,,,,,
2019-10-08,Z305AQZ6,ST4000DM000,4000787030016,0,113,54013056,,,94,0,100,6,100,0,85,364511679,,,62,33579,100,0,,,100,6,,,,,,,,,,,,,,,,,,,,,,,,,,,,,,,,,100,0,100,0,100,0,100,0,100,0,77,23,100,0,100,0,37,127652,23,23,,,,,100,0,100,0,200,0,,,,,,,,,,,,,,,,,,,,,,,,,,,100,32948,100,31980205104,100,186815992617,,,,,,,,,,
2019-10-09,Z305AQZ6,ST4000DM000,4000787030016,0,114,77985608,,,94,0,100,6,100,0,85,365523172,,,62,33603,100,0,,,100,6,,,,,,,,,,,,,,,,,,,,,,,,,,,,,,,,,100,0,100,0,100,0,100,0,100,0,78,22,100,0,100,0,37,127652,22,22,,,,,100,0,100,0,200,0,,,,,,,,,,,,,,,,,,,,,,,,,,,100,32972,100,32036029800,100,186950428778,,,,,,,,,,
2019-10-10,Z305AQZ6,ST4000DM000,4000787030016,0,108,19695328,,,94,0,100,6,100,0,85,366681597,,,62,33638,100,0,,,100,6,,,,,,,,,,,,,,,,,,,,,,,,,,,,,,,,,100,0,100,0,100,0,100,0,100,0,78,22,100,0,100,0,37,127652,22,22,,,,,100,0,100,0,200,0,,,,,,,,,,,,,,,,,,,,,,,,,,,100,33008,100,32132142280,100,187122480946,,,,,,,,,,
2019-10-11,Z305AQZ6,ST4000DM000,4000787030016,0,118,169432416,,,94,0,100,6,100,0,85,367459495,,,62,33662,100,0,,,100,6,,,,,,,,,,,,,,,,,,,,,,,,,,,,,,,,,100,0,100,0,100,0,100,0,100,0,79,21,100,0,100,0,37,127652,21,21,,,,,100,0,100,0,200,0,,,,,,,,,,,,,,,,,,,,,,,,,,,100,33031,100,32196833920,100,187232188805,,,,,,,,,,
2019-10-12,Z305AQZ6,ST4000DM000,4000787030016,0,114,71262176,,,94,0,100,6,100,0,85,368053376,,,62,33686,100,0,,,100,6,,,,,,,,,,,,,,,,,,,,,,,,,,,,,,,,,100,0,100,0,100,0,100,0,100,0,78,22,100,0,100,0,37,127652,22,22,,,,,100,0,100,0,200,0,,,,,,,,,,,,,,,,,,,,,,,,,,,100,33055,100,32255921176,100,187329993781,,,,,,,,,,
2019-10-13,Z305AQZ6,ST4000DM000,4000787030016,0,115,98692984,,,94,0,100,6,100,0,85,369548779,,,62,33710,100,0,,,100,6,,,,,,,,,,,,,,,,,,,,,,,,,,,,,,,,,100,0,100,0,100,0,100,0,100,0,78,22,100,0,100,0,37,127652,22,22,,,,,100,0,100,0,200,0,,,,,,,,,,,,,,,,,,,,,,,,,,,100,33079,100,32296557344,100,187606632136,,,,,,,,,,
2019-10-14,Z305AQZ6,ST4000DM000,4000787030016,0,120,34656,,,94,0,100,6,100,0,85,371442030,,,62,33734,100,0,,,100,6,,,,,,,,,,,,,,,,,,,,,,,,,,,,,,,,,100,0,100,0,100,0,100,0,100,0,78,22,100,0,100,0,37,127652,22,22,,,,,100,0,100,0,200,0,,,,,,,,,,,,,,,,,,,,,,,,,,,100,33103,100,32352354560,100,187959345206,,,,,,,,,,
2019-10-15,Z305AQZ6,ST4000DM000,4000787030016,0,119,225604904,,,94,0,100,6,100,0,85,376413097,,,62,33781,100,0,,,100,6,,,,,,,,,,,,,,,,,,,,,,,,,,,,,,,,,100,0,100,0,100,0,100,0,100,0,78,22,100,0,100,0,37,127652,22,22,,,,,100,0,100,0,200,0,,,,,,,,,,,,,,,,,,,,,,,,,,,100,33151,100,32467433608,100,188564727813,,,,,,,,,,
2019-10-16,Z305AQZ6,ST4000DM000,4000787030016,0,119,225604904,,,94,0,100,6,100,0,85,376413097,,,62,33781,100,0,,,100,6,,,,,,,,,,,,,,,,,,,,,,,,,,,,,,,,,100,0,100,0,100,0,100,0,100,0,78,22,100,0,100,0,37,127652,22,22,,,,,100,0,100,0,200,0,,,,,,,,,,,,,,,,,,,,,,,,,,,100,33151,100,32467433608,100,188564727813,,,,,,,,,,
2019-10-17,Z305AQZ6,ST4000DM000,4000787030016,0,117,163399696,,,94,0,100,6,100,0,85,377431654,,,62,33805,100,0,,,100,6,,,,,,,,,,,,,,,,,,,,,,,,,,,,,,,,,100,0,100,0,100,0,100,0,100,0,78,22,100,0,100,0,37,127652,22,22,,,,,100,0,100,0,200,0,,,,,,,,,,,,,,,,,,,,,,,,,,,100,33175,100,32509153152,100,188741269663,,,,,,,,,,
2019-10-18,Z305AQZ6,ST4000DM000,4000787030016,0,111,40929520,,,94,0,100,6,100,0,85,379519689,,,62,33829,100,0,,,100,6,,,,,,,,,,,,,,,,,,,,,,,,,,,,,,,,,100,0,100,0,100,0,100,0,100,0,78,22,100,0,100,0,37,127652,22,22,,,,,100,0,100,0,200,0,,,,,,,,,,,,,,,,,,,,,,,,,,,100,33198,100,32561966232,100,188974183590,,,,,,,,,,
2019-10-19,Z305AQZ6,ST4000DM000,4000787030016,0,116,113629976,,,94,0,100,6,100,0,85,380575045,,,62,33853,100,0,,,100,6,,,,,,,,,,,,,,,,,,,,,,,,,,,,,,,,,100,0,100,0,100,0,100,0,100,0,78,22,100,0,100,0,37,127652,22,22,,,,,100,0,100,0,200,0,,,,,,,,,,,,,,,,,,,,,,,,,,,100,33222,100,32607420408,100,189195249857,,,,,,,,,,
2019-10-20,Z305AQZ6,ST4000DM000,4000787030016,0,120,238362616,,,94,0,100,6,100,0,85,381432799,,,62,33877,100,0,,,100,6,,,,,,,,,,,,,,,,,,,,,,,,,,,,,,,,,100,0,100,0,100,0,100,0,100,0,77,23,100,0,100,0,37,127652,23,23,,,,,100,0,100,0,200,0,,,,,,,,,,,,,,,,,,,,,,,,,,,100,33246,100,32641222064,100,189366075303,,,,,,,,,,
2019-10-21,Z305AQZ6,ST4000DM000,4000787030016,0,114,79347816,,,94,0,100,6,100,0,85,383023005,,,62,33901,100,0,,,100,6,,,,,,,,,,,,,,,,,,,,,,,,,,,,,,,,,100,0,100,0,100,0,100,0,100,0,77,23,100,0,100,0,37,127652,23,23,,,,,100,0,100,0,200,0,,,,,,,,,,,,,,,,,,,,,,,,,,,100,33270,100,32689694464,100,189603565190,,,,,,,,,,
2019-10-22,Z305AQZ6,ST4000DM000,4000787030016,0,106,10648816,,,94,0,100,6,100,0,85,383636211,,,62,33913,100,0,,,100,6,,,,,,,,,,,,,,,,,,,,,,,,,,,,,,,,,100,0,100,0,100,0,100,0,100,0,77,23,100,0,100,0,37,127652,23,23,,,,,100,0,100,0,200,0,,,,,,,,,,,,,,,,,,,,,,,,,,,100,33282,100,32713979888,100,189739552593,,,,,,,,,,
2019-10-23,Z305AQZ6,ST4000DM000,4000787030016,0,118,170135040,,,94,0,100,6,100,0,85,385286433,,,62,33937,100,0,,,100,6,,,,,,,,,,,,,,,,,,,,,,,,,,,,,,,,,100,0,100,0,100,0,100,0,100,0,77,23,100,0,100,0,37,127652,23,23,,,,,100,0,100,0,200,0,,,,,,,,,,,,,,,,,,,,,,,,,,,100,33306,100,32757247152,100,190016546202,,,,,,,,,,
2019-10-24,Z305AQZ6,ST4000DM000,4000787030016,0,117,159973984,,,94,0,100,6,100,0,85,387077275,,,62,33973,100,0,,,100,6,,,,,,,,,,,,,,,,,,,,,,,,,,,,,,,,,100,0,100,0,100,0,100,0,100,0,78,22,100,0,100,0,37,127652,22,22,,,,,100,0,100,0,200,0,,,,,,,,,,,,,,,,,,,,,,,,,,,100,33342,100,32834127024,100,190482058973,,,,,,,,,,
2019-10-25,Z305AQZ6,ST4000DM000,4000787030016,0,102,4356416,,,94,0,100,6,100,0,85,388745727,,,62,33996,100,0,,,100,6,,,,,,,,,,,,,,,,,,,,,,,,,,,,,,,,,100,0,100,0,100,0,100,0,100,0,78,22,100,0,100,0,37,127652,22,22,,,,,100,0,100,0,200,0,,,,,,,,,,,,,,,,,,,,,,,,,,,100,33366,100,32891532320,100,190762560406,,,,,,,,,,
2019-10-26,Z305AQZ6,ST4000DM000,4000787030016,0,119,205390376,,,94,0,100,6,100,0,85,391057707,,,62,34020,100,0,,,100,6,,,,,,,,,,,,,,,,,,,,,,,,,,,,,,,,,100,0,100,0,100,0,100,0,100,0,77,23,100,0,100,0,37,127652,23,23,,,,,100,0,100,0,200,0,,,,,,,,,,,,,,,,,,,,,,,,,,,100,33389,100,32952397000,100,191102747478,,,,,,,,,,
2019-10-27,Z305AQZ6,ST4000DM000,4000787030016,0,118,184338112,,,94,0,100,6,100,0,85,393611330,,,62,34044,100,0,,,100,6,,,,,,,,,,,,,,,,,,,,,,,,,,,,,,,,,100,0,100,0,100,0,100,0,100,0,78,22,100,0,100,0,37,127652,22,22,,,,,100,0,100,0,200,0,,,,,,,,,,,,,,,,,,,,,,,,,,,100,33413,100,32990976064,100,191410283079,,,,,,,,,,
2019-10-28,Z305AQZ6,ST4000DM000,4000787030016,0,117,148711592,,,94,0,100,6,100,0,85,395695565,,,62,34068,100,0,,,100,6,,,,,,,,,,,,,,,,,,,,,,,,,,,,,,,,,100,0,100,0,100,0,100,0,100,0,77,23,100,0,100,0,37,127652,23,23,,,,,100,0,100,0,200,0,,,,,,,,,,,,,,,,,,,,,,,,,,,100,33437,100,33028011048,100,191677726659,,,,,,,,,,
2019-10-29,Z305AQZ6,ST4000DM000,4000787030016,0,108,16972648,,,94,0,100,6,100,0,85,397013113,,,62,34092,100,0,,,100,6,,,,,,,,,,,,,,,,,,,,,,,,,,,,,,,,,100,0,100,0,100,0,100,0,100,0,78,22,100,0,100,0,37,127652,22,22,,,,,100,0,100,0,200,0,,,,,,,,,,,,,,,,,,,,,,,,,,,100,33461,100,33081716248,100,191858964120,,,,,,,,,,
2019-10-30,Z305AQZ6,ST4000DM000,4000787030016,0,114,66621336,,,94,0,100,6,100,0,85,398035547,,,62,34116,100,0,,,100,6,,,,,,,,,,,,,,,,,,,,,,,,,,,,,,,,,100,0,100,0,100,0,100,0,100,0,77,23,100,0,100,0,37,127652,23,23,,,,,100,0,100,0,200,0,,,,,,,,,,,,,,,,,,,,,,,,,,,100,33485,100,33141148104,100,192060983251,,,,,,,,,,
2019-10-31,Z305AQZ6,ST4000DM000,4000787030016,0,118,169364624,,,94,0,100,6,100,0,85,399313675,,,62,34140,100,0,,,100,6,,,,,,,,,,,,,,,,,,,,,,,,,,,,,,,,,100,0,100,0,100,0,100,0,100,0,77,23,100,0,100,0,37,127652,23,23,,,,,100,0,100,0,200,0,,,,,,,,,,,,,,,,,,,,,,,,,,,100,33509,100,33213634352,100,192331463227,,,,,,,,,,
2019-11-01,Z305AQZ6,ST4000DM000,4000787030016,0,119,215410448,,,94,0,100,6,100,0,85,400512896,,,61,34164,100,0,,,100,6,,,,,,,,,,,,,,,,,,,,,,,,,,,,,,,,,100,0,100,0,100,0,100,0,100,0,77,23,100,0,100,0,37,127652,23,23,,,,,100,0,100,0,200,0,,,,,,,,,,,,,,,,,,,,,,,,,,,100,33533,100,33255719256,100,192544652915,,,,,,,,,,
2019-11-02,Z305AQZ6,ST4000DM000,4000787030016,0,113,54906760,,,94,0,100,6,100,0,85,401451447,,,61,34187,100,0,,,100,6,,,,,,,,,,,,,,,,,,,,,,,,,,,,,,,,,100,0,100,0,100,0,100,0,100,0,78,22,100,0,100,0,37,127652,22,22,,,,,100,0,100,0,200,0,,,,,,,,,,,,,,,,,,,,,,,,,,,100,33557,100,33302323680,100,192819396896,,,,,,,,,,
2019-11-03,Z305AQZ6,ST4000DM000,4000787030016,0,119,225125376,,,94,0,100,6,100,0,86,402936812,,,61,34211,100,0,,,100,6,,,,,,,,,,,,,,,,,,,,,,,,,,,,,,,,,100,0,100,0,100,0,100,0,100,0,78,22,100,0,100,0,37,127652,22,22,,,,,100,0,100,0,200,0,,,,,,,,,,,,,,,,,,,,,,,,,,,100,33581,100,33334247352,100,193127625526,,,,,,,,,,
2019-11-04,Z305AQZ6,ST4000DM000,4000787030016,0,106,11356960,,,94,0,100,6,100,0,86,403975948,,,61,34235,100,0,,,100,6,,,,,,,,,,,,,,,,,,,,,,,,,,,,,,,,,100,0,100,0,100,0,100,0,100,0,78,22,100,0,100,0,37,127652,22,22,,,,,100,0,100,0,200,0,,,,,,,,,,,,,,,,,,,,,,,,,,,100,33605,100,33370606128,100,193454648362,,,,,,,,,,
2019-11-05,Z305AQZ6,ST4000DM000,4000787030016,0,115,89430120,,,94,0,100,6,100,0,86,405953012,,,61,34259,100,0,,,100,6,,,,,,,,,,,,,,,,,,,,,,,,,,,,,,,,,100,0,100,0,100,0,100,0,100,0,78,22,100,0,100,0,37,127652,22,22,,,,,100,0,100,0,200,0,,,,,,,,,,,,,,,,,,,,,,,,,,,100,33629,100,33436587640,100,193801408856,,,,,,,,,,
2019-11-06,Z305AQZ6,ST4000DM000,4000787030016,0,114,67181296,,,94,0,100,6,100,0,86,408332576,,,61,34283,100,0,,,100,6,,,,,,,,,,,,,,,,,,,,,,,,,,,,,,,,,100,0,100,0,100,0,100,0,100,0,78,22,100,0,100,0,37,127652,22,22,,,,,100,0,100,0,200,0,,,,,,,,,,,,,,,,,,,,,,,,,,,100,33652,100,33496108824,100,194125270804,,,,,,,,,,
2019-11-07,Z305AQZ6,ST4000DM000,4000787030016,0,108,20672272,,,94,0,100,6,100,0,86,409386595,,,61,34307,100,0,,,100,6,,,,,,,,,,,,,,,,,,,,,,,,,,,,,,,,,100,0,100,0,100,0,100,0,100,0,78,22,100,0,100,0,37,127652,22,22,,,,,100,0,100,0,200,0,,,,,,,,,,,,,,,,,,,,,,,,,,,100,33676,100,33538776432,100,194403040338,,,,,,,,,,
2019-11-08,Z305AQZ6,ST4000DM000,4000787030016,0,116,108274856,,,94,0,100,6,100,0,86,411478871,,,61,34331,100,0,,,100,6,,,,,,,,,,,,,,,,,,,,,,,,,,,,,,,,,100,0,100,0,100,0,100,0,100,0,78,22,100,0,100,0,37,127652,22,22,,,,,100,0,100,0,200,0,,,,,,,,,,,,,,,,,,,,,,,,,,,100,33700,100,33600079888,100,194654977811,,,,,,,,,,
2019-11-09,Z305AQZ6,ST4000DM000,4000787030016,0,101,3421936,,,94,0,100,6,100,0,86,413529661,,,61,34355,100,0,,,100,6,,,,,,,,,,,,,,,,,,,,,,,,,,,,,,,,,100,0,100,0,100,0,100,0,100,0,77,23,100,0,100,0,37,127652,23,23,,,,,100,0,100,0,200,0,,,,,,,,,,,,,,,,,,,,,,,,,,,100,33724,100,33648497160,100,194924889198,,,,,,,,,,
2019-11-10,Z305AQZ6,ST4000DM000,4000787030016,0,117,117685080,,,94,0,100,6,100,0,86,414375694,,,61,34379,100,0,,,100,6,,,,,,,,,,,,,,,,,,,,,,,,,,,,,,,,,100,0,100,0,100,0,100,0,100,0,77,23,100,0,100,0,37,127652,23,23,,,,,100,0,100,0,200,0,,,,,,,,,,,,,,,,,,,,,,,,,,,100,33748,100,33722260176,100,195095448398,,,,,,,,,,
2019-11-11,Z305AQZ6,ST4000DM000,4000787030016,0,119,208405456,,,94,0,100,6,100,0,86,415504388,,,61,34402,100,0,,,100,6,,,,,,,,,,,,,,,,,,,,,,,,,,,,,,,,,100,0,100,0,100,0,100,0,100,0,77,23,100,0,100,0,37,127652,23,23,,,,,100,0,100,0,200,0,,,,,,,,,,,,,,,,,,,,,,,,,,,100,33772,100,33796980688,100,195316687476,,,,,,,,,,
2019-11-12,Z305AQZ6,ST4000DM000,4000787030016,0,118,195457056,,,94,0,100,6,100,0,86,417695078,,,61,34426,100,0,,,100,6,,,,,,,,,,,,,,,,,,,,,,,,,,,,,,,,,100,0,100,0,100,0,100,0,100,0,77,23,100,0,100,0,37,127652,23,23,,,,,100,0,100,0,200,0,,,,,,,,,,,,,,,,,,,,,,,,,,,100,33796,100,33837809896,100,195600312440,,,,,,,,,,
2019-11-13,Z305AQZ6,ST4000DM000,4000787030016,0,111,36967376,,,94,0,100,6,100,0,86,418798090,,,61,34450,100,0,,,100,6,,,,,,,,,,,,,,,,,,,,,,,,,,,,,,,,,100,0,100,0,100,0,100,0,100,0,77,23,100,0,100,0,37,127652,23,23,,,,,100,0,100,0,200,0,,,,,,,,,,,,,,,,,,,,,,,,,,,100,33820,100,33899499152,100,195918051794,,,,,,,,,,
2019-11-14,Z305AQZ6,ST4000DM000,4000787030016,0,116,104300376,,,94,0,100,6,100,0,86,419571723,,,61,34474,100,0,,,100,6,,,,,,,,,,,,,,,,,,,,,,,,,,,,,,,,,100,0,100,0,100,0,100,0,100,0,77,23,100,0,100,0,37,127652,23,23,,,,,100,0,100,0,200,0,,,,,,,,,,,,,,,,,,,,,,,,,,,100,33843,100,33944049896,100,196241016597,,,,,,,,,,
2019-11-15,Z305AQZ6,ST4000DM000,4000787030016,0,119,218267080,,,94,0,100,6,100,0,86,420653686,,,61,34498,100,0,,,100,6,,,,,,,,,,,,,,,,,,,,,,,,,,,,,,,,,100,0,100,0,100,0,100,0,100,0,78,22,100,0,100,0,37,127652,22,22,,,,,100,0,100,0,200,0,,,,,,,,,,,,,,,,,,,,,,,,,,,100,33867,100,33996522344,100,196533018754,,,,,,,,,,
2019-11-16,Z305AQZ6,ST4000DM000,4000787030016,0,114,69670784,,,94,0,100,6,100,0,86,421932308,,,61,34522,100,0,,,100,6,,,,,,,,,,,,,,,,,,,,,,,,,,,,,,,,,100,0,100,0,100,0,100,0,100,0,77,23,100,0,100,0,37,127652,23,23,,,,,100,0,100,0,200,0,,,,,,,,,,,,,,,,,,,,,,,,,,,100,33891,100,34043178816,100,196848782877,,,,,,,,,,
2019-11-17,Z305AQZ6,ST4000DM000,4000787030016,0,120,236146264,,,94,0,100,6,100,0,86,424170036,,,61,34546,100,0,,,100,6,,,,,,,,,,,,,,,,,,,,,,,,,,,,,,,,,100,0,100,0,100,0,100,0,100,0,74,26,100,0,100,0,37,127652,26,26,,,,,100,0,100,0,200,0,,,,,,,,,,,,,,,,,,,,,,,,,,,100,33915,100,34087613616,100,197175707139,,,,,,,,,,
2019-11-18,Z305AQZ6,ST4000DM000,4000787030016,0,114,68749816,,,94,0,100,6,100,0,86,426605758,,,61,34569,100,0,,,100,6,,,,,,,,,,,,,,,,,,,,,,,,,,,,,,,,,100,0,100,0,100,0,100,0,100,0,77,23,100,0,100,0,37,127652,23,23,,,,,100,0,100,0,200,0,,,,,,,,,,,,,,,,,,,,,,,,,,,100,33939,100,34125509304,100,197502497709,,,,,,,,,,
2019-11-19,Z305AQZ6,ST4000DM000,4000787030016,0,108,15908216,,,94,0,100,6,100,0,86,428981285,,,61,34593,100,0,,,100,6,,,,,,,,,,,,,,,,,,,,,,,,,,,,,,,,,100,0,100,0,100,0,100,0,100,0,77,23,100,0,100,0,37,127652,23,23,,,,,100,0,100,0,200,0,,,,,,,,,,,,,,,,,,,,,,,,,,,100,33963,100,34166507816,100,197762619926,,,,,,,,,,
2019-11-20,Z305AQZ6,ST4000DM000,4000787030016,0,117,157430504,,,94,0,100,6,100,0,86,429777265,,,61,34617,100,0,,,100,6,,,,,,,,,,,,,,,,,,,,,,,,,,,,,,,,,100,0,100,0,100,0,100,0,100,0,77,23,100,0,100,0,37,127652,23,23,,,,,100,0,100,0,200,0,,,,,,,,,,,,,,,,,,,,,,,,,,,100,33986,100,34206836760,100,197933456295,,,,,,,,,,
2019-11-21,Z305AQZ6,ST4000DM000,4000787030016,0,118,169079240,,,94,0,100,6,100,0,86,430660091,,,61,34641,100,0,,,100,6,,,,,,,,,,,,,,,,,,,,,,,,,,,,,,,,,100,0,100,0,100,0,100,0,100,0,77,23,100,0,100,0,37,127652,23,23,,,,,100,0,100,0,200,0,,,,,,,,,,,,,,,,,,,,,,,,,,,100,34010,100,34246153448,100,198177126147,,,,,,,,,,
2019-11-22,Z305AQZ6,ST4000DM000,4000787030016,0,119,233385008,,,94,0,100,6,100,0,86,431808162,,,61,34665,100,0,,,100,6,,,,,,,,,,,,,,,,,,,,,,,,,,,,,,,,,100,0,100,0,100,0,100,0,100,0,74,26,100,0,100,0,37,127652,26,26,,,,,100,0,100,0,200,0,,,,,,,,,,,,,,,,,,,,,,,,,,,100,34034,100,34291512872,100,198370640426,,,,,,,,,,
2019-11-23,Z305AQZ6,ST4000DM000,4000787030016,0,120,239784432,,,94,0,100,6,100,0,86,432838075,,,61,34689,100,0,,,100,6,,,,,,,,,,,,,,,,,,,,,,,,,,,,,,,,,100,0,100,0,100,0,100,0,100,0,77,23,100,0,100,0,37,127652,23,23,,,,,100,0,100,0,200,0,,,,,,,,,,,,,,,,,,,,,,,,,,,100,34058,100,34338490728,100,198609250979,,,,,,,,,,
2019-11-24,Z305AQZ6,ST4000DM000,4000787030016,0,111,33484032,,,94,0,100,6,100,0,86,433964287,,,61,34712,100,0,,,100,6,,,,,,,,,,,,,,,,,,,,,,,,,,,,,,,,,100,0,100,0,100,0,100,0,100,0,77,23,100,0,100,0,37,127652,23,23,,,,,100,0,100,0,200,0,,,,,,,,,,,,,,,,,,,,,,,,,,,100,34082,100,34390803568,100,198910084600,,,,,,,,,,
2019-11-25,Z305AQZ6,ST4000DM000,4000787030016,0,118,179399480,,,94,0,100,6,100,0,86,435017420,,,61,34736,100,0,,,100,6,,,,,,,,,,,,,,,,,,,,,,,,,,,,,,,,,100,0,100,0,100,0,100,0,100,0,77,23,100,0,100,0,37,127652,23,23,,,,,100,0,100,0,200,0,,,,,,,,,,,,,,,,,,,,,,,,,,,100,34106,100,34441502072,100,199241027147,,,,,,,,,,
2019-11-26,Z305AQZ6,ST4000DM000,4000787030016,0,120,242550880,,,94,0,100,6,100,0,86,436789401,,,61,34760,100,0,,,100,6,,,,,,,,,,,,,,,,,,,,,,,,,,,,,,,,,100,0,100,0,100,0,100,0,100,0,77,23,100,0,100,0,37,127652,23,23,,,,,100,0,100,0,200,0,,,,,,,,,,,,,,,,,,,,,,,,,,,100,34129,100,34483277248,100,199567903825,,,,,,,,,,
2019-11-27,Z305AQZ6,ST4000DM000,4000787030016,0,116,110935144,,,94,0,100,6,100,0,86,439186263,,,61,34784,100,0,,,100,6,,,,,,,,,,,,,,,,,,,,,,,,,,,,,,,,,100,0,100,0,100,0,100,0,100,0,77,23,100,0,100,0,37,127652,23,23,,,,,100,0,100,0,200,0,,,,,,,,,,,,,,,,,,,,,,,,,,,100,34153,100,34533191176,100,199905458524,,,,,,,,,,
2019-11-28,Z305AQZ6,ST4000DM000,4000787030016,0,106,11586904,,,94,0,100,6,100,0,86,440353408,,,61,34808,100,0,,,100,6,,,,,,,,,,,,,,,,,,,,,,,,,,,,,,,,,100,0,100,0,100,0,100,0,100,0,77,23,100,0,100,0,37,127652,23,23,,,,,100,0,100,0,200,0,,,,,,,,,,,,,,,,,,,,,,,,,,,100,34177,100,34597196832,100,200172641425,,,,,,,,,,
2019-11-29,Z305AQZ6,ST4000DM000,4000787030016,0,114,70351752,,,94,0,100,6,100,0,86,442008392,,,61,34832,100,0,,,100,6,,,,,,,,,,,,,,,,,,,,,,,,,,,,,,,,,100,0,100,0,100,0,100,0,100,0,77,23,100,0,100,0,37,127652,23,23,,,,,100,0,100,0,200,0,,,,,,,,,,,,,,,,,,,,,,,,,,,100,34201,100,34635490312,100,200449202242,,,,,,,,,,
2019-11-30,Z305AQZ6,ST4000DM000,4000787030016,0,119,211082608,,,94,0,100,6,100,0,86,444686646,,,61,34855,100,0,,,100,6,,,,,,,,,,,,,,,,,,,,,,,,,,,,,,,,,100,0,100,0,100,0,100,0,100,0,77,23,100,0,100,0,37,127652,23,23,,,,,100,0,100,0,200,0,,,,,,,,,,,,,,,,,,,,,,,,,,,100,34224,100,34655777424,100,200720768109,,,,,,,,,,
2019-12-01,Z305AQZ6,ST4000DM000,4000787030016,0,119,205922560,,,94,0,100,6,100,0,86,445835544,,,61,34879,100,0,,,100,6,,,,,,,,,,,,,,,,,,,,,,,,,,,,,,,,,100,0,100,0,100,0,100,0,100,0,77,23,100,0,100,0,37,127652,23,23,,,,,100,0,100,0,200,0,,,,,,,,,,,,,,,,,,,,,,,,,,,100,34248,100,34680746168,100,200939138326,,,,,,,,,,
2019-12-02,Z305AQZ6,ST4000DM000,4000787030016,0,111,38986104,,,94,0,100,6,100,0,86,446534998,,,61,34903,100,0,,,100,6,,,,,,,,,,,,,,,,,,,,,,,,,,,,,,,,,100,0,100,0,100,0,100,0,100,0,77,23,100,0,100,0,37,127652,23,23,,,,,100,0,100,0,200,0,,,,,,,,,,,,,,,,,,,,,,,,,,,100,34272,100,34706135712,100,201096505049,,,,,,,,,,
2019-12-03,Z305AQZ6,ST4000DM000,4000787030016,0,115,92551456,,,94,0,100,6,100,0,86,447986398,,,61,34927,100,0,,,100,6,,,,,,,,,,,,,,,,,,,,,,,,,,,,,,,,,100,0,100,0,100,0,100,0,100,0,77,23,100,0,100,0,37,127652,23,23,,,,,100,0,100,0,200,0,,,,,,,,,,,,,,,,,,,,,,,,,,,100,34296,100,34741194968,100,201362619344,,,,,,,,,,
2019-12-04,Z305AQZ6,ST4000DM000,4000787030016,0,119,231185432,,,94,0,100,6,100,0,86,449654332,,,61,34963,100,0,,,100,6,,,,,,,,,,,,,,,,,,,,,,,,,,,,,,,,,100,0,100,0,100,0,100,0,100,0,78,22,100,0,100,0,37,127652,22,22,,,,,100,0,100,0,200,0,,,,,,,,,,,,,,,,,,,,,,,,,,,100,34332,100,34796814096,100,201765379124,,,,,,,,,,
2019-12-05,Z305AQZ6,ST4000DM000,4000787030016,0,117,140815912,,,94,0,100,6,100,0,86,450605893,,,61,34986,100,0,,,100,6,,,,,,,,,,,,,,,,,,,,,,,,,,,,,,,,,100,0,100,0,100,0,100,0,100,0,77,23,100,0,100,0,37,127652,23,23,,,,,100,0,100,0,200,0,,,,,,,,,,,,,,,,,,,,,,,,,,,100,34356,100,34836212152,100,201967258618,,,,,,,,,,
2019-12-06,Z305AQZ6,ST4000DM000,4000787030016,0,107,13284000,,,94,0,100,6,100,0,86,451496193,,,61,35010,100,0,,,100,6,,,,,,,,,,,,,,,,,,,,,,,,,,,,,,,,,100,0,100,0,100,0,100,0,100,0,77,23,100,0,100,0,37,127652,23,23,,,,,100,0,100,0,200,0,,,,,,,,,,,,,,,,,,,,,,,,,,,100,34380,100,34872594000,100,202247379575,,,,,,,,,,
2019-12-07,Z305AQZ6,ST4000DM000,4000787030016,0,114,61903560,,,94,0,100,6,100,0,86,453161491,,,61,35034,100,0,,,100,6,,,,,,,,,,,,,,,,,,,,,,,,,,,,,,,,,100,0,100,0,100,0,100,0,100,0,78,22,100,0,100,0,37,127652,22,22,,,,,100,0,100,0,200,0,,,,,,,,,,,,,,,,,,,,,,,,,,,100,34404,100,34902098648,100,202594423686,,,,,,,,,,
2019-12-08,Z305AQZ6,ST4000DM000,4000787030016,0,112,45216432,,,94,0,100,6,100,0,86,455559915,,,60,35058,100,0,,,100,6,,,,,,,,,,,,,,,,,,,,,,,,,,,,,,,,,100,0,100,0,100,0,100,0,100,0,77,23,100,0,100,0,37,127652,23,23,,,,,100,0,100,0,200,0,,,,,,,,,,,,,,,,,,,,,,,,,,,100,34427,100,34933208648,100,202907195903,,,,,,,,,,
2019-12-09,Z305AQZ6,ST4000DM000,4000787030016,0,116,109711312,,,94,0,100,6,100,0,86,457789738,,,60,35082,100,0,,,100,6,,,,,,,,,,,,,,,,,,,,,,,,,,,,,,,,,100,0,100,0,100,0,100,0,100,0,77,23,100,0,100,0,37,127652,23,23,,,,,100,0,100,0,200,0,,,,,,,,,,,,,,,,,,,,,,,,,,,100,34451,100,34986738008,100,203216752713,,,,,,,,,,
2019-12-10,Z305AQZ6,ST4000DM000,4000787030016,0,112,47930376,,,94,0,100,6,100,0,86,459868594,,,60,35106,100,0,,,100,6,,,,,,,,,,,,,,,,,,,,,,,,,,,,,,,,,100,0,100,0,100,0,100,0,100,0,77,23,100,0,100,0,37,127652,23,23,,,,,100,0,100,0,200,0,,,,,,,,,,,,,,,,,,,,,,,,,,,100,34475,100,35021275448,100,203496811125,,,,,,,,,,
2019-12-11,Z305AQZ6,ST4000DM000,4000787030016,0,117,126551840,,,94,0,100,6,100,0,86,460179004,,,60,35118,100,0,,,100,6,,,,,,,,,,,,,,,,,,,,,,,,,,,,,,,,,100,0,100,0,100,0,100,0,100,0,77,23,100,0,100,0,37,127652,23,23,,,,,100,0,100,0,200,0,,,,,,,,,,,,,,,,,,,,,,,,,,,100,34487,100,35049396840,100,203535032838,,,,,,,,,,
2019-12-12,Z305AQZ6,ST4000DM000,4000787030016,0,103,6267112,,,94,0,100,6,100,0,86,461515263,,,60,35141,100,0,,,100,6,,,,,,,,,,,,,,,,,,,,,,,,,,,,,,,,,100,0,100,0,100,0,100,0,100,0,77,23,100,0,100,0,37,127652,23,23,,,,,100,0,100,0,200,0,,,,,,,,,,,,,,,,,,,,,,,,,,,100,34511,100,35087371840,100,203764369801,,,,,,,,,,
2019-12-13,Z305AQZ6,ST4000DM000,4000787030016,0,118,197299384,,,94,0,100,6,100,0,86,462577013,,,60,35165,100,0,,,100,6,,,,,,,,,,,,,,,,,,,,,,,,,,,,,,,,,100,0,100,0,100,0,100,0,100,0,77,23,100,0,100,0,37,127652,23,23,,,,,100,0,100,0,200,0,,,,,,,,,,,,,,,,,,,,,,,,,,,100,34534,100,35117609544,100,203939904255,,,,,,,,,,
2019-12-14,Z305AQZ6,ST4000DM000,4000787030016,0,117,154751584,,,94,0,100,6,100,0,86,463750998,,,60,35189,100,0,,,100,6,,,,,,,,,,,,,,,,,,,,,,,,,,,,,,,,,100,0,100,0,100,0,100,0,100,0,77,23,100,0,100,0,37,127652,23,23,,,,,100,0,100,0,200,0,,,,,,,,,,,,,,,,,,,,,,,,,,,100,34558,100,35165831784,100,204187478066,,,,,,,,,,
2019-12-15,Z305AQZ6,ST4000DM000,4000787030016,0,118,195980560,,,94,0,100,6,100,0,86,464768897,,,60,35213,100,0,,,100,6,,,,,,,,,,,,,,,,,,,,,,,,,,,,,,,,,100,0,100,0,100,0,100,0,100,0,77,23,100,0,100,0,37,127652,23,23,,,,,100,0,100,0,200,0,,,,,,,,,,,,,,,,,,,,,,,,,,,100,34582,100,35202184920,100,204475355447,,,,,,,,,,
2019-12-16,Z305AQZ6,ST4000DM000,4000787030016,0,120,2103776,,,94,0,100,6,100,0,86,465850206,,,60,35237,100,0,,,100,6,,,,,,,,,,,,,,,,,,,,,,,,,,,,,,,,,100,0,100,0,100,0,100,0,100,0,77,23,100,0,100,0,37,127652,23,23,,,,,100,0,100,0,200,0,,,,,,,,,,,,,,,,,,,,,,,,,,,100,34606,100,35238638544,100,204805588594,,,,,,,,,,
2019-12-17,Z305AQZ6,ST4000DM000,4000787030016,0,100,2835016,,,94,0,100,6,100,0,86,467511649,,,60,35261,100,0,,,100,6,,,,,,,,,,,,,,,,,,,,,,,,,,,,,,,,,100,0,100,0,100,0,100,0,100,0,77,23,100,0,100,0,37,127652,23,23,,,,,100,0,100,0,200,0,,,,,,,,,,,,,,,,,,,,,,,,,,,100,34630,100,35278190280,100,205140637201,,,,,,,,,,
2019-12-18,Z305AQZ6,ST4000DM000,4000787030016,0,120,844744,,,94,0,100,6,100,0,87,470702855,,,60,35296,100,0,,,100,6,,,,,,,,,,,,,,,,,,,,,,,,,,,,,,,,,100,0,100,0,100,0,100,0,100,0,77,23,100,0,100,0,37,127652,23,23,,,,,100,0,100,0,200,0,,,,,,,,,,,,,,,,,,,,,,,,,,,100,34666,100,35342968104,100,205587681405,,,,,,,,,,
2019-12-19,Z305AQZ6,ST4000DM000,4000787030016,0,111,37816896,,,94,0,100,6,100,0,87,471708515,,,60,35320,100,0,,,100,6,,,,,,,,,,,,,,,,,,,,,,,,,,,,,,,,,100,0,100,0,100,0,100,0,100,0,77,23,100,0,100,0,37,127652,23,23,,,,,100,0,100,0,200,0,,,,,,,,,,,,,,,,,,,,,,,,,,,100,34689,100,35394849480,100,205765207138,,,,,,,,,,
2019-12-20,Z305AQZ6,ST4000DM000,4000787030016,0,117,136662304,,,94,0,100,6,100,0,87,472131814,,,60,35332,100,0,,,100,6,,,,,,,,,,,,,,,,,,,,,,,,,,,,,,,,,100,0,100,0,100,0,100,0,100,0,77,23,100,0,100,0,37,127652,23,23,,,,,100,0,100,0,200,0,,,,,,,,,,,,,,,,,,,,,,,,,,,100,34701,100,35427670528,100,205845541393,,,,,,,,,,
2019-12-21,Z305AQZ6,ST4000DM000,4000787030016,0,116,109281816,,,94,0,100,6,100,0,87,474078763,,,60,35356,100,0,,,100,6,,,,,,,,,,,,,,,,,,,,,,,,,,,,,,,,,100,0,100,0,100,0,100,0,100,0,77,23,100,0,100,0,37,127652,23,23,,,,,100,0,100,0,200,0,,,,,,,,,,,,,,,,,,,,,,,,,,,100,34725,100,35458710872,100,206135953938,,,,,,,,,,
2019-12-22,Z305AQZ6,ST4000DM000,4000787030016,0,107,13621280,,,94,0,100,6,100,0,87,475549597,,,60,35380,100,0,,,100,6,,,,,,,,,,,,,,,,,,,,,,,,,,,,,,,,,100,0,100,0,100,0,100,0,100,0,77,23,100,0,100,0,37,127652,23,23,,,,,100,0,100,0,200,0,,,,,,,,,,,,,,,,,,,,,,,,,,,100,34749,100,35493164688,100,206387336812,,,,,,,,,,
2019-12-23,Z305AQZ6,ST4000DM000,4000787030016,0,119,211350216,,,94,0,100,6,100,0,87,476821110,,,60,35404,100,0,,,100,6,,,,,,,,,,,,,,,,,,,,,,,,,,,,,,,,,100,0,100,0,100,0,100,0,100,0,77,23,100,0,100,0,37,127652,23,23,,,,,100,0,100,0,200,0,,,,,,,,,,,,,,,,,,,,,,,,,,,100,34773,100,35523828928,100,206549721807,,,,,,,,,,
2019-12-24,Z305AQZ6,ST4000DM000,4000787030016,0,118,200800320,,,94,0,100,6,100,0,87,478176042,,,60,35427,100,0,,,100,6,,,,,,,,,,,,,,,,,,,,,,,,,,,,,,,,,100,0,100,0,100,0,100,0,100,0,77,23,100,0,100,0,37,127652,23,23,,,,,100,0,100,0,200,0,,,,,,,,,,,,,,,,,,,,,,,,,,,100,34797,100,35556187832,100,206785431267,,,,,,,,,,
2019-12-25,Z305AQZ6,ST4000DM000,4000787030016,0,114,67363520,,,94,0,100,6,100,0,87,479617195,,,60,35451,100,0,,,100,6,,,,,,,,,,,,,,,,,,,,,,,,,,,,,,,,,100,0,100,0,100,0,100,0,100,0,77,23,100,0,100,0,37,127652,23,23,,,,,100,0,100,0,200,0,,,,,,,,,,,,,,,,,,,,,,,,,,,100,34820,100,35593189136,100,207071970741,,,,,,,,,,
2019-12-26,Z305AQZ6,ST4000DM000,4000787030016,0,118,168895528,,,94,0,100,6,100,0,87,480946088,,,60,35475,100,0,,,100,6,,,,,,,,,,,,,,,,,,,,,,,,,,,,,,,,,100,0,100,0,100,0,100,0,100,0,77,23,100,0,100,0,37,127652,23,23,,,,,100,0,100,0,200,0,,,,,,,,,,,,,,,,,,,,,,,,,,,100,34844,100,35614777368,100,207356343460,,,,,,,,,,
2019-12-27,Z305AQZ6,ST4000DM000,4000787030016,0,102,4689568,,,94,0,100,6,100,0,87,481972325,,,60,35499,100,0,,,100,6,,,,,,,,,,,,,,,,,,,,,,,,,,,,,,,,,100,0,100,0,100,0,100,0,100,0,77,23,100,0,100,0,37,127652,23,23,,,,,100,0,100,0,200,0,,,,,,,,,,,,,,,,,,,,,,,,,,,100,34868,100,35630771336,100,207599889682,,,,,,,,,,
2019-12-28,Z305AQZ6,ST4000DM000,4000787030016,0,114,59435072,,,94,0,100,6,100,0,87,483637550,,,60,35523,100,0,,,100,6,,,,,,,,,,,,,,,,,,,,,,,,,,,,,,,,,100,0,100,0,100,0,100,0,100,0,77,23,100,0,100,0,37,127652,23,23,,,,,100,0,100,0,200,0,,,,,,,,,,,,,,,,,,,,,,,,,,,100,34892,100,35642443848,100,207929336904,,,,,,,,,,
2019-12-29,Z305AQZ6,ST4000DM000,4000787030016,0,109,21686224,,,94,0,100,6,100,0,87,486094927,,,60,35547,100,0,,,100,6,,,,,,,,,,,,,,,,,,,,,,,,,,,,,,,,,100,0,100,0,100,0,100,0,100,0,77,23,100,0,100,0,37,127652,23,23,,,,,100,0,100,0,200,0,,,,,,,,,,,,,,,,,,,,,,,,,,,100,34916,100,35667611528,100,208249250312,,,,,,,,,,
2019-12-30,Z305AQZ6,ST4000DM000,4000787030016,0,119,206722136,,,94,0,100,6,100,0,87,488257835,,,60,35570,100,0,,,100,6,,,,,,,,,,,,,,,,,,,,,,,,,,,,,,,,,100,0,100,0,100,0,100,0,100,0,77,23,100,0,100,0,37,127652,23,23,,,,,100,0,100,0,200,0,,,,,,,,,,,,,,,,,,,,,,,,,,,100,34940,100,35690871024,100,208547478936,,,,,,,,,,
2019-12-31,Z305AQZ6,ST4000DM000,4000787030016,0,119,220158344,,,94,0,100,6,100,0,87,489564943,,,60,35594,100,0,,,100,6,,,,,,,,,,,,,,,,,,,,,,,,,,,,,,,,,100,0,100,0,100,0,100,0,100,0,77,23,100,0,100,0,37,127652,23,23,,,,,100,0,100,0,200,0,,,,,,,,,,,,,,,,,,,,,,,,,,,100,34964,100,35718566264,100,208771557866,,,,,,,,,,
