2019-01-01,S300Z61L,ST4000DM000,4000787030016,0,118,200774696,96.0,0.0,100.0,4.0,100.0,0.0,86.0,438893768.0,64,31827,100.0,0.0,100,4,100.0,0.0,100.0,0.0,100.0,0.0,100.0,0.0,100.0,0.0,74.0,26.0,100.0,0.0,100.0,0.0,80.0,40492.0,26,26,100.0,0.0,100.0,0.0,200.0,0.0,100.0,31674.0,100.0,53372640608.0,100.0,118365822490.0
2019-01-02,S300Z61L,ST4000DM000,4000787030016,0,111,39656264,96.0,0.0,100.0,4.0,100.0,0.0,86.0,440733277.0,64,31851,100.0,0.0,100,4,100.0,0.0,100.0,0.0,100.0,0.0,100.0,0.0,100.0,0.0,74.0,26.0,100.0,0.0,100.0,0.0,80.0,40492.0,26,26,100.0,0.0,100.0,0.0,200.0,0.0,100.0,31698.0,100.0,53379570424.0,100.0,118693882214.0
2019-01-03,S300Z61L,ST4000DM000,4000787030016,0,119.0,222957328.0,96.0,0.0,100.0,4.0,100.0,0.0,86.0,443899143.0,64.0,31876.0,100.0,0.0,100.0,4.0,100.0,0.0,100.0,0.0,100.0,0.0,100.0,0.0,100.0,0.0,77.0,23.0,100.0,0.0,100.0,0.0,80.0,40492.0,23.0,23.0,100.0,0.0,100.0,0.0,200.0,0.0,100.0,31723.0,100.0,53390629016.0,100.0,119035528556.0
2019-01-04,S300Z61L,ST4000DM000,4000787030016,0,117,128658720,96.0,0.0,100.0,4.0,100.0,0.0,86.0,445598528.0,64,31901,100.0,0.0,100,4,100.0,0.0,100.0,0.0,100.0,0.0,100.0,0.0,100.0,0.0,75.0,25.0,100.0,0.0,100.0,0.0,80.0,40492.0,25,25,100.0,0.0,100.0,0.0,200.0,0.0,100.0,31747.0,100.0,53394013952.0,100.0,119338949142.0
2019-01-05,S300Z61L,ST4000DM000,4000787030016,0,117,123211176,96.0,0.0,100.0,4.0,100.0,0.0,86.0,447026078.0,64,31924,100.0,0.0,100,4,100.0,0.0,100.0,0.0,100.0,0.0,100.0,0.0,100.0,0.0,76.0,24.0,100.0,0.0,100.0,0.0,80.0,40492.0,24,24,100.0,0.0,100.0,0.0,200.0,0.0,100.0,31771.0,100.0,53403564304.0,100.0,119573012807.0
2019-01-06,S300Z61L,ST4000DM000,4000787030016,0,103,5935464,96.0,0.0,100.0,4.0,100.0,0.0,86.0,448715902.0,64,31948,100.0,0.0,100,4,100.0,0.0,100.0,0.0,100.0,0.0,100.0,0.0,100.0,0.0,74.0,26.0,100.0,0.0,100.0,0.0,80.0,40492.0,26,26,100.0,0.0,100.0,0.0,200.0,0.0,100.0,31795.0,100.0,53425107344.0,100.0,119658429897.0
2019-01-07,S300Z61L,ST4000DM000,4000787030016,0,106,11186984,96.0,0.0,100.0,4.0,100.0,0.0,86.0,449864332.0,64,31972,100.0,0.0,100,4,100.0,0.0,100.0,0.0,100.0,0.0,100.0,0.0,100.0,0.0,74.0,26.0,100.0,0.0,100.0,0.0,80.0,40492.0,26,26,100.0,0.0,100.0,0.0,200.0,0.0,100.0,31819.0,100.0,53448456024.0,100.0,119785626683.0
2019-01-08,S300Z61L,ST4000DM000,4000787030016,0,115,88960120,96.0,0.0,100.0,4.0,100.0,0.0,86.0,450880412.0,64,31996,100.0,0.0,100,4,100.0,0.0,100.0,0.0,100.0,0.0,100.0,0.0,100.0,0.0,75.0,25.0,100.0,0.0,100.0,0.0,80.0,40492.0,25,25,100.0,0.0,100.0,0.0,200.0,0.0,100.0,31843.0,100.0,53474422688.0,100.0,119900053348.0
2019-01-09,S300Z61L,ST4000DM000,4000787030016,0,120,2145336,96.0,0.0,100.0,4.0,100.0,0.0,86.0,451564648.0,64,32020,100.0,0.0,100,4,100.0,0.0,100.0,0.0,100.0,0.0,100.0,0.0,100.0,0.0,75.0,25.0,100.0,0.0,100.0,0.0,80.0,40492.0,25,25,100.0,0.0,100.0,0.0,200.0,0.0,100.0,31866.0,100.0,53489666528.0,100.0,119969092831.0
2019-01-10,S300Z61L,ST4000DM000,4000787030016,0,116,111783920,96.0,0.0,100.0,4.0,100.0,0.0,86.0,453647425.0,64,32040,100.0,0.0,100,4,100.0,0.0,100.0,0.0,100.0,0.0,100.0,0.0,100.0,0.0,76.0,24.0,100.0,0.0,100.0,0.0,80.0,40492.0,24,24,100.0,0.0,100.0,0.0,200.0,0.0,100.0,31887.0,100.0,53510374104.0,100.0,120090179592.0
2019-01-11,S300Z61L,ST4000DM000,4000787030016,0,112.0,42324328.0,96.0,0.0,100.0,4.0,100.0,0.0,86.0,454493441.0,64.0,32062.0,100.0,0.0,100.0,4.0,100.0,0.0,100.0,0.0,100.0,0.0,100.0,0.0,100.0,0.0,76.0,24.0,100.0,0.0,100.0,0.0,80.0,40494.0,24.0,24.0,100.0,0.0,100.0,0.0,200.0,0.0,100.0,31909.0,100.0,53522250688.0,100.0,120172763310.0
2019-01-12,S300Z61L,ST4000DM000,4000787030016,0,117,123564600,96.0,0.0,100.0,4.0,100.0,0.0,86.0,455580066.0,64,32086,100.0,0.0,100,4,100.0,0.0,100.0,0.0,100.0,0.0,100.0,0.0,100.0,0.0,75.0,25.0,100.0,0.0,100.0,0.0,80.0,40494.0,25,25,100.0,0.0,100.0,0.0,200.0,0.0,100.0,31933.0,100.0,53544832640.0,100.0,120296674856.0
2019-01-13,S300Z61L,ST4000DM000,4000787030016,0,115,90013656,96.0,0.0,100.0,4.0,100.0,0.0,86.0,458631571.0,64,32110,100.0,0.0,100,4,100.0,0.0,100.0,0.0,100.0,0.0,100.0,0.0,100.0,0.0,75.0,25.0,100.0,0.0,100.0,0.0,80.0,40494.0,25,25,100.0,0.0,100.0,0.0,200.0,0.0,100.0,31957.0,100.0,53569275632.0,100.0,120378320272.0
2019-01-14,S300Z61L,ST4000DM000,4000787030016,0,114,81944832,96.0,0.0,100.0,4.0,100.0,0.0,86.0,459584267.0,64,32134,100.0,0.0,100,4,100.0,0.0,100.0,0.0,100.0,0.0,100.0,0.0,100.0,0.0,75.0,25.0,100.0,0.0,100.0,0.0,80.0,40494.0,25,25,100.0,0.0,100.0,0.0,200.0,0.0,100.0,31980.0,100.0,53596590368.0,100.0,120471022223.0
2019-01-15,S300Z61L,ST4000DM000,4000787030016,0,117.0,156632848.0,96.0,0.0,100.0,4.0,100.0,0.0,86.0,460758773.0,64.0,32157.0,100.0,0.0,100.0,4.0,100.0,0.0,100.0,0.0,100.0,0.0,100.0,0.0,100.0,0.0,75.0,25.0,100.0,0.0,100.0,0.0,80.0,40494.0,25.0,25.0,100.0,0.0,100.0,0.0,200.0,0.0,100.0,32004.0,100.0,53615772976.0,100.0,120594357687.0
2019-01-16,S300Z61L,ST4000DM000,4000787030016,0,120,239566312,96.0,0.0,100.0,4.0,100.0,0.0,86.0,461797810.0,64,32181,100.0,0.0,100,4,100.0,0.0,100.0,0.0,100.0,0.0,100.0,0.0,100.0,0.0,76.0,24.0,100.0,0.0,100,0,80.0,40494.0,24,24,100.0,0.0,100.0,0.0,200.0,0.0,100.0,32028.0,100.0,53636165832.0,100.0,120686296015.0
2019-01-17,S300Z61L,ST4000DM000,4000787030016,0,119,201425640,96.0,0.0,100.0,4.0,100.0,0.0,86.0,463904396.0,64,32205,100.0,0.0,100,4,100.0,0.0,100.0,0.0,100.0,0.0,100.0,0.0,100.0,0.0,75.0,25.0,100.0,0.0,100,0,80.0,40494.0,25,25,100.0,0.0,100.0,0.0,200.0,0.0,100.0,32052.0,100.0,53653998576.0,100.0,120839186836.0
2019-01-18,S300Z61L,ST4000DM000,4000787030016,0,114,74696904,96.0,0.0,100.0,4.0,100.0,0.0,86.0,464924252.0,64,32229,100.0,0.0,100,4,100.0,0.0,100.0,0.0,100.0,0.0,100.0,0.0,100.0,0.0,75.0,25.0,100.0,0.0,100,0,80.0,40494.0,25,25,100.0,0.0,100.0,0.0,200.0,0.0,100.0,32076.0,100.0,53673772584.0,100.0,120928865289.0
2019-01-19,S300Z61L,ST4000DM000,4000787030016,0,116,114351280,96.0,0.0,100.0,4.0,100.0,0.0,86.0,465944242.0,64,32253,100.0,0.0,100,4,100.0,0.0,100.0,0.0,100.0,0.0,100.0,0.0,100.0,0.0,76.0,24.0,100.0,0.0,100,0,80.0,40494.0,24,24,100.0,0.0,100.0,0.0,200.0,0.0,100.0,32100.0,100.0,53688994216.0,100.0,121043896495.0
2019-01-20,S300Z61L,ST4000DM000,4000787030016,0,119,222618520,96.0,0.0,100.0,4.0,100.0,0.0,86.0,467751285.0,64,32277,100.0,0.0,100,4,100.0,0.0,100.0,0.0,100.0,0.0,100.0,0.0,100.0,0.0,76.0,24.0,100.0,0.0,100,0,80.0,40494.0,24,24,100.0,0.0,100.0,0.0,200.0,0.0,100.0,32124.0,100.0,53706704016.0,100.0,121122588408.0
2019-01-21,S300Z61L,ST4000DM000,4000787030016,0,117,149778120,96.0,0.0,100.0,4.0,100.0,0.0,86.0,469267518.0,64,32313,100.0,0.0,100,4,100.0,0.0,100.0,0.0,100.0,0.0,100.0,0.0,100.0,0.0,76.0,24.0,100.0,0.0,100,0,80.0,40494.0,24,24,100.0,0.0,100.0,0.0,200.0,0.0,100.0,32160.0,100.0,53729833400.0,100.0,121269653126.0
2019-01-22,S300Z61L,ST4000DM000,4000787030016,0,114.0,65452080.0,96.0,0.0,100.0,4.0,100.0,0.0,87.0,470389808.0,64.0,32337.0,100.0,0.0,100.0,4.0,100.0,0.0,100.0,0.0,100.0,0.0,100.0,0.0,100.0,0.0,75.0,25.0,100.0,0.0,100.0,0.0,80.0,40494.0,25.0,25.0,100.0,0.0,100.0,0.0,200.0,0.0,100.0,32183.0,100.0,53752161080.0,100.0,121367288258.0
2019-01-23,S300Z61L,ST4000DM000,4000787030016,0,115.0,90551648.0,96.0,0.0,100.0,4.0,100.0,0.0,87.0,471250592.0,64.0,32360.0,100.0,0.0,100.0,4.0,100.0,0.0,100.0,0.0,100.0,0.0,100.0,0.0,100.0,0.0,74.0,26.0,100.0,0.0,100.0,0.0,80.0,40497.0,26.0,26.0,100.0,0.0,100.0,0.0,200.0,0.0,100.0,32207.0,100.0,53773581768.0,100.0,121432970095.0
2019-01-24,S300Z61L,ST4000DM000,4000787030016,0,118.0,174205472.0,96.0,0.0,100.0,4.0,100.0,0.0,87.0,473142680.0,64.0,32384.0,100.0,0.0,100.0,4.0,100.0,0.0,100.0,0.0,100.0,0.0,100.0,0.0,100.0,0.0,76.0,24.0,100.0,0.0,100.0,0.0,80.0,40497.0,24.0,24.0,100.0,0.0,100.0,0.0,200.0,0.0,100.0,32231.0,100.0,53797856456.0,100.0,121534463265.0
2019-01-25,S300Z61L,ST4000DM000,4000787030016,0,119,208246992,96.0,0.0,100.0,4.0,100.0,0.0,87.0,474620061.0,64,32408,100.0,0.0,100,4,100.0,0.0,100.0,0.0,100.0,0.0,100.0,0.0,100.0,0.0,75.0,25.0,100.0,0.0,100,0,80.0,40497.0,25,25,100.0,0.0,100.0,0.0,200.0,0.0,100.0,32255.0,100.0,53819226880.0,100.0,121669351112.0
2019-01-26,S300Z61L,ST4000DM000,4000787030016,0,117,138765656,96.0,0.0,100.0,4.0,100.0,0.0,87.0,475959739.0,63,32432,100.0,0.0,100,4,100.0,0.0,100.0,0.0,100.0,0.0,100.0,0.0,100.0,0.0,76.0,24.0,100.0,0.0,100,0,80.0,40497.0,24,24,100.0,0.0,100.0,0.0,200.0,0.0,100.0,32279.0,100.0,53840648104.0,100.0,121756188701.0
2019-01-27,S300Z61L,ST4000DM000,4000787030016,0,118,173459944,96.0,0.0,100.0,4.0,100.0,0.0,87.0,477882058.0,63,32456,100.0,0.0,100,4,100.0,0.0,100.0,0.0,100.0,0.0,100.0,0.0,100.0,0.0,76.0,24.0,100.0,0.0,100,0,80.0,40497.0,24,24,100.0,0.0,100.0,0.0,200.0,0.0,100.0,32303.0,100.0,53866694848.0,100.0,121852171232.0
2019-01-28,S300Z61L,ST4000DM000,4000787030016,0,110,26222496,96.0,0.0,100.0,4.0,100.0,0.0,87.0,480420580.0,63,32480,100.0,0.0,100,4,100.0,0.0,100.0,0.0,100.0,0.0,100.0,0.0,100.0,0.0,76.0,24.0,100.0,0.0,100,0,80.0,40497.0,24,24,100.0,0.0,100.0,0.0,200.0,0.0,100.0,32327.0,100.0,53894411568.0,100.0,121963166269.0
2019-01-29,S300Z61L,ST4000DM000,4000787030016,0,119,224462240,96.0,0.0,100.0,4.0,100.0,0.0,87.0,481234228.0,63,32504,100.0,0.0,100,4,100.0,0.0,100.0,0.0,100.0,0.0,100.0,0.0,100.0,0.0,76.0,24.0,100.0,0.0,100,0,80.0,40497.0,24,24,100.0,0.0,100.0,0.0,200.0,0.0,100.0,32351.0,100.0,53908316936.0,100.0,122094405469.0
2019-01-30,S300Z61L,ST4000DM000,4000787030016,0,115,94913840,96.0,0.0,100.0,4.0,100.0,0.0,87.0,482182576.0,63,32528,100.0,0.0,100,4,100.0,0.0,100.0,0.0,100.0,0.0,100.0,0.0,100.0,0.0,76.0,24.0,100.0,0.0,100,0,80.0,40497.0,24,24,100.0,0.0,100.0,0.0,200.0,0.0,100.0,32375.0,100.0,53942238304.0,100.0,122203813050.0
2019-01-31,S300Z61L,ST4000DM000,4000787030016,0,119,227365392,96.0,0.0,100.0,4.0,100.0,0.0,87.0,484354861.0,63,32552,100.0,0.0,100,4,100.0,0.0,100.0,0.0,100.0,0.0,100.0,0.0,100.0,0.0,76.0,24.0,100.0,0.0,100,0,80.0,40500.0,24,24,100.0,0.0,100.0,0.0,200.0,0.0,100.0,32398.0,100.0,53963147528.0,100.0,122372298981.0
2019-02-01,S300Z61L,ST4000DM000,4000787030016,0,120,243885280,96.0,0.0,100.0,4.0,100.0,0.0,87.0,485123878.0,63,32575,100.0,0.0,100,4,100.0,0.0,100.0,0.0,100.0,0.0,100.0,0.0,100.0,0.0,76.0,24.0,100.0,0.0,100,0,80.0,40500.0,24,24,100.0,0.0,100.0,0.0,200.0,0.0,100.0,32422.0,100.0,53986814856.0,100.0,122483209560.0
2019-02-02,S300Z61L,ST4000DM000,4000787030016,0,114.0,62938248.0,96.0,0.0,100.0,4.0,100.0,0.0,87.0,486171898.0,63.0,32599.0,100.0,0.0,100.0,4.0,100.0,0.0,100.0,0.0,100.0,0.0,100.0,0.0,100.0,0.0,75.0,25.0,100.0,0.0,100.0,0.0,80.0,40500.0,25.0,25.0,100.0,0.0,100.0,0.0,200.0,0.0,100.0,32446.0,100.0,54004430328.0,100.0,122578021503.0
2019-02-03,S300Z61L,ST4000DM000,4000787030016,0,119,233321536,96.0,0.0,100.0,4.0,100.0,0.0,87.0,487399018.0,63,32623,100.0,0.0,100,4,100.0,0.0,100.0,0.0,100.0,0.0,100.0,0.0,100.0,0.0,76.0,24.0,100.0,0.0,100,0,80.0,40500.0,24,24,100.0,0.0,100.0,0.0,200.0,0.0,100.0,32470.0,100.0,54024498784.0,100.0,122622393833.0
2019-02-04,S300Z61L,ST4000DM000,4000787030016,0,117,148320720,96.0,0.0,100.0,4.0,100.0,0.0,87.0,488190349.0,63,32647,100.0,0.0,100,4,100.0,0.0,100.0,0.0,100.0,0.0,100.0,0.0,100.0,0.0,76.0,24.0,100.0,0.0,100,0,80.0,40500.0,24,24,100.0,0.0,100.0,0.0,200.0,0.0,100.0,32494.0,100.0,54048581616.0,100.0,122715467112.0
2019-02-05,S300Z61L,ST4000DM000,4000787030016,0,118.0,168832464.0,96.0,0.0,100.0,4.0,100.0,0.0,87.0,489103350.0,63.0,32671.0,100.0,0.0,100.0,4.0,100.0,0.0,100.0,0.0,100.0,0.0,100.0,0.0,100.0,0.0,75.0,25.0,100.0,0.0,100.0,0.0,80.0,40500.0,25.0,25.0,100.0,0.0,100.0,0.0,200.0,0.0,100.0,32518.0,100.0,54069024720.0,100.0,122828946861.0
2019-02-06,S300Z61L,ST4000DM000,4000787030016,0,117,131175976,96.0,0.0,100.0,4.0,100.0,0.0,87.0,490106973.0,63,32695,100.0,0.0,100,4,100.0,0.0,100.0,0.0,100.0,0.0,100.0,0.0,100.0,0.0,75.0,25.0,100.0,0.0,100,0,80.0,40500.0,25,25,100.0,0.0,100.0,0.0,200.0,0.0,100.0,32542.0,100.0,54093617200.0,100.0,122958806800.0
2019-02-07,S300Z61L,ST4000DM000,4000787030016,0,115.0,85716328.0,96.0,0.0,100.0,4.0,100.0,0.0,87.0,492173941.0,63.0,32719.0,100.0,0.0,100.0,4.0,100.0,0.0,100.0,0.0,100.0,0.0,100.0,0.0,100.0,0.0,75.0,25.0,100.0,0.0,100.0,0.0,80.0,40501.0,25.0,25.0,100.0,0.0,100.0,0.0,200.0,0.0,100.0,32566.0,100.0,54116601528.0,100.0,123101746246.0
2019-02-08,S300Z61L,ST4000DM000,4000787030016,0,118,173173312,96.0,0.0,100.0,4.0,100.0,0.0,87.0,493378596.0,63,32743,100.0,0.0,100,4,100.0,0.0,100.0,0.0,100.0,0.0,100.0,0.0,100.0,0.0,74.0,26.0,100.0,0.0,100,0,80.0,40501.0,26,26,100.0,0.0,100.0,0.0,200.0,0.0,100.0,32589.0,100.0,54140803984.0,100.0,123237986934.0
2019-02-09,S300Z61L,ST4000DM000,4000787030016,0,119.0,211708224.0,96.0,0.0,100.0,4.0,100.0,0.0,87.0,494698872.0,63.0,32767.0,100.0,0.0,100.0,4.0,100.0,0.0,100.0,0.0,100.0,0.0,100.0,0.0,100.0,0.0,74.0,26.0,100.0,0.0,100.0,0.0,80.0,40501.0,26.0,26.0,100.0,0.0,100.0,0.0,200.0,0.0,100.0,32613.0,100.0,54162804160.0,100.0,123342999377.0
2019-02-10,S300Z61L,ST4000DM000,4000787030016,0,117,140695104,96.0,0.0,100.0,4.0,100.0,0.0,87.0,496403162.0,63,32791,100.0,0.0,100,4,100.0,0.0,100.0,0.0,100.0,0.0,100.0,0.0,100.0,0.0,75.0,25.0,100.0,0.0,100,0,80.0,40501.0,25,25,100.0,0.0,100.0,0.0,200.0,0.0,100.0,32637.0,100.0,54194173016.0,100.0,123452890047.0
2019-02-11,S300Z61L,ST4000DM000,4000787030016,0,117,143153968,96.0,0.0,100.0,4.0,100.0,0.0,87.0,499006242.0,63,32815,100.0,0.0,100,4,100.0,0.0,100.0,0.0,100.0,0.0,100.0,0.0,100.0,0.0,75.0,25.0,100.0,0.0,100,0,80.0,40501.0,25,25,100.0,0.0,100.0,0.0,200.0,0.0,100.0,32661.0,100.0,54222298488.0,100.0,123603204725.0
2019-02-12,S300Z61L,ST4000DM000,4000787030016,0,114.0,73300312.0,96.0,0.0,100.0,4.0,100.0,0.0,87.0,499999398.0,63.0,32839.0,100.0,0.0,100.0,4.0,100.0,0.0,100.0,0.0,100.0,0.0,100.0,0.0,100.0,0.0,74.0,26.0,100.0,0.0,100.0,0.0,80.0,40501.0,26.0,26.0,100.0,0.0,100.0,0.0,200.0,0.0,100.0,32685.0,100.0,54241434248.0,100.0,123718397923.0
2019-02-13,S300Z61L,ST4000DM000,4000787030016,0,117,139577224,96.0,0.0,100.0,4.0,100.0,0.0,87.0,501036136.0,63,32862,100.0,0.0,100,4,100.0,0.0,100.0,0.0,100.0,0.0,100.0,0.0,100.0,0.0,75.0,25.0,100.0,0.0,100,0,80.0,40501.0,25,25,100.0,0.0,100.0,0.0,200.0,0.0,100.0,32709.0,100.0,54255747720.0,100.0,123850857901.0
2019-02-14,S300Z61L,ST4000DM000,4000787030016,0,117,140551400,96.0,0.0,100.0,4.0,100.0,0.0,87.0,503369872.0,63,32886,100.0,0.0,100,4,100.0,0.0,100.0,0.0,100.0,0.0,100.0,0.0,100.0,0.0,75.0,25.0,100.0,0.0,100,0,80.0,40501.0,25,25,100.0,0.0,100.0,0.0,200.0,0.0,100.0,32733.0,100.0,54276673088.0,100.0,124039586864.0
2019-02-15,S300Z61L,ST4000DM000,4000787030016,0,117.0,160411216.0,96.0,0.0,100.0,4.0,100.0,0.0,87.0,504440655.0,63.0,32910.0,100.0,0.0,100.0,4.0,100.0,0.0,100.0,0.0,100.0,0.0,100.0,0.0,100.0,0.0,75.0,25.0,100.0,0.0,100.0,0.0,80.0,40501.0,25.0,25.0,100.0,0.0,100.0,0.0,200.0,0.0,100.0,32757.0,100.0,54299222752.0,100.0,124169127702.0
2019-02-16,S300Z61L,ST4000DM000,4000787030016,0,113.0,58696992.0,96.0,0.0,100.0,4.0,100.0,0.0,87.0,505677746.0,63.0,32934.0,100.0,0.0,100.0,4.0,100.0,0.0,100.0,0.0,100.0,0.0,100.0,0.0,100.0,0.0,75.0,25.0,100.0,0.0,100.0,0.0,80.0,40501.0,25.0,25.0,100.0,0.0,100.0,0.0,200.0,0.0,100.0,32781.0,100.0,54326102008.0,100.0,124273622929.0
2019-02-17,S300Z61L,ST4000DM000,4000787030016,0,115,96079784,96.0,0.0,100.0,4.0,100.0,0.0,87.0,507191951.0,63,32958,100.0,0.0,100,4,100.0,0.0,100.0,0.0,100.0,0.0,100.0,0.0,100.0,0.0,75.0,25.0,100.0,0.0,100,0,80.0,40501.0,25,25,100.0,0.0,100.0,0.0,200.0,0.0,100.0,32805.0,100.0,54354498048.0,100.0,124375875033.0
2019-02-18,S300Z61L,ST4000DM000,4000787030016,0,120,240529688,96.0,0.0,100.0,4.0,100.0,0.0,87.0,508040597.0,63,32982,100.0,0.0,100,4,100.0,0.0,100.0,0.0,100.0,0.0,100.0,0.0,100.0,0.0,75.0,25.0,100.0,0.0,100,0,80.0,40501.0,25,25,100.0,0.0,100.0,0.0,200.0,0.0,100.0,32829.0,100.0,54379192392.0,100.0,124495798789.0
2019-02-19,S300Z61L,ST4000DM000,4000787030016,0,113,57718728,96.0,0.0,100.0,4.0,100.0,0.0,87.0,508955917.0,63,33006,100.0,0.0,100,4,100.0,0.0,100.0,0.0,100.0,0.0,100.0,0.0,100.0,0.0,75.0,25.0,100.0,0.0,100,0,80.0,40501.0,25,25,100.0,0.0,100.0,0.0,200.0,0.0,100.0,32853.0,100.0,54394837952.0,100.0,124643091561.0
2019-02-20,S300Z61L,ST4000DM000,4000787030016,0,117.0,137786392.0,96.0,0.0,100.0,4.0,100.0,0.0,87.0,509961635.0,63.0,33030.0,100.0,0.0,100.0,4.0,100.0,0.0,100.0,0.0,100.0,0.0,100.0,0.0,100.0,0.0,74.0,26.0,100.0,0.0,100.0,0.0,80.0,40501.0,26.0,26.0,100.0,0.0,100.0,0.0,200.0,0.0,100.0,32877.0,100.0,54412185840.0,100.0,124772708740.0
2019-02-21,S300Z61L,ST4000DM000,4000787030016,0,103,6283872,96.0,0.0,100.0,4.0,100.0,0.0,87.0,512168226.0,63,33054,100.0,0.0,100,4,100.0,0.0,100.0,0.0,100.0,0.0,100.0,0.0,100.0,0.0,74.0,26.0,100.0,0.0,100,0,80.0,40502.0,26,26,100.0,0.0,100.0,0.0,200.0,0.0,100.0,32900.0,100.0,54432780176.0,100.0,124938591962.0
2019-02-22,S300Z61L,ST4000DM000,4000787030016,0,116,106227360,96.0,0.0,100.0,4.0,100.0,0.0,87.0,512806049.0,63,33078,100.0,0.0,100,4,100.0,0.0,100.0,0.0,100.0,0.0,100.0,0.0,100.0,0.0,73.0,27.0,100.0,0.0,100,0,80.0,40502.0,27,27,100.0,0.0,100.0,0.0,200.0,0.0,100.0,32924.0,100.0,54446229640.0,100.0,125114438995.0
2019-02-23,S300Z61L,ST4000DM000,4000787030016,0,117.0,165634448.0,96.0,0.0,100.0,4.0,100.0,0.0,87.0,513583923.0,63.0,33101.0,100.0,0.0,100.0,4.0,100.0,0.0,100.0,0.0,100.0,0.0,100.0,0.0,100.0,0.0,74.0,26.0,100.0,0.0,100.0,0.0,80.0,40504.0,26.0,26.0,100.0,0.0,100.0,0.0,200.0,0.0,100.0,32948.0,100.0,54459586936.0,100.0,125254675422.0
2019-02-24,S300Z61L,ST4000DM000,4000787030016,0,117,119460168,96.0,0.0,100.0,4.0,100.0,0.0,87.0,514998198.0,63,33125,100.0,0.0,100,4,100.0,0.0,100.0,0.0,100.0,0.0,100.0,0.0,100.0,0.0,74.0,26.0,100.0,0.0,100,0,80.0,40505.0,26,26,100.0,0.0,100.0,0.0,200.0,0.0,100.0,32972.0,100.0,54475519840.0,100.0,125351625081.0
2019-02-25,S300Z61L,ST4000DM000,4000787030016,0,119,202172592,96.0,0.0,100.0,4.0,100.0,0.0,87.0,515690359.0,63,33149,100.0,0.0,100,4,100.0,0.0,100.0,0.0,100.0,0.0,100.0,0.0,100.0,0.0,75.0,25.0,100.0,0.0,100,0,80.0,40505.0,25,25,100.0,0.0,100.0,0.0,200.0,0.0,100.0,32996.0,100.0,54490228840.0,100.0,125505957108.0
2019-02-26,S300Z61L,ST4000DM000,4000787030016,0,118,192329840,96.0,0.0,100.0,4.0,100.0,0.0,87.0,517643573.0,63,33173,100.0,0.0,100,4,100.0,0.0,100.0,0.0,100.0,0.0,100.0,0.0,100.0,0.0,74.0,26.0,100.0,0.0,100,0,80.0,40505.0,26,26,100.0,0.0,100.0,0.0,200.0,0.0,100.0,33020.0,100.0,54507555224.0,100.0,125691536099.0
2019-02-27,S300Z61L,ST4000DM000,4000787030016,0,117.0,136438880.0,96.0,0.0,100.0,4.0,100.0,0.0,87.0,518326148.0,63.0,33197.0,100.0,0.0,100.0,4.0,100.0,0.0,100.0,0.0,100.0,0.0,100.0,0.0,100.0,0.0,75.0,25.0,100.0,0.0,100.0,0.0,80.0,40505.0,25.0,25.0,100.0,0.0,100.0,0.0,200.0,0.0,100.0,33044.0,100.0,54521291840.0,100.0,125844548907.0
2019-02-28,S300Z61L,ST4000DM000,4000787030016,0,105,8886576,96.0,0.0,100.0,4.0,100.0,0.0,87.0,520604435.0,63,33221,100.0,0.0,100,4,100.0,0.0,100.0,0.0,100.0,0.0,100.0,0.0,100.0,0.0,75.0,25.0,100.0,0.0,100,0,80.0,40505.0,25,25,100.0,0.0,100.0,0.0,200.0,0.0,100.0,33067.0,100.0,54538423592.0,100.0,126050787993.0
2019-03-01,S300Z61L,ST4000DM000,4000787030016,0,112.0,43807544.0,96.0,0.0,100.0,4.0,100.0,0.0,87.0,521491363.0,63.0,33244.0,100.0,0.0,100.0,4.0,100.0,0.0,100.0,0.0,100.0,0.0,100.0,0.0,100.0,0.0,76.0,24.0,100.0,0.0,100.0,0.0,80.0,40505.0,24.0,24.0,100.0,0.0,100.0,0.0,200.0,0.0,100.0,33091.0,100.0,54552077352.0,100.0,126175746062.0
2019-03-02,S300Z61L,ST4000DM000,4000787030016,0,110.0,27745472.0,96.0,0.0,100.0,4.0,100.0,0.0,87.0,522570934.0,63.0,33268.0,100.0,0.0,100.0,4.0,100.0,0.0,100.0,0.0,100.0,0.0,100.0,0.0,100.0,0.0,76.0,24.0,100.0,0.0,100.0,0.0,80.0,40505.0,24.0,24.0,100.0,0.0,100.0,0.0,200.0,0.0,100.0,33115.0,100.0,54566853792.0,100.0,126305802374.0
2019-03-03,S300Z61L,ST4000DM000,4000787030016,0,118.0,176920440.0,96.0,0.0,100.0,4.0,100.0,0.0,87.0,524853948.0,62.0,33292.0,100.0,0.0,100.0,4.0,100.0,0.0,100.0,0.0,100.0,0.0,100.0,0.0,100.0,0.0,75.0,25.0,100.0,0.0,100.0,0.0,80.0,40505.0,25.0,25.0,100.0,0.0,100.0,0.0,200.0,0.0,100.0,33139.0,100.0,54583607160.0,100.0,126405197386.0
2019-03-04,S300Z61L,ST4000DM000,4000787030016,0,108,17902512,96.0,0.0,100.0,4.0,100.0,0.0,87.0,526106796.0,62,33316,100.0,0.0,100,4,100.0,0.0,100.0,0.0,100.0,0.0,100.0,0.0,100.0,0.0,76.0,24.0,100.0,0.0,100,0,80.0,40505.0,24,24,100.0,0.0,100.0,0.0,200.0,0.0,100.0,33163.0,100.0,54595672280.0,100.0,126567941098.0
2019-03-05,S300Z61L,ST4000DM000,4000787030016,0,118.0,195524064.0,96.0,0.0,100.0,4.0,100.0,0.0,87.0,527440937.0,62.0,33340.0,100.0,0.0,100.0,4.0,100.0,0.0,100.0,0.0,100.0,0.0,100.0,0.0,100.0,0.0,76.0,24.0,100.0,0.0,100.0,0.0,80.0,40505.0,24.0,24.0,100.0,0.0,100.0,0.0,200.0,0.0,100.0,33187.0,100.0,54613789480.0,100.0,126742176716.0
2019-03-06,S300Z61L,ST4000DM000,4000787030016,0,118.0,184806720.0,96.0,0.0,100.0,4.0,100.0,0.0,87.0,529210523.0,62.0,33364.0,100.0,0.0,100.0,4.0,100.0,0.0,100.0,0.0,100.0,0.0,100.0,0.0,100.0,0.0,75.0,25.0,100.0,0.0,100.0,0.0,80.0,40505.0,25.0,25.0,100.0,0.0,100.0,0.0,200.0,0.0,100.0,33211.0,100.0,54627458248.0,100.0,126862430053.0
2019-03-07,S300Z61L,ST4000DM000,4000787030016,0,118.0,169898928.0,96.0,0.0,100.0,4.0,100.0,0.0,87.0,531713029.0,62.0,33388.0,100.0,0.0,100.0,4.0,100.0,0.0,100.0,0.0,100.0,0.0,100.0,0.0,100.0,0.0,75.0,25.0,100.0,0.0,100.0,0.0,80.0,40505.0,25.0,25.0,100.0,0.0,100.0,0.0,200.0,0.0,100.0,33235.0,100.0,54644400712.0,100.0,127052549773.0
2019-03-08,S300Z61L,ST4000DM000,4000787030016,0,119.0,215178744.0,96.0,0.0,100.0,4.0,100.0,0.0,87.0,532709463.0,62.0,33412.0,100.0,0.0,100.0,4.0,100.0,0.0,100.0,0.0,100.0,0.0,100.0,0.0,100.0,0.0,75.0,25.0,100.0,0.0,100.0,0.0,80.0,40505.0,25.0,25.0,100.0,0.0,100.0,0.0,200.0,0.0,100.0,33259.0,100.0,54658245216.0,100.0,127203859394.0
2019-03-09,S300Z61L,ST4000DM000,4000787030016,0,116.0,104563784.0,96.0,0.0,100.0,4.0,100.0,0.0,87.0,533675480.0,62.0,33436.0,100.0,0.0,100.0,4.0,100.0,0.0,100.0,0.0,100.0,0.0,100.0,0.0,100.0,0.0,75.0,25.0,100.0,0.0,100.0,0.0,80.0,40505.0,25.0,25.0,100.0,0.0,100.0,0.0,200.0,0.0,100.0,33283.0,100.0,54674925048.0,100.0,127296291471.0
2019-03-10,S300Z61L,ST4000DM000,4000787030016,0,119.0,210380216.0,96.0,0.0,100.0,4.0,100.0,0.0,87.0,535465549.0,62.0,33460.0,100.0,0.0,100.0,4.0,100.0,0.0,100.0,0.0,100.0,0.0,100.0,0.0,100.0,0.0,75.0,25.0,100.0,0.0,100.0,0.0,80.0,40505.0,25.0,25.0,100.0,0.0,100.0,0.0,200.0,0.0,100.0,33306.0,100.0,54696998568.0,100.0,127404346615.0
2019-03-11,S300Z61L,ST4000DM000,4000787030016,0,116.0,101522728.0,96.0,0.0,100.0,4.0,100.0,0.0,87.0,536610752.0,62.0,33484.0,100.0,0.0,100.0,4.0,100.0,0.0,100.0,0.0,100.0,0.0,100.0,0.0,100.0,0.0,75.0,25.0,100.0,0.0,100.0,0.0,80.0,40505.0,25.0,25.0,100.0,0.0,100.0,0.0,200.0,0.0,100.0,33330.0,100.0,54717952704.0,100.0,127543606287.0
2019-03-12,S300Z61L,ST4000DM000,4000787030016,0,116.0,111215656.0,96.0,0.0,100.0,4.0,100.0,0.0,87.0,537906906.0,62.0,33508.0,100.0,0.0,100.0,4.0,100.0,0.0,100.0,0.0,100.0,0.0,100.0,0.0,100.0,0.0,76.0,24.0,100.0,0.0,100.0,0.0,80.0,40505.0,24.0,24.0,100.0,0.0,100.0,0.0,200.0,0.0,100.0,33354.0,100.0,54744037768.0,100.0,127693777961.0
2019-03-13,S300Z61L,ST4000DM000,4000787030016,0,112.0,49755336.0,96.0,0.0,100.0,4.0,100.0,0.0,87.0,539205433.0,62.0,33531.0,100.0,0.0,100.0,4.0,100.0,0.0,100.0,0.0,100.0,0.0,100.0,0.0,100.0,0.0,76.0,24.0,100.0,0.0,100.0,0.0,80.0,40506.0,24.0,24.0,100.0,0.0,100.0,0.0,200.0,0.0,100.0,33378.0,100.0,54765982408.0,100.0,127835965996.0
2019-03-14,S300Z61L,ST4000DM000,4000787030016,0,116.0,111255248.0,96.0,0.0,100.0,4.0,100.0,0.0,87.0,541502187.0,62.0,33555.0,100.0,0.0,100.0,4.0,100.0,0.0,100.0,0.0,100.0,0.0,100.0,0.0,100.0,0.0,76.0,24.0,100.0,0.0,100.0,0.0,80.0,40506.0,24.0,24.0,100.0,0.0,100.0,0.0,200.0,0.0,100.0,33402.0,100.0,54793178064.0,100.0,127987605555.0
2019-03-15,S300Z61L,ST4000DM000,4000787030016,0,117.0,162769656.0,96.0,0.0,100.0,4.0,100.0,0.0,87.0,544102995.0,62.0,33579.0,100.0,0.0,100.0,4.0,100.0,0.0,100.0,0.0,100.0,0.0,100.0,0.0,100.0,0.0,76.0,24.0,100.0,0.0,100.0,0.0,80.0,40506.0,24.0,24.0,100.0,0.0,100.0,0.0,200.0,0.0,100.0,33426.0,100.0,54815151528.0,100.0,128133569744.0
2019-03-16,S300Z61L,ST4000DM000,4000787030016,0,117.0,144399568.0,96.0,0.0,100.0,4.0,100.0,0.0,87.0,545071665.0,62.0,33603.0,100.0,0.0,100.0,4.0,100.0,0.0,100.0,0.0,100.0,0.0,100.0,0.0,100.0,0.0,77.0,23.0,100.0,0.0,100.0,0.0,80.0,40506.0,23.0,23.0,100.0,0.0,100.0,0.0,200.0,0.0,100.0,33450.0,100.0,54832560088.0,100.0,128228279899.0
2019-03-17,S300Z61L,ST4000DM000,4000787030016,0,117.0,149851552.0,96.0,0.0,100.0,4.0,100.0,0.0,87.0,546796436.0,62.0,33627.0,100.0,0.0,100.0,4.0,100.0,0.0,100.0,0.0,100.0,0.0,100.0,0.0,100.0,0.0,76.0,24.0,100.0,0.0,100.0,0.0,80.0,40506.0,24.0,24.0,100.0,0.0,100.0,0.0,200.0,0.0,100.0,33474.0,100.0,54850341512.0,100.0,128309194586.0
2019-03-18,S300Z61L,ST4000DM000,4000787030016,0,113.0,55436968.0,96.0,0.0,100.0,4.0,100.0,0.0,87.0,547678446.0,62.0,33651.0,100.0,0.0,100.0,4.0,100.0,0.0,100.0,0.0,100.0,0.0,100.0,0.0,100.0,0.0,77.0,23.0,100.0,0.0,100.0,0.0,80.0,40506.0,23.0,23.0,100.0,0.0,100.0,0.0,200.0,0.0,100.0,33497.0,100.0,54866162752.0,100.0,128413787621.0
2019-03-19,S300Z61L,ST4000DM000,4000787030016,0,118.0,170677360.0,96.0,0.0,100.0,4.0,100.0,0.0,87.0,548522536.0,62.0,33675.0,100.0,0.0,100.0,4.0,100.0,0.0,100.0,0.0,100.0,0.0,100.0,0.0,100.0,0.0,76.0,24.0,100.0,0.0,100.0,0.0,80.0,40506.0,24.0,24.0,100.0,0.0,100.0,0.0,200.0,0.0,100.0,33521.0,100.0,54885173000.0,100.0,128503037166.0
2019-03-20,S300Z61L,ST4000DM000,4000787030016,0,102.0,3814696.0,96.0,0.0,100.0,4.0,100.0,0.0,87.0,549566067.0,62.0,33698.0,100.0,0.0,100.0,4.0,100.0,0.0,100.0,0.0,100.0,0.0,100.0,0.0,100.0,0.0,76.0,24.0,100.0,0.0,100.0,0.0,80.0,40506.0,24.0,24.0,100.0,0.0,100.0,0.0,200.0,0.0,100.0,33545.0,100.0,54913215712.0,100.0,128610476026.0
2019-03-21,S300Z61L,ST4000DM000,4000787030016,0,117.0,124942744.0,96.0,0.0,100.0,4.0,100.0,0.0,87.0,551575478.0,62.0,33722.0,100.0,0.0,100.0,4.0,100.0,0.0,100.0,0.0,100.0,0.0,100.0,0.0,100.0,0.0,76.0,24.0,100.0,0.0,100.0,0.0,80.0,40506.0,24.0,24.0,100.0,0.0,100.0,0.0,200.0,0.0,100.0,33569.0,100.0,54941748728.0,100.0,128701498961.0
2019-03-22,S300Z61L,ST4000DM000,4000787030016,0,119.0,232037384.0,96.0,0.0,100.0,4.0,100.0,0.0,87.0,552742156.0,62.0,33746.0,100.0,0.0,100.0,4.0,100.0,0.0,100.0,0.0,100.0,0.0,100.0,0.0,100.0,0.0,76.0,24.0,100.0,0.0,100.0,0.0,80.0,40506.0,24.0,24.0,100.0,0.0,100.0,0.0,200.0,0.0,100.0,33593.0,100.0,54966266680.0,100.0,128808535683.0
2019-03-23,S300Z61L,ST4000DM000,4000787030016,0,116.0,111338832.0,96.0,0.0,100.0,4.0,100.0,0.0,87.0,553697798.0,62.0,33770.0,100.0,0.0,100.0,4.0,100.0,0.0,100.0,0.0,100.0,0.0,100.0,0.0,100.0,0.0,75.0,25.0,100.0,0.0,100.0,0.0,80.0,40506.0,25.0,25.0,100.0,0.0,100.0,0.0,200.0,0.0,100.0,33617.0,100.0,54985306856.0,100.0,128906031336.0
2019-03-24,S300Z61L,ST4000DM000,4000787030016,0,108.0,18307272.0,96.0,0.0,100.0,4.0,100.0,0.0,87.0,556337012.0,62.0,33794.0,100.0,0.0,100.0,4.0,100.0,0.0,100.0,0.0,100.0,0.0,100.0,0.0,100.0,0.0,76.0,24.0,100.0,0.0,100.0,0.0,80.0,40506.0,24.0,24.0,100.0,0.0,100.0,0.0,200.0,0.0,100.0,33641.0,100.0,54999961800.0,100.0,128972822486.0
2019-03-25,S300Z61L,ST4000DM000,4000787030016,0,111.0,37739104.0,96.0,0.0,100.0,4.0,100.0,0.0,87.0,557313025.0,62.0,33818.0,100.0,0.0,100.0,4.0,100.0,0.0,100.0,0.0,100.0,0.0,100.0,0.0,100.0,0.0,76.0,24.0,100.0,0.0,100.0,0.0,80.0,40506.0,24.0,24.0,100.0,0.0,100.0,0.0,200.0,0.0,100.0,33664.0,100.0,55017805792.0,100.0,129065961957.0
2019-03-26,S300Z61L,ST4000DM000,4000787030016,0,105.0,7951800.0,96.0,0.0,100.0,4.0,100.0,0.0,87.0,558424909.0,62.0,33842.0,100.0,0.0,100.0,4.0,100.0,0.0,100.0,0.0,100.0,0.0,100.0,0.0,100.0,0.0,76.0,24.0,100.0,0.0,100.0,0.0,80.0,40506.0,24.0,24.0,100.0,0.0,100.0,0.0,200.0,0.0,100.0,33688.0,100.0,55037354288.0,100.0,129179124810.0
2019-03-27,S300Z61L,ST4000DM000,4000787030016,0,117.0,165596376.0,96.0,0.0,100.0,4.0,100.0,0.0,87.0,559461589.0,62.0,33866.0,100.0,0.0,100.0,4.0,100.0,0.0,100.0,0.0,100.0,0.0,100.0,0.0,100.0,0.0,76.0,24.0,100.0,0.0,100.0,0.0,80.0,40506.0,24.0,24.0,100.0,0.0,100.0,0.0,200.0,0.0,100.0,33712.0,100.0,55056183448.0,100.0,129277391579.0
2019-03-28,S300Z61L,ST4000DM000,4000787030016,0,116.0,110043864.0,96.0,0.0,100.0,4.0,100.0,0.0,87.0,561706661.0,62.0,33889.0,100.0,0.0,100.0,4.0,100.0,0.0,100.0,0.0,100.0,0.0,100.0,0.0,100.0,0.0,76.0,24.0,100.0,0.0,100.0,0.0,80.0,40508.0,24.0,24.0,100.0,0.0,100.0,0.0,200.0,0.0,100.0,33736.0,100.0,55075189336.0,100.0,129410925974.0
2019-03-29,S300Z61L,ST4000DM000,4000787030016,0,114.0,64134392.0,96.0,0.0,100.0,4.0,100.0,0.0,87.0,562694271.0,62.0,33913.0,100.0,0.0,100.0,4.0,100.0,0.0,100.0,0.0,100.0,0.0,100.0,0.0,100.0,0.0,76.0,24.0,100.0,0.0,100.0,0.0,80.0,40508.0,24.0,24.0,100.0,0.0,100.0,0.0,200.0,0.0,100.0,33760.0,100.0,55088389760.0,100.0,129529705870.0
2019-03-30,S300Z61L,ST4000DM000,4000787030016,0,119.0,233472504.0,96.0,0.0,100.0,4.0,100.0,0.0,87.0,563589717.0,62.0,33937.0,100.0,0.0,100.0,4.0,100.0,0.0,100.0,0.0,100.0,0.0,100.0,0.0,100.0,0.0,76.0,24.0,100.0,0.0,100.0,0.0,80.0,40511.0,24.0,24.0,100.0,0.0,100.0,0.0,200.0,0.0,100.0,33784.0,100.0,55104500408.0,100.0,129621581567.0
2019-03-31,S300Z61L,ST4000DM000,4000787030016,0,115.0,87414224.0,96.0,0.0,100.0,4.0,100.0,0.0,87.0,565416378.0,62.0,33961.0,100.0,0.0,100.0,4.0,100.0,0.0,100.0,0.0,100.0,0.0,100.0,0.0,100.0,0.0,77.0,23.0,100.0,0.0,100.0,0.0,80.0,40511.0,23.0,23.0,100.0,0.0,100.0,0.0,200.0,0.0,100.0,33808.0,100.0,55129797480.0,100.0,129710296611.0
2019-04-01,S300Z61L,ST4000DM000,4000787030016,0,118.0,181945376.0,96.0,0.0,100.0,4.0,100.0,0.0,87.0,566378261.0,62.0,33985.0,100.0,0.0,100.0,4.0,100.0,0.0,100.0,0.0,100.0,0.0,100.0,0.0,100.0,0.0,77.0,23.0,100.0,0.0,100.0,0.0,80.0,40511.0,23.0,23.0,100.0,0.0,100.0,0.0,200.0,0.0,100.0,33832.0,100.0,55143520024.0,100.0,129815052265.0
2019-04-02,S300Z61L,ST4000DM000,4000787030016,0,119.0,222002600.0,96.0,0.0,100.0,4.0,100.0,0.0,87.0,567118274.0,62.0,34009.0,100.0,0.0,100.0,4.0,100.0,0.0,100.0,0.0,100.0,0.0,100.0,0.0,100.0,0.0,77.0,23.0,100.0,0.0,100.0,0.0,80.0,40511.0,23.0,23.0,100.0,0.0,100.0,0.0,200.0,0.0,100.0,33856.0,100.0,55162581160.0,100.0,129879428355.0
2019-04-03,S300Z61L,ST4000DM000,4000787030016,0,118.0,194280912.0,96.0,0.0,100.0,4.0,100.0,0.0,87.0,568177074.0,62.0,34033.0,100.0,0.0,100.0,4.0,100.0,0.0,100.0,0.0,100.0,0.0,100.0,0.0,100.0,0.0,76.0,24.0,100.0,0.0,100.0,0.0,80.0,40511.0,24.0,24.0,100.0,0.0,100.0,0.0,200.0,0.0,100.0,33880.0,100.0,55183548336.0,100.0,129976577130.0
2019-04-04,S300Z61L,ST4000DM000,4000787030016,0,119.0,217185976.0,96.0,0.0,100.0,4.0,100.0,0.0,87.0,570257347.0,62.0,34057.0,100.0,0.0,100.0,4.0,100.0,0.0,100.0,0.0,100.0,0.0,100.0,0.0,100.0,0.0,76.0,24.0,100.0,0.0,100.0,0.0,80.0,40512.0,24.0,24.0,100.0,0.0,100.0,0.0,200.0,0.0,100.0,33904.0,100.0,55201200704.0,100.0,130089354391.0
2019-04-05,S300Z61L,ST4000DM000,4000787030016,0,113.0,55677792.0,96.0,0.0,100.0,4.0,100.0,0.0,87.0,571078786.0,62.0,34081.0,100.0,0.0,100.0,4.0,100.0,0.0,100.0,0.0,100.0,0.0,100.0,0.0,100.0,0.0,76.0,24.0,100.0,0.0,100.0,0.0,80.0,40512.0,24.0,24.0,100.0,0.0,100.0,0.0,200.0,0.0,100.0,33928.0,100.0,55216645376.0,100.0,130177427185.0
2019-04-06,S300Z61L,ST4000DM000,4000787030016,0,112.0,48201760.0,96.0,0.0,100.0,4.0,100.0,0.0,87.0,571770459.0,62.0,34105.0,100.0,0.0,100.0,4.0,100.0,0.0,100.0,0.0,100.0,0.0,100.0,0.0,100.0,0.0,76.0,24.0,100.0,0.0,100.0,0.0,80.0,40512.0,24.0,24.0,100.0,0.0,100.0,0.0,200.0,0.0,100.0,33952.0,100.0,55229838256.0,100.0,130232087475.0
2019-04-07,S300Z61L,ST4000DM000,4000787030016,0,120.0,241261184.0,96.0,0.0,100.0,4.0,100.0,0.0,87.0,573503935.0,62.0,34129.0,100.0,0.0,100.0,4.0,100.0,0.0,100.0,0.0,100.0,0.0,100.0,0.0,100.0,0.0,76.0,24.0,100.0,0.0,100.0,0.0,80.0,40512.0,24.0,24.0,100.0,0.0,100.0,0.0,200.0,0.0,100.0,33976.0,100.0,55246383168.0,100.0,130305387339.0
2019-04-08,S300Z61L,ST4000DM000,4000787030016,0,118.0,189814848.0,96.0,0.0,100.0,4.0,100.0,0.0,87.0,574842767.0,62.0,34153.0,100.0,0.0,100.0,4.0,100.0,0.0,100.0,0.0,100.0,0.0,100.0,0.0,100.0,0.0,76.0,24.0,100.0,0.0,100.0,0.0,80.0,40512.0,24.0,24.0,100.0,0.0,100.0,0.0,200.0,0.0,100.0,34000.0,100.0,55260777832.0,100.0,130427204495.0
2019-04-09,S300Z61L,ST4000DM000,4000787030016,0,114.0,76309312.0,96.0,0.0,100.0,4.0,100.0,0.0,87.0,577690833.0,61.0,34177.0,100.0,0.0,100.0,4.0,100.0,0.0,100.0,0.0,100.0,0.0,100.0,0.0,100.0,0.0,77.0,23.0,100.0,0.0,100.0,0.0,80.0,40512.0,23.0,23.0,100.0,0.0,100.0,0.0,200.0,0.0,100.0,34024.0,100.0,55289399344.0,100.0,130548481330.0
2019-04-10,S300Z61L,ST4000DM000,4000787030016,0,119.0,213600552.0,96.0,0.0,100.0,4.0,100.0,0.0,87.0,579070456.0,61.0,34201.0,100.0,0.0,100.0,4.0,100.0,0.0,100.0,0.0,100.0,0.0,100.0,0.0,100.0,0.0,77.0,23.0,100.0,0.0,100.0,0.0,80.0,40512.0,23.0,23.0,100.0,0.0,100.0,0.0,200.0,0.0,100.0,34048.0,100.0,55300049064.0,100.0,130658638289.0
2019-04-11,S300Z61L,ST4000DM000,4000787030016,0,119.0,201699488.0,96.0,0.0,100.0,4.0,100.0,0.0,87.0,581064364.0,61.0,34225.0,100.0,0.0,100.0,4.0,100.0,0.0,100.0,0.0,100.0,0.0,100.0,0.0,100.0,0.0,76.0,24.0,100.0,0.0,100.0,0.0,80.0,40512.0,24.0,24.0,100.0,0.0,100.0,0.0,200.0,0.0,100.0,34072.0,100.0,55320672952.0,100.0,130774237633.0
2019-04-12,S300Z61L,ST4000DM000,4000787030016,0,120.0,240576712.0,96.0,0.0,100.0,4.0,100.0,0.0,87.0,581884361.0,61.0,34249.0,100.0,0.0,100.0,4.0,100.0,0.0,100.0,0.0,100.0,0.0,100.0,0.0,100.0,0.0,76.0,24.0,100.0,0.0,100.0,0.0,80.0,40515.0,24.0,24.0,100.0,0.0,100.0,0.0,200.0,0.0,100.0,34096.0,100.0,55334396544.0,100.0,130883750598.0
2019-04-13,S300Z61L,ST4000DM000,4000787030016,0,117.0,124067736.0,96.0,0.0,100.0,4.0,100.0,0.0,87.0,582587954.0,61.0,34273.0,100.0,0.0,100.0,4.0,100.0,0.0,100.0,0.0,100.0,0.0,100.0,0.0,100.0,0.0,77.0,23.0,100.0,0.0,100.0,0.0,80.0,40515.0,23.0,23.0,100.0,0.0,100.0,0.0,200.0,0.0,100.0,34119.0,100.0,55348406768.0,100.0,130973418673.0
2019-04-14,S300Z61L,ST4000DM000,4000787030016,0,118.0,185693952.0,96.0,0.0,100.0,4.0,100.0,0.0,87.0,584350041.0,61.0,34297.0,100.0,0.0,100.0,4.0,100.0,0.0,100.0,0.0,100.0,0.0,100.0,0.0,100.0,0.0,77.0,23.0,100.0,0.0,100.0,0.0,80.0,40515.0,23.0,23.0,100.0,0.0,100.0,0.0,200.0,0.0,100.0,34143.0,100.0,55366360792.0,100.0,131069375434.0
2019-04-15,S300Z61L,ST4000DM000,4000787030016,0,99.0,2544392.0,96.0,0.0,100.0,4.0,100.0,0.0,87.0,585210055.0,61.0,34321.0,100.0,0.0,100.0,4.0,100.0,0.0,100.0,0.0,100.0,0.0,100.0,0.0,100.0,0.0,77.0,23.0,100.0,0.0,100.0,0.0,80.0,40515.0,23.0,23.0,100.0,0.0,100.0,0.0,200.0,0.0,100.0,34167.0,100.0,55392626160.0,100.0,131183399694.0
2019-04-16,S300Z61L,ST4000DM000,4000787030016,0,119.0,209964320.0,96.0,0.0,100.0,4.0,100.0,0.0,87.0,585909517.0,61.0,34345.0,100.0,0.0,100.0,4.0,100.0,0.0,100.0,0.0,100.0,0.0,100.0,0.0,100.0,0.0,76.0,24.0,100.0,0.0,100.0,0.0,80.0,40515.0,24.0,24.0,100.0,0.0,100.0,0.0,200.0,0.0,100.0,34191.0,100.0,55406790776.0,100.0,131278314865.0
2019-04-17,S300Z61L,ST4000DM000,4000787030016,0,118.0,181738688.0,96.0,0.0,100.0,4.0,100.0,0.0,87.0,586435736.0,61.0,34368.0,100.0,0.0,100.0,4.0,100.0,0.0,100.0,0.0,100.0,0.0,100.0,0.0,100.0,0.0,76.0,24.0,100.0,0.0,100.0,0.0,80.0,40517.0,24.0,24.0,100.0,0.0,100.0,0.0,200.0,0.0,100.0,34215.0,100.0,55417925136.0,100.0,131337248108.0
2019-04-18,S300Z61L,ST4000DM000,4000787030016,0,112.0,43887680.0,96.0,0.0,100.0,4.0,100.0,0.0,87.0,588627282.0,61.0,34392.0,100.0,0.0,100.0,4.0,100.0,0.0,100.0,0.0,100.0,0.0,100.0,0.0,100.0,0.0,77.0,23.0,100.0,0.0,100.0,0.0,80.0,40517.0,23.0,23.0,100.0,0.0,100.0,0.0,200.0,0.0,100.0,34239.0,100.0,55441514600.0,100.0,131477863261.0
2019-04-19,S300Z61L,ST4000DM000,4000787030016,0,120.0,241330128.0,96.0,0.0,100.0,4.0,100.0,0.0,87.0,589285017.0,61.0,34416.0,100.0,0.0,100.0,4.0,100.0,0.0,100.0,0.0,100.0,0.0,100.0,0.0,100.0,0.0,76.0,24.0,100.0,0.0,100.0,0.0,80.0,40517.0,24.0,24.0,100.0,0.0,100.0,0.0,200.0,0.0,100.0,34263.0,100.0,55453055128.0,100.0,131554064929.0
2019-04-20,S300Z61L,ST4000DM000,4000787030016,0,118.0,200991872.0,96.0,0.0,100.0,4.0,100.0,0.0,87.0,590127820.0,61.0,34440.0,100.0,0.0,100.0,4.0,100.0,0.0,100.0,0.0,100.0,0.0,100.0,0.0,100.0,0.0,77.0,23.0,100.0,0.0,100.0,0.0,80.0,40517.0,23.0,23.0,100.0,0.0,100.0,0.0,200.0,0.0,100.0,34287.0,100.0,55476037192.0,100.0,131662713725.0
2019-04-21,S300Z61L,ST4000DM000,4000787030016,0,118.0,184067304.0,96.0,0.0,100.0,4.0,100.0,0.0,87.0,592045220.0,61.0,34464.0,100.0,0.0,100.0,4.0,100.0,0.0,100.0,0.0,100.0,0.0,100.0,0.0,100.0,0.0,76.0,24.0,100.0,0.0,100.0,0.0,80.0,40517.0,24.0,24.0,100.0,0.0,100.0,0.0,200.0,0.0,100.0,34311.0,100.0,55495005144.0,100.0,131770479736.0
2019-04-22,S300Z61L,ST4000DM000,4000787030016,0,111.0,34994304.0,96.0,0.0,100.0,4.0,100.0,0.0,87.0,592971082.0,61.0,34488.0,100.0,0.0,100.0,4.0,100.0,0.0,100.0,0.0,100.0,0.0,100.0,0.0,100.0,0.0,76.0,24.0,100.0,0.0,100.0,0.0,80.0,40517.0,24.0,24.0,100.0,0.0,100.0,0.0,200.0,0.0,100.0,34335.0,100.0,55515738000.0,100.0,131896389598.0
2019-04-23,S300Z61L,ST4000DM000,4000787030016,0,117.0,149162288.0,96.0,0.0,100.0,4.0,100.0,0.0,87.0,595890169.0,61.0,34512.0,100.0,0.0,100.0,4.0,100.0,0.0,100.0,0.0,100.0,0.0,100.0,0.0,100.0,0.0,77.0,23.0,100.0,0.0,100.0,0.0,80.0,40517.0,23.0,23.0,100.0,0.0,100.0,0.0,200.0,0.0,100.0,34359.0,100.0,55545153928.0,100.0,132057805601.0
2019-04-24,S300Z61L,ST4000DM000,4000787030016,0,117.0,130657528.0,96.0,0.0,100.0,4.0,100.0,0.0,87.0,596938686.0,61.0,34536.0,100.0,0.0,100.0,4.0,100.0,0.0,100.0,0.0,100.0,0.0,100.0,0.0,100.0,0.0,77.0,23.0,100.0,0.0,100.0,0.0,80.0,40517.0,23.0,23.0,100.0,0.0,100.0,0.0,200.0,0.0,100.0,34383.0,100.0,55563768240.0,100.0,132184061244.0
2019-04-25,S300Z61L,ST4000DM000,4000787030016,0,119.0,224118832.0,96.0,0.0,100.0,4.0,100.0,0.0,87.0,599123068.0,61.0,34560.0,100.0,0.0,100.0,4.0,100.0,0.0,100.0,0.0,100.0,0.0,100.0,0.0,100.0,0.0,77.0,23.0,100.0,0.0,100.0,0.0,80.0,40518.0,23.0,23.0,100.0,0.0,100.0,0.0,200.0,0.0,100.0,34407.0,100.0,55581535360.0,100.0,132340698939.0
2019-04-26,S300Z61L,ST4000DM000,4000787030016,0,120.0,240551888.0,96.0,0.0,100.0,4.0,100.0,0.0,87.0,599890035.0,61.0,34584.0,100.0,0.0,100.0,4.0,100.0,0.0,100.0,0.0,100.0,0.0,100.0,0.0,100.0,0.0,77.0,23.0,100.0,0.0,100.0,0.0,80.0,40518.0,23.0,23.0,100.0,0.0,100.0,0.0,200.0,0.0,100.0,34431.0,100.0,55595204424.0,100.0,132441421261.0
2019-04-27,S300Z61L,ST4000DM000,4000787030016,0,117.0,151717408.0,96.0,0.0,100.0,4.0,100.0,0.0,87.0,600956269.0,61.0,34608.0,100.0,0.0,100.0,4.0,100.0,0.0,100.0,0.0,100.0,0.0,100.0,0.0,100.0,0.0,77.0,23.0,100.0,0.0,100.0,0.0,80.0,40518.0,23.0,23.0,100.0,0.0,100.0,0.0,200.0,0.0,100.0,34455.0,100.0,55610390712.0,100.0,132570488864.0
2019-04-28,S300Z61L,ST4000DM000,4000787030016,0,119.0,204220656.0,96.0,0.0,100.0,4.0,100.0,0.0,87.0,603117695.0,61.0,34632.0,100.0,0.0,100.0,4.0,100.0,0.0,100.0,0.0,100.0,0.0,100.0,0.0,100.0,0.0,77.0,23.0,100.0,0.0,100.0,0.0,80.0,40518.0,23.0,23.0,100.0,0.0,100.0,0.0,200.0,0.0,100.0,34479.0,100.0,55708032928.0,100.0,132671992775.0
2019-04-29,S300Z61L,ST4000DM000,4000787030016,0,116.0,114652680.0,96.0,0.0,100.0,4.0,100.0,0.0,87.0,604074086.0,61.0,34656.0,100.0,0.0,100.0,4.0,100.0,0.0,100.0,0.0,100.0,0.0,100.0,0.0,100.0,0.0,77.0,23.0,100.0,0.0,100.0,0.0,80.0,40518.0,23.0,23.0,100.0,0.0,100.0,0.0,200.0,0.0,100.0,34503.0,100.0,55730102808.0,100.0,132797946881.0
2019-04-30,S300Z61L,ST4000DM000,4000787030016,0,115.0,97261000.0,96.0,0.0,100.0,4.0,100.0,0.0,87.0,604781341.0,61.0,34680.0,100.0,0.0,100.0,4.0,100.0,0.0,100.0,0.0,100.0,0.0,100.0,0.0,100.0,0.0,77.0,23.0,100.0,0.0,100.0,0.0,80.0,40518.0,23.0,23.0,100.0,0.0,100.0,0.0,200.0,0.0,100.0,34527.0,100.0,55741736960.0,100.0,132905704147.0
2019-05-01,S300Z61L,ST4000DM000,4000787030016,0,119.0,229406384.0,96.0,0.0,100.0,4.0,100.0,0.0,87.0,606524576.0,61.0,34704.0,100.0,0.0,100.0,4.0,100.0,0.0,100.0,0.0,100.0,0.0,100.0,0.0,100.0,0.0,76.0,24.0,100.0,0.0,100.0,0.0,80.0,40518.0,24.0,24.0,100.0,0.0,100.0,0.0,200.0,0.0,100.0,34551.0,100.0,55759896144.0,100.0,133036576550.0
2019-05-02,S300Z61L,ST4000DM000,4000787030016,0,119.0,207940400.0,96.0,0.0,100.0,4.0,100.0,0.0,87.0,608679857.0,61.0,34728.0,100.0,0.0,100.0,4.0,100.0,0.0,100.0,0.0,100.0,0.0,100.0,0.0,100.0,0.0,76.0,24.0,100.0,0.0,100.0,0.0,80.0,40520.0,24.0,24.0,100.0,0.0,100.0,0.0,200.0,0.0,100.0,34575.0,100.0,55797231440.0,100.0,133275048181.0
2019-05-03,S300Z61L,ST4000DM000,4000787030016,0,116.0,110802200.0,96.0,0.0,100.0,4.0,100.0,0.0,87.0,609880538.0,61.0,34752.0,100.0,0.0,100.0,4.0,100.0,0.0,100.0,0.0,100.0,0.0,100.0,0.0,100.0,0.0,76.0,24.0,100.0,0.0,100.0,0.0,80.0,40520.0,24.0,24.0,100.0,0.0,100.0,0.0,200.0,0.0,100.0,34599.0,100.0,55807753712.0,100.0,133409218153.0
2019-05-04,S300Z61L,ST4000DM000,4000787030016,0,114.0,67912120.0,96.0,0.0,100.0,4.0,100.0,0.0,87.0,610803750.0,61.0,34776.0,100.0,0.0,100.0,4.0,100.0,0.0,100.0,0.0,100.0,0.0,100.0,0.0,100.0,0.0,76.0,24.0,100.0,0.0,100.0,0.0,80.0,40521.0,24.0,24.0,100.0,0.0,100.0,0.0,200.0,0.0,100.0,34623.0,100.0,55820836400.0,100.0,133544849313.0
2019-05-05,S300Z61L,ST4000DM000,4000787030016,0,117.0,131529272.0,96.0,0.0,100.0,4.0,100.0,0.0,87.0,612415122.0,61.0,34800.0,100.0,0.0,100.0,4.0,100.0,0.0,100.0,0.0,100.0,0.0,100.0,0.0,100.0,0.0,76.0,24.0,100.0,0.0,100.0,0.0,80.0,40528.0,24.0,24.0,100.0,0.0,100.0,0.0,200.0,0.0,100.0,34647.0,100.0,55834065840.0,100.0,133642955695.0
2019-05-06,S300Z61L,ST4000DM000,4000787030016,0,117.0,153895504.0,96.0,0.0,100.0,4.0,100.0,0.0,87.0,613024136.0,61.0,34824.0,100.0,0.0,100.0,4.0,100.0,0.0,100.0,0.0,100.0,0.0,100.0,0.0,100.0,0.0,76.0,24.0,100.0,0.0,100.0,0.0,80.0,40528.0,24.0,24.0,100.0,0.0,100.0,0.0,200.0,0.0,100.0,34671.0,100.0,55848925440.0,100.0,133809743520.0
2019-05-07,S300Z61L,ST4000DM000,4000787030016,0,114.0,68600720.0,96.0,0.0,100.0,4.0,100.0,0.0,87.0,613707003.0,61.0,34848.0,100.0,0.0,100.0,4.0,100.0,0.0,100.0,0.0,100.0,0.0,100.0,0.0,100.0,0.0,76.0,24.0,100.0,0.0,100.0,0.0,80.0,40528.0,24.0,24.0,100.0,0.0,100.0,0.0,200.0,0.0,100.0,34695.0,100.0,55864407432.0,100.0,133980585769.0
2019-05-08,S300Z61L,ST4000DM000,4000787030016,0,119.0,213291648.0,96.0,0.0,100.0,4.0,100.0,0.0,87.0,614344655.0,61.0,34872.0,100.0,0.0,100.0,4.0,100.0,0.0,100.0,0.0,100.0,0.0,100.0,0.0,100.0,0.0,77.0,23.0,100.0,0.0,100.0,0.0,80.0,40528.0,23.0,23.0,100.0,0.0,100.0,0.0,200.0,0.0,100.0,34719.0,100.0,55877659456.0,100.0,134134586747.0
2019-05-09,S300Z61L,ST4000DM000,4000787030016,0,104.0,6445448.0,96.0,0.0,100.0,4.0,100.0,0.0,87.0,616819299.0,61.0,34896.0,100.0,0.0,100.0,4.0,100.0,0.0,100.0,0.0,100.0,0.0,100.0,0.0,100.0,0.0,77.0,23.0,100.0,0.0,100.0,0.0,80.0,40529.0,23.0,23.0,100.0,0.0,100.0,0.0,200.0,0.0,100.0,34742.0,100.0,55896019168.0,100.0,134335100525.0
2019-05-10,S300Z61L,ST4000DM000,4000787030016,0,119.0,225442280.0,96.0,0.0,100.0,4.0,100.0,0.0,87.0,618053993.0,61.0,34920.0,100.0,0.0,100.0,4.0,100.0,0.0,100.0,0.0,100.0,0.0,100.0,0.0,100.0,0.0,77.0,23.0,100.0,0.0,100.0,0.0,80.0,40529.0,23.0,23.0,100.0,0.0,100.0,0.0,200.0,0.0,100.0,34766.0,100.0,55912236000.0,100.0,134496150010.0
2019-05-11,S300Z61L,ST4000DM000,4000787030016,0,103.0,5458440.0,96.0,0.0,100.0,4.0,100.0,0.0,87.0,619129884.0,61.0,34944.0,100.0,0.0,100.0,4.0,100.0,0.0,100.0,0.0,100.0,0.0,100.0,0.0,100.0,0.0,77.0,23.0,100.0,0.0,100.0,0.0,80.0,40529.0,23.0,23.0,100.0,0.0,100.0,0.0,200.0,0.0,100.0,34790.0,100.0,55926991952.0,100.0,134666146499.0
2019-05-12,S300Z61L,ST4000DM000,4000787030016,0,115.0,99533040.0,96.0,0.0,100.0,4.0,100.0,0.0,87.0,620878092.0,61.0,34968.0,100.0,0.0,100.0,4.0,100.0,0.0,100.0,0.0,100.0,0.0,100.0,0.0,100.0,0.0,77.0,23.0,100.0,0.0,100.0,0.0,80.0,40529.0,23.0,23.0,100.0,0.0,100.0,0.0,200.0,0.0,100.0,34814.0,100.0,55943411624.0,100.0,134753142630.0
2019-05-13,S300Z61L,ST4000DM000,4000787030016,0,116.0,106598520.0,96.0,0.0,100.0,4.0,100.0,0.0,87.0,621900517.0,61.0,34991.0,100.0,0.0,100.0,4.0,100.0,0.0,100.0,0.0,100.0,0.0,100.0,0.0,100.0,0.0,77.0,23.0,100.0,0.0,100.0,0.0,80.0,40529.0,23.0,23.0,100.0,0.0,100.0,0.0,200.0,0.0,100.0,34838.0,100.0,55955402128.0,100.0,134891291858.0
2019-05-14,S300Z61L,ST4000DM000,4000787030016,0,115.0,100241552.0,96.0,0.0,100.0,4.0,100.0,0.0,87.0,623060701.0,61.0,35016.0,100.0,0.0,100.0,4.0,100.0,0.0,100.0,0.0,100.0,0.0,100.0,0.0,100.0,0.0,77.0,23.0,100.0,0.0,100.0,0.0,80.0,40529.0,23.0,23.0,100.0,0.0,100.0,0.0,200.0,0.0,100.0,34862.0,100.0,55966726160.0,100.0,135052209663.0
2019-05-15,S300Z61L,ST4000DM000,4000787030016,0,105.0,9972216.0,96.0,0.0,100.0,4.0,100.0,0.0,87.0,624259208.0,61.0,35039.0,100.0,0.0,100.0,4.0,100.0,0.0,100.0,0.0,100.0,0.0,100.0,0.0,100.0,0.0,76.0,24.0,100.0,0.0,100.0,0.0,80.0,40529.0,24.0,24.0,100.0,0.0,100.0,0.0,200.0,0.0,100.0,34886.0,100.0,55977681336.0,100.0,135215524059.0
2019-05-16,S300Z61L,ST4000DM000,4000787030016,0,110.0,27328496.0,96.0,0.0,100.0,4.0,100.0,0.0,87.0,626705596.0,60.0,35063.0,100.0,0.0,100.0,4.0,100.0,0.0,100.0,0.0,100.0,0.0,100.0,0.0,100.0,0.0,76.0,24.0,100.0,0.0,100.0,0.0,80.0,40530.0,24.0,24.0,100.0,0.0,100.0,0.0,200.0,0.0,100.0,34910.0,100.0,55992892288.0,100.0,135361824699.0
2019-05-17,S300Z61L,ST4000DM000,4000787030016,0,114.0,63076936.0,96.0,0.0,100.0,4.0,100.0,0.0,87.0,628123530.0,60.0,35087.0,100.0,0.0,100.0,4.0,100.0,0.0,100.0,0.0,100.0,0.0,100.0,0.0,100.0,0.0,76.0,24.0,100.0,0.0,100.0,0.0,80.0,40530.0,24.0,24.0,100.0,0.0,100.0,0.0,200.0,0.0,100.0,34934.0,100.0,56000532400.0,100.0,135482717183.0
2019-05-18,S300Z61L,ST4000DM000,4000787030016,0,118.0,191616704.0,96.0,0.0,100.0,4.0,100.0,0.0,87.0,629380380.0,60.0,35111.0,100.0,0.0,100.0,4.0,100.0,0.0,100.0,0.0,100.0,0.0,100.0,0.0,100.0,0.0,75.0,25.0,100.0,0.0,100.0,0.0,80.0,40530.0,25.0,25.0,100.0,0.0,100.0,0.0,200.0,0.0,100.0,34958.0,100.0,56012363592.0,100.0,135647810473.0
2019-05-19,S300Z61L,ST4000DM000,4000787030016,0,109.0,22159000.0,96.0,0.0,100.0,4.0,100.0,0.0,87.0,631278327.0,60.0,35135.0,100.0,0.0,100.0,4.0,100.0,0.0,100.0,0.0,100.0,0.0,100.0,0.0,100.0,0.0,76.0,24.0,100.0,0.0,100.0,0.0,80.0,40530.0,24.0,24.0,100.0,0.0,100.0,0.0,200.0,0.0,100.0,34982.0,100.0,56026422488.0,100.0,135744794842.0
2019-05-20,S300Z61L,ST4000DM000,4000787030016,0,114.0,65770472.0,96.0,0.0,100.0,4.0,100.0,0.0,87.0,632252086.0,60.0,35159.0,100.0,0.0,100.0,4.0,100.0,0.0,100.0,0.0,100.0,0.0,100.0,0.0,100.0,0.0,75.0,25.0,100.0,0.0,100.0,0.0,80.0,40530.0,25.0,25.0,100.0,0.0,100.0,0.0,200.0,0.0,100.0,35006.0,100.0,56038892128.0,100.0,135852017505.0
2019-05-21,S300Z61L,ST4000DM000,4000787030016,0,117.0,153174920.0,96.0,0.0,100.0,4.0,100.0,0.0,87.0,633437672.0,60.0,35183.0,100.0,0.0,100.0,4.0,100.0,0.0,100.0,0.0,100.0,0.0,100.0,0.0,100.0,0.0,76.0,24.0,100.0,0.0,100.0,0.0,80.0,40530.0,24.0,24.0,100.0,0.0,100.0,0.0,200.0,0.0,100.0,35030.0,100.0,56058810608.0,100.0,135997248861.0
2019-05-22,S300Z61L,ST4000DM000,4000787030016,0,115.0,92434600.0,96.0,0.0,100.0,4.0,100.0,0.0,87.0,634547117.0,60.0,35207.0,100.0,0.0,100.0,4.0,100.0,0.0,100.0,0.0,100.0,0.0,100.0,0.0,100.0,0.0,76.0,24.0,100.0,0.0,100.0,0.0,80.0,40530.0,24.0,24.0,100.0,0.0,100.0,0.0,200.0,0.0,100.0,35054.0,100.0,56075023912.0,100.0,136137876355.0
2019-05-23,S300Z61L,ST4000DM000,4000787030016,0,118.0,186432608.0,96.0,0.0,100.0,4.0,100.0,0.0,87.0,636842190.0,60.0,35231.0,100.0,0.0,100.0,4.0,100.0,0.0,100.0,0.0,100.0,0.0,100.0,0.0,100.0,0.0,76.0,24.0,100.0,0.0,100.0,0.0,80.0,40531.0,24.0,24.0,100.0,0.0,100.0,0.0,200.0,0.0,100.0,35078.0,100.0,56093212640.0,100.0,136314804286.0
2019-05-24,S300Z61L,ST4000DM000,4000787030016,0,119.0,219040696.0,96.0,0.0,100.0,4.0,100.0,0.0,87.0,637975534.0,60.0,35255.0,100.0,0.0,100.0,4.0,100.0,0.0,100.0,0.0,100.0,0.0,100.0,0.0,100.0,0.0,77.0,23.0,100.0,0.0,100.0,0.0,80.0,40531.0,23.0,23.0,100.0,0.0,100.0,0.0,200.0,0.0,100.0,35102.0,100.0,56129029392.0,100.0,136423119594.0
2019-05-25,S300Z61L,ST4000DM000,4000787030016,0,119.0,224982984.0,96.0,0.0,100.0,4.0,100.0,0.0,87.0,638884790.0,60.0,35279.0,100.0,0.0,100.0,4.0,100.0,0.0,100.0,0.0,100.0,0.0,100.0,0.0,100.0,0.0,77.0,23.0,100.0,0.0,100.0,0.0,80.0,40531.0,23.0,23.0,100.0,0.0,100.0,0.0,200.0,0.0,100.0,35126.0,100.0,56142561608.0,100.0,136536512293.0
2019-05-26,S300Z61L,ST4000DM000,4000787030016,0,117.0,147403056.0,96.0,0.0,100.0,4.0,100.0,0.0,87.0,642084511.0,60.0,35303.0,100.0,0.0,100.0,4.0,100.0,0.0,100.0,0.0,100.0,0.0,100.0,0.0,100.0,0.0,76.0,24.0,100.0,0.0,100.0,0.0,80.0,40531.0,24.0,24.0,100.0,0.0,100.0,0.0,200.0,0.0,100.0,35150.0,100.0,56160360040.0,100.0,136638132499.0
2019-05-27,S300Z61L,ST4000DM000,4000787030016,0,117.0,137608416.0,96.0,0.0,100.0,4.0,100.0,0.0,87.0,643241072.0,60.0,35327.0,100.0,0.0,100.0,4.0,100.0,0.0,100.0,0.0,100.0,0.0,100.0,0.0,100.0,0.0,75.0,25.0,100.0,0.0,100.0,0.0,80.0,40531.0,25.0,25.0,100.0,0.0,100.0,0.0,200.0,0.0,100.0,35174.0,100.0,56171413656.0,100.0,136740447837.0
2019-05-28,S300Z61L,ST4000DM000,4000787030016,0,119.0,214163552.0,96.0,0.0,100.0,4.0,100.0,0.0,87.0,644039173.0,60.0,35351.0,100.0,0.0,100.0,4.0,100.0,0.0,100.0,0.0,100.0,0.0,100.0,0.0,100.0,0.0,76.0,24.0,100.0,0.0,100.0,0.0,80.0,40531.0,24.0,24.0,100.0,0.0,100.0,0.0,200.0,0.0,100.0,35198.0,100.0,56180035128.0,100.0,136841790558.0
2019-05-29,S300Z61L,ST4000DM000,4000787030016,0,114.0,63797488.0,96.0,0.0,100.0,4.0,100.0,0.0,87.0,644911566.0,60.0,35375.0,100.0,0.0,100.0,4.0,100.0,0.0,100.0,0.0,100.0,0.0,100.0,0.0,100.0,0.0,77.0,23.0,100.0,0.0,100.0,0.0,80.0,40531.0,23.0,23.0,100.0,0.0,100.0,0.0,200.0,0.0,100.0,35222.0,100.0,56192995984.0,100.0,136935911847.0
2019-05-30,S300Z61L,ST4000DM000,4000787030016,0,118.0,180150552.0,96.0,0.0,100.0,4.0,100.0,0.0,87.0,647134143.0,60.0,35399.0,100.0,0.0,100.0,4.0,100.0,0.0,100.0,0.0,100.0,0.0,100.0,0.0,100.0,0.0,76.0,24.0,100.0,0.0,100.0,0.0,80.0,40531.0,24.0,24.0,100.0,0.0,100.0,0.0,200.0,0.0,100.0,35246.0,100.0,56207539624.0,100.0,137077881718.0
2019-05-31,S300Z61L,ST4000DM000,4000787030016,0,120.0,239970560.0,96.0,0.0,100.0,4.0,100.0,0.0,87.0,648344789.0,60.0,35423.0,100.0,0.0,100.0,4.0,100.0,0.0,100.0,0.0,100.0,0.0,100.0,0.0,100.0,0.0,77.0,23.0,100.0,0.0,100.0,0.0,80.0,40538.0,23.0,23.0,100.0,0.0,100.0,0.0,200.0,0.0,100.0,35270.0,100.0,56220765040.0,100.0,137229544466.0
2019-06-01,S300Z61L,ST4000DM000,4000787030016,0,119.0,230289152.0,96.0,0.0,100.0,4.0,100.0,0.0,87.0,648988493.0,60.0,35447.0,100.0,0.0,100.0,4.0,100.0,0.0,100.0,0.0,100.0,0.0,100.0,0.0,100.0,0.0,76.0,24.0,100.0,0.0,100.0,0.0,80.0,40538.0,24.0,24.0,100.0,0.0,100.0,0.0,200.0,0.0,100.0,35294.0,100.0,56229959064.0,100.0,137303091411.0
2019-06-02,S300Z61L,ST4000DM000,4000787030016,0,117.0,165621728.0,96.0,0.0,100.0,4.0,100.0,0.0,87.0,650967430.0,60.0,35471.0,100.0,0.0,100.0,4.0,100.0,0.0,100.0,0.0,100.0,0.0,100.0,0.0,100.0,0.0,76.0,24.0,100.0,0.0,100.0,0.0,80.0,40538.0,24.0,24.0,100.0,0.0,100.0,0.0,200.0,0.0,100.0,35318.0,100.0,56249761200.0,100.0,137388023700.0
2019-06-03,S300Z61L,ST4000DM000,4000787030016,0,103.0,5844272.0,96.0,0.0,100.0,4.0,100.0,0.0,87.0,652165234.0,60.0,35495.0,100.0,0.0,100.0,4.0,100.0,0.0,100.0,0.0,100.0,0.0,100.0,0.0,100.0,0.0,76.0,24.0,100.0,0.0,100.0,0.0,80.0,40538.0,24.0,24.0,100.0,0.0,100.0,0.0,200.0,0.0,100.0,35342.0,100.0,56270153568.0,100.0,137519524930.0
2019-06-04,S300Z61L,ST4000DM000,4000787030016,0,119.0,209175304.0,96.0,0.0,100.0,4.0,100.0,0.0,87.0,653129194.0,60.0,35519.0,100.0,0.0,100.0,4.0,100.0,0.0,100.0,0.0,100.0,0.0,100.0,0.0,100.0,0.0,77.0,23.0,100.0,0.0,100.0,0.0,80.0,40538.0,23.0,23.0,100.0,0.0,100.0,0.0,200.0,0.0,100.0,35366.0,100.0,56291800424.0,100.0,137615954663.0
2019-06-05,S300Z61L,ST4000DM000,4000787030016,0,119.0,207467384.0,96.0,0.0,100.0,4.0,100.0,0.0,87.0,654117458.0,60.0,35543.0,100.0,0.0,100.0,4.0,100.0,0.0,100.0,0.0,100.0,0.0,100.0,0.0,100.0,0.0,77.0,23.0,100.0,0.0,100.0,0.0,80.0,40538.0,23.0,23.0,100.0,0.0,100.0,0.0,200.0,0.0,100.0,35390.0,100.0,56307346624.0,100.0,137724350290.0
2019-06-06,S300Z61L,ST4000DM000,4000787030016,0,114.0,64449280.0,96.0,0.0,100.0,4.0,100.0,0.0,87.0,656311717.0,60.0,35567.0,100.0,0.0,100.0,4.0,100.0,0.0,100.0,0.0,100.0,0.0,100.0,0.0,100.0,0.0,77.0,23.0,100.0,0.0,100.0,0.0,80.0,40541.0,23.0,23.0,100.0,0.0,100.0,0.0,200.0,0.0,100.0,35413.0,100.0,56327644280.0,100.0,137892768132.0
2019-06-07,S300Z61L,ST4000DM000,4000787030016,0,116.0,103982000.0,96.0,0.0,100.0,4.0,100.0,0.0,87.0,657408197.0,60.0,35591.0,100.0,0.0,100.0,4.0,100.0,0.0,100.0,0.0,100.0,0.0,100.0,0.0,100.0,0.0,77.0,23.0,100.0,0.0,100.0,0.0,80.0,40541.0,23.0,23.0,100.0,0.0,100.0,0.0,200.0,0.0,100.0,35437.0,100.0,56339081696.0,100.0,137993381329.0
2019-06-08,S300Z61L,ST4000DM000,4000787030016,0,117.0,165266240.0,96.0,0.0,100.0,4.0,100.0,0.0,87.0,658303626.0,60.0,35615.0,100.0,0.0,100.0,4.0,100.0,0.0,100.0,0.0,100.0,0.0,100.0,0.0,100.0,0.0,77.0,23.0,100.0,0.0,100.0,0.0,80.0,40541.0,23.0,23.0,100.0,0.0,100.0,0.0,200.0,0.0,100.0,35461.0,100.0,56364065312.0,100.0,138077473666.0
2019-06-09,S300Z61L,ST4000DM000,4000787030016,0,117.0,132361208.0,96.0,0.0,100.0,4.0,100.0,0.0,87.0,660340362.0,60.0,35639.0,100.0,0.0,100.0,4.0,100.0,0.0,100.0,0.0,100.0,0.0,100.0,0.0,100.0,0.0,77.0,23.0,100.0,0.0,100.0,0.0,80.0,40541.0,23.0,23.0,100.0,0.0,100.0,0.0,200.0,0.0,100.0,35485.0,100.0,56381102304.0,100.0,138166845252.0
2019-06-10,S300Z61L,ST4000DM000,4000787030016,0,119.0,213311888.0,96.0,0.0,100.0,4.0,100.0,0.0,87.0,661196210.0,60.0,35662.0,100.0,0.0,100.0,4.0,100.0,0.0,100.0,0.0,100.0,0.0,100.0,0.0,100.0,0.0,77.0,23.0,100.0,0.0,100.0,0.0,80.0,40541.0,23.0,23.0,100.0,0.0,100.0,0.0,200.0,0.0,100.0,35509.0,100.0,56395730448.0,100.0,138250048002.0
2019-06-11,S300Z61L,ST4000DM000,4000787030016,0,117.0,129471968.0,96.0,0.0,100.0,4.0,100.0,0.0,87.0,663676943.0,60.0,35686.0,100.0,0.0,100.0,4.0,100.0,0.0,100.0,0.0,100.0,0.0,100.0,0.0,100.0,0.0,77.0,23.0,100.0,0.0,100.0,0.0,80.0,40541.0,23.0,23.0,100.0,0.0,100.0,0.0,200.0,0.0,100.0,35533.0,100.0,56415674864.0,100.0,138347738175.0
2019-06-12,S300Z61L,ST4000DM000,4000787030016,0,117.0,121601288.0,96.0,0.0,100.0,4.0,100.0,0.0,87.0,664606164.0,60.0,35710.0,100.0,0.0,100.0,4.0,100.0,0.0,100.0,0.0,100.0,0.0,100.0,0.0,100.0,0.0,77.0,23.0,100.0,0.0,100.0,0.0,80.0,40541.0,23.0,23.0,100.0,0.0,100.0,0.0,200.0,0.0,100.0,35557.0,100.0,56430204928.0,100.0,138445289376.0
2019-06-13,S300Z61L,ST4000DM000,4000787030016,0,117.0,130921008.0,96.0,0.0,100.0,4.0,100.0,0.0,87.0,666733420.0,60.0,35734.0,100.0,0.0,100.0,4.0,100.0,0.0,100.0,0.0,100.0,0.0,100.0,0.0,100.0,0.0,77.0,23.0,100.0,0.0,100.0,0.0,80.0,40541.0,23.0,23.0,100.0,0.0,100.0,0.0,200.0,0.0,100.0,35581.0,100.0,56444498352.0,100.0,138596062701.0
2019-06-14,S300Z61L,ST4000DM000,4000787030016,0,119.0,207727472.0,96.0,0.0,100.0,4.0,100.0,0.0,87.0,668708094.0,60.0,35758.0,100.0,0.0,100.0,4.0,100.0,0.0,100.0,0.0,100.0,0.0,100.0,0.0,100.0,0.0,77.0,23.0,100.0,0.0,100.0,0.0,80.0,40541.0,23.0,23.0,100.0,0.0,100.0,0.0,200.0,0.0,100.0,35605.0,100.0,56459705664.0,100.0,138719743673.0
2019-06-15,S300Z61L,ST4000DM000,4000787030016,0,117.0,154576568.0,96.0,0.0,100.0,4.0,100.0,0.0,87.0,669367162.0,60.0,35782.0,100.0,0.0,100.0,4.0,100.0,0.0,100.0,0.0,100.0,0.0,100.0,0.0,100.0,0.0,77.0,23.0,100.0,0.0,100.0,0.0,80.0,40541.0,23.0,23.0,100.0,0.0,100.0,0.0,200.0,0.0,100.0,35629.0,100.0,56471689904.0,100.0,138825673751.0
2019-06-16,S300Z61L,ST4000DM000,4000787030016,0,117.0,144821416.0,96.0,0.0,100.0,4.0,100.0,0.0,88.0,671407630.0,60.0,35806.0,100.0,0.0,100.0,4.0,100.0,0.0,100.0,0.0,100.0,0.0,100.0,0.0,100.0,0.0,77.0,23.0,100.0,0.0,100.0,0.0,80.0,40541.0,23.0,23.0,100.0,0.0,100.0,0.0,200.0,0.0,100.0,35653.0,100.0,56492829472.0,100.0,138927249774.0
2019-06-17,S300Z61L,ST4000DM000,4000787030016,0,118.0,192365768.0,96.0,0.0,100.0,4.0,100.0,0.0,88.0,672485089.0,60.0,35830.0,100.0,0.0,100.0,4.0,100.0,0.0,100.0,0.0,100.0,0.0,100.0,0.0,100.0,0.0,77.0,23.0,100.0,0.0,100.0,0.0,80.0,40541.0,23.0,23.0,100.0,0.0,100.0,0.0,200.0,0.0,100.0,35677.0,100.0,56512151000.0,100.0,139059417935.0
2019-06-18,S300Z61L,ST4000DM000,4000787030016,0,112.0,49229904.0,96.0,0.0,100.0,4.0,100.0,0.0,88.0,673406393.0,60.0,35854.0,100.0,0.0,100.0,4.0,100.0,0.0,100.0,0.0,100.0,0.0,100.0,0.0,100.0,0.0,77.0,23.0,100.0,0.0,100.0,0.0,80.0,40541.0,23.0,23.0,100.0,0.0,100.0,0.0,200.0,0.0,100.0,35701.0,100.0,56525298216.0,100.0,139191742862.0
2019-06-19,S300Z61L,ST4000DM000,4000787030016,0,118.0,188379712.0,96.0,0.0,100.0,4.0,100.0,0.0,88.0,674165801.0,60.0,35878.0,100.0,0.0,100.0,4.0,100.0,0.0,100.0,0.0,100.0,0.0,100.0,0.0,100.0,0.0,77.0,23.0,100.0,0.0,100.0,0.0,80.0,40541.0,23.0,23.0,100.0,0.0,100.0,0.0,200.0,0.0,100.0,35725.0,100.0,56543816840.0,100.0,139286449909.0
2019-06-20,S300Z61L,ST4000DM000,4000787030016,0,118.0,179852336.0,96.0,0.0,100.0,4.0,100.0,0.0,88.0,675835106.0,60.0,35902.0,100.0,0.0,100.0,4.0,100.0,0.0,100.0,0.0,100.0,0.0,100.0,0.0,100.0,0.0,77.0,23.0,100.0,0.0,100.0,0.0,80.0,40542.0,23.0,23.0,100.0,0.0,100.0,0.0,200.0,0.0,100.0,35749.0,100.0,56563325512.0,100.0,139394361708.0
2019-06-21,S300Z61L,ST4000DM000,4000787030016,0,117.0,126889624.0,96.0,0.0,100.0,4.0,100.0,0.0,88.0,676939496.0,59.0,35926.0,100.0,0.0,100.0,4.0,100.0,0.0,100.0,0.0,100.0,0.0,100.0,0.0,100.0,0.0,77.0,23.0,100.0,0.0,100.0,0.0,80.0,40542.0,23.0,23.0,100.0,0.0,100.0,0.0,200.0,0.0,100.0,35773.0,100.0,56580756808.0,100.0,139495892799.0
2019-06-22,S300Z61L,ST4000DM000,4000787030016,0,110.0,25657512.0,96.0,0.0,100.0,4.0,100.0,0.0,88.0,677684654.0,59.0,35950.0,100.0,0.0,100.0,4.0,100.0,0.0,100.0,0.0,100.0,0.0,100.0,0.0,100.0,0.0,77.0,23.0,100.0,0.0,100.0,0.0,80.0,40542.0,23.0,23.0,100.0,0.0,100.0,0.0,200.0,0.0,100.0,35797.0,100.0,56605500560.0,100.0,139580991066.0
2019-06-23,S300Z61L,ST4000DM000,4000787030016,0,113.0,53028680.0,96.0,0.0,100.0,4.0,100.0,0.0,88.0,679576910.0,59.0,35974.0,100.0,0.0,100.0,4.0,100.0,0.0,100.0,0.0,100.0,0.0,100.0,0.0,100.0,0.0,77.0,23.0,100.0,0.0,100.0,0.0,80.0,40544.0,23.0,23.0,100.0,0.0,100.0,0.0,200.0,0.0,100.0,35821.0,100.0,56623779176.0,100.0,139668882924.0
2019-06-24,S300Z61L,ST4000DM000,4000787030016,0,114.0,74606632.0,96.0,0.0,100.0,4.0,100.0,0.0,88.0,680484163.0,59.0,35998.0,100.0,0.0,100.0,4.0,100.0,0.0,100.0,0.0,100.0,0.0,100.0,0.0,100.0,0.0,77.0,23.0,100.0,0.0,100.0,0.0,80.0,40544.0,23.0,23.0,100.0,0.0,100.0,0.0,200.0,0.0,100.0,35845.0,100.0,56642511016.0,100.0,139791060316.0
2019-06-25,S300Z61L,ST4000DM000,4000787030016,0,106.0,11900360.0,96.0,0.0,100.0,4.0,100.0,0.0,88.0,683004830.0,59.0,36022.0,100.0,0.0,100.0,4.0,100.0,0.0,100.0,0.0,100.0,0.0,100.0,0.0,100.0,0.0,77.0,23.0,100.0,0.0,100.0,0.0,80.0,40544.0,23.0,23.0,100.0,0.0,100.0,0.0,200.0,0.0,100.0,35869.0,100.0,56660425928.0,100.0,139935381667.0
2019-06-26,S300Z61L,ST4000DM000,4000787030016,0,118.0,184911480.0,96.0,0.0,100.0,4.0,100.0,0.0,88.0,684292929.0,59.0,36046.0,100.0,0.0,100.0,4.0,100.0,0.0,100.0,0.0,100.0,0.0,100.0,0.0,100.0,0.0,77.0,23.0,100.0,0.0,100.0,0.0,80.0,40544.0,23.0,23.0,100.0,0.0,100.0,0.0,200.0,0.0,100.0,35893.0,100.0,56673388248.0,100.0,140079690170.0
2019-06-27,S300Z61L,ST4000DM000,4000787030016,0,118.0,169723824.0,96.0,0.0,100.0,4.0,100.0,0.0,88.0,686606910.0,59.0,36070.0,100.0,0.0,100.0,4.0,100.0,0.0,100.0,0.0,100.0,0.0,100.0,0.0,100.0,0.0,77.0,23.0,100.0,0.0,100.0,0.0,80.0,40545.0,23.0,23.0,100.0,0.0,100.0,0.0,200.0,0.0,100.0,35916.0,100.0,56692021200.0,100.0,140301979867.0
2019-06-28,S300Z61L,ST4000DM000,4000787030016,0,114.0,73874448.0,96.0,0.0,100.0,4.0,100.0,0.0,88.0,688384456.0,59.0,36094.0,100.0,0.0,100.0,4.0,100.0,0.0,100.0,0.0,100.0,0.0,100.0,0.0,100.0,0.0,77.0,23.0,100.0,0.0,100.0,0.0,80.0,40545.0,23.0,23.0,100.0,0.0,100.0,0.0,200.0,0.0,100.0,35940.0,100.0,56704313904.0,100.0,140513959576.0
2019-06-29,S300Z61L,ST4000DM000,4000787030016,0,117.0,127174152.0,96.0,0.0,100.0,4.0,100.0,0.0,88.0,689871754.0,59.0,36118.0,100.0,0.0,100.0,4.0,100.0,0.0,100.0,0.0,100.0,0.0,100.0,0.0,100.0,0.0,77.0,23.0,100.0,0.0,100.0,0.0,80.0,40545.0,23.0,23.0,100.0,0.0,100.0,0.0,200.0,0.0,100.0,35964.0,100.0,56719710352.0,100.0,140743336923.0
2019-06-30,S300Z61L,ST4000DM000,4000787030016,0,112.0,42501040.0,96.0,0.0,100.0,4.0,100.0,0.0,88.0,691791538.0,59.0,36141.0,100.0,0.0,100.0,4.0,100.0,0.0,100.0,0.0,100.0,0.0,100.0,0.0,100.0,0.0,77.0,23.0,100.0,0.0,100.0,0.0,80.0,40547.0,23.0,23.0,100.0,0.0,100.0,0.0,200.0,0.0,100.0,35988.0,100.0,56740701448.0,100.0,140857236432.0
2019-07-01,S300Z61L,ST4000DM000,4000787030016,0,116.0,110504328.0,96.0,0.0,100.0,4.0,100.0,0.0,88.0,693195707.0,59.0,36165.0,100.0,0.0,100.0,4.0,100.0,0.0,100.0,0.0,100.0,0.0,100.0,0.0,100.0,0.0,77.0,23.0,100.0,0.0,100.0,0.0,80.0,40547.0,23.0,23.0,100.0,0.0,100.0,0.0,200.0,0.0,100.0,36012.0,100.0,56756639808.0,100.0,141090919832.0
2019-07-02,S300Z61L,ST4000DM000,4000787030016,0,117.0,135245440.0,96.0,0.0,100.0,4.0,100.0,0.0,88.0,694153769.0,59.0,36189.0,100.0,0.0,100.0,4.0,100.0,0.0,100.0,0.0,100.0,0.0,100.0,0.0,100.0,0.0,77.0,23.0,100.0,0.0,100.0,0.0,80.0,40548.0,23.0,23.0,100.0,0.0,100.0,0.0,200.0,0.0,100.0,36035.0,100.0,56769880648.0,100.0,141395170793.0
2019-07-03,S300Z61L,ST4000DM000,4000787030016,0,112.0,44404752.0,96.0,0.0,100.0,4.0,100.0,0.0,88.0,695200751.0,59.0,36213.0,100.0,0.0,100.0,4.0,100.0,0.0,100.0,0.0,100.0,0.0,100.0,0.0,100.0,0.0,76.0,24.0,100.0,0.0,100.0,0.0,80.0,40548.0,24.0,24.0,100.0,0.0,100.0,0.0,200.0,0.0,100.0,36059.0,100.0,56785551304.0,100.0,141719348690.0
2019-07-04,S300Z61L,ST4000DM000,4000787030016,0,120.0,240729856.0,96.0,0.0,100.0,4.0,100.0,0.0,88.0,697276589.0,59.0,36236.0,100.0,0.0,100.0,4.0,100.0,0.0,100.0,0.0,100.0,0.0,100.0,0.0,100.0,0.0,77.0,23.0,100.0,0.0,100.0,0.0,80.0,40548.0,23.0,23.0,100.0,0.0,100.0,0.0,200.0,0.0,100.0,36083.0,100.0,56812039208.0,100.0,142058584956.0
2019-07-05,S300Z61L,ST4000DM000,4000787030016,0,117.0,164929824.0,96.0,0.0,100.0,4.0,100.0,0.0,88.0,700139155.0,59.0,36260.0,100.0,0.0,100.0,4.0,100.0,0.0,100.0,0.0,100.0,0.0,100.0,0.0,100.0,0.0,76.0,24.0,100.0,0.0,100.0,0.0,80.0,40548.0,24.0,24.0,100.0,0.0,100.0,0.0,200.0,0.0,100.0,36106.0,100.0,56837770392.0,100.0,142349816972.0
2019-07-06,S300Z61L,ST4000DM000,4000787030016,0,118.0,175050080.0,96.0,0.0,100.0,4.0,100.0,0.0,88.0,702263339.0,59.0,36284.0,100.0,0.0,100.0,4.0,100.0,0.0,100.0,0.0,100.0,0.0,100.0,0.0,100.0,0.0,76.0,24.0,100.0,0.0,100.0,0.0,80.0,40548.0,24.0,24.0,100.0,0.0,100.0,0.0,200.0,0.0,100.0,36130.0,100.0,56855055264.0,100.0,142646826473.0
2019-07-07,S300Z61L,ST4000DM000,4000787030016,0,106.0,11475576.0,96.0,0.0,100.0,4.0,100.0,0.0,88.0,704634684.0,59.0,36307.0,100.0,0.0,100.0,4.0,100.0,0.0,100.0,0.0,100.0,0.0,100.0,0.0,100.0,0.0,77.0,23.0,100.0,0.0,100.0,0.0,80.0,40548.0,23.0,23.0,100.0,0.0,100.0,0.0,200.0,0.0,100.0,36154.0,100.0,56868830920.0,100.0,142723238436.0
2019-07-08,S300Z61L,ST4000DM000,4000787030016,0,112.0,42413016.0,96.0,0.0,100.0,4.0,100.0,0.0,88.0,706582393.0,59.0,36331.0,100.0,0.0,100.0,4.0,100.0,0.0,100.0,0.0,100.0,0.0,100.0,0.0,100.0,0.0,77.0,23.0,100.0,0.0,100.0,0.0,80.0,40548.0,23.0,23.0,100.0,0.0,100.0,0.0,200.0,0.0,100.0,36178.0,100.0,56882977800.0,100.0,142995852705.0
2019-07-09,S300Z61L,ST4000DM000,4000787030016,0,117.0,129779120.0,96.0,0.0,100.0,4.0,100.0,0.0,88.0,708246954.0,59.0,36355.0,100.0,0.0,100.0,4.0,100.0,0.0,100.0,0.0,100.0,0.0,100.0,0.0,100.0,0.0,77.0,23.0,100.0,0.0,100.0,0.0,80.0,40548.0,23.0,23.0,100.0,0.0,100.0,0.0,200.0,0.0,100.0,36202.0,100.0,56903794728.0,100.0,143224358708.0
2019-07-10,S300Z61L,ST4000DM000,4000787030016,0,116.0,102850288.0,96.0,0.0,100.0,4.0,100.0,0.0,88.0,710588414.0,59.0,36379.0,100.0,0.0,100.0,4.0,100.0,0.0,100.0,0.0,100.0,0.0,100.0,0.0,100.0,0.0,77.0,23.0,100.0,0.0,100.0,0.0,80.0,40548.0,23.0,23.0,100.0,0.0,100.0,0.0,200.0,0.0,100.0,36225.0,100.0,56945323568.0,100.0,143511881861.0
2019-07-11,S300Z61L,ST4000DM000,4000787030016,0,110.0,27963296.0,96.0,0.0,100.0,4.0,100.0,0.0,88.0,714099117.0,59.0,36415.0,100.0,0.0,100.0,4.0,100.0,0.0,100.0,0.0,100.0,0.0,100.0,0.0,100.0,0.0,77.0,23.0,100.0,0.0,100.0,0.0,80.0,40548.0,23.0,23.0,100.0,0.0,100.0,0.0,200.0,0.0,100.0,36261.0,100.0,56976842168.0,100.0,143861358012.0
2019-07-12,S300Z61L,ST4000DM000,4000787030016,0,118.0,173754096.0,96.0,0.0,100.0,4.0,100.0,0.0,88.0,715662760.0,59.0,36438.0,100.0,0.0,100.0,4.0,100.0,0.0,100.0,0.0,100.0,0.0,100.0,0.0,100.0,0.0,77.0,23.0,100.0,0.0,100.0,0.0,80.0,40548.0,23.0,23.0,100.0,0.0,100.0,0.0,200.0,0.0,100.0,36285.0,100.0,56993808064.0,100.0,144076848732.0
2019-07-13,S300Z61L,ST4000DM000,4000787030016,0,118.0,187945152.0,96.0,0.0,100.0,4.0,100.0,0.0,88.0,717999184.0,59.0,36462.0,100.0,0.0,100.0,4.0,100.0,0.0,100.0,0.0,100.0,0.0,100.0,0.0,100.0,0.0,77.0,23.0,100.0,0.0,100.0,0.0,80.0,40548.0,23.0,23.0,100.0,0.0,100.0,0.0,200.0,0.0,100.0,36309.0,100.0,57011721744.0,100.0,144236981105.0
2019-07-14,S300Z61L,ST4000DM000,4000787030016,0,117.0,167638520.0,96.0,0.0,100.0,4.0,100.0,0.0,88.0,720291878.0,59.0,36486.0,100.0,0.0,100.0,4.0,100.0,0.0,100.0,0.0,100.0,0.0,100.0,0.0,100.0,0.0,77.0,23.0,100.0,0.0,100.0,0.0,80.0,40548.0,23.0,23.0,100.0,0.0,100.0,0.0,200.0,0.0,100.0,36332.0,100.0,57031120960.0,100.0,144372310178.0
2019-07-15,S300Z61L,ST4000DM000,4000787030016,0,118.0,194375920.0,96.0,0.0,100.0,4.0,100.0,0.0,88.0,721817591.0,59.0,36510.0,100.0,0.0,100.0,4.0,100.0,0.0,100.0,0.0,100.0,0.0,100.0,0.0,100.0,0.0,77.0,23.0,100.0,0.0,100.0,0.0,80.0,40548.0,23.0,23.0,100.0,0.0,100.0,0.0,200.0,0.0,100.0,36356.0,100.0,57051589248.0,100.0,144553645486.0
2019-07-16,S300Z61L,ST4000DM000,4000787030016,0,117.0,144929408.0,96.0,0.0,100.0,4.0,100.0,0.0,88.0,723700518.0,59.0,36534.0,100.0,0.0,100.0,4.0,100.0,0.0,100.0,0.0,100.0,0.0,100.0,0.0,100.0,0.0,77.0,23.0,100.0,0.0,100.0,0.0,80.0,40548.0,23.0,23.0,100.0,0.0,100.0,0.0,200.0,0.0,100.0,36380.0,100.0,57066267184.0,100.0,144771312923.0
2019-07-17,S300Z61L,ST4000DM000,4000787030016,0,117.0,157039504.0,96.0,0.0,100.0,4.0,100.0,0.0,88.0,725511961.0,59.0,36558.0,100.0,0.0,100.0,4.0,100.0,0.0,100.0,0.0,100.0,0.0,100.0,0.0,100.0,0.0,77.0,23.0,100.0,0.0,100.0,0.0,80.0,40548.0,23.0,23.0,100.0,0.0,100.0,0.0,200.0,0.0,100.0,36404.0,100.0,57081671616.0,100.0,145000350353.0
2019-07-18,S300Z61L,ST4000DM000,4000787030016,0,113.0,58187968.0,96.0,0.0,100.0,4.0,100.0,0.0,88.0,728360233.0,59.0,36582.0,100.0,0.0,100.0,4.0,100.0,0.0,100.0,0.0,100.0,0.0,100.0,0.0,100.0,0.0,77.0,23.0,100.0,0.0,100.0,0.0,80.0,40549.0,23.0,23.0,100.0,0.0,100.0,0.0,200.0,0.0,100.0,36428.0,100.0,57099419984.0,100.0,145209330680.0
2019-07-19,S300Z61L,ST4000DM000,4000787030016,0,118.0,176335584.0,96.0,0.0,100.0,4.0,100.0,0.0,88.0,729844274.0,59.0,36606.0,100.0,0.0,100.0,4.0,100.0,0.0,100.0,0.0,100.0,0.0,100.0,0.0,100.0,0.0,77.0,23.0,100.0,0.0,100.0,0.0,80.0,40549.0,23.0,23.0,100.0,0.0,100.0,0.0,200.0,0.0,100.0,36452.0,100.0,57113905424.0,100.0,145372830372.0
2019-07-20,S300Z61L,ST4000DM000,4000787030016,0,117.0,126235136.0,96.0,0.0,100.0,4.0,100.0,0.0,88.0,731351377.0,59.0,36630.0,100.0,0.0,100.0,4.0,100.0,0.0,100.0,0.0,100.0,0.0,100.0,0.0,100.0,0.0,77.0,23.0,100.0,0.0,100.0,0.0,80.0,40549.0,23.0,23.0,100.0,0.0,100.0,0.0,200.0,0.0,100.0,36476.0,100.0,57129924928.0,100.0,145511395857.0
2019-07-21,S300Z61L,ST4000DM000,4000787030016,0,119.0,224712128.0,96.0,0.0,100.0,4.0,100.0,0.0,88.0,733819815.0,59.0,36654.0,100.0,0.0,100.0,4.0,100.0,0.0,100.0,0.0,100.0,0.0,100.0,0.0,100.0,0.0,77.0,23.0,100.0,0.0,100.0,0.0,80.0,40549.0,23.0,23.0,100.0,0.0,100.0,0.0,200.0,0.0,100.0,36500.0,100.0,57148511992.0,100.0,145681532258.0
2019-07-22,S300Z61L,ST4000DM000,4000787030016,0,111.0,35239720.0,96.0,0.0,100.0,4.0,100.0,0.0,88.0,735568660.0,59.0,36678.0,100.0,0.0,100.0,4.0,100.0,0.0,100.0,0.0,100.0,0.0,100.0,0.0,100.0,0.0,76.0,24.0,100.0,0.0,100.0,0.0,80.0,40549.0,24.0,24.0,100.0,0.0,100.0,0.0,200.0,0.0,100.0,36524.0,100.0,57162869600.0,100.0,145894804463.0
2019-07-23,S300Z61L,ST4000DM000,4000787030016,0,107.0,13836392.0,96.0,0.0,100.0,4.0,100.0,0.0,88.0,738298184.0,59.0,36702.0,100.0,0.0,100.0,4.0,100.0,0.0,100.0,0.0,100.0,0.0,100.0,0.0,100.0,0.0,76.0,24.0,100.0,0.0,100.0,0.0,80.0,40549.0,24.0,24.0,100.0,0.0,100.0,0.0,200.0,0.0,100.0,36548.0,100.0,57179666952.0,100.0,146138041230.0
2019-07-24,S300Z61L,ST4000DM000,4000787030016,0,109.0,24699152.0,96.0,0.0,100.0,4.0,100.0,0.0,88.0,739325060.0,59.0,36726.0,100.0,0.0,100.0,4.0,100.0,0.0,100.0,0.0,100.0,0.0,100.0,0.0,100.0,0.0,77.0,23.0,100.0,0.0,100.0,0.0,80.0,40549.0,23.0,23.0,100.0,0.0,100.0,0.0,200.0,0.0,100.0,36572.0,100.0,57191997880.0,100.0,146298538279.0
2019-07-25,S300Z61L,ST4000DM000,4000787030016,0,119.0,203320600.0,96.0,0.0,100.0,4.0,100.0,0.0,88.0,741817806.0,59.0,36750.0,100.0,0.0,100.0,4.0,100.0,0.0,100.0,0.0,100.0,0.0,100.0,0.0,100.0,0.0,77.0,23.0,100.0,0.0,100.0,0.0,80.0,40549.0,23.0,23.0,100.0,0.0,100.0,0.0,200.0,0.0,100.0,36596.0,100.0,57212775600.0,100.0,146505456201.0
2019-07-26,S300Z61L,ST4000DM000,4000787030016,0,117.0,146442136.0,96.0,0.0,100.0,4.0,100.0,0.0,88.0,742615323.0,59.0,36762.0,100.0,0.0,100.0,4.0,100.0,0.0,100.0,0.0,100.0,0.0,100.0,0.0,100.0,0.0,77.0,23.0,100.0,0.0,100.0,0.0,80.0,40549.0,23.0,23.0,100.0,0.0,100.0,0.0,200.0,0.0,100.0,36608.0,100.0,57218301264.0,100.0,146616534641.0
2019-07-27,S300Z61L,ST4000DM000,4000787030016,0,111.0,41164384.0,96.0,0.0,100.0,4.0,100.0,0.0,88.0,744366681.0,59.0,36786.0,100.0,0.0,100.0,4.0,100.0,0.0,100.0,0.0,100.0,0.0,100.0,0.0,100.0,0.0,77.0,23.0,100.0,0.0,100.0,0.0,80.0,40551.0,23.0,23.0,100.0,0.0,100.0,0.0,200.0,0.0,100.0,36632.0,100.0,57237067912.0,100.0,146868201494.0
2019-07-28,S300Z61L,ST4000DM000,4000787030016,0,118.0,171696088.0,96.0,0.0,100.0,4.0,100.0,0.0,88.0,746438894.0,58.0,36810.0,100.0,0.0,100.0,4.0,100.0,0.0,100.0,0.0,100.0,0.0,100.0,0.0,100.0,0.0,77.0,23.0,100.0,0.0,100.0,0.0,80.0,40551.0,23.0,23.0,100.0,0.0,100.0,0.0,200.0,0.0,100.0,36656.0,100.0,57258716496.0,100.0,146979046957.0
2019-07-29,S300Z61L,ST4000DM000,4000787030016,0,105.0,8145448.0,96.0,0.0,100.0,4.0,100.0,0.0,88.0,748008052.0,58.0,36834.0,100.0,0.0,100.0,4.0,100.0,0.0,100.0,0.0,100.0,0.0,100.0,0.0,100.0,0.0,77.0,23.0,100.0,0.0,100.0,0.0,80.0,40551.0,23.0,23.0,100.0,0.0,100.0,0.0,200.0,0.0,100.0,36680.0,100.0,57278422120.0,100.0,147199124523.0
2019-07-30,S300Z61L,ST4000DM000,4000787030016,0,112.0,46553944.0,96.0,0.0,100.0,4.0,100.0,0.0,88.0,751060725.0,58.0,36858.0,100.0,0.0,100.0,4.0,100.0,0.0,100.0,0.0,100.0,0.0,100.0,0.0,100.0,0.0,77.0,23.0,100.0,0.0,100.0,0.0,80.0,40551.0,23.0,23.0,100.0,0.0,100.0,0.0,200.0,0.0,100.0,36704.0,100.0,57300036656.0,100.0,147432452793.0
2019-07-31,S300Z61L,ST4000DM000,4000787030016,0,115.0,96332336.0,96.0,0.0,100.0,4.0,100.0,0.0,88.0,752284647.0,58.0,36882.0,100.0,0.0,100.0,4.0,100.0,0.0,100.0,0.0,100.0,0.0,100.0,0.0,100.0,0.0,77.0,23.0,100.0,0.0,100.0,0.0,80.0,40551.0,23.0,23.0,100.0,0.0,100.0,0.0,200.0,0.0,100.0,36728.0,100.0,57317190440.0,100.0,147653440728.0
2019-08-01,S300Z61L,ST4000DM000,4000787030016,0,117.0,154004312.0,96.0,0.0,100.0,4.0,100.0,0.0,88.0,753908931.0,58.0,36906.0,100.0,0.0,100.0,4.0,100.0,0.0,100.0,0.0,100.0,0.0,100.0,0.0,100.0,0.0,77.0,23.0,100.0,0.0,100.0,0.0,80.0,40552.0,23.0,23.0,100.0,0.0,100.0,0.0,200.0,0.0,100.0,36752.0,100.0,57333678488.0,100.0,147917241387.0
2019-08-02,S300Z61L,ST4000DM000,4000787030016,0,109.0,22910216.0,96.0,0.0,100.0,4.0,100.0,0.0,88.0,756209713.0,58.0,36929.0,100.0,0.0,100.0,4.0,100.0,0.0,100.0,0.0,100.0,0.0,100.0,0.0,100.0,0.0,77.0,23.0,100.0,0.0,100.0,0.0,80.0,40552.0,23.0,23.0,100.0,0.0,100.0,0.0,200.0,0.0,100.0,36776.0,100.0,57358146672.0,100.0,148252068995.0
2019-08-03,S300Z61L,ST4000DM000,4000787030016,0,117.0,151255776.0,96.0,0.0,100.0,4.0,100.0,0.0,88.0,757202714.0,58.0,36953.0,100.0,0.0,100.0,4.0,100.0,0.0,100.0,0.0,100.0,0.0,100.0,0.0,100.0,0.0,77.0,23.0,100.0,0.0,100.0,0.0,80.0,40552.0,23.0,23.0,100.0,0.0,100.0,0.0,200.0,0.0,100.0,36799.0,100.0,57374084776.0,100.0,148568540425.0
2019-08-04,S300Z61L,ST4000DM000,4000787030016,0,111.0,38671744.0,96.0,0.0,100.0,4.0,100.0,0.0,88.0,759168241.0,58.0,36977.0,100.0,0.0,100.0,4.0,100.0,0.0,100.0,0.0,100.0,0.0,100.0,0.0,100.0,0.0,77.0,23.0,100.0,0.0,100.0,0.0,80.0,40552.0,23.0,23.0,100.0,0.0,100.0,0.0,200.0,0.0,100.0,36823.0,100.0,57395111152.0,100.0,148716081181.0
2019-08-05,S300Z61L,ST4000DM000,4000787030016,0,117.0,120107880.0,96.0,0.0,100.0,4.0,100.0,0.0,88.0,760982566.0,58.0,37001.0,100.0,0.0,100.0,4.0,100.0,0.0,100.0,0.0,100.0,0.0,100.0,0.0,100.0,0.0,77.0,23.0,100.0,0.0,100.0,0.0,80.0,40552.0,23.0,23.0,100.0,0.0,100.0,0.0,200.0,0.0,100.0,36847.0,100.0,57418513888.0,100.0,148991404417.0
2019-08-06,S300Z61L,ST4000DM000,4000787030016,0,117.0,141414072.0,96.0,0.0,100.0,4.0,100.0,0.0,88.0,764455185.0,58.0,37036.0,100.0,0.0,100.0,4.0,100.0,0.0,100.0,0.0,100.0,0.0,100.0,0.0,100.0,0.0,77.0,23.0,100.0,0.0,100.0,0.0,80.0,40552.0,23.0,23.0,100.0,0.0,100.0,0.0,200.0,0.0,100.0,36882.0,100.0,57448806312.0,100.0,149429691927.0
2019-08-07,S300Z61L,ST4000DM000,4000787030016,0,114.0,62460832.0,96.0,0.0,100.0,4.0,100.0,0.0,88.0,766336190.0,58.0,37060.0,100.0,0.0,100.0,4.0,100.0,0.0,100.0,0.0,100.0,0.0,100.0,0.0,100.0,0.0,77.0,23.0,100.0,0.0,100.0,0.0,80.0,40552.0,23.0,23.0,100.0,0.0,100.0,0.0,200.0,0.0,100.0,36906.0,100.0,57465763864.0,100.0,149703604852.0
2019-08-08,S300Z61L,ST4000DM000,4000787030016,0,117.0,148211296.0,96.0,0.0,100.0,4.0,100.0,0.0,88.0,768796177.0,58.0,37084.0,100.0,0.0,100.0,4.0,100.0,0.0,100.0,0.0,100.0,0.0,100.0,0.0,100.0,0.0,77.0,23.0,100.0,0.0,100.0,0.0,80.0,40552.0,23.0,23.0,100.0,0.0,100.0,0.0,200.0,0.0,100.0,36930.0,100.0,57489380128.0,100.0,149956204827.0
2019-08-09,S300Z61L,ST4000DM000,4000787030016,0,117.0,122562752.0,96.0,0.0,100.0,4.0,100.0,0.0,88.0,771341836.0,58.0,37108.0,100.0,0.0,100.0,4.0,100.0,0.0,100.0,0.0,100.0,0.0,100.0,0.0,100.0,0.0,77.0,23.0,100.0,0.0,100.0,0.0,80.0,40552.0,23.0,23.0,100.0,0.0,100.0,0.0,200.0,0.0,100.0,36954.0,100.0,57512406008.0,100.0,150240931594.0
2019-08-10,S300Z61L,ST4000DM000,4000787030016,0,113.0,55781376.0,96.0,0.0,100.0,4.0,100.0,0.0,88.0,772909320.0,58.0,37131.0,100.0,0.0,100.0,4.0,100.0,0.0,100.0,0.0,100.0,0.0,100.0,0.0,100.0,0.0,77.0,23.0,100.0,0.0,100.0,0.0,80.0,40552.0,23.0,23.0,100.0,0.0,100.0,0.0,200.0,0.0,100.0,36977.0,100.0,57533361072.0,100.0,150439696372.0
2019-08-11,S300Z61L,ST4000DM000,4000787030016,0,117.0,122394256.0,96.0,0.0,100.0,4.0,100.0,0.0,88.0,774941415.0,58.0,37155.0,100.0,0.0,100.0,4.0,100.0,0.0,100.0,0.0,100.0,0.0,100.0,0.0,100.0,0.0,77.0,23.0,100.0,0.0,100.0,0.0,80.0,40552.0,23.0,23.0,100.0,0.0,100.0,0.0,200.0,0.0,100.0,37001.0,100.0,57565650408.0,100.0,150551170574.0
2019-08-12,S300Z61L,ST4000DM000,4000787030016,0,117.0,167519088.0,96.0,0.0,100.0,4.0,100.0,0.0,88.0,776366367.0,58.0,37179.0,100.0,0.0,100.0,4.0,100.0,0.0,100.0,0.0,100.0,0.0,100.0,0.0,100.0,0.0,77.0,23.0,100.0,0.0,100.0,0.0,80.0,40552.0,23.0,23.0,100.0,0.0,100.0,0.0,200.0,0.0,100.0,37025.0,100.0,57581300704.0,100.0,150749611614.0
2019-08-13,S300Z61L,ST4000DM000,4000787030016,0,117.0,136088920.0,96.0,0.0,100.0,4.0,100.0,0.0,88.0,778018268.0,58.0,37202.0,100.0,0.0,100.0,4.0,100.0,0.0,100.0,0.0,100.0,0.0,100.0,0.0,100.0,0.0,77.0,23.0,100.0,0.0,100.0,0.0,80.0,40552.0,23.0,23.0,100.0,0.0,100.0,0.0,200.0,0.0,100.0,37048.0,100.0,57600256656.0,100.0,150954764798.0
2019-08-14,S300Z61L,ST4000DM000,4000787030016,0,117.0,143048008.0,96.0,0.0,100.0,4.0,100.0,0.0,88.0,779580214.0,58.0,37226.0,100.0,0.0,100.0,4.0,100.0,0.0,100.0,0.0,100.0,0.0,100.0,0.0,100.0,0.0,76.0,24.0,100.0,0.0,100.0,0.0,80.0,40552.0,24.0,24.0,100.0,0.0,100.0,0.0,200.0,0.0,100.0,37072.0,100.0,57619819472.0,100.0,151141496706.0
2019-08-15,S300Z61L,ST4000DM000,4000787030016,0,118.0,196890128.0,96.0,0.0,100.0,4.0,100.0,0.0,88.0,782166126.0,58.0,37250.0,100.0,0.0,100.0,4.0,100.0,0.0,100.0,0.0,100.0,0.0,100.0,0.0,100.0,0.0,76.0,24.0,100.0,0.0,100.0,0.0,80.0,40554.0,24.0,24.0,100.0,0.0,100.0,0.0,200.0,0.0,100.0,37096.0,100.0,57644130368.0,100.0,151404436749.0
2019-08-16,S300Z61L,ST4000DM000,4000787030016,0,102.0,4068824.0,96.0,0.0,100.0,4.0,100.0,0.0,88.0,784416810.0,58.0,37273.0,100.0,0.0,100.0,4.0,100.0,0.0,100.0,0.0,100.0,0.0,100.0,0.0,100.0,0.0,77.0,23.0,100.0,0.0,100.0,0.0,80.0,40554.0,23.0,23.0,100.0,0.0,100.0,0.0,200.0,0.0,100.0,37120.0,100.0,57658854072.0,100.0,151623604975.0
2019-08-17,S300Z61L,ST4000DM000,4000787030016,0,118.0,198427656.0,96.0,0.0,100.0,4.0,100.0,0.0,88.0,785941087.0,58.0,37297.0,100.0,0.0,100.0,4.0,100.0,0.0,100.0,0.0,100.0,0.0,100.0,0.0,100.0,0.0,77.0,23.0,100.0,0.0,100.0,0.0,80.0,40554.0,23.0,23.0,100.0,0.0,100.0,0.0,200.0,0.0,100.0,37143.0,100.0,57674602856.0,100.0,151794976080.0
2019-08-18,S300Z61L,ST4000DM000,4000787030016,0,119.0,228572760.0,96.0,0.0,100.0,4.0,100.0,0.0,88.0,788152478.0,58.0,37321.0,100.0,0.0,100.0,4.0,100.0,0.0,100.0,0.0,100.0,0.0,100.0,0.0,100.0,0.0,77.0,23.0,100.0,0.0,100.0,0.0,80.0,40554.0,23.0,23.0,100.0,0.0,100.0,0.0,200.0,0.0,100.0,37167.0,100.0,57696303336.0,100.0,151909112164.0
2019-08-19,S300Z61L,ST4000DM000,4000787030016,0,120.0,242018608.0,96.0,0.0,100.0,4.0,100.0,0.0,88.0,789492048.0,58.0,37345.0,100.0,0.0,100.0,4.0,100.0,0.0,100.0,0.0,100.0,0.0,100.0,0.0,100.0,0.0,77.0,23.0,100.0,0.0,100.0,0.0,80.0,40554.0,23.0,23.0,100.0,0.0,100.0,0.0,200.0,0.0,100.0,37191.0,100.0,57718108272.0,100.0,152053907286.0
2019-08-20,S300Z61L,ST4000DM000,4000787030016,0,111.0,34368712.0,96.0,0.0,100.0,4.0,100.0,0.0,88.0,791829163.0,58.0,37369.0,100.0,0.0,100.0,4.0,100.0,0.0,100.0,0.0,100.0,0.0,100.0,0.0,100.0,0.0,76.0,24.0,100.0,0.0,100.0,0.0,80.0,40554.0,24.0,24.0,100.0,0.0,100.0,0.0,200.0,0.0,100.0,37215.0,100.0,57738827816.0,100.0,152265712024.0
2019-08-21,S300Z61L,ST4000DM000,4000787030016,0,118.0,174262152.0,96.0,0.0,100.0,4.0,100.0,0.0,88.0,794959026.0,58.0,37393.0,100.0,0.0,100.0,4.0,100.0,0.0,100.0,0.0,100.0,0.0,100.0,0.0,100.0,0.0,77.0,23.0,100.0,0.0,100.0,0.0,80.0,40554.0,23.0,23.0,100.0,0.0,100.0,0.0,200.0,0.0,100.0,37239.0,100.0,57771571264.0,100.0,152457775241.0
2019-08-22,S300Z61L,ST4000DM000,4000787030016,0,118.0,181977976.0,96.0,0.0,100.0,4.0,100.0,0.0,88.0,797279944.0,58.0,37416.0,100.0,0.0,100.0,4.0,100.0,0.0,100.0,0.0,100.0,0.0,100.0,0.0,100.0,0.0,77.0,23.0,100.0,0.0,100.0,0.0,80.0,40554.0,23.0,23.0,100.0,0.0,100.0,0.0,200.0,0.0,100.0,37262.0,100.0,57792476592.0,100.0,152721606817.0
2019-08-23,S300Z61L,ST4000DM000,4000787030016,0,114.0,58828528.0,96.0,0.0,100.0,4.0,100.0,0.0,88.0,799281985.0,58.0,37440.0,100.0,0.0,100.0,4.0,100.0,0.0,100.0,0.0,100.0,0.0,100.0,0.0,100.0,0.0,77.0,23.0,100.0,0.0,100.0,0.0,80.0,40554.0,23.0,23.0,100.0,0.0,100.0,0.0,200.0,0.0,100.0,37286.0,100.0,57809692264.0,100.0,152954097377.0
2019-08-24,S300Z61L,ST4000DM000,4000787030016,0,118.0,199859712.0,96.0,0.0,100.0,4.0,100.0,0.0,88.0,800376307.0,58.0,37464.0,100.0,0.0,100.0,4.0,100.0,0.0,100.0,0.0,100.0,0.0,100.0,0.0,100.0,0.0,77.0,23.0,100.0,0.0,100.0,0.0,80.0,40554.0,23.0,23.0,100.0,0.0,100.0,0.0,200.0,0.0,100.0,37310.0,100.0,57846135184.0,100.0,153107189175.0
2019-08-25,S300Z61L,ST4000DM000,4000787030016,0,113.0,53095880.0,96.0,0.0,100.0,4.0,100.0,0.0,88.0,802414339.0,58.0,37488.0,100.0,0.0,100.0,4.0,100.0,0.0,100.0,0.0,100.0,0.0,100.0,0.0,100.0,0.0,77.0,23.0,100.0,0.0,100.0,0.0,80.0,40554.0,23.0,23.0,100.0,0.0,100.0,0.0,200.0,0.0,100.0,37334.0,100.0,57876344304.0,100.0,153196689445.0
2019-08-26,S300Z61L,ST4000DM000,4000787030016,0,108.0,15269176.0,96.0,0.0,100.0,4.0,100.0,0.0,89.0,805673566.0,58.0,37535.0,100.0,0.0,100.0,4.0,100.0,0.0,100.0,0.0,100.0,0.0,100.0,0.0,100.0,0.0,77.0,23.0,100.0,0.0,100.0,0.0,80.0,40554.0,23.0,23.0,100.0,0.0,100.0,0.0,200.0,0.0,100.0,37382.0,100.0,57917702488.0,100.0,153652440159.0
2019-08-27,S300Z61L,ST4000DM000,4000787030016,0,108.0,15269176.0,96.0,0.0,100.0,4.0,100.0,0.0,89.0,805673566.0,58.0,37535.0,100.0,0.0,100.0,4.0,100.0,0.0,100.0,0.0,100.0,0.0,100.0,0.0,100.0,0.0,77.0,23.0,100.0,0.0,100.0,0.0,80.0,40554.0,23.0,23.0,100.0,0.0,100.0,0.0,200.0,0.0,100.0,37382.0,100.0,57917702488.0,100.0,153652440159.0
2019-08-28,S300Z61L,ST4000DM000,4000787030016,0,114.0,70794128.0,96.0,0.0,100.0,4.0,100.0,0.0,89.0,807212221.0,58.0,37559.0,100.0,0.0,100.0,4.0,100.0,0.0,100.0,0.0,100.0,0.0,100.0,0.0,100.0,0.0,77.0,23.0,100.0,0.0,100.0,0.0,80.0,40554.0,23.0,23.0,100.0,0.0,100.0,0.0,200.0,0.0,100.0,37406.0,100.0,57935955544.0,100.0,153868915662.0
2019-08-29,S300Z61L,ST4000DM000,4000787030016,0,116.0,113304864.0,96.0,0.0,100.0,4.0,100.0,0.0,89.0,809081919.0,58.0,37583.0,100.0,0.0,100.0,4.0,100.0,0.0,100.0,0.0,100.0,0.0,100.0,0.0,100.0,0.0,77.0,23.0,100.0,0.0,100.0,0.0,80.0,40554.0,23.0,23.0,100.0,0.0,100.0,0.0,200.0,0.0,100.0,37429.0,100.0,57956148048.0,100.0,154083054208.0
2019-08-30,S300Z61L,ST4000DM000,4000787030016,0,114.0,60450080.0,96.0,0.0,100.0,4.0,100.0,0.0,89.0,811474052.0,58.0,37607.0,100.0,0.0,100.0,4.0,100.0,0.0,100.0,0.0,100.0,0.0,100.0,0.0,100.0,0.0,77.0,23.0,100.0,0.0,100.0,0.0,80.0,40554.0,23.0,23.0,100.0,0.0,100.0,0.0,200.0,0.0,100.0,37453.0,100.0,57991436816.0,100.0,154325687578.0
2019-08-31,S300Z61L,ST4000DM000,4000787030016,0,120.0,238257944.0,96.0,0.0,100.0,4.0,100.0,0.0,89.0,812622708.0,58.0,37631.0,100.0,0.0,100.0,4.0,100.0,0.0,100.0,0.0,100.0,0.0,100.0,0.0,100.0,0.0,77.0,23.0,100.0,0.0,100.0,0.0,80.0,40554.0,23.0,23.0,100.0,0.0,100.0,0.0,200.0,0.0,100.0,37477.0,100.0,58016131152.0,100.0,154631254020.0
2019-09-01,S300Z61L,ST4000DM000,4000787030016,0,116.0,108628744.0,96.0,0.0,100.0,4.0,100.0,0.0,89.0,814595874.0,58.0,37655.0,100.0,0.0,100.0,4.0,100.0,0.0,100.0,0.0,100.0,0.0,100.0,0.0,100.0,0.0,77.0,23.0,100.0,0.0,100.0,0.0,80.0,40554.0,23.0,23.0,100.0,0.0,100.0,0.0,200.0,0.0,100.0,37501.0,100.0,58043581832.0,100.0,154754015752.0
2019-09-02,S300Z61L,ST4000DM000,4000787030016,0,115.0,93583792.0,96.0,0.0,100.0,4.0,100.0,0.0,89.0,815597781.0,57.0,37679.0,100.0,0.0,100.0,4.0,100.0,0.0,100.0,0.0,100.0,0.0,100.0,0.0,100.0,0.0,77.0,23.0,100.0,0.0,100.0,0.0,80.0,40554.0,23.0,23.0,100.0,0.0,100.0,0.0,200.0,0.0,100.0,37525.0,100.0,58061610176.0,100.0,155075565219.0
2019-09-03,S300Z61L,ST4000DM000,4000787030016,0,113.0,57618800.0,96.0,0.0,100.0,4.0,100.0,0.0,89.0,817227988.0,57.0,37703.0,100.0,0.0,100.0,4.0,100.0,0.0,100.0,0.0,100.0,0.0,100.0,0.0,100.0,0.0,77.0,23.0,100.0,0.0,100.0,0.0,80.0,40554.0,23.0,23.0,100.0,0.0,100.0,0.0,200.0,0.0,100.0,37549.0,100.0,58080363808.0,100.0,155392972044.0
2019-09-04,S300Z61L,ST4000DM000,4000787030016,0,117.0,119944264.0,96.0,0.0,100.0,4.0,100.0,0.0,89.0,819914332.0,57.0,37726.0,100.0,0.0,100.0,4.0,100.0,0.0,100.0,0.0,100.0,0.0,100.0,0.0,100.0,0.0,76.0,24.0,100.0,0.0,100.0,0.0,80.0,40554.0,24.0,24.0,100.0,0.0,100.0,0.0,200.0,0.0,100.0,37572.0,100.0,58100195424.0,100.0,155698622946.0
2019-09-05,S300Z61L,ST4000DM000,4000787030016,0,111.0,35911672.0,96.0,0.0,100.0,4.0,100.0,0.0,89.0,823123324.0,57.0,37750.0,100.0,0.0,100.0,4.0,100.0,0.0,100.0,0.0,100.0,0.0,100.0,0.0,100.0,0.0,77.0,23.0,100.0,0.0,100.0,0.0,80.0,40554.0,23.0,23.0,100.0,0.0,100.0,0.0,200.0,0.0,100.0,37596.0,100.0,58121111008.0,100.0,155969775405.0
2019-09-06,S300Z61L,ST4000DM000,4000787030016,0,119.0,214338632.0,96.0,0.0,100.0,4.0,100.0,0.0,89.0,825760151.0,57.0,37774.0,100.0,0.0,100.0,4.0,100.0,0.0,100.0,0.0,100.0,0.0,100.0,0.0,100.0,0.0,77.0,23.0,100.0,0.0,100.0,0.0,80.0,40554.0,23.0,23.0,100.0,0.0,100.0,0.0,200.0,0.0,100.0,37620.0,100.0,58142198112.0,100.0,156289940254.0
2019-09-07,S300Z61L,ST4000DM000,4000787030016,0,118.0,191810048.0,96.0,0.0,100.0,4.0,100.0,0.0,89.0,827377051.0,57.0,37798.0,100.0,0.0,100.0,4.0,100.0,0.0,100.0,0.0,100.0,0.0,100.0,0.0,100.0,0.0,77.0,23.0,100.0,0.0,100.0,0.0,80.0,40554.0,23.0,23.0,100.0,0.0,100.0,0.0,200.0,0.0,100.0,37644.0,100.0,58161337472.0,100.0,156527339964.0
2019-09-08,S300Z61L,ST4000DM000,4000787030016,0,116.0,110440496.0,96.0,0.0,100.0,4.0,100.0,0.0,89.0,829527082.0,57.0,37822.0,100.0,0.0,100.0,4.0,100.0,0.0,100.0,0.0,100.0,0.0,100.0,0.0,100.0,0.0,77.0,23.0,100.0,0.0,100.0,0.0,80.0,40554.0,23.0,23.0,100.0,0.0,100.0,0.0,200.0,0.0,100.0,37668.0,100.0,58187553352.0,100.0,156630282699.0
2019-09-09,S300Z61L,ST4000DM000,4000787030016,0,117.0,159365456.0,96.0,0.0,100.0,4.0,100.0,0.0,89.0,831710348.0,57.0,37846.0,100.0,0.0,100.0,4.0,100.0,0.0,100.0,0.0,100.0,0.0,100.0,0.0,100.0,0.0,77.0,23.0,100.0,0.0,100.0,0.0,80.0,40554.0,23.0,23.0,100.0,0.0,100.0,0.0,200.0,0.0,100.0,37692.0,100.0,58212714016.0,100.0,156913910331.0
2019-09-10,S300Z61L,ST4000DM000,4000787030016,0,113.0,58146856.0,96.0,0.0,100.0,4.0,100.0,0.0,89.0,833183797.0,57.0,37870.0,100.0,0.0,100.0,4.0,100.0,0.0,100.0,0.0,100.0,0.0,100.0,0.0,100.0,0.0,77.0,23.0,100.0,0.0,100.0,0.0,80.0,40554.0,23.0,23.0,100.0,0.0,100.0,0.0,200.0,0.0,100.0,37716.0,100.0,58232248200.0,100.0,157109806384.0
2019-09-11,S300Z61L,ST4000DM000,4000787030016,0,118.0,178180896.0,96.0,0.0,100.0,4.0,100.0,0.0,89.0,835527852.0,57.0,37905.0,100.0,0.0,100.0,4.0,100.0,0.0,100.0,0.0,100.0,0.0,100.0,0.0,100.0,0.0,77.0,23.0,100.0,0.0,100.0,0.0,80.0,40554.0,23.0,23.0,100.0,0.0,100.0,0.0,200.0,0.0,100.0,37751.0,100.0,58264178480.0,100.0,157414535666.0
2019-09-12,S300Z61L,ST4000DM000,4000787030016,0,109.0,22166400.0,96.0,0.0,100.0,4.0,100.0,0.0,89.0,838534490.0,57.0,37929.0,100.0,0.0,100.0,4.0,100.0,0.0,100.0,0.0,100.0,0.0,100.0,0.0,100.0,0.0,77.0,23.0,100.0,0.0,100.0,0.0,80.0,40554.0,23.0,23.0,100.0,0.0,100.0,0.0,200.0,0.0,100.0,37775.0,100.0,58289061512.0,100.0,157642489913.0
2019-09-13,S300Z61L,ST4000DM000,4000787030016,0,116.0,112802768.0,96.0,0.0,100.0,4.0,100.0,0.0,89.0,840154677.0,57.0,37953.0,100.0,0.0,100.0,4.0,100.0,0.0,100.0,0.0,100.0,0.0,100.0,0.0,100.0,0.0,77.0,23.0,100.0,0.0,100.0,0.0,80.0,40554.0,23.0,23.0,100.0,0.0,100.0,0.0,200.0,0.0,100.0,37799.0,100.0,58315405200.0,100.0,157827261290.0
2019-09-14,S300Z61L,ST4000DM000,4000787030016,0,118.0,187226768.0,96.0,0.0,100.0,4.0,100.0,0.0,89.0,841973297.0,57.0,37977.0,100.0,0.0,100.0,4.0,100.0,0.0,100.0,0.0,100.0,0.0,100.0,0.0,100.0,0.0,77.0,23.0,100.0,0.0,100.0,0.0,80.0,40554.0,23.0,23.0,100.0,0.0,100.0,0.0,200.0,0.0,100.0,37823.0,100.0,58339375960.0,100.0,157977056025.0
2019-09-15,S300Z61L,ST4000DM000,4000787030016,0,120.0,241300128.0,96.0,0.0,100.0,4.0,100.0,0.0,89.0,844139304.0,57.0,38001.0,100.0,0.0,100.0,4.0,100.0,0.0,100.0,0.0,100.0,0.0,100.0,0.0,100.0,0.0,77.0,23.0,100.0,0.0,100.0,0.0,80.0,40554.0,23.0,23.0,100.0,0.0,100.0,0.0,200.0,0.0,100.0,37847.0,100.0,58365633664.0,100.0,158135406436.0
2019-09-16,S300Z61L,ST4000DM000,4000787030016,0,119.0,230833912.0,96.0,0.0,100.0,4.0,100.0,0.0,89.0,845810413.0,57.0,38025.0,100.0,0.0,100.0,4.0,100.0,0.0,100.0,0.0,100.0,0.0,100.0,0.0,100.0,0.0,77.0,23.0,100.0,0.0,100.0,0.0,80.0,40554.0,23.0,23.0,100.0,0.0,100.0,0.0,200.0,0.0,100.0,37871.0,100.0,58399182176.0,100.0,158321027546.0
2019-09-17,S300Z61L,ST4000DM000,4000787030016,0,118.0,185881384.0,96.0,0.0,100.0,4.0,100.0,0.0,89.0,847573355.0,57.0,38049.0,100.0,0.0,100.0,4.0,100.0,0.0,100.0,0.0,100.0,0.0,100.0,0.0,100.0,0.0,77.0,23.0,100.0,0.0,100.0,0.0,80.0,40554.0,23.0,23.0,100.0,0.0,100.0,0.0,200.0,0.0,100.0,37895.0,100.0,58423250888.0,100.0,158509437117.0
2019-09-18,S300Z61L,ST4000DM000,4000787030016,0,119.0,228452472.0,96.0,0.0,100.0,4.0,100.0,0.0,89.0,848228109.0,57.0,38061.0,100.0,0.0,100.0,4.0,100.0,0.0,100.0,0.0,100.0,0.0,100.0,0.0,100.0,0.0,77.0,23.0,100.0,0.0,100.0,0.0,80.0,40554.0,23.0,23.0,100.0,0.0,100.0,0.0,200.0,0.0,100.0,37907.0,100.0,58438585760.0,100.0,158561737277.0
2019-09-19,S300Z61L,ST4000DM000,4000787030016,0,114.0,80414344.0,96.0,0.0,100.0,4.0,100.0,0.0,89.0,850280291.0,57.0,38085.0,100.0,0.0,100.0,4.0,100.0,0.0,100.0,0.0,100.0,0.0,100.0,0.0,100.0,0.0,76.0,24.0,100.0,0.0,100.0,0.0,80.0,40554.0,24.0,24.0,100.0,0.0,100.0,0.0,200.0,0.0,100.0,37931.0,100.0,58462423272.0,100.0,158771867388.0
2019-09-20,S300Z61L,ST4000DM000,4000787030016,0,114.0,63097936.0,96.0,0.0,100.0,4.0,100.0,0.0,89.0,853405668.0,57.0,38109.0,100.0,0.0,100.0,4.0,100.0,0.0,100.0,0.0,100.0,0.0,100.0,0.0,100.0,0.0,77.0,23.0,100.0,0.0,100.0,0.0,80.0,40554.0,23.0,23.0,100.0,0.0,100.0,0.0,200.0,0.0,100.0,37955.0,100.0,58489256712.0,100.0,159011624916.0
2019-09-21,S300Z61L,ST4000DM000,4000787030016,0,119.0,221473056.0,96.0,0.0,100.0,4.0,100.0,0.0,89.0,855123747.0,57.0,38133.0,100.0,0.0,100.0,4.0,100.0,0.0,100.0,0.0,100.0,0.0,100.0,0.0,100.0,0.0,77.0,23.0,100.0,0.0,100.0,0.0,80.0,40554.0,23.0,23.0,100.0,0.0,100.0,0.0,200.0,0.0,100.0,37979.0,100.0,58508367336.0,100.0,159230660778.0
2019-09-22,S300Z61L,ST4000DM000,4000787030016,0,100.0,2692816.0,96.0,0.0,100.0,4.0,100.0,0.0,89.0,857179955.0,57.0,38156.0,100.0,0.0,100.0,4.0,100.0,0.0,100.0,0.0,100.0,0.0,100.0,0.0,100.0,0.0,77.0,23.0,100.0,0.0,100.0,0.0,80.0,40554.0,23.0,23.0,100.0,0.0,100.0,0.0,200.0,0.0,100.0,38003.0,100.0,58547349320.0,100.0,159315613715.0
2019-09-23,S300Z61L,ST4000DM000,4000787030016,0,99.0,2540216.0,96.0,0.0,100.0,4.0,100.0,0.0,89.0,858696675.0,57.0,38180.0,100.0,0.0,100.0,4.0,100.0,0.0,100.0,0.0,100.0,0.0,100.0,0.0,100.0,0.0,77.0,23.0,100.0,0.0,100.0,0.0,80.0,40554.0,23.0,23.0,100.0,0.0,100.0,0.0,200.0,0.0,100.0,38026.0,100.0,58574977800.0,100.0,159546631277.0
2019-09-24,S300Z61L,ST4000DM000,4000787030016,0,117.0,155526904.0,96.0,0.0,100.0,4.0,100.0,0.0,89.0,861499008.0,57.0,38204.0,100.0,0.0,100.0,4.0,100.0,0.0,100.0,0.0,100.0,0.0,100.0,0.0,100.0,0.0,77.0,23.0,100.0,0.0,100.0,0.0,80.0,40554.0,23.0,23.0,100.0,0.0,100.0,0.0,200.0,0.0,100.0,38050.0,100.0,58605787264.0,100.0,159707111795.0
2019-09-25,S300Z61L,ST4000DM000,4000787030016,0,117.0,131653816.0,96.0,0.0,100.0,4.0,100.0,0.0,89.0,862968481.0,57.0,38228.0,100.0,0.0,100.0,4.0,100.0,0.0,100.0,0.0,100.0,0.0,100.0,0.0,100.0,0.0,77.0,23.0,100.0,0.0,100.0,0.0,80.0,40554.0,23.0,23.0,100.0,0.0,100.0,0.0,200.0,0.0,100.0,38074.0,100.0,58625940648.0,100.0,159914753414.0
2019-09-26,S300Z61L,ST4000DM000,4000787030016,0,116.0,115796592.0,96.0,0.0,100.0,4.0,100.0,0.0,89.0,865128011.0,57.0,38252.0,100.0,0.0,100.0,4.0,100.0,0.0,100.0,0.0,100.0,0.0,100.0,0.0,100.0,0.0,77.0,23.0,100.0,0.0,100.0,0.0,80.0,40554.0,23.0,23.0,100.0,0.0,100.0,0.0,200.0,0.0,100.0,38098.0,100.0,58654465416.0,100.0,160179852794.0
2019-09-27,S300Z61L,ST4000DM000,4000787030016,0,114.0,63979008.0,96.0,0.0,100.0,4.0,100.0,0.0,89.0,867805451.0,57.0,38276.0,100.0,0.0,100.0,4.0,100.0,0.0,100.0,0.0,100.0,0.0,100.0,0.0,100.0,0.0,77.0,23.0,100.0,0.0,100.0,0.0,80.0,40554.0,23.0,23.0,100.0,0.0,100.0,0.0,200.0,0.0,100.0,38122.0,100.0,58681379840.0,100.0,160402832836.0
2019-09-28,S300Z61L,ST4000DM000,4000787030016,0,119.0,1123216.0,96.0,0.0,100.0,4.0,100.0,0.0,89.0,869509605.0,57.0,38300.0,100.0,0.0,100.0,4.0,100.0,0.0,100.0,0.0,100.0,0.0,100.0,0.0,100.0,0.0,77.0,23.0,100.0,0.0,100.0,0.0,80.0,40554.0,23.0,23.0,100.0,0.0,100.0,0.0,200.0,0.0,100.0,38146.0,100.0,58714452488.0,100.0,160640259246.0
2019-09-29,S300Z61L,ST4000DM000,4000787030016,0,116.0,106217912.0,96.0,0.0,100.0,4.0,100.0,0.0,89.0,871652047.0,57.0,38324.0,100.0,0.0,100.0,4.0,100.0,0.0,100.0,0.0,100.0,0.0,100.0,0.0,100.0,0.0,77.0,23.0,100.0,0.0,100.0,0.0,80.0,40554.0,23.0,23.0,100.0,0.0,100.0,0.0,200.0,0.0,100.0,38170.0,100.0,58749120920.0,100.0,160738834815.0
2019-09-30,S300Z61L,ST4000DM000,4000787030016,0,111.0,32040912.0,96.0,0.0,100.0,4.0,100.0,0.0,89.0,872945970.0,57.0,38348.0,100.0,0.0,100.0,4.0,100.0,0.0,100.0,0.0,100.0,0.0,100.0,0.0,100.0,0.0,77.0,23.0,100.0,0.0,100.0,0.0,80.0,40554.0,23.0,23.0,100.0,0.0,100.0,0.0,200.0,0.0,100.0,38194.0,100.0,58774633128.0,100.0,160956456380.0
2019-10-01,S300Z61L,ST4000DM000,4000787030016,0,116.0,102921440.0,96.0,0.0,100.0,4.0,100.0,0.0,89.0,874254681.0,57.0,38372.0,100.0,0.0,100.0,4.0,100.0,0.0,100.0,0.0,100.0,0.0,100.0,0.0,100.0,0.0,77.0,23.0,100.0,0.0,100.0,0.0,80.0,40554.0,23.0,23.0,100.0,0.0,100.0,0.0,200.0,0.0,100.0,38218.0,100.0,58794414472.0,100.0,161219578523.0
2019-10-02,S300Z61L,ST4000DM000,4000787030016,0,119.0,216803056.0,96.0,0.0,100.0,4.0,100.0,0.0,89.0,876252012.0,57.0,38407.0,100.0,0.0,100.0,4.0,100.0,0.0,100.0,0.0,100.0,0.0,100.0,0.0,100.0,0.0,77.0,23.0,100.0,0.0,100.0,0.0,80.0,40555.0,23.0,23.0,100.0,0.0,100.0,0.0,200.0,0.0,100.0,38254.0,100.0,58824040728.0,100.0,161718172914.0
2019-10-03,S300Z61L,ST4000DM000,4000787030016,0,111.0,30707848.0,96.0,0.0,100.0,4.0,100.0,0.0,89.0,878643015.0,57.0,38431.0,100.0,0.0,100.0,4.0,100.0,0.0,100.0,0.0,100.0,0.0,100.0,0.0,100.0,0.0,77.0,23.0,100.0,0.0,100.0,0.0,80.0,40555.0,23.0,23.0,100.0,0.0,100.0,0.0,200.0,0.0,100.0,38277.0,100.0,58849316240.0,100.0,162042760463.0
2019-10-04,S300Z61L,ST4000DM000,4000787030016,0,112.0,43776192.0,96.0,0.0,100.0,4.0,100.0,0.0,89.0,880043153.0,57.0,38443.0,100.0,0.0,100.0,4.0,100.0,0.0,100.0,0.0,100.0,0.0,100.0,0.0,100.0,0.0,77.0,23.0,100.0,0.0,100.0,0.0,80.0,40555.0,23.0,23.0,100.0,0.0,100.0,0.0,200.0,0.0,100.0,38289.0,100.0,58862460648.0,100.0,162192053538.0
2019-10-05,S300Z61L,ST4000DM000,4000787030016,0,114.0,77637560.0,96.0,0.0,100.0,4.0,100.0,0.0,89.0,882074375.0,57.0,38467.0,100.0,0.0,100.0,4.0,100.0,0.0,100.0,0.0,100.0,0.0,100.0,0.0,100.0,0.0,77.0,23.0,100.0,0.0,100.0,0.0,80.0,40556.0,23.0,23.0,100.0,0.0,100.0,0.0,200.0,0.0,100.0,38313.0,100.0,58887088192.0,100.0,162468627598.0
2019-10-06,S300Z61L,ST4000DM000,4000787030016,0,112.0,43207648.0,96.0,0.0,100.0,4.0,100.0,0.0,89.0,884249822.0,57.0,38491.0,100.0,0.0,100.0,4.0,100.0,0.0,100.0,0.0,100.0,0.0,100.0,0.0,100.0,0.0,77.0,23.0,100.0,0.0,100.0,0.0,80.0,40556.0,23.0,23.0,100.0,0.0,100.0,0.0,200.0,0.0,100.0,38337.0,100.0,58927172832.0,100.0,162574435266.0
2019-10-07,S300Z61L,ST4000DM000,4000787030016,0,111.0,40837200.0,96.0,0.0,100.0,4.0,100.0,0.0,89.0,886856785.0,57.0,38515.0,100.0,0.0,100.0,4.0,100.0,0.0,100.0,0.0,100.0,0.0,100.0,0.0,100.0,0.0,77.0,23.0,100.0,0.0,100.0,0.0,80.0,40556.0,23.0,23.0,100.0,0.0,100.0,0.0,200.0,0.0,100.0,38361.0,100.0,58968485936.0,100.0,162816664451.0
2019-10-08,S300Z61L,ST4000DM000,4000787030016,0,117.0,138641664.0,96.0,0.0,100.0,4.0,100.0,0.0,89.0,888757810.0,57.0,38539.0,100.0,0.0,100.0,4.0,100.0,0.0,100.0,0.0,100.0,0.0,100.0,0.0,100.0,0.0,77.0,23.0,100.0,0.0,100.0,0.0,80.0,40556.0,23.0,23.0,100.0,0.0,100.0,0.0,200.0,0.0,100.0,38385.0,100.0,58993956520.0,100.0,163086684707.0
2019-10-09,S300Z61L,ST4000DM000,4000787030016,0,118.0,174741552.0,96.0,0.0,100.0,4.0,100.0,0.0,89.0,890318236.0,56.0,38562.0,100.0,0.0,100.0,4.0,100.0,0.0,100.0,0.0,100.0,0.0,100.0,0.0,100.0,0.0,77.0,23.0,100.0,0.0,100.0,0.0,80.0,40556.0,23.0,23.0,100.0,0.0,100.0,0.0,200.0,0.0,100.0,38408.0,100.0,59025773360.0,100.0,163293391599.0
2019-10-10,S300Z61L,ST4000DM000,4000787030016,0,115.0,93836016.0,96.0,0.0,100.0,4.0,100.0,0.0,89.0,893799767.0,56.0,38598.0,100.0,0.0,100.0,4.0,100.0,0.0,100.0,0.0,100.0,0.0,100.0,0.0,100.0,0.0,77.0,23.0,100.0,0.0,100.0,0.0,80.0,40556.0,23.0,23.0,100.0,0.0,100.0,0.0,200.0,0.0,100.0,38444.0,100.0,59062765240.0,100.0,163654640831.0
2019-10-11,S300Z61L,ST4000DM000,4000787030016,0,112.0,42493816.0,96.0,0.0,100.0,4.0,100.0,0.0,89.0,895568192.0,56.0,38622.0,100.0,0.0,100.0,4.0,100.0,0.0,100.0,0.0,100.0,0.0,100.0,0.0,100.0,0.0,77.0,23.0,100.0,0.0,100.0,0.0,80.0,40556.0,23.0,23.0,100.0,0.0,100.0,0.0,200.0,0.0,100.0,38468.0,100.0,59090111752.0,100.0,163900043106.0
2019-10-12,S300Z61L,ST4000DM000,4000787030016,0,108.0,15683760.0,96.0,0.0,100.0,4.0,100.0,0.0,89.0,897123327.0,56.0,38646.0,100.0,0.0,100.0,4.0,100.0,0.0,100.0,0.0,100.0,0.0,100.0,0.0,100.0,0.0,77.0,23.0,100.0,0.0,100.0,0.0,80.0,40556.0,23.0,23.0,100.0,0.0,100.0,0.0,200.0,0.0,100.0,38492.0,100.0,59123172344.0,100.0,164068206554.0
2019-10-13,S300Z61L,ST4000DM000,4000787030016,0,109.0,24576112.0,96.0,0.0,100.0,4.0,100.0,0.0,89.0,899414995.0,56.0,38670.0,100.0,0.0,100.0,4.0,100.0,0.0,100.0,0.0,100.0,0.0,100.0,0.0,100.0,0.0,77.0,23.0,100.0,0.0,100.0,0.0,80.0,40556.0,23.0,23.0,100.0,0.0,100.0,0.0,200.0,0.0,100.0,38516.0,100.0,59148437312.0,100.0,164201695615.0
2019-10-14,S300Z61L,ST4000DM000,4000787030016,0,111.0,33131736.0,96.0,0.0,100.0,4.0,100.0,0.0,89.0,901037262.0,56.0,38694.0,100.0,0.0,100.0,4.0,100.0,0.0,100.0,0.0,100.0,0.0,100.0,0.0,100.0,0.0,77.0,23.0,100.0,0.0,100.0,0.0,80.0,40556.0,23.0,23.0,100.0,0.0,100.0,0.0,200.0,0.0,100.0,38540.0,100.0,59175256520.0,100.0,164383551236.0
2019-10-15,S300Z61L,ST4000DM000,4000787030016,0,117.0,152768856.0,96.0,0.0,100.0,4.0,100.0,0.0,89.0,906444023.0,56.0,38741.0,100.0,0.0,100.0,4.0,100.0,0.0,100.0,0.0,100.0,0.0,100.0,0.0,100.0,0.0,77.0,23.0,100.0,0.0,100.0,0.0,80.0,40556.0,23.0,23.0,100.0,0.0,100.0,0.0,200.0,0.0,100.0,38587.0,100.0,59249062952.0,100.0,164795022186.0
2019-10-16,S300Z61L,ST4000DM000,4000787030016,0,117.0,152768856.0,96.0,0.0,100.0,4.0,100.0,0.0,89.0,906444023.0,56.0,38741.0,100.0,0.0,100.0,4.0,100.0,0.0,100.0,0.0,100.0,0.0,100.0,0.0,100.0,0.0,77.0,23.0,100.0,0.0,100.0,0.0,80.0,40556.0,23.0,23.0,100.0,0.0,100.0,0.0,200.0,0.0,100.0,38587.0,100.0,59249062952.0,100.0,164795022186.0
2019-10-17,S300Z61L,ST4000DM000,4000787030016,0,101.0,3409656.0,96.0,0.0,100.0,4.0,100.0,0.0,89.0,909159608.0,56.0,38765.0,100.0,0.0,100.0,4.0,100.0,0.0,100.0,0.0,100.0,0.0,100.0,0.0,100.0,0.0,77.0,23.0,100.0,0.0,100.0,0.0,80.0,40556.0,23.0,23.0,100.0,0.0,100.0,0.0,200.0,0.0,100.0,38611.0,100.0,59284129296.0,100.0,165049284556.0
2019-10-18,S300Z61L,ST4000DM000,4000787030016,0,116.0,114294016.0,96.0,0.0,100.0,4.0,100.0,0.0,89.0,911338943.0,56.0,38789.0,100.0,0.0,100.0,4.0,100.0,0.0,100.0,0.0,100.0,0.0,100.0,0.0,100.0,0.0,77.0,23.0,100.0,0.0,100.0,0.0,80.0,40556.0,23.0,23.0,100.0,0.0,100.0,0.0,200.0,0.0,100.0,38635.0,100.0,59309773920.0,100.0,165224440231.0
2019-10-19,S300Z61L,ST4000DM000,4000787030016,0,113.0,54391944.0,96.0,0.0,100.0,4.0,100.0,0.0,89.0,912867666.0,56.0,38813.0,100.0,0.0,100.0,4.0,100.0,0.0,100.0,0.0,100.0,0.0,100.0,0.0,100.0,0.0,77.0,23.0,100.0,0.0,100.0,0.0,80.0,40559.0,23.0,23.0,100.0,0.0,100.0,0.0,200.0,0.0,100.0,38659.0,100.0,59338930536.0,100.0,165370416968.0
2019-10-20,S300Z61L,ST4000DM000,4000787030016,0,114.0,75085424.0,96.0,0.0,100.0,4.0,100.0,0.0,89.0,914596823.0,56.0,38837.0,100.0,0.0,100.0,4.0,100.0,0.0,100.0,0.0,100.0,0.0,100.0,0.0,100.0,0.0,77.0,23.0,100.0,0.0,100.0,0.0,80.0,40559.0,23.0,23.0,100.0,0.0,100.0,0.0,200.0,0.0,100.0,38683.0,100.0,59359515368.0,100.0,165560936801.0
2019-10-21,S300Z61L,ST4000DM000,4000787030016,0,120.0,242265288.0,96.0,0.0,100.0,4.0,100.0,0.0,89.0,916698858.0,56.0,38861.0,100.0,0.0,100.0,4.0,100.0,0.0,100.0,0.0,100.0,0.0,100.0,0.0,100.0,0.0,77.0,23.0,100.0,0.0,100.0,0.0,80.0,40559.0,23.0,23.0,100.0,0.0,100.0,0.0,200.0,0.0,100.0,38707.0,100.0,59376478768.0,100.0,165769789678.0
2019-10-22,S300Z61L,ST4000DM000,4000787030016,0,110.0,25493888.0,96.0,0.0,100.0,4.0,100.0,0.0,89.0,917372872.0,56.0,38873.0,100.0,0.0,100.0,4.0,100.0,0.0,100.0,0.0,100.0,0.0,100.0,0.0,100.0,0.0,77.0,23.0,100.0,0.0,100.0,0.0,80.0,40559.0,23.0,23.0,100.0,0.0,100.0,0.0,200.0,0.0,100.0,38719.0,100.0,59383188640.0,100.0,165889901964.0
2019-10-23,S300Z61L,ST4000DM000,4000787030016,0,116.0,101787528.0,96.0,0.0,100.0,4.0,100.0,0.0,89.0,919560976.0,56.0,38909.0,100.0,0.0,100.0,4.0,100.0,0.0,100.0,0.0,100.0,0.0,100.0,0.0,100.0,0.0,77.0,23.0,100.0,0.0,100.0,0.0,80.0,40562.0,23.0,23.0,100.0,0.0,100.0,0.0,200.0,0.0,100.0,38755.0,100.0,59410299696.0,100.0,166226043293.0
2019-10-24,S300Z61L,ST4000DM000,4000787030016,0,118.0,197343088.0,96.0,0.0,100.0,4.0,100.0,0.0,89.0,921574833.0,56.0,38932.0,100.0,0.0,100.0,4.0,100.0,0.0,100.0,0.0,100.0,0.0,100.0,0.0,100.0,0.0,77.0,23.0,100.0,0.0,100.0,0.0,80.0,40562.0,23.0,23.0,100.0,0.0,100.0,0.0,200.0,0.0,100.0,38778.0,100.0,59427412136.0,100.0,166393787383.0
2019-10-25,S300Z61L,ST4000DM000,4000787030016,0,117.0,122537992.0,96.0,0.0,100.0,4.0,100.0,0.0,89.0,923432203.0,56.0,38956.0,100.0,0.0,100.0,4.0,100.0,0.0,100.0,0.0,100.0,0.0,100.0,0.0,100.0,0.0,77.0,23.0,100.0,0.0,100.0,0.0,80.0,40562.0,23.0,23.0,100.0,0.0,100.0,0.0,200.0,0.0,100.0,38802.0,100.0,59444027112.0,100.0,166615315142.0
2019-10-26,S300Z61L,ST4000DM000,4000787030016,0,117.0,121964912.0,96.0,0.0,100.0,4.0,100.0,0.0,89.0,925155267.0,56.0,38980.0,100.0,0.0,100.0,4.0,100.0,0.0,100.0,0.0,100.0,0.0,100.0,0.0,100.0,0.0,77.0,23.0,100.0,0.0,100.0,0.0,80.0,40563.0,23.0,23.0,100.0,0.0,100.0,0.0,200.0,0.0,100.0,38826.0,100.0,59460135152.0,100.0,166832927626.0
2019-10-27,S300Z61L,ST4000DM000,4000787030016,0,115.0,95781192.0,96.0,0.0,100.0,4.0,100.0,0.0,89.0,926969925.0,56.0,39004.0,100.0,0.0,100.0,4.0,100.0,0.0,100.0,0.0,100.0,0.0,100.0,0.0,100.0,0.0,77.0,23.0,100.0,0.0,100.0,0.0,80.0,40563.0,23.0,23.0,100.0,0.0,100.0,0.0,200.0,0.0,100.0,38850.0,100.0,59472525080.0,100.0,166925922443.0
2019-10-28,S300Z61L,ST4000DM000,4000787030016,0,117.0,121974184.0,96.0,0.0,100.0,4.0,100.0,0.0,89.0,928571020.0,56.0,39028.0,100.0,0.0,100.0,4.0,100.0,0.0,100.0,0.0,100.0,0.0,100.0,0.0,100.0,0.0,77.0,23.0,100.0,0.0,100.0,0.0,80.0,40563.0,23.0,23.0,100.0,0.0,100.0,0.0,200.0,0.0,100.0,38874.0,100.0,59487911576.0,100.0,167159292741.0
2019-10-29,S300Z61L,ST4000DM000,4000787030016,0,117.0,133008456.0,96.0,0.0,100.0,4.0,100.0,0.0,89.0,929127683.0,56.0,39040.0,100.0,0.0,100.0,4.0,100.0,0.0,100.0,0.0,100.0,0.0,100.0,0.0,100.0,0.0,77.0,23.0,100.0,0.0,100.0,0.0,80.0,40563.0,23.0,23.0,100.0,0.0,100.0,0.0,200.0,0.0,100.0,38886.0,100.0,59493295176.0,100.0,167249769579.0
2019-10-30,S300Z61L,ST4000DM000,4000787030016,0,111.0,31056000.0,96.0,0.0,100.0,4.0,100.0,0.0,89.0,929774966.0,56.0,39064.0,100.0,0.0,100.0,4.0,100.0,0.0,100.0,0.0,100.0,0.0,100.0,0.0,100.0,0.0,78.0,22.0,100.0,0.0,100.0,0.0,80.0,40563.0,22.0,22.0,100.0,0.0,100.0,0.0,200.0,0.0,100.0,38910.0,100.0,59513376848.0,100.0,167329659297.0
2019-10-31,S300Z61L,ST4000DM000,4000787030016,0,118.0,199950712.0,96.0,0.0,100.0,4.0,100.0,0.0,89.0,931949497.0,56.0,39100.0,100.0,0.0,100.0,4.0,100.0,0.0,100.0,0.0,100.0,0.0,100.0,0.0,100.0,0.0,76.0,24.0,100.0,0.0,100.0,0.0,80.0,40565.0,24.0,24.0,100.0,0.0,100.0,0.0,200.0,0.0,100.0,38946.0,100.0,59534680952.0,100.0,167531146207.0
2019-11-01,S300Z61L,ST4000DM000,4000787030016,0,117.0,145778992.0,96.0,0.0,100.0,4.0,100.0,0.0,89.0,933235941.0,56.0,39124.0,100.0,0.0,100.0,4.0,100.0,0.0,100.0,0.0,100.0,0.0,100.0,0.0,100.0,0.0,76.0,24.0,100.0,0.0,100.0,0.0,80.0,40565.0,24.0,24.0,100.0,0.0,100.0,0.0,200.0,0.0,100.0,38970.0,100.0,59545163648.0,100.0,167817283916.0
2019-11-02,S300Z61L,ST4000DM000,4000787030016,0,116.0,101037536.0,96.0,0.0,100.0,4.0,100.0,0.0,89.0,936006820.0,56.0,39148.0,100.0,0.0,100.0,4.0,100.0,0.0,100.0,0.0,100.0,0.0,100.0,0.0,100.0,0.0,76.0,24.0,100.0,0.0,100.0,0.0,80.0,40565.0,24.0,24.0,100.0,0.0,100.0,0.0,200.0,0.0,100.0,38994.0,100.0,59551446544.0,100.0,168132205340.0
2019-11-03,S300Z61L,ST4000DM000,4000787030016,0,117.0,153422056.0,96.0,0.0,100.0,4.0,100.0,0.0,89.0,937572366.0,56.0,39172.0,100.0,0.0,100.0,4.0,100.0,0.0,100.0,0.0,100.0,0.0,100.0,0.0,100.0,0.0,76.0,24.0,100.0,0.0,100.0,0.0,80.0,40565.0,24.0,24.0,100.0,0.0,100.0,0.0,200.0,0.0,100.0,39018.0,100.0,59557050696.0,100.0,172504319995.0
2019-11-04,S300Z61L,ST4000DM000,4000787030016,0,119.0,234481744.0,96.0,0.0,100.0,4.0,100.0,0.0,89.0,938908655.0,56.0,39196.0,100.0,0.0,100.0,4.0,100.0,0.0,100.0,0.0,100.0,0.0,100.0,0.0,100.0,0.0,76.0,24.0,100.0,0.0,100.0,0.0,80.0,40565.0,24.0,24.0,100.0,0.0,100.0,0.0,200.0,0.0,100.0,39042.0,100.0,59563399688.0,100.0,172841127639.0
2019-11-06,S300Z61L,ST4000DM000,4000787030016,0,111.0,35566720.0,96.0,0.0,100.0,4.0,100.0,0.0,90.0,942872871.0,56.0,39243.0,100.0,0.0,100.0,4.0,100.0,0.0,100.0,0.0,100.0,0.0,100.0,0.0,100.0,0.0,77.0,23.0,100.0,0.0,100.0,0.0,80.0,40565.0,23.0,23.0,100.0,0.0,100.0,0.0,200.0,0.0,100.0,39089.0,100.0,59586059384.0,100.0,173419783662.0
2019-11-07,S300Z61L,ST4000DM000,4000787030016,0,118.0,182325904.0,96.0,0.0,100.0,4.0,100.0,0.0,90.0,946095296.0,56.0,39267.0,100.0,0.0,100.0,4.0,100.0,0.0,100.0,0.0,100.0,0.0,100.0,0.0,100.0,0.0,77.0,23.0,100.0,0.0,100.0,0.0,80.0,40566.0,23.0,23.0,100.0,0.0,100.0,0.0,200.0,0.0,100.0,39113.0,100.0,59595992352.0,100.0,173713680509.0
2019-11-08,S300Z61L,ST4000DM000,4000787030016,0,118.0,186800992.0,96.0,0.0,100.0,4.0,100.0,0.0,90.0,947453722.0,56.0,39291.0,100.0,0.0,100.0,4.0,100.0,0.0,100.0,0.0,100.0,0.0,100.0,0.0,100.0,0.0,77.0,23.0,100.0,0.0,100.0,0.0,80.0,40566.0,23.0,23.0,100.0,0.0,100.0,0.0,200.0,0.0,100.0,39137.0,100.0,59603244544.0,100.0,173934577346.0
2019-11-09,S300Z61L,ST4000DM000,4000787030016,0,116.0,117102240.0,96.0,0.0,100.0,4.0,100.0,0.0,90.0,949404823.0,56.0,39315.0,100.0,0.0,100.0,4.0,100.0,0.0,100.0,0.0,100.0,0.0,100.0,0.0,100.0,0.0,77.0,23.0,100.0,0.0,100.0,0.0,80.0,40566.0,23.0,23.0,100.0,0.0,100.0,0.0,200.0,0.0,100.0,39161.0,100.0,59613248616.0,100.0,174194130753.0
2019-11-10,S300Z61L,ST4000DM000,4000787030016,0,110.0,26946056.0,96.0,0.0,100.0,4.0,100.0,0.0,90.0,951232108.0,56.0,39339.0,100.0,0.0,100.0,4.0,100.0,0.0,100.0,0.0,100.0,0.0,100.0,0.0,100.0,0.0,77.0,23.0,100.0,0.0,100.0,0.0,80.0,40566.0,23.0,23.0,100.0,0.0,100.0,0.0,200.0,0.0,100.0,39185.0,100.0,59620326056.0,100.0,174321830959.0
2019-11-11,S300Z61L,ST4000DM000,4000787030016,0,120.0,238046816.0,96.0,0.0,100.0,4.0,100.0,0.0,90.0,952528863.0,56.0,39363.0,100.0,0.0,100.0,4.0,100.0,0.0,100.0,0.0,100.0,0.0,100.0,0.0,100.0,0.0,77.0,23.0,100.0,0.0,100.0,0.0,80.0,40566.0,23.0,23.0,100.0,0.0,100.0,0.0,200.0,0.0,100.0,39209.0,100.0,59629227920.0,100.0,174510872661.0
2019-11-12,S300Z61L,ST4000DM000,4000787030016,0,117.0,125820656.0,96.0,0.0,100.0,4.0,100.0,0.0,90.0,953706365.0,56.0,39387.0,100.0,0.0,100.0,4.0,100.0,0.0,100.0,0.0,100.0,0.0,100.0,0.0,100.0,0.0,77.0,23.0,100.0,0.0,100.0,0.0,80.0,40566.0,23.0,23.0,100.0,0.0,100.0,0.0,200.0,0.0,100.0,39233.0,100.0,59638536328.0,100.0,174681584632.0
2019-11-13,S300Z61L,ST4000DM000,4000787030016,0,118.0,183824760.0,96.0,0.0,100.0,4.0,100.0,0.0,90.0,955242304.0,56.0,39411.0,100.0,0.0,100.0,4.0,100.0,0.0,100.0,0.0,100.0,0.0,100.0,0.0,100.0,0.0,76.0,24.0,100.0,0.0,100.0,0.0,80.0,40566.0,24.0,24.0,100.0,0.0,100.0,0.0,200.0,0.0,100.0,39257.0,100.0,59651559328.0,100.0,174889880451.0
2019-11-14,S300Z61L,ST4000DM000,4000787030016,0,117.0,151589840.0,96.0,0.0,100.0,4.0,100.0,0.0,90.0,957913561.0,55.0,39435.0,100.0,0.0,100.0,4.0,100.0,0.0,100.0,0.0,100.0,0.0,100.0,0.0,100.0,0.0,77.0,23.0,100.0,0.0,100.0,0.0,80.0,40567.0,23.0,23.0,100.0,0.0,100.0,0.0,200.0,0.0,100.0,39281.0,100.0,59660167840.0,100.0,175138989009.0
2019-11-15,S300Z61L,ST4000DM000,4000787030016,0,114.0,77998352.0,96.0,0.0,100.0,4.0,100.0,0.0,90.0,959493579.0,55.0,39458.0,100.0,0.0,100.0,4.0,100.0,0.0,100.0,0.0,100.0,0.0,100.0,0.0,100.0,0.0,77.0,23.0,100.0,0.0,100.0,0.0,80.0,40568.0,23.0,23.0,100.0,0.0,100.0,0.0,200.0,0.0,100.0,39304.0,100.0,59668738840.0,100.0,175330523679.0
2019-11-16,S300Z61L,ST4000DM000,4000787030016,0,120.0,244063096.0,96.0,0.0,100.0,4.0,100.0,0.0,90.0,960820391.0,55.0,39482.0,100.0,0.0,100.0,4.0,100.0,0.0,100.0,0.0,100.0,0.0,100.0,0.0,100.0,0.0,77.0,23.0,100.0,0.0,100.0,0.0,80.0,40569.0,23.0,23.0,100.0,0.0,100.0,0.0,200.0,0.0,100.0,39328.0,100.0,59677317168.0,100.0,175497417807.0
2019-11-17,S300Z61L,ST4000DM000,4000787030016,0,119.0,205440896.0,96.0,0.0,100.0,4.0,100.0,0.0,90.0,962846274.0,55.0,39506.0,100.0,0.0,100.0,4.0,100.0,0.0,100.0,0.0,100.0,0.0,100.0,0.0,100.0,0.0,75.0,25.0,100.0,0.0,100.0,0.0,80.0,40570.0,25.0,25.0,100.0,0.0,100.0,0.0,200.0,0.0,100.0,39352.0,100.0,59688181960.0,100.0,175600195136.0
2019-11-18,S300Z61L,ST4000DM000,4000787030016,0,118.0,192611480.0,96.0,0.0,100.0,4.0,100.0,0.0,90.0,963965723.0,55.0,39530.0,100.0,0.0,100.0,4.0,100.0,0.0,100.0,0.0,100.0,0.0,100.0,0.0,100.0,0.0,77.0,23.0,100.0,0.0,100.0,0.0,80.0,40570.0,23.0,23.0,100.0,0.0,100.0,0.0,200.0,0.0,100.0,39376.0,100.0,59695384376.0,100.0,175735363541.0
2019-11-19,S300Z61L,ST4000DM000,4000787030016,0,117.0,124796360.0,96.0,0.0,100.0,4.0,100.0,0.0,90.0,965880864.0,55.0,39554.0,100.0,0.0,100.0,4.0,100.0,0.0,100.0,0.0,100.0,0.0,100.0,0.0,100.0,0.0,77.0,23.0,100.0,0.0,100.0,0.0,80.0,40570.0,23.0,23.0,100.0,0.0,100.0,0.0,200.0,0.0,100.0,39400.0,100.0,59705022384.0,100.0,175959898680.0
2019-11-20,S300Z61L,ST4000DM000,4000787030016,0,119.0,225021512.0,96.0,0.0,100.0,4.0,100.0,0.0,90.0,967431242.0,55.0,39578.0,100.0,0.0,100.0,4.0,100.0,0.0,100.0,0.0,100.0,0.0,100.0,0.0,100.0,0.0,77.0,23.0,100.0,0.0,100.0,0.0,80.0,40570.0,23.0,23.0,100.0,0.0,100.0,0.0,200.0,0.0,100.0,39424.0,100.0,59718854288.0,100.0,176180174311.0
2019-11-21,S300Z61L,ST4000DM000,4000787030016,0,119.0,215889040.0,96.0,0.0,100.0,4.0,100.0,0.0,90.0,969866187.0,55.0,39602.0,100.0,0.0,100.0,4.0,100.0,0.0,100.0,0.0,100.0,0.0,100.0,0.0,100.0,0.0,77.0,23.0,100.0,0.0,100.0,0.0,80.0,40571.0,23.0,23.0,100.0,0.0,100.0,0.0,200.0,0.0,100.0,39447.0,100.0,59728515784.0,100.0,176471155594.0
2019-11-22,S300Z61L,ST4000DM000,4000787030016,0,117.0,158117352.0,96.0,0.0,100.0,4.0,100.0,0.0,90.0,971029201.0,55.0,39626.0,100.0,0.0,100.0,4.0,100.0,0.0,100.0,0.0,100.0,0.0,100.0,0.0,100.0,0.0,76.0,24.0,100.0,0.0,100.0,0.0,80.0,40571.0,24.0,24.0,100.0,0.0,100.0,0.0,200.0,0.0,100.0,39471.0,100.0,59741064880.0,100.0,176622228071.0
2019-11-23,S300Z61L,ST4000DM000,4000787030016,0,114.0,74244816.0,96.0,0.0,100.0,4.0,100.0,0.0,90.0,972477545.0,55.0,39650.0,100.0,0.0,100.0,4.0,100.0,0.0,100.0,0.0,100.0,0.0,100.0,0.0,100.0,0.0,77.0,23.0,100.0,0.0,100.0,0.0,80.0,40571.0,23.0,23.0,100.0,0.0,100.0,0.0,200.0,0.0,100.0,39496.0,100.0,59749656320.0,100.0,176806756441.0
2019-11-24,S300Z61L,ST4000DM000,4000787030016,0,118.0,191241280.0,96.0,0.0,100.0,4.0,100.0,0.0,90.0,975566598.0,55.0,39674.0,100.0,0.0,100.0,4.0,100.0,0.0,100.0,0.0,100.0,0.0,100.0,0.0,100.0,0.0,77.0,23.0,100.0,0.0,100.0,0.0,80.0,40572.0,23.0,23.0,100.0,0.0,100.0,0.0,200.0,0.0,100.0,39519.0,100.0,59761429544.0,100.0,176894260432.0
2019-11-25,S300Z61L,ST4000DM000,4000787030016,0,117.0,128064904.0,96.0,0.0,100.0,4.0,100.0,0.0,90.0,977269019.0,55.0,39698.0,100.0,0.0,100.0,4.0,100.0,0.0,100.0,0.0,100.0,0.0,100.0,0.0,100.0,0.0,77.0,23.0,100.0,0.0,100.0,0.0,80.0,40572.0,23.0,23.0,100.0,0.0,100.0,0.0,200.0,0.0,100.0,39543.0,100.0,59771284800.0,100.0,177149386476.0
2019-11-26,S300Z61L,ST4000DM000,4000787030016,0,117.0,153082296.0,96.0,0.0,100.0,4.0,100.0,0.0,90.0,978593277.0,55.0,39721.0,100.0,0.0,100.0,4.0,100.0,0.0,100.0,0.0,100.0,0.0,100.0,0.0,100.0,0.0,77.0,23.0,100.0,0.0,100.0,0.0,80.0,40572.0,23.0,23.0,100.0,0.0,100.0,0.0,200.0,0.0,100.0,39567.0,100.0,59780028112.0,100.0,177349104973.0
2019-11-27,S300Z61L,ST4000DM000,4000787030016,0,112.0,49540136.0,96.0,0.0,100.0,4.0,100.0,0.0,90.0,979827028.0,55.0,39745.0,100.0,0.0,100.0,4.0,100.0,0.0,100.0,0.0,100.0,0.0,100.0,0.0,100.0,0.0,77.0,23.0,100.0,0.0,100.0,0.0,80.0,40572.0,23.0,23.0,100.0,0.0,100.0,0.0,200.0,0.0,100.0,39591.0,100.0,59791932640.0,100.0,177575127372.0
2019-11-28,S300Z61L,ST4000DM000,4000787030016,0,118.0,182845192.0,96.0,0.0,100.0,4.0,100.0,0.0,90.0,982070483.0,55.0,39769.0,100.0,0.0,100.0,4.0,100.0,0.0,100.0,0.0,100.0,0.0,100.0,0.0,100.0,0.0,77.0,23.0,100.0,0.0,100.0,0.0,80.0,40574.0,23.0,23.0,100.0,0.0,100.0,0.0,200.0,0.0,100.0,39615.0,100.0,59802832184.0,100.0,177858838992.0
2019-11-29,S300Z61L,ST4000DM000,4000787030016,0,120.0,240541328.0,96.0,0.0,100.0,4.0,100.0,0.0,90.0,983464996.0,55.0,39793.0,100.0,0.0,100.0,4.0,100.0,0.0,100.0,0.0,100.0,0.0,100.0,0.0,100.0,0.0,77.0,23.0,100.0,0.0,100.0,0.0,80.0,40574.0,23.0,23.0,100.0,0.0,100.0,0.0,200.0,0.0,100.0,39639.0,100.0,59813289880.0,100.0,178203863124.0
2019-11-30,S300Z61L,ST4000DM000,4000787030016,0,118.0,179358608.0,96.0,0.0,100.0,4.0,100.0,0.0,90.0,984435327.0,55.0,39817.0,100.0,0.0,100.0,4.0,100.0,0.0,100.0,0.0,100.0,0.0,100.0,0.0,100.0,0.0,77.0,23.0,100.0,0.0,100.0,0.0,80.0,40574.0,23.0,23.0,100.0,0.0,100.0,0.0,200.0,0.0,100.0,39663.0,100.0,59824393040.0,100.0,178522778020.0
2019-12-01,S300Z61L,ST4000DM000,4000787030016,0,117.0,166787376.0,96.0,0.0,100.0,4.0,100.0,0.0,90.0,986612330.0,55.0,39841.0,100.0,0.0,100.0,4.0,100.0,0.0,100.0,0.0,100.0,0.0,100.0,0.0,100.0,0.0,77.0,23.0,100.0,0.0,100.0,0.0,80.0,40575.0,23.0,23.0,100.0,0.0,100.0,0.0,200.0,0.0,100.0,39687.0,100.0,59838458648.0,100.0,178706523477.0
2019-12-02,S300Z61L,ST4000DM000,4000787030016,0,114.0,71419928.0,96.0,0.0,100.0,4.0,100.0,0.0,90.0,988359267.0,55.0,39865.0,100.0,0.0,100.0,4.0,100.0,0.0,100.0,0.0,100.0,0.0,100.0,0.0,100.0,0.0,77.0,23.0,100.0,0.0,100.0,0.0,80.0,40575.0,23.0,23.0,100.0,0.0,100.0,0.0,200.0,0.0,100.0,39711.0,100.0,59850352856.0,100.0,178984830661.0
2019-12-03,S300Z61L,ST4000DM000,4000787030016,0,117.0,154697800.0,96.0,0.0,100.0,4.0,100.0,0.0,90.0,990481801.0,55.0,39889.0,100.0,0.0,100.0,4.0,100.0,0.0,100.0,0.0,100.0,0.0,100.0,0.0,100.0,0.0,77.0,23.0,100.0,0.0,100.0,0.0,80.0,40575.0,23.0,23.0,100.0,0.0,100.0,0.0,200.0,0.0,100.0,39735.0,100.0,59866299224.0,100.0,179291261183.0
2019-12-04,S300Z61L,ST4000DM000,4000787030016,0,118.0,197660832.0,96.0,0.0,100.0,4.0,100.0,0.0,90.0,992564973.0,55.0,39913.0,100.0,0.0,100.0,4.0,100.0,0.0,100.0,0.0,100.0,0.0,100.0,0.0,100.0,0.0,77.0,23.0,100.0,0.0,100.0,0.0,80.0,40575.0,23.0,23.0,100.0,0.0,100.0,0.0,200.0,0.0,100.0,39758.0,100.0,59879823792.0,100.0,179565947043.0
2019-12-05,S300Z61L,ST4000DM000,4000787030016,0,117.0,130405320.0,96.0,0.0,100.0,4.0,100.0,0.0,90.0,994776941.0,55.0,39936.0,100.0,0.0,100.0,4.0,100.0,0.0,100.0,0.0,100.0,0.0,100.0,0.0,100.0,0.0,77.0,23.0,100.0,0.0,100.0,0.0,80.0,40576.0,23.0,23.0,100.0,0.0,100.0,0.0,200.0,0.0,100.0,39782.0,100.0,59898637608.0,100.0,179836543190.0
2019-12-06,S300Z61L,ST4000DM000,4000787030016,0,101.0,3207784.0,96.0,0.0,100.0,4.0,100.0,0.0,90.0,997176430.0,55.0,39960.0,100.0,0.0,100.0,4.0,100.0,0.0,100.0,0.0,100.0,0.0,100.0,0.0,100.0,0.0,77.0,23.0,100.0,0.0,100.0,0.0,80.0,40576.0,23.0,23.0,100.0,0.0,100.0,0.0,200.0,0.0,100.0,39806.0,100.0,59912426928.0,100.0,180113976438.0
2019-12-07,S300Z61L,ST4000DM000,4000787030016,0,104.0,6721248.0,96.0,0.0,100.0,4.0,100.0,0.0,90.0,998532289.0,55.0,39984.0,100.0,0.0,100.0,4.0,100.0,0.0,100.0,0.0,100.0,0.0,100.0,0.0,100.0,0.0,77.0,23.0,100.0,0.0,100.0,0.0,80.0,40576.0,23.0,23.0,100.0,0.0,100.0,0.0,200.0,0.0,100.0,39830.0,100.0,59922974000.0,100.0,180315002696.0
2019-12-08,S300Z61L,ST4000DM000,4000787030016,0,119.0,202447184.0,96.0,0.0,100.0,4.0,100.0,0.0,90.0,436533.0,55.0,40008.0,100.0,0.0,100.0,4.0,100.0,0.0,100.0,0.0,100.0,0.0,100.0,0.0,100.0,0.0,77.0,23.0,100.0,0.0,100.0,0.0,80.0,40576.0,23.0,23.0,100.0,0.0,100.0,0.0,200.0,0.0,100.0,39854.0,100.0,59936363120.0,100.0,180418952091.0
2019-12-09,S300Z61L,ST4000DM000,4000787030016,0,119.0,207263856.0,96.0,0.0,100.0,4.0,100.0,0.0,62.0,1739343.0,55.0,40032.0,100.0,0.0,100.0,4.0,100.0,0.0,100.0,0.0,100.0,0.0,100.0,0.0,100.0,0.0,77.0,23.0,100.0,0.0,100.0,0.0,80.0,40576.0,23.0,23.0,100.0,0.0,100.0,0.0,200.0,0.0,100.0,39878.0,100.0,59955827944.0,100.0,180607014057.0
2019-12-10,S300Z61L,ST4000DM000,4000787030016,0,119.0,214597600.0,96.0,0.0,100.0,4.0,100.0,0.0,65.0,3200852.0,55.0,40056.0,100.0,0.0,100.0,4.0,100.0,0.0,100.0,0.0,100.0,0.0,100.0,0.0,100.0,0.0,77.0,23.0,100.0,0.0,100.0,0.0,80.0,40576.0,23.0,23.0,100.0,0.0,100.0,0.0,200.0,0.0,100.0,39902.0,100.0,59972479904.0,100.0,180799104793.0
2019-12-11,S300Z61L,ST4000DM000,4000787030016,0,117.0,143072192.0,96.0,0.0,100.0,4.0,100.0,0.0,66.0,4843320.0,55.0,40081.0,100.0,0.0,100.0,4.0,100.0,0.0,100.0,0.0,100.0,0.0,100.0,0.0,100.0,0.0,77.0,23.0,100.0,0.0,100.0,0.0,80.0,40576.0,23.0,23.0,100.0,0.0,100.0,0.0,200.0,0.0,100.0,39926.0,100.0,59982964376.0,100.0,181001556167.0
2019-12-12,S300Z61L,ST4000DM000,4000787030016,0,111.0,35894856.0,96.0,0.0,100.0,4.0,100.0,0.0,68.0,6889006.0,55.0,40105.0,100.0,0.0,100.0,4.0,100.0,0.0,100.0,0.0,100.0,0.0,100.0,0.0,100.0,0.0,77.0,23.0,100.0,0.0,100.0,0.0,80.0,40577.0,23.0,23.0,100.0,0.0,100.0,0.0,200.0,0.0,100.0,39950.0,100.0,59990833128.0,100.0,181246829240.0
2019-12-13,S300Z61L,ST4000DM000,4000787030016,0,119.0,207080552.0,96.0,0.0,100.0,4.0,100.0,0.0,69.0,8928142.0,55.0,40129.0,100.0,0.0,100.0,4.0,100.0,0.0,100.0,0.0,100.0,0.0,100.0,0.0,100.0,0.0,77.0,23.0,100.0,0.0,100.0,0.0,80.0,40577.0,23.0,23.0,100.0,0.0,100.0,0.0,200.0,0.0,100.0,39974.0,100.0,59998227232.0,100.0,181422332144.0
2019-12-14,S300Z61L,ST4000DM000,4000787030016,0,115.0,87764952.0,96.0,0.0,100.0,4.0,100.0,0.0,70.0,11956552.0,55.0,40153.0,100.0,0.0,100.0,4.0,100.0,0.0,100.0,0.0,100.0,0.0,100.0,0.0,100.0,0.0,77.0,23.0,100.0,0.0,100.0,0.0,80.0,40577.0,23.0,23.0,100.0,0.0,100.0,0.0,200.0,0.0,100.0,39998.0,100.0,60009937752.0,100.0,181606400523.0
2019-12-15,S300Z61L,ST4000DM000,4000787030016,0,117.0,127466216.0,96.0,0.0,100.0,4.0,100.0,0.0,71.0,13729891.0,55.0,40177.0,100.0,0.0,100.0,4.0,100.0,0.0,100.0,0.0,100.0,0.0,100.0,0.0,100.0,0.0,77.0,23.0,100.0,0.0,100.0,0.0,80.0,40577.0,23.0,23.0,100.0,0.0,100.0,0.0,200.0,0.0,100.0,40022.0,100.0,60019912704.0,100.0,181671959065.0
2019-12-16,S300Z61L,ST4000DM000,4000787030016,0,119.0,216688304.0,96.0,0.0,100.0,4.0,100.0,0.0,72.0,15443424.0,55.0,40201.0,100.0,0.0,100.0,4.0,100.0,0.0,100.0,0.0,100.0,0.0,100.0,0.0,100.0,0.0,77.0,23.0,100.0,0.0,100.0,0.0,80.0,40577.0,23.0,23.0,100.0,0.0,100.0,0.0,200.0,0.0,100.0,40046.0,100.0,60030965760.0,100.0,181876519664.0
2019-12-17,S300Z61L,ST4000DM000,4000787030016,0,115.0,99313808.0,96.0,0.0,100.0,4.0,100.0,0.0,72.0,17226820.0,55.0,40225.0,100.0,0.0,100.0,4.0,100.0,0.0,100.0,0.0,100.0,0.0,100.0,0.0,100.0,0.0,77.0,23.0,100.0,0.0,100.0,0.0,80.0,40577.0,23.0,23.0,100.0,0.0,100.0,0.0,200.0,0.0,100.0,40070.0,100.0,60046924256.0,100.0,182089371407.0
2019-12-18,S300Z61L,ST4000DM000,4000787030016,0,114.0,59198112.0,96.0,0.0,100.0,4.0,100.0,0.0,72.0,18592654.0,55.0,40249.0,100.0,0.0,100.0,4.0,100.0,0.0,100.0,0.0,100.0,0.0,100.0,0.0,100.0,0.0,77.0,23.0,100.0,0.0,100.0,0.0,80.0,40577.0,23.0,23.0,100.0,0.0,100.0,0.0,200.0,0.0,100.0,40094.0,100.0,60062194568.0,100.0,182323019734.0
2019-12-19,S300Z61L,ST4000DM000,4000787030016,0,114.0,79558336.0,96.0,0.0,100.0,4.0,100.0,0.0,72.0,20531586.0,55.0,40273.0,100.0,0.0,100.0,4.0,100.0,0.0,100.0,0.0,100.0,0.0,100.0,0.0,100.0,0.0,77.0,23.0,100.0,0.0,100.0,0.0,80.0,40579.0,23.0,23.0,100.0,0.0,100.0,0.0,200.0,0.0,100.0,40119.0,100.0,60074550064.0,100.0,182505583386.0
2019-12-20,S300Z61L,ST4000DM000,4000787030016,0,102.0,4639640.0,96.0,0.0,100.0,4.0,100.0,0.0,73.0,21863169.0,54.0,40297.0,100.0,0.0,100.0,4.0,100.0,0.0,100.0,0.0,100.0,0.0,100.0,0.0,100.0,0.0,77.0,23.0,100.0,0.0,100.0,0.0,80.0,40582.0,23.0,23.0,100.0,0.0,100.0,0.0,200.0,0.0,100.0,40143.0,100.0,60089547776.0,100.0,182682371587.0
2019-12-21,S300Z61L,ST4000DM000,4000787030016,0,118.0,181955616.0,96.0,0.0,100.0,4.0,100.0,0.0,73.0,23476376.0,54.0,40321.0,100.0,0.0,100.0,4.0,100.0,0.0,100.0,0.0,100.0,0.0,100.0,0.0,100.0,0.0,77.0,23.0,100.0,0.0,100.0,0.0,80.0,40582.0,23.0,23.0,100.0,0.0,100.0,0.0,200.0,0.0,100.0,40167.0,100.0,60104369880.0,100.0,182924093405.0
2019-12-22,S300Z61L,ST4000DM000,4000787030016,0,107.0,13737504.0,96.0,0.0,100.0,4.0,100.0,0.0,74.0,25366757.0,54.0,40345.0,100.0,0.0,100.0,4.0,100.0,0.0,100.0,0.0,100.0,0.0,100.0,0.0,100.0,0.0,77.0,23.0,100.0,0.0,100.0,0.0,80.0,40583.0,23.0,23.0,100.0,0.0,100.0,0.0,200.0,0.0,100.0,40191.0,100.0,60116441400.0,100.0,183029654513.0
2019-12-23,S300Z61L,ST4000DM000,4000787030016,0,111.0,39997288.0,96.0,0.0,100.0,4.0,100.0,0.0,74.0,26829585.0,54.0,40369.0,100.0,0.0,100.0,4.0,100.0,0.0,100.0,0.0,100.0,0.0,100.0,0.0,100.0,0.0,77.0,23.0,100.0,0.0,100.0,0.0,80.0,40583.0,23.0,23.0,100.0,0.0,100.0,0.0,200.0,0.0,100.0,40215.0,100.0,60131570464.0,100.0,183236977476.0
2019-12-24,S300Z61L,ST4000DM000,4000787030016,0,115.0,89959824.0,96.0,0.0,100.0,4.0,100.0,0.0,74.0,28148319.0,54.0,40393.0,100.0,0.0,100.0,4.0,100.0,0.0,100.0,0.0,100.0,0.0,100.0,0.0,100.0,0.0,77.0,23.0,100.0,0.0,100.0,0.0,80.0,40583.0,23.0,23.0,100.0,0.0,100.0,0.0,200.0,0.0,100.0,40239.0,100.0,60146425824.0,100.0,183447255077.0
2019-12-25,S300Z61L,ST4000DM000,4000787030016,0,103.0,5914816.0,96.0,0.0,100.0,4.0,100.0,0.0,75.0,29569764.0,54.0,40417.0,100.0,0.0,100.0,4.0,100.0,0.0,100.0,0.0,100.0,0.0,100.0,0.0,100.0,0.0,78.0,22.0,100.0,0.0,100.0,0.0,80.0,40583.0,22.0,22.0,100.0,0.0,100.0,0.0,200.0,0.0,100.0,40263.0,100.0,60162232888.0,100.0,183676481044.0
2019-12-26,S300Z61L,ST4000DM000,4000787030016,0,119.0,221021056.0,96.0,0.0,100.0,4.0,100.0,0.0,75.0,31525465.0,54.0,40441.0,100.0,0.0,100.0,4.0,100.0,0.0,100.0,0.0,100.0,0.0,100.0,0.0,100.0,0.0,77.0,23.0,100.0,0.0,100.0,0.0,80.0,40583.0,23.0,23.0,100.0,0.0,100.0,0.0,200.0,0.0,100.0,40287.0,100.0,60171570160.0,100.0,184034215570.0
2019-12-27,S300Z61L,ST4000DM000,4000787030016,0,117.0,134413000.0,96.0,0.0,100.0,4.0,100.0,0.0,75.0,32988483.0,54.0,40465.0,100.0,0.0,100.0,4.0,100.0,0.0,100.0,0.0,100.0,0.0,100.0,0.0,100.0,0.0,77.0,23.0,100.0,0.0,100.0,0.0,80.0,40583.0,23.0,23.0,100.0,0.0,100.0,0.0,200.0,0.0,100.0,40311.0,100.0,60184505720.0,100.0,184354547463.0
2019-12-28,S300Z61L,ST4000DM000,4000787030016,0,119.0,228051712.0,96.0,0.0,100.0,4.0,100.0,0.0,75.0,34666604.0,54.0,40489.0,100.0,0.0,100.0,4.0,100.0,0.0,100.0,0.0,100.0,0.0,100.0,0.0,100.0,0.0,77.0,23.0,100.0,0.0,100.0,0.0,80.0,40583.0,23.0,23.0,100.0,0.0,100.0,0.0,200.0,0.0,100.0,40335.0,100.0,60202178632.0,100.0,184654237071.0
2019-12-29,S300Z61L,ST4000DM000,4000787030016,0,116.0,112704456.0,96.0,0.0,100.0,4.0,100.0,0.0,75.0,36557952.0,54.0,40513.0,100.0,0.0,100.0,4.0,100.0,0.0,100.0,0.0,100.0,0.0,100.0,0.0,100.0,0.0,77.0,23.0,100.0,0.0,100.0,0.0,80.0,40584.0,23.0,23.0,100.0,0.0,100.0,0.0,200.0,0.0,100.0,40359.0,100.0,60216701264.0,100.0,184749338916.0
2019-12-30,S300Z61L,ST4000DM000,4000787030016,0,118.0,170416160.0,96.0,0.0,100.0,4.0,100.0,0.0,75.0,38552379.0,54.0,40537.0,100.0,0.0,100.0,4.0,100.0,0.0,100.0,0.0,100.0,0.0,100.0,0.0,100.0,0.0,77.0,23.0,100.0,0.0,100.0,0.0,80.0,40584.0,23.0,23.0,100.0,0.0,100.0,0.0,200.0,0.0,100.0,40383.0,100.0,60233554416.0,100.0,185048907972.0
2019-12-31,S300Z61L,ST4000DM000,4000787030016,0,114.0,66484712.0,96.0,0.0,100.0,4.0,100.0,0.0,75.0,40670153.0,54.0,40561.0,100.0,0.0,100.0,4.0,100.0,0.0,100.0,0.0,100.0,0.0,100.0,0.0,100.0,0.0,77.0,23.0,100.0,0.0,100.0,0.0,80.0,40584.0,23.0,23.0,100.0,0.0,100.0,0.0,200.0,0.0,100.0,40407.0,100.0,60248649192.0,100.0,185294322537.0
