2019-01-01,Z304GJ95,ST4000DM000,4000787030016,0,120,237612136,92.0,0.0,100.0,10.0,100.0,0.0,85.0,346330542.0,69,27676,100.0,0.0,100,10,98.0,2.0,100.0,0.0,100.0,0.0,100.0,0.0,100.0,0.0,82.0,18.0,100.0,0.0,100.0,0.0,94.0,12778.0,18,18,100.0,0.0,100.0,0.0,200.0,0.0,100.0,27539.0,100.0,47721933168.0,100.0,116991458507.0
2019-01-02,Z304GJ95,ST4000DM000,4000787030016,0,114,70334208,92.0,0.0,100.0,10.0,100.0,0.0,85.0,348114297.0,69,27700,100.0,0.0,100,10,98.0,2.0,100.0,0.0,100.0,0.0,100.0,0.0,100.0,0.0,82.0,18.0,100.0,0.0,100.0,0.0,94.0,12778.0,18,18,100.0,0.0,100.0,0.0,200.0,0.0,100.0,27563.0,100.0,47740490768.0,100.0,117112379521.0
2019-01-03,Z304GJ95,ST4000DM000,4000787030016,0,119.0,214255968.0,92.0,0.0,100.0,10.0,100.0,0.0,85.0,348711956.0,69.0,27724.0,100.0,0.0,100.0,10.0,98.0,2.0,100.0,0.0,100.0,0.0,100.0,0.0,100.0,0.0,81.0,19.0,100.0,0.0,100.0,0.0,94.0,12778.0,19.0,19.0,100.0,0.0,100.0,0.0,200.0,0.0,100.0,27586.0,100.0,47765457368.0,100.0,117166004491.0
2019-01-04,Z304GJ95,ST4000DM000,4000787030016,0,116,110324880,92.0,0.0,100.0,10.0,100.0,0.0,85.0,350467771.0,69,27748,100.0,0.0,100,10,98.0,2.0,100.0,0.0,100.0,0.0,100.0,0.0,100.0,0.0,80.0,20.0,100.0,0.0,100.0,0.0,94.0,12778.0,20,20,100.0,0.0,100.0,0.0,200.0,0.0,100.0,27611.0,100.0,47790934736.0,100.0,117272627347.0
2019-01-05,Z304GJ95,ST4000DM000,4000787030016,0,112,44736408,92.0,0.0,100.0,10.0,100.0,0.0,85.0,351354236.0,69,27772,100.0,0.0,100,10,98.0,2.0,100.0,0.0,100.0,0.0,100.0,0.0,100.0,0.0,79.0,21.0,100.0,0.0,100.0,0.0,94.0,12778.0,21,21,100.0,0.0,100.0,0.0,200.0,0.0,100.0,27634.0,100.0,47821796888.0,100.0,117384977746.0
2019-01-06,Z304GJ95,ST4000DM000,4000787030016,0,114,68346192,92.0,0.0,100.0,10.0,100.0,0.0,85.0,352550964.0,69,27796,100.0,0.0,100,10,98.0,2.0,100.0,0.0,100.0,0.0,100.0,0.0,100.0,0.0,81.0,19.0,100.0,0.0,100.0,0.0,94.0,12778.0,19,19,100.0,0.0,100.0,0.0,200.0,0.0,100.0,27659.0,100.0,47840287656.0,100.0,117521425957.0
2019-01-07,Z304GJ95,ST4000DM000,4000787030016,0,117,167469768,92.0,0.0,100.0,10.0,100.0,0.0,85.0,353666126.0,69,27820,100.0,0.0,100,10,98.0,2.0,100.0,0.0,100.0,0.0,100.0,0.0,100.0,0.0,80.0,20.0,100.0,0.0,100.0,0.0,94.0,12778.0,20,20,100.0,0.0,100.0,0.0,200.0,0.0,100.0,27682.0,100.0,47863597336.0,100.0,117642139096.0
2019-01-08,Z304GJ95,ST4000DM000,4000787030016,0,116,106510240,92.0,0.0,100.0,10.0,100.0,0.0,85.0,355141494.0,69,27844,100.0,0.0,100,10,98.0,2.0,100.0,0.0,100.0,0.0,100.0,0.0,100.0,0.0,81.0,19.0,100.0,0.0,100.0,0.0,94.0,12778.0,19,19,100.0,0.0,100.0,0.0,200.0,0.0,100.0,27707.0,100.0,47888288832.0,100.0,117801854787.0
2019-01-09,Z304GJ95,ST4000DM000,4000787030016,0,106,12033072,92.0,0.0,100.0,10.0,100.0,0.0,85.0,357424192.0,69,27868,100.0,0.0,100,10,98.0,2.0,100.0,0.0,100.0,0.0,100.0,0.0,100.0,0.0,82.0,18.0,100.0,0.0,100.0,0.0,94.0,12778.0,18,18,100.0,0.0,100.0,0.0,200.0,0.0,100.0,27731.0,100.0,47919650416.0,100.0,117959083203.0
2019-01-10,Z304GJ95,ST4000DM000,4000787030016,0,117,155361352,92.0,0.0,100.0,10.0,100.0,0.0,85.0,358345966.0,69,27887,100.0,0.0,100,10,98.0,2.0,100.0,0.0,100.0,0.0,100.0,0.0,100.0,0.0,82.0,18.0,100.0,0.0,100.0,0.0,94.0,12778.0,18,18,100.0,0.0,100.0,0.0,200.0,0.0,100.0,27749.0,100.0,47934723232.0,100.0,118063748869.0
2019-01-11,Z304GJ95,ST4000DM000,4000787030016,0,118.0,188939232.0,92.0,0.0,100.0,10.0,100.0,0.0,85.0,359390650.0,69.0,27908.0,100.0,0.0,100.0,10.0,98.0,2.0,100.0,0.0,100.0,0.0,100.0,0.0,100.0,0.0,81.0,19.0,100.0,0.0,100.0,0.0,94.0,12778.0,19.0,19.0,100.0,0.0,100.0,0.0,200.0,0.0,100.0,27770.0,100.0,47954782080.0,100.0,118151938314.0
2019-01-12,Z304GJ95,ST4000DM000,4000787030016,0,117,138368408,92.0,0.0,100.0,10.0,100.0,0.0,85.0,360885022.0,69,27932,100.0,0.0,100,10,98.0,2.0,100.0,0.0,100.0,0.0,100.0,0.0,100.0,0.0,81.0,19.0,100.0,0.0,100.0,0.0,94.0,12778.0,19,19,100.0,0.0,100.0,0.0,200.0,0.0,100.0,27794.0,100.0,47981335328.0,100.0,118231207063.0
2019-01-13,Z304GJ95,ST4000DM000,4000787030016,0,117,117949832,92.0,0.0,100.0,10.0,100.0,0.0,85.0,362256368.0,69,27956,100.0,0.0,100,10,98.0,2.0,100.0,0.0,100.0,0.0,100.0,0.0,100.0,0.0,81.0,19.0,100.0,0.0,100.0,0.0,94.0,12778.0,19,19,100.0,0.0,100.0,0.0,200.0,0.0,100.0,27818.0,100.0,48003156872.0,100.0,118421504692.0
2019-01-14,Z304GJ95,ST4000DM000,4000787030016,0,114,66533784,92.0,0.0,100.0,10.0,100.0,0.0,85.0,364745053.0,69,27980,100.0,0.0,100,10,98.0,2.0,100.0,0.0,100.0,0.0,100.0,0.0,100.0,0.0,81.0,19.0,100.0,0.0,100.0,0.0,94.0,12778.0,19,19,100.0,0.0,100.0,0.0,200.0,0.0,100.0,27842.0,100.0,48021267752.0,100.0,118599063257.0
2019-01-15,Z304GJ95,ST4000DM000,4000787030016,0,112.0,47926472.0,92.0,0.0,100.0,10.0,100.0,0.0,85.0,365861974.0,69.0,28004.0,100.0,0.0,100.0,10.0,98.0,2.0,100.0,0.0,100.0,0.0,100.0,0.0,100.0,0.0,81.0,19.0,100.0,0.0,100.0,0.0,94.0,12778.0,19.0,19.0,100.0,0.0,100.0,0.0,200.0,0.0,100.0,27866.0,100.0,48062132024.0,100.0,118729798490.0
2019-01-16,Z304GJ95,ST4000DM000,4000787030016,0,118,179686160,92.0,0.0,100.0,10.0,100.0,0.0,85.0,367901335.0,69,28028,100.0,0.0,100,10,98.0,2.0,100.0,0.0,100.0,0.0,100.0,0.0,100.0,0.0,81.0,19.0,100.0,0.0,100,0,94.0,12778.0,19,19,100.0,0.0,100.0,0.0,200.0,0.0,100.0,27890.0,100.0,48098040384.0,100.0,118868980306.0
2019-01-17,Z304GJ95,ST4000DM000,4000787030016,0,118,182827896,92.0,0.0,100.0,10.0,100.0,0.0,85.0,369018724.0,68,28052,100.0,0.0,100,10,98.0,2.0,100.0,0.0,100.0,0.0,100.0,0.0,100.0,0.0,81.0,19.0,100.0,0.0,100,0,94.0,12778.0,19,19,100.0,0.0,100.0,0.0,200.0,0.0,100.0,27914.0,100.0,48124450480.0,100.0,119016408983.0
2019-01-18,Z304GJ95,ST4000DM000,4000787030016,0,108,16156512,92.0,0.0,100.0,10.0,100.0,0.0,85.0,370144039.0,68,28076,100.0,0.0,100,10,98.0,2.0,100.0,0.0,100.0,0.0,100.0,0.0,100.0,0.0,81.0,19.0,100.0,0.0,100,0,94.0,12778.0,19,19,100.0,0.0,100.0,0.0,200.0,0.0,100.0,27938.0,100.0,48144799080.0,100.0,119187651209.0
2019-01-19,Z304GJ95,ST4000DM000,4000787030016,0,118,193985352,92.0,0.0,100.0,10.0,100.0,0.0,85.0,371600403.0,68,28099,100.0,0.0,100,10,98.0,2.0,100.0,0.0,100.0,0.0,100.0,0.0,100.0,0.0,81.0,19.0,100.0,0.0,100,0,94.0,12778.0,19,19,100.0,0.0,100.0,0.0,200.0,0.0,100.0,27962.0,100.0,48183669344.0,100.0,119321830381.0
2019-01-20,Z304GJ95,ST4000DM000,4000787030016,0,114,65005000,92.0,0.0,100.0,10.0,100.0,0.0,85.0,372224300.0,68,28123,100.0,0.0,100,10,98.0,2.0,100.0,0.0,100.0,0.0,100.0,0.0,100.0,0.0,81.0,19.0,100.0,0.0,100,0,94.0,12778.0,19,19,100.0,0.0,100.0,0.0,200.0,0.0,100.0,27986.0,100.0,48198547080.0,100.0,119475252753.0
2019-01-21,Z304GJ95,ST4000DM000,4000787030016,0,108,18315640,92.0,0.0,100.0,10.0,100.0,0.0,85.0,372869520.0,68,28147,100.0,0.0,100,10,98.0,2.0,100.0,0.0,100.0,0.0,100.0,0.0,100.0,0.0,81.0,19.0,100.0,0.0,100,0,94.0,12778.0,19,19,100.0,0.0,100.0,0.0,200.0,0.0,100.0,28010.0,100.0,48212885408.0,100.0,119640548655.0
2019-01-22,Z304GJ95,ST4000DM000,4000787030016,0,108.0,16801688.0,92.0,0.0,100.0,10.0,100.0,0.0,85.0,373496042.0,68.0,28171.0,100.0,0.0,100.0,10.0,98.0,2.0,100.0,0.0,100.0,0.0,100.0,0.0,100.0,0.0,81.0,19.0,100.0,0.0,100.0,0.0,94.0,12778.0,19.0,19.0,100.0,0.0,100.0,0.0,200.0,0.0,100.0,28034.0,100.0,48229270360.0,100.0,119786585079.0
2019-01-23,Z304GJ95,ST4000DM000,4000787030016,0,114.0,66617432.0,92.0,0.0,100.0,10.0,100.0,0.0,85.0,375434828.0,68.0,28195.0,100.0,0.0,100.0,10.0,98.0,2.0,100.0,0.0,100.0,0.0,100.0,0.0,100.0,0.0,80.0,20.0,100.0,0.0,100.0,0.0,94.0,12778.0,20.0,20.0,100.0,0.0,100.0,0.0,200.0,0.0,100.0,28058.0,100.0,48253239648.0,100.0,119988258812.0
2019-01-24,Z304GJ95,ST4000DM000,4000787030016,0,114.0,68175112.0,92.0,0.0,100.0,10.0,100.0,0.0,85.0,376424543.0,68.0,28219.0,100.0,0.0,100.0,10.0,98.0,2.0,100.0,0.0,100.0,0.0,100.0,0.0,100.0,0.0,80.0,20.0,100.0,0.0,100.0,0.0,94.0,12778.0,20.0,20.0,100.0,0.0,100.0,0.0,200.0,0.0,100.0,28081.0,100.0,48269272456.0,100.0,120110959075.0
2019-01-25,Z304GJ95,ST4000DM000,4000787030016,0,118,173545880,92.0,0.0,100.0,10.0,100.0,0.0,85.0,377617061.0,68,28243,100.0,0.0,100,10,98.0,2.0,100.0,0.0,100.0,0.0,100.0,0.0,100.0,0.0,81.0,19.0,100.0,0.0,100,0,94.0,12778.0,19,19,100.0,0.0,100.0,0.0,200.0,0.0,100.0,28105.0,100.0,48289970240.0,100.0,120258111593.0
2019-01-26,Z304GJ95,ST4000DM000,4000787030016,0,117,128669528,92.0,0.0,100.0,10.0,100.0,0.0,85.0,379178858.0,68,28267,100.0,0.0,100,10,98.0,2.0,100.0,0.0,100.0,0.0,100.0,0.0,100.0,0.0,82.0,18.0,100.0,0.0,100,0,94.0,12778.0,18,18,100.0,0.0,100.0,0.0,200.0,0.0,100.0,28129.0,100.0,48313320464.0,100.0,120387731712.0
2019-01-27,Z304GJ95,ST4000DM000,4000787030016,0,116,112821664,92.0,0.0,100.0,10.0,100.0,0.0,85.0,380905284.0,68,28291,100.0,0.0,100,10,98.0,2.0,100.0,0.0,100.0,0.0,100.0,0.0,100.0,0.0,80.0,20.0,100.0,0.0,100,0,94.0,12778.0,20,20,100.0,0.0,100.0,0.0,200.0,0.0,100.0,28153.0,100.0,48332677880.0,100.0,120554626640.0
2019-01-28,Z304GJ95,ST4000DM000,4000787030016,0,112,44821424,92.0,0.0,100.0,10.0,100.0,0.0,85.0,383475706.0,68,28315,100.0,0.0,100,10,98.0,2.0,100.0,0.0,100.0,0.0,100.0,0.0,100.0,0.0,81.0,19.0,100.0,0.0,100,0,94.0,12778.0,19,19,100.0,0.0,100.0,0.0,200.0,0.0,100.0,28177.0,100.0,48352545616.0,100.0,120717775032.0
2019-01-29,Z304GJ95,ST4000DM000,4000787030016,0,119,215596656,92.0,0.0,100.0,10.0,100.0,0.0,85.0,384750113.0,68,28339,100.0,0.0,100,10,98.0,2.0,100.0,0.0,100.0,0.0,100.0,0.0,100.0,0.0,81.0,19.0,100.0,0.0,100,0,94.0,12778.0,19,19,100.0,0.0,100.0,0.0,200.0,0.0,100.0,28201.0,100.0,48367143592.0,100.0,120900032869.0
2019-01-30,Z304GJ95,ST4000DM000,4000787030016,0,119,217651312,92.0,0.0,100.0,10.0,100.0,0.0,85.0,386646162.0,68,28363,100.0,0.0,100,10,98.0,2.0,100.0,0.0,100.0,0.0,100.0,0.0,100.0,0.0,82.0,18.0,100.0,0.0,100,0,94.0,12778.0,18,18,100.0,0.0,100.0,0.0,200.0,0.0,100.0,28225.0,100.0,48393059776.0,100.0,121043361914.0
2019-01-31,Z304GJ95,ST4000DM000,4000787030016,0,108,17869424,92.0,0.0,100.0,10.0,100.0,0.0,85.0,387246073.0,68,28387,100.0,0.0,100,10,98.0,2.0,100.0,0.0,100.0,0.0,100.0,0.0,100.0,0.0,81.0,19.0,100.0,0.0,100,0,94.0,12778.0,19,19,100.0,0.0,100.0,0.0,200.0,0.0,100.0,28249.0,100.0,48409429816.0,100.0,121114995777.0
2019-02-01,Z304GJ95,ST4000DM000,4000787030016,0,115,89099816,92.0,0.0,100.0,10.0,100.0,0.0,85.0,388264308.0,68,28411,100.0,0.0,100,10,98.0,2.0,100.0,0.0,100.0,0.0,100.0,0.0,100.0,0.0,82.0,18.0,100.0,0.0,100,0,94.0,12778.0,18,18,100.0,0.0,100.0,0.0,200.0,0.0,100.0,28273.0,100.0,48430596056.0,100.0,121229415063.0
2019-02-02,Z304GJ95,ST4000DM000,4000787030016,0,118.0,200130240.0,92.0,0.0,100.0,10.0,100.0,0.0,85.0,389860108.0,68.0,28434.0,100.0,0.0,100.0,10.0,98.0,2.0,100.0,0.0,100.0,0.0,100.0,0.0,100.0,0.0,80.0,20.0,100.0,0.0,100.0,0.0,94.0,12778.0,20.0,20.0,100.0,0.0,100.0,0.0,200.0,0.0,100.0,28297.0,100.0,48448545496.0,100.0,121328464465.0
2019-02-03,Z304GJ95,ST4000DM000,4000787030016,0,104,6613712,92.0,0.0,100.0,10.0,100.0,0.0,85.0,390673787.0,68,28458,100.0,0.0,100,10,98.0,2.0,100.0,0.0,100.0,0.0,100.0,0.0,100.0,0.0,80.0,20.0,100.0,0.0,100,0,94.0,12778.0,20,20,100.0,0.0,100.0,0.0,200.0,0.0,100.0,28321.0,100.0,48462229056.0,100.0,121441657528.0
2019-02-04,Z304GJ95,ST4000DM000,4000787030016,0,117,117922664,92.0,0.0,100.0,10.0,100.0,0.0,85.0,391624223.0,68,28482,100.0,0.0,100,10,98.0,2.0,100.0,0.0,100.0,0.0,100.0,0.0,100.0,0.0,81.0,19.0,100.0,0.0,100,0,94.0,12778.0,19,19,100.0,0.0,100.0,0.0,200.0,0.0,100.0,28345.0,100.0,48479372976.0,100.0,121557347394.0
2019-02-05,Z304GJ95,ST4000DM000,4000787030016,0,103.0,6111216.0,92.0,0.0,100.0,10.0,100.0,0.0,85.0,392457836.0,68.0,28506.0,100.0,0.0,100.0,10.0,98.0,2.0,100.0,0.0,100.0,0.0,100.0,0.0,100.0,0.0,81.0,19.0,100.0,0.0,100.0,0.0,94.0,12778.0,19.0,19.0,100.0,0.0,100.0,0.0,200.0,0.0,100.0,28369.0,100.0,48505164368.0,100.0,121642170519.0
2019-02-06,Z304GJ95,ST4000DM000,4000787030016,0,118,190213864,92.0,0.0,100.0,10.0,100.0,0.0,85.0,394976274.0,68,28530,100.0,0.0,100,10,98.0,2.0,100.0,0.0,100.0,0.0,100.0,0.0,100.0,0.0,81.0,19.0,100.0,0.0,100,0,94.0,12778.0,19,19,100.0,0.0,100.0,0.0,200.0,0.0,100.0,28392.0,100.0,48536568664.0,100.0,121828223749.0
2019-02-07,Z304GJ95,ST4000DM000,4000787030016,0,117.0,160971000.0,92.0,0.0,100.0,10.0,100.0,0.0,85.0,396110747.0,68.0,28554.0,100.0,0.0,100.0,10.0,98.0,2.0,100.0,0.0,100.0,0.0,100.0,0.0,100.0,0.0,79.0,21.0,100.0,0.0,100.0,0.0,94.0,12778.0,21.0,21.0,100.0,0.0,100.0,0.0,200.0,0.0,100.0,28416.0,100.0,48555143760.0,100.0,121974164712.0
2019-02-08,Z304GJ95,ST4000DM000,4000787030016,0,117,137322048,92.0,0.0,100.0,10.0,100.0,0.0,85.0,397288176.0,68,28578,100.0,0.0,100,10,98.0,2.0,100.0,0.0,100.0,0.0,100.0,0.0,100.0,0.0,80.0,20.0,100.0,0.0,100,0,94.0,12778.0,20,20,100.0,0.0,100.0,0.0,200.0,0.0,100.0,28440.0,100.0,48572650448.0,100.0,122119336650.0
2019-02-09,Z304GJ95,ST4000DM000,4000787030016,0,116.0,111144576.0,92.0,0.0,100.0,10.0,100.0,0.0,85.0,399091572.0,68.0,28602.0,100.0,0.0,100.0,10.0,98.0,2.0,100.0,0.0,100.0,0.0,100.0,0.0,100.0,0.0,80.0,20.0,100.0,0.0,100.0,0.0,94.0,12778.0,20.0,20.0,100.0,0.0,100.0,0.0,200.0,0.0,100.0,28464.0,100.0,48590388216.0,100.0,122241050143.0
2019-02-10,Z304GJ95,ST4000DM000,4000787030016,0,117,121385016,92.0,0.0,100.0,10.0,100.0,0.0,85.0,401697292.0,68,28626,100.0,0.0,100,10,98.0,2.0,100.0,0.0,100.0,0.0,100.0,0.0,100.0,0.0,81.0,19.0,100.0,0.0,100,0,94.0,12778.0,19,19,100.0,0.0,100.0,0.0,200.0,0.0,100.0,28488.0,100.0,48612896376.0,100.0,122401284687.0
2019-02-11,Z304GJ95,ST4000DM000,4000787030016,0,120,730248,92.0,0.0,100.0,10.0,100.0,0.0,85.0,402521959.0,68,28649,100.0,0.0,100,10,98.0,2.0,100.0,0.0,100.0,0.0,100.0,0.0,100.0,0.0,79.0,21.0,100.0,0.0,100,0,94.0,12778.0,21,21,100.0,0.0,100.0,0.0,200.0,0.0,100.0,28512.0,100.0,48632074824.0,100.0,122488296994.0
2019-02-12,Z304GJ95,ST4000DM000,4000787030016,0,107.0,14358664.0,92.0,0.0,100.0,10.0,100.0,0.0,86.0,403199305.0,68.0,28673.0,100.0,0.0,100.0,10.0,98.0,2.0,100.0,0.0,100.0,0.0,100.0,0.0,100.0,0.0,81.0,19.0,100.0,0.0,100.0,0.0,94.0,12778.0,19.0,19.0,100.0,0.0,100.0,0.0,200.0,0.0,100.0,28536.0,100.0,48644826824.0,100.0,122566030368.0
2019-02-13,Z304GJ95,ST4000DM000,4000787030016,0,119,231869264,92.0,0.0,100.0,10.0,100.0,0.0,86.0,405527926.0,68,28697,100.0,0.0,100,10,98.0,2.0,100.0,0.0,100.0,0.0,100.0,0.0,100.0,0.0,80.0,20.0,100.0,0.0,100,0,94.0,12778.0,20,20,100.0,0.0,100.0,0.0,200.0,0.0,100.0,28560.0,100.0,48663123976.0,100.0,122737099386.0
2019-02-14,Z304GJ95,ST4000DM000,4000787030016,0,111,37762896,92.0,0.0,100.0,10.0,100.0,0.0,86.0,406483341.0,68,28721,100.0,0.0,100,10,98.0,2.0,100.0,0.0,100.0,0.0,100.0,0.0,100.0,0.0,81.0,19.0,100.0,0.0,100,0,94.0,12778.0,19,19,100.0,0.0,100.0,0.0,200.0,0.0,100.0,28584.0,100.0,48683364480.0,100.0,122848031229.0
2019-02-15,Z304GJ95,ST4000DM000,4000787030016,0,115.0,98096040.0,92.0,0.0,100.0,10.0,100.0,0.0,86.0,408066023.0,68.0,28745.0,100.0,0.0,100.0,10.0,98.0,2.0,100.0,0.0,100.0,0.0,100.0,0.0,100.0,0.0,81.0,19.0,100.0,0.0,100.0,0.0,94.0,12778.0,19.0,19.0,100.0,0.0,100.0,0.0,200.0,0.0,100.0,28608.0,100.0,48720958040.0,100.0,123010093825.0
2019-02-16,Z304GJ95,ST4000DM000,4000787030016,0,120.0,235820008.0,92.0,0.0,100.0,10.0,100.0,0.0,86.0,409775471.0,68.0,28769.0,100.0,0.0,100.0,10.0,98.0,2.0,100.0,0.0,100.0,0.0,100.0,0.0,100.0,0.0,81.0,19.0,100.0,0.0,100.0,0.0,94.0,12778.0,19.0,19.0,100.0,0.0,100.0,0.0,200.0,0.0,100.0,28632.0,100.0,48753317848.0,100.0,123088736583.0
2019-02-17,Z304GJ95,ST4000DM000,4000787030016,0,115,85237272,92.0,0.0,100.0,10.0,100.0,0.0,86.0,410626072.0,68,28793,100.0,0.0,100,10,98.0,2.0,100.0,0.0,100.0,0.0,100.0,0.0,100.0,0.0,81.0,19.0,100.0,0.0,100,0,94.0,12778.0,19,19,100.0,0.0,100.0,0.0,200.0,0.0,100.0,28656.0,100.0,48768535384.0,100.0,123172774733.0
2019-02-18,Z304GJ95,ST4000DM000,4000787030016,0,117,149077312,92.0,0.0,100.0,10.0,100.0,0.0,86.0,411405908.0,68,28817,100.0,0.0,100,10,98.0,2.0,100.0,0.0,100.0,0.0,100.0,0.0,100.0,0.0,79.0,21.0,100.0,0.0,100,0,94.0,12778.0,21,21,100.0,0.0,100.0,0.0,200.0,0.0,100.0,28680.0,100.0,48785887168.0,100.0,123250183008.0
2019-02-19,Z304GJ95,ST4000DM000,4000787030016,0,119,215524864,92.0,0.0,100.0,10.0,100.0,0.0,86.0,412074835.0,68,28841,100.0,0.0,100,10,98.0,2.0,100.0,0.0,100.0,0.0,100.0,0.0,100.0,0.0,78.0,22.0,100.0,0.0,100,0,94.0,12778.0,22,22,100.0,0.0,100.0,0.0,200.0,0.0,100.0,28704.0,100.0,48798018408.0,100.0,123314502537.0
2019-02-20,Z304GJ95,ST4000DM000,4000787030016,0,116.0,114788840.0,92.0,0.0,100.0,10.0,100.0,0.0,86.0,413934885.0,68.0,28865.0,100.0,0.0,100.0,10.0,98.0,2.0,100.0,0.0,100.0,0.0,100.0,0.0,100.0,0.0,80.0,20.0,100.0,0.0,100.0,0.0,94.0,12778.0,20.0,20.0,100.0,0.0,100.0,0.0,200.0,0.0,100.0,28727.0,100.0,48821206576.0,100.0,123399528195.0
2019-02-21,Z304GJ95,ST4000DM000,4000787030016,0,119,233641784,92.0,0.0,100.0,10.0,100.0,0.0,86.0,416532806.0,68,28901,100.0,0.0,100,10,98.0,2.0,100.0,0.0,100.0,0.0,100.0,0.0,100.0,0.0,79.0,21.0,100.0,0.0,100,0,94.0,12778.0,21,21,100.0,0.0,100.0,0.0,200.0,0.0,100.0,28763.0,100.0,48855350368.0,100.0,123532706959.0
2019-02-22,Z304GJ95,ST4000DM000,4000787030016,0,111,35890416,92.0,0.0,100.0,10.0,100.0,0.0,86.0,418117966.0,67,28925,100.0,0.0,100,10,98.0,2.0,100.0,0.0,100.0,0.0,100.0,0.0,100.0,0.0,80.0,20.0,100.0,0.0,100,0,94.0,12778.0,20,20,100.0,0.0,100.0,0.0,200.0,0.0,100.0,28787.0,100.0,48871743968.0,100.0,123611292584.0
2019-02-23,Z304GJ95,ST4000DM000,4000787030016,0,120.0,237290048.0,92.0,0.0,100.0,10.0,100.0,0.0,86.0,419100793.0,67.0,28949.0,100.0,0.0,100.0,10.0,98.0,2.0,100.0,0.0,100.0,0.0,100.0,0.0,100.0,0.0,79.0,21.0,100.0,0.0,100.0,0.0,94.0,12778.0,21.0,21.0,100.0,0.0,100.0,0.0,200.0,0.0,100.0,28811.0,100.0,48895291080.0,100.0,123736803457.0
2019-02-24,Z304GJ95,ST4000DM000,4000787030016,0,119,231062528,92.0,0.0,100.0,10.0,100.0,0.0,86.0,419785448.0,67,28973,100.0,0.0,100,10,98.0,2.0,100.0,0.0,100.0,0.0,100.0,0.0,100.0,0.0,79.0,21.0,100.0,0.0,100,0,94.0,12778.0,21,21,100.0,0.0,100.0,0.0,200.0,0.0,100.0,28835.0,100.0,48909193304.0,100.0,123814176137.0
2019-02-25,Z304GJ95,ST4000DM000,4000787030016,0,118,177252392,92.0,0.0,100.0,10.0,100.0,0.0,86.0,420814209.0,67,28997,100.0,0.0,100,10,98.0,2.0,100.0,0.0,100.0,0.0,100.0,0.0,100.0,0.0,81.0,19.0,100.0,0.0,100,0,94.0,12778.0,19,19,100.0,0.0,100.0,0.0,200.0,0.0,100.0,28859.0,100.0,48921595048.0,100.0,123929664954.0
2019-02-26,Z304GJ95,ST4000DM000,4000787030016,0,119,215444744,92.0,0.0,100.0,10.0,100.0,0.0,86.0,421904350.0,67,29020,100.0,0.0,100,10,98.0,2.0,100.0,0.0,100.0,0.0,100.0,0.0,100.0,0.0,81.0,19.0,100.0,0.0,100,0,94.0,12778.0,19,19,100.0,0.0,100.0,0.0,200.0,0.0,100.0,28883.0,100.0,48936944576.0,100.0,124044121601.0
2019-02-27,Z304GJ95,ST4000DM000,4000787030016,0,119.0,219352552.0,92.0,0.0,100.0,10.0,100.0,0.0,86.0,424088981.0,67.0,29045.0,100.0,0.0,100.0,10.0,98.0,2.0,100.0,0.0,100.0,0.0,100.0,0.0,100.0,0.0,81.0,19.0,100.0,0.0,100.0,0.0,94.0,12778.0,19.0,19.0,100.0,0.0,100.0,0.0,200.0,0.0,100.0,28907.0,100.0,48961604904.0,100.0,124160259610.0
2019-02-28,Z304GJ95,ST4000DM000,4000787030016,0,117,117949024,92.0,0.0,100.0,10.0,100.0,0.0,86.0,424612766.0,67,29056,100.0,0.0,100,10,98.0,2.0,100.0,0.0,100.0,0.0,100.0,0.0,100.0,0.0,81.0,19.0,100.0,0.0,100,0,94.0,12778.0,19,19,100.0,0.0,100.0,0.0,200.0,0.0,100.0,28919.0,100.0,48971489488.0,100.0,124210931374.0
2019-03-01,Z304GJ95,ST4000DM000,4000787030016,0,117.0,155083360.0,92.0,0.0,100.0,10.0,100.0,0.0,86.0,425379120.0,67.0,29080.0,100.0,0.0,100.0,10.0,98.0,2.0,100.0,0.0,100.0,0.0,100.0,0.0,100.0,0.0,81.0,19.0,100.0,0.0,100.0,0.0,94.0,12778.0,19.0,19.0,100.0,0.0,100.0,0.0,200.0,0.0,100.0,28943.0,100.0,48987877944.0,100.0,124303824058.0
2019-03-02,Z304GJ95,ST4000DM000,4000787030016,0,111.0,32091552.0,92.0,0.0,100.0,10.0,100.0,0.0,86.0,426894254.0,67.0,29104.0,100.0,0.0,100.0,10.0,98.0,2.0,100.0,0.0,100.0,0.0,100.0,0.0,100.0,0.0,82.0,18.0,100.0,0.0,100.0,0.0,94.0,12778.0,18.0,18.0,100.0,0.0,100.0,0.0,200.0,0.0,100.0,28967.0,100.0,48999608480.0,100.0,124363009179.0
2019-03-03,Z304GJ95,ST4000DM000,4000787030016,0,113.0,51054440.0,92.0,0.0,100.0,10.0,100.0,0.0,86.0,427488841.0,67.0,29128.0,100.0,0.0,100.0,10.0,98.0,2.0,100.0,0.0,100.0,0.0,100.0,0.0,100.0,0.0,80.0,20.0,100.0,0.0,100.0,0.0,94.0,12778.0,20.0,20.0,100.0,0.0,100.0,0.0,200.0,0.0,100.0,28991.0,100.0,49012068152.0,100.0,124408205833.0
2019-03-04,Z304GJ95,ST4000DM000,4000787030016,0,117,121454152,92.0,0.0,100.0,10.0,100.0,0.0,86.0,429449355.0,67,29152,100.0,0.0,100,10,98.0,2.0,100.0,0.0,100.0,0.0,100.0,0.0,100.0,0.0,81.0,19.0,100.0,0.0,100,0,94.0,12778.0,19,19,100.0,0.0,100.0,0.0,200.0,0.0,100.0,29014.0,100.0,49025118864.0,100.0,124527672566.0
2019-03-05,Z304GJ95,ST4000DM000,4000787030016,0,117.0,143627464.0,92.0,0.0,100.0,10.0,100.0,0.0,86.0,430490608.0,67.0,29176.0,100.0,0.0,100.0,10.0,98.0,2.0,100.0,0.0,100.0,0.0,100.0,0.0,100.0,0.0,81.0,19.0,100.0,0.0,100.0,0.0,94.0,12778.0,19.0,19.0,100.0,0.0,100.0,0.0,200.0,0.0,100.0,29038.0,100.0,49036573384.0,100.0,124632759499.0
2019-03-06,Z304GJ95,ST4000DM000,4000787030016,0,117.0,157050440.0,92.0,0.0,100.0,10.0,100.0,0.0,86.0,432446366.0,67.0,29200.0,100.0,0.0,100.0,10.0,98.0,2.0,100.0,0.0,100.0,0.0,100.0,0.0,100.0,0.0,82.0,18.0,100.0,0.0,100.0,0.0,94.0,12778.0,18.0,18.0,100.0,0.0,100.0,0.0,200.0,0.0,100.0,29062.0,100.0,49056605424.0,100.0,124728824347.0
2019-03-07,Z304GJ95,ST4000DM000,4000787030016,0,115.0,98054072.0,92.0,0.0,100.0,10.0,100.0,0.0,86.0,433421142.0,67.0,29224.0,100.0,0.0,100.0,10.0,98.0,2.0,100.0,0.0,100.0,0.0,100.0,0.0,100.0,0.0,80.0,20.0,100.0,0.0,100.0,0.0,94.0,12778.0,20.0,20.0,100.0,0.0,100.0,0.0,200.0,0.0,100.0,29086.0,100.0,49072604592.0,100.0,124804945339.0
2019-03-08,Z304GJ95,ST4000DM000,4000787030016,0,116.0,113975416.0,92.0,0.0,100.0,10.0,100.0,0.0,86.0,434469818.0,67.0,29247.0,100.0,0.0,100.0,10.0,98.0,2.0,100.0,0.0,100.0,0.0,100.0,0.0,100.0,0.0,81.0,19.0,100.0,0.0,100.0,0.0,94.0,12778.0,19.0,19.0,100.0,0.0,100.0,0.0,200.0,0.0,100.0,29110.0,100.0,49083158544.0,100.0,124897893271.0
2019-03-09,Z304GJ95,ST4000DM000,4000787030016,0,114.0,78219368.0,92.0,0.0,100.0,10.0,100.0,0.0,86.0,436161965.0,67.0,29271.0,100.0,0.0,100.0,10.0,98.0,2.0,100.0,0.0,100.0,0.0,100.0,0.0,100.0,0.0,79.0,21.0,100.0,0.0,100.0,0.0,94.0,12778.0,21.0,21.0,100.0,0.0,100.0,0.0,200.0,0.0,100.0,29134.0,100.0,49100650040.0,100.0,124994003286.0
2019-03-10,Z304GJ95,ST4000DM000,4000787030016,0,117.0,158178168.0,92.0,0.0,100.0,10.0,100.0,0.0,86.0,436920239.0,67.0,29295.0,100.0,0.0,100.0,10.0,98.0,2.0,100.0,0.0,100.0,0.0,100.0,0.0,100.0,0.0,80.0,20.0,100.0,0.0,100.0,0.0,94.0,12778.0,20.0,20.0,100.0,0.0,100.0,0.0,200.0,0.0,100.0,29158.0,100.0,49122328016.0,100.0,125090776601.0
2019-03-11,Z304GJ95,ST4000DM000,4000787030016,0,114.0,69609968.0,92.0,0.0,100.0,10.0,100.0,0.0,86.0,437747771.0,67.0,29319.0,100.0,0.0,100.0,10.0,98.0,2.0,100.0,0.0,100.0,0.0,100.0,0.0,100.0,0.0,80.0,20.0,100.0,0.0,100.0,0.0,94.0,12778.0,20.0,20.0,100.0,0.0,100.0,0.0,200.0,0.0,100.0,29181.0,100.0,49171897536.0,100.0,125172721970.0
2019-03-12,Z304GJ95,ST4000DM000,4000787030016,0,118.0,191861016.0,92.0,0.0,100.0,10.0,100.0,0.0,86.0,438384272.0,67.0,29343.0,100.0,0.0,100.0,10.0,98.0,2.0,100.0,0.0,100.0,0.0,100.0,0.0,100.0,0.0,81.0,19.0,100.0,0.0,100.0,0.0,94.0,12778.0,19.0,19.0,100.0,0.0,100.0,0.0,200.0,0.0,100.0,29205.0,100.0,49187875856.0,100.0,125245666229.0
2019-03-13,Z304GJ95,ST4000DM000,4000787030016,0,119.0,231598208.0,92.0,0.0,100.0,10.0,100.0,0.0,86.0,441868339.0,67.0,29379.0,100.0,0.0,100.0,10.0,98.0,2.0,100.0,0.0,100.0,0.0,100.0,0.0,100.0,0.0,81.0,19.0,100.0,0.0,100.0,0.0,94.0,12778.0,19.0,19.0,100.0,0.0,100.0,0.0,200.0,0.0,100.0,29241.0,100.0,49214127104.0,100.0,125437429284.0
2019-03-14,Z304GJ95,ST4000DM000,4000787030016,0,112.0,49209616.0,92.0,0.0,100.0,10.0,100.0,0.0,86.0,442827826.0,67.0,29403.0,100.0,0.0,100.0,10.0,98.0,2.0,100.0,0.0,100.0,0.0,100.0,0.0,100.0,0.0,82.0,18.0,100.0,0.0,100.0,0.0,94.0,12778.0,18.0,18.0,100.0,0.0,100.0,0.0,200.0,0.0,100.0,29265.0,100.0,49229888952.0,100.0,125552789494.0
2019-03-15,Z304GJ95,ST4000DM000,4000787030016,0,111.0,32865096.0,92.0,0.0,100.0,10.0,100.0,0.0,86.0,444333518.0,67.0,29427.0,100.0,0.0,100.0,10.0,98.0,2.0,100.0,0.0,100.0,0.0,100.0,0.0,100.0,0.0,82.0,18.0,100.0,0.0,100.0,0.0,94.0,12778.0,18.0,18.0,100.0,0.0,100.0,0.0,200.0,0.0,100.0,29289.0,100.0,49248273768.0,100.0,125608267058.0
2019-03-16,Z304GJ95,ST4000DM000,4000787030016,0,117.0,164943104.0,92.0,0.0,100.0,10.0,100.0,0.0,86.0,445274484.0,67.0,29451.0,100.0,0.0,100.0,10.0,98.0,2.0,100.0,0.0,100.0,0.0,100.0,0.0,100.0,0.0,82.0,18.0,100.0,0.0,100.0,0.0,94.0,12778.0,18.0,18.0,100.0,0.0,100.0,0.0,200.0,0.0,100.0,29313.0,100.0,49267716640.0,100.0,125732045681.0
2019-03-17,Z304GJ95,ST4000DM000,4000787030016,0,117.0,157000728.0,92.0,0.0,100.0,10.0,100.0,0.0,86.0,446166969.0,67.0,29474.0,100.0,0.0,100.0,10.0,98.0,2.0,100.0,0.0,100.0,0.0,100.0,0.0,100.0,0.0,82.0,18.0,100.0,0.0,100.0,0.0,94.0,12778.0,18.0,18.0,100.0,0.0,100.0,0.0,200.0,0.0,100.0,29337.0,100.0,49285789632.0,100.0,125857091602.0
2019-03-18,Z304GJ95,ST4000DM000,4000787030016,0,115.0,84314744.0,92.0,0.0,100.0,10.0,100.0,0.0,86.0,446783808.0,67.0,29498.0,100.0,0.0,100.0,10.0,98.0,2.0,100.0,0.0,100.0,0.0,100.0,0.0,100.0,0.0,81.0,19.0,100.0,0.0,100.0,0.0,94.0,12778.0,19.0,19.0,100.0,0.0,100.0,0.0,200.0,0.0,100.0,29360.0,100.0,49301021224.0,100.0,125932721588.0
2019-03-19,Z304GJ95,ST4000DM000,4000787030016,0,114.0,83872280.0,92.0,0.0,100.0,10.0,100.0,0.0,86.0,447655319.0,67.0,29522.0,100.0,0.0,100.0,10.0,98.0,2.0,100.0,0.0,100.0,0.0,100.0,0.0,100.0,0.0,82.0,18.0,100.0,0.0,100.0,0.0,94.0,12778.0,18.0,18.0,100.0,0.0,100.0,0.0,200.0,0.0,100.0,29384.0,100.0,49317893536.0,100.0,126055609202.0
2019-03-20,Z304GJ95,ST4000DM000,4000787030016,0,118.0,201039864.0,92.0,0.0,100.0,10.0,100.0,0.0,86.0,449968136.0,67.0,29546.0,100.0,0.0,100.0,10.0,98.0,2.0,100.0,0.0,100.0,0.0,100.0,0.0,100.0,0.0,82.0,18.0,100.0,0.0,100.0,0.0,94.0,12778.0,18.0,18.0,100.0,0.0,100.0,0.0,200.0,0.0,100.0,29408.0,100.0,49338423176.0,100.0,126214276155.0
2019-03-21,Z304GJ95,ST4000DM000,4000787030016,0,119.0,210772048.0,92.0,0.0,100.0,10.0,100.0,0.0,86.0,451028379.0,67.0,29570.0,100.0,0.0,100.0,10.0,98.0,2.0,100.0,0.0,100.0,0.0,100.0,0.0,100.0,0.0,81.0,19.0,100.0,0.0,100.0,0.0,94.0,12778.0,19.0,19.0,100.0,0.0,100.0,0.0,200.0,0.0,100.0,29432.0,100.0,49354548744.0,100.0,126335891115.0
2019-03-22,Z304GJ95,ST4000DM000,4000787030016,0,108.0,20443896.0,92.0,0.0,100.0,10.0,100.0,0.0,86.0,452624180.0,67.0,29593.0,100.0,0.0,100.0,10.0,98.0,2.0,100.0,0.0,100.0,0.0,100.0,0.0,100.0,0.0,81.0,19.0,100.0,0.0,100.0,0.0,94.0,12778.0,19.0,19.0,100.0,0.0,100.0,0.0,200.0,0.0,100.0,29456.0,100.0,49371168304.0,100.0,126462156611.0
2019-03-23,Z304GJ95,ST4000DM000,4000787030016,0,114.0,80854824.0,92.0,0.0,100.0,10.0,100.0,0.0,86.0,454079779.0,67.0,29617.0,100.0,0.0,100.0,10.0,98.0,2.0,100.0,0.0,100.0,0.0,100.0,0.0,100.0,0.0,80.0,20.0,100.0,0.0,100.0,0.0,94.0,12778.0,20.0,20.0,100.0,0.0,100.0,0.0,200.0,0.0,100.0,29480.0,100.0,49386691856.0,100.0,126607163965.0
2019-03-24,Z304GJ95,ST4000DM000,4000787030016,0,116.0,112599000.0,92.0,0.0,100.0,10.0,100.0,0.0,86.0,455158606.0,67.0,29641.0,100.0,0.0,100.0,10.0,98.0,2.0,100.0,0.0,100.0,0.0,100.0,0.0,100.0,0.0,81.0,19.0,100.0,0.0,100.0,0.0,94.0,12778.0,19.0,19.0,100.0,0.0,100.0,0.0,200.0,0.0,100.0,29504.0,100.0,49402409032.0,100.0,126723277854.0
2019-03-25,Z304GJ95,ST4000DM000,4000787030016,0,114.0,66043984.0,92.0,0.0,100.0,10.0,100.0,0.0,86.0,456665651.0,67.0,29665.0,100.0,0.0,100.0,10.0,98.0,2.0,100.0,0.0,100.0,0.0,100.0,0.0,100.0,0.0,81.0,19.0,100.0,0.0,100.0,0.0,94.0,12778.0,19.0,19.0,100.0,0.0,100.0,0.0,200.0,0.0,100.0,29528.0,100.0,49421947728.0,100.0,126812673502.0
2019-03-26,Z304GJ95,ST4000DM000,4000787030016,0,106.0,11381080.0,92.0,0.0,100.0,10.0,100.0,0.0,86.0,458617088.0,67.0,29689.0,100.0,0.0,100.0,10.0,98.0,2.0,100.0,0.0,100.0,0.0,100.0,0.0,100.0,0.0,82.0,18.0,100.0,0.0,100.0,0.0,94.0,12778.0,18.0,18.0,100.0,0.0,100.0,0.0,200.0,0.0,100.0,29552.0,100.0,49438497200.0,100.0,127021488591.0
2019-03-27,Z304GJ95,ST4000DM000,4000787030016,0,117.0,118271280.0,92.0,0.0,100.0,10.0,100.0,0.0,86.0,460807146.0,67.0,29713.0,100.0,0.0,100.0,10.0,98.0,2.0,100.0,0.0,100.0,0.0,100.0,0.0,100.0,0.0,81.0,19.0,100.0,0.0,100.0,0.0,94.0,12778.0,19.0,19.0,100.0,0.0,100.0,0.0,200.0,0.0,100.0,29576.0,100.0,49459693608.0,100.0,127185530513.0
2019-03-28,Z304GJ95,ST4000DM000,4000787030016,0,119.0,217914200.0,92.0,0.0,100.0,10.0,100.0,0.0,86.0,461690604.0,67.0,29737.0,100.0,0.0,100.0,10.0,98.0,2.0,100.0,0.0,100.0,0.0,100.0,0.0,100.0,0.0,82.0,18.0,100.0,0.0,100.0,0.0,94.0,12778.0,18.0,18.0,100.0,0.0,100.0,0.0,200.0,0.0,100.0,29599.0,100.0,49475330328.0,100.0,127314498016.0
2019-03-29,Z304GJ95,ST4000DM000,4000787030016,0,113.0,51856424.0,92.0,0.0,100.0,10.0,100.0,0.0,86.0,462123386.0,67.0,29749.0,100.0,0.0,100.0,10.0,98.0,2.0,100.0,0.0,100.0,0.0,100.0,0.0,100.0,0.0,82.0,18.0,100.0,0.0,100.0,0.0,94.0,12778.0,18.0,18.0,100.0,0.0,100.0,0.0,200.0,0.0,100.0,29611.0,100.0,49482990776.0,100.0,127368427821.0
2019-03-30,Z304GJ95,ST4000DM000,4000787030016,0,105.0,10141744.0,92.0,0.0,100.0,11.0,100.0,0.0,86.0,464136502.0,66.0,29785.0,100.0,0.0,100.0,11.0,98.0,2.0,100.0,0.0,100.0,0.0,100.0,0.0,100.0,0.0,81.0,19.0,100.0,0.0,100.0,0.0,94.0,12779.0,19.0,19.0,100.0,0.0,100.0,0.0,200.0,0.0,100.0,29647.0,100.0,49511345032.0,100.0,127593336674.0
2019-03-31,Z304GJ95,ST4000DM000,4000787030016,0,112.0,46040064.0,92.0,0.0,100.0,11.0,100.0,0.0,86.0,464901360.0,66.0,29809.0,100.0,0.0,100.0,11.0,98.0,2.0,100.0,0.0,100.0,0.0,100.0,0.0,100.0,0.0,82.0,18.0,100.0,0.0,100.0,0.0,94.0,12779.0,18.0,18.0,100.0,0.0,100.0,0.0,200.0,0.0,100.0,29671.0,100.0,49531832448.0,100.0,127742667503.0
2019-04-01,Z304GJ95,ST4000DM000,4000787030016,0,119.0,210994584.0,92.0,0.0,100.0,11.0,100.0,0.0,86.0,465537603.0,66.0,29833.0,100.0,0.0,100.0,11.0,98.0,2.0,100.0,0.0,100.0,0.0,100.0,0.0,100.0,0.0,83.0,17.0,100.0,0.0,100.0,0.0,94.0,12779.0,17.0,17.0,100.0,0.0,100.0,0.0,200.0,0.0,100.0,29695.0,100.0,49544184488.0,100.0,127903909138.0
2019-04-02,Z304GJ95,ST4000DM000,4000787030016,0,114.0,73867368.0,92.0,0.0,100.0,11.0,100.0,0.0,86.0,466214881.0,66.0,29856.0,100.0,0.0,100.0,11.0,98.0,2.0,100.0,0.0,100.0,0.0,100.0,0.0,100.0,0.0,82.0,18.0,100.0,0.0,100.0,0.0,94.0,12779.0,18.0,18.0,100.0,0.0,100.0,0.0,200.0,0.0,100.0,29719.0,100.0,49560017752.0,100.0,128064917113.0
2019-04-03,Z304GJ95,ST4000DM000,4000787030016,0,118.0,184973968.0,92.0,0.0,100.0,11.0,100.0,0.0,86.0,468075561.0,66.0,29880.0,100.0,0.0,100.0,11.0,98.0,2.0,100.0,0.0,100.0,0.0,100.0,0.0,100.0,0.0,81.0,19.0,100.0,0.0,100.0,0.0,94.0,12779.0,19.0,19.0,100.0,0.0,100.0,0.0,200.0,0.0,100.0,29743.0,100.0,49589850680.0,100.0,128234706439.0
2019-04-04,Z304GJ95,ST4000DM000,4000787030016,0,111.0,37309336.0,92.0,0.0,100.0,11.0,100.0,0.0,86.0,468988100.0,66.0,29904.0,100.0,0.0,100.0,11.0,98.0,2.0,100.0,0.0,100.0,0.0,100.0,0.0,100.0,0.0,82.0,18.0,100.0,0.0,100.0,0.0,94.0,12779.0,18.0,18.0,100.0,0.0,100.0,0.0,200.0,0.0,100.0,29766.0,100.0,49599084768.0,100.0,128413206364.0
2019-04-05,Z304GJ95,ST4000DM000,4000787030016,0,118.0,198587960.0,92.0,0.0,100.0,11.0,100.0,0.0,87.0,470312149.0,66.0,29928.0,100.0,0.0,100.0,11.0,98.0,2.0,100.0,0.0,100.0,0.0,100.0,0.0,100.0,0.0,82.0,18.0,100.0,0.0,100.0,0.0,94.0,12779.0,18.0,18.0,100.0,0.0,100.0,0.0,200.0,0.0,100.0,29790.0,100.0,49618877632.0,100.0,128529834087.0
2019-04-06,Z304GJ95,ST4000DM000,4000787030016,0,115.0,89558392.0,92.0,0.0,100.0,11.0,100.0,0.0,87.0,471580937.0,66.0,29952.0,100.0,0.0,100.0,11.0,98.0,2.0,100.0,0.0,100.0,0.0,100.0,0.0,100.0,0.0,81.0,19.0,100.0,0.0,100.0,0.0,94.0,12779.0,19.0,19.0,100.0,0.0,100.0,0.0,200.0,0.0,100.0,29814.0,100.0,49636900016.0,100.0,128648453864.0
2019-04-07,Z304GJ95,ST4000DM000,4000787030016,0,116.0,109117760.0,92.0,0.0,100.0,11.0,100.0,0.0,87.0,472948310.0,66.0,29976.0,100.0,0.0,100.0,11.0,98.0,2.0,100.0,0.0,100.0,0.0,100.0,0.0,100.0,0.0,81.0,19.0,100.0,0.0,100.0,0.0,94.0,12779.0,19.0,19.0,100.0,0.0,100.0,0.0,200.0,0.0,100.0,29838.0,100.0,49653797136.0,100.0,128809719845.0
2019-04-08,Z304GJ95,ST4000DM000,4000787030016,0,114.0,79002112.0,92.0,0.0,100.0,11.0,100.0,0.0,87.0,474214714.0,66.0,29999.0,100.0,0.0,100.0,11.0,98.0,2.0,100.0,0.0,100.0,0.0,100.0,0.0,100.0,0.0,82.0,18.0,100.0,0.0,100.0,0.0,94.0,12779.0,18.0,18.0,100.0,0.0,100.0,0.0,200.0,0.0,100.0,29862.0,100.0,49670576272.0,100.0,128970681008.0
2019-04-09,Z304GJ95,ST4000DM000,4000787030016,0,117.0,133157944.0,92.0,0.0,100.0,11.0,100.0,0.0,87.0,475217647.0,66.0,30023.0,100.0,0.0,100.0,11.0,98.0,2.0,100.0,0.0,100.0,0.0,100.0,0.0,100.0,0.0,82.0,18.0,100.0,0.0,100.0,0.0,94.0,12779.0,18.0,18.0,100.0,0.0,100.0,0.0,200.0,0.0,100.0,29886.0,100.0,49681489432.0,100.0,129125507346.0
2019-04-10,Z304GJ95,ST4000DM000,4000787030016,0,116.0,105451000.0,92.0,0.0,100.0,11.0,100.0,0.0,87.0,478082335.0,66.0,30047.0,100.0,0.0,100.0,11.0,98.0,2.0,100.0,0.0,100.0,0.0,100.0,0.0,100.0,0.0,82.0,18.0,100.0,0.0,100.0,0.0,94.0,12779.0,18.0,18.0,100.0,0.0,100.0,0.0,200.0,0.0,100.0,29909.0,100.0,49702971560.0,100.0,129243859394.0
2019-04-11,Z304GJ95,ST4000DM000,4000787030016,0,115.0,88387784.0,92.0,0.0,100.0,11.0,100.0,0.0,87.0,478710190.0,66.0,30071.0,100.0,0.0,100.0,11.0,98.0,2.0,100.0,0.0,100.0,0.0,100.0,0.0,100.0,0.0,82.0,18.0,100.0,0.0,100.0,0.0,94.0,12779.0,18.0,18.0,100.0,0.0,100.0,0.0,200.0,0.0,100.0,29933.0,100.0,49714526808.0,100.0,129332427712.0
2019-04-12,Z304GJ95,ST4000DM000,4000787030016,0,112.0,44727912.0,92.0,0.0,100.0,11.0,100.0,0.0,87.0,479766601.0,66.0,30095.0,100.0,0.0,100.0,11.0,98.0,2.0,100.0,0.0,100.0,0.0,100.0,0.0,100.0,0.0,82.0,18.0,100.0,0.0,100.0,0.0,94.0,12779.0,18.0,18.0,100.0,0.0,100.0,0.0,200.0,0.0,100.0,29957.0,100.0,49730434728.0,100.0,129448183124.0
2019-04-13,Z304GJ95,ST4000DM000,4000787030016,0,108.0,17882608.0,92.0,0.0,100.0,11.0,100.0,0.0,87.0,481083759.0,66.0,30119.0,100.0,0.0,100.0,11.0,98.0,2.0,100.0,0.0,100.0,0.0,100.0,0.0,100.0,0.0,82.0,18.0,100.0,0.0,100.0,0.0,94.0,12779.0,18.0,18.0,100.0,0.0,100.0,0.0,200.0,0.0,100.0,29981.0,100.0,49751860112.0,100.0,129510208261.0
2019-04-14,Z304GJ95,ST4000DM000,4000787030016,0,117.0,139709360.0,92.0,0.0,100.0,11.0,100.0,0.0,87.0,481873469.0,66.0,30143.0,100.0,0.0,100.0,11.0,98.0,2.0,100.0,0.0,100.0,0.0,100.0,0.0,100.0,0.0,83.0,17.0,100.0,0.0,100.0,0.0,94.0,12779.0,17.0,17.0,100.0,0.0,100.0,0.0,200.0,0.0,100.0,30005.0,100.0,49762191888.0,100.0,129616659566.0
2019-04-15,Z304GJ95,ST4000DM000,4000787030016,0,118.0,171343464.0,92.0,0.0,100.0,11.0,100.0,0.0,87.0,482554029.0,66.0,30166.0,100.0,0.0,100.0,11.0,98.0,2.0,100.0,0.0,100.0,0.0,100.0,0.0,100.0,0.0,82.0,18.0,100.0,0.0,100.0,0.0,94.0,12779.0,18.0,18.0,100.0,0.0,100.0,0.0,200.0,0.0,100.0,30029.0,100.0,49771935496.0,100.0,129703529333.0
2019-04-16,Z304GJ95,ST4000DM000,4000787030016,0,115.0,99287728.0,92.0,0.0,100.0,11.0,100.0,0.0,87.0,483842179.0,66.0,30190.0,100.0,0.0,100.0,11.0,98.0,2.0,100.0,0.0,100.0,0.0,100.0,0.0,100.0,0.0,81.0,19.0,100.0,0.0,100.0,0.0,94.0,12779.0,19.0,19.0,100.0,0.0,100.0,0.0,200.0,0.0,100.0,30053.0,100.0,49783469000.0,100.0,129866254171.0
2019-04-17,Z304GJ95,ST4000DM000,4000787030016,0,106.0,11369080.0,92.0,0.0,100.0,11.0,100.0,0.0,87.0,485964333.0,66.0,30214.0,100.0,0.0,100.0,11.0,98.0,2.0,100.0,0.0,100.0,0.0,100.0,0.0,100.0,0.0,82.0,18.0,100.0,0.0,100.0,0.0,94.0,12779.0,18.0,18.0,100.0,0.0,100.0,0.0,200.0,0.0,100.0,30076.0,100.0,49802131608.0,100.0,130033183111.0
2019-04-18,Z304GJ95,ST4000DM000,4000787030016,0,117.0,137228000.0,92.0,0.0,100.0,11.0,100.0,0.0,87.0,487042401.0,66.0,30238.0,100.0,0.0,100.0,11.0,98.0,2.0,100.0,0.0,100.0,0.0,100.0,0.0,100.0,0.0,82.0,18.0,100.0,0.0,100.0,0.0,94.0,12779.0,18.0,18.0,100.0,0.0,100.0,0.0,200.0,0.0,100.0,30100.0,100.0,49814473016.0,100.0,130166704082.0
2019-04-19,Z304GJ95,ST4000DM000,4000787030016,0,112.0,44511616.0,92.0,0.0,100.0,11.0,100.0,0.0,87.0,488634419.0,66.0,30262.0,100.0,0.0,100.0,11.0,98.0,2.0,100.0,0.0,100.0,0.0,100.0,0.0,100.0,0.0,82.0,18.0,100.0,0.0,100.0,0.0,94.0,12779.0,18.0,18.0,100.0,0.0,100.0,0.0,200.0,0.0,100.0,30124.0,100.0,49834915352.0,100.0,130307071123.0
2019-04-20,Z304GJ95,ST4000DM000,4000787030016,0,115.0,88568448.0,92.0,0.0,100.0,11.0,100.0,0.0,87.0,489696329.0,66.0,30286.0,100.0,0.0,100.0,11.0,98.0,2.0,100.0,0.0,100.0,0.0,100.0,0.0,100.0,0.0,83.0,17.0,100.0,0.0,100.0,0.0,94.0,12779.0,17.0,17.0,100.0,0.0,100.0,0.0,200.0,0.0,100.0,30148.0,100.0,49849415872.0,100.0,130380263194.0
2019-04-21,Z304GJ95,ST4000DM000,4000787030016,0,117.0,154868088.0,92.0,0.0,100.0,11.0,100.0,0.0,87.0,490366950.0,66.0,30310.0,100.0,0.0,100.0,11.0,98.0,2.0,100.0,0.0,100.0,0.0,100.0,0.0,100.0,0.0,82.0,18.0,100.0,0.0,100.0,0.0,94.0,12779.0,18.0,18.0,100.0,0.0,100.0,0.0,200.0,0.0,100.0,30172.0,100.0,49860346448.0,100.0,130459177315.0
2019-04-22,Z304GJ95,ST4000DM000,4000787030016,0,116.0,116868720.0,92.0,0.0,100.0,11.0,100.0,0.0,87.0,491468927.0,66.0,30334.0,100.0,0.0,100.0,11.0,98.0,2.0,100.0,0.0,100.0,0.0,100.0,0.0,100.0,0.0,82.0,18.0,100.0,0.0,100.0,0.0,94.0,12779.0,18.0,18.0,100.0,0.0,100.0,0.0,200.0,0.0,100.0,30196.0,100.0,49868425968.0,100.0,130605426578.0
2019-04-23,Z304GJ95,ST4000DM000,4000787030016,0,117.0,138209224.0,92.0,0.0,100.0,11.0,100.0,0.0,87.0,492484294.0,66.0,30358.0,100.0,0.0,100.0,11.0,98.0,2.0,100.0,0.0,100.0,0.0,100.0,0.0,100.0,0.0,83.0,17.0,100.0,0.0,100.0,0.0,94.0,12779.0,17.0,17.0,100.0,0.0,100.0,0.0,200.0,0.0,100.0,30220.0,100.0,49879802320.0,100.0,130728107441.0
2019-04-24,Z304GJ95,ST4000DM000,4000787030016,0,113.0,53770624.0,92.0,0.0,100.0,11.0,100.0,0.0,87.0,495075813.0,66.0,30382.0,100.0,0.0,100.0,11.0,98.0,2.0,100.0,0.0,100.0,0.0,100.0,0.0,100.0,0.0,83.0,17.0,100.0,0.0,100.0,0.0,94.0,12779.0,17.0,17.0,100.0,0.0,100.0,0.0,200.0,0.0,100.0,30244.0,100.0,49900472696.0,100.0,130881796463.0
2019-04-25,Z304GJ95,ST4000DM000,4000787030016,0,114.0,78851000.0,92.0,0.0,100.0,11.0,100.0,0.0,87.0,497010047.0,66.0,30405.0,100.0,0.0,100.0,11.0,98.0,2.0,100.0,0.0,100.0,0.0,100.0,0.0,100.0,0.0,83.0,17.0,100.0,0.0,100.0,0.0,94.0,12779.0,17.0,17.0,100.0,0.0,100.0,0.0,200.0,0.0,100.0,30268.0,100.0,49912169368.0,100.0,130987300462.0
2019-04-26,Z304GJ95,ST4000DM000,4000787030016,0,116.0,102402432.0,92.0,0.0,100.0,11.0,100.0,0.0,87.0,498156731.0,66.0,30429.0,100.0,0.0,100.0,11.0,98.0,2.0,100.0,0.0,100.0,0.0,100.0,0.0,100.0,0.0,83.0,17.0,100.0,0.0,100.0,0.0,94.0,12779.0,17.0,17.0,100.0,0.0,100.0,0.0,200.0,0.0,100.0,30292.0,100.0,49926857056.0,100.0,131043530968.0
2019-04-27,Z304GJ95,ST4000DM000,4000787030016,0,118.0,178282432.0,92.0,0.0,100.0,11.0,100.0,0.0,87.0,499547699.0,66.0,30453.0,100.0,0.0,100.0,11.0,98.0,2.0,100.0,0.0,100.0,0.0,100.0,0.0,100.0,0.0,83.0,17.0,100.0,0.0,100.0,0.0,94.0,12779.0,17.0,17.0,100.0,0.0,100.0,0.0,200.0,0.0,100.0,30316.0,100.0,49948269096.0,100.0,131136832413.0
2019-04-28,Z304GJ95,ST4000DM000,4000787030016,0,115.0,93090032.0,92.0,0.0,100.0,11.0,100.0,0.0,87.0,500297027.0,66.0,30477.0,100.0,0.0,100.0,11.0,98.0,2.0,100.0,0.0,100.0,0.0,100.0,0.0,100.0,0.0,83.0,17.0,100.0,0.0,100.0,0.0,94.0,12779.0,17.0,17.0,100.0,0.0,100.0,0.0,200.0,0.0,100.0,30340.0,100.0,49970395912.0,100.0,131197621785.0
2019-04-29,Z304GJ95,ST4000DM000,4000787030016,0,105.0,8178120.0,92.0,0.0,100.0,11.0,100.0,0.0,87.0,501071936.0,66.0,30501.0,100.0,0.0,100.0,11.0,98.0,2.0,100.0,0.0,100.0,0.0,100.0,0.0,100.0,0.0,83.0,17.0,100.0,0.0,100.0,0.0,94.0,12779.0,17.0,17.0,100.0,0.0,100.0,0.0,200.0,0.0,100.0,30363.0,100.0,49991925968.0,100.0,131274190931.0
2019-04-30,Z304GJ95,ST4000DM000,4000787030016,0,118.0,180078336.0,92.0,0.0,100.0,11.0,100.0,0.0,87.0,501525139.0,66.0,30525.0,100.0,0.0,100.0,11.0,98.0,2.0,100.0,0.0,100.0,0.0,100.0,0.0,100.0,0.0,83.0,17.0,100.0,0.0,100.0,0.0,94.0,12779.0,17.0,17.0,100.0,0.0,100.0,0.0,200.0,0.0,100.0,30387.0,100.0,50008478568.0,100.0,131313248374.0
2019-05-01,Z304GJ95,ST4000DM000,4000787030016,0,109.0,22400808.0,92.0,0.0,100.0,11.0,100.0,0.0,87.0,503468637.0,66.0,30549.0,100.0,0.0,100.0,11.0,98.0,2.0,100.0,0.0,100.0,0.0,100.0,0.0,100.0,0.0,82.0,18.0,100.0,0.0,100.0,0.0,94.0,12779.0,18.0,18.0,100.0,0.0,100.0,0.0,200.0,0.0,100.0,30411.0,100.0,50037715864.0,100.0,131412820530.0
2019-05-02,Z304GJ95,ST4000DM000,4000787030016,0,117.0,130064584.0,92.0,0.0,100.0,11.0,100.0,0.0,87.0,504519390.0,66.0,30573.0,100.0,0.0,100.0,11.0,98.0,2.0,100.0,0.0,100.0,0.0,100.0,0.0,100.0,0.0,82.0,18.0,100.0,0.0,100.0,0.0,94.0,12779.0,18.0,18.0,100.0,0.0,100.0,0.0,200.0,0.0,100.0,30435.0,100.0,50048003000.0,100.0,131533598064.0
2019-05-03,Z304GJ95,ST4000DM000,4000787030016,0,117.0,155927728.0,92.0,0.0,100.0,11.0,100.0,0.0,87.0,505587788.0,66.0,30596.0,100.0,0.0,100.0,11.0,98.0,2.0,100.0,0.0,100.0,0.0,100.0,0.0,100.0,0.0,82.0,18.0,100.0,0.0,100.0,0.0,94.0,12779.0,18.0,18.0,100.0,0.0,100.0,0.0,200.0,0.0,100.0,30458.0,100.0,50059843472.0,100.0,131631436797.0
2019-05-04,Z304GJ95,ST4000DM000,4000787030016,0,119.0,201420040.0,92.0,0.0,100.0,11.0,100.0,0.0,87.0,507197940.0,66.0,30620.0,100.0,0.0,100.0,11.0,98.0,2.0,100.0,0.0,100.0,0.0,100.0,0.0,100.0,0.0,82.0,18.0,100.0,0.0,100.0,0.0,94.0,12779.0,18.0,18.0,100.0,0.0,100.0,0.0,200.0,0.0,100.0,30482.0,100.0,50085651032.0,100.0,131691183116.0
2019-05-05,Z304GJ95,ST4000DM000,4000787030016,0,114.0,74877744.0,92.0,0.0,100.0,11.0,100.0,0.0,87.0,508378832.0,66.0,30644.0,100.0,0.0,100.0,11.0,98.0,2.0,100.0,0.0,100.0,0.0,100.0,0.0,100.0,0.0,82.0,18.0,100.0,0.0,100.0,0.0,94.0,12779.0,18.0,18.0,100.0,0.0,100.0,0.0,200.0,0.0,100.0,30506.0,100.0,50113374088.0,100.0,131799275185.0
2019-05-06,Z304GJ95,ST4000DM000,4000787030016,0,105.0,9410744.0,92.0,0.0,100.0,11.0,100.0,0.0,87.0,509096188.0,65.0,30668.0,100.0,0.0,100.0,11.0,98.0,2.0,100.0,0.0,100.0,0.0,100.0,0.0,100.0,0.0,81.0,19.0,100.0,0.0,100.0,0.0,94.0,12779.0,19.0,19.0,100.0,0.0,100.0,0.0,200.0,0.0,100.0,30530.0,100.0,50132649152.0,100.0,131862292052.0
2019-05-07,Z304GJ95,ST4000DM000,4000787030016,0,117.0,140709128.0,92.0,0.0,100.0,11.0,100.0,0.0,87.0,509834053.0,65.0,30692.0,100.0,0.0,100.0,11.0,98.0,2.0,100.0,0.0,100.0,0.0,100.0,0.0,100.0,0.0,82.0,18.0,100.0,0.0,100.0,0.0,94.0,12779.0,18.0,18.0,100.0,0.0,100.0,0.0,200.0,0.0,100.0,30554.0,100.0,50153309752.0,100.0,131911902836.0
2019-05-08,Z304GJ95,ST4000DM000,4000787030016,0,105.0,8144536.0,92.0,0.0,100.0,11.0,100.0,0.0,87.0,512112595.0,65.0,30715.0,100.0,0.0,100.0,11.0,98.0,2.0,100.0,0.0,100.0,0.0,100.0,0.0,100.0,0.0,83.0,17.0,100.0,0.0,100.0,0.0,94.0,12779.0,17.0,17.0,100.0,0.0,100.0,0.0,200.0,0.0,100.0,30578.0,100.0,50173938088.0,100.0,132045935626.0
2019-05-09,Z304GJ95,ST4000DM000,4000787030016,0,108.0,19737256.0,92.0,0.0,100.0,11.0,100.0,0.0,87.0,514523081.0,65.0,30739.0,100.0,0.0,100.0,11.0,98.0,2.0,100.0,0.0,100.0,0.0,100.0,0.0,100.0,0.0,82.0,18.0,100.0,0.0,100.0,0.0,94.0,12779.0,18.0,18.0,100.0,0.0,100.0,0.0,200.0,0.0,100.0,30602.0,100.0,50188520568.0,100.0,132166572074.0
2019-05-10,Z304GJ95,ST4000DM000,4000787030016,0,120.0,236597456.0,92.0,0.0,100.0,11.0,100.0,0.0,87.0,515770963.0,65.0,30763.0,100.0,0.0,100.0,11.0,98.0,2.0,100.0,0.0,100.0,0.0,100.0,0.0,100.0,0.0,83.0,17.0,100.0,0.0,100.0,0.0,94.0,12779.0,17.0,17.0,100.0,0.0,100.0,0.0,200.0,0.0,100.0,30625.0,100.0,50199723272.0,100.0,132274123770.0
2019-05-11,Z304GJ95,ST4000DM000,4000787030016,0,108.0,16284408.0,92.0,0.0,100.0,11.0,100.0,0.0,87.0,517795437.0,65.0,30787.0,100.0,0.0,100.0,11.0,98.0,2.0,100.0,0.0,100.0,0.0,100.0,0.0,100.0,0.0,83.0,17.0,100.0,0.0,100.0,0.0,94.0,12779.0,17.0,17.0,100.0,0.0,100.0,0.0,200.0,0.0,100.0,30649.0,100.0,50213165376.0,100.0,132360115066.0
2019-05-12,Z304GJ95,ST4000DM000,4000787030016,0,117.0,164468408.0,92.0,0.0,100.0,11.0,100.0,0.0,87.0,518522777.0,65.0,30811.0,100.0,0.0,100.0,11.0,98.0,2.0,100.0,0.0,100.0,0.0,100.0,0.0,100.0,0.0,83.0,17.0,100.0,0.0,100.0,0.0,94.0,12779.0,17.0,17.0,100.0,0.0,100.0,0.0,200.0,0.0,100.0,30673.0,100.0,50230480760.0,100.0,132476774467.0
2019-05-13,Z304GJ95,ST4000DM000,4000787030016,0,118.0,189540056.0,92.0,0.0,100.0,11.0,100.0,0.0,87.0,519177184.0,65.0,30835.0,100.0,0.0,100.0,11.0,98.0,2.0,100.0,0.0,100.0,0.0,100.0,0.0,100.0,0.0,83.0,17.0,100.0,0.0,100.0,0.0,94.0,12779.0,17.0,17.0,100.0,0.0,100.0,0.0,200.0,0.0,100.0,30697.0,100.0,50242092144.0,100.0,132562945670.0
2019-05-14,Z304GJ95,ST4000DM000,4000787030016,0,114.0,68224328.0,92.0,0.0,100.0,11.0,100.0,0.0,87.0,519786871.0,65.0,30859.0,100.0,0.0,100.0,11.0,98.0,2.0,100.0,0.0,100.0,0.0,100.0,0.0,100.0,0.0,83.0,17.0,100.0,0.0,100.0,0.0,94.0,12779.0,17.0,17.0,100.0,0.0,100.0,0.0,200.0,0.0,100.0,30721.0,100.0,50254478072.0,100.0,132638110528.0
2019-05-15,Z304GJ95,ST4000DM000,4000787030016,0,120.0,236783808.0,92.0,0.0,100.0,11.0,100.0,0.0,87.0,521870506.0,65.0,30895.0,100.0,0.0,100.0,11.0,98.0,2.0,100.0,0.0,100.0,0.0,100.0,0.0,100.0,0.0,82.0,18.0,100.0,0.0,100.0,0.0,94.0,12779.0,18.0,18.0,100.0,0.0,100.0,0.0,200.0,0.0,100.0,30757.0,100.0,50275071760.0,100.0,132772712281.0
2019-05-16,Z304GJ95,ST4000DM000,4000787030016,0,115.0,87057560.0,92.0,0.0,100.0,11.0,100.0,0.0,87.0,522459201.0,65.0,30918.0,100.0,0.0,100.0,11.0,98.0,2.0,100.0,0.0,100.0,0.0,100.0,0.0,100.0,0.0,82.0,18.0,100.0,0.0,100.0,0.0,94.0,12779.0,18.0,18.0,100.0,0.0,100.0,0.0,200.0,0.0,100.0,30781.0,100.0,50290250760.0,100.0,132848989912.0
2019-05-17,Z304GJ95,ST4000DM000,4000787030016,0,119.0,203559600.0,92.0,0.0,100.0,11.0,100.0,0.0,87.0,524339945.0,65.0,30942.0,100.0,0.0,100.0,11.0,98.0,2.0,100.0,0.0,100.0,0.0,100.0,0.0,100.0,0.0,80.0,20.0,100.0,0.0,100.0,0.0,94.0,12779.0,20.0,20.0,100.0,0.0,100.0,0.0,200.0,0.0,100.0,30805.0,100.0,50303744248.0,100.0,132968785725.0
2019-05-18,Z304GJ95,ST4000DM000,4000787030016,0,115.0,85303520.0,92.0,0.0,100.0,11.0,100.0,0.0,87.0,526465784.0,65.0,30967.0,100.0,0.0,100.0,11.0,98.0,2.0,100.0,0.0,100.0,0.0,100.0,0.0,100.0,0.0,82.0,18.0,100.0,0.0,100.0,0.0,94.0,12779.0,18.0,18.0,100.0,0.0,100.0,0.0,200.0,0.0,100.0,30829.0,100.0,50313859816.0,100.0,133105431136.0
2019-05-19,Z304GJ95,ST4000DM000,4000787030016,0,114.0,72241088.0,92.0,0.0,100.0,11.0,100.0,0.0,87.0,526984246.0,65.0,30991.0,100.0,0.0,100.0,11.0,98.0,2.0,100.0,0.0,100.0,0.0,100.0,0.0,100.0,0.0,81.0,19.0,100.0,0.0,100.0,0.0,94.0,12779.0,19.0,19.0,100.0,0.0,100.0,0.0,200.0,0.0,100.0,30853.0,100.0,50322704376.0,100.0,133173005899.0
2019-05-20,Z304GJ95,ST4000DM000,4000787030016,0,115.0,100356648.0,92.0,0.0,100.0,11.0,100.0,0.0,87.0,527322096.0,65.0,31003.0,100.0,0.0,100.0,11.0,98.0,2.0,100.0,0.0,100.0,0.0,100.0,0.0,100.0,0.0,81.0,19.0,100.0,0.0,100.0,0.0,94.0,12779.0,19.0,19.0,100.0,0.0,100.0,0.0,200.0,0.0,100.0,30865.0,100.0,50327070640.0,100.0,133225798729.0
2019-05-21,Z304GJ95,ST4000DM000,4000787030016,0,117.0,165761896.0,92.0,0.0,100.0,11.0,100.0,0.0,87.0,528193295.0,65.0,31027.0,100.0,0.0,100.0,11.0,98.0,2.0,100.0,0.0,100.0,0.0,100.0,0.0,100.0,0.0,82.0,18.0,100.0,0.0,100.0,0.0,94.0,12779.0,18.0,18.0,100.0,0.0,100.0,0.0,200.0,0.0,100.0,30889.0,100.0,50337807360.0,100.0,133355832359.0
2019-05-22,Z304GJ95,ST4000DM000,4000787030016,0,118.0,187168240.0,92.0,0.0,100.0,11.0,100.0,0.0,87.0,530429958.0,65.0,31051.0,100.0,0.0,100.0,11.0,98.0,2.0,100.0,0.0,100.0,0.0,100.0,0.0,100.0,0.0,82.0,18.0,100.0,0.0,100.0,0.0,94.0,12779.0,18.0,18.0,100.0,0.0,100.0,0.0,200.0,0.0,100.0,30913.0,100.0,50355074880.0,100.0,133493818988.0
2019-05-23,Z304GJ95,ST4000DM000,4000787030016,0,118.0,181123928.0,92.0,0.0,100.0,11.0,100.0,0.0,87.0,531579034.0,65.0,31075.0,100.0,0.0,100.0,11.0,98.0,2.0,100.0,0.0,100.0,0.0,100.0,0.0,100.0,0.0,82.0,18.0,100.0,0.0,100.0,0.0,94.0,12779.0,18.0,18.0,100.0,0.0,100.0,0.0,200.0,0.0,100.0,30937.0,100.0,50365331480.0,100.0,133641908241.0
2019-05-24,Z304GJ95,ST4000DM000,4000787030016,0,114.0,69698248.0,92.0,0.0,100.0,11.0,100.0,0.0,87.0,532767362.0,65.0,31099.0,100.0,0.0,100.0,11.0,98.0,2.0,100.0,0.0,100.0,0.0,100.0,0.0,100.0,0.0,83.0,17.0,100.0,0.0,100.0,0.0,94.0,12779.0,17.0,17.0,100.0,0.0,100.0,0.0,200.0,0.0,100.0,30961.0,100.0,50378696440.0,100.0,133765563735.0
2019-05-25,Z304GJ95,ST4000DM000,4000787030016,0,117.0,165575368.0,92.0,0.0,100.0,11.0,100.0,0.0,87.0,534402441.0,65.0,31122.0,100.0,0.0,100.0,11.0,98.0,2.0,100.0,0.0,100.0,0.0,100.0,0.0,100.0,0.0,82.0,18.0,100.0,0.0,100.0,0.0,94.0,12779.0,18.0,18.0,100.0,0.0,100.0,0.0,200.0,0.0,100.0,30985.0,100.0,50395457064.0,100.0,133851988397.0
2019-05-26,Z304GJ95,ST4000DM000,4000787030016,0,119.0,216140208.0,92.0,0.0,100.0,11.0,100.0,0.0,87.0,535401471.0,65.0,31146.0,100.0,0.0,100.0,11.0,98.0,2.0,100.0,0.0,100.0,0.0,100.0,0.0,100.0,0.0,82.0,18.0,100.0,0.0,100.0,0.0,94.0,12779.0,18.0,18.0,100.0,0.0,100.0,0.0,200.0,0.0,100.0,31009.0,100.0,50414955872.0,100.0,133960070207.0
2019-05-27,Z304GJ95,ST4000DM000,4000787030016,0,109.0,23941504.0,92.0,0.0,100.0,11.0,100.0,0.0,87.0,536648940.0,65.0,31170.0,100.0,0.0,100.0,11.0,98.0,2.0,100.0,0.0,100.0,0.0,100.0,0.0,100.0,0.0,82.0,18.0,100.0,0.0,100.0,0.0,94.0,12779.0,18.0,18.0,100.0,0.0,100.0,0.0,200.0,0.0,100.0,31033.0,100.0,50427693616.0,100.0,134176617265.0
2019-05-28,Z304GJ95,ST4000DM000,4000787030016,0,119.0,226830376.0,92.0,0.0,100.0,11.0,100.0,0.0,87.0,537479232.0,65.0,31194.0,100.0,0.0,100.0,11.0,98.0,2.0,100.0,0.0,100.0,0.0,100.0,0.0,100.0,0.0,82.0,18.0,100.0,0.0,100.0,0.0,94.0,12779.0,18.0,18.0,100.0,0.0,100.0,0.0,200.0,0.0,100.0,31056.0,100.0,50441511624.0,100.0,134296182464.0
2019-05-29,Z304GJ95,ST4000DM000,4000787030016,0,120.0,243595896.0,92.0,0.0,100.0,11.0,100.0,0.0,87.0,539775118.0,65.0,31218.0,100.0,0.0,100.0,11.0,98.0,2.0,100.0,0.0,100.0,0.0,100.0,0.0,100.0,0.0,82.0,18.0,100.0,0.0,100.0,0.0,94.0,12779.0,18.0,18.0,100.0,0.0,100.0,0.0,200.0,0.0,100.0,31080.0,100.0,50462669760.0,100.0,134457950375.0
2019-05-30,Z304GJ95,ST4000DM000,4000787030016,0,116.0,108889680.0,92.0,0.0,100.0,11.0,100.0,0.0,87.0,542172051.0,65.0,31242.0,100.0,0.0,100.0,11.0,98.0,2.0,100.0,0.0,100.0,0.0,100.0,0.0,100.0,0.0,82.0,18.0,100.0,0.0,100.0,0.0,94.0,12779.0,18.0,18.0,100.0,0.0,100.0,0.0,200.0,0.0,100.0,31104.0,100.0,50479341064.0,100.0,134607050962.0
2019-05-31,Z304GJ95,ST4000DM000,4000787030016,0,117.0,131767800.0,92.0,0.0,100.0,11.0,100.0,0.0,87.0,543124813.0,65.0,31266.0,100.0,0.0,100.0,11.0,98.0,2.0,100.0,0.0,100.0,0.0,100.0,0.0,100.0,0.0,82.0,18.0,100.0,0.0,100.0,0.0,94.0,12779.0,18.0,18.0,100.0,0.0,100.0,0.0,200.0,0.0,100.0,31128.0,100.0,50494799912.0,100.0,134705659212.0
2019-06-01,Z304GJ95,ST4000DM000,4000787030016,0,115.0,94937112.0,92.0,0.0,100.0,11.0,100.0,0.0,87.0,544918632.0,65.0,31290.0,100.0,0.0,100.0,11.0,98.0,2.0,100.0,0.0,100.0,0.0,100.0,0.0,100.0,0.0,82.0,18.0,100.0,0.0,100.0,0.0,94.0,12779.0,18.0,18.0,100.0,0.0,100.0,0.0,200.0,0.0,100.0,31152.0,100.0,50508370128.0,100.0,134825122074.0
2019-06-02,Z304GJ95,ST4000DM000,4000787030016,0,117.0,132656536.0,92.0,0.0,100.0,11.0,100.0,0.0,87.0,546036289.0,65.0,31314.0,100.0,0.0,100.0,11.0,98.0,2.0,100.0,0.0,100.0,0.0,100.0,0.0,100.0,0.0,83.0,17.0,100.0,0.0,100.0,0.0,94.0,12779.0,17.0,17.0,100.0,0.0,100.0,0.0,200.0,0.0,100.0,31176.0,100.0,50541215840.0,100.0,134940865518.0
2019-06-03,Z304GJ95,ST4000DM000,4000787030016,0,115.0,90669400.0,92.0,0.0,100.0,11.0,100.0,0.0,87.0,547110383.0,65.0,31338.0,100.0,0.0,100.0,11.0,98.0,2.0,100.0,0.0,100.0,0.0,100.0,0.0,100.0,0.0,82.0,18.0,100.0,0.0,100.0,0.0,94.0,12779.0,18.0,18.0,100.0,0.0,100.0,0.0,200.0,0.0,100.0,31200.0,100.0,50558683856.0,100.0,135063870326.0
2019-06-04,Z304GJ95,ST4000DM000,4000787030016,0,118.0,170935896.0,92.0,0.0,100.0,11.0,100.0,0.0,87.0,547853073.0,65.0,31362.0,100.0,0.0,100.0,11.0,98.0,2.0,100.0,0.0,100.0,0.0,100.0,0.0,100.0,0.0,82.0,18.0,100.0,0.0,100.0,0.0,94.0,12779.0,18.0,18.0,100.0,0.0,100.0,0.0,200.0,0.0,100.0,31224.0,100.0,50574132560.0,100.0,135135402344.0
2019-06-05,Z304GJ95,ST4000DM000,4000787030016,0,117.0,143097456.0,92.0,0.0,100.0,11.0,100.0,0.0,87.0,550045347.0,65.0,31385.0,100.0,0.0,100.0,11.0,98.0,2.0,100.0,0.0,100.0,0.0,100.0,0.0,100.0,0.0,83.0,17.0,100.0,0.0,100.0,0.0,94.0,12779.0,17.0,17.0,100.0,0.0,100.0,0.0,200.0,0.0,100.0,31248.0,100.0,50608303656.0,100.0,135271481714.0
2019-06-06,Z304GJ95,ST4000DM000,4000787030016,0,109.0,23601960.0,92.0,0.0,100.0,11.0,100.0,0.0,87.0,551156696.0,65.0,31409.0,100.0,0.0,100.0,11.0,98.0,2.0,100.0,0.0,100.0,0.0,100.0,0.0,100.0,0.0,82.0,18.0,100.0,0.0,100.0,0.0,94.0,12779.0,18.0,18.0,100.0,0.0,100.0,0.0,200.0,0.0,100.0,31271.0,100.0,50631420688.0,100.0,135403554699.0
2019-06-07,Z304GJ95,ST4000DM000,4000787030016,0,117.0,159665728.0,92.0,0.0,100.0,11.0,100.0,0.0,87.0,552092867.0,65.0,31433.0,100.0,0.0,100.0,11.0,98.0,2.0,100.0,0.0,100.0,0.0,100.0,0.0,100.0,0.0,83.0,17.0,100.0,0.0,100.0,0.0,94.0,12779.0,17.0,17.0,100.0,0.0,100.0,0.0,200.0,0.0,100.0,31295.0,100.0,50650437352.0,100.0,135519390686.0
2019-06-08,Z304GJ95,ST4000DM000,4000787030016,0,114.0,72699288.0,92.0,0.0,100.0,11.0,100.0,0.0,87.0,554806743.0,65.0,31457.0,100.0,0.0,100.0,11.0,98.0,2.0,100.0,0.0,100.0,0.0,100.0,0.0,100.0,0.0,83.0,17.0,100.0,0.0,100.0,0.0,94.0,12779.0,17.0,17.0,100.0,0.0,100.0,0.0,200.0,0.0,100.0,31319.0,100.0,50671081544.0,100.0,135620541101.0
2019-06-09,Z304GJ95,ST4000DM000,4000787030016,0,115.0,87500112.0,92.0,0.0,100.0,11.0,100.0,0.0,87.0,555864141.0,65.0,31481.0,100.0,0.0,100.0,11.0,98.0,2.0,100.0,0.0,100.0,0.0,100.0,0.0,100.0,0.0,83.0,17.0,100.0,0.0,100.0,0.0,94.0,12779.0,17.0,17.0,100.0,0.0,100.0,0.0,200.0,0.0,100.0,31343.0,100.0,50686163376.0,100.0,135765922209.0
2019-06-10,Z304GJ95,ST4000DM000,4000787030016,0,117.0,120633936.0,92.0,0.0,100.0,11.0,100.0,0.0,87.0,556627162.0,65.0,31505.0,100.0,0.0,100.0,11.0,98.0,2.0,100.0,0.0,100.0,0.0,100.0,0.0,100.0,0.0,83.0,17.0,100.0,0.0,100.0,0.0,94.0,12779.0,17.0,17.0,100.0,0.0,100.0,0.0,200.0,0.0,100.0,31368.0,100.0,50697456400.0,100.0,135929094924.0
2019-06-11,Z304GJ95,ST4000DM000,4000787030016,0,114.0,61583160.0,92.0,0.0,100.0,11.0,100.0,0.0,87.0,557217510.0,65.0,31529.0,100.0,0.0,100.0,11.0,98.0,2.0,100.0,0.0,100.0,0.0,100.0,0.0,100.0,0.0,83.0,17.0,100.0,0.0,100.0,0.0,94.0,12779.0,17.0,17.0,100.0,0.0,100.0,0.0,200.0,0.0,100.0,31391.0,100.0,50710016016.0,100.0,136086634704.0
2019-06-12,Z304GJ95,ST4000DM000,4000787030016,0,120.0,243822200.0,92.0,0.0,100.0,11.0,100.0,0.0,87.0,559152346.0,64.0,31553.0,100.0,0.0,100.0,11.0,98.0,2.0,100.0,0.0,100.0,0.0,100.0,0.0,100.0,0.0,83.0,17.0,100.0,0.0,100.0,0.0,94.0,12779.0,17.0,17.0,100.0,0.0,100.0,0.0,200.0,0.0,100.0,31416.0,100.0,50734145568.0,100.0,136271332634.0
2019-06-13,Z304GJ95,ST4000DM000,4000787030016,0,119.0,210662168.0,92.0,0.0,100.0,11.0,100.0,0.0,87.0,559815136.0,64.0,31577.0,100.0,0.0,100.0,11.0,98.0,2.0,100.0,0.0,100.0,0.0,100.0,0.0,100.0,0.0,83.0,17.0,100.0,0.0,100.0,0.0,94.0,12779.0,17.0,17.0,100.0,0.0,100.0,0.0,200.0,0.0,100.0,31440.0,100.0,50750401832.0,100.0,136435943169.0
2019-06-14,Z304GJ95,ST4000DM000,4000787030016,0,119.0,202400584.0,92.0,0.0,100.0,11.0,100.0,0.0,87.0,560442123.0,64.0,31602.0,100.0,0.0,100.0,11.0,98.0,2.0,100.0,0.0,100.0,0.0,100.0,0.0,100.0,0.0,83.0,17.0,100.0,0.0,100.0,0.0,94.0,12779.0,17.0,17.0,100.0,0.0,100.0,0.0,200.0,0.0,100.0,31464.0,100.0,50762296672.0,100.0,136579358801.0
2019-06-15,Z304GJ95,ST4000DM000,4000787030016,0,116.0,112963192.0,92.0,0.0,100.0,11.0,100.0,0.0,87.0,562150938.0,64.0,31626.0,100.0,0.0,100.0,11.0,98.0,2.0,100.0,0.0,100.0,0.0,100.0,0.0,100.0,0.0,82.0,18.0,100.0,0.0,100.0,0.0,94.0,12779.0,18.0,18.0,100.0,0.0,100.0,0.0,200.0,0.0,100.0,31488.0,100.0,50781561744.0,100.0,136730674167.0
2019-06-16,Z304GJ95,ST4000DM000,4000787030016,0,119.0,228138440.0,92.0,0.0,100.0,11.0,100.0,0.0,87.0,563300601.0,64.0,31650.0,100.0,0.0,100.0,11.0,98.0,2.0,100.0,0.0,100.0,0.0,100.0,0.0,100.0,0.0,79.0,21.0,100.0,0.0,100.0,0.0,94.0,12779.0,21.0,21.0,100.0,0.0,100.0,0.0,200.0,0.0,100.0,31512.0,100.0,50795314584.0,100.0,136905422743.0
2019-06-17,Z304GJ95,ST4000DM000,4000787030016,0,118.0,197299272.0,92.0,0.0,100.0,11.0,100.0,0.0,87.0,564476870.0,64.0,31674.0,100.0,0.0,100.0,11.0,98.0,2.0,100.0,0.0,100.0,0.0,100.0,0.0,100.0,0.0,79.0,21.0,100.0,0.0,100.0,0.0,94.0,12779.0,21.0,21.0,100.0,0.0,100.0,0.0,200.0,0.0,100.0,31536.0,100.0,50807185440.0,100.0,137073109135.0
2019-06-18,Z304GJ95,ST4000DM000,4000787030016,0,117.0,157115952.0,92.0,0.0,100.0,11.0,100.0,0.0,87.0,565854018.0,64.0,31698.0,100.0,0.0,100.0,11.0,98.0,2.0,100.0,0.0,100.0,0.0,100.0,0.0,100.0,0.0,78.0,22.0,100.0,0.0,100.0,0.0,94.0,12779.0,22.0,22.0,100.0,0.0,100.0,0.0,200.0,0.0,100.0,31560.0,100.0,50825115688.0,100.0,137218837070.0
2019-06-19,Z304GJ95,ST4000DM000,4000787030016,0,120.0,241239880.0,92.0,0.0,100.0,11.0,100.0,0.0,87.0,569256722.0,64.0,31721.0,100.0,0.0,100.0,11.0,98.0,2.0,100.0,0.0,100.0,0.0,100.0,0.0,100.0,0.0,78.0,22.0,100.0,0.0,100.0,0.0,94.0,12779.0,22.0,22.0,100.0,0.0,100.0,0.0,200.0,0.0,100.0,31584.0,100.0,50854861064.0,100.0,137414781983.0
2019-06-20,Z304GJ95,ST4000DM000,4000787030016,0,116.0,114161976.0,92.0,0.0,100.0,11.0,100.0,0.0,87.0,570817697.0,64.0,31745.0,100.0,0.0,100.0,11.0,98.0,2.0,100.0,0.0,100.0,0.0,100.0,0.0,100.0,0.0,78.0,22.0,100.0,0.0,100.0,0.0,94.0,12779.0,22.0,22.0,100.0,0.0,100.0,0.0,200.0,0.0,100.0,31608.0,100.0,50877435544.0,100.0,137576918645.0
2019-06-21,Z304GJ95,ST4000DM000,4000787030016,0,118.0,186077536.0,92.0,0.0,100.0,11.0,100.0,0.0,87.0,571580303.0,64.0,31769.0,100.0,0.0,100.0,11.0,98.0,2.0,100.0,0.0,100.0,0.0,100.0,0.0,100.0,0.0,79.0,21.0,100.0,0.0,100.0,0.0,94.0,12779.0,21.0,21.0,100.0,0.0,100.0,0.0,200.0,0.0,100.0,31632.0,100.0,50893975088.0,100.0,137709561375.0
2019-06-22,Z304GJ95,ST4000DM000,4000787030016,0,115.0,84930720.0,92.0,0.0,100.0,11.0,100.0,0.0,87.0,573155672.0,64.0,31793.0,100.0,0.0,100.0,11.0,98.0,2.0,100.0,0.0,100.0,0.0,100.0,0.0,100.0,0.0,79.0,21.0,100.0,0.0,100.0,0.0,94.0,12779.0,21.0,21.0,100.0,0.0,100.0,0.0,200.0,0.0,100.0,31656.0,100.0,50913400856.0,100.0,137762338679.0
2019-06-23,Z304GJ95,ST4000DM000,4000787030016,0,117.0,126425376.0,92.0,0.0,100.0,11.0,100.0,0.0,87.0,573911178.0,64.0,31817.0,100.0,0.0,100.0,11.0,98.0,2.0,100.0,0.0,100.0,0.0,100.0,0.0,100.0,0.0,79.0,21.0,100.0,0.0,100.0,0.0,94.0,12779.0,21.0,21.0,100.0,0.0,100.0,0.0,200.0,0.0,100.0,31680.0,100.0,50927868608.0,100.0,137862215951.0
2019-06-24,Z304GJ95,ST4000DM000,4000787030016,0,117.0,122737248.0,92.0,0.0,100.0,11.0,100.0,0.0,87.0,574860852.0,64.0,31841.0,100.0,0.0,100.0,11.0,98.0,2.0,100.0,0.0,100.0,0.0,100.0,0.0,100.0,0.0,78.0,22.0,100.0,0.0,100.0,0.0,94.0,12779.0,22.0,22.0,100.0,0.0,100.0,0.0,200.0,0.0,100.0,31704.0,100.0,50939480064.0,100.0,137998677365.0
2019-06-25,Z304GJ95,ST4000DM000,4000787030016,0,114.0,62554920.0,92.0,0.0,100.0,11.0,100.0,0.0,87.0,575837213.0,64.0,31865.0,100.0,0.0,100.0,11.0,98.0,2.0,100.0,0.0,100.0,0.0,100.0,0.0,100.0,0.0,78.0,22.0,100.0,0.0,100.0,0.0,94.0,12779.0,22.0,22.0,100.0,0.0,100.0,0.0,200.0,0.0,100.0,31728.0,100.0,50957251200.0,100.0,138112690562.0
2019-06-26,Z304GJ95,ST4000DM000,4000787030016,0,116.0,107748080.0,92.0,0.0,100.0,11.0,100.0,0.0,87.0,577946140.0,64.0,31889.0,100.0,0.0,100.0,11.0,98.0,2.0,100.0,0.0,100.0,0.0,100.0,0.0,100.0,0.0,79.0,21.0,100.0,0.0,100.0,0.0,94.0,12779.0,21.0,21.0,100.0,0.0,100.0,0.0,200.0,0.0,100.0,31752.0,100.0,50979036176.0,100.0,138218241028.0
2019-06-27,Z304GJ95,ST4000DM000,4000787030016,0,107.0,14554312.0,92.0,0.0,100.0,11.0,100.0,0.0,87.0,579280825.0,64.0,31913.0,100.0,0.0,100.0,11.0,98.0,2.0,100.0,0.0,100.0,0.0,100.0,0.0,100.0,0.0,78.0,22.0,100.0,0.0,100.0,0.0,94.0,12779.0,22.0,22.0,100.0,0.0,100.0,0.0,200.0,0.0,100.0,31775.0,100.0,50993122848.0,100.0,138397949081.0
2019-06-28,Z304GJ95,ST4000DM000,4000787030016,0,109.0,23275904.0,92.0,0.0,100.0,11.0,100.0,0.0,87.0,581199463.0,64.0,31937.0,100.0,0.0,100.0,11.0,98.0,2.0,100.0,0.0,100.0,0.0,100.0,0.0,100.0,0.0,79.0,21.0,100.0,0.0,100.0,0.0,94.0,12779.0,21.0,21.0,100.0,0.0,100.0,0.0,200.0,0.0,100.0,31799.0,100.0,51013967912.0,100.0,138678466886.0
2019-06-29,Z304GJ95,ST4000DM000,4000787030016,0,107.0,14133992.0,92.0,0.0,100.0,11.0,100.0,0.0,87.0,583419270.0,64.0,31961.0,100.0,0.0,100.0,11.0,98.0,2.0,100.0,0.0,100.0,0.0,100.0,0.0,100.0,0.0,79.0,21.0,100.0,0.0,100.0,0.0,94.0,12779.0,21.0,21.0,100.0,0.0,100.0,0.0,200.0,0.0,100.0,31823.0,100.0,51057551208.0,100.0,138815018278.0
2019-06-30,Z304GJ95,ST4000DM000,4000787030016,0,118.0,171704248.0,92.0,0.0,100.0,11.0,100.0,0.0,87.0,584603255.0,64.0,31985.0,100.0,0.0,100.0,11.0,98.0,2.0,100.0,0.0,100.0,0.0,100.0,0.0,100.0,0.0,79.0,21.0,100.0,0.0,100.0,0.0,94.0,12779.0,21.0,21.0,100.0,0.0,100.0,0.0,200.0,0.0,100.0,31847.0,100.0,51079684192.0,100.0,138986754706.0
2019-07-01,Z304GJ95,ST4000DM000,4000787030016,0,105.0,9312616.0,92.0,0.0,100.0,11.0,100.0,0.0,87.0,586062814.0,64.0,32009.0,100.0,0.0,100.0,11.0,98.0,2.0,100.0,0.0,100.0,0.0,100.0,0.0,100.0,0.0,79.0,21.0,100.0,0.0,100.0,0.0,94.0,12779.0,21.0,21.0,100.0,0.0,100.0,0.0,200.0,0.0,100.0,31871.0,100.0,51096385120.0,100.0,139183541247.0
2019-07-02,Z304GJ95,ST4000DM000,4000787030016,0,117.0,131324256.0,92.0,0.0,100.0,11.0,100.0,0.0,87.0,587512892.0,64.0,32032.0,100.0,0.0,100.0,11.0,98.0,2.0,100.0,0.0,100.0,0.0,100.0,0.0,100.0,0.0,78.0,22.0,100.0,0.0,100.0,0.0,94.0,12779.0,22.0,22.0,100.0,0.0,100.0,0.0,200.0,0.0,100.0,31895.0,100.0,51115054024.0,100.0,139369766304.0
2019-07-03,Z304GJ95,ST4000DM000,4000787030016,0,114.0,76180744.0,92.0,0.0,100.0,11.0,100.0,0.0,87.0,589612298.0,64.0,32056.0,100.0,0.0,100.0,11.0,98.0,2.0,100.0,0.0,100.0,0.0,100.0,0.0,100.0,0.0,78.0,22.0,100.0,0.0,100.0,0.0,94.0,12779.0,22.0,22.0,100.0,0.0,100.0,0.0,200.0,0.0,100.0,31918.0,100.0,51138245888.0,100.0,139496984166.0
2019-07-04,Z304GJ95,ST4000DM000,4000787030016,0,119.0,231931856.0,92.0,0.0,100.0,11.0,100.0,0.0,87.0,590735545.0,64.0,32080.0,100.0,0.0,100.0,11.0,98.0,2.0,100.0,0.0,100.0,0.0,100.0,0.0,100.0,0.0,79.0,21.0,100.0,0.0,100.0,0.0,94.0,12779.0,21.0,21.0,100.0,0.0,100.0,0.0,200.0,0.0,100.0,31942.0,100.0,51153075800.0,100.0,139604568464.0
2019-07-05,Z304GJ95,ST4000DM000,4000787030016,0,111.0,38229744.0,92.0,0.0,100.0,11.0,100.0,0.0,87.0,591605269.0,64.0,32104.0,100.0,0.0,100.0,11.0,98.0,2.0,100.0,0.0,100.0,0.0,100.0,0.0,100.0,0.0,78.0,22.0,100.0,0.0,100.0,0.0,94.0,12779.0,22.0,22.0,100.0,0.0,100.0,0.0,200.0,0.0,100.0,31966.0,100.0,51167374656.0,100.0,139709228590.0
2019-07-06,Z304GJ95,ST4000DM000,4000787030016,0,115.0,96508392.0,92.0,0.0,100.0,11.0,100.0,0.0,87.0,593916505.0,64.0,32128.0,100.0,0.0,100.0,11.0,98.0,2.0,100.0,0.0,100.0,0.0,100.0,0.0,100.0,0.0,79.0,21.0,100.0,0.0,100.0,0.0,94.0,12779.0,21.0,21.0,100.0,0.0,100.0,0.0,200.0,0.0,100.0,31990.0,100.0,51187030224.0,100.0,139775938751.0
2019-07-07,Z304GJ95,ST4000DM000,4000787030016,0,119.0,218554464.0,92.0,0.0,100.0,11.0,100.0,0.0,87.0,595466713.0,64.0,32152.0,100.0,0.0,100.0,11.0,98.0,2.0,100.0,0.0,100.0,0.0,100.0,0.0,100.0,0.0,79.0,21.0,100.0,0.0,100.0,0.0,94.0,12779.0,21.0,21.0,100.0,0.0,100.0,0.0,200.0,0.0,100.0,32014.0,100.0,51208364096.0,100.0,139950496597.0
2019-07-08,Z304GJ95,ST4000DM000,4000787030016,0,111.0,34873504.0,92.0,0.0,100.0,11.0,100.0,0.0,87.0,596978781.0,64.0,32175.0,100.0,0.0,100.0,11.0,98.0,2.0,100.0,0.0,100.0,0.0,100.0,0.0,100.0,0.0,79.0,21.0,100.0,0.0,100.0,0.0,94.0,12779.0,21.0,21.0,100.0,0.0,100.0,0.0,200.0,0.0,100.0,32038.0,100.0,51226146392.0,100.0,140100784617.0
2019-07-09,Z304GJ95,ST4000DM000,4000787030016,0,111.0,30399032.0,92.0,0.0,100.0,11.0,100.0,0.0,87.0,598121962.0,64.0,32199.0,100.0,0.0,100.0,11.0,98.0,2.0,100.0,0.0,100.0,0.0,100.0,0.0,100.0,0.0,79.0,21.0,100.0,0.0,100.0,0.0,94.0,12779.0,21.0,21.0,100.0,0.0,100.0,0.0,200.0,0.0,100.0,32061.0,100.0,51245301144.0,100.0,140214364131.0
2019-07-10,Z304GJ95,ST4000DM000,4000787030016,0,105.0,9378552.0,92.0,0.0,100.0,11.0,100.0,0.0,87.0,600101521.0,64.0,32223.0,100.0,0.0,100.0,11.0,98.0,2.0,100.0,0.0,100.0,0.0,100.0,0.0,100.0,0.0,79.0,21.0,100.0,0.0,100.0,0.0,94.0,12779.0,21.0,21.0,100.0,0.0,100.0,0.0,200.0,0.0,100.0,32085.0,100.0,51265840760.0,100.0,140329228317.0
2019-07-11,Z304GJ95,ST4000DM000,4000787030016,0,119.0,223350464.0,92.0,0.0,100.0,11.0,100.0,0.0,87.0,602350272.0,64.0,32258.0,100.0,0.0,100.0,11.0,98.0,2.0,100.0,0.0,100.0,0.0,100.0,0.0,100.0,0.0,79.0,21.0,100.0,0.0,100.0,0.0,94.0,12779.0,21.0,21.0,100.0,0.0,100.0,0.0,200.0,0.0,100.0,32121.0,100.0,51295270032.0,100.0,140585283305.0
2019-07-12,Z304GJ95,ST4000DM000,4000787030016,0,117.0,124840368.0,92.0,0.0,100.0,11.0,100.0,0.0,87.0,604633307.0,64.0,32282.0,100.0,0.0,100.0,11.0,98.0,2.0,100.0,0.0,100.0,0.0,100.0,0.0,100.0,0.0,79.0,21.0,100.0,0.0,100.0,0.0,94.0,12779.0,21.0,21.0,100.0,0.0,100.0,0.0,200.0,0.0,100.0,32145.0,100.0,51316713832.0,100.0,140724823369.0
2019-07-13,Z304GJ95,ST4000DM000,4000787030016,0,119.0,225670240.0,92.0,0.0,100.0,11.0,100.0,0.0,87.0,606524010.0,64.0,32306.0,100.0,0.0,100.0,11.0,98.0,2.0,100.0,0.0,100.0,0.0,100.0,0.0,100.0,0.0,79.0,21.0,100.0,0.0,100.0,0.0,94.0,12779.0,21.0,21.0,100.0,0.0,100.0,0.0,200.0,0.0,100.0,32168.0,100.0,51330882464.0,100.0,140915585222.0
2019-07-14,Z304GJ95,ST4000DM000,4000787030016,0,117.0,138819920.0,92.0,0.0,100.0,11.0,100.0,0.0,87.0,607727720.0,64.0,32330.0,100.0,0.0,100.0,11.0,98.0,2.0,100.0,0.0,100.0,0.0,100.0,0.0,100.0,0.0,79.0,21.0,100.0,0.0,100.0,0.0,94.0,12779.0,21.0,21.0,100.0,0.0,100.0,0.0,200.0,0.0,100.0,32192.0,100.0,51365691824.0,100.0,141094437001.0
2019-07-15,Z304GJ95,ST4000DM000,4000787030016,0,114.0,59141288.0,92.0,0.0,100.0,11.0,100.0,0.0,87.0,608722654.0,64.0,32354.0,100.0,0.0,100.0,11.0,98.0,2.0,100.0,0.0,100.0,0.0,100.0,0.0,100.0,0.0,78.0,22.0,100.0,0.0,100.0,0.0,94.0,12779.0,22.0,22.0,100.0,0.0,100.0,0.0,200.0,0.0,100.0,32216.0,100.0,51384596272.0,100.0,141241639644.0
2019-07-16,Z304GJ95,ST4000DM000,4000787030016,0,119.0,204089912.0,92.0,0.0,100.0,11.0,100.0,0.0,87.0,609994509.0,64.0,32377.0,100.0,0.0,100.0,11.0,98.0,2.0,100.0,0.0,100.0,0.0,100.0,0.0,100.0,0.0,79.0,21.0,100.0,0.0,100.0,0.0,94.0,12779.0,21.0,21.0,100.0,0.0,100.0,0.0,200.0,0.0,100.0,32240.0,100.0,51398401864.0,100.0,141445867401.0
2019-07-17,Z304GJ95,ST4000DM000,4000787030016,0,114.0,73847416.0,92.0,0.0,100.0,11.0,100.0,0.0,87.0,612395561.0,64.0,32401.0,100.0,0.0,100.0,11.0,98.0,2.0,100.0,0.0,100.0,0.0,100.0,0.0,100.0,0.0,78.0,22.0,100.0,0.0,100.0,0.0,94.0,12779.0,22.0,22.0,100.0,0.0,100.0,0.0,200.0,0.0,100.0,32264.0,100.0,51421384232.0,100.0,141636673684.0
2019-07-18,Z304GJ95,ST4000DM000,4000787030016,0,116.0,100826784.0,92.0,0.0,100.0,11.0,100.0,0.0,87.0,614044703.0,63.0,32425.0,100.0,0.0,100.0,11.0,98.0,2.0,100.0,0.0,100.0,0.0,100.0,0.0,100.0,0.0,79.0,21.0,100.0,0.0,100.0,0.0,94.0,12779.0,21.0,21.0,100.0,0.0,100.0,0.0,200.0,0.0,100.0,32287.0,100.0,51448037680.0,100.0,141894656666.0
2019-07-19,Z304GJ95,ST4000DM000,4000787030016,0,119.0,228814432.0,92.0,0.0,100.0,11.0,100.0,0.0,87.0,615647744.0,63.0,32449.0,100.0,0.0,100.0,11.0,98.0,2.0,100.0,0.0,100.0,0.0,100.0,0.0,100.0,0.0,78.0,22.0,100.0,0.0,100.0,0.0,94.0,12779.0,22.0,22.0,100.0,0.0,100.0,0.0,200.0,0.0,100.0,32311.0,100.0,51468951416.0,100.0,142077184621.0
2019-07-20,Z304GJ95,ST4000DM000,4000787030016,0,117.0,140708440.0,92.0,0.0,100.0,11.0,100.0,0.0,87.0,617619087.0,63.0,32473.0,100.0,0.0,100.0,11.0,98.0,2.0,100.0,0.0,100.0,0.0,100.0,0.0,100.0,0.0,78.0,22.0,100.0,0.0,100.0,0.0,94.0,12779.0,22.0,22.0,100.0,0.0,100.0,0.0,200.0,0.0,100.0,32335.0,100.0,51486583640.0,100.0,142214449654.0
2019-07-21,Z304GJ95,ST4000DM000,4000787030016,0,120.0,725080.0,92.0,0.0,100.0,11.0,100.0,0.0,87.0,619219130.0,63.0,32497.0,100.0,0.0,100.0,11.0,98.0,2.0,100.0,0.0,100.0,0.0,100.0,0.0,100.0,0.0,79.0,21.0,100.0,0.0,100.0,0.0,94.0,12779.0,21.0,21.0,100.0,0.0,100.0,0.0,200.0,0.0,100.0,32359.0,100.0,51506628096.0,100.0,142493278554.0
2019-07-22,Z304GJ95,ST4000DM000,4000787030016,0,119.0,227001360.0,92.0,0.0,100.0,11.0,100.0,0.0,87.0,620810087.0,63.0,32521.0,100.0,0.0,100.0,11.0,98.0,2.0,100.0,0.0,100.0,0.0,100.0,0.0,100.0,0.0,79.0,21.0,100.0,0.0,100.0,0.0,94.0,12779.0,21.0,21.0,100.0,0.0,100.0,0.0,200.0,0.0,100.0,32383.0,100.0,51523399296.0,100.0,142749085546.0
2019-07-23,Z304GJ95,ST4000DM000,4000787030016,0,117.0,153178984.0,92.0,0.0,100.0,11.0,100.0,0.0,87.0,622910921.0,63.0,32544.0,100.0,0.0,100.0,11.0,98.0,2.0,100.0,0.0,100.0,0.0,100.0,0.0,100.0,0.0,79.0,21.0,100.0,0.0,100.0,0.0,94.0,12779.0,21.0,21.0,100.0,0.0,100.0,0.0,200.0,0.0,100.0,32407.0,100.0,51542779920.0,100.0,142950265531.0
2019-07-24,Z304GJ95,ST4000DM000,4000787030016,0,118.0,198830016.0,92.0,0.0,100.0,11.0,100.0,0.0,87.0,626229666.0,63.0,32568.0,100.0,0.0,100.0,11.0,98.0,2.0,100.0,0.0,100.0,0.0,100.0,0.0,100.0,0.0,79.0,21.0,100.0,0.0,100.0,0.0,94.0,12779.0,21.0,21.0,100.0,0.0,100.0,0.0,200.0,0.0,100.0,32430.0,100.0,51562024328.0,100.0,143158382018.0
2019-07-25,Z304GJ95,ST4000DM000,4000787030016,0,119.0,210506528.0,92.0,0.0,100.0,11.0,100.0,0.0,87.0,627618234.0,63.0,32592.0,100.0,0.0,100.0,11.0,98.0,2.0,100.0,0.0,100.0,0.0,100.0,0.0,100.0,0.0,79.0,21.0,100.0,0.0,100.0,0.0,94.0,12779.0,21.0,21.0,100.0,0.0,100.0,0.0,200.0,0.0,100.0,32454.0,100.0,51577457824.0,100.0,143357683310.0
2019-07-26,Z304GJ95,ST4000DM000,4000787030016,0,114.0,63734048.0,92.0,0.0,100.0,11.0,100.0,0.0,87.0,629249572.0,63.0,32616.0,100.0,0.0,100.0,11.0,98.0,2.0,100.0,0.0,100.0,0.0,100.0,0.0,100.0,0.0,79.0,21.0,100.0,0.0,100.0,0.0,94.0,12779.0,21.0,21.0,100.0,0.0,100.0,0.0,200.0,0.0,100.0,32478.0,100.0,51595810832.0,100.0,143513095013.0
2019-07-27,Z304GJ95,ST4000DM000,4000787030016,0,117.0,154250296.0,92.0,0.0,100.0,11.0,100.0,0.0,87.0,630984822.0,63.0,32640.0,100.0,0.0,100.0,11.0,98.0,2.0,100.0,0.0,100.0,0.0,100.0,0.0,100.0,0.0,79.0,21.0,100.0,0.0,100.0,0.0,94.0,12779.0,21.0,21.0,100.0,0.0,100.0,0.0,200.0,0.0,100.0,32502.0,100.0,51608891696.0,100.0,143757622859.0
2019-07-28,Z304GJ95,ST4000DM000,4000787030016,0,116.0,107520808.0,92.0,0.0,100.0,11.0,100.0,0.0,87.0,632451676.0,63.0,32664.0,100.0,0.0,100.0,11.0,98.0,2.0,100.0,0.0,100.0,0.0,100.0,0.0,100.0,0.0,79.0,21.0,100.0,0.0,100.0,0.0,94.0,12779.0,21.0,21.0,100.0,0.0,100.0,0.0,200.0,0.0,100.0,32526.0,100.0,51626468896.0,100.0,144017502573.0
2019-07-29,Z304GJ95,ST4000DM000,4000787030016,0,117.0,151920424.0,92.0,0.0,100.0,11.0,100.0,0.0,87.0,633393816.0,63.0,32688.0,100.0,0.0,100.0,11.0,98.0,2.0,100.0,0.0,100.0,0.0,100.0,0.0,100.0,0.0,79.0,21.0,100.0,0.0,100.0,0.0,94.0,12779.0,21.0,21.0,100.0,0.0,100.0,0.0,200.0,0.0,100.0,32550.0,100.0,51644424960.0,100.0,144327925378.0
2019-07-30,Z304GJ95,ST4000DM000,4000787030016,0,116.0,105402912.0,92.0,0.0,100.0,11.0,100.0,0.0,87.0,634353864.0,63.0,32712.0,100.0,0.0,100.0,11.0,98.0,2.0,100.0,0.0,100.0,0.0,100.0,0.0,100.0,0.0,79.0,21.0,100.0,0.0,100.0,0.0,94.0,12779.0,21.0,21.0,100.0,0.0,100.0,0.0,200.0,0.0,100.0,32574.0,100.0,51669674648.0,100.0,144627712506.0
2019-07-31,Z304GJ95,ST4000DM000,4000787030016,0,107.0,12816168.0,92.0,0.0,100.0,11.0,100.0,0.0,87.0,636950651.0,63.0,32736.0,100.0,0.0,100.0,11.0,98.0,2.0,100.0,0.0,100.0,0.0,100.0,0.0,100.0,0.0,79.0,21.0,100.0,0.0,100.0,0.0,94.0,12779.0,21.0,21.0,100.0,0.0,100.0,0.0,200.0,0.0,100.0,32598.0,100.0,51708063704.0,100.0,144965337068.0
2019-08-01,Z304GJ95,ST4000DM000,4000787030016,0,111.0,33550600.0,92.0,0.0,100.0,11.0,100.0,0.0,87.0,639104825.0,63.0,32760.0,100.0,0.0,100.0,11.0,98.0,2.0,100.0,0.0,100.0,0.0,100.0,0.0,100.0,0.0,78.0,22.0,100.0,0.0,100.0,0.0,94.0,12779.0,22.0,22.0,100.0,0.0,100.0,0.0,200.0,0.0,100.0,32622.0,100.0,51726404616.0,100.0,145279039328.0
2019-08-02,Z304GJ95,ST4000DM000,4000787030016,0,118.0,190827888.0,92.0,0.0,100.0,11.0,100.0,0.0,87.0,641020195.0,63.0,32783.0,100.0,0.0,100.0,11.0,98.0,2.0,100.0,0.0,100.0,0.0,100.0,0.0,100.0,0.0,78.0,22.0,100.0,0.0,100.0,0.0,94.0,12779.0,22.0,22.0,100.0,0.0,100.0,0.0,200.0,0.0,100.0,32646.0,100.0,51743143632.0,100.0,145533023938.0
2019-08-03,Z304GJ95,ST4000DM000,4000787030016,0,118.0,179073200.0,92.0,0.0,100.0,11.0,100.0,0.0,87.0,642618474.0,63.0,32807.0,100.0,0.0,100.0,11.0,98.0,2.0,100.0,0.0,100.0,0.0,100.0,0.0,100.0,0.0,78.0,22.0,100.0,0.0,100.0,0.0,94.0,12779.0,22.0,22.0,100.0,0.0,100.0,0.0,200.0,0.0,100.0,32670.0,100.0,51767714672.0,100.0,145620297721.0
2019-08-04,Z304GJ95,ST4000DM000,4000787030016,0,114.0,70438600.0,92.0,0.0,100.0,11.0,100.0,0.0,87.0,643602184.0,63.0,32831.0,100.0,0.0,100.0,11.0,98.0,2.0,100.0,0.0,100.0,0.0,100.0,0.0,100.0,0.0,78.0,22.0,100.0,0.0,100.0,0.0,94.0,12779.0,22.0,22.0,100.0,0.0,100.0,0.0,200.0,0.0,100.0,32694.0,100.0,51786772784.0,100.0,145784200581.0
2019-08-05,Z304GJ95,ST4000DM000,4000787030016,0,119.0,209401568.0,92.0,0.0,100.0,11.0,100.0,0.0,87.0,645030462.0,63.0,32855.0,100.0,0.0,100.0,11.0,98.0,2.0,100.0,0.0,100.0,0.0,100.0,0.0,100.0,0.0,78.0,22.0,100.0,0.0,100.0,0.0,94.0,12779.0,22.0,22.0,100.0,0.0,100.0,0.0,200.0,0.0,100.0,32718.0,100.0,51808292232.0,100.0,145990180191.0
2019-08-06,Z304GJ95,ST4000DM000,4000787030016,0,118.0,193724880.0,92.0,0.0,100.0,11.0,100.0,0.0,87.0,646807313.0,63.0,32879.0,100.0,0.0,100.0,11.0,98.0,2.0,100.0,0.0,100.0,0.0,100.0,0.0,100.0,0.0,78.0,22.0,100.0,0.0,100.0,0.0,94.0,12779.0,22.0,22.0,100.0,0.0,100.0,0.0,200.0,0.0,100.0,32742.0,100.0,51821593336.0,100.0,146239860485.0
2019-08-07,Z304GJ95,ST4000DM000,4000787030016,0,119.0,204742256.0,92.0,0.0,100.0,11.0,100.0,0.0,87.0,649432916.0,63.0,32903.0,100.0,0.0,100.0,11.0,98.0,2.0,100.0,0.0,100.0,0.0,100.0,0.0,100.0,0.0,78.0,22.0,100.0,0.0,100.0,0.0,94.0,12779.0,22.0,22.0,100.0,0.0,100.0,0.0,200.0,0.0,100.0,32766.0,100.0,51838287984.0,100.0,146482758600.0
2019-08-08,Z304GJ95,ST4000DM000,4000787030016,0,115.0,92703864.0,92.0,0.0,100.0,11.0,100.0,0.0,87.0,651235640.0,63.0,32927.0,100.0,0.0,100.0,11.0,98.0,2.0,100.0,0.0,100.0,0.0,100.0,0.0,100.0,0.0,78.0,22.0,100.0,0.0,100.0,0.0,94.0,12779.0,22.0,22.0,100.0,0.0,100.0,0.0,200.0,0.0,100.0,32789.0,100.0,51858589400.0,100.0,146742062552.0
2019-08-09,Z304GJ95,ST4000DM000,4000787030016,0,114.0,80881592.0,92.0,0.0,100.0,11.0,100.0,0.0,87.0,652994294.0,63.0,32951.0,100.0,0.0,100.0,11.0,98.0,2.0,100.0,0.0,100.0,0.0,100.0,0.0,100.0,0.0,78.0,22.0,100.0,0.0,100.0,0.0,94.0,12779.0,22.0,22.0,100.0,0.0,100.0,0.0,200.0,0.0,100.0,32813.0,100.0,51879092504.0,100.0,146957560036.0
2019-08-10,Z304GJ95,ST4000DM000,4000787030016,0,118.0,193865504.0,92.0,0.0,100.0,11.0,100.0,0.0,87.0,654827992.0,63.0,32975.0,100.0,0.0,100.0,11.0,98.0,2.0,100.0,0.0,100.0,0.0,100.0,0.0,100.0,0.0,78.0,22.0,100.0,0.0,100.0,0.0,94.0,12779.0,22.0,22.0,100.0,0.0,100.0,0.0,200.0,0.0,100.0,32837.0,100.0,51902063888.0,100.0,147053508484.0
2019-08-11,Z304GJ95,ST4000DM000,4000787030016,0,116.0,112230992.0,92.0,0.0,100.0,11.0,100.0,0.0,87.0,656511085.0,63.0,32999.0,100.0,0.0,100.0,11.0,98.0,2.0,100.0,0.0,100.0,0.0,100.0,0.0,100.0,0.0,78.0,22.0,100.0,0.0,100.0,0.0,94.0,12779.0,22.0,22.0,100.0,0.0,100.0,0.0,200.0,0.0,100.0,32861.0,100.0,51923521608.0,100.0,147271307391.0
2019-08-12,Z304GJ95,ST4000DM000,4000787030016,0,112.0,42158712.0,92.0,0.0,100.0,11.0,100.0,0.0,87.0,658763447.0,63.0,33023.0,100.0,0.0,100.0,11.0,98.0,2.0,100.0,0.0,100.0,0.0,100.0,0.0,100.0,0.0,79.0,21.0,100.0,0.0,100.0,0.0,94.0,12779.0,21.0,21.0,100.0,0.0,100.0,0.0,200.0,0.0,100.0,32885.0,100.0,51957179424.0,100.0,147412062751.0
2019-08-13,Z304GJ95,ST4000DM000,4000787030016,0,113.0,53239104.0,92.0,0.0,100.0,11.0,100.0,0.0,87.0,660478332.0,63.0,33047.0,100.0,0.0,100.0,11.0,98.0,2.0,100.0,0.0,100.0,0.0,100.0,0.0,100.0,0.0,78.0,22.0,100.0,0.0,100.0,0.0,94.0,12779.0,22.0,22.0,100.0,0.0,100.0,0.0,200.0,0.0,100.0,32909.0,100.0,51980143696.0,100.0,147553824494.0
2019-08-14,Z304GJ95,ST4000DM000,4000787030016,0,119.0,206307624.0,92.0,0.0,100.0,11.0,100.0,0.0,87.0,662630963.0,63.0,33070.0,100.0,0.0,100.0,11.0,98.0,2.0,100.0,0.0,100.0,0.0,100.0,0.0,100.0,0.0,78.0,22.0,100.0,0.0,100.0,0.0,94.0,12779.0,22.0,22.0,100.0,0.0,100.0,0.0,200.0,0.0,100.0,32933.0,100.0,52001141720.0,100.0,147676590133.0
2019-08-15,Z304GJ95,ST4000DM000,4000787030016,0,119.0,206000496.0,92.0,0.0,100.0,11.0,100.0,0.0,87.0,664486035.0,63.0,33094.0,100.0,0.0,100.0,11.0,98.0,2.0,100.0,0.0,100.0,0.0,100.0,0.0,100.0,0.0,78.0,22.0,100.0,0.0,100.0,0.0,94.0,12779.0,22.0,22.0,100.0,0.0,100.0,0.0,200.0,0.0,100.0,32957.0,100.0,52023466808.0,100.0,147920318135.0
2019-08-16,Z304GJ95,ST4000DM000,4000787030016,0,117.0,125777624.0,92.0,0.0,100.0,11.0,100.0,0.0,87.0,666551908.0,63.0,33118.0,100.0,0.0,100.0,11.0,98.0,2.0,100.0,0.0,100.0,0.0,100.0,0.0,100.0,0.0,78.0,22.0,100.0,0.0,100.0,0.0,94.0,12779.0,22.0,22.0,100.0,0.0,100.0,0.0,200.0,0.0,100.0,32980.0,100.0,52051062032.0,100.0,148085599663.0
2019-08-17,Z304GJ95,ST4000DM000,4000787030016,0,119.0,201458624.0,92.0,0.0,100.0,11.0,100.0,0.0,87.0,668155289.0,63.0,33142.0,100.0,0.0,100.0,11.0,98.0,2.0,100.0,0.0,100.0,0.0,100.0,0.0,100.0,0.0,78.0,22.0,100.0,0.0,100.0,0.0,94.0,12779.0,22.0,22.0,100.0,0.0,100.0,0.0,200.0,0.0,100.0,33004.0,100.0,52072735072.0,100.0,148177989948.0
2019-08-18,Z304GJ95,ST4000DM000,4000787030016,0,117.0,128341144.0,92.0,0.0,100.0,11.0,100.0,0.0,87.0,669512223.0,63.0,33166.0,100.0,0.0,100.0,11.0,98.0,2.0,100.0,0.0,100.0,0.0,100.0,0.0,100.0,0.0,79.0,21.0,100.0,0.0,100.0,0.0,94.0,12779.0,21.0,21.0,100.0,0.0,100.0,0.0,200.0,0.0,100.0,33028.0,100.0,52095409536.0,100.0,148327197712.0
2019-08-19,Z304GJ95,ST4000DM000,4000787030016,0,117.0,164849624.0,92.0,0.0,100.0,11.0,100.0,0.0,88.0,671674410.0,63.0,33190.0,100.0,0.0,100.0,11.0,98.0,2.0,100.0,0.0,100.0,0.0,100.0,0.0,100.0,0.0,79.0,21.0,100.0,0.0,100.0,0.0,94.0,12779.0,21.0,21.0,100.0,0.0,100.0,0.0,200.0,0.0,100.0,33052.0,100.0,52115159616.0,100.0,148546510201.0
2019-08-20,Z304GJ95,ST4000DM000,4000787030016,0,117.0,161614408.0,92.0,0.0,100.0,11.0,100.0,0.0,88.0,672944510.0,63.0,33214.0,100.0,0.0,100.0,11.0,98.0,2.0,100.0,0.0,100.0,0.0,100.0,0.0,100.0,0.0,79.0,21.0,100.0,0.0,100.0,0.0,94.0,12779.0,21.0,21.0,100.0,0.0,100.0,0.0,200.0,0.0,100.0,33076.0,100.0,52136280928.0,100.0,148723024900.0
2019-08-21,Z304GJ95,ST4000DM000,4000787030016,0,117.0,133798144.0,92.0,0.0,100.0,11.0,100.0,0.0,88.0,675319138.0,63.0,33238.0,100.0,0.0,100.0,11.0,98.0,2.0,100.0,0.0,100.0,0.0,100.0,0.0,100.0,0.0,79.0,21.0,100.0,0.0,100.0,0.0,94.0,12779.0,21.0,21.0,100.0,0.0,100.0,0.0,200.0,0.0,100.0,33100.0,100.0,52169803152.0,100.0,148879809317.0
2019-08-22,Z304GJ95,ST4000DM000,4000787030016,0,118.0,181294888.0,92.0,0.0,100.0,11.0,100.0,0.0,88.0,676985622.0,63.0,33262.0,100.0,0.0,100.0,11.0,98.0,2.0,100.0,0.0,100.0,0.0,100.0,0.0,100.0,0.0,79.0,21.0,100.0,0.0,100.0,0.0,94.0,12779.0,21.0,21.0,100.0,0.0,100.0,0.0,200.0,0.0,100.0,33124.0,100.0,52196951000.0,100.0,149083149948.0
2019-08-23,Z304GJ95,ST4000DM000,4000787030016,0,106.0,11243192.0,92.0,0.0,100.0,11.0,100.0,0.0,88.0,678395795.0,63.0,33286.0,100.0,0.0,100.0,11.0,98.0,2.0,100.0,0.0,100.0,0.0,100.0,0.0,100.0,0.0,79.0,21.0,100.0,0.0,100.0,0.0,94.0,12779.0,21.0,21.0,100.0,0.0,100.0,0.0,200.0,0.0,100.0,33148.0,100.0,52211807088.0,100.0,149245167181.0
2019-08-24,Z304GJ95,ST4000DM000,4000787030016,0,116.0,113858352.0,92.0,0.0,100.0,11.0,100.0,0.0,88.0,680166106.0,62.0,33310.0,100.0,0.0,100.0,11.0,98.0,2.0,100.0,0.0,100.0,0.0,100.0,0.0,100.0,0.0,79.0,21.0,100.0,0.0,100.0,0.0,94.0,12779.0,21.0,21.0,100.0,0.0,100.0,0.0,200.0,0.0,100.0,33172.0,100.0,52234505888.0,100.0,149387398606.0
2019-08-25,Z304GJ95,ST4000DM000,4000787030016,0,119.0,231215096.0,92.0,0.0,100.0,11.0,100.0,0.0,88.0,681758044.0,62.0,33333.0,100.0,0.0,100.0,11.0,98.0,2.0,100.0,0.0,100.0,0.0,100.0,0.0,100.0,0.0,79.0,21.0,100.0,0.0,100.0,0.0,94.0,12779.0,21.0,21.0,100.0,0.0,100.0,0.0,200.0,0.0,100.0,33196.0,100.0,52251047896.0,100.0,149622598349.0
2019-08-26,Z304GJ95,ST4000DM000,4000787030016,0,118.0,200617672.0,92.0,0.0,100.0,11.0,100.0,0.0,88.0,685318558.0,62.0,33381.0,100.0,0.0,100.0,11.0,98.0,2.0,100.0,0.0,100.0,0.0,100.0,0.0,100.0,0.0,79.0,21.0,100.0,0.0,100.0,0.0,94.0,12779.0,21.0,21.0,100.0,0.0,100.0,0.0,200.0,0.0,100.0,33244.0,100.0,52303997280.0,100.0,150146457095.0
2019-08-27,Z304GJ95,ST4000DM000,4000787030016,0,118.0,200617672.0,92.0,0.0,100.0,11.0,100.0,0.0,88.0,685318558.0,62.0,33381.0,100.0,0.0,100.0,11.0,98.0,2.0,100.0,0.0,100.0,0.0,100.0,0.0,100.0,0.0,79.0,21.0,100.0,0.0,100.0,0.0,94.0,12779.0,21.0,21.0,100.0,0.0,100.0,0.0,200.0,0.0,100.0,33244.0,100.0,52303997280.0,100.0,150146457095.0
2019-08-28,Z304GJ95,ST4000DM000,4000787030016,0,117.0,124559360.0,92.0,0.0,100.0,11.0,100.0,0.0,88.0,687884578.0,62.0,33405.0,100.0,0.0,100.0,11.0,98.0,2.0,100.0,0.0,100.0,0.0,100.0,0.0,100.0,0.0,79.0,21.0,100.0,0.0,100.0,0.0,94.0,12779.0,21.0,21.0,100.0,0.0,100.0,0.0,200.0,0.0,100.0,33267.0,100.0,52327707472.0,100.0,150387118941.0
2019-08-29,Z304GJ95,ST4000DM000,4000787030016,0,111.0,34190360.0,92.0,0.0,100.0,11.0,100.0,0.0,88.0,689471954.0,62.0,33429.0,100.0,0.0,100.0,11.0,98.0,2.0,100.0,0.0,100.0,0.0,100.0,0.0,100.0,0.0,79.0,21.0,100.0,0.0,100.0,0.0,94.0,12779.0,21.0,21.0,100.0,0.0,100.0,0.0,200.0,0.0,100.0,33291.0,100.0,52342184192.0,100.0,150574956897.0
2019-08-30,Z304GJ95,ST4000DM000,4000787030016,0,118.0,193037992.0,92.0,0.0,100.0,11.0,100.0,0.0,88.0,691133386.0,62.0,33453.0,100.0,0.0,100.0,11.0,98.0,2.0,100.0,0.0,100.0,0.0,100.0,0.0,100.0,0.0,79.0,21.0,100.0,0.0,100.0,0.0,94.0,12779.0,21.0,21.0,100.0,0.0,100.0,0.0,200.0,0.0,100.0,33315.0,100.0,52362550264.0,100.0,150766275443.0
2019-08-31,Z304GJ95,ST4000DM000,4000787030016,0,114.0,62123416.0,92.0,0.0,100.0,11.0,100.0,0.0,88.0,692857083.0,62.0,33477.0,100.0,0.0,100.0,11.0,98.0,2.0,100.0,0.0,100.0,0.0,100.0,0.0,100.0,0.0,79.0,21.0,100.0,0.0,100.0,0.0,94.0,12779.0,21.0,21.0,100.0,0.0,100.0,0.0,200.0,0.0,100.0,33339.0,100.0,52385465640.0,100.0,150865428767.0
2019-09-01,Z304GJ95,ST4000DM000,4000787030016,0,111.0,36223304.0,92.0,0.0,100.0,11.0,100.0,0.0,88.0,694054888.0,62.0,33501.0,100.0,0.0,100.0,11.0,98.0,2.0,100.0,0.0,100.0,0.0,100.0,0.0,100.0,0.0,79.0,21.0,100.0,0.0,100.0,0.0,94.0,12779.0,21.0,21.0,100.0,0.0,100.0,0.0,200.0,0.0,100.0,33363.0,100.0,52401293792.0,100.0,151022904371.0
2019-09-02,Z304GJ95,ST4000DM000,4000787030016,0,118.0,180060864.0,92.0,0.0,100.0,11.0,100.0,0.0,88.0,695730979.0,62.0,33525.0,100.0,0.0,100.0,11.0,98.0,2.0,100.0,0.0,100.0,0.0,100.0,0.0,100.0,0.0,80.0,20.0,100.0,0.0,100.0,0.0,94.0,12779.0,20.0,20.0,100.0,0.0,100.0,0.0,200.0,0.0,100.0,33387.0,100.0,52422360016.0,100.0,151253890738.0
2019-09-03,Z304GJ95,ST4000DM000,4000787030016,0,117.0,142856696.0,92.0,0.0,100.0,11.0,100.0,0.0,88.0,696972040.0,62.0,33549.0,100.0,0.0,100.0,11.0,98.0,2.0,100.0,0.0,100.0,0.0,100.0,0.0,100.0,0.0,79.0,21.0,100.0,0.0,100.0,0.0,94.0,12779.0,21.0,21.0,100.0,0.0,100.0,0.0,200.0,0.0,100.0,33411.0,100.0,52439737808.0,100.0,151544505180.0
2019-09-04,Z304GJ95,ST4000DM000,4000787030016,0,116.0,105902744.0,92.0,0.0,100.0,11.0,100.0,0.0,88.0,698928384.0,62.0,33573.0,100.0,0.0,100.0,11.0,98.0,2.0,100.0,0.0,100.0,0.0,100.0,0.0,100.0,0.0,79.0,21.0,100.0,0.0,100.0,0.0,94.0,12779.0,21.0,21.0,100.0,0.0,100.0,0.0,200.0,0.0,100.0,33435.0,100.0,52461346784.0,100.0,151869439990.0
2019-09-05,Z304GJ95,ST4000DM000,4000787030016,0,111.0,40506592.0,92.0,0.0,100.0,11.0,100.0,0.0,88.0,702146184.0,62.0,33597.0,100.0,0.0,100.0,11.0,98.0,2.0,100.0,0.0,100.0,0.0,100.0,0.0,100.0,0.0,79.0,21.0,100.0,0.0,100.0,0.0,94.0,12779.0,21.0,21.0,100.0,0.0,100.0,0.0,200.0,0.0,100.0,33459.0,100.0,52481369088.0,100.0,152182558473.0
2019-09-06,Z304GJ95,ST4000DM000,4000787030016,0,118.0,190936544.0,92.0,0.0,100.0,11.0,100.0,0.0,88.0,703983713.0,62.0,33620.0,100.0,0.0,100.0,11.0,98.0,2.0,100.0,0.0,100.0,0.0,100.0,0.0,100.0,0.0,79.0,21.0,100.0,0.0,100.0,0.0,94.0,12779.0,21.0,21.0,100.0,0.0,100.0,0.0,200.0,0.0,100.0,33483.0,100.0,52504790840.0,100.0,152464187041.0
2019-09-07,Z304GJ95,ST4000DM000,4000787030016,0,117.0,129210760.0,92.0,0.0,100.0,11.0,100.0,0.0,88.0,705984873.0,62.0,33644.0,100.0,0.0,100.0,11.0,98.0,2.0,100.0,0.0,100.0,0.0,100.0,0.0,100.0,0.0,79.0,21.0,100.0,0.0,100.0,0.0,94.0,12779.0,21.0,21.0,100.0,0.0,100.0,0.0,200.0,0.0,100.0,33507.0,100.0,52536013128.0,100.0,152592329568.0
2019-09-08,Z304GJ95,ST4000DM000,4000787030016,0,117.0,125909304.0,92.0,0.0,100.0,11.0,100.0,0.0,88.0,708324354.0,62.0,33668.0,100.0,0.0,100.0,11.0,98.0,2.0,100.0,0.0,100.0,0.0,100.0,0.0,100.0,0.0,79.0,21.0,100.0,0.0,100.0,0.0,94.0,12779.0,21.0,21.0,100.0,0.0,100.0,0.0,200.0,0.0,100.0,33531.0,100.0,52561851240.0,100.0,152910172250.0
2019-09-09,Z304GJ95,ST4000DM000,4000787030016,0,118.0,187967576.0,92.0,0.0,100.0,11.0,100.0,0.0,88.0,710152938.0,62.0,33692.0,100.0,0.0,100.0,11.0,98.0,2.0,100.0,0.0,100.0,0.0,100.0,0.0,100.0,0.0,79.0,21.0,100.0,0.0,100.0,0.0,94.0,12779.0,21.0,21.0,100.0,0.0,100.0,0.0,200.0,0.0,100.0,33554.0,100.0,52587505712.0,100.0,153194096768.0
2019-09-10,Z304GJ95,ST4000DM000,4000787030016,0,112.0,46589504.0,92.0,0.0,100.0,11.0,100.0,0.0,88.0,711415997.0,62.0,33716.0,100.0,0.0,100.0,11.0,98.0,2.0,100.0,0.0,100.0,0.0,100.0,0.0,100.0,0.0,79.0,21.0,100.0,0.0,100.0,0.0,94.0,12779.0,21.0,21.0,100.0,0.0,100.0,0.0,200.0,0.0,100.0,33578.0,100.0,52615442152.0,100.0,153390190301.0
2019-09-11,Z304GJ95,ST4000DM000,4000787030016,0,117.0,157080392.0,92.0,0.0,100.0,11.0,100.0,0.0,88.0,713952677.0,62.0,33740.0,100.0,0.0,100.0,11.0,98.0,2.0,100.0,0.0,100.0,0.0,100.0,0.0,100.0,0.0,80.0,20.0,100.0,0.0,100.0,0.0,94.0,12779.0,20.0,20.0,100.0,0.0,100.0,0.0,200.0,0.0,100.0,33602.0,100.0,52644145312.0,100.0,153574379661.0
2019-09-12,Z304GJ95,ST4000DM000,4000787030016,0,114.0,81277008.0,92.0,0.0,100.0,11.0,100.0,0.0,88.0,716006879.0,62.0,33764.0,100.0,0.0,100.0,11.0,98.0,2.0,100.0,0.0,100.0,0.0,100.0,0.0,100.0,0.0,80.0,20.0,100.0,0.0,100.0,0.0,94.0,12779.0,20.0,20.0,100.0,0.0,100.0,0.0,200.0,0.0,100.0,33626.0,100.0,52667450880.0,100.0,153841885913.0
2019-09-13,Z304GJ95,ST4000DM000,4000787030016,0,116.0,116058872.0,92.0,0.0,100.0,11.0,100.0,0.0,88.0,718013002.0,62.0,33788.0,100.0,0.0,100.0,11.0,98.0,2.0,100.0,0.0,100.0,0.0,100.0,0.0,100.0,0.0,80.0,20.0,100.0,0.0,100.0,0.0,94.0,12779.0,20.0,20.0,100.0,0.0,100.0,0.0,200.0,0.0,100.0,33650.0,100.0,52696548272.0,100.0,154093800615.0
2019-09-14,Z304GJ95,ST4000DM000,4000787030016,0,119.0,229974952.0,92.0,0.0,100.0,11.0,100.0,0.0,88.0,720110822.0,62.0,33812.0,100.0,0.0,100.0,11.0,98.0,2.0,100.0,0.0,100.0,0.0,100.0,0.0,100.0,0.0,79.0,21.0,100.0,0.0,100.0,0.0,94.0,12779.0,21.0,21.0,100.0,0.0,100.0,0.0,200.0,0.0,100.0,33674.0,100.0,52726026456.0,100.0,154228960757.0
2019-09-15,Z304GJ95,ST4000DM000,4000787030016,0,116.0,112730496.0,92.0,0.0,100.0,11.0,100.0,0.0,88.0,721969537.0,62.0,33836.0,100.0,0.0,100.0,11.0,98.0,2.0,100.0,0.0,100.0,0.0,100.0,0.0,100.0,0.0,79.0,21.0,100.0,0.0,100.0,0.0,94.0,12779.0,21.0,21.0,100.0,0.0,100.0,0.0,200.0,0.0,100.0,33698.0,100.0,52751734392.0,100.0,154485532293.0
2019-09-16,Z304GJ95,ST4000DM000,4000787030016,0,119.0,216815864.0,92.0,0.0,100.0,11.0,100.0,0.0,88.0,723970656.0,62.0,33860.0,100.0,0.0,100.0,11.0,98.0,2.0,100.0,0.0,100.0,0.0,100.0,0.0,100.0,0.0,79.0,21.0,100.0,0.0,100.0,0.0,94.0,12779.0,21.0,21.0,100.0,0.0,100.0,0.0,200.0,0.0,100.0,33722.0,100.0,52786083152.0,100.0,154728411687.0
2019-09-17,Z304GJ95,ST4000DM000,4000787030016,0,117.0,151749552.0,92.0,0.0,100.0,11.0,100.0,0.0,88.0,725289911.0,62.0,33884.0,100.0,0.0,100.0,11.0,98.0,2.0,100.0,0.0,100.0,0.0,100.0,0.0,100.0,0.0,80.0,20.0,100.0,0.0,100.0,0.0,94.0,12779.0,20.0,20.0,100.0,0.0,100.0,0.0,200.0,0.0,100.0,33746.0,100.0,52815466944.0,100.0,154857812979.0
2019-09-18,Z304GJ95,ST4000DM000,4000787030016,0,116.0,114180376.0,92.0,0.0,100.0,11.0,100.0,0.0,88.0,727373091.0,62.0,33908.0,100.0,0.0,100.0,11.0,98.0,2.0,100.0,0.0,100.0,0.0,100.0,0.0,100.0,0.0,79.0,21.0,100.0,0.0,100.0,0.0,94.0,12779.0,21.0,21.0,100.0,0.0,100.0,0.0,200.0,0.0,100.0,33770.0,100.0,52841081536.0,100.0,155003726069.0
2019-09-19,Z304GJ95,ST4000DM000,4000787030016,0,111.0,40105920.0,92.0,0.0,100.0,11.0,100.0,0.0,88.0,729203463.0,62.0,33932.0,100.0,0.0,100.0,11.0,98.0,2.0,100.0,0.0,100.0,0.0,100.0,0.0,100.0,0.0,80.0,20.0,100.0,0.0,100.0,0.0,94.0,12779.0,20.0,20.0,100.0,0.0,100.0,0.0,200.0,0.0,100.0,33794.0,100.0,52868434120.0,100.0,155190198659.0
2019-09-20,Z304GJ95,ST4000DM000,4000787030016,0,120.0,236122696.0,92.0,0.0,100.0,11.0,100.0,0.0,88.0,730569720.0,62.0,33956.0,100.0,0.0,100.0,11.0,98.0,2.0,100.0,0.0,100.0,0.0,100.0,0.0,100.0,0.0,80.0,20.0,100.0,0.0,100.0,0.0,94.0,12779.0,20.0,20.0,100.0,0.0,100.0,0.0,200.0,0.0,100.0,33818.0,100.0,52898666152.0,100.0,155329760299.0
2019-09-21,Z304GJ95,ST4000DM000,4000787030016,0,120.0,238998560.0,92.0,0.0,100.0,11.0,100.0,0.0,88.0,732775174.0,62.0,33980.0,100.0,0.0,100.0,11.0,98.0,2.0,100.0,0.0,100.0,0.0,100.0,0.0,100.0,0.0,79.0,21.0,100.0,0.0,100.0,0.0,94.0,12779.0,21.0,21.0,100.0,0.0,100.0,0.0,200.0,0.0,100.0,33842.0,100.0,52926269536.0,100.0,155439628367.0
2019-09-22,Z304GJ95,ST4000DM000,4000787030016,0,116.0,110052456.0,92.0,0.0,100.0,11.0,100.0,0.0,88.0,734493171.0,62.0,34003.0,100.0,0.0,100.0,11.0,98.0,2.0,100.0,0.0,100.0,0.0,100.0,0.0,100.0,0.0,80.0,20.0,100.0,0.0,100.0,0.0,94.0,12779.0,20.0,20.0,100.0,0.0,100.0,0.0,200.0,0.0,100.0,33866.0,100.0,52945993800.0,100.0,155622996141.0
2019-09-23,Z304GJ95,ST4000DM000,4000787030016,0,115.0,91557160.0,92.0,0.0,100.0,11.0,100.0,0.0,88.0,735811556.0,62.0,34027.0,100.0,0.0,100.0,11.0,98.0,2.0,100.0,0.0,100.0,0.0,100.0,0.0,100.0,0.0,79.0,21.0,100.0,0.0,100.0,0.0,94.0,12779.0,21.0,21.0,100.0,0.0,100.0,0.0,200.0,0.0,100.0,33890.0,100.0,52986978328.0,100.0,155735739970.0
2019-09-24,Z304GJ95,ST4000DM000,4000787030016,0,113.0,54210304.0,92.0,0.0,100.0,11.0,100.0,0.0,88.0,737773442.0,62.0,34051.0,100.0,0.0,100.0,11.0,98.0,2.0,100.0,0.0,100.0,0.0,100.0,0.0,100.0,0.0,79.0,21.0,100.0,0.0,100.0,0.0,94.0,12779.0,21.0,21.0,100.0,0.0,100.0,0.0,200.0,0.0,100.0,33914.0,100.0,53016545880.0,100.0,155945898270.0
2019-09-25,Z304GJ95,ST4000DM000,4000787030016,0,115.0,93450280.0,92.0,0.0,100.0,11.0,100.0,0.0,88.0,740851410.0,62.0,34075.0,100.0,0.0,100.0,11.0,98.0,2.0,100.0,0.0,100.0,0.0,100.0,0.0,100.0,0.0,80.0,20.0,100.0,0.0,100.0,0.0,94.0,12779.0,20.0,20.0,100.0,0.0,100.0,0.0,200.0,0.0,100.0,33937.0,100.0,53054814248.0,100.0,156164490956.0
2019-09-26,Z304GJ95,ST4000DM000,4000787030016,0,117.0,133076456.0,92.0,0.0,100.0,11.0,100.0,0.0,88.0,743994196.0,62.0,34099.0,100.0,0.0,100.0,11.0,98.0,2.0,100.0,0.0,100.0,0.0,100.0,0.0,100.0,0.0,80.0,20.0,100.0,0.0,100.0,0.0,94.0,12779.0,20.0,20.0,100.0,0.0,100.0,0.0,200.0,0.0,100.0,33961.0,100.0,53095666720.0,100.0,156381614342.0
2019-09-27,Z304GJ95,ST4000DM000,4000787030016,0,102.0,4757936.0,92.0,0.0,100.0,11.0,100.0,0.0,88.0,745661857.0,62.0,34123.0,100.0,0.0,100.0,11.0,98.0,2.0,100.0,0.0,100.0,0.0,100.0,0.0,100.0,0.0,80.0,20.0,100.0,0.0,100.0,0.0,94.0,12779.0,20.0,20.0,100.0,0.0,100.0,0.0,200.0,0.0,100.0,33985.0,100.0,53129992328.0,100.0,156544943610.0
2019-09-28,Z304GJ95,ST4000DM000,4000787030016,0,118.0,171667296.0,92.0,0.0,100.0,11.0,100.0,0.0,88.0,747597399.0,62.0,34147.0,100.0,0.0,100.0,11.0,98.0,2.0,100.0,0.0,100.0,0.0,100.0,0.0,100.0,0.0,80.0,20.0,100.0,0.0,100.0,0.0,94.0,12779.0,20.0,20.0,100.0,0.0,100.0,0.0,200.0,0.0,100.0,34009.0,100.0,53162693424.0,100.0,156634369184.0
2019-09-29,Z304GJ95,ST4000DM000,4000787030016,0,101.0,3398600.0,92.0,0.0,100.0,11.0,100.0,0.0,88.0,748922766.0,61.0,34171.0,100.0,0.0,100.0,11.0,98.0,2.0,100.0,0.0,100.0,0.0,100.0,0.0,100.0,0.0,80.0,20.0,100.0,0.0,100.0,0.0,94.0,12779.0,20.0,20.0,100.0,0.0,100.0,0.0,200.0,0.0,100.0,34033.0,100.0,53191273904.0,100.0,156802428794.0
2019-09-30,Z304GJ95,ST4000DM000,4000787030016,0,111.0,35662736.0,92.0,0.0,100.0,11.0,100.0,0.0,88.0,750413811.0,61.0,34195.0,100.0,0.0,100.0,11.0,98.0,2.0,100.0,0.0,100.0,0.0,100.0,0.0,100.0,0.0,80.0,20.0,100.0,0.0,100.0,0.0,94.0,12779.0,20.0,20.0,100.0,0.0,100.0,0.0,200.0,0.0,100.0,34057.0,100.0,53219675512.0,100.0,157028072919.0
2019-10-01,Z304GJ95,ST4000DM000,4000787030016,0,119.0,231221328.0,92.0,0.0,100.0,11.0,100.0,0.0,88.0,752213923.0,61.0,34219.0,100.0,0.0,100.0,11.0,98.0,2.0,100.0,0.0,100.0,0.0,100.0,0.0,100.0,0.0,79.0,21.0,100.0,0.0,100.0,0.0,94.0,12779.0,21.0,21.0,100.0,0.0,100.0,0.0,200.0,0.0,100.0,34081.0,100.0,53242859880.0,100.0,157268304435.0
2019-10-02,Z304GJ95,ST4000DM000,4000787030016,0,109.0,22182016.0,92.0,0.0,100.0,11.0,100.0,0.0,88.0,755092996.0,61.0,34243.0,100.0,0.0,100.0,11.0,98.0,2.0,100.0,0.0,100.0,0.0,100.0,0.0,100.0,0.0,80.0,20.0,100.0,0.0,100.0,0.0,94.0,12779.0,20.0,20.0,100.0,0.0,100.0,0.0,200.0,0.0,100.0,34105.0,100.0,53267212144.0,100.0,157524960684.0
2019-10-03,Z304GJ95,ST4000DM000,4000787030016,0,117.0,121301344.0,92.0,0.0,100.0,11.0,100.0,0.0,88.0,757124569.0,61.0,34267.0,100.0,0.0,100.0,11.0,98.0,2.0,100.0,0.0,100.0,0.0,100.0,0.0,100.0,0.0,80.0,20.0,100.0,0.0,100.0,0.0,94.0,12779.0,20.0,20.0,100.0,0.0,100.0,0.0,200.0,0.0,100.0,34129.0,100.0,53295361104.0,100.0,157730776621.0
2019-10-04,Z304GJ95,ST4000DM000,4000787030016,0,114.0,74068048.0,92.0,0.0,100.0,11.0,100.0,0.0,88.0,759092554.0,61.0,34290.0,100.0,0.0,100.0,11.0,98.0,2.0,100.0,0.0,100.0,0.0,100.0,0.0,100.0,0.0,80.0,20.0,100.0,0.0,100.0,0.0,94.0,12779.0,20.0,20.0,100.0,0.0,100.0,0.0,200.0,0.0,100.0,34153.0,100.0,53321442936.0,100.0,158053190297.0
2019-10-05,Z304GJ95,ST4000DM000,4000787030016,0,116.0,108198424.0,92.0,0.0,100.0,11.0,100.0,0.0,88.0,761120067.0,61.0,34314.0,100.0,0.0,100.0,11.0,98.0,2.0,100.0,0.0,100.0,0.0,100.0,0.0,100.0,0.0,79.0,21.0,100.0,0.0,100.0,0.0,94.0,12779.0,21.0,21.0,100.0,0.0,100.0,0.0,200.0,0.0,100.0,34176.0,100.0,53349963672.0,100.0,158238934841.0
2019-10-06,Z304GJ95,ST4000DM000,4000787030016,0,117.0,135307904.0,92.0,0.0,100.0,11.0,100.0,0.0,88.0,762895201.0,61.0,34338.0,100.0,0.0,100.0,11.0,98.0,2.0,100.0,0.0,100.0,0.0,100.0,0.0,100.0,0.0,79.0,21.0,100.0,0.0,100.0,0.0,94.0,12779.0,21.0,21.0,100.0,0.0,100.0,0.0,200.0,0.0,100.0,34200.0,100.0,53384224376.0,100.0,158457415295.0
2019-10-07,Z304GJ95,ST4000DM000,4000787030016,0,119.0,213975672.0,92.0,0.0,100.0,11.0,100.0,0.0,88.0,764467415.0,61.0,34362.0,100.0,0.0,100.0,11.0,98.0,2.0,100.0,0.0,100.0,0.0,100.0,0.0,100.0,0.0,79.0,21.0,100.0,0.0,100.0,0.0,94.0,12779.0,21.0,21.0,100.0,0.0,100.0,0.0,200.0,0.0,100.0,34224.0,100.0,53412240968.0,100.0,158652585051.0
2019-10-08,Z304GJ95,ST4000DM000,4000787030016,0,116.0,104625080.0,92.0,0.0,100.0,11.0,100.0,0.0,88.0,765819829.0,61.0,34386.0,100.0,0.0,100.0,11.0,98.0,2.0,100.0,0.0,100.0,0.0,100.0,0.0,100.0,0.0,79.0,21.0,100.0,0.0,100.0,0.0,94.0,12779.0,21.0,21.0,100.0,0.0,100.0,0.0,200.0,0.0,100.0,34248.0,100.0,53438144528.0,100.0,158814109176.0
2019-10-09,Z304GJ95,ST4000DM000,4000787030016,0,119.0,234639656.0,92.0,0.0,100.0,11.0,100.0,0.0,88.0,767700685.0,61.0,34409.0,100.0,0.0,100.0,11.0,98.0,2.0,100.0,0.0,100.0,0.0,100.0,0.0,100.0,0.0,78.0,22.0,100.0,0.0,100.0,0.0,94.0,12779.0,22.0,22.0,100.0,0.0,100.0,0.0,200.0,0.0,100.0,34272.0,100.0,53473146672.0,100.0,159011097647.0
2019-10-10,Z304GJ95,ST4000DM000,4000787030016,0,117.0,137704480.0,92.0,0.0,100.0,11.0,100.0,0.0,88.0,771116236.0,61.0,34445.0,100.0,0.0,100.0,11.0,98.0,2.0,100.0,0.0,100.0,0.0,100.0,0.0,100.0,0.0,79.0,21.0,100.0,0.0,100.0,0.0,94.0,12779.0,21.0,21.0,100.0,0.0,100.0,0.0,200.0,0.0,100.0,34307.0,100.0,53526195576.0,100.0,159439036460.0
2019-10-11,Z304GJ95,ST4000DM000,4000787030016,0,116.0,113821752.0,92.0,0.0,100.0,11.0,100.0,0.0,88.0,772967467.0,61.0,34469.0,100.0,0.0,100.0,11.0,98.0,2.0,100.0,0.0,100.0,0.0,100.0,0.0,100.0,0.0,80.0,20.0,100.0,0.0,100.0,0.0,94.0,12779.0,20.0,20.0,100.0,0.0,100.0,0.0,200.0,0.0,100.0,34331.0,100.0,53553985816.0,100.0,159607301032.0
2019-10-12,Z304GJ95,ST4000DM000,4000787030016,0,118.0,198022096.0,92.0,0.0,100.0,11.0,100.0,0.0,88.0,774275385.0,61.0,34493.0,100.0,0.0,100.0,11.0,98.0,2.0,100.0,0.0,100.0,0.0,100.0,0.0,100.0,0.0,80.0,20.0,100.0,0.0,100.0,0.0,94.0,12779.0,20.0,20.0,100.0,0.0,100.0,0.0,200.0,0.0,100.0,34355.0,100.0,53576434272.0,100.0,159882401632.0
2019-10-13,Z304GJ95,ST4000DM000,4000787030016,0,115.0,93274696.0,92.0,0.0,100.0,11.0,100.0,0.0,88.0,776018976.0,61.0,34517.0,100.0,0.0,100.0,11.0,98.0,2.0,100.0,0.0,100.0,0.0,100.0,0.0,100.0,0.0,80.0,20.0,100.0,0.0,100.0,0.0,94.0,12779.0,20.0,20.0,100.0,0.0,100.0,0.0,200.0,0.0,100.0,34379.0,100.0,53591924216.0,100.0,160207644042.0
2019-10-14,Z304GJ95,ST4000DM000,4000787030016,0,117.0,143077032.0,92.0,0.0,100.0,11.0,100.0,0.0,88.0,778411293.0,61.0,34540.0,100.0,0.0,100.0,11.0,98.0,2.0,100.0,0.0,100.0,0.0,100.0,0.0,100.0,0.0,80.0,20.0,100.0,0.0,100.0,0.0,94.0,12779.0,20.0,20.0,100.0,0.0,100.0,0.0,200.0,0.0,100.0,34403.0,100.0,53621320912.0,100.0,160516765276.0
2019-10-15,Z304GJ95,ST4000DM000,4000787030016,0,117.0,161217360.0,92.0,0.0,100.0,11.0,100.0,0.0,88.0,782884193.0,61.0,34576.0,100.0,0.0,100.0,11.0,98.0,2.0,100.0,0.0,100.0,0.0,100.0,0.0,100.0,0.0,79.0,21.0,100.0,0.0,100.0,0.0,94.0,12779.0,21.0,21.0,100.0,0.0,100.0,0.0,200.0,0.0,100.0,34438.0,100.0,53665425120.0,100.0,160885540866.0
2019-10-16,Z304GJ95,ST4000DM000,4000787030016,0,117.0,161217360.0,92.0,0.0,100.0,11.0,100.0,0.0,88.0,782884193.0,61.0,34576.0,100.0,0.0,100.0,11.0,98.0,2.0,100.0,0.0,100.0,0.0,100.0,0.0,100.0,0.0,79.0,21.0,100.0,0.0,100.0,0.0,94.0,12779.0,21.0,21.0,100.0,0.0,100.0,0.0,200.0,0.0,100.0,34438.0,100.0,53665425120.0,100.0,160885540866.0
2019-10-17,Z304GJ95,ST4000DM000,4000787030016,0,119.0,225780696.0,92.0,0.0,100.0,11.0,100.0,0.0,88.0,784868289.0,61.0,34600.0,100.0,0.0,100.0,11.0,98.0,2.0,100.0,0.0,100.0,0.0,100.0,0.0,100.0,0.0,80.0,20.0,100.0,0.0,100.0,0.0,94.0,12779.0,20.0,20.0,100.0,0.0,100.0,0.0,200.0,0.0,100.0,34462.0,100.0,53687933552.0,100.0,161120223649.0
2019-10-18,Z304GJ95,ST4000DM000,4000787030016,0,119.0,211555176.0,92.0,0.0,100.0,11.0,100.0,0.0,88.0,785549629.0,61.0,34624.0,100.0,0.0,100.0,11.0,98.0,2.0,100.0,0.0,100.0,0.0,100.0,0.0,100.0,0.0,80.0,20.0,100.0,0.0,100.0,0.0,94.0,12779.0,20.0,20.0,100.0,0.0,100.0,0.0,200.0,0.0,100.0,34486.0,100.0,53706259264.0,100.0,161195224305.0
2019-10-19,Z304GJ95,ST4000DM000,4000787030016,0,114.0,69863368.0,92.0,0.0,100.0,11.0,100.0,0.0,88.0,787290515.0,61.0,34648.0,100.0,0.0,100.0,11.0,98.0,2.0,100.0,0.0,100.0,0.0,100.0,0.0,100.0,0.0,80.0,20.0,100.0,0.0,100.0,0.0,94.0,12779.0,20.0,20.0,100.0,0.0,100.0,0.0,200.0,0.0,100.0,34510.0,100.0,53724591960.0,100.0,161250438908.0
2019-10-20,Z304GJ95,ST4000DM000,4000787030016,0,111.0,36705136.0,92.0,0.0,100.0,11.0,100.0,0.0,88.0,788184247.0,61.0,34672.0,100.0,0.0,100.0,11.0,98.0,2.0,100.0,0.0,100.0,0.0,100.0,0.0,100.0,0.0,80.0,20.0,100.0,0.0,100.0,0.0,94.0,12779.0,20.0,20.0,100.0,0.0,100.0,0.0,200.0,0.0,100.0,34534.0,100.0,53744123616.0,100.0,161341615512.0
2019-10-21,Z304GJ95,ST4000DM000,4000787030016,0,112.0,44128848.0,92.0,0.0,100.0,11.0,100.0,0.0,88.0,788930797.0,61.0,34695.0,100.0,0.0,100.0,11.0,98.0,2.0,100.0,0.0,100.0,0.0,100.0,0.0,100.0,0.0,79.0,21.0,100.0,0.0,100.0,0.0,94.0,12779.0,21.0,21.0,100.0,0.0,100.0,0.0,200.0,0.0,100.0,34558.0,100.0,53763080472.0,100.0,161405636142.0
2019-10-22,Z304GJ95,ST4000DM000,4000787030016,0,109.0,24608640.0,92.0,0.0,100.0,11.0,100.0,0.0,88.0,789871941.0,61.0,34719.0,100.0,0.0,100.0,11.0,98.0,2.0,100.0,0.0,100.0,0.0,100.0,0.0,100.0,0.0,79.0,21.0,100.0,0.0,100.0,0.0,94.0,12779.0,21.0,21.0,100.0,0.0,100.0,0.0,200.0,0.0,100.0,34582.0,100.0,53783358056.0,100.0,161506505789.0
2019-10-23,Z304GJ95,ST4000DM000,4000787030016,0,118.0,199974664.0,92.0,0.0,100.0,11.0,100.0,0.0,88.0,791223300.0,61.0,34743.0,100.0,0.0,100.0,11.0,98.0,2.0,100.0,0.0,100.0,0.0,100.0,0.0,100.0,0.0,78.0,22.0,100.0,0.0,100.0,0.0,94.0,12779.0,22.0,22.0,100.0,0.0,100.0,0.0,200.0,0.0,100.0,34605.0,100.0,53803083024.0,100.0,161602320146.0
2019-10-24,Z304GJ95,ST4000DM000,4000787030016,0,120.0,241091344.0,92.0,0.0,100.0,11.0,100.0,0.0,88.0,792802530.0,61.0,34767.0,100.0,0.0,100.0,11.0,98.0,2.0,100.0,0.0,100.0,0.0,100.0,0.0,100.0,0.0,78.0,22.0,100.0,0.0,100.0,0.0,94.0,12779.0,22.0,22.0,100.0,0.0,100.0,0.0,200.0,0.0,100.0,34629.0,100.0,53815199440.0,100.0,161713741636.0
2019-10-25,Z304GJ95,ST4000DM000,4000787030016,0,116.0,101361776.0,92.0,0.0,100.0,11.0,100.0,0.0,88.0,793517137.0,61.0,34791.0,100.0,0.0,100.0,11.0,98.0,2.0,100.0,0.0,100.0,0.0,100.0,0.0,100.0,0.0,79.0,21.0,100.0,0.0,100.0,0.0,94.0,12779.0,21.0,21.0,100.0,0.0,100.0,0.0,200.0,0.0,100.0,34653.0,100.0,53831068904.0,100.0,161798374225.0
2019-10-26,Z304GJ95,ST4000DM000,4000787030016,0,118.0,192789296.0,92.0,0.0,100.0,11.0,100.0,0.0,88.0,795049231.0,61.0,34815.0,100.0,0.0,100.0,11.0,98.0,2.0,100.0,0.0,100.0,0.0,100.0,0.0,100.0,0.0,79.0,21.0,100.0,0.0,100.0,0.0,94.0,12779.0,21.0,21.0,100.0,0.0,100.0,0.0,200.0,0.0,100.0,34677.0,100.0,53843218072.0,100.0,161850892530.0
2019-10-27,Z304GJ95,ST4000DM000,4000787030016,0,118.0,194220200.0,92.0,0.0,100.0,11.0,100.0,0.0,88.0,795928923.0,61.0,34839.0,100.0,0.0,100.0,11.0,98.0,2.0,100.0,0.0,100.0,0.0,100.0,0.0,100.0,0.0,79.0,21.0,100.0,0.0,100.0,0.0,94.0,12779.0,21.0,21.0,100.0,0.0,100.0,0.0,200.0,0.0,100.0,34701.0,100.0,53857798032.0,100.0,161945735465.0
2019-10-28,Z304GJ95,ST4000DM000,4000787030016,0,118.0,175373776.0,92.0,0.0,100.0,11.0,100.0,0.0,88.0,796749177.0,61.0,34863.0,100.0,0.0,100.0,11.0,98.0,2.0,100.0,0.0,100.0,0.0,100.0,0.0,100.0,0.0,80.0,20.0,100.0,0.0,100.0,0.0,94.0,12779.0,20.0,20.0,100.0,0.0,100.0,0.0,200.0,0.0,100.0,34725.0,100.0,53868741608.0,100.0,162058484871.0
2019-10-29,Z304GJ95,ST4000DM000,4000787030016,0,116.0,106467976.0,92.0,0.0,100.0,11.0,100.0,0.0,88.0,797534603.0,61.0,34886.0,100.0,0.0,100.0,11.0,98.0,2.0,100.0,0.0,100.0,0.0,100.0,0.0,100.0,0.0,80.0,20.0,100.0,0.0,100.0,0.0,94.0,12779.0,20.0,20.0,100.0,0.0,100.0,0.0,200.0,0.0,100.0,34749.0,100.0,53884647240.0,100.0,162146261827.0
2019-10-30,Z304GJ95,ST4000DM000,4000787030016,0,119.0,220406296.0,92.0,0.0,100.0,11.0,100.0,0.0,88.0,798576066.0,61.0,34911.0,100.0,0.0,100.0,11.0,98.0,2.0,100.0,0.0,100.0,0.0,100.0,0.0,100.0,0.0,79.0,21.0,100.0,0.0,100.0,0.0,94.0,12779.0,21.0,21.0,100.0,0.0,100.0,0.0,200.0,0.0,100.0,34773.0,100.0,53896441448.0,100.0,162240334812.0
2019-10-31,Z304GJ95,ST4000DM000,4000787030016,0,120.0,235132768.0,92.0,0.0,100.0,11.0,100.0,0.0,88.0,800797523.0,61.0,34946.0,100.0,0.0,100.0,11.0,98.0,2.0,100.0,0.0,100.0,0.0,100.0,0.0,100.0,0.0,78.0,22.0,100.0,0.0,100.0,0.0,94.0,12779.0,22.0,22.0,100.0,0.0,100.0,0.0,200.0,0.0,100.0,34809.0,100.0,53914950344.0,100.0,162421849743.0
2019-11-01,Z304GJ95,ST4000DM000,4000787030016,0,118.0,177125456.0,92.0,0.0,100.0,11.0,100.0,0.0,88.0,802440495.0,61.0,34970.0,100.0,0.0,100.0,11.0,98.0,2.0,100.0,0.0,100.0,0.0,100.0,0.0,100.0,0.0,80.0,20.0,100.0,0.0,100.0,0.0,94.0,12779.0,20.0,20.0,100.0,0.0,100.0,0.0,200.0,0.0,100.0,34832.0,100.0,53920339728.0,100.0,162589691969.0
2019-11-02,Z304GJ95,ST4000DM000,4000787030016,0,120.0,241489544.0,92.0,0.0,100.0,11.0,100.0,0.0,88.0,804285328.0,61.0,34994.0,100.0,0.0,100.0,11.0,98.0,2.0,100.0,0.0,100.0,0.0,100.0,0.0,100.0,0.0,80.0,20.0,100.0,0.0,100.0,0.0,94.0,12779.0,20.0,20.0,100.0,0.0,100.0,0.0,200.0,0.0,100.0,34856.0,100.0,53925869216.0,100.0,162724186597.0
2019-11-03,Z304GJ95,ST4000DM000,4000787030016,0,119.0,212190232.0,92.0,0.0,100.0,11.0,100.0,0.0,89.0,806570036.0,61.0,35018.0,100.0,0.0,100.0,11.0,98.0,2.0,100.0,0.0,100.0,0.0,100.0,0.0,100.0,0.0,79.0,21.0,100.0,0.0,100.0,0.0,94.0,12779.0,21.0,21.0,100.0,0.0,100.0,0.0,200.0,0.0,100.0,34880.0,100.0,53932981840.0,100.0,162849742289.0
2019-11-04,Z304GJ95,ST4000DM000,4000787030016,0,117.0,166162760.0,92.0,0.0,100.0,11.0,100.0,0.0,89.0,807465608.0,60.0,35042.0,100.0,0.0,100.0,11.0,98.0,2.0,100.0,0.0,100.0,0.0,100.0,0.0,100.0,0.0,80.0,20.0,100.0,0.0,100.0,0.0,94.0,12779.0,20.0,20.0,100.0,0.0,100.0,0.0,200.0,0.0,100.0,34904.0,100.0,53937555360.0,100.0,162972435115.0
2019-11-06,Z304GJ95,ST4000DM000,4000787030016,0,117.0,164864880.0,92.0,0.0,100.0,11.0,100.0,0.0,89.0,810266480.0,60.0,35090.0,100.0,0.0,100.0,11.0,98.0,2.0,100.0,0.0,100.0,0.0,100.0,0.0,100.0,0.0,80.0,20.0,100.0,0.0,100.0,0.0,94.0,12779.0,20.0,20.0,100.0,0.0,100.0,0.0,200.0,0.0,100.0,34952.0,100.0,53950851496.0,100.0,163242128585.0
2019-11-07,Z304GJ95,ST4000DM000,4000787030016,0,117.0,135038472.0,92.0,0.0,100.0,11.0,100.0,0.0,89.0,811737517.0,60.0,35114.0,100.0,0.0,100.0,11.0,98.0,2.0,100.0,0.0,100.0,0.0,100.0,0.0,100.0,0.0,80.0,20.0,100.0,0.0,100.0,0.0,94.0,12779.0,20.0,20.0,100.0,0.0,100.0,0.0,200.0,0.0,100.0,34976.0,100.0,53968071872.0,100.0,163414585087.0
2019-11-08,Z304GJ95,ST4000DM000,4000787030016,0,108.0,20956304.0,92.0,0.0,100.0,11.0,100.0,0.0,89.0,813069352.0,60.0,35138.0,100.0,0.0,100.0,11.0,98.0,2.0,100.0,0.0,100.0,0.0,100.0,0.0,100.0,0.0,80.0,20.0,100.0,0.0,100.0,0.0,94.0,12779.0,20.0,20.0,100.0,0.0,100.0,0.0,200.0,0.0,100.0,35000.0,100.0,53975618328.0,100.0,163504595487.0
2019-11-09,Z304GJ95,ST4000DM000,4000787030016,0,112.0,49657696.0,92.0,0.0,100.0,11.0,100.0,0.0,89.0,814698114.0,60.0,35161.0,100.0,0.0,100.0,11.0,98.0,2.0,100.0,0.0,100.0,0.0,100.0,0.0,100.0,0.0,79.0,21.0,100.0,0.0,100.0,0.0,94.0,12779.0,21.0,21.0,100.0,0.0,100.0,0.0,200.0,0.0,100.0,35024.0,100.0,53982969776.0,100.0,163653867122.0
2019-11-10,Z304GJ95,ST4000DM000,4000787030016,0,117.0,119080024.0,92.0,0.0,100.0,11.0,100.0,0.0,89.0,816691069.0,60.0,35185.0,100.0,0.0,100.0,11.0,98.0,2.0,100.0,0.0,100.0,0.0,100.0,0.0,100.0,0.0,79.0,21.0,100.0,0.0,100.0,0.0,94.0,12779.0,21.0,21.0,100.0,0.0,100.0,0.0,200.0,0.0,100.0,35047.0,100.0,53989363984.0,100.0,163876446164.0
2019-11-11,Z304GJ95,ST4000DM000,4000787030016,0,117.0,166962144.0,92.0,0.0,100.0,11.0,100.0,0.0,89.0,817490706.0,60.0,35209.0,100.0,0.0,100.0,11.0,98.0,2.0,100.0,0.0,100.0,0.0,100.0,0.0,100.0,0.0,79.0,21.0,100.0,0.0,100.0,0.0,94.0,12779.0,21.0,21.0,100.0,0.0,100.0,0.0,200.0,0.0,100.0,35071.0,100.0,53995783016.0,100.0,164019656363.0
2019-11-12,Z304GJ95,ST4000DM000,4000787030016,0,119.0,230183744.0,92.0,0.0,100.0,11.0,100.0,0.0,89.0,818346698.0,60.0,35233.0,100.0,0.0,100.0,11.0,98.0,2.0,100.0,0.0,100.0,0.0,100.0,0.0,100.0,0.0,79.0,21.0,100.0,0.0,100.0,0.0,94.0,12779.0,21.0,21.0,100.0,0.0,100.0,0.0,200.0,0.0,100.0,35095.0,100.0,54002754960.0,100.0,164163598216.0
2019-11-13,Z304GJ95,ST4000DM000,4000787030016,0,116.0,109845368.0,92.0,0.0,100.0,11.0,100.0,0.0,89.0,820762109.0,60.0,35257.0,100.0,0.0,100.0,11.0,98.0,2.0,100.0,0.0,100.0,0.0,100.0,0.0,100.0,0.0,79.0,21.0,100.0,0.0,100.0,0.0,94.0,12779.0,21.0,21.0,100.0,0.0,100.0,0.0,200.0,0.0,100.0,35119.0,100.0,54011050528.0,100.0,164380163798.0
2019-11-14,Z304GJ95,ST4000DM000,4000787030016,0,114.0,60506280.0,92.0,0.0,100.0,11.0,100.0,0.0,89.0,821847627.0,60.0,35281.0,100.0,0.0,100.0,11.0,98.0,2.0,100.0,0.0,100.0,0.0,100.0,0.0,100.0,0.0,80.0,20.0,100.0,0.0,100.0,0.0,94.0,12779.0,20.0,20.0,100.0,0.0,100.0,0.0,200.0,0.0,100.0,35143.0,100.0,54018134112.0,100.0,164585081784.0
2019-11-15,Z304GJ95,ST4000DM000,4000787030016,0,117.0,134513864.0,92.0,0.0,100.0,11.0,100.0,0.0,89.0,823672034.0,60.0,35304.0,100.0,0.0,100.0,11.0,98.0,2.0,100.0,0.0,100.0,0.0,100.0,0.0,100.0,0.0,80.0,20.0,100.0,0.0,100.0,0.0,94.0,12779.0,20.0,20.0,100.0,0.0,100.0,0.0,200.0,0.0,100.0,35167.0,100.0,54025037072.0,100.0,164773706118.0
2019-11-16,Z304GJ95,ST4000DM000,4000787030016,0,109.0,23252512.0,92.0,0.0,100.0,11.0,100.0,0.0,89.0,825498784.0,60.0,35328.0,100.0,0.0,100.0,11.0,98.0,2.0,100.0,0.0,100.0,0.0,100.0,0.0,100.0,0.0,79.0,21.0,100.0,0.0,100.0,0.0,94.0,12779.0,21.0,21.0,100.0,0.0,100.0,0.0,200.0,0.0,100.0,35190.0,100.0,54032586696.0,100.0,164958204055.0
2019-11-17,Z304GJ95,ST4000DM000,4000787030016,0,119.0,217978832.0,92.0,0.0,100.0,11.0,100.0,0.0,89.0,826903970.0,60.0,35352.0,100.0,0.0,100.0,11.0,98.0,2.0,100.0,0.0,100.0,0.0,100.0,0.0,100.0,0.0,77.0,23.0,100.0,0.0,100.0,0.0,94.0,12779.0,23.0,23.0,100.0,0.0,100.0,0.0,200.0,0.0,100.0,35214.0,100.0,54039897200.0,100.0,165215816021.0
2019-11-18,Z304GJ95,ST4000DM000,4000787030016,0,110.0,25515936.0,92.0,0.0,100.0,11.0,100.0,0.0,89.0,828355589.0,60.0,35375.0,100.0,0.0,100.0,11.0,98.0,2.0,100.0,0.0,100.0,0.0,100.0,0.0,100.0,0.0,79.0,21.0,100.0,0.0,100.0,0.0,94.0,12779.0,21.0,21.0,100.0,0.0,100.0,0.0,200.0,0.0,100.0,35238.0,100.0,54047796192.0,100.0,165451321197.0
2019-11-19,Z304GJ95,ST4000DM000,4000787030016,0,119.0,217038736.0,92.0,0.0,100.0,11.0,100.0,0.0,89.0,830873883.0,60.0,35399.0,100.0,0.0,100.0,11.0,98.0,2.0,100.0,0.0,100.0,0.0,100.0,0.0,100.0,0.0,79.0,21.0,100.0,0.0,100.0,0.0,94.0,12779.0,21.0,21.0,100.0,0.0,100.0,0.0,200.0,0.0,100.0,35262.0,100.0,54058711352.0,100.0,165651999243.0
2019-11-20,Z304GJ95,ST4000DM000,4000787030016,0,119.0,215245456.0,92.0,0.0,100.0,11.0,100.0,0.0,89.0,833248615.0,60.0,35423.0,100.0,0.0,100.0,11.0,98.0,2.0,100.0,0.0,100.0,0.0,100.0,0.0,100.0,0.0,79.0,21.0,100.0,0.0,100.0,0.0,94.0,12779.0,21.0,21.0,100.0,0.0,100.0,0.0,200.0,0.0,100.0,35285.0,100.0,54073282440.0,100.0,165831453962.0
2019-11-21,Z304GJ95,ST4000DM000,4000787030016,0,111.0,33193840.0,92.0,0.0,100.0,11.0,100.0,0.0,89.0,834574268.0,60.0,35447.0,100.0,0.0,100.0,11.0,98.0,2.0,100.0,0.0,100.0,0.0,100.0,0.0,100.0,0.0,79.0,21.0,100.0,0.0,100.0,0.0,94.0,12779.0,21.0,21.0,100.0,0.0,100.0,0.0,200.0,0.0,100.0,35309.0,100.0,54080639232.0,100.0,166044895804.0
2019-11-22,Z304GJ95,ST4000DM000,4000787030016,0,114.0,83790776.0,92.0,0.0,100.0,11.0,100.0,0.0,89.0,836076459.0,60.0,35471.0,100.0,0.0,100.0,11.0,98.0,2.0,100.0,0.0,100.0,0.0,100.0,0.0,100.0,0.0,80.0,20.0,100.0,0.0,100.0,0.0,94.0,12779.0,20.0,20.0,100.0,0.0,100.0,0.0,200.0,0.0,100.0,35333.0,100.0,54087158104.0,100.0,166204513462.0
2019-11-23,Z304GJ95,ST4000DM000,4000787030016,0,118.0,177843936.0,92.0,0.0,100.0,11.0,100.0,0.0,89.0,837436481.0,60.0,35495.0,100.0,0.0,100.0,11.0,98.0,2.0,100.0,0.0,100.0,0.0,100.0,0.0,100.0,0.0,79.0,21.0,100.0,0.0,100.0,0.0,94.0,12779.0,21.0,21.0,100.0,0.0,100.0,0.0,200.0,0.0,100.0,35357.0,100.0,54095081568.0,100.0,166390645092.0
2019-11-24,Z304GJ95,ST4000DM000,4000787030016,0,117.0,129892832.0,92.0,0.0,100.0,11.0,100.0,0.0,89.0,838364929.0,60.0,35519.0,100.0,0.0,100.0,11.0,98.0,2.0,100.0,0.0,100.0,0.0,100.0,0.0,100.0,0.0,79.0,21.0,100.0,0.0,100.0,0.0,94.0,12779.0,21.0,21.0,100.0,0.0,100.0,0.0,200.0,0.0,100.0,35381.0,100.0,54104314872.0,100.0,166685060316.0
2019-11-25,Z304GJ95,ST4000DM000,4000787030016,0,119.0,223866968.0,92.0,0.0,100.0,11.0,100.0,0.0,89.0,839209645.0,60.0,35543.0,100.0,0.0,100.0,11.0,98.0,2.0,100.0,0.0,100.0,0.0,100.0,0.0,100.0,0.0,79.0,21.0,100.0,0.0,100.0,0.0,94.0,12779.0,21.0,21.0,100.0,0.0,100.0,0.0,200.0,0.0,100.0,35405.0,100.0,54116073544.0,100.0,166982013440.0
2019-11-26,Z304GJ95,ST4000DM000,4000787030016,0,118.0,189738376.0,92.0,0.0,100.0,11.0,100.0,0.0,89.0,840700601.0,60.0,35567.0,100.0,0.0,100.0,11.0,98.0,2.0,100.0,0.0,100.0,0.0,100.0,0.0,100.0,0.0,79.0,21.0,100.0,0.0,100.0,0.0,94.0,12779.0,21.0,21.0,100.0,0.0,100.0,0.0,200.0,0.0,100.0,35429.0,100.0,54122498424.0,100.0,167266905907.0
2019-11-27,Z304GJ95,ST4000DM000,4000787030016,0,116.0,103316152.0,92.0,0.0,100.0,11.0,100.0,0.0,89.0,844186015.0,60.0,35590.0,100.0,0.0,100.0,11.0,98.0,2.0,100.0,0.0,100.0,0.0,100.0,0.0,100.0,0.0,79.0,21.0,100.0,0.0,100.0,0.0,94.0,12779.0,21.0,21.0,100.0,0.0,100.0,0.0,200.0,0.0,100.0,35453.0,100.0,54130764208.0,100.0,167609926764.0
2019-11-28,Z304GJ95,ST4000DM000,4000787030016,0,120.0,237425008.0,92.0,0.0,100.0,11.0,100.0,0.0,89.0,845114517.0,60.0,35614.0,100.0,0.0,100.0,11.0,98.0,2.0,100.0,0.0,100.0,0.0,100.0,0.0,100.0,0.0,79.0,21.0,100.0,0.0,100.0,0.0,94.0,12779.0,21.0,21.0,100.0,0.0,100.0,0.0,200.0,0.0,100.0,35477.0,100.0,54139322768.0,100.0,167793196943.0
2019-11-29,Z304GJ95,ST4000DM000,4000787030016,0,114.0,74977064.0,92.0,0.0,100.0,11.0,100.0,0.0,89.0,846668781.0,60.0,35638.0,100.0,0.0,100.0,11.0,98.0,2.0,100.0,0.0,100.0,0.0,100.0,0.0,100.0,0.0,79.0,21.0,100.0,0.0,100.0,0.0,94.0,12779.0,21.0,21.0,100.0,0.0,100.0,0.0,200.0,0.0,100.0,35501.0,100.0,54149811048.0,100.0,167982379733.0
2019-11-30,Z304GJ95,ST4000DM000,4000787030016,0,117.0,118930848.0,92.0,0.0,100.0,11.0,100.0,0.0,89.0,848187240.0,60.0,35662.0,100.0,0.0,100.0,11.0,98.0,2.0,100.0,0.0,100.0,0.0,100.0,0.0,100.0,0.0,79.0,21.0,100.0,0.0,100.0,0.0,94.0,12779.0,21.0,21.0,100.0,0.0,100.0,0.0,200.0,0.0,100.0,35525.0,100.0,54159183552.0,100.0,168120353939.0
2019-12-01,Z304GJ95,ST4000DM000,4000787030016,0,108.0,19698976.0,92.0,0.0,100.0,11.0,100.0,0.0,89.0,849921986.0,60.0,35686.0,100.0,0.0,100.0,11.0,98.0,2.0,100.0,0.0,100.0,0.0,100.0,0.0,100.0,0.0,79.0,21.0,100.0,0.0,100.0,0.0,94.0,12779.0,21.0,21.0,100.0,0.0,100.0,0.0,200.0,0.0,100.0,35549.0,100.0,54166554232.0,100.0,168378749201.0
2019-12-02,Z304GJ95,ST4000DM000,4000787030016,0,117.0,133652392.0,92.0,0.0,100.0,11.0,100.0,0.0,89.0,851953453.0,60.0,35710.0,100.0,0.0,100.0,11.0,98.0,2.0,100.0,0.0,100.0,0.0,100.0,0.0,100.0,0.0,79.0,21.0,100.0,0.0,100.0,0.0,94.0,12779.0,21.0,21.0,100.0,0.0,100.0,0.0,200.0,0.0,100.0,35572.0,100.0,54173945928.0,100.0,168579961827.0
2019-12-03,Z304GJ95,ST4000DM000,4000787030016,0,120.0,235045008.0,92.0,0.0,100.0,11.0,100.0,0.0,89.0,853850130.0,60.0,35734.0,100.0,0.0,100.0,11.0,98.0,2.0,100.0,0.0,100.0,0.0,100.0,0.0,100.0,0.0,79.0,21.0,100.0,0.0,100.0,0.0,94.0,12779.0,21.0,21.0,100.0,0.0,100.0,0.0,200.0,0.0,100.0,35596.0,100.0,54183300768.0,100.0,168828699951.0
2019-12-04,Z304GJ95,ST4000DM000,4000787030016,0,112.0,42902520.0,92.0,0.0,100.0,11.0,100.0,0.0,89.0,856852660.0,60.0,35758.0,100.0,0.0,100.0,11.0,98.0,2.0,100.0,0.0,100.0,0.0,100.0,0.0,100.0,0.0,79.0,21.0,100.0,0.0,100.0,0.0,94.0,12779.0,21.0,21.0,100.0,0.0,100.0,0.0,200.0,0.0,100.0,35620.0,100.0,54197537024.0,100.0,169099531181.0
2019-12-05,Z304GJ95,ST4000DM000,4000787030016,0,119.0,204672344.0,92.0,0.0,100.0,11.0,100.0,0.0,89.0,857801343.0,60.0,35782.0,100.0,0.0,100.0,11.0,98.0,2.0,100.0,0.0,100.0,0.0,100.0,0.0,100.0,0.0,80.0,20.0,100.0,0.0,100.0,0.0,94.0,12779.0,20.0,20.0,100.0,0.0,100.0,0.0,200.0,0.0,100.0,35644.0,100.0,54212012152.0,100.0,169245097622.0
2019-12-06,Z304GJ95,ST4000DM000,4000787030016,0,117.0,148595560.0,92.0,0.0,100.0,11.0,100.0,0.0,89.0,859025480.0,60.0,35806.0,100.0,0.0,100.0,11.0,98.0,2.0,100.0,0.0,100.0,0.0,100.0,0.0,100.0,0.0,79.0,21.0,100.0,0.0,100.0,0.0,94.0,12779.0,21.0,21.0,100.0,0.0,100.0,0.0,200.0,0.0,100.0,35668.0,100.0,54222990096.0,100.0,169348771408.0
2019-12-07,Z304GJ95,ST4000DM000,4000787030016,0,118.0,169659576.0,92.0,0.0,100.0,11.0,100.0,0.0,89.0,860572792.0,60.0,35830.0,100.0,0.0,100.0,11.0,98.0,2.0,100.0,0.0,100.0,0.0,100.0,0.0,100.0,0.0,79.0,21.0,100.0,0.0,100.0,0.0,94.0,12779.0,21.0,21.0,100.0,0.0,100.0,0.0,200.0,0.0,100.0,35692.0,100.0,54233635392.0,100.0,169463180907.0
2019-12-08,Z304GJ95,ST4000DM000,4000787030016,0,114.0,64437264.0,92.0,0.0,100.0,11.0,100.0,0.0,89.0,861348557.0,60.0,35854.0,100.0,0.0,100.0,11.0,98.0,2.0,100.0,0.0,100.0,0.0,100.0,0.0,100.0,0.0,79.0,21.0,100.0,0.0,100.0,0.0,94.0,12779.0,21.0,21.0,100.0,0.0,100.0,0.0,200.0,0.0,100.0,35716.0,100.0,54243851656.0,100.0,169567106086.0
2019-12-09,Z304GJ95,ST4000DM000,4000787030016,0,118.0,170208616.0,92.0,0.0,100.0,11.0,100.0,0.0,89.0,863040718.0,60.0,35878.0,100.0,0.0,100.0,11.0,98.0,2.0,100.0,0.0,100.0,0.0,100.0,0.0,100.0,0.0,79.0,21.0,100.0,0.0,100.0,0.0,94.0,12779.0,21.0,21.0,100.0,0.0,100.0,0.0,200.0,0.0,100.0,35740.0,100.0,54259728456.0,100.0,169755364095.0
2019-12-10,Z304GJ95,ST4000DM000,4000787030016,0,116.0,116488472.0,92.0,0.0,100.0,11.0,100.0,0.0,89.0,864276229.0,60.0,35902.0,100.0,0.0,100.0,11.0,98.0,2.0,100.0,0.0,100.0,0.0,100.0,0.0,100.0,0.0,79.0,21.0,100.0,0.0,100.0,0.0,94.0,12779.0,21.0,21.0,100.0,0.0,100.0,0.0,200.0,0.0,100.0,35764.0,100.0,54271964544.0,100.0,169892477566.0
2019-12-11,Z304GJ95,ST4000DM000,4000787030016,0,117.0,125292376.0,92.0,0.0,100.0,11.0,100.0,0.0,89.0,866670912.0,59.0,35926.0,100.0,0.0,100.0,11.0,98.0,2.0,100.0,0.0,100.0,0.0,100.0,0.0,100.0,0.0,79.0,21.0,100.0,0.0,100.0,0.0,94.0,12779.0,21.0,21.0,100.0,0.0,100.0,0.0,200.0,0.0,100.0,35788.0,100.0,54291847288.0,100.0,170055497796.0
2019-12-12,Z304GJ95,ST4000DM000,4000787030016,0,114.0,65706632.0,92.0,0.0,100.0,11.0,100.0,0.0,89.0,868249072.0,59.0,35950.0,100.0,0.0,100.0,11.0,98.0,2.0,100.0,0.0,100.0,0.0,100.0,0.0,100.0,0.0,79.0,21.0,100.0,0.0,100.0,0.0,94.0,12779.0,21.0,21.0,100.0,0.0,100.0,0.0,200.0,0.0,100.0,35812.0,100.0,54307891768.0,100.0,170269514130.0
2019-12-13,Z304GJ95,ST4000DM000,4000787030016,0,119.0,210753936.0,92.0,0.0,100.0,11.0,100.0,0.0,89.0,870007874.0,59.0,35974.0,100.0,0.0,100.0,11.0,98.0,2.0,100.0,0.0,100.0,0.0,100.0,0.0,100.0,0.0,79.0,21.0,100.0,0.0,100.0,0.0,94.0,12779.0,21.0,21.0,100.0,0.0,100.0,0.0,200.0,0.0,100.0,35836.0,100.0,54325280168.0,100.0,170430871211.0
2019-12-14,Z304GJ95,ST4000DM000,4000787030016,0,114.0,65379200.0,92.0,0.0,100.0,11.0,100.0,0.0,89.0,872051443.0,59.0,35998.0,100.0,0.0,100.0,11.0,98.0,2.0,100.0,0.0,100.0,0.0,100.0,0.0,100.0,0.0,79.0,21.0,100.0,0.0,100.0,0.0,94.0,12779.0,21.0,21.0,100.0,0.0,100.0,0.0,200.0,0.0,100.0,35860.0,100.0,54337993776.0,100.0,170561687500.0
2019-12-15,Z304GJ95,ST4000DM000,4000787030016,0,114.0,79895928.0,92.0,0.0,100.0,11.0,100.0,0.0,89.0,873511477.0,59.0,36022.0,100.0,0.0,100.0,11.0,98.0,2.0,100.0,0.0,100.0,0.0,100.0,0.0,100.0,0.0,79.0,21.0,100.0,0.0,100.0,0.0,94.0,12779.0,21.0,21.0,100.0,0.0,100.0,0.0,200.0,0.0,100.0,35884.0,100.0,54349422552.0,100.0,170702938494.0
2019-12-16,Z304GJ95,ST4000DM000,4000787030016,0,117.0,129941544.0,92.0,0.0,100.0,11.0,100.0,0.0,89.0,874626841.0,59.0,36046.0,100.0,0.0,100.0,11.0,98.0,2.0,100.0,0.0,100.0,0.0,100.0,0.0,100.0,0.0,80.0,20.0,100.0,0.0,100.0,0.0,94.0,12779.0,20.0,20.0,100.0,0.0,100.0,0.0,200.0,0.0,100.0,35908.0,100.0,54359517888.0,100.0,170876241928.0
2019-12-17,Z304GJ95,ST4000DM000,4000787030016,0,114.0,65426192.0,92.0,0.0,100.0,11.0,100.0,0.0,89.0,875817161.0,59.0,36070.0,100.0,0.0,100.0,11.0,98.0,2.0,100.0,0.0,100.0,0.0,100.0,0.0,100.0,0.0,80.0,20.0,100.0,0.0,100.0,0.0,94.0,12779.0,20.0,20.0,100.0,0.0,100.0,0.0,200.0,0.0,100.0,35932.0,100.0,54373092336.0,100.0,171082777378.0
2019-12-18,Z304GJ95,ST4000DM000,4000787030016,0,112.0,47617392.0,92.0,0.0,100.0,11.0,100.0,0.0,89.0,878623998.0,59.0,36094.0,100.0,0.0,100.0,11.0,98.0,2.0,100.0,0.0,100.0,0.0,100.0,0.0,100.0,0.0,79.0,21.0,100.0,0.0,100.0,0.0,94.0,12779.0,21.0,21.0,100.0,0.0,100.0,0.0,200.0,0.0,100.0,35956.0,100.0,54388622552.0,100.0,171342245373.0
2019-12-19,Z304GJ95,ST4000DM000,4000787030016,0,111.0,40270256.0,92.0,0.0,100.0,11.0,100.0,0.0,89.0,880000270.0,59.0,36118.0,100.0,0.0,100.0,11.0,98.0,2.0,100.0,0.0,100.0,0.0,100.0,0.0,100.0,0.0,80.0,20.0,100.0,0.0,100.0,0.0,94.0,12779.0,20.0,20.0,100.0,0.0,100.0,0.0,200.0,0.0,100.0,35980.0,100.0,54403515424.0,100.0,171555132104.0
2019-12-20,Z304GJ95,ST4000DM000,4000787030016,0,117.0,131952992.0,92.0,0.0,100.0,11.0,100.0,0.0,89.0,881451902.0,59.0,36141.0,100.0,0.0,100.0,11.0,98.0,2.0,100.0,0.0,100.0,0.0,100.0,0.0,100.0,0.0,80.0,20.0,100.0,0.0,100.0,0.0,94.0,12779.0,20.0,20.0,100.0,0.0,100.0,0.0,200.0,0.0,100.0,36004.0,100.0,54417474096.0,100.0,171811787342.0
2019-12-21,Z304GJ95,ST4000DM000,4000787030016,0,112.0,47937560.0,92.0,0.0,100.0,11.0,100.0,0.0,89.0,883095620.0,59.0,36165.0,100.0,0.0,100.0,11.0,98.0,2.0,100.0,0.0,100.0,0.0,100.0,0.0,100.0,0.0,79.0,21.0,100.0,0.0,100.0,0.0,94.0,12779.0,21.0,21.0,100.0,0.0,100.0,0.0,200.0,0.0,100.0,36027.0,100.0,54434705832.0,100.0,171921001332.0
2019-12-22,Z304GJ95,ST4000DM000,4000787030016,0,114.0,74031064.0,92.0,0.0,100.0,11.0,100.0,0.0,89.0,884630651.0,59.0,36189.0,100.0,0.0,100.0,11.0,98.0,2.0,100.0,0.0,100.0,0.0,100.0,0.0,100.0,0.0,80.0,20.0,100.0,0.0,100.0,0.0,94.0,12779.0,20.0,20.0,100.0,0.0,100.0,0.0,200.0,0.0,100.0,36051.0,100.0,54447950528.0,100.0,172163374302.0
2019-12-23,Z304GJ95,ST4000DM000,4000787030016,0,108.0,19654584.0,92.0,0.0,100.0,11.0,100.0,0.0,89.0,886085378.0,59.0,36213.0,100.0,0.0,100.0,11.0,98.0,2.0,100.0,0.0,100.0,0.0,100.0,0.0,100.0,0.0,80.0,20.0,100.0,0.0,100.0,0.0,94.0,12779.0,20.0,20.0,100.0,0.0,100.0,0.0,200.0,0.0,100.0,36075.0,100.0,54459252792.0,100.0,172361161787.0
2019-12-24,Z304GJ95,ST4000DM000,4000787030016,0,117.0,117641592.0,92.0,0.0,100.0,11.0,100.0,0.0,89.0,887119730.0,59.0,36237.0,100.0,0.0,100.0,11.0,98.0,2.0,100.0,0.0,100.0,0.0,100.0,0.0,100.0,0.0,80.0,20.0,100.0,0.0,100.0,0.0,94.0,12779.0,20.0,20.0,100.0,0.0,100.0,0.0,200.0,0.0,100.0,36099.0,100.0,54470493640.0,100.0,172509214428.0
2019-12-25,Z304GJ95,ST4000DM000,4000787030016,0,117.0,158728840.0,92.0,0.0,100.0,11.0,100.0,0.0,89.0,889137098.0,59.0,36261.0,100.0,0.0,100.0,11.0,98.0,2.0,100.0,0.0,100.0,0.0,100.0,0.0,100.0,0.0,79.0,21.0,100.0,0.0,100.0,0.0,94.0,12779.0,21.0,21.0,100.0,0.0,100.0,0.0,200.0,0.0,100.0,36123.0,100.0,54484326136.0,100.0,172726087082.0
2019-12-26,Z304GJ95,ST4000DM000,4000787030016,0,112.0,43438344.0,92.0,0.0,100.0,11.0,100.0,0.0,89.0,890874632.0,59.0,36285.0,100.0,0.0,100.0,11.0,98.0,2.0,100.0,0.0,100.0,0.0,100.0,0.0,100.0,0.0,79.0,21.0,100.0,0.0,100.0,0.0,94.0,12779.0,21.0,21.0,100.0,0.0,100.0,0.0,200.0,0.0,100.0,36147.0,100.0,54493475784.0,100.0,172989539036.0
2019-12-27,Z304GJ95,ST4000DM000,4000787030016,0,119.0,210249792.0,92.0,0.0,100.0,11.0,100.0,0.0,89.0,892009030.0,59.0,36309.0,100.0,0.0,100.0,11.0,98.0,2.0,100.0,0.0,100.0,0.0,100.0,0.0,100.0,0.0,80.0,20.0,100.0,0.0,100.0,0.0,94.0,12779.0,20.0,20.0,100.0,0.0,100.0,0.0,200.0,0.0,100.0,36171.0,100.0,54507599480.0,100.0,173263445385.0
2019-12-28,Z304GJ95,ST4000DM000,4000787030016,0,115.0,86244224.0,92.0,0.0,100.0,11.0,100.0,0.0,89.0,893412911.0,59.0,36333.0,100.0,0.0,100.0,11.0,98.0,2.0,100.0,0.0,100.0,0.0,100.0,0.0,100.0,0.0,79.0,21.0,100.0,0.0,100.0,0.0,94.0,12779.0,21.0,21.0,100.0,0.0,100.0,0.0,200.0,0.0,100.0,36195.0,100.0,54521480968.0,100.0,173392344201.0
2019-12-29,Z304GJ95,ST4000DM000,4000787030016,0,116.0,106245200.0,92.0,0.0,100.0,11.0,100.0,0.0,89.0,894720644.0,59.0,36356.0,100.0,0.0,100.0,11.0,98.0,2.0,100.0,0.0,100.0,0.0,100.0,0.0,100.0,0.0,79.0,21.0,100.0,0.0,100.0,0.0,94.0,12779.0,21.0,21.0,100.0,0.0,100.0,0.0,200.0,0.0,100.0,36219.0,100.0,54535916248.0,100.0,173703458295.0
2019-12-30,Z304GJ95,ST4000DM000,4000787030016,0,120.0,235027248.0,92.0,0.0,100.0,11.0,100.0,0.0,89.0,896867860.0,59.0,36380.0,100.0,0.0,100.0,11.0,98.0,2.0,100.0,0.0,100.0,0.0,100.0,0.0,100.0,0.0,79.0,21.0,100.0,0.0,100.0,0.0,94.0,12779.0,21.0,21.0,100.0,0.0,100.0,0.0,200.0,0.0,100.0,36243.0,100.0,54551874048.0,100.0,174022703985.0
2019-12-31,Z304GJ95,ST4000DM000,4000787030016,0,114.0,66893464.0,92.0,0.0,100.0,11.0,100.0,0.0,89.0,898308561.0,59.0,36404.0,100.0,0.0,100.0,11.0,98.0,2.0,100.0,0.0,100.0,0.0,100.0,0.0,100.0,0.0,80.0,20.0,100.0,0.0,100.0,0.0,94.0,12779.0,20.0,20.0,100.0,0.0,100.0,0.0,200.0,0.0,100.0,36266.0,100.0,54569374488.0,100.0,174269450608.0
