2019-01-01,Z304LA3D,ST4000DM000,4000787030016,0,114,73610184,95.0,0.0,100.0,5.0,99.0,1688.0,85.0,348343977.0,69,27325,100.0,0.0,100,5,100.0,0.0,100.0,0.0,93.0,7.0,100.0,0.0,100.0,0.0,77.0,23.0,100.0,0.0,100.0,0.0,95.0,11285.0,23,23,100.0,0.0,100.0,0.0,200.0,0.0,100.0,27160.0,100.0,46788731744.0,100.0,126148472527.0
2019-01-02,Z304LA3D,ST4000DM000,4000787030016,0,117,139783480,95.0,0.0,100.0,5.0,99.0,1704.0,85.0,348965976.0,69,27349,100.0,0.0,100,5,100.0,0.0,100.0,0.0,93.0,7.0,100.0,0.0,100.0,0.0,77.0,23.0,100.0,0.0,100.0,0.0,95.0,11285.0,23,23,100.0,0.0,100.0,0.0,200.0,0.0,100.0,27183.0,100.0,46802439064.0,100.0,126231867264.0
2019-01-03,Z304LA3D,ST4000DM000,4000787030016,0,118.0,198551904.0,95.0,0.0,100.0,5.0,99.0,1704.0,85.0,349541315.0,69.0,27373.0,100.0,0.0,100.0,5.0,100.0,0.0,100.0,0.0,93.0,7.0,100.0,0.0,100.0,0.0,77.0,23.0,100.0,0.0,100.0,0.0,95.0,11285.0,23.0,23.0,100.0,0.0,100.0,0.0,200.0,0.0,100.0,27207.0,100.0,46813913976.0,100.0,126297568655.0
2019-01-04,Z304LA3D,ST4000DM000,4000787030016,0,114,62834248,95.0,0.0,100.0,5.0,99.0,1704.0,85.0,351160621.0,69,27397,100.0,0.0,100,5,100.0,0.0,100.0,0.0,93.0,7.0,100.0,0.0,100.0,0.0,75.0,25.0,100.0,0.0,100.0,0.0,95.0,11285.0,25,25,100.0,0.0,100.0,0.0,200.0,0.0,100.0,27231.0,100.0,46829115256.0,100.0,126358705324.0
2019-01-05,Z304LA3D,ST4000DM000,4000787030016,0,118,175600744,95.0,0.0,100.0,5.0,99.0,1704.0,85.0,353097195.0,69,27422,100.0,0.0,100,5,100.0,0.0,100.0,0.0,93.0,7.0,100.0,0.0,100.0,0.0,75.0,25.0,100.0,0.0,100.0,0.0,95.0,11285.0,25,25,100.0,0.0,100.0,0.0,200.0,0.0,100.0,27256.0,100.0,46847260296.0,100.0,126488409852.0
2019-01-06,Z304LA3D,ST4000DM000,4000787030016,0,117,127820360,95.0,0.0,100.0,5.0,99.0,1704.0,85.0,354036647.0,69,27445,100.0,0.0,100,5,100.0,0.0,100.0,0.0,93.0,7.0,100.0,0.0,100.0,0.0,76.0,24.0,100.0,0.0,100.0,0.0,95.0,11285.0,24,24,100.0,0.0,100.0,0.0,200.0,0.0,100.0,27279.0,100.0,46860741360.0,100.0,126618978595.0
2019-01-07,Z304LA3D,ST4000DM000,4000787030016,0,118,171798736,95.0,0.0,100.0,5.0,99.0,1704.0,85.0,354829877.0,69,27469,100.0,0.0,100,5,100.0,0.0,100.0,0.0,93.0,7.0,100.0,0.0,100.0,0.0,75.0,25.0,100.0,0.0,100.0,0.0,95.0,11285.0,25,25,100.0,0.0,100.0,0.0,200.0,0.0,100.0,27303.0,100.0,46885033056.0,100.0,126786441640.0
2019-01-08,Z304LA3D,ST4000DM000,4000787030016,0,110,26515928,95.0,0.0,100.0,5.0,99.0,1704.0,85.0,356507558.0,69,27493,100.0,0.0,100,5,100.0,0.0,100.0,0.0,93.0,7.0,100.0,0.0,100.0,0.0,76.0,24.0,100.0,0.0,100.0,0.0,95.0,11285.0,24,24,100.0,0.0,100.0,0.0,200.0,0.0,100.0,27327.0,100.0,46908467032.0,100.0,126987590881.0
2019-01-09,Z304LA3D,ST4000DM000,4000787030016,0,119,212241568,95.0,0.0,100.0,5.0,99.0,1704.0,85.0,357182666.0,69,27517,100.0,0.0,100,5,100.0,0.0,100.0,0.0,93.0,7.0,100.0,0.0,100.0,0.0,76.0,24.0,100.0,0.0,100.0,0.0,95.0,11285.0,24,24,100.0,0.0,100.0,0.0,200.0,0.0,100.0,27351.0,100.0,46928428592.0,100.0,127155319456.0
2019-01-10,Z304LA3D,ST4000DM000,4000787030016,0,114,78393904,95.0,0.0,100.0,5.0,99.0,1704.0,85.0,357677727.0,69,27536,100.0,0.0,100,5,100.0,0.0,100.0,0.0,93.0,7.0,100.0,0.0,100.0,0.0,76.0,24.0,100.0,0.0,100.0,0.0,95.0,11285.0,24,24,100.0,0.0,100.0,0.0,200.0,0.0,100.0,27370.0,100.0,46940268952.0,100.0,127275446122.0
2019-01-11,Z304LA3D,ST4000DM000,4000787030016,0,118.0,192380328.0,95.0,0.0,100.0,5.0,99.0,1704.0,85.0,359504657.0,69.0,27560.0,100.0,0.0,100.0,5.0,100.0,0.0,100.0,0.0,93.0,7.0,100.0,0.0,100.0,0.0,76.0,24.0,100.0,0.0,100.0,0.0,95.0,11288.0,24.0,24.0,100.0,0.0,100.0,0.0,200.0,0.0,100.0,27394.0,100.0,46957385536.0,100.0,127395660108.0
2019-01-12,Z304LA3D,ST4000DM000,4000787030016,0,117,160360488,95.0,0.0,100.0,5.0,99.0,1704.0,85.0,360902690.0,69,27584,100.0,0.0,100,5,100.0,0.0,100.0,0.0,93.0,7.0,100.0,0.0,100.0,0.0,77.0,23.0,100.0,0.0,100.0,0.0,95.0,11288.0,23,23,100.0,0.0,100.0,0.0,200.0,0.0,100.0,27418.0,100.0,46977315432.0,100.0,127568943116.0
2019-01-13,Z304LA3D,ST4000DM000,4000787030016,0,114,80553024,95.0,0.0,100.0,5.0,99.0,1704.0,85.0,361985036.0,69,27608,100.0,0.0,100,5,100.0,0.0,100.0,0.0,93.0,7.0,100.0,0.0,100.0,0.0,76.0,24.0,100.0,0.0,100.0,0.0,95.0,11288.0,24,24,100.0,0.0,100.0,0.0,200.0,0.0,100.0,27442.0,100.0,46992458128.0,100.0,127709064327.0
2019-01-14,Z304LA3D,ST4000DM000,4000787030016,0,119,211982360,95.0,0.0,100.0,5.0,99.0,1704.0,85.0,362594626.0,69,27632,100.0,0.0,100,5,100.0,0.0,100.0,0.0,93.0,7.0,100.0,0.0,100.0,0.0,77.0,23.0,100.0,0.0,100.0,0.0,95.0,11288.0,23,23,100.0,0.0,100.0,0.0,200.0,0.0,100.0,27466.0,100.0,47007740808.0,100.0,127865367209.0
2019-01-15,Z304LA3D,ST4000DM000,4000787030016,0,117.0,161974184.0,95.0,0.0,100.0,5.0,99.0,1704.0,85.0,364210136.0,69.0,27656.0,100.0,0.0,100.0,5.0,100.0,0.0,100.0,0.0,93.0,7.0,100.0,0.0,100.0,0.0,76.0,24.0,100.0,0.0,100.0,0.0,95.0,11288.0,24.0,24.0,100.0,0.0,100.0,0.0,200.0,0.0,100.0,27490.0,100.0,47027853344.0,100.0,128028204252.0
2019-01-16,Z304LA3D,ST4000DM000,4000787030016,0,117,165634408,95.0,0.0,100.0,5.0,99.0,1704.0,85.0,365329109.0,69,27680,100.0,0.0,100,5,100.0,0.0,100.0,0.0,93.0,7.0,100.0,0.0,100.0,0.0,76.0,24.0,100.0,0.0,100,0,95.0,11288.0,24,24,100.0,0.0,100.0,0.0,200.0,0.0,100.0,27514.0,100.0,47046529312.0,100.0,128193533001.0
2019-01-17,Z304LA3D,ST4000DM000,4000787030016,0,117,144977584,95.0,0.0,100.0,5.0,99.0,1704.0,85.0,366252429.0,69,27704,100.0,0.0,100,5,100.0,0.0,100.0,0.0,93.0,7.0,100.0,0.0,100.0,0.0,76.0,24.0,100.0,0.0,100,0,95.0,11288.0,24,24,100.0,0.0,100.0,0.0,200.0,0.0,100.0,27538.0,100.0,47067353208.0,100.0,128325197363.0
2019-01-18,Z304LA3D,ST4000DM000,4000787030016,0,118,193091048,95.0,0.0,100.0,5.0,99.0,1704.0,85.0,368099055.0,69,27727,100.0,0.0,100,5,100.0,0.0,100.0,0.0,93.0,7.0,100.0,0.0,100.0,0.0,76.0,24.0,100.0,0.0,100,0,95.0,11288.0,24,24,100.0,0.0,100.0,0.0,200.0,0.0,100.0,27562.0,100.0,47088788496.0,100.0,128456404934.0
2019-01-19,Z304LA3D,ST4000DM000,4000787030016,0,119,221148576,95.0,0.0,100.0,5.0,99.0,1704.0,85.0,369801396.0,69,27751,100.0,0.0,100,5,100.0,0.0,100.0,0.0,93.0,7.0,100.0,0.0,100.0,0.0,77.0,23.0,100.0,0.0,100,0,95.0,11288.0,23,23,100.0,0.0,100.0,0.0,200.0,0.0,100.0,27585.0,100.0,47101763096.0,100.0,128621328017.0
2019-01-20,Z304LA3D,ST4000DM000,4000787030016,0,114,69811064,95.0,0.0,100.0,5.0,99.0,1704.0,85.0,372255866.0,69,27775,100.0,0.0,100,5,100.0,0.0,100.0,0.0,93.0,7.0,100.0,0.0,100.0,0.0,76.0,24.0,100.0,0.0,100,0,95.0,11288.0,24,24,100.0,0.0,100.0,0.0,200.0,0.0,100.0,27609.0,100.0,47119291184.0,100.0,128798492972.0
2019-01-21,Z304LA3D,ST4000DM000,4000787030016,0,119,226213952,95.0,0.0,100.0,5.0,99.0,1704.0,85.0,373651827.0,69,27799,100.0,0.0,100,5,100.0,0.0,100.0,0.0,93.0,7.0,100.0,0.0,100.0,0.0,76.0,24.0,100.0,0.0,100,0,95.0,11288.0,24,24,100.0,0.0,100.0,0.0,200.0,0.0,100.0,27633.0,100.0,47131094296.0,100.0,128968001014.0
2019-01-22,Z304LA3D,ST4000DM000,4000787030016,0,112.0,49784840.0,95.0,0.0,100.0,5.0,99.0,1704.0,85.0,374462227.0,69.0,27824.0,100.0,0.0,100.0,5.0,100.0,0.0,100.0,0.0,93.0,7.0,100.0,0.0,100.0,0.0,76.0,24.0,100.0,0.0,100.0,0.0,95.0,11289.0,24.0,24.0,100.0,0.0,100.0,0.0,200.0,0.0,100.0,27658.0,100.0,47145385000.0,100.0,129102446034.0
2019-01-23,Z304LA3D,ST4000DM000,4000787030016,0,115.0,92981952.0,95.0,0.0,100.0,5.0,99.0,1704.0,85.0,375366741.0,69.0,27848.0,100.0,0.0,100.0,5.0,100.0,0.0,100.0,0.0,93.0,7.0,100.0,0.0,100.0,0.0,76.0,24.0,100.0,0.0,100.0,0.0,95.0,11289.0,24.0,24.0,100.0,0.0,100.0,0.0,200.0,0.0,100.0,27682.0,100.0,47156811520.0,100.0,129232205533.0
2019-01-24,Z304LA3D,ST4000DM000,4000787030016,0,105.0,10403912.0,95.0,0.0,100.0,5.0,99.0,1704.0,85.0,376191040.0,69.0,27872.0,100.0,0.0,100.0,5.0,100.0,0.0,100.0,0.0,93.0,7.0,100.0,0.0,100.0,0.0,76.0,24.0,100.0,0.0,100.0,0.0,95.0,11289.0,24.0,24.0,100.0,0.0,100.0,0.0,200.0,0.0,100.0,27706.0,100.0,47168571288.0,100.0,129356576553.0
2019-01-25,Z304LA3D,ST4000DM000,4000787030016,0,102,4655448,95.0,0.0,100.0,5.0,99.0,1704.0,85.0,377893640.0,69,27896,100.0,0.0,100,5,100.0,0.0,100.0,0.0,93.0,7.0,100.0,0.0,100.0,0.0,76.0,24.0,100.0,0.0,100,0,95.0,11289.0,24,24,100.0,0.0,100.0,0.0,200.0,0.0,100.0,27730.0,100.0,47185613528.0,100.0,129465392814.0
2019-01-26,Z304LA3D,ST4000DM000,4000787030016,0,115,93233912,95.0,0.0,100.0,5.0,99.0,1704.0,85.0,378990514.0,69,27920,100.0,0.0,100,5,100.0,0.0,100.0,0.0,93.0,7.0,100.0,0.0,100.0,0.0,77.0,23.0,100.0,0.0,100,0,95.0,11289.0,23,23,100.0,0.0,100.0,0.0,200.0,0.0,100.0,27754.0,100.0,47199291248.0,100.0,129614770174.0
2019-01-27,Z304LA3D,ST4000DM000,4000787030016,0,117,133215888,95.0,0.0,100.0,5.0,99.0,1704.0,85.0,380055547.0,69,27944,100.0,0.0,100,5,100.0,0.0,100.0,0.0,93.0,7.0,100.0,0.0,100.0,0.0,76.0,24.0,100.0,0.0,100,0,95.0,11289.0,24,24,100.0,0.0,100.0,0.0,200.0,0.0,100.0,27778.0,100.0,47217979048.0,100.0,129748217870.0
2019-01-28,Z304LA3D,ST4000DM000,4000787030016,0,116,106021280,95.0,0.0,100.0,5.0,99.0,1704.0,85.0,381201575.0,69,27968,100.0,0.0,100,5,100.0,0.0,100.0,0.0,93.0,7.0,100.0,0.0,100.0,0.0,77.0,23.0,100.0,0.0,100,0,95.0,11289.0,23,23,100.0,0.0,100.0,0.0,200.0,0.0,100.0,27802.0,100.0,47230387800.0,100.0,129890803676.0
2019-01-29,Z304LA3D,ST4000DM000,4000787030016,0,100,2969200,95.0,0.0,100.0,5.0,99.0,1704.0,85.0,383210201.0,69,27991,100.0,0.0,100,5,100.0,0.0,100.0,0.0,93.0,7.0,100.0,0.0,100.0,0.0,76.0,24.0,100.0,0.0,100,0,95.0,11289.0,24,24,100.0,0.0,100.0,0.0,200.0,0.0,100.0,27825.0,100.0,47250680624.0,100.0,130029934649.0
2019-01-30,Z304LA3D,ST4000DM000,4000787030016,0,107,13985800,95.0,0.0,100.0,5.0,99.0,1704.0,85.0,384624213.0,69,28015,100.0,0.0,100,5,100.0,0.0,100.0,0.0,93.0,7.0,100.0,0.0,100.0,0.0,76.0,24.0,100.0,0.0,100,0,95.0,11289.0,24,24,100.0,0.0,100.0,0.0,200.0,0.0,100.0,27849.0,100.0,47268020784.0,100.0,130204579687.0
2019-01-31,Z304LA3D,ST4000DM000,4000787030016,0,111,34525592,95.0,0.0,100.0,5.0,99.0,1704.0,85.0,385968102.0,68,28039,100.0,0.0,100,5,100.0,0.0,100.0,0.0,93.0,7.0,100.0,0.0,100.0,0.0,76.0,24.0,100.0,0.0,100,0,95.0,11289.0,24,24,100.0,0.0,100.0,0.0,200.0,0.0,100.0,27873.0,100.0,47286310304.0,100.0,130368993672.0
2019-02-01,Z304LA3D,ST4000DM000,4000787030016,0,108,19813600,95.0,0.0,100.0,5.0,99.0,1704.0,85.0,387790753.0,68,28063,100.0,0.0,100,5,100.0,0.0,100.0,0.0,93.0,7.0,100.0,0.0,100.0,0.0,76.0,24.0,100.0,0.0,100,0,95.0,11289.0,24,24,100.0,0.0,100.0,0.0,200.0,0.0,100.0,27897.0,100.0,47305245024.0,100.0,130489119472.0
2019-02-02,Z304LA3D,ST4000DM000,4000787030016,0,120.0,242201832.0,95.0,0.0,100.0,5.0,99.0,1704.0,85.0,388937864.0,68.0,28087.0,100.0,0.0,100.0,5.0,100.0,0.0,100.0,0.0,93.0,7.0,100.0,0.0,100.0,0.0,76.0,24.0,100.0,0.0,100.0,0.0,95.0,11289.0,24.0,24.0,100.0,0.0,100.0,0.0,200.0,0.0,100.0,27921.0,100.0,47317654520.0,100.0,130648956660.0
2019-02-03,Z304LA3D,ST4000DM000,4000787030016,0,119,210815128,95.0,0.0,100.0,5.0,99.0,1704.0,85.0,390105637.0,68,28111,100.0,0.0,100,5,100.0,0.0,100.0,0.0,93.0,7.0,100.0,0.0,100.0,0.0,76.0,24.0,100.0,0.0,100,0,95.0,11289.0,24,24,100.0,0.0,100.0,0.0,200.0,0.0,100.0,27945.0,100.0,47336099864.0,100.0,130792315379.0
2019-02-04,Z304LA3D,ST4000DM000,4000787030016,0,117,122934952,95.0,0.0,100.0,5.0,99.0,1704.0,85.0,391688504.0,68,28135,100.0,0.0,100,5,100.0,0.0,100.0,0.0,93.0,7.0,100.0,0.0,100.0,0.0,76.0,24.0,100.0,0.0,100,0,95.0,11289.0,24,24,100.0,0.0,100.0,0.0,200.0,0.0,100.0,27969.0,100.0,47357458544.0,100.0,130911961162.0
2019-02-05,Z304LA3D,ST4000DM000,4000787030016,0,119.0,208983736.0,95.0,0.0,100.0,5.0,99.0,1704.0,85.0,393883271.0,68.0,28159.0,100.0,0.0,100.0,5.0,100.0,0.0,100.0,0.0,93.0,7.0,100.0,0.0,100.0,0.0,76.0,24.0,100.0,0.0,100.0,0.0,95.0,11289.0,24.0,24.0,100.0,0.0,100.0,0.0,200.0,0.0,100.0,27993.0,100.0,47379496640.0,100.0,131023989081.0
2019-02-06,Z304LA3D,ST4000DM000,4000787030016,0,118,197579760,95.0,0.0,100.0,5.0,99.0,1704.0,85.0,395400154.0,68,28183,100.0,0.0,100,5,100.0,0.0,100.0,0.0,93.0,7.0,100.0,0.0,100.0,0.0,76.0,24.0,100.0,0.0,100,0,95.0,11289.0,24,24,100.0,0.0,100.0,0.0,200.0,0.0,100.0,28017.0,100.0,47400722720.0,100.0,131146035085.0
2019-02-07,Z304LA3D,ST4000DM000,4000787030016,0,110.0,28535304.0,95.0,0.0,100.0,5.0,99.0,1704.0,85.0,396101392.0,68.0,28206.0,100.0,0.0,100.0,5.0,100.0,0.0,100.0,0.0,93.0,7.0,100.0,0.0,100.0,0.0,75.0,25.0,100.0,0.0,100.0,0.0,95.0,11289.0,25.0,25.0,100.0,0.0,100.0,0.0,200.0,0.0,100.0,28041.0,100.0,47422851560.0,100.0,131201811250.0
2019-02-08,Z304LA3D,ST4000DM000,4000787030016,0,117,126710136,95.0,0.0,100.0,5.0,99.0,1704.0,85.0,397717847.0,68,28230,100.0,0.0,100,5,100.0,0.0,100.0,0.0,93.0,7.0,100.0,0.0,100.0,0.0,75.0,25.0,100.0,0.0,100,0,95.0,11289.0,25,25,100.0,0.0,100.0,0.0,200.0,0.0,100.0,28064.0,100.0,47445520720.0,100.0,131291608627.0
2019-02-09,Z304LA3D,ST4000DM000,4000787030016,0,115.0,96470736.0,95.0,0.0,100.0,5.0,99.0,1704.0,85.0,398542964.0,68.0,28254.0,100.0,0.0,100.0,5.0,100.0,0.0,100.0,0.0,93.0,7.0,100.0,0.0,100.0,0.0,76.0,24.0,100.0,0.0,100.0,0.0,95.0,11289.0,24.0,24.0,100.0,0.0,100.0,0.0,200.0,0.0,100.0,28088.0,100.0,47460719080.0,100.0,131373120954.0
2019-02-10,Z304LA3D,ST4000DM000,4000787030016,0,118,178097072,95.0,0.0,100.0,5.0,99.0,1704.0,85.0,399406813.0,68,28278,100.0,0.0,100,5,100.0,0.0,100.0,0.0,93.0,7.0,100.0,0.0,100.0,0.0,75.0,25.0,100.0,0.0,100,0,95.0,11289.0,25,25,100.0,0.0,100.0,0.0,200.0,0.0,100.0,28112.0,100.0,47476970656.0,100.0,131467335643.0
2019-02-11,Z304LA3D,ST4000DM000,4000787030016,0,117,162029608,95.0,0.0,100.0,5.0,99.0,1704.0,85.0,400356369.0,68,28302,100.0,0.0,100,5,100.0,0.0,100.0,0.0,93.0,7.0,100.0,0.0,100.0,0.0,75.0,25.0,100.0,0.0,100,0,95.0,11289.0,25,25,100.0,0.0,100.0,0.0,200.0,0.0,100.0,28136.0,100.0,47496088712.0,100.0,131557306688.0
2019-02-12,Z304LA3D,ST4000DM000,4000787030016,0,118.0,170322232.0,95.0,0.0,100.0,5.0,99.0,1704.0,85.0,402118027.0,68.0,28326.0,100.0,0.0,100.0,5.0,100.0,0.0,100.0,0.0,93.0,7.0,100.0,0.0,100.0,0.0,75.0,25.0,100.0,0.0,100.0,0.0,95.0,11289.0,25.0,25.0,100.0,0.0,100.0,0.0,200.0,0.0,100.0,28160.0,100.0,47517619856.0,100.0,131703522715.0
2019-02-13,Z304LA3D,ST4000DM000,4000787030016,0,114,75327840,95.0,0.0,100.0,5.0,99.0,1704.0,86.0,403363327.0,68,28350,100.0,0.0,100,5,100.0,0.0,100.0,0.0,93.0,7.0,100.0,0.0,100.0,0.0,76.0,24.0,100.0,0.0,100,0,95.0,11289.0,24,24,100.0,0.0,100.0,0.0,200.0,0.0,100.0,28184.0,100.0,47538306344.0,100.0,131794721161.0
2019-02-14,Z304LA3D,ST4000DM000,4000787030016,0,116,104484344,95.0,0.0,100.0,5.0,99.0,1704.0,86.0,404247890.0,68,28374,100.0,0.0,100,5,100.0,0.0,100.0,0.0,93.0,7.0,100.0,0.0,100.0,0.0,76.0,24.0,100.0,0.0,100,0,95.0,11289.0,24,24,100.0,0.0,100.0,0.0,200.0,0.0,100.0,28208.0,100.0,47559538792.0,100.0,131878756164.0
2019-02-15,Z304LA3D,ST4000DM000,4000787030016,0,101.0,3633624.0,95.0,0.0,100.0,5.0,99.0,1704.0,86.0,405802916.0,68.0,28398.0,100.0,0.0,100.0,5.0,100.0,0.0,100.0,0.0,93.0,7.0,100.0,0.0,100.0,0.0,76.0,24.0,100.0,0.0,100.0,0.0,95.0,11289.0,24.0,24.0,100.0,0.0,100.0,0.0,200.0,0.0,100.0,28232.0,100.0,47583916232.0,100.0,131931305593.0
2019-02-16,Z304LA3D,ST4000DM000,4000787030016,0,111.0,40636280.0,95.0,0.0,100.0,5.0,99.0,1704.0,86.0,406695056.0,68.0,28422.0,100.0,0.0,100.0,5.0,100.0,0.0,100.0,0.0,93.0,7.0,100.0,0.0,100.0,0.0,76.0,24.0,100.0,0.0,100.0,0.0,95.0,11289.0,24.0,24.0,100.0,0.0,100.0,0.0,200.0,0.0,100.0,28256.0,100.0,47600272544.0,100.0,132009272454.0
2019-02-17,Z304LA3D,ST4000DM000,4000787030016,0,117,119293560,95.0,0.0,100.0,5.0,99.0,1704.0,86.0,407522405.0,68,28446,100.0,0.0,100,5,100.0,0.0,100.0,0.0,93.0,7.0,100.0,0.0,100.0,0.0,76.0,24.0,100.0,0.0,100,0,95.0,11289.0,24,24,100.0,0.0,100.0,0.0,200.0,0.0,100.0,28280.0,100.0,47630795456.0,100.0,132073787814.0
2019-02-18,Z304LA3D,ST4000DM000,4000787030016,0,116,110877480,95.0,0.0,100.0,5.0,99.0,1704.0,86.0,409367580.0,68,28470,100.0,0.0,100,5,100.0,0.0,100.0,0.0,93.0,7.0,100.0,0.0,100.0,0.0,75.0,25.0,100.0,0.0,100,0,95.0,11289.0,25,25,100.0,0.0,100.0,0.0,200.0,0.0,100.0,28304.0,100.0,47653553376.0,100.0,132140316299.0
2019-02-19,Z304LA3D,ST4000DM000,4000787030016,0,117,143586096,95.0,0.0,100.0,5.0,99.0,1704.0,86.0,410775259.0,68,28494,100.0,0.0,100,5,100.0,0.0,100.0,0.0,93.0,7.0,100.0,0.0,100.0,0.0,75.0,25.0,100.0,0.0,100,0,95.0,11289.0,25,25,100.0,0.0,100.0,0.0,200.0,0.0,100.0,28328.0,100.0,47685567824.0,100.0,132213798931.0
2019-02-20,Z304LA3D,ST4000DM000,4000787030016,0,116.0,113470696.0,95.0,0.0,100.0,5.0,99.0,1704.0,86.0,412023212.0,68.0,28517.0,100.0,0.0,100.0,5.0,100.0,0.0,100.0,0.0,93.0,7.0,100.0,0.0,100.0,0.0,76.0,24.0,100.0,0.0,100.0,0.0,95.0,11289.0,24.0,24.0,100.0,0.0,100.0,0.0,200.0,0.0,100.0,28352.0,100.0,47711776120.0,100.0,132292616121.0
2019-02-21,Z304LA3D,ST4000DM000,4000787030016,0,120,2018120,95.0,0.0,100.0,5.0,99.0,1704.0,86.0,413010862.0,68,28541,100.0,0.0,100,5,100.0,0.0,100.0,0.0,93.0,7.0,100.0,0.0,100.0,0.0,75.0,25.0,100.0,0.0,100,0,95.0,11289.0,25,25,100.0,0.0,100.0,0.0,200.0,0.0,100.0,28375.0,100.0,47728114072.0,100.0,132394231529.0
2019-02-22,Z304LA3D,ST4000DM000,4000787030016,0,115,100421168,95.0,0.0,100.0,5.0,99.0,1704.0,86.0,414698934.0,68,28565,100.0,0.0,100,5,100.0,0.0,100.0,0.0,93.0,7.0,100.0,0.0,100.0,0.0,75.0,25.0,100.0,0.0,100,0,95.0,11289.0,25,25,100.0,0.0,100.0,0.0,200.0,0.0,100.0,28399.0,100.0,47744104472.0,100.0,132490969852.0
2019-02-23,Z304LA3D,ST4000DM000,4000787030016,0,120.0,303968.0,95.0,0.0,100.0,5.0,99.0,1704.0,86.0,415848902.0,68.0,28589.0,100.0,0.0,100.0,5.0,100.0,0.0,100.0,0.0,93.0,7.0,100.0,0.0,100.0,0.0,75.0,25.0,100.0,0.0,100.0,0.0,95.0,11289.0,25.0,25.0,100.0,0.0,100.0,0.0,200.0,0.0,100.0,28423.0,100.0,47751310992.0,100.0,132649832588.0
2019-02-24,Z304LA3D,ST4000DM000,4000787030016,0,111,33828848,95.0,0.0,100.0,5.0,99.0,1704.0,86.0,417429498.0,68,28613,100.0,0.0,100,5,100.0,0.0,100.0,0.0,93.0,7.0,100.0,0.0,100.0,0.0,75.0,25.0,100.0,0.0,100,0,95.0,11289.0,25,25,100.0,0.0,100.0,0.0,200.0,0.0,100.0,28447.0,100.0,47764181160.0,100.0,132798236280.0
2019-02-25,Z304LA3D,ST4000DM000,4000787030016,0,117,139433096,95.0,0.0,100.0,5.0,99.0,1704.0,86.0,419380297.0,68,28637,100.0,0.0,100,5,100.0,0.0,100.0,0.0,93.0,7.0,100.0,0.0,100.0,0.0,76.0,24.0,100.0,0.0,100,0,95.0,11289.0,24,24,100.0,0.0,100.0,0.0,200.0,0.0,100.0,28471.0,100.0,47782100952.0,100.0,132935577119.0
2019-02-26,Z304LA3D,ST4000DM000,4000787030016,0,117,149042152,95.0,0.0,100.0,5.0,99.0,1704.0,86.0,420610304.0,68,28661,100.0,0.0,100,5,100.0,0.0,100.0,0.0,93.0,7.0,100.0,0.0,100.0,0.0,76.0,24.0,100.0,0.0,100,0,95.0,11289.0,24,24,100.0,0.0,100.0,0.0,200.0,0.0,100.0,28495.0,100.0,47796968656.0,100.0,133068266867.0
2019-02-27,Z304LA3D,ST4000DM000,4000787030016,0,117.0,129378192.0,95.0,0.0,100.0,5.0,99.0,1704.0,86.0,421850524.0,68.0,28685.0,100.0,0.0,100.0,5.0,100.0,0.0,100.0,0.0,93.0,7.0,100.0,0.0,100.0,0.0,76.0,24.0,100.0,0.0,100.0,0.0,95.0,11289.0,24.0,24.0,100.0,0.0,100.0,0.0,200.0,0.0,100.0,28519.0,100.0,47808949480.0,100.0,133177760573.0
2019-02-28,Z304LA3D,ST4000DM000,4000787030016,0,114,78342936,95.0,0.0,100.0,5.0,99.0,1704.0,86.0,422504995.0,68,28708,100.0,0.0,100,5,100.0,0.0,100.0,0.0,93.0,7.0,100.0,0.0,100.0,0.0,76.0,24.0,100.0,0.0,100,0,95.0,11289.0,24,24,100.0,0.0,100.0,0.0,200.0,0.0,100.0,28542.0,100.0,47821009320.0,100.0,133304063435.0
2019-03-01,Z304LA3D,ST4000DM000,4000787030016,0,117.0,142881128.0,95.0,0.0,100.0,5.0,99.0,1704.0,86.0,424077695.0,68.0,28732.0,100.0,0.0,100.0,5.0,100.0,0.0,100.0,0.0,93.0,7.0,100.0,0.0,100.0,0.0,76.0,24.0,100.0,0.0,100.0,0.0,95.0,11289.0,24.0,24.0,100.0,0.0,100.0,0.0,200.0,0.0,100.0,28566.0,100.0,47835344480.0,100.0,133414030507.0
2019-03-02,Z304LA3D,ST4000DM000,4000787030016,0,114.0,75583520.0,95.0,0.0,100.0,5.0,99.0,1704.0,86.0,424645481.0,68.0,28756.0,100.0,0.0,100.0,5.0,100.0,0.0,100.0,0.0,93.0,7.0,100.0,0.0,100.0,0.0,76.0,24.0,100.0,0.0,100.0,0.0,95.0,11289.0,24.0,24.0,100.0,0.0,100.0,0.0,200.0,0.0,100.0,28590.0,100.0,47849687616.0,100.0,133571788120.0
2019-03-03,Z304LA3D,ST4000DM000,4000787030016,0,117.0,129699368.0,95.0,0.0,100.0,5.0,99.0,1712.0,86.0,426598188.0,68.0,28780.0,100.0,0.0,100.0,5.0,100.0,0.0,100.0,0.0,93.0,7.0,100.0,0.0,100.0,0.0,76.0,24.0,100.0,0.0,100.0,0.0,95.0,11289.0,24.0,24.0,100.0,0.0,100.0,0.0,200.0,0.0,100.0,28614.0,100.0,47868821416.0,100.0,133766263650.0
2019-03-04,Z304LA3D,ST4000DM000,4000787030016,0,117,153964008,95.0,0.0,100.0,5.0,99.0,1712.0,86.0,427155812.0,68,28804,100.0,0.0,100,5,100.0,0.0,100.0,0.0,93.0,7.0,100.0,0.0,100.0,0.0,76.0,24.0,100.0,0.0,100,0,95.0,11289.0,24,24,100.0,0.0,100.0,0.0,200.0,0.0,100.0,28638.0,100.0,47881700832.0,100.0,133927888353.0
2019-03-05,Z304LA3D,ST4000DM000,4000787030016,0,116.0,107320808.0,95.0,0.0,100.0,5.0,99.0,1712.0,86.0,428108961.0,68.0,28828.0,100.0,0.0,100.0,5.0,100.0,0.0,100.0,0.0,93.0,7.0,100.0,0.0,100.0,0.0,76.0,24.0,100.0,0.0,100.0,0.0,95.0,11289.0,24.0,24.0,100.0,0.0,100.0,0.0,200.0,0.0,100.0,28662.0,100.0,47893842784.0,100.0,134085426592.0
2019-03-06,Z304LA3D,ST4000DM000,4000787030016,0,102.0,4739208.0,95.0,0.0,100.0,5.0,99.0,1712.0,86.0,429357410.0,68.0,28852.0,100.0,0.0,100.0,5.0,100.0,0.0,100.0,0.0,93.0,7.0,100.0,0.0,100.0,0.0,75.0,25.0,100.0,0.0,100.0,0.0,95.0,11289.0,25.0,25.0,100.0,0.0,100.0,0.0,200.0,0.0,100.0,28686.0,100.0,47907661040.0,100.0,134258002906.0
2019-03-07,Z304LA3D,ST4000DM000,4000787030016,0,113.0,52752056.0,95.0,0.0,100.0,5.0,99.0,1712.0,86.0,430285509.0,68.0,28876.0,100.0,0.0,100.0,5.0,100.0,0.0,100.0,0.0,93.0,7.0,100.0,0.0,100.0,0.0,76.0,24.0,100.0,0.0,100.0,0.0,95.0,11289.0,24.0,24.0,100.0,0.0,100.0,0.0,200.0,0.0,100.0,28710.0,100.0,47922214552.0,100.0,134413886724.0
2019-03-08,Z304LA3D,ST4000DM000,4000787030016,0,114.0,62255144.0,95.0,0.0,100.0,5.0,99.0,1712.0,86.0,432035868.0,68.0,28899.0,100.0,0.0,100.0,5.0,100.0,0.0,100.0,0.0,93.0,7.0,100.0,0.0,100.0,0.0,76.0,24.0,100.0,0.0,100.0,0.0,95.0,11289.0,24.0,24.0,100.0,0.0,100.0,0.0,200.0,0.0,100.0,28733.0,100.0,47939554232.0,100.0,134538916050.0
2019-03-09,Z304LA3D,ST4000DM000,4000787030016,0,119.0,229356056.0,95.0,0.0,100.0,5.0,99.0,1712.0,86.0,432897500.0,67.0,28923.0,100.0,0.0,100.0,5.0,100.0,0.0,100.0,0.0,93.0,7.0,100.0,0.0,100.0,0.0,75.0,25.0,100.0,0.0,100.0,0.0,95.0,11289.0,25.0,25.0,100.0,0.0,100.0,0.0,200.0,0.0,100.0,28757.0,100.0,47950972752.0,100.0,134672071378.0
2019-03-10,Z304LA3D,ST4000DM000,4000787030016,0,119.0,207683280.0,95.0,0.0,100.0,5.0,99.0,1712.0,86.0,434227681.0,67.0,28947.0,100.0,0.0,100.0,5.0,100.0,0.0,100.0,0.0,93.0,7.0,100.0,0.0,100.0,0.0,76.0,24.0,100.0,0.0,100.0,0.0,95.0,11289.0,24.0,24.0,100.0,0.0,100.0,0.0,200.0,0.0,100.0,28781.0,100.0,47962530696.0,100.0,134835677831.0
2019-03-11,Z304LA3D,ST4000DM000,4000787030016,0,117.0,129342752.0,95.0,0.0,100.0,5.0,99.0,1712.0,86.0,435749189.0,67.0,28971.0,100.0,0.0,100.0,5.0,100.0,0.0,100.0,0.0,93.0,7.0,100.0,0.0,100.0,0.0,76.0,24.0,100.0,0.0,100.0,0.0,95.0,11289.0,24.0,24.0,100.0,0.0,100.0,0.0,200.0,0.0,100.0,28805.0,100.0,47981872048.0,100.0,135000193952.0
2019-03-12,Z304LA3D,ST4000DM000,4000787030016,0,117.0,166367408.0,95.0,0.0,100.0,5.0,99.0,1712.0,86.0,437264903.0,67.0,28995.0,100.0,0.0,100.0,5.0,100.0,0.0,100.0,0.0,93.0,7.0,100.0,0.0,100.0,0.0,75.0,25.0,100.0,0.0,100.0,0.0,95.0,11289.0,25.0,25.0,100.0,0.0,100.0,0.0,200.0,0.0,100.0,28829.0,100.0,47995519328.0,100.0,135166791317.0
2019-03-13,Z304LA3D,ST4000DM000,4000787030016,0,107.0,178492264.0,95.0,0.0,100.0,5.0,99.0,1760.0,86.0,439049948.0,67.0,29019.0,100.0,0.0,100.0,5.0,100.0,0.0,100.0,0.0,93.0,7.0,100.0,0.0,100.0,0.0,77.0,23.0,100.0,0.0,100.0,0.0,95.0,11289.0,23.0,23.0,100.0,0.0,100.0,0.0,200.0,0.0,100.0,28853.0,100.0,48013354752.0,100.0,135322746269.0
2019-03-14,Z304LA3D,ST4000DM000,4000787030016,0,117.0,120377280.0,95.0,0.0,100.0,5.0,99.0,1760.0,86.0,440097262.0,67.0,29043.0,100.0,0.0,100.0,5.0,100.0,0.0,100.0,0.0,93.0,7.0,100.0,0.0,100.0,0.0,76.0,24.0,100.0,0.0,100.0,0.0,95.0,11289.0,24.0,24.0,100.0,0.0,100.0,0.0,200.0,0.0,100.0,28877.0,100.0,48045391344.0,100.0,135450614840.0
2019-03-15,Z304LA3D,ST4000DM000,4000787030016,0,111.0,40929600.0,95.0,0.0,100.0,5.0,99.0,1792.0,86.0,441948775.0,67.0,29067.0,100.0,0.0,100.0,5.0,100.0,0.0,100.0,0.0,93.0,7.0,100.0,0.0,100.0,0.0,76.0,24.0,100.0,0.0,100.0,0.0,95.0,11289.0,24.0,24.0,100.0,0.0,100.0,0.0,200.0,0.0,100.0,28901.0,100.0,48081229704.0,100.0,135545604471.0
2019-03-16,Z304LA3D,ST4000DM000,4000787030016,0,118.0,185235016.0,95.0,0.0,100.0,5.0,99.0,1792.0,86.0,444074458.0,67.0,29090.0,100.0,0.0,100.0,5.0,100.0,0.0,100.0,0.0,93.0,7.0,100.0,0.0,100.0,0.0,76.0,24.0,100.0,0.0,100.0,0.0,95.0,11289.0,24.0,24.0,100.0,0.0,100.0,0.0,200.0,0.0,100.0,28925.0,100.0,48096088120.0,100.0,135688725847.0
2019-03-17,Z304LA3D,ST4000DM000,4000787030016,0,117.0,147778384.0,95.0,0.0,100.0,5.0,99.0,1792.0,86.0,445038163.0,67.0,29114.0,100.0,0.0,100.0,5.0,100.0,0.0,100.0,0.0,93.0,7.0,100.0,0.0,100.0,0.0,77.0,23.0,100.0,0.0,100.0,0.0,95.0,11289.0,23.0,23.0,100.0,0.0,100.0,0.0,200.0,0.0,100.0,28948.0,100.0,48109348016.0,100.0,135830665005.0
2019-03-18,Z304LA3D,ST4000DM000,4000787030016,0,117.0,162045512.0,95.0,0.0,100.0,5.0,99.0,1792.0,86.0,446111791.0,67.0,29138.0,100.0,0.0,100.0,5.0,100.0,0.0,100.0,0.0,93.0,7.0,100.0,0.0,100.0,0.0,76.0,24.0,100.0,0.0,100.0,0.0,95.0,11289.0,24.0,24.0,100.0,0.0,100.0,0.0,200.0,0.0,100.0,28972.0,100.0,48125085472.0,100.0,135971707198.0
2019-03-19,Z304LA3D,ST4000DM000,4000787030016,0,112.0,42624256.0,95.0,0.0,100.0,5.0,99.0,1800.0,86.0,447332700.0,67.0,29162.0,100.0,0.0,100.0,5.0,100.0,0.0,100.0,0.0,93.0,7.0,100.0,0.0,100.0,0.0,77.0,23.0,100.0,0.0,100.0,0.0,95.0,11289.0,23.0,23.0,100.0,0.0,100.0,0.0,200.0,0.0,100.0,28996.0,100.0,48144971272.0,100.0,136104758926.0
2019-03-20,Z304LA3D,ST4000DM000,4000787030016,0,117.0,156433208.0,95.0,0.0,100.0,5.0,99.0,1800.0,86.0,449507148.0,67.0,29186.0,100.0,0.0,100.0,5.0,100.0,0.0,100.0,0.0,93.0,7.0,100.0,0.0,100.0,0.0,76.0,24.0,100.0,0.0,100.0,0.0,95.0,11289.0,24.0,24.0,100.0,0.0,100.0,0.0,200.0,0.0,100.0,29020.0,100.0,48166961744.0,100.0,136247907908.0
2019-03-21,Z304LA3D,ST4000DM000,4000787030016,0,116.0,107473488.0,95.0,0.0,100.0,5.0,99.0,1800.0,86.0,451148842.0,67.0,29222.0,100.0,0.0,100.0,5.0,100.0,0.0,100.0,0.0,93.0,7.0,100.0,0.0,100.0,0.0,76.0,24.0,100.0,0.0,100.0,0.0,95.0,11289.0,24.0,24.0,100.0,0.0,100.0,0.0,200.0,0.0,100.0,29056.0,100.0,48193289800.0,100.0,136442613185.0
2019-03-22,Z304LA3D,ST4000DM000,4000787030016,0,112.0,50316816.0,95.0,0.0,100.0,5.0,99.0,1800.0,86.0,452802240.0,67.0,29246.0,100.0,0.0,100.0,5.0,100.0,0.0,100.0,0.0,93.0,7.0,100.0,0.0,100.0,0.0,76.0,24.0,100.0,0.0,100.0,0.0,95.0,11289.0,24.0,24.0,100.0,0.0,100.0,0.0,200.0,0.0,100.0,29080.0,100.0,48216481960.0,100.0,136519276760.0
2019-03-23,Z304LA3D,ST4000DM000,4000787030016,0,118.0,188327096.0,95.0,0.0,100.0,5.0,99.0,1800.0,86.0,454015119.0,67.0,29270.0,100.0,0.0,100.0,5.0,100.0,0.0,100.0,0.0,93.0,7.0,100.0,0.0,100.0,0.0,75.0,25.0,100.0,0.0,100.0,0.0,95.0,11289.0,25.0,25.0,100.0,0.0,100.0,0.0,200.0,0.0,100.0,29104.0,100.0,48235010952.0,100.0,136650890573.0
2019-03-24,Z304LA3D,ST4000DM000,4000787030016,0,116.0,101801088.0,95.0,0.0,100.0,5.0,99.0,1800.0,86.0,455275315.0,67.0,29293.0,100.0,0.0,100.0,5.0,100.0,0.0,100.0,0.0,93.0,7.0,100.0,0.0,100.0,0.0,76.0,24.0,100.0,0.0,100.0,0.0,95.0,11289.0,24.0,24.0,100.0,0.0,100.0,0.0,200.0,0.0,100.0,29128.0,100.0,48249722384.0,100.0,136833487629.0
2019-03-25,Z304LA3D,ST4000DM000,4000787030016,0,108.0,14957880.0,95.0,0.0,100.0,5.0,99.0,1800.0,86.0,457485892.0,67.0,29317.0,100.0,0.0,100.0,5.0,100.0,0.0,100.0,0.0,93.0,7.0,100.0,0.0,100.0,0.0,77.0,23.0,100.0,0.0,100.0,0.0,95.0,11289.0,23.0,23.0,100.0,0.0,100.0,0.0,200.0,0.0,100.0,29152.0,100.0,48267058168.0,100.0,137003655181.0
2019-03-26,Z304LA3D,ST4000DM000,4000787030016,0,117.0,166990184.0,94.0,0.0,100.0,6.0,99.0,1800.0,86.0,457951838.0,67.0,29330.0,100.0,0.0,100.0,6.0,100.0,0.0,100.0,0.0,93.0,7.0,100.0,0.0,100.0,0.0,76.0,24.0,100.0,0.0,100.0,0.0,95.0,11293.0,24.0,24.0,100.0,0.0,100.0,0.0,200.0,0.0,100.0,29164.0,100.0,48279744472.0,100.0,137051385300.0
2019-03-27,Z304LA3D,ST4000DM000,4000787030016,0,119.0,224725104.0,94.0,0.0,100.0,6.0,99.0,1800.0,86.0,459860265.0,67.0,29353.0,100.0,0.0,100.0,6.0,100.0,0.0,100.0,0.0,93.0,7.0,100.0,0.0,100.0,0.0,76.0,24.0,100.0,0.0,100.0,0.0,95.0,11293.0,24.0,24.0,100.0,0.0,100.0,0.0,200.0,0.0,100.0,29188.0,100.0,48328707432.0,100.0,137227692077.0
2019-03-28,Z304LA3D,ST4000DM000,4000787030016,0,116.0,107263640.0,94.0,0.0,100.0,6.0,99.0,1800.0,86.0,460545657.0,67.0,29377.0,100.0,0.0,100.0,6.0,100.0,0.0,100.0,0.0,93.0,7.0,100.0,0.0,100.0,0.0,76.0,24.0,100.0,0.0,100.0,0.0,95.0,11293.0,24.0,24.0,100.0,0.0,100.0,0.0,200.0,0.0,100.0,29211.0,100.0,48343223152.0,100.0,137386752997.0
2019-03-29,Z304LA3D,ST4000DM000,4000787030016,0,117.0,130259344.0,94.0,0.0,100.0,6.0,99.0,1800.0,86.0,462349807.0,67.0,29401.0,100.0,0.0,100.0,6.0,100.0,0.0,100.0,0.0,93.0,7.0,100.0,0.0,100.0,0.0,76.0,24.0,100.0,0.0,100.0,0.0,95.0,11293.0,24.0,24.0,100.0,0.0,100.0,0.0,200.0,0.0,100.0,29235.0,100.0,48379969992.0,100.0,137511494020.0
2019-03-30,Z304LA3D,ST4000DM000,4000787030016,0,115.0,93102864.0,94.0,0.0,100.0,6.0,98.0,1824.0,86.0,463020176.0,67.0,29425.0,100.0,0.0,100.0,6.0,100.0,0.0,100.0,0.0,93.0,7.0,100.0,0.0,100.0,0.0,76.0,24.0,100.0,0.0,100.0,0.0,95.0,11293.0,24.0,24.0,100.0,0.0,100.0,0.0,200.0,0.0,100.0,29259.0,100.0,48414181984.0,100.0,137670835141.0
2019-03-31,Z304LA3D,ST4000DM000,4000787030016,0,119.0,221340392.0,94.0,0.0,100.0,6.0,98.0,1824.0,86.0,463882571.0,67.0,29449.0,100.0,0.0,100.0,6.0,100.0,0.0,100.0,0.0,93.0,7.0,100.0,0.0,100.0,0.0,76.0,24.0,100.0,0.0,100.0,0.0,95.0,11294.0,24.0,24.0,100.0,0.0,100.0,0.0,200.0,0.0,100.0,29283.0,100.0,48428735520.0,100.0,137905585330.0
2019-04-01,Z304LA3D,ST4000DM000,4000787030016,0,112.0,45801552.0,94.0,0.0,100.0,6.0,98.0,1824.0,86.0,464471303.0,67.0,29472.0,100.0,0.0,100.0,6.0,100.0,0.0,100.0,0.0,93.0,7.0,100.0,0.0,100.0,0.0,77.0,23.0,100.0,0.0,100.0,0.0,95.0,11294.0,23.0,23.0,100.0,0.0,100.0,0.0,200.0,0.0,100.0,29307.0,100.0,48442686392.0,100.0,138068151098.0
2019-04-02,Z304LA3D,ST4000DM000,4000787030016,0,115.0,96437840.0,94.0,0.0,100.0,6.0,98.0,1824.0,86.0,465241715.0,67.0,29496.0,100.0,0.0,100.0,6.0,100.0,0.0,100.0,0.0,93.0,7.0,100.0,0.0,100.0,0.0,77.0,23.0,100.0,0.0,100.0,0.0,95.0,11294.0,23.0,23.0,100.0,0.0,100.0,0.0,200.0,0.0,100.0,29331.0,100.0,48458527160.0,100.0,138213731810.0
2019-04-03,Z304LA3D,ST4000DM000,4000787030016,0,117.0,120647112.0,94.0,0.0,100.0,6.0,98.0,1824.0,86.0,467376784.0,67.0,29520.0,100.0,0.0,100.0,6.0,100.0,0.0,100.0,0.0,93.0,7.0,100.0,0.0,100.0,0.0,76.0,24.0,100.0,0.0,100.0,0.0,95.0,11294.0,24.0,24.0,100.0,0.0,100.0,0.0,200.0,0.0,100.0,29354.0,100.0,48481392896.0,100.0,138396195939.0
2019-04-04,Z304LA3D,ST4000DM000,4000787030016,0,120.0,1207696.0,94.0,0.0,100.0,6.0,98.0,1824.0,86.0,468753425.0,67.0,29556.0,100.0,0.0,100.0,6.0,100.0,0.0,100.0,0.0,93.0,7.0,100.0,0.0,100.0,0.0,77.0,23.0,100.0,0.0,100.0,0.0,95.0,11297.0,23.0,23.0,100.0,0.0,100.0,0.0,200.0,0.0,100.0,29390.0,100.0,48497983000.0,100.0,138607252499.0
2019-04-05,Z304LA3D,ST4000DM000,4000787030016,0,117.0,120214376.0,94.0,0.0,100.0,6.0,98.0,1824.0,87.0,470956404.0,67.0,29580.0,100.0,0.0,100.0,6.0,100.0,0.0,100.0,0.0,93.0,7.0,100.0,0.0,100.0,0.0,76.0,24.0,100.0,0.0,100.0,0.0,95.0,11297.0,24.0,24.0,100.0,0.0,100.0,0.0,200.0,0.0,100.0,29414.0,100.0,48514252232.0,100.0,138724834547.0
2019-04-06,Z304LA3D,ST4000DM000,4000787030016,0,116.0,112922280.0,94.0,0.0,100.0,6.0,98.0,1824.0,87.0,472251244.0,67.0,29604.0,100.0,0.0,100.0,6.0,100.0,0.0,100.0,0.0,93.0,7.0,100.0,0.0,100.0,0.0,76.0,24.0,100.0,0.0,100.0,0.0,95.0,11297.0,24.0,24.0,100.0,0.0,100.0,0.0,200.0,0.0,100.0,29438.0,100.0,48531202736.0,100.0,138881644842.0
2019-04-07,Z304LA3D,ST4000DM000,4000787030016,0,118.0,194659312.0,94.0,0.0,100.0,6.0,98.0,1824.0,87.0,473636540.0,67.0,29628.0,100.0,0.0,100.0,6.0,100.0,0.0,100.0,0.0,93.0,7.0,100.0,0.0,100.0,0.0,77.0,23.0,100.0,0.0,100.0,0.0,95.0,11297.0,23.0,23.0,100.0,0.0,100.0,0.0,200.0,0.0,100.0,29462.0,100.0,48541889312.0,100.0,139051275441.0
2019-04-08,Z304LA3D,ST4000DM000,4000787030016,0,113.0,50561296.0,94.0,0.0,100.0,6.0,98.0,1824.0,87.0,475177056.0,67.0,29652.0,100.0,0.0,100.0,6.0,100.0,0.0,100.0,0.0,93.0,7.0,100.0,0.0,100.0,0.0,77.0,23.0,100.0,0.0,100.0,0.0,95.0,11297.0,23.0,23.0,100.0,0.0,100.0,0.0,200.0,0.0,100.0,29486.0,100.0,48557977528.0,100.0,139197025415.0
2019-04-09,Z304LA3D,ST4000DM000,4000787030016,0,102.0,155306728.0,94.0,0.0,100.0,6.0,98.0,1904.0,87.0,477187062.0,67.0,29676.0,100.0,0.0,100.0,6.0,100.0,0.0,100.0,0.0,93.0,7.0,100.0,0.0,100.0,0.0,77.0,23.0,100.0,0.0,100.0,0.0,95.0,11297.0,23.0,23.0,100.0,0.0,100.0,0.0,200.0,0.0,100.0,29510.0,100.0,48581302936.0,100.0,139343023217.0
2019-04-10,Z304LA3D,ST4000DM000,4000787030016,0,113.0,53303536.0,94.0,0.0,100.0,6.0,98.0,1904.0,87.0,478201259.0,67.0,29700.0,100.0,0.0,100.0,6.0,100.0,0.0,100.0,0.0,93.0,7.0,100.0,0.0,100.0,0.0,77.0,23.0,100.0,0.0,100.0,0.0,95.0,11297.0,23.0,23.0,100.0,0.0,100.0,0.0,200.0,0.0,100.0,29534.0,100.0,48597068968.0,100.0,139482387437.0
2019-04-11,Z304LA3D,ST4000DM000,4000787030016,0,111.0,36821264.0,94.0,0.0,100.0,6.0,98.0,1904.0,87.0,478698616.0,67.0,29712.0,100.0,0.0,100.0,6.0,100.0,0.0,100.0,0.0,93.0,7.0,100.0,0.0,100.0,0.0,77.0,23.0,100.0,0.0,100.0,0.0,95.0,11297.0,23.0,23.0,100.0,0.0,100.0,0.0,200.0,0.0,100.0,29546.0,100.0,48602001704.0,100.0,139549004081.0
2019-04-12,Z304LA3D,ST4000DM000,4000787030016,0,118.0,186582664.0,94.0,0.0,100.0,6.0,98.0,1904.0,87.0,480557848.0,67.0,29736.0,100.0,0.0,100.0,6.0,100.0,0.0,100.0,0.0,93.0,7.0,100.0,0.0,100.0,0.0,77.0,23.0,100.0,0.0,100.0,0.0,95.0,11299.0,23.0,23.0,100.0,0.0,100.0,0.0,200.0,0.0,100.0,29570.0,100.0,48615380936.0,100.0,139669252145.0
2019-04-13,Z304LA3D,ST4000DM000,4000787030016,0,112.0,43837584.0,94.0,0.0,100.0,6.0,98.0,1904.0,87.0,481508403.0,67.0,29759.0,100.0,0.0,100.0,6.0,100.0,0.0,100.0,0.0,93.0,7.0,100.0,0.0,100.0,0.0,76.0,24.0,100.0,0.0,100.0,0.0,95.0,11299.0,24.0,24.0,100.0,0.0,100.0,0.0,200.0,0.0,100.0,29593.0,100.0,48623769720.0,100.0,139798737694.0
2019-04-14,Z304LA3D,ST4000DM000,4000787030016,0,120.0,240652160.0,94.0,0.0,100.0,6.0,98.0,1904.0,87.0,482524611.0,67.0,29783.0,100.0,0.0,100.0,6.0,100.0,0.0,100.0,0.0,93.0,7.0,100.0,0.0,100.0,0.0,76.0,24.0,100.0,0.0,100.0,0.0,95.0,11299.0,24.0,24.0,100.0,0.0,100.0,0.0,200.0,0.0,100.0,29617.0,100.0,48634384744.0,100.0,139916161388.0
2019-04-15,Z304LA3D,ST4000DM000,4000787030016,0,119.0,214697680.0,94.0,0.0,100.0,6.0,98.0,1904.0,87.0,483503517.0,66.0,29807.0,100.0,0.0,100.0,6.0,100.0,0.0,100.0,0.0,93.0,7.0,100.0,0.0,100.0,0.0,76.0,24.0,100.0,0.0,100.0,0.0,95.0,11299.0,24.0,24.0,100.0,0.0,100.0,0.0,200.0,0.0,100.0,29641.0,100.0,48653238280.0,100.0,140045168919.0
2019-04-16,Z304LA3D,ST4000DM000,4000787030016,0,119.0,207884888.0,94.0,0.0,100.0,6.0,98.0,1904.0,87.0,485522691.0,66.0,29830.0,100.0,0.0,100.0,6.0,100.0,0.0,100.0,0.0,93.0,7.0,100.0,0.0,100.0,0.0,76.0,24.0,100.0,0.0,100.0,0.0,95.0,11299.0,24.0,24.0,100.0,0.0,100.0,0.0,200.0,0.0,100.0,29664.0,100.0,48669361344.0,100.0,140188958315.0
2019-04-17,Z304LA3D,ST4000DM000,4000787030016,0,115.0,87919560.0,94.0,0.0,100.0,6.0,98.0,1904.0,87.0,488345680.0,66.0,29866.0,100.0,0.0,100.0,6.0,100.0,0.0,100.0,0.0,93.0,7.0,100.0,0.0,100.0,0.0,76.0,24.0,100.0,0.0,100.0,0.0,95.0,11301.0,24.0,24.0,100.0,0.0,100.0,0.0,200.0,0.0,100.0,29700.0,100.0,48687074576.0,100.0,140468406088.0
2019-04-18,Z304LA3D,ST4000DM000,4000787030016,0,119.0,221251672.0,94.0,0.0,100.0,6.0,98.0,1904.0,87.0,489226537.0,66.0,29890.0,100.0,0.0,100.0,6.0,100.0,0.0,100.0,0.0,93.0,7.0,100.0,0.0,100.0,0.0,76.0,24.0,100.0,0.0,100.0,0.0,95.0,11301.0,24.0,24.0,100.0,0.0,100.0,0.0,200.0,0.0,100.0,29724.0,100.0,48696476432.0,100.0,140581179451.0
2019-04-19,Z304LA3D,ST4000DM000,4000787030016,0,111.0,36808640.0,94.0,0.0,100.0,6.0,98.0,1904.0,87.0,491062512.0,66.0,29913.0,100.0,0.0,100.0,6.0,100.0,0.0,100.0,0.0,93.0,7.0,100.0,0.0,100.0,0.0,76.0,24.0,100.0,0.0,100.0,0.0,95.0,11302.0,24.0,24.0,100.0,0.0,100.0,0.0,200.0,0.0,100.0,29747.0,100.0,48713638752.0,100.0,140682380972.0
2019-04-20,Z304LA3D,ST4000DM000,4000787030016,0,115.0,97978992.0,94.0,0.0,100.0,6.0,98.0,1904.0,87.0,491789615.0,66.0,29937.0,100.0,0.0,100.0,6.0,100.0,0.0,100.0,0.0,93.0,7.0,100.0,0.0,100.0,0.0,76.0,24.0,100.0,0.0,100.0,0.0,95.0,11302.0,24.0,24.0,100.0,0.0,100.0,0.0,200.0,0.0,100.0,29771.0,100.0,48725762808.0,100.0,140764741314.0
2019-04-21,Z304LA3D,ST4000DM000,4000787030016,0,114.0,70768000.0,94.0,0.0,100.0,6.0,98.0,1904.0,87.0,492616651.0,66.0,29961.0,100.0,0.0,100.0,6.0,100.0,0.0,100.0,0.0,93.0,7.0,100.0,0.0,100.0,0.0,75.0,25.0,100.0,0.0,100.0,0.0,95.0,11302.0,25.0,25.0,100.0,0.0,100.0,0.0,200.0,0.0,100.0,29795.0,100.0,48741683368.0,100.0,140853421190.0
2019-04-22,Z304LA3D,ST4000DM000,4000787030016,0,119.0,232076336.0,94.0,0.0,100.0,6.0,98.0,1904.0,87.0,493310324.0,66.0,29985.0,100.0,0.0,100.0,6.0,100.0,0.0,100.0,0.0,93.0,7.0,100.0,0.0,100.0,0.0,76.0,24.0,100.0,0.0,100.0,0.0,95.0,11302.0,24.0,24.0,100.0,0.0,100.0,0.0,200.0,0.0,100.0,29819.0,100.0,48753253392.0,100.0,140925405144.0
2019-04-23,Z304LA3D,ST4000DM000,4000787030016,0,119.0,218131096.0,94.0,0.0,100.0,6.0,98.0,1904.0,87.0,495322298.0,66.0,30009.0,100.0,0.0,100.0,6.0,100.0,0.0,100.0,0.0,93.0,7.0,100.0,0.0,100.0,0.0,76.0,24.0,100.0,0.0,100.0,0.0,95.0,11302.0,24.0,24.0,100.0,0.0,100.0,0.0,200.0,0.0,100.0,29843.0,100.0,48767913016.0,100.0,141043655333.0
2019-04-24,Z304LA3D,ST4000DM000,4000787030016,0,119.0,203301608.0,94.0,0.0,100.0,6.0,98.0,1904.0,87.0,495937808.0,66.0,30033.0,100.0,0.0,100.0,6.0,100.0,0.0,100.0,0.0,93.0,7.0,100.0,0.0,100.0,0.0,76.0,24.0,100.0,0.0,100.0,0.0,95.0,11303.0,24.0,24.0,100.0,0.0,100.0,0.0,200.0,0.0,100.0,29867.0,100.0,48776497936.0,100.0,141108747042.0
2019-04-25,Z304LA3D,ST4000DM000,4000787030016,0,117.0,155821016.0,94.0,0.0,100.0,6.0,98.0,1904.0,87.0,496914505.0,66.0,30056.0,100.0,0.0,100.0,6.0,100.0,0.0,100.0,0.0,93.0,7.0,100.0,0.0,100.0,0.0,77.0,23.0,100.0,0.0,100.0,0.0,95.0,11303.0,23.0,23.0,100.0,0.0,100.0,0.0,200.0,0.0,100.0,29890.0,100.0,48786381896.0,100.0,141228268498.0
2019-04-26,Z304LA3D,ST4000DM000,4000787030016,0,120.0,239632760.0,94.0,0.0,100.0,6.0,98.0,1904.0,87.0,499525929.0,66.0,30080.0,100.0,0.0,100.0,6.0,100.0,0.0,100.0,0.0,93.0,7.0,100.0,0.0,100.0,0.0,77.0,23.0,100.0,0.0,100.0,0.0,95.0,11303.0,23.0,23.0,100.0,0.0,100.0,0.0,200.0,0.0,100.0,29914.0,100.0,48813430656.0,100.0,141323537526.0
2019-04-27,Z304LA3D,ST4000DM000,4000787030016,0,112.0,44894040.0,94.0,0.0,100.0,6.0,98.0,1904.0,87.0,500355180.0,66.0,30104.0,100.0,0.0,100.0,6.0,100.0,0.0,100.0,0.0,93.0,7.0,100.0,0.0,100.0,0.0,77.0,23.0,100.0,0.0,100.0,0.0,95.0,11303.0,23.0,23.0,100.0,0.0,100.0,0.0,200.0,0.0,100.0,29938.0,100.0,48821215848.0,100.0,141412063107.0
2019-04-28,Z304LA3D,ST4000DM000,4000787030016,0,108.0,15838032.0,94.0,0.0,100.0,6.0,98.0,1904.0,87.0,500937786.0,66.0,30128.0,100.0,0.0,100.0,6.0,100.0,0.0,100.0,0.0,93.0,7.0,100.0,0.0,100.0,0.0,76.0,24.0,100.0,0.0,100.0,0.0,95.0,11303.0,24.0,24.0,100.0,0.0,100.0,0.0,200.0,0.0,100.0,29962.0,100.0,48834883776.0,100.0,141462402917.0
2019-04-29,Z304LA3D,ST4000DM000,4000787030016,0,117.0,154050960.0,94.0,0.0,100.0,6.0,98.0,1904.0,87.0,501805933.0,66.0,30151.0,100.0,0.0,100.0,6.0,100.0,0.0,100.0,0.0,93.0,7.0,100.0,0.0,100.0,0.0,77.0,23.0,100.0,0.0,100.0,0.0,95.0,11303.0,23.0,23.0,100.0,0.0,100.0,0.0,200.0,0.0,100.0,29985.0,100.0,48844760368.0,100.0,141549092010.0
2019-04-30,Z304LA3D,ST4000DM000,4000787030016,0,117.0,134808664.0,94.0,0.0,100.0,6.0,98.0,1904.0,87.0,503329846.0,66.0,30175.0,100.0,0.0,100.0,6.0,100.0,0.0,100.0,0.0,93.0,7.0,100.0,0.0,100.0,0.0,76.0,24.0,100.0,0.0,100.0,0.0,95.0,11303.0,24.0,24.0,100.0,0.0,100.0,0.0,200.0,0.0,100.0,30009.0,100.0,48859079824.0,100.0,141613339744.0
2019-05-01,Z304LA3D,ST4000DM000,4000787030016,0,118.0,186267032.0,94.0,0.0,100.0,6.0,98.0,1904.0,87.0,504106563.0,66.0,30199.0,100.0,0.0,100.0,6.0,100.0,0.0,100.0,0.0,93.0,7.0,100.0,0.0,100.0,0.0,76.0,24.0,100.0,0.0,100.0,0.0,95.0,11303.0,24.0,24.0,100.0,0.0,100.0,0.0,200.0,0.0,100.0,30033.0,100.0,48879466432.0,100.0,141665407871.0
2019-05-02,Z304LA3D,ST4000DM000,4000787030016,0,117.0,158707576.0,94.0,0.0,100.0,6.0,98.0,1904.0,87.0,504827964.0,66.0,30223.0,100.0,0.0,100.0,6.0,100.0,0.0,100.0,0.0,93.0,7.0,100.0,0.0,100.0,0.0,76.0,24.0,100.0,0.0,100.0,0.0,95.0,11305.0,24.0,24.0,100.0,0.0,100.0,0.0,200.0,0.0,100.0,30057.0,100.0,48910031632.0,100.0,141717955968.0
2019-05-03,Z304LA3D,ST4000DM000,4000787030016,0,119.0,233458536.0,94.0,0.0,100.0,6.0,98.0,1904.0,87.0,506529795.0,66.0,30247.0,100.0,0.0,100.0,6.0,100.0,0.0,100.0,0.0,93.0,7.0,100.0,0.0,100.0,0.0,76.0,24.0,100.0,0.0,100.0,0.0,95.0,11305.0,24.0,24.0,100.0,0.0,100.0,0.0,200.0,0.0,100.0,30081.0,100.0,48951214480.0,100.0,141765393079.0
2019-05-04,Z304LA3D,ST4000DM000,4000787030016,0,118.0,177801920.0,94.0,0.0,100.0,6.0,98.0,1904.0,87.0,507389274.0,66.0,30271.0,100.0,0.0,100.0,6.0,100.0,0.0,100.0,0.0,93.0,7.0,100.0,0.0,100.0,0.0,76.0,24.0,100.0,0.0,100.0,0.0,95.0,11305.0,24.0,24.0,100.0,0.0,100.0,0.0,200.0,0.0,100.0,30105.0,100.0,48962779560.0,100.0,141860845400.0
2019-05-05,Z304LA3D,ST4000DM000,4000787030016,0,117.0,156521752.0,94.0,0.0,100.0,6.0,98.0,1904.0,87.0,508569429.0,66.0,30295.0,100.0,0.0,100.0,6.0,100.0,0.0,100.0,0.0,93.0,7.0,100.0,0.0,100.0,0.0,76.0,24.0,100.0,0.0,100.0,0.0,95.0,11305.0,24.0,24.0,100.0,0.0,100.0,0.0,200.0,0.0,100.0,30129.0,100.0,48972674408.0,100.0,141982558965.0
2019-05-06,Z304LA3D,ST4000DM000,4000787030016,0,114.0,80297072.0,94.0,0.0,100.0,6.0,98.0,1904.0,87.0,511568714.0,66.0,30318.0,100.0,0.0,100.0,6.0,100.0,0.0,100.0,0.0,93.0,7.0,100.0,0.0,100.0,0.0,76.0,24.0,100.0,0.0,100.0,0.0,95.0,11305.0,24.0,24.0,100.0,0.0,100.0,0.0,200.0,0.0,100.0,30152.0,100.0,48987224464.0,100.0,142141193285.0
2019-05-07,Z304LA3D,ST4000DM000,4000787030016,0,119.0,352832.0,94.0,0.0,100.0,6.0,98.0,1904.0,87.0,513534978.0,66.0,30342.0,100.0,0.0,100.0,6.0,100.0,0.0,100.0,0.0,93.0,7.0,100.0,0.0,100.0,0.0,75.0,25.0,100.0,0.0,100.0,0.0,95.0,11305.0,25.0,25.0,100.0,0.0,100.0,0.0,200.0,0.0,100.0,30176.0,100.0,49006414488.0,100.0,142277870066.0
2019-05-08,Z304LA3D,ST4000DM000,4000787030016,0,116.0,108970368.0,94.0,0.0,100.0,6.0,98.0,1904.0,87.0,514696878.0,66.0,30366.0,100.0,0.0,100.0,6.0,100.0,0.0,100.0,0.0,93.0,7.0,100.0,0.0,100.0,0.0,76.0,24.0,100.0,0.0,100.0,0.0,95.0,11305.0,24.0,24.0,100.0,0.0,100.0,0.0,200.0,0.0,100.0,30200.0,100.0,49018930440.0,100.0,142413812400.0
2019-05-09,Z304LA3D,ST4000DM000,4000787030016,0,112.0,45577576.0,94.0,0.0,100.0,6.0,98.0,1904.0,87.0,515322470.0,66.0,30390.0,100.0,0.0,100.0,6.0,100.0,0.0,100.0,0.0,93.0,7.0,100.0,0.0,100.0,0.0,76.0,24.0,100.0,0.0,100.0,0.0,95.0,11308.0,24.0,24.0,100.0,0.0,100.0,0.0,200.0,0.0,100.0,30224.0,100.0,49029914864.0,100.0,142503659424.0
2019-05-10,Z304LA3D,ST4000DM000,4000787030016,0,119.0,234566024.0,94.0,0.0,100.0,6.0,98.0,1904.0,87.0,516879184.0,66.0,30413.0,100.0,0.0,100.0,6.0,100.0,0.0,100.0,0.0,93.0,7.0,100.0,0.0,100.0,0.0,76.0,24.0,100.0,0.0,100.0,0.0,95.0,11308.0,24.0,24.0,100.0,0.0,100.0,0.0,200.0,0.0,100.0,30247.0,100.0,49049339480.0,100.0,142566250221.0
2019-05-11,Z304LA3D,ST4000DM000,4000787030016,0,119.0,227070264.0,94.0,0.0,100.0,6.0,98.0,1904.0,87.0,517683746.0,66.0,30437.0,100.0,0.0,100.0,6.0,100.0,0.0,100.0,0.0,93.0,7.0,100.0,0.0,100.0,0.0,76.0,24.0,100.0,0.0,100.0,0.0,95.0,11308.0,24.0,24.0,100.0,0.0,100.0,0.0,200.0,0.0,100.0,30271.0,100.0,49064501648.0,100.0,142676176048.0
2019-05-12,Z304LA3D,ST4000DM000,4000787030016,0,119.0,220975496.0,94.0,0.0,100.0,6.0,98.0,1904.0,87.0,518448887.0,66.0,30461.0,100.0,0.0,100.0,6.0,100.0,0.0,100.0,0.0,93.0,7.0,100.0,0.0,100.0,0.0,76.0,24.0,100.0,0.0,100.0,0.0,95.0,11308.0,24.0,24.0,100.0,0.0,100.0,0.0,200.0,0.0,100.0,30295.0,100.0,49074114200.0,100.0,142786483219.0
2019-05-13,Z304LA3D,ST4000DM000,4000787030016,0,117.0,120293624.0,94.0,0.0,100.0,6.0,98.0,1904.0,87.0,519091853.0,66.0,30484.0,100.0,0.0,100.0,6.0,100.0,0.0,100.0,0.0,93.0,7.0,100.0,0.0,100.0,0.0,76.0,24.0,100.0,0.0,100.0,0.0,95.0,11308.0,24.0,24.0,100.0,0.0,100.0,0.0,200.0,0.0,100.0,30318.0,100.0,49086052832.0,100.0,142869806109.0
2019-05-14,Z304LA3D,ST4000DM000,4000787030016,0,116.0,104436232.0,94.0,0.0,100.0,6.0,98.0,1904.0,87.0,520479887.0,66.0,30508.0,100.0,0.0,100.0,6.0,100.0,0.0,100.0,0.0,93.0,7.0,100.0,0.0,100.0,0.0,76.0,24.0,100.0,0.0,100.0,0.0,95.0,11308.0,24.0,24.0,100.0,0.0,100.0,0.0,200.0,0.0,100.0,30342.0,100.0,49102531312.0,100.0,143014176953.0
2019-05-15,Z304LA3D,ST4000DM000,4000787030016,0,117.0,140836056.0,94.0,0.0,100.0,6.0,98.0,1904.0,87.0,522148239.0,66.0,30532.0,100.0,0.0,100.0,6.0,100.0,0.0,100.0,0.0,93.0,7.0,100.0,0.0,100.0,0.0,75.0,25.0,100.0,0.0,100.0,0.0,95.0,11308.0,25.0,25.0,100.0,0.0,100.0,0.0,200.0,0.0,100.0,30366.0,100.0,49133956408.0,100.0,143156997825.0
2019-05-16,Z304LA3D,ST4000DM000,4000787030016,0,117.0,129470880.0,94.0,0.0,100.0,6.0,98.0,1904.0,87.0,523065237.0,66.0,30556.0,100.0,0.0,100.0,6.0,100.0,0.0,100.0,0.0,93.0,7.0,100.0,0.0,100.0,0.0,76.0,24.0,100.0,0.0,100.0,0.0,95.0,11309.0,24.0,24.0,100.0,0.0,100.0,0.0,200.0,0.0,100.0,30390.0,100.0,49141790968.0,100.0,143290967828.0
2019-05-17,Z304LA3D,ST4000DM000,4000787030016,0,118.0,180382832.0,94.0,0.0,100.0,6.0,98.0,1904.0,87.0,524763841.0,66.0,30580.0,100.0,0.0,100.0,6.0,100.0,0.0,100.0,0.0,93.0,7.0,100.0,0.0,100.0,0.0,76.0,24.0,100.0,0.0,100.0,0.0,95.0,11311.0,24.0,24.0,100.0,0.0,100.0,0.0,200.0,0.0,100.0,30414.0,100.0,49154226664.0,100.0,143379657582.0
2019-05-18,Z304LA3D,ST4000DM000,4000787030016,0,119.0,203514240.0,94.0,0.0,100.0,6.0,98.0,1904.0,87.0,527076015.0,66.0,30604.0,100.0,0.0,100.0,6.0,100.0,0.0,100.0,0.0,93.0,7.0,100.0,0.0,100.0,0.0,76.0,24.0,100.0,0.0,100.0,0.0,95.0,11311.0,24.0,24.0,100.0,0.0,100.0,0.0,200.0,0.0,100.0,30438.0,100.0,49163868032.0,100.0,143522383373.0
2019-05-19,Z304LA3D,ST4000DM000,4000787030016,0,110.0,27583216.0,94.0,0.0,100.0,6.0,98.0,1904.0,87.0,527773305.0,66.0,30628.0,100.0,0.0,100.0,6.0,100.0,0.0,100.0,0.0,93.0,7.0,100.0,0.0,100.0,0.0,76.0,24.0,100.0,0.0,100.0,0.0,95.0,11311.0,24.0,24.0,100.0,0.0,100.0,0.0,200.0,0.0,100.0,30462.0,100.0,49172943952.0,100.0,143610086606.0
2019-05-20,Z304LA3D,ST4000DM000,4000787030016,0,116.0,102656760.0,94.0,0.0,100.0,6.0,98.0,1904.0,87.0,528399580.0,66.0,30652.0,100.0,0.0,100.0,6.0,100.0,0.0,100.0,0.0,93.0,7.0,100.0,0.0,100.0,0.0,76.0,24.0,100.0,0.0,100.0,0.0,95.0,11311.0,24.0,24.0,100.0,0.0,100.0,0.0,200.0,0.0,100.0,30486.0,100.0,49188477736.0,100.0,143670062223.0
2019-05-21,Z304LA3D,ST4000DM000,4000787030016,0,118.0,189551528.0,94.0,0.0,100.0,6.0,98.0,1904.0,87.0,529898135.0,65.0,30676.0,100.0,0.0,100.0,6.0,100.0,0.0,100.0,0.0,93.0,7.0,100.0,0.0,100.0,0.0,76.0,24.0,100.0,0.0,100.0,0.0,95.0,11311.0,24.0,24.0,100.0,0.0,100.0,0.0,200.0,0.0,100.0,30510.0,100.0,49208937584.0,100.0,143814031795.0
2019-05-22,Z304LA3D,ST4000DM000,4000787030016,0,119.0,213181576.0,94.0,0.0,100.0,6.0,98.0,1904.0,87.0,531868777.0,65.0,30700.0,100.0,0.0,100.0,6.0,100.0,0.0,100.0,0.0,93.0,7.0,100.0,0.0,100.0,0.0,75.0,25.0,100.0,0.0,100.0,0.0,95.0,11311.0,25.0,25.0,100.0,0.0,100.0,0.0,200.0,0.0,100.0,30534.0,100.0,49225082544.0,100.0,143972872975.0
2019-05-23,Z304LA3D,ST4000DM000,4000787030016,0,117.0,160920216.0,94.0,0.0,100.0,6.0,98.0,1904.0,87.0,532931054.0,65.0,30724.0,100.0,0.0,100.0,6.0,100.0,0.0,100.0,0.0,93.0,7.0,100.0,0.0,100.0,0.0,75.0,25.0,100.0,0.0,100.0,0.0,95.0,11312.0,25.0,25.0,100.0,0.0,100.0,0.0,200.0,0.0,100.0,30558.0,100.0,49234043104.0,100.0,144115142311.0
2019-05-24,Z304LA3D,ST4000DM000,4000787030016,0,119.0,234274928.0,94.0,0.0,100.0,6.0,98.0,1904.0,87.0,534731327.0,65.0,30748.0,100.0,0.0,100.0,6.0,100.0,0.0,100.0,0.0,93.0,7.0,100.0,0.0,100.0,0.0,75.0,25.0,100.0,0.0,100.0,0.0,95.0,11312.0,25.0,25.0,100.0,0.0,100.0,0.0,200.0,0.0,100.0,30582.0,100.0,49250377808.0,100.0,144221263385.0
2019-05-25,Z304LA3D,ST4000DM000,4000787030016,0,117.0,161334144.0,94.0,0.0,100.0,6.0,98.0,1904.0,87.0,535630705.0,65.0,30772.0,100.0,0.0,100.0,6.0,100.0,0.0,100.0,0.0,93.0,7.0,100.0,0.0,100.0,0.0,76.0,24.0,100.0,0.0,100.0,0.0,95.0,11312.0,24.0,24.0,100.0,0.0,100.0,0.0,200.0,0.0,100.0,30606.0,100.0,49263048888.0,100.0,144336832637.0
2019-05-26,Z304LA3D,ST4000DM000,4000787030016,0,117.0,121628968.0,94.0,0.0,100.0,6.0,98.0,1904.0,87.0,536818315.0,65.0,30795.0,100.0,0.0,100.0,6.0,100.0,0.0,100.0,0.0,93.0,7.0,100.0,0.0,100.0,0.0,75.0,25.0,100.0,0.0,100.0,0.0,95.0,11312.0,25.0,25.0,100.0,0.0,100.0,0.0,200.0,0.0,100.0,30629.0,100.0,49275973160.0,100.0,144494143096.0
2019-05-27,Z304LA3D,ST4000DM000,4000787030016,0,102.0,4849928.0,94.0,0.0,100.0,6.0,98.0,1920.0,87.0,537694367.0,65.0,30819.0,100.0,0.0,100.0,6.0,100.0,0.0,100.0,0.0,93.0,7.0,100.0,0.0,100.0,0.0,76.0,24.0,100.0,0.0,100.0,0.0,95.0,11312.0,24.0,24.0,100.0,0.0,100.0,0.0,200.0,0.0,100.0,30653.0,100.0,49286610256.0,100.0,144613391339.0
2019-05-28,Z304LA3D,ST4000DM000,4000787030016,0,109.0,192707088.0,94.0,0.0,100.0,6.0,98.0,1976.0,87.0,538858875.0,65.0,30843.0,100.0,0.0,100.0,6.0,100.0,0.0,100.0,0.0,93.0,7.0,100.0,0.0,100.0,0.0,75.0,25.0,100.0,0.0,100.0,0.0,95.0,11312.0,25.0,25.0,100.0,0.0,100.0,0.0,200.0,0.0,100.0,30677.0,100.0,49301172368.0,100.0,144724899978.0
2019-05-29,Z304LA3D,ST4000DM000,4000787030016,0,117.0,139812456.0,94.0,0.0,100.0,6.0,98.0,2064.0,87.0,540843464.0,65.0,30867.0,100.0,0.0,100.0,6.0,100.0,0.0,100.0,0.0,93.0,7.0,100.0,0.0,100.0,0.0,75.0,25.0,100.0,0.0,100.0,0.0,95.0,11312.0,25.0,25.0,100.0,0.0,100.0,0.0,200.0,0.0,100.0,30701.0,100.0,49314541424.0,100.0,144875274706.0
2019-05-30,Z304LA3D,ST4000DM000,4000787030016,0,117.0,130406576.0,94.0,0.0,100.0,6.0,98.0,2064.0,87.0,541703812.0,65.0,30890.0,100.0,0.0,100.0,6.0,100.0,0.0,100.0,0.0,93.0,7.0,100.0,0.0,100.0,0.0,76.0,24.0,100.0,0.0,100.0,0.0,95.0,11312.0,24.0,24.0,100.0,0.0,100.0,0.0,200.0,0.0,100.0,30724.0,100.0,49326787248.0,100.0,144985969774.0
2019-05-31,Z304LA3D,ST4000DM000,4000787030016,0,115.0,97983448.0,94.0,0.0,100.0,6.0,98.0,2064.0,87.0,543993347.0,65.0,30914.0,100.0,0.0,100.0,6.0,100.0,0.0,100.0,0.0,93.0,7.0,100.0,0.0,100.0,0.0,76.0,24.0,100.0,0.0,100.0,0.0,95.0,11317.0,24.0,24.0,100.0,0.0,100.0,0.0,200.0,0.0,100.0,30748.0,100.0,49342230056.0,100.0,145077096367.0
2019-06-01,Z304LA3D,ST4000DM000,4000787030016,0,114.0,79855248.0,94.0,0.0,100.0,6.0,98.0,2064.0,87.0,545833145.0,65.0,30938.0,100.0,0.0,100.0,6.0,100.0,0.0,100.0,0.0,93.0,7.0,100.0,0.0,100.0,0.0,76.0,24.0,100.0,0.0,100.0,0.0,95.0,11317.0,24.0,24.0,100.0,0.0,100.0,0.0,200.0,0.0,100.0,30772.0,100.0,49355818016.0,100.0,145228203383.0
2019-06-02,Z304LA3D,ST4000DM000,4000787030016,0,114.0,59403800.0,94.0,0.0,100.0,6.0,98.0,2088.0,87.0,546819598.0,65.0,30962.0,100.0,0.0,100.0,6.0,100.0,0.0,100.0,0.0,93.0,7.0,100.0,0.0,100.0,0.0,76.0,24.0,100.0,0.0,100.0,0.0,95.0,11317.0,24.0,24.0,100.0,0.0,100.0,0.0,200.0,0.0,100.0,30796.0,100.0,49366727320.0,100.0,145354570152.0
2019-06-03,Z304LA3D,ST4000DM000,4000787030016,0,115.0,95068144.0,94.0,0.0,100.0,6.0,98.0,2088.0,87.0,547745747.0,65.0,30986.0,100.0,0.0,100.0,6.0,100.0,0.0,100.0,0.0,93.0,7.0,100.0,0.0,100.0,0.0,76.0,24.0,100.0,0.0,100.0,0.0,95.0,11317.0,24.0,24.0,100.0,0.0,100.0,0.0,200.0,0.0,100.0,30820.0,100.0,49382116656.0,100.0,145500328070.0
2019-06-04,Z304LA3D,ST4000DM000,4000787030016,0,111.0,36585544.0,94.0,0.0,100.0,6.0,98.0,2088.0,87.0,548480976.0,65.0,31010.0,100.0,0.0,100.0,6.0,100.0,0.0,100.0,0.0,93.0,7.0,100.0,0.0,100.0,0.0,76.0,24.0,100.0,0.0,100.0,0.0,95.0,11317.0,24.0,24.0,100.0,0.0,100.0,0.0,200.0,0.0,100.0,30844.0,100.0,49395826168.0,100.0,145672259478.0
2019-06-05,Z304LA3D,ST4000DM000,4000787030016,0,119.0,233668600.0,94.0,0.0,100.0,6.0,98.0,2088.0,87.0,550176900.0,65.0,31034.0,100.0,0.0,100.0,6.0,100.0,0.0,100.0,0.0,93.0,7.0,100.0,0.0,100.0,0.0,77.0,23.0,100.0,0.0,100.0,0.0,95.0,11317.0,23.0,23.0,100.0,0.0,100.0,0.0,200.0,0.0,100.0,30868.0,100.0,49414678600.0,100.0,145858817873.0
2019-06-06,Z304LA3D,ST4000DM000,4000787030016,0,118.0,176404200.0,94.0,0.0,100.0,6.0,98.0,2088.0,87.0,550864506.0,65.0,31058.0,100.0,0.0,100.0,6.0,100.0,0.0,100.0,0.0,93.0,7.0,100.0,0.0,100.0,0.0,77.0,23.0,100.0,0.0,100.0,0.0,95.0,11319.0,23.0,23.0,100.0,0.0,100.0,0.0,200.0,0.0,100.0,30892.0,100.0,49430484616.0,100.0,146031154189.0
2019-06-07,Z304LA3D,ST4000DM000,4000787030016,0,117.0,151000408.0,94.0,0.0,100.0,6.0,98.0,2088.0,87.0,552681184.0,65.0,31082.0,100.0,0.0,100.0,6.0,100.0,0.0,100.0,0.0,93.0,7.0,100.0,0.0,100.0,0.0,76.0,24.0,100.0,0.0,100.0,0.0,95.0,11319.0,24.0,24.0,100.0,0.0,100.0,0.0,200.0,0.0,100.0,30916.0,100.0,49449440088.0,100.0,146162882421.0
2019-06-08,Z304LA3D,ST4000DM000,4000787030016,0,109.0,23405064.0,94.0,0.0,100.0,6.0,98.0,2088.0,87.0,553295988.0,65.0,31106.0,100.0,0.0,100.0,6.0,100.0,0.0,100.0,0.0,93.0,7.0,100.0,0.0,100.0,0.0,76.0,24.0,100.0,0.0,100.0,0.0,95.0,11319.0,24.0,24.0,100.0,0.0,100.0,0.0,200.0,0.0,100.0,30940.0,100.0,49461740080.0,100.0,146312951529.0
2019-06-09,Z304LA3D,ST4000DM000,4000787030016,0,113.0,53394936.0,94.0,0.0,100.0,6.0,98.0,2088.0,87.0,553937491.0,65.0,31130.0,100.0,0.0,100.0,6.0,100.0,0.0,100.0,0.0,93.0,7.0,100.0,0.0,100.0,0.0,76.0,24.0,100.0,0.0,100.0,0.0,95.0,11319.0,24.0,24.0,100.0,0.0,100.0,0.0,200.0,0.0,100.0,30964.0,100.0,49479616040.0,100.0,146456666487.0
2019-06-10,Z304LA3D,ST4000DM000,4000787030016,0,116.0,109464632.0,94.0,0.0,100.0,6.0,98.0,2088.0,87.0,554937008.0,65.0,31154.0,100.0,0.0,100.0,6.0,100.0,0.0,100.0,0.0,93.0,7.0,100.0,0.0,100.0,0.0,76.0,24.0,100.0,0.0,100.0,0.0,95.0,11319.0,24.0,24.0,100.0,0.0,100.0,0.0,200.0,0.0,100.0,30987.0,100.0,49507887160.0,100.0,146614400209.0
2019-06-11,Z304LA3D,ST4000DM000,4000787030016,0,108.0,16493976.0,94.0,0.0,100.0,6.0,98.0,2088.0,87.0,555749876.0,65.0,31177.0,100.0,0.0,100.0,6.0,100.0,0.0,100.0,0.0,93.0,7.0,100.0,0.0,100.0,0.0,77.0,23.0,100.0,0.0,100.0,0.0,95.0,11319.0,23.0,23.0,100.0,0.0,100.0,0.0,200.0,0.0,100.0,31011.0,100.0,49532893992.0,100.0,146743272434.0
2019-06-12,Z304LA3D,ST4000DM000,4000787030016,0,116.0,105367680.0,94.0,0.0,100.0,6.0,98.0,2088.0,87.0,558112004.0,65.0,31201.0,100.0,0.0,100.0,6.0,100.0,0.0,100.0,0.0,93.0,7.0,100.0,0.0,100.0,0.0,77.0,23.0,100.0,0.0,100.0,0.0,95.0,11319.0,23.0,23.0,100.0,0.0,100.0,0.0,200.0,0.0,100.0,31035.0,100.0,49551830088.0,100.0,146934992542.0
2019-06-13,Z304LA3D,ST4000DM000,4000787030016,0,113.0,54566480.0,94.0,0.0,100.0,6.0,98.0,2088.0,87.0,559535600.0,65.0,31225.0,100.0,0.0,100.0,6.0,100.0,0.0,100.0,0.0,93.0,7.0,100.0,0.0,100.0,0.0,77.0,23.0,100.0,0.0,100.0,0.0,95.0,11319.0,23.0,23.0,100.0,0.0,100.0,0.0,200.0,0.0,100.0,31059.0,100.0,49561211592.0,100.0,147098300232.0
2019-06-14,Z304LA3D,ST4000DM000,4000787030016,0,117.0,130793536.0,94.0,0.0,100.0,6.0,98.0,2088.0,87.0,561331631.0,65.0,31249.0,100.0,0.0,100.0,6.0,100.0,0.0,100.0,0.0,93.0,7.0,100.0,0.0,100.0,0.0,76.0,24.0,100.0,0.0,100.0,0.0,95.0,11319.0,24.0,24.0,100.0,0.0,100.0,0.0,200.0,0.0,100.0,31083.0,100.0,49580020136.0,100.0,147193829420.0
2019-06-15,Z304LA3D,ST4000DM000,4000787030016,0,117.0,150844600.0,94.0,0.0,100.0,6.0,98.0,2088.0,87.0,562702726.0,65.0,31273.0,100.0,0.0,100.0,6.0,100.0,0.0,100.0,0.0,93.0,7.0,100.0,0.0,100.0,0.0,76.0,24.0,100.0,0.0,100.0,0.0,95.0,11319.0,24.0,24.0,100.0,0.0,100.0,0.0,200.0,0.0,100.0,31107.0,100.0,49601169920.0,100.0,147355051400.0
2019-06-16,Z304LA3D,ST4000DM000,4000787030016,0,114.0,75789744.0,94.0,0.0,100.0,6.0,98.0,2088.0,87.0,564928020.0,65.0,31297.0,100.0,0.0,100.0,6.0,100.0,0.0,100.0,0.0,93.0,7.0,100.0,0.0,100.0,0.0,76.0,24.0,100.0,0.0,100.0,0.0,95.0,11319.0,24.0,24.0,100.0,0.0,100.0,0.0,200.0,0.0,100.0,31131.0,100.0,49620417840.0,100.0,147513816176.0
2019-06-17,Z304LA3D,ST4000DM000,4000787030016,0,110.0,25716680.0,94.0,0.0,100.0,6.0,98.0,2088.0,87.0,565844657.0,65.0,31321.0,100.0,0.0,100.0,6.0,100.0,0.0,100.0,0.0,93.0,7.0,100.0,0.0,100.0,0.0,76.0,24.0,100.0,0.0,100.0,0.0,95.0,11319.0,24.0,24.0,100.0,0.0,100.0,0.0,200.0,0.0,100.0,31155.0,100.0,49640042112.0,100.0,147642601074.0
2019-06-18,Z304LA3D,ST4000DM000,4000787030016,0,114.0,82591168.0,94.0,0.0,100.0,6.0,98.0,2088.0,87.0,566840930.0,65.0,31345.0,100.0,0.0,100.0,6.0,100.0,0.0,100.0,0.0,93.0,7.0,100.0,0.0,100.0,0.0,76.0,24.0,100.0,0.0,100.0,0.0,95.0,11319.0,24.0,24.0,100.0,0.0,100.0,0.0,200.0,0.0,100.0,31179.0,100.0,49660249656.0,100.0,147785029720.0
2019-06-19,Z304LA3D,ST4000DM000,4000787030016,0,117.0,122882488.0,94.0,0.0,100.0,6.0,98.0,2088.0,87.0,569225123.0,65.0,31369.0,100.0,0.0,100.0,6.0,100.0,0.0,100.0,0.0,93.0,7.0,100.0,0.0,100.0,0.0,77.0,23.0,100.0,0.0,100.0,0.0,95.0,11319.0,23.0,23.0,100.0,0.0,100.0,0.0,200.0,0.0,100.0,31203.0,100.0,49683997016.0,100.0,147948971323.0
2019-06-20,Z304LA3D,ST4000DM000,4000787030016,0,110.0,28373952.0,94.0,0.0,100.0,6.0,98.0,2112.0,87.0,570213692.0,65.0,31393.0,100.0,0.0,100.0,6.0,100.0,0.0,100.0,0.0,93.0,7.0,100.0,0.0,100.0,0.0,76.0,24.0,100.0,0.0,100.0,0.0,95.0,11319.0,24.0,24.0,100.0,0.0,100.0,0.0,200.0,0.0,100.0,31227.0,100.0,49699826400.0,100.0,148085625240.0
2019-06-21,Z304LA3D,ST4000DM000,4000787030016,0,117.0,163645736.0,94.0,0.0,100.0,6.0,98.0,2112.0,87.0,572134674.0,65.0,31417.0,100.0,0.0,100.0,6.0,100.0,0.0,100.0,0.0,93.0,7.0,100.0,0.0,100.0,0.0,76.0,24.0,100.0,0.0,100.0,0.0,95.0,11319.0,24.0,24.0,100.0,0.0,100.0,0.0,200.0,0.0,100.0,31250.0,100.0,49719209640.0,100.0,148207265256.0
2019-06-22,Z304LA3D,ST4000DM000,4000787030016,0,115.0,86800096.0,94.0,0.0,100.0,6.0,98.0,2112.0,87.0,573312784.0,65.0,31440.0,100.0,0.0,100.0,6.0,100.0,0.0,100.0,0.0,93.0,7.0,100.0,0.0,100.0,0.0,76.0,24.0,100.0,0.0,100.0,0.0,95.0,11319.0,24.0,24.0,100.0,0.0,100.0,0.0,200.0,0.0,100.0,31274.0,100.0,49733286744.0,100.0,148347910444.0
2019-06-23,Z304LA3D,ST4000DM000,4000787030016,0,115.0,93111328.0,94.0,0.0,100.0,6.0,98.0,2112.0,87.0,574308163.0,65.0,31464.0,100.0,0.0,100.0,6.0,100.0,0.0,100.0,0.0,93.0,7.0,100.0,0.0,100.0,0.0,76.0,24.0,100.0,0.0,100.0,0.0,95.0,11319.0,24.0,24.0,100.0,0.0,100.0,0.0,200.0,0.0,100.0,31298.0,100.0,49760075352.0,100.0,148463203913.0
2019-06-24,Z304LA3D,ST4000DM000,4000787030016,0,112.0,49031720.0,94.0,0.0,100.0,6.0,98.0,2112.0,87.0,575448008.0,65.0,31488.0,100.0,0.0,100.0,6.0,100.0,0.0,100.0,0.0,93.0,7.0,100.0,0.0,100.0,0.0,76.0,24.0,100.0,0.0,100.0,0.0,95.0,11319.0,24.0,24.0,100.0,0.0,100.0,0.0,200.0,0.0,100.0,31322.0,100.0,49777480288.0,100.0,148598879389.0
2019-06-25,Z304LA3D,ST4000DM000,4000787030016,0,119.0,205742984.0,94.0,0.0,100.0,6.0,98.0,2112.0,87.0,576718969.0,65.0,31512.0,100.0,0.0,100.0,6.0,100.0,0.0,100.0,0.0,93.0,7.0,100.0,0.0,100.0,0.0,76.0,24.0,100.0,0.0,100.0,0.0,95.0,11319.0,24.0,24.0,100.0,0.0,100.0,0.0,200.0,0.0,100.0,31346.0,100.0,49799246992.0,100.0,148783710144.0
2019-06-26,Z304LA3D,ST4000DM000,4000787030016,0,115.0,92997824.0,94.0,0.0,100.0,6.0,98.0,2112.0,87.0,579008596.0,64.0,31536.0,100.0,0.0,100.0,6.0,100.0,0.0,100.0,0.0,93.0,7.0,100.0,0.0,100.0,0.0,76.0,24.0,100.0,0.0,100.0,0.0,95.0,11319.0,24.0,24.0,100.0,0.0,100.0,0.0,200.0,0.0,100.0,31370.0,100.0,49818784640.0,100.0,148943600819.0
2019-06-27,Z304LA3D,ST4000DM000,4000787030016,0,118.0,170580304.0,94.0,0.0,100.0,6.0,98.0,2112.0,87.0,580331183.0,64.0,31560.0,100.0,0.0,100.0,6.0,100.0,0.0,100.0,0.0,93.0,7.0,100.0,0.0,100.0,0.0,77.0,23.0,100.0,0.0,100.0,0.0,95.0,11320.0,23.0,23.0,100.0,0.0,100.0,0.0,200.0,0.0,100.0,31394.0,100.0,49834721256.0,100.0,149134752403.0
2019-06-28,Z304LA3D,ST4000DM000,4000787030016,0,116.0,114218848.0,94.0,0.0,100.0,6.0,98.0,2112.0,87.0,582145645.0,64.0,31584.0,100.0,0.0,100.0,6.0,100.0,0.0,100.0,0.0,93.0,7.0,100.0,0.0,100.0,0.0,76.0,24.0,100.0,0.0,100.0,0.0,95.0,11320.0,24.0,24.0,100.0,0.0,100.0,0.0,200.0,0.0,100.0,31418.0,100.0,49857529152.0,100.0,149268182699.0
2019-06-29,Z304LA3D,ST4000DM000,4000787030016,0,107.0,13440216.0,94.0,0.0,100.0,6.0,98.0,2128.0,87.0,583114812.0,64.0,31608.0,100.0,0.0,100.0,6.0,100.0,0.0,100.0,0.0,93.0,7.0,100.0,0.0,100.0,0.0,76.0,24.0,100.0,0.0,100.0,0.0,95.0,11320.0,24.0,24.0,100.0,0.0,100.0,0.0,200.0,0.0,100.0,31442.0,100.0,49880429128.0,100.0,149337683645.0
2019-06-30,Z304LA3D,ST4000DM000,4000787030016,0,119.0,214095816.0,94.0,0.0,100.0,6.0,98.0,2128.0,87.0,585475481.0,64.0,31632.0,100.0,0.0,100.0,6.0,100.0,0.0,100.0,0.0,93.0,7.0,100.0,0.0,100.0,0.0,76.0,24.0,100.0,0.0,100.0,0.0,95.0,11320.0,24.0,24.0,100.0,0.0,100.0,0.0,200.0,0.0,100.0,31466.0,100.0,49902257816.0,100.0,149508181521.0
2019-07-01,Z304LA3D,ST4000DM000,4000787030016,0,117.0,118322592.0,94.0,0.0,100.0,6.0,98.0,2128.0,87.0,586876024.0,64.0,31656.0,100.0,0.0,100.0,6.0,100.0,0.0,100.0,0.0,93.0,7.0,100.0,0.0,100.0,0.0,77.0,23.0,100.0,0.0,100.0,0.0,95.0,11320.0,23.0,23.0,100.0,0.0,100.0,0.0,200.0,0.0,100.0,31490.0,100.0,49920329880.0,100.0,149623495234.0
2019-07-02,Z304LA3D,ST4000DM000,4000787030016,0,118.0,186754968.0,94.0,0.0,100.0,6.0,98.0,2128.0,87.0,588040106.0,64.0,31680.0,100.0,0.0,100.0,6.0,100.0,0.0,100.0,0.0,93.0,7.0,100.0,0.0,100.0,0.0,76.0,24.0,100.0,0.0,100.0,0.0,95.0,11320.0,24.0,24.0,100.0,0.0,100.0,0.0,200.0,0.0,100.0,31514.0,100.0,49936912000.0,100.0,149770176871.0
2019-07-03,Z304LA3D,ST4000DM000,4000787030016,0,117.0,120137520.0,94.0,0.0,100.0,6.0,98.0,2128.0,87.0,590767748.0,64.0,31715.0,100.0,0.0,100.0,6.0,100.0,0.0,100.0,0.0,93.0,7.0,100.0,0.0,100.0,0.0,77.0,23.0,100.0,0.0,100.0,0.0,95.0,11320.0,23.0,23.0,100.0,0.0,100.0,0.0,200.0,0.0,100.0,31549.0,100.0,49964244368.0,100.0,149950869759.0
2019-07-04,Z304LA3D,ST4000DM000,4000787030016,0,118.0,191154840.0,94.0,0.0,100.0,6.0,98.0,2128.0,87.0,591622171.0,64.0,31739.0,100.0,0.0,100.0,6.0,100.0,0.0,100.0,0.0,93.0,7.0,100.0,0.0,100.0,0.0,77.0,23.0,100.0,0.0,100.0,0.0,95.0,11320.0,23.0,23.0,100.0,0.0,100.0,0.0,200.0,0.0,100.0,31573.0,100.0,49981718072.0,100.0,150023210605.0
2019-07-05,Z304LA3D,ST4000DM000,4000787030016,0,117.0,152702856.0,94.0,0.0,100.0,6.0,98.0,2128.0,87.0,593222793.0,64.0,31763.0,100.0,0.0,100.0,6.0,100.0,0.0,100.0,0.0,93.0,7.0,100.0,0.0,100.0,0.0,77.0,23.0,100.0,0.0,100.0,0.0,95.0,11320.0,23.0,23.0,100.0,0.0,100.0,0.0,200.0,0.0,100.0,31597.0,100.0,50002317616.0,100.0,150076497858.0
2019-07-06,Z304LA3D,ST4000DM000,4000787030016,0,116.0,104895536.0,94.0,0.0,100.0,6.0,98.0,2128.0,87.0,594035525.0,64.0,31787.0,100.0,0.0,100.0,6.0,100.0,0.0,100.0,0.0,93.0,7.0,100.0,0.0,100.0,0.0,78.0,22.0,100.0,0.0,100.0,0.0,95.0,11320.0,22.0,22.0,100.0,0.0,100.0,0.0,200.0,0.0,100.0,31620.0,100.0,50018204024.0,100.0,150153705435.0
2019-07-07,Z304LA3D,ST4000DM000,4000787030016,1,96.0,61146672.0,94.0,0.0,100.0,6.0,98.0,2664.0,87.0,595376614.0,64.0,31810.0,100.0,0.0,100.0,6.0,100.0,0.0,100.0,0.0,93.0,7.0,100.0,0.0,100.0,0.0,77.0,23.0,100.0,0.0,100.0,0.0,95.0,11320.0,23.0,23.0,100.0,8.0,100.0,8.0,200.0,0.0,100.0,31644.0,100.0,50038487040.0,100.0,150303283093.0
