2019-01-01,Z305D52Z,ST4000DM000,4000787030016,0,110,26573304,91.0,0.0,100.0,10.0,100.0,0.0,84.0,284238834.0,71,25616,100.0,0.0,100,10,98.0,2.0,100.0,0.0,100.0,0.0,100.0,0.0,100.0,0.0,77.0,23.0,100.0,0.0,100.0,0.0,98.0,4360.0,23,23,100.0,0.0,100.0,0.0,200.0,0.0,100.0,25537.0,100.0,44312998896.0,100.0,129879423637.0
2019-01-02,Z305D52Z,ST4000DM000,4000787030016,0,115,99439344,91.0,0.0,100.0,10.0,100.0,0.0,84.0,285904857.0,71,25640,100.0,0.0,100,10,98.0,2.0,100.0,0.0,100.0,0.0,100.0,0.0,100.0,0.0,78.0,22.0,100.0,0.0,100.0,0.0,98.0,4360.0,22,22,100.0,0.0,100.0,0.0,200.0,0.0,100.0,25562.0,100.0,44325945888.0,100.0,129998370263.0
2019-01-03,Z305D52Z,ST4000DM000,4000787030016,0,112.0,48078272.0,91.0,0.0,100.0,10.0,100.0,0.0,84.0,287048904.0,71.0,25664.0,100.0,0.0,100.0,10.0,98.0,2.0,100.0,0.0,100.0,0.0,100.0,0.0,100.0,0.0,77.0,23.0,100.0,0.0,100.0,0.0,98.0,4360.0,23.0,23.0,100.0,0.0,100.0,0.0,200.0,0.0,100.0,25586.0,100.0,44343544208.0,100.0,130169649035.0
2019-01-04,Z305D52Z,ST4000DM000,4000787030016,0,117,131419176,91.0,0.0,100.0,10.0,100.0,0.0,84.0,288221900.0,71,25688,100.0,0.0,100,10,98.0,2.0,100.0,0.0,100.0,0.0,100.0,0.0,100.0,0.0,76.0,24.0,100.0,0.0,100.0,0.0,98.0,4360.0,24,24,100.0,0.0,100.0,0.0,200.0,0.0,100.0,25610.0,100.0,44355547888.0,100.0,130327169419.0
2019-01-05,Z305D52Z,ST4000DM000,4000787030016,0,120,235405968,91.0,0.0,100.0,10.0,100.0,0.0,84.0,289381131.0,71,25712,100.0,0.0,100,10,98.0,2.0,100.0,0.0,100.0,0.0,100.0,0.0,100.0,0.0,75.0,25.0,100.0,0.0,100.0,0.0,98.0,4360.0,25,25,100.0,0.0,100.0,0.0,200.0,0.0,100.0,25634.0,100.0,44376632264.0,100.0,130474622311.0
2019-01-06,Z305D52Z,ST4000DM000,4000787030016,0,117,161756688,91.0,0.0,100.0,10.0,100.0,0.0,84.0,291103189.0,71,25736,100.0,0.0,100,10,98.0,2.0,100.0,0.0,100.0,0.0,100.0,0.0,100.0,0.0,76.0,24.0,100.0,0.0,100.0,0.0,98.0,4360.0,24,24,100.0,0.0,100.0,0.0,200.0,0.0,100.0,25658.0,100.0,44395821544.0,100.0,130584110399.0
2019-01-07,Z305D52Z,ST4000DM000,4000787030016,0,117,130499192,91.0,0.0,100.0,10.0,100.0,0.0,84.0,292190016.0,71,25760,100.0,0.0,100,10,98.0,2.0,100.0,0.0,100.0,0.0,100.0,0.0,100.0,0.0,76.0,24.0,100.0,0.0,100.0,0.0,98.0,4360.0,24,24,100.0,0.0,100.0,0.0,200.0,0.0,100.0,25682.0,100.0,44409545672.0,100.0,130708858599.0
2019-01-08,Z305D52Z,ST4000DM000,4000787030016,0,118,170497376,91.0,0.0,100.0,10.0,100.0,0.0,84.0,293205842.0,71,25784,100.0,0.0,100,10,98.0,2.0,100.0,0.0,100.0,0.0,100.0,0.0,100.0,0.0,77.0,23.0,100.0,0.0,100.0,0.0,98.0,4360.0,23,23,100.0,0.0,100.0,0.0,200.0,0.0,100.0,25705.0,100.0,44431890296.0,100.0,130846109159.0
2019-01-09,Z305D52Z,ST4000DM000,4000787030016,0,114,66434840,91.0,0.0,100.0,10.0,100.0,0.0,84.0,294987898.0,71,25808,100.0,0.0,100,10,98.0,2.0,100.0,0.0,100.0,0.0,100.0,0.0,100.0,0.0,76.0,24.0,100.0,0.0,100.0,0.0,98.0,4360.0,24,24,100.0,0.0,100.0,0.0,200.0,0.0,100.0,25730.0,100.0,44453200112.0,100.0,130968048154.0
2019-01-10,Z305D52Z,ST4000DM000,4000787030016,0,109,24012504,91.0,0.0,100.0,10.0,100.0,0.0,84.0,296495965.0,71,25827,100.0,0.0,100,10,98.0,2.0,100.0,0.0,100.0,0.0,100.0,0.0,100.0,0.0,76.0,24.0,100.0,0.0,100.0,0.0,98.0,4360.0,24,24,100.0,0.0,100.0,0.0,200.0,0.0,100.0,25748.0,100.0,44468200080.0,100.0,131177859182.0
2019-01-11,Z305D52Z,ST4000DM000,4000787030016,0,110.0,26864504.0,91.0,0.0,100.0,10.0,100.0,0.0,84.0,298978870.0,71.0,25848.0,100.0,0.0,100.0,10.0,98.0,2.0,100.0,0.0,100.0,0.0,100.0,0.0,100.0,0.0,76.0,24.0,100.0,0.0,100.0,0.0,98.0,4362.0,24.0,24.0,100.0,0.0,100.0,0.0,200.0,0.0,100.0,25769.0,100.0,44491557744.0,100.0,131324283166.0
2019-01-12,Z305D52Z,ST4000DM000,4000787030016,0,117,135977224,91.0,0.0,100.0,10.0,100.0,0.0,84.0,299871137.0,71,25872,100.0,0.0,100,10,98.0,2.0,100.0,0.0,100.0,0.0,100.0,0.0,100.0,0.0,76.0,24.0,100.0,0.0,100.0,0.0,98.0,4362.0,24,24,100.0,0.0,100.0,0.0,200.0,0.0,100.0,25793.0,100.0,44518831928.0,100.0,131417028653.0
2019-01-13,Z305D52Z,ST4000DM000,4000787030016,0,114,77195048,91.0,0.0,100.0,10.0,100.0,0.0,84.0,300785576.0,71,25896,100.0,0.0,100,10,98.0,2.0,100.0,0.0,100.0,0.0,100.0,0.0,100.0,0.0,77.0,23.0,100.0,0.0,100.0,0.0,98.0,4362.0,23,23,100.0,0.0,100.0,0.0,200.0,0.0,100.0,25817.0,100.0,44539241912.0,100.0,131525962120.0
2019-01-14,Z305D52Z,ST4000DM000,4000787030016,0,117,148002672,91.0,0.0,100.0,10.0,100.0,0.0,84.0,303094077.0,71,25920,100.0,0.0,100,10,98.0,2.0,100.0,0.0,100.0,0.0,100.0,0.0,100.0,0.0,77.0,23.0,100.0,0.0,100.0,0.0,98.0,4362.0,23,23,100.0,0.0,100.0,0.0,200.0,0.0,100.0,25842.0,100.0,44572913168.0,100.0,131695554269.0
2019-01-15,Z305D52Z,ST4000DM000,4000787030016,0,119.0,209771776.0,91.0,0.0,100.0,10.0,100.0,0.0,84.0,304256637.0,71.0,25944.0,100.0,0.0,100.0,10.0,98.0,2.0,100.0,0.0,100.0,0.0,100.0,0.0,100.0,0.0,76.0,24.0,100.0,0.0,100.0,0.0,98.0,4362.0,24.0,24.0,100.0,0.0,100.0,0.0,200.0,0.0,100.0,25866.0,100.0,44587564984.0,100.0,131825264089.0
2019-01-16,Z305D52Z,ST4000DM000,4000787030016,0,118,197448088,91.0,0.0,100.0,10.0,100.0,0.0,84.0,305950305.0,71,25968,100.0,0.0,100,10,98.0,2.0,100.0,0.0,100.0,0.0,100.0,0.0,100.0,0.0,76.0,24.0,100.0,0.0,100,0,98.0,4362.0,24,24,100.0,0.0,100.0,0.0,200.0,0.0,100.0,25889.0,100.0,44608632088.0,100.0,131934968556.0
2019-01-17,Z305D52Z,ST4000DM000,4000787030016,0,119,204555400,91.0,0.0,100.0,10.0,100.0,0.0,84.0,306883713.0,71,25992,100.0,0.0,100,10,98.0,2.0,100.0,0.0,100.0,0.0,100.0,0.0,100.0,0.0,77.0,23.0,100.0,0.0,100,0,98.0,4362.0,23,23,100.0,0.0,100.0,0.0,200.0,0.0,100.0,25913.0,100.0,44638478224.0,100.0,132020126315.0
2019-01-18,Z305D52Z,ST4000DM000,4000787030016,0,117,130226544,91.0,0.0,100.0,10.0,100.0,0.0,84.0,307747656.0,71,26016,100.0,0.0,100,10,98.0,2.0,100.0,0.0,100.0,0.0,100.0,0.0,100.0,0.0,77.0,23.0,100.0,0.0,100,0,98.0,4362.0,23,23,100.0,0.0,100.0,0.0,200.0,0.0,100.0,25937.0,100.0,44679599352.0,100.0,132087158247.0
2019-01-19,Z305D52Z,ST4000DM000,4000787030016,0,108,18788248,91.0,0.0,100.0,10.0,100.0,0.0,84.0,308804491.0,71,26040,100.0,0.0,100,10,98.0,2.0,100.0,0.0,100.0,0.0,100.0,0.0,100.0,0.0,76.0,24.0,100.0,0.0,100,0,98.0,4362.0,24,24,100.0,0.0,100.0,0.0,200.0,0.0,100.0,25961.0,100.0,44696686496.0,100.0,132194284115.0
2019-01-20,Z305D52Z,ST4000DM000,4000787030016,0,117,128549736,91.0,0.0,100.0,10.0,100.0,0.0,84.0,309988466.0,71,26064,100.0,0.0,100,10,98.0,2.0,100.0,0.0,100.0,0.0,100.0,0.0,100.0,0.0,76.0,24.0,100.0,0.0,100,0,98.0,4362.0,24,24,100.0,0.0,100.0,0.0,200.0,0.0,100.0,25985.0,100.0,44712890400.0,100.0,132324322840.0
2019-01-21,Z305D52Z,ST4000DM000,4000787030016,0,106,10959024,91.0,0.0,100.0,10.0,100.0,0.0,84.0,311605105.0,71,26088,100.0,0.0,100,10,98.0,2.0,100.0,0.0,100.0,0.0,100.0,0.0,100.0,0.0,77.0,23.0,100.0,0.0,100,0,98.0,4362.0,23,23,100.0,0.0,100.0,0.0,200.0,0.0,100.0,26009.0,100.0,44729627832.0,100.0,132415030046.0
2019-01-22,Z305D52Z,ST4000DM000,4000787030016,0,114.0,62200184.0,91.0,0.0,100.0,10.0,100.0,0.0,84.0,311963735.0,71.0,26112.0,100.0,0.0,100.0,10.0,98.0,2.0,100.0,0.0,100.0,0.0,100.0,0.0,100.0,0.0,77.0,23.0,100.0,0.0,100.0,0.0,98.0,4362.0,23.0,23.0,100.0,0.0,100.0,0.0,200.0,0.0,100.0,26033.0,100.0,44746459368.0,100.0,132425257556.0
2019-01-23,Z305D52Z,ST4000DM000,4000787030016,0,114.0,62310688.0,91.0,0.0,100.0,10.0,100.0,0.0,84.0,313630408.0,71.0,26136.0,100.0,0.0,100.0,10.0,98.0,2.0,100.0,0.0,100.0,0.0,100.0,0.0,100.0,0.0,76.0,24.0,100.0,0.0,100.0,0.0,98.0,4362.0,24.0,24.0,100.0,0.0,100.0,0.0,200.0,0.0,100.0,26057.0,100.0,44767717584.0,100.0,132515733101.0
2019-01-24,Z305D52Z,ST4000DM000,4000787030016,0,118.0,169522264.0,91.0,0.0,100.0,10.0,100.0,0.0,84.0,314622024.0,71.0,26161.0,100.0,0.0,100.0,10.0,98.0,2.0,100.0,0.0,100.0,0.0,100.0,0.0,100.0,0.0,76.0,24.0,100.0,0.0,100.0,0.0,98.0,4366.0,24.0,24.0,100.0,0.0,100.0,0.0,200.0,0.0,100.0,26082.0,100.0,44784850440.0,100.0,132633812677.0
2019-01-25,Z305D52Z,ST4000DM000,4000787030016,0,118,194262712,91.0,0.0,100.0,10.0,100.0,0.0,84.0,316995486.0,71,26184,100.0,0.0,100,10,98.0,2.0,100.0,0.0,100.0,0.0,100.0,0.0,100.0,0.0,76.0,24.0,100.0,0.0,100,0,98.0,4366.0,24,24,100.0,0.0,100.0,0.0,200.0,0.0,100.0,26106.0,100.0,44815730496.0,100.0,132748362646.0
2019-01-26,Z305D52Z,ST4000DM000,4000787030016,0,117,145678560,91.0,0.0,100.0,10.0,100.0,0.0,84.0,317799944.0,71,26208,100.0,0.0,100,10,98.0,2.0,100.0,0.0,100.0,0.0,100.0,0.0,100.0,0.0,77.0,23.0,100.0,0.0,100,0,98.0,4366.0,23,23,100.0,0.0,100.0,0.0,200.0,0.0,100.0,26129.0,100.0,44829838256.0,100.0,132833216884.0
2019-01-27,Z305D52Z,ST4000DM000,4000787030016,0,119,221343312,91.0,0.0,100.0,10.0,100.0,0.0,84.0,319045369.0,71,26232,100.0,0.0,100,10,98.0,2.0,100.0,0.0,100.0,0.0,100.0,0.0,100.0,0.0,77.0,23.0,100.0,0.0,100,0,98.0,4366.0,23,23,100.0,0.0,100.0,0.0,200.0,0.0,100.0,26153.0,100.0,44843956720.0,100.0,132943339083.0
2019-01-28,Z305D52Z,ST4000DM000,4000787030016,0,116,106917344,91.0,0.0,100.0,10.0,100.0,0.0,84.0,320883805.0,71,26255,100.0,0.0,100,10,98.0,2.0,100.0,0.0,100.0,0.0,100.0,0.0,100.0,0.0,77.0,23.0,100.0,0.0,100,0,98.0,4366.0,23,23,100.0,0.0,100.0,0.0,200.0,0.0,100.0,26177.0,100.0,44871056176.0,100.0,133045416743.0
2019-01-29,Z305D52Z,ST4000DM000,4000787030016,0,118,184631624,91.0,0.0,100.0,10.0,100.0,0.0,84.0,321324366.0,71,26279,100.0,0.0,100,10,98.0,2.0,100.0,0.0,100.0,0.0,100.0,0.0,100.0,0.0,77.0,23.0,100.0,0.0,100,0,98.0,4366.0,23,23,100.0,0.0,100.0,0.0,200.0,0.0,100.0,26200.0,100.0,44889260768.0,100.0,133071094713.0
2019-01-30,Z305D52Z,ST4000DM000,4000787030016,0,118,177281264,91.0,0.0,100.0,10.0,100.0,0.0,84.0,322991654.0,70,26303,100.0,0.0,100,10,98.0,2.0,100.0,0.0,100.0,0.0,100.0,0.0,100.0,0.0,77.0,23.0,100.0,0.0,100,0,98.0,4366.0,23,23,100.0,0.0,100.0,0.0,200.0,0.0,100.0,26224.0,100.0,44918205336.0,100.0,133137534081.0
2019-01-31,Z305D52Z,ST4000DM000,4000787030016,0,113,50508720,91.0,0.0,100.0,10.0,100.0,0.0,84.0,324058167.0,70,26326,100.0,0.0,100,10,98.0,2.0,100.0,0.0,100.0,0.0,100.0,0.0,100.0,0.0,76.0,24.0,100.0,0.0,100,0,98.0,4366.0,24,24,100.0,0.0,100.0,0.0,200.0,0.0,100.0,26248.0,100.0,44940578064.0,100.0,133261054814.0
2019-02-01,Z305D52Z,ST4000DM000,4000787030016,0,120,238352600,91.0,0.0,100.0,10.0,100.0,0.0,84.0,324955498.0,70,26350,100.0,0.0,100,10,98.0,2.0,100.0,0.0,100.0,0.0,100.0,0.0,100.0,0.0,77.0,23.0,100.0,0.0,100,0,98.0,4366.0,23,23,100.0,0.0,100.0,0.0,200.0,0.0,100.0,26271.0,100.0,44954904080.0,100.0,133374944791.0
2019-02-02,Z305D52Z,ST4000DM000,4000787030016,0,118.0,169497240.0,91.0,0.0,100.0,10.0,100.0,0.0,84.0,326213997.0,70.0,26374.0,100.0,0.0,100.0,10.0,98.0,2.0,100.0,0.0,100.0,0.0,100.0,0.0,100.0,0.0,77.0,23.0,100.0,0.0,100.0,0.0,98.0,4366.0,23.0,23.0,100.0,0.0,100.0,0.0,200.0,0.0,100.0,26295.0,100.0,44970281488.0,100.0,133502902172.0
2019-02-03,Z305D52Z,ST4000DM000,4000787030016,0,117,155294752,91.0,0.0,100.0,10.0,100.0,0.0,84.0,327563475.0,70,26398,100.0,0.0,100,10,98.0,2.0,100.0,0.0,100.0,0.0,100.0,0.0,100.0,0.0,76.0,24.0,100.0,0.0,100,0,98.0,4366.0,24,24,100.0,0.0,100.0,0.0,200.0,0.0,100.0,26319.0,100.0,44982912616.0,100.0,133626255965.0
2019-02-04,Z305D52Z,ST4000DM000,4000787030016,0,116,110174568,91.0,0.0,100.0,10.0,100.0,0.0,84.0,329826798.0,70,26422,100.0,0.0,100,10,98.0,2.0,100.0,0.0,100.0,0.0,100.0,0.0,100.0,0.0,77.0,23.0,100.0,0.0,100,0,98.0,4366.0,23,23,100.0,0.0,100.0,0.0,200.0,0.0,100.0,26343.0,100.0,45008995160.0,100.0,133762798113.0
2019-02-05,Z305D52Z,ST4000DM000,4000787030016,0,119.0,227702584.0,91.0,0.0,100.0,10.0,100.0,0.0,84.0,330355275.0,70.0,26445.0,100.0,0.0,100.0,10.0,98.0,2.0,100.0,0.0,100.0,0.0,100.0,0.0,100.0,0.0,76.0,24.0,100.0,0.0,100.0,0.0,98.0,4366.0,24.0,24.0,100.0,0.0,100.0,0.0,200.0,0.0,100.0,26367.0,100.0,45026333808.0,100.0,133828648989.0
2019-02-06,Z305D52Z,ST4000DM000,4000787030016,0,110,26897024,91.0,0.0,100.0,10.0,100.0,0.0,84.0,332165720.0,70,26469,100.0,0.0,100,10,98.0,2.0,100.0,0.0,100.0,0.0,100.0,0.0,100.0,0.0,76.0,24.0,100.0,0.0,100,0,98.0,4366.0,24,24,100.0,0.0,100.0,0.0,200.0,0.0,100.0,26391.0,100.0,45059241128.0,100.0,133936267418.0
2019-02-07,Z305D52Z,ST4000DM000,4000787030016,0,118.0,171713776.0,91.0,0.0,100.0,10.0,100.0,0.0,84.0,334993978.0,70.0,26505.0,100.0,0.0,100.0,10.0,98.0,2.0,100.0,0.0,100.0,0.0,100.0,0.0,100.0,0.0,76.0,24.0,100.0,0.0,100.0,0.0,98.0,4366.0,24.0,24.0,100.0,0.0,100.0,0.0,200.0,0.0,100.0,26426.0,100.0,45094168696.0,100.0,134173746533.0
2019-02-08,Z305D52Z,ST4000DM000,4000787030016,0,120,2404664,91.0,0.0,100.0,10.0,100.0,0.0,85.0,335765943.0,70,26529,100.0,0.0,100,10,98.0,2.0,100.0,0.0,100.0,0.0,100.0,0.0,100.0,0.0,76.0,24.0,100.0,0.0,100,0,98.0,4366.0,24,24,100.0,0.0,100.0,0.0,200.0,0.0,100.0,26450.0,100.0,45108515744.0,100.0,134272353240.0
2019-02-09,Z305D52Z,ST4000DM000,4000787030016,0,118.0,174925888.0,91.0,0.0,100.0,10.0,100.0,0.0,85.0,336624097.0,70.0,26552.0,100.0,0.0,100.0,10.0,98.0,2.0,100.0,0.0,100.0,0.0,100.0,0.0,100.0,0.0,76.0,24.0,100.0,0.0,100.0,0.0,98.0,4366.0,24.0,24.0,100.0,0.0,100.0,0.0,200.0,0.0,100.0,26474.0,100.0,45122787392.0,100.0,134393056043.0
2019-02-10,Z305D52Z,ST4000DM000,4000787030016,0,117,121969368,91.0,0.0,100.0,10.0,100.0,0.0,85.0,338224283.0,70,26576,100.0,0.0,100,10,98.0,2.0,100.0,0.0,100.0,0.0,100.0,0.0,100.0,0.0,76.0,24.0,100.0,0.0,100,0,98.0,4366.0,24,24,100.0,0.0,100.0,0.0,200.0,0.0,100.0,26498.0,100.0,45143074176.0,100.0,134524413443.0
2019-02-11,Z305D52Z,ST4000DM000,4000787030016,0,118,192968352,91.0,0.0,100.0,10.0,100.0,0.0,85.0,339540478.0,70,26600,100.0,0.0,100,10,98.0,2.0,100.0,0.0,100.0,0.0,100.0,0.0,100.0,0.0,76.0,24.0,100.0,0.0,100,0,98.0,4366.0,24,24,100.0,0.0,100.0,0.0,200.0,0.0,100.0,26521.0,100.0,45215774320.0,100.0,134631514574.0
2019-02-12,Z305D52Z,ST4000DM000,4000787030016,0,105.0,9592528.0,91.0,0.0,100.0,10.0,100.0,0.0,85.0,340424664.0,70.0,26623.0,100.0,0.0,100.0,10.0,98.0,2.0,100.0,0.0,100.0,0.0,100.0,0.0,100.0,0.0,76.0,24.0,100.0,0.0,100.0,0.0,98.0,4366.0,24.0,24.0,100.0,0.0,100.0,0.0,200.0,0.0,100.0,26545.0,100.0,45258855672.0,100.0,134751912476.0
2019-02-13,Z305D52Z,ST4000DM000,4000787030016,0,113,57820304,91.0,0.0,100.0,10.0,100.0,0.0,85.0,342018182.0,70,26647,100.0,0.0,100,10,98.0,2.0,100.0,0.0,100.0,0.0,100.0,0.0,100.0,0.0,76.0,24.0,100.0,0.0,100,0,98.0,4366.0,24,24,100.0,0.0,100.0,0.0,200.0,0.0,100.0,26569.0,100.0,45284967752.0,100.0,134888642116.0
2019-02-14,Z305D52Z,ST4000DM000,4000787030016,0,117,158819152,91.0,0.0,100.0,10.0,100.0,0.0,85.0,342643832.0,70,26671,100.0,0.0,100,10,98.0,2.0,100.0,0.0,100.0,0.0,100.0,0.0,100.0,0.0,77.0,23.0,100.0,0.0,100,0,98.0,4366.0,23,23,100.0,0.0,100.0,0.0,200.0,0.0,100.0,26592.0,100.0,45302858968.0,100.0,135035652953.0
2019-02-15,Z305D52Z,ST4000DM000,4000787030016,0,117.0,140107904.0,91.0,0.0,100.0,10.0,100.0,0.0,85.0,343256032.0,70.0,26694.0,100.0,0.0,100.0,10.0,98.0,2.0,100.0,0.0,100.0,0.0,100.0,0.0,100.0,0.0,77.0,23.0,100.0,0.0,100.0,0.0,98.0,4366.0,23.0,23.0,100.0,0.0,100.0,0.0,200.0,0.0,100.0,26616.0,100.0,45316447424.0,100.0,135195200537.0
2019-02-16,Z305D52Z,ST4000DM000,4000787030016,0,117.0,141552528.0,91.0,0.0,100.0,10.0,100.0,0.0,85.0,344134823.0,70.0,26718.0,100.0,0.0,100.0,10.0,98.0,2.0,100.0,0.0,100.0,0.0,100.0,0.0,100.0,0.0,77.0,23.0,100.0,0.0,100.0,0.0,98.0,4366.0,23.0,23.0,100.0,0.0,100.0,0.0,200.0,0.0,100.0,26640.0,100.0,45342859736.0,100.0,135341028825.0
2019-02-17,Z305D52Z,ST4000DM000,4000787030016,0,118,182748872,91.0,0.0,100.0,10.0,100.0,0.0,85.0,345682459.0,70,26742,100.0,0.0,100,10,98.0,2.0,100.0,0.0,100.0,0.0,100.0,0.0,100.0,0.0,76.0,24.0,100.0,0.0,100,0,98.0,4366.0,24,24,100.0,0.0,100.0,0.0,200.0,0.0,100.0,26663.0,100.0,45367124512.0,100.0,135537953408.0
2019-02-18,Z305D52Z,ST4000DM000,4000787030016,0,111,32811264,91.0,0.0,100.0,10.0,100.0,0.0,85.0,346680807.0,70,26765,100.0,0.0,100,10,98.0,2.0,100.0,0.0,100.0,0.0,100.0,0.0,100.0,0.0,77.0,23.0,100.0,0.0,100,0,98.0,4366.0,23,23,100.0,0.0,100.0,0.0,200.0,0.0,100.0,26687.0,100.0,45387365584.0,100.0,135706334863.0
2019-02-19,Z305D52Z,ST4000DM000,4000787030016,0,118,175727240,91.0,0.0,100.0,10.0,100.0,0.0,85.0,348897574.0,70,26789,100.0,0.0,100,10,98.0,2.0,100.0,0.0,100.0,0.0,100.0,0.0,100.0,0.0,76.0,24.0,100.0,0.0,100,0,98.0,4366.0,24,24,100.0,0.0,100.0,0.0,200.0,0.0,100.0,26710.0,100.0,45407285544.0,100.0,135899421164.0
2019-02-20,Z305D52Z,ST4000DM000,4000787030016,0,117.0,156602192.0,91.0,0.0,100.0,10.0,100.0,0.0,85.0,350434202.0,70.0,26813.0,100.0,0.0,100.0,10.0,98.0,2.0,100.0,0.0,100.0,0.0,100.0,0.0,100.0,0.0,76.0,24.0,100.0,0.0,100.0,0.0,98.0,4366.0,24.0,24.0,100.0,0.0,100.0,0.0,200.0,0.0,100.0,26734.0,100.0,45419793680.0,100.0,136018419353.0
2019-02-21,Z305D52Z,ST4000DM000,4000787030016,0,120,645184,91.0,0.0,100.0,10.0,100.0,0.0,85.0,351308041.0,70,26837,100.0,0.0,100,10,98.0,2.0,100.0,0.0,100.0,0.0,100.0,0.0,100.0,0.0,76.0,24.0,100.0,0.0,100,0,98.0,4366.0,24,24,100.0,0.0,100.0,0.0,200.0,0.0,100.0,26758.0,100.0,45429714312.0,100.0,136173004634.0
2019-02-22,Z305D52Z,ST4000DM000,4000787030016,0,107,13913472,91.0,0.0,100.0,10.0,100.0,0.0,85.0,353114267.0,70,26860,100.0,0.0,100,10,98.0,2.0,100.0,0.0,100.0,0.0,100.0,0.0,100.0,0.0,76.0,24.0,100.0,0.0,100,0,98.0,4366.0,24,24,100.0,0.0,100.0,0.0,200.0,0.0,100.0,26782.0,100.0,45442865928.0,100.0,136345828255.0
2019-02-23,Z305D52Z,ST4000DM000,4000787030016,0,105.0,8456528.0,91.0,0.0,100.0,10.0,100.0,0.0,85.0,354250149.0,70.0,26884.0,100.0,0.0,100.0,10.0,98.0,2.0,100.0,0.0,100.0,0.0,100.0,0.0,100.0,0.0,75.0,25.0,100.0,0.0,100.0,0.0,98.0,4366.0,25.0,25.0,100.0,0.0,100.0,0.0,200.0,0.0,100.0,26805.0,100.0,45456027744.0,100.0,136529042373.0
2019-02-24,Z305D52Z,ST4000DM000,4000787030016,0,117,144093576,91.0,0.0,100.0,10.0,100.0,0.0,85.0,356106960.0,70,26908,100.0,0.0,100,10,98.0,2.0,100.0,0.0,100.0,0.0,100.0,0.0,100.0,0.0,75.0,25.0,100.0,0.0,100,0,98.0,4366.0,25,25,100.0,0.0,100.0,0.0,200.0,0.0,100.0,26829.0,100.0,45475995616.0,100.0,136703353251.0
2019-02-25,Z305D52Z,ST4000DM000,4000787030016,0,118,194984464,91.0,0.0,100.0,10.0,100.0,0.0,85.0,357594542.0,70,26932,100.0,0.0,100,10,98.0,2.0,100.0,0.0,100.0,0.0,100.0,0.0,100.0,0.0,76.0,24.0,100.0,0.0,100,0,98.0,4366.0,24,24,100.0,0.0,100.0,0.0,200.0,0.0,100.0,26853.0,100.0,45490707928.0,100.0,136866500940.0
2019-02-26,Z305D52Z,ST4000DM000,4000787030016,0,117,144299120,91.0,0.0,100.0,10.0,100.0,0.0,85.0,358466169.0,70,26956,100.0,0.0,100,10,98.0,2.0,100.0,0.0,100.0,0.0,100.0,0.0,100.0,0.0,76.0,24.0,100.0,0.0,100,0,98.0,4366.0,24,24,100.0,0.0,100.0,0.0,200.0,0.0,100.0,26877.0,100.0,45503029984.0,100.0,136999689240.0
2019-02-27,Z305D52Z,ST4000DM000,4000787030016,0,120.0,717448.0,91.0,0.0,100.0,10.0,100.0,0.0,85.0,360237437.0,70.0,26979.0,100.0,0.0,100.0,10.0,98.0,2.0,100.0,0.0,100.0,0.0,100.0,0.0,100.0,0.0,76.0,24.0,100.0,0.0,100.0,0.0,98.0,4366.0,24.0,24.0,100.0,0.0,100.0,0.0,200.0,0.0,100.0,26901.0,100.0,45522471288.0,100.0,137107399793.0
2019-02-28,Z305D52Z,ST4000DM000,4000787030016,0,120,237041536,91.0,0.0,100.0,10.0,100.0,0.0,85.0,360857516.0,70,27003,100.0,0.0,100,10,98.0,2.0,100.0,0.0,100.0,0.0,100.0,0.0,100.0,0.0,76.0,24.0,100.0,0.0,100,0,98.0,4366.0,24,24,100.0,0.0,100.0,0.0,200.0,0.0,100.0,26925.0,100.0,45536473152.0,100.0,137165968695.0
2019-03-01,Z305D52Z,ST4000DM000,4000787030016,0,117.0,123911960.0,91.0,0.0,100.0,10.0,100.0,0.0,85.0,361664693.0,70.0,27027.0,100.0,0.0,100.0,10.0,98.0,2.0,100.0,0.0,100.0,0.0,100.0,0.0,100.0,0.0,77.0,23.0,100.0,0.0,100.0,0.0,98.0,4366.0,23.0,23.0,100.0,0.0,100.0,0.0,200.0,0.0,100.0,26949.0,100.0,45548534936.0,100.0,137270333890.0
2019-03-02,Z305D52Z,ST4000DM000,4000787030016,0,114.0,83660328.0,91.0,0.0,100.0,10.0,100.0,0.0,85.0,363390493.0,70.0,27051.0,100.0,0.0,100.0,10.0,98.0,2.0,100.0,0.0,100.0,0.0,100.0,0.0,100.0,0.0,76.0,24.0,100.0,0.0,100.0,0.0,98.0,4366.0,24.0,24.0,100.0,0.0,100.0,0.0,200.0,0.0,100.0,26972.0,100.0,45566848360.0,100.0,137342411186.0
2019-03-03,Z305D52Z,ST4000DM000,4000787030016,0,119.0,208168784.0,91.0,0.0,100.0,10.0,100.0,0.0,85.0,364550379.0,70.0,27075.0,100.0,0.0,100.0,10.0,98.0,2.0,100.0,0.0,100.0,0.0,100.0,0.0,100.0,0.0,76.0,24.0,100.0,0.0,100.0,0.0,98.0,4366.0,24.0,24.0,100.0,0.0,100.0,0.0,200.0,0.0,100.0,26996.0,100.0,45584841040.0,100.0,137479580141.0
2019-03-04,Z305D52Z,ST4000DM000,4000787030016,0,120,697368,91.0,0.0,100.0,10.0,100.0,0.0,85.0,366493542.0,70,27099,100.0,0.0,100,10,98.0,2.0,100.0,0.0,100.0,0.0,100.0,0.0,100.0,0.0,77.0,23.0,100.0,0.0,100,0,98.0,4366.0,23,23,100.0,0.0,100.0,0.0,200.0,0.0,100.0,27020.0,100.0,45601505824.0,100.0,137643645662.0
2019-03-05,Z305D52Z,ST4000DM000,4000787030016,0,116.0,101081440.0,91.0,0.0,100.0,10.0,100.0,0.0,85.0,367483955.0,70.0,27122.0,100.0,0.0,100.0,10.0,98.0,2.0,100.0,0.0,100.0,0.0,100.0,0.0,100.0,0.0,77.0,23.0,100.0,0.0,100.0,0.0,98.0,4366.0,23.0,23.0,100.0,0.0,100.0,0.0,200.0,0.0,100.0,27044.0,100.0,45613573976.0,100.0,137776148902.0
2019-03-06,Z305D52Z,ST4000DM000,4000787030016,0,116.0,100764816.0,91.0,0.0,100.0,10.0,100.0,0.0,85.0,369142123.0,70.0,27146.0,100.0,0.0,100.0,10.0,98.0,2.0,100.0,0.0,100.0,0.0,100.0,0.0,100.0,0.0,76.0,24.0,100.0,0.0,100.0,0.0,98.0,4366.0,24.0,24.0,100.0,0.0,100.0,0.0,200.0,0.0,100.0,27068.0,100.0,45628636888.0,100.0,137883232892.0
2019-03-07,Z305D52Z,ST4000DM000,4000787030016,0,112.0,49621792.0,91.0,0.0,100.0,10.0,100.0,0.0,85.0,369796822.0,69.0,27170.0,100.0,0.0,100.0,10.0,98.0,2.0,100.0,0.0,100.0,0.0,100.0,0.0,100.0,0.0,76.0,24.0,100.0,0.0,100.0,0.0,98.0,4366.0,24.0,24.0,100.0,0.0,100.0,0.0,200.0,0.0,100.0,27092.0,100.0,45639700584.0,100.0,137959048206.0
2019-03-08,Z305D52Z,ST4000DM000,4000787030016,0,118.0,181107448.0,91.0,0.0,100.0,10.0,100.0,0.0,85.0,370812897.0,69.0,27194.0,100.0,0.0,100.0,10.0,98.0,2.0,100.0,0.0,100.0,0.0,100.0,0.0,100.0,0.0,76.0,24.0,100.0,0.0,100.0,0.0,98.0,4366.0,24.0,24.0,100.0,0.0,100.0,0.0,200.0,0.0,100.0,27115.0,100.0,45651512472.0,100.0,138089719695.0
2019-03-09,Z305D52Z,ST4000DM000,4000787030016,0,117.0,135813536.0,91.0,0.0,100.0,10.0,100.0,0.0,85.0,371762181.0,69.0,27218.0,100.0,0.0,100.0,10.0,98.0,2.0,100.0,0.0,100.0,0.0,100.0,0.0,100.0,0.0,76.0,24.0,100.0,0.0,100.0,0.0,98.0,4366.0,24.0,24.0,100.0,0.0,100.0,0.0,200.0,0.0,100.0,27139.0,100.0,45666115856.0,100.0,138228899475.0
2019-03-10,Z305D52Z,ST4000DM000,4000787030016,0,113.0,51179152.0,91.0,0.0,100.0,10.0,100.0,0.0,85.0,373566190.0,69.0,27241.0,100.0,0.0,100.0,10.0,98.0,2.0,100.0,0.0,100.0,0.0,100.0,0.0,100.0,0.0,76.0,24.0,100.0,0.0,100.0,0.0,98.0,4366.0,24.0,24.0,100.0,0.0,100.0,0.0,200.0,0.0,100.0,27163.0,100.0,45680419312.0,100.0,138479797180.0
2019-03-11,Z305D52Z,ST4000DM000,4000787030016,0,113.0,54219992.0,91.0,0.0,100.0,10.0,100.0,0.0,85.0,375766212.0,69.0,27265.0,100.0,0.0,100.0,10.0,98.0,2.0,100.0,0.0,100.0,0.0,100.0,0.0,100.0,0.0,76.0,24.0,100.0,0.0,100.0,0.0,98.0,4366.0,24.0,24.0,100.0,0.0,100.0,0.0,200.0,0.0,100.0,27187.0,100.0,45703639264.0,100.0,138632542572.0
2019-03-12,Z305D52Z,ST4000DM000,4000787030016,0,116.0,108647400.0,91.0,0.0,100.0,10.0,100.0,0.0,85.0,377925252.0,69.0,27289.0,100.0,0.0,100.0,10.0,98.0,2.0,100.0,0.0,100.0,0.0,100.0,0.0,100.0,0.0,76.0,24.0,100.0,0.0,100.0,0.0,98.0,4366.0,24.0,24.0,100.0,0.0,100.0,0.0,200.0,0.0,100.0,27210.0,100.0,45733334576.0,100.0,138773069949.0
2019-03-13,Z305D52Z,ST4000DM000,4000787030016,0,117.0,142118696.0,91.0,0.0,100.0,10.0,100.0,0.0,85.0,379603442.0,69.0,27313.0,100.0,0.0,100.0,10.0,98.0,2.0,100.0,0.0,100.0,0.0,100.0,0.0,100.0,0.0,77.0,23.0,100.0,0.0,100.0,0.0,98.0,4366.0,23.0,23.0,100.0,0.0,100.0,0.0,200.0,0.0,100.0,27234.0,100.0,45747278368.0,100.0,138847285560.0
2019-03-14,Z305D52Z,ST4000DM000,4000787030016,0,117.0,160568248.0,91.0,0.0,100.0,10.0,100.0,0.0,85.0,380435853.0,69.0,27337.0,100.0,0.0,100.0,10.0,98.0,2.0,100.0,0.0,100.0,0.0,100.0,0.0,100.0,0.0,77.0,23.0,100.0,0.0,100.0,0.0,98.0,4366.0,23.0,23.0,100.0,0.0,100.0,0.0,200.0,0.0,100.0,27258.0,100.0,45762873944.0,100.0,138950613586.0
2019-03-15,Z305D52Z,ST4000DM000,4000787030016,0,118.0,183138856.0,91.0,0.0,100.0,10.0,100.0,0.0,85.0,381096775.0,69.0,27360.0,100.0,0.0,100.0,10.0,98.0,2.0,100.0,0.0,100.0,0.0,100.0,0.0,100.0,0.0,77.0,23.0,100.0,0.0,100.0,0.0,98.0,4366.0,23.0,23.0,100.0,0.0,100.0,0.0,200.0,0.0,100.0,27282.0,100.0,45789683656.0,100.0,139012529200.0
2019-03-16,Z305D52Z,ST4000DM000,4000787030016,0,114.0,67704368.0,91.0,0.0,100.0,10.0,100.0,0.0,85.0,382122858.0,69.0,27384.0,100.0,0.0,100.0,10.0,98.0,2.0,100.0,0.0,100.0,0.0,100.0,0.0,100.0,0.0,78.0,22.0,100.0,0.0,100.0,0.0,98.0,4366.0,22.0,22.0,100.0,0.0,100.0,0.0,200.0,0.0,100.0,27306.0,100.0,45813321816.0,100.0,139123054685.0
2019-03-17,Z305D52Z,ST4000DM000,4000787030016,0,110.0,28939424.0,91.0,0.0,100.0,10.0,100.0,0.0,85.0,383210731.0,69.0,27408.0,100.0,0.0,100.0,10.0,98.0,2.0,100.0,0.0,100.0,0.0,100.0,0.0,100.0,0.0,78.0,22.0,100.0,0.0,100.0,0.0,98.0,4366.0,22.0,22.0,100.0,0.0,100.0,0.0,200.0,0.0,100.0,27329.0,100.0,45825933928.0,100.0,139241804766.0
2019-03-18,Z305D52Z,ST4000DM000,4000787030016,0,116.0,107074208.0,91.0,0.0,100.0,10.0,100.0,0.0,85.0,385062967.0,69.0,27432.0,100.0,0.0,100.0,10.0,98.0,2.0,100.0,0.0,100.0,0.0,100.0,0.0,100.0,0.0,78.0,22.0,100.0,0.0,100.0,0.0,98.0,4366.0,22.0,22.0,100.0,0.0,100.0,0.0,200.0,0.0,100.0,27353.0,100.0,45856489272.0,100.0,139350705395.0
2019-03-19,Z305D52Z,ST4000DM000,4000787030016,0,108.0,19294744.0,91.0,0.0,100.0,10.0,100.0,0.0,85.0,385544372.0,69.0,27456.0,100.0,0.0,100.0,10.0,98.0,2.0,100.0,0.0,100.0,0.0,100.0,0.0,100.0,0.0,77.0,23.0,100.0,0.0,100.0,0.0,98.0,4366.0,23.0,23.0,100.0,0.0,100.0,0.0,200.0,0.0,100.0,27377.0,100.0,45887369376.0,100.0,139371484265.0
2019-03-20,Z305D52Z,ST4000DM000,4000787030016,0,119.0,208976680.0,91.0,0.0,100.0,10.0,100.0,0.0,85.0,387328871.0,69.0,27480.0,100.0,0.0,100.0,10.0,98.0,2.0,100.0,0.0,100.0,0.0,100.0,0.0,100.0,0.0,76.0,24.0,100.0,0.0,100.0,0.0,98.0,4366.0,24.0,24.0,100.0,0.0,100.0,0.0,200.0,0.0,100.0,27401.0,100.0,45909871832.0,100.0,139459410790.0
2019-03-21,Z305D52Z,ST4000DM000,4000787030016,0,117.0,139268912.0,91.0,0.0,100.0,10.0,100.0,0.0,85.0,388507317.0,69.0,27503.0,100.0,0.0,100.0,10.0,98.0,2.0,100.0,0.0,100.0,0.0,100.0,0.0,100.0,0.0,76.0,24.0,100.0,0.0,100.0,0.0,98.0,4366.0,24.0,24.0,100.0,0.0,100.0,0.0,200.0,0.0,100.0,27425.0,100.0,45930144112.0,100.0,139573756890.0
2019-03-22,Z305D52Z,ST4000DM000,4000787030016,0,117.0,154592992.0,91.0,0.0,100.0,10.0,100.0,0.0,85.0,389293146.0,69.0,27527.0,100.0,0.0,100.0,10.0,98.0,2.0,100.0,0.0,100.0,0.0,100.0,0.0,100.0,0.0,77.0,23.0,100.0,0.0,100.0,0.0,98.0,4366.0,23.0,23.0,100.0,0.0,100.0,0.0,200.0,0.0,100.0,27449.0,100.0,45943593984.0,100.0,139665002533.0
2019-03-23,Z305D52Z,ST4000DM000,4000787030016,0,120.0,235943416.0,91.0,0.0,100.0,10.0,100.0,0.0,85.0,390783186.0,69.0,27551.0,100.0,0.0,100.0,10.0,98.0,2.0,100.0,0.0,100.0,0.0,100.0,0.0,100.0,0.0,77.0,23.0,100.0,0.0,100.0,0.0,98.0,4366.0,23.0,23.0,100.0,0.0,100.0,0.0,200.0,0.0,100.0,27473.0,100.0,45965576064.0,100.0,139716864791.0
2019-03-24,Z305D52Z,ST4000DM000,4000787030016,0,112.0,44182496.0,91.0,0.0,100.0,10.0,100.0,0.0,85.0,391912547.0,69.0,27575.0,100.0,0.0,100.0,10.0,98.0,2.0,100.0,0.0,100.0,0.0,100.0,0.0,100.0,0.0,77.0,23.0,100.0,0.0,100.0,0.0,98.0,4366.0,23.0,23.0,100.0,0.0,100.0,0.0,200.0,0.0,100.0,27496.0,100.0,45987597856.0,100.0,139815784215.0
2019-03-25,Z305D52Z,ST4000DM000,4000787030016,0,117.0,129965592.0,91.0,0.0,100.0,10.0,100.0,0.0,85.0,393857086.0,69.0,27599.0,100.0,0.0,100.0,10.0,98.0,2.0,100.0,0.0,100.0,0.0,100.0,0.0,100.0,0.0,77.0,23.0,100.0,0.0,100.0,0.0,98.0,4366.0,23.0,23.0,100.0,0.0,100.0,0.0,200.0,0.0,100.0,27520.0,100.0,46004763808.0,100.0,139929727440.0
2019-03-26,Z305D52Z,ST4000DM000,4000787030016,0,118.0,177548464.0,91.0,0.0,100.0,10.0,100.0,0.0,85.0,394299222.0,69.0,27623.0,100.0,0.0,100.0,10.0,98.0,2.0,100.0,0.0,100.0,0.0,100.0,0.0,100.0,0.0,77.0,23.0,100.0,0.0,100.0,0.0,98.0,4366.0,23.0,23.0,100.0,0.0,100.0,0.0,200.0,0.0,100.0,27544.0,100.0,46023703048.0,100.0,139955401863.0
2019-03-27,Z305D52Z,ST4000DM000,4000787030016,0,118.0,187712440.0,91.0,0.0,100.0,10.0,100.0,0.0,85.0,395814543.0,69.0,27646.0,100.0,0.0,100.0,10.0,98.0,2.0,100.0,0.0,100.0,0.0,100.0,0.0,100.0,0.0,77.0,23.0,100.0,0.0,100.0,0.0,98.0,4366.0,23.0,23.0,100.0,0.0,100.0,0.0,200.0,0.0,100.0,27568.0,100.0,46046780656.0,100.0,139997419929.0
2019-03-28,Z305D52Z,ST4000DM000,4000787030016,0,102.0,5074224.0,91.0,0.0,100.0,10.0,100.0,0.0,85.0,396552320.0,69.0,27670.0,100.0,0.0,100.0,10.0,98.0,2.0,100.0,0.0,100.0,0.0,100.0,0.0,100.0,0.0,77.0,23.0,100.0,0.0,100.0,0.0,98.0,4366.0,23.0,23.0,100.0,0.0,100.0,0.0,200.0,0.0,100.0,27592.0,100.0,46057933008.0,100.0,140081226083.0
2019-03-29,Z305D52Z,ST4000DM000,4000787030016,0,108.0,19557568.0,91.0,0.0,100.0,10.0,100.0,0.0,85.0,397463208.0,69.0,27694.0,100.0,0.0,100.0,10.0,98.0,2.0,100.0,0.0,100.0,0.0,100.0,0.0,100.0,0.0,77.0,23.0,100.0,0.0,100.0,0.0,98.0,4366.0,23.0,23.0,100.0,0.0,100.0,0.0,200.0,0.0,100.0,27615.0,100.0,46072060720.0,100.0,140184229762.0
2019-03-30,Z305D52Z,ST4000DM000,4000787030016,0,118.0,179835320.0,91.0,0.0,100.0,10.0,100.0,0.0,85.0,398465117.0,69.0,27717.0,100.0,0.0,100.0,10.0,98.0,2.0,100.0,0.0,100.0,0.0,100.0,0.0,100.0,0.0,76.0,24.0,100.0,0.0,100.0,0.0,98.0,4366.0,24.0,24.0,100.0,0.0,100.0,0.0,200.0,0.0,100.0,27639.0,100.0,46086775144.0,100.0,140290591555.0
2019-03-31,Z305D52Z,ST4000DM000,4000787030016,0,119.0,230215376.0,91.0,0.0,100.0,10.0,100.0,0.0,85.0,399667378.0,69.0,27741.0,100.0,0.0,100.0,10.0,98.0,2.0,100.0,0.0,100.0,0.0,100.0,0.0,100.0,0.0,76.0,24.0,100.0,0.0,100.0,0.0,98.0,4366.0,24.0,24.0,100.0,0.0,100.0,0.0,200.0,0.0,100.0,27662.0,100.0,46108598744.0,100.0,140398260100.0
2019-04-01,Z305D52Z,ST4000DM000,4000787030016,0,117.0,146467912.0,91.0,0.0,100.0,10.0,100.0,0.0,86.0,403167206.0,69.0,27764.0,100.0,0.0,100.0,10.0,98.0,2.0,100.0,0.0,100.0,0.0,100.0,0.0,100.0,0.0,77.0,23.0,100.0,0.0,100.0,0.0,98.0,4366.0,23.0,23.0,100.0,0.0,100.0,0.0,200.0,0.0,100.0,27686.0,100.0,46134487792.0,100.0,140536195878.0
2019-04-02,Z305D52Z,ST4000DM000,4000787030016,0,102.0,5196520.0,91.0,0.0,100.0,10.0,100.0,0.0,86.0,404072778.0,69.0,27788.0,100.0,0.0,100.0,10.0,98.0,2.0,100.0,0.0,100.0,0.0,100.0,0.0,100.0,0.0,77.0,23.0,100.0,0.0,100.0,0.0,98.0,4366.0,23.0,23.0,100.0,0.0,100.0,0.0,200.0,0.0,100.0,27709.0,100.0,46161450304.0,100.0,140641163683.0
2019-04-03,Z305D52Z,ST4000DM000,4000787030016,0,116.0,102855232.0,91.0,0.0,100.0,12.0,100.0,0.0,86.0,404482850.0,69.0,27821.0,100.0,0.0,100.0,12.0,98.0,2.0,100.0,0.0,100.0,0.0,100.0,0.0,100.0,0.0,77.0,23.0,100.0,0.0,100.0,1.0,98.0,4401.0,23.0,23.0,100.0,0.0,100.0,0.0,200.0,0.0,100.0,27725.0,100.0,46180406384.0,100.0,140692519267.0
2019-04-04,Z305D52Z,ST4000DM000,4000787030016,0,118.0,177407416.0,91.0,0.0,100.0,12.0,100.0,0.0,86.0,405067803.0,69.0,27845.0,100.0,0.0,100.0,12.0,98.0,2.0,100.0,0.0,100.0,0.0,100.0,0.0,100.0,0.0,78.0,22.0,100.0,0.0,100.0,1.0,98.0,4403.0,22.0,22.0,100.0,0.0,100.0,0.0,200.0,0.0,100.0,27749.0,100.0,46192345920.0,100.0,140845408763.0
2019-04-05,Z305D52Z,ST4000DM000,4000787030016,0,117.0,118148648.0,91.0,0.0,100.0,12.0,100.0,0.0,86.0,405545803.0,69.0,27869.0,100.0,0.0,100.0,12.0,98.0,2.0,100.0,0.0,100.0,0.0,100.0,0.0,100.0,0.0,78.0,22.0,100.0,0.0,100.0,1.0,98.0,4403.0,22.0,22.0,100.0,0.0,100.0,0.0,200.0,0.0,100.0,27772.0,100.0,46204459872.0,100.0,140969689206.0
2019-04-06,Z305D52Z,ST4000DM000,4000787030016,0,119.0,230560792.0,91.0,0.0,100.0,12.0,100.0,0.0,86.0,406146681.0,69.0,27892.0,100.0,0.0,100.0,12.0,98.0,2.0,100.0,0.0,100.0,0.0,100.0,0.0,100.0,0.0,77.0,23.0,100.0,0.0,100.0,1.0,98.0,4403.0,23.0,23.0,100.0,0.0,100.0,0.0,200.0,0.0,100.0,27796.0,100.0,46218668112.0,100.0,141116392798.0
2019-04-07,Z305D52Z,ST4000DM000,4000787030016,0,114.0,61347712.0,91.0,0.0,100.0,12.0,100.0,0.0,86.0,407286448.0,69.0,27916.0,100.0,0.0,100.0,12.0,98.0,2.0,100.0,0.0,100.0,0.0,100.0,0.0,100.0,0.0,77.0,23.0,100.0,0.0,100.0,1.0,98.0,4403.0,23.0,23.0,100.0,0.0,100.0,0.0,200.0,0.0,100.0,27820.0,100.0,46234590328.0,100.0,141259156071.0
2019-04-08,Z305D52Z,ST4000DM000,4000787030016,0,117.0,127898528.0,91.0,0.0,100.0,12.0,100.0,0.0,86.0,408404646.0,69.0,27940.0,100.0,0.0,100.0,12.0,98.0,2.0,100.0,0.0,100.0,0.0,100.0,0.0,100.0,0.0,77.0,23.0,100.0,0.0,100.0,1.0,98.0,4403.0,23.0,23.0,100.0,0.0,100.0,0.0,200.0,0.0,100.0,27844.0,100.0,46247933088.0,100.0,141422232735.0
2019-04-09,Z305D52Z,ST4000DM000,4000787030016,0,100.0,2987304.0,91.0,0.0,100.0,12.0,100.0,0.0,86.0,409126982.0,69.0,27964.0,100.0,0.0,100.0,12.0,98.0,2.0,100.0,0.0,100.0,0.0,100.0,0.0,100.0,0.0,78.0,22.0,100.0,0.0,100.0,1.0,98.0,4403.0,22.0,22.0,100.0,0.0,100.0,0.0,200.0,0.0,100.0,27868.0,100.0,46281759632.0,100.0,141610810714.0
2019-04-10,Z305D52Z,ST4000DM000,4000787030016,0,117.0,153638976.0,91.0,0.0,100.0,12.0,100.0,0.0,86.0,410859450.0,69.0,27988.0,100.0,0.0,100.0,12.0,98.0,2.0,100.0,0.0,100.0,0.0,100.0,0.0,100.0,0.0,78.0,22.0,100.0,0.0,100.0,1.0,98.0,4403.0,22.0,22.0,100.0,0.0,100.0,0.0,200.0,0.0,100.0,27892.0,100.0,46315245808.0,100.0,141755933229.0
2019-04-11,Z305D52Z,ST4000DM000,4000787030016,0,115.0,90540208.0,91.0,0.0,100.0,12.0,100.0,0.0,86.0,411796114.0,69.0,28012.0,100.0,0.0,100.0,12.0,98.0,2.0,100.0,0.0,100.0,0.0,100.0,0.0,100.0,0.0,78.0,22.0,100.0,0.0,100.0,1.0,98.0,4403.0,22.0,22.0,100.0,0.0,100.0,0.0,200.0,0.0,100.0,27916.0,100.0,46343550064.0,100.0,141904894785.0
2019-04-12,Z305D52Z,ST4000DM000,4000787030016,0,119.0,227815760.0,91.0,0.0,100.0,12.0,100.0,0.0,86.0,412480286.0,68.0,28035.0,100.0,0.0,100.0,12.0,98.0,2.0,100.0,0.0,100.0,0.0,100.0,0.0,100.0,0.0,78.0,22.0,100.0,0.0,100.0,0.0,98.0,4405.0,22.0,22.0,100.0,0.0,100.0,0.0,200.0,0.0,100.0,27939.0,100.0,46357435352.0,100.0,142024028524.0
2019-04-13,Z305D52Z,ST4000DM000,4000787030016,0,119.0,215165240.0,91.0,0.0,100.0,12.0,100.0,0.0,86.0,415216900.0,68.0,28059.0,100.0,0.0,100.0,12.0,98.0,2.0,100.0,0.0,100.0,0.0,100.0,0.0,100.0,0.0,77.0,23.0,100.0,0.0,100.0,0.0,98.0,4405.0,23.0,23.0,100.0,0.0,100.0,0.0,200.0,0.0,100.0,27963.0,100.0,46376897320.0,100.0,142186681535.0
2019-04-14,Z305D52Z,ST4000DM000,4000787030016,0,117.0,125526064.0,91.0,0.0,100.0,12.0,100.0,0.0,86.0,417152736.0,68.0,28083.0,100.0,0.0,100.0,12.0,98.0,2.0,100.0,0.0,100.0,0.0,100.0,0.0,100.0,0.0,77.0,23.0,100.0,0.0,100.0,0.0,98.0,4405.0,23.0,23.0,100.0,0.0,100.0,0.0,200.0,0.0,100.0,27987.0,100.0,46393874192.0,100.0,142373973157.0
2019-04-15,Z305D52Z,ST4000DM000,4000787030016,0,117.0,153389168.0,91.0,0.0,100.0,12.0,100.0,0.0,86.0,418931301.0,68.0,28107.0,100.0,0.0,100.0,12.0,98.0,2.0,100.0,0.0,100.0,0.0,100.0,0.0,100.0,0.0,77.0,23.0,100.0,0.0,100.0,0.0,98.0,4405.0,23.0,23.0,100.0,0.0,100.0,0.0,200.0,0.0,100.0,28011.0,100.0,46406293072.0,100.0,142524697262.0
2019-04-16,Z305D52Z,ST4000DM000,4000787030016,0,115.0,100258472.0,91.0,0.0,100.0,12.0,100.0,0.0,86.0,420061222.0,68.0,28131.0,100.0,0.0,100.0,12.0,98.0,2.0,100.0,0.0,100.0,0.0,100.0,0.0,100.0,0.0,77.0,23.0,100.0,0.0,100.0,0.0,98.0,4405.0,23.0,23.0,100.0,0.0,100.0,0.0,200.0,0.0,100.0,28034.0,100.0,46417772560.0,100.0,142671660406.0
2019-04-17,Z305D52Z,ST4000DM000,4000787030016,0,117.0,131223928.0,91.0,0.0,100.0,12.0,100.0,0.0,86.0,421839126.0,68.0,28155.0,100.0,0.0,100.0,12.0,98.0,2.0,100.0,0.0,100.0,0.0,100.0,0.0,100.0,0.0,77.0,23.0,100.0,0.0,100.0,0.0,98.0,4406.0,23.0,23.0,100.0,0.0,100.0,0.0,200.0,0.0,100.0,28058.0,100.0,46442413496.0,100.0,142774634535.0
2019-04-18,Z305D52Z,ST4000DM000,4000787030016,0,120.0,239467944.0,91.0,0.0,100.0,12.0,100.0,0.0,86.0,422821645.0,68.0,28178.0,100.0,0.0,100.0,12.0,98.0,2.0,100.0,0.0,100.0,0.0,100.0,0.0,100.0,0.0,77.0,23.0,100.0,0.0,100.0,0.0,98.0,4406.0,23.0,23.0,100.0,0.0,100.0,0.0,200.0,0.0,100.0,28082.0,100.0,46459868848.0,100.0,142898923756.0
2019-04-19,Z305D52Z,ST4000DM000,4000787030016,0,116.0,105078888.0,91.0,0.0,100.0,12.0,100.0,0.0,86.0,423557638.0,68.0,28202.0,100.0,0.0,100.0,12.0,98.0,2.0,100.0,0.0,100.0,0.0,100.0,0.0,100.0,0.0,78.0,22.0,100.0,0.0,100.0,0.0,98.0,4406.0,22.0,22.0,100.0,0.0,100.0,0.0,200.0,0.0,100.0,28105.0,100.0,46477694264.0,100.0,142983960663.0
2019-04-20,Z305D52Z,ST4000DM000,4000787030016,0,114.0,83799568.0,91.0,0.0,100.0,12.0,100.0,0.0,86.0,424423155.0,68.0,28225.0,100.0,0.0,100.0,12.0,98.0,2.0,100.0,0.0,100.0,0.0,100.0,0.0,100.0,0.0,78.0,22.0,100.0,0.0,100.0,0.0,98.0,4406.0,22.0,22.0,100.0,0.0,100.0,0.0,200.0,0.0,100.0,28129.0,100.0,46495599032.0,100.0,143079602104.0
2019-04-21,Z305D52Z,ST4000DM000,4000787030016,0,112.0,41972360.0,91.0,0.0,100.0,12.0,100.0,0.0,86.0,425640843.0,68.0,28249.0,100.0,0.0,100.0,12.0,98.0,2.0,100.0,0.0,100.0,0.0,100.0,0.0,100.0,0.0,76.0,24.0,100.0,0.0,100.0,0.0,98.0,4406.0,24.0,24.0,100.0,0.0,100.0,0.0,200.0,0.0,100.0,28152.0,100.0,46505908768.0,100.0,143241822135.0
2019-04-22,Z305D52Z,ST4000DM000,4000787030016,0,117.0,136492832.0,91.0,0.0,100.0,12.0,100.0,0.0,86.0,427642241.0,68.0,28272.0,100.0,0.0,100.0,12.0,98.0,2.0,100.0,0.0,100.0,0.0,100.0,0.0,100.0,0.0,77.0,23.0,100.0,0.0,100.0,0.0,98.0,4406.0,23.0,23.0,100.0,0.0,100.0,0.0,200.0,0.0,100.0,28176.0,100.0,46519981224.0,100.0,143387523241.0
2019-04-23,Z305D52Z,ST4000DM000,4000787030016,0,117.0,138191944.0,91.0,0.0,100.0,12.0,100.0,0.0,86.0,428344772.0,68.0,28296.0,100.0,0.0,100.0,12.0,98.0,2.0,100.0,0.0,100.0,0.0,100.0,0.0,100.0,0.0,78.0,22.0,100.0,0.0,100.0,0.0,98.0,4406.0,22.0,22.0,100.0,0.0,100.0,0.0,200.0,0.0,100.0,28199.0,100.0,46534883112.0,100.0,143475437155.0
2019-04-24,Z305D52Z,ST4000DM000,4000787030016,0,115.0,92927680.0,91.0,0.0,100.0,12.0,100.0,0.0,86.0,430213735.0,68.0,28319.0,100.0,0.0,100.0,12.0,98.0,2.0,100.0,0.0,100.0,0.0,100.0,0.0,100.0,0.0,78.0,22.0,100.0,0.0,100.0,0.0,98.0,4406.0,22.0,22.0,100.0,0.0,100.0,0.0,200.0,0.0,100.0,28223.0,100.0,46569265424.0,100.0,143569795856.0
2019-04-25,Z305D52Z,ST4000DM000,4000787030016,0,120.0,235484992.0,91.0,0.0,100.0,12.0,100.0,0.0,86.0,431298467.0,68.0,28343.0,100.0,0.0,100.0,12.0,98.0,2.0,100.0,0.0,100.0,0.0,100.0,0.0,100.0,0.0,78.0,22.0,100.0,0.0,100.0,0.0,98.0,4407.0,22.0,22.0,100.0,0.0,100.0,0.0,200.0,0.0,100.0,28247.0,100.0,46604626368.0,100.0,143684604619.0
2019-04-26,Z305D52Z,ST4000DM000,4000787030016,0,109.0,24610696.0,91.0,0.0,100.0,12.0,100.0,0.0,86.0,434152443.0,68.0,28366.0,100.0,0.0,100.0,12.0,98.0,2.0,100.0,0.0,100.0,0.0,100.0,0.0,100.0,0.0,78.0,22.0,100.0,0.0,100.0,0.0,98.0,4407.0,22.0,22.0,100.0,0.0,100.0,0.0,200.0,0.0,100.0,28270.0,100.0,46669373768.0,100.0,143838285275.0
2019-04-27,Z305D52Z,ST4000DM000,4000787030016,0,120.0,236311000.0,91.0,0.0,100.0,12.0,100.0,0.0,86.0,435950382.0,68.0,28390.0,100.0,0.0,100.0,12.0,98.0,2.0,100.0,0.0,100.0,0.0,100.0,0.0,100.0,0.0,77.0,23.0,100.0,0.0,100.0,0.0,98.0,4407.0,23.0,23.0,100.0,0.0,100.0,0.0,200.0,0.0,100.0,28294.0,100.0,46684752920.0,100.0,144088226018.0
2019-04-28,Z305D52Z,ST4000DM000,4000787030016,0,109.0,25055728.0,91.0,0.0,100.0,12.0,100.0,0.0,86.0,438717394.0,68.0,28425.0,100.0,0.0,100.0,12.0,98.0,2.0,100.0,0.0,100.0,0.0,100.0,0.0,100.0,0.0,77.0,23.0,100.0,0.0,100.0,0.0,98.0,4407.0,23.0,23.0,100.0,0.0,100.0,0.0,200.0,0.0,100.0,28329.0,100.0,46721334872.0,100.0,144304898599.0
2019-04-29,Z305D52Z,ST4000DM000,4000787030016,0,112.0,45559520.0,91.0,0.0,100.0,12.0,100.0,0.0,86.0,439554906.0,68.0,28449.0,100.0,0.0,100.0,12.0,98.0,2.0,100.0,0.0,100.0,0.0,100.0,0.0,100.0,0.0,77.0,23.0,100.0,0.0,100.0,0.0,98.0,4407.0,23.0,23.0,100.0,0.0,100.0,0.0,200.0,0.0,100.0,28352.0,100.0,46740331736.0,100.0,144403698985.0
2019-04-30,Z305D52Z,ST4000DM000,4000787030016,0,112.0,45665456.0,91.0,0.0,100.0,12.0,100.0,0.0,86.0,440132456.0,68.0,28472.0,100.0,0.0,100.0,12.0,98.0,2.0,100.0,0.0,100.0,0.0,100.0,0.0,100.0,0.0,77.0,23.0,100.0,0.0,100.0,0.0,98.0,4407.0,23.0,23.0,100.0,0.0,100.0,0.0,200.0,0.0,100.0,28376.0,100.0,46753267856.0,100.0,144464270630.0
2019-05-01,Z305D52Z,ST4000DM000,4000787030016,0,101.0,3398408.0,91.0,0.0,100.0,12.0,100.0,0.0,86.0,441420641.0,68.0,28484.0,100.0,0.0,100.0,12.0,98.0,2.0,100.0,0.0,100.0,0.0,100.0,0.0,100.0,0.0,77.0,23.0,100.0,0.0,100.0,0.0,98.0,4408.0,23.0,23.0,100.0,0.0,100.0,0.0,200.0,0.0,100.0,28388.0,100.0,46763380736.0,100.0,144504729404.0
2019-05-02,Z305D52Z,ST4000DM000,4000787030016,0,117.0,153270096.0,91.0,0.0,100.0,12.0,100.0,0.0,86.0,442295228.0,68.0,28507.0,100.0,0.0,100.0,12.0,98.0,2.0,100.0,0.0,100.0,0.0,100.0,0.0,100.0,0.0,77.0,23.0,100.0,0.0,100.0,0.0,98.0,4409.0,23.0,23.0,100.0,0.0,100.0,0.0,200.0,0.0,100.0,28411.0,100.0,46775496712.0,100.0,144600529397.0
2019-05-03,Z305D52Z,ST4000DM000,4000787030016,0,118.0,176986488.0,91.0,0.0,100.0,12.0,100.0,0.0,86.0,443470770.0,68.0,28531.0,100.0,0.0,100.0,12.0,98.0,2.0,100.0,0.0,100.0,0.0,100.0,0.0,100.0,0.0,77.0,23.0,100.0,0.0,100.0,0.0,98.0,4409.0,23.0,23.0,100.0,0.0,100.0,0.0,200.0,0.0,100.0,28434.0,100.0,46792361256.0,100.0,144725760530.0
2019-05-04,Z305D52Z,ST4000DM000,4000787030016,0,116.0,112813184.0,91.0,0.0,100.0,12.0,100.0,0.0,86.0,444112593.0,68.0,28554.0,100.0,0.0,100.0,12.0,98.0,2.0,100.0,0.0,100.0,0.0,100.0,0.0,100.0,0.0,77.0,23.0,100.0,0.0,100.0,0.0,98.0,4409.0,23.0,23.0,100.0,0.0,100.0,0.0,200.0,0.0,100.0,28458.0,100.0,46804369352.0,100.0,144788575611.0
2019-05-05,Z305D52Z,ST4000DM000,4000787030016,0,115.0,89148296.0,91.0,0.0,100.0,12.0,100.0,0.0,86.0,444481951.0,68.0,28578.0,100.0,0.0,100.0,12.0,98.0,2.0,100.0,0.0,100.0,0.0,100.0,0.0,100.0,0.0,77.0,23.0,100.0,0.0,100.0,0.0,98.0,4409.0,23.0,23.0,100.0,0.0,100.0,0.0,200.0,0.0,100.0,28481.0,100.0,46821078168.0,100.0,144811084168.0
2019-05-06,Z305D52Z,ST4000DM000,4000787030016,0,113.0,56291296.0,91.0,0.0,100.0,12.0,100.0,0.0,86.0,446670684.0,68.0,28601.0,100.0,0.0,100.0,12.0,98.0,2.0,100.0,0.0,100.0,0.0,100.0,0.0,100.0,0.0,77.0,23.0,100.0,0.0,100.0,0.0,98.0,4409.0,23.0,23.0,100.0,0.0,100.0,0.0,200.0,0.0,100.0,28505.0,100.0,46836714768.0,100.0,144955564624.0
2019-05-07,Z305D52Z,ST4000DM000,4000787030016,0,111.0,33559600.0,91.0,0.0,100.0,12.0,100.0,0.0,86.0,447354886.0,68.0,28625.0,100.0,0.0,100.0,12.0,98.0,2.0,100.0,0.0,100.0,0.0,100.0,0.0,100.0,0.0,77.0,23.0,100.0,0.0,100.0,0.0,98.0,4409.0,23.0,23.0,100.0,0.0,100.0,0.0,200.0,0.0,100.0,28528.0,100.0,46850171944.0,100.0,145024186333.0
2019-05-08,Z305D52Z,ST4000DM000,4000787030016,0,118.0,176386960.0,91.0,0.0,100.0,12.0,100.0,0.0,86.0,448897874.0,68.0,28648.0,100.0,0.0,100.0,12.0,98.0,2.0,100.0,0.0,100.0,0.0,100.0,0.0,100.0,0.0,76.0,24.0,100.0,0.0,100.0,0.0,98.0,4409.0,24.0,24.0,100.0,0.0,100.0,0.0,200.0,0.0,100.0,28552.0,100.0,46867103104.0,100.0,145122645776.0
2019-05-09,Z305D52Z,ST4000DM000,4000787030016,0,115.0,92176328.0,91.0,0.0,100.0,12.0,100.0,0.0,86.0,449943095.0,68.0,28672.0,100.0,0.0,100.0,12.0,98.0,2.0,100.0,0.0,100.0,0.0,100.0,0.0,100.0,0.0,77.0,23.0,100.0,0.0,100.0,0.0,98.0,4410.0,23.0,23.0,100.0,0.0,100.0,0.0,200.0,0.0,100.0,28575.0,100.0,46882506104.0,100.0,145186023908.0
2019-05-10,Z305D52Z,ST4000DM000,4000787030016,0,108.0,20265416.0,91.0,0.0,100.0,12.0,100.0,0.0,86.0,452147211.0,68.0,28707.0,100.0,0.0,100.0,12.0,98.0,2.0,100.0,0.0,100.0,0.0,100.0,0.0,100.0,0.0,77.0,23.0,100.0,0.0,100.0,0.0,98.0,4410.0,23.0,23.0,100.0,0.0,100.0,0.0,200.0,0.0,100.0,28611.0,100.0,46922113040.0,100.0,145253171206.0
2019-05-11,Z305D52Z,ST4000DM000,4000787030016,0,120.0,237910240.0,91.0,0.0,100.0,12.0,100.0,0.0,86.0,452916254.0,68.0,28730.0,100.0,0.0,100.0,12.0,98.0,2.0,100.0,0.0,100.0,0.0,100.0,0.0,100.0,0.0,77.0,23.0,100.0,0.0,100.0,0.0,98.0,4410.0,23.0,23.0,100.0,0.0,100.0,0.0,200.0,0.0,100.0,28634.0,100.0,46932594168.0,100.0,145348969841.0
2019-05-12,Z305D52Z,ST4000DM000,4000787030016,0,116.0,102299496.0,91.0,0.0,100.0,12.0,100.0,0.0,86.0,454110874.0,68.0,28754.0,100.0,0.0,100.0,12.0,98.0,2.0,100.0,0.0,100.0,0.0,100.0,0.0,100.0,0.0,77.0,23.0,100.0,0.0,100.0,0.0,98.0,4410.0,23.0,23.0,100.0,0.0,100.0,0.0,200.0,0.0,100.0,28657.0,100.0,46948355704.0,100.0,145472911639.0
2019-05-13,Z305D52Z,ST4000DM000,4000787030016,0,119.0,208154424.0,91.0,0.0,100.0,12.0,100.0,0.0,86.0,456274510.0,68.0,28777.0,100.0,0.0,100.0,12.0,98.0,2.0,100.0,0.0,100.0,0.0,100.0,0.0,100.0,0.0,77.0,23.0,100.0,0.0,100.0,0.0,98.0,4410.0,23.0,23.0,100.0,0.0,100.0,0.0,200.0,0.0,100.0,28681.0,100.0,46964744000.0,100.0,145606441975.0
2019-05-14,Z305D52Z,ST4000DM000,4000787030016,0,115.0,87715000.0,91.0,0.0,100.0,12.0,100.0,0.0,86.0,457586504.0,68.0,28801.0,100.0,0.0,100.0,12.0,98.0,2.0,100.0,0.0,100.0,0.0,100.0,0.0,100.0,0.0,77.0,23.0,100.0,0.0,100.0,0.0,98.0,4410.0,23.0,23.0,100.0,0.0,100.0,0.0,200.0,0.0,100.0,28704.0,100.0,46978622744.0,100.0,145718312508.0
2019-05-15,Z305D52Z,ST4000DM000,4000787030016,0,117.0,142595848.0,91.0,0.0,100.0,12.0,100.0,0.0,86.0,459128700.0,68.0,28824.0,100.0,0.0,100.0,12.0,98.0,2.0,100.0,0.0,100.0,0.0,100.0,0.0,100.0,0.0,77.0,23.0,100.0,0.0,100.0,0.0,98.0,4410.0,23.0,23.0,100.0,0.0,100.0,0.0,200.0,0.0,100.0,28728.0,100.0,46994844704.0,100.0,145802377881.0
2019-05-16,Z305D52Z,ST4000DM000,4000787030016,0,116.0,108621168.0,91.0,0.0,100.0,12.0,100.0,0.0,86.0,459680149.0,68.0,28848.0,100.0,0.0,100.0,12.0,98.0,2.0,100.0,0.0,100.0,0.0,100.0,0.0,100.0,0.0,77.0,23.0,100.0,0.0,100.0,0.0,98.0,4412.0,23.0,23.0,100.0,0.0,100.0,0.0,200.0,0.0,100.0,28751.0,100.0,47011013008.0,100.0,145875228832.0
2019-05-17,Z305D52Z,ST4000DM000,4000787030016,0,117.0,162923088.0,91.0,0.0,100.0,12.0,100.0,0.0,86.0,460563808.0,68.0,28871.0,100.0,0.0,100.0,12.0,98.0,2.0,100.0,0.0,100.0,0.0,100.0,0.0,100.0,0.0,77.0,23.0,100.0,0.0,100.0,0.0,98.0,4412.0,23.0,23.0,100.0,0.0,100.0,0.0,200.0,0.0,100.0,28775.0,100.0,47031190976.0,100.0,146008050938.0
2019-05-18,Z305D52Z,ST4000DM000,4000787030016,0,117.0,147209520.0,91.0,0.0,100.0,12.0,100.0,0.0,86.0,461356330.0,68.0,28895.0,100.0,0.0,100.0,12.0,98.0,2.0,100.0,0.0,100.0,0.0,100.0,0.0,100.0,0.0,77.0,23.0,100.0,0.0,100.0,0.0,98.0,4412.0,23.0,23.0,100.0,0.0,100.0,0.0,200.0,0.0,100.0,28798.0,100.0,47044886432.0,100.0,146132212938.0
2019-05-19,Z305D52Z,ST4000DM000,4000787030016,0,112.0,48287344.0,91.0,0.0,100.0,12.0,100.0,0.0,86.0,462230908.0,67.0,28918.0,100.0,0.0,100.0,12.0,98.0,2.0,100.0,0.0,100.0,0.0,100.0,0.0,100.0,0.0,76.0,24.0,100.0,0.0,100.0,0.0,98.0,4412.0,24.0,24.0,100.0,0.0,100.0,0.0,200.0,0.0,100.0,28822.0,100.0,47059193872.0,100.0,146250534215.0
2019-05-20,Z305D52Z,ST4000DM000,4000787030016,0,117.0,155868560.0,91.0,0.0,100.0,12.0,100.0,0.0,86.0,464221024.0,67.0,28942.0,100.0,0.0,100.0,12.0,98.0,2.0,100.0,0.0,100.0,0.0,100.0,0.0,100.0,0.0,77.0,23.0,100.0,0.0,100.0,0.0,98.0,4412.0,23.0,23.0,100.0,0.0,100.0,0.0,200.0,0.0,100.0,28846.0,100.0,47080874352.0,100.0,146378984282.0
2019-05-21,Z305D52Z,ST4000DM000,4000787030016,0,120.0,237883400.0,91.0,0.0,100.0,12.0,100.0,0.0,86.0,465484005.0,67.0,28978.0,100.0,0.0,100.0,12.0,98.0,2.0,100.0,0.0,100.0,0.0,100.0,0.0,100.0,0.0,78.0,22.0,100.0,0.0,100.0,0.0,98.0,4412.0,22.0,22.0,100.0,0.0,100.0,0.0,200.0,0.0,100.0,28881.0,100.0,47103319440.0,100.0,146551303409.0
2019-05-22,Z305D52Z,ST4000DM000,4000787030016,0,119.0,225030808.0,91.0,0.0,100.0,12.0,100.0,0.0,86.0,466888941.0,67.0,28990.0,100.0,0.0,100.0,12.0,98.0,2.0,100.0,0.0,100.0,0.0,100.0,0.0,100.0,0.0,77.0,23.0,100.0,0.0,100.0,0.0,98.0,4414.0,23.0,23.0,100.0,0.0,100.0,0.0,200.0,0.0,100.0,28893.0,100.0,47114474400.0,100.0,146598802952.0
2019-05-23,Z305D52Z,ST4000DM000,4000787030016,0,118.0,170547584.0,91.0,0.0,100.0,12.0,100.0,0.0,86.0,467552630.0,67.0,29013.0,100.0,0.0,100.0,12.0,98.0,2.0,100.0,0.0,100.0,0.0,100.0,0.0,100.0,0.0,77.0,23.0,100.0,0.0,100.0,0.0,98.0,4415.0,23.0,23.0,100.0,0.0,100.0,0.0,200.0,0.0,100.0,28917.0,100.0,47132763208.0,100.0,146682965923.0
2019-05-24,Z305D52Z,ST4000DM000,4000787030016,0,118.0,196856576.0,91.0,0.0,100.0,12.0,100.0,0.0,87.0,469873693.0,67.0,29037.0,100.0,0.0,100.0,12.0,98.0,2.0,100.0,0.0,100.0,0.0,100.0,0.0,100.0,0.0,77.0,23.0,100.0,0.0,100.0,0.0,98.0,4415.0,23.0,23.0,100.0,0.0,100.0,0.0,200.0,0.0,100.0,28940.0,100.0,47151501904.0,100.0,146832662740.0
2019-05-25,Z305D52Z,ST4000DM000,4000787030016,0,114.0,63699208.0,91.0,0.0,100.0,12.0,100.0,0.0,87.0,470747447.0,67.0,29060.0,100.0,0.0,100.0,12.0,98.0,2.0,100.0,0.0,100.0,0.0,100.0,0.0,100.0,0.0,77.0,23.0,100.0,0.0,100.0,0.0,98.0,4415.0,23.0,23.0,100.0,0.0,100.0,0.0,200.0,0.0,100.0,28964.0,100.0,47165664000.0,100.0,146942357284.0
2019-05-26,Z305D52Z,ST4000DM000,4000787030016,0,118.0,168040944.0,91.0,0.0,100.0,12.0,100.0,0.0,87.0,471325184.0,67.0,29084.0,100.0,0.0,100.0,12.0,98.0,2.0,100.0,0.0,100.0,0.0,100.0,0.0,100.0,0.0,77.0,23.0,100.0,0.0,100.0,0.0,98.0,4415.0,23.0,23.0,100.0,0.0,100.0,0.0,200.0,0.0,100.0,28988.0,100.0,47179775072.0,100.0,147007541996.0
2019-05-27,Z305D52Z,ST4000DM000,4000787030016,0,103.0,5929512.0,91.0,0.0,100.0,12.0,100.0,0.0,87.0,473156273.0,67.0,29107.0,100.0,0.0,100.0,12.0,98.0,2.0,100.0,0.0,100.0,0.0,100.0,0.0,100.0,0.0,77.0,23.0,100.0,0.0,100.0,0.0,98.0,4416.0,23.0,23.0,100.0,0.0,100.0,0.0,200.0,0.0,100.0,29011.0,100.0,47196953712.0,100.0,147119285647.0
2019-05-28,Z305D52Z,ST4000DM000,4000787030016,0,119.0,205458176.0,91.0,0.0,100.0,12.0,100.0,0.0,87.0,474121072.0,67.0,29131.0,100.0,0.0,100.0,12.0,98.0,2.0,100.0,0.0,100.0,0.0,100.0,0.0,100.0,0.0,78.0,22.0,100.0,0.0,100.0,0.0,98.0,4416.0,22.0,22.0,100.0,0.0,100.0,0.0,200.0,0.0,100.0,29035.0,100.0,47217430200.0,100.0,147234721381.0
2019-05-29,Z305D52Z,ST4000DM000,4000787030016,0,114.0,66283456.0,91.0,0.0,100.0,12.0,100.0,0.0,87.0,475988837.0,67.0,29155.0,100.0,0.0,100.0,12.0,98.0,2.0,100.0,0.0,100.0,0.0,100.0,0.0,100.0,0.0,77.0,23.0,100.0,0.0,100.0,0.0,98.0,4416.0,23.0,23.0,100.0,0.0,100.0,0.0,200.0,0.0,100.0,29058.0,100.0,47237476080.0,100.0,147348133723.0
2019-05-30,Z305D52Z,ST4000DM000,4000787030016,0,118.0,196678496.0,91.0,0.0,100.0,12.0,100.0,0.0,87.0,476605065.0,67.0,29178.0,100.0,0.0,100.0,12.0,98.0,2.0,100.0,0.0,100.0,0.0,100.0,0.0,100.0,0.0,77.0,23.0,100.0,0.0,100.0,0.0,98.0,4416.0,23.0,23.0,100.0,0.0,100.0,0.0,200.0,0.0,100.0,29082.0,100.0,47249534496.0,100.0,147417103553.0
2019-05-31,Z305D52Z,ST4000DM000,4000787030016,0,118.0,179911848.0,91.0,0.0,100.0,12.0,100.0,0.0,87.0,477455793.0,67.0,29202.0,100.0,0.0,100.0,12.0,98.0,2.0,100.0,0.0,100.0,0.0,100.0,0.0,100.0,0.0,77.0,23.0,100.0,0.0,100.0,0.0,98.0,4419.0,23.0,23.0,100.0,0.0,100.0,0.0,200.0,0.0,100.0,29105.0,100.0,47260576304.0,100.0,147533526096.0
2019-06-01,Z305D52Z,ST4000DM000,4000787030016,0,118.0,173236848.0,91.0,0.0,100.0,12.0,100.0,0.0,87.0,478334267.0,67.0,29225.0,100.0,0.0,100.0,12.0,98.0,2.0,100.0,0.0,100.0,0.0,100.0,0.0,100.0,0.0,77.0,23.0,100.0,0.0,100.0,0.0,98.0,4419.0,23.0,23.0,100.0,0.0,100.0,0.0,200.0,0.0,100.0,29129.0,100.0,47278941752.0,100.0,147633155734.0
2019-06-02,Z305D52Z,ST4000DM000,4000787030016,0,119.0,203712528.0,91.0,0.0,100.0,12.0,100.0,0.0,87.0,480510364.0,67.0,29261.0,100.0,0.0,100.0,12.0,98.0,2.0,100.0,0.0,100.0,0.0,100.0,0.0,100.0,0.0,77.0,23.0,100.0,0.0,100.0,0.0,98.0,4419.0,23.0,23.0,100.0,0.0,100.0,0.0,200.0,0.0,100.0,29164.0,100.0,47314714152.0,100.0,147833450747.0
2019-06-03,Z305D52Z,ST4000DM000,4000787030016,0,117.0,160584528.0,91.0,0.0,100.0,12.0,100.0,0.0,87.0,481773142.0,67.0,29284.0,100.0,0.0,100.0,12.0,98.0,2.0,100.0,0.0,100.0,0.0,100.0,0.0,100.0,0.0,77.0,23.0,100.0,0.0,100.0,0.0,98.0,4419.0,23.0,23.0,100.0,0.0,100.0,0.0,200.0,0.0,100.0,29188.0,100.0,47331735624.0,100.0,147896194926.0
2019-06-04,Z305D52Z,ST4000DM000,4000787030016,0,117.0,160234168.0,91.0,0.0,100.0,12.0,100.0,0.0,87.0,482432212.0,67.0,29308.0,100.0,0.0,100.0,12.0,98.0,2.0,100.0,0.0,100.0,0.0,100.0,0.0,100.0,0.0,78.0,22.0,100.0,0.0,100.0,0.0,98.0,4419.0,22.0,22.0,100.0,0.0,100.0,0.0,200.0,0.0,100.0,29212.0,100.0,47346743184.0,100.0,147980020885.0
2019-06-05,Z305D52Z,ST4000DM000,4000787030016,0,107.0,13858256.0,91.0,0.0,100.0,12.0,100.0,0.0,87.0,483252936.0,67.0,29320.0,100.0,0.0,100.0,12.0,98.0,2.0,100.0,0.0,100.0,0.0,100.0,0.0,100.0,0.0,77.0,23.0,100.0,0.0,100.0,0.0,98.0,4419.0,23.0,23.0,100.0,0.0,100.0,0.0,200.0,0.0,100.0,29223.0,100.0,47355848568.0,100.0,148035040327.0
2019-06-06,Z305D52Z,ST4000DM000,4000787030016,0,114.0,75119800.0,91.0,0.0,100.0,12.0,100.0,0.0,87.0,486247230.0,67.0,29355.0,100.0,0.0,100.0,12.0,98.0,2.0,100.0,0.0,100.0,0.0,100.0,0.0,100.0,0.0,78.0,22.0,100.0,0.0,100.0,0.0,98.0,4422.0,22.0,22.0,100.0,0.0,100.0,0.0,200.0,0.0,100.0,29259.0,100.0,47376533960.0,100.0,148194751949.0
2019-06-07,Z305D52Z,ST4000DM000,4000787030016,0,114.0,62848280.0,91.0,0.0,100.0,12.0,100.0,0.0,87.0,487122139.0,67.0,29379.0,100.0,0.0,100.0,12.0,98.0,2.0,100.0,0.0,100.0,0.0,100.0,0.0,100.0,0.0,77.0,23.0,100.0,0.0,100.0,0.0,98.0,4422.0,23.0,23.0,100.0,0.0,100.0,0.0,200.0,0.0,100.0,29282.0,100.0,47388053752.0,100.0,148288991828.0
2019-06-08,Z305D52Z,ST4000DM000,4000787030016,0,118.0,184112440.0,91.0,0.0,100.0,12.0,100.0,0.0,87.0,488028120.0,67.0,29402.0,100.0,0.0,100.0,12.0,98.0,2.0,100.0,0.0,100.0,0.0,100.0,0.0,100.0,0.0,77.0,23.0,100.0,0.0,100.0,0.0,98.0,4422.0,23.0,23.0,100.0,0.0,100.0,0.0,200.0,0.0,100.0,29306.0,100.0,47400853400.0,100.0,148452730618.0
2019-06-09,Z305D52Z,ST4000DM000,4000787030016,0,117.0,122443000.0,91.0,0.0,100.0,12.0,100.0,0.0,87.0,489368428.0,67.0,29426.0,100.0,0.0,100.0,12.0,98.0,2.0,100.0,0.0,100.0,0.0,100.0,0.0,100.0,0.0,78.0,22.0,100.0,0.0,100.0,0.0,98.0,4422.0,22.0,22.0,100.0,0.0,100.0,0.0,200.0,0.0,100.0,29329.0,100.0,47415500808.0,100.0,148622614448.0
2019-06-10,Z305D52Z,ST4000DM000,4000787030016,0,114.0,59179416.0,91.0,0.0,100.0,12.0,100.0,0.0,87.0,491222901.0,67.0,29450.0,100.0,0.0,100.0,12.0,98.0,2.0,100.0,0.0,100.0,0.0,100.0,0.0,100.0,0.0,78.0,22.0,100.0,0.0,100.0,0.0,98.0,4422.0,22.0,22.0,100.0,0.0,100.0,0.0,200.0,0.0,100.0,29353.0,100.0,47437466584.0,100.0,148741506244.0
2019-06-11,Z305D52Z,ST4000DM000,4000787030016,0,109.0,22203792.0,91.0,0.0,100.0,12.0,100.0,0.0,87.0,492102053.0,67.0,29473.0,100.0,0.0,100.0,12.0,98.0,2.0,100.0,0.0,100.0,0.0,100.0,0.0,100.0,0.0,78.0,22.0,100.0,0.0,100.0,0.0,98.0,4422.0,22.0,22.0,100.0,0.0,100.0,0.0,200.0,0.0,100.0,29377.0,100.0,47452790384.0,100.0,148869006974.0
2019-06-12,Z305D52Z,ST4000DM000,4000787030016,0,118.0,176756272.0,91.0,0.0,100.0,12.0,100.0,0.0,87.0,494063772.0,67.0,29497.0,100.0,0.0,100.0,12.0,98.0,2.0,100.0,0.0,100.0,0.0,100.0,0.0,100.0,0.0,78.0,22.0,100.0,0.0,100.0,0.0,98.0,4423.0,22.0,22.0,100.0,0.0,100.0,0.0,200.0,0.0,100.0,29400.0,100.0,47474055952.0,100.0,149005713444.0
2019-06-13,Z305D52Z,ST4000DM000,4000787030016,0,111.0,36789944.0,91.0,0.0,100.0,12.0,100.0,0.0,87.0,494930781.0,67.0,29520.0,100.0,0.0,100.0,12.0,98.0,2.0,100.0,0.0,100.0,0.0,100.0,0.0,100.0,0.0,78.0,22.0,100.0,0.0,100.0,0.0,98.0,4423.0,22.0,22.0,100.0,0.0,100.0,0.0,200.0,0.0,100.0,29424.0,100.0,47491165600.0,100.0,149133309100.0
2019-06-14,Z305D52Z,ST4000DM000,4000787030016,0,112.0,42302936.0,91.0,0.0,100.0,12.0,100.0,0.0,87.0,495574557.0,67.0,29544.0,100.0,0.0,100.0,12.0,98.0,2.0,100.0,0.0,100.0,0.0,100.0,0.0,100.0,0.0,78.0,22.0,100.0,0.0,100.0,0.0,98.0,4423.0,22.0,22.0,100.0,0.0,100.0,0.0,200.0,0.0,100.0,29448.0,100.0,47512216648.0,100.0,149294532422.0
2019-06-15,Z305D52Z,ST4000DM000,4000787030016,0,114.0,82193472.0,91.0,0.0,100.0,12.0,100.0,0.0,87.0,496477351.0,67.0,29568.0,100.0,0.0,100.0,12.0,98.0,2.0,100.0,0.0,100.0,0.0,100.0,0.0,100.0,0.0,78.0,22.0,100.0,0.0,100.0,0.0,98.0,4423.0,22.0,22.0,100.0,0.0,100.0,0.0,200.0,0.0,100.0,29471.0,100.0,47600942784.0,100.0,149442122055.0
2019-06-16,Z305D52Z,ST4000DM000,4000787030016,0,119.0,210272344.0,91.0,0.0,100.0,12.0,100.0,0.0,87.0,497252648.0,67.0,29592.0,100.0,0.0,100.0,12.0,98.0,2.0,100.0,0.0,100.0,0.0,100.0,0.0,100.0,0.0,78.0,22.0,100.0,0.0,100.0,0.0,98.0,4423.0,22.0,22.0,100.0,0.0,100.0,0.0,200.0,0.0,100.0,29495.0,100.0,47618307368.0,100.0,149611060950.0
2019-06-17,Z305D52Z,ST4000DM000,4000787030016,0,102.0,3925712.0,91.0,0.0,100.0,12.0,100.0,0.0,87.0,499121823.0,67.0,29615.0,100.0,0.0,100.0,12.0,98.0,2.0,100.0,0.0,100.0,0.0,100.0,0.0,100.0,0.0,78.0,22.0,100.0,0.0,100.0,0.0,98.0,4423.0,22.0,22.0,100.0,0.0,100.0,0.0,200.0,0.0,100.0,29519.0,100.0,47637865384.0,100.0,149800015073.0
2019-06-18,Z305D52Z,ST4000DM000,4000787030016,0,116.0,106466152.0,91.0,0.0,100.0,12.0,100.0,0.0,87.0,499671087.0,67.0,29639.0,100.0,0.0,100.0,12.0,98.0,2.0,100.0,0.0,100.0,0.0,100.0,0.0,100.0,0.0,78.0,22.0,100.0,0.0,100.0,0.0,98.0,4423.0,22.0,22.0,100.0,0.0,100.0,0.0,200.0,0.0,100.0,29543.0,100.0,47648323264.0,100.0,149977590504.0
2019-06-19,Z305D52Z,ST4000DM000,4000787030016,0,117.0,152491288.0,91.0,0.0,100.0,12.0,100.0,0.0,87.0,502438395.0,67.0,29663.0,100.0,0.0,100.0,12.0,98.0,2.0,100.0,0.0,100.0,0.0,100.0,0.0,100.0,0.0,78.0,22.0,100.0,0.0,100.0,0.0,98.0,4424.0,22.0,22.0,100.0,0.0,100.0,0.0,200.0,0.0,100.0,29566.0,100.0,47667604552.0,100.0,150110417094.0
2019-06-20,Z305D52Z,ST4000DM000,4000787030016,0,118.0,187841384.0,91.0,0.0,100.0,12.0,100.0,0.0,87.0,503537323.0,67.0,29686.0,100.0,0.0,100.0,12.0,98.0,2.0,100.0,0.0,100.0,0.0,100.0,0.0,100.0,0.0,78.0,22.0,100.0,0.0,100.0,0.0,98.0,4425.0,22.0,22.0,100.0,0.0,100.0,0.0,200.0,0.0,100.0,29590.0,100.0,47678702976.0,100.0,150336203865.0
2019-06-21,Z305D52Z,ST4000DM000,4000787030016,0,118.0,173891688.0,91.0,0.0,100.0,12.0,100.0,0.0,87.0,504279903.0,67.0,29710.0,100.0,0.0,100.0,12.0,98.0,2.0,100.0,0.0,100.0,0.0,100.0,0.0,100.0,0.0,78.0,22.0,100.0,0.0,100.0,0.0,98.0,4425.0,22.0,22.0,100.0,0.0,100.0,0.0,200.0,0.0,100.0,29613.0,100.0,47691350472.0,100.0,150473385293.0
2019-06-22,Z305D52Z,ST4000DM000,4000787030016,0,120.0,242254064.0,91.0,0.0,100.0,12.0,100.0,0.0,87.0,505574555.0,67.0,29733.0,100.0,0.0,100.0,12.0,98.0,2.0,100.0,0.0,100.0,0.0,100.0,0.0,100.0,0.0,78.0,22.0,100.0,0.0,100.0,0.0,98.0,4425.0,22.0,22.0,100.0,0.0,100.0,0.0,200.0,0.0,100.0,29637.0,100.0,47702346544.0,100.0,150634797207.0
2019-06-23,Z305D52Z,ST4000DM000,4000787030016,0,118.0,182921624.0,91.0,0.0,100.0,12.0,100.0,0.0,87.0,507193663.0,67.0,29756.0,100.0,0.0,100.0,12.0,98.0,2.0,100.0,0.0,100.0,0.0,100.0,0.0,100.0,0.0,78.0,22.0,100.0,0.0,100.0,0.0,98.0,4425.0,22.0,22.0,100.0,0.0,100.0,0.0,200.0,0.0,100.0,29660.0,100.0,47715286600.0,100.0,150798053823.0
2019-06-24,Z305D52Z,ST4000DM000,4000787030016,0,119.0,207071272.0,91.0,0.0,100.0,12.0,100.0,0.0,87.0,509621787.0,67.0,29780.0,100.0,0.0,100.0,12.0,98.0,2.0,100.0,0.0,100.0,0.0,100.0,0.0,100.0,0.0,78.0,22.0,100.0,0.0,100.0,0.0,98.0,4425.0,22.0,22.0,100.0,0.0,100.0,0.0,200.0,0.0,100.0,29683.0,100.0,47729366576.0,100.0,150991251540.0
2019-06-25,Z305D52Z,ST4000DM000,4000787030016,0,118.0,173643208.0,91.0,0.0,100.0,12.0,100.0,0.0,87.0,510867171.0,66.0,29803.0,100.0,0.0,100.0,12.0,98.0,2.0,100.0,0.0,100.0,0.0,100.0,0.0,100.0,0.0,77.0,23.0,100.0,0.0,100.0,0.0,98.0,4425.0,23.0,23.0,100.0,0.0,100.0,0.0,200.0,0.0,100.0,29707.0,100.0,47743446552.0,100.0,151163802274.0
2019-06-26,Z305D52Z,ST4000DM000,4000787030016,0,118.0,182271872.0,91.0,0.0,100.0,12.0,100.0,0.0,87.0,512717623.0,66.0,29827.0,100.0,0.0,100.0,12.0,98.0,2.0,100.0,0.0,100.0,0.0,100.0,0.0,100.0,0.0,78.0,22.0,100.0,0.0,100.0,0.0,98.0,4425.0,22.0,22.0,100.0,0.0,100.0,0.0,200.0,0.0,100.0,29730.0,100.0,47767815344.0,100.0,151285549531.0
2019-06-27,Z305D52Z,ST4000DM000,4000787030016,0,117.0,148876144.0,91.0,0.0,100.0,12.0,100.0,0.0,87.0,513775919.0,66.0,29851.0,100.0,0.0,100.0,12.0,98.0,2.0,100.0,0.0,100.0,0.0,100.0,0.0,100.0,0.0,78.0,22.0,100.0,0.0,100.0,0.0,98.0,4427.0,22.0,22.0,100.0,0.0,100.0,0.0,200.0,0.0,100.0,29754.0,100.0,47781053888.0,100.0,151448546248.0
2019-06-28,Z305D52Z,ST4000DM000,4000787030016,0,120.0,241455600.0,91.0,0.0,100.0,12.0,100.0,0.0,87.0,515249691.0,66.0,29875.0,100.0,0.0,100.0,12.0,98.0,2.0,100.0,0.0,100.0,0.0,100.0,0.0,100.0,0.0,77.0,23.0,100.0,0.0,100.0,0.0,98.0,4427.0,23.0,23.0,100.0,0.0,100.0,0.0,200.0,0.0,100.0,29778.0,100.0,47797123728.0,100.0,151664120729.0
2019-06-29,Z305D52Z,ST4000DM000,4000787030016,0,117.0,118544336.0,91.0,0.0,100.0,12.0,100.0,0.0,87.0,516544045.0,66.0,29898.0,100.0,0.0,100.0,12.0,98.0,2.0,100.0,0.0,100.0,0.0,100.0,0.0,100.0,0.0,77.0,23.0,100.0,0.0,100.0,0.0,98.0,4427.0,23.0,23.0,100.0,0.0,100.0,0.0,200.0,0.0,100.0,29802.0,100.0,47807307728.0,100.0,151864848151.0
2019-06-30,Z305D52Z,ST4000DM000,4000787030016,0,120.0,242601056.0,91.0,0.0,100.0,12.0,100.0,0.0,87.0,517549948.0,66.0,29922.0,100.0,0.0,100.0,12.0,98.0,2.0,100.0,0.0,100.0,0.0,100.0,0.0,100.0,0.0,78.0,22.0,100.0,0.0,100.0,0.0,98.0,4427.0,22.0,22.0,100.0,0.0,100.0,0.0,200.0,0.0,100.0,29826.0,100.0,47820835392.0,100.0,151994743741.0
2019-07-01,Z305D52Z,ST4000DM000,4000787030016,0,117.0,132687736.0,91.0,0.0,100.0,12.0,100.0,0.0,87.0,519968714.0,66.0,29946.0,100.0,0.0,100.0,12.0,98.0,2.0,100.0,0.0,100.0,0.0,100.0,0.0,100.0,0.0,78.0,22.0,100.0,0.0,100.0,0.0,98.0,4427.0,22.0,22.0,100.0,0.0,100.0,0.0,200.0,0.0,100.0,29850.0,100.0,47838092816.0,100.0,152210597632.0
2019-07-02,Z305D52Z,ST4000DM000,4000787030016,0,111.0,39856144.0,91.0,0.0,100.0,12.0,100.0,0.0,87.0,522100026.0,66.0,29970.0,100.0,0.0,100.0,12.0,98.0,2.0,100.0,0.0,100.0,0.0,100.0,0.0,100.0,0.0,77.0,23.0,100.0,0.0,100.0,0.0,98.0,4427.0,23.0,23.0,100.0,0.0,100.0,0.0,200.0,0.0,100.0,29874.0,100.0,47849138456.0,100.0,152520662555.0
2019-07-03,Z305D52Z,ST4000DM000,4000787030016,0,108.0,19483840.0,91.0,0.0,100.0,12.0,100.0,0.0,87.0,524757382.0,66.0,29994.0,100.0,0.0,100.0,12.0,98.0,2.0,100.0,0.0,100.0,0.0,100.0,0.0,100.0,0.0,78.0,22.0,100.0,0.0,100.0,0.0,98.0,4427.0,22.0,22.0,100.0,0.0,100.0,0.0,200.0,0.0,100.0,29898.0,100.0,47869944464.0,100.0,152675045165.0
2019-07-04,Z305D52Z,ST4000DM000,4000787030016,0,110.0,28087008.0,91.0,0.0,100.0,12.0,100.0,0.0,87.0,525710207.0,66.0,30018.0,100.0,0.0,100.0,12.0,98.0,2.0,100.0,0.0,100.0,0.0,100.0,0.0,100.0,0.0,78.0,22.0,100.0,0.0,100.0,0.0,98.0,4427.0,22.0,22.0,100.0,0.0,100.0,0.0,200.0,0.0,100.0,29922.0,100.0,47885952152.0,100.0,152791481560.0
2019-07-05,Z305D52Z,ST4000DM000,4000787030016,0,117.0,166655952.0,91.0,0.0,100.0,12.0,100.0,0.0,87.0,526805038.0,66.0,30042.0,100.0,0.0,100.0,12.0,98.0,2.0,100.0,0.0,100.0,0.0,100.0,0.0,100.0,0.0,77.0,23.0,100.0,0.0,100.0,0.0,98.0,4427.0,23.0,23.0,100.0,0.0,100.0,0.0,200.0,0.0,100.0,29946.0,100.0,47901048280.0,100.0,152908346312.0
2019-07-06,Z305D52Z,ST4000DM000,4000787030016,0,117.0,120624640.0,91.0,0.0,100.0,12.0,100.0,0.0,87.0,528017613.0,66.0,30066.0,100.0,0.0,100.0,12.0,98.0,2.0,100.0,0.0,100.0,0.0,100.0,0.0,100.0,0.0,78.0,22.0,100.0,0.0,100.0,0.0,98.0,4427.0,22.0,22.0,100.0,0.0,100.0,0.0,200.0,0.0,100.0,29970.0,100.0,47912261168.0,100.0,153066478634.0
2019-07-07,Z305D52Z,ST4000DM000,4000787030016,0,114.0,59644152.0,91.0,0.0,100.0,12.0,100.0,0.0,87.0,528646360.0,66.0,30090.0,100.0,0.0,100.0,12.0,98.0,2.0,100.0,0.0,100.0,0.0,100.0,0.0,100.0,0.0,77.0,23.0,100.0,0.0,100.0,0.0,98.0,4427.0,23.0,23.0,100.0,0.0,100.0,0.0,200.0,0.0,100.0,29994.0,100.0,47922064064.0,100.0,153131773571.0
2019-07-08,Z305D52Z,ST4000DM000,4000787030016,0,114.0,81598424.0,91.0,0.0,100.0,12.0,100.0,0.0,87.0,531106639.0,66.0,30114.0,100.0,0.0,100.0,12.0,98.0,2.0,100.0,0.0,100.0,0.0,100.0,0.0,100.0,0.0,77.0,23.0,100.0,0.0,100.0,0.0,98.0,4427.0,23.0,23.0,100.0,0.0,100.0,0.0,200.0,0.0,100.0,30018.0,100.0,47944131256.0,100.0,153292862020.0
2019-07-09,Z305D52Z,ST4000DM000,4000787030016,0,117.0,156502424.0,91.0,0.0,100.0,12.0,100.0,0.0,87.0,532726189.0,66.0,30138.0,100.0,0.0,100.0,12.0,98.0,2.0,100.0,0.0,100.0,0.0,100.0,0.0,100.0,0.0,78.0,22.0,100.0,0.0,100.0,0.0,98.0,4427.0,22.0,22.0,100.0,0.0,100.0,0.0,200.0,0.0,100.0,30042.0,100.0,47957587480.0,100.0,153459949635.0
2019-07-10,Z305D52Z,ST4000DM000,4000787030016,0,117.0,134024960.0,91.0,0.0,100.0,12.0,100.0,0.0,87.0,533987328.0,66.0,30162.0,100.0,0.0,100.0,12.0,98.0,2.0,100.0,0.0,100.0,0.0,100.0,0.0,100.0,0.0,78.0,22.0,100.0,0.0,100.0,0.0,98.0,4427.0,22.0,22.0,100.0,0.0,100.0,0.0,200.0,0.0,100.0,30066.0,100.0,47978123328.0,100.0,153505945001.0
2019-07-11,Z305D52Z,ST4000DM000,4000787030016,0,118.0,200684424.0,91.0,0.0,100.0,12.0,100.0,0.0,87.0,535367023.0,66.0,30186.0,100.0,0.0,100.0,12.0,98.0,2.0,100.0,0.0,100.0,0.0,100.0,0.0,100.0,0.0,78.0,22.0,100.0,0.0,100.0,0.0,98.0,4428.0,22.0,22.0,100.0,0.0,100.0,0.0,200.0,0.0,100.0,30090.0,100.0,47995207736.0,100.0,153648639706.0
2019-07-12,Z305D52Z,ST4000DM000,4000787030016,0,119.0,227102960.0,91.0,0.0,100.0,12.0,100.0,0.0,87.0,536521341.0,66.0,30210.0,100.0,0.0,100.0,12.0,98.0,2.0,100.0,0.0,100.0,0.0,100.0,0.0,100.0,0.0,77.0,23.0,100.0,0.0,100.0,0.0,98.0,4428.0,23.0,23.0,100.0,0.0,100.0,0.0,200.0,0.0,100.0,30114.0,100.0,48010782272.0,100.0,153808721267.0
2019-07-13,Z305D52Z,ST4000DM000,4000787030016,0,114.0,71673312.0,91.0,0.0,100.0,12.0,100.0,0.0,87.0,539035164.0,66.0,30234.0,100.0,0.0,100.0,12.0,98.0,2.0,100.0,0.0,100.0,0.0,100.0,0.0,100.0,0.0,78.0,22.0,100.0,0.0,100.0,0.0,98.0,4428.0,22.0,22.0,100.0,0.0,100.0,0.0,200.0,0.0,100.0,30138.0,100.0,48025790160.0,100.0,154048614139.0
2019-07-14,Z305D52Z,ST4000DM000,4000787030016,0,113.0,56379528.0,91.0,0.0,100.0,12.0,100.0,0.0,87.0,540263209.0,66.0,30258.0,100.0,0.0,100.0,12.0,98.0,2.0,100.0,0.0,100.0,0.0,100.0,0.0,100.0,0.0,77.0,23.0,100.0,0.0,100.0,0.0,98.0,4428.0,23.0,23.0,100.0,0.0,100.0,0.0,200.0,0.0,100.0,30162.0,100.0,48046897096.0,100.0,154258264951.0
2019-07-15,Z305D52Z,ST4000DM000,4000787030016,0,118.0,185593016.0,91.0,0.0,100.0,12.0,100.0,0.0,87.0,543506079.0,66.0,30282.0,100.0,0.0,100.0,12.0,98.0,2.0,100.0,0.0,100.0,0.0,100.0,0.0,100.0,0.0,77.0,23.0,100.0,0.0,100.0,0.0,98.0,4428.0,23.0,23.0,100.0,0.0,100.0,0.0,200.0,0.0,100.0,30186.0,100.0,48057421384.0,100.0,154665107473.0
2019-07-16,Z305D52Z,ST4000DM000,4000787030016,0,114.0,83537960.0,91.0,0.0,100.0,12.0,100.0,0.0,87.0,546841223.0,66.0,30318.0,100.0,0.0,100.0,12.0,98.0,2.0,100.0,0.0,100.0,0.0,100.0,0.0,100.0,0.0,77.0,23.0,100.0,0.0,100.0,0.0,98.0,4428.0,23.0,23.0,100.0,0.0,100.0,0.0,200.0,0.0,100.0,30222.0,100.0,48069935848.0,100.0,155205824290.0
2019-07-17,Z305D52Z,ST4000DM000,4000787030016,0,119.0,233799728.0,91.0,0.0,100.0,12.0,100.0,0.0,87.0,549062940.0,66.0,30342.0,100.0,0.0,100.0,12.0,98.0,2.0,100.0,0.0,100.0,0.0,100.0,0.0,100.0,0.0,78.0,22.0,100.0,0.0,100.0,0.0,98.0,4428.0,22.0,22.0,100.0,0.0,100.0,0.0,200.0,0.0,100.0,30246.0,100.0,48078678640.0,100.0,155440578674.0
2019-07-18,Z305D52Z,ST4000DM000,4000787030016,0,117.0,120354160.0,91.0,0.0,100.0,12.0,100.0,0.0,87.0,550069715.0,66.0,30354.0,100.0,0.0,100.0,12.0,98.0,2.0,100.0,0.0,100.0,0.0,100.0,0.0,100.0,0.0,77.0,23.0,100.0,0.0,100.0,0.0,98.0,4428.0,23.0,23.0,100.0,0.0,100.0,0.0,200.0,0.0,100.0,30258.0,100.0,48083954952.0,100.0,155561169745.0
2019-07-19,Z305D52Z,ST4000DM000,4000787030016,0,119.0,222042296.0,91.0,0.0,100.0,12.0,100.0,0.0,87.0,553074285.0,66.0,30378.0,100.0,0.0,100.0,12.0,98.0,2.0,100.0,0.0,100.0,0.0,100.0,0.0,100.0,0.0,78.0,22.0,100.0,0.0,100.0,0.0,98.0,4428.0,22.0,22.0,100.0,0.0,100.0,0.0,200.0,0.0,100.0,30281.0,100.0,48098478112.0,100.0,155905719884.0
2019-07-20,Z305D52Z,ST4000DM000,4000787030016,0,116.0,101747720.0,91.0,0.0,100.0,12.0,100.0,0.0,87.0,555244519.0,66.0,30402.0,100.0,0.0,100.0,12.0,98.0,2.0,100.0,0.0,100.0,0.0,100.0,0.0,100.0,0.0,78.0,22.0,100.0,0.0,100.0,0.0,98.0,4428.0,22.0,22.0,100.0,0.0,100.0,0.0,200.0,0.0,100.0,30305.0,100.0,48112369800.0,100.0,156223854339.0
2019-07-21,Z305D52Z,ST4000DM000,4000787030016,0,111.0,34667936.0,91.0,0.0,100.0,12.0,100.0,0.0,87.0,557401917.0,66.0,30426.0,100.0,0.0,100.0,12.0,98.0,2.0,100.0,0.0,100.0,0.0,100.0,0.0,100.0,0.0,78.0,22.0,100.0,0.0,100.0,0.0,98.0,4428.0,22.0,22.0,100.0,0.0,100.0,0.0,200.0,0.0,100.0,30330.0,100.0,48127501784.0,100.0,156581301357.0
2019-07-22,Z305D52Z,ST4000DM000,4000787030016,0,115.0,89904680.0,91.0,0.0,100.0,12.0,100.0,0.0,87.0,560502481.0,66.0,30450.0,100.0,0.0,100.0,12.0,98.0,2.0,100.0,0.0,100.0,0.0,100.0,0.0,100.0,0.0,78.0,22.0,100.0,0.0,100.0,0.0,98.0,4428.0,22.0,22.0,100.0,0.0,100.0,0.0,200.0,0.0,100.0,30353.0,100.0,48146185080.0,100.0,156912308626.0
2019-07-23,Z305D52Z,ST4000DM000,4000787030016,0,119.0,212077960.0,91.0,0.0,100.0,12.0,100.0,0.0,87.0,562729881.0,66.0,30474.0,100.0,0.0,100.0,12.0,98.0,2.0,100.0,0.0,100.0,0.0,100.0,0.0,100.0,0.0,78.0,22.0,100.0,0.0,100.0,0.0,98.0,4428.0,22.0,22.0,100.0,0.0,100.0,0.0,200.0,0.0,100.0,30378.0,100.0,48157507944.0,100.0,157262756439.0
2019-07-24,Z305D52Z,ST4000DM000,4000787030016,0,117.0,128735400.0,91.0,0.0,100.0,12.0,100.0,0.0,87.0,565978911.0,66.0,30510.0,100.0,0.0,100.0,12.0,98.0,2.0,100.0,0.0,100.0,0.0,100.0,0.0,100.0,0.0,78.0,22.0,100.0,0.0,100.0,0.0,98.0,4428.0,22.0,22.0,100.0,0.0,100.0,0.0,200.0,0.0,100.0,30414.0,100.0,48176260536.0,100.0,157604632060.0
2019-07-25,Z305D52Z,ST4000DM000,4000787030016,0,117.0,164553528.0,91.0,0.0,100.0,12.0,100.0,0.0,87.0,567610617.0,66.0,30534.0,100.0,0.0,100.0,12.0,98.0,2.0,100.0,0.0,100.0,0.0,100.0,0.0,100.0,0.0,78.0,22.0,100.0,0.0,100.0,0.0,98.0,4429.0,22.0,22.0,100.0,0.0,100.0,0.0,200.0,0.0,100.0,30438.0,100.0,48187161184.0,100.0,157857975501.0
2019-07-26,Z305D52Z,ST4000DM000,4000787030016,0,117.0,143830696.0,91.0,0.0,100.0,12.0,100.0,0.0,87.0,569249505.0,66.0,30558.0,100.0,0.0,100.0,12.0,98.0,2.0,100.0,0.0,100.0,0.0,100.0,0.0,100.0,0.0,78.0,22.0,100.0,0.0,100.0,0.0,98.0,4429.0,22.0,22.0,100.0,0.0,100.0,0.0,200.0,0.0,100.0,30462.0,100.0,48198069736.0,100.0,158161855700.0
2019-07-27,Z305D52Z,ST4000DM000,4000787030016,0,111.0,29489320.0,91.0,0.0,100.0,12.0,100.0,0.0,87.0,569944023.0,66.0,30570.0,100.0,0.0,100.0,12.0,98.0,2.0,100.0,0.0,100.0,0.0,100.0,0.0,100.0,0.0,78.0,22.0,100.0,0.0,100.0,0.0,98.0,4429.0,22.0,22.0,100.0,0.0,100.0,0.0,200.0,0.0,100.0,30474.0,100.0,48203233944.0,100.0,158263502247.0
2019-07-28,Z305D52Z,ST4000DM000,4000787030016,0,109.0,21913696.0,91.0,0.0,100.0,12.0,100.0,0.0,87.0,571831342.0,66.0,30594.0,100.0,0.0,100.0,12.0,98.0,2.0,100.0,0.0,100.0,0.0,100.0,0.0,100.0,0.0,78.0,22.0,100.0,0.0,100.0,0.0,98.0,4430.0,22.0,22.0,100.0,0.0,100.0,0.0,200.0,0.0,100.0,30498.0,100.0,48227768160.0,100.0,158548577766.0
2019-07-29,Z305D52Z,ST4000DM000,4000787030016,0,117.0,143975792.0,91.0,0.0,100.0,12.0,100.0,0.0,87.0,574181301.0,66.0,30618.0,100.0,0.0,100.0,12.0,98.0,2.0,100.0,0.0,100.0,0.0,100.0,0.0,100.0,0.0,78.0,22.0,100.0,0.0,100.0,0.0,98.0,4430.0,22.0,22.0,100.0,0.0,100.0,0.0,200.0,0.0,100.0,30522.0,100.0,48256200792.0,100.0,158855918668.0
2019-07-30,Z305D52Z,ST4000DM000,4000787030016,0,115.0,84456600.0,91.0,0.0,100.0,12.0,100.0,0.0,87.0,575100709.0,66.0,30642.0,100.0,0.0,100.0,12.0,98.0,2.0,100.0,0.0,100.0,0.0,100.0,0.0,100.0,0.0,78.0,22.0,100.0,0.0,100.0,0.0,98.0,4430.0,22.0,22.0,100.0,0.0,100.0,0.0,200.0,0.0,100.0,30546.0,100.0,48276861256.0,100.0,159143263021.0
2019-07-31,Z305D52Z,ST4000DM000,4000787030016,0,100.0,2879136.0,91.0,0.0,100.0,12.0,100.0,0.0,87.0,576668342.0,65.0,30666.0,100.0,0.0,100.0,12.0,98.0,2.0,100.0,0.0,100.0,0.0,100.0,0.0,100.0,0.0,78.0,22.0,100.0,0.0,100.0,0.0,98.0,4430.0,22.0,22.0,100.0,0.0,100.0,0.0,200.0,0.0,100.0,30570.0,100.0,48303057776.0,100.0,159401158348.0
2019-08-01,Z305D52Z,ST4000DM000,4000787030016,0,115.0,88108216.0,91.0,0.0,100.0,12.0,100.0,0.0,87.0,578376372.0,65.0,30690.0,100.0,0.0,100.0,12.0,98.0,2.0,100.0,0.0,100.0,0.0,100.0,0.0,100.0,0.0,78.0,22.0,100.0,0.0,100.0,0.0,98.0,4431.0,22.0,22.0,100.0,0.0,100.0,0.0,200.0,0.0,100.0,30594.0,100.0,48319727288.0,100.0,159666301678.0
2019-08-02,Z305D52Z,ST4000DM000,4000787030016,0,119.0,232925352.0,91.0,0.0,100.0,12.0,100.0,0.0,87.0,580177924.0,65.0,30714.0,100.0,0.0,100.0,12.0,98.0,2.0,100.0,0.0,100.0,0.0,100.0,0.0,100.0,0.0,78.0,22.0,100.0,0.0,100.0,0.0,98.0,4431.0,22.0,22.0,100.0,0.0,100.0,0.0,200.0,0.0,100.0,30618.0,100.0,48341225832.0,100.0,159969773045.0
2019-08-03,Z305D52Z,ST4000DM000,4000787030016,0,117.0,136328944.0,91.0,0.0,100.0,12.0,100.0,0.0,87.0,582589366.0,65.0,30738.0,100.0,0.0,100.0,12.0,98.0,2.0,100.0,0.0,100.0,0.0,100.0,0.0,100.0,0.0,78.0,22.0,100.0,0.0,100.0,0.0,98.0,4431.0,22.0,22.0,100.0,0.0,100.0,0.0,200.0,0.0,100.0,30642.0,100.0,48359987600.0,100.0,160284779921.0
2019-08-04,Z305D52Z,ST4000DM000,4000787030016,0,120.0,2224104.0,91.0,0.0,100.0,12.0,100.0,0.0,87.0,584163532.0,65.0,30762.0,100.0,0.0,100.0,12.0,98.0,2.0,100.0,0.0,100.0,0.0,100.0,0.0,100.0,0.0,78.0,22.0,100.0,0.0,100.0,0.0,98.0,4431.0,22.0,22.0,100.0,0.0,100.0,0.0,200.0,0.0,100.0,30666.0,100.0,48375860704.0,100.0,160551505137.0
2019-08-05,Z305D52Z,ST4000DM000,4000787030016,0,112.0,43880616.0,91.0,0.0,100.0,12.0,100.0,0.0,87.0,586751675.0,65.0,30786.0,100.0,0.0,100.0,12.0,98.0,2.0,100.0,0.0,100.0,0.0,100.0,0.0,100.0,0.0,78.0,22.0,100.0,0.0,100.0,0.0,98.0,4431.0,22.0,22.0,100.0,0.0,100.0,0.0,200.0,0.0,100.0,30690.0,100.0,48396061008.0,100.0,160770037982.0
2019-08-06,Z305D52Z,ST4000DM000,4000787030016,0,113.0,51250632.0,91.0,0.0,100.0,12.0,100.0,0.0,87.0,588645192.0,65.0,30810.0,100.0,0.0,100.0,12.0,98.0,2.0,100.0,0.0,100.0,0.0,100.0,0.0,100.0,0.0,78.0,22.0,100.0,0.0,100.0,0.0,98.0,4431.0,22.0,22.0,100.0,0.0,100.0,0.0,200.0,0.0,100.0,30714.0,100.0,48417977088.0,100.0,161038042502.0
2019-08-07,Z305D52Z,ST4000DM000,4000787030016,0,118.0,189244224.0,91.0,0.0,100.0,12.0,100.0,0.0,87.0,590268120.0,65.0,30834.0,100.0,0.0,100.0,12.0,98.0,2.0,100.0,0.0,100.0,0.0,100.0,0.0,100.0,0.0,78.0,22.0,100.0,0.0,100.0,0.0,98.0,4431.0,22.0,22.0,100.0,0.0,100.0,0.0,200.0,0.0,100.0,30738.0,100.0,48440582936.0,100.0,161182696893.0
2019-08-08,Z305D52Z,ST4000DM000,4000787030016,0,116.0,108093936.0,91.0,0.0,100.0,12.0,100.0,0.0,87.0,593387544.0,65.0,30858.0,100.0,0.0,100.0,12.0,98.0,2.0,100.0,0.0,100.0,0.0,100.0,0.0,100.0,0.0,78.0,22.0,100.0,0.0,100.0,0.0,98.0,4431.0,22.0,22.0,100.0,0.0,100.0,0.0,200.0,0.0,100.0,30762.0,100.0,48467187208.0,100.0,161321040955.0
2019-08-09,Z305D52Z,ST4000DM000,4000787030016,0,119.0,201627072.0,91.0,0.0,100.0,12.0,100.0,0.0,87.0,595221512.0,65.0,30882.0,100.0,0.0,100.0,12.0,98.0,2.0,100.0,0.0,100.0,0.0,100.0,0.0,100.0,0.0,78.0,22.0,100.0,0.0,100.0,0.0,98.0,4431.0,22.0,22.0,100.0,0.0,100.0,0.0,200.0,0.0,100.0,30786.0,100.0,48491145744.0,100.0,161603467807.0
2019-08-10,Z305D52Z,ST4000DM000,4000787030016,0,114.0,59039272.0,91.0,0.0,100.0,12.0,100.0,0.0,87.0,597660901.0,65.0,30906.0,100.0,0.0,100.0,12.0,98.0,2.0,100.0,0.0,100.0,0.0,100.0,0.0,100.0,0.0,78.0,22.0,100.0,0.0,100.0,0.0,98.0,4431.0,22.0,22.0,100.0,0.0,100.0,0.0,200.0,0.0,100.0,30810.0,100.0,48514909992.0,100.0,161942850427.0
2019-08-11,Z305D52Z,ST4000DM000,4000787030016,0,111.0,40714176.0,91.0,0.0,100.0,12.0,100.0,0.0,87.0,599129426.0,65.0,30930.0,100.0,0.0,100.0,12.0,98.0,2.0,100.0,0.0,100.0,0.0,100.0,0.0,100.0,0.0,78.0,22.0,100.0,0.0,100.0,0.0,98.0,4431.0,22.0,22.0,100.0,0.0,100.0,0.0,200.0,0.0,100.0,30834.0,100.0,48552011080.0,100.0,162096171828.0
2019-08-12,Z305D52Z,ST4000DM000,4000787030016,0,118.0,196544888.0,91.0,0.0,100.0,12.0,100.0,0.0,87.0,602039676.0,65.0,30954.0,100.0,0.0,100.0,12.0,98.0,2.0,100.0,0.0,100.0,0.0,100.0,0.0,100.0,0.0,78.0,22.0,100.0,0.0,100.0,0.0,98.0,4431.0,22.0,22.0,100.0,0.0,100.0,0.0,200.0,0.0,100.0,30858.0,100.0,48573127680.0,100.0,162327615606.0
2019-08-13,Z305D52Z,ST4000DM000,4000787030016,0,114.0,80775080.0,91.0,0.0,100.0,12.0,100.0,0.0,87.0,602727066.0,65.0,30978.0,100.0,0.0,100.0,12.0,98.0,2.0,100.0,0.0,100.0,0.0,100.0,0.0,100.0,0.0,78.0,22.0,100.0,0.0,100.0,0.0,98.0,4431.0,22.0,22.0,100.0,0.0,100.0,0.0,200.0,0.0,100.0,30882.0,100.0,48587688512.0,100.0,162407485533.0
2019-08-14,Z305D52Z,ST4000DM000,4000787030016,0,117.0,143029904.0,91.0,0.0,100.0,12.0,100.0,0.0,87.0,605890423.0,65.0,31014.0,100.0,0.0,100.0,12.0,98.0,2.0,100.0,0.0,100.0,0.0,100.0,0.0,100.0,0.0,78.0,22.0,100.0,0.0,100.0,0.0,98.0,4431.0,22.0,22.0,100.0,0.0,100.0,0.0,200.0,0.0,100.0,30918.0,100.0,48613223944.0,100.0,162647930368.0
2019-08-15,Z305D52Z,ST4000DM000,4000787030016,0,117.0,146392992.0,91.0,0.0,100.0,12.0,100.0,0.0,87.0,607125998.0,65.0,31038.0,100.0,0.0,100.0,12.0,98.0,2.0,100.0,0.0,100.0,0.0,100.0,0.0,100.0,0.0,78.0,22.0,100.0,0.0,100.0,0.0,98.0,4433.0,22.0,22.0,100.0,0.0,100.0,0.0,200.0,0.0,100.0,30941.0,100.0,48623134368.0,100.0,162820886291.0
2019-08-16,Z305D52Z,ST4000DM000,4000787030016,0,120.0,240178528.0,91.0,0.0,100.0,12.0,100.0,0.0,87.0,608092860.0,65.0,31062.0,100.0,0.0,100.0,12.0,98.0,2.0,100.0,0.0,100.0,0.0,100.0,0.0,100.0,0.0,78.0,22.0,100.0,0.0,100.0,0.0,98.0,4433.0,22.0,22.0,100.0,0.0,100.0,0.0,200.0,0.0,100.0,30965.0,100.0,48635672136.0,100.0,162926836232.0
2019-08-17,Z305D52Z,ST4000DM000,4000787030016,0,119.0,217921928.0,91.0,0.0,100.0,12.0,100.0,0.0,87.0,610320278.0,65.0,31086.0,100.0,0.0,100.0,12.0,98.0,2.0,100.0,0.0,100.0,0.0,100.0,0.0,100.0,0.0,78.0,22.0,100.0,0.0,100.0,0.0,98.0,4433.0,22.0,22.0,100.0,0.0,100.0,0.0,200.0,0.0,100.0,30989.0,100.0,48652724584.0,100.0,163182003359.0
2019-08-18,Z305D52Z,ST4000DM000,4000787030016,0,117.0,135831088.0,91.0,0.0,100.0,12.0,100.0,0.0,87.0,612602327.0,65.0,31110.0,100.0,0.0,100.0,12.0,98.0,2.0,100.0,0.0,100.0,0.0,100.0,0.0,100.0,0.0,78.0,22.0,100.0,0.0,100.0,0.0,98.0,4433.0,22.0,22.0,100.0,0.0,100.0,0.0,200.0,0.0,100.0,31013.0,100.0,48671859264.0,100.0,163376116404.0
2019-08-19,Z305D52Z,ST4000DM000,4000787030016,0,117.0,130583824.0,91.0,0.0,100.0,12.0,100.0,0.0,87.0,614389191.0,65.0,31134.0,100.0,0.0,100.0,12.0,98.0,2.0,100.0,0.0,100.0,0.0,100.0,0.0,100.0,0.0,78.0,22.0,100.0,0.0,100.0,0.0,98.0,4433.0,22.0,22.0,100.0,0.0,100.0,0.0,200.0,0.0,100.0,31037.0,100.0,48695059448.0,100.0,163611545651.0
2019-08-20,Z305D52Z,ST4000DM000,4000787030016,0,120.0,57192.0,91.0,0.0,100.0,12.0,100.0,0.0,87.0,615870348.0,65.0,31158.0,100.0,0.0,100.0,12.0,98.0,2.0,100.0,0.0,100.0,0.0,100.0,0.0,100.0,0.0,78.0,22.0,100.0,0.0,100.0,0.0,98.0,4433.0,22.0,22.0,100.0,0.0,100.0,0.0,200.0,0.0,100.0,31061.0,100.0,48706573840.0,100.0,163863127782.0
2019-08-21,Z305D52Z,ST4000DM000,4000787030016,0,118.0,185423208.0,91.0,0.0,100.0,12.0,100.0,0.0,87.0,617965312.0,65.0,31182.0,100.0,0.0,100.0,12.0,98.0,2.0,100.0,0.0,100.0,0.0,100.0,0.0,100.0,0.0,78.0,22.0,100.0,0.0,100.0,0.0,98.0,4433.0,22.0,22.0,100.0,0.0,100.0,0.0,200.0,0.0,100.0,31085.0,100.0,48718051288.0,100.0,164007069445.0
2019-08-22,Z305D52Z,ST4000DM000,4000787030016,0,113.0,56152520.0,91.0,0.0,100.0,12.0,100.0,0.0,87.0,619513516.0,65.0,31206.0,100.0,0.0,100.0,12.0,98.0,2.0,100.0,0.0,100.0,0.0,100.0,0.0,100.0,0.0,78.0,22.0,100.0,0.0,100.0,0.0,98.0,4434.0,22.0,22.0,100.0,0.0,100.0,0.0,200.0,0.0,100.0,31109.0,100.0,48729421288.0,100.0,164266264589.0
2019-08-23,Z305D52Z,ST4000DM000,4000787030016,0,118.0,194695712.0,91.0,0.0,100.0,12.0,100.0,0.0,87.0,621932278.0,65.0,31230.0,100.0,0.0,100.0,12.0,98.0,2.0,100.0,0.0,100.0,0.0,100.0,0.0,100.0,0.0,78.0,22.0,100.0,0.0,100.0,0.0,98.0,4434.0,22.0,22.0,100.0,0.0,100.0,0.0,200.0,0.0,100.0,31133.0,100.0,48738061232.0,100.0,164645599256.0
2019-08-24,Z305D52Z,ST4000DM000,4000787030016,0,118.0,189862976.0,91.0,0.0,100.0,12.0,100.0,0.0,87.0,623390938.0,65.0,31253.0,100.0,0.0,100.0,12.0,98.0,2.0,100.0,0.0,100.0,0.0,100.0,0.0,100.0,0.0,78.0,22.0,100.0,0.0,100.0,0.0,98.0,4434.0,22.0,22.0,100.0,0.0,100.0,0.0,200.0,0.0,100.0,31157.0,100.0,48755559312.0,100.0,164799258266.0
2019-08-25,Z305D52Z,ST4000DM000,4000787030016,0,119.0,228925936.0,91.0,0.0,100.0,12.0,100.0,0.0,87.0,626466113.0,65.0,31277.0,100.0,0.0,100.0,12.0,98.0,2.0,100.0,0.0,100.0,0.0,100.0,0.0,100.0,0.0,78.0,22.0,100.0,0.0,100.0,0.0,98.0,4434.0,22.0,22.0,100.0,0.0,100.0,0.0,200.0,0.0,100.0,31181.0,100.0,48780000632.0,100.0,165014073064.0
2019-08-26,Z305D52Z,ST4000DM000,4000787030016,0,111.0,31102816.0,91.0,0.0,100.0,12.0,100.0,0.0,87.0,630304360.0,65.0,31325.0,100.0,0.0,100.0,12.0,98.0,2.0,100.0,0.0,100.0,0.0,100.0,0.0,100.0,0.0,78.0,22.0,100.0,0.0,100.0,0.0,98.0,4434.0,22.0,22.0,100.0,0.0,100.0,0.0,200.0,0.0,100.0,31229.0,100.0,48835786472.0,100.0,165418027163.0
2019-08-27,Z305D52Z,ST4000DM000,4000787030016,0,111.0,31102816.0,91.0,0.0,100.0,12.0,100.0,0.0,87.0,630304360.0,65.0,31325.0,100.0,0.0,100.0,12.0,98.0,2.0,100.0,0.0,100.0,0.0,100.0,0.0,100.0,0.0,78.0,22.0,100.0,0.0,100.0,0.0,98.0,4434.0,22.0,22.0,100.0,0.0,100.0,0.0,200.0,0.0,100.0,31229.0,100.0,48835786472.0,100.0,165418027163.0
2019-08-28,Z305D52Z,ST4000DM000,4000787030016,0,115.0,87840512.0,91.0,0.0,100.0,12.0,100.0,0.0,87.0,632236533.0,65.0,31349.0,100.0,0.0,100.0,12.0,98.0,2.0,100.0,0.0,100.0,0.0,100.0,0.0,100.0,0.0,78.0,22.0,100.0,0.0,100.0,0.0,98.0,4438.0,22.0,22.0,100.0,0.0,100.0,0.0,200.0,0.0,100.0,31253.0,100.0,48857328624.0,100.0,165524458446.0
2019-08-29,Z305D52Z,ST4000DM000,4000787030016,0,116.0,113639792.0,91.0,0.0,100.0,12.0,100.0,0.0,87.0,633804084.0,65.0,31373.0,100.0,0.0,100.0,12.0,98.0,2.0,100.0,0.0,100.0,0.0,100.0,0.0,100.0,0.0,78.0,22.0,100.0,0.0,100.0,0.0,98.0,4438.0,22.0,22.0,100.0,0.0,100.0,0.0,200.0,0.0,100.0,31277.0,100.0,48875971544.0,100.0,165748090560.0
2019-08-30,Z305D52Z,ST4000DM000,4000787030016,0,117.0,153491256.0,91.0,0.0,100.0,12.0,100.0,0.0,87.0,635665498.0,65.0,31397.0,100.0,0.0,100.0,12.0,98.0,2.0,100.0,0.0,100.0,0.0,100.0,0.0,100.0,0.0,78.0,22.0,100.0,0.0,100.0,0.0,98.0,4438.0,22.0,22.0,100.0,0.0,100.0,0.0,200.0,0.0,100.0,31301.0,100.0,48906302032.0,100.0,166029402242.0
2019-08-31,Z305D52Z,ST4000DM000,4000787030016,0,108.0,14876608.0,91.0,0.0,100.0,12.0,100.0,0.0,87.0,637341310.0,65.0,31421.0,100.0,0.0,100.0,12.0,98.0,2.0,100.0,0.0,100.0,0.0,100.0,0.0,100.0,0.0,78.0,22.0,100.0,0.0,100.0,0.0,98.0,4438.0,22.0,22.0,100.0,0.0,100.0,0.0,200.0,0.0,100.0,31325.0,100.0,48921287824.0,100.0,166303310807.0
2019-09-01,Z305D52Z,ST4000DM000,4000787030016,0,118.0,172559424.0,91.0,0.0,100.0,12.0,100.0,0.0,87.0,638791538.0,65.0,31445.0,100.0,0.0,100.0,12.0,98.0,2.0,100.0,0.0,100.0,0.0,100.0,0.0,100.0,0.0,78.0,22.0,100.0,0.0,100.0,0.0,98.0,4438.0,22.0,22.0,100.0,0.0,100.0,0.0,200.0,0.0,100.0,31349.0,100.0,48945408896.0,100.0,166611751554.0
2019-09-02,Z305D52Z,ST4000DM000,4000787030016,0,114.0,61323096.0,91.0,0.0,100.0,12.0,100.0,0.0,87.0,640583273.0,65.0,31469.0,100.0,0.0,100.0,12.0,98.0,2.0,100.0,0.0,100.0,0.0,100.0,0.0,100.0,0.0,78.0,22.0,100.0,0.0,100.0,0.0,98.0,4438.0,22.0,22.0,100.0,0.0,100.0,0.0,200.0,0.0,100.0,31373.0,100.0,48967095792.0,100.0,166929301063.0
2019-09-03,Z305D52Z,ST4000DM000,4000787030016,0,118.0,189728624.0,91.0,0.0,100.0,12.0,100.0,0.0,87.0,641876857.0,65.0,31493.0,100.0,0.0,100.0,12.0,98.0,2.0,100.0,0.0,100.0,0.0,100.0,0.0,100.0,0.0,77.0,23.0,100.0,0.0,100.0,0.0,98.0,4438.0,23.0,23.0,100.0,0.0,100.0,0.0,200.0,0.0,100.0,31397.0,100.0,48982304296.0,100.0,167271513145.0
2019-09-04,Z305D52Z,ST4000DM000,4000787030016,0,108.0,18290160.0,91.0,0.0,100.0,12.0,100.0,0.0,87.0,644069379.0,65.0,31517.0,100.0,0.0,100.0,12.0,98.0,2.0,100.0,0.0,100.0,0.0,100.0,0.0,100.0,0.0,78.0,22.0,100.0,0.0,100.0,0.0,98.0,4438.0,22.0,22.0,100.0,0.0,100.0,0.0,200.0,0.0,100.0,31421.0,100.0,49001544256.0,100.0,167465047583.0
2019-09-05,Z305D52Z,ST4000DM000,4000787030016,0,118.0,173379600.0,91.0,0.0,100.0,12.0,100.0,0.0,87.0,646386437.0,64.0,31541.0,100.0,0.0,100.0,12.0,98.0,2.0,100.0,0.0,100.0,0.0,100.0,0.0,100.0,0.0,78.0,22.0,100.0,0.0,100.0,0.0,98.0,4440.0,22.0,22.0,100.0,0.0,100.0,0.0,200.0,0.0,100.0,31445.0,100.0,49019452072.0,100.0,167783634734.0
2019-09-06,Z305D52Z,ST4000DM000,4000787030016,0,111.0,40044816.0,91.0,0.0,100.0,12.0,100.0,0.0,87.0,648247037.0,64.0,31565.0,100.0,0.0,100.0,12.0,98.0,2.0,100.0,0.0,100.0,0.0,100.0,0.0,100.0,0.0,78.0,22.0,100.0,0.0,100.0,0.0,98.0,4440.0,22.0,22.0,100.0,0.0,100.0,0.0,200.0,0.0,100.0,31469.0,100.0,49035647992.0,100.0,168044543154.0
2019-09-07,Z305D52Z,ST4000DM000,4000787030016,0,114.0,66805376.0,91.0,0.0,100.0,12.0,100.0,0.0,87.0,649958797.0,64.0,31589.0,100.0,0.0,100.0,12.0,98.0,2.0,100.0,0.0,100.0,0.0,100.0,0.0,100.0,0.0,78.0,22.0,100.0,0.0,100.0,0.0,98.0,4440.0,22.0,22.0,100.0,0.0,100.0,0.0,200.0,0.0,100.0,31492.0,100.0,49056783328.0,100.0,168313900905.0
2019-09-08,Z305D52Z,ST4000DM000,4000787030016,0,119.0,223577912.0,91.0,0.0,100.0,12.0,100.0,0.0,87.0,651879787.0,64.0,31613.0,100.0,0.0,100.0,12.0,98.0,2.0,100.0,0.0,100.0,0.0,100.0,0.0,100.0,0.0,78.0,22.0,100.0,0.0,100.0,0.0,98.0,4440.0,22.0,22.0,100.0,0.0,100.0,0.0,200.0,0.0,100.0,31516.0,100.0,49099961872.0,100.0,168522198593.0
2019-09-09,Z305D52Z,ST4000DM000,4000787030016,0,114.0,63906528.0,91.0,0.0,100.0,12.0,100.0,0.0,87.0,654567762.0,64.0,31637.0,100.0,0.0,100.0,12.0,98.0,2.0,100.0,0.0,100.0,0.0,100.0,0.0,100.0,0.0,77.0,23.0,100.0,0.0,100.0,0.0,98.0,4440.0,23.0,23.0,100.0,0.0,100.0,0.0,200.0,0.0,100.0,31540.0,100.0,49123493816.0,100.0,168800707474.0
2019-09-10,Z305D52Z,ST4000DM000,4000787030016,0,117.0,124044680.0,91.0,0.0,100.0,12.0,100.0,0.0,87.0,656062435.0,64.0,31661.0,100.0,0.0,100.0,12.0,98.0,2.0,100.0,0.0,100.0,0.0,100.0,0.0,100.0,0.0,77.0,23.0,100.0,0.0,100.0,0.0,98.0,4440.0,23.0,23.0,100.0,0.0,100.0,0.0,200.0,0.0,100.0,31564.0,100.0,49142434440.0,100.0,169000063366.0
2019-09-11,Z305D52Z,ST4000DM000,4000787030016,0,108.0,20631096.0,91.0,0.0,100.0,12.0,100.0,0.0,87.0,658394495.0,64.0,31685.0,100.0,0.0,100.0,12.0,98.0,2.0,100.0,0.0,100.0,0.0,100.0,0.0,100.0,0.0,78.0,22.0,100.0,0.0,100.0,0.0,98.0,4440.0,22.0,22.0,100.0,0.0,100.0,0.0,200.0,0.0,100.0,31588.0,100.0,49170208584.0,100.0,169174013108.0
2019-09-12,Z305D52Z,ST4000DM000,4000787030016,0,118.0,171966288.0,91.0,0.0,100.0,12.0,100.0,0.0,87.0,659527449.0,64.0,31697.0,100.0,0.0,100.0,12.0,98.0,2.0,100.0,0.0,100.0,0.0,100.0,0.0,100.0,0.0,78.0,22.0,100.0,0.0,100.0,0.0,98.0,4440.0,22.0,22.0,100.0,0.0,100.0,0.0,200.0,0.0,100.0,31600.0,100.0,49181226832.0,100.0,169352521012.0
2019-09-13,Z305D52Z,ST4000DM000,4000787030016,0,117.0,148876200.0,91.0,0.0,100.0,12.0,100.0,0.0,87.0,661887006.0,64.0,31721.0,100.0,0.0,100.0,12.0,98.0,2.0,100.0,0.0,100.0,0.0,100.0,0.0,100.0,0.0,77.0,23.0,100.0,0.0,100.0,0.0,98.0,4440.0,23.0,23.0,100.0,0.0,100.0,0.0,200.0,0.0,100.0,31625.0,100.0,49199599648.0,100.0,169689561934.0
2019-09-14,Z305D52Z,ST4000DM000,4000787030016,0,117.0,123544992.0,91.0,0.0,100.0,12.0,100.0,0.0,87.0,663239892.0,64.0,31745.0,100.0,0.0,100.0,12.0,98.0,2.0,100.0,0.0,100.0,0.0,100.0,0.0,100.0,0.0,77.0,23.0,100.0,0.0,100.0,0.0,98.0,4440.0,23.0,23.0,100.0,0.0,100.0,0.0,200.0,0.0,100.0,31648.0,100.0,49218055208.0,100.0,169849346813.0
2019-09-15,Z305D52Z,ST4000DM000,4000787030016,0,117.0,139165608.0,91.0,0.0,100.0,12.0,100.0,0.0,87.0,666385730.0,64.0,31769.0,100.0,0.0,100.0,12.0,98.0,2.0,100.0,0.0,100.0,0.0,100.0,0.0,100.0,0.0,77.0,23.0,100.0,0.0,100.0,0.0,98.0,4440.0,23.0,23.0,100.0,0.0,100.0,0.0,200.0,0.0,100.0,31672.0,100.0,49244331248.0,100.0,170057625531.0
2019-09-16,Z305D52Z,ST4000DM000,4000787030016,0,117.0,125216480.0,91.0,0.0,100.0,12.0,100.0,0.0,87.0,668513338.0,64.0,31793.0,100.0,0.0,100.0,12.0,98.0,2.0,100.0,0.0,100.0,0.0,100.0,0.0,100.0,0.0,78.0,22.0,100.0,0.0,100.0,0.0,98.0,4440.0,22.0,22.0,100.0,0.0,100.0,0.0,200.0,0.0,100.0,31696.0,100.0,49282017952.0,100.0,170164080578.0
2019-09-17,Z305D52Z,ST4000DM000,4000787030016,0,117.0,133601256.0,91.0,0.0,100.0,12.0,100.0,0.0,87.0,670282955.0,64.0,31817.0,100.0,0.0,100.0,12.0,98.0,2.0,100.0,0.0,100.0,0.0,100.0,0.0,100.0,0.0,77.0,23.0,100.0,0.0,100.0,0.0,98.0,4440.0,23.0,23.0,100.0,0.0,100.0,0.0,200.0,0.0,100.0,31720.0,100.0,49309719192.0,100.0,170355046178.0
2019-09-18,Z305D52Z,ST4000DM000,4000787030016,0,110.0,27111288.0,91.0,0.0,100.0,12.0,100.0,0.0,88.0,672821490.0,64.0,31853.0,100.0,0.0,100.0,12.0,98.0,2.0,100.0,0.0,100.0,0.0,100.0,0.0,100.0,0.0,78.0,22.0,100.0,0.0,100.0,0.0,98.0,4440.0,22.0,22.0,100.0,0.0,100.0,0.0,200.0,0.0,100.0,31756.0,100.0,49366506840.0,100.0,170497683836.0
2019-09-19,Z305D52Z,ST4000DM000,4000787030016,0,118.0,181255200.0,91.0,0.0,100.0,12.0,100.0,0.0,88.0,674223638.0,64.0,31877.0,100.0,0.0,100.0,12.0,98.0,2.0,100.0,0.0,100.0,0.0,100.0,0.0,100.0,0.0,78.0,22.0,100.0,0.0,100.0,0.0,98.0,4440.0,22.0,22.0,100.0,0.0,100.0,0.0,200.0,0.0,100.0,31780.0,100.0,49387973928.0,100.0,170698572146.0
2019-09-20,Z305D52Z,ST4000DM000,4000787030016,0,117.0,146117096.0,91.0,0.0,100.0,12.0,100.0,0.0,88.0,676418406.0,64.0,31901.0,100.0,0.0,100.0,12.0,98.0,2.0,100.0,0.0,100.0,0.0,100.0,0.0,100.0,0.0,78.0,22.0,100.0,0.0,100.0,0.0,98.0,4440.0,22.0,22.0,100.0,0.0,100.0,0.0,200.0,0.0,100.0,31804.0,100.0,49405617704.0,100.0,170951201203.0
2019-09-21,Z305D52Z,ST4000DM000,4000787030016,0,117.0,161288080.0,91.0,0.0,100.0,12.0,100.0,0.0,88.0,678082368.0,64.0,31925.0,100.0,0.0,100.0,12.0,98.0,2.0,100.0,0.0,100.0,0.0,100.0,0.0,100.0,0.0,78.0,22.0,100.0,0.0,100.0,0.0,98.0,4440.0,22.0,22.0,100.0,0.0,100.0,0.0,200.0,0.0,100.0,31828.0,100.0,49427925800.0,100.0,171122220916.0
2019-09-22,Z305D52Z,ST4000DM000,4000787030016,0,120.0,242068232.0,91.0,0.0,100.0,12.0,100.0,0.0,88.0,679787045.0,64.0,31949.0,100.0,0.0,100.0,12.0,98.0,2.0,100.0,0.0,100.0,0.0,100.0,0.0,100.0,0.0,78.0,22.0,100.0,0.0,100.0,0.0,98.0,4440.0,22.0,22.0,100.0,0.0,100.0,0.0,200.0,0.0,100.0,31852.0,100.0,49444102816.0,100.0,171358083379.0
2019-09-23,Z305D52Z,ST4000DM000,4000787030016,0,113.0,50424216.0,91.0,0.0,100.0,12.0,100.0,0.0,88.0,682040017.0,64.0,31973.0,100.0,0.0,100.0,12.0,98.0,2.0,100.0,0.0,100.0,0.0,100.0,0.0,100.0,0.0,78.0,22.0,100.0,0.0,100.0,0.0,98.0,4440.0,22.0,22.0,100.0,0.0,100.0,0.0,200.0,0.0,100.0,31876.0,100.0,49474222320.0,100.0,171579400845.0
2019-09-24,Z305D52Z,ST4000DM000,4000787030016,0,114.0,73613984.0,91.0,0.0,100.0,12.0,100.0,0.0,88.0,683372189.0,64.0,31997.0,100.0,0.0,100.0,12.0,98.0,2.0,100.0,0.0,100.0,0.0,100.0,0.0,100.0,0.0,78.0,22.0,100.0,0.0,100.0,0.0,98.0,4440.0,22.0,22.0,100.0,0.0,100.0,0.0,200.0,0.0,100.0,31900.0,100.0,49491442048.0,100.0,171781630825.0
2019-09-25,Z305D52Z,ST4000DM000,4000787030016,0,119.0,231102760.0,91.0,0.0,100.0,12.0,100.0,0.0,88.0,684356514.0,64.0,32009.0,100.0,0.0,100.0,12.0,98.0,2.0,100.0,0.0,100.0,0.0,100.0,0.0,100.0,0.0,78.0,22.0,100.0,0.0,100.0,0.0,98.0,4440.0,22.0,22.0,100.0,0.0,100.0,0.0,200.0,0.0,100.0,31912.0,100.0,49503198344.0,100.0,171865468927.0
2019-09-26,Z305D52Z,ST4000DM000,4000787030016,0,115.0,92773400.0,91.0,0.0,100.0,12.0,100.0,0.0,88.0,686591865.0,64.0,32032.0,100.0,0.0,100.0,12.0,98.0,2.0,100.0,0.0,100.0,0.0,100.0,0.0,100.0,0.0,77.0,23.0,100.0,0.0,100.0,0.0,98.0,4442.0,23.0,23.0,100.0,0.0,100.0,0.0,200.0,0.0,100.0,31936.0,100.0,49529874784.0,100.0,172059115172.0
2019-09-27,Z305D52Z,ST4000DM000,4000787030016,0,116.0,107610200.0,91.0,0.0,100.0,12.0,100.0,0.0,88.0,687990001.0,64.0,32056.0,100.0,0.0,100.0,12.0,98.0,2.0,100.0,0.0,100.0,0.0,100.0,0.0,100.0,0.0,78.0,22.0,100.0,0.0,100.0,0.0,98.0,4442.0,22.0,22.0,100.0,0.0,100.0,0.0,200.0,0.0,100.0,31960.0,100.0,49558471376.0,100.0,172234900073.0
2019-09-28,Z305D52Z,ST4000DM000,4000787030016,0,118.0,187577520.0,91.0,0.0,100.0,12.0,100.0,0.0,88.0,689682762.0,64.0,32080.0,100.0,0.0,100.0,12.0,98.0,2.0,100.0,0.0,100.0,0.0,100.0,0.0,100.0,0.0,78.0,22.0,100.0,0.0,100.0,0.0,98.0,4442.0,22.0,22.0,100.0,0.0,100.0,0.0,200.0,0.0,100.0,31984.0,100.0,49586735208.0,100.0,172455868335.0
2019-09-29,Z305D52Z,ST4000DM000,4000787030016,0,119.0,212584200.0,91.0,0.0,100.0,12.0,100.0,0.0,88.0,691057583.0,64.0,32104.0,100.0,0.0,100.0,12.0,98.0,2.0,100.0,0.0,100.0,0.0,100.0,0.0,100.0,0.0,78.0,22.0,100.0,0.0,100.0,0.0,98.0,4442.0,22.0,22.0,100.0,0.0,100.0,0.0,200.0,0.0,100.0,32008.0,100.0,49608724112.0,100.0,172633493521.0
2019-09-30,Z305D52Z,ST4000DM000,4000787030016,0,119.0,219133728.0,91.0,0.0,100.0,12.0,100.0,0.0,88.0,694351320.0,64.0,32140.0,100.0,0.0,100.0,12.0,98.0,2.0,100.0,0.0,100.0,0.0,100.0,0.0,100.0,0.0,78.0,22.0,100.0,0.0,100.0,0.0,98.0,4442.0,22.0,22.0,100.0,0.0,100.0,0.0,200.0,0.0,100.0,32043.0,100.0,49640377440.0,100.0,172933966632.0
2019-10-01,Z305D52Z,ST4000DM000,4000787030016,0,119.0,1075584.0,91.0,0.0,100.0,12.0,100.0,0.0,88.0,696043816.0,64.0,32164.0,100.0,0.0,100.0,12.0,98.0,2.0,100.0,0.0,100.0,0.0,100.0,0.0,100.0,0.0,78.0,22.0,100.0,0.0,100.0,0.0,98.0,4442.0,22.0,22.0,100.0,0.0,100.0,0.0,200.0,0.0,100.0,32067.0,100.0,49662979224.0,100.0,173190370295.0
2019-10-02,Z305D52Z,ST4000DM000,4000787030016,0,117.0,133350128.0,91.0,0.0,100.0,12.0,100.0,0.0,88.0,698704282.0,64.0,32188.0,100.0,0.0,100.0,12.0,98.0,2.0,100.0,0.0,100.0,0.0,100.0,0.0,100.0,0.0,77.0,23.0,100.0,0.0,100.0,0.0,98.0,4442.0,23.0,23.0,100.0,0.0,100.0,0.0,200.0,0.0,100.0,32091.0,100.0,49693183624.0,100.0,173315308560.0
2019-10-03,Z305D52Z,ST4000DM000,4000787030016,0,114.0,80223104.0,91.0,0.0,100.0,12.0,100.0,0.0,88.0,701343860.0,64.0,32212.0,100.0,0.0,100.0,12.0,98.0,2.0,100.0,0.0,100.0,0.0,100.0,0.0,100.0,0.0,78.0,22.0,100.0,0.0,100.0,0.0,98.0,4442.0,22.0,22.0,100.0,0.0,100.0,0.0,200.0,0.0,100.0,32115.0,100.0,49716655024.0,100.0,173601936475.0
2019-10-04,Z305D52Z,ST4000DM000,4000787030016,0,119.0,219477216.0,91.0,0.0,100.0,12.0,100.0,0.0,88.0,702983122.0,64.0,32236.0,100.0,0.0,100.0,12.0,98.0,2.0,100.0,0.0,100.0,0.0,100.0,0.0,100.0,0.0,77.0,23.0,100.0,0.0,100.0,0.0,98.0,4442.0,23.0,23.0,100.0,0.0,100.0,0.0,200.0,0.0,100.0,32139.0,100.0,49742024064.0,100.0,173857070552.0
2019-10-05,Z305D52Z,ST4000DM000,4000787030016,0,118.0,187076992.0,91.0,0.0,100.0,12.0,100.0,0.0,88.0,704131157.0,64.0,32260.0,100.0,0.0,100.0,12.0,98.0,2.0,100.0,0.0,100.0,0.0,100.0,0.0,100.0,0.0,78.0,22.0,100.0,0.0,100.0,0.0,98.0,4443.0,22.0,22.0,100.0,0.0,100.0,0.0,200.0,0.0,100.0,32163.0,100.0,49770159848.0,100.0,174139353579.0
2019-10-06,Z305D52Z,ST4000DM000,4000787030016,0,117.0,132153816.0,91.0,0.0,100.0,12.0,100.0,0.0,88.0,705568829.0,64.0,32284.0,100.0,0.0,100.0,12.0,98.0,2.0,100.0,0.0,100.0,0.0,100.0,0.0,100.0,0.0,77.0,23.0,100.0,0.0,100.0,0.0,98.0,4443.0,23.0,23.0,100.0,0.0,100.0,0.0,200.0,0.0,100.0,32187.0,100.0,49806228952.0,100.0,174444833225.0
2019-10-07,Z305D52Z,ST4000DM000,4000787030016,0,112.0,44184592.0,91.0,0.0,100.0,12.0,100.0,0.0,88.0,708166101.0,64.0,32308.0,100.0,0.0,100.0,12.0,98.0,2.0,100.0,0.0,100.0,0.0,100.0,0.0,100.0,0.0,77.0,23.0,100.0,0.0,100.0,0.0,98.0,4443.0,23.0,23.0,100.0,0.0,100.0,0.0,200.0,0.0,100.0,32211.0,100.0,49843229888.0,100.0,174789172446.0
2019-10-08,Z305D52Z,ST4000DM000,4000787030016,0,106.0,11510072.0,91.0,0.0,100.0,12.0,100.0,0.0,88.0,710113282.0,64.0,32332.0,100.0,0.0,100.0,12.0,98.0,2.0,100.0,0.0,100.0,0.0,100.0,0.0,100.0,0.0,77.0,23.0,100.0,0.0,100.0,0.0,98.0,4443.0,23.0,23.0,100.0,0.0,100.0,0.0,200.0,0.0,100.0,32235.0,100.0,49879852160.0,100.0,175098119523.0
2019-10-09,Z305D52Z,ST4000DM000,4000787030016,0,118.0,191741488.0,91.0,0.0,100.0,12.0,100.0,0.0,88.0,712921938.0,64.0,32356.0,100.0,0.0,100.0,12.0,98.0,2.0,100.0,0.0,100.0,0.0,100.0,0.0,100.0,0.0,78.0,22.0,100.0,0.0,100.0,0.0,98.0,4443.0,22.0,22.0,100.0,0.0,100.0,0.0,200.0,0.0,100.0,32259.0,100.0,49920270440.0,100.0,175273519980.0
2019-10-10,Z305D52Z,ST4000DM000,4000787030016,0,114.0,72367952.0,91.0,0.0,100.0,12.0,100.0,0.0,88.0,714073546.0,64.0,32368.0,100.0,0.0,100.0,12.0,98.0,2.0,100.0,0.0,100.0,0.0,100.0,0.0,100.0,0.0,78.0,22.0,100.0,0.0,100.0,0.0,98.0,4443.0,22.0,22.0,100.0,0.0,100.0,0.0,200.0,0.0,100.0,32271.0,100.0,49938527096.0,100.0,175435006038.0
2019-10-11,Z305D52Z,ST4000DM000,4000787030016,0,114.0,65543520.0,91.0,0.0,100.0,12.0,100.0,0.0,88.0,716130927.0,64.0,32392.0,100.0,0.0,100.0,12.0,98.0,2.0,100.0,0.0,100.0,0.0,100.0,0.0,100.0,0.0,78.0,22.0,100.0,0.0,100.0,0.0,98.0,4443.0,22.0,22.0,100.0,0.0,100.0,0.0,200.0,0.0,100.0,32295.0,100.0,49972268280.0,100.0,175728522071.0
2019-10-12,Z305D52Z,ST4000DM000,4000787030016,0,117.0,119123560.0,91.0,0.0,100.0,12.0,100.0,0.0,88.0,717662993.0,63.0,32416.0,100.0,0.0,100.0,12.0,98.0,2.0,100.0,0.0,100.0,0.0,100.0,0.0,100.0,0.0,78.0,22.0,100.0,0.0,100.0,0.0,98.0,4443.0,22.0,22.0,100.0,0.0,100.0,0.0,200.0,0.0,100.0,32319.0,100.0,50005121080.0,100.0,175945667244.0
2019-10-13,Z305D52Z,ST4000DM000,4000787030016,0,118.0,197262408.0,91.0,0.0,100.0,12.0,100.0,0.0,88.0,719337337.0,63.0,32440.0,100.0,0.0,100.0,12.0,98.0,2.0,100.0,0.0,100.0,0.0,100.0,0.0,100.0,0.0,78.0,22.0,100.0,0.0,100.0,0.0,98.0,4445.0,22.0,22.0,100.0,0.0,100.0,0.0,200.0,0.0,100.0,32343.0,100.0,50033226736.0,100.0,176180422586.0
2019-10-14,Z305D52Z,ST4000DM000,4000787030016,0,119.0,210186984.0,91.0,0.0,100.0,12.0,100.0,0.0,88.0,721577359.0,63.0,32464.0,100.0,0.0,100.0,12.0,98.0,2.0,100.0,0.0,100.0,0.0,100.0,0.0,100.0,0.0,78.0,22.0,100.0,0.0,100.0,0.0,98.0,4445.0,22.0,22.0,100.0,0.0,100.0,0.0,200.0,0.0,100.0,32367.0,100.0,50053318408.0,100.0,176332567856.0
2019-10-15,Z305D52Z,ST4000DM000,4000787030016,0,109.0,22245184.0,91.0,0.0,100.0,12.0,100.0,0.0,88.0,724207426.0,63.0,32523.0,100.0,0.0,100.0,12.0,98.0,2.0,100.0,0.0,100.0,0.0,100.0,0.0,100.0,0.0,77.0,23.0,100.0,0.0,100.0,0.0,98.0,4473.0,23.0,23.0,100.0,0.0,100.0,0.0,200.0,0.0,100.0,32427.0,100.0,50089399048.0,100.0,176497972290.0
2019-10-16,Z305D52Z,ST4000DM000,4000787030016,0,109.0,22245184.0,91.0,0.0,100.0,12.0,100.0,0.0,88.0,724207426.0,63.0,32523.0,100.0,0.0,100.0,12.0,98.0,2.0,100.0,0.0,100.0,0.0,100.0,0.0,100.0,0.0,77.0,23.0,100.0,0.0,100.0,0.0,98.0,4473.0,23.0,23.0,100.0,0.0,100.0,0.0,200.0,0.0,100.0,32427.0,100.0,50089399048.0,100.0,176497972290.0
2019-10-17,Z305D52Z,ST4000DM000,4000787030016,0,112.0,45925408.0,91.0,0.0,100.0,12.0,100.0,0.0,88.0,725303485.0,63.0,32547.0,100.0,0.0,100.0,12.0,98.0,2.0,100.0,0.0,100.0,0.0,100.0,0.0,100.0,0.0,78.0,22.0,100.0,0.0,100.0,0.0,98.0,4507.0,22.0,22.0,100.0,0.0,100.0,0.0,200.0,0.0,100.0,32450.0,100.0,50100937256.0,100.0,176634386884.0
2019-10-18,Z305D52Z,ST4000DM000,4000787030016,0,117.0,129849160.0,91.0,0.0,100.0,12.0,100.0,0.0,88.0,727438413.0,63.0,32571.0,100.0,0.0,100.0,12.0,98.0,2.0,100.0,0.0,100.0,0.0,100.0,0.0,100.0,0.0,78.0,22.0,100.0,0.0,100.0,0.0,98.0,4534.0,22.0,22.0,100.0,0.0,100.0,0.0,200.0,0.0,100.0,32474.0,100.0,50116215760.0,100.0,176750133300.0
2019-10-19,Z305D52Z,ST4000DM000,4000787030016,0,117.0,144827096.0,91.0,0.0,100.0,12.0,100.0,0.0,88.0,728348126.0,63.0,32595.0,100.0,0.0,100.0,12.0,98.0,2.0,100.0,0.0,100.0,0.0,100.0,0.0,100.0,0.0,78.0,22.0,100.0,0.0,100.0,0.0,98.0,4560.0,22.0,22.0,100.0,0.0,100.0,0.0,200.0,0.0,100.0,32498.0,100.0,50127509928.0,100.0,176856283126.0
2019-10-20,Z305D52Z,ST4000DM000,4000787030016,0,117.0,121003576.0,91.0,0.0,100.0,12.0,100.0,0.0,88.0,729855065.0,63.0,32619.0,100.0,0.0,100.0,12.0,98.0,2.0,100.0,0.0,100.0,0.0,100.0,0.0,100.0,0.0,77.0,23.0,100.0,0.0,100.0,0.0,98.0,4560.0,23.0,23.0,100.0,0.0,100.0,0.0,200.0,0.0,100.0,32522.0,100.0,50158128360.0,100.0,176986157778.0
2019-10-21,Z305D52Z,ST4000DM000,4000787030016,0,116.0,111702048.0,91.0,0.0,100.0,12.0,100.0,0.0,88.0,732525345.0,63.0,32643.0,100.0,0.0,100.0,12.0,98.0,2.0,100.0,0.0,100.0,0.0,100.0,0.0,100.0,0.0,78.0,22.0,100.0,0.0,100.0,0.0,98.0,4560.0,22.0,22.0,100.0,0.0,100.0,0.0,200.0,0.0,100.0,32546.0,100.0,50188402864.0,100.0,177181711750.0
2019-10-22,Z305D52Z,ST4000DM000,4000787030016,0,106.0,11314720.0,91.0,0.0,100.0,12.0,100.0,0.0,88.0,733522544.0,63.0,32667.0,100.0,0.0,100.0,12.0,98.0,2.0,100.0,0.0,100.0,0.0,100.0,0.0,100.0,0.0,78.0,22.0,100.0,0.0,100.0,0.0,98.0,4563.0,22.0,22.0,100.0,0.0,100.0,0.0,200.0,0.0,100.0,32570.0,100.0,50210798808.0,100.0,177292722765.0
2019-10-23,Z305D52Z,ST4000DM000,4000787030016,0,118.0,179712024.0,91.0,0.0,100.0,12.0,100.0,0.0,88.0,735368417.0,63.0,32691.0,100.0,0.0,100.0,12.0,98.0,2.0,100.0,0.0,100.0,0.0,100.0,0.0,100.0,0.0,78.0,22.0,100.0,0.0,100.0,0.0,98.0,4569.0,22.0,22.0,100.0,0.0,100.0,0.0,200.0,0.0,100.0,32594.0,100.0,50236543464.0,100.0,177379635819.0
2019-10-24,Z305D52Z,ST4000DM000,4000787030016,0,101.0,3531008.0,91.0,0.0,100.0,12.0,100.0,0.0,88.0,736237803.0,63.0,32715.0,100.0,0.0,100.0,12.0,98.0,2.0,100.0,0.0,100.0,0.0,100.0,0.0,100.0,0.0,78.0,22.0,100.0,0.0,100.0,0.0,98.0,4569.0,22.0,22.0,100.0,0.0,100.0,0.0,200.0,0.0,100.0,32618.0,100.0,50262680200.0,100.0,177469111429.0
2019-10-25,Z305D52Z,ST4000DM000,4000787030016,0,116.0,114233248.0,91.0,0.0,100.0,12.0,100.0,0.0,88.0,736832453.0,63.0,32739.0,100.0,0.0,100.0,12.0,98.0,2.0,100.0,0.0,100.0,0.0,100.0,0.0,100.0,0.0,78.0,22.0,100.0,0.0,100.0,0.0,98.0,4569.0,22.0,22.0,100.0,0.0,100.0,0.0,200.0,0.0,100.0,32642.0,100.0,50279497872.0,100.0,177528821535.0
2019-10-26,Z305D52Z,ST4000DM000,4000787030016,0,113.0,58372984.0,91.0,0.0,100.0,12.0,100.0,0.0,88.0,737488233.0,63.0,32763.0,100.0,0.0,100.0,12.0,98.0,2.0,100.0,0.0,100.0,0.0,100.0,0.0,100.0,0.0,78.0,22.0,100.0,0.0,100.0,0.0,98.0,4571.0,22.0,22.0,100.0,0.0,100.0,0.0,200.0,0.0,100.0,32666.0,100.0,50291965024.0,100.0,177594425047.0
2019-10-27,Z305D52Z,ST4000DM000,4000787030016,0,118.0,175306560.0,91.0,0.0,100.0,12.0,100.0,0.0,88.0,738383486.0,63.0,32787.0,100.0,0.0,100.0,12.0,98.0,2.0,100.0,0.0,100.0,0.0,100.0,0.0,100.0,0.0,78.0,22.0,100.0,0.0,100.0,0.0,98.0,4572.0,22.0,22.0,100.0,0.0,100.0,0.0,200.0,0.0,100.0,32690.0,100.0,50307058272.0,100.0,177654327054.0
2019-10-28,Z305D52Z,ST4000DM000,4000787030016,0,120.0,2218560.0,91.0,0.0,100.0,12.0,100.0,0.0,88.0,740048382.0,63.0,32811.0,100.0,0.0,100.0,12.0,98.0,2.0,100.0,0.0,100.0,0.0,100.0,0.0,100.0,0.0,78.0,22.0,100.0,0.0,100.0,0.0,98.0,4575.0,22.0,22.0,100.0,0.0,100.0,0.0,200.0,0.0,100.0,32714.0,100.0,50317126856.0,100.0,177769643864.0
2019-10-29,Z305D52Z,ST4000DM000,4000787030016,0,111.0,31738712.0,91.0,0.0,100.0,12.0,100.0,0.0,88.0,740423653.0,63.0,32823.0,100.0,0.0,100.0,12.0,98.0,2.0,100.0,0.0,100.0,0.0,100.0,0.0,100.0,0.0,78.0,22.0,100.0,0.0,100.0,0.0,98.0,4575.0,22.0,22.0,100.0,0.0,100.0,0.0,200.0,0.0,100.0,32726.0,100.0,50323222152.0,100.0,177814031657.0
2019-10-30,Z305D52Z,ST4000DM000,4000787030016,0,118.0,184706432.0,91.0,0.0,100.0,12.0,100.0,0.0,88.0,744006912.0,63.0,32859.0,100.0,0.0,100.0,12.0,98.0,2.0,100.0,0.0,100.0,0.0,100.0,0.0,100.0,0.0,78.0,22.0,100.0,0.0,100.0,0.0,98.0,4575.0,22.0,22.0,100.0,0.0,100.0,0.0,200.0,0.0,100.0,32762.0,100.0,50351178776.0,100.0,178014436879.0
2019-10-31,Z305D52Z,ST4000DM000,4000787030016,0,117.0,156109264.0,91.0,0.0,100.0,12.0,100.0,0.0,88.0,744916379.0,63.0,32883.0,100.0,0.0,100.0,12.0,98.0,2.0,100.0,0.0,100.0,0.0,100.0,0.0,100.0,0.0,77.0,23.0,100.0,0.0,100.0,0.0,98.0,4578.0,23.0,23.0,100.0,0.0,100.0,0.0,200.0,0.0,100.0,32786.0,100.0,50366596816.0,100.0,178110622378.0
2019-11-01,Z305D52Z,ST4000DM000,4000787030016,0,114.0,81995032.0,91.0,0.0,100.0,12.0,100.0,0.0,88.0,746270555.0,63.0,32906.0,100.0,0.0,100.0,12.0,98.0,2.0,100.0,0.0,100.0,0.0,100.0,0.0,100.0,0.0,77.0,23.0,100.0,0.0,100.0,0.0,98.0,4578.0,23.0,23.0,100.0,0.0,100.0,0.0,200.0,0.0,100.0,32810.0,100.0,50372451936.0,100.0,178289788813.0
2019-11-02,Z305D52Z,ST4000DM000,4000787030016,0,116.0,101745440.0,91.0,0.0,100.0,12.0,100.0,0.0,88.0,746919489.0,63.0,32930.0,100.0,0.0,100.0,12.0,98.0,2.0,100.0,0.0,100.0,0.0,100.0,0.0,100.0,0.0,77.0,23.0,100.0,0.0,100.0,0.0,98.0,4578.0,23.0,23.0,100.0,0.0,100.0,0.0,200.0,0.0,100.0,32833.0,100.0,50386218792.0,100.0,178366822415.0
2019-11-03,Z305D52Z,ST4000DM000,4000787030016,0,114.0,60075136.0,91.0,0.0,100.0,12.0,100.0,0.0,88.0,748899511.0,63.0,32954.0,100.0,0.0,100.0,12.0,98.0,2.0,100.0,0.0,100.0,0.0,100.0,0.0,100.0,0.0,77.0,23.0,100.0,0.0,100.0,0.0,98.0,4578.0,23.0,23.0,100.0,0.0,100.0,0.0,200.0,0.0,100.0,32857.0,100.0,50394195832.0,100.0,178613003204.0
2019-11-04,Z305D52Z,ST4000DM000,4000787030016,0,111.0,31744920.0,91.0,0.0,100.0,12.0,100.0,0.0,88.0,751426796.0,63.0,32978.0,100.0,0.0,100.0,12.0,98.0,2.0,100.0,0.0,100.0,0.0,100.0,0.0,100.0,0.0,77.0,23.0,100.0,0.0,100.0,0.0,98.0,4578.0,23.0,23.0,100.0,0.0,100.0,0.0,200.0,0.0,100.0,32881.0,100.0,50402141008.0,100.0,178806219205.0
2019-11-06,Z305D52Z,ST4000DM000,4000787030016,0,116.0,113421392.0,91.0,0.0,100.0,12.0,100.0,0.0,88.0,754337465.0,63.0,33026.0,100.0,0.0,100.0,12.0,98.0,2.0,100.0,0.0,100.0,0.0,100.0,0.0,100.0,0.0,78.0,22.0,100.0,0.0,100.0,0.0,98.0,4578.0,22.0,22.0,100.0,0.0,100.0,0.0,200.0,0.0,100.0,32929.0,100.0,50416353064.0,100.0,179153518753.0
2019-11-07,Z305D52Z,ST4000DM000,4000787030016,0,114.0,82626896.0,91.0,0.0,100.0,12.0,100.0,0.0,88.0,755464745.0,63.0,33050.0,100.0,0.0,100.0,12.0,98.0,2.0,100.0,0.0,100.0,0.0,100.0,0.0,100.0,0.0,78.0,22.0,100.0,0.0,100.0,0.0,98.0,4579.0,22.0,22.0,100.0,0.0,100.0,0.0,200.0,0.0,100.0,32953.0,100.0,50430935536.0,100.0,179356633728.0
2019-11-08,Z305D52Z,ST4000DM000,4000787030016,0,107.0,13858208.0,91.0,0.0,100.0,12.0,100.0,0.0,88.0,756763898.0,63.0,33074.0,100.0,0.0,100.0,12.0,98.0,2.0,100.0,0.0,100.0,0.0,100.0,0.0,100.0,0.0,77.0,23.0,100.0,0.0,100.0,0.0,98.0,4579.0,23.0,23.0,100.0,0.0,100.0,0.0,200.0,0.0,100.0,32977.0,100.0,50435388696.0,100.0,179588797801.0
2019-11-09,Z305D52Z,ST4000DM000,4000787030016,0,118.0,169784248.0,91.0,0.0,100.0,12.0,100.0,0.0,88.0,757982967.0,63.0,33098.0,100.0,0.0,100.0,12.0,98.0,2.0,100.0,0.0,100.0,0.0,100.0,0.0,100.0,0.0,78.0,22.0,100.0,0.0,100.0,0.0,98.0,4579.0,22.0,22.0,100.0,0.0,100.0,0.0,200.0,0.0,100.0,33001.0,100.0,50441462872.0,100.0,179769150003.0
2019-11-10,Z305D52Z,ST4000DM000,4000787030016,0,115.0,85579968.0,91.0,0.0,100.0,12.0,100.0,0.0,88.0,759610287.0,63.0,33122.0,100.0,0.0,100.0,12.0,98.0,2.0,100.0,0.0,100.0,0.0,100.0,0.0,100.0,0.0,78.0,22.0,100.0,0.0,100.0,0.0,98.0,4579.0,22.0,22.0,100.0,0.0,100.0,0.0,200.0,0.0,100.0,33025.0,100.0,50459758296.0,100.0,179977414900.0
2019-11-11,Z305D52Z,ST4000DM000,4000787030016,0,117.0,143198768.0,91.0,0.0,100.0,12.0,100.0,0.0,88.0,761839933.0,63.0,33146.0,100.0,0.0,100.0,12.0,98.0,2.0,100.0,0.0,100.0,0.0,100.0,0.0,100.0,0.0,78.0,22.0,100.0,0.0,100.0,0.0,98.0,4581.0,22.0,22.0,100.0,0.0,100.0,0.0,200.0,0.0,100.0,33049.0,100.0,50471733728.0,100.0,180170230716.0
2019-11-12,Z305D52Z,ST4000DM000,4000787030016,0,118.0,200823736.0,91.0,0.0,100.0,12.0,100.0,0.0,88.0,764788121.0,63.0,33170.0,100.0,0.0,100.0,12.0,98.0,2.0,100.0,0.0,100.0,0.0,100.0,0.0,100.0,0.0,78.0,22.0,100.0,0.0,100.0,0.0,98.0,4581.0,22.0,22.0,100.0,0.0,100.0,0.0,200.0,0.0,100.0,33073.0,100.0,50477867576.0,100.0,180382954733.0
2019-11-13,Z305D52Z,ST4000DM000,4000787030016,0,118.0,168081616.0,91.0,0.0,100.0,12.0,100.0,0.0,88.0,766706484.0,63.0,33193.0,100.0,0.0,100.0,12.0,98.0,2.0,100.0,0.0,100.0,0.0,100.0,0.0,100.0,0.0,78.0,22.0,100.0,0.0,100.0,0.0,98.0,4581.0,22.0,22.0,100.0,0.0,100.0,0.0,200.0,0.0,100.0,33096.0,100.0,50491228936.0,100.0,180515102083.0
2019-11-14,Z305D52Z,ST4000DM000,4000787030016,0,117.0,128905520.0,91.0,0.0,100.0,12.0,100.0,0.0,88.0,767907596.0,63.0,33217.0,100.0,0.0,100.0,12.0,98.0,2.0,100.0,0.0,100.0,0.0,100.0,0.0,100.0,0.0,78.0,22.0,100.0,0.0,100.0,0.0,98.0,4581.0,22.0,22.0,100.0,0.0,100.0,0.0,200.0,0.0,100.0,33120.0,100.0,50497859152.0,100.0,180716010401.0
2019-11-15,Z305D52Z,ST4000DM000,4000787030016,0,114.0,60377952.0,91.0,0.0,100.0,12.0,100.0,0.0,88.0,769374977.0,63.0,33241.0,100.0,0.0,100.0,12.0,98.0,2.0,100.0,0.0,100.0,0.0,100.0,0.0,100.0,0.0,78.0,22.0,100.0,0.0,100.0,0.0,98.0,4584.0,22.0,22.0,100.0,0.0,100.0,0.0,200.0,0.0,100.0,33144.0,100.0,50503306656.0,100.0,180972796769.0
2019-11-16,Z305D52Z,ST4000DM000,4000787030016,0,118.0,169419312.0,91.0,0.0,100.0,12.0,100.0,0.0,88.0,770527674.0,63.0,33265.0,100.0,0.0,100.0,12.0,98.0,2.0,100.0,0.0,100.0,0.0,100.0,0.0,100.0,0.0,77.0,23.0,100.0,0.0,100.0,0.0,98.0,4588.0,23.0,23.0,100.0,0.0,100.0,0.0,200.0,0.0,100.0,33168.0,100.0,50507372360.0,100.0,181251790180.0
2019-11-17,Z305D52Z,ST4000DM000,4000787030016,0,118.0,169066536.0,91.0,0.0,100.0,12.0,100.0,0.0,88.0,771376552.0,62.0,33289.0,100.0,0.0,100.0,12.0,98.0,2.0,100.0,0.0,100.0,0.0,100.0,0.0,100.0,0.0,73.0,27.0,100.0,0.0,100.0,0.0,98.0,4588.0,27.0,27.0,100.0,0.0,100.0,0.0,200.0,0.0,100.0,33192.0,100.0,50514776880.0,100.0,181531493390.0
2019-11-18,Z305D52Z,ST4000DM000,4000787030016,0,118.0,195643824.0,91.0,0.0,100.0,12.0,100.0,0.0,88.0,773374292.0,62.0,33313.0,100.0,0.0,100.0,12.0,98.0,2.0,100.0,0.0,100.0,0.0,100.0,0.0,100.0,0.0,78.0,22.0,100.0,0.0,100.0,0.0,98.0,4588.0,22.0,22.0,100.0,0.0,100.0,0.0,200.0,0.0,100.0,33216.0,100.0,50527336096.0,100.0,181882297670.0
2019-11-19,Z305D52Z,ST4000DM000,4000787030016,0,119.0,224594488.0,91.0,0.0,100.0,12.0,100.0,0.0,88.0,774752617.0,62.0,33337.0,100.0,0.0,100.0,12.0,98.0,2.0,100.0,0.0,100.0,0.0,100.0,0.0,100.0,0.0,78.0,22.0,100.0,0.0,100.0,0.0,98.0,4589.0,22.0,22.0,100.0,0.0,100.0,0.0,200.0,0.0,100.0,33240.0,100.0,50534863112.0,100.0,182180371899.0
2019-11-20,Z305D52Z,ST4000DM000,4000787030016,0,119.0,214204944.0,91.0,0.0,100.0,12.0,100.0,0.0,88.0,777404366.0,62.0,33361.0,100.0,0.0,100.0,12.0,98.0,2.0,100.0,0.0,100.0,0.0,100.0,0.0,100.0,0.0,78.0,22.0,100.0,0.0,100.0,0.0,98.0,4589.0,22.0,22.0,100.0,0.0,100.0,0.0,200.0,0.0,100.0,33264.0,100.0,50545137864.0,100.0,182392286012.0
2019-11-21,Z305D52Z,ST4000DM000,4000787030016,0,106.0,12174240.0,91.0,0.0,100.0,12.0,100.0,0.0,88.0,779300795.0,62.0,33385.0,100.0,0.0,100.0,12.0,98.0,2.0,100.0,0.0,100.0,0.0,100.0,0.0,100.0,0.0,78.0,22.0,100.0,0.0,100.0,0.0,98.0,4590.0,22.0,22.0,100.0,0.0,100.0,0.0,200.0,0.0,100.0,33288.0,100.0,50555065984.0,100.0,182710879956.0
2019-11-22,Z305D52Z,ST4000DM000,4000787030016,0,118.0,187752496.0,91.0,0.0,100.0,12.0,100.0,0.0,88.0,780558247.0,62.0,33409.0,100.0,0.0,100.0,12.0,98.0,2.0,100.0,0.0,100.0,0.0,100.0,0.0,100.0,0.0,78.0,22.0,100.0,0.0,100.0,0.0,98.0,4590.0,22.0,22.0,100.0,0.0,100.0,0.0,200.0,0.0,100.0,33312.0,100.0,50562716824.0,100.0,182926860448.0
2019-11-23,Z305D52Z,ST4000DM000,4000787030016,0,119.0,210093792.0,91.0,0.0,100.0,12.0,100.0,0.0,88.0,782063233.0,62.0,33433.0,100.0,0.0,100.0,12.0,98.0,2.0,100.0,0.0,100.0,0.0,100.0,0.0,100.0,0.0,78.0,22.0,100.0,0.0,100.0,0.0,98.0,4590.0,22.0,22.0,100.0,0.0,100.0,0.0,200.0,0.0,100.0,33336.0,100.0,50572035024.0,100.0,183158481010.0
2019-11-24,Z305D52Z,ST4000DM000,4000787030016,0,116.0,111313544.0,91.0,0.0,100.0,12.0,100.0,0.0,88.0,783414060.0,62.0,33457.0,100.0,0.0,100.0,12.0,98.0,2.0,100.0,0.0,100.0,0.0,100.0,0.0,100.0,0.0,78.0,22.0,100.0,0.0,100.0,0.0,98.0,4590.0,22.0,22.0,100.0,0.0,100.0,0.0,200.0,0.0,100.0,33360.0,100.0,50586695336.0,100.0,183352285030.0
2019-11-25,Z305D52Z,ST4000DM000,4000787030016,0,117.0,133413560.0,91.0,0.0,100.0,12.0,100.0,0.0,88.0,786123700.0,62.0,33481.0,100.0,0.0,100.0,12.0,98.0,2.0,100.0,0.0,100.0,0.0,100.0,0.0,100.0,0.0,77.0,23.0,100.0,0.0,100.0,0.0,98.0,4590.0,23.0,23.0,100.0,0.0,100.0,0.0,200.0,0.0,100.0,33384.0,100.0,50596163744.0,100.0,183625328690.0
2019-11-26,Z305D52Z,ST4000DM000,4000787030016,0,117.0,147267816.0,91.0,0.0,100.0,12.0,100.0,0.0,88.0,788506182.0,62.0,33505.0,100.0,0.0,100.0,12.0,98.0,2.0,100.0,0.0,100.0,0.0,100.0,0.0,100.0,0.0,78.0,22.0,100.0,0.0,100.0,0.0,98.0,4591.0,22.0,22.0,100.0,0.0,100.0,0.0,200.0,0.0,100.0,33408.0,100.0,50605864952.0,100.0,183982048210.0
2019-11-27,Z305D52Z,ST4000DM000,4000787030016,0,112.0,46339704.0,91.0,0.0,100.0,12.0,100.0,0.0,88.0,790393431.0,62.0,33529.0,100.0,0.0,100.0,12.0,98.0,2.0,100.0,0.0,100.0,0.0,100.0,0.0,100.0,0.0,78.0,22.0,100.0,0.0,100.0,0.0,98.0,4592.0,22.0,22.0,100.0,0.0,100.0,0.0,200.0,0.0,100.0,33432.0,100.0,50613288904.0,100.0,184107105685.0
2019-11-28,Z305D52Z,ST4000DM000,4000787030016,0,118.0,179009136.0,91.0,0.0,100.0,12.0,100.0,0.0,88.0,791384400.0,62.0,33553.0,100.0,0.0,100.0,12.0,98.0,2.0,100.0,0.0,100.0,0.0,100.0,0.0,100.0,0.0,77.0,23.0,100.0,0.0,100.0,0.0,98.0,4593.0,23.0,23.0,100.0,0.0,100.0,0.0,200.0,0.0,100.0,33456.0,100.0,50621826328.0,100.0,184257844575.0
2019-11-29,Z305D52Z,ST4000DM000,4000787030016,0,106.0,12122888.0,91.0,0.0,100.0,12.0,100.0,0.0,88.0,793978086.0,62.0,33577.0,100.0,0.0,100.0,12.0,98.0,2.0,100.0,0.0,100.0,0.0,100.0,0.0,100.0,0.0,77.0,23.0,100.0,0.0,100.0,0.0,98.0,4593.0,23.0,23.0,100.0,0.0,100.0,0.0,200.0,0.0,100.0,33479.0,100.0,50634176568.0,100.0,184436474727.0
2019-11-30,Z305D52Z,ST4000DM000,4000787030016,0,108.0,19454648.0,91.0,0.0,100.0,12.0,100.0,0.0,88.0,794977522.0,62.0,33600.0,100.0,0.0,100.0,12.0,98.0,2.0,100.0,0.0,100.0,0.0,100.0,0.0,100.0,0.0,77.0,23.0,100.0,0.0,100.0,0.0,98.0,4593.0,23.0,23.0,100.0,0.0,100.0,0.0,200.0,0.0,100.0,33503.0,100.0,50648950048.0,100.0,184570156889.0
2019-12-01,Z305D52Z,ST4000DM000,4000787030016,0,114.0,80655672.0,91.0,0.0,100.0,12.0,100.0,0.0,88.0,796267626.0,62.0,33624.0,100.0,0.0,100.0,12.0,98.0,2.0,100.0,0.0,100.0,0.0,100.0,0.0,100.0,0.0,77.0,23.0,100.0,0.0,100.0,0.0,98.0,4593.0,23.0,23.0,100.0,0.0,100.0,0.0,200.0,0.0,100.0,33527.0,100.0,50655768160.0,100.0,184727779260.0
2019-12-02,Z305D52Z,ST4000DM000,4000787030016,0,117.0,140980968.0,91.0,0.0,100.0,12.0,100.0,0.0,88.0,798084191.0,62.0,33648.0,100.0,0.0,100.0,12.0,98.0,2.0,100.0,0.0,100.0,0.0,100.0,0.0,100.0,0.0,77.0,23.0,100.0,0.0,100.0,0.0,98.0,4593.0,23.0,23.0,100.0,0.0,100.0,0.0,200.0,0.0,100.0,33551.0,100.0,50666852304.0,100.0,184823106000.0
2019-12-03,Z305D52Z,ST4000DM000,4000787030016,0,116.0,107098920.0,91.0,0.0,100.0,12.0,100.0,0.0,88.0,800074302.0,62.0,33672.0,100.0,0.0,100.0,12.0,98.0,2.0,100.0,0.0,100.0,0.0,100.0,0.0,100.0,0.0,77.0,23.0,100.0,0.0,100.0,0.0,98.0,4593.0,23.0,23.0,100.0,0.0,100.0,0.0,200.0,0.0,100.0,33575.0,100.0,50679688872.0,100.0,185067858478.0
2019-12-04,Z305D52Z,ST4000DM000,4000787030016,0,117.0,123070928.0,91.0,0.0,100.0,12.0,100.0,0.0,88.0,802457605.0,62.0,33696.0,100.0,0.0,100.0,12.0,98.0,2.0,100.0,0.0,100.0,0.0,100.0,0.0,100.0,0.0,78.0,22.0,100.0,0.0,100.0,0.0,98.0,4593.0,22.0,22.0,100.0,0.0,100.0,0.0,200.0,0.0,100.0,33599.0,100.0,50696299192.0,100.0,185199876680.0
2019-12-05,Z305D52Z,ST4000DM000,4000787030016,0,117.0,154407704.0,91.0,0.0,100.0,12.0,100.0,0.0,88.0,803361232.0,62.0,33720.0,100.0,0.0,100.0,12.0,98.0,2.0,100.0,0.0,100.0,0.0,100.0,0.0,100.0,0.0,78.0,22.0,100.0,0.0,100.0,0.0,98.0,4594.0,22.0,22.0,100.0,0.0,100.0,0.0,200.0,0.0,100.0,33623.0,100.0,50711025192.0,100.0,185389660469.0
2019-12-06,Z305D52Z,ST4000DM000,4000787030016,0,115.0,96975688.0,91.0,0.0,100.0,12.0,100.0,0.0,88.0,804691094.0,62.0,33744.0,100.0,0.0,100.0,12.0,98.0,2.0,100.0,0.0,100.0,0.0,100.0,0.0,100.0,0.0,78.0,22.0,100.0,0.0,100.0,0.0,98.0,4594.0,22.0,22.0,100.0,0.0,100.0,0.0,200.0,0.0,100.0,33647.0,100.0,50729109448.0,100.0,185624097578.0
2019-12-07,Z305D52Z,ST4000DM000,4000787030016,0,118.0,185822184.0,91.0,0.0,100.0,12.0,100.0,0.0,89.0,805873934.0,62.0,33768.0,100.0,0.0,100.0,12.0,98.0,2.0,100.0,0.0,100.0,0.0,100.0,0.0,100.0,0.0,78.0,22.0,100.0,0.0,100.0,0.0,98.0,4594.0,22.0,22.0,100.0,0.0,100.0,0.0,200.0,0.0,100.0,33671.0,100.0,50740671736.0,100.0,185826394887.0
2019-12-08,Z305D52Z,ST4000DM000,4000787030016,0,112.0,48202192.0,91.0,0.0,100.0,12.0,100.0,0.0,89.0,807275929.0,62.0,33792.0,100.0,0.0,100.0,12.0,98.0,2.0,100.0,0.0,100.0,0.0,100.0,0.0,100.0,0.0,78.0,22.0,100.0,0.0,100.0,0.0,98.0,4594.0,22.0,22.0,100.0,0.0,100.0,0.0,200.0,0.0,100.0,33695.0,100.0,50754200496.0,100.0,186055585525.0
2019-12-09,Z305D52Z,ST4000DM000,4000787030016,0,119.0,225241680.0,91.0,0.0,100.0,12.0,100.0,0.0,89.0,809719281.0,62.0,33816.0,100.0,0.0,100.0,12.0,98.0,2.0,100.0,0.0,100.0,0.0,100.0,0.0,100.0,0.0,78.0,22.0,100.0,0.0,100.0,0.0,98.0,4594.0,22.0,22.0,100.0,0.0,100.0,0.0,200.0,0.0,100.0,33719.0,100.0,50772608184.0,100.0,186253045382.0
2019-12-10,Z305D52Z,ST4000DM000,4000787030016,0,114.0,61813872.0,91.0,0.0,100.0,12.0,100.0,0.0,89.0,810996700.0,62.0,33840.0,100.0,0.0,100.0,12.0,98.0,2.0,100.0,0.0,100.0,0.0,100.0,0.0,100.0,0.0,78.0,22.0,100.0,0.0,100.0,0.0,98.0,4594.0,22.0,22.0,100.0,0.0,100.0,0.0,200.0,0.0,100.0,33743.0,100.0,50785740216.0,100.0,186437442084.0
2019-12-11,Z305D52Z,ST4000DM000,4000787030016,0,120.0,238065496.0,91.0,0.0,100.0,12.0,100.0,0.0,89.0,812902111.0,62.0,33864.0,100.0,0.0,100.0,12.0,98.0,2.0,100.0,0.0,100.0,0.0,100.0,0.0,100.0,0.0,78.0,22.0,100.0,0.0,100.0,0.0,98.0,4594.0,22.0,22.0,100.0,0.0,100.0,0.0,200.0,0.0,100.0,33767.0,100.0,50802801504.0,100.0,186567601999.0
2019-12-12,Z305D52Z,ST4000DM000,4000787030016,0,111.0,29793160.0,91.0,0.0,100.0,12.0,100.0,0.0,89.0,814102038.0,62.0,33888.0,100.0,0.0,100.0,12.0,98.0,2.0,100.0,0.0,100.0,0.0,100.0,0.0,100.0,0.0,78.0,22.0,100.0,0.0,100.0,0.0,98.0,4594.0,22.0,22.0,100.0,0.0,100.0,0.0,200.0,0.0,100.0,33791.0,100.0,50817387728.0,100.0,186776858792.0
2019-12-13,Z305D52Z,ST4000DM000,4000787030016,0,110.0,28373560.0,91.0,0.0,100.0,12.0,100.0,0.0,89.0,815382206.0,62.0,33912.0,100.0,0.0,100.0,12.0,98.0,2.0,100.0,0.0,100.0,0.0,100.0,0.0,100.0,0.0,78.0,22.0,100.0,0.0,100.0,0.0,98.0,4594.0,22.0,22.0,100.0,0.0,100.0,0.0,200.0,0.0,100.0,33815.0,100.0,50831712928.0,100.0,186972514850.0
2019-12-14,Z305D52Z,ST4000DM000,4000787030016,0,118.0,171620696.0,91.0,0.0,100.0,12.0,100.0,0.0,89.0,817665940.0,62.0,33936.0,100.0,0.0,100.0,12.0,98.0,2.0,100.0,0.0,100.0,0.0,100.0,0.0,100.0,0.0,78.0,22.0,100.0,0.0,100.0,0.0,98.0,4594.0,22.0,22.0,100.0,0.0,100.0,0.0,200.0,0.0,100.0,33839.0,100.0,50846791240.0,100.0,187174467500.0
2019-12-15,Z305D52Z,ST4000DM000,4000787030016,0,119.0,220403664.0,91.0,0.0,100.0,12.0,100.0,0.0,89.0,819476950.0,62.0,33961.0,100.0,0.0,100.0,12.0,98.0,2.0,100.0,0.0,100.0,0.0,100.0,0.0,100.0,0.0,77.0,23.0,100.0,0.0,100.0,0.0,98.0,4594.0,23.0,23.0,100.0,0.0,100.0,0.0,200.0,0.0,100.0,33863.0,100.0,50858108000.0,100.0,187441647991.0
2019-12-16,Z305D52Z,ST4000DM000,4000787030016,0,117.0,150512288.0,91.0,0.0,100.0,12.0,100.0,0.0,89.0,821734632.0,62.0,33985.0,100.0,0.0,100.0,12.0,98.0,2.0,100.0,0.0,100.0,0.0,100.0,0.0,100.0,0.0,77.0,23.0,100.0,0.0,100.0,0.0,98.0,4594.0,23.0,23.0,100.0,0.0,100.0,0.0,200.0,0.0,100.0,33888.0,100.0,50871887640.0,100.0,187741036942.0
2019-12-17,Z305D52Z,ST4000DM000,4000787030016,0,105.0,9772896.0,91.0,0.0,100.0,12.0,100.0,0.0,89.0,822533637.0,62.0,34009.0,100.0,0.0,100.0,12.0,98.0,2.0,100.0,0.0,100.0,0.0,100.0,0.0,100.0,0.0,78.0,22.0,100.0,0.0,100.0,0.0,98.0,4594.0,22.0,22.0,100.0,0.0,100.0,0.0,200.0,0.0,100.0,33912.0,100.0,50880378712.0,100.0,188021764917.0
2019-12-18,Z305D52Z,ST4000DM000,4000787030016,0,119.0,229357432.0,91.0,0.0,100.0,12.0,100.0,0.0,89.0,824349388.0,62.0,34033.0,100.0,0.0,100.0,12.0,98.0,2.0,100.0,0.0,100.0,0.0,100.0,0.0,100.0,0.0,77.0,23.0,100.0,0.0,100.0,0.0,98.0,4594.0,23.0,23.0,100.0,0.0,100.0,0.0,200.0,0.0,100.0,33936.0,100.0,50895835248.0,100.0,188226447026.0
2019-12-19,Z305D52Z,ST4000DM000,4000787030016,0,117.0,149699952.0,91.0,0.0,100.0,12.0,100.0,0.0,89.0,825613035.0,62.0,34057.0,100.0,0.0,100.0,12.0,98.0,2.0,100.0,0.0,100.0,0.0,100.0,0.0,100.0,0.0,77.0,23.0,100.0,0.0,100.0,0.0,98.0,4596.0,23.0,23.0,100.0,0.0,100.0,0.0,200.0,0.0,100.0,33960.0,100.0,50907515848.0,100.0,188538926130.0
2019-12-20,Z305D52Z,ST4000DM000,4000787030016,0,116.0,113142056.0,91.0,0.0,100.0,12.0,100.0,0.0,89.0,827268050.0,62.0,34081.0,100.0,0.0,100.0,12.0,98.0,2.0,100.0,0.0,100.0,0.0,100.0,0.0,100.0,0.0,77.0,23.0,100.0,0.0,100.0,0.0,98.0,4598.0,23.0,23.0,100.0,0.0,100.0,0.0,200.0,0.0,100.0,33984.0,100.0,50920877312.0,100.0,188810847018.0
2019-12-21,Z305D52Z,ST4000DM000,4000787030016,0,114.0,61868256.0,91.0,0.0,100.0,12.0,100.0,0.0,89.0,829219583.0,62.0,34105.0,100.0,0.0,100.0,12.0,98.0,2.0,100.0,0.0,100.0,0.0,100.0,0.0,100.0,0.0,77.0,23.0,100.0,0.0,100.0,0.0,98.0,4599.0,23.0,23.0,100.0,0.0,100.0,0.0,200.0,0.0,100.0,34008.0,100.0,50931869232.0,100.0,189117107571.0
2019-12-22,Z305D52Z,ST4000DM000,4000787030016,0,120.0,241005048.0,91.0,0.0,100.0,12.0,100.0,0.0,89.0,830551815.0,62.0,34129.0,100.0,0.0,100.0,12.0,98.0,2.0,100.0,0.0,100.0,0.0,100.0,0.0,100.0,0.0,77.0,23.0,100.0,0.0,100.0,0.0,98.0,4599.0,23.0,23.0,100.0,0.0,100.0,0.0,200.0,0.0,100.0,34032.0,100.0,50960182632.0,100.0,189348815209.0
2019-12-23,Z305D52Z,ST4000DM000,4000787030016,0,118.0,177338752.0,91.0,0.0,100.0,12.0,100.0,0.0,89.0,832984664.0,62.0,34153.0,100.0,0.0,100.0,12.0,98.0,2.0,100.0,0.0,100.0,0.0,100.0,0.0,100.0,0.0,77.0,23.0,100.0,0.0,100.0,0.0,98.0,4599.0,23.0,23.0,100.0,0.0,100.0,0.0,200.0,0.0,100.0,34056.0,100.0,50977467296.0,100.0,189561116077.0
2019-12-24,Z305D52Z,ST4000DM000,4000787030016,0,117.0,142048496.0,91.0,0.0,100.0,12.0,100.0,0.0,89.0,834521784.0,61.0,34177.0,100.0,0.0,100.0,12.0,98.0,2.0,100.0,0.0,100.0,0.0,100.0,0.0,100.0,0.0,78.0,22.0,100.0,0.0,100.0,0.0,98.0,4601.0,22.0,22.0,100.0,0.0,100.0,0.0,200.0,0.0,100.0,34080.0,100.0,50997175104.0,100.0,189787265132.0
2019-12-25,Z305D52Z,ST4000DM000,4000787030016,0,117.0,128855096.0,91.0,0.0,100.0,12.0,100.0,0.0,89.0,836350474.0,61.0,34201.0,100.0,0.0,100.0,12.0,98.0,2.0,100.0,0.0,100.0,0.0,100.0,0.0,100.0,0.0,78.0,22.0,100.0,0.0,100.0,0.0,98.0,4601.0,22.0,22.0,100.0,0.0,100.0,0.0,200.0,0.0,100.0,34104.0,100.0,51014635440.0,100.0,189891527698.0
2019-12-26,Z305D52Z,ST4000DM000,4000787030016,0,118.0,168589344.0,91.0,0.0,100.0,12.0,100.0,0.0,89.0,838795446.0,61.0,34225.0,100.0,0.0,100.0,12.0,98.0,2.0,100.0,0.0,100.0,0.0,100.0,0.0,100.0,0.0,78.0,22.0,100.0,0.0,100.0,0.0,98.0,4602.0,22.0,22.0,100.0,0.0,100.0,0.0,200.0,0.0,100.0,34128.0,100.0,51025155392.0,100.0,190134916326.0
2019-12-27,Z305D52Z,ST4000DM000,4000787030016,0,119.0,207265888.0,91.0,0.0,100.0,12.0,100.0,0.0,89.0,841259331.0,61.0,34249.0,100.0,0.0,100.0,12.0,98.0,2.0,100.0,0.0,100.0,0.0,100.0,0.0,100.0,0.0,77.0,23.0,100.0,0.0,100.0,0.0,98.0,4602.0,23.0,23.0,100.0,0.0,100.0,0.0,200.0,0.0,100.0,34152.0,100.0,51037775616.0,100.0,190465391766.0
2019-12-28,Z305D52Z,ST4000DM000,4000787030016,0,120.0,240866192.0,91.0,0.0,100.0,12.0,100.0,0.0,89.0,842348031.0,61.0,34273.0,100.0,0.0,100.0,12.0,98.0,2.0,100.0,0.0,100.0,0.0,100.0,0.0,100.0,0.0,78.0,22.0,100.0,0.0,100.0,0.0,98.0,4605.0,22.0,22.0,100.0,0.0,100.0,0.0,200.0,0.0,100.0,34176.0,100.0,51047384344.0,100.0,190622525944.0
2019-12-29,Z305D52Z,ST4000DM000,4000787030016,0,115.0,90738664.0,91.0,0.0,100.0,12.0,100.0,0.0,89.0,843766644.0,61.0,34297.0,100.0,0.0,100.0,12.0,98.0,2.0,100.0,0.0,100.0,0.0,100.0,0.0,100.0,0.0,78.0,22.0,100.0,0.0,100.0,0.0,98.0,4606.0,22.0,22.0,100.0,0.0,100.0,0.0,200.0,0.0,100.0,34200.0,100.0,51066356120.0,100.0,190794588552.0
2019-12-30,Z305D52Z,ST4000DM000,4000787030016,0,119.0,233422024.0,91.0,0.0,100.0,12.0,100.0,0.0,89.0,845604731.0,61.0,34321.0,100.0,0.0,100.0,12.0,98.0,2.0,100.0,0.0,100.0,0.0,100.0,0.0,100.0,0.0,78.0,22.0,100.0,0.0,100.0,0.0,98.0,4606.0,22.0,22.0,100.0,0.0,100.0,0.0,200.0,0.0,100.0,34223.0,100.0,51081834688.0,100.0,190897235394.0
2019-12-31,Z305D52Z,ST4000DM000,4000787030016,0,118.0,190081104.0,91.0,0.0,100.0,12.0,100.0,0.0,89.0,846943829.0,61.0,34344.0,100.0,0.0,100.0,12.0,98.0,2.0,100.0,0.0,100.0,0.0,100.0,0.0,100.0,0.0,78.0,22.0,100.0,0.0,100.0,0.0,98.0,4606.0,22.0,22.0,100.0,0.0,100.0,0.0,200.0,0.0,100.0,34247.0,100.0,51098042784.0,100.0,191061582172.0
