2018-01-01,S300Z66L,ST4000DM000,4000787030016,0,118,186985824,92,0,100,9,100,0,78,76136174,76,21554,100,0,100,9,100.0,0.0,100.0,0.0,100.0,0.0,100.0,0.0,100.0,0.0,72.0,28.0,100.0,0.0,100.0,0.0,77.0,46679.0,28,28,100,0,100,0,200,0,100.0,21208.0,100.0,49099486640.0,100.0,71937559102.0
2018-01-02,S300Z66L,ST4000DM000,4000787030016,0,117,128980776,92,0,100,9,100,0,78,77170008,76,21578,100,0,100,9,100.0,0.0,100.0,0.0,100.0,0.0,100.0,0.0,100.0,0.0,72.0,28.0,100.0,0.0,100.0,0.0,77.0,46679.0,28,28,100,0,100,0,200,0,100.0,21232.0,100.0,49107821408.0,100.0,72130709358.0
2018-01-03,S300Z66L,ST4000DM000,4000787030016,0,112,48356904,92,0,100,9,100,0,78,79275115,76,21602,100,0,100,9,100.0,0.0,100.0,0.0,100.0,0.0,100.0,0.0,100.0,0.0,72.0,28.0,100.0,0.0,100.0,0.0,77.0,46679.0,28,28,100,0,100,0,200,0,100.0,21256.0,100.0,49131266208.0,100.0,72320736251.0
2018-01-04,S300Z66L,ST4000DM000,4000787030016,0,117,133733304,92,0,100,9,100,0,78,81580306,76,21630,100,0,100,9,100.0,0.0,100.0,0.0,100.0,0.0,100.0,0.0,100.0,0.0,73.0,27.0,100.0,0.0,100.0,0.0,77.0,46680.0,27,27,100,0,100,0,200,0,100.0,21284.0,100.0,49146906176.0,100.0,72537459441.0
2018-01-05,S300Z66L,ST4000DM000,4000787030016,0,110.0,28405152.0,92.0,0.0,100.0,9.0,100.0,0.0,78.0,83610924.0,76.0,21654.0,100.0,0.0,100.0,9.0,100.0,0.0,100.0,0.0,100.0,0.0,100.0,0.0,100.0,0.0,73.0,27.0,100.0,0.0,100.0,0.0,77.0,46680.0,27.0,27.0,100.0,0.0,100.0,0.0,200.0,0.0,100.0,21308.0,100.0,49158549176.0,100.0,72670813867.0
2018-01-06,S300Z66L,ST4000DM000,4000787030016,0,115,86598784,92,0,100,9,100,0,79,84921958,76,21678,100,0,100,9,100.0,0.0,100.0,0.0,100.0,0.0,100.0,0.0,100.0,0.0,77.0,23.0,100.0,0.0,100.0,0.0,77.0,46680.0,23,23,100,0,100,0,200,0,100.0,21332.0,100.0,49168489976.0,100.0,72832084342.0
2018-01-07,S300Z66L,ST4000DM000,4000787030016,0,117,145702720,92,0,100,9,100,0,79,87109189,76,21702,100,0,100,9,100.0,0.0,100.0,0.0,100.0,0.0,100.0,0.0,100.0,0.0,76.0,24.0,100.0,0.0,100.0,0.0,77.0,46680.0,24,24,100,0,100,0,200,0,100.0,21356.0,100.0,49181804816.0,100.0,73013072394.0
2018-01-08,S300Z66L,ST4000DM000,4000787030016,0,114,65041744,92,0,100,9,100,0,79,88020565,76,21726,100,0,100,9,100.0,0.0,100.0,0.0,100.0,0.0,100.0,0.0,100.0,0.0,77.0,23.0,100.0,0.0,100.0,0.0,77.0,46680.0,23,23,100,0,100,0,200,0,100.0,21380.0,100.0,49190884768.0,100.0,73160605141.0
2018-01-09,S300Z66L,ST4000DM000,4000787030016,0,114,74548696,92,0,100,9,100,0,79,90146173,76,21750,100,0,100,9,100.0,0.0,100.0,0.0,100.0,0.0,100.0,0.0,100.0,0.0,76.0,24.0,100.0,0.0,100.0,0.0,77.0,46680.0,24,24,100,0,100,0,200,0,100.0,21404.0,100.0,49205845016.0,100.0,73342021952.0
2018-01-10,S300Z66L,ST4000DM000,4000787030016,0,112,46591912,92,0,100,9,100,0,79,93632357,76,21774,100,0,100,9,100.0,0.0,100.0,0.0,100.0,0.0,100.0,0.0,100.0,0.0,76.0,24.0,100.0,0.0,100.0,0.0,77.0,46680.0,24,24,100,0,100,0,200,0,100.0,21428.0,100.0,49222692104.0,100.0,73502554800.0
2018-01-11,S300Z66L,ST4000DM000,4000787030016,0,118,194694736,92,0,100,9,100,0,79,95321286,76,21795,100,0,100,9,100.0,0.0,100.0,0.0,100.0,0.0,100.0,0.0,100.0,0.0,76.0,24.0,100.0,0.0,100.0,0.0,77.0,46683.0,24,24,100,0,100,0,200,0,100.0,21449.0,100.0,49235280824.0,100.0,73657513489.0
2018-01-12,S300Z66L,ST4000DM000,4000787030016,0,119,232539544,92,0,100,9,100,0,79,96835905,76,21819,100,0,100,9,100.0,0.0,100.0,0.0,100.0,0.0,100.0,0.0,100.0,0.0,76.0,24.0,100.0,0.0,100.0,0.0,77.0,46683.0,24,24,100,0,100,0,200,0,100.0,21473.0,100.0,49247931088.0,100.0,73792402214.0
2018-01-13,S300Z66L,ST4000DM000,4000787030016,0,118.0,175592208.0,92.0,0.0,100.0,9.0,100,0,79.0,98785036.0,76,21843,100.0,0.0,100,9,100.0,0.0,100.0,0.0,100.0,0.0,100.0,0.0,100.0,0.0,75.0,25.0,100.0,0.0,100.0,0.0,77.0,46683.0,25.0,25.0,100.0,0.0,100.0,0.0,200,0,100.0,21497.0,100.0,49262935416.0,100.0,73980336791.0
2018-01-14,S300Z66L,ST4000DM000,4000787030016,0,119.0,215908280.0,92.0,0.0,100.0,9.0,100,0,80.0,100919024.0,76,21868,100.0,0.0,100,9,100.0,0.0,100.0,0.0,100.0,0.0,100.0,0.0,100.0,0.0,75.0,25.0,100.0,0.0,100.0,0.0,77.0,46683.0,25.0,25.0,100.0,0.0,100.0,0.0,200,0,100.0,21521.0,100.0,49292901352.0,100.0,74161222149.0
2018-01-15,S300Z66L,ST4000DM000,4000787030016,0,117.0,134255376.0,92.0,0.0,100.0,9.0,100,0,80.0,101973133.0,76,21892,100.0,0.0,100,9,100.0,0.0,100.0,0.0,100.0,0.0,100.0,0.0,100.0,0.0,76.0,24.0,100.0,0.0,100.0,0.0,77.0,46683.0,24.0,24.0,100.0,0.0,100.0,0.0,200,0,100.0,21545.0,100.0,49317929744.0,100.0,74306851252.0
2018-01-16,S300Z66L,ST4000DM000,4000787030016,0,107.0,13140624.0,92.0,0.0,100.0,9.0,100,0,80.0,104012487.0,75,21916,100.0,0.0,100,9,100.0,0.0,100.0,0.0,100.0,0.0,100.0,0.0,100.0,0.0,75.0,25.0,100.0,0.0,100.0,0.0,77.0,46683.0,25.0,25.0,100.0,0.0,100.0,0.0,200,0,100.0,21569.0,100.0,49337259848.0,100.0,74489761314.0
2018-01-17,S300Z66L,ST4000DM000,4000787030016,0,114.0,69037616.0,92.0,0.0,100.0,9.0,100,0,80.0,106465061.0,75,21940,100.0,0.0,100,9,100.0,0.0,100.0,0.0,100.0,0.0,100.0,0.0,100.0,0.0,76.0,24.0,100.0,0.0,100.0,0.0,77.0,46683.0,24.0,24.0,100.0,0.0,100.0,0.0,200,0,100.0,21593.0,100.0,49366731776.0,100.0,74643534693.0
2018-01-18,S300Z66L,ST4000DM000,4000787030016,0,116.0,109873648.0,92.0,0.0,100.0,9.0,100.0,0.0,80.0,108424389.0,75.0,21966.0,100.0,0.0,100.0,9.0,100.0,0.0,100.0,0.0,100.0,0.0,100.0,0.0,100.0,0.0,76.0,24.0,100.0,0.0,100.0,0.0,77.0,46685.0,24.0,24.0,100.0,0.0,100.0,0.0,200.0,0.0,100.0,21620.0,100.0,49392070680.0,100.0,74827414620.0
2018-01-19,S300Z66L,ST4000DM000,4000787030016,0,118.0,168411784.0,92.0,0.0,100.0,9.0,100.0,0.0,80.0,110677198.0,75.0,21991.0,100.0,0.0,100.0,9.0,100.0,0.0,100.0,0.0,100.0,0.0,100.0,0.0,100.0,0.0,76.0,24.0,100.0,0.0,100.0,0.0,77.0,46685.0,24.0,24.0,100.0,0.0,100.0,0.0,200.0,0.0,100.0,21644.0,100.0,49403504336.0,100.0,74965061289.0
2018-01-20,S300Z66L,ST4000DM000,4000787030016,0,111.0,38424152.0,92.0,0.0,100.0,9.0,100,0,80.0,111830433.0,75,22014,100.0,0.0,100,9,100.0,0.0,100.0,0.0,100.0,0.0,100.0,0.0,100.0,0.0,76.0,24.0,100.0,0.0,100.0,0.0,77.0,46685.0,24.0,24.0,100.0,0.0,100.0,0.0,200,0,100.0,21668.0,100.0,49416053888.0,100.0,75151447002.0
2018-01-21,S300Z66L,ST4000DM000,4000787030016,0,117.0,143969888.0,92.0,0.0,100.0,9.0,100,0,80.0,114931412.0,75,22038,100.0,0.0,100,9,100.0,0.0,100.0,0.0,100.0,0.0,100.0,0.0,100.0,0.0,76.0,24.0,100.0,0.0,100.0,0.0,77.0,46685.0,24.0,24.0,100.0,0.0,100.0,0.0,200,0,100.0,21692.0,100.0,49436832600.0,100.0,75322358454.0
2018-01-22,S300Z66L,ST4000DM000,4000787030016,0,118.0,171592536.0,92.0,0.0,100.0,9.0,100,0,80.0,117056164.0,75,22062,100.0,0.0,100,9,100.0,0.0,100.0,0.0,100.0,0.0,100.0,0.0,100.0,0.0,77.0,23.0,100.0,0.0,100.0,0.0,77.0,46685.0,23.0,23.0,100.0,0.0,100.0,0.0,200,0,100.0,21716.0,100.0,49450614952.0,100.0,75527150454.0
2018-01-23,S300Z66L,ST4000DM000,4000787030016,0,117.0,127437808.0,92.0,0.0,100.0,9.0,100,0,81.0,119682847.0,75,22086,100.0,0.0,100,9,100.0,0.0,100.0,0.0,100.0,0.0,100.0,0.0,100.0,0.0,76.0,24.0,100.0,0.0,100.0,0.0,77.0,46685.0,24.0,24.0,100.0,0.0,100.0,0.0,200,0,100.0,21740.0,100.0,49469365064.0,100.0,75725564262.0
2018-01-24,S300Z66L,ST4000DM000,4000787030016,0,112.0,48593576.0,92.0,0.0,100.0,9.0,100,0,81.0,121154257.0,75,22106,100.0,0.0,100,9,100.0,0.0,100.0,0.0,100.0,0.0,100.0,0.0,100.0,0.0,77.0,23.0,100.0,0.0,100.0,0.0,77.0,46685.0,23.0,23.0,100.0,0.0,100.0,0.0,200,0,100.0,21760.0,100.0,49481038136.0,100.0,75880740604.0
2018-01-25,S300Z66L,ST4000DM000,4000787030016,0,117.0,148442264.0,92.0,0.0,100.0,9.0,100,0,81.0,122935543.0,75,22123,100.0,0.0,100,9,100.0,0.0,100.0,0.0,100.0,0.0,100.0,0.0,100.0,0.0,77.0,23.0,100.0,0.0,100.0,0.0,77.0,46685.0,23.0,23.0,100.0,0.0,100.0,0.0,200,0,100.0,21777.0,100.0,49495788080.0,100.0,76000013619.0
2018-01-26,S300Z66L,ST4000DM000,4000787030016,0,120.0,239529856.0,92.0,0.0,100.0,9.0,100,0,81.0,125094851.0,75,22147,100.0,0.0,100,9,100.0,0.0,100.0,0.0,100.0,0.0,100.0,0.0,100.0,0.0,77.0,23.0,100.0,0.0,100.0,0.0,77.0,46687.0,23.0,23.0,100.0,0.0,100.0,0.0,200,0,100.0,21801.0,100.0,49523271368.0,100.0,76138793079.0
2018-01-27,S300Z66L,ST4000DM000,4000787030016,0,117.0,144863744.0,92.0,0.0,100.0,9.0,100,0,81.0,127422180.0,75,22171,100.0,0.0,100,9,100.0,0.0,100.0,0.0,100.0,0.0,100.0,0.0,100.0,0.0,77.0,23.0,100.0,0.0,100.0,0.0,77.0,46687.0,23.0,23.0,100.0,0.0,100.0,0.0,200,0,100.0,21825.0,100.0,49555299144.0,100.0,76263404767.0
2018-01-28,S300Z66L,ST4000DM000,4000787030016,0,105.0,10471968.0,92.0,0.0,100.0,9.0,100,0,81.0,129274753.0,75,22195,100.0,0.0,100,9,100.0,0.0,100.0,0.0,100.0,0.0,100.0,0.0,100.0,0.0,77.0,23.0,100.0,0.0,100.0,0.0,77.0,46687.0,23.0,23.0,100.0,0.0,100.0,0.0,200,0,100.0,21848.0,100.0,49585331280.0,100.0,76428748231.0
2018-01-29,S300Z66L,ST4000DM000,4000787030016,0,108.0,20847768.0,92.0,0.0,100.0,9.0,100,0,81.0,131267304.0,75,22219,100.0,0.0,100,9,100.0,0.0,100.0,0.0,100.0,0.0,100.0,0.0,100.0,0.0,77.0,23.0,100.0,0.0,100.0,0.0,77.0,46687.0,23.0,23.0,100.0,0.0,100.0,0.0,200,0,100.0,21873.0,100.0,49601921232.0,100.0,76599697639.0
2018-01-30,S300Z66L,ST4000DM000,4000787030016,0,119.0,215057336.0,92.0,0.0,100.0,9.0,100,0,81.0,134289997.0,75,22252,100.0,0.0,100,9,100.0,0.0,100.0,0.0,100.0,0.0,100.0,0.0,100.0,0.0,76.0,24.0,100.0,0.0,100.0,0.0,77.0,46690.0,24.0,24.0,100.0,0.0,100.0,0.0,200,0,100.0,21906.0,100.0,49624750616.0,100.0,76857918123.0
2018-01-31,S300Z66L,ST4000DM000,4000787030016,0,118.0,188168648.0,92.0,0.0,100.0,9.0,100.0,0.0,81.0,136453115.0,75.0,22276.0,100.0,0.0,100.0,9.0,100.0,0.0,100.0,0.0,100.0,0.0,100.0,0.0,100.0,0.0,76.0,24.0,100.0,0.0,100.0,0.0,77.0,46690.0,24.0,24.0,100.0,0.0,100.0,0.0,200.0,0.0,100.0,21930.0,100.0,49642198056.0,100.0,77011318698.0
2018-02-01,S300Z66L,ST4000DM000,4000787030016,0,120.0,241154072.0,92.0,0.0,100.0,9.0,100,0,81.0,138459737.0,75,22300,100.0,0.0,100,9,100.0,0.0,100.0,0.0,100.0,0.0,100.0,0.0,100.0,0.0,76.0,24.0,100.0,0.0,100.0,0.0,77.0,46690.0,24.0,24.0,100.0,0.0,100.0,0.0,200,0,100.0,21953.0,100.0,49666730384.0,100.0,77189042903.0
2018-02-02,S300Z66L,ST4000DM000,4000787030016,0,112.0,47759352.0,92.0,0.0,100.0,9.0,100,0,81.0,141357723.0,75,22324,100.0,0.0,100,9,100.0,0.0,100.0,0.0,100.0,0.0,100.0,0.0,100.0,0.0,76.0,24.0,100.0,0.0,100.0,0.0,77.0,46690.0,24.0,24.0,100.0,0.0,100.0,0.0,200,0,100.0,21977.0,100.0,49686894128.0,100.0,77308226912.0
2018-02-03,S300Z66L,ST4000DM000,4000787030016,0,112.0,43471904.0,92.0,0.0,100.0,9.0,100,0,81.0,143493146.0,75,22348,100.0,0.0,100,9,100.0,0.0,100.0,0.0,100.0,0.0,100.0,0.0,100.0,0.0,76.0,24.0,100.0,0.0,100.0,0.0,77.0,46690.0,24.0,24.0,100.0,0.0,100.0,0.0,200,0,100.0,22001.0,100.0,49708670424.0,100.0,77489000950.0
2018-02-04,S300Z66L,ST4000DM000,4000787030016,0,111.0,36229520.0,92.0,0.0,100.0,9.0,100,0,81.0,145304812.0,75,22368,100.0,0.0,100,9,100.0,0.0,100.0,0.0,100.0,0.0,100.0,0.0,100.0,0.0,76.0,24.0,100.0,0.0,100.0,0.0,77.0,46690.0,24.0,24.0,100.0,0.0,100.0,0.0,200,0,100.0,22021.0,100.0,49723361496.0,100.0,77644258926.0
2018-02-05,S300Z66L,ST4000DM000,4000787030016,0,119.0,212496280.0,92.0,0.0,100.0,9.0,100,0,81.0,146604094.0,75,22391,100.0,0.0,100,9,100.0,0.0,100.0,0.0,100.0,0.0,100.0,0.0,100.0,0.0,77.0,23.0,100.0,0.0,100.0,0.0,77.0,46690.0,23.0,23.0,100.0,0.0,100.0,0.0,200,0,100.0,22045.0,100.0,49736364088.0,100.0,77783779597.0
2018-02-06,S300Z66L,ST4000DM000,4000787030016,0,119.0,220615920.0,92.0,0.0,100.0,9.0,100,0,81.0,147956232.0,75,22415,100.0,0.0,100,9,100.0,0.0,100.0,0.0,100.0,0.0,100.0,0.0,100.0,0.0,77.0,23.0,100.0,0.0,100.0,0.0,77.0,46690.0,23.0,23.0,100.0,0.0,100.0,0.0,200,0,100.0,22069.0,100.0,49750739048.0,100.0,77941606529.0
2018-02-07,S300Z66L,ST4000DM000,4000787030016,0,118.0,168960840.0,92.0,0.0,100.0,9.0,100,0,81.0,150303282.0,75,22440,100.0,0.0,100,9,100.0,0.0,100.0,0.0,100.0,0.0,100.0,0.0,100.0,0.0,77.0,23.0,100.0,0.0,100.0,0.0,77.0,46690.0,23.0,23.0,100.0,0.0,100.0,0.0,200,0,100.0,22093.0,100.0,49761013856.0,100.0,78124686522.0
2018-02-08,S300Z66L,ST4000DM000,4000787030016,0,119.0,230582728.0,92.0,0.0,100.0,9.0,100,0,81.0,151283969.0,75,22465,100.0,0.0,100,9,100.0,0.0,100.0,0.0,100.0,0.0,100.0,0.0,100.0,0.0,77.0,23.0,100.0,0.0,100.0,0.0,77.0,46692.0,23.0,23.0,100.0,0.0,100.0,0.0,200,0,100.0,22119.0,100.0,49776222464.0,100.0,78315981946.0
2018-02-09,S300Z66L,ST4000DM000,4000787030016,0,114,80899000,92,0,100,9,100,0,81,153425102,75,22489,100,0,100,9,100.0,0.0,100.0,0.0,100.0,0.0,100.0,0.0,100.0,0.0,77.0,23.0,100.0,0.0,100.0,0.0,77.0,46694.0,23,23,100,0,100,0,200,0,100.0,22143.0,100.0,49796560384.0,100.0,78474483893.0
2018-02-10,S300Z66L,ST4000DM000,4000787030016,0,114.0,73188640.0,92.0,0.0,100.0,9.0,100.0,0.0,81.0,153968848.0,75.0,22513.0,100.0,0.0,100.0,9.0,100.0,0.0,100.0,0.0,100.0,0.0,100.0,0.0,100.0,0.0,77.0,23.0,100.0,0.0,100.0,0.0,77.0,46694.0,23.0,23.0,100.0,0.0,100.0,0.0,200.0,0.0,100.0,22166.0,100.0,49804307592.0,100.0,78654120008.0
2018-02-11,S300Z66L,ST4000DM000,4000787030016,0,111,41471280,92,0,100,9,100,0,81,155444768,75,22537,100,0,100,9,100.0,0.0,100.0,0.0,100.0,0.0,100.0,0.0,100.0,0.0,77.0,23.0,100.0,0.0,100.0,0.0,77.0,46694.0,23,23,100,0,100,0,200,0,100.0,22191.0,100.0,49820175848.0,100.0,78849511343.0
2018-02-12,S300Z66L,ST4000DM000,4000787030016,0,111,34206536,92,0,100,9,100,0,81,156907841,75,22561,100,0,100,9,100.0,0.0,100.0,0.0,100.0,0.0,100.0,0.0,100.0,0.0,77.0,23.0,100.0,0.0,100.0,0.0,77.0,46694.0,23,23,100,0,100,0,200,0,100.0,22215.0,100.0,49836805088.0,100.0,79035054670.0
2018-02-13,S300Z66L,ST4000DM000,4000787030016,0,118,174220792,92,0,100,9,100,0,81,157730720,75,22585,100,0,100,9,100.0,0.0,100.0,0.0,100.0,0.0,100.0,0.0,100.0,0.0,77.0,23.0,100.0,0.0,100.0,0.0,77.0,46694.0,23,23,100,0,100,0,200,0,100.0,22238.0,100.0,49849216328.0,100.0,79215402489.0
2018-02-14,S300Z66L,ST4000DM000,4000787030016,0,112,42051336,92,0,100,9,100,0,81,160210016,75,22609,100,0,100,9,100.0,0.0,100.0,0.0,100.0,0.0,100.0,0.0,100.0,0.0,76.0,24.0,100.0,0.0,100.0,0.0,77.0,46694.0,24,24,100,0,100,0,200,0,100.0,22262.0,100.0,49865276424.0,100.0,79406099749.0
2018-02-15,S300Z66L,ST4000DM000,4000787030016,0,120,240559056,92,0,100,9,100,0,81,163363877,75,22633,100,0,100,9,100.0,0.0,100.0,0.0,100.0,0.0,100.0,0.0,100.0,0.0,77.0,23.0,100.0,0.0,100.0,0.0,77.0,46694.0,23,23,100,0,100,0,200,0,100.0,22286.0,100.0,49880156752.0,100.0,79604315835.0
2018-02-16,S300Z66L,ST4000DM000,4000787030016,0,112,50197448,92,0,100,9,100,0,81,165516223,75,22657,100,0,100,9,100.0,0.0,100.0,0.0,100.0,0.0,100.0,0.0,100.0,0.0,77.0,23.0,100.0,0.0,100.0,0.0,77.0,46694.0,23,23,100,0,100,0,200,0,100.0,22311.0,100.0,49894671664.0,100.0,79745732149.0
2018-02-17,S300Z66L,ST4000DM000,4000787030016,0,119,215942664,92,0,100,9,100,0,81,166824273,75,22681,100,0,100,9,100.0,0.0,100.0,0.0,100.0,0.0,100.0,0.0,100.0,0.0,77.0,23.0,100.0,0.0,100.0,0.0,77.0,46694.0,23,23,100,0,100,0,200,0,100.0,22335.0,100.0,49909774032.0,100.0,79916350426.0
2018-02-18,S300Z66L,ST4000DM000,4000787030016,0,113,51958464,92,0,100,9,100,0,82,168702745,75,22705,100,0,100,9,100.0,0.0,100.0,0.0,100.0,0.0,100.0,0.0,100.0,0.0,77.0,23.0,100.0,0.0,100.0,0.0,77.0,46694.0,23,23,100,0,100,0,200,0,100.0,22359.0,100.0,49921345976.0,100.0,80104886007.0
2018-02-19,S300Z66L,ST4000DM000,4000787030016,0,100,3034840,92,0,100,9,100,0,82,171042325,75,22729,100,0,100,9,100.0,0.0,100.0,0.0,100.0,0.0,100.0,0.0,100.0,0.0,77.0,23.0,100.0,0.0,100.0,0.0,77.0,46694.0,23,23,100,0,100,0,200,0,100.0,22382.0,100.0,49950651448.0,100.0,80283997824.0
2018-02-20,S300Z66L,ST4000DM000,4000787030016,0,117,123346624,92,0,100,9,100,0,82,172846604,75,22752,100,0,100,9,100.0,0.0,100.0,0.0,100.0,0.0,100.0,0.0,100.0,0.0,76.0,24.0,100.0,0.0,100.0,0.0,77.0,46694.0,24,24,100,0,100,0,200,0,100.0,22406.0,100.0,49969802952.0,100.0,80466264118.0
2018-02-21,S300Z66L,ST4000DM000,4000787030016,0,117,162274976,92,0,100,9,100,0,82,175577254,74,22777,100,0,100,9,100.0,0.0,100.0,0.0,100.0,0.0,100.0,0.0,100.0,0.0,77.0,23.0,100.0,0.0,100.0,0.0,77.0,46694.0,23,23,100,0,100,0,200,0,100.0,22431.0,100.0,49993377368.0,100.0,80650888605.0
2018-02-22,S300Z66L,ST4000DM000,4000787030016,0,114,81247360,92,0,100,9,100,0,82,177186409,74,22800,100,0,100,9,100.0,0.0,100.0,0.0,100.0,0.0,100.0,0.0,100.0,0.0,77.0,23.0,100.0,0.0,100.0,0.0,77.0,46698.0,23,23,100,0,100,0,200,0,100.0,22454.0,100.0,50007340240.0,100.0,80812428316.0
2018-02-23,S300Z66L,ST4000DM000,4000787030016,0,115,91342456,92,0,100,9,100,0,82,179407955,74,22824,100,0,100,9,100.0,0.0,100.0,0.0,100.0,0.0,100.0,0.0,100.0,0.0,75.0,25.0,100.0,0.0,100.0,0.0,77.0,46698.0,25,25,100,0,100,0,200,0,100.0,22478.0,100.0,50018794016.0,100.0,80943862477.0
2018-02-24,S300Z66L,ST4000DM000,4000787030016,0,114,78179072,92,0,100,9,100,0,82,180288075,74,22848,100,0,100,9,100.0,0.0,100.0,0.0,100.0,0.0,100.0,0.0,100.0,0.0,77.0,23.0,100.0,0.0,100.0,0.0,77.0,46698.0,23,23,100,0,100,0,200,0,100.0,22502.0,100.0,50029808280.0,100.0,81099890226.0
2018-02-25,S300Z66L,ST4000DM000,4000787030016,0,114,61645696,92,0,100,9,100,0,82,182399113,74,22872,100,0,100,9,100.0,0.0,100.0,0.0,100.0,0.0,100.0,0.0,100.0,0.0,77.0,23.0,100.0,0.0,100.0,0.0,77.0,46698.0,23,23,100,0,100,0,200,0,100.0,22526.0,100.0,50044952944.0,100.0,81326674401.0
2018-02-26,S300Z66L,ST4000DM000,4000787030016,0,119,206301408,92,0,100,9,100,0,82,183420554,74,22896,100,0,100,9,100.0,0.0,100.0,0.0,100.0,0.0,100.0,0.0,100.0,0.0,77.0,23.0,100.0,0.0,100.0,0.0,77.0,46698.0,23,23,100,0,100,0,200,0,100.0,22550.0,100.0,50054127856.0,100.0,81483300465.0
2018-02-27,S300Z66L,ST4000DM000,4000787030016,0,116,100917392,92,0,100,9,100,0,82,185284153,74,22920,100,0,100,9,100.0,0.0,100.0,0.0,100.0,0.0,100.0,0.0,100.0,0.0,75.0,25.0,100.0,0.0,100.0,0.0,77.0,46698.0,25,25,100,0,100,0,200,0,100.0,22574.0,100.0,50067035136.0,100.0,81652547677.0
2018-02-28,S300Z66L,ST4000DM000,4000787030016,0,116,109673136,92,0,100,9,100,0,82,189449106,74,22945,100,0,100,9,100.0,0.0,100.0,0.0,100.0,0.0,100.0,0.0,100.0,0.0,76.0,24.0,100.0,0.0,100.0,0.0,77.0,46698.0,24,24,100,0,100,0,200,0,100.0,22598.0,100.0,50079445480.0,100.0,81822775145.0
2018-03-01,S300Z66L,ST4000DM000,4000787030016,0,119,214864664,92,0,100,9,100,0,82,191157593,74,22971,100,0,100,9,100.0,0.0,100.0,0.0,100.0,0.0,100.0,0.0,100.0,0.0,76.0,24.0,100.0,0.0,100.0,0.0,77.0,46700.0,24,24,100,0,100,0,200,0,100.0,22624.0,100.0,50093299400.0,100.0,82016013281.0
2018-03-02,S300Z66L,ST4000DM000,4000787030016,0,117,133791688,92,0,100,9,100,0,82,192544094,74,22995,100,0,100,9,100.0,0.0,100.0,0.0,100.0,0.0,100.0,0.0,100.0,0.0,76.0,24.0,100.0,0.0,100.0,0.0,77.0,46705.0,24,24,100,0,100,0,200,0,100.0,22649.0,100.0,50100771616.0,100.0,82129629089.0
2018-03-03,S300Z66L,ST4000DM000,4000787030016,0,114,79654632,92,0,100,9,100,0,82,194172326,74,23019,100,0,100,9,100.0,0.0,100.0,0.0,100.0,0.0,100.0,0.0,100.0,0.0,76.0,24.0,100.0,0.0,100.0,0.0,77.0,46705.0,24,24,100,0,100,0,200,0,100.0,22673.0,100.0,50107167776.0,100.0,82290596281.0
2018-03-04,S300Z66L,ST4000DM000,4000787030016,0,115,88779128,92,0,100,9,100,0,82,195799559,74,23042,100,0,100,9,100.0,0.0,100.0,0.0,100.0,0.0,100.0,0.0,100.0,0.0,76.0,24.0,100.0,0.0,100.0,0.0,77.0,46705.0,24,24,100,0,100,0,200,0,100.0,22696.0,100.0,50111899688.0,100.0,82447370738.0
2018-03-05,S300Z66L,ST4000DM000,4000787030016,0,117,157991848,92,0,100,9,100,0,82,196720762,74,23067,100,0,100,9,100.0,0.0,100.0,0.0,100.0,0.0,100.0,0.0,100.0,0.0,76.0,24.0,100.0,0.0,100.0,0.0,77.0,46705.0,24,24,100,0,100,0,200,0,100.0,22721.0,100.0,50114029440.0,100.0,82615861753.0
2018-03-06,S300Z66L,ST4000DM000,4000787030016,0,115,94530880,92,0,100,9,100,0,82,198640337,74,23091,100,0,100,9,100.0,0.0,100.0,0.0,100.0,0.0,100.0,0.0,100.0,0.0,76.0,24.0,100.0,0.0,100.0,0.0,77.0,46708.0,24,24,100,0,100,0,200,0,100.0,22745.0,100.0,50120483336.0,100.0,82801471095.0
2018-03-07,S300Z66L,ST4000DM000,4000787030016,0,118.0,194916080.0,92.0,0.0,100.0,9.0,100.0,0.0,82.0,201159610.0,74.0,23115.0,100.0,0.0,100.0,9.0,100.0,0.0,100.0,0.0,100.0,0.0,100.0,0.0,100.0,0.0,76.0,24.0,100.0,0.0,100.0,0.0,77.0,46708.0,24.0,24.0,100.0,0.0,100.0,0.0,200.0,0.0,100.0,22769.0,100.0,50125800560.0,100.0,82995592689.0
2018-03-08,S300Z66L,ST4000DM000,4000787030016,0,118,200548448,92,0,100,9,100,0,83,201862998,74,23136,100,0,100,9,100.0,0.0,100.0,0.0,100.0,0.0,100.0,0.0,100.0,0.0,77.0,23.0,100.0,0.0,100.0,0.0,77.0,46710.0,23,23,100,0,100,0,200,0,100.0,22789.0,100.0,50130015912.0,100.0,83120105352.0
2018-03-09,S300Z66L,ST4000DM000,4000787030016,0,118,176850496,92,0,100,9,100,0,83,204098683,74,23160,100,0,100,9,100.0,0.0,100.0,0.0,100.0,0.0,100.0,0.0,100.0,0.0,76.0,24.0,100.0,0.0,100.0,0.0,77.0,46738.0,24,24,100,0,100,0,200,0,100.0,22814.0,100.0,50135198344.0,100.0,83274423249.0
2018-03-10,S300Z66L,ST4000DM000,4000787030016,0,115,84327936,92,0,100,9,100,0,83,205620021,74,23184,100,0,100,9,100.0,0.0,100.0,0.0,100.0,0.0,100.0,0.0,100.0,0.0,77.0,23.0,100.0,0.0,100.0,0.0,77.0,46738.0,23,23,100,0,100,0,200,0,100.0,22838.0,100.0,50140911032.0,100.0,83416499318.0
2018-03-11,S300Z66L,ST4000DM000,4000787030016,0,119,201948424,92,0,100,9,100,0,83,207461005,74,23208,100,0,100,9,100.0,0.0,100.0,0.0,100.0,0.0,100.0,0.0,100.0,0.0,76.0,24.0,100.0,0.0,100.0,0.0,77.0,46738.0,24,24,100,0,100,0,200,0,100.0,22862.0,100.0,50150095576.0,100.0,83602970516.0
2018-03-12,S300Z66L,ST4000DM000,4000787030016,0,114,77267360,92,0,100,9,100,0,83,208538778,74,23232,100,0,100,9,100.0,0.0,100.0,0.0,100.0,0.0,100.0,0.0,100.0,0.0,77.0,23.0,100.0,0.0,100.0,0.0,77.0,46738.0,23,23,100,0,100,0,200,0,100.0,22885.0,100.0,50153335584.0,100.0,83775423496.0
2018-03-13,S300Z66L,ST4000DM000,4000787030016,0,115,93510464,92,0,100,9,100,0,83,211670240,74,23256,100,0,100,9,100.0,0.0,100.0,0.0,100.0,0.0,100.0,0.0,100.0,0.0,76.0,24.0,100.0,0.0,100.0,0.0,77.0,46738.0,24,24,100,0,100,0,200,0,100.0,22909.0,100.0,50161339624.0,100.0,83980438082.0
2018-03-14,S300Z66L,ST4000DM000,4000787030016,0,115,100183520,92,0,100,9,100,0,83,214443103,74,23280,100,0,100,9,100.0,0.0,100.0,0.0,100.0,0.0,100.0,0.0,100.0,0.0,77.0,23.0,100.0,0.0,100.0,0.0,77.0,46738.0,23,23,100,0,100,0,200,0,100.0,22934.0,100.0,50168723896.0,100.0,84173229844.0
2018-03-15,S300Z66L,ST4000DM000,4000787030016,0,118,168176224,92,0,100,9,100,0,83,216587867,74,23306,100,0,100,9,100.0,0.0,100.0,0.0,100.0,0.0,100.0,0.0,100.0,0.0,76.0,24.0,100.0,0.0,100.0,0.0,77.0,46741.0,24,24,100,0,100,0,200,0,100.0,22959.0,100.0,50175834968.0,100.0,84379730623.0
2018-03-16,S300Z66L,ST4000DM000,4000787030016,0,111.0,35341048.0,92.0,0.0,100.0,9.0,100.0,0.0,83.0,218367613.0,74.0,23330.0,100.0,0.0,100.0,9.0,100.0,0.0,100.0,0.0,100.0,0.0,100.0,0.0,100.0,0.0,76.0,24.0,100.0,0.0,100.0,0.0,77.0,46745.0,24.0,24.0,100.0,0.0,100.0,0.0,200.0,0.0,100.0,22983.0,100.0,50182318640.0,100.0,84509002154.0
2018-03-17,S300Z66L,ST4000DM000,4000787030016,0,117,157746688,92,0,100,9,100,0,83,220898478,74,23354,100,0,100,9,100.0,0.0,100.0,0.0,100.0,0.0,100.0,0.0,100.0,0.0,76.0,24.0,100.0,0.0,100.0,0.0,77.0,46745.0,24,24,100,0,100,0,200,0,100.0,23007.0,100.0,50201411616.0,100.0,84694374922.0
2018-03-18,S300Z66L,ST4000DM000,4000787030016,0,120,236651728,92,0,100,9,100,0,83,222875944,74,23378,100,0,100,9,100.0,0.0,100.0,0.0,100.0,0.0,100.0,0.0,100.0,0.0,77.0,23.0,100.0,0.0,100.0,0.0,77.0,46745.0,23,23,100,0,100,0,200,0,100.0,23032.0,100.0,50222427792.0,100.0,84866454086.0
2018-03-19,S300Z66L,ST4000DM000,4000787030016,0,117,148510936,92,0,100,9,100,0,83,225061993,74,23402,100,0,100,9,100.0,0.0,100.0,0.0,100.0,0.0,100.0,0.0,100.0,0.0,77.0,23.0,100.0,0.0,100.0,0.0,77.0,46745.0,23,23,100,0,100,0,200,0,100.0,23055.0,100.0,50229294384.0,100.0,85043641794.0
2018-03-20,S300Z66L,ST4000DM000,4000787030016,0,114,69095368,92,0,100,9,100,0,83,225837602,74,23426,100,0,100,9,100.0,0.0,100.0,0.0,100.0,0.0,100.0,0.0,100.0,0.0,76.0,24.0,100.0,0.0,100.0,0.0,77.0,46745.0,24,24,100,0,100,0,200,0,100.0,23080.0,100.0,50235695128.0,100.0,85175041461.0
2018-03-21,S300Z66L,ST4000DM000,4000787030016,0,114,70730704,92,0,100,9,100,0,83,228278781,74,23450,100,0,100,9,100.0,0.0,100.0,0.0,100.0,0.0,100.0,0.0,100.0,0.0,76.0,24.0,100.0,0.0,100.0,0.0,77.0,46745.0,24,24,100,0,100,0,200,0,100.0,23103.0,100.0,50249055248.0,100.0,85351986258.0
2018-03-22,S300Z66L,ST4000DM000,4000787030016,0,105,10310768,92,0,100,9,100,0,83,230282546,74,23474,100,0,100,9,100.0,0.0,100.0,0.0,100.0,0.0,100.0,0.0,100.0,0.0,76.0,24.0,100.0,0.0,100.0,0.0,77.0,46745.0,24,24,100,0,100,0,200,0,100.0,23127.0,100.0,50263862976.0,100.0,85536725106.0
2018-03-23,S300Z66L,ST4000DM000,4000787030016,0,114,59802296,92,0,100,9,100,0,83,232352408,74,23498,100,0,100,9,100.0,0.0,100.0,0.0,100.0,0.0,100.0,0.0,100.0,0.0,76.0,24.0,100.0,0.0,100.0,0.0,77.0,46745.0,24,24,100,0,100,0,200,0,100.0,23152.0,100.0,50275724664.0,100.0,85648134243.0
2018-03-24,S300Z66L,ST4000DM000,4000787030016,0,108,17698512,92,0,100,9,100,0,83,234658140,74,23522,100,0,100,9,100.0,0.0,100.0,0.0,100.0,0.0,100.0,0.0,100.0,0.0,77.0,23.0,100.0,0.0,100.0,0.0,77.0,46745.0,23,23,100,0,100,0,200,0,100.0,23176.0,100.0,50297106424.0,100.0,85791992134.0
2018-03-25,S300Z66L,ST4000DM000,4000787030016,0,116,109181856,92,0,100,9,100,0,84,236381573,74,23546,100,0,100,9,100.0,0.0,100.0,0.0,100.0,0.0,100.0,0.0,100.0,0.0,77.0,23.0,100.0,0.0,100.0,0.0,77.0,46745.0,23,23,100,0,100,0,200,0,100.0,23200.0,100.0,50309175592.0,100.0,85968159069.0
2018-03-26,S300Z66L,ST4000DM000,4000787030016,0,117,120292008,92,0,100,9,100,0,84,238087230,74,23570,100,0,100,9,100.0,0.0,100.0,0.0,100.0,0.0,100.0,0.0,100.0,0.0,77.0,23.0,100.0,0.0,100.0,0.0,77.0,46745.0,23,23,100,0,100,0,200,0,100.0,23223.0,100.0,50320963256.0,100.0,86144902317.0
2018-03-27,S300Z66L,ST4000DM000,4000787030016,0,112,45703728,92,0,100,9,100,0,84,238640972,74,23594,100,0,100,9,100.0,0.0,100.0,0.0,100.0,0.0,100.0,0.0,100.0,0.0,77.0,23.0,100.0,0.0,100.0,0.0,77.0,46745.0,23,23,100,0,100,0,200,0,100.0,23247.0,100.0,50327909624.0,100.0,86277486363.0
2018-03-28,S300Z66L,ST4000DM000,4000787030016,0,118,179576592,92,0,100,9,100,0,84,240595846,74,23618,100,0,100,9,100.0,0.0,100.0,0.0,100.0,0.0,100.0,0.0,100.0,0.0,77.0,23.0,100.0,0.0,100.0,0.0,77.0,46745.0,23,23,100,0,100,0,200,0,100.0,23271.0,100.0,50338000248.0,100.0,86477031069.0
2018-03-29,S300Z66L,ST4000DM000,4000787030016,0,117,157403040,92,0,100,9,100,0,84,242037069,74,23642,100,0,100,9,100.0,0.0,100.0,0.0,100.0,0.0,100.0,0.0,100.0,0.0,77.0,23.0,100.0,0.0,100.0,0.0,77.0,46747.0,23,23,100,0,100,0,200,0,100.0,23295.0,100.0,50356445336.0,100.0,86669086556.0
2018-03-30,S300Z66L,ST4000DM000,4000787030016,0,117,117627880,92,0,100,9,100,0,84,243331165,73,23666,100,0,100,9,100.0,0.0,100.0,0.0,100.0,0.0,100.0,0.0,100.0,0.0,77.0,23.0,100.0,0.0,100.0,0.0,77.0,46747.0,23,23,100,0,100,0,200,0,100.0,23319.0,100.0,50372862408.0,100.0,86808781646.0
2018-03-31,S300Z66L,ST4000DM000,4000787030016,0,103,5302424,92,0,100,9,100,0,84,244642228,73,23690,100,0,100,9,100.0,0.0,100.0,0.0,100.0,0.0,100.0,0.0,100.0,0.0,77.0,23.0,100.0,0.0,100.0,0.0,77.0,46747.0,23,23,100,0,100,0,200,0,100.0,23343.0,100.0,50380428936.0,100.0,86995002600.0
2018-04-01,S300Z66L,ST4000DM000,4000787030016,0,111,33140512,92,0,100,9,100,0,84,246001082,73,23714,100,0,100,9,100.0,0.0,100.0,0.0,100.0,0.0,100.0,0.0,100.0,0.0,77.0,23.0,100.0,0.0,100.0,0.0,77.0,46747.0,23,23,100,0,100,0,200,0,100.0,23367.0,100.0,50393778808.0,100.0,87177944126.0
2018-04-02,S300Z66L,ST4000DM000,4000787030016,0,117,121454344,92,0,100,9,100,0,84,247606651,73,23738,100,0,100,9,100.0,0.0,100.0,0.0,100.0,0.0,100.0,0.0,100.0,0.0,78.0,22.0,100.0,0.0,100.0,0.0,77.0,46747.0,22,22,100,0,100,0,200,0,100.0,23391.0,100.0,50414507784.0,100.0,87369130237.0
2018-04-03,S300Z66L,ST4000DM000,4000787030016,0,115,84616792,92,0,100,9,100,0,84,248555705,73,23762,100,0,100,9,100.0,0.0,100.0,0.0,100.0,0.0,100.0,0.0,100.0,0.0,77.0,23.0,100.0,0.0,100.0,0.0,77.0,46747.0,23,23,100,0,100,0,200,0,100.0,23415.0,100.0,50432796856.0,100.0,87523246040.0
2018-04-04,S300Z66L,ST4000DM000,4000787030016,0,111,34056208,92,0,100,9,100,0,84,251287504,73,23786,100,0,100,9,100.0,0.0,100.0,0.0,100.0,0.0,100.0,0.0,100.0,0.0,77.0,23.0,100.0,0.0,100.0,0.0,77.0,46747.0,23,23,100,0,100,0,200,0,100.0,23439.0,100.0,50453364448.0,100.0,87711506050.0
2018-04-05,S300Z66L,ST4000DM000,4000787030016,0,117,122166600,92,0,100,9,100,0,84,254688816,73,23810,100,0,100,9,100.0,0.0,100.0,0.0,100.0,0.0,100.0,0.0,100.0,0.0,78.0,22.0,100.0,0.0,100.0,0.0,77.0,46747.0,22,22,100,0,100,0,200,0,100.0,23463.0,100.0,50471042560.0,100.0,87913880378.0
2018-04-06,S300Z66L,ST4000DM000,4000787030016,0,108,20805968,92,0,100,9,100,0,84,256257906,73,23834,100,0,100,9,100.0,0.0,100.0,0.0,100.0,0.0,100.0,0.0,100.0,0.0,78.0,22.0,100.0,0.0,100.0,0.0,77.0,46747.0,22,22,100,0,100,0,200,0,100.0,23487.0,100.0,50485823472.0,100.0,88035240461.0
2018-04-07,S300Z66L,ST4000DM000,4000787030016,0,113.0,56426888.0,92.0,0.0,100.0,9.0,100.0,0.0,84.0,258475745.0,73.0,23858.0,100.0,0.0,100.0,9.0,100.0,0.0,100.0,0.0,100.0,0.0,100.0,0.0,100.0,0.0,78.0,22.0,100.0,0.0,100.0,0.0,77.0,46747.0,22.0,22.0,100.0,0.0,100.0,0.0,200.0,0.0,100.0,23511.0,100.0,50506405968.0,100.0,88234671319.0
2018-04-08,S300Z66L,ST4000DM000,4000787030016,0,118,183685912,92,0,100,9,100,0,84,261017993,73,23882,100,0,100,9,100.0,0.0,100.0,0.0,100.0,0.0,100.0,0.0,100.0,0.0,78.0,22.0,100.0,0.0,100.0,0.0,77.0,46747.0,22,22,100,0,100,0,200,0,100.0,23535.0,100.0,50513145344.0,100.0,88429553077.0
2018-04-09,S300Z66L,ST4000DM000,4000787030016,0,115,95001200,92,0,100,9,100,0,84,263132688,73,23906,100,0,100,9,100.0,0.0,100.0,0.0,100.0,0.0,100.0,0.0,100.0,0.0,78.0,22.0,100.0,0.0,100.0,0.0,77.0,46747.0,22,22,100,0,100,0,200,0,100.0,23559.0,100.0,50519073344.0,100.0,88625824652.0
2018-04-10,S300Z66L,ST4000DM000,4000787030016,0,111,32905368,92,0,100,9,100,0,84,263765620,73,23930,100,0,100,9,100.0,0.0,100.0,0.0,100.0,0.0,100.0,0.0,100.0,0.0,78.0,22.0,100.0,0.0,100.0,0.0,77.0,46747.0,22,22,100,0,100,0,200,0,100.0,23583.0,100.0,50520621744.0,100.0,88760180409.0
2018-04-11,S300Z66L,ST4000DM000,4000787030016,0,112,43818536,92,0,100,9,100,0,84,266163476,73,23954,100,0,100,9,100.0,0.0,100.0,0.0,100.0,0.0,100.0,0.0,100.0,0.0,78.0,22.0,100.0,0.0,100.0,0.0,77.0,46747.0,22,22,100,0,100,0,200,0,100.0,23607.0,100.0,50525341952.0,100.0,88935041989.0
2018-04-12,S300Z66L,ST4000DM000,4000787030016,0,117,125695024,92,0,100,9,100,0,84,268026777,73,23978,100,0,100,9,100.0,0.0,100.0,0.0,100.0,0.0,100.0,0.0,100.0,0.0,77.0,23.0,100.0,0.0,100.0,0.0,77.0,46752.0,23,23,100,0,100,0,200,0,100.0,23631.0,100.0,50530277928.0,100.0,89153119567.0
2018-04-13,S300Z66L,ST4000DM000,4000787030016,0,117,129955248,92,0,100,9,100,0,84,269389681,73,24002,100,0,100,9,100.0,0.0,100.0,0.0,100.0,0.0,100.0,0.0,100.0,0.0,77.0,23.0,100.0,0.0,100.0,0.0,77.0,46789.0,23,23,100,0,100,0,200,0,100.0,23655.0,100.0,50534857520.0,100.0,89272724378.0
2018-04-14,S300Z66L,ST4000DM000,4000787030016,0,119,215182296,92,0,100,9,100,0,84,271122519,73,24026,100,0,100,9,100.0,0.0,100.0,0.0,100.0,0.0,100.0,0.0,100.0,0.0,77.0,23.0,100.0,0.0,100.0,0.0,77.0,46789.0,23,23,100,0,100,0,200,0,100.0,23679.0,100.0,50538457832.0,100.0,89446904675.0
2018-04-15,S300Z66L,ST4000DM000,4000787030016,0,117,145706416,92,0,100,9,100,0,84,272346066,73,24049,100,0,100,9,100.0,0.0,100.0,0.0,100.0,0.0,100.0,0.0,100.0,0.0,77.0,23.0,100.0,0.0,100.0,0.0,77.0,46789.0,23,23,100,0,100,0,200,0,100.0,23702.0,100.0,50542279384.0,100.0,89605682241.0
2018-04-16,S300Z66L,ST4000DM000,4000787030016,0,117,165371968,92,0,100,9,100,0,84,274108470,73,24074,100,0,100,9,100.0,0.0,100.0,0.0,100.0,0.0,100.0,0.0,100.0,0.0,77.0,23.0,100.0,0.0,100.0,0.0,77.0,46789.0,23,23,100,0,100,0,200,0,100.0,23727.0,100.0,50547773680.0,100.0,89773897596.0
2018-04-17,S300Z66L,ST4000DM000,4000787030016,0,115,90528512,92,0,100,9,100,0,84,277210811,73,24098,100,0,100,9,100.0,0.0,100.0,0.0,100.0,0.0,100.0,0.0,100.0,0.0,77.0,23.0,100.0,0.0,100.0,0.0,77.0,46789.0,23,23,100,0,100,0,200,0,100.0,23751.0,100.0,50556415744.0,100.0,89953360217.0
2018-04-18,S300Z66L,ST4000DM000,4000787030016,0,117,144800928,92,0,100,9,100,0,84,279753660,73,24121,100,0,100,9,100.0,0.0,100.0,0.0,100.0,0.0,100.0,0.0,100.0,0.0,73.0,27.0,100.0,0.0,100.0,0.0,77.0,46789.0,27,27,100,0,100,0,200,0,100.0,23774.0,100.0,50564506408.0,100.0,90134352451.0
2018-04-19,S300Z66L,ST4000DM000,4000787030016,0,117,159190776,92,0,100,9,100,0,84,281326337,73,24146,100,0,100,9,100.0,0.0,100.0,0.0,100.0,0.0,100.0,0.0,100.0,0.0,77.0,23.0,100.0,0.0,100.0,0.0,77.0,46789.0,23,23,100,0,100,0,200,0,100.0,23799.0,100.0,50569884104.0,100.0,90299218003.0
2018-04-20,S300Z66L,ST4000DM000,4000787030016,0,117,124931192,92,0,100,9,100,0,84,282881582,73,24169,100,0,100,9,100.0,0.0,100.0,0.0,100.0,0.0,100.0,0.0,100.0,0.0,77.0,23.0,100.0,0.0,100.0,0.0,77.0,46799.0,23,23,100,0,100,0,200,0,100.0,23822.0,100.0,50572983120.0,100.0,90437350824.0
2018-04-21,S300Z66L,ST4000DM000,4000787030016,0,117,139150952,92,0,100,9,100,0,84,284624394,73,24193,100,0,100,9,100.0,0.0,100.0,0.0,100.0,0.0,100.0,0.0,100.0,0.0,78.0,22.0,100.0,0.0,100.0,0.0,77.0,46799.0,22,22,100,0,100,0,200,0,100.0,23846.0,100.0,50577780344.0,100.0,90606628216.0
2018-04-22,S300Z66L,ST4000DM000,4000787030016,0,115,89633472,92,0,100,9,100,0,84,286456507,73,24218,100,0,100,9,100.0,0.0,100.0,0.0,100.0,0.0,100.0,0.0,100.0,0.0,78.0,22.0,100.0,0.0,100.0,0.0,77.0,46799.0,22,22,100,0,100,0,200,0,100.0,23871.0,100.0,50582393784.0,100.0,90795083603.0
2018-04-23,S300Z66L,ST4000DM000,4000787030016,0,111,31033888,92,0,100,9,100,0,84,287315239,73,24242,100,0,100,9,100.0,0.0,100.0,0.0,100.0,0.0,100.0,0.0,100.0,0.0,78.0,22.0,100.0,0.0,100.0,0.0,77.0,46799.0,22,22,100,0,100,0,200,0,100.0,23895.0,100.0,50584589256.0,100.0,90941635354.0
2018-04-24,S300Z66L,ST4000DM000,4000787030016,0,108,16932712,92,0,100,9,100,0,84,288778779,73,24265,100,0,100,9,100.0,0.0,100.0,0.0,100.0,0.0,100.0,0.0,100.0,0.0,78.0,22.0,100.0,0.0,100.0,0.0,77.0,46799.0,22,22,100,0,100,0,200,0,100.0,23918.0,100.0,50591308576.0,100.0,91087875572.0
2018-04-25,S300Z66L,ST4000DM000,4000787030016,0,116,115826480,92,0,100,9,100,0,84,291128959,73,24289,100,0,100,9,100.0,0.0,100.0,0.0,100.0,0.0,100.0,0.0,100.0,0.0,77.0,23.0,100.0,0.0,100.0,0.0,77.0,46799.0,23,23,100,0,100,0,200,0,100.0,23942.0,100.0,50596419416.0,100.0,91259188793.0
2018-04-26,S300Z66L,ST4000DM000,4000787030016,0,118,170770264,92,0,100,9,100,0,84,292617126,73,24315,100,0,100,9,100.0,0.0,100.0,0.0,100.0,0.0,100.0,0.0,100.0,0.0,78.0,22.0,100.0,0.0,100.0,0.0,77.0,46803.0,22,22,100,0,100,0,200,0,100.0,23968.0,100.0,50600700256.0,100.0,91467731488.0
2018-04-27,S300Z66L,ST4000DM000,4000787030016,0,117,136717760,92,0,100,9,100,0,84,294093910,73,24339,100,0,100,9,100.0,0.0,100.0,0.0,100.0,0.0,100.0,0.0,100.0,0.0,78.0,22.0,100.0,0.0,100.0,0.0,77.0,46818.0,22,22,100,0,100,0,200,0,100.0,23992.0,100.0,50604485888.0,100.0,91602495639.0
2018-04-28,S300Z66L,ST4000DM000,4000787030016,0,117,119837456,92,0,100,9,100,0,84,296391647,73,24363,100,0,100,9,100.0,0.0,100.0,0.0,100.0,0.0,100.0,0.0,100.0,0.0,77.0,23.0,100.0,0.0,100.0,0.0,77.0,46818.0,23,23,100,0,100,0,200,0,100.0,24016.0,100.0,50609007616.0,100.0,91808666076.0
2018-04-29,S300Z66L,ST4000DM000,4000787030016,0,115,91332104,92,0,100,9,100,0,84,299339217,73,24388,100,0,100,9,100.0,0.0,100.0,0.0,100.0,0.0,100.0,0.0,100.0,0.0,77.0,23.0,100.0,0.0,100.0,0.0,77.0,46818.0,23,23,100,0,100,0,200,0,100.0,24040.0,100.0,50617346264.0,100.0,92013725319.0
2018-04-30,S300Z66L,ST4000DM000,4000787030016,0,114,65763080,92,0,100,9,100,0,84,301380818,73,24411,100,0,100,9,100.0,0.0,100.0,0.0,100.0,0.0,100.0,0.0,100.0,0.0,78.0,22.0,100.0,0.0,100.0,0.0,77.0,46818.0,22,22,100,0,100,0,200,0,100.0,24064.0,100.0,50622993600.0,100.0,92184065035.0
2018-05-01,S300Z66L,ST4000DM000,4000787030016,0,118,115720,92,0,100,9,100,0,84,302997373,73,24435,100,0,100,9,100.0,0.0,100.0,0.0,100.0,0.0,100.0,0.0,100.0,0.0,77.0,23.0,100.0,0.0,100.0,0.0,77.0,46818.0,23,23,100,0,100,0,200,0,100.0,24088.0,100.0,50626260856.0,100.0,92347996308.0
2018-05-02,S300Z66L,ST4000DM000,4000787030016,0,115.0,95110792.0,92.0,0.0,100.0,9.0,100.0,0.0,84.0,305443288.0,73.0,24459.0,100.0,0.0,100.0,9.0,100.0,0.0,100.0,0.0,100.0,0.0,100.0,0.0,100.0,0.0,78.0,22.0,100.0,0.0,100.0,0.0,77.0,46818.0,22.0,22.0,100.0,0.0,100.0,0.0,200.0,0.0,100.0,24112.0,100.0,50630264624.0,100.0,92524724047.0
2018-05-03,S300Z66L,ST4000DM000,4000787030016,0,118,187583200,92,0,100,9,100,0,84,307434837,73,24481,100,0,100,9,100.0,0.0,100.0,0.0,100.0,0.0,100.0,0.0,100.0,0.0,78.0,22.0,100.0,0.0,100.0,0.0,77.0,46818.0,22,22,100,0,100,0,200,0,100.0,24134.0,100.0,50635389168.0,100.0,92681327567.0
2018-05-04,S300Z66L,ST4000DM000,4000787030016,0,115,89667192,92,0,100,9,100,0,84,308749177,73,24505,100,0,100,9,100.0,0.0,100.0,0.0,100.0,0.0,100.0,0.0,100.0,0.0,78.0,22.0,100.0,0.0,100.0,0.0,77.0,46862.0,22,22,100,0,100,0,200,0,100.0,24158.0,100.0,50640037896.0,100.0,92780149796.0
2018-05-05,S300Z66L,ST4000DM000,4000787030016,0,107,13682616,92,0,100,9,100,0,84,310472797,72,24530,100,0,100,9,100.0,0.0,100.0,0.0,100.0,0.0,100.0,0.0,100.0,0.0,78.0,22.0,100.0,0.0,100.0,0.0,77.0,46862.0,22,22,100,0,100,0,200,0,100.0,24183.0,100.0,50641692256.0,100.0,92958607460.0
2018-05-06,S300Z66L,ST4000DM000,4000787030016,0,117,141369496,92,0,100,9,100,0,84,311957699,72,24554,100,0,100,9,100.0,0.0,100.0,0.0,100.0,0.0,100.0,0.0,100.0,0.0,77.0,23.0,100.0,0.0,100.0,0.0,77.0,46862.0,23,23,100,0,100,0,200,0,100.0,24206.0,100.0,50644854920.0,100.0,93129094793.0
2018-05-07,S300Z66L,ST4000DM000,4000787030016,0,114,59297496,92,0,100,9,100,0,84,313041746,72,24577,100,0,100,9,100.0,0.0,100.0,0.0,100.0,0.0,100.0,0.0,100.0,0.0,78.0,22.0,100.0,0.0,100.0,0.0,77.0,46862.0,22,22,100,0,100,0,200,0,100.0,24230.0,100.0,50649476632.0,100.0,93268518597.0
2018-05-08,S300Z66L,ST4000DM000,4000787030016,0,114,83112280,92,0,100,9,100,0,84,314714391,72,24601,100,0,100,9,100.0,0.0,100.0,0.0,100.0,0.0,100.0,0.0,100.0,0.0,78.0,22.0,100.0,0.0,100.0,0.0,77.0,46862.0,22,22,100,0,100,0,200,0,100.0,24254.0,100.0,50654106632.0,100.0,93455579457.0
2018-05-09,S300Z66L,ST4000DM000,4000787030016,0,115,83987968,92,0,100,9,100,0,84,318410702,72,24626,100,0,100,9,100.0,0.0,100.0,0.0,100.0,0.0,100.0,0.0,100.0,0.0,78.0,22.0,100.0,0.0,100.0,0.0,77.0,46862.0,22,22,100,0,100,0,200,0,100.0,24279.0,100.0,50661025944.0,100.0,93649929302.0
2018-05-10,S300Z66L,ST4000DM000,4000787030016,0,114,80117168,92,0,100,9,100,0,84,319113550,72,24650,100,0,100,9,100.0,0.0,100.0,0.0,100.0,0.0,100.0,0.0,100.0,0.0,77.0,23.0,100.0,0.0,100.0,0.0,77.0,46911.0,23,23,100,0,100,0,200,0,100.0,24302.0,100.0,50663581984.0,100.0,93788187321.0
2018-05-11,S300Z66L,ST4000DM000,4000787030016,0,117,130910384,92,0,100,9,100,0,84,320996910,72,24674,100,0,100,9,100.0,0.0,100.0,0.0,100.0,0.0,100.0,0.0,100.0,0.0,77.0,23.0,100.0,0.0,100.0,0.0,77.0,46934.0,23,23,100,0,100,0,200,0,100.0,24327.0,100.0,50669806176.0,100.0,93945048936.0
2018-05-12,S300Z66L,ST4000DM000,4000787030016,0,117,132491944,92,0,100,9,100,0,84,322324649,72,24698,100,0,100,9,100.0,0.0,100.0,0.0,100.0,0.0,100.0,0.0,100.0,0.0,78.0,22.0,100.0,0.0,100.0,0.0,77.0,46934.0,22,22,100,0,100,0,200,0,100.0,24351.0,100.0,50676527768.0,100.0,94143312274.0
2018-05-13,S300Z66L,ST4000DM000,4000787030016,0,118,178442296,92,0,100,9,100,0,84,323598461,72,24722,100,0,100,9,100.0,0.0,100.0,0.0,100.0,0.0,100.0,0.0,100.0,0.0,78.0,22.0,100.0,0.0,100.0,0.0,77.0,46934.0,22,22,100,0,100,0,200,0,100.0,24374.0,100.0,50682292256.0,100.0,94327669847.0
2018-05-14,S300Z66L,ST4000DM000,4000787030016,0,113,53716832,92,0,100,9,100,0,84,324178238,72,24746,100,0,100,9,100.0,0.0,100.0,0.0,100.0,0.0,100.0,0.0,100.0,0.0,78.0,22.0,100.0,0.0,100.0,0.0,77.0,46934.0,22,22,100,0,100,0,200,0,100.0,24398.0,100.0,50685226024.0,100.0,94503443402.0
2018-05-15,S300Z66L,ST4000DM000,4000787030016,0,120.0,236460624.0,92.0,0.0,100.0,9.0,100.0,0.0,84.0,325458416.0,72.0,24770.0,100.0,0.0,100.0,9.0,100.0,0.0,100.0,0.0,100.0,0.0,100.0,0.0,100.0,0.0,78.0,22.0,100.0,0.0,100.0,0.0,77.0,46934.0,22.0,22.0,100.0,0.0,100.0,0.0,200.0,0.0,100.0,24422.0,100.0,50691107888.0,100.0,94691588783.0
2018-05-16,S300Z66L,ST4000DM000,4000787030016,0,120,241678688,92,0,100,9,100,0,84,327833797,72,24794,100,0,100,9,100.0,0.0,100.0,0.0,100.0,0.0,100.0,0.0,100.0,0.0,77.0,23.0,100.0,0.0,100.0,0.0,77.0,46934.0,23,23,100,0,100,0,200,0,100.0,24447.0,100.0,50696403744.0,100.0,94898292249.0
2018-05-17,S300Z66L,ST4000DM000,4000787030016,0,118,182269312,92,0,100,9,100,0,84,329451462,72,24818,100,0,100,9,100.0,0.0,100.0,0.0,100.0,0.0,100.0,0.0,100.0,0.0,77.0,23.0,100.0,0.0,100.0,0.0,77.0,46939.0,23,23,100,0,100,0,200,0,100.0,24470.0,100.0,50701283840.0,100.0,95069751443.0
2018-05-18,S300Z66L,ST4000DM000,4000787030016,0,119,210559400,92,0,100,9,100,0,84,330778449,72,24842,100,0,100,9,100.0,0.0,100.0,0.0,100.0,0.0,100.0,0.0,100.0,0.0,77.0,23.0,100.0,0.0,100.0,0.0,77.0,46954.0,23,23,100,0,100,0,200,0,100.0,24494.0,100.0,50704554760.0,100.0,95186076948.0
2018-05-19,S300Z66L,ST4000DM000,4000787030016,0,119,212579424,92,0,100,9,100,0,84,333008237,72,24865,100,0,100,9,100.0,0.0,100.0,0.0,100.0,0.0,100.0,0.0,100.0,0.0,77.0,23.0,100.0,0.0,100.0,0.0,77.0,46954.0,23,23,100,0,100,0,200,0,100.0,24518.0,100.0,50711038392.0,100.0,95382979374.0
2018-05-20,S300Z66L,ST4000DM000,4000787030016,0,117,157688024,92,0,100,9,100,0,85,335695291,72,24889,100,0,100,9,100.0,0.0,100.0,0.0,100.0,0.0,100.0,0.0,100.0,0.0,77.0,23.0,100.0,0.0,100.0,0.0,77.0,46954.0,23,23,100,0,100,0,200,0,100.0,24542.0,100.0,50717236520.0,100.0,95579005289.0
2018-05-21,S300Z66L,ST4000DM000,4000787030016,0,117,121485240,92,0,100,9,100,0,85,337817817,72,24913,100,0,100,9,100.0,0.0,100.0,0.0,100.0,0.0,100.0,0.0,100.0,0.0,77.0,23.0,100.0,0.0,100.0,0.0,77.0,46954.0,23,23,100,0,100,0,200,0,100.0,24565.0,100.0,50721566120.0,100.0,95760744830.0
2018-05-22,S300Z66L,ST4000DM000,4000787030016,0,118,193272288,92,0,100,9,100,0,85,339386982,72,24937,100,0,100,9,100.0,0.0,100.0,0.0,100.0,0.0,100.0,0.0,100.0,0.0,77.0,23.0,100.0,0.0,100.0,0.0,77.0,46954.0,23,23,100,0,100,0,200,0,100.0,24589.0,100.0,50725565640.0,100.0,95945091937.0
2018-05-23,S300Z66L,ST4000DM000,4000787030016,0,115,89665384,92,0,100,9,100,0,85,341822636,72,24961,100,0,100,9,100.0,0.0,100.0,0.0,100.0,0.0,100.0,0.0,100.0,0.0,77.0,23.0,100.0,0.0,100.0,0.0,77.0,46954.0,23,23,100,0,100,0,200,0,100.0,24613.0,100.0,50730441912.0,100.0,96098281569.0
2018-05-24,S300Z66L,ST4000DM000,4000787030016,0,119,233531680,92,0,100,9,100,0,85,343326318,72,24985,100,0,100,9,100.0,0.0,100.0,0.0,100.0,0.0,100.0,0.0,100.0,0.0,77.0,23.0,100.0,0.0,100.0,0.0,77.0,46954.0,23,23,100,0,100,0,200,0,100.0,24637.0,100.0,50735602496.0,100.0,96260433549.0
2018-05-25,S300Z66L,ST4000DM000,4000787030016,0,117,117952968,92,0,100,9,100,0,85,344598727,72,25015,100,0,100,9,100.0,0.0,100.0,0.0,100.0,0.0,100.0,0.0,100.0,0.0,77.0,23.0,100.0,0.0,100.0,0.0,77.0,46958.0,23,23,100,0,100,0,200,0,100.0,24666.0,100.0,50738643264.0,100.0,96498775077.0
2018-05-26,S300Z66L,ST4000DM000,4000787030016,0,118,186777736,92,0,100,9,100,0,85,346347129,72,25038,100,0,100,9,100.0,0.0,100.0,0.0,100.0,0.0,100.0,0.0,100.0,0.0,78.0,22.0,100.0,0.0,100.0,0.0,77.0,46958.0,22,22,100,0,100,0,200,0,100.0,24690.0,100.0,50743433800.0,100.0,96675351437.0
2018-05-27,S300Z66L,ST4000DM000,4000787030016,0,119,217673056,92,0,100,9,100,0,85,348279720,72,25063,100,0,100,9,100.0,0.0,100.0,0.0,100.0,0.0,100.0,0.0,100.0,0.0,78.0,22.0,100.0,0.0,100.0,0.0,77.0,46958.0,22,22,100,0,100,0,200,0,100.0,24715.0,100.0,50748449704.0,100.0,96846209957.0
2018-05-28,S300Z66L,ST4000DM000,4000787030016,0,105,10389144,92,0,100,9,100,0,85,350937960,72,25087,100,0,100,9,100.0,0.0,100.0,0.0,100.0,0.0,100.0,0.0,100.0,0.0,78.0,22.0,100.0,0.0,100.0,0.0,77.0,46958.0,22,22,100,0,100,0,200,0,100.0,24739.0,100.0,50754117856.0,100.0,97023778319.0
2018-05-29,S300Z66L,ST4000DM000,4000787030016,0,117,132711528,92,0,100,9,100,0,85,352296337,72,25111,100,0,100,9,100.0,0.0,100.0,0.0,100.0,0.0,100.0,0.0,100.0,0.0,78.0,22.0,100.0,0.0,100.0,0.0,77.0,46958.0,22,22,100,0,100,0,200,0,100.0,24763.0,100.0,50759864496.0,100.0,97184047576.0
2018-05-30,S300Z66L,ST4000DM000,4000787030016,0,118,172811664,92,0,100,9,100,0,85,354215788,72,25135,100,0,100,9,100.0,0.0,100.0,0.0,100.0,0.0,100.0,0.0,100.0,0.0,77.0,23.0,100.0,0.0,100.0,0.0,77.0,46958.0,23,23,100,0,100,0,200,0,100.0,24787.0,100.0,50763840984.0,100.0,97344634734.0
2018-05-31,S300Z66L,ST4000DM000,4000787030016,0,116,102898096,92,0,100,9,100,0,85,355225685,72,25154,100,0,100,9,100.0,0.0,100.0,0.0,100.0,0.0,100.0,0.0,100.0,0.0,78.0,22.0,100.0,0.0,100.0,0.0,77.0,46961.0,22,22,100,0,100,0,200,0,100.0,24806.0,100.0,50766240216.0,100.0,97466535577.0
2018-06-01,S300Z66L,ST4000DM000,4000787030016,0,116,103932752,92,0,100,9,100,0,85,356690444,72,25178,100,0,100,9,100.0,0.0,100.0,0.0,100.0,0.0,100.0,0.0,100.0,0.0,77.0,23.0,100.0,0.0,100.0,0.0,77.0,46990.0,23,23,100,0,100,0,200,0,100.0,24830.0,100.0,50769620320.0,100.0,97605084447.0
2018-06-02,S300Z66L,ST4000DM000,4000787030016,0,116,116771248,92,0,100,9,100,0,85,358400926,72,25202,100,0,100,9,100.0,0.0,100.0,0.0,100.0,0.0,100.0,0.0,100.0,0.0,77.0,23.0,100.0,0.0,100.0,0.0,77.0,46990.0,23,23,100,0,100,0,200,0,100.0,24854.0,100.0,50773531952.0,100.0,97775102932.0
2018-06-03,S300Z66L,ST4000DM000,4000787030016,0,110,28399656,92,0,100,9,100,0,85,360226703,72,25226,100,0,100,9,100.0,0.0,100.0,0.0,100.0,0.0,100.0,0.0,100.0,0.0,77.0,23.0,100.0,0.0,100.0,0.0,77.0,46990.0,23,23,100,0,100,0,200,0,100.0,24878.0,100.0,50778981056.0,100.0,97957375030.0
2018-06-04,S300Z66L,ST4000DM000,4000787030016,0,111,34878088,92,0,100,9,100,0,85,361837559,72,25250,100,0,100,9,100.0,0.0,100.0,0.0,100.0,0.0,100.0,0.0,100.0,0.0,78.0,22.0,100.0,0.0,100.0,0.0,77.0,46990.0,22,22,100,0,100,0,200,0,100.0,24902.0,100.0,50783800760.0,100.0,98122616962.0
2018-06-05,S300Z66L,ST4000DM000,4000787030016,0,119,208048264,92,0,100,9,100,0,85,362514976,72,25274,100,0,100,9,100.0,0.0,100.0,0.0,100.0,0.0,100.0,0.0,100.0,0.0,77.0,23.0,100.0,0.0,100.0,0.0,77.0,46990.0,23,23,100,0,100,0,200,0,100.0,24926.0,100.0,50786165632.0,100.0,98246586491.0
2018-06-06,S300Z66L,ST4000DM000,4000787030016,0,108,19264032,92,0,100,9,100,0,85,364839522,72,25298,100,0,100,9,100.0,0.0,100.0,0.0,100.0,0.0,100.0,0.0,100.0,0.0,77.0,23.0,100.0,0.0,100.0,0.0,77.0,46990.0,23,23,100,0,100,0,200,0,100.0,24950.0,100.0,50791202880.0,100.0,98413871027.0
2018-06-07,S300Z66L,ST4000DM000,4000787030016,0,112,44783312,92,0,100,9,100,0,85,366711309,72,25322,100,0,100,9,100.0,0.0,100.0,0.0,100.0,0.0,100.0,0.0,100.0,0.0,77.0,23.0,100.0,0.0,100.0,0.0,77.0,46990.0,23,23,100,0,100,0,200,0,100.0,24974.0,100.0,50796539208.0,100.0,98617703786.0
2018-06-08,S300Z66L,ST4000DM000,4000787030016,0,120,238176136,92,0,100,9,100,0,85,368642332,72,25346,100,0,100,9,100.0,0.0,100.0,0.0,100.0,0.0,100.0,0.0,100.0,0.0,77.0,23.0,100.0,0.0,100.0,0.0,77.0,47003.0,23,23,100,0,100,0,200,0,100.0,24998.0,100.0,50800200208.0,100.0,98766421221.0
2018-06-09,S300Z66L,ST4000DM000,4000787030016,0,117,164810712,92,0,100,9,100,0,85,370938430,72,25370,100,0,100,9,100.0,0.0,100.0,0.0,100.0,0.0,100.0,0.0,100.0,0.0,78.0,22.0,100.0,0.0,100.0,0.0,77.0,47003.0,22,22,100,0,100,0,200,0,100.0,25022.0,100.0,50804725080.0,100.0,98957550065.0
2018-06-10,S300Z66L,ST4000DM000,4000787030016,0,120,239016624,92,0,100,9,100,0,85,373023263,72,25394,100,0,100,9,100.0,0.0,100.0,0.0,100.0,0.0,100.0,0.0,100.0,0.0,78.0,22.0,100.0,0.0,100.0,0.0,77.0,47003.0,22,22,100,0,100,0,200,0,100.0,25045.0,100.0,50811266408.0,100.0,99153839244.0
2018-06-11,S300Z66L,ST4000DM000,4000787030016,0,119,205745112,92,0,100,9,100,0,85,374827420,71,25418,100,0,100,9,100.0,0.0,100.0,0.0,100.0,0.0,100.0,0.0,100.0,0.0,78.0,22.0,100.0,0.0,100.0,0.0,77.0,47003.0,22,22,100,0,100,0,200,0,100.0,25070.0,100.0,50814526048.0,100.0,99314572684.0
2018-06-12,S300Z66L,ST4000DM000,4000787030016,0,117,139889648,92,0,100,9,100,0,85,376348283,71,25442,100,0,100,9,100.0,0.0,100.0,0.0,100.0,0.0,100.0,0.0,100.0,0.0,78.0,22.0,100.0,0.0,100.0,0.0,77.0,47003.0,22,22,100,0,100,0,200,0,100.0,25094.0,100.0,50817408128.0,100.0,99480040458.0
2018-06-13,S300Z66L,ST4000DM000,4000787030016,0,120,1568184,92,0,100,9,100,0,85,379243445,71,25470,100,0,100,9,100.0,0.0,100.0,0.0,100.0,0.0,100.0,0.0,100.0,0.0,78.0,22.0,100.0,0.0,100.0,0.0,77.0,47006.0,22,22,100,0,100,0,200,0,100.0,25122.0,100.0,50822777552.0,100.0,99684745708.0
2018-06-14,S300Z66L,ST4000DM000,4000787030016,0,115,89833336,92,0,100,10,100,0,85,380501142,71,25487,100,0,100,10,100.0,0.0,100.0,0.0,100.0,0.0,100.0,0.0,100.0,0.0,76.0,24.0,100.0,0.0,100.0,0.0,77.0,47012.0,24,24,100,0,100,0,200,0,100.0,25138.0,100.0,50827321808.0,100.0,99797779017.0
2018-06-15,S300Z66L,ST4000DM000,4000787030016,0,118.0,198571904.0,92.0,0.0,100.0,10.0,100.0,0.0,85.0,381630100.0,71.0,25510.0,100.0,0.0,100.0,10.0,100.0,0.0,100.0,0.0,100.0,0.0,100.0,0.0,100.0,0.0,76.0,24.0,100.0,0.0,100.0,0.0,77.0,47083.0,24.0,24.0,100.0,0.0,100.0,0.0,200.0,0.0,100.0,25162.0,100.0,50831653816.0,100.0,99920625215.0
2018-06-16,S300Z66L,ST4000DM000,4000787030016,0,118.0,176229048.0,92.0,0.0,100.0,10.0,100.0,0.0,85.0,382912454.0,71.0,25535.0,100.0,0.0,100.0,10.0,100.0,0.0,100.0,0.0,100.0,0.0,100.0,0.0,100.0,0.0,76.0,24.0,100.0,0.0,100.0,0.0,77.0,47083.0,24.0,24.0,100.0,0.0,100.0,0.0,200.0,0.0,100.0,25186.0,100.0,50835431112.0,100.0,100117102422.0
2018-06-17,S300Z66L,ST4000DM000,4000787030016,0,118.0,183480576.0,92.0,0.0,100.0,10.0,100.0,0.0,85.0,384280767.0,71.0,25559.0,100.0,0.0,100.0,10.0,100.0,0.0,100.0,0.0,100.0,0.0,100.0,0.0,100.0,0.0,78.0,22.0,100.0,0.0,100.0,0.0,77.0,47083.0,22.0,22.0,100.0,0.0,100.0,0.0,200.0,0.0,100.0,25210.0,100.0,50841727760.0,100.0,100308415492.0
2018-06-18,S300Z66L,ST4000DM000,4000787030016,0,114.0,64533552.0,92.0,0.0,100.0,10.0,100.0,0.0,85.0,386162614.0,71.0,25583.0,100.0,0.0,100.0,10.0,100.0,0.0,100.0,0.0,100.0,0.0,100.0,0.0,100.0,0.0,78.0,22.0,100.0,0.0,100.0,0.0,77.0,47084.0,22.0,22.0,100.0,0.0,100.0,0.0,200.0,0.0,100.0,25234.0,100.0,50844839512.0,100.0,100503907973.0
2018-06-19,S300Z66L,ST4000DM000,4000787030016,0,117,147124504,92,0,100,10,100,0,85,387206295,71,25606,100,0,100,10,100.0,0.0,100.0,0.0,100.0,0.0,100.0,0.0,100.0,0.0,78.0,22.0,100.0,0.0,100.0,0.0,77.0,47085.0,22,22,100,0,100,0,200,0,100.0,25258.0,100.0,50850007208.0,100.0,100680244603.0
2018-06-20,S300Z66L,ST4000DM000,4000787030016,0,120,242113184,92,0,100,10,100,0,85,389623246,71,25631,100,0,100,10,100.0,0.0,100.0,0.0,100.0,0.0,100.0,0.0,100.0,0.0,78.0,22.0,100.0,0.0,100.0,0.0,77.0,47085.0,22,22,100,0,100,0,200,0,100.0,25282.0,100.0,50855348072.0,100.0,100879275752.0
2018-06-21,S300Z66L,ST4000DM000,4000787030016,0,119,227635824,92,0,100,10,100,0,85,391224540,71,25655,100,0,100,10,100.0,0.0,100.0,0.0,100.0,0.0,100.0,0.0,100.0,0.0,78.0,22.0,100.0,0.0,100.0,0.0,77.0,47086.0,22,22,100,0,100,0,200,0,100.0,25306.0,100.0,50860407880.0,100.0,101050205372.0
2018-06-22,S300Z66L,ST4000DM000,4000787030016,0,117,132494192,92,0,100,10,100,0,85,392779901,71,25679,100,0,100,10,100.0,0.0,100.0,0.0,100.0,0.0,100.0,0.0,100.0,0.0,78.0,22.0,100.0,0.0,100.0,0.0,77.0,47099.0,22,22,100,0,100,0,200,0,100.0,25330.0,100.0,50865524872.0,100.0,101186920868.0
2018-06-23,S300Z66L,ST4000DM000,4000787030016,0,117,121762624,92,0,100,10,100,0,85,394247981,71,25703,100,0,100,10,100.0,0.0,100.0,0.0,100.0,0.0,100.0,0.0,100.0,0.0,78.0,22.0,100.0,0.0,100.0,0.0,77.0,47099.0,22,22,100,0,100,0,200,0,100.0,25354.0,100.0,50867970744.0,100.0,101347994688.0
2018-06-24,S300Z66L,ST4000DM000,4000787030016,0,120,236303656,92,0,100,10,100,0,85,396241563,71,25727,100,0,100,10,100.0,0.0,100.0,0.0,100.0,0.0,100.0,0.0,100.0,0.0,78.0,22.0,100.0,0.0,100.0,0.0,77.0,47099.0,22,22,100,0,100,0,200,0,100.0,25378.0,100.0,50873111040.0,100.0,101537530177.0
2018-06-25,S300Z66L,ST4000DM000,4000787030016,0,118,174011912,92,0,100,10,100,0,85,398566405,71,25751,100,0,100,10,100.0,0.0,100.0,0.0,100.0,0.0,100.0,0.0,100.0,0.0,78.0,22.0,100.0,0.0,100.0,0.0,77.0,47099.0,22,22,100,0,100,0,200,0,100.0,25402.0,100.0,50878186944.0,100.0,101717242890.0
2018-06-26,S300Z66L,ST4000DM000,4000787030016,0,120,240419760,92,0,100,10,100,0,85,399948640,71,25775,100,0,100,10,100.0,0.0,100.0,0.0,100.0,0.0,100.0,0.0,100.0,0.0,78.0,22.0,100.0,0.0,100.0,0.0,77.0,47099.0,22,22,100,0,100,0,200,0,100.0,25426.0,100.0,50880715856.0,100.0,101898742969.0
2018-06-27,S300Z66L,ST4000DM000,4000787030016,0,117,133192480,92,0,100,10,100,0,85,401876859,71,25799,100,0,100,10,100.0,0.0,100.0,0.0,100.0,0.0,100.0,0.0,100.0,0.0,78.0,22.0,100.0,0.0,100.0,0.0,77.0,47099.0,22,22,100,0,100,0,200,0,100.0,25450.0,100.0,50885071080.0,100.0,102049163605.0
2018-06-28,S300Z66L,ST4000DM000,4000787030016,0,119,219650080,92,0,100,10,100,0,86,403658956,71,25823,100,0,100,10,100.0,0.0,100.0,0.0,100.0,0.0,100.0,0.0,100.0,0.0,78.0,22.0,100.0,0.0,100.0,0.0,77.0,47099.0,22,22,100,0,100,0,200,0,100.0,25474.0,100.0,50890389976.0,100.0,102263301030.0
2018-06-29,S300Z66L,ST4000DM000,4000787030016,0,118,170312144,92,0,100,10,100,0,86,405887465,71,25853,100,0,100,10,100.0,0.0,100.0,0.0,100.0,0.0,100.0,0.0,100.0,0.0,78.0,22.0,100.0,0.0,100.0,0.0,77.0,47117.0,22,22,100,0,100,0,200,0,100.0,25504.0,100.0,50895051128.0,100.0,102444376293.0
2018-06-30,S300Z66L,ST4000DM000,4000787030016,0,116,107457248,92,0,100,10,100,0,86,406706991,71,25877,100,0,100,10,100.0,0.0,100.0,0.0,100.0,0.0,100.0,0.0,100.0,0.0,78.0,22.0,100.0,0.0,100.0,0.0,77.0,47117.0,22,22,100,0,100,0,200,0,100.0,25528.0,100.0,50897243472.0,100.0,102586522466.0
2018-07-01,S300Z66L,ST4000DM000,4000787030016,0,117,147714872,92,0,100,10,100,0,86,408605239,71,25901,100,0,100,10,100.0,0.0,100.0,0.0,100.0,0.0,100.0,0.0,100.0,0.0,78.0,22.0,100.0,0.0,100.0,0.0,77.0,47118.0,22,22,100,0,100,0,200,0,100.0,25552.0,100.0,50902933160.0,100.0,102759787757.0
2018-07-02,S300Z66L,ST4000DM000,4000787030016,0,112,50030736,92,0,100,10,100,0,86,411644684,71,25925,100,0,100,10,100.0,0.0,100.0,0.0,100.0,0.0,100.0,0.0,100.0,0.0,78.0,22.0,100.0,0.0,100.0,0.0,77.0,47118.0,22,22,100,0,100,0,200,0,100.0,25576.0,100.0,50909893840.0,100.0,102949833007.0
2018-07-03,S300Z66L,ST4000DM000,4000787030016,0,113,58469568,92,0,100,10,100,0,86,413053466,71,25949,100,0,100,10,100.0,0.0,100.0,0.0,100.0,0.0,100.0,0.0,100.0,0.0,78.0,22.0,100.0,0.0,100.0,0.0,77.0,47118.0,22,22,100,0,100,0,200,0,100.0,25601.0,100.0,50913734848.0,100.0,103098656095.0
2018-07-04,S300Z66L,ST4000DM000,4000787030016,0,118,176100728,92,0,100,10,100,0,86,414473780,71,25973,100,0,100,10,100.0,0.0,100.0,0.0,100.0,0.0,100.0,0.0,100.0,0.0,78.0,22.0,100.0,0.0,100.0,0.0,77.0,47118.0,22,22,100,0,100,0,200,0,100.0,25624.0,100.0,50917436568.0,100.0,103237085756.0
2018-07-05,S300Z66L,ST4000DM000,4000787030016,0,118,170229792,92,0,100,10,100,0,86,416326575,71,25997,100,0,100,10,100.0,0.0,100.0,0.0,100.0,0.0,100.0,0.0,100.0,0.0,78.0,22.0,100.0,0.0,100.0,0.0,77.0,47118.0,22,22,100,0,100,0,200,0,100.0,25648.0,100.0,50923173040.0,100.0,103433699189.0
2018-07-06,S300Z66L,ST4000DM000,4000787030016,0,117,142501296,92,0,100,10,100,0,86,418559336,71,26021,100,0,100,10,100.0,0.0,100.0,0.0,100.0,0.0,100.0,0.0,100.0,0.0,78.0,22.0,100.0,0.0,100.0,0.0,77.0,47144.0,22,22,100,0,100,0,200,0,100.0,25672.0,100.0,50927476936.0,100.0,103567430666.0
2018-07-07,S300Z66L,ST4000DM000,4000787030016,0,119,218400344,92,0,100,10,100,0,86,419519020,71,26045,100,0,100,10,100.0,0.0,100.0,0.0,100.0,0.0,100.0,0.0,100.0,0.0,78.0,22.0,100.0,0.0,100.0,0.0,77.0,47144.0,22,22,100,0,100,0,200,0,100.0,25696.0,100.0,50929788656.0,100.0,103730656092.0
2018-07-08,S300Z66L,ST4000DM000,4000787030016,0,114,82738992,92,0,100,10,100,0,86,421133399,71,26069,100,0,100,10,100.0,0.0,100.0,0.0,100.0,0.0,100.0,0.0,100.0,0.0,78.0,22.0,100.0,0.0,100.0,0.0,77.0,47144.0,22,22,100,0,100,0,200,0,100.0,25720.0,100.0,50934860776.0,100.0,103892412200.0
2018-07-09,S300Z66L,ST4000DM000,4000787030016,0,119,209423512,92,0,100,10,100,0,86,422759566,71,26093,100,0,100,10,100.0,0.0,100.0,0.0,100.0,0.0,100.0,0.0,100.0,0.0,78.0,22.0,100.0,0.0,100.0,0.0,77.0,47144.0,22,22,100,0,100,0,200,0,100.0,25744.0,100.0,50939990640.0,100.0,104055164195.0
2018-07-10,S300Z66L,ST4000DM000,4000787030016,0,118.0,192761576.0,92.0,0.0,100.0,10.0,100.0,0.0,86.0,423931956.0,71.0,26117.0,100.0,0.0,100.0,10.0,100.0,0.0,100.0,0.0,100.0,0.0,100.0,0.0,100.0,0.0,78.0,22.0,100.0,0.0,100.0,0.0,77.0,47144.0,22.0,22.0,100.0,0.0,100.0,0.0,200.0,0.0,100.0,25768.0,100.0,50943107728.0,100.0,104188357000.0
2018-07-11,S300Z66L,ST4000DM000,4000787030016,0,115,90144256,92,0,100,10,100,0,86,425025905,71,26141,100,0,100,10,100.0,0.0,100.0,0.0,100.0,0.0,100.0,0.0,100.0,0.0,78.0,22.0,100.0,0.0,100.0,0.0,77.0,47145.0,22,22,100,0,100,0,200,0,100.0,25792.0,100.0,50945890624.0,100.0,104351240911.0
2018-07-12,S300Z66L,ST4000DM000,4000787030016,0,114,76263408,92,0,100,10,100,0,86,426935085,71,26164,100,0,100,10,100.0,0.0,100.0,0.0,100.0,0.0,100.0,0.0,100.0,0.0,78.0,22.0,100.0,0.0,100.0,0.0,77.0,47147.0,22,22,100,0,100,0,200,0,100.0,25815.0,100.0,50949083984.0,100.0,104523154297.0
2018-07-13,S300Z66L,ST4000DM000,4000787030016,0,118,183771408,92,0,100,10,100,0,86,429880503,71,26188,100,0,100,10,100.0,0.0,100.0,0.0,100.0,0.0,100.0,0.0,100.0,0.0,78.0,22.0,100.0,0.0,100.0,0.0,77.0,47176.0,22,22,100,0,100,0,200,0,100.0,25839.0,100.0,50955728440.0,100.0,104689389659.0
2018-07-14,S300Z66L,ST4000DM000,4000787030016,0,115,97993808,92,0,100,10,100,0,86,431449938,71,26213,100,0,100,10,100.0,0.0,100.0,0.0,100.0,0.0,100.0,0.0,100.0,0.0,78.0,22.0,100.0,0.0,100.0,0.0,77.0,47176.0,22,22,100,0,100,0,200,0,100.0,25864.0,100.0,50960661888.0,100.0,104893740378.0
2018-07-15,S300Z66L,ST4000DM000,4000787030016,0,120,244067712,92,0,100,10,100,0,86,432581431,71,26237,100,0,100,10,100.0,0.0,100.0,0.0,100.0,0.0,100.0,0.0,100.0,0.0,78.0,22.0,100.0,0.0,100.0,0.0,77.0,47176.0,22,22,100,0,100,0,200,0,100.0,25888.0,100.0,50962611272.0,100.0,105034703119.0
2018-07-16,S300Z66L,ST4000DM000,4000787030016,0,115,87429704,92,0,100,10,100,0,86,434670217,71,26260,100,0,100,10,100.0,0.0,100.0,0.0,100.0,0.0,100.0,0.0,100.0,0.0,78.0,22.0,100.0,0.0,100.0,0.0,77.0,47176.0,22,22,100,0,100,0,200,0,100.0,25911.0,100.0,50967445200.0,100.0,105199600562.0
2018-07-17,S300Z66L,ST4000DM000,4000787030016,0,117,145633168,92,0,100,10,100,0,86,436095230,70,26285,100,0,100,10,100.0,0.0,100.0,0.0,100.0,0.0,100.0,0.0,100.0,0.0,78.0,22.0,100.0,0.0,100.0,0.0,77.0,47176.0,22,22,100,0,100,0,200,0,100.0,25936.0,100.0,50970340976.0,100.0,105356322236.0
2018-07-18,S300Z66L,ST4000DM000,4000787030016,0,114,77131624,92,0,100,10,100,0,86,438225820,70,26309,100,0,100,10,100.0,0.0,100.0,0.0,100.0,0.0,100.0,0.0,100.0,0.0,78.0,22.0,100.0,0.0,100.0,0.0,77.0,47176.0,22,22,100,0,100,0,200,0,100.0,25960.0,100.0,50974417408.0,100.0,105516395015.0
2018-07-19,S300Z66L,ST4000DM000,4000787030016,0,117,118129776,92,0,100,10,100,0,86,439103653,70,26333,100,0,100,10,100.0,0.0,100.0,0.0,100.0,0.0,100.0,0.0,100.0,0.0,78.0,22.0,100.0,0.0,100.0,0.0,77.0,47176.0,22,22,100,0,100,0,200,0,100.0,25983.0,100.0,50976047968.0,100.0,105666354472.0
2018-07-20,S300Z66L,ST4000DM000,4000787030016,0,118,186652944,92,0,100,10,100,0,86,440679414,70,26356,100,0,100,10,100.0,0.0,100.0,0.0,100.0,0.0,100.0,0.0,100.0,0.0,78.0,22.0,100.0,0.0,100.0,0.0,77.0,47195.0,22,22,100,0,100,0,200,0,100.0,26007.0,100.0,50981525072.0,100.0,105803283767.0
2018-07-21,S300Z66L,ST4000DM000,4000787030016,0,106,10747552,92,0,100,10,100,0,86,442151137,70,26380,100,0,100,10,100.0,0.0,100.0,0.0,100.0,0.0,100.0,0.0,100.0,0.0,78.0,22.0,100.0,0.0,100.0,0.0,77.0,47195.0,22,22,100,0,100,0,200,0,100.0,26031.0,100.0,50982982168.0,100.0,105951940811.0
2018-07-22,S300Z66L,ST4000DM000,4000787030016,0,118,178070896,92,0,100,10,100,0,86,442943911,70,26405,100,0,100,10,100.0,0.0,100.0,0.0,100.0,0.0,100.0,0.0,100.0,0.0,78.0,22.0,100.0,0.0,100.0,0.0,77.0,47195.0,22,22,100,0,100,0,200,0,100.0,26056.0,100.0,50984474248.0,100.0,106121467468.0
2018-07-23,S300Z66L,ST4000DM000,4000787030016,0,116,111869360,92,0,100,10,100,0,86,445314005,70,26429,100,0,100,10,100.0,0.0,100.0,0.0,100.0,0.0,100.0,0.0,100.0,0.0,78.0,22.0,100.0,0.0,100.0,0.0,77.0,47195.0,22,22,100,0,100,0,200,0,100.0,26080.0,100.0,50990817552.0,100.0,106267518843.0
2018-07-24,S300Z66L,ST4000DM000,4000787030016,0,113,51767784,92,0,100,10,100,0,86,446207180,70,26453,100,0,100,10,100.0,0.0,100.0,0.0,100.0,0.0,100.0,0.0,100.0,0.0,78.0,22.0,100.0,0.0,100.0,0.0,77.0,47195.0,22,22,100,0,100,0,200,0,100.0,26103.0,100.0,50994373544.0,100.0,106425518717.0
2018-07-25,S300Z66L,ST4000DM000,4000787030016,0,113.0,53697296.0,92.0,0.0,100.0,10.0,100.0,0.0,86.0,447871407.0,70.0,26476.0,100.0,0.0,100.0,10.0,100.0,0.0,100.0,0.0,100.0,0.0,100.0,0.0,100.0,0.0,78.0,22.0,100.0,0.0,100.0,0.0,77.0,47195.0,22.0,22.0,100.0,0.0,100.0,0.0,200.0,0.0,100.0,26127.0,100.0,50998714392.0,100.0,106625410279.0
2018-07-26,S300Z66L,ST4000DM000,4000787030016,0,119,226174264,92,0,100,10,100,0,86,448250865,70,26497,100,0,100,10,100.0,0.0,100.0,0.0,100.0,0.0,100.0,0.0,100.0,0.0,78.0,22.0,100.0,0.0,100.0,0.0,77.0,47195.0,22,22,100,0,100,0,200,0,100.0,26148.0,100.0,51000726080.0,100.0,106768626901.0
2018-07-27,S300Z66L,ST4000DM000,4000787030016,0,117,156970752,92,0,100,11,100,0,86,450294168,70,26526,100,0,100,11,100.0,0.0,100.0,0.0,100.0,0.0,100.0,0.0,100.0,0.0,78.0,22.0,100.0,0.0,100.0,0.0,77.0,47233.0,22,22,100,0,100,0,200,0,100.0,26177.0,100.0,51005764304.0,100.0,106984583452.0
2018-07-28,S300Z66L,ST4000DM000,4000787030016,0,120,815352,92,0,100,11,100,0,86,450678216,70,26550,100,0,100,11,100.0,0.0,100.0,0.0,100.0,0.0,100.0,0.0,100.0,0.0,78.0,22.0,100.0,0.0,100.0,0.0,77.0,47234.0,22,22,100,0,100,0,200,0,100.0,26201.0,100.0,51007907928.0,100.0,107155247876.0
2018-07-29,S300Z66L,ST4000DM000,4000787030016,0,118,170970656,92,0,100,11,100,0,86,451956436,70,26574,100,0,100,11,100.0,0.0,100.0,0.0,100.0,0.0,100.0,0.0,100.0,0.0,78.0,22.0,100.0,0.0,100.0,0.0,77.0,47234.0,22,22,100,0,100,0,200,0,100.0,26224.0,100.0,51013069136.0,100.0,107340323924.0
2018-07-30,S300Z66L,ST4000DM000,4000787030016,0,104,6517776,92,0,100,11,100,0,86,452402163,70,26599,100,0,100,11,100.0,0.0,100.0,0.0,100.0,0.0,100.0,0.0,100.0,0.0,78.0,22.0,100.0,0.0,100.0,0.0,77.0,47234.0,22,22,100,0,100,0,200,0,100.0,26249.0,100.0,51015203192.0,100.0,107518179411.0
2018-07-31,S300Z66L,ST4000DM000,4000787030016,0,111,41525160,92,0,100,11,100,0,86,455456759,70,26622,100,0,100,11,100.0,0.0,100.0,0.0,100.0,0.0,100.0,0.0,100.0,0.0,78.0,22.0,100.0,0.0,100.0,0.0,77.0,47234.0,22,22,100,0,100,0,200,0,100.0,26272.0,100.0,51022128816.0,100.0,107734595279.0
2018-08-01,S300Z66L,ST4000DM000,4000787030016,0,114,65667416,92,0,100,11,100,0,86,456290184,70,26646,100,0,100,11,100.0,0.0,100.0,0.0,100.0,0.0,100.0,0.0,100.0,0.0,78.0,22.0,100.0,0.0,100.0,0.0,77.0,47234.0,22,22,100,0,100,0,200,0,100.0,26297.0,100.0,51024310768.0,100.0,107906314546.0
2018-08-02,S300Z66L,ST4000DM000,4000787030016,0,119,210019328,92,0,100,11,100,0,86,457920113,70,26670,100,0,100,11,100.0,0.0,100.0,0.0,100.0,0.0,100.0,0.0,100.0,0.0,78.0,22.0,100.0,0.0,100.0,0.0,77.0,47234.0,22,22,100,0,100,0,200,0,100.0,26320.0,100.0,51029219424.0,100.0,108081929547.0
2018-08-03,S300Z66L,ST4000DM000,4000787030016,0,116,115318696,92,0,100,11,100,0,86,459119266,70,26694,100,0,100,11,100.0,0.0,100.0,0.0,100.0,0.0,100.0,0.0,100.0,0.0,78.0,22.0,100.0,0.0,100.0,0.0,77.0,47285.0,22,22,100,0,100,0,200,0,100.0,26344.0,100.0,51030343096.0,100.0,108191239057.0
2018-08-04,S300Z66L,ST4000DM000,4000787030016,0,113,55538720,92,0,100,11,100,0,86,459956575,70,26718,100,0,100,11,100.0,0.0,100.0,0.0,100.0,0.0,100.0,0.0,100.0,0.0,78.0,22.0,100.0,0.0,100.0,0.0,77.0,47285.0,22,22,100,0,100,0,200,0,100.0,26368.0,100.0,51032118976.0,100.0,108347127152.0
2018-08-05,S300Z66L,ST4000DM000,4000787030016,0,120,236405304,92,0,100,11,100,0,86,461010622,70,26742,100,0,100,11,100.0,0.0,100.0,0.0,100.0,0.0,100.0,0.0,100.0,0.0,78.0,22.0,100.0,0.0,100.0,0.0,77.0,47286.0,22,22,100,0,100,0,200,0,100.0,26392.0,100.0,51033800000.0,100.0,108523521152.0
2018-08-06,S300Z66L,ST4000DM000,4000787030016,0,110,26791888,92,0,100,11,100,0,86,462480378,70,26766,100,0,100,11,100.0,0.0,100.0,0.0,100.0,0.0,100.0,0.0,100.0,0.0,78.0,22.0,100.0,0.0,100.0,0.0,77.0,47287.0,22,22,100,0,100,0,200,0,100.0,26416.0,100.0,51035274944.0,100.0,108685966057.0
2018-08-07,S300Z66L,ST4000DM000,4000787030016,0,105,8144176,92,0,100,11,100,0,86,464188046,70,26790,100,0,100,11,100.0,0.0,100.0,0.0,100.0,0.0,100.0,0.0,100.0,0.0,78.0,22.0,100.0,0.0,100.0,0.0,77.0,47287.0,22,22,100,0,100,0,200,0,100.0,26440.0,100.0,51038124704.0,100.0,108868749023.0
2018-08-08,S300Z66L,ST4000DM000,4000787030016,0,109,24231776,92,0,100,11,100,0,86,465112690,70,26814,100,0,100,11,100.0,0.0,100.0,0.0,100.0,0.0,100.0,0.0,100.0,0.0,78.0,22.0,100.0,0.0,100.0,0.0,77.0,47287.0,22,22,100,0,100,0,200,0,100.0,26464.0,100.0,51040999600.0,100.0,109001462923.0
2018-08-09,S300Z66L,ST4000DM000,4000787030016,0,119,221201256,92,0,100,11,100,0,86,465645754,70,26834,100,0,100,11,100.0,0.0,100.0,0.0,100.0,0.0,100.0,0.0,100.0,0.0,78.0,22.0,100.0,0.0,100.0,0.0,77.0,47292.0,22,22,100,0,100,0,200,0,100.0,26484.0,100.0,51042229224.0,100.0,109117422291.0
2018-08-10,S300Z66L,ST4000DM000,4000787030016,0,111,41208784,92,0,100,11,100,0,86,467810619,70,26857,100,0,100,11,100.0,0.0,100.0,0.0,100.0,0.0,100.0,0.0,100.0,0.0,78.0,22.0,100.0,0.0,100.0,0.0,77.0,47338.0,22,22,100,0,100,0,200,0,100.0,26508.0,100.0,51045971736.0,100.0,109269982159.0
2018-08-11,S300Z66L,ST4000DM000,4000787030016,0,111,34634312,92,0,100,11,100,0,87,469988487,70,26882,100,0,100,11,100.0,0.0,100.0,0.0,100.0,0.0,100.0,0.0,100.0,0.0,78.0,22.0,100.0,0.0,100.0,0.0,77.0,47338.0,22,22,100,0,100,0,200,0,100.0,26532.0,100.0,51048035776.0,100.0,109445867859.0
2018-08-12,S300Z66L,ST4000DM000,4000787030016,0,117,152284968,92,0,100,11,100,0,87,470810397,70,26906,100,0,100,11,100.0,0.0,100.0,0.0,100.0,0.0,100.0,0.0,100.0,0.0,78.0,22.0,100.0,0.0,100.0,0.0,77.0,47338.0,22,22,100,0,100,0,200,0,100.0,26556.0,100.0,51049793192.0,100.0,109592421661.0
2018-08-13,S300Z66L,ST4000DM000,4000787030016,0,107,13627384,92,0,100,11,100,0,87,471875210,70,26930,100,0,100,11,100.0,0.0,100.0,0.0,100.0,0.0,100.0,0.0,100.0,0.0,78.0,22.0,100.0,0.0,100.0,0.0,77.0,47338.0,22,22,100,0,100,0,200,0,100.0,26580.0,100.0,51051623104.0,100.0,109741774381.0
2018-08-14,S300Z66L,ST4000DM000,4000787030016,0,107.0,14229344.0,92.0,0.0,100.0,11.0,100.0,0.0,87.0,473507665.0,70.0,26954.0,100.0,0.0,100.0,11.0,100.0,0.0,100.0,0.0,100.0,0.0,100.0,0.0,100.0,0.0,78.0,22.0,100.0,0.0,100.0,0.0,77.0,47338.0,22.0,22.0,100.0,0.0,100.0,0.0,200.0,0.0,100.0,26604.0,100.0,51056041936.0,100.0,109901480805.0
2018-08-15,S300Z66L,ST4000DM000,4000787030016,0,119.0,211962472.0,92.0,0.0,100.0,11.0,100.0,0.0,87.0,475000636.0,70.0,26979.0,100.0,0.0,100.0,11.0,100.0,0.0,100.0,0.0,100.0,0.0,100.0,0.0,100.0,0.0,78.0,22.0,100.0,0.0,100.0,0.0,77.0,47341.0,22.0,22.0,100.0,0.0,100.0,0.0,200.0,0.0,100.0,26629.0,100.0,51057530472.0,100.0,110056082839.0
2018-08-16,S300Z66L,ST4000DM000,4000787030016,0,119,225850312,92,0,100,11,100,0,87,476625150,70,27002,100,0,100,11,100.0,0.0,100.0,0.0,100.0,0.0,100.0,0.0,100.0,0.0,78.0,22.0,100.0,0.0,100.0,0.0,77.0,47341.0,22,22,100,0,100,0,200,0,100.0,26652.0,100.0,51062056832.0,100.0,110219848436.0
2018-08-17,S300Z66L,ST4000DM000,4000787030016,0,112,43524312,92,0,100,11,100,0,87,477994001,70,27027,100,0,100,11,100.0,0.0,100.0,0.0,100.0,0.0,100.0,0.0,100.0,0.0,78.0,22.0,100.0,0.0,100.0,0.0,77.0,47370.0,22,22,100,0,100,0,200,0,100.0,26676.0,100.0,51063111208.0,100.0,110355010012.0
2018-08-18,S300Z66L,ST4000DM000,4000787030016,0,117,145790144,92,0,100,11,100,0,87,479602790,70,27050,100,0,100,11,100.0,0.0,100.0,0.0,100.0,0.0,100.0,0.0,100.0,0.0,78.0,22.0,100.0,0.0,100.0,0.0,77.0,47370.0,22,22,100,0,100,0,200,0,100.0,26700.0,100.0,51067458080.0,100.0,110517946076.0
2018-08-19,S300Z66L,ST4000DM000,4000787030016,0,104,7235976,92,0,100,11,100,0,87,480575495,70,27074,100,0,100,11,100.0,0.0,100.0,0.0,100.0,0.0,100.0,0.0,100.0,0.0,78.0,22.0,100.0,0.0,100.0,0.0,77.0,47370.0,22,22,100,0,100,0,200,0,100.0,26724.0,100.0,51069224288.0,100.0,110681563936.0
2018-08-20,S300Z66L,ST4000DM000,4000787030016,0,115,84126200,92,0,100,11,100,0,87,482107204,70,27099,100,0,100,11,100.0,0.0,100.0,0.0,100.0,0.0,100.0,0.0,100.0,0.0,78.0,22.0,100.0,0.0,100.0,0.0,77.0,47370.0,22,22,100,0,100,0,200,0,100.0,26748.0,100.0,51073573264.0,100.0,110837737883.0
2018-08-21,S300Z66L,ST4000DM000,4000787030016,0,117,150005504,92,0,100,11,100,0,87,482709335,70,27122,100,0,100,11,100.0,0.0,100.0,0.0,100.0,0.0,100.0,0.0,100.0,0.0,78.0,22.0,100.0,0.0,100.0,0.0,77.0,47370.0,22,22,100,0,100,0,200,0,100.0,26772.0,100.0,51074876056.0,100.0,110951855986.0
2018-08-22,S300Z66L,ST4000DM000,4000787030016,0,115,93219616,92,0,100,11,100,0,87,485042173,70,27146,100,0,100,11,100.0,0.0,100.0,0.0,100.0,0.0,100.0,0.0,100.0,0.0,78.0,22.0,100.0,0.0,100.0,0.0,77.0,47370.0,22,22,100,0,100,0,200,0,100.0,26796.0,100.0,51079259016.0,100.0,111106572329.0
2018-08-23,S300Z66L,ST4000DM000,4000787030016,0,118,175704968,92,0,100,11,100,0,87,488175378,69,27170,100,0,100,11,100.0,0.0,100.0,0.0,100.0,0.0,100.0,0.0,100.0,0.0,78.0,22.0,100.0,0.0,100.0,0.0,77.0,47370.0,22,22,100,0,100,0,200,0,100.0,26820.0,100.0,51085758704.0,100.0,111299676249.0
2018-08-24,S300Z66L,ST4000DM000,4000787030016,0,120,236233296,92,0,100,11,100,0,87,489625830,69,27195,100,0,100,11,100.0,0.0,100.0,0.0,100.0,0.0,100.0,0.0,100.0,0.0,78.0,22.0,100.0,0.0,100.0,0.0,77.0,47392.0,22,22,100,0,100,0,200,0,100.0,26845.0,100.0,51089717336.0,100.0,111427880346.0
2018-08-25,S300Z66L,ST4000DM000,4000787030016,0,111,39993880,92,0,100,11,100,0,87,491337469,69,27218,100,0,100,11,100.0,0.0,100.0,0.0,100.0,0.0,100.0,0.0,100.0,0.0,78.0,22.0,100.0,0.0,100.0,0.0,77.0,47392.0,22,22,100,0,100,0,200,0,100.0,26868.0,100.0,51091374032.0,100.0,111599568610.0
2018-08-26,S300Z66L,ST4000DM000,4000787030016,0,108,18671992,92,0,100,11,100,0,87,492772437,69,27242,100,0,100,11,100.0,0.0,100.0,0.0,100.0,0.0,100.0,0.0,100.0,0.0,78.0,22.0,100.0,0.0,100.0,0.0,77.0,47392.0,22,22,100,0,100,0,200,0,100.0,26892.0,100.0,51093845464.0,100.0,111777668414.0
2018-08-27,S300Z66L,ST4000DM000,4000787030016,0,119,222734800,92,0,100,11,100,0,87,494379500,69,27266,100,0,100,11,100.0,0.0,100.0,0.0,100.0,0.0,100.0,0.0,100.0,0.0,78.0,22.0,100.0,0.0,100.0,0.0,77.0,47392.0,22,22,100,0,100,0,200,0,100.0,26916.0,100.0,51097423112.0,100.0,111922627482.0
2018-08-28,S300Z66L,ST4000DM000,4000787030016,0,112,43228824,92,0,100,11,100,0,87,496463230,69,27290,100,0,100,11,100.0,0.0,100.0,0.0,100.0,0.0,100.0,0.0,100.0,0.0,78.0,22.0,100.0,0.0,100.0,0.0,77.0,47392.0,22,22,100,0,100,0,200,0,100.0,26940.0,100.0,51101937600.0,100.0,112098841114.0
2018-08-29,S300Z66L,ST4000DM000,4000787030016,0,110,28500456,92,0,100,11,100,0,87,498428547,69,27315,100,0,100,11,100.0,0.0,100.0,0.0,100.0,0.0,100.0,0.0,100.0,0.0,78.0,22.0,100.0,0.0,100.0,0.0,77.0,47396.0,22,22,100,0,100,0,200,0,100.0,26965.0,100.0,51103696624.0,100.0,112260594746.0
2018-08-30,S300Z66L,ST4000DM000,4000787030016,0,117,118650696,92,0,100,11,100,0,87,500128860,69,27339,100,0,100,11,100.0,0.0,100.0,0.0,100.0,0.0,100.0,0.0,100.0,0.0,78.0,22.0,100.0,0.0,100.0,0.0,77.0,47396.0,22,22,100,0,100,0,200,0,100.0,26988.0,100.0,51107119920.0,100.0,112400097127.0
2018-08-31,S300Z66L,ST4000DM000,4000787030016,0,111,34172560,92,0,100,11,100,0,87,502077431,69,27363,100,0,100,11,100.0,0.0,100.0,0.0,100.0,0.0,100.0,0.0,100.0,0.0,78.0,22.0,100.0,0.0,100.0,0.0,77.0,47416.0,22,22,100,0,100,0,200,0,100.0,27013.0,100.0,51111142272.0,100.0,112545759105.0
2018-09-01,S300Z66L,ST4000DM000,4000787030016,0,118,200980592,92,0,100,11,100,0,87,503767167,69,27387,100,0,100,11,100.0,0.0,100.0,0.0,100.0,0.0,100.0,0.0,100.0,0.0,78.0,22.0,100.0,0.0,100.0,0.0,77.0,47417.0,22,22,100,0,100,0,200,0,100.0,27037.0,100.0,51112784848.0,100.0,112709867217.0
2018-09-02,S300Z66L,ST4000DM000,4000787030016,0,114,82220776,92,0,100,11,100,0,87,504748833,69,27411,100,0,100,11,100.0,0.0,100.0,0.0,100.0,0.0,100.0,0.0,100.0,0.0,78.0,22.0,100.0,0.0,100.0,0.0,77.0,47417.0,22,22,100,0,100,0,200,0,100.0,27061.0,100.0,51114706040.0,100.0,112845087301.0
2018-09-03,S300Z66L,ST4000DM000,4000787030016,0,115,88482496,92,0,100,11,100,0,87,506075986,69,27435,100,0,100,11,100.0,0.0,100.0,0.0,100.0,0.0,100.0,0.0,100.0,0.0,78.0,22.0,100.0,0.0,100.0,0.0,77.0,47418.0,22,22,100,0,100,0,200,0,100.0,27085.0,100.0,51118166784.0,100.0,113018400494.0
2018-09-04,S300Z66L,ST4000DM000,4000787030016,0,108,18488456,92,0,100,11,100,0,87,507650835,69,27459,100,0,100,11,100.0,0.0,100.0,0.0,100.0,0.0,100.0,0.0,100.0,0.0,78.0,22.0,100.0,0.0,100.0,0.0,77.0,47418.0,22,22,100,0,100,0,200,0,100.0,27109.0,100.0,51122279800.0,100.0,113172596022.0
2018-09-05,S300Z66L,ST4000DM000,4000787030016,0,117,134741336,92,0,100,11,100,0,87,509649931,69,27483,100,0,100,11,100.0,0.0,100.0,0.0,100.0,0.0,100.0,0.0,100.0,0.0,78.0,22.0,100.0,0.0,100.0,0.0,77.0,47418.0,22,22,100,0,100,0,200,0,100.0,27133.0,100.0,51126848264.0,100.0,113349072626.0
2018-09-06,S300Z66L,ST4000DM000,4000787030016,0,116,104288072,92,0,100,11,100,0,87,512114998,69,27508,100,0,100,11,100.0,0.0,100.0,0.0,100.0,0.0,100.0,0.0,100.0,0.0,78.0,22.0,100.0,0.0,100.0,0.0,77.0,47419.0,22,22,100,0,100,0,200,0,100.0,27158.0,100.0,51131773736.0,100.0,113562794688.0
2018-09-07,S300Z66L,ST4000DM000,4000787030016,0,116,101747432,92,0,100,11,100,0,87,513992979,69,27532,100,0,100,11,100.0,0.0,100.0,0.0,100.0,0.0,100.0,0.0,100.0,0.0,78.0,22.0,100.0,0.0,100.0,0.0,77.0,47474.0,22,22,100,0,100,0,200,0,100.0,27182.0,100.0,51133969536.0,100.0,113721635029.0
2018-09-08,S300Z66L,ST4000DM000,4000787030016,0,116,111484336,92,0,100,11,100,0,87,514520795,69,27556,100,0,100,11,100.0,0.0,100.0,0.0,100.0,0.0,100.0,0.0,100.0,0.0,78.0,22.0,100.0,0.0,100.0,0.0,77.0,47474.0,22,22,100,0,100,0,200,0,100.0,27206.0,100.0,51136227800.0,100.0,113897469553.0
2018-09-09,S300Z66L,ST4000DM000,4000787030016,0,109,21221168,92,0,100,11,100,0,87,515816223,69,27580,100,0,100,11,100.0,0.0,100.0,0.0,100.0,0.0,100.0,0.0,100.0,0.0,78.0,22.0,100.0,0.0,100.0,0.0,77.0,47474.0,22,22,100,0,100,0,200,0,100.0,27230.0,100.0,51141293360.0,100.0,114082905445.0
2018-09-10,S300Z66L,ST4000DM000,4000787030016,0,114,73844240,92,0,100,11,100,0,87,517154345,69,27604,100,0,100,11,100.0,0.0,100.0,0.0,100.0,0.0,100.0,0.0,100.0,0.0,78.0,22.0,100.0,0.0,100.0,0.0,77.0,47474.0,22,22,100,0,100,0,200,0,100.0,27254.0,100.0,51146368792.0,100.0,114264373888.0
2018-09-11,S300Z66L,ST4000DM000,4000787030016,0,112,42459128,92,0,100,11,100,0,87,518194141,69,27628,100,0,100,11,100.0,0.0,100.0,0.0,100.0,0.0,100.0,0.0,100.0,0.0,78.0,22.0,100.0,0.0,100.0,0.0,77.0,47474.0,22,22,100,0,100,0,200,0,100.0,27278.0,100.0,51149069344.0,100.0,114417882075.0
2018-09-12,S300Z66L,ST4000DM000,4000787030016,0,115,89114024,92,0,100,11,100,0,87,520230064,69,27652,100,0,100,11,100.0,0.0,100.0,0.0,100.0,0.0,100.0,0.0,100.0,0.0,78.0,22.0,100.0,0.0,100.0,0.0,77.0,47474.0,22,22,100,0,100,0,200,0,100.0,27302.0,100.0,51153061736.0,100.0,114593692357.0
2018-09-13,S300Z66L,ST4000DM000,4000787030016,0,102,4169840,92,0,100,11,100,0,87,521488157,69,27672,100,0,100,11,100.0,0.0,100.0,0.0,100.0,0.0,100.0,0.0,100.0,0.0,79.0,21.0,100.0,0.0,100.0,0.0,77.0,47478.0,21,21,100,0,100,0,200,0,100.0,27322.0,100.0,51155951624.0,100.0,114742363331.0
2018-09-14,S300Z66L,ST4000DM000,4000787030016,0,117,132928040,92,0,100,11,100,0,87,523644544,69,27696,100,0,100,11,100.0,0.0,100.0,0.0,100.0,0.0,100.0,0.0,100.0,0.0,74.0,26.0,100.0,0.0,100.0,0.0,77.0,47550.0,26,26,100,0,100,0,200,0,100.0,27346.0,100.0,51158755600.0,100.0,114881016294.0
2018-09-15,S300Z66L,ST4000DM000,4000787030016,0,120,237387920,92,0,100,11,100,0,87,524833002,69,27721,100,0,100,11,100.0,0.0,100.0,0.0,100.0,0.0,100.0,0.0,100.0,0.0,74.0,26.0,100.0,0.0,100.0,0.0,77.0,47550.0,26,26,100,0,100,0,200,0,100.0,27370.0,100.0,51161058024.0,100.0,115047727206.0
2018-09-16,S300Z66L,ST4000DM000,4000787030016,0,118,189247720,92,0,100,11,100,0,87,527259465,69,27744,100,0,100,11,100.0,0.0,100.0,0.0,100.0,0.0,100.0,0.0,100.0,0.0,74.0,26.0,100.0,0.0,100.0,0.0,77.0,47550.0,26,26,100,0,100,0,200,0,100.0,27393.0,100.0,51168975688.0,100.0,115225257350.0
2018-09-17,S300Z66L,ST4000DM000,4000787030016,0,119,216617520,92,0,100,11,100,0,87,529485614,69,27769,100,0,100,11,100.0,0.0,100.0,0.0,100.0,0.0,100.0,0.0,100.0,0.0,74.0,26.0,100.0,0.0,100.0,0.0,77.0,47550.0,26,26,100,0,100,0,200,0,100.0,27418.0,100.0,51178099576.0,100.0,115424213546.0
2018-09-18,S300Z66L,ST4000DM000,4000787030016,0,117,137973280,92,0,100,11,100,0,87,530393617,69,27792,100,0,100,11,100.0,0.0,100.0,0.0,100.0,0.0,100.0,0.0,100.0,0.0,76.0,24.0,100.0,0.0,100.0,0.0,77.0,47550.0,24,24,100,0,100,0,200,0,100.0,27442.0,100.0,51185304312.0,100.0,115557544677.0
2018-09-19,S300Z66L,ST4000DM000,4000787030016,0,118,188381176,92,0,100,11,100,0,87,533023641,69,27816,100,0,100,11,100.0,0.0,100.0,0.0,100.0,0.0,100.0,0.0,100.0,0.0,76.0,24.0,100.0,0.0,100.0,0.0,77.0,47550.0,24,24,100,0,100,0,200,0,100.0,27466.0,100.0,51191163224.0,100.0,115736496887.0
2018-09-20,S300Z66L,ST4000DM000,4000787030016,0,117,132075232,92,0,100,11,100,0,87,536163829,69,27841,100,0,100,11,100.0,0.0,100.0,0.0,100.0,0.0,100.0,0.0,100.0,0.0,76.0,24.0,100.0,0.0,100.0,0.0,77.0,47550.0,24,24,100,0,100,0,200,0,100.0,27490.0,100.0,51198503000.0,100.0,115936660075.0
2018-09-21,S300Z66L,ST4000DM000,4000787030016,0,115,92448696,92,0,100,11,100,0,87,538017516,69,27864,100,0,100,11,100.0,0.0,100.0,0.0,100.0,0.0,100.0,0.0,100.0,0.0,76.0,24.0,100.0,0.0,100.0,0.0,77.0,47562.0,24,24,100,0,100,0,200,0,100.0,27514.0,100.0,51208305576.0,100.0,116058623989.0
2018-09-22,S300Z66L,ST4000DM000,4000787030016,0,118,174220224,92,0,100,11,100,0,87,539466650,69,27888,100,0,100,11,100.0,0.0,100.0,0.0,100.0,0.0,100.0,0.0,100.0,0.0,76.0,24.0,100.0,0.0,100.0,0.0,77.0,47562.0,24,24,100,0,100,0,200,0,100.0,27538.0,100.0,51212198784.0,100.0,116210216888.0
2018-09-23,S300Z66L,ST4000DM000,4000787030016,0,106,11555600,92,0,100,11,100,0,87,541513004,69,27913,100,0,100,11,100.0,0.0,100.0,0.0,100.0,0.0,100.0,0.0,100.0,0.0,76.0,24.0,100.0,0.0,100.0,0.0,77.0,47562.0,24,24,100,0,100,0,200,0,100.0,27562.0,100.0,51219097728.0,100.0,116380369258.0
2018-09-24,S300Z66L,ST4000DM000,4000787030016,0,115,91093272,92,0,100,11,100,0,87,543093187,69,27936,100,0,100,11,100.0,0.0,100.0,0.0,100.0,0.0,100.0,0.0,100.0,0.0,77.0,23.0,100.0,0.0,100.0,0.0,77.0,47562.0,23,23,100,0,100,0,200,0,100.0,27586.0,100.0,51225117328.0,100.0,116534043847.0
2018-09-25,S300Z66L,ST4000DM000,4000787030016,0,120,241757296,92,0,100,11,100,0,87,543913453,69,27961,100,0,100,11,100.0,0.0,100.0,0.0,100.0,0.0,100.0,0.0,100.0,0.0,76.0,24.0,100.0,0.0,100.0,0.0,77.0,47562.0,24,24,100,0,100,0,200,0,100.0,27610.0,100.0,51228566520.0,100.0,116676548948.0
2018-09-26,S300Z66L,ST4000DM000,4000787030016,0,117,162906464,92,0,100,11,100,0,87,545626671,69,27984,100,0,100,11,100.0,0.0,100.0,0.0,100.0,0.0,100.0,0.0,100.0,0.0,76.0,24.0,100.0,0.0,100.0,0.0,77.0,47562.0,24,24,100,0,100,0,200,0,100.0,27634.0,100.0,51236245688.0,100.0,116839866482.0
2018-09-27,S300Z66L,ST4000DM000,4000787030016,0,111,35788464,92,0,100,11,100,0,87,546546947,69,28009,100,0,100,11,100.0,0.0,100.0,0.0,100.0,0.0,100.0,0.0,100.0,0.0,77.0,23.0,100.0,0.0,100.0,0.0,77.0,47562.0,23,23,100,0,100,0,200,0,100.0,27658.0,100.0,51239094240.0,100.0,116996628184.0
2018-09-28,S300Z66L,ST4000DM000,4000787030016,0,117,167132376,92,0,100,11,100,0,87,547801464,69,28031,100,0,100,11,100.0,0.0,100.0,0.0,100.0,0.0,100.0,0.0,100.0,0.0,76.0,24.0,100.0,0.0,100.0,0.0,77.0,47580.0,24,24,100,0,100,0,200,0,100.0,27681.0,100.0,51241898688.0,100.0,117140861109.0
2018-09-29,S300Z66L,ST4000DM000,4000787030016,0,113,50585912,92,0,100,11,100,0,87,549157409,68,28056,100,0,100,11,100.0,0.0,100.0,0.0,100.0,0.0,100.0,0.0,100.0,0.0,76.0,24.0,100.0,0.0,100.0,0.0,77.0,47580.0,24,24,100,0,100,0,200,0,100.0,27705.0,100.0,51246207496.0,100.0,117298056434.0
2018-09-30,S300Z66L,ST4000DM000,4000787030016,0,117,136926424,92,0,100,11,100,0,87,550687291,68,28079,100,0,100,11,100.0,0.0,100.0,0.0,100.0,0.0,100.0,0.0,100.0,0.0,76.0,24.0,100.0,0.0,100.0,0.0,77.0,47580.0,24,24,100,0,100,0,200,0,100.0,27729.0,100.0,51251680200.0,100.0,117436006476.0
2018-10-01,S300Z66L,ST4000DM000,4000787030016,0,114,67954592,92,0,100,11,100,0,87,551374158,68,28104,100,0,100,11,100.0,0.0,100.0,0.0,100.0,0.0,100.0,0.0,100.0,0.0,76.0,24.0,100.0,0.0,100.0,0.0,77.0,47580.0,24,24,100,0,100,0,200,0,100.0,27753.0,100.0,51253581632.0,100.0,117574896564.0
2018-10-02,S300Z66L,ST4000DM000,4000787030016,0,111,29682328,92,0,100,11,100,0,87,552230428,68,28127,100,0,100,11,100.0,0.0,100.0,0.0,100.0,0.0,100.0,0.0,100.0,0.0,76.0,24.0,100.0,0.0,100.0,0.0,77.0,47580.0,24,24,100,0,100,0,200,0,100.0,27777.0,100.0,51255388384.0,100.0,117732724090.0
2018-10-03,S300Z66L,ST4000DM000,4000787030016,0,120,240493960,92,0,100,11,100,0,87,554089577,68,28151,100,0,100,11,100.0,0.0,100.0,0.0,100.0,0.0,100.0,0.0,100.0,0.0,76.0,24.0,100.0,0.0,100.0,0.0,77.0,47580.0,24,24,100,0,100,0,200,0,100.0,27801.0,100.0,51261610808.0,100.0,117915953409.0
2018-10-04,S300Z66L,ST4000DM000,4000787030016,0,119.0,219043968.0,92.0,0.0,100.0,11.0,100.0,0.0,87.0,556592051.0,68.0,28176.0,100.0,0.0,100.0,11.0,100.0,0.0,100.0,0.0,100.0,0.0,100.0,0.0,100.0,0.0,76.0,24.0,100.0,0.0,100.0,0.0,77.0,47580.0,24.0,24.0,100.0,0.0,100.0,0.0,200.0,0.0,100.0,27825.0,100.0,51269416984.0,100.0,118101679964.0
2018-10-05,S300Z66L,ST4000DM000,4000787030016,0,116,104079456,92,0,100,11,100,0,87,558538660,68,28199,100,0,100,11,100.0,0.0,100.0,0.0,100.0,0.0,100.0,0.0,100.0,0.0,76.0,24.0,100.0,0.0,100.0,0.0,77.0,47615.0,24,24,100,0,100,0,200,0,100.0,27849.0,100.0,51272658016.0,100.0,118225445459.0
2018-10-06,S300Z66L,ST4000DM000,4000787030016,0,110,28369856,92,0,100,11,100,0,87,560253897,68,28223,100,0,100,11,100.0,0.0,100.0,0.0,100.0,0.0,100.0,0.0,100.0,0.0,76.0,24.0,100.0,0.0,100.0,0.0,77.0,47616.0,24,24,100,0,100,0,200,0,100.0,27873.0,100.0,51276308248.0,100.0,118375704379.0
2018-10-07,S300Z66L,ST4000DM000,4000787030016,0,118,185013424,92,0,100,11,100,0,87,561188563,68,28247,100,0,100,11,100.0,0.0,100.0,0.0,100.0,0.0,100.0,0.0,100.0,0.0,76.0,24.0,100.0,0.0,100.0,0.0,77.0,47616.0,24,24,100,0,100,0,200,0,100.0,27897.0,100.0,51277826864.0,100.0,118527554298.0
2018-10-08,S300Z66L,ST4000DM000,4000787030016,0,116,103229832,92,0,100,11,100,0,87,562118060,68,28272,100,0,100,11,100.0,0.0,100.0,0.0,100.0,0.0,100.0,0.0,100.0,0.0,76.0,24.0,100.0,0.0,100.0,0.0,77.0,47616.0,24,24,100,0,100,0,200,0,100.0,27921.0,100.0,51280134144.0,100.0,118662447911.0
2018-10-09,S300Z66L,ST4000DM000,4000787030016,0,116.0,103719856.0,92.0,0.0,100.0,11.0,100.0,0.0,87.0,563034488.0,68.0,28296.0,100.0,0.0,100.0,11.0,100.0,0.0,100.0,0.0,100.0,0.0,100.0,0.0,100.0,0.0,76.0,24.0,100.0,0.0,100.0,0.0,77.0,47616.0,24.0,24.0,100.0,0.0,100.0,0.0,200.0,0.0,100.0,27945.0,100.0,51282381872.0,100.0,118812240859.0
2018-10-10,S300Z66L,ST4000DM000,4000787030016,0,117,141058024,92,0,100,11,100,0,87,564645970,68,28319,100,0,100,11,100.0,0.0,100.0,0.0,100.0,0.0,100.0,0.0,100.0,0.0,76.0,24.0,100.0,0.0,100.0,0.0,77.0,47616.0,24,24,100,0,100,0,200,0,100.0,27969.0,100.0,51287117192.0,100.0,118967217710.0
2018-10-11,S300Z66L,ST4000DM000,4000787030016,0,111,35880504,92,0,100,11,100,0,87,565384879,68,28343,100,0,100,11,100.0,0.0,100.0,0.0,100.0,0.0,100.0,0.0,100.0,0.0,76.0,24.0,100.0,0.0,100.0,0.0,77.0,47616.0,24,24,100,0,100,0,200,0,100.0,27993.0,100.0,51288688784.0,100.0,119113650011.0
2018-10-12,S300Z66L,ST4000DM000,4000787030016,0,117,135287880,92,0,100,11,100,0,87,567308928,68,28367,100,0,100,11,100.0,0.0,100.0,0.0,100.0,0.0,100.0,0.0,100.0,0.0,76.0,24.0,100.0,0.0,100.0,0.0,77.0,47625.0,24,24,100,0,100,0,200,0,100.0,28017.0,100.0,51293373128.0,100.0,119259977955.0
2018-10-13,S300Z66L,ST4000DM000,4000787030016,0,105,9384776,92,0,100,11,100,0,87,568067165,68,28392,100,0,100,11,100.0,0.0,100.0,0.0,100.0,0.0,100.0,0.0,100.0,0.0,77.0,23.0,100.0,0.0,100.0,0.0,77.0,47626.0,23,23,100,0,100,0,200,0,100.0,28041.0,100.0,51294990472.0,100.0,119378116427.0
2018-10-14,S300Z66L,ST4000DM000,4000787030016,0,117,148644048,92,0,100,11,100,0,87,568474240,68,28416,100,0,100,11,100.0,0.0,100.0,0.0,100.0,0.0,100.0,0.0,100.0,0.0,76.0,24.0,100.0,0.0,100.0,0.0,77.0,47648.0,24,24,100,0,100,0,200,0,100.0,28065.0,100.0,51297641184.0,100.0,119535538857.0
2018-10-15,S300Z66L,ST4000DM000,4000787030016,0,115,88262832,92,0,100,11,100,0,87,570300002,68,28440,100,0,100,11,100.0,0.0,100.0,0.0,100.0,0.0,100.0,0.0,100.0,0.0,76.0,24.0,100.0,0.0,100.0,0.0,77.0,47648.0,24,24,100,0,100,0,200,0,100.0,28089.0,100.0,51305703504.0,100.0,119727975056.0
2018-10-16,S300Z66L,ST4000DM000,4000787030016,0,112,48872840,92,0,100,11,100,0,87,572110479,68,28469,100,0,100,11,100.0,0.0,100.0,0.0,100.0,0.0,100.0,0.0,100.0,0.0,76.0,24.0,100.0,0.0,100.0,0.0,77.0,47649.0,24,24,100,0,100,0,200,0,100.0,28118.0,100.0,51311114832.0,100.0,119962801644.0
2018-10-17,S300Z66L,ST4000DM000,4000787030016,0,113,50590904,92,0,100,11,100,0,87,572937440,68,28493,100,0,100,11,100.0,0.0,100.0,0.0,100.0,0.0,100.0,0.0,100.0,0.0,77.0,23.0,100.0,0.0,100.0,0.0,77.0,47649.0,23,23,100,0,100,0,200,0,100.0,28142.0,100.0,51315478224.0,100.0,120129222991.0
2018-10-18,S300Z66L,ST4000DM000,4000787030016,0,115,87829472,92,0,100,11,100,0,87,574207403,68,28514,100,0,100,11,100.0,0.0,100.0,0.0,100.0,0.0,100.0,0.0,100.0,0.0,76.0,24.0,100.0,0.0,100.0,0.0,77.0,47649.0,24,24,100,0,100,0,200,0,100.0,28163.0,100.0,51320559640.0,100.0,120286890856.0
2018-10-19,S300Z66L,ST4000DM000,4000787030016,0,117,123689744,92,0,100,11,100,0,87,575569113,68,28539,100,0,100,11,100.0,0.0,100.0,0.0,100.0,0.0,100.0,0.0,100.0,0.0,76.0,24.0,100.0,0.0,100.0,0.0,77.0,47649.0,24,24,100,0,100,0,200,0,100.0,28188.0,100.0,51325540136.0,100.0,120411519819.0
2018-10-20,S300Z66L,ST4000DM000,4000787030016,0,113,57962016,92,0,100,11,100,0,87,577143038,68,28563,100,0,100,11,100.0,0.0,100.0,0.0,100.0,0.0,100.0,0.0,100.0,0.0,76.0,24.0,100.0,0.0,100.0,0.0,77.0,47649.0,24,24,100,0,100,0,200,0,100.0,28212.0,100.0,51330682264.0,100.0,120574058101.0
2018-10-21,S300Z66L,ST4000DM000,4000787030016,0,116,108754488,92,0,100,11,100,0,87,578024085,68,28586,100,0,100,11,100.0,0.0,100.0,0.0,100.0,0.0,100.0,0.0,100.0,0.0,76.0,24.0,100.0,0.0,100.0,0.0,77.0,47649.0,24,24,100,0,100,0,200,0,100.0,28236.0,100.0,51332819176.0,100.0,120734417672.0
2018-10-22,S300Z66L,ST4000DM000,4000787030016,0,116,105857192,92,0,100,11,100,0,87,579746236,68,28610,100,0,100,11,100.0,0.0,100.0,0.0,100.0,0.0,100.0,0.0,100.0,0.0,76.0,24.0,100.0,0.0,100.0,0.0,77.0,47649.0,24,24,100,0,100,0,200,0,100.0,28259.0,100.0,51337871320.0,100.0,120911627286.0
2018-10-23,S300Z66L,ST4000DM000,4000787030016,0,114,61229224,92,0,100,11,100,0,87,582547569,68,28634,100,0,100,11,100.0,0.0,100.0,0.0,100.0,0.0,100.0,0.0,100.0,0.0,76.0,24.0,100.0,0.0,100.0,0.0,77.0,47649.0,24,24,100,0,100,0,200,0,100.0,28284.0,100.0,51343555072.0,100.0,121090868951.0
2018-10-24,S300Z66L,ST4000DM000,4000787030016,0,120,242745104,92,0,100,11,100,0,87,584774096,68,28658,100,0,100,11,100.0,0.0,100.0,0.0,100.0,0.0,100.0,0.0,100.0,0.0,76.0,24.0,100.0,0.0,100,0,77.0,47649.0,24,24,100,0,100,0,200,0,100.0,28307.0,100.0,51346459184.0,100.0,121252789003.0
2018-10-25,S300Z66L,ST4000DM000,4000787030016,0,117,155417232,92,0,100,11,100,0,87,586336843,68,28683,100,0,100,11,100.0,0.0,100.0,0.0,100.0,0.0,100.0,0.0,100.0,0.0,76.0,24.0,100.0,0.0,100.0,0.0,77.0,47649.0,24,24,100,0,100,0,200,0,100.0,28333.0,100.0,51351292480.0,100.0,121409774529.0
2018-10-26,S300Z66L,ST4000DM000,4000787030016,0,111,35790904,92,0,100,11,100,0,87,588348463,68,28707,100,0,100,11,100.0,0.0,100.0,0.0,100.0,0.0,100.0,0.0,100.0,0.0,76.0,24.0,100.0,0.0,100.0,0.0,77.0,47649.0,24,24,100,0,100,0,200,0,100.0,28357.0,100.0,51355568032.0,100.0,121525233193.0
2018-10-27,S300Z66L,ST4000DM000,4000787030016,0,120,241004320,92,0,100,11,100,0,87,590174123,68,28731,100,0,100,11,100.0,0.0,100.0,0.0,100.0,0.0,100.0,0.0,100.0,0.0,76.0,24.0,100.0,0.0,100.0,0.0,77.0,47649.0,24,24,100,0,100,0,200,0,100.0,28381.0,100.0,51360440888.0,100.0,121739488320.0
2018-10-28,S300Z66L,ST4000DM000,4000787030016,0,104,7254080,92,0,100,11,100,0,87,590994538,68,28756,100,0,100,11,100.0,0.0,100.0,0.0,100.0,0.0,100.0,0.0,100.0,0.0,76.0,24.0,100.0,0.0,100.0,0.0,77.0,47649.0,24,24,100,0,100,0,200,0,100.0,28405.0,100.0,51361840696.0,100.0,121887352496.0
2018-10-29,S300Z66L,ST4000DM000,4000787030016,0,118,182844608,92,0,100,11,100,0,87,592646752,68,28779,100,0,100,11,100.0,0.0,100.0,0.0,100.0,0.0,100.0,0.0,100.0,0.0,76.0,24.0,100.0,0.0,100.0,0.0,77.0,47649.0,24,24,100,0,100,0,200,0,100.0,28429.0,100.0,51366874464.0,100.0,122038767247.0
2018-10-30,S300Z66L,ST4000DM000,4000787030016,0,117,163099600,92,0,100,11,100,0,87,594631750,68,28803,100,0,100,11,100.0,0.0,100.0,0.0,100.0,0.0,100.0,0.0,100.0,0.0,76.0,24.0,100.0,0.0,100.0,0.0,77.0,47649.0,24,24,100,0,100,0,200,0,100.0,28453.0,100.0,51374093480.0,100.0,122203072849.0
2018-10-31,S300Z66L,ST4000DM000,4000787030016,0,114,82969648,92.0,0.0,100.0,11.0,100.0,0.0,87.0,596311569.0,68,28827,100.0,0.0,100,11,100.0,0.0,100.0,0.0,100.0,0.0,100.0,0.0,100.0,0.0,76.0,24.0,100.0,0.0,100.0,0.0,77.0,47649.0,24,24,100.0,0.0,100.0,0.0,200.0,0.0,100.0,28476.0,100.0,51376536712.0,100.0,122355098238.0
2018-11-01,S300Z66L,ST4000DM000,4000787030016,0,111,37396696,92.0,0.0,100.0,11.0,100.0,0.0,87.0,597479654.0,68,28850,100.0,0.0,100,11,100.0,0.0,100.0,0.0,100.0,0.0,100.0,0.0,100.0,0.0,75.0,25.0,100.0,0.0,100.0,0.0,77.0,47649.0,25,25,100.0,0.0,100.0,0.0,200.0,0.0,100.0,28499.0,100.0,51381505312.0,100.0,122483552561.0
2018-11-02,S300Z66L,ST4000DM000,4000787030016,0,106,10671808,92.0,0.0,100.0,11.0,100.0,0.0,87.0,600214396.0,68,28873,100.0,0.0,100,11,100.0,0.0,100.0,0.0,100.0,0.0,100.0,0.0,100.0,0.0,75.0,25.0,100.0,0.0,100.0,0.0,77.0,47649.0,25,25,100.0,0.0,100.0,0.0,200.0,0.0,100.0,28523.0,100.0,51385942416.0,100.0,122599146335.0
2018-11-03,S300Z66L,ST4000DM000,4000787030016,0,114,82721168,92.0,0.0,100.0,11.0,100.0,0.0,87.0,602225188.0,68,28897,100.0,0.0,100,11,100.0,0.0,100.0,0.0,100.0,0.0,100.0,0.0,100.0,0.0,76.0,24.0,100.0,0.0,100.0,0.0,77.0,47649.0,24,24,100.0,0.0,100.0,0.0,200.0,0.0,100.0,28547.0,100.0,51391811536.0,100.0,122775640672.0
2018-11-04,S300Z66L,ST4000DM000,4000787030016,0,103,5310768,92.0,0.0,100.0,11.0,100.0,0.0,87.0,603122287.0,67,28921,100.0,0.0,100,11,100.0,0.0,100.0,0.0,100.0,0.0,100.0,0.0,100.0,0.0,76.0,24.0,100.0,0.0,100.0,0.0,77.0,47649.0,24,24,100.0,0.0,100.0,0.0,200.0,0.0,100.0,28571.0,100.0,51394077896.0,100.0,122920740803.0
2018-11-05,S300Z66L,ST4000DM000,4000787030016,0,117,127637216,92.0,0.0,100.0,11.0,100.0,0.0,87.0,604734690.0,67,28945,100.0,0.0,100,11,100.0,0.0,100.0,0.0,100.0,0.0,100.0,0.0,100.0,0.0,76.0,24.0,100.0,0.0,100.0,0.0,77.0,47649.0,24,24,100.0,0.0,100.0,0.0,200.0,0.0,100.0,28595.0,100.0,51398774488.0,100.0,123082558068.0
2018-11-06,S300Z66L,ST4000DM000,4000787030016,0,118.0,190699656.0,92.0,0.0,100.0,11.0,100.0,0.0,87.0,606269102.0,67.0,28969.0,100.0,0.0,100.0,11.0,100.0,0.0,100.0,0.0,100.0,0.0,100.0,0.0,100.0,0.0,76.0,24.0,100.0,0.0,100.0,0.0,77.0,47649.0,24.0,24.0,100.0,0.0,100.0,0.0,200.0,0.0,100.0,28618.0,100.0,51403395128.0,100.0,123231692272.0
2018-11-07,S300Z66L,ST4000DM000,4000787030016,0,116.0,107269832.0,92.0,0.0,100.0,11.0,100.0,0.0,87.0,608465051.0,67.0,28993.0,100.0,0.0,100.0,11.0,100.0,0.0,100.0,0.0,100.0,0.0,100.0,0.0,100.0,0.0,76.0,24.0,100.0,0.0,100.0,0.0,77.0,47649.0,24.0,24.0,100.0,0.0,100.0,0.0,200.0,0.0,100.0,28643.0,100.0,51407875336.0,100.0,123387777284.0
2018-11-08,S300Z66L,ST4000DM000,4000787030016,0,110.0,27225528.0,92.0,0.0,100.0,11.0,100.0,0.0,87.0,609406019.0,67.0,29019.0,100.0,0.0,100.0,11.0,100.0,0.0,100.0,0.0,100.0,0.0,100.0,0.0,100.0,0.0,77.0,23.0,100.0,0.0,100.0,0.0,77.0,47649.0,23.0,23.0,100.0,0.0,100.0,0.0,200.0,0.0,100.0,28668.0,100.0,51410332048.0,100.0,123556949120.0
2018-11-09,S300Z66L,ST4000DM000,4000787030016,0,118,199837240,92.0,0.0,100.0,11.0,100.0,0.0,87.0,611819678.0,67,29043,100.0,0.0,100,11,100.0,0.0,100.0,0.0,100.0,0.0,100.0,0.0,100.0,0.0,77.0,23.0,100.0,0.0,100.0,0.0,77.0,47649.0,23,23,100.0,0.0,100.0,0.0,200.0,0.0,100.0,28692.0,100.0,51414438832.0,100.0,123702948709.0
2018-11-10,S300Z66L,ST4000DM000,4000787030016,0,115,93358328,92.0,0.0,100.0,11.0,100.0,0.0,87.0,613417028.0,67,29067,100.0,0.0,100,11,100.0,0.0,100.0,0.0,100.0,0.0,100.0,0.0,100.0,0.0,77.0,23.0,100.0,0.0,100.0,0.0,77.0,47649.0,23,23,100.0,0.0,100.0,0.0,200.0,0.0,100.0,28716.0,100.0,51417155512.0,100.0,123881441957.0
2018-11-11,S300Z66L,ST4000DM000,4000787030016,0,118,179147576,92.0,0.0,100.0,11.0,100.0,0.0,87.0,615273493.0,67,29091,100.0,0.0,100,11,100.0,0.0,100.0,0.0,100.0,0.0,100.0,0.0,100.0,0.0,77.0,23.0,100.0,0.0,100.0,0.0,77.0,47649.0,23,23,100.0,0.0,100.0,0.0,200.0,0.0,100.0,28740.0,100.0,51421729032.0,100.0,124038554839.0
2018-11-12,S300Z66L,ST4000DM000,4000787030016,0,111,40692952,92.0,0.0,100.0,11.0,100.0,0.0,87.0,616620448.0,67,29114,100.0,0.0,100,11,100.0,0.0,100.0,0.0,100.0,0.0,100.0,0.0,100.0,0.0,77.0,23.0,100.0,0.0,100.0,0.0,77.0,47649.0,23,23,100.0,0.0,100.0,0.0,200.0,0.0,100.0,28763.0,100.0,51424136544.0,100.0,124183195603.0
2018-11-13,S300Z66L,ST4000DM000,4000787030016,0,119,225819648,92.0,0.0,100.0,11.0,100.0,0.0,87.0,618472775.0,67,29139,100.0,0.0,100,11,100.0,0.0,100.0,0.0,100.0,0.0,100.0,0.0,100.0,0.0,77.0,23.0,100.0,0.0,100.0,0.0,77.0,47649.0,23,23,100.0,0.0,100.0,0.0,200.0,0.0,100.0,28788.0,100.0,51428759584.0,100.0,124357874238.0
2018-11-14,S300Z66L,ST4000DM000,4000787030016,0,119,222484960,92.0,0.0,100.0,11.0,100.0,0.0,87.0,620116659.0,67,29163,100.0,0.0,100,11,100.0,0.0,100.0,0.0,100.0,0.0,100.0,0.0,100.0,0.0,76.0,24.0,100.0,0.0,100.0,0.0,77.0,47649.0,24,24,100.0,0.0,100.0,0.0,200.0,0.0,100.0,28812.0,100.0,51434517744.0,100.0,124495666551.0
2018-11-15,S300Z66L,ST4000DM000,4000787030016,0,117,146836560,92.0,0.0,100.0,11.0,100.0,0.0,87.0,623185372.0,67,29187,100.0,0.0,100,11,100.0,0.0,100.0,0.0,100.0,0.0,100.0,0.0,100.0,0.0,76.0,24.0,100.0,0.0,100.0,0.0,77.0,47649.0,24,24,100.0,0.0,100.0,0.0,200.0,0.0,100.0,28836.0,100.0,51441806048.0,100.0,124673833856.0
2018-11-16,S300Z66L,ST4000DM000,4000787030016,0,114,82973096,92.0,0.0,100.0,11.0,100.0,0.0,87.0,624691769.0,67,29210,100.0,0.0,100,11,100.0,0.0,100.0,0.0,100.0,0.0,100.0,0.0,100.0,0.0,76.0,24.0,100.0,0.0,100.0,0.0,77.0,47649.0,24,24,100.0,0.0,100.0,0.0,200.0,0.0,100.0,28859.0,100.0,51447596264.0,100.0,124795166050.0
2018-11-17,S300Z66L,ST4000DM000,4000787030016,0,104.0,6613144.0,92.0,0.0,100.0,11.0,100.0,0.0,87.0,626331216.0,67.0,29235.0,100.0,0.0,100.0,11.0,100.0,0.0,100.0,0.0,100.0,0.0,100.0,0.0,100.0,0.0,76.0,24.0,100.0,0.0,100.0,0.0,77.0,47649.0,24.0,24.0,100.0,0.0,100.0,0.0,200.0,0.0,100.0,28884.0,100.0,51450025912.0,100.0,124966270728.0
2018-11-18,S300Z66L,ST4000DM000,4000787030016,0,112,44788456,92.0,0.0,100.0,11.0,100.0,0.0,87.0,627774836.0,67,29258,100.0,0.0,100,11,100.0,0.0,100.0,0.0,100.0,0.0,100.0,0.0,100.0,0.0,76.0,24.0,100.0,0.0,100.0,0.0,77.0,47649.0,24,24,100.0,0.0,100.0,0.0,200.0,0.0,100.0,28908.0,100.0,51453381424.0,100.0,125121555196.0
2018-11-19,S300Z66L,ST4000DM000,4000787030016,0,115,85350024,92.0,0.0,100.0,11.0,100.0,0.0,87.0,629244038.0,67,29283,100.0,0.0,100,11,100.0,0.0,100.0,0.0,100.0,0.0,100.0,0.0,100.0,0.0,76.0,24.0,100.0,0.0,100.0,0.0,77.0,47649.0,24,24,100.0,0.0,100.0,0.0,200.0,0.0,100.0,28932.0,100.0,51456809912.0,100.0,125279357626.0
2018-11-20,S300Z66L,ST4000DM000,4000787030016,0,120,2296280,92.0,0.0,100.0,11.0,100.0,0.0,87.0,630143827.0,67,29306,100.0,0.0,100,11,100.0,0.0,100.0,0.0,100.0,0.0,100.0,0.0,100.0,0.0,76.0,24.0,100.0,0.0,100.0,0.0,77.0,47649.0,24,24,100.0,0.0,100.0,0.0,200.0,0.0,100.0,28956.0,100.0,51460681680.0,100.0,125459471070.0
2018-11-21,S300Z66L,ST4000DM000,4000787030016,0,118,174026272,92.0,0.0,100.0,11.0,100.0,0.0,87.0,631698121.0,67,29331,100.0,0.0,100,11,100.0,0.0,100.0,0.0,100.0,0.0,100.0,0.0,100.0,0.0,76.0,24.0,100.0,0.0,100.0,0.0,77.0,47649.0,24,24,100.0,0.0,100.0,0.0,200.0,0.0,100.0,28980.0,100.0,51466099408.0,100.0,125667389780.0
2018-11-22,S300Z66L,ST4000DM000,4000787030016,0,114,61219592,92.0,0.0,100.0,11.0,100.0,0.0,87.0,632667754.0,67,29355,100.0,0.0,100,11,100.0,0.0,100.0,0.0,100.0,0.0,100.0,0.0,100.0,0.0,75.0,25.0,100.0,0.0,100.0,0.0,77.0,47649.0,25,25,100.0,0.0,100.0,0.0,200.0,0.0,100.0,29004.0,100.0,51468683224.0,100.0,125846981223.0
2018-11-23,S300Z66L,ST4000DM000,4000787030016,0,113,53848464,92.0,0.0,100.0,11.0,100.0,0.0,87.0,634526780.0,67,29378,100.0,0.0,100,11,100.0,0.0,100.0,0.0,100.0,0.0,100.0,0.0,100.0,0.0,76.0,24.0,100.0,0.0,100.0,0.0,77.0,47649.0,24,24,100.0,0.0,100.0,0.0,200.0,0.0,100.0,29028.0,100.0,51473615952.0,100.0,125992092032.0
2018-11-24,S300Z66L,ST4000DM000,4000787030016,0,116,110195272,92.0,0.0,100.0,11.0,100.0,0.0,87.0,635177414.0,67,29402,100.0,0.0,100,11,100.0,0.0,100.0,0.0,100.0,0.0,100.0,0.0,100.0,0.0,76.0,24.0,100.0,0.0,100.0,0.0,77.0,47649.0,24,24,100.0,0.0,100.0,0.0,200.0,0.0,100.0,29052.0,100.0,51476410592.0,100.0,126159234958.0
2018-11-25,S300Z66L,ST4000DM000,4000787030016,0,113,54797432,92.0,0.0,100.0,11.0,100.0,0.0,87.0,638055706.0,67,29427,100.0,0.0,100,11,100.0,0.0,100.0,0.0,100.0,0.0,100.0,0.0,100.0,0.0,76.0,24.0,100.0,0.0,100.0,0.0,77.0,47649.0,24,24,100.0,0.0,100.0,0.0,200.0,0.0,100.0,29076.0,100.0,51481540184.0,100.0,126343909748.0
2018-11-26,S300Z66L,ST4000DM000,4000787030016,0,119,224283768,92.0,0.0,100.0,11.0,100.0,0.0,87.0,639635047.0,67,29451,100.0,0.0,100,11,100.0,0.0,100.0,0.0,100.0,0.0,100.0,0.0,100.0,0.0,76.0,24.0,100.0,0.0,100.0,0.0,77.0,47649.0,24,24,100.0,0.0,100.0,0.0,200.0,0.0,100.0,29100.0,100.0,51487381496.0,100.0,126503784598.0
2018-11-27,S300Z66L,ST4000DM000,4000787030016,0,118,200749408,92.0,0.0,100.0,11.0,100.0,0.0,87.0,641275243.0,67,29475,100.0,0.0,100,11,100.0,0.0,100.0,0.0,100.0,0.0,100.0,0.0,100.0,0.0,76.0,24.0,100.0,0.0,100.0,0.0,77.0,47649.0,24,24,100.0,0.0,100.0,0.0,200.0,0.0,100.0,29124.0,100.0,51489427688.0,100.0,126687944943.0
2018-11-28,S300Z66L,ST4000DM000,4000787030016,0,119,216818632,92.0,0.0,100.0,11.0,100.0,0.0,87.0,644215797.0,67,29499,100.0,0.0,100,11,100.0,0.0,100.0,0.0,100.0,0.0,100.0,0.0,100.0,0.0,76.0,24.0,100.0,0.0,100.0,0.0,77.0,47649.0,24,24,100.0,0.0,100.0,0.0,200.0,0.0,100.0,29148.0,100.0,51493856712.0,100.0,126876180974.0
2018-11-29,S300Z66L,ST4000DM000,4000787030016,0,116,116829568,92.0,0.0,100.0,11.0,100.0,0.0,87.0,646412822.0,67,29523,100.0,0.0,100,11,100.0,0.0,100.0,0.0,100.0,0.0,100.0,0.0,100.0,0.0,78.0,22.0,100.0,0.0,100.0,0.0,77.0,47649.0,22,22,100.0,0.0,100.0,0.0,200.0,0.0,100.0,29172.0,100.0,51498954864.0,100.0,127071836309.0
2018-11-30,S300Z66L,ST4000DM000,4000787030016,0,117,140499160,92.0,0.0,100.0,11.0,100.0,0.0,87.0,648442490.0,67,29547,100.0,0.0,100,11,100.0,0.0,100.0,0.0,100.0,0.0,100.0,0.0,100.0,0.0,78.0,22.0,100.0,0.0,100.0,0.0,77.0,47649.0,22,22,100.0,0.0,100.0,0.0,200.0,0.0,100.0,29196.0,100.0,51503438712.0,100.0,127190680344.0
2018-12-01,S300Z66L,ST4000DM000,4000787030016,0,119,229695336,92.0,0.0,100.0,11.0,100.0,0.0,87.0,649090267.0,67,29571,100.0,0.0,100,11,100.0,0.0,100.0,0.0,100.0,0.0,100.0,0.0,100.0,0.0,78.0,22.0,100.0,0.0,100.0,0.0,77.0,47649.0,22,22,100.0,0.0,100.0,0.0,200.0,0.0,100.0,29220.0,100.0,51505056168.0,100.0,127334316697.0
2018-12-02,S300Z66L,ST4000DM000,4000787030016,0,119,218098656,92.0,0.0,100.0,11.0,100.0,0.0,87.0,650891751.0,67,29594,100.0,0.0,100,11,100.0,0.0,100.0,0.0,100.0,0.0,100.0,0.0,100.0,0.0,78.0,22.0,100.0,0.0,100.0,0.0,77.0,47649.0,22,22,100.0,0.0,100.0,0.0,200.0,0.0,100.0,29244.0,100.0,51510567304.0,100.0,127527127508.0
2018-12-03,S300Z66L,ST4000DM000,4000787030016,0,118,195007688,92.0,0.0,100.0,11.0,100.0,0.0,87.0,652570153.0,67,29619,100.0,0.0,100,11,100.0,0.0,100.0,0.0,100.0,0.0,100.0,0.0,100.0,0.0,78.0,22.0,100.0,0.0,100.0,0.0,77.0,47649.0,22,22,100.0,0.0,100.0,0.0,200.0,0.0,100.0,29268.0,100.0,51515670520.0,100.0,127690859242.0
2018-12-04,S300Z66L,ST4000DM000,4000787030016,0,117,142548128,92.0,0.0,100.0,11.0,100.0,0.0,87.0,654538479.0,67,29643,100.0,0.0,100,11,100.0,0.0,100.0,0.0,100.0,0.0,100.0,0.0,100.0,0.0,78.0,22.0,100.0,0.0,100.0,0.0,77.0,47649.0,22,22,100.0,0.0,100.0,0.0,200.0,0.0,100.0,29292.0,100.0,51519977496.0,100.0,127859690131.0
2018-12-05,S300Z66L,ST4000DM000,4000787030016,0,113.0,53031280.0,92.0,0.0,100.0,11.0,100.0,0.0,87.0,655974104.0,67.0,29666.0,100.0,0.0,100.0,11.0,100.0,0.0,100.0,0.0,100.0,0.0,100.0,0.0,100.0,0.0,78.0,22.0,100.0,0.0,100.0,0.0,77.0,47649.0,22.0,22.0,100.0,0.0,100.0,0.0,200.0,0.0,100.0,29315.0,100.0,51523860792.0,100.0,128011018371.0
2018-12-06,S300Z66L,ST4000DM000,4000787030016,0,113,51730280,92.0,0.0,100.0,11.0,100.0,0.0,87.0,657550537.0,67,29690,100.0,0.0,100,11,100.0,0.0,100.0,0.0,100.0,0.0,100.0,0.0,100.0,0.0,78.0,22.0,100.0,0.0,100.0,0.0,77.0,47649.0,22,22,100.0,0.0,100.0,0.0,200.0,0.0,100.0,29340.0,100.0,51528576080.0,100.0,128163540701.0
2018-12-07,S300Z66L,ST4000DM000,4000787030016,0,118,167781736,92.0,0.0,100.0,11.0,100.0,0.0,87.0,660176965.0,67,29715,100.0,0.0,100,11,100.0,0.0,100.0,0.0,100.0,0.0,100.0,0.0,100.0,0.0,78.0,22.0,100.0,0.0,100.0,0.0,77.0,47649.0,22,22,100.0,0.0,100.0,0.0,200.0,0.0,100.0,29364.0,100.0,51533193320.0,100.0,128299363978.0
2018-12-08,S300Z66L,ST4000DM000,4000787030016,0,111,36004288,92.0,0.0,100.0,11.0,100.0,0.0,87.0,661091566.0,67,29740,100.0,0.0,100,11,100.0,0.0,100.0,0.0,100.0,0.0,100.0,0.0,100.0,0.0,78.0,22.0,100.0,0.0,100.0,0.0,77.0,47649.0,22,22,100.0,0.0,100.0,0.0,200.0,0.0,100.0,29389.0,100.0,51535999120.0,100.0,128464155399.0
2018-12-09,S300Z66L,ST4000DM000,4000787030016,0,117,150920048,92.0,0.0,100.0,11.0,100.0,0.0,87.0,662804107.0,67,29763,100.0,0.0,100,11,100.0,0.0,100.0,0.0,100.0,0.0,100.0,0.0,100.0,0.0,79.0,21.0,100.0,0.0,100.0,0.0,77.0,47649.0,21,21,100.0,0.0,100.0,0.0,200.0,0.0,100.0,29413.0,100.0,51540856288.0,100.0,128631012186.0
2018-12-10,S300Z66L,ST4000DM000,4000787030016,0,117,152615120,92.0,0.0,100.0,11.0,100.0,0.0,87.0,663652591.0,66,29786,100.0,0.0,100,11,100.0,0.0,100.0,0.0,100.0,0.0,100.0,0.0,100.0,0.0,78.0,22.0,100.0,0.0,100.0,0.0,77.0,47649.0,22,22,100.0,0.0,100.0,0.0,200.0,0.0,100.0,29436.0,100.0,51542876808.0,100.0,128775984563.0
2018-12-11,S300Z66L,ST4000DM000,4000787030016,0,106,10843032,92.0,0.0,100.0,11.0,100.0,0.0,87.0,665079673.0,66,29811,100.0,0.0,100,11,100.0,0.0,100.0,0.0,100.0,0.0,100.0,0.0,100.0,0.0,78.0,22.0,100.0,0.0,100.0,0.0,77.0,47649.0,22,22,100.0,0.0,100.0,0.0,200.0,0.0,100.0,29460.0,100.0,51547929464.0,100.0,128918071831.0
2018-12-12,S300Z66L,ST4000DM000,4000787030016,0,119,233331088,92.0,0.0,100.0,11.0,100.0,0.0,87.0,666607584.0,66,29835,100.0,0.0,100,11,100.0,0.0,100.0,0.0,100.0,0.0,100.0,0.0,100.0,0.0,79.0,21.0,100.0,0.0,100.0,0.0,77.0,47649.0,21,21,100.0,0.0,100.0,0.0,200.0,0.0,100.0,29484.0,100.0,51552646456.0,100.0,129077509025.0
2018-12-13,S300Z66L,ST4000DM000,4000787030016,0,105,8896616,92.0,0.0,100.0,11.0,100.0,0.0,87.0,668349706.0,66,29859,100.0,0.0,100,11,100.0,0.0,100.0,0.0,100.0,0.0,100.0,0.0,100.0,0.0,77.0,23.0,100.0,0.0,100.0,0.0,77.0,47649.0,23,23,100.0,0.0,100.0,0.0,200.0,0.0,100.0,29508.0,100.0,51557854888.0,100.0,129256269447.0
2018-12-14,S300Z66L,ST4000DM000,4000787030016,0,113,57849136,92.0,0.0,100.0,11.0,100.0,0.0,87.0,670644528.0,66,29883,100.0,0.0,100,11,100.0,0.0,100.0,0.0,100.0,0.0,100.0,0.0,100.0,0.0,77.0,23.0,100.0,0.0,100.0,0.0,77.0,47649.0,23,23,100.0,0.0,100.0,0.0,200.0,0.0,100.0,29532.0,100.0,51562029168.0,100.0,129397283881.0
2018-12-15,S300Z66L,ST4000DM000,4000787030016,0,113,54561672,92.0,0.0,100.0,11.0,100.0,0.0,88.0,672464631.0,66,29908,100.0,0.0,100,11,100.0,0.0,100.0,0.0,100.0,0.0,100.0,0.0,100.0,0.0,77.0,23.0,100.0,0.0,100.0,0.0,77.0,47649.0,23,23,100.0,0.0,100.0,0.0,200.0,0.0,100.0,29557.0,100.0,51563855072.0,100.0,129585610627.0
2018-12-16,S300Z66L,ST4000DM000,4000787030016,0,114,78511296,92.0,0.0,100.0,11.0,100.0,0.0,88.0,673589443.0,66,29930,100.0,0.0,100,11,100.0,0.0,100.0,0.0,100.0,0.0,100.0,0.0,100.0,0.0,77.0,23.0,100.0,0.0,100.0,0.0,77.0,47649.0,23,23,100.0,0.0,100.0,0.0,200.0,0.0,100.0,29580.0,100.0,51566200896.0,100.0,129716002132.0
2018-12-17,S300Z66L,ST4000DM000,4000787030016,0,104,6814544,92.0,0.0,100.0,11.0,100.0,0.0,88.0,675673066.0,66,29956,100.0,0.0,100,11,100.0,0.0,100.0,0.0,100.0,0.0,100.0,0.0,100.0,0.0,77.0,23.0,100.0,0.0,100.0,0.0,77.0,47649.0,23,23,100.0,0.0,100.0,0.0,200.0,0.0,100.0,29605.0,100.0,51570707304.0,100.0,129894410387.0
2018-12-18,S300Z66L,ST4000DM000,4000787030016,0,112,44729144,92.0,0.0,100.0,11.0,100.0,0.0,88.0,678004750.0,66,29979,100.0,0.0,100,11,100.0,0.0,100.0,0.0,100.0,0.0,100.0,0.0,100.0,0.0,77.0,23.0,100.0,0.0,100.0,0.0,77.0,47649.0,23,23,100.0,0.0,100.0,0.0,200.0,0.0,100.0,29628.0,100.0,51576513864.0,100.0,130036890798.0
2018-12-19,S300Z66L,ST4000DM000,4000787030016,0,117,130168496,92.0,0.0,100.0,11.0,100.0,0.0,88.0,679238750.0,66,30003,100.0,0.0,100,11,100.0,0.0,100.0,0.0,100.0,0.0,100.0,0.0,100.0,0.0,77.0,23.0,100.0,0.0,100.0,0.0,77.0,47649.0,23,23,100.0,0.0,100.0,0.0,200.0,0.0,100.0,29652.0,100.0,51578574520.0,100.0,130166457347.0
2018-12-20,S300Z66L,ST4000DM000,4000787030016,0,113,56260168,92.0,0.0,100.0,11.0,100.0,0.0,88.0,680957329.0,66,30027,100.0,0.0,100,11,100.0,0.0,100.0,0.0,100.0,0.0,100.0,0.0,100.0,0.0,77.0,23.0,100.0,0.0,100.0,0.0,77.0,47649.0,23,23,100.0,0.0,100.0,0.0,200.0,0.0,100.0,29676.0,100.0,51583114928.0,100.0,130330281756.0
2018-12-21,S300Z66L,ST4000DM000,4000787030016,0,118,178673184,92.0,0.0,100.0,11.0,100.0,0.0,88.0,683017947.0,66,30051,100.0,0.0,100,11,100.0,0.0,100.0,0.0,100.0,0.0,100.0,0.0,100.0,0.0,77.0,23.0,100.0,0.0,100.0,0.0,77.0,47649.0,23,23,100.0,0.0,100.0,0.0,200.0,0.0,100.0,29700.0,100.0,51587355000.0,100.0,130459386184.0
2018-12-22,S300Z66L,ST4000DM000,4000787030016,0,114,83110656,92.0,0.0,100.0,11.0,100.0,0.0,88.0,683839172.0,66,30075,100.0,0.0,100,11,100.0,0.0,100.0,0.0,100.0,0.0,100.0,0.0,100.0,0.0,77.0,23.0,100.0,0.0,100.0,0.0,77.0,47649.0,23,23,100.0,0.0,100.0,0.0,200.0,0.0,100.0,29725.0,100.0,51588894112.0,100.0,130628236191.0
2018-12-23,S300Z66L,ST4000DM000,4000787030016,0,113,50777416,92.0,0.0,100.0,11.0,100.0,0.0,88.0,685234829.0,66,30098,100.0,0.0,100,11,100.0,0.0,100.0,0.0,100.0,0.0,100.0,0.0,100.0,0.0,77.0,23.0,100.0,0.0,100.0,0.0,77.0,47649.0,23,23,100.0,0.0,100.0,0.0,200.0,0.0,100.0,29748.0,100.0,51593039960.0,100.0,130769123146.0
2018-12-24,S300Z66L,ST4000DM000,4000787030016,0,117,122038504,92.0,0.0,100.0,11.0,100.0,0.0,88.0,686488347.0,66,30123,100.0,0.0,100,11,100.0,0.0,100.0,0.0,100.0,0.0,100.0,0.0,100.0,0.0,77.0,23.0,100.0,0.0,100.0,0.0,77.0,47649.0,23,23,100.0,0.0,100.0,0.0,200.0,0.0,100.0,29772.0,100.0,51598025240.0,100.0,130936498731.0
2018-12-25,S300Z66L,ST4000DM000,4000787030016,0,120,239610312,92.0,0.0,100.0,11.0,100.0,0.0,88.0,687020767.0,66,30146,100.0,0.0,100,11,100.0,0.0,100.0,0.0,100.0,0.0,100.0,0.0,100.0,0.0,77.0,23.0,100.0,0.0,100.0,0.0,77.0,47649.0,23,23,100.0,0.0,100.0,0.0,200.0,0.0,100.0,29795.0,100.0,51600793488.0,100.0,131117351008.0
2018-12-26,S300Z66L,ST4000DM000,4000787030016,0,106,11510248,92.0,0.0,100.0,11.0,100.0,0.0,88.0,688172666.0,66,30171,100.0,0.0,100,11,100.0,0.0,100.0,0.0,100.0,0.0,100.0,0.0,100.0,0.0,77.0,23.0,100.0,0.0,100.0,0.0,77.0,47649.0,23,23,100.0,0.0,100.0,0.0,200.0,0.0,100.0,29820.0,100.0,51606097776.0,100.0,131307833388.0
2018-12-27,S300Z66L,ST4000DM000,4000787030016,0,116,107774216,92.0,0.0,100.0,11.0,100.0,0.0,88.0,689431914.0,66,30195,100.0,0.0,100,11,100.0,0.0,100.0,0.0,100.0,0.0,100.0,0.0,100.0,0.0,77.0,23.0,100.0,0.0,100.0,0.0,77.0,47649.0,23,23,100.0,0.0,100.0,0.0,200.0,0.0,100.0,29844.0,100.0,51611344144.0,100.0,131493206346.0
2018-12-28,S300Z66L,ST4000DM000,4000787030016,0,114,65526288,92.0,0.0,100.0,11.0,100.0,0.0,88.0,690481186.0,66,30219,100.0,0.0,100,11,100.0,0.0,100.0,0.0,100.0,0.0,100.0,0.0,100.0,0.0,77.0,23.0,100.0,0.0,100.0,0.0,77.0,47649.0,23,23,100.0,0.0,100.0,0.0,200.0,0.0,100.0,29868.0,100.0,51616067072.0,100.0,131601578239.0
2018-12-29,S300Z66L,ST4000DM000,4000787030016,0,114,82474232,92.0,0.0,100.0,11.0,100.0,0.0,88.0,692934926.0,66,30243,100.0,0.0,100,11,100.0,0.0,100.0,0.0,100.0,0.0,100.0,0.0,100.0,0.0,77.0,23.0,100.0,0.0,100.0,0.0,77.0,47649.0,23,23,100.0,0.0,100.0,0.0,200.0,0.0,100.0,29892.0,100.0,51618800984.0,100.0,131780216417.0
2018-12-30,S300Z66L,ST4000DM000,4000787030016,0,119,214670304,92.0,0.0,100.0,11.0,100.0,0.0,88.0,693920096.0,66,30267,100.0,0.0,100,11,100.0,0.0,100.0,0.0,100.0,0.0,100.0,0.0,100.0,0.0,78.0,22.0,100.0,0.0,100.0,0.0,77.0,47649.0,22,22,100.0,0.0,100.0,0.0,200.0,0.0,100.0,29916.0,100.0,51623057008.0,100.0,131936449620.0
2018-12-31,S300Z66L,ST4000DM000,4000787030016,0,119,220507408,92.0,0.0,100.0,11.0,100.0,0.0,88.0,695421505.0,66,30291,100.0,0.0,100,11,100.0,0.0,100.0,0.0,100.0,0.0,100.0,0.0,100.0,0.0,78.0,22.0,100.0,0.0,100.0,0.0,77.0,47649.0,22,22,100.0,0.0,100.0,0.0,200.0,0.0,100.0,29941.0,100.0,51627523320.0,100.0,132102375516.0
