2018-01-01,W300C1GG,ST4000DM000,4000787030016,0,116,112512240,92,0,100,22,100,0,85,395157057,55,39749,100,0,100,22,100.0,0.0,100.0,0.0,100.0,0.0,100.0,0.0,95.0,5.0,68.0,32.0,100.0,0.0,100.0,8.0,78.0,44282.0,32,32,100,0,100,0,200,1,100.0,39559.0,100.0,29902534288.0,100.0,170658871783.0
2018-01-02,W300C1GG,ST4000DM000,4000787030016,0,117,120782112,92,0,100,22,100,0,85,395910898,55,39773,100,0,100,22,100.0,0.0,100.0,0.0,100.0,0.0,100.0,0.0,95.0,5.0,66.0,34.0,100.0,0.0,100.0,8.0,78.0,44282.0,34,34,100,0,100,0,200,1,100.0,39583.0,100.0,29904635540.0,100.0,170691200839.0
2018-01-03,W300C1GG,ST4000DM000,4000787030016,0,118,169289624,92,0,100,22,100,0,85,396691617,55,39797,100,0,100,22,100.0,0.0,100.0,0.0,100.0,0.0,100.0,0.0,95.0,5.0,67.0,33.0,100.0,0.0,100.0,8.0,78.0,44282.0,33,33,100,0,100,0,200,1,100.0,39606.0,100.0,29906899956.0,100.0,170726121732.0
2018-01-04,W300C1GG,ST4000DM000,4000787030016,0,119,210857560,92,0,100,22,100,0,85,397088643,55,39809,100,0,100,22,100.0,0.0,100.0,0.0,100.0,0.0,100.0,0.0,95.0,5.0,66.0,34.0,100.0,0.0,100.0,8.0,78.0,44282.0,34,34,100,0,100,0,200,1,100.0,39619.0,100.0,29907991502.0,100.0,170743192138.0
2018-01-05,W300C1GG,ST4000DM000,4000787030016,0,114.0,77875576.0,92.0,0.0,100.0,22.0,100.0,0.0,85.0,398265269.0,55.0,39845.0,100.0,0.0,100.0,22.0,100.0,0.0,100.0,0.0,100.0,0.0,100.0,0.0,95.0,5.0,66.0,34.0,100.0,0.0,100.0,8.0,78.0,44282.0,34.0,34.0,100.0,0.0,100.0,0.0,200.0,1.0,100.0,39655.0,100.0,29911293194.0,100.0,170800092393.0
2018-01-06,W300C1GG,ST4000DM000,4000787030016,0,116,108289672,92,0,100,22,100,0,85,399031429,55,39869,100,0,100,22,100.0,0.0,100.0,0.0,100.0,0.0,100.0,0.0,95.0,5.0,67.0,33.0,100.0,0.0,100.0,8.0,78.0,44282.0,33,33,100,0,100,0,200,1,100.0,39678.0,100.0,29913478786.0,100.0,170836001543.0
2018-01-07,W300C1GG,ST4000DM000,4000787030016,0,117,132330824,92,0,100,22,100,0,85,399793107,55,39893,100,0,100,22,100.0,0.0,100.0,0.0,100.0,0.0,100.0,0.0,95.0,5.0,67.0,33.0,100.0,0.0,100.0,8.0,78.0,44282.0,33,33,100,0,100,0,200,1,100.0,39703.0,100.0,29915624250.0,100.0,170871729825.0
2018-01-08,W300C1GG,ST4000DM000,4000787030016,0,117,147939720,92,0,100,22,100,0,85,400546947,55,39917,100,0,100,22,100.0,0.0,100.0,0.0,100.0,0.0,100.0,0.0,95.0,5.0,66.0,34.0,100.0,0.0,100.0,8.0,78.0,44282.0,34,34,100,0,100,0,200,1,100.0,39727.0,100.0,29917786622.0,100.0,170906432788.0
2018-01-09,W300C1GG,ST4000DM000,4000787030016,0,117,154208088,92,0,100,22,100,0,85,401297159,55,39941,100,0,100,22,100.0,0.0,100.0,0.0,100.0,0.0,100.0,0.0,95.0,5.0,66.0,34.0,100.0,0.0,100.0,8.0,78.0,44282.0,34,34,100,0,100,0,200,1,100.0,39750.0,100.0,29919902008.0,100.0,170936572527.0
2018-01-10,W300C1GG,ST4000DM000,4000787030016,0,111,40435288,92,0,100,22,100,0,85,402127117,55,39965,100,0,100,22,100.0,0.0,100.0,0.0,100.0,0.0,100.0,0.0,95.0,5.0,67.0,33.0,100.0,0.0,100.0,8.0,78.0,44282.0,33,33,100,0,100,0,200,1,100.0,39775.0,100.0,29922271010.0,100.0,170971982564.0
2018-01-11,W300C1GG,ST4000DM000,4000787030016,0,117,117791000,92,0,100,22,100,0,86,403218944,55,39991,100,0,100,22,100.0,0.0,100.0,0.0,100.0,0.0,100.0,0.0,95.0,5.0,67.0,33.0,100.0,0.0,100.0,8.0,78.0,44282.0,33,33,100,0,100,0,200,1,100.0,39800.0,100.0,29925255878.0,100.0,171009316955.0
2018-01-12,W300C1GG,ST4000DM000,4000787030016,0,118,187785936,92,0,100,22,100,0,86,404004222,55,40014,100,0,100,22,100.0,0.0,100.0,0.0,100.0,0.0,100.0,0.0,95.0,5.0,68.0,32.0,100.0,0.0,100.0,8.0,78.0,44282.0,32,32,100,0,100,0,200,1,100.0,39824.0,100.0,29927432110.0,100.0,171043804088.0
2018-01-13,W300C1GG,ST4000DM000,4000787030016,0,117.0,165079816.0,92.0,0.0,100.0,22.0,100,0,86.0,404543145.0,55,40031,100.0,0.0,100,22,100.0,0.0,100.0,0.0,100.0,0.0,100.0,0.0,95.0,5.0,67.0,33.0,100.0,0.0,100.0,8.0,78.0,44282.0,33.0,33.0,100.0,0.0,100.0,0.0,200,1,100.0,39841.0,100.0,29928999334.0,100.0,171067203225.0
2018-01-14,W300C1GG,ST4000DM000,4000787030016,0,115.0,93802784.0,92.0,0.0,100.0,22.0,100,0,86.0,405394741.0,55,40055,100.0,0.0,100,22,100.0,0.0,100.0,0.0,100.0,0.0,100.0,0.0,95.0,5.0,68.0,32.0,100.0,0.0,100.0,8.0,78.0,44282.0,32.0,32.0,100.0,0.0,100.0,0.0,200,1,100.0,39865.0,100.0,29931333266.0,100.0,171101948264.0
2018-01-15,W300C1GG,ST4000DM000,4000787030016,0,117.0,129013128.0,92.0,0.0,100.0,22.0,100,0,86.0,406167608.0,55,40079,100.0,0.0,100,22,100.0,0.0,100.0,0.0,100.0,0.0,100.0,0.0,95.0,5.0,68.0,32.0,100.0,0.0,100.0,8.0,78.0,44282.0,32.0,32.0,100.0,0.0,100.0,0.0,200,1,100.0,39889.0,100.0,29933487078.0,100.0,171133734840.0
2018-01-16,W300C1GG,ST4000DM000,4000787030016,0,118.0,168750272.0,92.0,0.0,100.0,22.0,100,0,86.0,406938156.0,55,40103,100.0,0.0,100,22,100.0,0.0,100.0,0.0,100.0,0.0,100.0,0.0,95.0,5.0,72.0,28.0,100.0,0.0,100.0,8.0,78.0,44282.0,28.0,28.0,100.0,0.0,100.0,0.0,200,1,100.0,39912.0,100.0,29935642304.0,100.0,171167841987.0
2018-01-17,W300C1GG,ST4000DM000,4000787030016,0,119.0,227463176.0,92.0,0.0,100.0,22.0,100,0,86.0,407731996.0,55,40127,100.0,0.0,100,22,100.0,0.0,100.0,0.0,100.0,0.0,100.0,0.0,95.0,5.0,71.0,29.0,100.0,0.0,100.0,8.0,78.0,44289.0,29.0,29.0,100.0,0.0,100.0,0.0,200,1,100.0,39937.0,100.0,29937857192.0,100.0,171202001117.0
2018-01-18,W300C1GG,ST4000DM000,4000787030016,0,119.0,204197512.0,92.0,0.0,100.0,22.0,100.0,0.0,86.0,408467263.0,55.0,40149.0,100.0,0.0,100.0,22.0,100.0,0.0,100.0,0.0,100.0,0.0,100.0,0.0,95.0,5.0,70.0,30.0,100.0,0.0,100.0,8.0,78.0,44289.0,30.0,30.0,100.0,0.0,100.0,0.0,200.0,1.0,100.0,39959.0,100.0,29940385084.0,100.0,171233208238.0
2018-01-19,W300C1GG,ST4000DM000,4000787030016,0,118.0,178426776.0,92.0,0.0,100.0,22.0,100.0,0.0,86.0,409501445.0,55.0,40174.0,100.0,0.0,100.0,22.0,100.0,0.0,100.0,0.0,100.0,0.0,100.0,0.0,95.0,5.0,70.0,30.0,100.0,0.0,100.0,8.0,78.0,44309.0,30.0,30.0,100.0,0.0,100.0,0.0,200.0,1.0,100.0,39984.0,100.0,29943298238.0,100.0,171275936185.0
2018-01-20,W300C1GG,ST4000DM000,4000787030016,0,114.0,69021456.0,92.0,0.0,100.0,22.0,100,0,86.0,410324415.0,55,40198,100.0,0.0,100,22,100.0,0.0,100.0,0.0,100.0,0.0,100.0,0.0,95.0,5.0,72.0,28.0,100.0,0.0,100.0,8.0,78.0,44309.0,28.0,28.0,100.0,0.0,100.0,0.0,200,1,100.0,40008.0,100.0,29945575872.0,100.0,171310876931.0
2018-01-21,W300C1GG,ST4000DM000,4000787030016,0,117.0,122397216.0,92.0,0.0,100.0,22.0,100,0,86.0,411112367.0,55,40222,100.0,0.0,100,22,100.0,0.0,100.0,0.0,100.0,0.0,100.0,0.0,95.0,5.0,70.0,30.0,100.0,0.0,100.0,8.0,78.0,44309.0,30.0,30.0,100.0,0.0,100.0,0.0,200,1,100.0,40031.0,100.0,29948110976.0,100.0,171344199853.0
2018-01-22,W300C1GG,ST4000DM000,4000787030016,0,119.0,226505376.0,92.0,0.0,100.0,22.0,100,0,86.0,411933275.0,55,40246,100.0,0.0,100,22,100.0,0.0,100.0,0.0,100.0,0.0,100.0,0.0,95.0,5.0,71.0,29.0,100.0,0.0,100.0,8.0,78.0,44309.0,29.0,29.0,100.0,0.0,100.0,0.0,200,1,100.0,40056.0,100.0,29950441738.0,100.0,171378778918.0
2018-01-23,W300C1GG,ST4000DM000,4000787030016,0,116.0,105970624.0,92.0,0.0,100.0,22.0,100,0,86.0,412766327.0,55,40270,100.0,0.0,100,22,100.0,0.0,100.0,0.0,100.0,0.0,100.0,0.0,95.0,5.0,72.0,28.0,100.0,0.0,100.0,8.0,78.0,44309.0,28.0,28.0,100.0,0.0,100.0,0.0,200,1,100.0,40080.0,100.0,29952816942.0,100.0,171411916845.0
2018-01-24,W300C1GG,ST4000DM000,4000787030016,0,111.0,41397960.0,92.0,0.0,100.0,22.0,100,0,86.0,413829264.0,54,40302,100.0,0.0,100,22,100.0,0.0,100.0,0.0,100.0,0.0,100.0,0.0,95.0,5.0,72.0,28.0,100.0,0.0,100.0,8.0,78.0,44309.0,28.0,28.0,100.0,0.0,100.0,0.0,200,1,100.0,40112.0,100.0,29955746046.0,100.0,171456483534.0
2018-01-25,W300C1GG,ST4000DM000,4000787030016,0,117.0,132181168.0,92.0,0.0,100.0,22.0,100,0,86.0,414634373.0,54,40326,100.0,0.0,100,22,100.0,0.0,100.0,0.0,100.0,0.0,100.0,0.0,95.0,5.0,72.0,28.0,100.0,0.0,100.0,8.0,78.0,44309.0,28.0,28.0,100.0,0.0,100.0,0.0,200,1,100.0,40136.0,100.0,29958017368.0,100.0,171491613868.0
2018-01-26,W300C1GG,ST4000DM000,4000787030016,0,118.0,200095384.0,92.0,0.0,100.0,22.0,100,0,86.0,415432145.0,54,40350,100.0,0.0,100,22,100.0,0.0,100.0,0.0,100.0,0.0,100.0,0.0,95.0,5.0,72.0,28.0,100.0,0.0,100.0,8.0,78.0,44309.0,28.0,28.0,100.0,0.0,100.0,0.0,200,1,100.0,40159.0,100.0,29960232470.0,100.0,171524348530.0
2018-01-27,W300C1GG,ST4000DM000,4000787030016,0,114.0,74556384.0,92.0,0.0,100.0,22.0,100,0,86.0,416264737.0,54,40374,100.0,0.0,100,22,100.0,0.0,100.0,0.0,100.0,0.0,100.0,0.0,95.0,5.0,72.0,28.0,100.0,0.0,100.0,8.0,78.0,44309.0,28.0,28.0,100.0,0.0,100.0,0.0,200,1,100.0,40184.0,100.0,29962532212.0,100.0,171559386607.0
2018-01-28,W300C1GG,ST4000DM000,4000787030016,0,117.0,159805616.0,92.0,0.0,100.0,22.0,100,0,86.0,417057383.0,54,40398,100.0,0.0,100,22,100.0,0.0,100.0,0.0,100.0,0.0,100.0,0.0,95.0,5.0,72.0,28.0,100.0,0.0,100.0,8.0,78.0,44309.0,28.0,28.0,100.0,0.0,100.0,0.0,200,1,100.0,40208.0,100.0,29964761284.0,100.0,171597822461.0
2018-01-29,W300C1GG,ST4000DM000,4000787030016,0,119.0,226111056.0,92.0,0.0,100.0,22.0,100,0,86.0,417853566.0,54,40422,100.0,0.0,100,22,100.0,0.0,100.0,0.0,100.0,0.0,100.0,0.0,95.0,5.0,72.0,28.0,100.0,0.0,100.0,8.0,78.0,44310.0,28.0,28.0,100.0,0.0,100.0,0.0,200,1,100.0,40231.0,100.0,29966984512.0,100.0,171630864282.0
2018-01-30,W300C1GG,ST4000DM000,4000787030016,0,119.0,233816800.0,92.0,0.0,100.0,22.0,100,0,86.0,418403101.0,54,40438,100.0,0.0,100,22,100.0,0.0,100.0,0.0,100.0,0.0,100.0,0.0,95.0,5.0,71.0,29.0,100.0,0.0,100.0,8.0,78.0,44310.0,29.0,29.0,100.0,0.0,100.0,0.0,200,1,100.0,40248.0,100.0,29968490468.0,100.0,171652826737.0
2018-01-31,W300C1GG,ST4000DM000,4000787030016,0,113.0,55740840.0,92.0,0.0,100.0,22.0,100.0,0.0,86.0,419204693.0,54.0,40462.0,100.0,0.0,100.0,22.0,100.0,0.0,100.0,0.0,100.0,0.0,100.0,0.0,95.0,5.0,71.0,29.0,100.0,0.0,100.0,8.0,78.0,44310.0,29.0,29.0,100.0,0.0,100.0,0.0,200.0,1.0,100.0,40271.0,100.0,29970761542.0,100.0,171682081544.0
2018-02-01,W300C1GG,ST4000DM000,4000787030016,0,117.0,141473584.0,92.0,0.0,100.0,22.0,100,0,86.0,420003011.0,54,40485,100.0,0.0,100,22,100.0,0.0,100.0,0.0,100.0,0.0,100.0,0.0,95.0,5.0,68.0,32.0,100.0,0.0,100.0,8.0,78.0,44310.0,32.0,32.0,100.0,0.0,100.0,0.0,200,1,100.0,40295.0,100.0,29973012708.0,100.0,171715061497.0
2018-02-02,W300C1GG,ST4000DM000,4000787030016,0,119.0,226515792.0,92.0,0.0,100.0,22.0,100,0,86.0,420812926.0,54,40510,100.0,0.0,100,22,100.0,0.0,100.0,0.0,100.0,0.0,100.0,0.0,95.0,5.0,70.0,30.0,100.0,0.0,100.0,8.0,78.0,44310.0,30.0,30.0,100.0,0.0,100.0,0.0,200,1,100.0,40320.0,100.0,29975277286.0,100.0,171748443867.0
2018-02-03,W300C1GG,ST4000DM000,4000787030016,0,111.0,36411512.0,92.0,0.0,100.0,22.0,100,0,86.0,421598157.0,54,40534,100.0,0.0,100,22,100.0,0.0,100.0,0.0,100.0,0.0,100.0,0.0,95.0,5.0,70.0,30.0,100.0,0.0,100.0,8.0,78.0,44324.0,30.0,30.0,100.0,0.0,100.0,0.0,200,1,100.0,40343.0,100.0,29977455562.0,100.0,171783497649.0
2018-02-04,W300C1GG,ST4000DM000,4000787030016,0,118.0,198206104.0,92.0,0.0,100.0,22.0,100,0,86.0,422662048.0,54,40566,100.0,0.0,100,22,100.0,0.0,100.0,0.0,100.0,0.0,100.0,0.0,95.0,5.0,71.0,29.0,100.0,0.0,100.0,8.0,78.0,44324.0,29.0,29.0,100.0,0.0,100.0,0.0,200,1,100.0,40376.0,100.0,29980433176.0,100.0,171829527186.0
2018-02-05,W300C1GG,ST4000DM000,4000787030016,0,114.0,59778480.0,92.0,0.0,100.0,22.0,100,0,86.0,423487896.0,54,40590,100.0,0.0,100,22,100.0,0.0,100.0,0.0,100.0,0.0,100.0,0.0,95.0,5.0,71.0,29.0,100.0,0.0,100.0,8.0,78.0,44324.0,29.0,29.0,100.0,0.0,100.0,0.0,200,1,100.0,40399.0,100.0,29982728544.0,100.0,171861674148.0
2018-02-06,W300C1GG,ST4000DM000,4000787030016,0,117.0,142622624.0,92.0,0.0,100.0,22.0,100,0,86.0,424289376.0,54,40614,100.0,0.0,100,22,100.0,0.0,100.0,0.0,100.0,0.0,100.0,0.0,95.0,5.0,70.0,30.0,100.0,0.0,100.0,8.0,78.0,44324.0,30.0,30.0,100.0,0.0,100.0,0.0,200,1,100.0,40423.0,100.0,29984949610.0,100.0,171896426230.0
2018-02-07,W300C1GG,ST4000DM000,4000787030016,0,119.0,206388088.0,92.0,0.0,100.0,22.0,100,0,86.0,425082560.0,54,40638,100.0,0.0,100,22,100.0,0.0,100.0,0.0,100.0,0.0,100.0,0.0,95.0,5.0,70.0,30.0,100.0,0.0,100.0,8.0,78.0,44324.0,30.0,30.0,100.0,0.0,100.0,0.0,200,1,100.0,40448.0,100.0,29987193988.0,100.0,171931706621.0
2018-02-08,W300C1GG,ST4000DM000,4000787030016,0,119.0,217966608.0,92.0,0.0,100.0,22.0,100,0,86.0,425845695.0,54,40662,100.0,0.0,100,22,100.0,0.0,100.0,0.0,100.0,0.0,100.0,0.0,95.0,5.0,71.0,29.0,100.0,0.0,100.0,8.0,78.0,44324.0,29.0,29.0,100.0,0.0,100.0,0.0,200,1,100.0,40471.0,100.0,29989336734.0,100.0,171963888814.0
2018-02-09,W300C1GG,ST4000DM000,4000787030016,0,108,15311952,92,0,100,22,100,0,86,426624167,54,40686,100,0,100,22,100.0,0.0,100.0,0.0,100.0,0.0,100.0,0.0,95.0,5.0,70.0,30.0,100.0,0.0,100.0,8.0,78.0,44328.0,30,30,100,0,100,0,200,1,100.0,40495.0,100.0,29991543594.0,100.0,171995901394.0
2018-02-10,W300C1GG,ST4000DM000,4000787030016,0,116.0,106485280.0,92.0,0.0,100.0,22.0,100.0,0.0,86.0,427436065.0,54.0,40710.0,100.0,0.0,100.0,22.0,100.0,0.0,100.0,0.0,100.0,0.0,100.0,0.0,95.0,5.0,70.0,30.0,100.0,0.0,100.0,8.0,78.0,44328.0,30.0,30.0,100.0,0.0,100.0,0.0,200.0,1.0,100.0,40520.0,100.0,29993824222.0,100.0,172029607074.0
2018-02-11,W300C1GG,ST4000DM000,4000787030016,0,117,161018672,92,0,100,22,100,0,86,428227129,54,40734,100,0,100,22,100.0,0.0,100.0,0.0,100.0,0.0,100.0,0.0,95.0,5.0,70.0,30.0,100.0,0.0,100.0,8.0,78.0,44328.0,30,30,100,0,100,0,200,1,100.0,40544.0,100.0,29996030712.0,100.0,172061936177.0
2018-02-12,W300C1GG,ST4000DM000,4000787030016,0,119,203810280,92,0,100,22,100,0,86,429005856,54,40758,100,0,100,22,100.0,0.0,100.0,0.0,100.0,0.0,100.0,0.0,95.0,5.0,70.0,30.0,100.0,0.0,100.0,8.0,78.0,44328.0,30,30,100,0,100,0,200,1,100.0,40567.0,100.0,29998246208.0,100.0,172095666611.0
2018-02-13,W300C1GG,ST4000DM000,4000787030016,0,116,106933280,92,0,100,22,100,0,86,429824019,54,40781,100,0,100,22,100.0,0.0,100.0,0.0,100.0,0.0,100.0,0.0,95.0,5.0,70.0,30.0,100.0,0.0,100.0,8.0,78.0,44328.0,30,30,100,0,100,0,200,1,100.0,40591.0,100.0,30001199432.0,100.0,172136818805.0
2018-02-14,W300C1GG,ST4000DM000,4000787030016,0,114,65424400,92,0,100,22,100,0,86,430698682,54,40806,100,0,100,22,100.0,0.0,100.0,0.0,100.0,0.0,100.0,0.0,95.0,5.0,71.0,29.0,100.0,0.0,100.0,8.0,78.0,44328.0,29,29,100,0,100,0,200,1,100.0,40616.0,100.0,30003732050.0,100.0,172173112205.0
2018-02-15,W300C1GG,ST4000DM000,4000787030016,0,119,233150176,92,0,100,22,100,0,86,431538616,54,40830,100,0,100,22,100.0,0.0,100.0,0.0,100.0,0.0,100.0,0.0,95.0,5.0,70.0,30.0,100.0,0.0,100.0,8.0,78.0,44328.0,30,30,100,0,100,0,200,1,100.0,40639.0,100.0,30006028320.0,100.0,172206418914.0
2018-02-16,W300C1GG,ST4000DM000,4000787030016,0,120,236328288,92,0,100,22,100,0,86,432295968,54,40853,100,0,100,22,100.0,0.0,100.0,0.0,100.0,0.0,100.0,0.0,95.0,5.0,68.0,32.0,100.0,0.0,100.0,8.0,78.0,44373.0,32,32,100,0,100,0,200,1,100.0,40663.0,100.0,30008070662.0,100.0,172239458712.0
2018-02-17,W300C1GG,ST4000DM000,4000787030016,0,117,139134520,92,0,100,22,100,0,86,433152110,54,40878,100,0,100,22,100.0,0.0,100.0,0.0,100.0,0.0,100.0,0.0,95.0,5.0,71.0,29.0,100.0,0.0,100.0,8.0,78.0,44373.0,29,29,100,0,100,0,200,1,100.0,40687.0,100.0,30010445458.0,100.0,172271691246.0
2018-02-18,W300C1GG,ST4000DM000,4000787030016,0,118,197159528,92,0,100,22,100,0,86,433942013,54,40902,100,0,100,22,100.0,0.0,100.0,0.0,100.0,0.0,100.0,0.0,95.0,5.0,71.0,29.0,100.0,0.0,100.0,8.0,78.0,44373.0,29,29,100,0,100,0,200,1,100.0,40711.0,100.0,30012737682.0,100.0,172304369966.0
2018-02-19,W300C1GG,ST4000DM000,4000787030016,0,115,88438272,92,0,100,22,100,0,86,434772222,54,40926,100,0,100,22,100.0,0.0,100.0,0.0,100.0,0.0,100.0,0.0,95.0,5.0,68.0,32.0,100.0,0.0,100.0,8.0,78.0,44373.0,32,32,100,0,100,0,200,1,100.0,40735.0,100.0,30015059872.0,100.0,172336981303.0
2018-02-20,W300C1GG,ST4000DM000,4000787030016,0,119,206595896,92,0,100,22,100,0,86,435602933,54,40950,100,0,100,22,100.0,0.0,100.0,0.0,100.0,0.0,100.0,0.0,95.0,5.0,69.0,31.0,100.0,0.0,100.0,8.0,78.0,44385.0,31,31,100,0,100,0,200,1,100.0,40760.0,100.0,30017393820.0,100.0,172370081246.0
2018-02-21,W300C1GG,ST4000DM000,4000787030016,0,111,37765984,92,0,100,22,100,0,86,436397019,54,40974,100,0,100,22,100.0,0.0,100.0,0.0,100.0,0.0,100.0,0.0,95.0,5.0,70.0,30.0,100.0,0.0,100.0,8.0,78.0,44385.0,30,30,100,0,100,0,200,1,100.0,40783.0,100.0,30019686292.0,100.0,172403974781.0
2018-02-22,W300C1GG,ST4000DM000,4000787030016,0,114,75805320,92,0,100,22,100,0,86,437171213,54,40998,100,0,100,22,100.0,0.0,100.0,0.0,100.0,0.0,100.0,0.0,95.0,5.0,70.0,30.0,100.0,0.0,100.0,8.0,78.0,44385.0,30,30,100,0,100,0,200,1,100.0,40807.0,100.0,30021854662.0,100.0,172436769174.0
2018-02-23,W300C1GG,ST4000DM000,4000787030016,0,117,144461496,92,0,100,22,100,0,86,437991370,54,41022,100,0,100,22,100.0,0.0,100.0,0.0,100.0,0.0,100.0,0.0,95.0,5.0,71.0,29.0,100.0,0.0,100.0,8.0,78.0,44385.0,29,29,100,0,100,0,200,1,100.0,40832.0,100.0,30024175458.0,100.0,172468723657.0
2018-02-24,W300C1GG,ST4000DM000,4000787030016,0,119,210755552,92,0,100,22,100,0,86,438786431,54,41046,100,0,100,22,100.0,0.0,100.0,0.0,100.0,0.0,100.0,0.0,95.0,5.0,71.0,29.0,100.0,0.0,100.0,8.0,78.0,44385.0,29,29,100,0,100,0,200,1,100.0,40855.0,100.0,30026404310.0,100.0,172501562473.0
2018-02-25,W300C1GG,ST4000DM000,4000787030016,0,108,16462720,92,0,100,22,100,0,86,439570412,54,41070,100,0,100,22,100.0,0.0,100.0,0.0,100.0,0.0,100.0,0.0,95.0,5.0,71.0,29.0,100.0,0.0,100.0,8.0,78.0,44385.0,29,29,100,0,100,0,200,1,100.0,40879.0,100.0,30028674522.0,100.0,172532584857.0
2018-02-26,W300C1GG,ST4000DM000,4000787030016,0,112,46446544,92,0,100,22,100,0,86,440335242,54,41093,100,0,100,22,100.0,0.0,100.0,0.0,100.0,0.0,100.0,0.0,95.0,5.0,71.0,29.0,100.0,0.0,100.0,8.0,78.0,44385.0,29,29,100,0,100,0,200,1,100.0,40903.0,100.0,30030927322.0,100.0,172563636417.0
2018-02-27,W300C1GG,ST4000DM000,4000787030016,0,118,177369824,92,0,100,22,100,0,86,441161171,54,41118,100,0,100,22,100.0,0.0,100.0,0.0,100.0,0.0,100.0,0.0,95.0,5.0,71.0,29.0,100.0,0.0,100.0,8.0,78.0,44385.0,29,29,100,0,100,0,200,1,100.0,40927.0,100.0,30033287844.0,100.0,172597915941.0
2018-02-28,W300C1GG,ST4000DM000,4000787030016,0,107,14659328,92,0,100,22,100,0,86,441958415,54,41142,100,0,100,22,100.0,0.0,100.0,0.0,100.0,0.0,100.0,0.0,95.0,5.0,71.0,29.0,100.0,0.0,100.0,8.0,78.0,44385.0,29,29,100,0,100,0,200,1,100.0,40951.0,100.0,30035596452.0,100.0,172632449092.0
2018-03-01,W300C1GG,ST4000DM000,4000787030016,0,117,165839496,92,0,100,22,100,0,86,443076742,54,41166,100,0,100,22,100.0,0.0,100.0,0.0,100.0,0.0,100.0,0.0,95.0,5.0,70.0,30.0,100.0,0.0,100.0,8.0,78.0,44385.0,30,30,100,0,100,0,200,1,100.0,40976.0,100.0,30038698574.0,100.0,172669503747.0
2018-03-02,W300C1GG,ST4000DM000,4000787030016,0,111,32330880,92,0,100,22,100,0,86,443904263,53,41190,100,0,100,22,100.0,0.0,100.0,0.0,100.0,0.0,100.0,0.0,95.0,5.0,71.0,29.0,100.0,0.0,100.0,8.0,78.0,44385.0,29,29,100,0,100,0,200,1,100.0,41000.0,100.0,30040960906.0,100.0,172699193640.0
2018-03-03,W300C1GG,ST4000DM000,4000787030016,0,117,144064288,92,0,100,22,100,0,86,444722548,53,41214,100,0,100,22,100.0,0.0,100.0,0.0,100.0,0.0,100.0,0.0,95.0,5.0,70.0,30.0,100.0,0.0,100.0,8.0,78.0,44385.0,30,30,100,0,100,0,200,1,100.0,41023.0,100.0,30043240532.0,100.0,172728071634.0
2018-03-04,W300C1GG,ST4000DM000,4000787030016,0,120,242133016,92,0,100,22,100,0,86,445554814,53,41239,100,0,100,22,100.0,0.0,100.0,0.0,100.0,0.0,100.0,0.0,95.0,5.0,71.0,29.0,100.0,0.0,100.0,8.0,78.0,44385.0,29,29,100,0,100,0,200,1,100.0,41048.0,100.0,30045604718.0,100.0,172758256133.0
2018-03-05,W300C1GG,ST4000DM000,4000787030016,0,114,69169736,92,0,100,22,100,0,86,446352389,53,41262,100,0,100,22,100.0,0.0,100.0,0.0,100.0,0.0,100.0,0.0,95.0,5.0,70.0,30.0,100.0,0.0,100.0,8.0,78.0,44385.0,30,30,100,0,100,0,200,1,100.0,41072.0,100.0,30047846394.0,100.0,172791908340.0
2018-03-06,W300C1GG,ST4000DM000,4000787030016,0,117,135601408,92,0,100,22,100,0,86,446942240,53,41281,100,0,100,22,100.0,0.0,100.0,0.0,100.0,0.0,100.0,0.0,95.0,5.0,70.0,30.0,100.0,0.0,100.0,8.0,78.0,44394.0,30,30,100,0,100,0,200,1,100.0,41090.0,100.0,30049450010.0,100.0,172816289363.0
2018-03-07,W300C1GG,ST4000DM000,4000787030016,0,117.0,121844456.0,92.0,0.0,100.0,22.0,100.0,0.0,86.0,447693671.0,53.0,41305.0,100.0,0.0,100.0,22.0,100.0,0.0,100.0,0.0,100.0,0.0,100.0,0.0,95.0,5.0,68.0,32.0,100.0,0.0,100.0,8.0,78.0,44394.0,32.0,32.0,100.0,0.0,100.0,0.0,200.0,1.0,100.0,41115.0,100.0,30049570180.0,100.0,173104113827.0
2018-03-08,W300C1GG,ST4000DM000,4000787030016,0,117,144847384,92,0,100,22,100,0,86,448683957,53,41334,100,0,100,22,100.0,0.0,100.0,0.0,100.0,0.0,100.0,0.0,95.0,5.0,68.0,32.0,100.0,0.0,100.0,8.0,78.0,44406.0,32,32,100,0,100,0,200,1,100.0,41143.0,100.0,30049709170.0,100.0,173483083191.0
2018-03-09,W300C1GG,ST4000DM000,4000787030016,0,102,4110640,92,0,100,22,100,0,86,449625093,53,41358,100,0,100,22,100.0,0.0,100.0,0.0,100.0,0.0,100.0,0.0,95.0,5.0,68.0,32.0,100.0,0.0,100.0,8.0,78.0,44407.0,32,32,100,0,100,0,200,1,100.0,41168.0,100.0,30049829240.0,100.0,173839284265.0
2018-03-10,W300C1GG,ST4000DM000,4000787030016,0,118,199162432,92,0,100,22,100,0,86,450520154,53,41382,100,0,100,22,100.0,0.0,100.0,0.0,100.0,0.0,100.0,0.0,95.0,5.0,68.0,32.0,100.0,0.0,100.0,8.0,78.0,44407.0,32,32,100,0,100,0,200,1,100.0,41191.0,100.0,30049945380.0,100.0,174179619709.0
2018-03-11,W300C1GG,ST4000DM000,4000787030016,0,119,223597176,92,0,100,22,100,0,86,451381466,53,41406,100,0,100,22,100.0,0.0,100.0,0.0,100.0,0.0,100.0,0.0,95.0,5.0,68.0,32.0,100.0,0.0,100.0,8.0,78.0,44407.0,32,32,100,0,100,0,200,1,100.0,41215.0,100.0,30050061720.0,100.0,174513198672.0
2018-03-12,W300C1GG,ST4000DM000,4000787030016,0,115,86761576,92,0,100,22,100,0,86,452011929,53,41430,100,0,100,22,100.0,0.0,100.0,0.0,100.0,0.0,100.0,0.0,95.0,5.0,69.0,31.0,100.0,0.0,100.0,8.0,78.0,44750.0,31,31,100,0,100,0,200,1,100.0,41238.0,100.0,30050181780.0,100.0,174754947178.0
2018-03-13,W300C1GG,ST4000DM000,4000787030016,0,115,95035624,92,0,100,22,100,0,86,452554994,53,41454,100,0,100,22,100.0,0.0,100.0,0.0,100.0,0.0,100.0,0.0,95.0,5.0,68.0,32.0,100.0,0.0,100.0,8.0,78.0,45147.0,32,32,100,0,100,0,200,1,100.0,41261.0,100.0,30050298090.0,100.0,174952791347.0
2018-03-14,W300C1GG,ST4000DM000,4000787030016,0,116,113319744,92,0,100,22,100,0,86,453298729,53,41478,100,0,100,22,100.0,0.0,100.0,0.0,100.0,0.0,100.0,0.0,95.0,5.0,69.0,31.0,100.0,0.0,100.0,8.0,78.0,45147.0,31,31,100,0,100,0,200,1,100.0,41284.0,100.0,30050414420.0,100.0,175259510154.0
2018-03-15,W300C1GG,ST4000DM000,4000787030016,0,114,64410584,92,0,100,22,100,0,86,454113120,53,41501,100,0,100,22,100.0,0.0,100.0,0.0,100.0,0.0,100.0,0.0,95.0,5.0,69.0,31.0,100.0,0.0,100.0,8.0,78.0,45153.0,31,31,100,0,100,0,200,1,100.0,41307.0,100.0,30050527100.0,100.0,175568014340.0
2018-03-16,W300C1GG,ST4000DM000,4000787030016,0,116.0,111132640.0,92.0,0.0,100.0,22.0,100.0,0.0,86.0,455024954.0,53.0,41526.0,100.0,0.0,100.0,22.0,100.0,0.0,100.0,0.0,100.0,0.0,100.0,0.0,95.0,5.0,69.0,31.0,100.0,0.0,100.0,8.0,78.0,45153.0,31.0,31.0,100.0,0.0,100.0,0.0,200.0,1.0,100.0,41332.0,100.0,30050647210.0,100.0,175908944996.0
2018-03-17,W300C1GG,ST4000DM000,4000787030016,0,117,121259800,92,0,100,22,100,0,86,455930272,53,41549,100,0,100,22,100.0,0.0,100.0,0.0,100.0,0.0,100.0,0.0,95.0,5.0,69.0,31.0,100.0,0.0,100.0,8.0,78.0,45153.0,31,31,100,0,100,0,200,1,100.0,41356.0,100.0,30050763520.0,100.0,176248378746.0
2018-03-18,W300C1GG,ST4000DM000,4000787030016,0,120,108872,92,0,100,22,100,0,86,456887907,53,41573,100,0,100,22,100.0,0.0,100.0,0.0,100.0,0.0,100.0,0.0,95.0,5.0,69.0,31.0,100.0,0.0,100.0,8.0,78.0,45153.0,31,31,100,0,100,0,200,1,100.0,41379.0,100.0,30050879930.0,100.0,176585056754.0
2018-03-19,W300C1GG,ST4000DM000,4000787030016,0,116,105374992,92,0,100,22,100,0,86,457134229,53,41598,100,0,100,22,100.0,0.0,100.0,0.0,100.0,0.0,100.0,0.0,95.0,5.0,69.0,31.0,100.0,0.0,100.0,8.0,77.0,46188.0,31,31,100,0,100,0,200,1,100.0,41400.0,100.0,30051000180.0,100.0,176680945836.0
2018-03-20,W300C1GG,ST4000DM000,4000787030016,0,118,169414864,92,0,100,22,100,0,86,457594436,53,41621,100,0,100,22,100.0,0.0,100.0,0.0,100.0,0.0,100.0,0.0,95.0,5.0,70.0,30.0,100.0,0.0,100.0,8.0,77.0,46799.0,30,30,100,0,100,0,200,1,100.0,41421.0,100.0,30051116600.0,100.0,176841454903.0
2018-03-21,W300C1GG,ST4000DM000,4000787030016,0,106,11878592,92,0,100,22,100,0,86,458518986,53,41645,100,0,100,22,100.0,0.0,100.0,0.0,100.0,0.0,100.0,0.0,95.0,5.0,72.0,28.0,100.0,0.0,100.0,8.0,77.0,46799.0,28,28,100,0,100,0,200,1,100.0,41445.0,100.0,30051232860.0,100.0,177173717004.0
2018-03-22,W300C1GG,ST4000DM000,4000787030016,0,115,99562080,92,0,100,22,100,0,86,459485348,53,41670,100,0,100,22,100.0,0.0,100.0,0.0,100.0,0.0,100.0,0.0,95.0,5.0,72.0,28.0,100.0,0.0,100.0,8.0,77.0,46800.0,28,28,100,0,100,0,200,1,100.0,41470.0,100.0,30051352820.0,100.0,177515420597.0
2018-03-23,W300C1GG,ST4000DM000,4000787030016,0,119,227957472,92,0,100,22,100,0,86,460379532,53,41693,100,0,100,22,100.0,0.0,100.0,0.0,100.0,0.0,100.0,0.0,95.0,5.0,71.0,29.0,100.0,0.0,100.0,8.0,77.0,46800.0,29,29,100,0,100,0,200,1,100.0,41493.0,100.0,30051469090.0,100.0,177841579565.0
2018-03-24,W300C1GG,ST4000DM000,4000787030016,0,117,156419400,92,0,100,22,100,0,86,461293431,53,41717,100,0,100,22,100.0,0.0,100.0,0.0,100.0,0.0,100.0,0.0,95.0,5.0,71.0,29.0,100.0,0.0,100.0,8.0,77.0,46800.0,29,29,100,0,100,0,200,1,100.0,41517.0,100.0,30051585370.0,100.0,178167297586.0
2018-03-25,W300C1GG,ST4000DM000,4000787030016,0,118,194643568,92,0,100,22,100,0,86,462125261,53,41742,100,0,100,22,100.0,0.0,100.0,0.0,100.0,0.0,100.0,0.0,95.0,5.0,72.0,28.0,100.0,0.0,100.0,8.0,77.0,46800.0,28,28,100,0,100,0,200,1,100.0,41542.0,100.0,30051705390.0,100.0,178502069670.0
2018-03-26,W300C1GG,ST4000DM000,4000787030016,0,117,163205744,92,0,100,22,100,0,86,462418554,53,41766,100,0,100,22,100.0,0.0,100.0,0.0,100.0,0.0,100.0,0.0,95.0,5.0,73.0,27.0,100.0,0.0,100.0,8.0,77.0,47711.0,27,27,100,0,100,0,200,1,100.0,41562.0,100.0,30051821870.0,100.0,178607947502.0
2018-03-27,W300C1GG,ST4000DM000,4000787030016,0,118,194520704,92,0,100,22,100,0,86,462512032,53,41789,100,0,100,22,100.0,0.0,100.0,0.0,100.0,0.0,100.0,0.0,95.0,5.0,73.0,27.0,100.0,0.0,100.0,8.0,76.0,48986.0,27,27,100,0,100,0,200,1,100.0,41581.0,100.0,30051938390.0,100.0,178636725206.0
2018-03-28,W300C1GG,ST4000DM000,4000787030016,0,119,226009368,92,0,100,22,100,0,86,462605640,53,41813,100,0,100,22,100.0,0.0,100.0,0.0,100.0,0.0,100.0,0.0,95.0,5.0,71.0,29.0,100.0,0.0,100.0,8.0,75.0,50308.0,29,29,100,0,100,0,200,1,100.0,41599.0,100.0,30052054960.0,100.0,178665707062.0
2018-03-29,W300C1GG,ST4000DM000,4000787030016,0,105,9856592,92,0,100,22,100,0,86,462699040,53,41837,100,0,100,22,100.0,0.0,100.0,0.0,100.0,0.0,100.0,0.0,95.0,5.0,71.0,29.0,100.0,0.0,100.0,8.0,75.0,51637.0,29,29,100,0,100,0,200,1,100.0,41618.0,100.0,30052171640.0,100.0,178691241550.0
2018-03-30,W300C1GG,ST4000DM000,4000787030016,0,112,43280016,92,0,100,22,100,0,86,462792374,53,41861,100,0,100,22,100.0,0.0,100.0,0.0,100.0,0.0,100.0,0.0,95.0,5.0,72.0,28.0,100.0,0.0,100.0,8.0,74.0,52936.0,28,28,100,0,100,0,200,1,100.0,41636.0,100.0,30052288130.0,100.0,178722176518.0
2018-03-31,W300C1GG,ST4000DM000,4000787030016,0,114,78820472,92,0,100,22,100,0,86,462889073,53,41885,100,0,100,22,100.0,0.0,100.0,0.0,100.0,0.0,100.0,0.0,95.0,5.0,72.0,28.0,100.0,0.0,100.0,8.0,73.0,54293.0,28,28,100,0,100,0,200,1,100.0,41656.0,100.0,30052408460.0,100.0,178755109294.0
2018-04-01,W300C1GG,ST4000DM000,4000787030016,0,116,109215920,92,0,100,22,100,0,86,462982607,53,41909,100,0,100,22,100.0,0.0,100.0,0.0,100.0,0.0,100.0,0.0,95.0,5.0,73.0,27.0,100.0,0.0,100.0,8.0,73.0,55568.0,27,27,100,0,100,0,200,1,100.0,41675.0,100.0,30052524950.0,100.0,178782984382.0
2018-04-02,W300C1GG,ST4000DM000,4000787030016,0,117,140147312,92,0,100,22,100,0,86,463076137,53,41933,100,0,100,22,100.0,0.0,100.0,0.0,100.0,0.0,100.0,0.0,95.0,5.0,73.0,27.0,100.0,0.0,100.0,8.0,72.0,56862.0,27,27,100,0,100,0,200,1,100.0,41693.0,100.0,30052641490.0,100.0,178811411558.0
2018-04-03,W300C1GG,ST4000DM000,4000787030016,0,118,169444720,92,0,100,22,100,0,86,463172700,53,41957,100,0,100,22,100.0,0.0,100.0,0.0,100.0,0.0,100.0,0.0,95.0,5.0,73.0,27.0,100.0,0.0,100.0,8.0,71.0,58192.0,27,27,100,0,100,0,200,1,100.0,41713.0,100.0,30052761820.0,100.0,178838109958.0
2018-04-04,W300C1GG,ST4000DM000,4000787030016,0,118,174881280,92,0,100,22,100,0,86,463202812,53,41965,100,0,100,22,100.0,0.0,100.0,0.0,100.0,0.0,100.0,0.0,95.0,5.0,73.0,27.0,100.0,0.0,100.0,8.0,71.0,58584.0,27,27,100,0,100,0,200,1,100.0,41719.0,100.0,30052799350.0,100.0,178842753166.0
