2018-01-01,W300C5QG,ST4000DM000,4000787030016,0,119,214080632,92,0,100,24,100,0,84,327966648,55,39708,100,0,100,24,100.0,0.0,100.0,0.0,100.0,0.0,100.0,0.0,98.0,2.0,73.0,27.0,100.0,0.0,100.0,11.0,77.0,46787.0,27,27,100,0,100,0,200,0,100.0,39487.0,100.0,29621299976.0,100.0,199821313620.0
2018-01-02,W300C5QG,ST4000DM000,4000787030016,0,105,9033152,92,0,100,24,100,0,84,328060690,55,39732,100,0,100,24,100.0,0.0,100.0,0.0,100.0,0.0,100.0,0.0,98.0,2.0,71.0,29.0,100.0,0.0,100.0,11.0,77.0,47972.0,29,29,100,0,100,0,200,0,100.0,39507.0,100.0,29621416466.0,100.0,199852675077.0
2018-01-03,W300C5QG,ST4000DM000,4000787030016,0,113,55346640,92,0,100,24,100,0,84,328156251,55,39756,100,0,100,24,100.0,0.0,100.0,0.0,100.0,0.0,100.0,0.0,98.0,2.0,75.0,25.0,100.0,0.0,100.0,11.0,76.0,49151.0,25,25,100,0,100,0,200,0,100.0,39526.0,100.0,29621533006.0,100.0,199886242328.0
2018-01-04,W300C5QG,ST4000DM000,4000787030016,0,116,106813104,92,0,100,24,100,0,84,328253515,55,39780,100,0,100,24,100.0,0.0,100.0,0.0,100.0,0.0,100.0,0.0,98.0,2.0,74.0,26.0,100.0,0.0,100.0,11.0,75.0,50265.0,26,26,100,0,100,0,200,0,100.0,39546.0,100.0,29621649566.0,100.0,199919656756.0
2018-01-05,W300C5QG,ST4000DM000,4000787030016,0,118.0,174656416.0,92.0,0.0,100.0,24.0,100.0,0.0,84.0,328359501.0,55.0,39804.0,100.0,0.0,100.0,24.0,100.0,0.0,100.0,0.0,100.0,0.0,100.0,0.0,98.0,2.0,74.0,26.0,100.0,0.0,100.0,11.0,75.0,51285.0,26.0,26.0,100.0,0.0,100.0,0.0,200.0,0.0,100.0,39566.0,100.0,29621769746.0,100.0,199955338549.0
2018-01-06,W300C5QG,ST4000DM000,4000787030016,0,119,229575016,92,0,100,24,100,0,84,328457559,55,39828,100,0,100,24,100.0,0.0,100.0,0.0,100.0,0.0,100.0,0.0,98.0,2.0,75.0,25.0,100.0,0.0,100.0,11.0,74.0,52396.0,25,25,100,0,100,0,200,0,100.0,39586.0,100.0,29621886246.0,100.0,199990375858.0
2018-01-07,W300C5QG,ST4000DM000,4000787030016,0,111,32528168,92,0,100,24,100,0,84,328553443,55,39852,100,0,100,24,100.0,0.0,100.0,0.0,100.0,0.0,100.0,0.0,98.0,2.0,75.0,25.0,100.0,0.0,100.0,11.0,74.0,53572.0,25,25,100,0,100,0,200,0,100.0,39606.0,100.0,29622002806.0,100.0,200024490316.0
2018-01-08,W300C5QG,ST4000DM000,4000787030016,0,114,75381128,92,0,100,24,100,0,84,328651118,55,39876,100,0,100,24,100.0,0.0,100.0,0.0,100.0,0.0,100.0,0.0,98.0,2.0,74.0,26.0,100.0,0.0,100.0,11.0,73.0,54779.0,26,26,100,0,100,0,200,0,100.0,39626.0,100.0,29622123006.0,100.0,200058032272.0
2018-01-09,W300C5QG,ST4000DM000,4000787030016,0,117,123312568,92,0,100,24,100,0,84,328747270,55,39900,100,0,100,24,100.0,0.0,100.0,0.0,100.0,0.0,100.0,0.0,98.0,2.0,74.0,26.0,100.0,0.0,100.0,11.0,73.0,55875.0,26,26,100,0,100,0,200,0,100.0,39646.0,100.0,29622239656.0,100.0,200092596172.0
2018-01-10,W300C5QG,ST4000DM000,4000787030016,0,118,177726240,92,0,100,24,100,0,84,328846118,55,39924,100,0,100,24,100.0,0.0,100.0,0.0,100.0,0.0,100.0,0.0,98.0,2.0,75.0,25.0,100.0,0.0,100.0,11.0,72.0,56975.0,25,25,100,0,100,0,200,0,100.0,39665.0,100.0,29622356086.0,100.0,200123813987.0
2018-01-11,W300C5QG,ST4000DM000,4000787030016,0,119,209348848,92,0,100,24,100,0,84,328905900,55,39938,100,0,100,24,100.0,0.0,100.0,0.0,100.0,0.0,100.0,0.0,98.0,2.0,74.0,26.0,100.0,0.0,100.0,11.0,72.0,57701.0,26,26,100,0,100,0,200,0,100.0,39677.0,100.0,29622427516.0,100.0,200144426350.0
2018-01-12,W300C5QG,ST4000DM000,4000787030016,0,110,29165224,92,0,100,24,100,0,84,329008374,55,39962,100,0,100,24,100.0,0.0,100.0,0.0,100.0,0.0,100.0,0.0,98.0,2.0,74.0,26.0,100.0,0.0,100.0,11.0,71.0,58660.0,26,26,100,0,100,0,200,0,100.0,39698.0,100.0,29622544196.0,100.0,200178641347.0
2018-01-13,W300C5QG,ST4000DM000,4000787030016,0,116.0,103909880.0,92.0,0.0,100.0,24.0,100,0,84.0,329129191.0,55,39991,100.0,0.0,100,24,100.0,0.0,100.0,0.0,100.0,0.0,100.0,0.0,98.0,2.0,67.0,33.0,100.0,0.0,100.0,11.0,71.0,59894.0,33.0,33.0,100.0,0.0,100.0,0.0,200,0,100.0,39721.0,100.0,29622683276.0,100.0,200218421750.0
2018-01-14,W300C5QG,ST4000DM000,4000787030016,0,117.0,149437840.0,92.0,0.0,100.0,24.0,100,0,84.0,329225004.0,55,40014,100.0,0.0,100,24,100.0,0.0,100.0,0.0,100.0,0.0,100.0,0.0,98.0,2.0,67.0,33.0,100.0,0.0,100.0,11.0,70.0,61089.0,33.0,33.0,100.0,0.0,100.0,0.0,200,0,100.0,39741.0,100.0,29622799896.0,100.0,200251470198.0
2018-01-15,W300C5QG,ST4000DM000,4000787030016,0,118.0,191430728.0,92.0,0.0,100.0,24.0,100,0,84.0,329319583.0,55,40038,100.0,0.0,100,24,100.0,0.0,100.0,0.0,100.0,0.0,100.0,0.0,98.0,2.0,68.0,32.0,100.0,0.0,100.0,11.0,69.0,62325.0,32.0,32.0,100.0,0.0,100.0,0.0,200,0,100.0,39760.0,100.0,29622916326.0,100.0,200283879799.0
2018-01-16,W300C5QG,ST4000DM000,4000787030016,0,120.0,237038424.0,92.0,0.0,100.0,24.0,100,0,84.0,329415186.0,55,40062,100.0,0.0,100,24,100.0,0.0,100.0,0.0,100.0,0.0,100.0,0.0,98.0,2.0,70.0,30.0,100.0,0.0,100.0,11.0,69.0,63564.0,30.0,30.0,100.0,0.0,100.0,0.0,200,0,100.0,39779.0,100.0,29623032836.0,100.0,200317911011.0
2018-01-17,W300C5QG,ST4000DM000,4000787030016,0,111.0,37237560.0,92.0,0.0,100.0,24.0,100,0,84.0,329513294.0,55,40087,100.0,0.0,100,24,100.0,0.0,100.0,0.0,100.0,0.0,100.0,0.0,98.0,2.0,69.0,31.0,100.0,0.0,100.0,11.0,68.0,64749.0,31.0,31.0,100.0,0.0,100.0,0.0,200,0,100.0,39799.0,100.0,29623153096.0,100.0,200350669960.0
2018-01-18,W300C5QG,ST4000DM000,4000787030016,0,114.0,81951208.0,92.0,0.0,100.0,24.0,100.0,0.0,84.0,329606087.0,55.0,40110.0,100.0,0.0,100.0,24.0,100.0,0.0,100.0,0.0,100.0,0.0,100.0,0.0,98.0,2.0,69.0,31.0,100.0,0.0,100.0,11.0,68.0,65820.0,31.0,31.0,100.0,0.0,100.0,0.0,200.0,0.0,100.0,39818.0,100.0,29623265886.0,100.0,200381981918.0
2018-01-19,W300C5QG,ST4000DM000,4000787030016,0,117.0,134248496.0,92.0,0.0,100.0,24.0,100.0,0.0,84.0,329704204.0,55.0,40134.0,100.0,0.0,100.0,24.0,100.0,0.0,100.0,0.0,100.0,0.0,100.0,0.0,98.0,2.0,69.0,31.0,100.0,0.0,100.0,11.0,67.0,66914.0,31.0,31.0,100.0,0.0,100.0,0.0,200.0,0.0,100.0,39838.0,100.0,29623382666.0,100.0,200414674874.0
2018-01-20,W300C5QG,ST4000DM000,4000787030016,0,118.0,187867992.0,92.0,0.0,100.0,24.0,100,0,84.0,329805460.0,55,40158,100.0,0.0,100,24,100.0,0.0,100.0,0.0,100.0,0.0,100.0,0.0,98.0,2.0,70.0,30.0,100.0,0.0,100.0,11.0,66.0,68039.0,30.0,30.0,100.0,0.0,100.0,0.0,200,0,100.0,39858.0,100.0,29623502906.0,100.0,200447207088.0
2018-01-21,W300C5QG,ST4000DM000,4000787030016,0,120.0,240448488.0,92.0,0.0,100.0,24.0,100,0,84.0,329903138.0,55,40182,100.0,0.0,100,24,100.0,0.0,100.0,0.0,100.0,0.0,100.0,0.0,98.0,2.0,69.0,31.0,100.0,0.0,100.0,11.0,66.0,69154.0,31.0,31.0,100.0,0.0,100.0,0.0,200,0,100.0,39878.0,100.0,29623619466.0,100.0,200480509419.0
2018-01-22,W300C5QG,ST4000DM000,4000787030016,0,112.0,42781720.0,92.0,0.0,100.0,24.0,100,0,84.0,329998971.0,55,40206,100.0,0.0,100,24,100.0,0.0,100.0,0.0,100.0,0.0,100.0,0.0,98.0,2.0,69.0,31.0,100.0,0.0,100.0,11.0,65.0,70285.0,31.0,31.0,100.0,0.0,100.0,0.0,200,0,100.0,39897.0,100.0,29623736006.0,100.0,200513421319.0
2018-01-23,W300C5QG,ST4000DM000,4000787030016,0,115.0,84242264.0,92.0,0.0,100.0,24.0,100,0,84.0,330096328.0,55,40230,100.0,0.0,100,24,100.0,0.0,100.0,0.0,100.0,0.0,100.0,0.0,98.0,2.0,79.0,21.0,100.0,0.0,100.0,11.0,65.0,71600.0,21.0,21.0,100.0,0.0,100.0,0.0,200,0,100.0,39917.0,100.0,29623856186.0,100.0,200545647951.0
2018-01-24,W300C5QG,ST4000DM000,4000787030016,0,117.0,136413072.0,92.0,0.0,100.0,24.0,100,0,84.0,330220655.0,55,40262,100.0,0.0,100,24,100.0,0.0,100.0,0.0,100.0,0.0,100.0,0.0,98.0,2.0,78.0,22.0,100.0,0.0,100.0,11.0,64.0,73206.0,22.0,22.0,100.0,0.0,100.0,0.0,200,0,100.0,39942.0,100.0,29624010216.0,100.0,200587153970.0
2018-01-25,W300C5QG,ST4000DM000,4000787030016,0,118.0,179783080.0,92.0,0.0,100.0,24.0,100,0,84.0,330318228.0,55,40286,100.0,0.0,100,24,100.0,0.0,100.0,0.0,100.0,0.0,100.0,0.0,98.0,2.0,79.0,21.0,100.0,0.0,100.0,11.0,63.0,74475.0,21.0,21.0,100.0,0.0,100.0,0.0,200,0,100.0,39962.0,100.0,29624130506.0,100.0,200620494595.0
2018-01-26,W300C5QG,ST4000DM000,4000787030016,0,119.0,220899008.0,92.0,0.0,100.0,24.0,100,0,84.0,330413106.0,54,40310,100.0,0.0,100,24,100.0,0.0,100.0,0.0,100.0,0.0,100.0,0.0,98.0,2.0,78.0,22.0,100.0,0.0,100.0,11.0,63.0,75688.0,22.0,22.0,100.0,0.0,100.0,0.0,200,0,100.0,39982.0,100.0,29624247026.0,100.0,200651566637.0
2018-01-27,W300C5QG,ST4000DM000,4000787030016,0,109.0,23296352.0,92.0,0.0,100.0,24.0,100,0,84.0,330509503.0,54,40334,100.0,0.0,100,24,100.0,0.0,100.0,0.0,100.0,0.0,100.0,0.0,98.0,2.0,78.0,22.0,100.0,0.0,100.0,11.0,62.0,76867.0,22.0,22.0,100.0,0.0,100.0,0.0,200,0,100.0,40001.0,100.0,29624363546.0,100.0,200683276764.0
2018-01-28,W300C5QG,ST4000DM000,4000787030016,0,115.0,86129640.0,92.0,0.0,100.0,24.0,100,0,84.0,330613292.0,54,40358,100.0,0.0,100,24,100.0,0.0,100.0,0.0,100.0,0.0,100.0,0.0,98.0,2.0,78.0,22.0,100.0,0.0,100.0,11.0,62.0,77903.0,22.0,22.0,100.0,0.0,100.0,0.0,200,0,100.0,40022.0,100.0,29624483766.0,100.0,200717335799.0
2018-01-29,W300C5QG,ST4000DM000,4000787030016,0,117.0,126094992.0,92.0,0.0,100.0,24.0,100,0,84.0,330707733.0,54,40382,100.0,0.0,100,24,100.0,0.0,100.0,0.0,100.0,0.0,100.0,0.0,98.0,2.0,78.0,22.0,100.0,0.0,100.0,11.0,61.0,79095.0,22.0,22.0,100.0,0.0,100.0,0.0,200,0,100.0,40041.0,100.0,29624600326.0,100.0,200748286826.0
2018-01-30,W300C5QG,ST4000DM000,4000787030016,0,117.0,151864448.0,92.0,0.0,100.0,24.0,100,0,84.0,330768353.0,54,40397,100.0,0.0,100,24,100.0,0.0,100.0,0.0,100.0,0.0,100.0,0.0,98.0,2.0,78.0,22.0,100.0,0.0,100.0,11.0,61.0,79902.0,22.0,22.0,100.0,0.0,100.0,0.0,200,0,100.0,40054.0,100.0,29624675566.0,100.0,200769635994.0
2018-01-31,W300C5QG,ST4000DM000,4000787030016,0,119.0,211864040.0,92.0,0.0,100.0,24.0,100.0,0.0,84.0,330868834.0,54.0,40421.0,100.0,0.0,100.0,24.0,100.0,0.0,100.0,0.0,100.0,0.0,100.0,0.0,98.0,2.0,78.0,22.0,100.0,0.0,100.0,11.0,60.0,81022.0,22.0,22.0,100.0,0.0,100.0,0.0,200.0,0.0,100.0,40073.0,100.0,29624792056.0,100.0,200802515930.0
2018-02-01,W300C5QG,ST4000DM000,4000787030016,0,105.0,10442664.0,92.0,0.0,100.0,24.0,100,0,84.0,330963916.0,54,40445,100.0,0.0,100,24,100.0,0.0,100.0,0.0,100.0,0.0,100.0,0.0,98.0,2.0,75.0,25.0,100.0,0.0,100.0,11.0,59.0,82165.0,25.0,25.0,100.0,0.0,100.0,0.0,200,0,100.0,40093.0,100.0,29624908596.0,100.0,200834786890.0
2018-02-02,W300C5QG,ST4000DM000,4000787030016,0,113.0,57444104.0,92.0,0.0,100.0,24.0,100,0,84.0,331063301.0,54,40469,100.0,0.0,100,24,100.0,0.0,100.0,0.0,100.0,0.0,100.0,0.0,98.0,2.0,78.0,22.0,100.0,0.0,100.0,11.0,59.0,83335.0,22.0,22.0,100.0,0.0,100.0,0.0,200,0,100.0,40113.0,100.0,29625028836.0,100.0,200867017524.0
2018-02-03,W300C5QG,ST4000DM000,4000787030016,0,116.0,107850000.0,92.0,0.0,100.0,24.0,100,0,84.0,331160500.0,54,40493,100.0,0.0,100,24,100.0,0.0,100.0,0.0,100.0,0.0,100.0,0.0,98.0,2.0,78.0,22.0,100.0,0.0,100.0,11.0,58.0,84450.0,22.0,22.0,100.0,0.0,100.0,0.0,200,0,100.0,40133.0,100.0,29625145156.0,100.0,200900185740.0
2018-02-04,W300C5QG,ST4000DM000,4000787030016,0,118.0,177463904.0,92.0,0.0,100.0,24.0,100,0,84.0,331293140.0,54,40525,100.0,0.0,100,24,100.0,0.0,100.0,0.0,100.0,0.0,100.0,0.0,98.0,2.0,79.0,21.0,100.0,0.0,100.0,11.0,58.0,85944.0,21.0,21.0,100.0,0.0,100.0,0.0,200,0,100.0,40160.0,100.0,29625302976.0,100.0,200943581178.0
2018-02-05,W300C5QG,ST4000DM000,4000787030016,0,119.0,225136376.0,92.0,0.0,100.0,24.0,100,0,84.0,331389134.0,54,40549,100.0,0.0,100,24,100.0,0.0,100.0,0.0,100.0,0.0,100.0,0.0,98.0,2.0,79.0,21.0,100.0,0.0,100.0,11.0,57.0,87060.0,21.0,21.0,100.0,0.0,100.0,0.0,200,0,100.0,40179.0,100.0,29625419586.0,100.0,200977638719.0
2018-02-06,W300C5QG,ST4000DM000,4000787030016,0,108.0,18929512.0,92.0,0.0,100.0,24.0,100,0,84.0,331483026.0,54,40573,100.0,0.0,100,24,100.0,0.0,100.0,0.0,100.0,0.0,100.0,0.0,98.0,2.0,77.0,23.0,100.0,0.0,100.0,11.0,56.0,88251.0,23.0,23.0,100.0,0.0,100.0,0.0,200,0,100.0,40199.0,100.0,29625536076.0,100.0,201008349967.0
2018-02-07,W300C5QG,ST4000DM000,4000787030016,0,114.0,73206568.0,92.0,0.0,100.0,24.0,100,0,84.0,331583857.0,54,40597,100.0,0.0,100,24,100.0,0.0,100.0,0.0,100.0,0.0,100.0,0.0,98.0,2.0,79.0,21.0,100.0,0.0,100.0,11.0,56.0,89397.0,21.0,21.0,100.0,0.0,100.0,0.0,200,0,100.0,40219.0,100.0,29625656366.0,100.0,201044038034.0
2018-02-08,W300C5QG,ST4000DM000,4000787030016,0,116.0,115417928.0,92.0,0.0,100.0,24.0,100,0,84.0,331678632.0,54,40621,100.0,0.0,100,24,100.0,0.0,100.0,0.0,100.0,0.0,100.0,0.0,98.0,2.0,79.0,21.0,100.0,0.0,100.0,11.0,55.0,90557.0,21.0,21.0,100.0,0.0,100.0,0.0,200,0,100.0,40238.0,100.0,29625772906.0,100.0,201076493846.0
2018-02-09,W300C5QG,ST4000DM000,4000787030016,0,117,152680096,92,0,100,24,100,0,84,331772430,54,40645,100,0,100,24,100.0,0.0,100.0,0.0,100.0,0.0,100.0,0.0,98.0,2.0,78.0,22.0,100.0,0.0,100.0,11.0,55.0,91719.0,22,22,100,0,100,0,200,0,100.0,40258.0,100.0,29625889376.0,100.0,201106766135.0
2018-02-10,W300C5QG,ST4000DM000,4000787030016,0,118.0,197329048.0,92.0,0.0,100.0,24.0,100.0,0.0,84.0,331870935.0,54.0,40669.0,100.0,0.0,100.0,24.0,100.0,0.0,100.0,0.0,100.0,0.0,100.0,0.0,98.0,2.0,78.0,22.0,100.0,0.0,100.0,11.0,54.0,92929.0,22.0,22.0,100.0,0.0,100.0,0.0,200.0,0.0,100.0,40278.0,100.0,29626009616.0,100.0,201139517883.0
2018-02-11,W300C5QG,ST4000DM000,4000787030016,0,120,241959968,92,0,100,24,100,0,84,331965924,54,40693,100,0,100,24,100.0,0.0,100.0,0.0,100.0,0.0,100.0,0.0,98.0,2.0,78.0,22.0,100.0,0.0,100.0,11.0,53.0,94133.0,22,22,100,0,100,0,200,0,100.0,40297.0,100.0,29626126206.0,100.0,201173225476.0
2018-02-12,W300C5QG,ST4000DM000,4000787030016,0,112,48836640,92,0,100,24,100,0,84,332063865,54,40717,100,0,100,24,100.0,0.0,100.0,0.0,100.0,0.0,100.0,0.0,98.0,2.0,78.0,22.0,100.0,0.0,100.0,11.0,53.0,95179.0,22,22,100,0,100,0,200,0,100.0,40317.0,100.0,29626242636.0,100.0,201204754751.0
2018-02-13,W300C5QG,ST4000DM000,4000787030016,0,115,91895512,92,0,100,24,100,0,84,332156791,54,40741,100,0,100,24,100.0,0.0,100.0,0.0,100.0,0.0,100.0,0.0,98.0,2.0,78.0,22.0,100.0,0.0,100.0,11.0,52.0,96382.0,22,22,100,0,100,0,200,0,100.0,40336.0,100.0,29626357046.0,100.0,201238487895.0
2018-02-14,W300C5QG,ST4000DM000,4000787030016,0,100,2803536,92,0,100,24,100,0,84,332626849,54,40765,100,0,100,24,100.0,0.0,100.0,0.0,100.0,0.0,100.0,0.0,98.0,2.0,79.0,21.0,100.0,0.0,100.0,11.0,52.0,97035.0,21,21,100,0,100,0,200,0,100.0,40356.0,100.0,29627610486.0,100.0,201275148958.0
2018-02-15,W300C5QG,ST4000DM000,4000787030016,0,118,170144496,92,0,100,24,100,0,84,333423394,54,40789,100,0,100,24,100.0,0.0,100.0,0.0,100.0,0.0,100.0,0.0,98.0,2.0,76.0,24.0,100.0,0.0,100.0,11.0,52.0,97036.0,24,24,100,0,100,0,200,0,100.0,40380.0,100.0,29629769158.0,100.0,201308429870.0
2018-02-16,W300C5QG,ST4000DM000,4000787030016,0,117,167128896,92,0,100,24,100,0,84,334137104,54,40813,100,0,100,24,100.0,0.0,100.0,0.0,100.0,0.0,100.0,0.0,98.0,2.0,77.0,23.0,100.0,0.0,100.0,11.0,52.0,97093.0,23,23,100,0,100,0,200,0,100.0,40403.0,100.0,29631701778.0,100.0,201340546858.0
2018-02-17,W300C5QG,ST4000DM000,4000787030016,0,117,148409288,92,0,100,24,100,0,84,334976426,54,40837,100,0,100,24,100.0,0.0,100.0,0.0,100.0,0.0,100.0,0.0,98.0,2.0,77.0,23.0,100.0,0.0,100.0,11.0,52.0,97093.0,23,23,100,0,100,0,200,0,100.0,40428.0,100.0,29634013950.0,100.0,201376054950.0
2018-02-18,W300C5QG,ST4000DM000,4000787030016,0,109,23445384,92,0,100,24,100,0,85,335756401,54,40861,100,0,100,24,100.0,0.0,100.0,0.0,100.0,0.0,100.0,0.0,98.0,2.0,79.0,21.0,100.0,0.0,100.0,11.0,52.0,97093.0,21,21,100,0,100,0,200,0,100.0,40452.0,100.0,29636119576.0,100.0,201407770163.0
2018-02-19,W300C5QG,ST4000DM000,4000787030016,0,117,161974464,92,0,100,24,100,0,85,336547228,54,40885,100,0,100,24,100.0,0.0,100.0,0.0,100.0,0.0,100.0,0.0,98.0,2.0,75.0,25.0,100.0,0.0,100.0,11.0,52.0,97093.0,25,25,100,0,100,0,200,0,100.0,40475.0,100.0,29638302512.0,100.0,201439414347.0
2018-02-20,W300C5QG,ST4000DM000,4000787030016,0,116,104716896,92,0,100,24,100,0,85,337355650,54,40909,100,0,100,24,100.0,0.0,100.0,0.0,100.0,0.0,100.0,0.0,98.0,2.0,76.0,24.0,100.0,0.0,100.0,11.0,52.0,97093.0,24,24,100,0,100,0,200,0,100.0,40500.0,100.0,29640508490.0,100.0,201479824001.0
2018-02-21,W300C5QG,ST4000DM000,4000787030016,0,120,243717536,92,0,100,24,100,0,85,338144814,54,40933,100,0,100,24,100.0,0.0,100.0,0.0,100.0,0.0,100.0,0.0,98.0,2.0,78.0,22.0,100.0,0.0,100.0,11.0,52.0,97093.0,22,22,100,0,100,0,200,0,100.0,40524.0,100.0,29642658824.0,100.0,201514457924.0
2018-02-22,W300C5QG,ST4000DM000,4000787030016,0,116,101861648,92,0,100,24,100,0,85,338913696,54,40957,100,0,100,24,100.0,0.0,100.0,0.0,100.0,0.0,100.0,0.0,98.0,2.0,77.0,23.0,100.0,0.0,100.0,11.0,52.0,97093.0,23,23,100,0,100,0,200,0,100.0,40547.0,100.0,29644882380.0,100.0,201548243869.0
2018-02-23,W300C5QG,ST4000DM000,4000787030016,0,118,193044880,92,0,100,24,100,0,85,339684045,54,40981,100,0,100,24,100.0,0.0,100.0,0.0,100.0,0.0,100.0,0.0,98.0,2.0,78.0,22.0,100.0,0.0,100.0,11.0,52.0,97093.0,22,22,100,0,100,0,200,0,100.0,40572.0,100.0,29647009370.0,100.0,201581853876.0
2018-02-24,W300C5QG,ST4000DM000,4000787030016,0,114,72032496,92,0,100,24,100,0,85,340458135,54,41005,100,0,100,24,100.0,0.0,100.0,0.0,100.0,0.0,100.0,0.0,98.0,2.0,78.0,22.0,100.0,0.0,100.0,11.0,52.0,97093.0,22,22,100,0,100,0,200,0,100.0,40596.0,100.0,29649210894.0,100.0,201617635243.0
2018-02-25,W300C5QG,ST4000DM000,4000787030016,0,118,171393104,92,0,100,24,100,0,85,341227006,54,41029,100,0,100,24,100.0,0.0,100.0,0.0,100.0,0.0,100.0,0.0,98.0,2.0,78.0,22.0,100.0,0.0,100.0,11.0,52.0,97093.0,22,22,100,0,100,0,200,0,100.0,40619.0,100.0,29651456838.0,100.0,201650173238.0
2018-02-26,W300C5QG,ST4000DM000,4000787030016,0,107,13308416,92,0,100,24,100,0,85,341987730,54,41053,100,0,100,24,100.0,0.0,100.0,0.0,100.0,0.0,100.0,0.0,98.0,2.0,78.0,22.0,100.0,0.0,100.0,11.0,52.0,97093.0,22,22,100,0,100,0,200,0,100.0,40643.0,100.0,29653630474.0,100.0,201681964330.0
2018-02-27,W300C5QG,ST4000DM000,4000787030016,0,119,216382592,92,0,100,24,100,0,85,342821244,54,41077,100,0,100,24,100.0,0.0,100.0,0.0,100.0,0.0,100.0,0.0,98.0,2.0,78.0,22.0,100.0,0.0,100.0,11.0,52.0,97093.0,22,22,100,0,100,0,200,0,100.0,40668.0,100.0,29656019530.0,100.0,201716651342.0
2018-02-28,W300C5QG,ST4000DM000,4000787030016,0,115,99377640,92,0,100,24,100,0,85,343602304,54,41101,100,0,100,24,100.0,0.0,100.0,0.0,100.0,0.0,100.0,0.0,98.0,2.0,79.0,21.0,100.0,0.0,100.0,11.0,52.0,97093.0,21,21,100,0,100,0,200,0,100.0,40691.0,100.0,29658184874.0,100.0,201748519361.0
2018-03-01,W300C5QG,ST4000DM000,4000787030016,0,111,39597056,92,0,100,24,100,0,85,344705503,54,41126,100,0,100,24,100.0,0.0,100.0,0.0,100.0,0.0,100.0,0.0,98.0,2.0,79.0,21.0,100.0,0.0,100.0,11.0,52.0,97093.0,21,21,100,0,100,0,200,0,100.0,40716.0,100.0,29661182462.0,100.0,201787331614.0
2018-03-02,W300C5QG,ST4000DM000,4000787030016,0,114,74049048,92,0,100,24,100,0,85,345585549,54,41150,100,0,100,24,100.0,0.0,100.0,0.0,100.0,0.0,100.0,0.0,98.0,2.0,79.0,21.0,100.0,0.0,100.0,11.0,52.0,97093.0,21,21,100,0,100,0,200,0,100.0,40741.0,100.0,29663538246.0,100.0,201824778455.0
2018-03-03,W300C5QG,ST4000DM000,4000787030016,0,119,202297136,92,0,100,24,100,0,85,346362882,53,41174,100,0,100,24,100.0,0.0,100.0,0.0,100.0,0.0,100.0,0.0,98.0,2.0,78.0,22.0,100.0,0.0,100.0,11.0,52.0,97093.0,22,22,100,0,100,0,200,0,100.0,40764.0,100.0,29665769040.0,100.0,201857829570.0
2018-03-04,W300C5QG,ST4000DM000,4000787030016,0,113,54302792,92,0,100,24,100,0,85,347118105,53,41198,100,0,100,24,100.0,0.0,100.0,0.0,100.0,0.0,100.0,0.0,98.0,2.0,79.0,21.0,100.0,0.0,100.0,11.0,52.0,97093.0,21,21,100,0,100,0,200,0,100.0,40788.0,100.0,29667862530.0,100.0,201893627291.0
2018-03-05,W300C5QG,ST4000DM000,4000787030016,0,118,175999712,92,0,100,24,100,0,85,347903624,53,41222,100,0,100,24,100.0,0.0,100.0,0.0,100.0,0.0,100.0,0.0,98.0,2.0,78.0,22.0,100.0,0.0,100.0,11.0,52.0,97093.0,22,22,100,0,100,0,200,0,100.0,40813.0,100.0,29670025822.0,100.0,201926821449.0
2018-03-06,W300C5QG,ST4000DM000,4000787030016,0,112,43014840,92,0,100,24,100,0,85,348512364,53,41241,100,0,100,24,100.0,0.0,100.0,0.0,100.0,0.0,100.0,0.0,98.0,2.0,78.0,22.0,100.0,0.0,100.0,11.0,52.0,97093.0,22,22,100,0,100,0,200,0,100.0,40832.0,100.0,29671767218.0,100.0,201953979885.0
2018-03-07,W300C5QG,ST4000DM000,4000787030016,0,119.0,205106520.0,92.0,0.0,100.0,24.0,100.0,0.0,85.0,349748368.0,53.0,41266.0,100.0,0.0,100.0,24.0,100.0,0.0,100.0,0.0,100.0,0.0,100.0,0.0,98.0,2.0,78.0,22.0,100.0,0.0,100.0,11.0,52.0,97093.0,22.0,22.0,100.0,0.0,100.0,0.0,200.0,0.0,100.0,40856.0,100.0,29674945624.0,100.0,201993987584.0
2018-03-08,W300C5QG,ST4000DM000,4000787030016,0,111,39970408,92,0,100,24,100,0,85,350828049,53,41294,100,0,100,24,100.0,0.0,100.0,0.0,100.0,0.0,100.0,0.0,98.0,2.0,78.0,22.0,100.0,0.0,100.0,11.0,52.0,97093.0,22,22,100,0,100,0,200,0,100.0,40884.0,100.0,29677864134.0,100.0,202035265675.0
2018-03-09,W300C5QG,ST4000DM000,4000787030016,0,108,19311832,92,0,100,24,100,0,85,351816564,53,41318,100,0,100,24,100.0,0.0,100.0,0.0,100.0,0.0,100.0,0.0,98.0,2.0,78.0,22.0,100.0,0.0,100.0,11.0,52.0,97093.0,22,22,100,0,100,0,200,0,100.0,40908.0,100.0,29680468284.0,100.0,202067597341.0
2018-03-10,W300C5QG,ST4000DM000,4000787030016,0,119,233530168,92,0,100,24,100,0,85,352712180,53,41342,100,0,100,24,100.0,0.0,100.0,0.0,100.0,0.0,100.0,0.0,98.0,2.0,78.0,22.0,100.0,0.0,100.0,11.0,52.0,97102.0,22,22,100,0,100,0,200,0,100.0,40933.0,100.0,29681738808.0,100.0,202238356574.0
2018-03-11,W300C5QG,ST4000DM000,4000787030016,0,118,181967808,92,0,100,24,100,0,85,353549310,53,41366,100,0,100,24,100.0,0.0,100.0,0.0,100.0,0.0,100.0,0.0,98.0,2.0,78.0,22.0,100.0,0.0,100.0,11.0,52.0,97102.0,22,22,100,0,100,0,200,0,100.0,40956.0,100.0,29681855178.0,100.0,202583033691.0
2018-03-12,W300C5QG,ST4000DM000,4000787030016,0,119,211345640,92,0,100,24,100,0,85,354426920,53,41390,100,0,100,24,100.0,0.0,100.0,0.0,100.0,0.0,100.0,0.0,98.0,2.0,78.0,22.0,100.0,0.0,100.0,11.0,52.0,97102.0,22,22,100,0,100,0,200,0,100.0,40980.0,100.0,29681971478.0,100.0,202920327606.0
2018-03-13,W300C5QG,ST4000DM000,4000787030016,0,117,131680776,92,0,100,26,100,0,85,354860885,53,41406,100,0,100,26,100.0,0.0,100.0,0.0,100.0,0.0,100.0,0.0,98.0,2.0,77.0,23.0,100.0,0.0,100.0,12.0,52.0,97305.0,23,23,100,0,100,0,200,0,100.0,40996.0,100.0,29682054458.0,100.0,203056806062.0
2018-03-14,W300C5QG,ST4000DM000,4000787030016,0,117,167721808,92,0,100,26,100,0,85,354955687,53,41430,100,0,100,26,100.0,0.0,100.0,0.0,100.0,0.0,100.0,0.0,98.0,2.0,79.0,21.0,100.0,0.0,100.0,12.0,51.0,98437.0,21,21,100,0,100,0,200,0,100.0,41016.0,100.0,29682170988.0,100.0,203078056953.0
2018-03-15,W300C5QG,ST4000DM000,4000787030016,0,113,57558744,92,0,100,26,100,0,85,355398109,53,41461,100,0,100,26,100.0,0.0,100.0,0.0,100.0,0.0,100.0,0.0,98.0,2.0,79.0,21.0,100.0,0.0,100.0,12.0,51.0,99436.0,21,21,100,0,100,0,200,0,100.0,41043.0,100.0,29682321448.0,100.0,203231986777.0
2018-03-16,W300C5QG,ST4000DM000,4000787030016,0,118.0,183088496.0,92.0,0.0,100.0,26.0,100.0,0.0,85.0,356231128.0,53.0,41485.0,100.0,0.0,100.0,26.0,100.0,0.0,100.0,0.0,100.0,0.0,100.0,0.0,98.0,2.0,79.0,21.0,100.0,0.0,100.0,12.0,51.0,99436.0,21.0,21.0,100.0,0.0,100.0,0.0,200.0,0.0,100.0,41067.0,100.0,29682437708.0,100.0,203543034176.0
2018-03-17,W300C5QG,ST4000DM000,4000787030016,0,118,173367152,92,0,100,26,100,0,85,356892075,53,41509,100,0,100,26,100.0,0.0,100.0,0.0,100.0,0.0,100.0,0.0,98.0,2.0,79.0,21.0,100.0,0.0,100.0,12.0,51.0,99437.0,21,21,100,0,100,0,200,0,100.0,41090.0,100.0,29682554048.0,100.0,203779191699.0
2018-03-18,W300C5QG,ST4000DM000,4000787030016,0,119,201892720,92,0,100,26,100,0,85,357340196,53,41533,100,0,100,26,100.0,0.0,100.0,0.0,100.0,0.0,100.0,0.0,98.0,2.0,79.0,21.0,100.0,0.0,100.0,12.0,51.0,99438.0,21,21,100,0,100,0,200,0,100.0,41115.0,100.0,29682674088.0,100.0,203929464117.0
2018-03-19,W300C5QG,ST4000DM000,4000787030016,0,116,110538256,92,0,100,26,100,0,85,357738886,53,41557,100,0,100,26,100.0,0.0,100.0,0.0,100.0,0.0,100.0,0.0,98.0,2.0,75.0,25.0,100.0,0.0,100.0,12.0,51.0,99438.0,25,25,100,0,100,0,200,0,100.0,41139.0,100.0,29682790218.0,100.0,204069839498.0
2018-03-20,W300C5QG,ST4000DM000,4000787030016,0,111,37197064,92,0,100,26,100,0,85,358161707,53,41581,100,0,100,26,100.0,0.0,100.0,0.0,100.0,0.0,100.0,0.0,98.0,2.0,79.0,21.0,100.0,0.0,100.0,12.0,51.0,99445.0,21,21,100,0,100,0,200,0,100.0,41163.0,100.0,29682906598.0,100.0,204224642942.0
2018-03-21,W300C5QG,ST4000DM000,4000787030016,0,118,186504848,92,0,100,26,100,0,85,358554146,53,41604,100,0,100,26,100.0,0.0,100.0,0.0,100.0,0.0,100.0,0.0,98.0,2.0,78.0,22.0,100.0,0.0,100.0,12.0,51.0,99445.0,22,22,100,0,100,0,200,0,100.0,41186.0,100.0,29683022788.0,100.0,204370046371.0
2018-03-22,W300C5QG,ST4000DM000,4000787030016,0,119,225719616,92,0,100,26,100,0,85,359031511,53,41629,100,0,100,26,100.0,0.0,100.0,0.0,100.0,0.0,100.0,0.0,98.0,2.0,78.0,22.0,100.0,0.0,100.0,12.0,51.0,99445.0,22,22,100,0,100,0,200,0,100.0,41211.0,100.0,29683142918.0,100.0,204506412374.0
2018-03-23,W300C5QG,ST4000DM000,4000787030016,0,119,227878064,92,0,100,26,100,0,85,359388320,53,41653,100,0,100,26,100.0,0.0,100.0,0.0,100.0,0.0,100.0,0.0,98.0,2.0,78.0,22.0,100.0,0.0,100.0,12.0,51.0,99445.0,22,22,100,0,100,0,200,0,100.0,41235.0,100.0,29683259308.0,100.0,204629397028.0
2018-03-24,W300C5QG,ST4000DM000,4000787030016,0,112,44018032,92,0,100,26,100,0,85,359684808,53,41677,100,0,100,26,100.0,0.0,100.0,0.0,100.0,0.0,100.0,0.0,98.0,2.0,78.0,22.0,100.0,0.0,100.0,12.0,51.0,99447.0,22,22,100,0,100,0,200,0,100.0,41258.0,100.0,29683375808.0,100.0,204733194727.0
2018-03-25,W300C5QG,ST4000DM000,4000787030016,0,117,123047768,92,0,100,26,100,0,85,359925365,53,41700,100,0,100,26,100.0,0.0,100.0,0.0,100.0,0.0,100.0,0.0,98.0,2.0,77.0,23.0,100.0,0.0,100.0,12.0,51.0,99450.0,23,23,100,0,100,0,200,0,100.0,41282.0,100.0,29683492358.0,100.0,204823776289.0
2018-03-26,W300C5QG,ST4000DM000,4000787030016,0,116,103378120,92,0,100,26,100,0,85,360630501,53,41725,100,0,100,26,100.0,0.0,100.0,0.0,100.0,0.0,100.0,0.0,98.0,2.0,78.0,22.0,100.0,0.0,100.0,12.0,51.0,99451.0,22,22,100,0,100,0,200,0,100.0,41307.0,100.0,29683612498.0,100.0,205097993195.0
2018-03-27,W300C5QG,ST4000DM000,4000787030016,0,117,119962608,92,0,100,26,100,0,85,360789563,53,41749,100,0,100,26,100.0,0.0,100.0,0.0,100.0,0.0,100.0,0.0,98.0,2.0,78.0,22.0,100.0,0.0,100.0,12.0,51.0,99523.0,22,22,100,0,100,0,200,0,100.0,41330.0,100.0,29683729038.0,100.0,205153100507.0
2018-03-28,W300C5QG,ST4000DM000,4000787030016,0,117,160987696,92,0,100,26,100,0,85,360883630,53,41772,100,0,100,26,100.0,0.0,100.0,0.0,100.0,0.0,100.0,0.0,98.0,2.0,78.0,22.0,100.0,0.0,100.0,12.0,50.0,100711.0,22,22,100,0,100,0,200,0,100.0,41350.0,100.0,29683845578.0,100.0,205186277956.0
2018-03-29,W300C5QG,ST4000DM000,4000787030016,0,112,48738104,92,0,100,26,100,0,85,361389965,53,41796,100,0,100,26,100.0,0.0,100.0,0.0,100.0,0.0,100.0,0.0,98.0,2.0,75.0,25.0,100.0,0.0,100.0,12.0,50.0,101247.0,25,25,100,0,100,0,200,0,100.0,41372.0,100.0,29683962058.0,100.0,205352958351.0
2018-03-30,W300C5QG,ST4000DM000,4000787030016,0,119,216356968,92,0,100,26,100,0,85,362286775,53,41821,100,0,100,26,100.0,0.0,100.0,0.0,100.0,0.0,100.0,0.0,98.0,2.0,78.0,22.0,100.0,0.0,100.0,12.0,50.0,101247.0,22,22,100,0,100,0,200,0,100.0,41396.0,100.0,29684082188.0,100.0,205696695498.0
2018-03-31,W300C5QG,ST4000DM000,4000787030016,0,112,44233464,92,0,100,26,100,0,85,363186247,53,41845,100,0,100,26,100.0,0.0,100.0,0.0,100.0,0.0,100.0,0.0,98.0,2.0,77.0,23.0,100.0,0.0,100.0,12.0,50.0,101247.0,23,23,100,0,100,0,200,0,100.0,41420.0,100.0,29684198588.0,100.0,206024368668.0
2018-04-01,W300C5QG,ST4000DM000,4000787030016,0,107,14426680,92,0,100,26,100,0,85,364037908,53,41868,100,0,100,26,100.0,0.0,100.0,0.0,100.0,0.0,100.0,0.0,98.0,2.0,78.0,22.0,100.0,0.0,100.0,12.0,50.0,101247.0,22,22,100,0,100,0,200,0,100.0,41444.0,100.0,29684314918.0,100.0,206346726481.0
2018-04-02,W300C5QG,ST4000DM000,4000787030016,0,114,83302344,92,0,100,26,100,0,85,364933117,53,41893,100,0,100,26,100.0,0.0,100.0,0.0,100.0,0.0,100.0,0.0,98.0,2.0,78.0,22.0,100.0,0.0,100.0,12.0,50.0,101247.0,22,22,100,0,100,0,200,0,100.0,41468.0,100.0,29684434978.0,100.0,206675074156.0
2018-04-03,W300C5QG,ST4000DM000,4000787030016,0,117,133368160,92,0,100,26,100,0,85,365815107,53,41917,100,0,100,26,100.0,0.0,100.0,0.0,100.0,0.0,100.0,0.0,98.0,2.0,78.0,22.0,100.0,0.0,100.0,12.0,50.0,101247.0,22,22,100,0,100,0,200,0,100.0,41492.0,100.0,29684551258.0,100.0,207001904728.0
2018-04-04,W300C5QG,ST4000DM000,4000787030016,0,113,54305072,92,0,100,26,100,0,85,367031172,53,41940,100,0,100,26,100.0,0.0,100.0,0.0,100.0,0.0,100.0,0.0,98.0,2.0,78.0,22.0,100.0,0.0,100.0,12.0,50.0,101293.0,22,22,100,0,100,0,200,0,100.0,41516.0,100.0,29684667578.0,100.0,207473022802.0
2018-04-05,W300C5QG,ST4000DM000,4000787030016,0,119,219246584,92,0,100,26,100,0,85,368566486,53,41965,100,0,100,26,100.0,0.0,100.0,0.0,100.0,0.0,100.0,0.0,98.0,2.0,78.0,22.0,100.0,0.0,100.0,12.0,50.0,101294.0,22,22,100,0,100,0,200,0,100.0,41540.0,100.0,29684787748.0,100.0,208080784200.0
2018-04-06,W300C5QG,ST4000DM000,4000787030016,0,117,162242968,92,0,100,26,100,0,85,369869962,53,41989,100,0,100,26,100.0,0.0,100.0,0.0,100.0,0.0,100.0,0.0,98.0,2.0,78.0,22.0,100.0,0.0,100.0,12.0,50.0,101294.0,22,22,100,0,100,0,200,0,100.0,41564.0,100.0,29684904188.0,100.0,208598025117.0
2018-04-07,W300C5QG,ST4000DM000,4000787030016,0,117.0,147529632.0,92.0,0.0,100.0,26.0,100.0,0.0,85.0,370966035.0,53.0,42012.0,100.0,0.0,100.0,26.0,100.0,0.0,100.0,0.0,100.0,0.0,100.0,0.0,98.0,2.0,78.0,22.0,100.0,0.0,100.0,12.0,50.0,101294.0,22.0,22.0,100.0,0.0,100.0,0.0,200.0,0.0,100.0,41588.0,100.0,29685020598.0,100.0,209032582537.0
2018-04-08,W300C5QG,ST4000DM000,4000787030016,0,119,213615928,92,0,100,26,100,0,85,371065655,53,42036,100,0,100,26,100.0,0.0,100.0,0.0,100.0,0.0,100.0,0.0,98.0,2.0,78.0,22.0,100.0,0.0,100.0,12.0,49.0,102387.0,22,22,100,0,100,0,200,0,100.0,41608.0,100.0,29685137138.0,100.0,209068591267.0
2018-04-09,W300C5QG,ST4000DM000,4000787030016,0,105,9258392,92,0,100,26,100,0,85,371162593,52,42061,100,0,100,26,100.0,0.0,100.0,0.0,100.0,0.0,100.0,0.0,98.0,2.0,78.0,22.0,100.0,0.0,100.0,12.0,49.0,103575.0,22,22,100,0,100,0,200,0,100.0,41628.0,100.0,29685257378.0,100.0,209101569891.0
2018-04-10,W300C5QG,ST4000DM000,4000787030016,0,112,49149824,92,0,100,26,100,0,85,371256591,52,42085,100,0,100,26,100.0,0.0,100.0,0.0,100.0,0.0,100.0,0.0,98.0,2.0,78.0,22.0,100.0,0.0,100.0,12.0,48.0,104687.0,22,22,100,0,100,0,200,0,100.0,41648.0,100.0,29685373898.0,100.0,209134665243.0
2018-04-11,W300C5QG,ST4000DM000,4000787030016,0,114,62530784,92,0,100,26,100,0,85,371289737,52,42093,100,0,100,26,100.0,0.0,100.0,0.0,100.0,0.0,100.0,0.0,98.0,2.0,78.0,22.0,100.0,0.0,100.0,12.0,48.0,105117.0,22,22,100,0,100,0,200,0,100.0,41654.0,100.0,29685415178.0,100.0,209145662627.0
