2018-01-01,Z3015L8K,ST4000DM000,4000787030016,0,120,1798888,91,0,100,18,100,0,81,138151041,60,35127,100,0,100,18,99.0,1.0,100.0,0.0,100.0,0.0,100.0,0.0,94.0,6.0,80.0,20.0,100.0,0.0,100.0,7.0,69.0,62875.0,20,20,100,0,100,0,200,0,100.0,34900.0,100.0,30371323778.0,100.0,246685020554.0
2018-01-02,Z3015L8K,ST4000DM000,4000787030016,0,115,85890720,91,0,100,18,100,0,81,139048501,60,35152,100,0,100,18,99.0,1.0,100.0,0.0,100.0,0.0,100.0,0.0,94.0,6.0,78.0,22.0,100.0,0.0,100.0,7.0,69.0,62875.0,22,22,100,0,100,0,200,0,100.0,34925.0,100.0,30378368286.0,100.0,246717916190.0
2018-01-03,Z3015L8K,ST4000DM000,4000787030016,0,117,130973128,91,0,100,18,100,0,81,139958792,60,35176,100,0,100,18,99.0,1.0,100.0,0.0,100.0,0.0,100.0,0.0,94.0,6.0,79.0,21.0,100.0,0.0,100.0,7.0,69.0,62875.0,21,21,100,0,100,0,200,0,100.0,34949.0,100.0,30386211872.0,100.0,246751858536.0
2018-01-04,Z3015L8K,ST4000DM000,4000787030016,0,118,184105504,91,0,100,18,100,0,81,140906540,60,35199,100,0,100,18,99.0,1.0,100.0,0.0,100.0,0.0,100.0,0.0,94.0,6.0,79.0,21.0,100.0,0.0,100.0,7.0,69.0,62875.0,21,21,100,0,100,0,200,0,100.0,34972.0,100.0,30395361268.0,100.0,246788552737.0
2018-01-05,Z3015L8K,ST4000DM000,4000787030016,0,117.0,118819632.0,91.0,0.0,100.0,18.0,100.0,0.0,81.0,141928249.0,60.0,35224.0,100.0,0.0,100.0,18.0,99.0,1.0,100.0,0.0,100.0,0.0,100.0,0.0,94.0,6.0,79.0,21.0,100.0,0.0,100.0,7.0,69.0,62875.0,21.0,21.0,100.0,0.0,100.0,0.0,200.0,0.0,100.0,34997.0,100.0,30404815852.0,100.0,246825582337.0
2018-01-06,Z3015L8K,ST4000DM000,4000787030016,0,117,146013520,91,0,100,18,100,0,81,142833686,60,35248,100,0,100,18,99.0,1.0,100.0,0.0,100.0,0.0,100.0,0.0,94.0,6.0,79.0,21.0,100.0,0.0,100.0,7.0,69.0,62875.0,21,21,100,0,100,0,200,0,100.0,35021.0,100.0,30412233326.0,100.0,246861133766.0
2018-01-07,Z3015L8K,ST4000DM000,4000787030016,0,119,229775208,91,0,100,18,100,0,81,143816238,60,35272,100,0,100,18,99.0,1.0,100.0,0.0,100.0,0.0,100.0,0.0,94.0,6.0,79.0,21.0,100.0,0.0,100.0,7.0,69.0,62875.0,21,21,100,0,100,0,200,0,100.0,35044.0,100.0,30421899602.0,100.0,246898607123.0
2018-01-08,Z3015L8K,ST4000DM000,4000787030016,0,109,22675272,91,0,100,18,100,0,81,144737448,60,35296,100,0,100,18,99.0,1.0,100.0,0.0,100.0,0.0,100.0,0.0,94.0,6.0,78.0,22.0,100.0,0.0,100.0,7.0,69.0,62875.0,22,22,100,0,100,0,200,0,100.0,35069.0,100.0,30429026344.0,100.0,246933647840.0
2018-01-09,Z3015L8K,ST4000DM000,4000787030016,0,114,60699384,91,0,100,18,100,0,81,145219741,60,35308,100,0,100,18,99.0,1.0,100.0,0.0,100.0,0.0,100.0,0.0,94.0,6.0,79.0,21.0,100.0,0.0,100.0,7.0,69.0,62875.0,21,21,100,0,100,0,200,0,100.0,35080.0,100.0,30433775732.0,100.0,246953765576.0
2018-01-10,Z3015L8K,ST4000DM000,4000787030016,0,117,148020496,91,0,100,18,100,0,81,146541640,60,35344,100,0,100,18,99.0,1.0,100.0,0.0,100.0,0.0,100.0,0.0,94.0,6.0,79.0,21.0,100.0,0.0,100.0,7.0,69.0,62875.0,21,21,100,0,100,0,200,0,100.0,35117.0,100.0,30442513340.0,100.0,247006551611.0
2018-01-11,Z3015L8K,ST4000DM000,4000787030016,0,120,238209592,91,0,100,18,100,0,81,146983677,60,35357,100,0,100,18,99.0,1.0,100.0,0.0,100.0,0.0,100.0,0.0,94.0,6.0,79.0,21.0,100.0,0.0,100.0,7.0,69.0,62875.0,21,21,100,0,100,0,200,0,100.0,35130.0,100.0,30443832926.0,100.0,247026697353.0
2018-01-12,Z3015L8K,ST4000DM000,4000787030016,0,109,24150256,91,0,100,18,100,0,81,148032584,60,35382,100,0,100,18,99.0,1.0,100.0,0.0,100.0,0.0,100.0,0.0,94.0,6.0,79.0,21.0,100.0,0.0,100.0,7.0,69.0,62875.0,21,21,100,0,100,0,200,0,100.0,35155.0,100.0,30447546358.0,100.0,247070241689.0
2018-01-13,Z3015L8K,ST4000DM000,4000787030016,0,114.0,59364864.0,91.0,0.0,100.0,18.0,100,0,81.0,148966848.0,60,35409,100.0,0.0,100,18,99.0,1.0,100.0,0.0,100.0,0.0,100.0,0.0,94.0,6.0,79.0,21.0,100.0,0.0,100.0,7.0,69.0,62875.0,21.0,21.0,100.0,0.0,100.0,0.0,200,0,100.0,35182.0,100.0,30451373584.0,100.0,247114879473.0
2018-01-14,Z3015L8K,ST4000DM000,4000787030016,0,102.0,3863656.0,91.0,0.0,100.0,18.0,100,0,81.0,150083914.0,60,35433,100.0,0.0,100,18,99.0,1.0,100.0,0.0,100.0,0.0,100.0,0.0,94.0,6.0,80.0,20.0,100.0,0.0,100.0,7.0,69.0,62875.0,20.0,20.0,100.0,0.0,100.0,0.0,200,0,100.0,35206.0,100.0,30454223540.0,100.0,247154381879.0
2018-01-15,Z3015L8K,ST4000DM000,4000787030016,0,117.0,144874248.0,91.0,0.0,100.0,18.0,100,0,81.0,150907576.0,60,35457,100.0,0.0,100,18,99.0,1.0,100.0,0.0,100.0,0.0,100.0,0.0,94.0,6.0,79.0,21.0,100.0,0.0,100.0,7.0,69.0,62875.0,21.0,21.0,100.0,0.0,100.0,0.0,200,0,100.0,35230.0,100.0,30456498006.0,100.0,247185271118.0
2018-01-16,Z3015L8K,ST4000DM000,4000787030016,0,103.0,5322904.0,91.0,0.0,100.0,18.0,100,0,81.0,151704738.0,60,35481,100.0,0.0,100,18,99.0,1.0,100.0,0.0,100.0,0.0,100.0,0.0,94.0,6.0,81.0,19.0,100.0,0.0,100.0,7.0,69.0,62875.0,19.0,19.0,100.0,0.0,100.0,0.0,200,0,100.0,35254.0,100.0,30458852050.0,100.0,247217625938.0
2018-01-17,Z3015L8K,ST4000DM000,4000787030016,0,103.0,5322904.0,91.0,0.0,100.0,18.0,100,0,81.0,151704738.0,60,35481,100.0,0.0,100,18,99.0,1.0,100.0,0.0,100.0,0.0,100.0,0.0,94.0,6.0,81.0,19.0,100.0,0.0,100.0,7.0,69.0,62875.0,19.0,19.0,100.0,0.0,100.0,0.0,200,0,100.0,35254.0,100.0,30458852050.0,100.0,247217625938.0
2018-01-19,Z3015L8K,ST4000DM000,4000787030016,0,112.0,49703104.0,91.0,0.0,100.0,18.0,100.0,0.0,81.0,154618101.0,60.0,35554.0,100.0,0.0,100.0,18.0,99.0,1.0,100.0,0.0,100.0,0.0,100.0,0.0,94.0,6.0,81.0,19.0,100.0,0.0,100.0,7.0,69.0,62875.0,19.0,19.0,100.0,0.0,100.0,0.0,200.0,0.0,100.0,35327.0,100.0,30466593670.0,100.0,247328850594.0
2018-01-20,Z3015L8K,ST4000DM000,4000787030016,0,119.0,204936656.0,91.0,0.0,100.0,18.0,100,0,81.0,155458114.0,60,35579,100.0,0.0,100,18,99.0,1.0,100.0,0.0,100.0,0.0,100.0,0.0,94.0,6.0,81.0,19.0,100.0,0.0,100.0,7.0,69.0,62875.0,19.0,19.0,100.0,0.0,100.0,0.0,200,0,100.0,35352.0,100.0,30468874816.0,100.0,247362618174.0
2018-01-21,Z3015L8K,ST4000DM000,4000787030016,0,116.0,110649960.0,91.0,0.0,100.0,18.0,100,0,81.0,156271269.0,60,35602,100.0,0.0,100,18,99.0,1.0,100.0,0.0,100.0,0.0,100.0,0.0,94.0,6.0,81.0,19.0,100.0,0.0,100.0,7.0,69.0,62875.0,19.0,19.0,100.0,0.0,100.0,0.0,200,0,100.0,35375.0,100.0,30471029536.0,100.0,247400304531.0
2018-01-22,Z3015L8K,ST4000DM000,4000787030016,0,112.0,45264552.0,91.0,0.0,100.0,18.0,100,0,81.0,157100387.0,60,35626,100.0,0.0,100,18,99.0,1.0,100.0,0.0,100.0,0.0,100.0,0.0,94.0,6.0,81.0,19.0,100.0,0.0,100.0,7.0,69.0,62875.0,19.0,19.0,100.0,0.0,100.0,0.0,200,0,100.0,35399.0,100.0,30473201058.0,100.0,247433086783.0
2018-01-23,Z3015L8K,ST4000DM000,4000787030016,0,111.0,35083680.0,91.0,0.0,100.0,18.0,100,0,81.0,157964267.0,60,35651,100.0,0.0,100,18,99.0,1.0,100.0,0.0,100.0,0.0,100.0,0.0,94.0,6.0,82.0,18.0,100.0,0.0,100.0,7.0,69.0,62879.0,18.0,18.0,100.0,0.0,100.0,0.0,200,0,100.0,35424.0,100.0,30475463886.0,100.0,247473061409.0
2018-01-24,Z3015L8K,ST4000DM000,4000787030016,0,117.0,165624560.0,91.0,0.0,100.0,18.0,100,0,81.0,158895214.0,60,35674,100.0,0.0,100,18,99.0,1.0,100.0,0.0,100.0,0.0,100.0,0.0,94.0,6.0,82.0,18.0,100.0,0.0,100.0,7.0,69.0,62894.0,18.0,18.0,100.0,0.0,100.0,0.0,200,0,100.0,35447.0,100.0,30478402398.0,100.0,247513276230.0
2018-01-25,Z3015L8K,ST4000DM000,4000787030016,0,118.0,192297288.0,91.0,0.0,100.0,18.0,100,0,81.0,159782779.0,60,35698,100.0,0.0,100,18,99.0,1.0,100.0,0.0,100.0,0.0,100.0,0.0,94.0,6.0,81.0,19.0,100.0,0.0,100.0,7.0,69.0,62901.0,19.0,19.0,100.0,0.0,100.0,0.0,200,0,100.0,35471.0,100.0,30480680872.0,100.0,247546750248.0
2018-01-26,Z3015L8K,ST4000DM000,4000787030016,0,102.0,4843472.0,91.0,0.0,100.0,18.0,100,0,81.0,160706931.0,60,35722,100.0,0.0,100,18,99.0,1.0,100.0,0.0,100.0,0.0,100.0,0.0,94.0,6.0,81.0,19.0,100.0,0.0,100.0,7.0,69.0,62924.0,19.0,19.0,100.0,0.0,100.0,0.0,200,0,100.0,35495.0,100.0,30483118426.0,100.0,247580143106.0
2018-01-27,Z3015L8K,ST4000DM000,4000787030016,0,114.0,69815264.0,91.0,0.0,100.0,18.0,100,0,81.0,161622589.0,60,35747,100.0,0.0,100,18,99.0,1.0,100.0,0.0,100.0,0.0,100.0,0.0,94.0,6.0,82.0,18.0,100.0,0.0,100.0,7.0,69.0,62924.0,18.0,18.0,100.0,0.0,100.0,0.0,200,0,100.0,35519.0,100.0,30485583522.0,100.0,247619323619.0
2018-01-28,Z3015L8K,ST4000DM000,4000787030016,0,110.0,25545280.0,91.0,0.0,100.0,18.0,100,0,81.0,162493642.0,60,35770,100.0,0.0,100,18,99.0,1.0,100.0,0.0,100.0,0.0,100.0,0.0,94.0,6.0,82.0,18.0,100.0,0.0,100.0,7.0,69.0,62924.0,18.0,18.0,100.0,0.0,100.0,0.0,200,0,100.0,35543.0,100.0,30487943466.0,100.0,247650126182.0
2018-01-29,Z3015L8K,ST4000DM000,4000787030016,0,116.0,109807920.0,91.0,0.0,100.0,18.0,100,0,81.0,163296756.0,60,35794,100.0,0.0,100,18,99.0,1.0,100.0,0.0,100.0,0.0,100.0,0.0,94.0,6.0,81.0,19.0,100.0,0.0,100.0,7.0,69.0,62924.0,19.0,19.0,100.0,0.0,100.0,0.0,200,0,100.0,35567.0,100.0,30490278750.0,100.0,247680574627.0
2018-01-30,Z3015L8K,ST4000DM000,4000787030016,0,114.0,70964088.0,91.0,0.0,100.0,18.0,100,0,81.0,163997386.0,60,35816,100.0,0.0,100,18,99.0,1.0,100.0,0.0,100.0,0.0,100.0,0.0,94.0,6.0,82.0,18.0,100.0,0.0,100.0,7.0,69.0,62924.0,18.0,18.0,100.0,0.0,100.0,0.0,200,0,100.0,35588.0,100.0,30492205386.0,100.0,247710225752.0
2018-01-31,Z3015L8K,ST4000DM000,4000787030016,0,114.0,68622976.0,91.0,0.0,100.0,18.0,100.0,0.0,81.0,165261205.0,60.0,35839.0,100.0,0.0,100.0,18.0,99.0,1.0,100.0,0.0,100.0,0.0,100.0,0.0,94.0,6.0,81.0,19.0,100.0,0.0,100.0,7.0,69.0,62924.0,19.0,19.0,100.0,0.0,100.0,0.0,200.0,0.0,100.0,35612.0,100.0,30495330152.0,100.0,247757389835.0
2018-02-01,Z3015L8K,ST4000DM000,4000787030016,0,118.0,173350128.0,91.0,0.0,100.0,18.0,100,0,81.0,166202725.0,60,35864,100.0,0.0,100,18,99.0,1.0,100.0,0.0,100.0,0.0,100.0,0.0,94.0,6.0,81.0,19.0,100.0,0.0,100.0,7.0,69.0,62924.0,19.0,19.0,100.0,0.0,100.0,0.0,200,0,100.0,35637.0,100.0,30498052964.0,100.0,247795742992.0
2018-02-02,Z3015L8K,ST4000DM000,4000787030016,0,114.0,83335368.0,91.0,0.0,100.0,18.0,100,0,81.0,167034240.0,60,35888,100.0,0.0,100,18,99.0,1.0,100.0,0.0,100.0,0.0,100.0,0.0,94.0,6.0,82.0,18.0,100.0,0.0,100.0,7.0,69.0,62924.0,18.0,18.0,100.0,0.0,100.0,0.0,200,0,100.0,35660.0,100.0,30500607758.0,100.0,247830653803.0
2018-02-03,Z3015L8K,ST4000DM000,4000787030016,0,120.0,235153432.0,91.0,0.0,100.0,18.0,100,0,82.0,167984426.0,60,35911,100.0,0.0,100,18,99.0,1.0,100.0,0.0,100.0,0.0,100.0,0.0,94.0,6.0,81.0,19.0,100.0,0.0,100.0,7.0,69.0,62924.0,19.0,19.0,100.0,0.0,100.0,0.0,200,0,100.0,35684.0,100.0,30503255452.0,100.0,247871605135.0
2018-02-04,Z3015L8K,ST4000DM000,4000787030016,0,116.0,115646272.0,91.0,0.0,100.0,18.0,100,0,82.0,169162558.0,59,35944,100.0,0.0,100,18,99.0,1.0,100.0,0.0,100.0,0.0,100.0,0.0,94.0,6.0,81.0,19.0,100.0,0.0,100.0,7.0,69.0,62924.0,19.0,19.0,100.0,0.0,100.0,0.0,200,0,100.0,35716.0,100.0,30506399372.0,100.0,247914932027.0
2018-02-05,Z3015L8K,ST4000DM000,4000787030016,0,116.0,101515896.0,91.0,0.0,100.0,18.0,100,0,82.0,170032143.0,59,35967,100.0,0.0,100,18,99.0,1.0,100.0,0.0,100.0,0.0,100.0,0.0,94.0,6.0,81.0,19.0,100.0,0.0,100.0,7.0,69.0,62924.0,19.0,19.0,100.0,0.0,100.0,0.0,200,0,100.0,35740.0,100.0,30508737050.0,100.0,247946297992.0
2018-02-06,Z3015L8K,ST4000DM000,4000787030016,0,110.0,28402336.0,91.0,0.0,100.0,18.0,100,0,82.0,170870787.0,59,35992,100.0,0.0,100,18,99.0,1.0,100.0,0.0,100.0,0.0,100.0,0.0,94.0,6.0,80.0,20.0,100.0,0.0,100.0,7.0,69.0,62924.0,20.0,20.0,100.0,0.0,100.0,0.0,200,0,100.0,35765.0,100.0,30511003100.0,100.0,247980081749.0
2018-02-07,Z3015L8K,ST4000DM000,4000787030016,0,119.0,214298584.0,91.0,0.0,100.0,18.0,100,0,82.0,171728429.0,59,36016,100.0,0.0,100,18,99.0,1.0,100.0,0.0,100.0,0.0,100.0,0.0,94.0,6.0,81.0,19.0,100.0,0.0,100.0,7.0,69.0,62924.0,19.0,19.0,100.0,0.0,100.0,0.0,200,0,100.0,35788.0,100.0,30513422072.0,100.0,248013343401.0
2018-02-08,Z3015L8K,ST4000DM000,4000787030016,0,116.0,104844504.0,91.0,0.0,100.0,18.0,100,0,82.0,172687560.0,59,36039,100.0,0.0,100,18,99.0,1.0,100.0,0.0,100.0,0.0,100.0,0.0,94.0,6.0,79.0,21.0,100.0,0.0,100.0,7.0,69.0,62924.0,21.0,21.0,100.0,0.0,100.0,0.0,200,0,100.0,35812.0,100.0,30516069488.0,100.0,248048046256.0
2018-02-09,Z3015L8K,ST4000DM000,4000787030016,0,113,56938704,91,0,100,18,100,0,82,173556663,59,36064,100,0,100,18,99.0,1.0,100.0,0.0,100.0,0.0,100.0,0.0,94.0,6.0,81.0,19.0,100.0,0.0,100.0,7.0,69.0,62924.0,19,19,100,0,100,0,200,0,100.0,35837.0,100.0,30518351896.0,100.0,248077214821.0
2018-02-10,Z3015L8K,ST4000DM000,4000787030016,0,111.0,29702024.0,91.0,0.0,100.0,18.0,100.0,0.0,82.0,174560090.0,59.0,36088.0,100.0,0.0,100.0,18.0,99.0,1.0,100.0,0.0,100.0,0.0,100.0,0.0,94.0,6.0,81.0,19.0,100.0,0.0,100.0,7.0,69.0,62924.0,19.0,19.0,100.0,0.0,100.0,0.0,200.0,0.0,100.0,35860.0,100.0,30521052166.0,100.0,248112308260.0
2018-02-11,Z3015L8K,ST4000DM000,4000787030016,0,118,180856848,91,0,100,18,100,0,82,175395009,59,36111,100,0,100,18,99.0,1.0,100.0,0.0,100.0,0.0,100.0,0.0,94.0,6.0,82.0,18.0,100.0,0.0,100.0,7.0,69.0,62924.0,18,18,100,0,100,0,200,0,100.0,35884.0,100.0,30523288242.0,100.0,248147153666.0
2018-02-12,Z3015L8K,ST4000DM000,4000787030016,0,119,227282040,91,0,100,18,100,0,82,176309014,59,36135,100,0,100,18,99.0,1.0,100.0,0.0,100.0,0.0,100.0,0.0,94.0,6.0,81.0,19.0,100.0,0.0,100.0,7.0,69.0,62924.0,19,19,100,0,100,0,200,0,100.0,35908.0,100.0,30525858008.0,100.0,248180906403.0
2018-02-13,Z3015L8K,ST4000DM000,4000787030016,0,117,125746672,91,0,100,18,100,0,82,177140712,59,36160,100,0,100,18,99.0,1.0,100.0,0.0,100.0,0.0,100.0,0.0,94.0,6.0,81.0,19.0,100.0,0.0,100.0,7.0,69.0,62925.0,19,19,100,0,100,0,200,0,100.0,35933.0,100.0,30528302098.0,100.0,248215098634.0
2018-02-14,Z3015L8K,ST4000DM000,4000787030016,0,114,64164264,91,0,100,18,100,0,82,178251534,59,36184,100,0,100,18,99.0,1.0,100.0,0.0,100.0,0.0,100.0,0.0,94.0,6.0,81.0,19.0,100.0,0.0,100.0,7.0,69.0,62925.0,19,19,100,0,100,0,200,0,100.0,35956.0,100.0,30532114332.0,100.0,248254242845.0
2018-02-15,Z3015L8K,ST4000DM000,4000787030016,0,114,60616920,91,0,100,18,100,0,82,179263469,59,36207,100,0,100,18,99.0,1.0,100.0,0.0,100.0,0.0,100.0,0.0,94.0,6.0,81.0,19.0,100.0,0.0,100.0,7.0,69.0,62925.0,19,19,100,0,100,0,200,0,100.0,35980.0,100.0,30535238300.0,100.0,248293769448.0
2018-02-16,Z3015L8K,ST4000DM000,4000787030016,0,113,57572160,91,0,100,18,100,0,82,179975143,59,36231,100,0,100,18,99.0,1.0,100.0,0.0,100.0,0.0,100.0,0.0,94.0,6.0,81.0,19.0,100.0,0.0,100.0,7.0,69.0,63198.0,19,19,100,0,100,0,200,0,100.0,36003.0,100.0,30537265978.0,100.0,248326420590.0
2018-02-17,Z3015L8K,ST4000DM000,4000787030016,0,114,83169928,91,0,100,19,100,0,82,180052034,59,36250,100,0,100,19,99.0,1.0,100.0,0.0,100.0,0.0,100.0,0.0,94.0,6.0,82.0,18.0,100.0,0.0,100.0,7.0,68.0,64210.0,18,18,100,0,100,0,200,0,100.0,36019.0,100.0,30537359714.0,100.0,248346927525.0
2018-02-18,Z3015L8K,ST4000DM000,4000787030016,0,117,141403944,91,0,100,19,100,0,82,180153671,59,36275,100,0,100,19,99.0,1.0,100.0,0.0,100.0,0.0,100.0,0.0,94.0,6.0,82.0,18.0,100.0,0.0,100.0,7.0,68.0,65446.0,18,18,100,0,100,0,200,0,100.0,36039.0,100.0,30537480064.0,100.0,248376281473.0
2018-02-19,Z3015L8K,ST4000DM000,4000787030016,0,118,186849072,91,0,100,19,100,0,82,180251883,59,36299,100,0,100,19,99.0,1.0,100.0,0.0,100.0,0.0,100.0,0.0,94.0,6.0,81.0,19.0,100.0,0.0,100.0,7.0,67.0,66640.0,19,19,100,0,100,0,200,0,100.0,36058.0,100.0,30537596624.0,100.0,248410350300.0
2018-02-20,Z3015L8K,ST4000DM000,4000787030016,0,119,223964760,91,0,100,19,100,0,82,180347672,59,36323,100,0,100,19,99.0,1.0,100.0,0.0,100.0,0.0,100.0,0.0,94.0,6.0,79.0,21.0,100.0,0.0,100.0,7.0,67.0,67877.0,21,21,100,0,100,0,200,0,100.0,36078.0,100.0,30537713094.0,100.0,248441758596.0
2018-02-21,Z3015L8K,ST4000DM000,4000787030016,0,108,18258808,91,0,100,19,100,0,82,180442503,59,36346,100,0,100,19,99.0,1.0,100.0,0.0,100.0,0.0,100.0,0.0,94.0,6.0,82.0,18.0,100.0,0.0,100.0,7.0,66.0,69161.0,18,18,100,0,100,0,200,0,100.0,36097.0,100.0,30537829424.0,100.0,248476579212.0
2018-02-22,Z3015L8K,ST4000DM000,4000787030016,0,113,56899976,91,0,100,19,100,0,82,180540817,59,36371,100,0,100,19,99.0,1.0,100.0,0.0,100.0,0.0,100.0,0.0,94.0,6.0,82.0,18.0,100.0,0.0,100.0,7.0,65.0,70440.0,18,18,100,0,100,0,200,0,100.0,36117.0,100.0,30537949644.0,100.0,248510211164.0
2018-02-23,Z3015L8K,ST4000DM000,4000787030016,0,115,93781928,91,0,100,19,100,0,82,180635520,59,36395,100,0,100,19,99.0,1.0,100.0,0.0,100.0,0.0,100.0,0.0,94.0,6.0,80.0,20.0,100.0,0.0,100.0,7.0,65.0,71689.0,20,20,100,0,100,0,200,0,100.0,36136.0,100.0,30538066224.0,100.0,248543397956.0
2018-02-24,Z3015L8K,ST4000DM000,4000787030016,0,117,133218576,91,0,100,19,100,0,82,180731311,59,36418,100,0,100,19,99.0,1.0,100.0,0.0,100.0,0.0,100.0,0.0,94.0,6.0,80.0,20.0,100.0,0.0,100.0,7.0,64.0,72888.0,20,20,100,0,100,0,200,0,100.0,36156.0,100.0,30538182804.0,100.0,248576860021.0
2018-02-25,Z3015L8K,ST4000DM000,4000787030016,0,118,185031120,91,0,100,19,100,0,82,180833623,59,36443,100,0,100,19,99.0,1.0,100.0,0.0,100.0,0.0,100.0,0.0,94.0,6.0,80.0,20.0,100.0,0.0,100.0,7.0,63.0,74092.0,20,20,100,0,100,0,200,0,100.0,36176.0,100.0,30538303024.0,100.0,248611676239.0
2018-02-26,Z3015L8K,ST4000DM000,4000787030016,0,119,229344984,91,0,100,19,100,0,82,180930788,59,36467,100,0,100,19,99.0,1.0,100.0,0.0,100.0,0.0,100.0,0.0,94.0,6.0,80.0,20.0,100.0,0.0,100.0,7.0,63.0,75276.0,20,20,100,0,100,0,200,0,100.0,36196.0,100.0,30538419604.0,100.0,248645214327.0
2018-02-27,Z3015L8K,ST4000DM000,4000787030016,0,119,221963552,91,0,100,19,100,0,82,181304214,59,36490,100,0,100,19,99.0,1.0,100.0,0.0,100.0,0.0,100.0,0.0,94.0,6.0,80.0,20.0,100.0,0.0,100.0,7.0,63.0,75992.0,20,20,100,0,100,0,200,0,100.0,36217.0,100.0,30539317656.0,100.0,248682404249.0
2018-02-28,Z3015L8K,ST4000DM000,4000787030016,0,117,165309648,91,0,100,19,100,0,82,182292559,59,36515,100,0,100,19,99.0,1.0,100.0,0.0,100.0,0.0,100.0,0.0,94.0,6.0,79.0,21.0,100.0,0.0,100.0,7.0,63.0,75992.0,21,21,100,0,100,0,200,0,100.0,36242.0,100.0,30541919944.0,100.0,248718895084.0
2018-03-01,Z3015L8K,ST4000DM000,4000787030016,0,107,13587744,91,0,100,19,100,0,82,183219344,59,36537,100,0,100,19,99.0,1.0,100.0,0.0,100.0,0.0,100.0,0.0,94.0,6.0,78.0,22.0,100.0,0.0,100.0,7.0,63.0,75992.0,22,22,100,0,100,0,200,0,100.0,36264.0,100.0,30545451872.0,100.0,248755162707.0
2018-03-02,Z3015L8K,ST4000DM000,4000787030016,0,117,154026888,91,0,100,19,100,0,82,184591476,59,36561,100,0,100,19,99.0,1.0,100.0,0.0,100.0,0.0,100.0,0.0,94.0,6.0,79.0,21.0,100.0,0.0,100.0,7.0,63.0,75992.0,21,21,100,0,100,0,200,0,100.0,36288.0,100.0,30548765764.0,100.0,248790705955.0
2018-03-03,Z3015L8K,ST4000DM000,4000787030016,0,118,168494944,91,0,100,19,100,0,82,185760012,59,36585,100,0,100,19,99.0,1.0,100.0,0.0,100.0,0.0,100.0,0.0,94.0,6.0,78.0,22.0,100.0,0.0,100.0,7.0,63.0,75992.0,22,22,100,0,100,0,200,0,100.0,36312.0,100.0,30551960590.0,100.0,248831373808.0
2018-03-04,Z3015L8K,ST4000DM000,4000787030016,0,118,190130464,91,0,100,19,100,0,82,186802170,59,36609,100,0,100,19,99.0,1.0,100.0,0.0,100.0,0.0,100.0,0.0,94.0,6.0,78.0,22.0,100.0,0.0,100.0,7.0,63.0,75992.0,22,22,100,0,100,0,200,0,100.0,36336.0,100.0,30554825394.0,100.0,248869872157.0
2018-03-05,Z3015L8K,ST4000DM000,4000787030016,0,110,26771168,91,0,100,19,100,0,82,187880478,59,36633,100,0,100,19,99.0,1.0,100.0,0.0,100.0,0.0,100.0,0.0,94.0,6.0,78.0,22.0,100.0,0.0,100.0,7.0,63.0,75992.0,22,22,100,0,100,0,200,0,100.0,36360.0,100.0,30557566908.0,100.0,248901448355.0
2018-03-06,Z3015L8K,ST4000DM000,4000787030016,0,115,95546424,91,0,100,19,100,0,82,189117946,59,36661,100,0,100,19,99.0,1.0,100.0,0.0,100.0,0.0,100.0,0.0,94.0,6.0,78.0,22.0,100.0,0.0,100.0,7.0,63.0,75998.0,22,22,100,0,100,0,200,0,100.0,36388.0,100.0,30560627540.0,100.0,248939382063.0
2018-03-07,Z3015L8K,ST4000DM000,4000787030016,0,108.0,18916192.0,91.0,0.0,100.0,19.0,100.0,0.0,82.0,190368413.0,59.0,36685.0,100.0,0.0,100.0,19.0,99.0,1.0,100.0,0.0,100.0,0.0,100.0,0.0,94.0,6.0,80.0,20.0,100.0,0.0,100.0,7.0,63.0,75998.0,20.0,20.0,100.0,0.0,100.0,0.0,200.0,0.0,100.0,36411.0,100.0,30564185740.0,100.0,248978543208.0
2018-03-08,Z3015L8K,ST4000DM000,4000787030016,0,117,159068504,91,0,100,19,100,0,82,191478720,59,36709,100,0,100,19,99.0,1.0,100.0,0.0,100.0,0.0,100.0,0.0,94.0,6.0,80.0,20.0,100.0,0.0,100.0,7.0,63.0,75998.0,20,20,100,0,100,0,200,0,100.0,36436.0,100.0,30567086166.0,100.0,249014587582.0
2018-03-09,Z3015L8K,ST4000DM000,4000787030016,0,118,196309392,91,0,100,19,100,0,82,192810668,59,36735,100,0,100,19,99.0,1.0,100.0,0.0,100.0,0.0,100.0,0.0,94.0,6.0,79.0,21.0,100.0,0.0,100.0,7.0,63.0,75998.0,21,21,100,0,100,0,200,0,100.0,36462.0,100.0,30570418244.0,100.0,249059723430.0
2018-03-10,Z3015L8K,ST4000DM000,4000787030016,0,114,64251976,91,0,100,19,100,0,82,194048968,59,36760,100,0,100,19,99.0,1.0,100.0,0.0,100.0,0.0,100.0,0.0,94.0,6.0,79.0,21.0,100.0,0.0,100.0,7.0,63.0,75998.0,21,21,100,0,100,0,200,0,100.0,36487.0,100.0,30573877224.0,100.0,249106907525.0
2018-03-11,Z3015L8K,ST4000DM000,4000787030016,0,115,84584536,91,0,100,19,100,0,82,194954034,59,36784,100,0,100,19,99.0,1.0,100.0,0.0,100.0,0.0,100.0,0.0,94.0,6.0,78.0,22.0,100.0,0.0,100.0,7.0,63.0,75998.0,22,22,100,0,100,0,200,0,100.0,36510.0,100.0,30576337958.0,100.0,249136103810.0
2018-03-12,Z3015L8K,ST4000DM000,4000787030016,0,118,200952040,91,0,100,19,100,0,82,195772176,58,36807,100,0,100,19,99.0,1.0,100.0,0.0,100.0,0.0,100.0,0.0,94.0,6.0,79.0,21.0,100.0,0.0,100.0,7.0,63.0,75998.0,21,21,100,0,100,0,200,0,100.0,36534.0,100.0,30578643390.0,100.0,249166793148.0
2018-03-13,Z3015L8K,ST4000DM000,4000787030016,0,114,66417808,91,0,100,19,100,0,82,196598579,58,36832,100,0,100,19,99.0,1.0,100.0,0.0,100.0,0.0,100.0,0.0,94.0,6.0,78.0,22.0,100.0,0.0,100.0,7.0,63.0,75998.0,22,22,100,0,100,0,200,0,100.0,36559.0,100.0,30580926148.0,100.0,249195546810.0
2018-03-14,Z3015L8K,ST4000DM000,4000787030016,0,103,5447872,91,0,100,19,100,0,82,197312768,58,36856,100,0,100,19,99.0,1.0,100.0,0.0,100.0,0.0,100.0,0.0,94.0,6.0,78.0,22.0,100.0,0.0,100.0,7.0,63.0,75998.0,22,22,100,0,100,0,200,0,100.0,36582.0,100.0,30582936042.0,100.0,249227045657.0
2018-03-15,Z3015L8K,ST4000DM000,4000787030016,0,118,196292472,91,0,100,19,100,0,82,198321389,58,36880,100,0,100,19,99.0,1.0,100.0,0.0,100.0,0.0,100.0,0.0,94.0,6.0,78.0,22.0,100.0,0.0,100.0,7.0,63.0,75998.0,22,22,100,0,100,0,200,0,100.0,36607.0,100.0,30585638010.0,100.0,249263353161.0
2018-03-16,Z3015L8K,ST4000DM000,4000787030016,0,118.0,200710240.0,91.0,0.0,100.0,19.0,100.0,0.0,82.0,199174944.0,58.0,36904.0,100.0,0.0,100.0,19.0,99.0,1.0,100.0,0.0,100.0,0.0,100.0,0.0,94.0,6.0,78.0,22.0,100.0,0.0,100.0,7.0,63.0,75998.0,22.0,22.0,100.0,0.0,100.0,0.0,200.0,0.0,100.0,36631.0,100.0,30588127130.0,100.0,249305694460.0
2018-03-17,Z3015L8K,ST4000DM000,4000787030016,0,111,33547160,91,0,100,19,100,0,82,199948752,58,36928,100,0,100,19,99.0,1.0,100.0,0.0,100.0,0.0,100.0,0.0,94.0,6.0,78.0,22.0,100.0,0.0,100.0,7.0,63.0,75998.0,22,22,100,0,100,0,200,0,100.0,36655.0,100.0,30590311682.0,100.0,249342684053.0
2018-03-18,Z3015L8K,ST4000DM000,4000787030016,0,117,134903616,91,0,100,19,100,0,82,200738782,58,36952,100,0,100,19,99.0,1.0,100.0,0.0,100.0,0.0,100.0,0.0,94.0,6.0,78.0,22.0,100.0,0.0,100.0,7.0,63.0,75998.0,22,22,100,0,100,0,200,0,100.0,36679.0,100.0,30592501888.0,100.0,249378085634.0
2018-03-19,Z3015L8K,ST4000DM000,4000787030016,0,118,188654216,91,0,100,19,100,0,83,201504470,58,36976,100,0,100,19,99.0,1.0,100.0,0.0,100.0,0.0,100.0,0.0,94.0,6.0,76.0,24.0,100.0,0.0,100.0,7.0,63.0,75998.0,24,24,100,0,100,0,200,0,100.0,36703.0,100.0,30594646326.0,100.0,249409519221.0
2018-03-20,Z3015L8K,ST4000DM000,4000787030016,0,118,189191392,91,0,100,19,100,0,83,202243551,58,37000,100,0,100,19,99.0,1.0,100.0,0.0,100.0,0.0,100.0,0.0,94.0,6.0,78.0,22.0,100.0,0.0,100.0,7.0,63.0,75998.0,22,22,100,0,100,0,200,0,100.0,36727.0,100.0,30596830256.0,100.0,249441931421.0
2018-03-21,Z3015L8K,ST4000DM000,4000787030016,0,105,8698360,91,0,100,19,100,0,83,203199853,58,37025,100,0,100,19,99.0,1.0,100.0,0.0,100.0,0.0,100.0,0.0,94.0,6.0,79.0,21.0,100.0,0.0,100.0,7.0,63.0,75998.0,21,21,100,0,100,0,200,0,100.0,36751.0,100.0,30600577640.0,100.0,249591528304.0
2018-03-22,Z3015L8K,ST4000DM000,4000787030016,0,116,105184072,91,0,100,20,100,0,83,203825654,58,37046,100,0,100,20,99.0,1.0,100.0,0.0,100.0,0.0,100.0,0.0,94.0,6.0,78.0,22.0,100.0,0.0,100.0,7.0,62.0,76126.0,22,22,100,0,100,0,200,0,100.0,36772.0,100.0,30602266378.0,100.0,249618060157.0
2018-03-23,Z3015L8K,ST4000DM000,4000787030016,0,116,113477064,91,0,100,20,100,0,83,204932623,58,37070,100,0,100,20,99.0,1.0,100.0,0.0,100.0,0.0,100.0,0.0,94.0,6.0,80.0,20.0,100.0,0.0,100.0,7.0,62.0,76126.0,20,20,100,0,100,0,200,0,100.0,36796.0,100.0,30605131928.0,100.0,249664018524.0
2018-03-24,Z3015L8K,ST4000DM000,4000787030016,0,108,15217472,91,0,100,20,100,0,83,206156324,58,37094,100,0,100,20,99.0,1.0,100.0,0.0,100.0,0.0,100.0,0.0,94.0,6.0,79.0,21.0,100.0,0.0,100.0,7.0,62.0,76126.0,21,21,100,0,100,0,200,0,100.0,36821.0,100.0,30608158162.0,100.0,249706826671.0
2018-03-25,Z3015L8K,ST4000DM000,4000787030016,0,118,189589440,91,0,100,20,100,0,83,207123861,58,37118,100,0,100,20,99.0,1.0,100.0,0.0,100.0,0.0,100.0,0.0,94.0,6.0,79.0,21.0,100.0,0.0,100.0,7.0,62.0,76126.0,21,21,100,0,100,0,200,0,100.0,36844.0,100.0,30610560598.0,100.0,249740165264.0
2018-03-26,Z3015L8K,ST4000DM000,4000787030016,0,117,152222664,91,0,100,20,100,0,83,207976278,58,37142,100,0,100,20,99.0,1.0,100.0,0.0,100.0,0.0,100.0,0.0,94.0,6.0,79.0,21.0,100.0,0.0,100.0,7.0,62.0,76126.0,21,21,100,0,100,0,200,0,100.0,36868.0,100.0,30612837414.0,100.0,249775951632.0
2018-03-27,Z3015L8K,ST4000DM000,4000787030016,0,108,19162832,91,0,100,20,100,0,83,208777147,58,37166,100,0,100,20,99.0,1.0,100.0,0.0,100.0,0.0,100.0,0.0,94.0,6.0,79.0,21.0,100.0,0.0,100.0,7.0,62.0,76126.0,21,21,100,0,100,0,200,0,100.0,36893.0,100.0,30615024818.0,100.0,249810864391.0
2018-03-28,Z3015L8K,ST4000DM000,4000787030016,0,111,40131592,91,0,100,20,100,0,83,209492705,58,37190,100,0,100,20,99.0,1.0,100.0,0.0,100.0,0.0,100.0,0.0,94.0,6.0,77.0,23.0,100.0,0.0,100.0,7.0,62.0,76126.0,23,23,100,0,100,0,200,0,100.0,36916.0,100.0,30617023542.0,100.0,249847982398.0
2018-03-29,Z3015L8K,ST4000DM000,4000787030016,0,117,159580304,91,0,100,20,100,0,83,210577238,58,37216,100,0,100,20,99.0,1.0,100.0,0.0,100.0,0.0,100.0,0.0,94.0,6.0,78.0,22.0,100.0,0.0,100.0,7.0,62.0,76126.0,22,22,100,0,100,0,200,0,100.0,36942.0,100.0,30619815904.0,100.0,249886752583.0
2018-03-30,Z3015L8K,ST4000DM000,4000787030016,0,114,68210320,91,0,100,20,100,0,83,211514206,58,37239,100,0,100,20,99.0,1.0,100.0,0.0,100.0,0.0,100.0,0.0,94.0,6.0,78.0,22.0,100.0,0.0,100.0,7.0,62.0,76126.0,22,22,100,0,100,0,200,0,100.0,36966.0,100.0,30622190466.0,100.0,249924070854.0
2018-03-31,Z3015L8K,ST4000DM000,4000787030016,0,115,99786416,91,0,100,20,100,0,83,212561370,58,37264,100,0,100,20,99.0,1.0,100.0,0.0,100.0,0.0,100.0,0.0,94.0,6.0,80.0,20.0,100.0,0.0,100.0,7.0,62.0,76126.0,20,20,100,0,100,0,200,0,100.0,36990.0,100.0,30624933756.0,100.0,249960147531.0
2018-04-01,Z3015L8K,ST4000DM000,4000787030016,0,116,111044560,91,0,100,20,100,0,83,213466211,58,37288,100,0,100,20,99.0,1.0,100.0,0.0,100.0,0.0,100.0,0.0,94.0,6.0,79.0,21.0,100.0,0.0,100.0,7.0,62.0,76126.0,21,21,100,0,100,0,200,0,100.0,37014.0,100.0,30627394718.0,100.0,249992847161.0
2018-04-02,Z3015L8K,ST4000DM000,4000787030016,0,116,106878280,91,0,100,20,100,0,83,214348651,58,37311,100,0,100,20,99.0,1.0,100.0,0.0,100.0,0.0,100.0,0.0,94.0,6.0,79.0,21.0,100.0,0.0,100.0,7.0,62.0,76126.0,21,21,100,0,100,0,200,0,100.0,37038.0,100.0,30629898330.0,100.0,250024608875.0
2018-04-03,Z3015L8K,ST4000DM000,4000787030016,0,116,104063304,91,0,100,20,100,0,83,215233367,58,37336,100,0,100,20,99.0,1.0,100.0,0.0,100.0,0.0,100.0,0.0,94.0,6.0,78.0,22.0,100.0,0.0,100.0,7.0,62.0,76126.0,22,22,100,0,100,0,200,0,100.0,37062.0,100.0,30632320232.0,100.0,250060096504.0
2018-04-04,Z3015L8K,ST4000DM000,4000787030016,0,119,208609960,91,0,100,20,100,0,83,216018828,58,37360,100,0,100,20,99.0,1.0,100.0,0.0,100.0,0.0,100.0,0.0,94.0,6.0,78.0,22.0,100.0,0.0,100.0,7.0,62.0,76126.0,22,22,100,0,100,0,200,0,100.0,37086.0,100.0,30634461432.0,100.0,250097848981.0
2018-04-05,Z3015L8K,ST4000DM000,4000787030016,0,119,229543528,91,0,100,20,100,0,83,216761571,58,37383,100,0,100,20,99.0,1.0,100.0,0.0,100.0,0.0,100.0,0.0,94.0,6.0,78.0,22.0,100.0,0.0,100.0,7.0,62.0,76126.0,22,22,100,0,100,0,200,0,100.0,37110.0,100.0,30636558266.0,100.0,250129139974.0
2018-04-06,Z3015L8K,ST4000DM000,4000787030016,0,111,31306528,91,0,100,20,100,0,83,217515540,58,37407,100,0,100,20,99.0,1.0,100.0,0.0,100.0,0.0,100.0,0.0,94.0,6.0,79.0,21.0,100.0,0.0,100.0,7.0,62.0,76126.0,21,21,100,0,100,0,200,0,100.0,37133.0,100.0,30638648964.0,100.0,250160480712.0
2018-04-07,Z3015L8K,ST4000DM000,4000787030016,0,114.0,83221400.0,91.0,0.0,100.0,20.0,100.0,0.0,83.0,218290184.0,58.0,37432.0,100.0,0.0,100.0,20.0,99.0,1.0,100.0,0.0,100.0,0.0,100.0,0.0,94.0,6.0,78.0,22.0,100.0,0.0,100.0,7.0,62.0,76126.0,22.0,22.0,100.0,0.0,100.0,0.0,200.0,0.0,100.0,37158.0,100.0,30640803984.0,100.0,250191502260.0
2018-04-08,Z3015L8K,ST4000DM000,4000787030016,0,117,147038168,91,0,100,20,100,0,83,219056612,58,37456,100,0,100,20,99.0,1.0,100.0,0.0,100.0,0.0,100.0,0.0,94.0,6.0,78.0,22.0,100.0,0.0,100.0,7.0,62.0,76126.0,22,22,100,0,100,0,200,0,100.0,37182.0,100.0,30642928404.0,100.0,250223884027.0
2018-04-09,Z3015L8K,ST4000DM000,4000787030016,0,119,226786440,91,0,100,20,100,0,83,219817770,58,37479,100,0,100,20,99.0,1.0,100.0,0.0,100.0,0.0,100.0,0.0,94.0,6.0,79.0,21.0,100.0,0.0,100.0,7.0,62.0,76126.0,21,21,100,0,100,0,200,0,100.0,37206.0,100.0,30645009090.0,100.0,250261166815.0
2018-04-10,Z3015L8K,ST4000DM000,4000787030016,0,113,57792968,91,0,100,20,100,0,83,220606521,58,37504,100,0,100,20,99.0,1.0,100.0,0.0,100.0,0.0,100.0,0.0,94.0,6.0,79.0,21.0,100.0,0.0,100.0,7.0,62.0,76126.0,21,21,100,0,100,0,200,0,100.0,37230.0,100.0,30647302256.0,100.0,250294318011.0
2018-04-11,Z3015L8K,ST4000DM000,4000787030016,0,117,127719848,91,0,100,20,100,0,83,221386143,58,37528,100,0,100,20,99.0,1.0,100.0,0.0,100.0,0.0,100.0,0.0,94.0,6.0,79.0,21.0,100.0,0.0,100.0,7.0,62.0,76126.0,21,21,100,0,100,0,200,0,100.0,37254.0,100.0,30649502146.0,100.0,250324914237.0
2018-04-12,Z3015L8K,ST4000DM000,4000787030016,0,115,91122464,91,0,100,20,100,0,83,221899385,58,37544,100,0,100,20,99.0,1.0,100.0,0.0,100.0,0.0,100.0,0.0,94.0,6.0,79.0,21.0,100.0,0.0,100.0,7.0,62.0,76126.0,21,21,100,0,100,0,200,0,100.0,37270.0,100.0,30650991642.0,100.0,250347835024.0
2018-04-13,Z3015L8K,ST4000DM000,4000787030016,0,116,101679568,91,0,100,20,100,0,83,223184759,58,37568,100,0,100,20,99.0,1.0,100.0,0.0,100.0,0.0,100.0,0.0,94.0,6.0,78.0,22.0,100.0,0.0,100.0,7.0,62.0,76126.0,22,22,100,0,100,0,200,0,100.0,37295.0,100.0,30654596066.0,100.0,250391860568.0
2018-04-14,Z3015L8K,ST4000DM000,4000787030016,0,114,78775208,91,0,100,20,100,0,83,224186188,58,37592,100,0,100,20,99.0,1.0,100.0,0.0,100.0,0.0,100.0,0.0,94.0,6.0,77.0,23.0,100.0,0.0,100.0,7.0,62.0,76126.0,23,23,100,0,100,0,200,0,100.0,37318.0,100.0,30657092992.0,100.0,250427408332.0
2018-04-15,Z3015L8K,ST4000DM000,4000787030016,0,120,239735280,91,0,100,20,100,0,83,225022459,58,37616,100,0,100,20,99.0,1.0,100.0,0.0,100.0,0.0,100.0,0.0,94.0,6.0,77.0,23.0,100.0,0.0,100.0,7.0,62.0,76126.0,23,23,100,0,100,0,200,0,100.0,37342.0,100.0,30659368594.0,100.0,250461802744.0
2018-04-16,Z3015L8K,ST4000DM000,4000787030016,0,117,157644736,91,0,100,20,100,0,83,225868651,58,37640,100,0,100,20,99.0,1.0,100.0,0.0,100.0,0.0,100.0,0.0,94.0,6.0,77.0,23.0,100.0,0.0,100.0,7.0,62.0,76126.0,23,23,100,0,100,0,200,0,100.0,37367.0,100.0,30661772404.0,100.0,250495632679.0
2018-04-17,Z3015L8K,ST4000DM000,4000787030016,0,105,9899216,91,0,100,20,100,0,83,226650129,58,37664,100,0,100,20,99.0,1.0,100.0,0.0,100.0,0.0,100.0,0.0,94.0,6.0,77.0,23.0,100.0,0.0,100.0,7.0,62.0,76126.0,23,23,100,0,100,0,200,0,100.0,37390.0,100.0,30663967116.0,100.0,250528010683.0
2018-04-18,Z3015L8K,ST4000DM000,4000787030016,0,115,98040216,91,0,100,20,100,0,83,227435479,57,37688,100,0,100,20,99.0,1.0,100.0,0.0,100.0,0.0,100.0,0.0,94.0,6.0,80.0,20.0,100.0,0.0,100.0,7.0,62.0,76126.0,20,20,100,0,100,0,200,0,100.0,37414.0,100.0,30666155846.0,100.0,250560713219.0
2018-04-19,Z3015L8K,ST4000DM000,4000787030016,0,115,91708528,91,0,100,20,100,0,83,228166385,57,37713,100,0,100,20,99.0,1.0,100.0,0.0,100.0,0.0,100.0,0.0,94.0,6.0,80.0,20.0,100.0,0.0,100.0,7.0,62.0,76126.0,20,20,100,0,100,0,200,0,100.0,37439.0,100.0,30668186220.0,100.0,250593954691.0
2018-04-20,Z3015L8K,ST4000DM000,4000787030016,0,118,178717528,91,0,100,20,100,0,83,228942752,57,37736,100,0,100,20,99.0,1.0,100.0,0.0,100.0,0.0,100.0,0.0,94.0,6.0,79.0,21.0,100.0,0.0,100.0,7.0,62.0,76126.0,21,21,100,0,100,0,200,0,100.0,37463.0,100.0,30670346406.0,100.0,250626563650.0
2018-04-21,Z3015L8K,ST4000DM000,4000787030016,0,119,203457736,91,0,100,20,100,0,83,229690626,57,37760,100,0,100,20,99.0,1.0,100.0,0.0,100.0,0.0,100.0,0.0,94.0,6.0,78.0,22.0,100.0,0.0,100.0,7.0,62.0,76126.0,22,22,100,0,100,0,200,0,100.0,37486.0,100.0,30672407952.0,100.0,250656767268.0
2018-04-22,Z3015L8K,ST4000DM000,4000787030016,0,110,27557048,91,0,100,20,100,0,83,230452656,57,37784,100,0,100,20,99.0,1.0,100.0,0.0,100.0,0.0,100.0,0.0,94.0,6.0,79.0,21.0,100.0,0.0,100.0,7.0,62.0,76126.0,21,21,100,0,100,0,200,0,100.0,37510.0,100.0,30674526688.0,100.0,250690129673.0
2018-04-23,Z3015L8K,ST4000DM000,4000787030016,0,115,96155096,91,0,100,20,100,0,83,231232430,57,37808,100,0,100,20,99.0,1.0,100.0,0.0,100.0,0.0,100.0,0.0,94.0,6.0,79.0,21.0,100.0,0.0,100.0,7.0,62.0,76126.0,21,21,100,0,100,0,200,0,100.0,37535.0,100.0,30676728902.0,100.0,250722309969.0
2018-04-24,Z3015L8K,ST4000DM000,4000787030016,0,117,148378032,91,0,100,20,100,0,83,231993057,57,37832,100,0,100,20,99.0,1.0,100.0,0.0,100.0,0.0,100.0,0.0,94.0,6.0,78.0,22.0,100.0,0.0,100.0,7.0,62.0,76126.0,22,22,100,0,100,0,200,0,100.0,37558.0,100.0,30678834156.0,100.0,250753287130.0
2018-04-25,Z3015L8K,ST4000DM000,4000787030016,0,118,194188088,91,0,100,20,100,0,83,232751594,57,37856,100,0,100,20,99.0,1.0,100.0,0.0,100.0,0.0,100.0,0.0,94.0,6.0,79.0,21.0,100.0,0.0,100.0,7.0,62.0,76126.0,21,21,100,0,100,0,200,0,100.0,37582.0,100.0,30680950892.0,100.0,250788647090.0
2018-04-26,Z3015L8K,ST4000DM000,4000787030016,0,109,24748464,91,0,100,20,100,0,83,233533581,57,37880,100,0,100,20,99.0,1.0,100.0,0.0,100.0,0.0,100.0,0.0,94.0,6.0,80.0,20.0,100.0,0.0,100.0,7.0,62.0,76126.0,20,20,100,0,100,0,200,0,100.0,37607.0,100.0,30683240414.0,100.0,250824232481.0
2018-04-27,Z3015L8K,ST4000DM000,4000787030016,0,116,103107928,91,0,100,20,100,0,84,234908661,57,37910,100,0,100,20,99.0,1.0,100.0,0.0,100.0,0.0,100.0,0.0,94.0,6.0,78.0,22.0,100.0,0.0,100.0,7.0,62.0,76126.0,22,22,100,0,100,0,200,0,100.0,37637.0,100.0,30686928784.0,100.0,250873091079.0
2018-04-28,Z3015L8K,ST4000DM000,4000787030016,0,119,203504656,91,0,100,20,100,0,84,236107387,57,37935,100,0,100,20,99.0,1.0,100.0,0.0,100.0,0.0,100.0,0.0,94.0,6.0,78.0,22.0,100.0,0.0,100.0,7.0,62.0,76126.0,22,22,100,0,100,0,200,0,100.0,37661.0,100.0,30689857060.0,100.0,250918866325.0
2018-04-29,Z3015L8K,ST4000DM000,4000787030016,0,118,187311912,91,0,100,20,100,0,84,237130677,57,37959,100,0,100,20,99.0,1.0,100.0,0.0,100.0,0.0,100.0,0.0,94.0,6.0,78.0,22.0,100.0,0.0,100.0,7.0,62.0,76126.0,22,22,100,0,100,0,200,0,100.0,37685.0,100.0,30693019022.0,100.0,250956331666.0
2018-04-30,Z3015L8K,ST4000DM000,4000787030016,0,110,25287200,91,0,100,20,100,0,84,238062604,57,37983,100,0,100,20,99.0,1.0,100.0,0.0,100.0,0.0,100.0,0.0,94.0,6.0,78.0,22.0,100.0,0.0,100.0,7.0,62.0,76126.0,22,22,100,0,100,0,200,0,100.0,37709.0,100.0,30695523508.0,100.0,250989467137.0
2018-05-01,Z3015L8K,ST4000DM000,4000787030016,0,120,239147320,91,0,100,20,100,0,84,238951401,57,38007,100,0,100,20,99.0,1.0,100.0,0.0,100.0,0.0,100.0,0.0,94.0,6.0,78.0,22.0,100.0,0.0,100.0,7.0,62.0,76126.0,22,22,100,0,100,0,200,0,100.0,37733.0,100.0,30698112816.0,100.0,251022013199.0
2018-05-02,Z3015L8K,ST4000DM000,4000787030016,0,117.0,163260096.0,91.0,0.0,100.0,20.0,100.0,0.0,84.0,239792529.0,57.0,38031.0,100.0,0.0,100.0,20.0,99.0,1.0,100.0,0.0,100.0,0.0,100.0,0.0,94.0,6.0,78.0,22.0,100.0,0.0,100.0,7.0,62.0,76126.0,22.0,22.0,100.0,0.0,100.0,0.0,200.0,0.0,100.0,37757.0,100.0,30700405542.0,100.0,251052315462.0
2018-05-03,Z3015L8K,ST4000DM000,4000787030016,0,119,209732864,91,0,100,20,100,0,84,240365305,57,38048,100,0,100,20,99.0,1.0,100.0,0.0,100.0,0.0,100.0,0.0,94.0,6.0,78.0,22.0,100.0,0.0,100.0,7.0,62.0,76126.0,22,22,100,0,100,0,200,0,100.0,37774.0,100.0,30701979684.0,100.0,251073407122.0
2018-05-04,Z3015L8K,ST4000DM000,4000787030016,0,114,61433064,91,0,100,20,100,0,84,241716160,57,38072,100,0,100,20,99.0,1.0,100.0,0.0,100.0,0.0,100.0,0.0,94.0,6.0,78.0,22.0,100.0,0.0,100.0,7.0,62.0,76126.0,22,22,100,0,100,0,200,0,100.0,37799.0,100.0,30705461122.0,100.0,251117138702.0
2018-05-05,Z3015L8K,ST4000DM000,4000787030016,0,118,178655576,91,0,100,20,100,0,84,242786913,57,38096,100,0,100,20,99.0,1.0,100.0,0.0,100.0,0.0,100.0,0.0,94.0,6.0,78.0,22.0,100.0,0.0,100.0,7.0,62.0,76126.0,22,22,100,0,100,0,200,0,100.0,37822.0,100.0,30708402710.0,100.0,251158385251.0
2018-05-06,Z3015L8K,ST4000DM000,4000787030016,0,117,124477368,91,0,100,20,100,0,84,243793473,57,38120,100,0,100,20,99.0,1.0,100.0,0.0,100.0,0.0,100.0,0.0,94.0,6.0,79.0,21.0,100.0,0.0,100.0,7.0,62.0,76126.0,21,21,100,0,100,0,200,0,100.0,37846.0,100.0,30712781952.0,100.0,251195601662.0
2018-05-07,Z3015L8K,ST4000DM000,4000787030016,0,119,206059672,91,0,100,20,100,0,84,244585283,57,38144,100,0,100,20,99.0,1.0,100.0,0.0,100.0,0.0,100.0,0.0,94.0,6.0,78.0,22.0,100.0,0.0,100.0,7.0,62.0,76126.0,22,22,100,0,100,0,200,0,100.0,37871.0,100.0,30714964922.0,100.0,251229844335.0
2018-05-08,Z3015L8K,ST4000DM000,4000787030016,0,119,229672888,91,0,100,20,100,0,84,245334289,57,38168,100,0,100,20,99.0,1.0,100.0,0.0,100.0,0.0,100.0,0.0,94.0,6.0,78.0,22.0,100.0,0.0,100.0,7.0,62.0,76126.0,22,22,100,0,100,0,200,0,100.0,37894.0,100.0,30717031288.0,100.0,251262133884.0
2018-05-09,Z3015L8K,ST4000DM000,4000787030016,0,117,140847800,91,0,100,20,100,0,84,246128487,57,38192,100,0,100,20,99.0,1.0,100.0,0.0,100.0,0.0,100.0,0.0,94.0,6.0,78.0,22.0,100.0,0.0,100.0,7.0,62.0,76126.0,22,22,100,0,100,0,200,0,100.0,37918.0,100.0,30719244024.0,100.0,251301594902.0
2018-05-10,Z3015L8K,ST4000DM000,4000787030016,0,119,224122896,91,0,100,20,100,0,84,246910200,57,38216,100,0,100,20,99.0,1.0,100.0,0.0,100.0,0.0,100.0,0.0,94.0,6.0,78.0,22.0,100.0,0.0,100.0,7.0,62.0,76126.0,22,22,100,0,100,0,200,0,100.0,37943.0,100.0,30721402090.0,100.0,251335766008.0
2018-05-11,Z3015L8K,ST4000DM000,4000787030016,0,119,226281200,91,0,100,20,100,0,84,248197707,57,38241,100,0,100,20,99.0,1.0,100.0,0.0,100.0,0.0,100.0,0.0,94.0,6.0,79.0,21.0,100.0,0.0,100.0,7.0,62.0,76126.0,21,21,100,0,100,0,200,0,100.0,37967.0,100.0,30724608172.0,100.0,251378000837.0
2018-05-12,Z3015L8K,ST4000DM000,4000787030016,0,117,126094128,91,0,100,20,100,0,84,249300120,57,38265,100,0,100,20,99.0,1.0,100.0,0.0,100.0,0.0,100.0,0.0,94.0,6.0,79.0,21.0,100.0,0.0,100.0,7.0,62.0,76126.0,21,21,100,0,100,0,200,0,100.0,37991.0,100.0,30727431136.0,100.0,251416871481.0
2018-05-13,Z3015L8K,ST4000DM000,4000787030016,0,119,207538096,91,0,100,20,100,0,84,250086261,57,38289,100,0,100,20,99.0,1.0,100.0,0.0,100.0,0.0,100.0,0.0,94.0,6.0,79.0,21.0,100.0,0.0,100.0,7.0,62.0,76126.0,21,21,100,0,100,0,200,0,100.0,38015.0,100.0,30729573658.0,100.0,251449254184.0
2018-05-14,Z3015L8K,ST4000DM000,4000787030016,0,110,27174592,91,0,100,20,100,0,84,250874997,57,38312,100,0,100,20,99.0,1.0,100.0,0.0,100.0,0.0,100.0,0.0,94.0,6.0,79.0,21.0,100.0,0.0,100.0,7.0,62.0,76126.0,21,21,100,0,100,0,200,0,100.0,38039.0,100.0,30731768906.0,100.0,251481141829.0
2018-05-15,Z3015L8K,ST4000DM000,4000787030016,0,117.0,136724408.0,91.0,0.0,100.0,20.0,100.0,0.0,84.0,251690359.0,57.0,38337.0,100.0,0.0,100.0,20.0,99.0,1.0,100.0,0.0,100.0,0.0,100.0,0.0,94.0,6.0,78.0,22.0,100.0,0.0,100.0,7.0,62.0,76126.0,22.0,22.0,100.0,0.0,100.0,0.0,200.0,0.0,100.0,38063.0,100.0,30734003720.0,100.0,251513602964.0
2018-05-16,Z3015L8K,ST4000DM000,4000787030016,0,119,213331640,91,0,100,20,100,0,84,252459872,57,38361,100,0,100,20,99.0,1.0,100.0,0.0,100.0,0.0,100.0,0.0,94.0,6.0,78.0,22.0,100.0,0.0,100.0,7.0,62.0,76126.0,22,22,100,0,100,0,200,0,100.0,38087.0,100.0,30736148568.0,100.0,251547048370.0
2018-05-17,Z3015L8K,ST4000DM000,4000787030016,0,119,231320616,91,0,100,20,100,0,84,253190756,57,38384,100,0,100,20,99.0,1.0,100.0,0.0,100.0,0.0,100.0,0.0,94.0,6.0,78.0,22.0,100.0,0.0,100.0,7.0,62.0,76126.0,22,22,100,0,100,0,200,0,100.0,38110.0,100.0,30738139476.0,100.0,251580917217.0
2018-05-18,Z3015L8K,ST4000DM000,4000787030016,0,116,111883112,91,0,100,20,100,0,84,254534040,57,38408,100,0,100,20,99.0,1.0,100.0,0.0,100.0,0.0,100.0,0.0,94.0,6.0,78.0,22.0,100.0,0.0,100.0,7.0,62.0,76128.0,22,22,100,0,100,0,200,0,100.0,38134.0,100.0,30741946650.0,100.0,251623371727.0
2018-05-19,Z3015L8K,ST4000DM000,4000787030016,0,120,237183784,91,0,100,20,100,0,84,255748253,57,38432,100,0,100,20,99.0,1.0,100.0,0.0,100.0,0.0,100.0,0.0,94.0,6.0,78.0,22.0,100.0,0.0,100.0,7.0,62.0,76128.0,22,22,100,0,100,0,200,0,100.0,38158.0,100.0,30745105444.0,100.0,251668707073.0
2018-05-20,Z3015L8K,ST4000DM000,4000787030016,0,114,76559968,91,0,100,20,100,0,84,256804761,57,38456,100,0,100,20,99.0,1.0,100.0,0.0,100.0,0.0,100.0,0.0,94.0,6.0,78.0,22.0,100.0,0.0,100.0,7.0,62.0,76128.0,22,22,100,0,100,0,200,0,100.0,38182.0,100.0,30747905574.0,100.0,251708071231.0
2018-05-21,Z3015L8K,ST4000DM000,4000787030016,0,118,169386592,91,0,100,20,100,0,84,257601942,57,38480,100,0,100,20,99.0,1.0,100.0,0.0,100.0,0.0,100.0,0.0,94.0,6.0,78.0,22.0,100.0,0.0,100.0,7.0,62.0,76128.0,22,22,100,0,100,0,200,0,100.0,38206.0,100.0,30750084116.0,100.0,251740211725.0
2018-05-22,Z3015L8K,ST4000DM000,4000787030016,0,119,220611296,91,0,100,20,100,0,84,258372727,57,38504,100,0,100,20,99.0,1.0,100.0,0.0,100.0,0.0,100.0,0.0,94.0,6.0,78.0,22.0,100.0,0.0,100.0,7.0,62.0,76128.0,22,22,100,0,100,0,200,0,100.0,38231.0,100.0,30752218354.0,100.0,251775570223.0
2018-05-23,Z3015L8K,ST4000DM000,4000787030016,0,112,46695920,91,0,100,20,100,0,84,259141857,57,38528,100,0,100,20,99.0,1.0,100.0,0.0,100.0,0.0,100.0,0.0,94.0,6.0,77.0,23.0,100.0,0.0,100.0,7.0,62.0,76128.0,23,23,100,0,100,0,200,0,100.0,38254.0,100.0,30754342900.0,100.0,251808595298.0
2018-05-24,Z3015L8K,ST4000DM000,4000787030016,0,116,102597704,91,0,100,20,100,0,84,259893678,56,38552,100,0,100,20,99.0,1.0,100.0,0.0,100.0,0.0,100.0,0.0,94.0,6.0,77.0,23.0,100.0,0.0,100.0,7.0,62.0,76128.0,23,23,100,0,100,0,200,0,100.0,38278.0,100.0,30756379268.0,100.0,251844377639.0
2018-05-25,Z3015L8K,ST4000DM000,4000787030016,0,117,156270968,91,0,100,20,100,0,84,260647676,56,38576,100,0,100,20,99.0,1.0,100.0,0.0,100.0,0.0,100.0,0.0,94.0,6.0,77.0,23.0,100.0,0.0,100.0,7.0,62.0,76128.0,23,23,100,0,100,0,200,0,100.0,38302.0,100.0,30758449248.0,100.0,251881581916.0
2018-05-26,Z3015L8K,ST4000DM000,4000787030016,0,113,57561128,91,0,100,20,100,0,84,261457731,56,38601,100,0,100,20,99.0,1.0,100.0,0.0,100.0,0.0,100.0,0.0,94.0,6.0,78.0,22.0,100.0,0.0,100.0,7.0,62.0,76128.0,22,22,100,0,100,0,200,0,100.0,38327.0,100.0,30760688134.0,100.0,251921743095.0
2018-05-27,Z3015L8K,ST4000DM000,4000787030016,0,111,39763720,91,0,100,20,100,0,84,262774782,56,38628,100,0,100,20,99.0,1.0,100.0,0.0,100.0,0.0,100.0,0.0,94.0,6.0,78.0,22.0,100.0,0.0,100.0,7.0,62.0,76128.0,22,22,100,0,100,0,200,0,100.0,38355.0,100.0,30763982768.0,100.0,251963657487.0
2018-05-28,Z3015L8K,ST4000DM000,4000787030016,0,114,60833328,91,0,100,20,100,0,84,263961063,56,38652,100,0,100,20,99.0,1.0,100.0,0.0,100.0,0.0,100.0,0.0,94.0,6.0,79.0,21.0,100.0,0.0,100.0,7.0,62.0,76128.0,21,21,100,0,100,0,200,0,100.0,38378.0,100.0,30766986612.0,100.0,252002661452.0
2018-05-29,Z3015L8K,ST4000DM000,4000787030016,0,119,222202128,91,0,100,20,100,0,84,264807395,56,38676,100,0,100,20,99.0,1.0,100.0,0.0,100.0,0.0,100.0,0.0,94.0,6.0,78.0,22.0,100.0,0.0,100.0,7.0,62.0,76128.0,22,22,100,0,100,0,200,0,100.0,38402.0,100.0,30769752264.0,100.0,252035011734.0
2018-05-30,Z3015L8K,ST4000DM000,4000787030016,0,117,127783352,91,0,100,20,100,0,84,265632236,56,38700,100,0,100,20,99.0,1.0,100.0,0.0,100.0,0.0,100.0,0.0,94.0,6.0,78.0,22.0,100.0,0.0,100.0,7.0,62.0,76128.0,22,22,100,0,100,0,200,0,100.0,38426.0,100.0,30772034856.0,100.0,252066647694.0
2018-05-31,Z3015L8K,ST4000DM000,4000787030016,0,105,8146232,91,0,100,20,100,0,84,266421530,56,38724,100,0,100,20,99.0,1.0,100.0,0.0,100.0,0.0,100.0,0.0,94.0,6.0,77.0,23.0,100.0,0.0,100.0,7.0,62.0,76128.0,23,23,100,0,100,0,200,0,100.0,38450.0,100.0,30774225954.0,100.0,252102760927.0
2018-06-01,Z3015L8K,ST4000DM000,4000787030016,0,119,233540896,91,0,100,20,100,0,84,267679632,56,38747,100,0,100,20,99.0,1.0,100.0,0.0,100.0,0.0,100.0,0.0,94.0,6.0,78.0,22.0,100.0,0.0,100.0,7.0,62.0,76131.0,22,22,100,0,100,0,200,0,100.0,38474.0,100.0,30777676772.0,100.0,252145198987.0
2018-06-02,Z3015L8K,ST4000DM000,4000787030016,0,120,243610144,91,0,100,20,100,0,84,268706574,56,38771,100,0,100,20,99.0,1.0,100.0,0.0,100.0,0.0,100.0,0.0,94.0,6.0,78.0,22.0,100.0,0.0,100.0,7.0,62.0,76131.0,22,22,100,0,100,0,200,0,100.0,38497.0,100.0,30780181160.0,100.0,252181524902.0
2018-06-03,Z3015L8K,ST4000DM000,4000787030016,0,114,81972032,91,0,100,20,100,0,84,269495409,56,38795,100,0,100,20,99.0,1.0,100.0,0.0,100.0,0.0,100.0,0.0,94.0,6.0,78.0,22.0,100.0,0.0,100.0,7.0,62.0,76131.0,22,22,100,0,100,0,200,0,100.0,38521.0,100.0,30782289326.0,100.0,252213301751.0
2018-06-04,Z3015L8K,ST4000DM000,4000787030016,0,116,106018048,91,0,100,20,100,0,84,270372962,56,38819,100,0,100,20,99.0,1.0,100.0,0.0,100.0,0.0,100.0,0.0,94.0,6.0,78.0,22.0,100.0,0.0,100.0,7.0,62.0,76131.0,22,22,100,0,100,0,200,0,100.0,38546.0,100.0,30784625372.0,100.0,252247475915.0
2018-06-05,Z3015L8K,ST4000DM000,4000787030016,0,110,26671792,91,0,100,20,100,0,84,271195123,56,38843,100,0,100,20,99.0,1.0,100.0,0.0,100.0,0.0,100.0,0.0,94.0,6.0,78.0,22.0,100.0,0.0,100.0,7.0,62.0,76131.0,22,22,100,0,100,0,200,0,100.0,38569.0,100.0,30786810408.0,100.0,252279090364.0
2018-06-06,Z3015L8K,ST4000DM000,4000787030016,0,118,170102688,91,0,100,20,100,0,84,272012018,56,38867,100,0,100,20,99.0,1.0,100.0,0.0,100.0,0.0,100.0,0.0,94.0,6.0,80.0,20.0,100.0,0.0,100.0,7.0,62.0,76131.0,20,20,100,0,100,0,200,0,100.0,38593.0,100.0,30789335138.0,100.0,252311733465.0
2018-06-07,Z3015L8K,ST4000DM000,4000787030016,0,118,187408904,91,0,100,20,100,0,84,272887631,56,38891,100,0,100,20,99.0,1.0,100.0,0.0,100.0,0.0,100.0,0.0,94.0,6.0,78.0,22.0,100.0,0.0,100.0,7.0,62.0,76131.0,22,22,100,0,100,0,200,0,100.0,38618.0,100.0,30791626420.0,100.0,252356530129.0
2018-06-08,Z3015L8K,ST4000DM000,4000787030016,0,117,123106496,91,0,100,20,100,0,84,273893769,56,38917,100,0,100,20,99.0,1.0,100.0,0.0,100.0,0.0,100.0,0.0,94.0,6.0,78.0,22.0,100.0,0.0,100.0,7.0,62.0,76131.0,22,22,100,0,100,0,200,0,100.0,38644.0,100.0,30794270864.0,100.0,252399528750.0
2018-06-09,Z3015L8K,ST4000DM000,4000787030016,0,108,19085376,91,0,100,20,100,0,84,274993156,56,38942,100,0,100,20,99.0,1.0,100.0,0.0,100.0,0.0,100.0,0.0,94.0,6.0,78.0,22.0,100.0,0.0,100.0,7.0,62.0,76131.0,22,22,100,0,100,0,200,0,100.0,38668.0,100.0,30797237996.0,100.0,252448666967.0
2018-06-10,Z3015L8K,ST4000DM000,4000787030016,0,111,41430360,91,0,100,20,100,0,84,275857021,56,38966,100,0,100,20,99.0,1.0,100.0,0.0,100.0,0.0,100.0,0.0,94.0,6.0,77.0,23.0,100.0,0.0,100.0,7.0,62.0,76131.0,23,23,100,0,100,0,200,0,100.0,38692.0,100.0,30799488996.0,100.0,252486878301.0
2018-06-11,Z3015L8K,ST4000DM000,4000787030016,0,101,3639416,91,0,100,20,100,0,84,276700371,56,38990,100,0,100,20,99.0,1.0,100.0,0.0,100.0,0.0,100.0,0.0,94.0,6.0,77.0,23.0,100.0,0.0,100.0,7.0,62.0,76131.0,23,23,100,0,100,0,200,0,100.0,38716.0,100.0,30801780434.0,100.0,252520992701.0
2018-06-12,Z3015L8K,ST4000DM000,4000787030016,0,119,221708088,91,0,100,20,100,0,84,277552337,56,39013,100,0,100,20,99.0,1.0,100.0,0.0,100.0,0.0,100.0,0.0,94.0,6.0,78.0,22.0,100.0,0.0,100.0,7.0,62.0,76131.0,22,22,100,0,100,0,200,0,100.0,38740.0,100.0,30804096904.0,100.0,252553591080.0
2018-06-13,Z3015L8K,ST4000DM000,4000787030016,0,119,221807384,91,0,100,20,100,0,84,278429161,56,39038,100,0,100,20,99.0,1.0,100.0,0.0,100.0,0.0,100.0,0.0,94.0,6.0,78.0,22.0,100.0,0.0,100.0,7.0,62.0,76131.0,22,22,100,0,100,0,200,0,100.0,38764.0,100.0,30806434142.0,100.0,252588631281.0
2018-06-14,Z3015L8K,ST4000DM000,4000787030016,0,117,136114224,91,0,100,20,100,0,84,279248587,56,39062,100,0,100,20,99.0,1.0,100.0,0.0,100.0,0.0,100.0,0.0,94.0,6.0,78.0,22.0,100.0,0.0,100.0,7.0,62.0,76131.0,22,22,100,0,100,0,200,0,100.0,38788.0,100.0,30808593154.0,100.0,252629856235.0
2018-06-15,Z3015L8K,ST4000DM000,4000787030016,0,119.0,205679840.0,91.0,0.0,100.0,20.0,100.0,0.0,84.0,280159543.0,56.0,39082.0,100.0,0.0,100.0,20.0,99.0,1.0,100.0,0.0,100.0,0.0,100.0,0.0,94.0,6.0,77.0,23.0,100.0,0.0,100.0,7.0,62.0,76131.0,23.0,23.0,100.0,0.0,100.0,0.0,200.0,0.0,100.0,38808.0,100.0,30811569612.0,100.0,252663877581.0
2018-06-16,Z3015L8K,ST4000DM000,4000787030016,0,117.0,156371640.0,91.0,0.0,100.0,20.0,100.0,0.0,84.0,281003593.0,56.0,39106.0,100.0,0.0,100.0,20.0,99.0,1.0,100.0,0.0,100.0,0.0,100.0,0.0,94.0,6.0,77.0,23.0,100.0,0.0,100.0,7.0,62.0,76131.0,23.0,23.0,100.0,0.0,100.0,0.0,200.0,0.0,100.0,38832.0,100.0,30813764904.0,100.0,252698057428.0
2018-06-17,Z3015L8K,ST4000DM000,4000787030016,0,120.0,240240480.0,91.0,0.0,100.0,20.0,100.0,0.0,84.0,281925050.0,56.0,39130.0,100.0,0.0,100.0,20.0,99.0,1.0,100.0,0.0,100.0,0.0,100.0,0.0,94.0,6.0,78.0,22.0,100.0,0.0,100.0,7.0,62.0,76131.0,22.0,22.0,100.0,0.0,100.0,0.0,200.0,0.0,100.0,38856.0,100.0,30816228818.0,100.0,252734932001.0
2018-06-18,Z3015L8K,ST4000DM000,4000787030016,0,118.0,172259200.0,91.0,0.0,100.0,20.0,100.0,0.0,84.0,282763262.0,56.0,39154.0,100.0,0.0,100.0,20.0,99.0,1.0,100.0,0.0,100.0,0.0,100.0,0.0,94.0,6.0,78.0,22.0,100.0,0.0,100.0,7.0,62.0,76131.0,22.0,22.0,100.0,0.0,100.0,0.0,200.0,0.0,100.0,38880.0,100.0,30818618870.0,100.0,252773540878.0
2018-06-19,Z3015L8K,ST4000DM000,4000787030016,0,116,104950176,91,0,100,20,100,0,84,283596580,56,39178,100,0,100,20,99.0,1.0,100.0,0.0,100.0,0.0,100.0,0.0,94.0,6.0,77.0,23.0,100.0,0.0,100.0,7.0,62.0,76131.0,23,23,100,0,100,0,200,0,100.0,38904.0,100.0,30820835062.0,100.0,252807134302.0
2018-06-20,Z3015L8K,ST4000DM000,4000787030016,0,112,44388184,91,0,100,20,100,0,84,284441443,56,39202,100,0,100,20,99.0,1.0,100.0,0.0,100.0,0.0,100.0,0.0,94.0,6.0,77.0,23.0,100.0,0.0,100.0,7.0,62.0,76131.0,23,23,100,0,100,0,200,0,100.0,38928.0,100.0,30823102208.0,100.0,252844509311.0
2018-06-21,Z3015L8K,ST4000DM000,4000787030016,0,120,242626392,91,0,100,20,100,0,84,285283033,56,39226,100,0,100,20,99.0,1.0,100.0,0.0,100.0,0.0,100.0,0.0,94.0,6.0,78.0,22.0,100.0,0.0,100.0,7.0,62.0,76131.0,22,22,100,0,100,0,200,0,100.0,38952.0,100.0,30825327524.0,100.0,252879859178.0
2018-06-22,Z3015L8K,ST4000DM000,4000787030016,0,117,161911656,91,0,100,20,100,0,84,286109943,56,39250,100,0,100,20,99.0,1.0,100.0,0.0,100.0,0.0,100.0,0.0,94.0,6.0,78.0,22.0,100.0,0.0,100.0,7.0,62.0,76131.0,22,22,100,0,100,0,200,0,100.0,38976.0,100.0,30827558034.0,100.0,252913395250.0
2018-06-23,Z3015L8K,ST4000DM000,4000787030016,0,118,177265616,91,0,100,20,100,0,84,286986069,56,39274,100,0,100,20,99.0,1.0,100.0,0.0,100.0,0.0,100.0,0.0,94.0,6.0,77.0,23.0,100.0,0.0,100.0,7.0,62.0,76131.0,23,23,100,0,100,0,200,0,100.0,39001.0,100.0,30830213870.0,100.0,252951976040.0
2018-06-24,Z3015L8K,ST4000DM000,4000787030016,0,117,139515592,91,0,100,20,100,0,84,287832267,56,39298,100,0,100,20,99.0,1.0,100.0,0.0,100.0,0.0,100.0,0.0,94.0,6.0,77.0,23.0,100.0,0.0,100.0,7.0,62.0,76131.0,23,23,100,0,100,0,200,0,100.0,39024.0,100.0,30832486362.0,100.0,252984738974.0
2018-06-25,Z3015L8K,ST4000DM000,4000787030016,0,115,99562496,91,0,100,20,100,0,84,288673669,56,39322,100,0,100,20,99.0,1.0,100.0,0.0,100.0,0.0,100.0,0.0,94.0,6.0,78.0,22.0,100.0,0.0,100.0,7.0,62.0,76131.0,22,22,100,0,100,0,200,0,100.0,39048.0,100.0,30834742150.0,100.0,253018254130.0
2018-06-26,Z3015L8K,ST4000DM000,4000787030016,0,111,38516152,91,0,100,20,100,0,84,289516738,56,39346,100,0,100,20,99.0,1.0,100.0,0.0,100.0,0.0,100.0,0.0,94.0,6.0,78.0,22.0,100.0,0.0,100.0,7.0,62.0,76131.0,22,22,100,0,100,0,200,0,100.0,39073.0,100.0,30837012990.0,100.0,253054011568.0
2018-06-27,Z3015L8K,ST4000DM000,4000787030016,0,118,173610456,91,0,100,20,100,0,84,290329138,56,39370,100,0,100,20,99.0,1.0,100.0,0.0,100.0,0.0,100.0,0.0,94.0,6.0,77.0,23.0,100.0,0.0,100.0,7.0,62.0,76131.0,23,23,100,0,100,0,200,0,100.0,39096.0,100.0,30839210116.0,100.0,253088153697.0
2018-06-28,Z3015L8K,ST4000DM000,4000787030016,0,115,87005264,91,0,100,20,100,0,84,291150905,56,39394,100,0,100,20,99.0,1.0,100.0,0.0,100.0,0.0,100.0,0.0,94.0,6.0,77.0,23.0,100.0,0.0,100.0,7.0,62.0,76131.0,23,23,100,0,100,0,200,0,100.0,39120.0,100.0,30841420408.0,100.0,253124104006.0
2018-06-29,Z3015L8K,ST4000DM000,4000787030016,0,119,719144,91,0,100,20,100,0,84,291973206,56,39418,100,0,100,20,99.0,1.0,100.0,0.0,100.0,0.0,100.0,0.0,94.0,6.0,77.0,23.0,100.0,0.0,100.0,7.0,62.0,76131.0,23,23,100,0,100,0,200,0,100.0,39144.0,100.0,30843626026.0,100.0,253156568859.0
2018-06-30,Z3015L8K,ST4000DM000,4000787030016,0,111,32708152,91,0,100,20,100,0,84,293188917,55,39445,100,0,100,20,99.0,1.0,100.0,0.0,100.0,0.0,100.0,0.0,94.0,6.0,77.0,23.0,100.0,0.0,100.0,7.0,62.0,76131.0,23,23,100,0,100,0,200,0,100.0,39172.0,100.0,30846803560.0,100.0,253201619728.0
2018-07-01,Z3015L8K,ST4000DM000,4000787030016,0,120,242775104,91,0,100,20,100,0,84,294188001,55,39470,100,0,100,20,99.0,1.0,100.0,0.0,100.0,0.0,100.0,0.0,94.0,6.0,77.0,23.0,100.0,0.0,100.0,7.0,62.0,76131.0,23,23,100,0,100,0,200,0,100.0,39196.0,100.0,30849220176.0,100.0,253246749597.0
2018-07-02,Z3015L8K,ST4000DM000,4000787030016,0,119,203985496,91,0,100,20,100,0,84,295040915,55,39494,100,0,100,20,99.0,1.0,100.0,0.0,100.0,0.0,100.0,0.0,94.0,6.0,77.0,23.0,100.0,0.0,100.0,7.0,62.0,76131.0,23,23,100,0,100,0,200,0,100.0,39220.0,100.0,30851536740.0,100.0,253282326734.0
2018-07-03,Z3015L8K,ST4000DM000,4000787030016,0,118,172990952,91,0,100,20,100,0,84,295815235,55,39517,100,0,100,20,99.0,1.0,100.0,0.0,100.0,0.0,100.0,0.0,94.0,6.0,77.0,23.0,100.0,0.0,100.0,7.0,62.0,76177.0,23,23,100,0,100,0,200,0,100.0,39244.0,100.0,30852831842.0,100.0,253412987331.0
2018-07-04,Z3015L8K,ST4000DM000,4000787030016,0,110,26860024,91,0,100,20,100,0,84,296569578,55,39541,100,0,100,20,99.0,1.0,100.0,0.0,100.0,0.0,100.0,0.0,94.0,6.0,77.0,23.0,100.0,0.0,100.0,7.0,62.0,76180.0,23,23,100,0,100,0,200,0,100.0,39267.0,100.0,30852948032.0,100.0,253722558868.0
2018-07-05,Z3015L8K,ST4000DM000,4000787030016,0,118,171367792,91,0,100,20,100,0,84,297370617,55,39566,100,0,100,20,99.0,1.0,100.0,0.0,100.0,0.0,100.0,0.0,94.0,6.0,77.0,23.0,100.0,0.0,100.0,7.0,62.0,76180.0,23,23,100,0,100,0,200,0,100.0,39292.0,100.0,30853068092.0,100.0,254069826846.0
2018-07-06,Z3015L8K,ST4000DM000,4000787030016,0,119,218149864,91,0,100,20,100,0,84,298143677,55,39590,100,0,100,20,99.0,1.0,100.0,0.0,100.0,0.0,100.0,0.0,94.0,6.0,78.0,22.0,100.0,0.0,100.0,7.0,62.0,76180.0,22,22,100,0,100,0,200,0,100.0,39316.0,100.0,30853184452.0,100.0,254406297030.0
2018-07-07,Z3015L8K,ST4000DM000,4000787030016,0,111,37392704,91,0,100,20,100,0,84,298924081,55,39613,100,0,100,20,99.0,1.0,100.0,0.0,100.0,0.0,100.0,0.0,94.0,6.0,77.0,23.0,100.0,0.0,100.0,7.0,62.0,76180.0,23,23,100,0,100,0,200,0,100.0,39339.0,100.0,30853300682.0,100.0,254744936520.0
2018-07-08,Z3015L8K,ST4000DM000,4000787030016,0,117,132495720,91,0,100,20,100,0,84,299714620,55,39638,100,0,100,20,99.0,1.0,100.0,0.0,100.0,0.0,100.0,0.0,94.0,6.0,77.0,23.0,100.0,0.0,100.0,7.0,62.0,76180.0,23,23,100,0,100,0,200,0,100.0,39364.0,100.0,30853420792.0,100.0,255095336774.0
2018-07-09,Z3015L8K,ST4000DM000,4000787030016,0,117,167138400,91,0,100,20,100,0,84,300587024,55,39662,100,0,100,20,99.0,1.0,100.0,0.0,100.0,0.0,100.0,0.0,94.0,6.0,78.0,22.0,100.0,0.0,100.0,7.0,62.0,76180.0,22,22,100,0,100,0,200,0,100.0,39388.0,100.0,30853537042.0,100.0,255430104156.0
2018-07-10,Z3015L8K,ST4000DM000,4000787030016,0,117.0,159237224.0,91.0,0.0,100.0,20.0,100.0,0.0,84.0,300839991.0,55.0,39685.0,100.0,0.0,100.0,20.0,99.0,1.0,100.0,0.0,100.0,0.0,100.0,0.0,94.0,6.0,79.0,21.0,100.0,0.0,100.0,7.0,62.0,76495.0,21.0,21.0,100.0,0.0,100.0,0.0,200.0,0.0,100.0,39410.0,100.0,30853653562.0,100.0,255530464035.0
2018-07-11,Z3015L8K,ST4000DM000,4000787030016,0,117,118960648,91,0,100,20,100,0,84,301177483,55,39710,100,0,100,20,99.0,1.0,100.0,0.0,100.0,0.0,100.0,0.0,94.0,6.0,77.0,23.0,100.0,0.0,100.0,7.0,62.0,77345.0,23,23,100,0,100,0,200,0,100.0,39432.0,100.0,30853773802.0,100.0,255655555892.0
2018-07-12,Z3015L8K,ST4000DM000,4000787030016,0,118,179276272,91,0,100,20,100,0,84,301987980,55,39734,100,0,100,20,99.0,1.0,100.0,0.0,100.0,0.0,100.0,0.0,94.0,6.0,77.0,23.0,100.0,0.0,100.0,7.0,62.0,77347.0,23,23,100,0,100,0,200,0,100.0,39455.0,100.0,30853889952.0,100.0,256008042958.0
2018-07-13,Z3015L8K,ST4000DM000,4000787030016,0,108,15322232,91,0,100,20,100,0,84,302741437,55,39757,100,0,100,20,99.0,1.0,100.0,0.0,100.0,0.0,100.0,0.0,94.0,6.0,77.0,23.0,100.0,0.0,100.0,7.0,62.0,77392.0,23,23,100,0,100,0,200,0,100.0,39479.0,100.0,30854003472.0,100.0,256334226660.0
2018-07-14,Z3015L8K,ST4000DM000,4000787030016,0,111,29393480,91,0,100,20,100,0,84,303546735,55,39781,100,0,100,20,99.0,1.0,100.0,0.0,100.0,0.0,100.0,0.0,94.0,6.0,77.0,23.0,100.0,0.0,100.0,7.0,62.0,77392.0,23,23,100,0,100,0,200,0,100.0,39503.0,100.0,30854119552.0,100.0,256674905853.0
2018-07-15,Z3015L8K,ST4000DM000,4000787030016,0,117,163069856,91,0,100,20,100,0,84,304406957,55,39805,100,0,100,20,99.0,1.0,100.0,0.0,100.0,0.0,100.0,0.0,94.0,6.0,77.0,23.0,100.0,0.0,100.0,7.0,62.0,77392.0,23,23,100,0,100,0,200,0,100.0,39526.0,100.0,30854235962.0,100.0,257025462172.0
2018-07-16,Z3015L8K,ST4000DM000,4000787030016,0,119,204863488,91,0,100,20,100,0,84,305315621,55,39829,100,0,100,20,99.0,1.0,100.0,0.0,100.0,0.0,100.0,0.0,94.0,6.0,77.0,23.0,100.0,0.0,100.0,7.0,62.0,77392.0,23,23,100,0,100,0,200,0,100.0,39550.0,100.0,30854352172.0,100.0,257392809109.0
2018-07-17,Z3015L8K,ST4000DM000,4000787030016,0,112,43966992,91,0,100,20,100,0,84,306170393,55,39853,100,0,100,20,99.0,1.0,100.0,0.0,100.0,0.0,100.0,0.0,94.0,6.0,79.0,21.0,100.0,0.0,100.0,7.0,62.0,77508.0,21,21,100,0,100,0,200,0,100.0,39574.0,100.0,30854472282.0,100.0,257748337256.0
2018-07-18,Z3015L8K,ST4000DM000,4000787030016,0,114,80873216,91,0,100,20,100,0,84,306265019,55,39877,100,0,100,20,99.0,1.0,100.0,0.0,100.0,0.0,100.0,0.0,94.0,6.0,77.0,23.0,100.0,0.0,100.0,7.0,61.0,78758.0,23,23,100,0,100,0,200,0,100.0,39593.0,100.0,30854588782.0,100.0,257781946689.0
2018-07-19,Z3015L8K,ST4000DM000,4000787030016,0,108,19947920,91,0,100,20,100,0,84,306562403,55,39901,100,0,100,20,99.0,1.0,100.0,0.0,100.0,0.0,100.0,0.0,94.0,6.0,78.0,22.0,100.0,0.0,100.0,7.0,61.0,79442.0,22,22,100,0,100,0,200,0,100.0,39615.0,100.0,30854705172.0,100.0,257884047802.0
2018-07-20,Z3015L8K,ST4000DM000,4000787030016,0,115,98910896,91,0,100,20,100,0,84,306879263,55,39925,100,0,100,20,99.0,1.0,100.0,0.0,100.0,0.0,100.0,0.0,94.0,6.0,76.0,24.0,100.0,0.0,100.0,7.0,61.0,79442.0,24,24,100,0,100,0,200,0,100.0,39639.0,100.0,30854825532.0,100.0,258018548126.0
2018-07-21,Z3015L8K,ST4000DM000,4000787030016,0,117,161056544,91,0,100,20,100,0,84,307208111,55,39949,100,0,100,20,99.0,1.0,100.0,0.0,100.0,0.0,100.0,0.0,94.0,6.0,77.0,23.0,100.0,0.0,100.0,7.0,61.0,79443.0,23,23,100,0,100,0,200,0,100.0,39663.0,100.0,30854942012.0,100.0,258141749814.0
2018-07-22,Z3015L8K,ST4000DM000,4000787030016,0,119,214470936,91,0,100,20,100,0,84,307545429,55,39973,100,0,100,20,99.0,1.0,100.0,0.0,100.0,0.0,100.0,0.0,94.0,6.0,77.0,23.0,100.0,0.0,100.0,7.0,61.0,79445.0,23,23,100,0,100,0,200,0,100.0,39687.0,100.0,30855058532.0,100.0,258261170642.0
2018-07-23,Z3015L8K,ST4000DM000,4000787030016,0,112,44476552,91,0,100,20,100,0,84,307867236,55,39997,100,0,100,20,99.0,1.0,100.0,0.0,100.0,0.0,100.0,0.0,94.0,6.0,76.0,24.0,100.0,0.0,100.0,7.0,61.0,79445.0,24,24,100,0,100,0,200,0,100.0,39711.0,100.0,30855178852.0,100.0,258393811758.0
2018-07-24,Z3015L8K,ST4000DM000,4000787030016,0,115,92059576,91,0,100,20,100,0,84,308186532,55,40021,100,0,100,20,99.0,1.0,100.0,0.0,100.0,0.0,100.0,0.0,94.0,6.0,78.0,22.0,100.0,0.0,100.0,7.0,61.0,79446.0,22,22,100,0,100,0,200,0,100.0,39735.0,100.0,30855295182.0,100.0,258517588399.0
2018-07-25,Z3015L8K,ST4000DM000,4000787030016,0,111.0,38958384.0,91.0,0.0,100.0,20.0,100.0,0.0,84.0,308551699.0,55.0,40045.0,100.0,0.0,100.0,20.0,99.0,1.0,100.0,0.0,100.0,0.0,100.0,0.0,94.0,6.0,78.0,22.0,100.0,0.0,100.0,7.0,61.0,79446.0,22.0,22.0,100.0,0.0,100.0,0.0,200.0,0.0,100.0,39759.0,100.0,30855411832.0,100.0,258660208793.0
2018-07-26,Z3015L8K,ST4000DM000,4000787030016,0,117,133599904,91,0,100,20,100,0,84,308873642,55,40069,100,0,100,20,99.0,1.0,100.0,0.0,100.0,0.0,100.0,0.0,94.0,6.0,78.0,22.0,100.0,0.0,100.0,7.0,61.0,79446.0,22,22,100,0,100,0,200,0,100.0,39783.0,100.0,30855532102.0,100.0,258796547554.0
2018-07-27,Z3015L8K,ST4000DM000,4000787030016,0,119,201978720,91,0,100,20,100,0,84,309190224,55,40093,100,0,100,20,99.0,1.0,100.0,0.0,100.0,0.0,100.0,0.0,94.0,6.0,78.0,22.0,100.0,0.0,100.0,7.0,61.0,79447.0,22,22,100,0,100,0,200,0,100.0,39807.0,100.0,30855648592.0,100.0,258935551569.0
2018-07-28,Z3015L8K,ST4000DM000,4000787030016,0,118,194423520,91,0,100,20,100,0,84,309484539,55,40117,100,0,100,20,99.0,1.0,100.0,0.0,100.0,0.0,100.0,0.0,94.0,6.0,77.0,23.0,100.0,0.0,100.0,7.0,61.0,79468.0,23,23,100,0,100,0,200,0,100.0,39830.0,100.0,30855761782.0,100.0,259055516502.0
2018-07-29,Z3015L8K,ST4000DM000,4000787030016,0,119,208261024,91,0,100,20,100,0,84,309767055,55,40140,100,0,100,20,99.0,1.0,100.0,0.0,100.0,0.0,100.0,0.0,94.0,6.0,77.0,23.0,100.0,0.0,100.0,7.0,61.0,79468.0,23,23,100,0,100,0,200,0,100.0,39854.0,100.0,30855878292.0,100.0,259183710816.0
2018-07-30,Z3015L8K,ST4000DM000,4000787030016,0,118,181917328,91,0,100,20,100,0,84,310052652,55,40165,100,0,100,20,99.0,1.0,100.0,0.0,100.0,0.0,100.0,0.0,94.0,6.0,78.0,22.0,100.0,0.0,100.0,7.0,61.0,79471.0,22,22,100,0,100,0,200,0,100.0,39879.0,100.0,30855998642.0,100.0,259311152986.0
2018-07-31,Z3015L8K,ST4000DM000,4000787030016,0,107,14661088,91,0,100,20,100,0,84,310363819,55,40189,100,0,100,20,99.0,1.0,100.0,0.0,100.0,0.0,100.0,0.0,94.0,6.0,77.0,23.0,100.0,0.0,100.0,7.0,61.0,79471.0,23,23,100,0,100,0,200,0,100.0,39902.0,100.0,30856115222.0,100.0,259452171288.0
2018-08-01,Z3015L8K,ST4000DM000,4000787030016,0,117,148305136,91,0,100,20,100,0,84,310609696,55,40212,100,0,100,20,99.0,1.0,100.0,0.0,100.0,0.0,100.0,0.0,94.0,6.0,77.0,23.0,100.0,0.0,100.0,7.0,61.0,79471.0,23,23,100,0,100,0,200,0,100.0,39926.0,100.0,30856231842.0,100.0,259564198238.0
2018-08-02,Z3015L8K,ST4000DM000,4000787030016,0,114,68255624,91,0,100,20,100,0,84,310946270,55,40237,100,0,100,20,99.0,1.0,100.0,0.0,100.0,0.0,100.0,0.0,94.0,6.0,77.0,23.0,100.0,0.0,100.0,7.0,61.0,79471.0,23,23,100,0,100,0,200,0,100.0,39951.0,100.0,30856352102.0,100.0,259713030714.0
2018-08-03,Z3015L8K,ST4000DM000,4000787030016,0,111,38183440,91,0,100,20,100,0,84,311305452,55,40261,100,0,100,20,99.0,1.0,100.0,0.0,100.0,0.0,100.0,0.0,94.0,6.0,77.0,23.0,100.0,0.0,100.0,7.0,61.0,79471.0,23,23,100,0,100,0,200,0,100.0,39974.0,100.0,30856468672.0,100.0,259867920147.0
2018-08-04,Z3015L8K,ST4000DM000,4000787030016,0,117,141980064,91,0,100,20,100,0,84,311636355,55,40284,100,0,100,20,99.0,1.0,100.0,0.0,100.0,0.0,100.0,0.0,94.0,6.0,77.0,23.0,100.0,0.0,100.0,7.0,61.0,79471.0,23,23,100,0,100,0,200,0,100.0,39998.0,100.0,30856585232.0,100.0,260004114221.0
2018-08-05,Z3015L8K,ST4000DM000,4000787030016,0,114,69423984,91,0,100,20,100,0,84,311899308,54,40308,100,0,100,20,99.0,1.0,100.0,0.0,100.0,0.0,100.0,0.0,94.0,6.0,77.0,23.0,100.0,0.0,100.0,7.0,61.0,79471.0,23,23,100,0,100,0,200,0,100.0,40022.0,100.0,30856701762.0,100.0,260117248275.0
2018-08-06,Z3015L8K,ST4000DM000,4000787030016,0,118,190504792,91,0,100,20,100,0,84,312248897,54,40333,100,0,100,20,99.0,1.0,100.0,0.0,100.0,0.0,100.0,0.0,94.0,6.0,77.0,23.0,100.0,0.0,100.0,7.0,61.0,79473.0,23,23,100,0,100,0,200,0,100.0,40046.0,100.0,30856822032.0,100.0,260253051429.0
2018-08-07,Z3015L8K,ST4000DM000,4000787030016,0,113,54783912,91,0,100,20,100,0,84,312674698,54,40357,100,0,100,20,99.0,1.0,100.0,0.0,100.0,0.0,100.0,0.0,94.0,6.0,77.0,23.0,100.0,0.0,100.0,7.0,61.0,79473.0,23,23,100,0,100,0,200,0,100.0,40070.0,100.0,30856938612.0,100.0,260415022668.0
2018-08-08,Z3015L8K,ST4000DM000,4000787030016,0,110,28634120,91,0,100,20,100,0,84,312814865,54,40380,100,0,100,20,99.0,1.0,100.0,0.0,100.0,0.0,100.0,0.0,94.0,6.0,78.0,22.0,100.0,0.0,100.0,7.0,60.0,80262.0,22,22,100,0,100,0,200,0,100.0,40091.0,100.0,30857055162.0,100.0,260467980652.0
2018-08-09,Z3015L8K,ST4000DM000,4000787030016,0,114,63439464,91,0,100,20,100,0,84,312912503,54,40405,100,0,100,20,99.0,1.0,100.0,0.0,100.0,0.0,100.0,0.0,94.0,6.0,78.0,22.0,100.0,0.0,100.0,7.0,60.0,81526.0,22,22,100,0,100,0,200,0,100.0,40111.0,100.0,30857175482.0,100.0,260500375004.0
2018-08-10,Z3015L8K,ST4000DM000,4000787030016,0,115,95228224,91,0,100,20,100,0,84,313003825,54,40428,100,0,100,20,99.0,1.0,100.0,0.0,100.0,0.0,100.0,0.0,94.0,6.0,79.0,21.0,100.0,0.0,100.0,7.0,59.0,82784.0,21,21,100,0,100,0,200,0,100.0,40129.0,100.0,30857288592.0,100.0,260529894236.0
2018-08-11,Z3015L8K,ST4000DM000,4000787030016,0,116,114114416,91,0,100,20,100,0,84,313064490,54,40444,100,0,100,20,99.0,1.0,100.0,0.0,100.0,0.0,100.0,0.0,94.0,6.0,79.0,21.0,100.0,0.0,100.0,7.0,59.0,83611.0,21,21,100,0,100,0,200,0,100.0,40142.0,100.0,30857363722.0,100.0,260547283500.0
2018-08-12,Z3015L8K,ST4000DM000,4000787030016,0,116,114114416,91,0,100,20,100,0,84,313064490,54,40444,100,0,100,20,99.0,1.0,100.0,0.0,100.0,0.0,100.0,0.0,94.0,6.0,79.0,21.0,100.0,0.0,100.0,7.0,59.0,83611.0,21,21,100,0,100,0,200,0,100.0,40142.0,100.0,30857363722.0,100.0,260547283500.0
2018-08-13,Z3015L8K,ST4000DM000,4000787030016,0,116,114114416,91,0,100,20,100,0,84,313064490,54,40444,100,0,100,20,99.0,1.0,100.0,0.0,100.0,0.0,100.0,0.0,94.0,6.0,79.0,21.0,100.0,0.0,100.0,7.0,59.0,83611.0,21,21,100,0,100,0,200,0,100.0,40142.0,100.0,30857363722.0,100.0,260547283500.0
2018-08-14,Z3015L8K,ST4000DM000,4000787030016,0,116.0,114114416.0,91.0,0.0,100.0,20.0,100.0,0.0,84.0,313064490.0,54.0,40444.0,100.0,0.0,100.0,20.0,99.0,1.0,100.0,0.0,100.0,0.0,100.0,0.0,94.0,6.0,79.0,21.0,100.0,0.0,100.0,7.0,59.0,83611.0,21.0,21.0,100.0,0.0,100.0,0.0,200.0,0.0,100.0,40142.0,100.0,30857363722.0,100.0,260547283500.0
