2018-01-01,Z302SVCR,ST4000DM000,4000787030016,0,118,172496304,96,0,100,4,100,0,90,986025249,77,20268,100,0,100,4,100.0,0.0,100.0,0.0,100.0,0.0,100.0,0.0,100.0,0.0,66.0,34.0,100.0,0.0,100.0,0.0,93.0,14679.0,34,34,100,0,100,0,200,0,100.0,20056.0,100.0,45869561240.0,100.0,66653905698.0
2018-01-02,Z302SVCR,ST4000DM000,4000787030016,0,116,116010456,96,0,100,4,100,0,90,987817168,77,20293,100,0,100,4,100.0,0.0,100.0,0.0,100.0,0.0,100.0,0.0,100.0,0.0,66.0,34.0,100.0,0.0,100.0,0.0,93.0,14679.0,34,34,100,0,100,0,200,0,100.0,20081.0,100.0,45896568480.0,100.0,66751545538.0
2018-01-03,Z302SVCR,ST4000DM000,4000787030016,0,117,117865512,96,0,100,4,100,0,90,989058447,77,20317,100,0,100,4,100.0,0.0,100.0,0.0,100.0,0.0,100.0,0.0,100.0,0.0,66.0,34.0,100.0,0.0,100.0,0.0,93.0,14679.0,34,34,100,0,100,0,200,0,100.0,20105.0,100.0,45924480744.0,100.0,66875510202.0
2018-01-04,Z302SVCR,ST4000DM000,4000787030016,0,117,166031552,96,0,100,4,100,0,90,990229515,77,20333,100,0,100,4,100.0,0.0,100.0,0.0,100.0,0.0,100.0,0.0,100.0,0.0,66.0,34.0,100.0,0.0,100.0,0.0,93.0,14679.0,34,34,100,0,100,0,200,0,100.0,20121.0,100.0,45941158272.0,100.0,66940625532.0
2018-01-05,Z302SVCR,ST4000DM000,4000787030016,0,116.0,114593728.0,96.0,0.0,100.0,4.0,100.0,0.0,90.0,992104521.0,77.0,20357.0,100.0,0.0,100.0,4.0,100.0,0.0,100.0,0.0,100.0,0.0,100.0,0.0,100.0,0.0,65.0,35.0,100.0,0.0,100.0,0.0,93.0,14680.0,35.0,35.0,100.0,0.0,100.0,0.0,200.0,0.0,100.0,20145.0,100.0,45980094832.0,100.0,67064617493.0
2018-01-06,Z302SVCR,ST4000DM000,4000787030016,0,117,132950616,96,0,100,4,100,0,90,993973212,77,20380,100,0,100,4,100.0,0.0,100.0,0.0,100.0,0.0,100.0,0.0,100.0,0.0,70.0,30.0,100.0,0.0,100.0,0.0,93.0,14680.0,30,30,100,0,100,0,200,0,100.0,20168.0,100.0,46005128048.0,100.0,67179442715.0
2018-01-07,Z302SVCR,ST4000DM000,4000787030016,0,117,155632128,96,0,100,4,100,0,90,995529957,77,20405,100,0,100,4,100.0,0.0,100.0,0.0,100.0,0.0,100.0,0.0,100.0,0.0,70.0,30.0,100.0,0.0,100.0,0.0,93.0,14680.0,30,30,100,0,100,0,200,0,100.0,20193.0,100.0,46041898136.0,100.0,67291789821.0
2018-01-08,Z302SVCR,ST4000DM000,4000787030016,0,119,207980536,96,0,100,4,100,0,90,997031540,77,20428,100,0,100,4,100.0,0.0,100.0,0.0,100.0,0.0,100.0,0.0,100.0,0.0,70.0,30.0,100.0,0.0,100.0,0.0,93.0,14680.0,30,30,100,0,100,0,200,0,100.0,20216.0,100.0,46084176416.0,100.0,67400784798.0
2018-01-09,Z302SVCR,ST4000DM000,4000787030016,0,119,203710496,96,0,100,4,100,0,90,999621507,77,20452,100,0,100,4,100.0,0.0,100.0,0.0,100.0,0.0,100.0,0.0,100.0,0.0,70.0,30.0,100.0,0.0,100.0,0.0,93.0,14680.0,30,30,100,0,100,0,200,0,100.0,20240.0,100.0,46120959184.0,100.0,67538902774.0
2018-01-10,Z302SVCR,ST4000DM000,4000787030016,0,116,102726048,96,0,100,4,100,0,90,943255,77,20478,100,0,100,4,100.0,0.0,100.0,0.0,100.0,0.0,100.0,0.0,100.0,0.0,70.0,30.0,100.0,0.0,100.0,0.0,93.0,14680.0,30,30,100,0,100,0,200,0,100.0,20266.0,100.0,46143905712.0,100.0,67623665222.0
2018-01-11,Z302SVCR,ST4000DM000,4000787030016,0,118,175320688,96,0,100,4,100,0,64,2657655,77,20499,100,0,100,4,100.0,0.0,100.0,0.0,100.0,0.0,100.0,0.0,100.0,0.0,70.0,30.0,100.0,0.0,100.0,0.0,93.0,14684.0,30,30,100,0,100,0,200,0,100.0,20286.0,100.0,46148890096.0,100.0,67723564226.0
2018-01-12,Z302SVCR,ST4000DM000,4000787030016,0,115,84184224,96,0,100,4,100,0,66,3956547,77,20523,100,0,100,4,100.0,0.0,100.0,0.0,100.0,0.0,100.0,0.0,100.0,0.0,70.0,30.0,100.0,0.0,100.0,0.0,93.0,14686.0,30,30,100,0,100,0,200,0,100.0,20311.0,100.0,46161764184.0,100.0,67840896948.0
2018-01-13,Z302SVCR,ST4000DM000,4000787030016,0,116.0,102425616.0,96.0,0.0,100.0,4.0,100,0,66.0,4455530.0,77,20535,100.0,0.0,100,4,100.0,0.0,100.0,0.0,100.0,0.0,100.0,0.0,100.0,0.0,69.0,31.0,100.0,0.0,100.0,0.0,93.0,14686.0,31.0,31.0,100.0,0.0,100.0,0.0,200,0,100.0,20323.0,100.0,46166688520.0,100.0,67899810129.0
2018-01-14,Z302SVCR,ST4000DM000,4000787030016,0,119.0,217795320.0,96.0,0.0,100.0,4.0,100,0,67.0,5477021.0,77,20559,100.0,0.0,100,4,100.0,0.0,100.0,0.0,100.0,0.0,100.0,0.0,100.0,0.0,69.0,31.0,100.0,0.0,100.0,0.0,93.0,14686.0,31.0,31.0,100.0,0.0,100.0,0.0,200,0,100.0,20347.0,100.0,46173996184.0,100.0,68036604762.0
2018-01-15,Z302SVCR,ST4000DM000,4000787030016,0,114.0,82339688.0,96.0,0.0,100.0,4.0,100,0,68.0,6662792.0,77,20583,100.0,0.0,100,4,100.0,0.0,100.0,0.0,100.0,0.0,100.0,0.0,100.0,0.0,69.0,31.0,100.0,0.0,100.0,0.0,93.0,14686.0,31.0,31.0,100.0,0.0,100.0,0.0,200,0,100.0,20371.0,100.0,46178658680.0,100.0,68183890316.0
2018-01-16,Z302SVCR,ST4000DM000,4000787030016,0,114.0,61919944.0,96.0,0.0,100.0,4.0,100,0,69.0,9327169.0,77,20619,100.0,0.0,100,4,100.0,0.0,100.0,0.0,100.0,0.0,100.0,0.0,100.0,0.0,70.0,30.0,100.0,0.0,100.0,0.0,93.0,14686.0,30.0,30.0,100.0,0.0,100.0,0.0,200,0,100.0,20407.0,100.0,46188508368.0,100.0,68412466227.0
2018-01-17,Z302SVCR,ST4000DM000,4000787030016,0,120.0,242470048.0,96.0,0.0,100.0,4.0,100,0,69.0,9656300.0,77,20631,100.0,0.0,100,4,100.0,0.0,100.0,0.0,100.0,0.0,100.0,0.0,100.0,0.0,69.0,31.0,100.0,0.0,100.0,0.0,93.0,14686.0,31.0,31.0,100.0,0.0,100.0,0.0,200,0,100.0,20419.0,100.0,46191124640.0,100.0,68445704786.0
2018-01-18,Z302SVCR,ST4000DM000,4000787030016,0,114.0,71991872.0,96.0,0.0,100.0,4.0,100.0,0.0,70.0,11748978.0,77.0,20671.0,100.0,0.0,100.0,4.0,100.0,0.0,100.0,0.0,100.0,0.0,100.0,0.0,100.0,0.0,70.0,30.0,100.0,0.0,100.0,0.0,93.0,14687.0,30.0,30.0,100.0,0.0,100.0,0.0,200.0,0.0,100.0,20459.0,100.0,46209406240.0,100.0,68591010375.0
2018-01-19,Z302SVCR,ST4000DM000,4000787030016,0,119.0,222668512.0,96.0,0.0,100.0,4.0,100.0,0.0,71.0,13999618.0,77.0,20695.0,100.0,0.0,100.0,4.0,100.0,0.0,100.0,0.0,100.0,0.0,100.0,0.0,100.0,0.0,70.0,30.0,100.0,0.0,100.0,0.0,93.0,14687.0,30.0,30.0,100.0,0.0,100.0,0.0,200.0,0.0,100.0,20483.0,100.0,46217722200.0,100.0,68711751649.0
2018-01-20,Z302SVCR,ST4000DM000,4000787030016,0,112.0,48860488.0,96.0,0.0,100.0,4.0,100,0,72.0,15092920.0,77,20719,100.0,0.0,100,4,100.0,0.0,100.0,0.0,100.0,0.0,100.0,0.0,100.0,0.0,70.0,30.0,100.0,0.0,100.0,0.0,93.0,14687.0,30.0,30.0,100.0,0.0,100.0,0.0,200,0,100.0,20507.0,100.0,46230329960.0,100.0,68812320623.0
2018-01-21,Z302SVCR,ST4000DM000,4000787030016,0,115.0,92450176.0,96.0,0.0,100.0,4.0,100,0,72.0,16312990.0,77,20743,100.0,0.0,100,4,100.0,0.0,100.0,0.0,100.0,0.0,100.0,0.0,100.0,0.0,70.0,30.0,100.0,0.0,100.0,0.0,93.0,14687.0,30.0,30.0,100.0,0.0,100.0,0.0,200,0,100.0,20531.0,100.0,46262289544.0,100.0,68919982752.0
2018-01-22,Z302SVCR,ST4000DM000,4000787030016,0,119.0,223672064.0,96.0,0.0,100.0,4.0,100,0,72.0,17447939.0,77,20768,100.0,0.0,100,4,100.0,0.0,100.0,0.0,100.0,0.0,100.0,0.0,100.0,0.0,71.0,29.0,100.0,0.0,100.0,0.0,93.0,14687.0,29.0,29.0,100.0,0.0,100.0,0.0,200,0,100.0,20556.0,100.0,46294787312.0,100.0,69006139138.0
2018-01-23,Z302SVCR,ST4000DM000,4000787030016,0,114.0,81133296.0,96.0,0.0,100.0,4.0,100,0,72.0,19428349.0,77,20792,100.0,0.0,100,4,100.0,0.0,100.0,0.0,100.0,0.0,100.0,0.0,100.0,0.0,71.0,29.0,100.0,0.0,100.0,0.0,93.0,14687.0,29.0,29.0,100.0,0.0,100.0,0.0,200,0,100.0,20580.0,100.0,46312905248.0,100.0,69143928648.0
2018-01-24,Z302SVCR,ST4000DM000,4000787030016,0,116.0,106589552.0,96.0,0.0,100.0,4.0,100,0,72.0,20639934.0,77,20815,100.0,0.0,100,4,100.0,0.0,100.0,0.0,100.0,0.0,100.0,0.0,100.0,0.0,71.0,29.0,100.0,0.0,100.0,0.0,93.0,14687.0,29.0,29.0,100.0,0.0,100.0,0.0,200,0,100.0,20603.0,100.0,46333583288.0,100.0,69255533058.0
2018-01-25,Z302SVCR,ST4000DM000,4000787030016,0,119.0,206682552.0,96.0,0.0,100.0,4.0,100,0,73.0,22127109.0,77,20839,100.0,0.0,100,4,100.0,0.0,100.0,0.0,100.0,0.0,100.0,0.0,100.0,0.0,70.0,30.0,100.0,0.0,100.0,0.0,93.0,14689.0,30.0,30.0,100.0,0.0,100.0,0.0,200,0,100.0,20627.0,100.0,46343065936.0,100.0,69345985761.0
2018-01-26,Z302SVCR,ST4000DM000,4000787030016,0,115.0,98454008.0,96.0,0.0,100.0,4.0,100,0,73.0,22615216.0,77,20866,100.0,0.0,100,4,100.0,0.0,100.0,0.0,100.0,0.0,100.0,0.0,100.0,0.0,70.0,30.0,100.0,0.0,100.0,0.0,93.0,14697.0,30.0,30.0,100.0,0.0,100.0,0.0,200,0,100.0,20653.0,100.0,46346966392.0,100.0,69418348583.0
2018-01-27,Z302SVCR,ST4000DM000,4000787030016,0,114.0,77958688.0,96.0,0.0,100.0,4.0,100,0,73.0,23517833.0,77,20890,100.0,0.0,100,4,100.0,0.0,100.0,0.0,100.0,0.0,100.0,0.0,100.0,0.0,70.0,30.0,100.0,0.0,100.0,0.0,93.0,14697.0,30.0,30.0,100.0,0.0,100.0,0.0,200,0,100.0,20677.0,100.0,46349773952.0,100.0,69508225265.0
2018-01-28,Z302SVCR,ST4000DM000,4000787030016,0,117.0,126651512.0,96.0,0.0,100.0,4.0,100,0,73.0,24703744.0,77,20914,100.0,0.0,100,4,100.0,0.0,100.0,0.0,100.0,0.0,100.0,0.0,100.0,0.0,70.0,30.0,100.0,0.0,100.0,0.0,93.0,14697.0,30.0,30.0,100.0,0.0,100.0,0.0,200,0,100.0,20701.0,100.0,46351821168.0,100.0,69628762216.0
2018-01-29,Z302SVCR,ST4000DM000,4000787030016,0,118.0,194294568.0,96.0,0.0,100.0,4.0,100,0,74.0,25927886.0,77,20938,100.0,0.0,100,4,100.0,0.0,100.0,0.0,100.0,0.0,100.0,0.0,100.0,0.0,69.0,31.0,100.0,0.0,100.0,0.0,93.0,14697.0,31.0,31.0,100.0,0.0,100.0,0.0,200,0,100.0,20725.0,100.0,46356509064.0,100.0,69745677062.0
2018-01-30,Z302SVCR,ST4000DM000,4000787030016,0,108.0,20512664.0,96.0,0.0,100.0,4.0,100,0,74.0,28284198.0,77,20955,100.0,0.0,100,4,100.0,0.0,100.0,0.0,100.0,0.0,100.0,0.0,100.0,0.0,70.0,30.0,100.0,0.0,100.0,0.0,93.0,14697.0,30.0,30.0,100.0,0.0,100.0,0.0,200,0,100.0,20742.0,100.0,46364943640.0,100.0,69867822198.0
2018-01-31,Z302SVCR,ST4000DM000,4000787030016,0,118.0,188343416.0,96.0,0.0,100.0,4.0,100.0,0.0,75.0,30272819.0,77.0,20979.0,100.0,0.0,100.0,4.0,100.0,0.0,100.0,0.0,100.0,0.0,100.0,0.0,100.0,0.0,70.0,30.0,100.0,0.0,100.0,0.0,93.0,14699.0,30.0,30.0,100.0,0.0,100.0,0.0,200.0,0.0,100.0,20767.0,100.0,46368806016.0,100.0,69967277113.0
2018-02-01,Z302SVCR,ST4000DM000,4000787030016,0,118.0,183609968.0,96.0,0.0,100.0,4.0,100,0,75.0,31264300.0,77,21003,100.0,0.0,100,4,100.0,0.0,100.0,0.0,100.0,0.0,100.0,0.0,100.0,0.0,70.0,30.0,100.0,0.0,100.0,0.0,93.0,14699.0,30.0,30.0,100.0,0.0,100.0,0.0,200,0,100.0,20790.0,100.0,46375511352.0,100.0,70032105552.0
2018-02-02,Z302SVCR,ST4000DM000,4000787030016,0,119.0,229394032.0,96.0,0.0,100.0,4.0,100,0,75.0,32057315.0,76,21027,100.0,0.0,100,4,100.0,0.0,100.0,0.0,100.0,0.0,100.0,0.0,100.0,0.0,70.0,30.0,100.0,0.0,100.0,0.0,93.0,14699.0,30.0,30.0,100.0,0.0,100.0,0.0,200,0,100.0,20814.0,100.0,46381985408.0,100.0,70113694735.0
2018-02-03,Z302SVCR,ST4000DM000,4000787030016,0,117.0,159628832.0,96.0,0.0,100.0,4.0,100,0,75.0,32567329.0,76,21051,100.0,0.0,100,4,100.0,0.0,100.0,0.0,100.0,0.0,100.0,0.0,100.0,0.0,70.0,30.0,100.0,0.0,100.0,0.0,93.0,14699.0,30.0,30.0,100.0,0.0,100.0,0.0,200,0,100.0,20838.0,100.0,46386727680.0,100.0,70244340881.0
2018-02-04,Z302SVCR,ST4000DM000,4000787030016,0,118.0,195675584.0,96.0,0.0,100.0,4.0,100,0,75.0,33174340.0,76,21083,100.0,0.0,100,4,100.0,0.0,100.0,0.0,100.0,0.0,100.0,0.0,100.0,0.0,70.0,30.0,100.0,0.0,100.0,0.0,93.0,14699.0,30.0,30.0,100.0,0.0,100.0,0.0,200,0,100.0,20871.0,100.0,46391240456.0,100.0,70432581529.0
2018-02-05,Z302SVCR,ST4000DM000,4000787030016,0,110.0,25893032.0,96.0,0.0,100.0,4.0,100,0,75.0,33695081.0,76,21107,100.0,0.0,100,4,100.0,0.0,100.0,0.0,100.0,0.0,100.0,0.0,100.0,0.0,69.0,31.0,100.0,0.0,100.0,0.0,93.0,14699.0,31.0,31.0,100.0,0.0,100.0,0.0,200,0,100.0,20894.0,100.0,46394454216.0,100.0,70602008276.0
2018-02-06,Z302SVCR,ST4000DM000,4000787030016,0,117.0,118013600.0,96.0,0.0,100.0,4.0,100,0,75.0,35130509.0,76,21131,100.0,0.0,100,4,100.0,0.0,100.0,0.0,100.0,0.0,100.0,0.0,100.0,0.0,69.0,31.0,100.0,0.0,100.0,0.0,93.0,14699.0,31.0,31.0,100.0,0.0,100.0,0.0,200,0,100.0,20918.0,100.0,46400289776.0,100.0,70743809983.0
2018-02-07,Z302SVCR,ST4000DM000,4000787030016,0,119.0,214316576.0,96.0,0.0,100.0,4.0,100,0,75.0,35644260.0,76,21155,100.0,0.0,100,4,100.0,0.0,100.0,0.0,100.0,0.0,100.0,0.0,100.0,0.0,70.0,30.0,100.0,0.0,100.0,0.0,93.0,14699.0,30.0,30.0,100.0,0.0,100.0,0.0,200,0,100.0,20942.0,100.0,46403939160.0,100.0,70912617974.0
2018-02-08,Z302SVCR,ST4000DM000,4000787030016,0,115.0,93957464.0,96.0,0.0,100.0,4.0,100,0,75.0,37913140.0,76,21182,100.0,0.0,100,4,100.0,0.0,100.0,0.0,100.0,0.0,100.0,0.0,100.0,0.0,69.0,31.0,100.0,0.0,100.0,0.0,93.0,14707.0,31.0,31.0,100.0,0.0,100.0,0.0,200,0,100.0,20969.0,100.0,46410927368.0,100.0,71091043026.0
2018-02-09,Z302SVCR,ST4000DM000,4000787030016,0,114,66701704,96,0,100,4,100,0,75,38390040,76,21205,100,0,100,4,100.0,0.0,100.0,0.0,100.0,0.0,100.0,0.0,100.0,0.0,69.0,31.0,100.0,0.0,100.0,0.0,93.0,14707.0,31,31,100,0,100,0,200,0,100.0,20993.0,100.0,46413886872.0,100.0,71265784035.0
2018-02-10,Z302SVCR,ST4000DM000,4000787030016,0,112.0,47859792.0,96.0,0.0,100.0,4.0,100.0,0.0,75.0,38895754.0,76.0,21230.0,100.0,0.0,100.0,4.0,100.0,0.0,100.0,0.0,100.0,0.0,100.0,0.0,100.0,0.0,70.0,30.0,100.0,0.0,100.0,0.0,93.0,14707.0,30.0,30.0,100.0,0.0,100.0,0.0,200.0,0.0,100.0,21017.0,100.0,46416456112.0,100.0,71450193162.0
2018-02-11,Z302SVCR,ST4000DM000,4000787030016,0,117,125780784,96,0,100,4,100,0,75,39771220,76,21253,100,0,100,4,100.0,0.0,100.0,0.0,100.0,0.0,100.0,0.0,100.0,0.0,66.0,34.0,100.0,0.0,100.0,0.0,93.0,14707.0,34,34,100,0,100,0,200,0,100.0,21041.0,100.0,46418492912.0,100.0,71626966012.0
2018-02-12,Z302SVCR,ST4000DM000,4000787030016,0,119,209956320,96,0,100,4,100,0,75,41019746,76,21277,100,0,100,4,100.0,0.0,100.0,0.0,100.0,0.0,100.0,0.0,100.0,0.0,70.0,30.0,100.0,0.0,100.0,0.0,93.0,14707.0,30,30,100,0,100,0,200,0,100.0,21065.0,100.0,46421391512.0,100.0,71810739584.0
2018-02-13,Z302SVCR,ST4000DM000,4000787030016,0,117,150558280,96,0,100,4,100,0,76,42427709,76,21302,100,0,100,4,100.0,0.0,100.0,0.0,100.0,0.0,100.0,0.0,100.0,0.0,70.0,30.0,100.0,0.0,100.0,0.0,93.0,14707.0,30,30,100,0,100,0,200,0,100.0,21089.0,100.0,46426000848.0,100.0,71986012998.0
2018-02-14,Z302SVCR,ST4000DM000,4000787030016,0,119,206272776,96,0,100,4,100,0,76,43231907,76,21326,100,0,100,4,100.0,0.0,100.0,0.0,100.0,0.0,100.0,0.0,100.0,0.0,70.0,30.0,100.0,0.0,100.0,0.0,93.0,14707.0,30,30,100,0,100,0,200,0,100.0,21113.0,100.0,46428758576.0,100.0,72147434287.0
2018-02-15,Z302SVCR,ST4000DM000,4000787030016,0,117,167047144,96,0,100,4,100,0,76,44671429,76,21349,100,0,100,4,100.0,0.0,100.0,0.0,100.0,0.0,100.0,0.0,100.0,0.0,70.0,30.0,100.0,0.0,100.0,0.0,93.0,14710.0,30,30,100,0,100,0,200,0,100.0,21137.0,100.0,46433861864.0,100.0,72265952449.0
2018-02-16,Z302SVCR,ST4000DM000,4000787030016,0,111,31945712,96,0,100,4,100,0,76,46089566,76,21373,100,0,100,4,100.0,0.0,100.0,0.0,100.0,0.0,100.0,0.0,100.0,0.0,70.0,30.0,100.0,0.0,100.0,0.0,93.0,14710.0,30,30,100,0,100,0,200,0,100.0,21160.0,100.0,46438093056.0,100.0,72438609771.0
2018-02-17,Z302SVCR,ST4000DM000,4000787030016,0,118,174984400,96,0,100,4,100,0,76,47780970,76,21398,100,0,100,4,100.0,0.0,100.0,0.0,100.0,0.0,100.0,0.0,100.0,0.0,70.0,30.0,100.0,0.0,100.0,0.0,93.0,14710.0,30,30,100,0,100,0,200,0,100.0,21185.0,100.0,46443317376.0,100.0,72621271602.0
2018-02-18,Z302SVCR,ST4000DM000,4000787030016,0,118,173232320,96,0,100,4,100,0,76,48815780,76,21422,100,0,100,4,100.0,0.0,100.0,0.0,100.0,0.0,100.0,0.0,100.0,0.0,70.0,30.0,100.0,0.0,100.0,0.0,93.0,14710.0,30,30,100,0,100,0,200,0,100.0,21209.0,100.0,46450396568.0,100.0,72768109632.0
2018-02-19,Z302SVCR,ST4000DM000,4000787030016,0,119,210636400,96,0,100,4,100,0,77,51922495,76,21445,100,0,100,4,100.0,0.0,100.0,0.0,100.0,0.0,100.0,0.0,100.0,0.0,69.0,31.0,100.0,0.0,100.0,0.0,93.0,14710.0,31,31,100,0,100,0,200,0,100.0,21233.0,100.0,46464005704.0,100.0,72966855192.0
2018-02-20,Z302SVCR,ST4000DM000,4000787030016,0,113,55679328,96,0,100,4,100,0,77,53756788,76,21470,100,0,100,4,100.0,0.0,100.0,0.0,100.0,0.0,100.0,0.0,100.0,0.0,69.0,31.0,100.0,0.0,100.0,0.0,93.0,14710.0,31,31,100,0,100,0,200,0,100.0,21257.0,100.0,46469919536.0,100.0,73147845844.0
2018-02-21,Z302SVCR,ST4000DM000,4000787030016,0,117,156507184,96,0,100,4,100,0,77,54480858,76,21494,100,0,100,4,100.0,0.0,100.0,0.0,100.0,0.0,100.0,0.0,100.0,0.0,70.0,30.0,100.0,0.0,100.0,0.0,93.0,14710.0,30,30,100,0,100,0,200,0,100.0,21281.0,100.0,46474039952.0,100.0,73286177859.0
2018-02-22,Z302SVCR,ST4000DM000,4000787030016,0,113,50981992,96,0,100,4,100,0,77,55602227,76,21516,100,0,100,4,100.0,0.0,100.0,0.0,100.0,0.0,100.0,0.0,100.0,0.0,70.0,30.0,100.0,0.0,100.0,0.0,93.0,14728.0,30,30,100,0,100,0,200,0,100.0,21303.0,100.0,46477173416.0,100.0,73381840181.0
2018-02-23,Z302SVCR,ST4000DM000,4000787030016,0,117,137493824,96,0,100,4,100,0,77,56182472,76,21540,100,0,100,4,100.0,0.0,100.0,0.0,100.0,0.0,100.0,0.0,100.0,0.0,71.0,29.0,100.0,0.0,100.0,0.0,93.0,14728.0,29,29,100,0,100,0,200,0,100.0,21327.0,100.0,46478883072.0,100.0,73481837423.0
2018-02-24,Z302SVCR,ST4000DM000,4000787030016,0,117,144484472,96,0,100,4,100,0,77,56904290,76,21563,100,0,100,4,100.0,0.0,100.0,0.0,100.0,0.0,100.0,0.0,100.0,0.0,69.0,31.0,100.0,0.0,100.0,0.0,93.0,14728.0,31,31,100,0,100,0,200,0,100.0,21351.0,100.0,46482002968.0,100.0,73593022792.0
2018-02-25,Z302SVCR,ST4000DM000,4000787030016,0,118,185803584,96,0,100,4,100,0,77,57578945,76,21587,100,0,100,4,100.0,0.0,100.0,0.0,100.0,0.0,100.0,0.0,100.0,0.0,70.0,30.0,100.0,0.0,100.0,0.0,93.0,14728.0,30,30,100,0,100,0,200,0,100.0,21374.0,100.0,46484020568.0,100.0,73696543160.0
2018-02-26,Z302SVCR,ST4000DM000,4000787030016,0,118,200354592,96,0,100,4,100,0,77,58619543,76,21611,100,0,100,4,100.0,0.0,100.0,0.0,100.0,0.0,100.0,0.0,100.0,0.0,69.0,31.0,100.0,0.0,100.0,0.0,93.0,14728.0,31,31,100,0,100,0,200,0,100.0,21398.0,100.0,46485961720.0,100.0,73854792592.0
2018-02-27,Z302SVCR,ST4000DM000,4000787030016,0,111,37609280,96,0,100,4,100,0,78,60401689,76,21635,100,0,100,4,100.0,0.0,100.0,0.0,100.0,0.0,100.0,0.0,100.0,0.0,69.0,31.0,100.0,0.0,100.0,0.0,93.0,14728.0,31,31,100,0,100,0,200,0,100.0,21422.0,100.0,46490494464.0,100.0,74023275786.0
2018-02-28,Z302SVCR,ST4000DM000,4000787030016,0,116,101372272,96,0,100,4,100,0,78,61438308,76,21659,100,0,100,4,100.0,0.0,100.0,0.0,100.0,0.0,100.0,0.0,100.0,0.0,69.0,31.0,100.0,0.0,100.0,0.0,93.0,14728.0,31,31,100,0,100,0,200,0,100.0,21446.0,100.0,46492253632.0,100.0,74189828158.0
2018-03-01,Z302SVCR,ST4000DM000,4000787030016,0,119,205918520,96,0,100,4,100,0,78,62722699,76,21678,100,0,100,4,100.0,0.0,100.0,0.0,100.0,0.0,100.0,0.0,100.0,0.0,70.0,30.0,100.0,0.0,100.0,0.0,93.0,14729.0,30,30,100,0,100,0,200,0,100.0,21466.0,100.0,46497070680.0,100.0,74270248147.0
2018-03-02,Z302SVCR,ST4000DM000,4000787030016,0,117,118609000,96,0,100,4,100,0,78,62907382,76,21702,100,0,100,4,100.0,0.0,100.0,0.0,100.0,0.0,100.0,0.0,100.0,0.0,70.0,30.0,100.0,0.0,100.0,0.0,93.0,14731.0,30,30,100,0,100,0,200,0,100.0,21490.0,100.0,46498604392.0,100.0,74289062467.0
2018-03-03,Z302SVCR,ST4000DM000,4000787030016,0,118,200849648,96,0,100,4,100,0,78,64095720,76,21726,100,0,100,4,100.0,0.0,100.0,0.0,100.0,0.0,100.0,0.0,100.0,0.0,70.0,30.0,100.0,0.0,100.0,0.0,93.0,14731.0,30,30,100,0,100,0,200,0,100.0,21513.0,100.0,46503803064.0,100.0,74459128381.0
2018-03-04,Z302SVCR,ST4000DM000,4000787030016,0,119,223702720,96,0,100,4,100,0,78,65414283,76,21750,100,0,100,4,100.0,0.0,100.0,0.0,100.0,0.0,100.0,0.0,100.0,0.0,70.0,30.0,100.0,0.0,100.0,0.0,93.0,14731.0,30,30,100,0,100,0,200,0,100.0,21537.0,100.0,46520122728.0,100.0,74615463150.0
2018-03-05,Z302SVCR,ST4000DM000,4000787030016,0,114,77764960,96,0,100,4,100,0,78,68119891,76,21775,100,0,100,4,100.0,0.0,100.0,0.0,100.0,0.0,100.0,0.0,100.0,0.0,70.0,30.0,100.0,0.0,100.0,0.0,93.0,14731.0,30,30,100,0,100,0,200,0,100.0,21562.0,100.0,46558682344.0,100.0,74782939900.0
2018-03-06,Z302SVCR,ST4000DM000,4000787030016,0,120,235816680,96,0,100,4,100,0,78,70368950,76,21802,100,0,100,4,100.0,0.0,100.0,0.0,100.0,0.0,100.0,0.0,100.0,0.0,70.0,30.0,100.0,0.0,100.0,0.0,93.0,14731.0,30,30,100,0,100,0,200,0,100.0,21589.0,100.0,46579081888.0,100.0,74984595455.0
2018-03-07,Z302SVCR,ST4000DM000,4000787030016,0,115.0,92953840.0,96.0,0.0,100.0,4.0,100.0,0.0,78.0,71528688.0,76.0,21826.0,100.0,0.0,100.0,4.0,100.0,0.0,100.0,0.0,100.0,0.0,100.0,0.0,100.0,0.0,70.0,30.0,100.0,0.0,100.0,0.0,93.0,14732.0,30.0,30.0,100.0,0.0,100.0,0.0,200.0,0.0,100.0,21613.0,100.0,46588614544.0,100.0,75158392635.0
2018-03-08,Z302SVCR,ST4000DM000,4000787030016,0,118,175792408,96,0,100,4,100,0,78,72950813,76,21850,100,0,100,4,100.0,0.0,100.0,0.0,100.0,0.0,100.0,0.0,100.0,0.0,70.0,30.0,100.0,0.0,100.0,0.0,93.0,14732.0,30,30,100,0,100,0,200,0,100.0,21638.0,100.0,46603129672.0,100.0,75239191136.0
2018-03-09,Z302SVCR,ST4000DM000,4000787030016,0,111,40648024,96,0,100,4,100,0,78,74341750,76,21878,100,0,100,4,100.0,0.0,100.0,0.0,100.0,0.0,100.0,0.0,100.0,0.0,69.0,31.0,100.0,0.0,100.0,0.0,93.0,14736.0,31,31,100,0,100,0,200,0,100.0,21665.0,100.0,46612344144.0,100.0,75412319084.0
2018-03-10,Z302SVCR,ST4000DM000,4000787030016,0,106,11087968,96,0,100,4,100,0,78,75194355,75,21901,100,0,100,4,100.0,0.0,100.0,0.0,100.0,0.0,100.0,0.0,100.0,0.0,70.0,30.0,100.0,0.0,100.0,0.0,93.0,14736.0,30,30,100,0,100,0,200,0,100.0,21688.0,100.0,46618571040.0,100.0,75528226779.0
2018-03-11,Z302SVCR,ST4000DM000,4000787030016,0,119,223971800,96,0,100,4,100,0,78,75805884,75,21925,100,0,100,4,100.0,0.0,100.0,0.0,100.0,0.0,100.0,0.0,100.0,0.0,70.0,30.0,100.0,0.0,100.0,0.0,93.0,14736.0,30,30,100,0,100,0,200,0,100.0,21712.0,100.0,46631458592.0,100.0,75588231082.0
2018-03-12,Z302SVCR,ST4000DM000,4000787030016,0,115,84937400,96,0,100,4,100,0,78,77005684,75,21949,100,0,100,4,100.0,0.0,100.0,0.0,100.0,0.0,100.0,0.0,100.0,0.0,70.0,30.0,100.0,0.0,100.0,0.0,93.0,14736.0,30,30,100,0,100,0,200,0,100.0,21736.0,100.0,46647318280.0,100.0,75711680012.0
2018-03-13,Z302SVCR,ST4000DM000,4000787030016,0,112,48159960,96,0,100,4,100,0,78,78847732,75,21974,100,0,100,4,100.0,0.0,100.0,0.0,100.0,0.0,100.0,0.0,100.0,0.0,70.0,30.0,100.0,0.0,100.0,0.0,93.0,14736.0,30,30,100,0,100,0,200,0,100.0,21761.0,100.0,46662603880.0,100.0,75860439783.0
2018-03-14,Z302SVCR,ST4000DM000,4000787030016,0,118,177081256,96,0,100,4,100,0,78,79664585,75,21997,100,0,100,4,100.0,0.0,100.0,0.0,100.0,0.0,100.0,0.0,100.0,0.0,70.0,30.0,100.0,0.0,100.0,0.0,93.0,14736.0,30,30,100,0,100,0,200,0,100.0,21784.0,100.0,46674507248.0,100.0,75945572830.0
2018-03-15,Z302SVCR,ST4000DM000,4000787030016,0,108,19912368,96,0,100,4,100,0,78,81222046,75,22022,100,0,100,4,100.0,0.0,100.0,0.0,100.0,0.0,100.0,0.0,100.0,0.0,69.0,31.0,100.0,0.0,100.0,0.0,93.0,14739.0,31,31,100,0,100,0,200,0,100.0,21809.0,100.0,46690978560.0,100.0,76049889058.0
2018-03-16,Z302SVCR,ST4000DM000,4000787030016,0,118.0,191825160.0,96.0,0.0,100.0,4.0,100.0,0.0,78.0,82181718.0,75.0,22046.0,100.0,0.0,100.0,4.0,100.0,0.0,100.0,0.0,100.0,0.0,100.0,0.0,100.0,0.0,69.0,31.0,100.0,0.0,100.0,0.0,93.0,14739.0,31.0,31.0,100.0,0.0,100.0,0.0,200.0,0.0,100.0,21832.0,100.0,46702607136.0,100.0,76152853686.0
2018-03-17,Z302SVCR,ST4000DM000,4000787030016,0,111,32393792,96,0,100,4,100,0,78,83138651,75,22070,100,0,100,4,100.0,0.0,100.0,0.0,100.0,0.0,100.0,0.0,100.0,0.0,69.0,31.0,100.0,0.0,100.0,0.0,93.0,14739.0,31,31,100,0,100,0,200,0,100.0,21857.0,100.0,46712651296.0,100.0,76250440506.0
2018-03-18,Z302SVCR,ST4000DM000,4000787030016,0,117,151425736,96,0,100,4,100,0,79,84137780,75,22094,100,0,100,4,100.0,0.0,100.0,0.0,100.0,0.0,100.0,0.0,100.0,0.0,69.0,31.0,100.0,0.0,100.0,0.0,93.0,14739.0,31,31,100,0,100,0,200,0,100.0,21881.0,100.0,46729468664.0,100.0,76357986313.0
2018-03-19,Z302SVCR,ST4000DM000,4000787030016,0,119,212663784,96,0,100,4,100,0,79,86937879,75,22118,100,0,100,4,100.0,0.0,100.0,0.0,100.0,0.0,100.0,0.0,100.0,0.0,69.0,31.0,100.0,0.0,100.0,0.0,93.0,14739.0,31,31,100,0,100,0,200,0,100.0,21905.0,100.0,46745213512.0,100.0,76516722318.0
2018-03-20,Z302SVCR,ST4000DM000,4000787030016,0,114,60778096,96,0,100,4,100,0,79,88428327,75,22142,100,0,100,4,100.0,0.0,100.0,0.0,100.0,0.0,100.0,0.0,100.0,0.0,70.0,30.0,100.0,0.0,100.0,0.0,93.0,14739.0,30,30,100,0,100,0,200,0,100.0,21929.0,100.0,46752829976.0,100.0,76652806914.0
2018-03-21,Z302SVCR,ST4000DM000,4000787030016,0,119,218902936,96,0,100,4,100,0,79,89835404,75,22166,100,0,100,4,100.0,0.0,100.0,0.0,100.0,0.0,100.0,0.0,100.0,0.0,70.0,30.0,100.0,0.0,100.0,0.0,93.0,14739.0,30,30,100,0,100,0,200,0,100.0,21953.0,100.0,46771501192.0,100.0,76804759676.0
2018-03-22,Z302SVCR,ST4000DM000,4000787030016,0,112,43157680,96,0,100,4,100,0,79,91285949,75,22190,100,0,100,4,100.0,0.0,100.0,0.0,100.0,0.0,100.0,0.0,100.0,0.0,70.0,30.0,100.0,0.0,100.0,0.0,93.0,14739.0,30,30,100,0,100,0,200,0,100.0,21977.0,100.0,46790684024.0,100.0,76877526827.0
2018-03-23,Z302SVCR,ST4000DM000,4000787030016,0,117,148697088,96,0,100,4,100,0,79,91940615,75,22214,100,0,100,4,100.0,0.0,100.0,0.0,100.0,0.0,100.0,0.0,100.0,0.0,70.0,30.0,100.0,0.0,100.0,0.0,93.0,14739.0,30,30,100,0,100,0,200,0,100.0,22001.0,100.0,46801959320.0,100.0,76947901867.0
2018-03-24,Z302SVCR,ST4000DM000,4000787030016,0,111,38798384,96,0,100,4,100,0,79,92968396,75,22238,100,0,100,4,100.0,0.0,100.0,0.0,100.0,0.0,100.0,0.0,100.0,0.0,70.0,30.0,100.0,0.0,100.0,0.0,93.0,14739.0,30,30,100,0,100,0,200,0,100.0,22024.0,100.0,46813648864.0,100.0,77051864531.0
2018-03-25,Z302SVCR,ST4000DM000,4000787030016,0,117,121856616,96,0,100,4,100,0,79,93685253,75,22262,100,0,100,4,100.0,0.0,100.0,0.0,100.0,0.0,100.0,0.0,100.0,0.0,70.0,30.0,100.0,0.0,100.0,0.0,93.0,14739.0,30,30,100,0,100,0,200,0,100.0,22049.0,100.0,46830301440.0,100.0,77103899177.0
2018-03-26,Z302SVCR,ST4000DM000,4000787030016,0,114,73782112,96,0,100,4,100,0,79,95098696,75,22286,100,0,100,4,100.0,0.0,100.0,0.0,100.0,0.0,100.0,0.0,100.0,0.0,70.0,30.0,100.0,0.0,100.0,0.0,93.0,14739.0,30,30,100,0,100,0,200,0,100.0,22073.0,100.0,46843761440.0,100.0,77226482977.0
2018-03-27,Z302SVCR,ST4000DM000,4000787030016,0,118,178826840,96,0,100,4,100,0,79,96682053,75,22310,100,0,100,4,100.0,0.0,100.0,0.0,100.0,0.0,100.0,0.0,100.0,0.0,70.0,30.0,100.0,0.0,100.0,0.0,93.0,14739.0,30,30,100,0,100,0,200,0,100.0,22097.0,100.0,46856151288.0,100.0,77342081875.0
2018-03-28,Z302SVCR,ST4000DM000,4000787030016,0,115,91252264,96,0,100,4,100,0,79,97723381,75,22334,100,0,100,4,100.0,0.0,100.0,0.0,100.0,0.0,100.0,0.0,100.0,0.0,70.0,30.0,100.0,0.0,100.0,0.0,93.0,14739.0,30,30,100,0,100,0,200,0,100.0,22121.0,100.0,46875910912.0,100.0,77445137805.0
2018-03-29,Z302SVCR,ST4000DM000,4000787030016,0,117,142773024,96,0,100,4,100,0,79,99042801,75,22358,100,0,100,4,100.0,0.0,100.0,0.0,100.0,0.0,100.0,0.0,100.0,0.0,70.0,30.0,100.0,0.0,100.0,0.0,93.0,14742.0,30,30,100,0,100,0,200,0,100.0,22145.0,100.0,46888781384.0,100.0,77519220611.0
2018-03-30,Z302SVCR,ST4000DM000,4000787030016,0,116,101249664,96,0,100,4,100,0,79,99640676,75,22381,100,0,100,4,100.0,0.0,100.0,0.0,100.0,0.0,100.0,0.0,100.0,0.0,70.0,30.0,100.0,0.0,100.0,0.0,93.0,14742.0,30,30,100,0,100,0,200,0,100.0,22168.0,100.0,46900803408.0,100.0,77598057159.0
2018-03-31,Z302SVCR,ST4000DM000,4000787030016,0,115,91072960,96,0,100,4,100,0,80,100856839,75,22405,100,0,100,4,100.0,0.0,100.0,0.0,100.0,0.0,100.0,0.0,100.0,0.0,70.0,30.0,100.0,0.0,100.0,0.0,93.0,14742.0,30,30,100,0,100,0,200,0,100.0,22192.0,100.0,46914681960.0,100.0,77733637975.0
2018-04-01,Z302SVCR,ST4000DM000,4000787030016,0,117,143815472,96,0,100,4,100,0,80,103050066,75,22430,100,0,100,4,100.0,0.0,100.0,0.0,100.0,0.0,100.0,0.0,100.0,0.0,69.0,31.0,100.0,0.0,100.0,0.0,93.0,14742.0,31,31,100,0,100,0,200,0,100.0,22217.0,100.0,46931831512.0,100.0,77867005140.0
2018-04-02,Z302SVCR,ST4000DM000,4000787030016,0,118,175797056,96,0,100,4,100,0,80,105791592,75,22454,100,0,100,4,100.0,0.0,100.0,0.0,100.0,0.0,100.0,0.0,100.0,0.0,69.0,31.0,100.0,0.0,100.0,0.0,93.0,14742.0,31,31,100,0,100,0,200,0,100.0,22241.0,100.0,46953893848.0,100.0,78002610082.0
2018-04-03,Z302SVCR,ST4000DM000,4000787030016,0,114,77067376,96,0,100,4,100,0,80,107296764,75,22477,100,0,100,4,100.0,0.0,100.0,0.0,100.0,0.0,100.0,0.0,100.0,0.0,69.0,31.0,100.0,0.0,100.0,0.0,93.0,14742.0,31,31,100,0,100,0,200,0,100.0,22264.0,100.0,46965074544.0,100.0,78087107502.0
2018-04-04,Z302SVCR,ST4000DM000,4000787030016,0,112,44120176,96,0,100,4,100,0,80,107839154,75,22502,100,0,100,4,100.0,0.0,100.0,0.0,100.0,0.0,100.0,0.0,100.0,0.0,70.0,30.0,100.0,0.0,100.0,0.0,93.0,14742.0,30,30,100,0,100,0,200,0,100.0,22289.0,100.0,46981748640.0,100.0,78139289742.0
2018-04-05,Z302SVCR,ST4000DM000,4000787030016,0,116,104123704,96,0,100,4,100,0,80,109301773,75,22526,100,0,100,4,100.0,0.0,100.0,0.0,100.0,0.0,100.0,0.0,100.0,0.0,69.0,31.0,100.0,0.0,100.0,0.0,93.0,14742.0,31,31,100,0,100,0,200,0,100.0,22312.0,100.0,47006210184.0,100.0,78234431973.0
2018-04-06,Z302SVCR,ST4000DM000,4000787030016,0,119,229053136,96,0,100,4,100,0,80,109985448,75,22549,100,0,100,4,100.0,0.0,100.0,0.0,100.0,0.0,100.0,0.0,100.0,0.0,70.0,30.0,100.0,0.0,100.0,0.0,93.0,14742.0,30,30,100,0,100,0,200,0,100.0,22336.0,100.0,47034420584.0,100.0,78310780147.0
2018-04-07,Z302SVCR,ST4000DM000,4000787030016,0,111.0,35743248.0,96.0,0.0,100.0,4.0,100.0,0.0,80.0,110702201.0,75.0,22573.0,100.0,0.0,100.0,4.0,100.0,0.0,100.0,0.0,100.0,0.0,100.0,0.0,100.0,0.0,69.0,31.0,100.0,0.0,100.0,0.0,93.0,14742.0,31.0,31.0,100.0,0.0,100.0,0.0,200.0,0.0,100.0,22360.0,100.0,47059150408.0,100.0,78412026026.0
2018-04-08,Z302SVCR,ST4000DM000,4000787030016,0,118,180310152,96,0,100,4,100,0,80,111461724,75,22598,100,0,100,4,100.0,0.0,100.0,0.0,100.0,0.0,100.0,0.0,100.0,0.0,69.0,31.0,100.0,0.0,100.0,0.0,93.0,14742.0,31,31,100,0,100,0,200,0,100.0,22385.0,100.0,47091280288.0,100.0,78530105270.0
2018-04-09,Z302SVCR,ST4000DM000,4000787030016,0,117,146417328,96,0,100,4,100,0,80,112294910,75,22622,100,0,100,4,100.0,0.0,100.0,0.0,100.0,0.0,100.0,0.0,100.0,0.0,69.0,31.0,100.0,0.0,100.0,0.0,93.0,14742.0,31,31,100,0,100,0,200,0,100.0,22409.0,100.0,47117607032.0,100.0,78659379663.0
2018-04-10,Z302SVCR,ST4000DM000,4000787030016,0,111,29895560,96,0,100,4,100,0,80,113790419,75,22646,100,0,100,4,100.0,0.0,100.0,0.0,100.0,0.0,100.0,0.0,100.0,0.0,69.0,31.0,100.0,0.0,100.0,0.0,93.0,14742.0,31,31,100,0,100,0,200,0,100.0,22433.0,100.0,47146439920.0,100.0,78828282938.0
2018-04-11,Z302SVCR,ST4000DM000,4000787030016,0,119,209294888,96,0,100,4,100,0,80,114452276,75,22670,100,0,100,4,100.0,0.0,100.0,0.0,100.0,0.0,100.0,0.0,100.0,0.0,69.0,31.0,100.0,0.0,100.0,0.0,93.0,14742.0,31,31,100,0,100,0,200,0,100.0,22457.0,100.0,47166060400.0,100.0,78990256759.0
2018-04-12,Z302SVCR,ST4000DM000,4000787030016,0,117,146875312,96,0,100,4,100,0,80,115932279,75,22694,100,0,100,4,100.0,0.0,100.0,0.0,100.0,0.0,100.0,0.0,100.0,0.0,69.0,31.0,100.0,0.0,100.0,0.0,93.0,14746.0,31,31,100,0,100,0,200,0,100.0,22480.0,100.0,47184515576.0,100.0,79103452993.0
2018-04-13,Z302SVCR,ST4000DM000,4000787030016,0,118,174741528,96,0,100,4,100,0,80,116742751,75,22718,100,0,100,4,100.0,0.0,100.0,0.0,100.0,0.0,100.0,0.0,100.0,0.0,69.0,31.0,100.0,0.0,100.0,0.0,93.0,14746.0,31,31,100,0,100,0,200,0,100.0,22505.0,100.0,47205120816.0,100.0,79260042691.0
2018-04-14,Z302SVCR,ST4000DM000,4000787030016,0,117,128208376,96,0,100,4,100,0,81,117470176,75,22742,100,0,100,4,100.0,0.0,100.0,0.0,100.0,0.0,100.0,0.0,100.0,0.0,70.0,30.0,100.0,0.0,100.0,0.0,93.0,14746.0,30,30,100,0,100,0,200,0,100.0,22529.0,100.0,47231034192.0,100.0,79422846495.0
2018-04-15,Z302SVCR,ST4000DM000,4000787030016,0,114,61739960,96,0,100,4,100,0,81,118450819,75,22766,100,0,100,4,100.0,0.0,100.0,0.0,100.0,0.0,100.0,0.0,100.0,0.0,69.0,31.0,100.0,0.0,100.0,0.0,93.0,14746.0,31,31,100,0,100,0,200,0,100.0,22553.0,100.0,47251665016.0,100.0,79596355222.0
2018-04-16,Z302SVCR,ST4000DM000,4000787030016,0,119,226477624,96,0,100,4,100,0,81,120608718,74,22790,100,0,100,4,100.0,0.0,100.0,0.0,100.0,0.0,100.0,0.0,100.0,0.0,69.0,31.0,100.0,0.0,100.0,0.0,93.0,14746.0,31,31,100,0,100,0,200,0,100.0,22576.0,100.0,47266554976.0,100.0,79802240347.0
2018-04-17,Z302SVCR,ST4000DM000,4000787030016,0,117,136748680,96,0,100,4,100,0,81,122380994,74,22814,100,0,100,4,100.0,0.0,100.0,0.0,100.0,0.0,100.0,0.0,100.0,0.0,70.0,30.0,100.0,0.0,100.0,0.0,93.0,14746.0,30,30,100,0,100,0,200,0,100.0,22600.0,100.0,47291524360.0,100.0,79986601019.0
2018-04-18,Z302SVCR,ST4000DM000,4000787030016,0,108,17890104,96,0,100,4,100,0,81,123505176,74,22838,100,0,100,4,100.0,0.0,100.0,0.0,100.0,0.0,100.0,0.0,100.0,0.0,69.0,31.0,100.0,0.0,100.0,0.0,93.0,14746.0,31,31,100,0,100,0,200,0,100.0,22624.0,100.0,47312014840.0,100.0,80155847230.0
2018-04-19,Z302SVCR,ST4000DM000,4000787030016,0,118,170853336,96,0,100,4,100,0,81,125097018,74,22862,100,0,100,4,100.0,0.0,100.0,0.0,100.0,0.0,100.0,0.0,100.0,0.0,70.0,30.0,100.0,0.0,100.0,0.0,93.0,14746.0,30,30,100,0,100,0,200,0,100.0,22649.0,100.0,47329289448.0,100.0,80284369294.0
2018-04-20,Z302SVCR,ST4000DM000,4000787030016,0,114,66663704,96,0,100,4,100,0,81,126002900,74,22886,100,0,100,4,100.0,0.0,100.0,0.0,100.0,0.0,100.0,0.0,100.0,0.0,69.0,31.0,100.0,0.0,100.0,0.0,93.0,14746.0,31,31,100,0,100,0,200,0,100.0,22673.0,100.0,47344065528.0,100.0,80437103860.0
2018-04-21,Z302SVCR,ST4000DM000,4000787030016,0,119,225658928,96,0,100,4,100,0,81,127328712,74,22910,100,0,100,4,100.0,0.0,100.0,0.0,100.0,0.0,100.0,0.0,100.0,0.0,69.0,31.0,100.0,0.0,100.0,0.0,93.0,14746.0,31,31,100,0,100,0,200,0,100.0,22697.0,100.0,47365640632.0,100.0,80586821597.0
2018-04-22,Z302SVCR,ST4000DM000,4000787030016,0,117,144092752,96,0,100,4,100,0,81,129105414,74,22934,100,0,100,4,100.0,0.0,100.0,0.0,100.0,0.0,100.0,0.0,100.0,0.0,70.0,30.0,100.0,0.0,100.0,0.0,93.0,14746.0,30,30,100,0,100,0,200,0,100.0,22721.0,100.0,47381131000.0,100.0,80761922568.0
2018-04-23,Z302SVCR,ST4000DM000,4000787030016,0,119,201829112,96,0,100,4,100,0,81,130505250,74,22958,100,0,100,4,100.0,0.0,100.0,0.0,100.0,0.0,100.0,0.0,100.0,0.0,70.0,30.0,100.0,0.0,100.0,0.0,93.0,14746.0,30,30,100,0,100,0,200,0,100.0,22744.0,100.0,47400527592.0,100.0,80938808115.0
2018-04-24,Z302SVCR,ST4000DM000,4000787030016,0,119,206250680,96,0,100,4,100,0,81,132391131,74,22982,100,0,100,4,100.0,0.0,100.0,0.0,100.0,0.0,100.0,0.0,100.0,0.0,69.0,31.0,100.0,0.0,100.0,0.0,93.0,14746.0,31,31,100,0,100,0,200,0,100.0,22769.0,100.0,47428692856.0,100.0,81086546396.0
2018-04-25,Z302SVCR,ST4000DM000,4000787030016,0,116,109844208,96,0,100,4,100,0,81,133783787,74,23006,100,0,100,4,100.0,0.0,100.0,0.0,100.0,0.0,100.0,0.0,100.0,0.0,70.0,30.0,100.0,0.0,100.0,0.0,93.0,14746.0,30,30,100,0,100,0,200,0,100.0,22793.0,100.0,47450567472.0,100.0,81261000971.0
2018-04-26,Z302SVCR,ST4000DM000,4000787030016,0,112,44291184,96,0,100,4,100,0,81,135185682,74,23030,100,0,100,4,100.0,0.0,100.0,0.0,100.0,0.0,100.0,0.0,100.0,0.0,70.0,30.0,100.0,0.0,100.0,0.0,93.0,14746.0,30,30,100,0,100,0,200,0,100.0,22817.0,100.0,47466458768.0,100.0,81352706595.0
2018-04-27,Z302SVCR,ST4000DM000,4000787030016,0,118,198364872,96,0,100,4,100,0,81,136689845,74,23052,100,0,100,4,100.0,0.0,100.0,0.0,100.0,0.0,100.0,0.0,100.0,0.0,70.0,30.0,100.0,0.0,100.0,0.0,93.0,14748.0,30,30,100,0,100,0,200,0,100.0,22839.0,100.0,47483237816.0,100.0,81491534282.0
2018-04-28,Z302SVCR,ST4000DM000,4000787030016,0,110,25762784,96,0,100,4,100,0,81,137504563,74,23077,100,0,100,4,100.0,0.0,100.0,0.0,100.0,0.0,100.0,0.0,100.0,0.0,69.0,31.0,100.0,0.0,100.0,0.0,93.0,14748.0,31,31,100,0,100,0,200,0,100.0,22864.0,100.0,47507397560.0,100.0,81593512211.0
2018-04-29,Z302SVCR,ST4000DM000,4000787030016,0,114,69772856,96,0,100,4,100,0,81,138390664,74,23101,100,0,100,4,100.0,0.0,100.0,0.0,100.0,0.0,100.0,0.0,100.0,0.0,69.0,31.0,100.0,0.0,100.0,0.0,93.0,14748.0,31,31,100,0,100,0,200,0,100.0,22887.0,100.0,47523917552.0,100.0,81723597050.0
2018-04-30,Z302SVCR,ST4000DM000,4000787030016,0,117,162853328,96,0,100,4,100,0,81,139235907,74,23125,100,0,100,4,100.0,0.0,100.0,0.0,100.0,0.0,100.0,0.0,100.0,0.0,70.0,30.0,100.0,0.0,100.0,0.0,93.0,14748.0,30,30,100,0,100,0,200,0,100.0,22911.0,100.0,47541618008.0,100.0,81816469371.0
2018-05-01,Z302SVCR,ST4000DM000,4000787030016,0,111,39073472,96,0,100,4,100,0,81,141005452,74,23149,100,0,100,4,100.0,0.0,100.0,0.0,100.0,0.0,100.0,0.0,100.0,0.0,70.0,30.0,100.0,0.0,100.0,0.0,93.0,14748.0,30,30,100,0,100,0,200,0,100.0,22935.0,100.0,47560799880.0,100.0,81946359730.0
2018-05-02,Z302SVCR,ST4000DM000,4000787030016,0,114.0,81476080.0,96.0,0.0,100.0,4.0,100.0,0.0,81.0,141922540.0,74.0,23172.0,100.0,0.0,100.0,4.0,100.0,0.0,100.0,0.0,100.0,0.0,100.0,0.0,100.0,0.0,70.0,30.0,100.0,0.0,100.0,0.0,93.0,14748.0,30.0,30.0,100.0,0.0,100.0,0.0,200.0,0.0,100.0,22959.0,100.0,47575843040.0,100.0,82066281862.0
2018-05-03,Z302SVCR,ST4000DM000,4000787030016,0,113,53624824,96,0,100,4,100,0,81,144381467,74,23198,100,0,100,4,100.0,0.0,100.0,0.0,100.0,0.0,100.0,0.0,100.0,0.0,69.0,31.0,100.0,0.0,100.0,0.0,93.0,14750.0,31,31,100,0,100,0,200,0,100.0,22984.0,100.0,47595243616.0,100.0,82224924116.0
2018-05-04,Z302SVCR,ST4000DM000,4000787030016,0,117,158675240,96,0,100,4,100,0,81,146277042,74,23222,100,0,100,4,100.0,0.0,100.0,0.0,100.0,0.0,100.0,0.0,100.0,0.0,71.0,29.0,100.0,0.0,100.0,0.0,93.0,14750.0,29,29,100,0,100,0,200,0,100.0,23009.0,100.0,47610306552.0,100.0,82386368679.0
2018-05-05,Z302SVCR,ST4000DM000,4000787030016,0,117,119941696,96,0,100,4,100,0,81,147475600,74,23246,100,0,100,4,100.0,0.0,100.0,0.0,100.0,0.0,100.0,0.0,100.0,0.0,70.0,30.0,100.0,0.0,100.0,0.0,93.0,14750.0,30,30,100,0,100,0,200,0,100.0,23033.0,100.0,47627532432.0,100.0,82549104190.0
2018-05-06,Z302SVCR,ST4000DM000,4000787030016,0,112,42160896,96,0,100,4,100,0,81,147917716,74,23270,100,0,100,4,100.0,0.0,100.0,0.0,100.0,0.0,100.0,0.0,100.0,0.0,70.0,30.0,100.0,0.0,100.0,0.0,93.0,14750.0,30,30,100,0,100,0,200,0,100.0,23057.0,100.0,47642644320.0,100.0,82585312557.0
2018-05-07,Z302SVCR,ST4000DM000,4000787030016,0,116,117232480,96,0,100,4,100,0,81,149313600,74,23294,100,0,100,4,100.0,0.0,100.0,0.0,100.0,0.0,100.0,0.0,100.0,0.0,70.0,30.0,100.0,0.0,100.0,0.0,93.0,14750.0,30,30,100,0,100,0,200,0,100.0,23081.0,100.0,47655252144.0,100.0,82713551934.0
2018-05-08,Z302SVCR,ST4000DM000,4000787030016,0,117,156124512,96,0,100,4,100,0,81,150934958,74,23318,100,0,100,4,100.0,0.0,100.0,0.0,100.0,0.0,100.0,0.0,100.0,0.0,70.0,30.0,100.0,0.0,100.0,0.0,93.0,14750.0,30,30,100,0,100,0,200,0,100.0,23104.0,100.0,47672262688.0,100.0,82867644622.0
2018-05-09,Z302SVCR,ST4000DM000,4000787030016,0,111,37772664,96,0,100,4,100,0,81,152133417,74,23342,100,0,100,4,100.0,0.0,100.0,0.0,100.0,0.0,100.0,0.0,100.0,0.0,69.0,31.0,100.0,0.0,100.0,0.0,93.0,14750.0,31,31,100,0,100,0,200,0,100.0,23128.0,100.0,47702559744.0,100.0,83004433510.0
2018-05-10,Z302SVCR,ST4000DM000,4000787030016,0,113,52334408,96,0,100,4,100,0,81,153867763,74,23366,100,0,100,4,100.0,0.0,100.0,0.0,100.0,0.0,100.0,0.0,100.0,0.0,70.0,30.0,100.0,0.0,100.0,0.0,93.0,14750.0,30,30,100,0,100,0,200,0,100.0,23153.0,100.0,47725551008.0,100.0,83124742014.0
2018-05-11,Z302SVCR,ST4000DM000,4000787030016,0,117,128165088,96,0,100,4,100,0,81,155839029,74,23382,100,0,100,4,100.0,0.0,100.0,0.0,100.0,0.0,100.0,0.0,100.0,0.0,70.0,30.0,100.0,0.0,100.0,0.0,93.0,14752.0,30,30,100,0,100,0,200,0,100.0,23169.0,100.0,47733878520.0,100.0,83589010695.0
2018-05-12,Z302SVCR,ST4000DM000,4000787030016,0,109,23368272,96,0,100,4,100,0,81,161544070,74,23407,100,0,100,4,100.0,0.0,100.0,0.0,100.0,0.0,100.0,0.0,100.0,0.0,70.0,30.0,100.0,0.0,100.0,0.0,93.0,14752.0,30,30,100,0,100,0,200,0,100.0,23193.0,100.0,47744297384.0,100.0,84878514569.0
2018-05-13,Z302SVCR,ST4000DM000,4000787030016,0,114,69196608,96,0,100,4,100,0,81,166760648,74,23430,100,0,100,4,100.0,0.0,100.0,0.0,100.0,0.0,100.0,0.0,100.0,0.0,70.0,30.0,100.0,0.0,100.0,0.0,93.0,14752.0,30,30,100,0,100,0,200,0,100.0,23216.0,100.0,47750190432.0,100.0,85601528487.0
2018-05-14,Z302SVCR,ST4000DM000,4000787030016,0,117,151044664,96,0,100,4,100,0,82,172201928,74,23454,100,0,100,4,100.0,0.0,100.0,0.0,100.0,0.0,100.0,0.0,100.0,0.0,69.0,31.0,100.0,0.0,100.0,0.0,93.0,14752.0,31,31,100,0,100,0,200,0,100.0,23241.0,100.0,47756474616.0,100.0,86343829341.0
2018-05-15,Z302SVCR,ST4000DM000,4000787030016,0,112.0,49151704.0,96.0,0.0,100.0,4.0,100.0,0.0,82.0,177758348.0,74.0,23479.0,100.0,0.0,100.0,4.0,100.0,0.0,100.0,0.0,100.0,0.0,100.0,0.0,100.0,0.0,69.0,31.0,100.0,0.0,100.0,0.0,93.0,14752.0,31.0,31.0,100.0,0.0,100.0,0.0,200.0,0.0,100.0,23265.0,100.0,47763437816.0,100.0,86992648818.0
2018-05-16,Z302SVCR,ST4000DM000,4000787030016,0,117,140400328,96,0,100,4,100,0,82,183147015,74,23502,100,0,100,4,100.0,0.0,100.0,0.0,100.0,0.0,100.0,0.0,100.0,0.0,69.0,31.0,100.0,0.0,100.0,0.0,93.0,14752.0,31,31,100,0,100,0,200,0,100.0,23289.0,100.0,47770800352.0,100.0,87593917241.0
2018-05-17,Z302SVCR,ST4000DM000,4000787030016,0,114,76370768,96,0,100,4,100,0,82,190524092,74,23534,100,0,100,4,100.0,0.0,100.0,0.0,100.0,0.0,100.0,0.0,100.0,0.0,69.0,31.0,100.0,0.0,100.0,0.0,93.0,14754.0,31,31,100,0,100,0,200,0,100.0,23320.0,100.0,47783401432.0,100.0,88288659314.0
2018-05-18,Z302SVCR,ST4000DM000,4000787030016,0,114,79889920,96,0,100,4,100,0,82,196040964,74,23558,100,0,100,4,100.0,0.0,100.0,0.0,100.0,0.0,100.0,0.0,100.0,0.0,70.0,30.0,100.0,0.0,100.0,0.0,93.0,14754.0,30,30,100,0,100,0,200,0,100.0,23345.0,100.0,47789879384.0,100.0,88931672561.0
2018-05-19,Z302SVCR,ST4000DM000,4000787030016,0,119,207704200,96,0,100,4,100,0,83,201384668,74,23582,100,0,100,4,100.0,0.0,100.0,0.0,100.0,0.0,100.0,0.0,100.0,0.0,71.0,29.0,100.0,0.0,100.0,0.0,93.0,14754.0,29,29,100,0,100,0,200,0,100.0,23368.0,100.0,47796097272.0,100.0,89483370376.0
2018-05-20,Z302SVCR,ST4000DM000,4000787030016,0,114,75099816,96,0,100,4,100,0,83,206863639,74,23606,100,0,100,4,100.0,0.0,100.0,0.0,100.0,0.0,100.0,0.0,100.0,0.0,71.0,29.0,100.0,0.0,100.0,0.0,93.0,14754.0,29,29,100,0,100,0,200,0,100.0,23393.0,100.0,47802059784.0,100.0,90030924540.0
2018-05-21,Z302SVCR,ST4000DM000,4000787030016,0,117,120682088,96,0,100,4,100,0,83,211790389,74,23630,100,0,100,4,100.0,0.0,100.0,0.0,100.0,0.0,100.0,0.0,100.0,0.0,70.0,30.0,100.0,0.0,100.0,0.0,93.0,14754.0,30,30,100,0,100,0,200,0,100.0,23416.0,100.0,47807550088.0,100.0,90606535299.0
2018-05-22,Z302SVCR,ST4000DM000,4000787030016,0,111,35186904,96,0,100,4,100,0,83,215482878,73,23654,100,0,100,4,100.0,0.0,100.0,0.0,100.0,0.0,100.0,0.0,100.0,0.0,71.0,29.0,100.0,0.0,100.0,0.0,93.0,14754.0,29,29,100,0,100,0,200,0,100.0,23441.0,100.0,47823984552.0,100.0,90971253555.0
2018-05-23,Z302SVCR,ST4000DM000,4000787030016,0,117,163620632,96,0,100,4,100,0,83,216438205,73,23678,100,0,100,4,100.0,0.0,100.0,0.0,100.0,0.0,100.0,0.0,100.0,0.0,71.0,29.0,100.0,0.0,100.0,0.0,93.0,14754.0,29,29,100,0,100,0,200,0,100.0,23464.0,100.0,47838991456.0,100.0,91075088129.0
2018-05-24,Z302SVCR,ST4000DM000,4000787030016,0,117,141381568,96,0,100,4,100,0,83,218121824,73,23702,100,0,100,4,100.0,0.0,100.0,0.0,100.0,0.0,100.0,0.0,100.0,0.0,71.0,29.0,100.0,0.0,100.0,0.0,93.0,14755.0,29,29,100,0,100,0,200,0,100.0,23488.0,100.0,47863187456.0,100.0,91168054455.0
2018-05-25,Z302SVCR,ST4000DM000,4000787030016,0,117,137848360,96,0,100,4,100,0,83,219136852,73,23726,100,0,100,4,100.0,0.0,100.0,0.0,100.0,0.0,100.0,0.0,100.0,0.0,71.0,29.0,100.0,0.0,100.0,0.0,93.0,14755.0,29,29,100,0,100,0,200,0,100.0,23512.0,100.0,47880433672.0,100.0,91296865857.0
2018-05-26,Z302SVCR,ST4000DM000,4000787030016,0,113,57126232,96,0,100,4,100,0,83,219969093,73,23743,100,0,100,4,100.0,0.0,100.0,0.0,100.0,0.0,100.0,0.0,100.0,0.0,72.0,28.0,100.0,0.0,100.0,0.0,93.0,14756.0,28,28,100,0,100,0,200,0,100.0,23529.0,100.0,47890372024.0,100.0,91399443295.0
2018-05-27,Z302SVCR,ST4000DM000,4000787030016,0,119,217337472,96,0,100,4,100,0,83,222059650,73,23770,100,0,100,4,100.0,0.0,100.0,0.0,100.0,0.0,100.0,0.0,100.0,0.0,71.0,29.0,100.0,0.0,100.0,0.0,93.0,14762.0,29,29,100,0,100,0,200,0,100.0,23556.0,100.0,47919846576.0,100.0,91507653089.0
2018-05-28,Z302SVCR,ST4000DM000,4000787030016,0,115,84515536,96,0,100,4,100,0,83,223201721,73,23794,100,0,100,4,100.0,0.0,100.0,0.0,100.0,0.0,100.0,0.0,100.0,0.0,71.0,29.0,100.0,0.0,100.0,0.0,93.0,14762.0,29,29,100,0,100,0,200,0,100.0,23580.0,100.0,47934296680.0,100.0,91627347490.0
2018-05-29,Z302SVCR,ST4000DM000,4000787030016,0,120,239708680,96,0,100,4,100,0,83,225103876,73,23818,100,0,100,4,100.0,0.0,100.0,0.0,100.0,0.0,100.0,0.0,100.0,0.0,72.0,28.0,100.0,0.0,100.0,0.0,93.0,14762.0,28,28,100,0,100,0,200,0,100.0,23604.0,100.0,47952587784.0,100.0,91740987524.0
2018-05-30,Z302SVCR,ST4000DM000,4000787030016,0,114,60846712,96,0,100,4,100,0,83,225991008,73,23842,100,0,100,4,100.0,0.0,100.0,0.0,100.0,0.0,100.0,0.0,100.0,0.0,71.0,29.0,100.0,0.0,100.0,0.0,93.0,14762.0,29,29,100,0,100,0,200,0,100.0,23628.0,100.0,47975887640.0,100.0,91812342867.0
2018-05-31,Z302SVCR,ST4000DM000,4000787030016,0,115,91091744,96,0,100,4,100,0,83,227517033,73,23865,100,0,100,4,100.0,0.0,100.0,0.0,100.0,0.0,100.0,0.0,100.0,0.0,71.0,29.0,100.0,0.0,100.0,0.0,93.0,14762.0,29,29,100,0,100,0,200,0,100.0,23651.0,100.0,47994556344.0,100.0,91877995845.0
2018-06-01,Z302SVCR,ST4000DM000,4000787030016,0,114,81435816,96,0,100,4,100,0,83,228548287,73,23889,100,0,100,4,100.0,0.0,100.0,0.0,100.0,0.0,100.0,0.0,100.0,0.0,71.0,29.0,100.0,0.0,100.0,0.0,93.0,14765.0,29,29,100,0,100,0,200,0,100.0,23675.0,100.0,48020566680.0,100.0,91980175563.0
2018-06-02,Z302SVCR,ST4000DM000,4000787030016,0,113,50908032,96,0,100,4,100,0,83,229468657,73,23913,100,0,100,4,100.0,0.0,100.0,0.0,100.0,0.0,100.0,0.0,100.0,0.0,72.0,28.0,100.0,0.0,100.0,0.0,93.0,14765.0,28,28,100,0,100,0,200,0,100.0,23699.0,100.0,48040155112.0,100.0,92065632140.0
2018-06-03,Z302SVCR,ST4000DM000,4000787030016,0,120,238265480,96,0,100,4,100,0,83,230380888,73,23937,100,0,100,4,100.0,0.0,100.0,0.0,100.0,0.0,100.0,0.0,100.0,0.0,72.0,28.0,100.0,0.0,100.0,0.0,93.0,14765.0,28,28,100,0,100,0,200,0,100.0,23723.0,100.0,48062143616.0,100.0,92153678006.0
2018-06-04,Z302SVCR,ST4000DM000,4000787030016,0,119,222809136,96,0,100,4,100,0,83,231419288,73,23961,100,0,100,4,100.0,0.0,100.0,0.0,100.0,0.0,100.0,0.0,100.0,0.0,71.0,29.0,100.0,0.0,100.0,0.0,93.0,14765.0,29,29,100,0,100,0,200,0,100.0,23747.0,100.0,48088980216.0,100.0,92253541715.0
2018-06-05,Z302SVCR,ST4000DM000,4000787030016,0,119,227032784,96,0,100,4,100,0,83,233835245,73,23985,100,0,100,4,100.0,0.0,100.0,0.0,100.0,0.0,100.0,0.0,100.0,0.0,71.0,29.0,100.0,0.0,100.0,0.0,93.0,14765.0,29,29,100,0,100,0,200,0,100.0,23771.0,100.0,48123781376.0,100.0,92407900769.0
2018-06-06,Z302SVCR,ST4000DM000,4000787030016,0,117,124730216,96,0,100,4,100,0,84,235194297,73,24009,100,0,100,4,100.0,0.0,100.0,0.0,100.0,0.0,100.0,0.0,100.0,0.0,71.0,29.0,100.0,0.0,100.0,0.0,93.0,14765.0,29,29,100,0,100,0,200,0,100.0,23796.0,100.0,48146606736.0,100.0,92516101929.0
2018-06-07,Z302SVCR,ST4000DM000,4000787030016,0,116,102643224,96,0,100,4,100,0,84,238789461,73,24033,100,0,100,4,100.0,0.0,100.0,0.0,100.0,0.0,100.0,0.0,100.0,0.0,71.0,29.0,100.0,0.0,100.0,0.0,93.0,14765.0,29,29,100,0,100,0,200,0,100.0,23819.0,100.0,48167264912.0,100.0,92621939914.0
2018-06-08,Z302SVCR,ST4000DM000,4000787030016,0,118,194621928,96,0,100,4,100,0,84,239765432,73,24057,100,0,100,4,100.0,0.0,100.0,0.0,100.0,0.0,100.0,0.0,100.0,0.0,71.0,29.0,100.0,0.0,100.0,0.0,93.0,14765.0,29,29,100,0,100,0,200,0,100.0,23843.0,100.0,48185336880.0,100.0,92712878264.0
2018-06-09,Z302SVCR,ST4000DM000,4000787030016,0,118,182967968,96,0,100,4,100,0,84,240284996,73,24081,100,0,100,4,100.0,0.0,100.0,0.0,100.0,0.0,100.0,0.0,100.0,0.0,71.0,29.0,100.0,0.0,100.0,0.0,93.0,14765.0,29,29,100,0,100,0,200,0,100.0,23868.0,100.0,48204431888.0,100.0,92772349674.0
2018-06-10,Z302SVCR,ST4000DM000,4000787030016,0,114,66941584,96,0,100,4,100,0,84,240920799,73,24105,100,0,100,4,100.0,0.0,100.0,0.0,100.0,0.0,100.0,0.0,100.0,0.0,71.0,29.0,100.0,0.0,100.0,0.0,93.0,14765.0,29,29,100,0,100,0,200,0,100.0,23891.0,100.0,48216946352.0,100.0,92866963309.0
2018-06-11,Z302SVCR,ST4000DM000,4000787030016,0,119,206988336,96,0,100,4,100,0,84,241670792,73,24129,100,0,100,4,100.0,0.0,100.0,0.0,100.0,0.0,100.0,0.0,100.0,0.0,71.0,29.0,100.0,0.0,100.0,0.0,93.0,14765.0,29,29,100,0,100,0,200,0,100.0,23915.0,100.0,48230560424.0,100.0,92972831027.0
2018-06-12,Z302SVCR,ST4000DM000,4000787030016,0,114,82329544,96,0,100,4,100,0,84,243562626,73,24153,100,0,100,4,100.0,0.0,100.0,0.0,100.0,0.0,100.0,0.0,100.0,0.0,72.0,28.0,100.0,0.0,100.0,0.0,93.0,14765.0,28,28,100,0,100,0,200,0,100.0,23939.0,100.0,48252740440.0,100.0,93118206547.0
2018-06-13,Z302SVCR,ST4000DM000,4000787030016,0,117,128784464,96,0,100,4,100,0,84,244331403,73,24177,100,0,100,4,100.0,0.0,100.0,0.0,100.0,0.0,100.0,0.0,100.0,0.0,72.0,28.0,100.0,0.0,100.0,0.0,93.0,14765.0,28,28,100,0,100,0,200,0,100.0,23963.0,100.0,48273278784.0,100.0,93217662293.0
2018-06-14,Z302SVCR,ST4000DM000,4000787030016,0,116,117088496,96,0,100,4,100,0,84,245893389,73,24201,100,0,100,4,100.0,0.0,100.0,0.0,100.0,0.0,100.0,0.0,100.0,0.0,71.0,29.0,100.0,0.0,100.0,0.0,93.0,14765.0,29,29,100,0,100,0,200,0,100.0,23987.0,100.0,48297984512.0,100.0,93326681720.0
2018-06-15,Z302SVCR,ST4000DM000,4000787030016,0,117.0,145331728.0,96.0,0.0,100.0,4.0,100.0,0.0,84.0,246525230.0,73.0,24223.0,100.0,0.0,100.0,4.0,100.0,0.0,100.0,0.0,100.0,0.0,100.0,0.0,100.0,0.0,71.0,29.0,100.0,0.0,100.0,0.0,93.0,14767.0,29.0,29.0,100.0,0.0,100.0,0.0,200.0,0.0,100.0,24010.0,100.0,48318791032.0,100.0,93436971313.0
2018-06-16,Z302SVCR,ST4000DM000,4000787030016,0,118.0,177431280.0,96.0,0.0,100.0,4.0,100.0,0.0,84.0,247417591.0,73.0,24247.0,100.0,0.0,100.0,4.0,100.0,0.0,100.0,0.0,100.0,0.0,100.0,0.0,100.0,0.0,71.0,29.0,100.0,0.0,100.0,0.0,93.0,14767.0,29.0,29.0,100.0,0.0,100.0,0.0,200.0,0.0,100.0,24034.0,100.0,48341583040.0,100.0,93563637827.0
2018-06-17,Z302SVCR,ST4000DM000,4000787030016,0,119.0,226869944.0,96.0,0.0,100.0,4.0,100.0,0.0,84.0,248125079.0,73.0,24272.0,100.0,0.0,100.0,4.0,100.0,0.0,100.0,0.0,100.0,0.0,100.0,0.0,100.0,0.0,71.0,29.0,100.0,0.0,100.0,0.0,93.0,14767.0,29.0,29.0,100.0,0.0,100.0,0.0,200.0,0.0,100.0,24058.0,100.0,48352918920.0,100.0,93706491329.0
2018-06-18,Z302SVCR,ST4000DM000,4000787030016,0,117.0,139793464.0,96.0,0.0,100.0,4.0,100.0,0.0,84.0,248690250.0,73.0,24296.0,100.0,0.0,100.0,4.0,100.0,0.0,100.0,0.0,100.0,0.0,100.0,0.0,100.0,0.0,72.0,28.0,100.0,0.0,100.0,0.0,93.0,14767.0,28.0,28.0,100.0,0.0,100.0,0.0,200.0,0.0,100.0,24082.0,100.0,48365407784.0,100.0,93862743360.0
2018-06-19,Z302SVCR,ST4000DM000,4000787030016,0,119,204844216,96,0,100,4,100,0,84,250326523,73,24320,100,0,100,4,100.0,0.0,100.0,0.0,100.0,0.0,100.0,0.0,100.0,0.0,72.0,28.0,100.0,0.0,100.0,0.0,93.0,14767.0,28,28,100,0,100,0,200,0,100.0,24106.0,100.0,48386524928.0,100.0,94036298238.0
2018-06-20,Z302SVCR,ST4000DM000,4000787030016,0,113,55029000,96,0,100,4,100,0,84,251099317,73,24344,100,0,100,4,100.0,0.0,100.0,0.0,100.0,0.0,100.0,0.0,100.0,0.0,73.0,27.0,100.0,0.0,100.0,0.0,93.0,14767.0,27,27,100,0,100,0,200,0,100.0,24130.0,100.0,48408141256.0,100.0,94199475185.0
2018-06-21,Z302SVCR,ST4000DM000,4000787030016,0,105,9651328,96,0,100,4,100,0,84,252526120,73,24368,100,0,100,4,100.0,0.0,100.0,0.0,100.0,0.0,100.0,0.0,100.0,0.0,72.0,28.0,100.0,0.0,100.0,0.0,93.0,14767.0,28,28,100,0,100,0,200,0,100.0,24154.0,100.0,48430725616.0,100.0,94339526447.0
2018-06-22,Z302SVCR,ST4000DM000,4000787030016,0,117,137986208,96,0,100,4,100,0,84,254466244,73,24392,100,0,100,4,100.0,0.0,100.0,0.0,100.0,0.0,100.0,0.0,100.0,0.0,72.0,28.0,100.0,0.0,100.0,0.0,93.0,14767.0,28,28,100,0,100,0,200,0,100.0,24178.0,100.0,48444248232.0,100.0,94524856041.0
2018-06-23,Z302SVCR,ST4000DM000,4000787030016,0,120,243533776,96,0,100,4,100,0,84,255146861,73,24416,100,0,100,4,100.0,0.0,100.0,0.0,100.0,0.0,100.0,0.0,100.0,0.0,73.0,27.0,100.0,0.0,100.0,0.0,93.0,14767.0,27,27,100,0,100,0,200,0,100.0,24202.0,100.0,48456341992.0,100.0,94710230684.0
2018-06-24,Z302SVCR,ST4000DM000,4000787030016,0,118,197204856,96,0,100,4,100,0,84,256183534,73,24439,100,0,100,4,100.0,0.0,100.0,0.0,100.0,0.0,100.0,0.0,100.0,0.0,73.0,27.0,100.0,0.0,100.0,0.0,93.0,14767.0,27,27,100,0,100,0,200,0,100.0,24226.0,100.0,48470285408.0,100.0,94886245666.0
2018-06-25,Z302SVCR,ST4000DM000,4000787030016,0,111,41074080,96,0,100,4,100,0,84,257273646,73,24464,100,0,100,4,100.0,0.0,100.0,0.0,100.0,0.0,100.0,0.0,100.0,0.0,71.0,29.0,100.0,0.0,100.0,0.0,93.0,14767.0,29,29,100,0,100,0,200,0,100.0,24250.0,100.0,48489199944.0,100.0,95051274974.0
2018-06-26,Z302SVCR,ST4000DM000,4000787030016,0,117,132312208,96,0,100,4,100,0,84,259375673,73,24488,100,0,100,4,100.0,0.0,100.0,0.0,100.0,0.0,100.0,0.0,100.0,0.0,72.0,28.0,100.0,0.0,100.0,0.0,93.0,14767.0,28,28,100,0,100,0,200,0,100.0,24274.0,100.0,48525118120.0,100.0,95242498507.0
2018-06-27,Z302SVCR,ST4000DM000,4000787030016,0,118,175465584,96,0,100,4,100,0,84,260304117,73,24512,100,0,100,4,100.0,0.0,100.0,0.0,100.0,0.0,100.0,0.0,100.0,0.0,72.0,28.0,100.0,0.0,100.0,0.0,93.0,14767.0,28,28,100,0,100,0,200,0,100.0,24298.0,100.0,48543770232.0,100.0,95373550245.0
2018-06-28,Z302SVCR,ST4000DM000,4000787030016,0,119,213638736,96,0,100,4,100,0,84,262287622,72,24536,100,0,100,4,100.0,0.0,100.0,0.0,100.0,0.0,100.0,0.0,100.0,0.0,72.0,28.0,100.0,0.0,100.0,0.0,93.0,14767.0,28,28,100,0,100,0,200,0,100.0,24322.0,100.0,48562716776.0,100.0,95509526391.0
2018-06-29,Z302SVCR,ST4000DM000,4000787030016,0,119,203624576,96,0,100,4,100,0,84,263952796,72,24560,100,0,100,4,100.0,0.0,100.0,0.0,100.0,0.0,100.0,0.0,100.0,0.0,72.0,28.0,100.0,0.0,100.0,0.0,93.0,14767.0,28,28,100,0,100,0,200,0,100.0,24346.0,100.0,48586740688.0,100.0,95680067693.0
2018-06-30,Z302SVCR,ST4000DM000,4000787030016,0,116,112274696,96,0,100,4,100,0,84,265086951,72,24588,100,0,100,4,100.0,0.0,100.0,0.0,100.0,0.0,100.0,0.0,100.0,0.0,72.0,28.0,100.0,0.0,100.0,0.0,93.0,14767.0,28,28,100,0,100,0,200,0,100.0,24374.0,100.0,48604790544.0,100.0,95840930241.0
2018-07-01,Z302SVCR,ST4000DM000,4000787030016,0,119,201920752,96,0,100,4,100,0,84,266151541,72,24612,100,0,100,4,100.0,0.0,100.0,0.0,100.0,0.0,100.0,0.0,100.0,0.0,72.0,28.0,100.0,0.0,100.0,0.0,93.0,14767.0,28,28,100,0,100,0,200,0,100.0,24398.0,100.0,48629863352.0,100.0,95988229434.0
2018-07-02,Z302SVCR,ST4000DM000,4000787030016,0,118,178649048,96,0,100,4,100,0,84,267575840,72,24636,100,0,100,4,100.0,0.0,100.0,0.0,100.0,0.0,100.0,0.0,100.0,0.0,71.0,29.0,100.0,0.0,100.0,0.0,93.0,14767.0,29,29,100,0,100,0,200,0,100.0,24422.0,100.0,48656943488.0,100.0,96133970791.0
2018-07-03,Z302SVCR,ST4000DM000,4000787030016,0,111,35707544,96,0,100,4,100,0,84,269324554,72,24659,100,0,100,4,100.0,0.0,100.0,0.0,100.0,0.0,100.0,0.0,100.0,0.0,71.0,29.0,100.0,0.0,100.0,0.0,93.0,14767.0,29,29,100,0,100,0,200,0,100.0,24445.0,100.0,48680981056.0,100.0,96283051407.0
2018-07-04,Z302SVCR,ST4000DM000,4000787030016,0,115,85208576,96,0,100,4,100,0,84,270242351,72,24684,100,0,100,4,100.0,0.0,100.0,0.0,100.0,0.0,100.0,0.0,100.0,0.0,71.0,29.0,100.0,0.0,100.0,0.0,93.0,14767.0,29,29,100,0,100,0,200,0,100.0,24470.0,100.0,48696449464.0,100.0,96420412108.0
2018-07-05,Z302SVCR,ST4000DM000,4000787030016,0,119,213920048,96,0,100,4,100,0,84,272956235,72,24707,100,0,100,4,100.0,0.0,100.0,0.0,100.0,0.0,100.0,0.0,100.0,0.0,72.0,28.0,100.0,0.0,100.0,0.0,93.0,14767.0,28,28,100,0,100,0,200,0,100.0,24494.0,100.0,48718551712.0,100.0,96508242025.0
2018-07-06,Z302SVCR,ST4000DM000,4000787030016,0,117,162175832,96,0,100,4,100,0,84,273739386,72,24732,100,0,100,4,100.0,0.0,100.0,0.0,100.0,0.0,100.0,0.0,100.0,0.0,72.0,28.0,100.0,0.0,100.0,0.0,93.0,14767.0,28,28,100,0,100,0,200,0,100.0,24518.0,100.0,48735112112.0,100.0,96607665541.0
2018-07-07,Z302SVCR,ST4000DM000,4000787030016,0,115,86594056,96,0,100,4,100,0,84,274557021,72,24755,100,0,100,4,100.0,0.0,100.0,0.0,100.0,0.0,100.0,0.0,100.0,0.0,72.0,28.0,100.0,0.0,100.0,0.0,93.0,14767.0,28,28,100,0,100,0,200,0,100.0,24542.0,100.0,48749211568.0,100.0,96712301791.0
2018-07-08,Z302SVCR,ST4000DM000,4000787030016,0,117,127405136,96,0,100,4,100,0,84,275712767,72,24780,100,0,100,4,100.0,0.0,100.0,0.0,100.0,0.0,100.0,0.0,100.0,0.0,71.0,29.0,100.0,0.0,100.0,0.0,93.0,14767.0,29,29,100,0,100,0,200,0,100.0,24566.0,100.0,48765309368.0,100.0,96869412705.0
2018-07-09,Z302SVCR,ST4000DM000,4000787030016,0,119,219589280,96,0,100,4,100,0,84,276816005,72,24804,100,0,100,4,100.0,0.0,100.0,0.0,100.0,0.0,100.0,0.0,100.0,0.0,71.0,29.0,100.0,0.0,100.0,0.0,93.0,14767.0,29,29,100,0,100,0,200,0,100.0,24590.0,100.0,48776817184.0,100.0,97011572105.0
2018-07-10,Z302SVCR,ST4000DM000,4000787030016,0,117.0,155556384.0,96.0,0.0,100.0,4.0,100.0,0.0,84.0,278641534.0,72.0,24828.0,100.0,0.0,100.0,4.0,100.0,0.0,100.0,0.0,100.0,0.0,100.0,0.0,100.0,0.0,72.0,28.0,100.0,0.0,100.0,0.0,93.0,14767.0,28.0,28.0,100.0,0.0,100.0,0.0,200.0,0.0,100.0,24614.0,100.0,48791035424.0,100.0,97163931187.0
2018-07-11,Z302SVCR,ST4000DM000,4000787030016,0,116,101992576,96,0,100,4,100,0,84,279006835,72,24851,100,0,100,4,100.0,0.0,100.0,0.0,100.0,0.0,100.0,0.0,100.0,0.0,72.0,28.0,100.0,0.0,100.0,0.0,93.0,14767.0,28,28,100,0,100,0,200,0,100.0,24638.0,100.0,48806716560.0,100.0,97183710992.0
2018-07-12,Z302SVCR,ST4000DM000,4000787030016,0,118,179619736,96,0,100,4,100,0,84,280984007,72,24876,100,0,100,4,100.0,0.0,100.0,0.0,100.0,0.0,100.0,0.0,100.0,0.0,72.0,28.0,100.0,0.0,100.0,0.0,93.0,14767.0,28,28,100,0,100,0,200,0,100.0,24662.0,100.0,48830600408.0,100.0,97324595942.0
2018-07-13,Z302SVCR,ST4000DM000,4000787030016,0,119,222972176,96,0,100,4,100,0,84,281879149,72,24896,100,0,100,4,100.0,0.0,100.0,0.0,100.0,0.0,100.0,0.0,100.0,0.0,73.0,27.0,100.0,0.0,100.0,0.0,93.0,14769.0,27,27,100,0,100,0,200,0,100.0,24682.0,100.0,48844647840.0,100.0,97438289632.0
2018-07-14,Z302SVCR,ST4000DM000,4000787030016,0,117,152375560,96,0,100,4,100,0,84,282819330,72,24919,100,0,100,4,100.0,0.0,100.0,0.0,100.0,0.0,100.0,0.0,100.0,0.0,73.0,27.0,100.0,0.0,100.0,0.0,93.0,14769.0,27,27,100,0,100,0,200,0,100.0,24705.0,100.0,48853645832.0,100.0,97585731218.0
2018-07-15,Z302SVCR,ST4000DM000,4000787030016,0,118,185957784,96,0,100,4,100,0,84,283818666,72,24944,100,0,100,4,100.0,0.0,100.0,0.0,100.0,0.0,100.0,0.0,100.0,0.0,72.0,28.0,100.0,0.0,100.0,0.0,93.0,14769.0,28,28,100,0,100,0,200,0,100.0,24730.0,100.0,48868187160.0,100.0,97721438249.0
2018-07-16,Z302SVCR,ST4000DM000,4000787030016,0,118,186662576,96,0,100,4,100,0,84,284946516,72,24968,100,0,100,4,100.0,0.0,100.0,0.0,100.0,0.0,100.0,0.0,100.0,0.0,72.0,28.0,100.0,0.0,100.0,0.0,93.0,14769.0,28,28,100,0,100,0,200,0,100.0,24754.0,100.0,48879595320.0,100.0,97879107640.0
2018-07-17,Z302SVCR,ST4000DM000,4000787030016,0,118,185626872,96,0,100,4,100,0,84,287165639,72,24992,100,0,100,4,100.0,0.0,100.0,0.0,100.0,0.0,100.0,0.0,100.0,0.0,72.0,28.0,100.0,0.0,100.0,0.0,93.0,14769.0,28,28,100,0,100,0,200,0,100.0,24778.0,100.0,48902810968.0,100.0,98048627512.0
2018-07-18,Z302SVCR,ST4000DM000,4000787030016,0,114,77820936,96,0,100,4,100,0,84,288549564,72,25015,100,0,100,4,100.0,0.0,100.0,0.0,100.0,0.0,100.0,0.0,100.0,0.0,72.0,28.0,100.0,0.0,100.0,0.0,93.0,14769.0,28,28,100,0,100,0,200,0,100.0,24801.0,100.0,48933042480.0,100.0,98186923314.0
2018-07-19,Z302SVCR,ST4000DM000,4000787030016,0,117,128549848,96,0,100,4,100,0,84,290307717,72,25040,100,0,100,4,100.0,0.0,100.0,0.0,100.0,0.0,100.0,0.0,100.0,0.0,73.0,27.0,100.0,0.0,100.0,0.0,93.0,14769.0,27,27,100,0,100,0,200,0,100.0,24826.0,100.0,48956002120.0,100.0,98297596265.0
2018-07-20,Z302SVCR,ST4000DM000,4000787030016,0,116,113729736,96,0,100,4,100,0,84,291063769,72,25063,100,0,100,4,100.0,0.0,100.0,0.0,100.0,0.0,100.0,0.0,100.0,0.0,73.0,27.0,100.0,0.0,100.0,0.0,93.0,14769.0,27,27,100,0,100,0,200,0,100.0,24849.0,100.0,48977788536.0,100.0,98365412217.0
2018-07-21,Z302SVCR,ST4000DM000,4000787030016,0,115,91090880,96,0,100,4,100,0,84,292042086,72,25088,100,0,100,4,100.0,0.0,100.0,0.0,100.0,0.0,100.0,0.0,100.0,0.0,72.0,28.0,100.0,0.0,100.0,0.0,93.0,14769.0,28,28,100,0,100,0,200,0,100.0,24874.0,100.0,49000302208.0,100.0,98469930181.0
2018-07-22,Z302SVCR,ST4000DM000,4000787030016,0,116,111480136,96,0,100,4,100,0,84,293141355,72,25112,100,0,100,4,100.0,0.0,100.0,0.0,100.0,0.0,100.0,0.0,100.0,0.0,72.0,28.0,100.0,0.0,100.0,0.0,93.0,14769.0,28,28,100,0,100,0,200,0,100.0,24898.0,100.0,49013480976.0,100.0,98596629834.0
2018-07-23,Z302SVCR,ST4000DM000,4000787030016,0,120,236672432,96,0,100,4,100,0,84,295280448,72,25136,100,0,100,4,100.0,0.0,100.0,0.0,100.0,0.0,100.0,0.0,100.0,0.0,72.0,28.0,100.0,0.0,100.0,0.0,93.0,14769.0,28,28,100,0,100,0,200,0,100.0,24922.0,100.0,49040838136.0,100.0,98699181310.0
2018-07-24,Z302SVCR,ST4000DM000,4000787030016,0,109,21080632,96,0,100,4,100,0,84,297073746,72,25159,100,0,100,4,100.0,0.0,100.0,0.0,100.0,0.0,100.0,0.0,100.0,0.0,72.0,28.0,100.0,0.0,100.0,0.0,93.0,14769.0,28,28,100,0,100,0,200,0,100.0,24945.0,100.0,49055754960.0,100.0,98809128862.0
2018-07-25,Z302SVCR,ST4000DM000,4000787030016,0,115.0,95238280.0,96.0,0.0,100.0,4.0,100.0,0.0,84.0,297824303.0,72.0,25184.0,100.0,0.0,100.0,4.0,100.0,0.0,100.0,0.0,100.0,0.0,100.0,0.0,100.0,0.0,72.0,28.0,100.0,0.0,100.0,0.0,93.0,14769.0,28.0,28.0,100.0,0.0,100.0,0.0,200.0,0.0,100.0,24970.0,100.0,49064598232.0,100.0,98891417060.0
2018-07-26,Z302SVCR,ST4000DM000,4000787030016,0,116,107668648,96,0,100,4,100,0,84,299340055,72,25208,100,0,100,4,100.0,0.0,100.0,0.0,100.0,0.0,100.0,0.0,100.0,0.0,72.0,28.0,100.0,0.0,100.0,0.0,93.0,14769.0,28,28,100,0,100,0,200,0,100.0,24994.0,100.0,49076547896.0,100.0,98978259293.0
2018-07-27,Z302SVCR,ST4000DM000,4000787030016,0,117,162603104,96,0,100,4,100,0,84,300248880,72,25232,100,0,100,4,100.0,0.0,100.0,0.0,100.0,0.0,100.0,0.0,100.0,0.0,72.0,28.0,100.0,0.0,100.0,0.0,93.0,14769.0,28,28,100,0,100,0,200,0,100.0,25018.0,100.0,49088063072.0,100.0,99097401621.0
2018-07-28,Z302SVCR,ST4000DM000,4000787030016,0,115,90848024,96,0,100,4,100,0,84,302349136,72,25255,100,0,100,4,100.0,0.0,100.0,0.0,100.0,0.0,100.0,0.0,100.0,0.0,72.0,28.0,100.0,0.0,100.0,0.0,93.0,14769.0,28,28,100,0,100,0,200,0,100.0,25041.0,100.0,49103338536.0,100.0,99252348639.0
2018-07-29,Z302SVCR,ST4000DM000,4000787030016,0,119,212970168,96,0,100,4,100,0,84,303288277,72,25279,100,0,100,4,100.0,0.0,100.0,0.0,100.0,0.0,100.0,0.0,100.0,0.0,73.0,27.0,100.0,0.0,100.0,0.0,93.0,14771.0,27,27,100,0,100,0,200,0,100.0,25065.0,100.0,49117954464.0,100.0,99382987299.0
2018-07-30,Z302SVCR,ST4000DM000,4000787030016,0,108,19387576,96,0,100,4,100,0,84,304314904,72,25303,100,0,100,4,100.0,0.0,100.0,0.0,100.0,0.0,100.0,0.0,100.0,0.0,73.0,27.0,100.0,0.0,100.0,0.0,93.0,14771.0,27,27,100,0,100,0,200,0,100.0,25089.0,100.0,49137098832.0,100.0,99494940847.0
2018-07-31,Z302SVCR,ST4000DM000,4000787030016,0,116,109733088,96,0,100,4,100,0,84,306206329,72,25326,100,0,100,4,100.0,0.0,100.0,0.0,100.0,0.0,100.0,0.0,100.0,0.0,73.0,27.0,100.0,0.0,100.0,0.0,93.0,14771.0,27,27,100,0,100,0,200,0,100.0,25112.0,100.0,49162299016.0,100.0,99606063757.0
2018-08-01,Z302SVCR,ST4000DM000,4000787030016,0,117,163848944,96,0,100,4,100,0,84,306787262,72,25350,100,0,100,4,100.0,0.0,100.0,0.0,100.0,0.0,100.0,0.0,100.0,0.0,73.0,27.0,100.0,0.0,100.0,0.0,93.0,14771.0,27,27,100,0,100,0,200,0,100.0,25136.0,100.0,49179093192.0,100.0,99654299494.0
2018-08-02,Z302SVCR,ST4000DM000,4000787030016,0,114,70071528,96,0,100,4,100,0,84,307982002,72,25375,100,0,100,4,100.0,0.0,100.0,0.0,100.0,0.0,100.0,0.0,100.0,0.0,73.0,27.0,100.0,0.0,100.0,0.0,93.0,14771.0,27,27,100,0,100,0,200,0,100.0,25161.0,100.0,49193191928.0,100.0,99722968681.0
2018-08-03,Z302SVCR,ST4000DM000,4000787030016,0,116,110471128,96,0,100,4,100,0,84,309356927,72,25399,100,0,100,4,100.0,0.0,100.0,0.0,100.0,0.0,100.0,0.0,100.0,0.0,72.0,28.0,100.0,0.0,100.0,0.0,93.0,14771.0,28,28,100,0,100,0,200,0,100.0,25185.0,100.0,49218026848.0,100.0,99806850187.0
2018-08-04,Z302SVCR,ST4000DM000,4000787030016,0,109,24203816,96,0,100,4,100,0,84,310256833,71,25422,100,0,100,4,100.0,0.0,100.0,0.0,100.0,0.0,100.0,0.0,100.0,0.0,72.0,28.0,100.0,0.0,100.0,0.0,93.0,14771.0,28,28,100,0,100,0,200,0,100.0,25208.0,100.0,49239402280.0,100.0,99879463329.0
2018-08-05,Z302SVCR,ST4000DM000,4000787030016,0,111,35844704,96,0,100,4,100,0,84,311099256,71,25446,100,0,100,4,100.0,0.0,100.0,0.0,100.0,0.0,100.0,0.0,100.0,0.0,72.0,28.0,100.0,0.0,100.0,0.0,93.0,14771.0,28,28,100,0,100,0,200,0,100.0,25232.0,100.0,49251056912.0,100.0,99971389254.0
2018-08-06,Z302SVCR,ST4000DM000,4000787030016,0,117,140611040,96,0,100,4,100,0,84,312886693,71,25471,100,0,100,4,100.0,0.0,100.0,0.0,100.0,0.0,100.0,0.0,100.0,0.0,72.0,28.0,100.0,0.0,100.0,0.0,93.0,14771.0,28,28,100,0,100,0,200,0,100.0,25257.0,100.0,49266739032.0,100.0,100090195236.0
2018-08-07,Z302SVCR,ST4000DM000,4000787030016,0,119,229222112,96,0,100,4,100,0,84,315521935,71,25495,100,0,100,4,100.0,0.0,100.0,0.0,100.0,0.0,100.0,0.0,100.0,0.0,72.0,28.0,100.0,0.0,100.0,0.0,93.0,14771.0,28,28,100,0,100,0,200,0,100.0,25281.0,100.0,49281798832.0,100.0,100230361107.0
2018-08-08,Z302SVCR,ST4000DM000,4000787030016,0,118,174030608,96,0,100,4,100,0,84,317079562,71,25519,100,0,100,4,100.0,0.0,100.0,0.0,100.0,0.0,100.0,0.0,100.0,0.0,72.0,28.0,100.0,0.0,100.0,0.0,93.0,14771.0,28,28,100,0,100,0,200,0,100.0,25305.0,100.0,49299005624.0,100.0,100343623261.0
2018-08-09,Z302SVCR,ST4000DM000,4000787030016,0,117,161437920,96,0,100,4,100,0,84,318921354,71,25543,100,0,100,4,100.0,0.0,100.0,0.0,100.0,0.0,100.0,0.0,100.0,0.0,72.0,28.0,100.0,0.0,100.0,0.0,93.0,14771.0,28,28,100,0,100,0,200,0,100.0,25329.0,100.0,49316438472.0,100.0,100422068630.0
2018-08-10,Z302SVCR,ST4000DM000,4000787030016,0,114,59509528,96,0,100,4,100,0,84,319592976,71,25570,100,0,100,4,100.0,0.0,100.0,0.0,100.0,0.0,100.0,0.0,100.0,0.0,71.0,29.0,100.0,0.0,100.0,0.0,93.0,14774.0,29,29,100,0,100,0,200,0,100.0,25356.0,100.0,49329796608.0,100.0,100509698713.0
2018-08-11,Z302SVCR,ST4000DM000,4000787030016,0,111,30742768,96,0,100,4,100,0,84,320281298,71,25594,100,0,100,4,100.0,0.0,100.0,0.0,100.0,0.0,100.0,0.0,100.0,0.0,72.0,28.0,100.0,0.0,100.0,0.0,93.0,14774.0,28,28,100,0,100,0,200,0,100.0,25380.0,100.0,49341704192.0,100.0,100600157598.0
2018-08-12,Z302SVCR,ST4000DM000,4000787030016,0,111,39239264,96,0,100,4,100,0,84,320867826,71,25618,100,0,100,4,100.0,0.0,100.0,0.0,100.0,0.0,100.0,0.0,100.0,0.0,71.0,29.0,100.0,0.0,100.0,0.0,93.0,14774.0,29,29,100,0,100,0,200,0,100.0,25403.0,100.0,49351562440.0,100.0,100690278972.0
2018-08-13,Z302SVCR,ST4000DM000,4000787030016,0,109,22438216,96,0,100,4,100,0,84,321420725,71,25642,100,0,100,4,100.0,0.0,100.0,0.0,100.0,0.0,100.0,0.0,100.0,0.0,71.0,29.0,100.0,0.0,100.0,0.0,93.0,14774.0,29,29,100,0,100,0,200,0,100.0,25428.0,100.0,49361856752.0,100.0,100772353028.0
2018-08-14,Z302SVCR,ST4000DM000,4000787030016,0,108.0,19238480.0,96.0,0.0,100.0,4.0,100.0,0.0,84.0,323238108.0,71.0,25666.0,100.0,0.0,100.0,4.0,100.0,0.0,100.0,0.0,100.0,0.0,100.0,0.0,100.0,0.0,71.0,29.0,100.0,0.0,100.0,0.0,93.0,14774.0,29.0,29.0,100.0,0.0,100.0,0.0,200.0,0.0,100.0,25452.0,100.0,49376401088.0,100.0,100920137073.0
2018-08-15,Z302SVCR,ST4000DM000,4000787030016,0,118.0,177672400.0,96.0,0.0,100.0,4.0,100.0,0.0,84.0,323963819.0,71.0,25690.0,100.0,0.0,100.0,4.0,100.0,0.0,100.0,0.0,100.0,0.0,100.0,0.0,100.0,0.0,71.0,29.0,100.0,0.0,100.0,0.0,93.0,14774.0,29.0,29.0,100.0,0.0,100.0,0.0,200.0,0.0,100.0,25476.0,100.0,49387254464.0,100.0,101029650029.0
2018-08-16,Z302SVCR,ST4000DM000,4000787030016,0,117,152756112,96,0,100,4,100,0,84,324723622,71,25718,100,0,100,4,100.0,0.0,100.0,0.0,100.0,0.0,100.0,0.0,100.0,0.0,71.0,29.0,100.0,0.0,100.0,0.0,93.0,14776.0,29,29,100,0,100,0,200,0,100.0,25504.0,100.0,49403052256.0,100.0,101167970670.0
2018-08-17,Z302SVCR,ST4000DM000,4000787030016,0,114,65075512,96,0,100,4,100,0,84,325352143,71,25742,100,0,100,4,100.0,0.0,100.0,0.0,100.0,0.0,100.0,0.0,100.0,0.0,70.0,30.0,100.0,0.0,100.0,0.0,93.0,14776.0,30,30,100,0,100,0,200,0,100.0,25528.0,100.0,49420846464.0,100.0,101290855397.0
2018-08-18,Z302SVCR,ST4000DM000,4000787030016,0,117,132162816,96,0,100,4,100,0,84,326202056,71,25766,100,0,100,4,100.0,0.0,100.0,0.0,100.0,0.0,100.0,0.0,100.0,0.0,71.0,29.0,100.0,0.0,100.0,0.0,93.0,14776.0,29,29,100,0,100,0,200,0,100.0,25551.0,100.0,49443138168.0,100.0,101467414431.0
2018-08-19,Z302SVCR,ST4000DM000,4000787030016,0,120,238418416,96,0,100,4,100,0,84,326829754,71,25790,100,0,100,4,100.0,0.0,100.0,0.0,100.0,0.0,100.0,0.0,100.0,0.0,71.0,29.0,100.0,0.0,100.0,0.0,93.0,14777.0,29,29,100,0,100,0,200,0,100.0,25576.0,100.0,49455740936.0,100.0,101615787881.0
2018-08-20,Z302SVCR,ST4000DM000,4000787030016,0,113,58432480,96,0,100,4,100,0,84,329189788,71,25814,100,0,100,4,100.0,0.0,100.0,0.0,100.0,0.0,100.0,0.0,100.0,0.0,71.0,29.0,100.0,0.0,100.0,0.0,93.0,14777.0,29,29,100,0,100,0,200,0,100.0,25599.0,100.0,49473795760.0,100.0,101806399727.0
2018-08-21,Z302SVCR,ST4000DM000,4000787030016,0,114,72634944,96,0,100,4,100,0,84,330390810,71,25838,100,0,100,4,100.0,0.0,100.0,0.0,100.0,0.0,100.0,0.0,100.0,0.0,70.0,30.0,100.0,0.0,100.0,0.0,93.0,14777.0,30,30,100,0,100,0,200,0,100.0,25624.0,100.0,49485762048.0,100.0,101978509000.0
2018-08-22,Z302SVCR,ST4000DM000,4000787030016,0,117,165638928,96,0,100,4,100,0,84,330959366,71,25862,100,0,100,4,100.0,0.0,100.0,0.0,100.0,0.0,100.0,0.0,100.0,0.0,70.0,30.0,100.0,0.0,100.0,0.0,93.0,14777.0,30,30,100,0,100,0,200,0,100.0,25648.0,100.0,49500211168.0,100.0,102171142636.0
2018-08-23,Z302SVCR,ST4000DM000,4000787030016,0,119,224232592,96,0,100,4,100,0,84,332650792,71,25886,100,0,100,4,100.0,0.0,100.0,0.0,100.0,0.0,100.0,0.0,100.0,0.0,70.0,30.0,100.0,0.0,100.0,0.0,93.0,14777.0,30,30,100,0,100,0,200,0,100.0,25672.0,100.0,49516419928.0,100.0,102312588338.0
2018-08-24,Z302SVCR,ST4000DM000,4000787030016,0,114,81310024,96,0,100,4,100,0,84,333660140,71,25910,100,0,100,4,100.0,0.0,100.0,0.0,100.0,0.0,100.0,0.0,100.0,0.0,70.0,30.0,100.0,0.0,100.0,0.0,93.0,14777.0,30,30,100,0,100,0,200,0,100.0,25696.0,100.0,49528729800.0,100.0,102482177655.0
2018-08-25,Z302SVCR,ST4000DM000,4000787030016,0,112,45882376,96,0,100,4,100,0,84,334691597,71,25934,100,0,100,4,100.0,0.0,100.0,0.0,100.0,0.0,100.0,0.0,100.0,0.0,71.0,29.0,100.0,0.0,100.0,0.0,93.0,14777.0,29,29,100,0,100,0,200,0,100.0,25720.0,100.0,49540661280.0,100.0,102648099627.0
2018-08-26,Z302SVCR,ST4000DM000,4000787030016,0,117,127674232,96,0,100,4,100,0,85,335658918,71,25958,100,0,100,4,100.0,0.0,100.0,0.0,100.0,0.0,100.0,0.0,100.0,0.0,70.0,30.0,100.0,0.0,100.0,0.0,93.0,14777.0,30,30,100,0,100,0,200,0,100.0,25743.0,100.0,49551433600.0,100.0,102818764755.0
2018-08-27,Z302SVCR,ST4000DM000,4000787030016,0,115,84739744,96,0,100,4,100,0,85,337112975,71,25982,100,0,100,4,100.0,0.0,100.0,0.0,100.0,0.0,100.0,0.0,100.0,0.0,70.0,30.0,100.0,0.0,100.0,0.0,93.0,14777.0,30,30,100,0,100,0,200,0,100.0,25768.0,100.0,49570258248.0,100.0,102979876530.0
2018-08-28,Z302SVCR,ST4000DM000,4000787030016,0,117,155089336,96,0,100,4,100,0,85,339374793,71,26006,100,0,100,4,100.0,0.0,100.0,0.0,100.0,0.0,100.0,0.0,100.0,0.0,70.0,30.0,100.0,0.0,100.0,0.0,93.0,14777.0,30,30,100,0,100,0,200,0,100.0,25791.0,100.0,49586783584.0,100.0,103150389374.0
2018-08-29,Z302SVCR,ST4000DM000,4000787030016,0,112,43273600,96,0,100,4,100,0,85,340530872,71,26028,100,0,100,4,100.0,0.0,100.0,0.0,100.0,0.0,100.0,0.0,100.0,0.0,70.0,30.0,100.0,0.0,100.0,0.0,93.0,14779.0,30,30,100,0,100,0,200,0,100.0,25814.0,100.0,49601052816.0,100.0,103304576732.0
2018-08-30,Z302SVCR,ST4000DM000,4000787030016,0,109,21177304,96,0,100,4,100,0,85,342031118,71,26052,100,0,100,4,100.0,0.0,100.0,0.0,100.0,0.0,100.0,0.0,100.0,0.0,70.0,30.0,100.0,0.0,100.0,0.0,93.0,14779.0,30,30,100,0,100,0,200,0,100.0,25838.0,100.0,49619438320.0,100.0,103389153865.0
2018-08-31,Z302SVCR,ST4000DM000,4000787030016,0,116,109607152,96,0,100,4,100,0,85,342974244,71,26076,100,0,100,4,100.0,0.0,100.0,0.0,100.0,0.0,100.0,0.0,100.0,0.0,70.0,30.0,100.0,0.0,100.0,0.0,93.0,14779.0,30,30,100,0,100,0,200,0,100.0,25862.0,100.0,49636143104.0,100.0,103521034064.0
2018-09-01,Z302SVCR,ST4000DM000,4000787030016,0,117,117938232,96,0,100,4,100,0,85,344274374,71,26100,100,0,100,4,100.0,0.0,100.0,0.0,100.0,0.0,100.0,0.0,100.0,0.0,70.0,30.0,100.0,0.0,100.0,0.0,93.0,14779.0,30,30,100,0,100,0,200,0,100.0,25886.0,100.0,49655781000.0,100.0,103666029324.0
2018-09-02,Z302SVCR,ST4000DM000,4000787030016,0,115,84835808,96,0,100,4,100,0,85,345180684,71,26124,100,0,100,4,100.0,0.0,100.0,0.0,100.0,0.0,100.0,0.0,100.0,0.0,71.0,29.0,100.0,0.0,100.0,0.0,93.0,14779.0,29,29,100,0,100,0,200,0,100.0,25910.0,100.0,49669524320.0,100.0,103810492226.0
2018-09-03,Z302SVCR,ST4000DM000,4000787030016,0,104,7081416,96,0,100,4,100,0,85,347772578,71,26148,100,0,100,4,100.0,0.0,100.0,0.0,100.0,0.0,100.0,0.0,100.0,0.0,70.0,30.0,100.0,0.0,100.0,0.0,93.0,14779.0,30,30,100,0,100,0,200,0,100.0,25934.0,100.0,49695591656.0,100.0,103967273755.0
2018-09-04,Z302SVCR,ST4000DM000,4000787030016,0,117,146648960,96,0,100,4,100,0,85,349488830,71,26172,100,0,100,4,100.0,0.0,100.0,0.0,100.0,0.0,100.0,0.0,100.0,0.0,70.0,30.0,100.0,0.0,100.0,0.0,93.0,14779.0,30,30,100,0,100,0,200,0,100.0,25958.0,100.0,49717932560.0,100.0,104068347887.0
2018-09-05,Z302SVCR,ST4000DM000,4000787030016,0,117,158923488,96,0,100,4,100,0,85,350343879,71,26196,100,0,100,4,100.0,0.0,100.0,0.0,100.0,0.0,100.0,0.0,100.0,0.0,71.0,29.0,100.0,0.0,100.0,0.0,93.0,14779.0,29,29,100,0,100,0,200,0,100.0,25982.0,100.0,49739735408.0,100.0,104165144998.0
2018-09-06,Z302SVCR,ST4000DM000,4000787030016,0,119,217313448,96,0,100,4,100,0,85,352217912,71,26221,100,0,100,4,100.0,0.0,100.0,0.0,100.0,0.0,100.0,0.0,100.0,0.0,71.0,29.0,100.0,0.0,100.0,0.0,93.0,14779.0,29,29,100,0,100,0,200,0,100.0,26007.0,100.0,49764829384.0,100.0,104296077020.0
2018-09-07,Z302SVCR,ST4000DM000,4000787030016,0,105,9415512,96,0,100,4,100,0,85,353354512,71,26245,100,0,100,4,100.0,0.0,100.0,0.0,100.0,0.0,100.0,0.0,100.0,0.0,70.0,30.0,100.0,0.0,100.0,0.0,93.0,14779.0,30,30,100,0,100,0,200,0,100.0,26031.0,100.0,49780154752.0,100.0,104456093417.0
2018-09-08,Z302SVCR,ST4000DM000,4000787030016,0,119,222861352,96,0,100,4,100,0,85,354489091,71,26269,100,0,100,4,100.0,0.0,100.0,0.0,100.0,0.0,100.0,0.0,100.0,0.0,71.0,29.0,100.0,0.0,100.0,0.0,93.0,14779.0,29,29,100,0,100,0,200,0,100.0,26055.0,100.0,49794888184.0,100.0,104605786273.0
2018-09-09,Z302SVCR,ST4000DM000,4000787030016,0,111,35472000,96,0,100,4,100,0,85,355638729,70,26293,100,0,100,4,100.0,0.0,100.0,0.0,100.0,0.0,100.0,0.0,100.0,0.0,71.0,29.0,100.0,0.0,100.0,0.0,93.0,14779.0,29,29,100,0,100,0,200,0,100.0,26079.0,100.0,49821548176.0,100.0,104741502042.0
2018-09-10,Z302SVCR,ST4000DM000,4000787030016,0,112,46468960,96,0,100,4,100,0,85,356414740,70,26317,100,0,100,4,100.0,0.0,100.0,0.0,100.0,0.0,100.0,0.0,100.0,0.0,71.0,29.0,100.0,0.0,100.0,0.0,93.0,14779.0,29,29,100,0,100,0,200,0,100.0,26103.0,100.0,49854442352.0,100.0,104776895391.0
2018-09-11,Z302SVCR,ST4000DM000,4000787030016,0,117,149011560,96,0,100,4,100,0,85,358533400,70,26341,100,0,100,4,100.0,0.0,100.0,0.0,100.0,0.0,100.0,0.0,100.0,0.0,71.0,29.0,100.0,0.0,100.0,0.0,93.0,14779.0,29,29,100,0,100,0,200,0,100.0,26127.0,100.0,49872970464.0,100.0,104957188612.0
2018-09-12,Z302SVCR,ST4000DM000,4000787030016,0,104,6548448,96,0,100,4,100,0,85,359945121,70,26365,100,0,100,4,100.0,0.0,100.0,0.0,100.0,0.0,100.0,0.0,100.0,0.0,71.0,29.0,100.0,0.0,100.0,0.0,93.0,14779.0,29,29,100,0,100,0,200,0,100.0,26151.0,100.0,49898861944.0,100.0,105105041576.0
2018-09-13,Z302SVCR,ST4000DM000,4000787030016,0,118,198358968,96,0,100,4,100,0,85,361064029,70,26386,100,0,100,4,100.0,0.0,100.0,0.0,100.0,0.0,100.0,0.0,100.0,0.0,71.0,29.0,100.0,0.0,100.0,0.0,93.0,14781.0,29,29,100,0,100,0,200,0,100.0,26172.0,100.0,49913897456.0,100.0,105200292595.0
2018-09-14,Z302SVCR,ST4000DM000,4000787030016,0,115,89884584,96,0,100,4,100,0,85,361769788,70,26409,100,0,100,4,100.0,0.0,100.0,0.0,100.0,0.0,100.0,0.0,100.0,0.0,68.0,32.0,100.0,0.0,100.0,0.0,93.0,14781.0,32,32,100,0,100,0,200,0,100.0,26195.0,100.0,49939279216.0,100.0,105278569691.0
2018-09-15,Z302SVCR,ST4000DM000,4000787030016,0,117,136920632,96,0,100,4,100,0,85,363044769,70,26434,100,0,100,4,100.0,0.0,100.0,0.0,100.0,0.0,100.0,0.0,100.0,0.0,69.0,31.0,100.0,0.0,100.0,0.0,93.0,14781.0,31,31,100,0,100,0,200,0,100.0,26219.0,100.0,49971921848.0,100.0,105429695035.0
2018-09-16,Z302SVCR,ST4000DM000,4000787030016,0,115,84616296,96,0,100,4,100,0,85,364212079,70,26457,100,0,100,4,100.0,0.0,100.0,0.0,100.0,0.0,100.0,0.0,100.0,0.0,68.0,32.0,100.0,0.0,100.0,0.0,93.0,14781.0,32,32,100,0,100,0,200,0,100.0,26243.0,100.0,49986496640.0,100.0,105570930235.0
2018-09-17,Z302SVCR,ST4000DM000,4000787030016,0,117,119520072,96,0,100,4,100,0,85,365563202,70,26482,100,0,100,4,100.0,0.0,100.0,0.0,100.0,0.0,100.0,0.0,100.0,0.0,68.0,32.0,100.0,0.0,100.0,0.0,93.0,14781.0,32,32,100,0,100,0,200,0,100.0,26268.0,100.0,50011360328.0,100.0,105717137537.0
2018-09-18,Z302SVCR,ST4000DM000,4000787030016,0,113,53243128,96,0,100,4,100,0,85,367338260,70,26505,100,0,100,4,100.0,0.0,100.0,0.0,100.0,0.0,100.0,0.0,100.0,0.0,70.0,30.0,100.0,0.0,100.0,0.0,93.0,14781.0,30,30,100,0,100,0,200,0,100.0,26291.0,100.0,50028908704.0,100.0,105825990627.0
2018-09-19,Z302SVCR,ST4000DM000,4000787030016,0,115,91215352,96,0,100,4,100,0,85,368848842,70,26530,100,0,100,4,100.0,0.0,100.0,0.0,100.0,0.0,100.0,0.0,100.0,0.0,70.0,30.0,100.0,0.0,100.0,0.0,93.0,14781.0,30,30,100,0,100,0,200,0,100.0,26316.0,100.0,50042433216.0,100.0,106044696803.0
2018-09-20,Z302SVCR,ST4000DM000,4000787030016,0,117,160976944,96,0,100,4,100,0,85,370909503,70,26554,100,0,100,4,100.0,0.0,100.0,0.0,100.0,0.0,100.0,0.0,100.0,0.0,70.0,30.0,100.0,0.0,100.0,0.0,93.0,14781.0,30,30,100,0,100,0,200,0,100.0,26340.0,100.0,50057372944.0,100.0,106221661391.0
2018-09-21,Z302SVCR,ST4000DM000,4000787030016,0,119,230659896,96,0,100,4,100,0,85,373455671,70,26578,100,0,100,4,100.0,0.0,100.0,0.0,100.0,0.0,100.0,0.0,100.0,0.0,71.0,29.0,100.0,0.0,100.0,0.0,93.0,14781.0,29,29,100,0,100,0,200,0,100.0,26363.0,100.0,50081707688.0,100.0,106364125387.0
2018-09-22,Z302SVCR,ST4000DM000,4000787030016,0,117,144969544,96,0,100,4,100,0,85,374266842,70,26602,100,0,100,4,100.0,0.0,100.0,0.0,100.0,0.0,100.0,0.0,100.0,0.0,70.0,30.0,100.0,0.0,100.0,0.0,93.0,14781.0,30,30,100,0,100,0,200,0,100.0,26387.0,100.0,50099924616.0,100.0,106444699892.0
2018-09-23,Z302SVCR,ST4000DM000,4000787030016,0,119,229146096,96,0,100,4,100,0,85,375182558,70,26626,100,0,100,4,100.0,0.0,100.0,0.0,100.0,0.0,100.0,0.0,100.0,0.0,71.0,29.0,100.0,0.0,100.0,0.0,93.0,14781.0,29,29,100,0,100,0,200,0,100.0,26412.0,100.0,50125445488.0,100.0,106521822881.0
2018-09-24,Z302SVCR,ST4000DM000,4000787030016,0,111,38307920,96,0,100,4,100,0,85,375982876,70,26649,100,0,100,4,100.0,0.0,100.0,0.0,100.0,0.0,100.0,0.0,100.0,0.0,70.0,30.0,100.0,0.0,100.0,0.0,93.0,14781.0,30,30,100,0,100,0,200,0,100.0,26435.0,100.0,50140260256.0,100.0,106598122001.0
2018-09-25,Z302SVCR,ST4000DM000,4000787030016,0,110,29285568,96,0,100,4,100,0,85,378075551,70,26674,100,0,100,4,100.0,0.0,100.0,0.0,100.0,0.0,100.0,0.0,100.0,0.0,70.0,30.0,100.0,0.0,100.0,0.0,93.0,14781.0,30,30,100,0,100,0,200,0,100.0,26459.0,100.0,50171790200.0,100.0,106731217852.0
2018-09-26,Z302SVCR,ST4000DM000,4000787030016,0,117,148553288,96,0,100,4,100,0,85,379282342,70,26697,100,0,100,4,100.0,0.0,100.0,0.0,100.0,0.0,100.0,0.0,100.0,0.0,70.0,30.0,100.0,0.0,100.0,0.0,93.0,14781.0,30,30,100,0,100,0,200,0,100.0,26483.0,100.0,50195330528.0,100.0,106870678770.0
2018-09-27,Z302SVCR,ST4000DM000,4000787030016,0,106,12285376,96,0,100,4,100,0,85,381280367,70,26722,100,0,100,4,100.0,0.0,100.0,0.0,100.0,0.0,100.0,0.0,100.0,0.0,70.0,30.0,100.0,0.0,100.0,0.0,93.0,14781.0,30,30,100,0,100,0,200,0,100.0,26508.0,100.0,50219883448.0,100.0,106990913905.0
2018-09-28,Z302SVCR,ST4000DM000,4000787030016,0,119,222890616,96,0,100,4,100,0,85,382018784,70,26745,100,0,100,4,100.0,0.0,100.0,0.0,100.0,0.0,100.0,0.0,100.0,0.0,71.0,29.0,100.0,0.0,100.0,0.0,93.0,14783.0,29,29,100,0,100,0,200,0,100.0,26531.0,100.0,50231270584.0,100.0,107076095926.0
2018-09-29,Z302SVCR,ST4000DM000,4000787030016,0,120,239423344,96,0,100,4,100,0,85,383101416,70,26769,100,0,100,4,100.0,0.0,100.0,0.0,100.0,0.0,100.0,0.0,100.0,0.0,70.0,30.0,100.0,0.0,100.0,0.0,93.0,14783.0,30,30,100,0,100,0,200,0,100.0,26555.0,100.0,50246211184.0,100.0,107231941139.0
2018-09-30,Z302SVCR,ST4000DM000,4000787030016,0,116,106552136,96,0,100,4,100,0,85,383864302,70,26793,100,0,100,4,100.0,0.0,100.0,0.0,100.0,0.0,100.0,0.0,100.0,0.0,70.0,30.0,100.0,0.0,100.0,0.0,93.0,14783.0,30,30,100,0,100,0,200,0,100.0,26579.0,100.0,50263718912.0,100.0,107301574391.0
2018-10-01,Z302SVCR,ST4000DM000,4000787030016,0,113,56419568,96,0,100,4,100,0,85,384827920,70,26817,100,0,100,4,100.0,0.0,100.0,0.0,100.0,0.0,100.0,0.0,100.0,0.0,70.0,30.0,100.0,0.0,100.0,0.0,93.0,14783.0,30,30,100,0,100,0,200,0,100.0,26602.0,100.0,50283866920.0,100.0,107387340997.0
2018-10-02,Z302SVCR,ST4000DM000,4000787030016,0,112,44814280,96,0,100,4,100,0,85,386755850,70,26840,100,0,100,4,100.0,0.0,100.0,0.0,100.0,0.0,100.0,0.0,100.0,0.0,70.0,30.0,100.0,0.0,100.0,0.0,93.0,14783.0,30,30,100,0,100,0,200,0,100.0,26626.0,100.0,50305431856.0,100.0,107497677663.0
2018-10-03,Z302SVCR,ST4000DM000,4000787030016,0,116,116696792,96,0,100,4,100,0,85,387690501,70,26864,100,0,100,4,100.0,0.0,100.0,0.0,100.0,0.0,100.0,0.0,100.0,0.0,70.0,30.0,100.0,0.0,100.0,0.0,93.0,14783.0,30,30,100,0,100,0,200,0,100.0,26650.0,100.0,50320039576.0,100.0,107582906194.0
2018-10-04,Z302SVCR,ST4000DM000,4000787030016,0,114.0,69030024.0,96.0,0.0,100.0,4.0,100.0,0.0,85.0,389144511.0,70.0,26889.0,100.0,0.0,100.0,4.0,100.0,0.0,100.0,0.0,100.0,0.0,100.0,0.0,100.0,0.0,70.0,30.0,100.0,0.0,100.0,0.0,93.0,14783.0,30.0,30.0,100.0,0.0,100.0,0.0,200.0,0.0,100.0,26674.0,100.0,50339587616.0,100.0,107646961785.0
2018-10-05,Z302SVCR,ST4000DM000,4000787030016,0,113,52661240,96,0,100,4,100,0,85,390155233,70,26913,100,0,100,4,100.0,0.0,100.0,0.0,100.0,0.0,100.0,0.0,100.0,0.0,70.0,30.0,100.0,0.0,100.0,0.0,93.0,14783.0,30,30,100,0,100,0,200,0,100.0,26699.0,100.0,50355563472.0,100.0,107745690960.0
2018-10-06,Z302SVCR,ST4000DM000,4000787030016,0,117,126946048,96,0,100,4,100,0,85,391524905,70,26937,100,0,100,4,100.0,0.0,100.0,0.0,100.0,0.0,100.0,0.0,100.0,0.0,70.0,30.0,100.0,0.0,100.0,0.0,93.0,14783.0,30,30,100,0,100,0,200,0,100.0,26723.0,100.0,50382088632.0,100.0,107869736048.0
2018-10-07,Z302SVCR,ST4000DM000,4000787030016,0,113,56585600,96,0,100,4,100,0,85,393377286,70,26961,100,0,100,4,100.0,0.0,100.0,0.0,100.0,0.0,100.0,0.0,100.0,0.0,70.0,30.0,100.0,0.0,100.0,0.0,93.0,14783.0,30,30,100,0,100,0,200,0,100.0,26747.0,100.0,50398840440.0,100.0,107985826349.0
2018-10-08,Z302SVCR,ST4000DM000,4000787030016,0,109,23267152,96,0,100,4,100,0,85,395600334,70,26985,100,0,100,4,100.0,0.0,100.0,0.0,100.0,0.0,100.0,0.0,100.0,0.0,71.0,29.0,100.0,0.0,100.0,0.0,93.0,14783.0,29,29,100,0,100,0,200,0,100.0,26771.0,100.0,50416305712.0,100.0,108089146195.0
2018-10-09,Z302SVCR,ST4000DM000,4000787030016,0,118.0,183933488.0,96.0,0.0,100.0,4.0,100.0,0.0,85.0,397087765.0,70.0,27009.0,100.0,0.0,100.0,4.0,100.0,0.0,100.0,0.0,100.0,0.0,100.0,0.0,100.0,0.0,71.0,29.0,100.0,0.0,100.0,0.0,93.0,14783.0,29.0,29.0,100.0,0.0,100.0,0.0,200.0,0.0,100.0,26795.0,100.0,50437176320.0,100.0,108158808693.0
2018-10-10,Z302SVCR,ST4000DM000,4000787030016,0,118,186306672,96,0,100,4,100,0,85,397777780,70,27033,100,0,100,4,100.0,0.0,100.0,0.0,100.0,0.0,100.0,0.0,100.0,0.0,70.0,30.0,100.0,0.0,100.0,0.0,93.0,14783.0,30,30,100,0,100,0,200,0,100.0,26818.0,100.0,50458188312.0,100.0,108240025102.0
2018-10-11,Z302SVCR,ST4000DM000,4000787030016,0,119,222435536,96,0,100,4,100,0,85,399483707,70,27057,100,0,100,4,100.0,0.0,100.0,0.0,100.0,0.0,100.0,0.0,100.0,0.0,70.0,30.0,100.0,0.0,100.0,0.0,93.0,14783.0,30,30,100,0,100,0,200,0,100.0,26843.0,100.0,50495191440.0,100.0,108329544447.0
2018-10-12,Z302SVCR,ST4000DM000,4000787030016,0,114,60044688,96,0,100,4,100,0,85,400298501,70,27081,100,0,100,4,100.0,0.0,100.0,0.0,100.0,0.0,100.0,0.0,100.0,0.0,70.0,30.0,100.0,0.0,100.0,0.0,93.0,14783.0,30,30,100,0,100,0,200,0,100.0,26867.0,100.0,50510563672.0,100.0,108430338242.0
2018-10-13,Z302SVCR,ST4000DM000,4000787030016,0,119,226817368,96,0,100,4,100,0,85,401039443,70,27105,100,0,100,4,100.0,0.0,100.0,0.0,100.0,0.0,100.0,0.0,100.0,0.0,70.0,30.0,100.0,0.0,100.0,0.0,93.0,14783.0,30,30,100,0,100,0,200,0,100.0,26891.0,100.0,50526338184.0,100.0,108558192375.0
2018-10-14,Z302SVCR,ST4000DM000,4000787030016,0,119,217230744,96,0,100,4,100,0,85,401574061,70,27129,100,0,100,4,100.0,0.0,100.0,0.0,100.0,0.0,100.0,0.0,100.0,0.0,70.0,30.0,100.0,0.0,100.0,0.0,93.0,14783.0,30,30,100,0,100,0,200,0,100.0,26915.0,100.0,50539723328.0,100.0,108673944910.0
2018-10-15,Z302SVCR,ST4000DM000,4000787030016,0,114,63546888,96,0,100,4,100,0,85,402133178,70,27153,100,0,100,4,100.0,0.0,100.0,0.0,100.0,0.0,100.0,0.0,100.0,0.0,70.0,30.0,100.0,0.0,100.0,0.0,93.0,14783.0,30,30,100,0,100,0,200,0,100.0,26939.0,100.0,50551786824.0,100.0,108822362772.0
2018-10-16,Z302SVCR,ST4000DM000,4000787030016,0,110,25500536,96,0,100,4,100,0,86,403748943,69,27177,100,0,100,4,100.0,0.0,100.0,0.0,100.0,0.0,100.0,0.0,100.0,0.0,70.0,30.0,100.0,0.0,100.0,0.0,93.0,14783.0,30,30,100,0,100,0,200,0,100.0,26962.0,100.0,50571478136.0,100.0,108994787941.0
2018-10-17,Z302SVCR,ST4000DM000,4000787030016,0,113,55633040,96,0,100,4,100,0,86,404404591,69,27201,100,0,100,4,100.0,0.0,100.0,0.0,100.0,0.0,100.0,0.0,100.0,0.0,70.0,30.0,100.0,0.0,100.0,0.0,93.0,14783.0,30,30,100,0,100,0,200,0,100.0,26987.0,100.0,50586584592.0,100.0,109151856981.0
2018-10-18,Z302SVCR,ST4000DM000,4000787030016,0,114,61647752,96,0,100,4,100,0,86,405587893,69,27227,100,0,100,4,100.0,0.0,100.0,0.0,100.0,0.0,100.0,0.0,100.0,0.0,70.0,30.0,100.0,0.0,100.0,0.0,93.0,14784.0,30,30,100,0,100,0,200,0,100.0,27013.0,100.0,50607773032.0,100.0,109289216271.0
2018-10-19,Z302SVCR,ST4000DM000,4000787030016,0,117,150084056,96,0,100,4,100,0,86,406798215,69,27251,100,0,100,4,100.0,0.0,100.0,0.0,100.0,0.0,100.0,0.0,100.0,0.0,70.0,30.0,100.0,0.0,100.0,0.0,93.0,14784.0,30,30,100,0,100,0,200,0,100.0,27037.0,100.0,50623095960.0,100.0,109438871583.0
2018-10-20,Z302SVCR,ST4000DM000,4000787030016,0,119,201986920,96,0,100,4,100,0,86,407754301,69,27275,100,0,100,4,100.0,0.0,100.0,0.0,100.0,0.0,100.0,0.0,100.0,0.0,70.0,30.0,100.0,0.0,100.0,0.0,93.0,14784.0,30,30,100,0,100,0,200,0,100.0,27061.0,100.0,50643398048.0,100.0,109599954066.0
2018-10-21,Z302SVCR,ST4000DM000,4000787030016,0,117,125648920,96,0,100,4,100,0,86,408835556,69,27299,100,0,100,4,100.0,0.0,100.0,0.0,100.0,0.0,100.0,0.0,100.0,0.0,70.0,30.0,100.0,0.0,100.0,0.0,93.0,14784.0,30,30,100,0,100,0,200,0,100.0,27085.0,100.0,50661846840.0,100.0,109794301440.0
2018-10-22,Z302SVCR,ST4000DM000,4000787030016,0,114,62262032,96,0,100,4,100,0,86,410876637,69,27324,100,0,100,4,100.0,0.0,100.0,0.0,100.0,0.0,100.0,0.0,100.0,0.0,70.0,30.0,100.0,0.0,100.0,0.0,93.0,14784.0,30,30,100,0,100,0,200,0,100.0,27109.0,100.0,50692004032.0,100.0,109975989753.0
2018-10-23,Z302SVCR,ST4000DM000,4000787030016,0,117,154618672,96,0,100,4,100,0,86,413010674,69,27347,100,0,100,4,100.0,0.0,100.0,0.0,100.0,0.0,100.0,0.0,100.0,0.0,70.0,30.0,100.0,0.0,100.0,0.0,93.0,14784.0,30,30,100,0,100,0,200,0,100.0,27133.0,100.0,50717050128.0,100.0,110167761805.0
2018-10-25,Z302SVCR,ST4000DM000,4000787030016,0,118,174189424,96,0,100,4,100,0,86,415835651,69,27397,100,0,100,4,100.0,0.0,100.0,0.0,100.0,0.0,100.0,0.0,100.0,0.0,70.0,30.0,100.0,0.0,100.0,0.0,93.0,14786.0,30,30,100,0,100,0,200,0,100.0,27183.0,100.0,50762805208.0,100.0,110461710402.0
2018-10-26,Z302SVCR,ST4000DM000,4000787030016,0,113,51395968,96,0,100,4,100,0,86,416833756,69,27421,100,0,100,4,100.0,0.0,100.0,0.0,100.0,0.0,100.0,0.0,100.0,0.0,70.0,30.0,100.0,0.0,100.0,0.0,93.0,14786.0,30,30,100,0,100,0,200,0,100.0,27206.0,100.0,50787096544.0,100.0,110593478209.0
2018-10-27,Z302SVCR,ST4000DM000,4000787030016,0,119,227876568,96,0,100,4,100,0,86,418432033,69,27445,100,0,100,4,100.0,0.0,100.0,0.0,100.0,0.0,100.0,0.0,100.0,0.0,70.0,30.0,100.0,0.0,100.0,0.0,93.0,14786.0,30,30,100,0,100,0,200,0,100.0,27231.0,100.0,50813296360.0,100.0,110761932407.0
2018-10-28,Z302SVCR,ST4000DM000,4000787030016,0,118,188956336,96,0,100,4,100,0,86,419930434,69,27469,100,0,100,4,100.0,0.0,100.0,0.0,100.0,0.0,100.0,0.0,100.0,0.0,70.0,30.0,100.0,0.0,100.0,0.0,93.0,14786.0,30,30,100,0,100,0,200,0,100.0,27255.0,100.0,50831552824.0,100.0,110935074761.0
2018-10-29,Z302SVCR,ST4000DM000,4000787030016,0,110,28823752,96,0,100,4,100,0,86,421133349,69,27493,100,0,100,4,100.0,0.0,100.0,0.0,100.0,0.0,100.0,0.0,100.0,0.0,69.0,31.0,100.0,0.0,100.0,0.0,93.0,14786.0,31,31,100,0,100,0,200,0,100.0,27279.0,100.0,50846141256.0,100.0,111076537588.0
2018-10-30,Z302SVCR,ST4000DM000,4000787030016,0,118,185422816,96,0,100,4,100,0,86,423119241,69,27517,100,0,100,4,100.0,0.0,100.0,0.0,100.0,0.0,100.0,0.0,100.0,0.0,70.0,30.0,100.0,0.0,100.0,0.0,93.0,14786.0,30,30,100,0,100,0,200,0,100.0,27303.0,100.0,50874365592.0,100.0,111235521950.0
2018-10-31,Z302SVCR,ST4000DM000,4000787030016,0,118,185619216,96.0,0.0,100.0,4.0,100.0,0.0,86.0,424063061.0,69,27541,100.0,0.0,100,4,100.0,0.0,100.0,0.0,100.0,0.0,100.0,0.0,100.0,0.0,69.0,31.0,100.0,0.0,100.0,0.0,93.0,14786.0,31,31,100.0,0.0,100.0,0.0,200.0,0.0,100.0,27327.0,100.0,50897030128.0,100.0,111373713508.0
2018-11-01,Z302SVCR,ST4000DM000,4000787030016,0,116,105494712,96.0,0.0,100.0,4.0,100.0,0.0,86.0,425132039.0,69,27561,100.0,0.0,100,4,100.0,0.0,100.0,0.0,100.0,0.0,100.0,0.0,100.0,0.0,68.0,32.0,100.0,0.0,100.0,0.0,93.0,14788.0,32,32,100.0,0.0,100.0,0.0,200.0,0.0,100.0,27347.0,100.0,50917393056.0,100.0,111480566630.0
2018-11-02,Z302SVCR,ST4000DM000,4000787030016,0,114,76994248,96.0,0.0,100.0,4.0,100.0,0.0,86.0,425969040.0,69,27585,100.0,0.0,100,4,100.0,0.0,100.0,0.0,100.0,0.0,100.0,0.0,100.0,0.0,69.0,31.0,100.0,0.0,100.0,0.0,93.0,14788.0,31,31,100.0,0.0,100.0,0.0,200.0,0.0,100.0,27371.0,100.0,50932717240.0,100.0,111582966872.0
2018-11-03,Z302SVCR,ST4000DM000,4000787030016,0,117,144571672,96.0,0.0,100.0,4.0,100.0,0.0,86.0,426898550.0,69,27609,100.0,0.0,100,4,100.0,0.0,100.0,0.0,100.0,0.0,100.0,0.0,100.0,0.0,69.0,31.0,100.0,0.0,100.0,0.0,93.0,14788.0,31,31,100.0,0.0,100.0,0.0,200.0,0.0,100.0,27394.0,100.0,50964153688.0,100.0,111683523958.0
2018-11-04,Z302SVCR,ST4000DM000,4000787030016,0,117,144218056,96.0,0.0,100.0,4.0,100.0,0.0,86.0,427912968.0,69,27633,100.0,0.0,100,4,100.0,0.0,100.0,0.0,100.0,0.0,100.0,0.0,100.0,0.0,69.0,31.0,100.0,0.0,100.0,0.0,93.0,14788.0,31,31,100.0,0.0,100.0,0.0,200.0,0.0,100.0,27419.0,100.0,50983523352.0,100.0,111810463085.0
2018-11-05,Z302SVCR,ST4000DM000,4000787030016,0,113,58053352,96.0,0.0,100.0,4.0,100.0,0.0,86.0,429144528.0,69,27657,100.0,0.0,100,4,100.0,0.0,100.0,0.0,100.0,0.0,100.0,0.0,100.0,0.0,69.0,31.0,100.0,0.0,100.0,0.0,93.0,14788.0,31,31,100.0,0.0,100.0,0.0,200.0,0.0,100.0,27443.0,100.0,51000336584.0,100.0,111964854930.0
2018-11-06,Z302SVCR,ST4000DM000,4000787030016,0,118.0,168636896.0,96.0,0.0,100.0,4.0,100.0,0.0,86.0,432714872.0,69.0,27681.0,100.0,0.0,100.0,4.0,100.0,0.0,100.0,0.0,100.0,0.0,100.0,0.0,100.0,0.0,69.0,31.0,100.0,0.0,100.0,0.0,93.0,14788.0,31.0,31.0,100.0,0.0,100.0,0.0,200.0,0.0,100.0,27467.0,100.0,51019222600.0,100.0,112145977324.0
2018-11-07,Z302SVCR,ST4000DM000,4000787030016,0,104.0,6758784.0,96.0,0.0,100.0,4.0,100.0,0.0,86.0,433209769.0,69.0,27704.0,100.0,0.0,100.0,4.0,100.0,0.0,100.0,0.0,100.0,0.0,100.0,0.0,100.0,0.0,75.0,25.0,100.0,0.0,100.0,0.0,93.0,14788.0,25.0,25.0,100.0,0.0,100.0,0.0,200.0,0.0,100.0,27490.0,100.0,51036096488.0,100.0,112189456326.0
2018-11-08,Z302SVCR,ST4000DM000,4000787030016,0,115.0,90616360.0,96.0,0.0,100.0,4.0,100.0,0.0,86.0,435140464.0,69.0,27734.0,100.0,0.0,100.0,4.0,100.0,0.0,100.0,0.0,100.0,0.0,100.0,0.0,100.0,0.0,70.0,30.0,100.0,0.0,100.0,0.0,93.0,14788.0,30.0,30.0,100.0,0.0,100.0,0.0,200.0,0.0,100.0,27520.0,100.0,51064604728.0,100.0,112306402219.0
2018-11-09,Z302SVCR,ST4000DM000,4000787030016,0,119,231199400,96.0,0.0,100.0,4.0,100.0,0.0,86.0,436392667.0,69,27757,100.0,0.0,100,4,100.0,0.0,100.0,0.0,100.0,0.0,100.0,0.0,100.0,0.0,70.0,30.0,100.0,0.0,100.0,0.0,93.0,14791.0,30,30,100.0,0.0,100.0,0.0,200.0,0.0,100.0,27543.0,100.0,51077855816.0,100.0,112480094037.0
2018-11-10,Z302SVCR,ST4000DM000,4000787030016,0,108,18374016,96.0,0.0,100.0,4.0,100.0,0.0,86.0,437496924.0,69,27782,100.0,0.0,100,4,100.0,0.0,100.0,0.0,100.0,0.0,100.0,0.0,100.0,0.0,70.0,30.0,100.0,0.0,100.0,0.0,93.0,14791.0,30,30,100.0,0.0,100.0,0.0,200.0,0.0,100.0,27568.0,100.0,51092493912.0,100.0,112621583255.0
2018-11-11,Z302SVCR,ST4000DM000,4000787030016,0,111,39389424,96.0,0.0,100.0,4.0,100.0,0.0,86.0,438507049.0,69,27805,100.0,0.0,100,4,100.0,0.0,100.0,0.0,100.0,0.0,100.0,0.0,100.0,0.0,70.0,30.0,100.0,0.0,100.0,0.0,93.0,14791.0,30,30,100.0,0.0,100.0,0.0,200.0,0.0,100.0,27591.0,100.0,51108045056.0,100.0,112757248241.0
2018-11-12,Z302SVCR,ST4000DM000,4000787030016,0,118,195851712,96.0,0.0,100.0,4.0,100.0,0.0,86.0,440113344.0,69,27830,100.0,0.0,100,4,100.0,0.0,100.0,0.0,100.0,0.0,100.0,0.0,100.0,0.0,70.0,30.0,100.0,0.0,100.0,0.0,93.0,14791.0,30,30,100.0,0.0,100.0,0.0,200.0,0.0,100.0,27616.0,100.0,51128512600.0,100.0,112931191045.0
2018-11-13,Z302SVCR,ST4000DM000,4000787030016,0,116,104840960,96.0,0.0,100.0,4.0,100.0,0.0,86.0,442289378.0,69,27854,100.0,0.0,100,4,100.0,0.0,100.0,0.0,100.0,0.0,100.0,0.0,100.0,0.0,70.0,30.0,100.0,0.0,100.0,0.0,93.0,14791.0,30,30,100.0,0.0,100.0,0.0,200.0,0.0,100.0,27639.0,100.0,51154550304.0,100.0,113090316490.0
2018-11-14,Z302SVCR,ST4000DM000,4000787030016,0,112,45297304,96.0,0.0,100.0,4.0,100.0,0.0,86.0,443433524.0,69,27878,100.0,0.0,100,4,100.0,0.0,100.0,0.0,100.0,0.0,100.0,0.0,100.0,0.0,69.0,31.0,100.0,0.0,100.0,0.0,93.0,14791.0,31,31,100.0,0.0,100.0,0.0,200.0,0.0,100.0,27664.0,100.0,51181135504.0,100.0,113213423637.0
2018-11-15,Z302SVCR,ST4000DM000,4000787030016,0,117,158531584,96.0,0.0,100.0,4.0,100.0,0.0,86.0,444911703.0,69,27902,100.0,0.0,100,4,100.0,0.0,100.0,0.0,100.0,0.0,100.0,0.0,100.0,0.0,69.0,31.0,100.0,0.0,100.0,0.0,93.0,14791.0,31,31,100.0,0.0,100.0,0.0,200.0,0.0,100.0,27688.0,100.0,51197551528.0,100.0,113270912603.0
2018-11-16,Z302SVCR,ST4000DM000,4000787030016,0,116,104616640,96.0,0.0,100.0,4.0,100.0,0.0,86.0,445569929.0,69,27926,100.0,0.0,100,4,100.0,0.0,100.0,0.0,100.0,0.0,100.0,0.0,100.0,0.0,69.0,31.0,100.0,0.0,100.0,0.0,93.0,14791.0,31,31,100.0,0.0,100.0,0.0,200.0,0.0,100.0,27712.0,100.0,51207490544.0,100.0,113344602192.0
2018-11-17,Z302SVCR,ST4000DM000,4000787030016,0,114.0,73678720.0,96.0,0.0,100.0,4.0,100.0,0.0,86.0,446666003.0,69.0,27949.0,100.0,0.0,100.0,4.0,100.0,0.0,100.0,0.0,100.0,0.0,100.0,0.0,100.0,0.0,69.0,31.0,100.0,0.0,100.0,0.0,93.0,14791.0,31.0,31.0,100.0,0.0,100.0,0.0,200.0,0.0,100.0,27735.0,100.0,51225648024.0,100.0,113463506124.0
2018-11-18,Z302SVCR,ST4000DM000,4000787030016,0,115,98833928,96.0,0.0,100.0,4.0,100.0,0.0,86.0,447674590.0,69,27974,100.0,0.0,100,4,100.0,0.0,100.0,0.0,100.0,0.0,100.0,0.0,100.0,0.0,69.0,31.0,100.0,0.0,100.0,0.0,93.0,14791.0,31,31,100.0,0.0,100.0,0.0,200.0,0.0,100.0,27760.0,100.0,51237547248.0,100.0,113580044984.0
2018-11-19,Z302SVCR,ST4000DM000,4000787030016,0,112,45087632,96.0,0.0,100.0,4.0,100.0,0.0,86.0,448546017.0,69,27998,100.0,0.0,100,4,100.0,0.0,100.0,0.0,100.0,0.0,100.0,0.0,100.0,0.0,69.0,31.0,100.0,0.0,100.0,0.0,93.0,14791.0,31,31,100.0,0.0,100.0,0.0,200.0,0.0,100.0,27784.0,100.0,51251579816.0,100.0,113655765520.0
2018-11-20,Z302SVCR,ST4000DM000,4000787030016,0,118,175148440,96.0,0.0,100.0,4.0,100.0,0.0,86.0,451760540.0,69,28022,100.0,0.0,100,4,100.0,0.0,100.0,0.0,100.0,0.0,100.0,0.0,100.0,0.0,69.0,31.0,100.0,0.0,100.0,0.0,93.0,14791.0,31,31,100.0,0.0,100.0,0.0,200.0,0.0,100.0,27808.0,100.0,51269375808.0,100.0,113781191089.0
2018-11-21,Z302SVCR,ST4000DM000,4000787030016,0,119,209026976,96.0,0.0,100.0,4.0,100.0,0.0,86.0,452827246.0,68,28046,100.0,0.0,100,4,100.0,0.0,100.0,0.0,100.0,0.0,100.0,0.0,100.0,0.0,69.0,31.0,100.0,0.0,100.0,0.0,93.0,14791.0,31,31,100.0,0.0,100.0,0.0,200.0,0.0,100.0,27831.0,100.0,51288627896.0,100.0,113891245650.0
2018-11-22,Z302SVCR,ST4000DM000,4000787030016,0,117,148712328,96.0,0.0,100.0,4.0,100.0,0.0,86.0,454512987.0,68,28070,100.0,0.0,100,4,100.0,0.0,100.0,0.0,100.0,0.0,100.0,0.0,100.0,0.0,67.0,33.0,100.0,0.0,100.0,0.0,93.0,14791.0,33,33,100.0,0.0,100.0,0.0,200.0,0.0,100.0,27856.0,100.0,51305757520.0,100.0,113976381152.0
2018-11-23,Z302SVCR,ST4000DM000,4000787030016,0,118,198679880,96.0,0.0,100.0,4.0,100.0,0.0,86.0,455749448.0,68,28093,100.0,0.0,100,4,100.0,0.0,100.0,0.0,100.0,0.0,100.0,0.0,100.0,0.0,69.0,31.0,100.0,0.0,100.0,0.0,93.0,14791.0,31,31,100.0,0.0,100.0,0.0,200.0,0.0,100.0,27879.0,100.0,51317855496.0,100.0,114117093278.0
2018-11-24,Z302SVCR,ST4000DM000,4000787030016,0,117,162535512,96.0,0.0,100.0,4.0,100.0,0.0,86.0,456563402.0,68,28118,100.0,0.0,100,4,100.0,0.0,100.0,0.0,100.0,0.0,100.0,0.0,100.0,0.0,69.0,31.0,100.0,0.0,100.0,0.0,93.0,14791.0,31,31,100.0,0.0,100.0,0.0,200.0,0.0,100.0,27904.0,100.0,51329709088.0,100.0,114206019563.0
2018-11-25,Z302SVCR,ST4000DM000,4000787030016,0,111,41058304,96.0,0.0,100.0,4.0,100.0,0.0,86.0,457142154.0,68,28142,100.0,0.0,100,4,100.0,0.0,100.0,0.0,100.0,0.0,100.0,0.0,100.0,0.0,69.0,31.0,100.0,0.0,100.0,0.0,93.0,14791.0,31,31,100.0,0.0,100.0,0.0,200.0,0.0,100.0,27927.0,100.0,51346563752.0,100.0,114257503190.0
2018-11-26,Z302SVCR,ST4000DM000,4000787030016,0,119,230092080,96.0,0.0,100.0,4.0,100.0,0.0,86.0,458217155.0,68,28166,100.0,0.0,100,4,100.0,0.0,100.0,0.0,100.0,0.0,100.0,0.0,100.0,0.0,69.0,31.0,100.0,0.0,100.0,0.0,93.0,14791.0,31,31,100.0,0.0,100.0,0.0,200.0,0.0,100.0,27952.0,100.0,51360144344.0,100.0,114350571648.0
2018-11-27,Z302SVCR,ST4000DM000,4000787030016,0,111,37412616,96.0,0.0,100.0,4.0,100.0,0.0,86.0,460136685.0,68,28190,100.0,0.0,100,4,100.0,0.0,100.0,0.0,100.0,0.0,100.0,0.0,100.0,0.0,69.0,31.0,100.0,0.0,100.0,0.0,93.0,14791.0,31,31,100.0,0.0,100.0,0.0,200.0,0.0,100.0,27975.0,100.0,51382335800.0,100.0,114451933879.0
2018-11-28,Z302SVCR,ST4000DM000,4000787030016,0,117,162577048,96.0,0.0,100.0,4.0,100.0,0.0,86.0,461229432.0,68,28214,100.0,0.0,100,4,100.0,0.0,100.0,0.0,100.0,0.0,100.0,0.0,100.0,0.0,68.0,32.0,100.0,0.0,100.0,0.0,93.0,14791.0,32,32,100.0,0.0,100.0,0.0,200.0,0.0,100.0,28000.0,100.0,51395533944.0,100.0,114576590572.0
2018-11-29,Z302SVCR,ST4000DM000,4000787030016,0,111,32981296,96.0,0.0,100.0,4.0,100.0,0.0,86.0,462291762.0,68,28237,100.0,0.0,100,4,100.0,0.0,100.0,0.0,100.0,0.0,100.0,0.0,100.0,0.0,70.0,30.0,100.0,0.0,100.0,0.0,93.0,14795.0,30,30,100.0,0.0,100.0,0.0,200.0,0.0,100.0,28023.0,100.0,51405183864.0,100.0,114613140622.0
2018-11-30,Z302SVCR,ST4000DM000,4000787030016,0,115,99473008,96.0,0.0,100.0,4.0,100.0,0.0,86.0,463657133.0,68,28261,100.0,0.0,100,4,100.0,0.0,100.0,0.0,100.0,0.0,100.0,0.0,100.0,0.0,70.0,30.0,100.0,0.0,100.0,0.0,93.0,14795.0,30,30,100.0,0.0,100.0,0.0,200.0,0.0,100.0,28047.0,100.0,51420839544.0,100.0,114729525063.0
2018-12-01,Z302SVCR,ST4000DM000,4000787030016,0,114,62098160,96.0,0.0,100.0,4.0,100.0,0.0,86.0,464995576.0,68,28286,100.0,0.0,100,4,100.0,0.0,100.0,0.0,100.0,0.0,100.0,0.0,100.0,0.0,69.0,31.0,100.0,0.0,100.0,0.0,93.0,14795.0,31,31,100.0,0.0,100.0,0.0,200.0,0.0,100.0,28072.0,100.0,51439113408.0,100.0,114836286121.0
2018-12-02,Z302SVCR,ST4000DM000,4000787030016,0,120,240747096,96.0,0.0,100.0,4.0,100.0,0.0,86.0,466164512.0,68,28310,100.0,0.0,100,4,100.0,0.0,100.0,0.0,100.0,0.0,100.0,0.0,100.0,0.0,69.0,31.0,100.0,0.0,100.0,0.0,93.0,14795.0,31,31,100.0,0.0,100.0,0.0,200.0,0.0,100.0,28096.0,100.0,51460620160.0,100.0,114911014521.0
2018-12-03,Z302SVCR,ST4000DM000,4000787030016,0,114,83512264,96.0,0.0,100.0,4.0,100.0,0.0,86.0,466892709.0,68,28333,100.0,0.0,100,4,100.0,0.0,100.0,0.0,100.0,0.0,100.0,0.0,100.0,0.0,69.0,31.0,100.0,0.0,100.0,0.0,93.0,14795.0,31,31,100.0,0.0,100.0,0.0,200.0,0.0,100.0,28119.0,100.0,51496843168.0,100.0,114966216552.0
2018-12-04,Z302SVCR,ST4000DM000,4000787030016,0,106,11164656,96.0,0.0,100.0,4.0,100.0,0.0,86.0,468480531.0,68,28358,100.0,0.0,100,4,100.0,0.0,100.0,0.0,100.0,0.0,100.0,0.0,100.0,0.0,69.0,31.0,100.0,0.0,100.0,0.0,93.0,14795.0,31,31,100.0,0.0,100.0,0.0,200.0,0.0,100.0,28144.0,100.0,51520885056.0,100.0,115051034846.0
2018-12-05,Z302SVCR,ST4000DM000,4000787030016,0,117.0,166651536.0,96.0,0.0,100.0,4.0,100.0,0.0,86.0,469091158.0,68.0,28382.0,100.0,0.0,100.0,4.0,100.0,0.0,100.0,0.0,100.0,0.0,100.0,0.0,100.0,0.0,69.0,31.0,100.0,0.0,100.0,0.0,93.0,14795.0,31.0,31.0,100.0,0.0,100.0,0.0,200.0,0.0,100.0,28168.0,100.0,51550945984.0,100.0,115119108603.0
2018-12-06,Z302SVCR,ST4000DM000,4000787030016,0,114,67264944,96.0,0.0,100.0,4.0,100.0,0.0,87.0,470615560.0,68,28404,100.0,0.0,100,4,100.0,0.0,100.0,0.0,100.0,0.0,100.0,0.0,100.0,0.0,69.0,31.0,100.0,0.0,100.0,0.0,93.0,14797.0,31,31,100.0,0.0,100.0,0.0,200.0,0.0,100.0,28190.0,100.0,51570611544.0,100.0,115208674770.0
2018-12-07,Z302SVCR,ST4000DM000,4000787030016,0,118,186095880,96.0,0.0,100.0,4.0,100.0,0.0,87.0,472207932.0,68,28428,100.0,0.0,100,4,100.0,0.0,100.0,0.0,100.0,0.0,100.0,0.0,100.0,0.0,69.0,31.0,100.0,0.0,100.0,0.0,93.0,14797.0,31,31,100.0,0.0,100.0,0.0,200.0,0.0,100.0,28214.0,100.0,51592390160.0,100.0,115308149149.0
2018-12-08,Z302SVCR,ST4000DM000,4000787030016,0,115,99328360,96.0,0.0,100.0,4.0,100.0,0.0,87.0,472936697.0,68,28447,100.0,0.0,100,4,100.0,0.0,100.0,0.0,100.0,0.0,100.0,0.0,100.0,0.0,70.0,30.0,100.0,0.0,100.0,0.0,93.0,14798.0,30,30,100.0,0.0,100.0,0.0,200.0,0.0,100.0,28233.0,100.0,51602643200.0,100.0,115396843970.0
2018-12-09,Z302SVCR,ST4000DM000,4000787030016,0,120,239163592,96.0,0.0,100.0,4.0,100.0,0.0,87.0,474149656.0,68,28472,100.0,0.0,100,4,100.0,0.0,100.0,0.0,100.0,0.0,100.0,0.0,100.0,0.0,70.0,30.0,100.0,0.0,100.0,0.0,93.0,14798.0,30,30,100.0,0.0,100.0,0.0,200.0,0.0,100.0,28258.0,100.0,51627252440.0,100.0,115541043347.0
2018-12-10,Z302SVCR,ST4000DM000,4000787030016,0,115,94429320,96.0,0.0,100.0,4.0,100.0,0.0,87.0,474830642.0,68,28496,100.0,0.0,100,4,100.0,0.0,100.0,0.0,100.0,0.0,100.0,0.0,100.0,0.0,70.0,30.0,100.0,0.0,100.0,0.0,93.0,14798.0,30,30,100.0,0.0,100.0,0.0,200.0,0.0,100.0,28282.0,100.0,51640005104.0,100.0,115623003184.0
2018-12-11,Z302SVCR,ST4000DM000,4000787030016,0,114,72442968,96.0,0.0,100.0,4.0,100.0,0.0,87.0,476805869.0,68,28519,100.0,0.0,100,4,100.0,0.0,100.0,0.0,100.0,0.0,100.0,0.0,100.0,0.0,70.0,30.0,100.0,0.0,100.0,0.0,93.0,14798.0,30,30,100.0,0.0,100.0,0.0,200.0,0.0,100.0,28305.0,100.0,51668461520.0,100.0,115763178636.0
2018-12-12,Z302SVCR,ST4000DM000,4000787030016,0,120,236460160,96.0,0.0,100.0,4.0,100.0,0.0,87.0,477305329.0,68,28543,100.0,0.0,100,4,100.0,0.0,100.0,0.0,100.0,0.0,100.0,0.0,100.0,0.0,70.0,30.0,100.0,0.0,100.0,0.0,93.0,14798.0,30,30,100.0,0.0,100.0,0.0,200.0,0.0,100.0,28329.0,100.0,51684061248.0,100.0,115864958945.0
2018-12-13,Z302SVCR,ST4000DM000,4000787030016,0,108,15118056,96.0,0.0,100.0,4.0,100.0,0.0,87.0,478742088.0,68,28567,100.0,0.0,100,4,100.0,0.0,100.0,0.0,100.0,0.0,100.0,0.0,100.0,0.0,70.0,30.0,100.0,0.0,100.0,0.0,93.0,14798.0,30,30,100.0,0.0,100.0,0.0,200.0,0.0,100.0,28353.0,100.0,51700978160.0,100.0,115969004785.0
2018-12-14,Z302SVCR,ST4000DM000,4000787030016,0,113,58202288,96.0,0.0,100.0,4.0,100.0,0.0,87.0,479355548.0,68,28592,100.0,0.0,100,4,100.0,0.0,100.0,0.0,100.0,0.0,100.0,0.0,100.0,0.0,70.0,30.0,100.0,0.0,100.0,0.0,93.0,14798.0,30,30,100.0,0.0,100.0,0.0,200.0,0.0,100.0,28378.0,100.0,51715244888.0,100.0,116121350187.0
2018-12-15,Z302SVCR,ST4000DM000,4000787030016,0,111,30373712,96.0,0.0,100.0,4.0,100.0,0.0,87.0,479927843.0,68,28616,100.0,0.0,100,4,100.0,0.0,100.0,0.0,100.0,0.0,100.0,0.0,100.0,0.0,70.0,30.0,100.0,0.0,100.0,0.0,93.0,14798.0,30,30,100.0,0.0,100.0,0.0,200.0,0.0,100.0,28401.0,100.0,51729098472.0,100.0,116234231825.0
2018-12-16,Z302SVCR,ST4000DM000,4000787030016,0,117,166373168,96.0,0.0,100.0,4.0,100.0,0.0,87.0,480585599.0,68,28640,100.0,0.0,100,4,100.0,0.0,100.0,0.0,100.0,0.0,100.0,0.0,100.0,0.0,70.0,30.0,100.0,0.0,100.0,0.0,93.0,14798.0,30,30,100.0,0.0,100.0,0.0,200.0,0.0,100.0,28426.0,100.0,51750397080.0,100.0,116371191473.0
2018-12-17,Z302SVCR,ST4000DM000,4000787030016,0,110,28642072,96.0,0.0,100.0,4.0,100.0,0.0,87.0,481206314.0,68,28664,100.0,0.0,100,4,100.0,0.0,100.0,0.0,100.0,0.0,100.0,0.0,100.0,0.0,70.0,30.0,100.0,0.0,100.0,0.0,93.0,14798.0,30,30,100.0,0.0,100.0,0.0,200.0,0.0,100.0,28449.0,100.0,51765110552.0,100.0,116524592627.0
2018-12-18,Z302SVCR,ST4000DM000,4000787030016,0,114,71123160,96.0,0.0,100.0,4.0,100.0,0.0,87.0,482959223.0,68,28687,100.0,0.0,100,4,100.0,0.0,100.0,0.0,100.0,0.0,100.0,0.0,100.0,0.0,69.0,31.0,100.0,0.0,100.0,0.0,93.0,14798.0,31,31,100.0,0.0,100.0,0.0,200.0,0.0,100.0,28473.0,100.0,51792499488.0,100.0,116712272171.0
2018-12-19,Z302SVCR,ST4000DM000,4000787030016,0,112,49996112,96.0,0.0,100.0,4.0,100.0,0.0,87.0,485535619.0,68,28712,100.0,0.0,100,4,100.0,0.0,100.0,0.0,100.0,0.0,100.0,0.0,100.0,0.0,69.0,31.0,100.0,0.0,100.0,0.0,93.0,14798.0,31,31,100.0,0.0,100.0,0.0,200.0,0.0,100.0,28497.0,100.0,51814012368.0,100.0,116883721693.0
2018-12-20,Z302SVCR,ST4000DM000,4000787030016,0,114,72917080,96.0,0.0,100.0,4.0,100.0,0.0,87.0,487392636.0,68,28736,100.0,0.0,100,4,100.0,0.0,100.0,0.0,100.0,0.0,100.0,0.0,100.0,0.0,70.0,30.0,100.0,0.0,100.0,0.0,93.0,14798.0,30,30,100.0,0.0,100.0,0.0,200.0,0.0,100.0,28522.0,100.0,51836770184.0,100.0,117015395513.0
2018-12-21,Z302SVCR,ST4000DM000,4000787030016,0,117,118206640,96.0,0.0,100.0,4.0,100.0,0.0,87.0,488484083.0,68,28760,100.0,0.0,100,4,100.0,0.0,100.0,0.0,100.0,0.0,100.0,0.0,100.0,0.0,69.0,31.0,100.0,0.0,100.0,0.0,93.0,14798.0,31,31,100.0,0.0,100.0,0.0,200.0,0.0,100.0,28545.0,100.0,51862483680.0,100.0,117164361645.0
2018-12-22,Z302SVCR,ST4000DM000,4000787030016,0,117,122193576,96.0,0.0,100.0,4.0,100.0,0.0,87.0,489440718.0,68,28784,100.0,0.0,100,4,100.0,0.0,100.0,0.0,100.0,0.0,100.0,0.0,100.0,0.0,69.0,31.0,100.0,0.0,100.0,0.0,93.0,14798.0,31,31,100.0,0.0,100.0,0.0,200.0,0.0,100.0,28569.0,100.0,51879055280.0,100.0,117309969033.0
2018-12-23,Z302SVCR,ST4000DM000,4000787030016,0,117,118980856,96.0,0.0,100.0,4.0,100.0,0.0,87.0,490373101.0,68,28808,100.0,0.0,100,4,100.0,0.0,100.0,0.0,100.0,0.0,100.0,0.0,100.0,0.0,69.0,31.0,100.0,0.0,100.0,0.0,93.0,14798.0,31,31,100.0,0.0,100.0,0.0,200.0,0.0,100.0,28594.0,100.0,51895530688.0,100.0,117431276643.0
2018-12-24,Z302SVCR,ST4000DM000,4000787030016,0,111,29715328,96.0,0.0,100.0,4.0,100.0,0.0,87.0,491730930.0,68,28831,100.0,0.0,100,4,100.0,0.0,100.0,0.0,100.0,0.0,100.0,0.0,100.0,0.0,70.0,30.0,100.0,0.0,100.0,0.0,93.0,14798.0,30,30,100.0,0.0,100.0,0.0,200.0,0.0,100.0,28617.0,100.0,51913766960.0,100.0,117574537824.0
2018-12-25,Z302SVCR,ST4000DM000,4000787030016,0,119,228078208,96.0,0.0,100.0,4.0,100.0,0.0,87.0,494247951.0,68,28855,100.0,0.0,100,4,100.0,0.0,100.0,0.0,100.0,0.0,100.0,0.0,100.0,0.0,69.0,31.0,100.0,0.0,100.0,0.0,93.0,14798.0,31,31,100.0,0.0,100.0,0.0,200.0,0.0,100.0,28641.0,100.0,51937664960.0,100.0,117757110327.0
2018-12-26,Z302SVCR,ST4000DM000,4000787030016,0,117,119874672,96.0,0.0,100.0,4.0,100.0,0.0,87.0,495253554.0,68,28879,100.0,0.0,100,4,100.0,0.0,100.0,0.0,100.0,0.0,100.0,0.0,100.0,0.0,70.0,30.0,100.0,0.0,100.0,0.0,93.0,14798.0,30,30,100.0,0.0,100.0,0.0,200.0,0.0,100.0,28665.0,100.0,51952945112.0,100.0,117877142362.0
2018-12-27,Z302SVCR,ST4000DM000,4000787030016,0,117,152844800,96.0,0.0,100.0,4.0,100.0,0.0,87.0,497126402.0,68,28904,100.0,0.0,100,4,100.0,0.0,100.0,0.0,100.0,0.0,100.0,0.0,100.0,0.0,70.0,30.0,100.0,0.0,100.0,0.0,93.0,14798.0,30,30,100.0,0.0,100.0,0.0,200.0,0.0,100.0,28689.0,100.0,51973334216.0,100.0,117988987727.0
2018-12-28,Z302SVCR,ST4000DM000,4000787030016,0,116,117004936,96.0,0.0,100.0,4.0,100.0,0.0,87.0,497943948.0,67,28928,100.0,0.0,100,4,100.0,0.0,100.0,0.0,100.0,0.0,100.0,0.0,100.0,0.0,71.0,29.0,100.0,0.0,100.0,0.0,93.0,14798.0,29,29,100.0,0.0,100.0,0.0,200.0,0.0,100.0,28714.0,100.0,51987015096.0,100.0,118118580865.0
2018-12-29,Z302SVCR,ST4000DM000,4000787030016,0,117,162115976,96.0,0.0,100.0,4.0,100.0,0.0,87.0,498771688.0,67,28952,100.0,0.0,100,4,100.0,0.0,100.0,0.0,100.0,0.0,100.0,0.0,100.0,0.0,71.0,29.0,100.0,0.0,100.0,0.0,93.0,14798.0,29,29,100.0,0.0,100.0,0.0,200.0,0.0,100.0,28737.0,100.0,52008118992.0,100.0,118221573397.0
2018-12-30,Z302SVCR,ST4000DM000,4000787030016,0,117,164917568,96.0,0.0,100.0,4.0,100.0,0.0,87.0,499511185.0,67,28976,100.0,0.0,100,4,100.0,0.0,100.0,0.0,100.0,0.0,100.0,0.0,100.0,0.0,70.0,30.0,100.0,0.0,100.0,0.0,93.0,14798.0,30,30,100.0,0.0,100.0,0.0,200.0,0.0,100.0,28761.0,100.0,52035645656.0,100.0,118285022850.0
2018-12-31,Z302SVCR,ST4000DM000,4000787030016,0,119,205154592,96.0,0.0,100.0,4.0,100.0,0.0,87.0,500295758.0,67,29000,100.0,0.0,100,4,100.0,0.0,100.0,0.0,100.0,0.0,100.0,0.0,100.0,0.0,70.0,30.0,100.0,0.0,100.0,0.0,93.0,14798.0,30,30,100.0,0.0,100.0,0.0,200.0,0.0,100.0,28785.0,100.0,52056905736.0,100.0,118369336698.0
