2018-01-01,Z3025WCS,ST4000DM000,4000787030016,0,111,38615952,92,0,100,14,100,0,78,81173535,68,28178,100,0,100,14,100.0,0.0,100.0,0.0,100.0,0.0,100.0,0.0,100.0,0.0,80.0,20.0,100.0,0.0,100.0,4.0,86.0,28369.0,20,20,100,0,100,0,200,0,100.0,27983.0,100.0,23437655418.0,100.0,176823133518.0
2018-01-02,Z3025WCS,ST4000DM000,4000787030016,0,116,117124560,92,0,100,14,100,0,78,81807108,68,28202,100,0,100,14,100.0,0.0,100.0,0.0,100.0,0.0,100.0,0.0,100.0,0.0,79.0,21.0,100.0,0.0,100.0,4.0,86.0,28369.0,21,21,100,0,100,0,200,0,100.0,28008.0,100.0,23444801973.0,100.0,176855211968.0
2018-01-03,Z3025WCS,ST4000DM000,4000787030016,0,119,202671280,92,0,100,14,100,0,78,82451360,68,28226,100,0,100,14,100.0,0.0,100.0,0.0,100.0,0.0,100.0,0.0,100.0,0.0,80.0,20.0,100.0,0.0,100.0,4.0,86.0,28369.0,20,20,100,0,100,0,200,0,100.0,28032.0,100.0,23454303345.0,100.0,176889027444.0
2018-01-04,Z3025WCS,ST4000DM000,4000787030016,0,119,218729280,92,0,100,15,100,0,78,82757333,68,28249,100,0,100,15,100.0,0.0,100.0,0.0,100.0,0.0,100.0,0.0,100.0,0.0,80.0,20.0,100.0,0.0,100.0,4.0,86.0,29054.0,20,20,100,0,100,0,200,0,100.0,28050.0,100.0,23459296729.0,100.0,176916926624.0
2018-01-05,Z3025WCS,ST4000DM000,4000787030016,0,117.0,161799296.0,92.0,0.0,100.0,15.0,100.0,0.0,78.0,83172917.0,68.0,28273.0,100.0,0.0,100.0,15.0,100.0,0.0,100.0,0.0,100.0,0.0,100.0,0.0,100.0,0.0,79.0,21.0,100.0,0.0,100.0,4.0,86.0,29657.0,21.0,21.0,100.0,0.0,100.0,0.0,200.0,0.0,100.0,28069.0,100.0,23466851683.0,100.0,176957444802.0
2018-01-06,Z3025WCS,ST4000DM000,4000787030016,0,117,140128488,92,0,100,15,100,0,79,83902728,68,28297,100,0,100,15,100.0,0.0,100.0,0.0,100.0,0.0,100.0,0.0,100.0,0.0,80.0,20.0,100.0,0.0,100.0,4.0,86.0,29657.0,20,20,100,0,100,0,200,0,100.0,28094.0,100.0,23478944410.0,100.0,176988937153.0
2018-01-07,Z3025WCS,ST4000DM000,4000787030016,0,117,155807904,92,0,100,15,100,0,79,84664069,68,28321,100,0,100,15,100.0,0.0,100.0,0.0,100.0,0.0,100.0,0.0,100.0,0.0,80.0,20.0,100.0,0.0,100.0,4.0,86.0,29657.0,20,20,100,0,100,0,200,0,100.0,28117.0,100.0,23491961734.0,100.0,177022660871.0
2018-01-08,Z3025WCS,ST4000DM000,4000787030016,0,119,209897224,92,0,100,15,100,0,79,85450309,68,28345,100,0,100,15,100.0,0.0,100.0,0.0,100.0,0.0,100.0,0.0,100.0,0.0,80.0,20.0,100.0,0.0,100.0,4.0,86.0,29657.0,20,20,100,0,100,0,200,0,100.0,28141.0,100.0,23506767580.0,100.0,177057325779.0
2018-01-09,Z3025WCS,ST4000DM000,4000787030016,0,109,21904024,92,0,100,15,100,0,79,86219326,68,28369,100,0,100,15,100.0,0.0,100.0,0.0,100.0,0.0,100.0,0.0,100.0,0.0,80.0,20.0,100.0,0.0,100.0,4.0,86.0,29657.0,20,20,100,0,100,0,200,0,100.0,28166.0,100.0,23518662987.0,100.0,177094755305.0
2018-01-10,Z3025WCS,ST4000DM000,4000787030016,0,111,37921064,92,0,100,15,100,0,79,86518955,68,28381,100,0,100,15,100.0,0.0,100.0,0.0,100.0,0.0,100.0,0.0,100.0,0.0,79.0,21.0,100.0,0.0,100.0,4.0,86.0,29657.0,21,21,100,0,100,0,200,0,100.0,28177.0,100.0,23522517386.0,100.0,177111055206.0
2018-01-11,Z3025WCS,ST4000DM000,4000787030016,0,117,131190312,92,0,100,15,100,0,79,87110152,68,28408,100,0,100,15,100.0,0.0,100.0,0.0,100.0,0.0,100.0,0.0,100.0,0.0,80.0,20.0,100.0,0.0,100.0,4.0,86.0,29657.0,20,20,100,0,100,0,200,0,100.0,28204.0,100.0,23527472515.0,100.0,177149877463.0
2018-01-12,Z3025WCS,ST4000DM000,4000787030016,0,115,87151376,92,0,100,15,100,0,79,87618340,68,28432,100,0,100,15,100.0,0.0,100.0,0.0,100.0,0.0,100.0,0.0,100.0,0.0,80.0,20.0,100.0,0.0,100.0,4.0,86.0,29657.0,20,20,100,0,100,0,200,0,100.0,28228.0,100.0,23530698314.0,100.0,177184702464.0
2018-01-13,Z3025WCS,ST4000DM000,4000787030016,0,116.0,101753736.0,92.0,0.0,100.0,15.0,100,0,79.0,88155549.0,68,28459,100.0,0.0,100,15,100.0,0.0,100.0,0.0,100.0,0.0,100.0,0.0,100.0,0.0,80.0,20.0,100.0,0.0,100.0,4.0,86.0,29657.0,20.0,20.0,100.0,0.0,100.0,0.0,200,0,100.0,28255.0,100.0,23533403537.0,100.0,177218334071.0
2018-01-14,Z3025WCS,ST4000DM000,4000787030016,0,119.0,230459968.0,92.0,0.0,100.0,15.0,100,0,79.0,88711968.0,68,28483,100.0,0.0,100,15,100.0,0.0,100.0,0.0,100.0,0.0,100.0,0.0,100.0,0.0,80.0,20.0,100.0,0.0,100.0,4.0,86.0,29657.0,20.0,20.0,100.0,0.0,100.0,0.0,200,0,100.0,28279.0,100.0,23535120033.0,100.0,177248911528.0
2018-01-15,Z3025WCS,ST4000DM000,4000787030016,0,116.0,102943376.0,92.0,0.0,100.0,15.0,100,0,79.0,89149899.0,68,28508,100.0,0.0,100,15,100.0,0.0,100.0,0.0,100.0,0.0,100.0,0.0,100.0,0.0,78.0,22.0,100.0,0.0,100.0,4.0,86.0,29657.0,22.0,22.0,100.0,0.0,100.0,0.0,200,0,100.0,28304.0,100.0,23536346335.0,100.0,177282619297.0
2018-01-16,Z3025WCS,ST4000DM000,4000787030016,0,119.0,233970120.0,92.0,0.0,100.0,15.0,100,0,79.0,89593701.0,68,28531,100.0,0.0,100,15,100.0,0.0,100.0,0.0,100.0,0.0,100.0,0.0,100.0,0.0,79.0,21.0,100.0,0.0,100.0,4.0,86.0,29662.0,21.0,21.0,100.0,0.0,100.0,0.0,200,0,100.0,28328.0,100.0,23537697767.0,100.0,177318708170.0
2018-01-17,Z3025WCS,ST4000DM000,4000787030016,0,116.0,104818216.0,92.0,0.0,100.0,15.0,100,0,79.0,90021350.0,68,28555,100.0,0.0,100,15,100.0,0.0,100.0,0.0,100.0,0.0,100.0,0.0,100.0,0.0,80.0,20.0,100.0,0.0,100.0,4.0,86.0,29662.0,20.0,20.0,100.0,0.0,100.0,0.0,200,0,100.0,28351.0,100.0,23538878243.0,100.0,177350980758.0
2018-01-18,Z3025WCS,ST4000DM000,4000787030016,0,102.0,4230152.0,92.0,0.0,100.0,15.0,100.0,0.0,79.0,90461942.0,68.0,28580.0,100.0,0.0,100.0,15.0,100.0,0.0,100.0,0.0,100.0,0.0,100.0,0.0,100.0,0.0,80.0,20.0,100.0,0.0,100.0,4.0,86.0,29662.0,20.0,20.0,100.0,0.0,100.0,0.0,200.0,0.0,100.0,28376.0,100.0,23540061966.0,100.0,177385281198.0
2018-01-19,Z3025WCS,ST4000DM000,4000787030016,0,118.0,180649928.0,92.0,0.0,100.0,15.0,100.0,0.0,79.0,91029071.0,68.0,28604.0,100.0,0.0,100.0,15.0,100.0,0.0,100.0,0.0,100.0,0.0,100.0,0.0,100.0,0.0,81.0,19.0,100.0,0.0,100.0,4.0,86.0,29667.0,19.0,19.0,100.0,0.0,100.0,0.0,200.0,0.0,100.0,28400.0,100.0,23541848338.0,100.0,177425244682.0
2018-01-20,Z3025WCS,ST4000DM000,4000787030016,0,113.0,52267256.0,92.0,0.0,100.0,15.0,100,0,79.0,91459823.0,68,28628,100.0,0.0,100,15,100.0,0.0,100.0,0.0,100.0,0.0,100.0,0.0,100.0,0.0,80.0,20.0,100.0,0.0,100.0,4.0,86.0,29667.0,20.0,20.0,100.0,0.0,100.0,0.0,200,0,100.0,28424.0,100.0,23543013144.0,100.0,177458675173.0
2018-01-21,Z3025WCS,ST4000DM000,4000787030016,0,117.0,159644416.0,92.0,0.0,100.0,15.0,100,0,79.0,91878844.0,68,28652,100.0,0.0,100,15,100.0,0.0,100.0,0.0,100.0,0.0,100.0,0.0,100.0,0.0,80.0,20.0,100.0,0.0,100.0,4.0,86.0,29667.0,20.0,20.0,100.0,0.0,100.0,0.0,200,0,100.0,28448.0,100.0,23544130287.0,100.0,177492050522.0
2018-01-22,Z3025WCS,ST4000DM000,4000787030016,0,113.0,50719096.0,92.0,0.0,100.0,15.0,100,0,79.0,92312358.0,68,28676,100.0,0.0,100,15,100.0,0.0,100.0,0.0,100.0,0.0,100.0,0.0,100.0,0.0,81.0,19.0,100.0,0.0,100.0,4.0,86.0,29667.0,19.0,19.0,100.0,0.0,100.0,0.0,200,0,100.0,28472.0,100.0,23545298040.0,100.0,177526065464.0
2018-01-23,Z3025WCS,ST4000DM000,4000787030016,0,119.0,220017464.0,92.0,0.0,100.0,15.0,100,0,79.0,92756177.0,68,28700,100.0,0.0,100,15,100.0,0.0,100.0,0.0,100.0,0.0,100.0,0.0,100.0,0.0,80.0,20.0,100.0,0.0,100.0,4.0,86.0,29667.0,20.0,20.0,100.0,0.0,100.0,0.0,200,0,100.0,28496.0,100.0,23547143483.0,100.0,177562443884.0
2018-01-24,Z3025WCS,ST4000DM000,4000787030016,0,114.0,75897536.0,92.0,0.0,100.0,15.0,100,0,79.0,93170806.0,68,28724,100.0,0.0,100,15,100.0,0.0,100.0,0.0,100.0,0.0,100.0,0.0,100.0,0.0,81.0,19.0,100.0,0.0,100.0,4.0,86.0,29667.0,19.0,19.0,100.0,0.0,100.0,0.0,200,0,100.0,28520.0,100.0,23548246215.0,100.0,177596851603.0
2018-01-25,Z3025WCS,ST4000DM000,4000787030016,0,119.0,203932456.0,92.0,0.0,100.0,15.0,100,0,79.0,93600058.0,68,28748,100.0,0.0,100,15,100.0,0.0,100.0,0.0,100.0,0.0,100.0,0.0,100.0,0.0,81.0,19.0,100.0,0.0,100.0,4.0,86.0,29667.0,19.0,19.0,100.0,0.0,100.0,0.0,200,0,100.0,28545.0,100.0,23549389851.0,100.0,177632075040.0
2018-01-26,Z3025WCS,ST4000DM000,4000787030016,0,113.0,55652336.0,92.0,0.0,100.0,15.0,100,0,79.0,94014845.0,68,28772,100.0,0.0,100,15,100.0,0.0,100.0,0.0,100.0,0.0,100.0,0.0,100.0,0.0,81.0,19.0,100.0,0.0,100.0,4.0,86.0,29667.0,19.0,19.0,100.0,0.0,100.0,0.0,200,0,100.0,28568.0,100.0,23550490419.0,100.0,177665812738.0
2018-01-27,Z3025WCS,ST4000DM000,4000787030016,0,118.0,193535992.0,92.0,0.0,100.0,15.0,100,0,79.0,94458663.0,68,28796,100.0,0.0,100,15,100.0,0.0,100.0,0.0,100.0,0.0,100.0,0.0,100.0,0.0,81.0,19.0,100.0,0.0,100.0,4.0,86.0,29667.0,19.0,19.0,100.0,0.0,100.0,0.0,200,0,100.0,28592.0,100.0,23551751423.0,100.0,177705201549.0
2018-01-28,Z3025WCS,ST4000DM000,4000787030016,0,114.0,70364848.0,92.0,0.0,100.0,15.0,100,0,79.0,94895081.0,68,28820,100.0,0.0,100,15,100.0,0.0,100.0,0.0,100.0,0.0,100.0,0.0,100.0,0.0,81.0,19.0,100.0,0.0,100.0,4.0,86.0,29667.0,19.0,19.0,100.0,0.0,100.0,0.0,200,0,100.0,28616.0,100.0,23552959737.0,100.0,177737923617.0
2018-01-29,Z3025WCS,ST4000DM000,4000787030016,0,119.0,212910184.0,92.0,0.0,100.0,15.0,100,0,79.0,95342247.0,68,28844,100.0,0.0,100,15,100.0,0.0,100.0,0.0,100.0,0.0,100.0,0.0,100.0,0.0,81.0,19.0,100.0,0.0,100.0,4.0,86.0,29667.0,19.0,19.0,100.0,0.0,100.0,0.0,200,0,100.0,28640.0,100.0,23554215524.0,100.0,177771954798.0
2018-01-30,Z3025WCS,ST4000DM000,4000787030016,0,119.0,219696328.0,92.0,0.0,100.0,15.0,100,0,79.0,95723507.0,68,28866,100.0,0.0,100,15,100.0,0.0,100.0,0.0,100.0,0.0,100.0,0.0,100.0,0.0,81.0,19.0,100.0,0.0,100.0,4.0,86.0,29667.0,19.0,19.0,100.0,0.0,100.0,0.0,200,0,100.0,28662.0,100.0,23555296387.0,100.0,177803132672.0
2018-01-31,Z3025WCS,ST4000DM000,4000787030016,0,117.0,136076104.0,92.0,0.0,100.0,15.0,100.0,0.0,79.0,96296253.0,68.0,28890.0,100.0,0.0,100.0,15.0,100.0,0.0,100.0,0.0,100.0,0.0,100.0,0.0,100.0,0.0,80.0,20.0,100.0,0.0,100.0,4.0,86.0,29667.0,20.0,20.0,100.0,0.0,100.0,0.0,200.0,0.0,100.0,28686.0,100.0,23558689666.0,100.0,177836711822.0
2018-02-01,Z3025WCS,ST4000DM000,4000787030016,0,108.0,20182800.0,92.0,0.0,100.0,15.0,100,0,79.0,96737655.0,67,28914,100.0,0.0,100,15,100.0,0.0,100.0,0.0,100.0,0.0,100.0,0.0,100.0,0.0,81.0,19.0,100.0,0.0,100.0,4.0,86.0,29667.0,19.0,19.0,100.0,0.0,100.0,0.0,200,0,100.0,28710.0,100.0,23559938427.0,100.0,177872788674.0
2018-02-02,Z3025WCS,ST4000DM000,4000787030016,0,117.0,158285560.0,92.0,0.0,100.0,15.0,100,0,79.0,97185312.0,67,28938,100.0,0.0,100,15,100.0,0.0,100.0,0.0,100.0,0.0,100.0,0.0,100.0,0.0,81.0,19.0,100.0,0.0,100.0,4.0,86.0,29667.0,19.0,19.0,100.0,0.0,100.0,0.0,200,0,100.0,28734.0,100.0,23561200759.0,100.0,177907528961.0
2018-02-03,Z3025WCS,ST4000DM000,4000787030016,0,114.0,77498032.0,92.0,0.0,100.0,15.0,100,0,79.0,97645366.0,67,28962,100.0,0.0,100,15,100.0,0.0,100.0,0.0,100.0,0.0,100.0,0.0,100.0,0.0,81.0,19.0,100.0,0.0,100.0,4.0,86.0,29667.0,19.0,19.0,100.0,0.0,100.0,0.0,200,0,100.0,28758.0,100.0,23562500777.0,100.0,177944488942.0
2018-02-04,Z3025WCS,ST4000DM000,4000787030016,0,119.0,231472064.0,92.0,0.0,100.0,15.0,100,0,79.0,98217763.0,67,28994,100.0,0.0,100,15,100.0,0.0,100.0,0.0,100.0,0.0,100.0,0.0,100.0,0.0,80.0,20.0,100.0,0.0,100.0,4.0,86.0,29667.0,20.0,20.0,100.0,0.0,100.0,0.0,200,0,100.0,28790.0,100.0,23564124273.0,100.0,177991946561.0
2018-02-05,Z3025WCS,ST4000DM000,4000787030016,0,117.0,129733448.0,92.0,0.0,100.0,15.0,100,0,79.0,98668266.0,67,29018,100.0,0.0,100,15,100.0,0.0,100.0,0.0,100.0,0.0,100.0,0.0,100.0,0.0,81.0,19.0,100.0,0.0,100.0,4.0,86.0,29667.0,19.0,19.0,100.0,0.0,100.0,0.0,200,0,100.0,28814.0,100.0,23565400417.0,100.0,178026360267.0
2018-02-06,Z3025WCS,ST4000DM000,4000787030016,0,119.0,233880736.0,92.0,0.0,100.0,15.0,100,0,79.0,99100409.0,67,29042,100.0,0.0,100,15,100.0,0.0,100.0,0.0,100.0,0.0,100.0,0.0,100.0,0.0,80.0,20.0,100.0,0.0,100.0,4.0,86.0,29667.0,20.0,20.0,100.0,0.0,100.0,0.0,200,0,100.0,28838.0,100.0,23566638231.0,100.0,178058936799.0
2018-02-07,Z3025WCS,ST4000DM000,4000787030016,0,116.0,112220360.0,92.0,0.0,100.0,15.0,100,0,79.0,99540164.0,67,29066,100.0,0.0,100,15,100.0,0.0,100.0,0.0,100.0,0.0,100.0,0.0,100.0,0.0,80.0,20.0,100.0,0.0,100.0,4.0,86.0,29667.0,20.0,20.0,100.0,0.0,100.0,0.0,200,0,100.0,28862.0,100.0,23567896703.0,100.0,178092484165.0
2018-02-08,Z3025WCS,ST4000DM000,4000787030016,0,119.0,222913344.0,92.0,0.0,100.0,15.0,100,0,79.0,99976555.0,67,29090,100.0,0.0,100,15,100.0,0.0,100.0,0.0,100.0,0.0,100.0,0.0,100.0,0.0,80.0,20.0,100.0,0.0,100.0,4.0,86.0,29667.0,20.0,20.0,100.0,0.0,100.0,0.0,200,0,100.0,28886.0,100.0,23569121358.0,100.0,178127194532.0
2018-02-09,Z3025WCS,ST4000DM000,4000787030016,0,114,70624384,92,0,100,15,100,0,79,100408058,67,29114,100,0,100,15,100.0,0.0,100.0,0.0,100.0,0.0,100.0,0.0,100.0,0.0,80.0,20.0,100.0,0.0,100.0,4.0,86.0,29667.0,20,20,100,0,100,0,200,0,100.0,28910.0,100.0,23570365216.0,100.0,178160462324.0
2018-02-10,Z3025WCS,ST4000DM000,4000787030016,0,118.0,175400568.0,92.0,0.0,100.0,15.0,100.0,0.0,80.0,100841743.0,67.0,29138.0,100.0,0.0,100.0,15.0,100.0,0.0,100.0,0.0,100.0,0.0,100.0,0.0,100.0,0.0,80.0,20.0,100.0,0.0,100.0,4.0,86.0,29667.0,20.0,20.0,100.0,0.0,100.0,0.0,200.0,0.0,100.0,28934.0,100.0,23571771447.0,100.0,178192258506.0
2018-02-11,Z3025WCS,ST4000DM000,4000787030016,0,113,57357976,92,0,100,15,100,0,80,101286544,67,29162,100,0,100,15,100.0,0.0,100.0,0.0,100.0,0.0,100.0,0.0,100.0,0.0,76.0,24.0,100.0,0.0,100.0,4.0,86.0,29667.0,24,24,100,0,100,0,200,0,100.0,28959.0,100.0,23573036533.0,100.0,178224887963.0
2018-02-12,Z3025WCS,ST4000DM000,4000787030016,0,117,132264368,92,0,100,15,100,0,80,101707905,67,29186,100,0,100,15,100.0,0.0,100.0,0.0,100.0,0.0,100.0,0.0,100.0,0.0,81.0,19.0,100.0,0.0,100.0,4.0,86.0,29667.0,19,19,100,0,100,0,200,0,100.0,28982.0,100.0,23574250270.0,100.0,178257187753.0
2018-02-13,Z3025WCS,ST4000DM000,4000787030016,0,119,234032448,92,0,100,15,100,0,80,102141464,67,29210,100,0,100,15,100.0,0.0,100.0,0.0,100.0,0.0,100.0,0.0,100.0,0.0,81.0,19.0,100.0,0.0,100.0,4.0,86.0,29667.0,19,19,100,0,100,0,200,0,100.0,29006.0,100.0,23575487615.0,100.0,178289794758.0
2018-02-14,Z3025WCS,ST4000DM000,4000787030016,0,114,83665344,92,0,100,15,100,0,80,102566057,67,29234,100,0,100,15,100.0,0.0,100.0,0.0,100.0,0.0,100.0,0.0,100.0,0.0,81.0,19.0,100.0,0.0,100.0,4.0,86.0,29667.0,19,19,100,0,100,0,200,0,100.0,29030.0,100.0,23576765471.0,100.0,178325030066.0
2018-02-15,Z3025WCS,ST4000DM000,4000787030016,0,119,209896440,92,0,100,15,100,0,80,103014579,67,29258,100,0,100,15,100.0,0.0,100.0,0.0,100.0,0.0,100.0,0.0,100.0,0.0,81.0,19.0,100.0,0.0,100.0,4.0,86.0,29667.0,19,19,100,0,100,0,200,0,100.0,29054.0,100.0,23578251247.0,100.0,178359356199.0
2018-02-16,Z3025WCS,ST4000DM000,4000787030016,0,114,58840328,92,0,100,15,100,0,80,103447619,67,29282,100,0,100,15,100.0,0.0,100.0,0.0,100.0,0.0,100.0,0.0,100.0,0.0,80.0,20.0,100.0,0.0,100.0,4.0,86.0,29667.0,20,20,100,0,100,0,200,0,100.0,29078.0,100.0,23579932880.0,100.0,178390631530.0
2018-02-17,Z3025WCS,ST4000DM000,4000787030016,0,117,135734536,92,0,100,15,100,0,80,103873047,67,29306,100,0,100,15,100.0,0.0,100.0,0.0,100.0,0.0,100.0,0.0,100.0,0.0,80.0,20.0,100.0,0.0,100.0,4.0,86.0,29667.0,20,20,100,0,100,0,200,0,100.0,29102.0,100.0,23581157551.0,100.0,178421378743.0
2018-02-18,Z3025WCS,ST4000DM000,4000787030016,0,113,56693352,92,0,100,15,100,0,80,104331274,67,29330,100,0,100,15,100.0,0.0,100.0,0.0,100.0,0.0,100.0,0.0,100.0,0.0,80.0,20.0,100.0,0.0,100.0,4.0,86.0,29667.0,20,20,100,0,100,0,200,0,100.0,29126.0,100.0,23582452887.0,100.0,178461095466.0
2018-02-19,Z3025WCS,ST4000DM000,4000787030016,0,117,144564208,92,0,100,15,100,0,80,104757941,67,29354,100,0,100,15,100.0,0.0,100.0,0.0,100.0,0.0,100.0,0.0,100.0,0.0,80.0,20.0,100.0,0.0,100.0,4.0,86.0,29667.0,20,20,100,0,100,0,200,0,100.0,29150.0,100.0,23583656357.0,100.0,178493265979.0
2018-02-20,Z3025WCS,ST4000DM000,4000787030016,0,119,234591712,92,0,100,15,100,0,80,105183321,67,29378,100,0,100,15,100.0,0.0,100.0,0.0,100.0,0.0,100.0,0.0,100.0,0.0,80.0,20.0,100.0,0.0,100.0,4.0,86.0,29667.0,20,20,100,0,100,0,200,0,100.0,29174.0,100.0,23585120119.0,100.0,178528336593.0
2018-02-21,Z3025WCS,ST4000DM000,4000787030016,0,116,116025904,92,0,100,15,100,0,80,105630214,67,29402,100,0,100,15,100.0,0.0,100.0,0.0,100.0,0.0,100.0,0.0,100.0,0.0,79.0,21.0,100.0,0.0,100.0,4.0,86.0,29667.0,21,21,100,0,100,0,200,0,100.0,29199.0,100.0,23586399239.0,100.0,178560382884.0
2018-02-22,Z3025WCS,ST4000DM000,4000787030016,0,119,206560552,92,0,100,15,100,0,80,106057553,67,29426,100,0,100,15,100.0,0.0,100.0,0.0,100.0,0.0,100.0,0.0,100.0,0.0,81.0,19.0,100.0,0.0,100.0,4.0,86.0,29667.0,19,19,100,0,100,0,200,0,100.0,29222.0,100.0,23587611930.0,100.0,178594432923.0
2018-02-23,Z3025WCS,ST4000DM000,4000787030016,0,111,34913168,92,0,100,15,100,0,80,106479961,67,29450,100,0,100,15,100.0,0.0,100.0,0.0,100.0,0.0,100.0,0.0,100.0,0.0,78.0,22.0,100.0,0.0,100.0,4.0,86.0,29667.0,22,22,100,0,100,0,200,0,100.0,29246.0,100.0,23588812865.0,100.0,178624922738.0
2018-02-24,Z3025WCS,ST4000DM000,4000787030016,0,117,162403760,92,0,100,15,100,0,80,106927306,67,29474,100,0,100,15,100.0,0.0,100.0,0.0,100.0,0.0,100.0,0.0,100.0,0.0,79.0,21.0,100.0,0.0,100.0,4.0,86.0,29667.0,21,21,100,0,100,0,200,0,100.0,29271.0,100.0,23590074222.0,100.0,178659634604.0
2018-02-25,Z3025WCS,ST4000DM000,4000787030016,0,114,60865856,92,0,100,15,100,0,80,107379338,67,29498,100,0,100,15,100.0,0.0,100.0,0.0,100.0,0.0,100.0,0.0,100.0,0.0,80.0,20.0,100.0,0.0,100.0,4.0,86.0,29667.0,20,20,100,0,100,0,200,0,100.0,29294.0,100.0,23591353437.0,100.0,178695288253.0
2018-02-26,Z3025WCS,ST4000DM000,4000787030016,0,118,199866504,92,0,100,15,100,0,80,107818602,67,29522,100,0,100,15,100.0,0.0,100.0,0.0,100.0,0.0,100.0,0.0,100.0,0.0,80.0,20.0,100.0,0.0,100.0,4.0,86.0,29667.0,20,20,100,0,100,0,200,0,100.0,29318.0,100.0,23592754653.0,100.0,178734748167.0
2018-02-27,Z3025WCS,ST4000DM000,4000787030016,0,116,105235880,92,0,100,15,100,0,80,108270331,67,29546,100,0,100,15,100.0,0.0,100.0,0.0,100.0,0.0,100.0,0.0,100.0,0.0,78.0,22.0,100.0,0.0,100.0,4.0,86.0,29667.0,22,22,100,0,100,0,200,0,100.0,29342.0,100.0,23594051725.0,100.0,178768205196.0
2018-02-28,Z3025WCS,ST4000DM000,4000787030016,0,110,25611072,92,0,100,15,100,0,80,108730157,67,29570,100,0,100,15,100.0,0.0,100.0,0.0,100.0,0.0,100.0,0.0,100.0,0.0,80.0,20.0,100.0,0.0,100.0,4.0,86.0,29667.0,20,20,100,0,100,0,200,0,100.0,29366.0,100.0,23595354574.0,100.0,178803266246.0
2018-03-01,Z3025WCS,ST4000DM000,4000787030016,0,116,115844920,92,0,100,15,100,0,80,109034544,67,29587,100,0,100,15,100.0,0.0,100.0,0.0,100.0,0.0,100.0,0.0,100.0,0.0,80.0,20.0,100.0,0.0,100.0,4.0,86.0,29667.0,20,20,100,0,100,0,200,0,100.0,29383.0,100.0,23596198953.0,100.0,178825037665.0
2018-03-02,Z3025WCS,ST4000DM000,4000787030016,0,112,46084672,92,0,100,15,100,0,80,109494334,67,29611,100,0,100,15,100.0,0.0,100.0,0.0,100.0,0.0,100.0,0.0,100.0,0.0,80.0,20.0,100.0,0.0,100.0,4.0,86.0,29667.0,20,20,100,0,100,0,200,0,100.0,29407.0,100.0,23597511625.0,100.0,178863974597.0
2018-03-03,Z3025WCS,ST4000DM000,4000787030016,0,118,181763272,92,0,100,15,100,0,80,109933167,67,29635,100,0,100,15,100.0,0.0,100.0,0.0,100.0,0.0,100.0,0.0,100.0,0.0,81.0,19.0,100.0,0.0,100.0,4.0,86.0,29667.0,19,19,100,0,100,0,200,0,100.0,29431.0,100.0,23599009331.0,100.0,178900223540.0
2018-03-04,Z3025WCS,ST4000DM000,4000787030016,0,111,34764792,92,0,100,15,100,0,80,110368442,67,29659,100,0,100,15,100.0,0.0,100.0,0.0,100.0,0.0,100.0,0.0,100.0,0.0,81.0,19.0,100.0,0.0,100.0,4.0,86.0,29667.0,19,19,100,0,100,0,200,0,100.0,29455.0,100.0,23600245784.0,100.0,178931937853.0
2018-03-05,Z3025WCS,ST4000DM000,4000787030016,0,118,182179960,92,0,100,15,100,0,80,110814466,67,29683,100,0,100,15,100.0,0.0,100.0,0.0,100.0,0.0,100.0,0.0,100.0,0.0,80.0,20.0,100.0,0.0,100.0,4.0,86.0,29667.0,20,20,100,0,100,0,200,0,100.0,29479.0,100.0,23601513366.0,100.0,178967779827.0
2018-03-06,Z3025WCS,ST4000DM000,4000787030016,0,117,160854616,92,0,100,15,100,0,80,111300380,67,29711,100,0,100,15,100.0,0.0,100.0,0.0,100.0,0.0,100.0,0.0,100.0,0.0,80.0,20.0,100.0,0.0,100.0,4.0,86.0,29667.0,20,20,100,0,100,0,200,0,100.0,29507.0,100.0,23602882308.0,100.0,179009817688.0
2018-03-07,Z3025WCS,ST4000DM000,4000787030016,0,117.0,149061080.0,92.0,0.0,100.0,15.0,100.0,0.0,80.0,111788752.0,67.0,29735.0,100.0,0.0,100.0,15.0,100.0,0.0,100.0,0.0,100.0,0.0,100.0,0.0,100.0,0.0,80.0,20.0,100.0,0.0,100.0,4.0,86.0,29667.0,20.0,20.0,100.0,0.0,100.0,0.0,200.0,0.0,100.0,29531.0,100.0,23604357212.0,100.0,179048759307.0
2018-03-08,Z3025WCS,ST4000DM000,4000787030016,0,116,104444744,92,0,100,15,100,0,80,112149723,67,29755,100,0,100,15,100.0,0.0,100.0,0.0,100.0,0.0,100.0,0.0,100.0,0.0,81.0,19.0,100.0,0.0,100.0,4.0,86.0,29667.0,19,19,100,0,100,0,200,0,100.0,29551.0,100.0,23605382338.0,100.0,179075105804.0
2018-03-09,Z3025WCS,ST4000DM000,4000787030016,0,117,138878864,92,0,100,15,100,0,80,112668958,67,29779,100,0,100,15,100.0,0.0,100.0,0.0,100.0,0.0,100.0,0.0,100.0,0.0,81.0,19.0,100.0,0.0,100.0,4.0,86.0,29667.0,19,19,100,0,100,0,200,0,100.0,29575.0,100.0,23606980018.0,100.0,179104248631.0
2018-03-10,Z3025WCS,ST4000DM000,4000787030016,0,120,240900680,92,0,100,15,100,0,80,113101701,66,29803,100,0,100,15,100.0,0.0,100.0,0.0,100.0,0.0,100.0,0.0,100.0,0.0,81.0,19.0,100.0,0.0,100.0,4.0,86.0,29667.0,19,19,100,0,100,0,200,0,100.0,29599.0,100.0,23608256737.0,100.0,179136379337.0
2018-03-11,Z3025WCS,ST4000DM000,4000787030016,0,117,147181224,92,0,100,15,100,0,80,113556503,66,29827,100,0,100,15,100.0,0.0,100.0,0.0,100.0,0.0,100.0,0.0,100.0,0.0,81.0,19.0,100.0,0.0,100.0,4.0,86.0,29667.0,19,19,100,0,100,0,200,0,100.0,29624.0,100.0,23609545063.0,100.0,179169833637.0
2018-03-12,Z3025WCS,ST4000DM000,4000787030016,0,111,39050424,92,0,100,15,100,0,80,113999903,66,29851,100,0,100,15,100.0,0.0,100.0,0.0,100.0,0.0,100.0,0.0,100.0,0.0,81.0,19.0,100.0,0.0,100.0,4.0,86.0,29667.0,19,19,100,0,100,0,200,0,100.0,29647.0,100.0,23610899321.0,100.0,179205386887.0
2018-03-13,Z3025WCS,ST4000DM000,4000787030016,0,117,124542216,92,0,100,15,100,0,80,114428489,66,29875,100,0,100,15,100.0,0.0,100.0,0.0,100.0,0.0,100.0,0.0,100.0,0.0,81.0,19.0,100.0,0.0,100.0,4.0,86.0,29667.0,19,19,100,0,100,0,200,0,100.0,29671.0,100.0,23612104356.0,100.0,179236114815.0
2018-03-14,Z3025WCS,ST4000DM000,4000787030016,0,119,222522512,92,0,100,15,100,0,80,114859166,66,29899,100,0,100,15,100.0,0.0,100.0,0.0,100.0,0.0,100.0,0.0,100.0,0.0,81.0,19.0,100.0,0.0,100.0,4.0,86.0,29667.0,19,19,100,0,100,0,200,0,100.0,29695.0,100.0,23613319274.0,100.0,179268056487.0
2018-03-15,Z3025WCS,ST4000DM000,4000787030016,0,117,142604592,92,0,100,15,100,0,80,115447065,66,29930,100,0,100,15,100.0,0.0,100.0,0.0,100.0,0.0,100.0,0.0,100.0,0.0,80.0,20.0,100.0,0.0,100.0,4.0,86.0,29667.0,20,20,100,0,100,0,200,0,100.0,29726.0,100.0,23615006613.0,100.0,179310590620.0
2018-03-16,Z3025WCS,ST4000DM000,4000787030016,0,101.0,3170384.0,92.0,0.0,100.0,15.0,100.0,0.0,80.0,115880722.0,66.0,29954.0,100.0,0.0,100.0,15.0,100.0,0.0,100.0,0.0,100.0,0.0,100.0,0.0,100.0,0.0,80.0,20.0,100.0,0.0,100.0,4.0,86.0,29667.0,20.0,20.0,100.0,0.0,100.0,0.0,200.0,0.0,100.0,29750.0,100.0,23616238328.0,100.0,179344981730.0
2018-03-17,Z3025WCS,ST4000DM000,4000787030016,0,117,151976168,92,0,100,15,100,0,80,116332943,66,29979,100,0,100,15,100.0,0.0,100.0,0.0,100.0,0.0,100.0,0.0,100.0,0.0,80.0,20.0,100.0,0.0,100.0,4.0,86.0,29667.0,20,20,100,0,100,0,200,0,100.0,29775.0,100.0,23617504307.0,100.0,179381675670.0
2018-03-18,Z3025WCS,ST4000DM000,4000787030016,0,105,9648936,92,0,100,15,100,0,80,116766928,66,30002,100,0,100,15,100.0,0.0,100.0,0.0,100.0,0.0,100.0,0.0,100.0,0.0,80.0,20.0,100.0,0.0,100.0,4.0,86.0,29667.0,20,20,100,0,100,0,200,0,100.0,29799.0,100.0,23618726899.0,100.0,179417148132.0
2018-03-19,Z3025WCS,ST4000DM000,4000787030016,0,115,97263232,92,0,100,15,100,0,80,117196309,66,30026,100,0,100,15,100.0,0.0,100.0,0.0,100.0,0.0,100.0,0.0,100.0,0.0,80.0,20.0,100.0,0.0,100.0,4.0,86.0,29667.0,20,20,100,0,100,0,200,0,100.0,29822.0,100.0,23619957470.0,100.0,179450362528.0
2018-03-20,Z3025WCS,ST4000DM000,4000787030016,0,118,185899096,92,0,100,15,100,0,81,117626273,66,30051,100,0,100,15,100.0,0.0,100.0,0.0,100.0,0.0,100.0,0.0,100.0,0.0,80.0,20.0,100.0,0.0,100.0,4.0,86.0,29667.0,20,20,100,0,100,0,200,0,100.0,29847.0,100.0,23621172468.0,100.0,179483008070.0
2018-03-21,Z3025WCS,ST4000DM000,4000787030016,0,109,23917696,92,0,100,15,100,0,81,118047661,66,30074,100,0,100,15,100.0,0.0,100.0,0.0,100.0,0.0,100.0,0.0,100.0,0.0,81.0,19.0,100.0,0.0,100.0,4.0,86.0,29667.0,19,19,100,0,100,0,200,0,100.0,29871.0,100.0,23622350431.0,100.0,179513852237.0
2018-03-22,Z3025WCS,ST4000DM000,4000787030016,0,119,211579312,92,0,100,15,100,0,81,118640358,66,30098,100,0,100,15,100.0,0.0,100.0,0.0,100.0,0.0,100.0,0.0,100.0,0.0,81.0,19.0,100.0,0.0,100.0,4.0,86.0,29667.0,19,19,100,0,100,0,200,0,100.0,29894.0,100.0,23625411744.0,100.0,179591848006.0
2018-03-23,Z3025WCS,ST4000DM000,4000787030016,0,102,4070952,92,0,100,15,100,0,81,119033692,66,30122,100,0,100,15,100.0,0.0,100.0,0.0,100.0,0.0,100.0,0.0,100.0,0.0,80.0,20.0,100.0,0.0,100.0,4.0,86.0,29667.0,20,20,100,0,100,0,200,0,100.0,29918.0,100.0,23626462749.0,100.0,179625345935.0
2018-03-24,Z3025WCS,ST4000DM000,4000787030016,0,117,148816624,92,0,100,15,100,0,81,119475281,66,30147,100,0,100,15,100.0,0.0,100.0,0.0,100.0,0.0,100.0,0.0,100.0,0.0,81.0,19.0,100.0,0.0,100.0,4.0,86.0,29667.0,19,19,100,0,100,0,200,0,100.0,29943.0,100.0,23627671504.0,100.0,179662869970.0
2018-03-25,Z3025WCS,ST4000DM000,4000787030016,0,119,233769528,92,0,100,15,100,0,81,119884212,66,30170,100,0,100,15,100.0,0.0,100.0,0.0,100.0,0.0,100.0,0.0,100.0,0.0,80.0,20.0,100.0,0.0,100.0,4.0,86.0,29667.0,20,20,100,0,100,0,200,0,100.0,29966.0,100.0,23629022784.0,100.0,179697229187.0
2018-03-26,Z3025WCS,ST4000DM000,4000787030016,0,114,81996664,92,0,100,15,100,0,81,120298868,66,30194,100,0,100,15,100.0,0.0,100.0,0.0,100.0,0.0,100.0,0.0,100.0,0.0,80.0,20.0,100.0,0.0,100.0,4.0,86.0,29667.0,20,20,100,0,100,0,200,0,100.0,29990.0,100.0,23630148535.0,100.0,179733031241.0
2018-03-27,Z3025WCS,ST4000DM000,4000787030016,0,119,210553280,92,0,100,15,100,0,81,120735549,66,30219,100,0,100,15,100.0,0.0,100.0,0.0,100.0,0.0,100.0,0.0,100.0,0.0,80.0,20.0,100.0,0.0,100.0,4.0,86.0,29667.0,20,20,100,0,100,0,200,0,100.0,30015.0,100.0,23631526885.0,100.0,179770287499.0
2018-03-28,Z3025WCS,ST4000DM000,4000787030016,0,113,50838568,92,0,100,15,100,0,81,121149668,66,30242,100,0,100,15,100.0,0.0,100.0,0.0,100.0,0.0,100.0,0.0,100.0,0.0,81.0,19.0,100.0,0.0,100.0,4.0,86.0,29667.0,19,19,100,0,100,0,200,0,100.0,30038.0,100.0,23632629269.0,100.0,179804796273.0
2018-03-29,Z3025WCS,ST4000DM000,4000787030016,0,118,193495296,92,0,100,15,100,0,81,121590140,66,30266,100,0,100,15,100.0,0.0,100.0,0.0,100.0,0.0,100.0,0.0,100.0,0.0,80.0,20.0,100.0,0.0,100.0,4.0,86.0,29667.0,20,20,100,0,100,0,200,0,100.0,30062.0,100.0,23633840012.0,100.0,179840706497.0
2018-03-30,Z3025WCS,ST4000DM000,4000787030016,0,114,81682480,92,0,100,15,100,0,81,122032713,66,30290,100,0,100,15,100.0,0.0,100.0,0.0,100.0,0.0,100.0,0.0,100.0,0.0,80.0,20.0,100.0,0.0,100.0,4.0,86.0,29667.0,20,20,100,0,100,0,200,0,100.0,30086.0,100.0,23635076953.0,100.0,179872823447.0
2018-03-31,Z3025WCS,ST4000DM000,4000787030016,0,119,217953560,92,0,100,15,100,0,81,122478638,66,30314,100,0,100,15,100.0,0.0,100.0,0.0,100.0,0.0,100.0,0.0,100.0,0.0,81.0,19.0,100.0,0.0,100.0,4.0,86.0,29667.0,19,19,100,0,100,0,200,0,100.0,30110.0,100.0,23636415435.0,100.0,179910224738.0
2018-04-01,Z3025WCS,ST4000DM000,4000787030016,0,116,108484288,92,0,100,15,100,0,81,122928388,66,30338,100,0,100,15,100.0,0.0,100.0,0.0,100.0,0.0,100.0,0.0,100.0,0.0,80.0,20.0,100.0,0.0,100.0,4.0,86.0,29667.0,20,20,100,0,100,0,200,0,100.0,30134.0,100.0,23637801559.0,100.0,179945990169.0
2018-04-02,Z3025WCS,ST4000DM000,4000787030016,0,118,197694224,92,0,100,15,100,0,81,123354986,66,30362,100,0,100,15,100.0,0.0,100.0,0.0,100.0,0.0,100.0,0.0,100.0,0.0,81.0,19.0,100.0,0.0,100.0,4.0,86.0,29667.0,19,19,100,0,100,0,200,0,100.0,30158.0,100.0,23639003415.0,100.0,179979844890.0
2018-04-03,Z3025WCS,ST4000DM000,4000787030016,0,111,35434664,92,0,100,15,100,0,81,123780080,66,30386,100,0,100,15,100.0,0.0,100.0,0.0,100.0,0.0,100.0,0.0,100.0,0.0,80.0,20.0,100.0,0.0,100.0,4.0,86.0,29667.0,20,20,100,0,100,0,200,0,100.0,30182.0,100.0,23640207865.0,100.0,180011498465.0
2018-04-04,Z3025WCS,ST4000DM000,4000787030016,0,117,149403680,92,0,100,15,100,0,81,124221601,66,30410,100,0,100,15,100.0,0.0,100.0,0.0,100.0,0.0,100.0,0.0,100.0,0.0,80.0,20.0,100.0,0.0,100.0,4.0,86.0,29667.0,20,20,100,0,100,0,200,0,100.0,30207.0,100.0,23641503626.0,100.0,180047634398.0
2018-04-05,Z3025WCS,ST4000DM000,4000787030016,0,119,225201248,92,0,100,15,100,0,81,124642591,66,30434,100,0,100,15,100.0,0.0,100.0,0.0,100.0,0.0,100.0,0.0,100.0,0.0,82.0,18.0,100.0,0.0,100.0,4.0,86.0,29667.0,18,18,100,0,100,0,200,0,100.0,30230.0,100.0,23642711092.0,100.0,180079090983.0
2018-04-06,Z3025WCS,ST4000DM000,4000787030016,0,113,57528072,92,0,100,15,100,0,81,125066135,66,30458,100,0,100,15,100.0,0.0,100.0,0.0,100.0,0.0,100.0,0.0,100.0,0.0,82.0,18.0,100.0,0.0,100.0,4.0,86.0,29667.0,18,18,100,0,100,0,200,0,100.0,30254.0,100.0,23643924718.0,100.0,180111790298.0
2018-04-07,Z3025WCS,ST4000DM000,4000787030016,0,117.0,134605272.0,92.0,0.0,100.0,15.0,100.0,0.0,81.0,125488165.0,66.0,30482.0,100.0,0.0,100.0,15.0,100.0,0.0,100.0,0.0,100.0,0.0,100.0,0.0,100.0,0.0,82.0,18.0,100.0,0.0,100.0,4.0,86.0,29667.0,18.0,18.0,100.0,0.0,100.0,0.0,200.0,0.0,100.0,30278.0,100.0,23645127600.0,100.0,180145005105.0
2018-04-08,Z3025WCS,ST4000DM000,4000787030016,0,106,10682256,92,0,100,15,100,0,81,125926254,66,30506,100,0,100,15,100.0,0.0,100.0,0.0,100.0,0.0,100.0,0.0,100.0,0.0,82.0,18.0,100.0,0.0,100.0,4.0,86.0,29667.0,18,18,100,0,100,0,200,0,100.0,30302.0,100.0,23646346817.0,100.0,180183030567.0
2018-04-09,Z3025WCS,ST4000DM000,4000787030016,0,116,114894760,92,0,100,15,100,0,81,126363856,66,30530,100,0,100,15,100.0,0.0,100.0,0.0,100.0,0.0,100.0,0.0,100.0,0.0,82.0,18.0,100.0,0.0,100.0,4.0,86.0,29667.0,18,18,100,0,100,0,200,0,100.0,30326.0,100.0,23647634016.0,100.0,180217056560.0
2018-04-10,Z3025WCS,ST4000DM000,4000787030016,0,120,237435712,92,0,100,15,100,0,81,126807833,66,30554,100,0,100,15,100.0,0.0,100.0,0.0,100.0,0.0,100.0,0.0,100.0,0.0,82.0,18.0,100.0,0.0,100.0,4.0,86.0,29667.0,18,18,100,0,100,0,200,0,100.0,30350.0,100.0,23649100191.0,100.0,180254482219.0
2018-04-11,Z3025WCS,ST4000DM000,4000787030016,0,117,121540920,92,0,100,15,100,0,81,127257118,66,30578,100,0,100,15,100.0,0.0,100.0,0.0,100.0,0.0,100.0,0.0,100.0,0.0,82.0,18.0,100.0,0.0,100.0,4.0,86.0,29667.0,18,18,100,0,100,0,200,0,100.0,30374.0,100.0,23650379386.0,100.0,180288866776.0
2018-04-12,Z3025WCS,ST4000DM000,4000787030016,0,120,237151016,92,0,100,15,100,0,81,127694679,66,30602,100,0,100,15,100.0,0.0,100.0,0.0,100.0,0.0,100.0,0.0,100.0,0.0,82.0,18.0,100.0,0.0,100.0,4.0,86.0,29667.0,18,18,100,0,100,0,200,0,100.0,30398.0,100.0,23651610912.0,100.0,180323481658.0
2018-04-13,Z3025WCS,ST4000DM000,4000787030016,0,115,87529528,92,0,100,15,100,0,81,128128821,66,30626,100,0,100,15,100.0,0.0,100.0,0.0,100.0,0.0,100.0,0.0,100.0,0.0,82.0,18.0,100.0,0.0,100.0,4.0,86.0,29667.0,18,18,100,0,100,0,200,0,100.0,30422.0,100.0,23652867401.0,100.0,180353128434.0
2018-04-14,Z3025WCS,ST4000DM000,4000787030016,0,119,203904440,92,0,100,15,100,0,81,128569864,66,30650,100,0,100,15,100.0,0.0,100.0,0.0,100.0,0.0,100.0,0.0,100.0,0.0,82.0,18.0,100.0,0.0,100.0,4.0,86.0,29667.0,18,18,100,0,100,0,200,0,100.0,30447.0,100.0,23654116763.0,100.0,180388415454.0
2018-04-15,Z3025WCS,ST4000DM000,4000787030016,0,114,65487320,92,0,100,15,100,0,81,129005185,65,30674,100,0,100,15,100.0,0.0,100.0,0.0,100.0,0.0,100.0,0.0,100.0,0.0,82.0,18.0,100.0,0.0,100.0,4.0,86.0,29667.0,18,18,100,0,100,0,200,0,100.0,30470.0,100.0,23655387722.0,100.0,180420936112.0
2018-04-16,Z3025WCS,ST4000DM000,4000787030016,0,117,146592200,92,0,100,15,100,0,81,129432057,65,30698,100,0,100,15,100.0,0.0,100.0,0.0,100.0,0.0,100.0,0.0,100.0,0.0,82.0,18.0,100.0,0.0,100.0,4.0,86.0,29667.0,18,18,100,0,100,0,200,0,100.0,30494.0,100.0,23657116278.0,100.0,180452568369.0
2018-04-17,Z3025WCS,ST4000DM000,4000787030016,0,117,123430376,92,0,100,16,100,0,81,129798110,65,30721,100,0,100,16,100.0,0.0,100.0,0.0,100.0,0.0,100.0,0.0,100.0,0.0,76.0,24.0,100.0,0.0,100.0,4.0,86.0,29793.0,24,24,100,0,100,0,200,0,100.0,30516.0,100.0,23658186309.0,100.0,180487644134.0
2018-04-18,Z3025WCS,ST4000DM000,4000787030016,0,119,203873128,92,0,100,16,100,0,81,130209618,65,30745,100,0,100,16,100.0,0.0,100.0,0.0,100.0,0.0,100.0,0.0,100.0,0.0,77.0,23.0,100.0,0.0,100.0,4.0,86.0,29793.0,23,23,100,0,100,0,200,0,100.0,30540.0,100.0,23659406730.0,100.0,180519716215.0
2018-04-19,Z3025WCS,ST4000DM000,4000787030016,0,113,57367160,92,0,100,16,100,0,81,130643521,65,30769,100,0,100,16,100.0,0.0,100.0,0.0,100.0,0.0,100.0,0.0,100.0,0.0,78.0,22.0,100.0,0.0,100.0,4.0,86.0,29793.0,22,22,100,0,100,0,200,0,100.0,30564.0,100.0,23660645319.0,100.0,180554629626.0
2018-04-20,Z3025WCS,ST4000DM000,4000787030016,0,119,202091328,92,0,100,16,100,0,81,131078725,65,30792,100,0,100,16,100.0,0.0,100.0,0.0,100.0,0.0,100.0,0.0,100.0,0.0,78.0,22.0,100.0,0.0,100.0,4.0,86.0,29793.0,22,22,100,0,100,0,200,0,100.0,30588.0,100.0,23661833728.0,100.0,180596231849.0
2018-04-21,Z3025WCS,ST4000DM000,4000787030016,0,114,72838952,92,0,100,16,100,0,81,131519911,65,30817,100,0,100,16,100.0,0.0,100.0,0.0,100.0,0.0,100.0,0.0,100.0,0.0,78.0,22.0,100.0,0.0,100.0,4.0,86.0,29793.0,22,22,100,0,100,0,200,0,100.0,30612.0,100.0,23663089768.0,100.0,180631149893.0
2018-04-22,Z3025WCS,ST4000DM000,4000787030016,0,117,151938248,92,0,100,16,100,0,81,131946371,65,30841,100,0,100,16,100.0,0.0,100.0,0.0,100.0,0.0,100.0,0.0,100.0,0.0,77.0,23.0,100.0,0.0,100.0,4.0,86.0,29793.0,23,23,100,0,100,0,200,0,100.0,30636.0,100.0,23664334449.0,100.0,180663941000.0
2018-04-23,Z3025WCS,ST4000DM000,4000787030016,0,115,85344328,92,0,100,16,100,0,81,132400377,65,30864,100,0,100,16,100.0,0.0,100.0,0.0,100.0,0.0,100.0,0.0,100.0,0.0,77.0,23.0,100.0,0.0,100.0,4.0,86.0,29793.0,23,23,100,0,100,0,200,0,100.0,30660.0,100.0,23666398027.0,100.0,180704823889.0
2018-04-24,Z3025WCS,ST4000DM000,4000787030016,0,118,185599816,92,0,100,16,100,0,81,132836404,65,30889,100,0,100,16,100.0,0.0,100.0,0.0,100.0,0.0,100.0,0.0,100.0,0.0,77.0,23.0,100.0,0.0,100.0,4.0,86.0,29793.0,23,23,100,0,100,0,200,0,100.0,30684.0,100.0,23667635188.0,100.0,180736355610.0
2018-04-25,Z3025WCS,ST4000DM000,4000787030016,0,108,18534008,92,0,100,16,100,0,81,133258152,65,30913,100,0,100,16,100.0,0.0,100.0,0.0,100.0,0.0,100.0,0.0,100.0,0.0,77.0,23.0,100.0,0.0,100.0,4.0,86.0,29793.0,23,23,100,0,100,0,200,0,100.0,30708.0,100.0,23668855017.0,100.0,180766951221.0
2018-04-26,Z3025WCS,ST4000DM000,4000787030016,0,117,119249232,92,0,100,16,100,0,81,133690766,65,30937,100,0,100,16,100.0,0.0,100.0,0.0,100.0,0.0,100.0,0.0,100.0,0.0,78.0,22.0,100.0,0.0,100.0,4.0,86.0,29793.0,22,22,100,0,100,0,200,0,100.0,30732.0,100.0,23670092207.0,100.0,180802665900.0
2018-04-27,Z3025WCS,ST4000DM000,4000787030016,0,119,215244696,92,0,100,16,100,0,81,134119623,65,30960,100,0,100,16,100.0,0.0,100.0,0.0,100.0,0.0,100.0,0.0,100.0,0.0,76.0,24.0,100.0,0.0,100.0,4.0,86.0,29793.0,24,24,100,0,100,0,200,0,100.0,30756.0,100.0,23671309623.0,100.0,180835232101.0
2018-04-28,Z3025WCS,ST4000DM000,4000787030016,0,115,100628808,92,0,100,16,100,0,81,134567852,65,30985,100,0,100,16,100.0,0.0,100.0,0.0,100.0,0.0,100.0,0.0,100.0,0.0,77.0,23.0,100.0,0.0,100.0,4.0,86.0,29793.0,23,23,100,0,100,0,200,0,100.0,30780.0,100.0,23672651815.0,100.0,180868502344.0
2018-04-29,Z3025WCS,ST4000DM000,4000787030016,0,119,202344128,92,0,100,16,100,0,81,135000220,65,31009,100,0,100,16,100.0,0.0,100.0,0.0,100.0,0.0,100.0,0.0,100.0,0.0,77.0,23.0,100.0,0.0,100.0,4.0,86.0,29793.0,23,23,100,0,100,0,200,0,100.0,30804.0,100.0,23673874397.0,100.0,180903259754.0
2018-04-30,Z3025WCS,ST4000DM000,4000787030016,0,113,54311568,92,0,100,16,100,0,81,135431042,65,31032,100,0,100,16,100.0,0.0,100.0,0.0,100.0,0.0,100.0,0.0,100.0,0.0,77.0,23.0,100.0,0.0,100.0,4.0,86.0,29793.0,23,23,100,0,100,0,200,0,100.0,30828.0,100.0,23675093293.0,100.0,180934932480.0
2018-05-01,Z3025WCS,ST4000DM000,4000787030016,0,117,164284792,92,0,100,16,100,0,81,135868145,65,31057,100,0,100,16,100.0,0.0,100.0,0.0,100.0,0.0,100.0,0.0,100.0,0.0,76.0,24.0,100.0,0.0,100.0,4.0,86.0,29793.0,24,24,100,0,100,0,200,0,100.0,30852.0,100.0,23676339217.0,100.0,180967930808.0
2018-05-02,Z3025WCS,ST4000DM000,4000787030016,0,105.0,10029552.0,92.0,0.0,100.0,16.0,100.0,0.0,81.0,136299316.0,65.0,31081.0,100.0,0.0,100.0,16.0,100.0,0.0,100.0,0.0,100.0,0.0,100.0,0.0,100.0,0.0,77.0,23.0,100.0,0.0,100.0,4.0,86.0,29793.0,23.0,23.0,100.0,0.0,100.0,0.0,200.0,0.0,100.0,30876.0,100.0,23677577902.0,100.0,181000468535.0
2018-05-03,Z3025WCS,ST4000DM000,4000787030016,0,118,198697232,92,0,100,16,100,0,81,136777792,65,31106,100,0,100,16,100.0,0.0,100.0,0.0,100.0,0.0,100.0,0.0,100.0,0.0,77.0,23.0,100.0,0.0,100.0,4.0,86.0,29793.0,23,23,100,0,100,0,200,0,100.0,30901.0,100.0,23678947544.0,100.0,181035112863.0
2018-05-04,Z3025WCS,ST4000DM000,4000787030016,0,114,80604728,92,0,100,16,100,0,81,137222599,65,31130,100,0,100,16,100.0,0.0,100.0,0.0,100.0,0.0,100.0,0.0,100.0,0.0,78.0,22.0,100.0,0.0,100.0,4.0,86.0,29793.0,22,22,100,0,100,0,200,0,100.0,30925.0,100.0,23680242344.0,100.0,181068367257.0
2018-05-05,Z3025WCS,ST4000DM000,4000787030016,0,118,198506616,92,0,100,16,100,0,81,137658474,65,31154,100,0,100,16,100.0,0.0,100.0,0.0,100.0,0.0,100.0,0.0,100.0,0.0,77.0,23.0,100.0,0.0,100.0,4.0,86.0,29793.0,23,23,100,0,100,0,200,0,100.0,30949.0,100.0,23681482049.0,100.0,181102697037.0
2018-05-06,Z3025WCS,ST4000DM000,4000787030016,0,114,74203024,92,0,100,16,100,0,81,138097200,65,31178,100,0,100,16,100.0,0.0,100.0,0.0,100.0,0.0,100.0,0.0,100.0,0.0,77.0,23.0,100.0,0.0,100.0,4.0,86.0,29793.0,23,23,100,0,100,0,200,0,100.0,30973.0,100.0,23682717653.0,100.0,181138236905.0
2018-05-07,Z3025WCS,ST4000DM000,4000787030016,0,117,153232968,92,0,100,16,100,0,81,138518857,65,31202,100,0,100,16,100.0,0.0,100.0,0.0,100.0,0.0,100.0,0.0,100.0,0.0,78.0,22.0,100.0,0.0,100.0,4.0,86.0,29793.0,22,22,100,0,100,0,200,0,100.0,30997.0,100.0,23683975216.0,100.0,181170013996.0
2018-05-08,Z3025WCS,ST4000DM000,4000787030016,0,120,239344144,92,0,100,16,100,0,81,138942496,65,31226,100,0,100,16,100.0,0.0,100.0,0.0,100.0,0.0,100.0,0.0,100.0,0.0,77.0,23.0,100.0,0.0,100.0,4.0,86.0,29793.0,23,23,100,0,100,0,200,0,100.0,31021.0,100.0,23685179320.0,100.0,181202345639.0
2018-05-09,Z3025WCS,ST4000DM000,4000787030016,0,117,120624200,92,0,100,16,100,0,81,139386213,65,31250,100,0,100,16,100.0,0.0,100.0,0.0,100.0,0.0,100.0,0.0,100.0,0.0,78.0,22.0,100.0,0.0,100.0,4.0,86.0,29793.0,22,22,100,0,100,0,200,0,100.0,31046.0,100.0,23686482510.0,100.0,181237022898.0
2018-05-10,Z3025WCS,ST4000DM000,4000787030016,0,119,227082104,92,0,100,16,100,0,81,139688675,65,31266,100,0,100,16,100.0,0.0,100.0,0.0,100.0,0.0,100.0,0.0,100.0,0.0,78.0,22.0,100.0,0.0,100.0,4.0,86.0,29793.0,22,22,100,0,100,0,200,0,100.0,31062.0,100.0,23687342391.0,100.0,181262404900.0
2018-05-11,Z3025WCS,ST4000DM000,4000787030016,0,114,66417184,92,0,100,16,100,0,81,140229806,65,31291,100,0,100,16,100.0,0.0,100.0,0.0,100.0,0.0,100.0,0.0,100.0,0.0,78.0,22.0,100.0,0.0,100.0,4.0,86.0,29793.0,22,22,100,0,100,0,200,0,100.0,31086.0,100.0,23689008337.0,100.0,181294621195.0
2018-05-12,Z3025WCS,ST4000DM000,4000787030016,0,118,171654360,92,0,100,16,100,0,81,140660431,65,31315,100,0,100,16,100.0,0.0,100.0,0.0,100.0,0.0,100.0,0.0,100.0,0.0,77.0,23.0,100.0,0.0,100.0,4.0,86.0,29793.0,23,23,100,0,100,0,200,0,100.0,31110.0,100.0,23690238087.0,100.0,181328306903.0
2018-05-13,Z3025WCS,ST4000DM000,4000787030016,0,109,23045480,92,0,100,16,100,0,81,141091073,65,31339,100,0,100,16,100.0,0.0,100.0,0.0,100.0,0.0,100.0,0.0,100.0,0.0,78.0,22.0,100.0,0.0,100.0,4.0,86.0,29793.0,22,22,100,0,100,0,200,0,100.0,31134.0,100.0,23691526476.0,100.0,181359966286.0
2018-05-14,Z3025WCS,ST4000DM000,4000787030016,0,117,122986040,92,0,100,16,100,0,81,141523202,65,31363,100,0,100,16,100.0,0.0,100.0,0.0,100.0,0.0,100.0,0.0,100.0,0.0,77.0,23.0,100.0,0.0,100.0,4.0,86.0,29793.0,23,23,100,0,100,0,200,0,100.0,31158.0,100.0,23692890844.0,100.0,181396112022.0
2018-05-15,Z3025WCS,ST4000DM000,4000787030016,0,119.0,214608880.0,92.0,0.0,100.0,16.0,100.0,0.0,81.0,141948572.0,65.0,31387.0,100.0,0.0,100.0,16.0,100.0,0.0,100.0,0.0,100.0,0.0,100.0,0.0,100.0,0.0,77.0,23.0,100.0,0.0,100.0,4.0,86.0,29793.0,23.0,23.0,100.0,0.0,100.0,0.0,200.0,0.0,100.0,31182.0,100.0,23694088916.0,100.0,181429563152.0
2018-05-16,Z3025WCS,ST4000DM000,4000787030016,0,113,51165032,92,0,100,16,100,0,81,142370735,65,31411,100,0,100,16,100.0,0.0,100.0,0.0,100.0,0.0,100.0,0.0,100.0,0.0,77.0,23.0,100.0,0.0,100.0,4.0,86.0,29793.0,23,23,100,0,100,0,200,0,100.0,31206.0,100.0,23695343301.0,100.0,181462384440.0
2018-05-17,Z3025WCS,ST4000DM000,4000787030016,0,113,52204776,92,0,100,16,100,0,81,143001730,65,31442,100,0,100,16,100.0,0.0,100.0,0.0,100.0,0.0,100.0,0.0,100.0,0.0,77.0,23.0,100.0,0.0,100.0,4.0,86.0,29793.0,23,23,100,0,100,0,200,0,100.0,31237.0,100.0,23697234684.0,100.0,181502709411.0
2018-05-18,Z3025WCS,ST4000DM000,4000787030016,0,117,153263800,92,0,100,16,100,0,81,143435450,65,31466,100,0,100,16,100.0,0.0,100.0,0.0,100.0,0.0,100.0,0.0,100.0,0.0,77.0,23.0,100.0,0.0,100.0,4.0,86.0,29793.0,23,23,100,0,100,0,200,0,100.0,31261.0,100.0,23698447273.0,100.0,181537472653.0
2018-05-19,Z3025WCS,ST4000DM000,4000787030016,0,106,12449624,92,0,100,16,100,0,81,143869038,65,31490,100,0,100,16,100.0,0.0,100.0,0.0,100.0,0.0,100.0,0.0,100.0,0.0,77.0,23.0,100.0,0.0,100.0,4.0,86.0,29793.0,23,23,100,0,100,0,200,0,100.0,31285.0,100.0,23699713102.0,100.0,181571362305.0
2018-05-20,Z3025WCS,ST4000DM000,4000787030016,0,117,131171456,92,0,100,16,100,0,81,144306436,65,31514,100,0,100,16,100.0,0.0,100.0,0.0,100.0,0.0,100.0,0.0,100.0,0.0,76.0,24.0,100.0,0.0,100.0,4.0,86.0,29793.0,24,24,100,0,100,0,200,0,100.0,31309.0,100.0,23701010093.0,100.0,181607109500.0
2018-05-21,Z3025WCS,ST4000DM000,4000787030016,0,110,25256152,92,0,100,16,100,0,81,144754262,64,31538,100,0,100,16,100.0,0.0,100.0,0.0,100.0,0.0,100.0,0.0,100.0,0.0,76.0,24.0,100.0,0.0,100.0,4.0,86.0,29793.0,24,24,100,0,100,0,200,0,100.0,31333.0,100.0,23702343105.0,100.0,181644774163.0
2018-05-22,Z3025WCS,ST4000DM000,4000787030016,0,116,110196464,92,0,100,16,100,0,81,145178834,64,31562,100,0,100,16,100.0,0.0,100.0,0.0,100.0,0.0,100.0,0.0,100.0,0.0,77.0,23.0,100.0,0.0,100.0,4.0,86.0,29793.0,23,23,100,0,100,0,200,0,100.0,31357.0,100.0,23703552652.0,100.0,181677234279.0
2018-05-23,Z3025WCS,ST4000DM000,4000787030016,0,119,212837880,92,0,100,16,100,0,81,145606645,64,31586,100,0,100,16,100.0,0.0,100.0,0.0,100.0,0.0,100.0,0.0,100.0,0.0,78.0,22.0,100.0,0.0,100.0,4.0,86.0,29793.0,22,22,100,0,100,0,200,0,100.0,31381.0,100.0,23704745505.0,100.0,181711937465.0
2018-05-24,Z3025WCS,ST4000DM000,4000787030016,0,115,83955208,92,0,100,16,100,0,81,146045278,64,31610,100,0,100,16,100.0,0.0,100.0,0.0,100.0,0.0,100.0,0.0,100.0,0.0,76.0,24.0,100.0,0.0,100.0,4.0,86.0,29793.0,24,24,100,0,100,0,200,0,100.0,31406.0,100.0,23705981928.0,100.0,181746884864.0
2018-05-25,Z3025WCS,ST4000DM000,4000787030016,0,117,156913248,92,0,100,16,100,0,81,146464483,64,31634,100,0,100,16,100.0,0.0,100.0,0.0,100.0,0.0,100.0,0.0,100.0,0.0,76.0,24.0,100.0,0.0,100.0,4.0,86.0,29793.0,24,24,100,0,100,0,200,0,100.0,31429.0,100.0,23707167722.0,100.0,181779919561.0
2018-05-26,Z3025WCS,ST4000DM000,4000787030016,0,108,19370536,92,0,100,16,100,0,81,146771861,64,31651,100,0,100,16,100.0,0.0,100.0,0.0,100.0,0.0,100.0,0.0,100.0,0.0,78.0,22.0,100.0,0.0,100.0,4.0,86.0,29793.0,22,22,100,0,100,0,200,0,100.0,31446.0,100.0,23708038818.0,100.0,181802416367.0
2018-05-27,Z3025WCS,ST4000DM000,4000787030016,0,114,79201008,92,0,100,16,100,0,81,147412134,64,31678,100,0,100,16,100.0,0.0,100.0,0.0,100.0,0.0,100.0,0.0,100.0,0.0,77.0,23.0,100.0,0.0,100.0,4.0,86.0,29793.0,23,23,100,0,100,0,200,0,100.0,31473.0,100.0,23710012595.0,100.0,181839338292.0
2018-05-28,Z3025WCS,ST4000DM000,4000787030016,0,119,201545728,92,0,100,16,100,0,81,147847812,64,31702,100,0,100,16,100.0,0.0,100.0,0.0,100.0,0.0,100.0,0.0,100.0,0.0,78.0,22.0,100.0,0.0,100.0,4.0,86.0,29793.0,22,22,100,0,100,0,200,0,100.0,31497.0,100.0,23711231074.0,100.0,181873792459.0
2018-05-29,Z3025WCS,ST4000DM000,4000787030016,0,117,118810352,92,0,100,16,100,0,81,148302092,64,31726,100,0,100,16,100.0,0.0,100.0,0.0,100.0,0.0,100.0,0.0,100.0,0.0,78.0,22.0,100.0,0.0,100.0,4.0,86.0,29793.0,22,22,100,0,100,0,200,0,100.0,31521.0,100.0,23712542394.0,100.0,181908130875.0
2018-05-30,Z3025WCS,ST4000DM000,4000787030016,0,110,29186256,92,0,100,16,100,0,81,148755181,64,31750,100,0,100,16,100.0,0.0,100.0,0.0,100.0,0.0,100.0,0.0,100.0,0.0,78.0,22.0,100.0,0.0,100.0,4.0,86.0,29793.0,22,22,100,0,100,0,200,0,100.0,31545.0,100.0,23713822434.0,100.0,181941802804.0
2018-05-31,Z3025WCS,ST4000DM000,4000787030016,0,117,118804208,92,0,100,16,100,0,81,149178336,64,31773,100,0,100,16,100.0,0.0,100.0,0.0,100.0,0.0,100.0,0.0,100.0,0.0,76.0,24.0,100.0,0.0,100.0,4.0,86.0,29793.0,24,24,100,0,100,0,200,0,100.0,31568.0,100.0,23715011160.0,100.0,181975869911.0
2018-06-01,Z3025WCS,ST4000DM000,4000787030016,0,115,90150672,92,0,100,16,100,0,81,149661072,64,31797,100,0,100,16,100.0,0.0,100.0,0.0,100.0,0.0,100.0,0.0,100.0,0.0,76.0,24.0,100.0,0.0,100.0,4.0,86.0,29793.0,24,24,100,0,100,0,200,0,100.0,31592.0,100.0,23716644116.0,100.0,182006477373.0
2018-06-02,Z3025WCS,ST4000DM000,4000787030016,0,119,218696616,92,0,100,16,100,0,81,150104025,64,31821,100,0,100,16,100.0,0.0,100.0,0.0,100.0,0.0,100.0,0.0,100.0,0.0,78.0,22.0,100.0,0.0,100.0,4.0,86.0,29793.0,22,22,100,0,100,0,200,0,100.0,31616.0,100.0,23717911419.0,100.0,182040151911.0
2018-06-03,Z3025WCS,ST4000DM000,4000787030016,0,116,102530632,92,0,100,16,100,0,81,150547562,64,31845,100,0,100,16,100.0,0.0,100.0,0.0,100.0,0.0,100.0,0.0,100.0,0.0,77.0,23.0,100.0,0.0,100.0,4.0,86.0,29793.0,23,23,100,0,100,0,200,0,100.0,31640.0,100.0,23719174598.0,100.0,182074519720.0
2018-06-04,Z3025WCS,ST4000DM000,4000787030016,0,118,199039760,92,0,100,16,100,0,81,150975268,64,31869,100,0,100,16,100.0,0.0,100.0,0.0,100.0,0.0,100.0,0.0,100.0,0.0,78.0,22.0,100.0,0.0,100.0,4.0,86.0,29793.0,22,22,100,0,100,0,200,0,100.0,31664.0,100.0,23720382078.0,100.0,182107173325.0
2018-06-05,Z3025WCS,ST4000DM000,4000787030016,0,111,39811208,92,0,100,16,100,0,81,151395410,64,31893,100,0,100,16,100.0,0.0,100.0,0.0,100.0,0.0,100.0,0.0,100.0,0.0,77.0,23.0,100.0,0.0,100.0,4.0,86.0,29793.0,23,23,100,0,100,0,200,0,100.0,31688.0,100.0,23721587054.0,100.0,182141161066.0
2018-06-06,Z3025WCS,ST4000DM000,4000787030016,0,117,146913360,92,0,100,16,100,0,81,151824888,64,31917,100,0,100,16,100.0,0.0,100.0,0.0,100.0,0.0,100.0,0.0,100.0,0.0,77.0,23.0,100.0,0.0,100.0,4.0,86.0,29793.0,23,23,100,0,100,0,200,0,100.0,31712.0,100.0,23722799728.0,100.0,182177452359.0
2018-06-07,Z3025WCS,ST4000DM000,4000787030016,0,104,6541200,92,0,100,16,100,0,81,152259810,64,31941,100,0,100,16,100.0,0.0,100.0,0.0,100.0,0.0,100.0,0.0,100.0,0.0,77.0,23.0,100.0,0.0,100.0,4.0,86.0,29793.0,23,23,100,0,100,0,200,0,100.0,31736.0,100.0,23724052611.0,100.0,182211115591.0
2018-06-08,Z3025WCS,ST4000DM000,4000787030016,0,112,47368040,92,0,100,16,100,0,81,152783591,64,31969,100,0,100,16,100.0,0.0,100.0,0.0,100.0,0.0,100.0,0.0,100.0,0.0,77.0,23.0,100.0,0.0,100.0,4.0,86.0,29793.0,23,23,100,0,100,0,200,0,100.0,31764.0,100.0,23725571486.0,100.0,182249507926.0
2018-06-09,Z3025WCS,ST4000DM000,4000787030016,0,118,185600832,92,0,100,16,100,0,81,153226290,64,31992,100,0,100,16,100.0,0.0,100.0,0.0,100.0,0.0,100.0,0.0,100.0,0.0,77.0,23.0,100.0,0.0,100.0,4.0,86.0,29793.0,23,23,100,0,100,0,200,0,100.0,31788.0,100.0,23726819021.0,100.0,182282333287.0
2018-06-10,Z3025WCS,ST4000DM000,4000787030016,0,111,38139592,92,0,100,16,100,0,81,153653670,64,32016,100,0,100,16,100.0,0.0,100.0,0.0,100.0,0.0,100.0,0.0,100.0,0.0,77.0,23.0,100.0,0.0,100.0,4.0,86.0,29793.0,23,23,100,0,100,0,200,0,100.0,31811.0,100.0,23728036459.0,100.0,182315396995.0
2018-06-11,Z3025WCS,ST4000DM000,4000787030016,0,117,145422848,92,0,100,16,100,0,81,154087288,64,32040,100,0,100,16,100.0,0.0,100.0,0.0,100.0,0.0,100.0,0.0,100.0,0.0,76.0,24.0,100.0,0.0,100.0,4.0,86.0,29793.0,24,24,100,0,100,0,200,0,100.0,31835.0,100.0,23729279848.0,100.0,182347050924.0
2018-06-12,Z3025WCS,ST4000DM000,4000787030016,0,109,23053024,92,0,100,16,100,0,81,154531605,64,32065,100,0,100,16,100.0,0.0,100.0,0.0,100.0,0.0,100.0,0.0,100.0,0.0,77.0,23.0,100.0,0.0,100.0,4.0,86.0,29793.0,23,23,100,0,100,0,200,0,100.0,31860.0,100.0,23730548126.0,100.0,182377409397.0
2018-06-13,Z3025WCS,ST4000DM000,4000787030016,0,117,130548520,92,0,100,16,100,0,81,154968048,64,32088,100,0,100,16,100.0,0.0,100.0,0.0,100.0,0.0,100.0,0.0,100.0,0.0,77.0,23.0,100.0,0.0,100.0,4.0,86.0,29793.0,23,23,100,0,100,0,200,0,100.0,31884.0,100.0,23731863274.0,100.0,182412917981.0
2018-06-14,Z3025WCS,ST4000DM000,4000787030016,0,119,233737280,92,0,100,16,100,0,81,155397314,64,32112,100,0,100,16,100.0,0.0,100.0,0.0,100.0,0.0,100.0,0.0,100.0,0.0,77.0,23.0,100.0,0.0,100.0,4.0,86.0,29793.0,23,23,100,0,100,0,200,0,100.0,31907.0,100.0,23733125857.0,100.0,182442868684.0
2018-06-15,Z3025WCS,ST4000DM000,4000787030016,0,114.0,83339248.0,92.0,0.0,100.0,16.0,100.0,0.0,81.0,155824425.0,64.0,32131.0,100.0,0.0,100.0,16.0,100.0,0.0,100.0,0.0,100.0,0.0,100.0,0.0,100.0,0.0,76.0,24.0,100.0,0.0,100.0,4.0,86.0,29796.0,24.0,24.0,100.0,0.0,100.0,0.0,200.0,0.0,100.0,31927.0,100.0,23734447268.0,100.0,182464961618.0
2018-06-16,Z3025WCS,ST4000DM000,4000787030016,0,104.0,6710968.0,92.0,0.0,100.0,16.0,100.0,0.0,81.0,156315484.0,64.0,32156.0,100.0,0.0,100.0,16.0,100.0,0.0,100.0,0.0,100.0,0.0,100.0,0.0,100.0,0.0,76.0,24.0,100.0,0.0,100.0,4.0,86.0,29796.0,24.0,24.0,100.0,0.0,100.0,0.0,200.0,0.0,100.0,31951.0,100.0,23735819125.0,100.0,182496778914.0
2018-06-17,Z3025WCS,ST4000DM000,4000787030016,0,117.0,155190528.0,92.0,0.0,100.0,16.0,100.0,0.0,81.0,156797049.0,64.0,32180.0,100.0,0.0,100.0,16.0,100.0,0.0,100.0,0.0,100.0,0.0,100.0,0.0,100.0,0.0,77.0,23.0,100.0,0.0,100.0,4.0,86.0,29796.0,23.0,23.0,100.0,0.0,100.0,0.0,200.0,0.0,100.0,31975.0,100.0,23737130780.0,100.0,182531745575.0
2018-06-18,Z3025WCS,ST4000DM000,4000787030016,0,109.0,21031840.0,92.0,0.0,100.0,16.0,100.0,0.0,81.0,157260938.0,64.0,32203.0,100.0,0.0,100.0,16.0,100.0,0.0,100.0,0.0,100.0,0.0,100.0,0.0,100.0,0.0,76.0,24.0,100.0,0.0,100.0,4.0,86.0,29796.0,24.0,24.0,100.0,0.0,100.0,0.0,200.0,0.0,100.0,31999.0,100.0,23738408779.0,100.0,182568730588.0
2018-06-19,Z3025WCS,ST4000DM000,4000787030016,0,118,176280792,92,0,100,16,100,0,81,157747373,64,32228,100,0,100,16,100.0,0.0,100.0,0.0,100.0,0.0,100.0,0.0,100.0,0.0,76.0,24.0,100.0,0.0,100.0,4.0,86.0,29796.0,24,24,100,0,100,0,200,0,100.0,32023.0,100.0,23739738660.0,100.0,182605543550.0
2018-06-20,Z3025WCS,ST4000DM000,4000787030016,0,113,52325504,92,0,100,16,100,0,81,158215814,64,32252,100,0,100,16,100.0,0.0,100.0,0.0,100.0,0.0,100.0,0.0,100.0,0.0,76.0,24.0,100.0,0.0,100.0,4.0,86.0,29796.0,24,24,100,0,100,0,200,0,100.0,32047.0,100.0,23741029035.0,100.0,182636572032.0
2018-06-21,Z3025WCS,ST4000DM000,4000787030016,0,118,170257984,92,0,100,16,100,0,81,158685324,64,32275,100,0,100,16,100.0,0.0,100.0,0.0,100.0,0.0,100.0,0.0,100.0,0.0,76.0,24.0,100.0,0.0,100.0,4.0,86.0,29796.0,24,24,100,0,100,0,200,0,100.0,32071.0,100.0,23742350358.0,100.0,182669526761.0
2018-06-22,Z3025WCS,ST4000DM000,4000787030016,0,110,28314000,92,0,100,16,100,0,81,159147088,64,32299,100,0,100,16,100.0,0.0,100.0,0.0,100.0,0.0,100.0,0.0,100.0,0.0,75.0,25.0,100.0,0.0,100.0,4.0,86.0,29796.0,25,25,100,0,100,0,200,0,100.0,32094.0,100.0,23743596010.0,100.0,182699350387.0
2018-06-23,Z3025WCS,ST4000DM000,4000787030016,0,117,140497520,92,0,100,16,100,0,81,159618892,64,32324,100,0,100,16,100.0,0.0,100.0,0.0,100.0,0.0,100.0,0.0,100.0,0.0,76.0,24.0,100.0,0.0,100.0,4.0,86.0,29796.0,24,24,100,0,100,0,200,0,100.0,32119.0,100.0,23744882858.0,100.0,182733697924.0
2018-06-24,Z3025WCS,ST4000DM000,4000787030016,0,108,19560000,92,0,100,16,100,0,81,160086462,64,32348,100,0,100,16,100.0,0.0,100.0,0.0,100.0,0.0,100.0,0.0,100.0,0.0,76.0,24.0,100.0,0.0,100.0,4.0,86.0,29796.0,24,24,100,0,100,0,200,0,100.0,32143.0,100.0,23746166702.0,100.0,182766261069.0
2018-06-25,Z3025WCS,ST4000DM000,4000787030016,0,117,145897192,92,0,100,16,100,0,81,160556882,64,32371,100,0,100,16,100.0,0.0,100.0,0.0,100.0,0.0,100.0,0.0,100.0,0.0,76.0,24.0,100.0,0.0,100.0,4.0,86.0,29796.0,24,24,100,0,100,0,200,0,100.0,32166.0,100.0,23748110707.0,100.0,182800727550.0
2018-06-26,Z3025WCS,ST4000DM000,4000787030016,0,107,13838392,92,0,100,16,100,0,81,161029033,64,32396,100,0,100,16,100.0,0.0,100.0,0.0,100.0,0.0,100.0,0.0,100.0,0.0,76.0,24.0,100.0,0.0,100.0,4.0,86.0,29796.0,24,24,100,0,100,0,200,0,100.0,32191.0,100.0,23749407894.0,100.0,182830580896.0
2018-06-27,Z3025WCS,ST4000DM000,4000787030016,0,116,104513064,92,0,100,16,100,0,81,161488276,63,32420,100,0,100,16,100.0,0.0,100.0,0.0,100.0,0.0,100.0,0.0,100.0,0.0,76.0,24.0,100.0,0.0,100.0,4.0,86.0,29796.0,24,24,100,0,100,0,200,0,100.0,32215.0,100.0,23750673472.0,100.0,182863949067.0
2018-06-28,Z3025WCS,ST4000DM000,4000787030016,0,105,8301032,92,0,100,16,100,0,81,161973596,63,32443,100,0,100,16,100.0,0.0,100.0,0.0,100.0,0.0,100.0,0.0,100.0,0.0,76.0,24.0,100.0,0.0,100.0,4.0,86.0,29796.0,24,24,100,0,100,0,200,0,100.0,32239.0,100.0,23752475560.0,100.0,182897385992.0
2018-06-29,Z3025WCS,ST4000DM000,4000787030016,0,110,27896648,92,0,100,16,100,0,81,162164416,63,32465,100,0,100,16,100.0,0.0,100.0,0.0,100.0,0.0,100.0,0.0,100.0,0.0,76.0,24.0,100.0,0.0,100.0,4.0,86.0,29805.0,24,24,100,0,100,0,200,0,100.0,32260.0,100.0,23752998215.0,100.0,182908886447.0
2018-06-30,Z3025WCS,ST4000DM000,4000787030016,0,119,220275200,92,0,100,18,100,0,81,162300124,63,32496,100,0,100,18,100.0,0.0,100.0,0.0,100.0,0.0,100.0,0.0,100.0,0.0,77.0,23.0,100.0,0.0,100.0,4.0,85.0,30597.0,23,23,100,0,100,0,200,0,100.0,32285.0,100.0,23753374047.0,100.0,182931226679.0
2018-07-01,Z3025WCS,ST4000DM000,4000787030016,0,119,226448768,92,0,100,18,100,0,81,162428176,63,32519,100,0,100,18,100.0,0.0,100.0,0.0,100.0,0.0,100.0,0.0,100.0,0.0,77.0,23.0,100.0,0.0,100.0,4.0,85.0,31555.0,23,23,100,0,100,0,200,0,100.0,32301.0,100.0,23753723983.0,100.0,182967913622.0
2018-07-02,Z3025WCS,ST4000DM000,4000787030016,0,117,136811304,92,0,100,18,100,0,81,162923879,63,32544,100,0,100,18,100.0,0.0,100.0,0.0,100.0,0.0,100.0,0.0,100.0,0.0,77.0,23.0,100.0,0.0,100.0,4.0,85.0,31555.0,23,23,100,0,100,0,200,0,100.0,32326.0,100.0,23755119179.0,100.0,183009532270.0
2018-07-03,Z3025WCS,ST4000DM000,4000787030016,0,103,5337984,92,0,100,18,100,0,81,163396024,63,32568,100,0,100,18,100.0,0.0,100.0,0.0,100.0,0.0,100.0,0.0,100.0,0.0,77.0,23.0,100.0,0.0,100.0,4.0,85.0,31555.0,23,23,100,0,100,0,200,0,100.0,32350.0,100.0,23756391634.0,100.0,183044594315.0
2018-07-04,Z3025WCS,ST4000DM000,4000787030016,0,115,98813720,92,0,100,18,100,0,81,163859918,63,32591,100,0,100,18,100.0,0.0,100.0,0.0,100.0,0.0,100.0,0.0,100.0,0.0,77.0,23.0,100.0,0.0,100.0,4.0,85.0,31555.0,23,23,100,0,100,0,200,0,100.0,32374.0,100.0,23757683556.0,100.0,183080117624.0
2018-07-05,Z3025WCS,ST4000DM000,4000787030016,0,120,1042592,92,0,100,18,100,0,81,164350195,63,32616,100,0,100,18,100.0,0.0,100.0,0.0,100.0,0.0,100.0,0.0,100.0,0.0,77.0,23.0,100.0,0.0,100.0,4.0,85.0,31555.0,23,23,100,0,100,0,200,0,100.0,32398.0,100.0,23759125472.0,100.0,183118529482.0
2018-07-06,Z3025WCS,ST4000DM000,4000787030016,0,116,101278392,92,0,100,18,100,0,81,164815238,63,32640,100,0,100,18,100.0,0.0,100.0,0.0,100.0,0.0,100.0,0.0,100.0,0.0,76.0,24.0,100.0,0.0,100.0,4.0,85.0,31555.0,24,24,100,0,100,0,200,0,100.0,32422.0,100.0,23760566701.0,100.0,183154504540.0
2018-07-07,Z3025WCS,ST4000DM000,4000787030016,0,118,173063520,92,0,100,18,100,0,81,165266830,63,32663,100,0,100,18,100.0,0.0,100.0,0.0,100.0,0.0,100.0,0.0,100.0,0.0,76.0,24.0,100.0,0.0,100.0,4.0,85.0,31555.0,24,24,100,0,100,0,200,0,100.0,32446.0,100.0,23761775790.0,100.0,183186634433.0
2018-07-08,Z3025WCS,ST4000DM000,4000787030016,0,111,34153824,92,0,100,18,100,0,81,165736220,63,32687,100,0,100,18,100.0,0.0,100.0,0.0,100.0,0.0,100.0,0.0,100.0,0.0,76.0,24.0,100.0,0.0,100.0,4.0,85.0,31555.0,24,24,100,0,100,0,200,0,100.0,32469.0,100.0,23763060342.0,100.0,183221573260.0
2018-07-09,Z3025WCS,ST4000DM000,4000787030016,0,117,163752832,92,0,100,18,100,0,81,166217117,63,32712,100,0,100,18,100.0,0.0,100.0,0.0,100.0,0.0,100.0,0.0,100.0,0.0,76.0,24.0,100.0,0.0,100.0,4.0,85.0,31555.0,24,24,100,0,100,0,200,0,100.0,32494.0,100.0,23764358442.0,100.0,183259208149.0
2018-07-10,Z3025WCS,ST4000DM000,4000787030016,0,109.0,22378776.0,92.0,0.0,100.0,18.0,100.0,0.0,81.0,166684600.0,63.0,32736.0,100.0,0.0,100.0,18.0,100.0,0.0,100.0,0.0,100.0,0.0,100.0,0.0,100.0,0.0,76.0,24.0,100.0,0.0,100.0,4.0,85.0,31555.0,24.0,24.0,100.0,0.0,100.0,0.0,200.0,0.0,100.0,32518.0,100.0,23765723176.0,100.0,183295742939.0
2018-07-11,Z3025WCS,ST4000DM000,4000787030016,0,117,119771304,92,0,100,18,100,0,81,167151679,63,32759,100,0,100,18,100.0,0.0,100.0,0.0,100.0,0.0,100.0,0.0,100.0,0.0,76.0,24.0,100.0,0.0,100.0,4.0,85.0,31555.0,24,24,100,0,100,0,200,0,100.0,32541.0,100.0,23767021300.0,100.0,183331948655.0
2018-07-12,Z3025WCS,ST4000DM000,4000787030016,0,108,16067904,92,0,100,18,100,0,81,167642499,63,32784,100,0,100,18,100.0,0.0,100.0,0.0,100.0,0.0,100.0,0.0,100.0,0.0,77.0,23.0,100.0,0.0,100.0,4.0,85.0,31555.0,23,23,100,0,100,0,200,0,100.0,32566.0,100.0,23768364009.0,100.0,183367362344.0
2018-07-13,Z3025WCS,ST4000DM000,4000787030016,0,110,28904160,92,0,100,18,100,0,82,168062445,63,32805,100,0,100,18,100.0,0.0,100.0,0.0,100.0,0.0,100.0,0.0,100.0,0.0,77.0,23.0,100.0,0.0,100.0,4.0,85.0,31555.0,23,23,100,0,100,0,200,0,100.0,32587.0,100.0,23769525437.0,100.0,183398046441.0
2018-07-14,Z3025WCS,ST4000DM000,4000787030016,0,117,120258384,92,0,100,18,100,0,82,168524316,63,32829,100,0,100,18,100.0,0.0,100.0,0.0,100.0,0.0,100.0,0.0,100.0,0.0,77.0,23.0,100.0,0.0,100.0,4.0,85.0,31555.0,23,23,100,0,100,0,200,0,100.0,32611.0,100.0,23770786037.0,100.0,183433865291.0
2018-07-15,Z3025WCS,ST4000DM000,4000787030016,0,109,21410936,92,0,100,18,100,0,82,169014115,63,32853,100,0,100,18,100.0,0.0,100.0,0.0,100.0,0.0,100.0,0.0,100.0,0.0,78.0,22.0,100.0,0.0,100.0,4.0,85.0,31555.0,22,22,100,0,100,0,200,0,100.0,32636.0,100.0,23772131286.0,100.0,183469110349.0
2018-07-16,Z3025WCS,ST4000DM000,4000787030016,0,117,129573072,92,0,100,18,100,0,82,169486524,63,32877,100,0,100,18,100.0,0.0,100.0,0.0,100.0,0.0,100.0,0.0,100.0,0.0,77.0,23.0,100.0,0.0,100.0,4.0,85.0,31555.0,23,23,100,0,100,0,200,0,100.0,32659.0,100.0,23773445162.0,100.0,183505687027.0
2018-07-17,Z3025WCS,ST4000DM000,4000787030016,0,120,239009296,92,0,100,18,100,0,82,169958482,63,32901,100,0,100,18,100.0,0.0,100.0,0.0,100.0,0.0,100.0,0.0,100.0,0.0,79.0,21.0,100.0,0.0,100.0,4.0,85.0,31555.0,21,21,100,0,100,0,200,0,100.0,32683.0,100.0,23774735340.0,100.0,183540239988.0
2018-07-18,Z3025WCS,ST4000DM000,4000787030016,0,117,117973592,92,0,100,18,100,0,82,170434249,63,32926,100,0,100,18,100.0,0.0,100.0,0.0,100.0,0.0,100.0,0.0,100.0,0.0,77.0,23.0,100.0,0.0,100.0,4.0,85.0,31555.0,23,23,100,0,100,0,200,0,100.0,32708.0,100.0,23776053677.0,100.0,183580713555.0
2018-07-19,Z3025WCS,ST4000DM000,4000787030016,0,119,210362928,92,0,100,18,100,0,82,170899818,63,32949,100,0,100,18,100.0,0.0,100.0,0.0,100.0,0.0,100.0,0.0,100.0,0.0,78.0,22.0,100.0,0.0,100.0,4.0,85.0,31555.0,22,22,100,0,100,0,200,0,100.0,32731.0,100.0,23777342442.0,100.0,183612986498.0
2018-07-20,Z3025WCS,ST4000DM000,4000787030016,0,113,56170112,92,0,100,18,100,0,82,171361567,63,32973,100,0,100,18,100.0,0.0,100.0,0.0,100.0,0.0,100.0,0.0,100.0,0.0,78.0,22.0,100.0,0.0,100.0,4.0,85.0,31555.0,22,22,100,0,100,0,200,0,100.0,32755.0,100.0,23778581559.0,100.0,183647502552.0
2018-07-21,Z3025WCS,ST4000DM000,4000787030016,0,118,176148144,92,0,100,18,100,0,82,171841656,63,32998,100,0,100,18,100.0,0.0,100.0,0.0,100.0,0.0,100.0,0.0,100.0,0.0,77.0,23.0,100.0,0.0,100.0,4.0,85.0,31555.0,23,23,100,0,100,0,200,0,100.0,32780.0,100.0,23779924595.0,100.0,183681431501.0
2018-07-22,Z3025WCS,ST4000DM000,4000787030016,0,108,18963864,92,0,100,18,100,0,82,172301165,63,33021,100,0,100,18,100.0,0.0,100.0,0.0,100.0,0.0,100.0,0.0,100.0,0.0,78.0,22.0,100.0,0.0,100.0,4.0,85.0,31555.0,22,22,100,0,100,0,200,0,100.0,32803.0,100.0,23781176833.0,100.0,183715493916.0
2018-07-23,Z3025WCS,ST4000DM000,4000787030016,0,117,147813760,92,0,100,18,100,0,82,172778208,63,33045,100,0,100,18,100.0,0.0,100.0,0.0,100.0,0.0,100.0,0.0,100.0,0.0,78.0,22.0,100.0,0.0,100.0,4.0,85.0,31555.0,22,22,100,0,100,0,200,0,100.0,32827.0,100.0,23782482554.0,100.0,183751510877.0
2018-07-24,Z3025WCS,ST4000DM000,4000787030016,0,120,241781872,92,0,100,18,100,0,82,173243873,63,33070,100,0,100,18,100.0,0.0,100.0,0.0,100.0,0.0,100.0,0.0,100.0,0.0,79.0,21.0,100.0,0.0,100.0,4.0,85.0,31555.0,21,21,100,0,100,0,200,0,100.0,32852.0,100.0,23783783722.0,100.0,183786577709.0
2018-07-25,Z3025WCS,ST4000DM000,4000787030016,0,117.0,131618040.0,92.0,0.0,100.0,18.0,100.0,0.0,82.0,173725054.0,63.0,33093.0,100.0,0.0,100.0,18.0,100.0,0.0,100.0,0.0,100.0,0.0,100.0,0.0,100.0,0.0,78.0,22.0,100.0,0.0,100.0,4.0,85.0,31555.0,22.0,22.0,100.0,0.0,100.0,0.0,200.0,0.0,100.0,32876.0,100.0,23785228792.0,100.0,183825002329.0
2018-07-26,Z3025WCS,ST4000DM000,4000787030016,0,119,208087528,92,0,100,18,100,0,82,174181604,63,33117,100,0,100,18,100.0,0.0,100.0,0.0,100.0,0.0,100.0,0.0,100.0,0.0,79.0,21.0,100.0,0.0,100.0,4.0,85.0,31555.0,21,21,100,0,100,0,200,0,100.0,32899.0,100.0,23786484155.0,100.0,183859285145.0
2018-07-27,Z3025WCS,ST4000DM000,4000787030016,0,111,39683576,92,0,100,18,100,0,82,174638517,63,33141,100,0,100,18,100.0,0.0,100.0,0.0,100.0,0.0,100.0,0.0,100.0,0.0,79.0,21.0,100.0,0.0,100.0,4.0,85.0,31555.0,21,21,100,0,100,0,200,0,100.0,32923.0,100.0,23787743411.0,100.0,183892652798.0
2018-07-28,Z3025WCS,ST4000DM000,4000787030016,0,118,194653496,92,0,100,18,100,0,82,175123248,63,33165,100,0,100,18,100.0,0.0,100.0,0.0,100.0,0.0,100.0,0.0,100.0,0.0,78.0,22.0,100.0,0.0,100.0,4.0,85.0,31555.0,22,22,100,0,100,0,200,0,100.0,32947.0,100.0,23789062365.0,100.0,183930240235.0
2018-07-29,Z3025WCS,ST4000DM000,4000787030016,0,114,77102320,92,0,100,18,100,0,82,175602670,63,33190,100,0,100,18,100.0,0.0,100.0,0.0,100.0,0.0,100.0,0.0,100.0,0.0,79.0,21.0,100.0,0.0,100.0,4.0,85.0,31555.0,21,21,100,0,100,0,200,0,100.0,32972.0,100.0,23790369312.0,100.0,183964433641.0
2018-07-30,Z3025WCS,ST4000DM000,4000787030016,0,118,174320760,92,0,100,18,100,0,82,176070744,63,33213,100,0,100,18,100.0,0.0,100.0,0.0,100.0,0.0,100.0,0.0,100.0,0.0,77.0,23.0,100.0,0.0,100.0,4.0,85.0,31555.0,23,23,100,0,100,0,200,0,100.0,32995.0,100.0,23791683792.0,100.0,183998158126.0
2018-07-31,Z3025WCS,ST4000DM000,4000787030016,0,113,56031384,92,0,100,18,100,0,82,176549351,63,33237,100,0,100,18,100.0,0.0,100.0,0.0,100.0,0.0,100.0,0.0,100.0,0.0,79.0,21.0,100.0,0.0,100.0,4.0,85.0,31555.0,21,21,100,0,100,0,200,0,100.0,33019.0,100.0,23792986276.0,100.0,184034737973.0
2018-08-01,Z3025WCS,ST4000DM000,4000787030016,0,118,170597528,92,0,100,18,100,0,82,177020144,63,33262,100,0,100,18,100.0,0.0,100.0,0.0,100.0,0.0,100.0,0.0,100.0,0.0,78.0,22.0,100.0,0.0,100.0,4.0,85.0,31555.0,22,22,100,0,100,0,200,0,100.0,33044.0,100.0,23794617535.0,100.0,184072952207.0
2018-08-02,Z3025WCS,ST4000DM000,4000787030016,0,116,106237120,92,0,100,18,100,0,82,177515932,63,33285,100,0,100,18,100.0,0.0,100.0,0.0,100.0,0.0,100.0,0.0,100.0,0.0,78.0,22.0,100.0,0.0,100.0,4.0,85.0,31555.0,22,22,100,0,100,0,200,0,100.0,33068.0,100.0,23796069420.0,100.0,184110272678.0
2018-08-03,Z3025WCS,ST4000DM000,4000787030016,0,119,227414680,92,0,100,18,100,0,82,177980849,62,33309,100,0,100,18,100.0,0.0,100.0,0.0,100.0,0.0,100.0,0.0,100.0,0.0,78.0,22.0,100.0,0.0,100.0,4.0,85.0,31555.0,22,22,100,0,100,0,200,0,100.0,33091.0,100.0,23797311509.0,100.0,184147775397.0
2018-08-04,Z3025WCS,ST4000DM000,4000787030016,0,117,153322664,92,0,100,18,100,0,82,178471186,62,33333,100,0,100,18,100.0,0.0,100.0,0.0,100.0,0.0,100.0,0.0,100.0,0.0,78.0,22.0,100.0,0.0,100.0,4.0,85.0,31555.0,22,22,100,0,100,0,200,0,100.0,33115.0,100.0,23798631465.0,100.0,184188456021.0
2018-08-05,Z3025WCS,ST4000DM000,4000787030016,0,109,21929088,92,0,100,18,100,0,82,178943721,62,33357,100,0,100,18,100.0,0.0,100.0,0.0,100.0,0.0,100.0,0.0,100.0,0.0,78.0,22.0,100.0,0.0,100.0,4.0,85.0,31555.0,22,22,100,0,100,0,200,0,100.0,33140.0,100.0,23799983656.0,100.0,184225159637.0
2018-08-06,Z3025WCS,ST4000DM000,4000787030016,0,117,148777712,92,0,100,18,100,0,82,179419605,62,33381,100,0,100,18,100.0,0.0,100.0,0.0,100.0,0.0,100.0,0.0,100.0,0.0,78.0,22.0,100.0,0.0,100.0,4.0,85.0,31555.0,22,22,100,0,100,0,200,0,100.0,33163.0,100.0,23801291120.0,100.0,184259095271.0
2018-08-07,Z3025WCS,ST4000DM000,4000787030016,0,120,236778680,92,0,100,18,100,0,82,179879526,62,33405,100,0,100,18,100.0,0.0,100.0,0.0,100.0,0.0,100.0,0.0,100.0,0.0,78.0,22.0,100.0,0.0,100.0,4.0,85.0,31555.0,22,22,100,0,100,0,200,0,100.0,33187.0,100.0,23802541017.0,100.0,184295692562.0
2018-08-08,Z3025WCS,ST4000DM000,4000787030016,0,116,109320008,92,0,100,18,100,0,82,180357448,62,33430,100,0,100,18,100.0,0.0,100.0,0.0,100.0,0.0,100.0,0.0,100.0,0.0,78.0,22.0,100.0,0.0,100.0,4.0,85.0,31555.0,22,22,100,0,100,0,200,0,100.0,33212.0,100.0,23804251443.0,100.0,184330240976.0
2018-08-09,Z3025WCS,ST4000DM000,4000787030016,0,119,219776000,92,0,100,18,100,0,82,180827921,62,33453,100,0,100,18,100.0,0.0,100.0,0.0,100.0,0.0,100.0,0.0,100.0,0.0,79.0,21.0,100.0,0.0,100.0,4.0,85.0,31555.0,21,21,100,0,100,0,200,0,100.0,33235.0,100.0,23805660798.0,100.0,184365588213.0
2018-08-10,Z3025WCS,ST4000DM000,4000787030016,0,116,108129688,92,0,100,18,100,0,82,181306904,62,33477,100,0,100,18,100.0,0.0,100.0,0.0,100.0,0.0,100.0,0.0,100.0,0.0,78.0,22.0,100.0,0.0,100.0,4.0,85.0,31555.0,22,22,100,0,100,0,200,0,100.0,33259.0,100.0,23807020929.0,100.0,184399905137.0
2018-08-11,Z3025WCS,ST4000DM000,4000787030016,0,112,47151344,92,0,100,18,100,0,82,181805669,62,33501,100,0,100,18,100.0,0.0,100.0,0.0,100.0,0.0,100.0,0.0,100.0,0.0,78.0,22.0,100.0,0.0,100.0,4.0,85.0,31555.0,22,22,100,0,100,0,200,0,100.0,33283.0,100.0,23808376262.0,100.0,184437265543.0
2018-08-12,Z3025WCS,ST4000DM000,4000787030016,0,118,186231056,92,0,100,18,100,0,82,182285484,62,33525,100,0,100,18,100.0,0.0,100.0,0.0,100.0,0.0,100.0,0.0,100.0,0.0,78.0,22.0,100.0,0.0,100.0,4.0,85.0,31555.0,22,22,100,0,100,0,200,0,100.0,33307.0,100.0,23809906347.0,100.0,184474598965.0
2018-08-13,Z3025WCS,ST4000DM000,4000787030016,0,111,40842424,92,0,100,18,100,0,82,182747879,62,33549,100,0,100,18,100.0,0.0,100.0,0.0,100.0,0.0,100.0,0.0,100.0,0.0,79.0,21.0,100.0,0.0,100.0,4.0,85.0,31555.0,21,21,100,0,100,0,200,0,100.0,33331.0,100.0,23811264482.0,100.0,184510892555.0
2018-08-14,Z3025WCS,ST4000DM000,4000787030016,0,119.0,206892160.0,92.0,0.0,100.0,18.0,100.0,0.0,82.0,183243430.0,62.0,33573.0,100.0,0.0,100.0,18.0,100.0,0.0,100.0,0.0,100.0,0.0,100.0,0.0,100.0,0.0,78.0,22.0,100.0,0.0,100.0,4.0,85.0,31555.0,22.0,22.0,100.0,0.0,100.0,0.0,200.0,0.0,100.0,33355.0,100.0,23812630233.0,100.0,184548704600.0
2018-08-15,Z3025WCS,ST4000DM000,4000787030016,0,111.0,33773840.0,92.0,0.0,100.0,18.0,100.0,0.0,82.0,183693989.0,62.0,33597.0,100.0,0.0,100.0,18.0,100.0,0.0,100.0,0.0,100.0,0.0,100.0,0.0,100.0,0.0,78.0,22.0,100.0,0.0,100.0,4.0,85.0,31555.0,22.0,22.0,100.0,0.0,100.0,0.0,200.0,0.0,100.0,33379.0,100.0,23813868015.0,100.0,184585473702.0
2018-08-16,Z3025WCS,ST4000DM000,4000787030016,0,120,238030136,92,0,100,18,100,0,82,184337057,62,33625,100,0,100,18,100.0,0.0,100.0,0.0,100.0,0.0,100.0,0.0,100.0,0.0,77.0,23.0,100.0,0.0,100.0,4.0,85.0,31555.0,23,23,100,0,100,0,200,0,100.0,33407.0,100.0,23815768899.0,100.0,184626254224.0
2018-08-17,Z3025WCS,ST4000DM000,4000787030016,0,118,168365968,92,0,100,18,100,0,82,184831161,62,33650,100,0,100,18,100.0,0.0,100.0,0.0,100.0,0.0,100.0,0.0,100.0,0.0,78.0,22.0,100.0,0.0,100.0,4.0,85.0,31555.0,22,22,100,0,100,0,200,0,100.0,33432.0,100.0,23817431208.0,100.0,184665855135.0
2018-08-18,Z3025WCS,ST4000DM000,4000787030016,0,107,13777376,92,0,100,18,100,0,82,185288702,62,33674,100,0,100,18,100.0,0.0,100.0,0.0,100.0,0.0,100.0,0.0,100.0,0.0,77.0,23.0,100.0,0.0,100.0,4.0,85.0,31555.0,23,23,100,0,100,0,200,0,100.0,33456.0,100.0,23818699247.0,100.0,184703180022.0
2018-08-19,Z3025WCS,ST4000DM000,4000787030016,0,117,126850784,92,0,100,18,100,0,82,185754390,62,33697,100,0,100,18,100.0,0.0,100.0,0.0,100.0,0.0,100.0,0.0,100.0,0.0,77.0,23.0,100.0,0.0,100.0,4.0,85.0,31555.0,23,23,100,0,100,0,200,0,100.0,33480.0,100.0,23819954233.0,100.0,184738732415.0
2018-08-20,Z3025WCS,ST4000DM000,4000787030016,0,119,212652496,92,0,100,18,100,0,82,186213124,62,33721,100,0,100,18,100.0,0.0,100.0,0.0,100.0,0.0,100.0,0.0,100.0,0.0,77.0,23.0,100.0,0.0,100.0,4.0,85.0,31555.0,23,23,100,0,100,0,200,0,100.0,33503.0,100.0,23821441031.0,100.0,184773295109.0
2018-08-21,Z3025WCS,ST4000DM000,4000787030016,0,115,98930744,92,0,100,18,100,0,82,186696055,62,33746,100,0,100,18,100.0,0.0,100.0,0.0,100.0,0.0,100.0,0.0,100.0,0.0,77.0,23.0,100.0,0.0,100.0,4.0,85.0,31555.0,23,23,100,0,100,0,200,0,100.0,33528.0,100.0,23822787063.0,100.0,184808622050.0
2018-08-22,Z3025WCS,ST4000DM000,4000787030016,0,119,211173248,92,0,100,18,100,0,82,187168701,62,33770,100,0,100,18,100.0,0.0,100.0,0.0,100.0,0.0,100.0,0.0,100.0,0.0,78.0,22.0,100.0,0.0,100.0,4.0,85.0,31555.0,22,22,100,0,100,0,200,0,100.0,33552.0,100.0,23824095723.0,100.0,184839624368.0
2018-08-23,Z3025WCS,ST4000DM000,4000787030016,0,111,35073096,92,0,100,18,100,0,82,187619467,62,33793,100,0,100,18,100.0,0.0,100.0,0.0,100.0,0.0,100.0,0.0,100.0,0.0,77.0,23.0,100.0,0.0,100.0,4.0,85.0,31555.0,23,23,100,0,100,0,200,0,100.0,33575.0,100.0,23825333005.0,100.0,184873708109.0
2018-08-24,Z3025WCS,ST4000DM000,4000787030016,0,117,148020192,92,0,100,18,100,0,82,188099647,62,33818,100,0,100,18,100.0,0.0,100.0,0.0,100.0,0.0,100.0,0.0,100.0,0.0,77.0,23.0,100.0,0.0,100.0,4.0,85.0,31559.0,23,23,100,0,100,0,200,0,100.0,33600.0,100.0,23826626108.0,100.0,184909830741.0
2018-08-25,Z3025WCS,ST4000DM000,4000787030016,0,108,15811384,92,0,100,18,100,0,82,188568601,62,33842,100,0,100,18,100.0,0.0,100.0,0.0,100.0,0.0,100.0,0.0,100.0,0.0,77.0,23.0,100.0,0.0,100.0,4.0,85.0,31559.0,23,23,100,0,100,0,200,0,100.0,33624.0,100.0,23827907811.0,100.0,184942482469.0
2018-08-26,Z3025WCS,ST4000DM000,4000787030016,0,117,147430088,92,0,100,18,100,0,82,189040316,62,33865,100,0,100,18,100.0,0.0,100.0,0.0,100.0,0.0,100.0,0.0,100.0,0.0,77.0,23.0,100.0,0.0,100.0,4.0,85.0,31559.0,23,23,100,0,100,0,200,0,100.0,33647.0,100.0,23829183549.0,100.0,184982334072.0
2018-08-27,Z3025WCS,ST4000DM000,4000787030016,0,113,58135664,92,0,100,18,100,0,82,189525726,62,33890,100,0,100,18,100.0,0.0,100.0,0.0,100.0,0.0,100.0,0.0,100.0,0.0,77.0,23.0,100.0,0.0,100.0,4.0,85.0,31559.0,23,23,100,0,100,0,200,0,100.0,33672.0,100.0,23830494617.0,100.0,185022893243.0
2018-08-28,Z3025WCS,ST4000DM000,4000787030016,0,117,146669560,92,0,100,18,100,0,82,189991487,62,33914,100,0,100,18,100.0,0.0,100.0,0.0,100.0,0.0,100.0,0.0,100.0,0.0,77.0,23.0,100.0,0.0,100.0,4.0,85.0,31559.0,23,23,100,0,100,0,200,0,100.0,33696.0,100.0,23831794323.0,100.0,185056836092.0
2018-08-29,Z3025WCS,ST4000DM000,4000787030016,0,108,15419328,92,0,100,18,100,0,82,190456736,62,33937,100,0,100,18,100.0,0.0,100.0,0.0,100.0,0.0,100.0,0.0,100.0,0.0,77.0,23.0,100.0,0.0,100.0,4.0,85.0,31559.0,23,23,100,0,100,0,200,0,100.0,33720.0,100.0,23833056412.0,100.0,185093349934.0
2018-08-30,Z3025WCS,ST4000DM000,4000787030016,0,117,140735104,92,0,100,18,100,0,82,190929829,62,33960,100,0,100,18,100.0,0.0,100.0,0.0,100.0,0.0,100.0,0.0,100.0,0.0,77.0,23.0,100.0,0.0,100.0,4.0,85.0,31559.0,23,23,100,0,100,0,200,0,100.0,33742.0,100.0,23834422411.0,100.0,185124021698.0
2018-08-31,Z3025WCS,ST4000DM000,4000787030016,0,111,39383752,92,0,100,18,100,0,82,191401675,62,33984,100,0,100,18,100.0,0.0,100.0,0.0,100.0,0.0,100.0,0.0,100.0,0.0,77.0,23.0,100.0,0.0,100.0,4.0,85.0,31559.0,23,23,100,0,100,0,200,0,100.0,33766.0,100.0,23835725217.0,100.0,185159277943.0
2018-09-01,Z3025WCS,ST4000DM000,4000787030016,0,118,190046976,92,0,100,18,100,0,82,191887005,62,34007,100,0,100,18,100.0,0.0,100.0,0.0,100.0,0.0,100.0,0.0,100.0,0.0,77.0,23.0,100.0,0.0,100.0,4.0,85.0,31559.0,23,23,100,0,100,0,200,0,100.0,33789.0,100.0,23837036777.0,100.0,185195986743.0
2018-09-02,Z3025WCS,ST4000DM000,4000787030016,0,111,33352240,92,0,100,18,100,0,82,192342791,62,34031,100,0,100,18,100.0,0.0,100.0,0.0,100.0,0.0,100.0,0.0,100.0,0.0,78.0,22.0,100.0,0.0,100.0,4.0,85.0,31559.0,22,22,100,0,100,0,200,0,100.0,33813.0,100.0,23838275821.0,100.0,185231063207.0
2018-09-03,Z3025WCS,ST4000DM000,4000787030016,0,118,172136568,92,0,100,18,100,0,82,192831418,62,34056,100,0,100,18,100.0,0.0,100.0,0.0,100.0,0.0,100.0,0.0,100.0,0.0,78.0,22.0,100.0,0.0,100.0,4.0,85.0,31559.0,22,22,100,0,100,0,200,0,100.0,33838.0,100.0,23840297749.0,100.0,185267061612.0
2018-09-04,Z3025WCS,ST4000DM000,4000787030016,0,113,57751744,92,0,100,18,100,0,82,193307382,62,34079,100,0,100,18,100.0,0.0,100.0,0.0,100.0,0.0,100.0,0.0,100.0,0.0,78.0,22.0,100.0,0.0,100.0,4.0,85.0,31559.0,22,22,100,0,100,0,200,0,100.0,33861.0,100.0,23841591019.0,100.0,185301779377.0
2018-09-05,Z3025WCS,ST4000DM000,4000787030016,0,117,132013000,92,0,100,18,100,0,82,193759153,62,34103,100,0,100,18,100.0,0.0,100.0,0.0,100.0,0.0,100.0,0.0,100.0,0.0,78.0,22.0,100.0,0.0,100.0,4.0,85.0,31559.0,22,22,100,0,100,0,200,0,100.0,33885.0,100.0,23843139642.0,100.0,185338638309.0
2018-09-06,Z3025WCS,ST4000DM000,4000787030016,0,117,121734384,92,0,100,18,100,0,82,194283493,62,34128,100,0,100,18,100.0,0.0,100.0,0.0,100.0,0.0,100.0,0.0,100.0,0.0,78.0,22.0,100.0,0.0,100.0,4.0,85.0,31559.0,22,22,100,0,100,0,200,0,100.0,33911.0,100.0,23844610116.0,100.0,185383170529.0
2018-09-07,Z3025WCS,ST4000DM000,4000787030016,0,112,42092328,92,0,100,18,100,0,82,194776255,62,34151,100,0,100,18,100.0,0.0,100.0,0.0,100.0,0.0,100.0,0.0,100.0,0.0,78.0,22.0,100.0,0.0,100.0,4.0,85.0,31559.0,22,22,100,0,100,0,200,0,100.0,33933.0,100.0,23846545443.0,100.0,185414870478.0
2018-09-08,Z3025WCS,ST4000DM000,4000787030016,0,118,174927376,92,0,100,18,100,0,82,195247094,61,34174,100,0,100,18,100.0,0.0,100.0,0.0,100.0,0.0,100.0,0.0,100.0,0.0,79.0,21.0,100.0,0.0,100.0,4.0,85.0,31559.0,21,21,100,0,100,0,200,0,100.0,33957.0,100.0,23847795104.0,100.0,185451171671.0
2018-09-09,Z3025WCS,ST4000DM000,4000787030016,0,115,91853512,92,0,100,18,100,0,82,195732744,61,34198,100,0,100,18,100.0,0.0,100.0,0.0,100.0,0.0,100.0,0.0,100.0,0.0,78.0,22.0,100.0,0.0,100.0,4.0,85.0,31559.0,22,22,100,0,100,0,200,0,100.0,33980.0,100.0,23849145451.0,100.0,185491507928.0
2018-09-10,Z3025WCS,ST4000DM000,4000787030016,0,119,203958352,92,0,100,18,100,0,82,196203173,61,34223,100,0,100,18,100.0,0.0,100.0,0.0,100.0,0.0,100.0,0.0,100.0,0.0,77.0,23.0,100.0,0.0,100.0,4.0,85.0,31559.0,23,23,100,0,100,0,200,0,100.0,34005.0,100.0,23850454621.0,100.0,185530266922.0
2018-09-11,Z3025WCS,ST4000DM000,4000787030016,0,113,57467784,92,0,100,18,100,0,82,196666254,61,34247,100,0,100,18,100.0,0.0,100.0,0.0,100.0,0.0,100.0,0.0,100.0,0.0,77.0,23.0,100.0,0.0,100.0,4.0,85.0,31559.0,23,23,100,0,100,0,200,0,100.0,34029.0,100.0,23851782991.0,100.0,185568289146.0
2018-09-12,Z3025WCS,ST4000DM000,4000787030016,0,117,147939944,92,0,100,18,100,0,82,197124982,61,34270,100,0,100,18,100.0,0.0,100.0,0.0,100.0,0.0,100.0,0.0,100.0,0.0,77.0,23.0,100.0,0.0,100.0,4.0,85.0,31559.0,23,23,100,0,100,0,200,0,100.0,34052.0,100.0,23853040497.0,100.0,185602398494.0
2018-09-13,Z3025WCS,ST4000DM000,4000787030016,0,108,20208112,92,0,100,18,100,0,82,197595831,61,34293,100,0,100,18,100.0,0.0,100.0,0.0,100.0,0.0,100.0,0.0,100.0,0.0,78.0,22.0,100.0,0.0,100.0,4.0,85.0,31559.0,22,22,100,0,100,0,200,0,100.0,34075.0,100.0,23854379545.0,100.0,185636492646.0
2018-09-14,Z3025WCS,ST4000DM000,4000787030016,0,115,93556976,92,0,100,18,100,0,82,198044719,61,34317,100,0,100,18,100.0,0.0,100.0,0.0,100.0,0.0,100.0,0.0,100.0,0.0,78.0,22.0,100.0,0.0,100.0,4.0,85.0,31559.0,22,22,100,0,100,0,200,0,100.0,34099.0,100.0,23855595531.0,100.0,185673389225.0
2018-09-15,Z3025WCS,ST4000DM000,4000787030016,0,118,168268696,92,0,100,18,100,0,82,198496722,61,34341,100,0,100,18,100.0,0.0,100.0,0.0,100.0,0.0,100.0,0.0,100.0,0.0,77.0,23.0,100.0,0.0,100.0,4.0,85.0,31559.0,23,23,100,0,100,0,200,0,100.0,34123.0,100.0,23856865265.0,100.0,185711107068.0
2018-09-16,Z3025WCS,ST4000DM000,4000787030016,0,114,81517624,92,0,100,18,100,0,82,198992326,61,34365,100,0,100,18,100.0,0.0,100.0,0.0,100.0,0.0,100.0,0.0,100.0,0.0,77.0,23.0,100.0,0.0,100.0,4.0,85.0,31559.0,23,23,100,0,100,0,200,0,100.0,34148.0,100.0,23858290836.0,100.0,185746694752.0
2018-09-17,Z3025WCS,ST4000DM000,4000787030016,0,118,184412008,92,0,100,18,100,0,82,199456459,61,34389,100,0,100,18,100.0,0.0,100.0,0.0,100.0,0.0,100.0,0.0,100.0,0.0,77.0,23.0,100.0,0.0,100.0,4.0,85.0,31559.0,23,23,100,0,100,0,200,0,100.0,34171.0,100.0,23859626102.0,100.0,185783613012.0
2018-09-18,Z3025WCS,ST4000DM000,4000787030016,0,106,11113712,92,0,100,18,100,0,82,199907342,61,34413,100,0,100,18,100.0,0.0,100.0,0.0,100.0,0.0,100.0,0.0,100.0,0.0,77.0,23.0,100.0,0.0,100.0,4.0,85.0,31559.0,23,23,100,0,100,0,200,0,100.0,34195.0,100.0,23860861289.0,100.0,185815480519.0
2018-09-19,Z3025WCS,ST4000DM000,4000787030016,0,117,122415512,92,0,100,18,100,0,82,200380778,61,34437,100,0,100,18,100.0,0.0,100.0,0.0,100.0,0.0,100.0,0.0,100.0,0.0,77.0,23.0,100.0,0.0,100.0,4.0,85.0,31559.0,23,23,100,0,100,0,200,0,100.0,34219.0,100.0,23862157883.0,100.0,185850133198.0
2018-09-20,Z3025WCS,ST4000DM000,4000787030016,0,108,19999152,92,0,100,18,100,0,82,200870448,61,34461,100,0,100,18,100.0,0.0,100.0,0.0,100.0,0.0,100.0,0.0,100.0,0.0,77.0,23.0,100.0,0.0,100.0,4.0,85.0,31559.0,23,23,100,0,100,0,200,0,100.0,34243.0,100.0,23863523468.0,100.0,185887141071.0
2018-09-21,Z3025WCS,ST4000DM000,4000787030016,0,115,96077320,92,0,100,18,100,0,83,201326879,61,34485,100,0,100,18,100.0,0.0,100.0,0.0,100.0,0.0,100.0,0.0,100.0,0.0,78.0,22.0,100.0,0.0,100.0,4.0,85.0,31559.0,22,22,100,0,100,0,200,0,100.0,34267.0,100.0,23864797132.0,100.0,185922481917.0
2018-09-22,Z3025WCS,ST4000DM000,4000787030016,0,119,216987992,92,0,100,18,100,0,83,201800204,61,34509,100,0,100,18,100.0,0.0,100.0,0.0,100.0,0.0,100.0,0.0,100.0,0.0,78.0,22.0,100.0,0.0,100.0,4.0,85.0,31559.0,22,22,100,0,100,0,200,0,100.0,34291.0,100.0,23866095301.0,100.0,185960542744.0
2018-09-23,Z3025WCS,ST4000DM000,4000787030016,0,115,94531808,92,0,100,18,100,0,83,202278257,61,34533,100,0,100,18,100.0,0.0,100.0,0.0,100.0,0.0,100.0,0.0,100.0,0.0,77.0,23.0,100.0,0.0,100.0,4.0,85.0,31559.0,23,23,100,0,100,0,200,0,100.0,34315.0,100.0,23867512977.0,100.0,185996429326.0
2018-09-24,Z3025WCS,ST4000DM000,4000787030016,0,119,233840616,92,0,100,18,100,0,83,202757228,61,34557,100,0,100,18,100.0,0.0,100.0,0.0,100.0,0.0,100.0,0.0,100.0,0.0,78.0,22.0,100.0,0.0,100.0,4.0,85.0,31559.0,22,22,100,0,100,0,200,0,100.0,34339.0,100.0,23868812921.0,100.0,186032145300.0
2018-09-25,Z3025WCS,ST4000DM000,4000787030016,0,113,54854904,92,0,100,18,100,0,83,203207929,61,34581,100,0,100,18,100.0,0.0,100.0,0.0,100.0,0.0,100.0,0.0,100.0,0.0,78.0,22.0,100.0,0.0,100.0,4.0,85.0,31559.0,22,22,100,0,100,0,200,0,100.0,34363.0,100.0,23870065621.0,100.0,186065341162.0
2018-09-26,Z3025WCS,ST4000DM000,4000787030016,0,118,193075376,92,0,100,18,100,0,83,203692240,61,34605,100,0,100,18,100.0,0.0,100.0,0.0,100.0,0.0,100.0,0.0,100.0,0.0,78.0,22.0,100.0,0.0,100.0,4.0,85.0,31559.0,22,22,100,0,100,0,200,0,100.0,34387.0,100.0,23871468777.0,100.0,186102393251.0
2018-09-27,Z3025WCS,ST4000DM000,4000787030016,0,115,85254848,92,0,100,18,100,0,83,204171766,61,34629,100,0,100,18,100.0,0.0,100.0,0.0,100.0,0.0,100.0,0.0,100.0,0.0,77.0,23.0,100.0,0.0,100.0,4.0,85.0,31559.0,23,23,100,0,100,0,200,0,100.0,34411.0,100.0,23872905746.0,100.0,186139526075.0
2018-09-28,Z3025WCS,ST4000DM000,4000787030016,0,116,103860800,92,0,100,18,100,0,83,204728864,61,34657,100,0,100,18,100.0,0.0,100.0,0.0,100.0,0.0,100.0,0.0,100.0,0.0,77.0,23.0,100.0,0.0,100.0,4.0,85.0,31559.0,23,23,100,0,100,0,200,0,100.0,34439.0,100.0,23874488610.0,100.0,186180033728.0
2018-09-29,Z3025WCS,ST4000DM000,4000787030016,0,119,203813416,92,0,100,18,100,0,83,205187007,61,34681,100,0,100,18,100.0,0.0,100.0,0.0,100.0,0.0,100.0,0.0,100.0,0.0,77.0,23.0,100.0,0.0,100.0,4.0,85.0,31559.0,23,23,100,0,100,0,200,0,100.0,34463.0,100.0,23875759796.0,100.0,186214397052.0
2018-09-30,Z3025WCS,ST4000DM000,4000787030016,0,115,100193392,92,0,100,18,100,0,83,205666540,61,34705,100,0,100,18,100.0,0.0,100.0,0.0,100.0,0.0,100.0,0.0,100.0,0.0,77.0,23.0,100.0,0.0,100.0,4.0,85.0,31559.0,23,23,100,0,100,0,200,0,100.0,34487.0,100.0,23877082141.0,100.0,186249969406.0
2018-10-01,Z3025WCS,ST4000DM000,4000787030016,0,119,221230888,92,0,100,18,100,0,83,206136717,61,34729,100,0,100,18,100.0,0.0,100.0,0.0,100.0,0.0,100.0,0.0,100.0,0.0,77.0,23.0,100.0,0.0,100.0,4.0,85.0,31559.0,23,23,100,0,100,0,200,0,100.0,34511.0,100.0,23878364335.0,100.0,186287790652.0
2018-10-02,Z3025WCS,ST4000DM000,4000787030016,0,115,88259640,92,0,100,18,100,0,83,206605938,61,34753,100,0,100,18,100.0,0.0,100.0,0.0,100.0,0.0,100.0,0.0,100.0,0.0,77.0,23.0,100.0,0.0,100.0,4.0,85.0,31559.0,23,23,100,0,100,0,200,0,100.0,34535.0,100.0,23879656155.0,100.0,186321724850.0
2018-10-03,Z3025WCS,ST4000DM000,4000787030016,0,118,197883896,92,0,100,18,100,0,83,207074301,61,34777,100,0,100,18,100.0,0.0,100.0,0.0,100.0,0.0,100.0,0.0,100.0,0.0,77.0,23.0,100.0,0.0,100.0,4.0,85.0,31559.0,23,23,100,0,100,0,200,0,100.0,34559.0,100.0,23880939849.0,100.0,186356738701.0
2018-10-04,Z3025WCS,ST4000DM000,4000787030016,0,116.0,114091384.0,92.0,0.0,100.0,18.0,100.0,0.0,83.0,207554124.0,61.0,34801.0,100.0,0.0,100.0,18.0,100.0,0.0,100.0,0.0,100.0,0.0,100.0,0.0,100.0,0.0,79.0,21.0,100.0,0.0,100.0,4.0,85.0,31559.0,21.0,21.0,100.0,0.0,100.0,0.0,200.0,0.0,100.0,34583.0,100.0,23882243420.0,100.0,186395566950.0
2018-10-05,Z3025WCS,ST4000DM000,4000787030016,0,118,194561712,92,0,100,18,100,0,83,208016166,61,34825,100,0,100,18,100.0,0.0,100.0,0.0,100.0,0.0,100.0,0.0,100.0,0.0,81.0,19.0,100.0,0.0,100.0,4.0,85.0,31565.0,19,19,100,0,100,0,200,0,100.0,34607.0,100.0,23883527627.0,100.0,186432170346.0
2018-10-06,Z3025WCS,ST4000DM000,4000787030016,0,118,185533272,92,0,100,18,100,0,83,208513956,61,34848,100,0,100,18,100.0,0.0,100.0,0.0,100.0,0.0,100.0,0.0,100.0,0.0,77.0,23.0,100.0,0.0,100.0,4.0,85.0,31565.0,23,23,100,0,100,0,200,0,100.0,34630.0,100.0,23884825685.0,100.0,186487986257.0
2018-10-07,Z3025WCS,ST4000DM000,4000787030016,0,114,71952848,92,0,100,18,100,0,83,208994693,61,34873,100,0,100,18,100.0,0.0,100.0,0.0,100.0,0.0,100.0,0.0,100.0,0.0,77.0,23.0,100.0,0.0,100.0,4.0,85.0,31565.0,23,23,100,0,100,0,200,0,100.0,34655.0,100.0,23886179527.0,100.0,186522515626.0
2018-10-08,Z3025WCS,ST4000DM000,4000787030016,0,117,141004856,92,0,100,18,100,0,83,209446268,61,34897,100,0,100,18,100.0,0.0,100.0,0.0,100.0,0.0,100.0,0.0,100.0,0.0,79.0,21.0,100.0,0.0,100.0,4.0,85.0,31565.0,21,21,100,0,100,0,200,0,100.0,34679.0,100.0,23887408352.0,100.0,186556736182.0
2018-10-09,Z3025WCS,ST4000DM000,4000787030016,0,109.0,22274656.0,92.0,0.0,100.0,18.0,100.0,0.0,83.0,209783169.0,61.0,34913.0,100.0,0.0,100.0,18.0,100.0,0.0,100.0,0.0,100.0,0.0,100.0,0.0,100.0,0.0,77.0,23.0,100.0,0.0,100.0,4.0,85.0,31565.0,23.0,23.0,100.0,0.0,100.0,0.0,200.0,0.0,100.0,34695.0,100.0,23888323625.0,100.0,186583687903.0
2018-10-10,Z3025WCS,ST4000DM000,4000787030016,0,117,155963920,92,0,100,18,100,0,83,210400465,61,34945,100,0,100,18,100.0,0.0,100.0,0.0,100.0,0.0,100.0,0.0,100.0,0.0,76.0,24.0,100.0,0.0,100.0,4.0,85.0,31565.0,24,24,100,0,100,0,200,0,100.0,34727.0,100.0,23890063226.0,100.0,186630873196.0
2018-10-11,Z3025WCS,ST4000DM000,4000787030016,0,115,84810304,92,0,100,18,100,0,83,210884192,61,34969,100,0,100,18,100.0,0.0,100.0,0.0,100.0,0.0,100.0,0.0,100.0,0.0,77.0,23.0,100.0,0.0,100.0,4.0,85.0,31565.0,23,23,100,0,100,0,200,0,100.0,34751.0,100.0,23891378734.0,100.0,186672369539.0
2018-10-12,Z3025WCS,ST4000DM000,4000787030016,0,118,198670104,92,0,100,18,100,0,83,211354968,61,34993,100,0,100,18,100.0,0.0,100.0,0.0,100.0,0.0,100.0,0.0,100.0,0.0,76.0,24.0,100.0,0.0,100.0,4.0,85.0,31565.0,24,24,100,0,100,0,200,0,100.0,34775.0,100.0,23892656960.0,100.0,186706935021.0
2018-10-13,Z3025WCS,ST4000DM000,4000787030016,0,116,108473408,92,0,100,18,100,0,83,211842478,61,35017,100,0,100,18,100.0,0.0,100.0,0.0,100.0,0.0,100.0,0.0,100.0,0.0,76.0,24.0,100.0,0.0,100.0,4.0,85.0,31565.0,24,24,100,0,100,0,200,0,100.0,34799.0,100.0,23893978077.0,100.0,186746111098.0
2018-10-14,Z3025WCS,ST4000DM000,4000787030016,0,118,198463040,92,0,100,18,100,0,83,212304903,60,35041,100,0,100,18,100.0,0.0,100.0,0.0,100.0,0.0,100.0,0.0,100.0,0.0,77.0,23.0,100.0,0.0,100.0,4.0,85.0,31565.0,23,23,100,0,100,0,200,0,100.0,34823.0,100.0,23895557844.0,100.0,186781361038.0
2018-10-15,Z3025WCS,ST4000DM000,4000787030016,0,113,56552488,92,0,100,18,100,0,83,212769873,60,35065,100,0,100,18,100.0,0.0,100.0,0.0,100.0,0.0,100.0,0.0,100.0,0.0,76.0,24.0,100.0,0.0,100.0,4.0,85.0,31565.0,24,24,100,0,100,0,200,0,100.0,34847.0,100.0,23896850871.0,100.0,186816833316.0
2018-10-16,Z3025WCS,ST4000DM000,4000787030016,0,118,180909696,92,0,100,18,100,0,83,213248690,60,35089,100,0,100,18,100.0,0.0,100.0,0.0,100.0,0.0,100.0,0.0,100.0,0.0,76.0,24.0,100.0,0.0,100.0,4.0,85.0,31565.0,24,24,100,0,100,0,200,0,100.0,34871.0,100.0,23898170792.0,100.0,186852903841.0
2018-10-17,Z3025WCS,ST4000DM000,4000787030016,0,112,48488488,92,0,100,18,100,0,83,213718171,60,35113,100,0,100,18,100.0,0.0,100.0,0.0,100.0,0.0,100.0,0.0,100.0,0.0,75.0,25.0,100.0,0.0,100.0,4.0,85.0,31565.0,25,25,100,0,100,0,200,0,100.0,34895.0,100.0,23899510158.0,100.0,186888293209.0
2018-10-18,Z3025WCS,ST4000DM000,4000787030016,0,117,132837200,92,0,100,18,100,0,83,214175038,60,35137,100,0,100,18,100.0,0.0,100.0,0.0,100.0,0.0,100.0,0.0,100.0,0.0,75.0,25.0,100.0,0.0,100.0,4.0,85.0,31565.0,25,25,100,0,100,0,200,0,100.0,34919.0,100.0,23900798322.0,100.0,186924648888.0
2018-10-19,Z3025WCS,ST4000DM000,4000787030016,0,117,125415928,92,0,100,18,100,0,83,214564776,60,35155,100,0,100,18,100.0,0.0,100.0,0.0,100.0,0.0,100.0,0.0,100.0,0.0,76.0,24.0,100.0,0.0,100.0,4.0,85.0,31565.0,24,24,100,0,100,0,200,0,100.0,34937.0,100.0,23902113757.0,100.0,186956824648.0
2018-10-20,Z3025WCS,ST4000DM000,4000787030016,0,120,238546256,92,0,100,18,100,0,83,215035788,60,35179,100,0,100,18,100.0,0.0,100.0,0.0,100.0,0.0,100.0,0.0,100.0,0.0,76.0,24.0,100.0,0.0,100.0,4.0,85.0,31565.0,24,24,100,0,100,0,200,0,100.0,34961.0,100.0,23903401632.0,100.0,186989953061.0
2018-10-21,Z3025WCS,ST4000DM000,4000787030016,0,115,100625632,92,0,100,18,100,0,83,215508296,60,35203,100,0,100,18,100.0,0.0,100.0,0.0,100.0,0.0,100.0,0.0,100.0,0.0,75.0,25.0,100.0,0.0,100.0,4.0,85.0,31565.0,25,25,100,0,100,0,200,0,100.0,34985.0,100.0,23904697311.0,100.0,187025524677.0
2018-10-22,Z3025WCS,ST4000DM000,4000787030016,0,119,217087472,92,0,100,18,100,0,83,215982366,60,35227,100,0,100,18,100.0,0.0,100.0,0.0,100.0,0.0,100.0,0.0,100.0,0.0,75.0,25.0,100.0,0.0,100.0,4.0,85.0,31565.0,25,25,100,0,100,0,200,0,100.0,35009.0,100.0,23906607237.0,100.0,187061245081.0
2018-10-23,Z3025WCS,ST4000DM000,4000787030016,0,113,56510960,92,0,100,18,100,0,83,216440145,60,35251,100,0,100,18,100.0,0.0,100.0,0.0,100.0,0.0,100.0,0.0,100.0,0.0,75.0,25.0,100.0,0.0,100.0,4.0,85.0,31565.0,25,25,100,0,100,0,200,0,100.0,35033.0,100.0,23907867239.0,100.0,187097812580.0
2018-10-25,Z3025WCS,ST4000DM000,4000787030016,0,102,4278888,92,0,100,18,100,0,83,217491315,60,35302,100,0,100,18,100.0,0.0,100.0,0.0,100.0,0.0,100.0,0.0,100.0,0.0,76.0,24.0,100.0,0.0,100.0,4.0,85.0,31565.0,24,24,100,0,100,0,200,0,100.0,35084.0,100.0,23910885325.0,100.0,187173390506.0
2018-10-26,Z3025WCS,ST4000DM000,4000787030016,0,117,165662088,92,0,100,18,100,0,83,217981089,60,35326,100,0,100,18,100.0,0.0,100.0,0.0,100.0,0.0,100.0,0.0,100.0,0.0,75.0,25.0,100.0,0.0,100.0,4.0,85.0,31565.0,25,25,100,0,100,0,200,0,100.0,35108.0,100.0,23912266120.0,100.0,187208986335.0
2018-10-27,Z3025WCS,ST4000DM000,4000787030016,0,117,159821192,92,0,100,18,100,0,83,218496565,60,35350,100,0,100,18,100.0,0.0,100.0,0.0,100.0,0.0,100.0,0.0,100.0,0.0,75.0,25.0,100.0,0.0,100.0,4.0,85.0,31565.0,25,25,100,0,100,0,200,0,100.0,35132.0,100.0,23913731292.0,100.0,187241430784.0
2018-10-28,Z3025WCS,ST4000DM000,4000787030016,0,116,116263808,92,0,100,18,100,0,83,218992638,60,35374,100,0,100,18,100.0,0.0,100.0,0.0,100.0,0.0,100.0,0.0,100.0,0.0,75.0,25.0,100.0,0.0,100.0,4.0,85.0,31565.0,25,25,100,0,100,0,200,0,100.0,35156.0,100.0,23915083418.0,100.0,187274831637.0
2018-10-29,Z3025WCS,ST4000DM000,4000787030016,0,114,63341032,92,0,100,18,100,0,83,219496550,60,35398,100,0,100,18,100.0,0.0,100.0,0.0,100.0,0.0,100.0,0.0,100.0,0.0,75.0,25.0,100.0,0.0,100.0,4.0,85.0,31565.0,25,25,100,0,100,0,200,0,100.0,35180.0,100.0,23916532469.0,100.0,187313269895.0
2018-10-30,Z3025WCS,ST4000DM000,4000787030016,0,118,186996888,92,0,100,18,100,0,83,219973106,60,35422,100,0,100,18,100.0,0.0,100.0,0.0,100.0,0.0,100.0,0.0,100.0,0.0,68.0,32.0,100.0,0.0,100.0,4.0,85.0,31565.0,32,32,100,0,100,0,200,0,100.0,35204.0,100.0,23917854486.0,100.0,187345168254.0
2018-10-31,Z3025WCS,ST4000DM000,4000787030016,0,117,136625528,92.0,0.0,100.0,18.0,100.0,0.0,83.0,220466353.0,60,35446,100.0,0.0,100,18,100.0,0.0,100.0,0.0,100.0,0.0,100.0,0.0,100.0,0.0,66.0,34.0,100.0,0.0,100.0,4.0,85.0,31565.0,34,34,100.0,0.0,100.0,0.0,200.0,0.0,100.0,35228.0,100.0,23919353420.0,100.0,187388691699.0
2018-11-01,Z3025WCS,ST4000DM000,4000787030016,0,113,52381824,92.0,0.0,100.0,18.0,100.0,0.0,83.0,220949367.0,60,35471,100.0,0.0,100,18,100.0,0.0,100.0,0.0,100.0,0.0,100.0,0.0,100.0,0.0,66.0,34.0,100.0,0.0,100.0,4.0,85.0,31565.0,34,34,100.0,0.0,100.0,0.0,200.0,0.0,100.0,35253.0,100.0,23920655662.0,100.0,187432749512.0
2018-11-02,Z3025WCS,ST4000DM000,4000787030016,0,119,207341704,92.0,0.0,100.0,18.0,100.0,0.0,83.0,221428287.0,60,35494,100.0,0.0,100,18,100.0,0.0,100.0,0.0,100.0,0.0,100.0,0.0,100.0,0.0,70.0,30.0,100.0,0.0,100.0,4.0,85.0,31565.0,30,30,100.0,0.0,100.0,0.0,200.0,0.0,100.0,35276.0,100.0,23922021159.0,100.0,187471255582.0
2018-11-03,Z3025WCS,ST4000DM000,4000787030016,0,114,68565776,92.0,0.0,100.0,18.0,100.0,0.0,83.0,221892916.0,60,35518,100.0,0.0,100,18,100.0,0.0,100.0,0.0,100.0,0.0,100.0,0.0,100.0,0.0,71.0,29.0,100.0,0.0,100.0,4.0,85.0,31565.0,29,29,100.0,0.0,100.0,0.0,200.0,0.0,100.0,35300.0,100.0,23923282465.0,100.0,187505562845.0
2018-11-04,Z3025WCS,ST4000DM000,4000787030016,0,108,15312832,92.0,0.0,100.0,18.0,100.0,0.0,83.0,222400145.0,60,35543,100.0,0.0,100,18,100.0,0.0,100.0,0.0,100.0,0.0,100.0,0.0,100.0,0.0,71.0,29.0,100.0,0.0,100.0,4.0,85.0,31565.0,29,29,100.0,0.0,100.0,0.0,200.0,0.0,100.0,35325.0,100.0,23924697476.0,100.0,187545060914.0
2018-11-05,Z3025WCS,ST4000DM000,4000787030016,0,117,143641776,92.0,0.0,100.0,18.0,100.0,0.0,83.0,222873439.0,60,35566,100.0,0.0,100,18,100.0,0.0,100.0,0.0,100.0,0.0,100.0,0.0,100.0,0.0,71.0,29.0,100.0,0.0,100.0,4.0,85.0,31565.0,29,29,100.0,0.0,100.0,0.0,200.0,0.0,100.0,35348.0,100.0,23926085265.0,100.0,187583750504.0
2018-11-06,Z3025WCS,ST4000DM000,4000787030016,0,119.0,226757616.0,92.0,0.0,100.0,18.0,100.0,0.0,83.0,223333892.0,60.0,35590.0,100.0,0.0,100.0,18.0,100.0,0.0,100.0,0.0,100.0,0.0,100.0,0.0,100.0,0.0,71.0,29.0,100.0,0.0,100.0,4.0,85.0,31565.0,29.0,29.0,100.0,0.0,100.0,0.0,200.0,0.0,100.0,35372.0,100.0,23927365272.0,100.0,187618261407.0
2018-11-07,Z3025WCS,ST4000DM000,4000787030016,0,116.0,109197184.0,92.0,0.0,100.0,18.0,100.0,0.0,83.0,223816603.0,60.0,35615.0,100.0,0.0,100.0,18.0,100.0,0.0,100.0,0.0,100.0,0.0,100.0,0.0,100.0,0.0,71.0,29.0,100.0,0.0,100.0,4.0,85.0,31565.0,29.0,29.0,100.0,0.0,100.0,0.0,200.0,0.0,100.0,35397.0,100.0,23928687796.0,100.0,187655767302.0
2018-11-08,Z3025WCS,ST4000DM000,4000787030016,0,108.0,17947072.0,92.0,0.0,100.0,18.0,100.0,0.0,83.0,224309191.0,60.0,35639.0,100.0,0.0,100.0,18.0,100.0,0.0,100.0,0.0,100.0,0.0,100.0,0.0,100.0,0.0,72.0,28.0,100.0,0.0,100.0,4.0,85.0,31565.0,28.0,28.0,100.0,0.0,100.0,0.0,200.0,0.0,100.0,35421.0,100.0,23930052931.0,100.0,187693061705.0
2018-11-09,Z3025WCS,ST4000DM000,4000787030016,0,118,173483960,92.0,0.0,100.0,18.0,100.0,0.0,83.0,224796944.0,60,35663,100.0,0.0,100,18,100.0,0.0,100.0,0.0,100.0,0.0,100.0,0.0,100.0,0.0,67.0,33.0,100.0,0.0,100.0,4.0,85.0,31565.0,33,33,100.0,0.0,100.0,0.0,200.0,0.0,100.0,35445.0,100.0,23931427950.0,100.0,187726872845.0
2018-11-10,Z3025WCS,ST4000DM000,4000787030016,0,114,74762400,92.0,0.0,100.0,18.0,100.0,0.0,83.0,225283728.0,60,35688,100.0,0.0,100,18,100.0,0.0,100.0,0.0,100.0,0.0,100.0,0.0,100.0,0.0,66.0,34.0,100.0,0.0,100.0,4.0,85.0,31565.0,34,34,100.0,0.0,100.0,0.0,200.0,0.0,100.0,35470.0,100.0,23932776612.0,100.0,187760845856.0
2018-11-11,Z3025WCS,ST4000DM000,4000787030016,0,118,182688800,92.0,0.0,100.0,18.0,100.0,0.0,83.0,225752018.0,60,35711,100.0,0.0,100,18,100.0,0.0,100.0,0.0,100.0,0.0,100.0,0.0,100.0,0.0,65.0,35.0,100.0,0.0,100.0,4.0,85.0,31565.0,35,35,100.0,0.0,100.0,0.0,200.0,0.0,100.0,35493.0,100.0,23934066207.0,100.0,187793717205.0
2018-11-12,Z3025WCS,ST4000DM000,4000787030016,0,112,47801592,92.0,0.0,100.0,18.0,100.0,0.0,83.0,226219959.0,60,35735,100.0,0.0,100,18,100.0,0.0,100.0,0.0,100.0,0.0,100.0,0.0,100.0,0.0,66.0,34.0,100.0,0.0,100.0,4.0,85.0,31565.0,34,34,100.0,0.0,100.0,0.0,200.0,0.0,100.0,35517.0,100.0,23935341116.0,100.0,187825350197.0
2018-11-13,Z3025WCS,ST4000DM000,4000787030016,0,118,170146664,92.0,0.0,100.0,18.0,100.0,0.0,83.0,226703295.0,60,35760,100.0,0.0,100,18,100.0,0.0,100.0,0.0,100.0,0.0,100.0,0.0,100.0,0.0,66.0,34.0,100.0,0.0,100.0,4.0,85.0,31565.0,34,34,100.0,0.0,100.0,0.0,200.0,0.0,100.0,35542.0,100.0,23936709070.0,100.0,187859395657.0
2018-11-14,Z3025WCS,ST4000DM000,4000787030016,0,112,49262448,92.0,0.0,100.0,18.0,100.0,0.0,83.0,227179554.0,60,35783,100.0,0.0,100,18,100.0,0.0,100.0,0.0,100.0,0.0,100.0,0.0,100.0,0.0,66.0,34.0,100.0,0.0,100.0,4.0,85.0,31565.0,34,34,100.0,0.0,100.0,0.0,200.0,0.0,100.0,35565.0,100.0,23938011896.0,100.0,187891357642.0
2018-11-15,Z3025WCS,ST4000DM000,4000787030016,0,116,116370512,92.0,0.0,100.0,18.0,100.0,0.0,83.0,227629086.0,60,35807,100.0,0.0,100,18,100.0,0.0,100.0,0.0,100.0,0.0,100.0,0.0,100.0,0.0,65.0,35.0,100.0,0.0,100.0,4.0,85.0,31565.0,35,35,100.0,0.0,100.0,0.0,200.0,0.0,100.0,35589.0,100.0,23939243137.0,100.0,187922542785.0
2018-11-16,Z3025WCS,ST4000DM000,4000787030016,0,120,241744264,92.0,0.0,100.0,18.0,100.0,0.0,83.0,228108747.0,60,35831,100.0,0.0,100,18,100.0,0.0,100.0,0.0,100.0,0.0,100.0,0.0,100.0,0.0,65.0,35.0,100.0,0.0,100.0,4.0,85.0,31565.0,35,35,100.0,0.0,100.0,0.0,200.0,0.0,100.0,35613.0,100.0,23940573917.0,100.0,187955418192.0
2018-11-17,Z3025WCS,ST4000DM000,4000787030016,0,116.0,100849144.0,92.0,0.0,100.0,18.0,100.0,0.0,83.0,228582087.0,60.0,35855.0,100.0,0.0,100.0,18.0,100.0,0.0,100.0,0.0,100.0,0.0,100.0,0.0,100.0,0.0,66.0,34.0,100.0,0.0,100.0,4.0,85.0,31565.0,34.0,34.0,100.0,0.0,100.0,0.0,200.0,0.0,100.0,35637.0,100.0,23941931633.0,100.0,187987926637.0
2018-11-18,Z3025WCS,ST4000DM000,4000787030016,0,119,203206240,92.0,0.0,100.0,18.0,100.0,0.0,83.0,229044186.0,60,35879,100.0,0.0,100,18,100.0,0.0,100.0,0.0,100.0,0.0,100.0,0.0,100.0,0.0,65.0,35.0,100.0,0.0,100.0,4.0,85.0,31565.0,35,35,100.0,0.0,100.0,0.0,200.0,0.0,100.0,35661.0,100.0,23943364854.0,100.0,188022677457.0
2018-11-19,Z3025WCS,ST4000DM000,4000787030016,0,114,76289920,92.0,0.0,100.0,18.0,100.0,0.0,83.0,229517851.0,60,35903,100.0,0.0,100,18,100.0,0.0,100.0,0.0,100.0,0.0,100.0,0.0,100.0,0.0,65.0,35.0,100.0,0.0,100.0,4.0,85.0,31565.0,35,35,100.0,0.0,100.0,0.0,200.0,0.0,100.0,35685.0,100.0,23944654248.0,100.0,188054179726.0
2018-11-20,Z3025WCS,ST4000DM000,4000787030016,0,118,187535968,92.0,0.0,100.0,18.0,100.0,0.0,83.0,229992049.0,59,35927,100.0,0.0,100,18,100.0,0.0,100.0,0.0,100.0,0.0,100.0,0.0,100.0,0.0,66.0,34.0,100.0,0.0,100.0,4.0,85.0,31565.0,34,34,100.0,0.0,100.0,0.0,200.0,0.0,100.0,35710.0,100.0,23945956037.0,100.0,188087972277.0
2018-11-21,Z3025WCS,ST4000DM000,4000787030016,0,111,29438264,92.0,0.0,100.0,18.0,100.0,0.0,83.0,230452546.0,59,35951,100.0,0.0,100,18,100.0,0.0,100.0,0.0,100.0,0.0,100.0,0.0,100.0,0.0,67.0,33.0,100.0,0.0,100.0,4.0,85.0,31565.0,33,33,100.0,0.0,100.0,0.0,200.0,0.0,100.0,35733.0,100.0,23947235090.0,100.0,188118626180.0
2018-11-22,Z3025WCS,ST4000DM000,4000787030016,0,118,171550904,92.0,0.0,100.0,18.0,100.0,0.0,83.0,230933773.0,59,35975,100.0,0.0,100,18,100.0,0.0,100.0,0.0,100.0,0.0,100.0,0.0,100.0,0.0,70.0,30.0,100.0,0.0,100.0,4.0,85.0,31565.0,30,30,100.0,0.0,100.0,0.0,200.0,0.0,100.0,35757.0,100.0,23948554922.0,100.0,188152888101.0
2018-11-23,Z3025WCS,ST4000DM000,4000787030016,0,111,40772056,92.0,0.0,100.0,18.0,100.0,0.0,83.0,231410092.0,59,36000,100.0,0.0,100,18,100.0,0.0,100.0,0.0,100.0,0.0,100.0,0.0,100.0,0.0,71.0,29.0,100.0,0.0,100.0,4.0,85.0,31565.0,29,29,100.0,0.0,100.0,0.0,200.0,0.0,100.0,35782.0,100.0,23949850641.0,100.0,188184678148.0
2018-11-24,Z3025WCS,ST4000DM000,4000787030016,0,117,130685592,92.0,0.0,100.0,18.0,100.0,0.0,83.0,231871413.0,59,36023,100.0,0.0,100,18,100.0,0.0,100.0,0.0,100.0,0.0,100.0,0.0,100.0,0.0,72.0,28.0,100.0,0.0,100.0,4.0,85.0,31565.0,28,28,100.0,0.0,100.0,0.0,200.0,0.0,100.0,35805.0,100.0,23951137576.0,100.0,188215368046.0
2018-11-25,Z3025WCS,ST4000DM000,4000787030016,0,120,241364880,92.0,0.0,100.0,18.0,100.0,0.0,83.0,232341705.0,59,36047,100.0,0.0,100,18,100.0,0.0,100.0,0.0,100.0,0.0,100.0,0.0,100.0,0.0,71.0,29.0,100.0,0.0,100.0,4.0,85.0,31565.0,29,29,100.0,0.0,100.0,0.0,200.0,0.0,100.0,35829.0,100.0,23952421669.0,100.0,188248016268.0
2018-11-26,Z3025WCS,ST4000DM000,4000787030016,0,115,87091648,92.0,0.0,100.0,18.0,100.0,0.0,83.0,232803358.0,59,36071,100.0,0.0,100,18,100.0,0.0,100.0,0.0,100.0,0.0,100.0,0.0,100.0,0.0,72.0,28.0,100.0,0.0,100.0,4.0,85.0,31565.0,28,28,100.0,0.0,100.0,0.0,200.0,0.0,100.0,35853.0,100.0,23953693205.0,100.0,188280924330.0
2018-11-27,Z3025WCS,ST4000DM000,4000787030016,0,119,205472912,92.0,0.0,100.0,18.0,100.0,0.0,83.0,233281368.0,59,36095,100.0,0.0,100,18,100.0,0.0,100.0,0.0,100.0,0.0,100.0,0.0,100.0,0.0,72.0,28.0,100.0,0.0,100.0,4.0,85.0,31565.0,28,28,100.0,0.0,100.0,0.0,200.0,0.0,100.0,35877.0,100.0,23955013776.0,100.0,188313841788.0
2018-11-28,Z3025WCS,ST4000DM000,4000787030016,0,114,78400024,92.0,0.0,100.0,18.0,100.0,0.0,83.0,233753349.0,59,36119,100.0,0.0,100,18,100.0,0.0,100.0,0.0,100.0,0.0,100.0,0.0,100.0,0.0,72.0,28.0,100.0,0.0,100.0,4.0,85.0,31565.0,28,28,100.0,0.0,100.0,0.0,200.0,0.0,100.0,35901.0,100.0,23956367766.0,100.0,188346053925.0
2018-11-29,Z3025WCS,ST4000DM000,4000787030016,0,119,205286584,92.0,0.0,100.0,18.0,100.0,0.0,83.0,234230245.0,59,36143,100.0,0.0,100,18,100.0,0.0,100.0,0.0,100.0,0.0,100.0,0.0,100.0,0.0,73.0,27.0,100.0,0.0,100.0,4.0,85.0,31565.0,27,27,100.0,0.0,100.0,0.0,200.0,0.0,100.0,35925.0,100.0,23957714893.0,100.0,188379361579.0
2018-11-30,Z3025WCS,ST4000DM000,4000787030016,0,116,101088968,92.0,0.0,100.0,18.0,100.0,0.0,83.0,234719954.0,59,36167,100.0,0.0,100,18,100.0,0.0,100.0,0.0,100.0,0.0,100.0,0.0,100.0,0.0,69.0,31.0,100.0,0.0,100.0,4.0,85.0,31565.0,31,31,100.0,0.0,100.0,0.0,200.0,0.0,100.0,35949.0,100.0,23959082598.0,100.0,188410740704.0
2018-12-01,Z3025WCS,ST4000DM000,4000787030016,0,119,218998392,92.0,0.0,100.0,18.0,100.0,0.0,84.0,235192393.0,59,36191,100.0,0.0,100,18,100.0,0.0,100.0,0.0,100.0,0.0,100.0,0.0,100.0,0.0,70.0,30.0,100.0,0.0,100.0,4.0,85.0,31565.0,30,30,100.0,0.0,100.0,0.0,200.0,0.0,100.0,35973.0,100.0,23960364123.0,100.0,188440823701.0
2018-12-02,Z3025WCS,ST4000DM000,4000787030016,0,114,61196512,92.0,0.0,100.0,18.0,100.0,0.0,84.0,235655465.0,59,36215,100.0,0.0,100,18,100.0,0.0,100.0,0.0,100.0,0.0,100.0,0.0,100.0,0.0,70.0,30.0,100.0,0.0,100.0,4.0,85.0,31565.0,30,30,100.0,0.0,100.0,0.0,200.0,0.0,100.0,35997.0,100.0,23961666380.0,100.0,188473188293.0
2018-12-03,Z3025WCS,ST4000DM000,4000787030016,0,118,181251432,92.0,0.0,100.0,18.0,100.0,0.0,84.0,236135877.0,59,36240,100.0,0.0,100,18,100.0,0.0,100.0,0.0,100.0,0.0,100.0,0.0,100.0,0.0,70.0,30.0,100.0,0.0,100.0,4.0,85.0,31565.0,30,30,100.0,0.0,100.0,0.0,200.0,0.0,100.0,36022.0,100.0,23963123484.0,100.0,188505657711.0
2018-12-04,Z3025WCS,ST4000DM000,4000787030016,0,111,34482600,92.0,0.0,100.0,18.0,100.0,0.0,84.0,236600703.0,59,36263,100.0,0.0,100,18,100.0,0.0,100.0,0.0,100.0,0.0,100.0,0.0,100.0,0.0,70.0,30.0,100.0,0.0,100.0,4.0,85.0,31565.0,30,30,100.0,0.0,100.0,0.0,200.0,0.0,100.0,36045.0,100.0,23964582818.0,100.0,188537802268.0
2018-12-05,Z3025WCS,ST4000DM000,4000787030016,0,117.0,151611488.0,92.0,0.0,100.0,18.0,100.0,0.0,84.0,237072656.0,59.0,36287.0,100.0,0.0,100.0,18.0,100.0,0.0,100.0,0.0,100.0,0.0,100.0,0.0,100.0,0.0,70.0,30.0,100.0,0.0,100.0,4.0,85.0,31565.0,30.0,30.0,100.0,0.0,100.0,0.0,200.0,0.0,100.0,36069.0,100.0,23965876402.0,100.0,188570447726.0
2018-12-06,Z3025WCS,ST4000DM000,4000787030016,0,116,104952872,92.0,0.0,100.0,18.0,100.0,0.0,84.0,237585201.0,59,36312,100.0,0.0,100,18,100.0,0.0,100.0,0.0,100.0,0.0,100.0,0.0,100.0,0.0,69.0,31.0,100.0,0.0,100.0,4.0,85.0,31565.0,31,31,100.0,0.0,100.0,0.0,200.0,0.0,100.0,36094.0,100.0,23967263176.0,100.0,188608679393.0
2018-12-07,Z3025WCS,ST4000DM000,4000787030016,0,119,205941736,92.0,0.0,100.0,18.0,100.0,0.0,84.0,238053930.0,59,36336,100.0,0.0,100,18,100.0,0.0,100.0,0.0,100.0,0.0,100.0,0.0,100.0,0.0,70.0,30.0,100.0,0.0,100.0,4.0,85.0,31565.0,30,30,100.0,0.0,100.0,0.0,200.0,0.0,100.0,36118.0,100.0,23968604743.0,100.0,188642173536.0
2018-12-08,Z3025WCS,ST4000DM000,4000787030016,0,112,46217040,92.0,0.0,100.0,18.0,100.0,0.0,84.0,238514901.0,59,36360,100.0,0.0,100,18,100.0,0.0,100.0,0.0,100.0,0.0,100.0,0.0,100.0,0.0,70.0,30.0,100.0,0.0,100.0,4.0,85.0,31565.0,30,30,100.0,0.0,100.0,0.0,200.0,0.0,100.0,36142.0,100.0,23969967643.0,100.0,188676707873.0
2018-12-09,Z3025WCS,ST4000DM000,4000787030016,0,118,196774112,92.0,0.0,100.0,18.0,100.0,0.0,84.0,238993629.0,59,36384,100.0,0.0,100,18,100.0,0.0,100.0,0.0,100.0,0.0,100.0,0.0,100.0,0.0,71.0,29.0,100.0,0.0,100.0,4.0,85.0,31565.0,29,29,100.0,0.0,100.0,0.0,200.0,0.0,100.0,36166.0,100.0,23971379583.0,100.0,188716068680.0
2018-12-10,Z3025WCS,ST4000DM000,4000787030016,0,110,29098552,92.0,0.0,100.0,18.0,100.0,0.0,84.0,239450094.0,59,36408,100.0,0.0,100,18,100.0,0.0,100.0,0.0,100.0,0.0,100.0,0.0,100.0,0.0,70.0,30.0,100.0,0.0,100.0,4.0,85.0,31565.0,30,30,100.0,0.0,100.0,0.0,200.0,0.0,100.0,36190.0,100.0,23972764243.0,100.0,188751023586.0
2018-12-11,Z3025WCS,ST4000DM000,4000787030016,0,114,76635624,92.0,0.0,100.0,18.0,100.0,0.0,84.0,239886810.0,59,36432,100.0,0.0,100,18,100.0,0.0,100.0,0.0,100.0,0.0,100.0,0.0,100.0,0.0,70.0,30.0,100.0,0.0,100.0,4.0,85.0,31565.0,30,30,100.0,0.0,100.0,0.0,200.0,0.0,100.0,36214.0,100.0,23973942614.0,100.0,188785163402.0
2018-12-12,Z3025WCS,ST4000DM000,4000787030016,0,111,35977104,92.0,0.0,100.0,18.0,100.0,0.0,84.0,240285881.0,59,36456,100.0,0.0,100,18,100.0,0.0,100.0,0.0,100.0,0.0,100.0,0.0,100.0,0.0,69.0,31.0,100.0,0.0,100.0,4.0,85.0,31565.0,31,31,100.0,0.0,100.0,0.0,200.0,0.0,100.0,36238.0,100.0,23974996319.0,100.0,188818040062.0
2018-12-13,Z3025WCS,ST4000DM000,4000787030016,0,120,237548848,92.0,0.0,100.0,18.0,100.0,0.0,84.0,240678807.0,59,36480,100.0,0.0,100,18,100.0,0.0,100.0,0.0,100.0,0.0,100.0,0.0,100.0,0.0,70.0,30.0,100.0,0.0,100.0,4.0,85.0,31565.0,30,30,100.0,0.0,100.0,0.0,200.0,0.0,100.0,36262.0,100.0,23975987346.0,100.0,188852438672.0
2018-12-14,Z3025WCS,ST4000DM000,4000787030016,0,119,219894232,92.0,0.0,100.0,18.0,100.0,0.0,84.0,241102130.0,59,36504,100.0,0.0,100,18,100.0,0.0,100.0,0.0,100.0,0.0,100.0,0.0,100.0,0.0,69.0,31.0,100.0,0.0,100.0,4.0,85.0,31567.0,31,31,100.0,0.0,100.0,0.0,200.0,0.0,100.0,36286.0,100.0,23977565898.0,100.0,188902157949.0
2018-12-15,Z3025WCS,ST4000DM000,4000787030016,0,117,135443424,92.0,0.0,100.0,18.0,100.0,0.0,84.0,241474159.0,59,36528,100.0,0.0,100,18,100.0,0.0,100.0,0.0,100.0,0.0,100.0,0.0,100.0,0.0,69.0,31.0,100.0,0.0,100.0,4.0,85.0,31567.0,31,31,100.0,0.0,100.0,0.0,200.0,0.0,100.0,36310.0,100.0,23978474098.0,100.0,188936892901.0
2018-12-16,Z3025WCS,ST4000DM000,4000787030016,0,109,22676856,92.0,0.0,100.0,18.0,100.0,0.0,84.0,241954888.0,59,36552,100.0,0.0,100,18,100.0,0.0,100.0,0.0,100.0,0.0,100.0,0.0,100.0,0.0,70.0,30.0,100.0,0.0,100.0,4.0,85.0,31567.0,30,30,100.0,0.0,100.0,0.0,200.0,0.0,100.0,36334.0,100.0,23979788590.0,100.0,188975127939.0
2018-12-17,Z3025WCS,ST4000DM000,4000787030016,0,117,128421880,92.0,0.0,100.0,18.0,100.0,0.0,84.0,242420684.0,59,36576,100.0,0.0,100,18,100.0,0.0,100.0,0.0,100.0,0.0,100.0,0.0,100.0,0.0,68.0,32.0,100.0,0.0,100.0,4.0,85.0,31567.0,32,32,100.0,0.0,100.0,0.0,200.0,0.0,100.0,36358.0,100.0,23981057302.0,100.0,189010013472.0
2018-12-18,Z3025WCS,ST4000DM000,4000787030016,0,119,215853472,92.0,0.0,100.0,18.0,100.0,0.0,84.0,242878490.0,59,36600,100.0,0.0,100,18,100.0,0.0,100.0,0.0,100.0,0.0,100.0,0.0,100.0,0.0,69.0,31.0,100.0,0.0,100.0,4.0,85.0,31567.0,31,31,100.0,0.0,100.0,0.0,200.0,0.0,100.0,36382.0,100.0,23982411027.0,100.0,189045357756.0
2018-12-19,Z3025WCS,ST4000DM000,4000787030016,0,114,65687920,92.0,0.0,100.0,18.0,100.0,0.0,84.0,243338235.0,59,36624,100.0,0.0,100,18,100.0,0.0,100.0,0.0,100.0,0.0,100.0,0.0,100.0,0.0,68.0,32.0,100.0,0.0,100.0,4.0,85.0,31567.0,32,32,100.0,0.0,100.0,0.0,200.0,0.0,100.0,36406.0,100.0,23983686168.0,100.0,189080492810.0
2018-12-20,Z3025WCS,ST4000DM000,4000787030016,0,119,213374312,92.0,0.0,100.0,18.0,100.0,0.0,84.0,243823645.0,59,36648,100.0,0.0,100,18,100.0,0.0,100.0,0.0,100.0,0.0,100.0,0.0,100.0,0.0,70.0,30.0,100.0,0.0,100.0,4.0,85.0,31567.0,30,30,100.0,0.0,100.0,0.0,200.0,0.0,100.0,36430.0,100.0,23985481383.0,100.0,189117895865.0
2018-12-21,Z3025WCS,ST4000DM000,4000787030016,0,114,61024272,92.0,0.0,100.0,18.0,100.0,0.0,84.0,244282884.0,59,36672,100.0,0.0,100,18,100.0,0.0,100.0,0.0,100.0,0.0,100.0,0.0,100.0,0.0,69.0,31.0,100.0,0.0,100.0,4.0,85.0,31567.0,31,31,100.0,0.0,100.0,0.0,200.0,0.0,100.0,36454.0,100.0,23986778990.0,100.0,189154948294.0
2018-12-22,Z3025WCS,ST4000DM000,4000787030016,0,117,153751640,92.0,0.0,100.0,18.0,100.0,0.0,84.0,244739960.0,59,36696,100.0,0.0,100,18,100.0,0.0,100.0,0.0,100.0,0.0,100.0,0.0,100.0,0.0,69.0,31.0,100.0,0.0,100.0,4.0,85.0,31567.0,31,31,100.0,0.0,100.0,0.0,200.0,0.0,100.0,36478.0,100.0,23988021851.0,100.0,189190532976.0
2018-12-23,Z3025WCS,ST4000DM000,4000787030016,0,113,51027560,92.0,0.0,100.0,18.0,100.0,0.0,84.0,245222273.0,59,36720,100.0,0.0,100,18,100.0,0.0,100.0,0.0,100.0,0.0,100.0,0.0,100.0,0.0,67.0,33.0,100.0,0.0,100.0,4.0,85.0,31567.0,33,33,100.0,0.0,100.0,0.0,200.0,0.0,100.0,36502.0,100.0,23989346044.0,100.0,189225701444.0
2018-12-24,Z3025WCS,ST4000DM000,4000787030016,0,117,146061008,92.0,0.0,100.0,18.0,100.0,0.0,84.0,245679310.0,59,36744,100.0,0.0,100,18,100.0,0.0,100.0,0.0,100.0,0.0,100.0,0.0,100.0,0.0,69.0,31.0,100.0,0.0,100.0,4.0,85.0,31567.0,31,31,100.0,0.0,100.0,0.0,200.0,0.0,100.0,36526.0,100.0,23990598809.0,100.0,189261619021.0
2018-12-25,Z3025WCS,ST4000DM000,4000787030016,0,119,217357392,92.0,0.0,100.0,18.0,100.0,0.0,84.0,246126863.0,59,36768,100.0,0.0,100,18,100.0,0.0,100.0,0.0,100.0,0.0,100.0,0.0,100.0,0.0,70.0,30.0,100.0,0.0,100.0,4.0,85.0,31567.0,30,30,100.0,0.0,100.0,0.0,200.0,0.0,100.0,36550.0,100.0,23991809171.0,100.0,189296487297.0
2018-12-26,Z3025WCS,ST4000DM000,4000787030016,0,116,108898656,92.0,0.0,100.0,18.0,100.0,0.0,84.0,246610789.0,58,36792,100.0,0.0,100,18,100.0,0.0,100.0,0.0,100.0,0.0,100.0,0.0,100.0,0.0,69.0,31.0,100.0,0.0,100.0,4.0,85.0,31567.0,31,31,100.0,0.0,100.0,0.0,200.0,0.0,100.0,36574.0,100.0,23993149912.0,100.0,189331387008.0
2018-12-27,Z3025WCS,ST4000DM000,4000787030016,0,118,181714864,92.0,0.0,100.0,18.0,100.0,0.0,84.0,247062164.0,58,36816,100.0,0.0,100,18,100.0,0.0,100.0,0.0,100.0,0.0,100.0,0.0,100.0,0.0,69.0,31.0,100.0,0.0,100.0,4.0,85.0,31567.0,31,31,100.0,0.0,100.0,0.0,200.0,0.0,100.0,36598.0,100.0,23994389414.0,100.0,189364214390.0
2018-12-28,Z3025WCS,ST4000DM000,4000787030016,0,114,67572968,92.0,0.0,100.0,18.0,100.0,0.0,84.0,247533764.0,58,36840,100.0,0.0,100,18,100.0,0.0,100.0,0.0,100.0,0.0,100.0,0.0,100.0,0.0,69.0,31.0,100.0,0.0,100.0,4.0,85.0,31567.0,31,31,100.0,0.0,100.0,0.0,200.0,0.0,100.0,36622.0,100.0,23995674416.0,100.0,189401529923.0
2018-12-29,Z3025WCS,ST4000DM000,4000787030016,0,118,175383864,92.0,0.0,100.0,18.0,100.0,0.0,84.0,248004105.0,58,36864,100.0,0.0,100,18,100.0,0.0,100.0,0.0,100.0,0.0,100.0,0.0,100.0,0.0,68.0,32.0,100.0,0.0,100.0,4.0,85.0,31567.0,32,32,100.0,0.0,100.0,0.0,200.0,0.0,100.0,36646.0,100.0,23996964528.0,100.0,189438806040.0
2018-12-30,Z3025WCS,ST4000DM000,4000787030016,0,113,52444912,92.0,0.0,100.0,18.0,100.0,0.0,84.0,248476611.0,58,36888,100.0,0.0,100,18,100.0,0.0,100.0,0.0,100.0,0.0,100.0,0.0,100.0,0.0,68.0,32.0,100.0,0.0,100.0,4.0,85.0,31567.0,32,32,100.0,0.0,100.0,0.0,200.0,0.0,100.0,36670.0,100.0,23998241906.0,100.0,189472459350.0
2018-12-31,Z3025WCS,ST4000DM000,4000787030016,0,117,142457920,92.0,0.0,100.0,18.0,100.0,0.0,84.0,248937415.0,58,36912,100.0,0.0,100,18,100.0,0.0,100.0,0.0,100.0,0.0,100.0,0.0,100.0,0.0,68.0,32.0,100.0,0.0,100.0,4.0,85.0,31567.0,32,32,100.0,0.0,100.0,0.0,200.0,0.0,100.0,36694.0,100.0,23999527656.0,100.0,189505798727.0
