2018-01-01,Z304KDZX,ST4000DM000,4000787030016,0,117,140429696,91,0,100,8,100,0,89,934665183,78,19636,100,0,100,8,100.0,0.0,100.0,0.0,100.0,0.0,100.0,0.0,100.0,0.0,72.0,28.0,100.0,0.0,100.0,0.0,98.0,5907.0,28,28,100,0,100,0,200,0,100.0,19550.0,100.0,44391674240.0,100.0,71091259174.0
2018-01-02,Z304KDZX,ST4000DM000,4000787030016,0,115,91877632,91,0,100,8,100,0,89,936454067,78,19661,100,0,100,8,100.0,0.0,100.0,0.0,100.0,0.0,100.0,0.0,100.0,0.0,72.0,28.0,100.0,0.0,100.0,0.0,98.0,5907.0,28,28,100,0,100,0,200,0,100.0,19574.0,100.0,44407304440.0,100.0,71231528156.0
2018-01-03,Z304KDZX,ST4000DM000,4000787030016,0,116,107721504,91,0,100,8,100,0,89,937316340,78,19685,100,0,100,8,100.0,0.0,100.0,0.0,100.0,0.0,100.0,0.0,100.0,0.0,72.0,28.0,100.0,0.0,100.0,0.0,98.0,5907.0,28,28,100,0,100,0,200,0,100.0,19598.0,100.0,44419006368.0,100.0,71378823389.0
2018-01-04,Z304KDZX,ST4000DM000,4000787030016,0,114,71913672,91,0,100,8,100,0,89,937730363,78,19697,100,0,100,8,100.0,0.0,100.0,0.0,100.0,0.0,100.0,0.0,100.0,0.0,72.0,28.0,100.0,0.0,100.0,0.0,98.0,5907.0,28,28,100,0,100,0,200,0,100.0,19610.0,100.0,44426444184.0,100.0,71437861693.0
2018-01-05,Z304KDZX,ST4000DM000,4000787030016,0,119.0,224785152.0,91.0,0.0,100.0,8.0,100.0,0.0,89.0,938641188.0,78.0,19725.0,100.0,0.0,100.0,8.0,100.0,0.0,100.0,0.0,100.0,0.0,100.0,0.0,100.0,0.0,72.0,28.0,100.0,0.0,100.0,0.0,98.0,5910.0,28.0,28.0,100.0,0.0,100.0,0.0,200.0,0.0,100.0,19638.0,100.0,44437893552.0,100.0,71605705225.0
2018-01-06,Z304KDZX,ST4000DM000,4000787030016,0,115,88176792,91,0,100,8,100,0,90,939619692,78,19749,100,0,100,8,100.0,0.0,100.0,0.0,100.0,0.0,100.0,0.0,100.0,0.0,79.0,21.0,100.0,0.0,100.0,0.0,98.0,5910.0,21,21,100,0,100,0,200,0,100.0,19662.0,100.0,44450863936.0,100.0,71760463834.0
2018-01-07,Z304KDZX,ST4000DM000,4000787030016,0,105,8303144,91,0,100,8,100,0,90,941114623,78,19773,100,0,100,8,100.0,0.0,100.0,0.0,100.0,0.0,100.0,0.0,100.0,0.0,78.0,22.0,100.0,0.0,100.0,0.0,98.0,5910.0,22,22,100,0,100,0,200,0,100.0,19686.0,100.0,44467244304.0,100.0,71974042040.0
2018-01-08,Z304KDZX,ST4000DM000,4000787030016,0,113,55586752,91,0,100,8,100,0,90,941759015,78,19797,100,0,100,8,100.0,0.0,100.0,0.0,100.0,0.0,100.0,0.0,100.0,0.0,79.0,21.0,100.0,0.0,100.0,0.0,98.0,5910.0,21,21,100,0,100,0,200,0,100.0,19710.0,100.0,44485876448.0,100.0,72146964478.0
2018-01-09,Z304KDZX,ST4000DM000,4000787030016,0,115,92981792,91,0,100,8,100,0,90,943113388,78,19821,100,0,100,8,100.0,0.0,100.0,0.0,100.0,0.0,100.0,0.0,100.0,0.0,78.0,22.0,100.0,0.0,100.0,0.0,98.0,5910.0,22,22,100,0,100,0,200,0,100.0,19734.0,100.0,44497716680.0,100.0,72321684301.0
2018-01-10,Z304KDZX,ST4000DM000,4000787030016,0,108,18586496,91,0,100,8,100,0,90,943781577,78,19845,100,0,100,8,100.0,0.0,100.0,0.0,100.0,0.0,100.0,0.0,100.0,0.0,79.0,21.0,100.0,0.0,100.0,0.0,98.0,5910.0,21,21,100,0,100,0,200,0,100.0,19758.0,100.0,44508132792.0,100.0,72497952572.0
2018-01-11,Z304KDZX,ST4000DM000,4000787030016,0,119,223851608,91,0,100,8,100,0,90,945504459,78,19879,100,0,100,8,100.0,0.0,100.0,0.0,100.0,0.0,100.0,0.0,100.0,0.0,77.0,23.0,100.0,0.0,100.0,0.0,98.0,5913.0,23,23,100,0,100,0,200,0,100.0,19792.0,100.0,44527391544.0,100.0,72768163570.0
2018-01-12,Z304KDZX,ST4000DM000,4000787030016,0,117,129179136,91,0,100,8,100,0,90,946569470,78,19903,100,0,100,8,100.0,0.0,100.0,0.0,100.0,0.0,100.0,0.0,100.0,0.0,77.0,23.0,100.0,0.0,100.0,0.0,98.0,5913.0,23,23,100,0,100,0,200,0,100.0,19816.0,100.0,44551158824.0,100.0,72954010921.0
2018-01-13,Z304KDZX,ST4000DM000,4000787030016,0,118.0,189898912.0,91.0,0.0,100.0,8.0,100,0,90.0,947391519.0,78,19927,100.0,0.0,100,8,100.0,0.0,100.0,0.0,100.0,0.0,100.0,0.0,100.0,0.0,77.0,23.0,100.0,0.0,100.0,0.0,98.0,5913.0,23.0,23.0,100.0,0.0,100.0,0.0,200,0,100.0,19840.0,100.0,44570426496.0,100.0,73166274148.0
2018-01-14,Z304KDZX,ST4000DM000,4000787030016,0,113.0,56420216.0,91.0,0.0,100.0,8.0,100,0,90.0,949088043.0,78,19950,100.0,0.0,100,8,100.0,0.0,100.0,0.0,100.0,0.0,100.0,0.0,100.0,0.0,78.0,22.0,100.0,0.0,100.0,0.0,98.0,5913.0,22.0,22.0,100.0,0.0,100.0,0.0,200,0,100.0,19863.0,100.0,44587151432.0,100.0,73360588579.0
2018-01-15,Z304KDZX,ST4000DM000,4000787030016,0,115.0,100433448.0,91.0,0.0,100.0,8.0,100,0,90.0,950032844.0,78,19975,100.0,0.0,100,8,100.0,0.0,100.0,0.0,100.0,0.0,100.0,0.0,100.0,0.0,76.0,24.0,100.0,0.0,100.0,0.0,98.0,5913.0,24.0,24.0,100.0,0.0,100.0,0.0,200,0,100.0,19888.0,100.0,44600123152.0,100.0,73530519767.0
2018-01-16,Z304KDZX,ST4000DM000,4000787030016,0,115.0,98434008.0,91.0,0.0,100.0,8.0,100,0,90.0,951674723.0,78,19999,100.0,0.0,100,8,100.0,0.0,100.0,0.0,100.0,0.0,100.0,0.0,100.0,0.0,77.0,23.0,100.0,0.0,100.0,0.0,98.0,5913.0,23.0,23.0,100.0,0.0,100.0,0.0,200,0,100.0,19912.0,100.0,44615748616.0,100.0,73708843589.0
2018-01-17,Z304KDZX,ST4000DM000,4000787030016,0,119.0,220341536.0,91.0,0.0,100.0,8.0,100,0,90.0,952840822.0,78,20023,100.0,0.0,100,8,100.0,0.0,100.0,0.0,100.0,0.0,100.0,0.0,100.0,0.0,79.0,21.0,100.0,0.0,100.0,0.0,98.0,5913.0,21.0,21.0,100.0,0.0,100.0,0.0,200,0,100.0,19936.0,100.0,44629000136.0,100.0,73890026418.0
2018-01-18,Z304KDZX,ST4000DM000,4000787030016,0,115.0,92202856.0,91.0,0.0,100.0,8.0,100.0,0.0,90.0,953848321.0,78.0,20037.0,100.0,0.0,100.0,8.0,100.0,0.0,100.0,0.0,100.0,0.0,100.0,0.0,100.0,0.0,78.0,22.0,100.0,0.0,100.0,0.0,98.0,5913.0,22.0,22.0,100.0,0.0,100.0,0.0,200.0,0.0,100.0,19950.0,100.0,44637033552.0,100.0,74008036544.0
2018-01-19,Z304KDZX,ST4000DM000,4000787030016,0,113.0,57771256.0,91.0,0.0,100.0,8.0,100.0,0.0,90.0,954246529.0,78.0,20050.0,100.0,0.0,100.0,8.0,100.0,0.0,100.0,0.0,100.0,0.0,100.0,0.0,100.0,0.0,78.0,22.0,100.0,0.0,100.0,0.0,98.0,5917.0,22.0,22.0,100.0,0.0,100.0,0.0,200.0,0.0,100.0,19963.0,100.0,44642728072.0,100.0,74074796945.0
2018-01-20,Z304KDZX,ST4000DM000,4000787030016,0,109.0,23697952.0,91.0,0.0,100.0,8.0,100,0,90.0,956441353.0,78,20086,100.0,0.0,100,8,100.0,0.0,100.0,0.0,100.0,0.0,100.0,0.0,100.0,0.0,77.0,23.0,100.0,0.0,100.0,0.0,98.0,5917.0,23.0,23.0,100.0,0.0,100.0,0.0,200,0,100.0,19999.0,100.0,44661507128.0,100.0,74321557096.0
2018-01-21,Z304KDZX,ST4000DM000,4000787030016,0,117.0,132816184.0,91.0,0.0,100.0,8.0,100,0,90.0,958483192.0,78,20110,100.0,0.0,100,8,100.0,0.0,100.0,0.0,100.0,0.0,100.0,0.0,100.0,0.0,78.0,22.0,100.0,0.0,100.0,0.0,98.0,5917.0,22.0,22.0,100.0,0.0,100.0,0.0,200,0,100.0,20023.0,100.0,44674693312.0,100.0,74521125093.0
2018-01-22,Z304KDZX,ST4000DM000,4000787030016,0,114.0,62066616.0,91.0,0.0,100.0,8.0,100,0,90.0,961174654.0,78,20134,100.0,0.0,100,8,100.0,0.0,100.0,0.0,100.0,0.0,100.0,0.0,100.0,0.0,78.0,22.0,100.0,0.0,100.0,0.0,98.0,5917.0,22.0,22.0,100.0,0.0,100.0,0.0,200,0,100.0,20047.0,100.0,44702332328.0,100.0,74722635578.0
2018-01-23,Z304KDZX,ST4000DM000,4000787030016,0,117.0,128388864.0,91.0,0.0,100.0,8.0,100,0,90.0,962819195.0,77,20158,100.0,0.0,100,8,100.0,0.0,100.0,0.0,100.0,0.0,100.0,0.0,100.0,0.0,79.0,21.0,100.0,0.0,100.0,0.0,98.0,5917.0,21.0,21.0,100.0,0.0,100.0,0.0,200,0,100.0,20071.0,100.0,44720938224.0,100.0,74873436707.0
2018-01-24,Z304KDZX,ST4000DM000,4000787030016,0,119.0,203438096.0,91.0,0.0,100.0,8.0,100,0,90.0,964057742.0,77,20189,100.0,0.0,100,8,100.0,0.0,100.0,0.0,100.0,0.0,100.0,0.0,100.0,0.0,79.0,21.0,100.0,0.0,100.0,0.0,98.0,5917.0,21.0,21.0,100.0,0.0,100.0,0.0,200,0,100.0,20102.0,100.0,44744039216.0,100.0,75080130364.0
2018-01-25,Z304KDZX,ST4000DM000,4000787030016,0,120.0,236713232.0,91.0,0.0,100.0,8.0,100,0,90.0,964934229.0,77,20206,100.0,0.0,100,8,100.0,0.0,100.0,0.0,100.0,0.0,100.0,0.0,100.0,0.0,79.0,21.0,100.0,0.0,100.0,0.0,98.0,5917.0,21.0,21.0,100.0,0.0,100.0,0.0,200,0,100.0,20119.0,100.0,44764335992.0,100.0,75209981653.0
2018-01-26,Z304KDZX,ST4000DM000,4000787030016,0,114.0,75704176.0,91.0,0.0,100.0,8.0,100,0,90.0,965825631.0,77,20230,100.0,0.0,100,8,100.0,0.0,100.0,0.0,100.0,0.0,100.0,0.0,100.0,0.0,78.0,22.0,100.0,0.0,100.0,0.0,98.0,5919.0,22.0,22.0,100.0,0.0,100.0,0.0,200,0,100.0,20143.0,100.0,44782114696.0,100.0,75341399247.0
2018-01-27,Z304KDZX,ST4000DM000,4000787030016,0,119.0,213200104.0,91.0,0.0,100.0,8.0,100,0,90.0,966949933.0,77,20254,100.0,0.0,100,8,100.0,0.0,100.0,0.0,100.0,0.0,100.0,0.0,100.0,0.0,78.0,22.0,100.0,0.0,100.0,0.0,98.0,5919.0,22.0,22.0,100.0,0.0,100.0,0.0,200,0,100.0,20167.0,100.0,44798795752.0,100.0,75512873294.0
2018-01-28,Z304KDZX,ST4000DM000,4000787030016,0,105.0,9388728.0,91.0,0.0,100.0,8.0,100,0,90.0,968927844.0,77,20278,100.0,0.0,100,8,100.0,0.0,100.0,0.0,100.0,0.0,100.0,0.0,100.0,0.0,78.0,22.0,100.0,0.0,100.0,0.0,98.0,5919.0,22.0,22.0,100.0,0.0,100.0,0.0,200,0,100.0,20191.0,100.0,44816243400.0,100.0,75696244460.0
2018-01-29,Z304KDZX,ST4000DM000,4000787030016,0,108.0,18567880.0,91.0,0.0,100.0,8.0,100,0,90.0,970550584.0,77,20302,100.0,0.0,100,8,100.0,0.0,100.0,0.0,100.0,0.0,100.0,0.0,100.0,0.0,79.0,21.0,100.0,0.0,100.0,0.0,98.0,5919.0,21.0,21.0,100.0,0.0,100.0,0.0,200,0,100.0,20215.0,100.0,44829345864.0,100.0,75877620195.0
2018-01-30,Z304KDZX,ST4000DM000,4000787030016,0,118.0,177431584.0,91.0,0.0,100.0,8.0,100,0,90.0,972503312.0,77,20335,100.0,0.0,100,8,100.0,0.0,100.0,0.0,100.0,0.0,100.0,0.0,100.0,0.0,77.0,23.0,100.0,0.0,100.0,0.0,98.0,5923.0,23.0,23.0,100.0,0.0,100.0,0.0,200,0,100.0,20248.0,100.0,44862953592.0,100.0,76112737156.0
2018-01-31,Z304KDZX,ST4000DM000,4000787030016,0,112.0,46985336.0,91.0,0.0,100.0,8.0,100.0,0.0,90.0,973350361.0,77.0,20359.0,100.0,0.0,100.0,8.0,100.0,0.0,100.0,0.0,100.0,0.0,100.0,0.0,100.0,0.0,78.0,22.0,100.0,0.0,100.0,0.0,98.0,5923.0,22.0,22.0,100.0,0.0,100.0,0.0,200.0,0.0,100.0,20272.0,100.0,44881670184.0,100.0,76249027463.0
2018-02-01,Z304KDZX,ST4000DM000,4000787030016,0,118.0,173014648.0,91.0,0.0,100.0,8.0,100,0,90.0,974405406.0,77,20383,100.0,0.0,100,8,100.0,0.0,100.0,0.0,100.0,0.0,100.0,0.0,100.0,0.0,78.0,22.0,100.0,0.0,100.0,0.0,98.0,5923.0,22.0,22.0,100.0,0.0,100.0,0.0,200,0,100.0,20296.0,100.0,44900832968.0,100.0,76405419860.0
2018-02-02,Z304KDZX,ST4000DM000,4000787030016,0,116.0,108767448.0,91.0,0.0,100.0,8.0,100,0,90.0,975557226.0,77,20406,100.0,0.0,100,8,100.0,0.0,100.0,0.0,100.0,0.0,100.0,0.0,100.0,0.0,79.0,21.0,100.0,0.0,100.0,0.0,98.0,5923.0,21.0,21.0,100.0,0.0,100.0,0.0,200,0,100.0,20319.0,100.0,44928063384.0,100.0,76560575276.0
2018-02-03,Z304KDZX,ST4000DM000,4000787030016,0,117.0,156813216.0,91.0,0.0,100.0,8.0,100,0,90.0,978163636.0,77,20430,100.0,0.0,100,8,100.0,0.0,100.0,0.0,100.0,0.0,100.0,0.0,100.0,0.0,78.0,22.0,100.0,0.0,100.0,0.0,98.0,5923.0,22.0,22.0,100.0,0.0,100.0,0.0,200,0,100.0,20343.0,100.0,44956223744.0,100.0,76747843427.0
2018-02-04,Z304KDZX,ST4000DM000,4000787030016,0,114.0,70462448.0,91.0,0.0,100.0,8.0,100,0,90.0,979969236.0,77,20450,100.0,0.0,100,8,100.0,0.0,100.0,0.0,100.0,0.0,100.0,0.0,100.0,0.0,79.0,21.0,100.0,0.0,100.0,0.0,98.0,5923.0,21.0,21.0,100.0,0.0,100.0,0.0,200,0,100.0,20363.0,100.0,44972435400.0,100.0,76923431218.0
2018-02-05,Z304KDZX,ST4000DM000,4000787030016,0,117.0,140842248.0,91.0,0.0,100.0,8.0,100,0,90.0,980904582.0,77,20475,100.0,0.0,100,8,100.0,0.0,100.0,0.0,100.0,0.0,100.0,0.0,100.0,0.0,79.0,21.0,100.0,0.0,100.0,0.0,98.0,5923.0,21.0,21.0,100.0,0.0,100.0,0.0,200,0,100.0,20388.0,100.0,44984819528.0,100.0,77068164567.0
2018-02-06,Z304KDZX,ST4000DM000,4000787030016,0,108.0,16105040.0,91.0,0.0,100.0,8.0,100,0,90.0,982526663.0,77,20499,100.0,0.0,100,8,100.0,0.0,100.0,0.0,100.0,0.0,100.0,0.0,100.0,0.0,79.0,21.0,100.0,0.0,100.0,0.0,98.0,5923.0,21.0,21.0,100.0,0.0,100.0,0.0,200,0,100.0,20412.0,100.0,44998625936.0,100.0,77227919874.0
2018-02-07,Z304KDZX,ST4000DM000,4000787030016,0,115.0,85572280.0,91.0,0.0,100.0,8.0,100,0,90.0,983122903.0,77,20522,100.0,0.0,100,8,100.0,0.0,100.0,0.0,100.0,0.0,100.0,0.0,100.0,0.0,79.0,21.0,100.0,0.0,100.0,0.0,98.0,5923.0,21.0,21.0,100.0,0.0,100.0,0.0,200,0,100.0,20435.0,100.0,45002981664.0,100.0,77340127606.0
2018-02-08,Z304KDZX,ST4000DM000,4000787030016,0,119.0,226238136.0,91.0,0.0,100.0,8.0,100,0,90.0,984120059.0,77,20548,100.0,0.0,100,8,100.0,0.0,100.0,0.0,100.0,0.0,100.0,0.0,100.0,0.0,79.0,21.0,100.0,0.0,100.0,0.0,98.0,5925.0,21.0,21.0,100.0,0.0,100.0,0.0,200,0,100.0,20461.0,100.0,45011005352.0,100.0,77515989008.0
2018-02-09,Z304KDZX,ST4000DM000,4000787030016,0,119,218965920,91,0,100,8,100,0,90,984994439,77,20572,100,0,100,8,100.0,0.0,100.0,0.0,100.0,0.0,100.0,0.0,100.0,0.0,80.0,20.0,100.0,0.0,100.0,0.0,98.0,5925.0,20,20,100,0,100,0,200,0,100.0,20485.0,100.0,45027834328.0,100.0,77652316808.0
2018-02-10,Z304KDZX,ST4000DM000,4000787030016,0,117.0,148767560.0,91.0,0.0,100.0,8.0,100.0,0.0,90.0,985933494.0,77.0,20596.0,100.0,0.0,100.0,8.0,100.0,0.0,100.0,0.0,100.0,0.0,100.0,0.0,100.0,0.0,80.0,20.0,100.0,0.0,100.0,0.0,98.0,5925.0,20.0,20.0,100.0,0.0,100.0,0.0,200.0,0.0,100.0,20509.0,100.0,45036348976.0,100.0,77797568160.0
2018-02-11,Z304KDZX,ST4000DM000,4000787030016,0,115,95116248,91,0,100,8,100,0,90,987682345,77,20620,100,0,100,8,100.0,0.0,100.0,0.0,100.0,0.0,100.0,0.0,100.0,0.0,79.0,21.0,100.0,0.0,100.0,0.0,98.0,5925.0,21,21,100,0,100,0,200,0,100.0,20533.0,100.0,45047539720.0,100.0,77973053214.0
2018-02-12,Z304KDZX,ST4000DM000,4000787030016,0,119,204134952,91,0,100,8,100,0,90,988714109,77,20644,100,0,100,8,100.0,0.0,100.0,0.0,100.0,0.0,100.0,0.0,100.0,0.0,79.0,21.0,100.0,0.0,100.0,0.0,98.0,5925.0,21,21,100,0,100,0,200,0,100.0,20557.0,100.0,45059175976.0,100.0,78126393833.0
2018-02-13,Z304KDZX,ST4000DM000,4000787030016,0,112,44974360,91,0,100,8,100,0,90,990521174,77,20668,100,0,100,8,100.0,0.0,100.0,0.0,100.0,0.0,100.0,0.0,100.0,0.0,79.0,21.0,100.0,0.0,100.0,0.0,98.0,5925.0,21,21,100,0,100,0,200,0,100.0,20581.0,100.0,45073324640.0,100.0,78287478785.0
2018-02-14,Z304KDZX,ST4000DM000,4000787030016,0,117,148964592,91,0,100,8,100,0,90,991975212,77,20692,100,0,100,8,100.0,0.0,100.0,0.0,100.0,0.0,100.0,0.0,100.0,0.0,79.0,21.0,100.0,0.0,100.0,0.0,98.0,5925.0,21,21,100,0,100,0,200,0,100.0,20605.0,100.0,45084005672.0,100.0,78463854521.0
2018-02-15,Z304KDZX,ST4000DM000,4000787030016,0,111,33635800,91,0,100,8,100,0,90,994559794,77,20716,100,0,100,8,100.0,0.0,100.0,0.0,100.0,0.0,100.0,0.0,100.0,0.0,79.0,21.0,100.0,0.0,100.0,0.0,98.0,5925.0,21,21,100,0,100,0,200,0,100.0,20629.0,100.0,45104701616.0,100.0,78647657232.0
2018-02-16,Z304KDZX,ST4000DM000,4000787030016,0,116,110911912,91,0,100,8,100,0,90,995989344,77,20740,100,0,100,8,100.0,0.0,100.0,0.0,100.0,0.0,100.0,0.0,100.0,0.0,79.0,21.0,100.0,0.0,100.0,0.0,98.0,5925.0,21,21,100,0,100,0,200,0,100.0,20653.0,100.0,45116642208.0,100.0,78823409029.0
2018-02-17,Z304KDZX,ST4000DM000,4000787030016,0,119,219510584,91,0,100,8,100,0,90,997075556,77,20765,100,0,100,8,100.0,0.0,100.0,0.0,100.0,0.0,100.0,0.0,100.0,0.0,79.0,21.0,100.0,0.0,100.0,0.0,98.0,5925.0,21,21,100,0,100,0,200,0,100.0,20677.0,100.0,45133149320.0,100.0,78994412998.0
2018-02-18,Z304KDZX,ST4000DM000,4000787030016,0,117,119303200,91,0,100,8,100,0,90,998706961,77,20788,100,0,100,8,100.0,0.0,100.0,0.0,100.0,0.0,100.0,0.0,100.0,0.0,80.0,20.0,100.0,0.0,100.0,0.0,98.0,5925.0,20,20,100,0,100,0,200,0,100.0,20700.0,100.0,45151853864.0,100.0,79153072746.0
2018-02-19,Z304KDZX,ST4000DM000,4000787030016,0,117,131990840,91,0,100,8,100,0,90,999676168,77,20812,100,0,100,8,100.0,0.0,100.0,0.0,100.0,0.0,100.0,0.0,100.0,0.0,79.0,21.0,100.0,0.0,100.0,0.0,98.0,5925.0,21,21,100,0,100,0,200,0,100.0,20725.0,100.0,45171577592.0,100.0,79307825586.0
2018-02-20,Z304KDZX,ST4000DM000,4000787030016,0,118,170468184,91,0,100,8,100,0,60,1088197,77,20836,100,0,100,8,100.0,0.0,100.0,0.0,100.0,0.0,100.0,0.0,100.0,0.0,79.0,21.0,100.0,0.0,100.0,0.0,98.0,5925.0,21,21,100,0,100,0,200,0,100.0,20749.0,100.0,45186866552.0,100.0,79437840909.0
2018-02-21,Z304KDZX,ST4000DM000,4000787030016,0,120,243824032,91,0,100,8,100,0,62,1823655,77,20860,100,0,100,8,100.0,0.0,100.0,0.0,100.0,0.0,100.0,0.0,100.0,0.0,78.0,22.0,100.0,0.0,100.0,0.0,98.0,5925.0,22,22,100,0,100,0,200,0,100.0,20773.0,100.0,45196149632.0,100.0,79559199571.0
2018-02-22,Z304KDZX,ST4000DM000,4000787030016,0,114,76590480,91,0,100,8,100,0,64,2675516,77,20883,100,0,100,8,100.0,0.0,100.0,0.0,100.0,0.0,100.0,0.0,100.0,0.0,79.0,21.0,100.0,0.0,100.0,0.0,98.0,5928.0,21,21,100,0,100,0,200,0,100.0,20796.0,100.0,45206514232.0,100.0,79709022745.0
2018-02-23,Z304KDZX,ST4000DM000,4000787030016,0,117,131247784,91,0,100,8,100,0,65,3433968,77,20907,100,0,100,8,100.0,0.0,100.0,0.0,100.0,0.0,100.0,0.0,100.0,0.0,79.0,21.0,100.0,0.0,100.0,0.0,98.0,5928.0,21,21,100,0,100,0,200,0,100.0,20820.0,100.0,45211460072.0,100.0,79862664460.0
2018-02-24,Z304KDZX,ST4000DM000,4000787030016,0,117,127324880,91,0,100,8,100,0,66,4111164,77,20931,100,0,100,8,100.0,0.0,100.0,0.0,100.0,0.0,100.0,0.0,100.0,0.0,79.0,21.0,100.0,0.0,100.0,0.0,98.0,5928.0,21,21,100,0,100,0,200,0,100.0,20844.0,100.0,45226672952.0,100.0,80049436739.0
2018-02-25,Z304KDZX,ST4000DM000,4000787030016,0,110,26356184,91,0,100,8,100,0,67,5361643,77,20955,100,0,100,8,100.0,0.0,100.0,0.0,100.0,0.0,100.0,0.0,100.0,0.0,79.0,21.0,100.0,0.0,100.0,0.0,98.0,5928.0,21,21,100,0,100,0,200,0,100.0,20868.0,100.0,45237230128.0,100.0,80236929478.0
2018-02-26,Z304KDZX,ST4000DM000,4000787030016,0,109,22626576,91,0,100,8,100,0,67,5955502,77,20979,100,0,100,8,100.0,0.0,100.0,0.0,100.0,0.0,100.0,0.0,100.0,0.0,79.0,21.0,100.0,0.0,100.0,0.0,98.0,5928.0,21,21,100,0,100,0,200,0,100.0,20892.0,100.0,45248875992.0,100.0,80396957029.0
2018-02-27,Z304KDZX,ST4000DM000,4000787030016,0,112,47216760,91,0,100,8,100,0,68,7198056,77,21003,100,0,100,8,100.0,0.0,100.0,0.0,100.0,0.0,100.0,0.0,100.0,0.0,79.0,21.0,100.0,0.0,100.0,0.0,98.0,5928.0,21,21,100,0,100,0,200,0,100.0,20916.0,100.0,45264752112.0,100.0,80560059222.0
2018-02-28,Z304KDZX,ST4000DM000,4000787030016,0,118,175109296,91,0,100,8,100,0,69,7772271,76,21028,100,0,100,8,100.0,0.0,100.0,0.0,100.0,0.0,100.0,0.0,100.0,0.0,79.0,21.0,100.0,0.0,100.0,0.0,98.0,5928.0,21,21,100,0,100,0,200,0,100.0,20940.0,100.0,45278078696.0,100.0,80752652088.0
2018-03-01,Z304KDZX,ST4000DM000,4000787030016,0,119,209844184,91,0,100,8,100,0,69,9712707,76,21054,100,0,100,8,100.0,0.0,100.0,0.0,100.0,0.0,100.0,0.0,100.0,0.0,79.0,21.0,100.0,0.0,100.0,0.0,98.0,5931.0,21,21,100,0,100,0,200,0,100.0,20967.0,100.0,45292697136.0,100.0,80963246666.0
2018-03-02,Z304KDZX,ST4000DM000,4000787030016,0,119,226370072,91,0,100,8,100,0,69,10331658,76,21078,100,0,100,8,100.0,0.0,100.0,0.0,100.0,0.0,100.0,0.0,100.0,0.0,79.0,21.0,100.0,0.0,100.0,0.0,98.0,5931.0,21,21,100,0,100,0,200,0,100.0,20991.0,100.0,45304662592.0,100.0,81166600097.0
2018-03-03,Z304KDZX,ST4000DM000,4000787030016,0,114,73634664,91,0,100,8,100,0,70,11418243,76,21102,100,0,100,8,100.0,0.0,100.0,0.0,100.0,0.0,100.0,0.0,100.0,0.0,79.0,21.0,100.0,0.0,100.0,0.0,98.0,5931.0,21,21,100,0,100,0,200,0,100.0,21015.0,100.0,45313796928.0,100.0,81354215127.0
2018-03-04,Z304KDZX,ST4000DM000,4000787030016,0,119,219479776,91,0,100,8,100,0,71,13051397,76,21126,100,0,100,8,100.0,0.0,100.0,0.0,100.0,0.0,100.0,0.0,100.0,0.0,79.0,21.0,100.0,0.0,100.0,0.0,98.0,5931.0,21,21,100,0,100,0,200,0,100.0,21038.0,100.0,45323438624.0,100.0,81540027156.0
2018-03-05,Z304KDZX,ST4000DM000,4000787030016,0,115,90333672,91,0,100,8,100,0,71,14029170,76,21150,100,0,100,8,100.0,0.0,100.0,0.0,100.0,0.0,100.0,0.0,100.0,0.0,79.0,21.0,100.0,0.0,100.0,0.0,98.0,5931.0,21,21,100,0,100,0,200,0,100.0,21062.0,100.0,45328094240.0,100.0,81726398511.0
2018-03-06,Z304KDZX,ST4000DM000,4000787030016,0,119,215348896,91,0,100,8,100,0,72,15367422,76,21168,100,0,100,8,100.0,0.0,100.0,0.0,100.0,0.0,100.0,0.0,100.0,0.0,79.0,21.0,100.0,0.0,100.0,0.0,98.0,5932.0,21,21,100,0,100,0,200,0,100.0,21081.0,100.0,45332638088.0,100.0,81854470840.0
2018-03-07,Z304KDZX,ST4000DM000,4000787030016,0,117.0,166918944.0,91.0,0.0,100.0,8.0,100.0,0.0,72.0,16707939.0,76.0,21193.0,100.0,0.0,100.0,8.0,100.0,0.0,100.0,0.0,100.0,0.0,100.0,0.0,100.0,0.0,80.0,20.0,100.0,0.0,100.0,0.0,98.0,5935.0,20.0,20.0,100.0,0.0,100.0,0.0,200.0,0.0,100.0,21105.0,100.0,45335665536.0,100.0,82027464402.0
2018-03-08,Z304KDZX,ST4000DM000,4000787030016,0,109,23325552,91,0,100,8,100,0,72,18388940,76,21221,100,0,100,8,100.0,0.0,100.0,0.0,100.0,0.0,100.0,0.0,100.0,0.0,79.0,21.0,100.0,0.0,100.0,0.0,98.0,5938.0,21,21,100,0,100,0,200,0,100.0,21134.0,100.0,45338456296.0,100.0,82230942773.0
2018-03-09,Z304KDZX,ST4000DM000,4000787030016,0,116,109788432,91,0,100,8,100,0,72,19579781,76,21245,100,0,100,8,100.0,0.0,100.0,0.0,100.0,0.0,100.0,0.0,100.0,0.0,79.0,21.0,100.0,0.0,100.0,0.0,98.0,5938.0,21,21,100,0,100,0,200,0,100.0,21158.0,100.0,45340837368.0,100.0,82409902507.0
2018-03-10,Z304KDZX,ST4000DM000,4000787030016,0,118,173666688,91,0,100,8,100,0,72,20850515,76,21270,100,0,100,8,100.0,0.0,100.0,0.0,100.0,0.0,100.0,0.0,100.0,0.0,79.0,21.0,100.0,0.0,100.0,0.0,98.0,5938.0,21,21,100,0,100,0,200,0,100.0,21182.0,100.0,45342864648.0,100.0,82598473088.0
2018-03-11,Z304KDZX,ST4000DM000,4000787030016,0,117,146595192,91,0,100,8,100,0,73,23376475,76,21293,100,0,100,8,100.0,0.0,100.0,0.0,100.0,0.0,100.0,0.0,100.0,0.0,79.0,21.0,100.0,0.0,100.0,0.0,98.0,5938.0,21,21,100,0,100,0,200,0,100.0,21206.0,100.0,45347801520.0,100.0,82764926164.0
2018-03-12,Z304KDZX,ST4000DM000,4000787030016,0,116,109162728,91,0,100,8,100,0,73,24110361,76,21317,100,0,100,8,100.0,0.0,100.0,0.0,100.0,0.0,100.0,0.0,100.0,0.0,79.0,21.0,100.0,0.0,100.0,0.0,98.0,5938.0,21,21,100,0,100,0,200,0,100.0,21230.0,100.0,45349674840.0,100.0,82922016701.0
2018-03-13,Z304KDZX,ST4000DM000,4000787030016,0,117,130992520,91,0,100,8,100,0,74,25649395,76,21341,100,0,100,8,100.0,0.0,100.0,0.0,100.0,0.0,100.0,0.0,100.0,0.0,79.0,21.0,100.0,0.0,100.0,0.0,98.0,5938.0,21,21,100,0,100,0,200,0,100.0,21254.0,100.0,45354209480.0,100.0,83095691351.0
2018-03-14,Z304KDZX,ST4000DM000,4000787030016,0,117,145294016,91,0,100,8,100,0,74,26601040,76,21365,100,0,100,8,100.0,0.0,100.0,0.0,100.0,0.0,100.0,0.0,100.0,0.0,79.0,21.0,100.0,0.0,100.0,0.0,98.0,5938.0,21,21,100,0,100,0,200,0,100.0,21278.0,100.0,45356278904.0,100.0,83266049218.0
2018-03-15,Z304KDZX,ST4000DM000,4000787030016,0,117,136842200,91,0,100,8,100,0,74,27804129,76,21390,100,0,100,8,100.0,0.0,100.0,0.0,100.0,0.0,100.0,0.0,100.0,0.0,79.0,21.0,100.0,0.0,100.0,0.0,98.0,5941.0,21,21,100,0,100,0,200,0,100.0,21302.0,100.0,45361636352.0,100.0,83439212641.0
2018-03-16,Z304KDZX,ST4000DM000,4000787030016,0,112.0,43527008.0,91.0,0.0,100.0,8.0,100.0,0.0,74.0,29239146.0,76.0,21414.0,100.0,0.0,100.0,8.0,100.0,0.0,100.0,0.0,100.0,0.0,100.0,0.0,100.0,0.0,78.0,22.0,100.0,0.0,100.0,0.0,98.0,5941.0,22.0,22.0,100.0,0.0,100.0,0.0,200.0,0.0,100.0,21326.0,100.0,45366156936.0,100.0,83620759633.0
2018-03-17,Z304KDZX,ST4000DM000,4000787030016,0,119,205615768,91,0,100,8,100,0,75,30232401,76,21438,100,0,100,8,100.0,0.0,100.0,0.0,100.0,0.0,100.0,0.0,100.0,0.0,78.0,22.0,100.0,0.0,100.0,0.0,98.0,5941.0,22,22,100,0,100,0,200,0,100.0,21350.0,100.0,45374462248.0,100.0,83802296311.0
2018-03-18,Z304KDZX,ST4000DM000,4000787030016,0,119,227877416,91,0,100,8,100,0,75,31628148,76,21461,100,0,100,8,100.0,0.0,100.0,0.0,100.0,0.0,100.0,0.0,100.0,0.0,78.0,22.0,100.0,0.0,100.0,0.0,98.0,5941.0,22,22,100,0,100,0,200,0,100.0,21374.0,100.0,45382406160.0,100.0,83941309003.0
2018-03-19,Z304KDZX,ST4000DM000,4000787030016,0,120,369008,91,0,100,8,100,0,75,32631730,76,21485,100,0,100,8,100.0,0.0,100.0,0.0,100.0,0.0,100.0,0.0,100.0,0.0,78.0,22.0,100.0,0.0,100.0,0.0,98.0,5941.0,22,22,100,0,100,0,200,0,100.0,21398.0,100.0,45388343416.0,100.0,84110400987.0
2018-03-20,Z304KDZX,ST4000DM000,4000787030016,0,111,32462456,91,0,100,8,100,0,75,33858679,76,21502,100,0,100,8,100.0,0.0,100.0,0.0,100.0,0.0,100.0,0.0,100.0,0.0,79.0,21.0,100.0,0.0,100.0,0.0,98.0,5941.0,21,21,100,0,100,0,200,0,100.0,21414.0,100.0,45394126056.0,100.0,84209052888.0
2018-03-21,Z304KDZX,ST4000DM000,4000787030016,0,118,171613552,91,0,100,8,100,0,75,35337354,76,21533,100,0,100,8,100.0,0.0,100.0,0.0,100.0,0.0,100.0,0.0,100.0,0.0,78.0,22.0,100.0,0.0,100.0,0.0,98.0,5941.0,22,22,100,0,100,0,200,0,100.0,21446.0,100.0,45407917040.0,100.0,84438530019.0
2018-03-22,Z304KDZX,ST4000DM000,4000787030016,0,118,186176896,91,0,100,8,100,0,75,37341013,76,21557,100,0,100,8,100.0,0.0,100.0,0.0,100.0,0.0,100.0,0.0,100.0,0.0,79.0,21.0,100.0,0.0,100.0,0.0,98.0,5941.0,21,21,100,0,100,0,200,0,100.0,21470.0,100.0,45421014672.0,100.0,84597840431.0
2018-03-23,Z304KDZX,ST4000DM000,4000787030016,0,106,10933368,91,0,100,8,100,0,75,38218002,76,21582,100,0,100,8,100.0,0.0,100.0,0.0,100.0,0.0,100.0,0.0,100.0,0.0,79.0,21.0,100.0,0.0,100.0,0.0,98.0,5941.0,21,21,100,0,100,0,200,0,100.0,21494.0,100.0,45429461496.0,100.0,84761159686.0
2018-03-24,Z304KDZX,ST4000DM000,4000787030016,0,108,16100000,91,0,100,8,100,0,75,38958380,76,21605,100,0,100,8,100.0,0.0,100.0,0.0,100.0,0.0,100.0,0.0,100.0,0.0,78.0,22.0,100.0,0.0,100.0,0.0,98.0,5941.0,22,22,100,0,100,0,200,0,100.0,21517.0,100.0,45437694344.0,100.0,84887023553.0
2018-03-25,Z304KDZX,ST4000DM000,4000787030016,0,117,129773896,91,0,100,8,100,0,75,40555535,76,21630,100,0,100,8,100.0,0.0,100.0,0.0,100.0,0.0,100.0,0.0,100.0,0.0,78.0,22.0,100.0,0.0,100.0,0.0,98.0,5941.0,22,22,100,0,100,0,200,0,100.0,21542.0,100.0,45448465976.0,100.0,85056402715.0
2018-03-26,Z304KDZX,ST4000DM000,4000787030016,0,119,220313144,91,0,100,8,100,0,75,41341975,76,21654,100,0,100,8,100.0,0.0,100.0,0.0,100.0,0.0,100.0,0.0,100.0,0.0,78.0,22.0,100.0,0.0,100.0,0.0,98.0,5941.0,22,22,100,0,100,0,200,0,100.0,21566.0,100.0,45458497072.0,100.0,85177503960.0
2018-03-27,Z304KDZX,ST4000DM000,4000787030016,0,107,14653056,91,0,100,8,100,0,76,43049868,76,21677,100,0,100,8,100.0,0.0,100.0,0.0,100.0,0.0,100.0,0.0,100.0,0.0,79.0,21.0,100.0,0.0,100.0,0.0,98.0,5941.0,21,21,100,0,100,0,200,0,100.0,21589.0,100.0,45475808920.0,100.0,85346878264.0
2018-03-28,Z304KDZX,ST4000DM000,4000787030016,0,114,75132528,91,0,100,8,100,0,76,44012446,76,21701,100,0,100,8,100.0,0.0,100.0,0.0,100.0,0.0,100.0,0.0,100.0,0.0,79.0,21.0,100.0,0.0,100.0,0.0,98.0,5941.0,21,21,100,0,100,0,200,0,100.0,21613.0,100.0,45488134056.0,100.0,85485947410.0
2018-03-29,Z304KDZX,ST4000DM000,4000787030016,0,104,6580472,91,0,100,8,100,0,76,45157506,76,21725,100,0,100,8,100.0,0.0,100.0,0.0,100.0,0.0,100.0,0.0,100.0,0.0,79.0,21.0,100.0,0.0,100.0,0.0,98.0,5945.0,21,21,100,0,100,0,200,0,100.0,21637.0,100.0,45507756520.0,100.0,85655538427.0
2018-03-30,Z304KDZX,ST4000DM000,4000787030016,0,114,66834168,91,0,100,8,100,0,76,46350381,76,21749,100,0,100,8,100.0,0.0,100.0,0.0,100.0,0.0,100.0,0.0,100.0,0.0,79.0,21.0,100.0,0.0,100.0,0.0,98.0,5945.0,21,21,100,0,100,0,200,0,100.0,21661.0,100.0,45519092176.0,100.0,85819231874.0
2018-03-31,Z304KDZX,ST4000DM000,4000787030016,0,115,92535736,91,0,100,8,100,0,76,48101501,76,21773,100,0,100,8,100.0,0.0,100.0,0.0,100.0,0.0,100.0,0.0,100.0,0.0,79.0,21.0,100.0,0.0,100.0,0.0,98.0,5945.0,21,21,100,0,100,0,200,0,100.0,21686.0,100.0,45547845520.0,100.0,86003666025.0
2018-04-01,Z304KDZX,ST4000DM000,4000787030016,0,111,40558344,91,0,100,8,100,0,76,50008767,76,21797,100,0,100,8,100.0,0.0,100.0,0.0,100.0,0.0,100.0,0.0,100.0,0.0,79.0,21.0,100.0,0.0,100.0,0.0,98.0,5945.0,21,21,100,0,100,0,200,0,100.0,21709.0,100.0,45572728768.0,100.0,86158283631.0
2018-04-02,Z304KDZX,ST4000DM000,4000787030016,0,101,3382344,91,0,100,8,100,0,77,51267401,76,21821,100,0,100,8,100.0,0.0,100.0,0.0,100.0,0.0,100.0,0.0,100.0,0.0,79.0,21.0,100.0,0.0,100.0,0.0,98.0,5945.0,21,21,100,0,100,0,200,0,100.0,21733.0,100.0,45598278520.0,100.0,86330849782.0
2018-04-03,Z304KDZX,ST4000DM000,4000787030016,0,117,144093400,91,0,100,8,100,0,77,53829788,76,21845,100,0,100,8,100.0,0.0,100.0,0.0,100.0,0.0,100.0,0.0,100.0,0.0,79.0,21.0,100.0,0.0,100.0,0.0,98.0,5945.0,21,21,100,0,100,0,200,0,100.0,21757.0,100.0,45621484704.0,100.0,86454393017.0
2018-04-04,Z304KDZX,ST4000DM000,4000787030016,0,105,7591160,91,0,100,8,100,0,77,54790535,76,21869,100,0,100,8,100.0,0.0,100.0,0.0,100.0,0.0,100.0,0.0,100.0,0.0,79.0,21.0,100.0,0.0,100.0,0.0,98.0,5945.0,21,21,100,0,100,0,200,0,100.0,21781.0,100.0,45637931864.0,100.0,86614619163.0
2018-04-05,Z304KDZX,ST4000DM000,4000787030016,0,114,71138768,91,0,100,8,100,0,77,55530624,76,21893,100,0,100,8,100.0,0.0,100.0,0.0,100.0,0.0,100.0,0.0,100.0,0.0,80.0,20.0,100.0,0.0,100.0,0.0,98.0,5945.0,20,20,100,0,100,0,200,0,100.0,21805.0,100.0,45647890256.0,100.0,86745853988.0
2018-04-06,Z304KDZX,ST4000DM000,4000787030016,0,120,236066144,91,0,100,8,100,0,77,56269037,75,21917,100,0,100,8,100.0,0.0,100.0,0.0,100.0,0.0,100.0,0.0,100.0,0.0,80.0,20.0,100.0,0.0,100.0,0.0,98.0,5945.0,20,20,100,0,100,0,200,0,100.0,21829.0,100.0,45657426648.0,100.0,86874460277.0
2018-04-07,Z304KDZX,ST4000DM000,4000787030016,0,118.0,178021976.0,91.0,0.0,100.0,8.0,100.0,0.0,77.0,57224585.0,75.0,21941.0,100.0,0.0,100.0,8.0,100.0,0.0,100.0,0.0,100.0,0.0,100.0,0.0,100.0,0.0,80.0,20.0,100.0,0.0,100.0,0.0,98.0,5945.0,20.0,20.0,100.0,0.0,100.0,0.0,200.0,0.0,100.0,21853.0,100.0,45675643152.0,100.0,87037421280.0
2018-04-08,Z304KDZX,ST4000DM000,4000787030016,0,117,151644016,91,0,100,8,100,0,77,58700070,75,21965,100,0,100,8,100.0,0.0,100.0,0.0,100.0,0.0,100.0,0.0,100.0,0.0,80.0,20.0,100.0,0.0,100.0,0.0,98.0,5945.0,20,20,100,0,100,0,200,0,100.0,21877.0,100.0,45682653512.0,100.0,87205914222.0
2018-04-09,Z304KDZX,ST4000DM000,4000787030016,0,115,84406232,91,0,100,8,100,0,78,59292341,75,21989,100,0,100,8,100.0,0.0,100.0,0.0,100.0,0.0,100.0,0.0,100.0,0.0,80.0,20.0,100.0,0.0,100.0,0.0,98.0,5952.0,20,20,100,0,100,0,200,0,100.0,21901.0,100.0,45687849872.0,100.0,87381733057.0
2018-04-10,Z304KDZX,ST4000DM000,4000787030016,0,108,18808528,91,0,100,8,100,0,78,60397055,75,22013,100,0,100,8,100.0,0.0,100.0,0.0,100.0,0.0,100.0,0.0,100.0,0.0,80.0,20.0,100.0,0.0,100.0,0.0,98.0,5952.0,20,20,100,0,100,0,200,0,100.0,21925.0,100.0,45692873808.0,100.0,87544838549.0
2018-04-11,Z304KDZX,ST4000DM000,4000787030016,0,117,146060448,91,0,100,8,100,0,78,60994748,75,22037,100,0,100,8,100.0,0.0,100.0,0.0,100.0,0.0,100.0,0.0,100.0,0.0,79.0,21.0,100.0,0.0,100.0,0.0,98.0,5952.0,21,21,100,0,100,0,200,0,100.0,21950.0,100.0,45698210368.0,100.0,87716731637.0
2018-04-12,Z304KDZX,ST4000DM000,4000787030016,0,113,53683384,91,0,100,8,100,0,78,61501489,75,22061,100,0,100,8,100.0,0.0,100.0,0.0,100.0,0.0,100.0,0.0,100.0,0.0,79.0,21.0,100.0,0.0,100.0,0.0,98.0,5957.0,21,21,100,0,100,0,200,0,100.0,21973.0,100.0,45701795080.0,100.0,87886286615.0
2018-04-13,Z304KDZX,ST4000DM000,4000787030016,0,117,120410736,91,0,100,8,100,0,78,61924024,75,22085,100,0,100,8,100.0,0.0,100.0,0.0,100.0,0.0,100.0,0.0,100.0,0.0,80.0,20.0,100.0,0.0,100.0,0.0,98.0,5957.0,20,20,100,0,100,0,200,0,100.0,21997.0,100.0,45704063184.0,100.0,88077629979.0
2018-04-14,Z304KDZX,ST4000DM000,4000787030016,0,109,24757624,91,0,100,8,100,0,78,63548517,75,22109,100,0,100,8,100.0,0.0,100.0,0.0,100.0,0.0,100.0,0.0,100.0,0.0,80.0,20.0,100.0,0.0,100.0,0.0,98.0,5957.0,20,20,100,0,100,0,200,0,100.0,22021.0,100.0,45711120688.0,100.0,88276016932.0
2018-04-15,Z304KDZX,ST4000DM000,4000787030016,0,111,34533384,91,0,100,8,100,0,78,65042261,75,22133,100,0,100,8,100.0,0.0,100.0,0.0,100.0,0.0,100.0,0.0,100.0,0.0,80.0,20.0,100.0,0.0,100.0,0.0,98.0,5957.0,20,20,100,0,100,0,200,0,100.0,22045.0,100.0,45714780912.0,100.0,88491914470.0
2018-04-16,Z304KDZX,ST4000DM000,4000787030016,0,111,33980272,91,0,100,8,100,0,78,65877924,75,22157,100,0,100,8,100.0,0.0,100.0,0.0,100.0,0.0,100.0,0.0,100.0,0.0,79.0,21.0,100.0,0.0,100.0,0.0,98.0,5957.0,21,21,100,0,100,0,200,0,100.0,22069.0,100.0,45717700552.0,100.0,88653875199.0
2018-04-17,Z304KDZX,ST4000DM000,4000787030016,0,119,207275184,91,0,100,8,100,0,78,67330304,75,22181,100,0,100,8,100.0,0.0,100.0,0.0,100.0,0.0,100.0,0.0,100.0,0.0,80.0,20.0,100.0,0.0,100.0,0.0,98.0,5957.0,20,20,100,0,100,0,200,0,100.0,22093.0,100.0,45722383432.0,100.0,88828424181.0
2018-04-18,Z304KDZX,ST4000DM000,4000787030016,0,114,64156176,91,0,100,8,100,0,78,68333759,75,22205,100,0,100,8,100.0,0.0,100.0,0.0,100.0,0.0,100.0,0.0,100.0,0.0,80.0,20.0,100.0,0.0,100.0,0.0,98.0,5957.0,20,20,100,0,100,0,200,0,100.0,22117.0,100.0,45726096504.0,100.0,89010826537.0
2018-04-19,Z304KDZX,ST4000DM000,4000787030016,0,119,212975000,91,0,100,8,100,0,78,69671807,75,22229,100,0,100,8,100.0,0.0,100.0,0.0,100.0,0.0,100.0,0.0,100.0,0.0,80.0,20.0,100.0,0.0,100.0,0.0,98.0,5957.0,20,20,100,0,100,0,200,0,100.0,22141.0,100.0,45729013120.0,100.0,89184183900.0
2018-04-20,Z304KDZX,ST4000DM000,4000787030016,0,108,17457072,91,0,100,8,100,0,78,71231110,75,22253,100,0,100,8,100.0,0.0,100.0,0.0,100.0,0.0,100.0,0.0,100.0,0.0,80.0,20.0,100.0,0.0,100.0,0.0,98.0,5957.0,20,20,100,0,100,0,200,0,100.0,22165.0,100.0,45734050232.0,100.0,89365730539.0
2018-04-21,Z304KDZX,ST4000DM000,4000787030016,0,117,125074656,91,0,100,8,100,0,78,72388030,75,22277,100,0,100,8,100.0,0.0,100.0,0.0,100.0,0.0,100.0,0.0,100.0,0.0,80.0,20.0,100.0,0.0,100.0,0.0,98.0,5957.0,20,20,100,0,100,0,200,0,100.0,22189.0,100.0,45737254680.0,100.0,89541867579.0
2018-04-22,Z304KDZX,ST4000DM000,4000787030016,0,109,23046752,91,0,100,8,100,0,78,74320293,75,22301,100,0,100,8,100.0,0.0,100.0,0.0,100.0,0.0,100.0,0.0,100.0,0.0,81.0,19.0,100.0,0.0,100.0,0.0,98.0,5957.0,19,19,100,0,100,0,200,0,100.0,22213.0,100.0,45742138880.0,100.0,89739534916.0
2018-04-23,Z304KDZX,ST4000DM000,4000787030016,0,114,68816624,91,0,100,8,100,0,78,76259689,75,22325,100,0,100,8,100.0,0.0,100.0,0.0,100.0,0.0,100.0,0.0,100.0,0.0,80.0,20.0,100.0,0.0,100.0,0.0,98.0,5957.0,20,20,100,0,100,0,200,0,100.0,22237.0,100.0,45748921584.0,100.0,89903304730.0
2018-04-24,Z304KDZX,ST4000DM000,4000787030016,0,118,192306240,91,0,100,8,100,0,78,77528698,75,22349,100,0,100,8,100.0,0.0,100.0,0.0,100.0,0.0,100.0,0.0,100.0,0.0,80.0,20.0,100.0,0.0,100.0,0.0,98.0,5957.0,20,20,100,0,100,0,200,0,100.0,22261.0,100.0,45750500328.0,100.0,90051552507.0
2018-04-25,Z304KDZX,ST4000DM000,4000787030016,0,115,86581016,91,0,100,8,100,0,78,78478913,75,22373,100,0,100,8,100.0,0.0,100.0,0.0,100.0,0.0,100.0,0.0,100.0,0.0,82.0,18.0,100.0,0.0,100.0,0.0,98.0,5957.0,18,18,100,0,100,0,200,0,100.0,22285.0,100.0,45752590200.0,100.0,90229647015.0
2018-04-26,Z304KDZX,ST4000DM000,4000787030016,0,119,210028720,91,0,100,8,100,0,78,79606937,75,22400,100,0,100,8,100.0,0.0,100.0,0.0,100.0,0.0,100.0,0.0,100.0,0.0,81.0,19.0,100.0,0.0,100.0,0.0,98.0,5960.0,19,19,100,0,100,0,200,0,100.0,22312.0,100.0,45756273176.0,100.0,90419530747.0
2018-04-27,Z304KDZX,ST4000DM000,4000787030016,0,115,90421368,91,0,100,8,100,0,78,80753385,75,22424,100,0,100,8,100.0,0.0,100.0,0.0,100.0,0.0,100.0,0.0,100.0,0.0,80.0,20.0,100.0,0.0,100.0,0.0,98.0,5960.0,20,20,100,0,100,0,200,0,100.0,22336.0,100.0,45758135016.0,100.0,90583679418.0
2018-04-28,Z304KDZX,ST4000DM000,4000787030016,0,119,203383392,91,0,100,8,100,0,78,82147086,75,22447,100,0,100,8,100.0,0.0,100.0,0.0,100.0,0.0,100.0,0.0,100.0,0.0,80.0,20.0,100.0,0.0,100.0,0.0,98.0,5960.0,20,20,100,0,100,0,200,0,100.0,22359.0,100.0,45761121984.0,100.0,90769952626.0
2018-04-29,Z304KDZX,ST4000DM000,4000787030016,0,119,206584672,91,0,100,8,100,0,78,83413099,75,22471,100,0,100,8,100.0,0.0,100.0,0.0,100.0,0.0,100.0,0.0,100.0,0.0,81.0,19.0,100.0,0.0,100.0,0.0,98.0,5960.0,19,19,100,0,100,0,200,0,100.0,22383.0,100.0,45766149720.0,100.0,90924858962.0
2018-04-30,Z304KDZX,ST4000DM000,4000787030016,0,119,208848808,91,0,100,8,100,0,79,84195288,75,22496,100,0,100,8,100.0,0.0,100.0,0.0,100.0,0.0,100.0,0.0,100.0,0.0,80.0,20.0,100.0,0.0,100.0,0.0,98.0,5960.0,20,20,100,0,100,0,200,0,100.0,22408.0,100.0,45768871688.0,100.0,91075146131.0
2018-05-01,Z304KDZX,ST4000DM000,4000787030016,0,115,93243608,91,0,100,8,100,0,79,85543205,75,22519,100,0,100,8,100.0,0.0,100.0,0.0,100.0,0.0,100.0,0.0,100.0,0.0,81.0,19.0,100.0,0.0,100.0,0.0,98.0,5960.0,19,19,100,0,100,0,200,0,100.0,22431.0,100.0,45774184840.0,100.0,91196121904.0
2018-05-02,Z304KDZX,ST4000DM000,4000787030016,0,110.0,28433184.0,91.0,0.0,100.0,8.0,100.0,0.0,79.0,86500020.0,75.0,22544.0,100.0,0.0,100.0,8.0,100.0,0.0,100.0,0.0,100.0,0.0,100.0,0.0,100.0,0.0,81.0,19.0,100.0,0.0,100.0,0.0,98.0,5960.0,19.0,19.0,100.0,0.0,100.0,0.0,200.0,0.0,100.0,22456.0,100.0,45776114104.0,100.0,91361574562.0
2018-05-03,Z304KDZX,ST4000DM000,4000787030016,0,117,138158944,91,0,100,8,100,0,79,88573737,75,22565,100,0,100,8,100.0,0.0,100.0,0.0,100.0,0.0,100.0,0.0,100.0,0.0,81.0,19.0,100.0,0.0,100.0,0.0,98.0,5961.0,19,19,100,0,100,0,200,0,100.0,22477.0,100.0,45782124392.0,100.0,91526014481.0
2018-05-04,Z304KDZX,ST4000DM000,4000787030016,0,116,102162160,91,0,100,8,100,0,79,89262759,75,22589,100,0,100,8,100.0,0.0,100.0,0.0,100.0,0.0,100.0,0.0,100.0,0.0,81.0,19.0,100.0,0.0,100.0,0.0,98.0,5961.0,19,19,100,0,100,0,200,0,100.0,22501.0,100.0,45783824488.0,100.0,91665843759.0
2018-05-05,Z304KDZX,ST4000DM000,4000787030016,0,118,190857968,91,0,100,8,100,0,79,89950008,75,22613,100,0,100,8,100.0,0.0,100.0,0.0,100.0,0.0,100.0,0.0,100.0,0.0,80.0,20.0,100.0,0.0,100.0,0.0,98.0,5961.0,20,20,100,0,100,0,200,0,100.0,22525.0,100.0,45785373360.0,100.0,91809018778.0
2018-05-06,Z304KDZX,ST4000DM000,4000787030016,0,107,13170312,91,0,100,8,100,0,79,91367230,75,22637,100,0,100,8,100.0,0.0,100.0,0.0,100.0,0.0,100.0,0.0,100.0,0.0,80.0,20.0,100.0,0.0,100.0,0.0,98.0,5961.0,20,20,100,0,100,0,200,0,100.0,22549.0,100.0,45790026728.0,100.0,91948953384.0
2018-05-07,Z304KDZX,ST4000DM000,4000787030016,0,118,181593400,91,0,100,8,100,0,79,92103003,75,22661,100,0,100,8,100.0,0.0,100.0,0.0,100.0,0.0,100.0,0.0,100.0,0.0,80.0,20.0,100.0,0.0,100.0,0.0,98.0,5961.0,20,20,100,0,100,0,200,0,100.0,22573.0,100.0,45791922880.0,100.0,92093512180.0
2018-05-08,Z304KDZX,ST4000DM000,4000787030016,0,117,165681360,91,0,100,8,100,0,79,93271479,75,22685,100,0,100,8,100.0,0.0,100.0,0.0,100.0,0.0,100.0,0.0,100.0,0.0,80.0,20.0,100.0,0.0,100.0,0.0,98.0,5964.0,20,20,100,0,100,0,200,0,100.0,22597.0,100.0,45796617192.0,100.0,92183787752.0
2018-05-09,Z304KDZX,ST4000DM000,4000787030016,0,110,27722432,91,0,100,8,100,0,79,94182319,75,22709,100,0,100,8,100.0,0.0,100.0,0.0,100.0,0.0,100.0,0.0,100.0,0.0,80.0,20.0,100.0,0.0,100.0,0.0,98.0,5964.0,20,20,100,0,100,0,200,0,100.0,22621.0,100.0,45800008840.0,100.0,92341805784.0
2018-05-10,Z304KDZX,ST4000DM000,4000787030016,0,119,221807552,91,0,100,8,100,0,79,95113533,75,22733,100,0,100,8,100.0,0.0,100.0,0.0,100.0,0.0,100.0,0.0,100.0,0.0,80.0,20.0,100.0,0.0,100.0,0.0,98.0,5967.0,20,20,100,0,100,0,200,0,100.0,22645.0,100.0,45802075648.0,100.0,92495240524.0
2018-05-11,Z304KDZX,ST4000DM000,4000787030016,0,117,161677792,91,0,100,8,100,0,79,96331943,75,22757,100,0,100,8,100.0,0.0,100.0,0.0,100.0,0.0,100.0,0.0,100.0,0.0,80.0,20.0,100.0,0.0,100.0,0.0,98.0,5968.0,20,20,100,0,100,0,200,0,100.0,22669.0,100.0,45806052976.0,100.0,92661762918.0
2018-05-12,Z304KDZX,ST4000DM000,4000787030016,0,111,41677320,91,0,100,8,100,0,79,97673182,74,22781,100,0,100,8,100.0,0.0,100.0,0.0,100.0,0.0,100.0,0.0,100.0,0.0,81.0,19.0,100.0,0.0,100.0,0.0,98.0,5969.0,19,19,100,0,100,0,200,0,100.0,22693.0,100.0,45808722728.0,100.0,92831812791.0
2018-05-13,Z304KDZX,ST4000DM000,4000787030016,0,111,37367712,91,0,100,8,100,0,79,99453730,74,22805,100,0,100,8,100.0,0.0,100.0,0.0,100.0,0.0,100.0,0.0,100.0,0.0,81.0,19.0,100.0,0.0,100.0,0.0,98.0,5969.0,19,19,100,0,100,0,200,0,100.0,22717.0,100.0,45814536496.0,100.0,92988829785.0
2018-05-14,Z304KDZX,ST4000DM000,4000787030016,0,110,26932400,91,0,100,8,100,0,79,100312937,74,22829,100,0,100,8,100.0,0.0,100.0,0.0,100.0,0.0,100.0,0.0,100.0,0.0,81.0,19.0,100.0,0.0,100.0,0.0,98.0,5969.0,19,19,100,0,100,0,200,0,100.0,22741.0,100.0,45816748664.0,100.0,93143398201.0
2018-05-15,Z304KDZX,ST4000DM000,4000787030016,0,114.0,83646288.0,91.0,0.0,100.0,8.0,100.0,0.0,80.0,102325088.0,74.0,22853.0,100.0,0.0,100.0,8.0,100.0,0.0,100.0,0.0,100.0,0.0,100.0,0.0,100.0,0.0,80.0,20.0,100.0,0.0,100.0,0.0,98.0,5969.0,20.0,20.0,100.0,0.0,100.0,0.0,200.0,0.0,100.0,22765.0,100.0,45821600368.0,100.0,93265396000.0
2018-05-16,Z304KDZX,ST4000DM000,4000787030016,0,114,72189336,91,0,100,8,100,0,80,103171455,74,22878,100,0,100,8,100.0,0.0,100.0,0.0,100.0,0.0,100.0,0.0,100.0,0.0,80.0,20.0,100.0,0.0,100.0,0.0,98.0,5970.0,20,20,100,0,100,0,200,0,100.0,22790.0,100.0,45823658664.0,100.0,93429648522.0
2018-05-17,Z304KDZX,ST4000DM000,4000787030016,0,113,54058152,91,0,100,8,100,0,80,103844601,74,22900,100,0,100,8,100.0,0.0,100.0,0.0,100.0,0.0,100.0,0.0,100.0,0.0,80.0,20.0,100.0,0.0,100.0,0.0,98.0,5976.0,20,20,100,0,100,0,200,0,100.0,22812.0,100.0,45825180616.0,100.0,93557451779.0
2018-05-18,Z304KDZX,ST4000DM000,4000787030016,0,114,75567608,91,0,100,8,100,0,80,104567785,74,22925,100,0,100,8,100.0,0.0,100.0,0.0,100.0,0.0,100.0,0.0,100.0,0.0,80.0,20.0,100.0,0.0,100.0,0.0,98.0,5976.0,20,20,100,0,100,0,200,0,100.0,22837.0,100.0,45827069176.0,100.0,93710906952.0
2018-05-19,Z304KDZX,ST4000DM000,4000787030016,0,108,18818384,91,0,100,8,100,0,80,105258008,74,22949,100,0,100,8,100.0,0.0,100.0,0.0,100.0,0.0,100.0,0.0,100.0,0.0,80.0,20.0,100.0,0.0,100.0,0.0,98.0,5976.0,20,20,100,0,100,0,200,0,100.0,22861.0,100.0,45830078792.0,100.0,93857780160.0
2018-05-20,Z304KDZX,ST4000DM000,4000787030016,0,117,164574648,91,0,100,8,100,0,80,106445084,74,22973,100,0,100,8,100.0,0.0,100.0,0.0,100.0,0.0,100.0,0.0,100.0,0.0,80.0,20.0,100.0,0.0,100.0,0.0,98.0,5977.0,20,20,100,0,100,0,200,0,100.0,22885.0,100.0,45835708504.0,100.0,94054832485.0
2018-05-21,Z304KDZX,ST4000DM000,4000787030016,0,118,169443816,91,0,100,8,100,0,80,106877229,74,22997,100,0,100,8,100.0,0.0,100.0,0.0,100.0,0.0,100.0,0.0,100.0,0.0,80.0,20.0,100.0,0.0,100.0,0.0,98.0,5978.0,20,20,100,0,100,0,200,0,100.0,22908.0,100.0,45837992760.0,100.0,94218411134.0
2018-05-22,Z304KDZX,ST4000DM000,4000787030016,0,106,10766184,91,0,100,8,100,0,80,108043708,74,23020,100,0,100,8,100.0,0.0,100.0,0.0,100.0,0.0,100.0,0.0,100.0,0.0,80.0,20.0,100.0,0.0,100.0,0.0,98.0,5978.0,20,20,100,0,100,0,200,0,100.0,22932.0,100.0,45844250608.0,100.0,94376679026.0
2018-05-23,Z304KDZX,ST4000DM000,4000787030016,0,109,21595128,91,0,100,8,100,0,80,108536870,74,23045,100,0,100,8,100.0,0.0,100.0,0.0,100.0,0.0,100.0,0.0,100.0,0.0,78.0,22.0,100.0,0.0,100.0,0.0,98.0,5978.0,22,22,100,0,100,0,200,0,100.0,22957.0,100.0,45846961744.0,100.0,94559784346.0
2018-05-24,Z304KDZX,ST4000DM000,4000787030016,0,118,175376344,91,0,100,8,100,0,80,109043097,74,23069,100,0,100,8,100.0,0.0,100.0,0.0,100.0,0.0,100.0,0.0,100.0,0.0,80.0,20.0,100.0,0.0,100.0,0.0,98.0,5978.0,20,20,100,0,100,0,200,0,100.0,22981.0,100.0,45853006208.0,100.0,94747935214.0
2018-05-25,Z304KDZX,ST4000DM000,4000787030016,0,105,9818840,91,0,100,8,100,0,80,110568899,74,23095,100,0,100,8,100.0,0.0,100.0,0.0,100.0,0.0,100.0,0.0,100.0,0.0,79.0,21.0,100.0,0.0,100.0,0.0,98.0,5982.0,21,21,100,0,100,0,200,0,100.0,23006.0,100.0,45859453800.0,100.0,94967182734.0
2018-05-26,Z304KDZX,ST4000DM000,4000787030016,0,120,2172968,91,0,100,8,100,0,80,111548576,74,23119,100,0,100,8,100.0,0.0,100.0,0.0,100.0,0.0,100.0,0.0,100.0,0.0,80.0,20.0,100.0,0.0,100.0,0.0,98.0,5982.0,20,20,100,0,100,0,200,0,100.0,23030.0,100.0,45862537496.0,100.0,95158571681.0
2018-05-27,Z304KDZX,ST4000DM000,4000787030016,0,118,179422680,91,0,100,8,100,0,80,112996376,74,23142,100,0,100,8,100.0,0.0,100.0,0.0,100.0,0.0,100.0,0.0,100.0,0.0,80.0,20.0,100.0,0.0,100.0,0.0,98.0,5982.0,20,20,100,0,100,0,200,0,100.0,23054.0,100.0,45867197248.0,100.0,95333148020.0
2018-05-28,Z304KDZX,ST4000DM000,4000787030016,0,114,64060768,91,0,100,8,100,0,80,113827837,74,23166,100,0,100,8,100.0,0.0,100.0,0.0,100.0,0.0,100.0,0.0,100.0,0.0,80.0,20.0,100.0,0.0,100.0,0.0,98.0,5983.0,20,20,100,0,100,0,200,0,100.0,23078.0,100.0,45868900088.0,100.0,95509045349.0
2018-05-29,Z304KDZX,ST4000DM000,4000787030016,0,117,134566664,91,0,100,8,100,0,80,115538253,74,23190,100,0,100,8,100.0,0.0,100.0,0.0,100.0,0.0,100.0,0.0,100.0,0.0,80.0,20.0,100.0,0.0,100.0,0.0,98.0,5983.0,20,20,100,0,100,0,200,0,100.0,23102.0,100.0,45873869856.0,100.0,95688346032.0
2018-05-30,Z304KDZX,ST4000DM000,4000787030016,0,117,167714336,91,0,100,8,100,0,80,116917246,74,23214,100,0,100,8,100.0,0.0,100.0,0.0,100.0,0.0,100.0,0.0,100.0,0.0,80.0,20.0,100.0,0.0,100.0,0.0,98.0,5984.0,20,20,100,0,100,0,200,0,100.0,23126.0,100.0,45876001464.0,100.0,95846636568.0
2018-05-31,Z304KDZX,ST4000DM000,4000787030016,0,105,8131152,91,0,100,8,100,0,81,118094083,74,23239,100,0,100,8,100.0,0.0,100.0,0.0,100.0,0.0,100.0,0.0,100.0,0.0,80.0,20.0,100.0,0.0,100.0,0.0,98.0,5987.0,20,20,100,0,100,0,200,0,100.0,23150.0,100.0,45878465096.0,100.0,96021091130.0
2018-06-01,Z304KDZX,ST4000DM000,4000787030016,0,109,24632856,91,0,100,8,100,0,81,119383643,74,23263,100,0,100,8,100.0,0.0,100.0,0.0,100.0,0.0,100.0,0.0,100.0,0.0,80.0,20.0,100.0,0.0,100.0,0.0,98.0,5987.0,20,20,100,0,100,0,200,0,100.0,23174.0,100.0,45882491184.0,100.0,96204576003.0
2018-06-02,Z304KDZX,ST4000DM000,4000787030016,0,118,195426464,91,0,100,8,100,0,81,121442540,74,23287,100,0,100,8,100.0,0.0,100.0,0.0,100.0,0.0,100.0,0.0,100.0,0.0,80.0,20.0,100.0,0.0,100.0,0.0,98.0,5988.0,20,20,100,0,100,0,200,0,100.0,23198.0,100.0,45887450672.0,100.0,96385931801.0
2018-06-03,Z304KDZX,ST4000DM000,4000787030016,0,114,64052312,91,0,100,8,100,0,81,122642991,74,23311,100,0,100,8,100.0,0.0,100.0,0.0,100.0,0.0,100.0,0.0,100.0,0.0,80.0,20.0,100.0,0.0,100.0,0.0,98.0,5988.0,20,20,100,0,100,0,200,0,100.0,23222.0,100.0,45890406248.0,100.0,96539811562.0
2018-06-04,Z304KDZX,ST4000DM000,4000787030016,0,112,45769384,91,0,100,8,100,0,81,123569411,74,23335,100,0,100,8,100.0,0.0,100.0,0.0,100.0,0.0,100.0,0.0,100.0,0.0,80.0,20.0,100.0,0.0,100.0,0.0,98.0,5989.0,20,20,100,0,100,0,200,0,100.0,23247.0,100.0,45892677928.0,100.0,96718809607.0
2018-06-05,Z304KDZX,ST4000DM000,4000787030016,0,118,184668776,91,0,100,8,100,0,81,125119564,74,23359,100,0,100,8,100.0,0.0,100.0,0.0,100.0,0.0,100.0,0.0,100.0,0.0,80.0,20.0,100.0,0.0,100.0,0.0,98.0,5990.0,20,20,100,0,100,0,200,0,100.0,23270.0,100.0,45897082096.0,100.0,96884771196.0
2018-06-06,Z304KDZX,ST4000DM000,4000787030016,0,117,157021136,91,0,100,8,100,0,81,126145011,74,23383,100,0,100,8,100.0,0.0,100.0,0.0,100.0,0.0,100.0,0.0,100.0,0.0,80.0,20.0,100.0,0.0,100.0,0.0,98.0,5990.0,20,20,100,0,100,0,200,0,100.0,23294.0,100.0,45899237816.0,100.0,97046204880.0
2018-06-07,Z304KDZX,ST4000DM000,4000787030016,0,117,119080120,91,0,100,8,100,0,81,127479667,74,23407,100,0,100,8,100.0,0.0,100.0,0.0,100.0,0.0,100.0,0.0,100.0,0.0,80.0,20.0,100.0,0.0,100.0,0.0,98.0,5990.0,20,20,100,0,100,0,200,0,100.0,23318.0,100.0,45901628376.0,100.0,97220245069.0
2018-06-08,Z304KDZX,ST4000DM000,4000787030016,0,116,106587000,91,0,100,8,100,0,81,128270977,74,23430,100,0,100,8,100.0,0.0,100.0,0.0,100.0,0.0,100.0,0.0,100.0,0.0,80.0,20.0,100.0,0.0,100.0,0.0,98.0,5996.0,20,20,100,0,100,0,200,0,100.0,23341.0,100.0,45903794080.0,100.0,97386962810.0
2018-06-09,Z304KDZX,ST4000DM000,4000787030016,0,106,12300512,91,0,100,8,100,0,81,129004414,74,23454,100,0,100,8,100.0,0.0,100.0,0.0,100.0,0.0,100.0,0.0,100.0,0.0,80.0,20.0,100.0,0.0,100.0,0.0,98.0,5998.0,20,20,100,0,100,0,200,0,100.0,23365.0,100.0,45906592528.0,100.0,97518202575.0
2018-06-10,Z304KDZX,ST4000DM000,4000787030016,0,111,31208336,91,0,100,8,100,0,81,131673012,74,23478,100,0,100,8,100.0,0.0,100.0,0.0,100.0,0.0,100.0,0.0,100.0,0.0,80.0,20.0,100.0,0.0,100.0,0.0,98.0,5998.0,20,20,100,0,100,0,200,0,100.0,23389.0,100.0,45911523832.0,100.0,97699425223.0
2018-06-11,Z304KDZX,ST4000DM000,4000787030016,0,119,212637608,91,0,100,8,100,0,81,132635044,74,23502,100,0,100,8,100.0,0.0,100.0,0.0,100.0,0.0,100.0,0.0,100.0,0.0,80.0,20.0,100.0,0.0,100.0,0.0,98.0,5998.0,20,20,100,0,100,0,200,0,100.0,23413.0,100.0,45915032408.0,100.0,97854969589.0
2018-06-12,Z304KDZX,ST4000DM000,4000787030016,0,119,205582328,91,0,100,8,100,0,81,134244087,74,23526,100,0,100,8,100.0,0.0,100.0,0.0,100.0,0.0,100.0,0.0,100.0,0.0,81.0,19.0,100.0,0.0,100.0,0.0,98.0,5999.0,19,19,100,0,100,0,200,0,100.0,23437.0,100.0,45920279616.0,100.0,98023985590.0
2018-06-13,Z304KDZX,ST4000DM000,4000787030016,0,111,41247440,91,0,100,8,100,0,81,134929105,74,23550,100,0,100,8,100.0,0.0,100.0,0.0,100.0,0.0,100.0,0.0,100.0,0.0,81.0,19.0,100.0,0.0,100.0,0.0,98.0,5999.0,19,19,100,0,100,0,200,0,100.0,23461.0,100.0,45921770720.0,100.0,98160366282.0
2018-06-14,Z304KDZX,ST4000DM000,4000787030016,0,102,4556072,91,0,100,8,100,0,81,135682882,74,23574,100,0,100,8,100.0,0.0,100.0,0.0,100.0,0.0,100.0,0.0,100.0,0.0,79.0,21.0,100.0,0.0,100.0,0.0,97.0,6004.0,21,21,100,0,100,0,200,0,100.0,23485.0,100.0,45924098112.0,100.0,98305506922.0
2018-06-15,Z304KDZX,ST4000DM000,4000787030016,0,111.0,35813400.0,91.0,0.0,100.0,8.0,100.0,0.0,81.0,136297353.0,74.0,23598.0,100.0,0.0,100.0,8.0,100.0,0.0,100.0,0.0,100.0,0.0,100.0,0.0,100.0,0.0,79.0,21.0,100.0,0.0,100.0,0.0,97.0,6005.0,21.0,21.0,100.0,0.0,100.0,0.0,200.0,0.0,100.0,23509.0,100.0,45925993120.0,100.0,98425652117.0
2018-06-16,Z304KDZX,ST4000DM000,4000787030016,0,116.0,104685088.0,91.0,0.0,100.0,8.0,100.0,0.0,81.0,137183747.0,74.0,23622.0,100.0,0.0,100.0,8.0,100.0,0.0,100.0,0.0,100.0,0.0,100.0,0.0,100.0,0.0,79.0,21.0,100.0,0.0,100.0,0.0,97.0,6005.0,21.0,21.0,100.0,0.0,100.0,0.0,200.0,0.0,100.0,23534.0,100.0,45929285024.0,100.0,98567359690.0
2018-06-17,Z304KDZX,ST4000DM000,4000787030016,0,111.0,40792472.0,91.0,0.0,100.0,8.0,100.0,0.0,81.0,138546912.0,74.0,23646.0,100.0,0.0,100.0,8.0,100.0,0.0,100.0,0.0,100.0,0.0,100.0,0.0,100.0,0.0,80.0,20.0,100.0,0.0,100.0,0.0,97.0,6005.0,20.0,20.0,100.0,0.0,100.0,0.0,200.0,0.0,100.0,23558.0,100.0,45933099648.0,100.0,98718168357.0
2018-06-18,Z304KDZX,ST4000DM000,4000787030016,0,103.0,5401728.0,91.0,0.0,100.0,8.0,100.0,0.0,81.0,139425409.0,73.0,23670.0,100.0,0.0,100.0,8.0,100.0,0.0,100.0,0.0,100.0,0.0,100.0,0.0,100.0,0.0,81.0,19.0,100.0,0.0,100.0,0.0,97.0,6008.0,19.0,19.0,100.0,0.0,100.0,0.0,200.0,0.0,100.0,23581.0,100.0,45935540520.0,100.0,98860481166.0
2018-06-19,Z304KDZX,ST4000DM000,4000787030016,0,114,82426176,91,0,100,8,100,0,81,141098978,73,23694,100,0,100,8,100.0,0.0,100.0,0.0,100.0,0.0,100.0,0.0,100.0,0.0,81.0,19.0,100.0,0.0,100.0,0.0,97.0,6009.0,19,19,100,0,100,0,200,0,100.0,23606.0,100.0,45940244600.0,100.0,99029976378.0
2018-06-20,Z304KDZX,ST4000DM000,4000787030016,0,114,58880784,91,0,100,8,100,0,81,143418996,73,23718,100,0,100,8,100.0,0.0,100.0,0.0,100.0,0.0,100.0,0.0,100.0,0.0,81.0,19.0,100.0,0.0,100.0,0.0,97.0,6009.0,19,19,100,0,100,0,200,0,100.0,23629.0,100.0,45942835440.0,100.0,99201471891.0
2018-06-21,Z304KDZX,ST4000DM000,4000787030016,0,108,17946248,91,0,100,8,100,0,81,144432708,73,23742,100,0,100,8,100.0,0.0,100.0,0.0,100.0,0.0,100.0,0.0,100.0,0.0,81.0,19.0,100.0,0.0,100.0,0.0,97.0,6010.0,19,19,100,0,100,0,200,0,100.0,23653.0,100.0,45944877232.0,100.0,99344591573.0
2018-06-22,Z304KDZX,ST4000DM000,4000787030016,0,114,78344184,91,0,100,8,100,0,81,145614368,73,23766,100,0,100,8,100.0,0.0,100.0,0.0,100.0,0.0,100.0,0.0,100.0,0.0,81.0,19.0,100.0,0.0,100.0,0.0,97.0,6010.0,19,19,100,0,100,0,200,0,100.0,23677.0,100.0,45947822392.0,100.0,99528814527.0
2018-06-23,Z304KDZX,ST4000DM000,4000787030016,0,116,113305864,91,0,100,8,100,0,81,146415645,73,23790,100,0,100,8,100.0,0.0,100.0,0.0,100.0,0.0,100.0,0.0,100.0,0.0,81.0,19.0,100.0,0.0,100.0,0.0,97.0,6011.0,19,19,100,0,100,0,200,0,100.0,23701.0,100.0,45950200376.0,100.0,99667900786.0
2018-06-24,Z304KDZX,ST4000DM000,4000787030016,0,114,71537600,91,0,100,8,100,0,81,147894021,73,23815,100,0,100,8,100.0,0.0,100.0,0.0,100.0,0.0,100.0,0.0,100.0,0.0,81.0,19.0,100.0,0.0,100.0,0.0,97.0,6011.0,19,19,100,0,100,0,200,0,100.0,23726.0,100.0,45955136104.0,100.0,99839825616.0
2018-06-25,Z304KDZX,ST4000DM000,4000787030016,0,118,168240856,91,0,100,8,100,0,81,148594479,73,23838,100,0,100,8,100.0,0.0,100.0,0.0,100.0,0.0,100.0,0.0,100.0,0.0,81.0,19.0,100.0,0.0,100.0,0.0,97.0,6011.0,19,19,100,0,100,0,200,0,100.0,23749.0,100.0,45956550168.0,100.0,99974685843.0
2018-06-26,Z304KDZX,ST4000DM000,4000787030016,0,117,142210512,91,0,100,8,100,0,81,149936957,73,23862,100,0,100,8,100.0,0.0,100.0,0.0,100.0,0.0,100.0,0.0,100.0,0.0,81.0,19.0,100.0,0.0,100.0,0.0,97.0,6012.0,19,19,100,0,100,0,200,0,100.0,23774.0,100.0,45961037712.0,100.0,100127548971.0
2018-06-27,Z304KDZX,ST4000DM000,4000787030016,0,111,32958200,91,0,100,8,100,0,81,150522316,73,23887,100,0,100,8,100.0,0.0,100.0,0.0,100.0,0.0,100.0,0.0,100.0,0.0,81.0,19.0,100.0,0.0,100.0,0.0,97.0,6046.0,19,19,100,0,100,0,200,0,100.0,23798.0,100.0,45962456952.0,100.0,100265378165.0
2018-06-28,Z304KDZX,ST4000DM000,4000787030016,0,114,82787328,91,0,100,8,100,0,81,150947597,73,23910,100,0,100,8,100.0,0.0,100.0,0.0,100.0,0.0,100.0,0.0,100.0,0.0,81.0,19.0,100.0,0.0,100.0,0.0,97.0,6046.0,19,19,100,0,100,0,200,0,100.0,23821.0,100.0,45964571864.0,100.0,100447790471.0
2018-06-29,Z304KDZX,ST4000DM000,4000787030016,0,112,42992392,91,0,100,8,100,0,81,151383794,73,23934,100,0,100,8,100.0,0.0,100.0,0.0,100.0,0.0,100.0,0.0,100.0,0.0,81.0,19.0,100.0,0.0,100.0,0.0,97.0,6048.0,19,19,100,0,100,0,200,0,100.0,23845.0,100.0,45967049624.0,100.0,100609089593.0
2018-06-30,Z304KDZX,ST4000DM000,4000787030016,0,118,189118424,91,0,100,8,100,0,81,152154448,73,23960,100,0,100,8,100.0,0.0,100.0,0.0,100.0,0.0,100.0,0.0,100.0,0.0,81.0,19.0,100.0,0.0,100.0,0.0,97.0,6053.0,19,19,100,0,100,0,200,0,100.0,23871.0,100.0,45971504032.0,100.0,100795774946.0
2018-07-01,Z304KDZX,ST4000DM000,4000787030016,0,108,17557272,91,0,100,8,100,0,81,154418956,73,23984,100,0,100,8,100.0,0.0,100.0,0.0,100.0,0.0,100.0,0.0,100.0,0.0,81.0,19.0,100.0,0.0,100.0,0.0,97.0,6055.0,19,19,100,0,100,0,200,0,100.0,23895.0,100.0,45977143216.0,100.0,101028321273.0
2018-07-02,Z304KDZX,ST4000DM000,4000787030016,0,117,160984912,91,0,100,8,100,0,81,154864625,73,24007,100,0,100,8,100.0,0.0,100.0,0.0,100.0,0.0,100.0,0.0,100.0,0.0,81.0,19.0,100.0,0.0,100.0,0.0,97.0,6056.0,19,19,100,0,100,0,200,0,100.0,23919.0,100.0,45980578208.0,100.0,101209379323.0
2018-07-03,Z304KDZX,ST4000DM000,4000787030016,0,114,62219488,91,0,100,8,100,0,81,156045954,73,24032,100,0,100,8,100.0,0.0,100.0,0.0,100.0,0.0,100.0,0.0,100.0,0.0,81.0,19.0,100.0,0.0,100.0,0.0,97.0,6056.0,19,19,100,0,100,0,200,0,100.0,23943.0,100.0,45985877624.0,100.0,101391690226.0
2018-07-04,Z304KDZX,ST4000DM000,4000787030016,0,119,227296688,91,0,100,8,100,0,81,156960257,73,24056,100,0,100,8,100.0,0.0,100.0,0.0,100.0,0.0,100.0,0.0,100.0,0.0,81.0,19.0,100.0,0.0,100.0,0.0,97.0,6056.0,19,19,100,0,100,0,200,0,100.0,23967.0,100.0,45988845664.0,100.0,101569375774.0
2018-07-05,Z304KDZX,ST4000DM000,4000787030016,0,117,166962984,91,0,100,8,100,0,81,157742142,73,24080,100,0,100,8,100.0,0.0,100.0,0.0,100.0,0.0,100.0,0.0,100.0,0.0,81.0,19.0,100.0,0.0,100.0,0.0,97.0,6057.0,19,19,100,0,100,0,200,0,100.0,23991.0,100.0,45991069384.0,100.0,101733732772.0
2018-07-06,Z304KDZX,ST4000DM000,4000787030016,0,117,125594504,91,0,100,8,100,0,81,158640143,73,24103,100,0,100,8,100.0,0.0,100.0,0.0,100.0,0.0,100.0,0.0,100.0,0.0,81.0,19.0,100.0,0.0,100.0,0.0,97.0,6057.0,19,19,100,0,100,0,200,0,100.0,24015.0,100.0,45993949432.0,100.0,101911266864.0
2018-07-07,Z304KDZX,ST4000DM000,4000787030016,0,120,236605168,91,0,100,8,100,0,81,160364470,73,24128,100,0,100,8,100.0,0.0,100.0,0.0,100.0,0.0,100.0,0.0,100.0,0.0,81.0,19.0,100.0,0.0,100.0,0.0,97.0,6057.0,19,19,100,0,100,0,200,0,100.0,24039.0,100.0,45997732424.0,100.0,102108484995.0
2018-07-08,Z304KDZX,ST4000DM000,4000787030016,0,111,38909120,91,0,100,8,100,0,81,162016761,73,24152,100,0,100,8,100.0,0.0,100.0,0.0,100.0,0.0,100.0,0.0,100.0,0.0,81.0,19.0,100.0,0.0,100.0,0.0,97.0,6057.0,19,19,100,0,100,0,200,0,100.0,24063.0,100.0,46000915160.0,100.0,102271989477.0
2018-07-09,Z304KDZX,ST4000DM000,4000787030016,0,108,14867320,91,0,100,8,100,0,81,163147791,73,24176,100,0,100,8,100.0,0.0,100.0,0.0,100.0,0.0,100.0,0.0,100.0,0.0,81.0,19.0,100.0,0.0,100.0,0.0,97.0,6057.0,19,19,100,0,100,0,200,0,100.0,24087.0,100.0,46003241496.0,100.0,102444438922.0
2018-07-10,Z304KDZX,ST4000DM000,4000787030016,0,108.0,14721736.0,91.0,0.0,100.0,8.0,100.0,0.0,81.0,165543837.0,73.0,24199.0,100.0,0.0,100.0,8.0,100.0,0.0,100.0,0.0,100.0,0.0,100.0,0.0,100.0,0.0,81.0,19.0,100.0,0.0,100.0,0.0,97.0,6057.0,19.0,19.0,100.0,0.0,100.0,0.0,200.0,0.0,100.0,24110.0,100.0,46008740064.0,100.0,102606422442.0
2018-07-11,Z304KDZX,ST4000DM000,4000787030016,0,117,130600312,91,0,100,8,100,0,81,166274241,73,24223,100,0,100,8,100.0,0.0,100.0,0.0,100.0,0.0,100.0,0.0,100.0,0.0,81.0,19.0,100.0,0.0,100.0,0.0,97.0,6058.0,19,19,100,0,100,0,200,0,100.0,24134.0,100.0,46010349976.0,100.0,102749043597.0
2018-07-12,Z304KDZX,ST4000DM000,4000787030016,0,111,38687032,91,0,100,8,100,0,81,166858694,73,24242,100,0,100,8,100.0,0.0,100.0,0.0,100.0,0.0,100.0,0.0,100.0,0.0,81.0,19.0,100.0,0.0,100.0,0.0,97.0,6058.0,19,19,100,0,100,0,200,0,100.0,24153.0,100.0,46012497024.0,100.0,102869259824.0
2018-07-13,Z304KDZX,ST4000DM000,4000787030016,0,117,134743480,91,0,100,8,100,0,82,167823424,73,24267,100,0,100,8,100.0,0.0,100.0,0.0,100.0,0.0,100.0,0.0,100.0,0.0,81.0,19.0,100.0,0.0,100.0,0.0,97.0,6064.0,19,19,100,0,100,0,200,0,100.0,24178.0,100.0,46015787224.0,100.0,103044385595.0
2018-07-14,Z304KDZX,ST4000DM000,4000787030016,0,113,58307544,91,0,100,8,100,0,82,168785026,73,24291,100,0,100,8,100.0,0.0,100.0,0.0,100.0,0.0,100.0,0.0,100.0,0.0,81.0,19.0,100.0,0.0,100.0,0.0,97.0,6064.0,19,19,100,0,100,0,200,0,100.0,24202.0,100.0,46018782936.0,100.0,103208855211.0
2018-07-15,Z304KDZX,ST4000DM000,4000787030016,0,117,144677224,91,0,100,8,100,0,82,170673160,73,24315,100,0,100,8,100.0,0.0,100.0,0.0,100.0,0.0,100.0,0.0,100.0,0.0,81.0,19.0,100.0,0.0,100.0,0.0,97.0,6065.0,19,19,100,0,100,0,200,0,100.0,24225.0,100.0,46023744920.0,100.0,103388063423.0
2018-07-16,Z304KDZX,ST4000DM000,4000787030016,0,113,50528616,91,0,100,8,100,0,82,171832929,73,24339,100,0,100,8,100.0,0.0,100.0,0.0,100.0,0.0,100.0,0.0,100.0,0.0,81.0,19.0,100.0,0.0,100.0,0.0,97.0,6065.0,19,19,100,0,100,0,200,0,100.0,24250.0,100.0,46026111512.0,100.0,103571459349.0
2018-07-17,Z304KDZX,ST4000DM000,4000787030016,0,118,196773672,91,0,100,8,100,0,82,173143649,73,24363,100,0,100,8,100.0,0.0,100.0,0.0,100.0,0.0,100.0,0.0,100.0,0.0,81.0,19.0,100.0,0.0,100.0,0.0,97.0,6066.0,19,19,100,0,100,0,200,0,100.0,24274.0,100.0,46030310952.0,100.0,103713917597.0
2018-07-18,Z304KDZX,ST4000DM000,4000787030016,0,119,221293536,91,0,100,8,100,0,82,173907802,73,24387,100,0,100,8,100.0,0.0,100.0,0.0,100.0,0.0,100.0,0.0,100.0,0.0,80.0,20.0,100.0,0.0,100.0,0.0,97.0,6067.0,20,20,100,0,100,0,200,0,100.0,24297.0,100.0,46033015192.0,100.0,103859265042.0
2018-07-19,Z304KDZX,ST4000DM000,4000787030016,0,115,94749592,91,0,100,8,100,0,82,174749093,73,24410,100,0,100,8,100.0,0.0,100.0,0.0,100.0,0.0,100.0,0.0,100.0,0.0,81.0,19.0,100.0,0.0,100.0,0.0,97.0,6068.0,19,19,100,0,100,0,200,0,100.0,24321.0,100.0,46036224120.0,100.0,104005171834.0
2018-07-20,Z304KDZX,ST4000DM000,4000787030016,0,119,210605272,91,0,100,8,100,0,82,176437094,73,24435,100,0,100,8,100.0,0.0,100.0,0.0,100.0,0.0,100.0,0.0,100.0,0.0,81.0,19.0,100.0,0.0,100.0,0.0,97.0,6068.0,19,19,100,0,100,0,200,0,100.0,24345.0,100.0,46040765824.0,100.0,104185484140.0
2018-07-21,Z304KDZX,ST4000DM000,4000787030016,0,105,7772608,91,0,100,8,100,0,82,177673347,73,24459,100,0,100,8,100.0,0.0,100.0,0.0,100.0,0.0,100.0,0.0,100.0,0.0,81.0,19.0,100.0,0.0,100.0,0.0,97.0,6069.0,19,19,100,0,100,0,200,0,100.0,24369.0,100.0,46044737808.0,100.0,104338141759.0
2018-07-22,Z304KDZX,ST4000DM000,4000787030016,0,116,113042960,91,0,100,8,100,0,82,179210376,73,24483,100,0,100,8,100.0,0.0,100.0,0.0,100.0,0.0,100.0,0.0,100.0,0.0,81.0,19.0,100.0,0.0,100.0,0.0,97.0,6069.0,19,19,100,0,100,0,200,0,100.0,24394.0,100.0,46049554168.0,100.0,104514668174.0
2018-07-23,Z304KDZX,ST4000DM000,4000787030016,0,119,233902392,91,0,100,8,100,0,82,179812378,73,24507,100,0,100,8,100.0,0.0,100.0,0.0,100.0,0.0,100.0,0.0,100.0,0.0,81.0,19.0,100.0,0.0,100.0,0.0,97.0,6071.0,19,19,100,0,100,0,200,0,100.0,24417.0,100.0,46051292656.0,100.0,104632661120.0
2018-07-24,Z304KDZX,ST4000DM000,4000787030016,0,115,99279488,91,0,100,8,100,0,82,181197859,72,24531,100,0,100,8,100.0,0.0,100.0,0.0,100.0,0.0,100.0,0.0,100.0,0.0,81.0,19.0,100.0,0.0,100.0,0.0,97.0,6075.0,19,19,100,0,100,0,200,0,100.0,24441.0,100.0,46055487416.0,100.0,104778159049.0
2018-07-25,Z304KDZX,ST4000DM000,4000787030016,0,115.0,93428200.0,91.0,0.0,100.0,8.0,100.0,0.0,82.0,182083054.0,72.0,24554.0,100.0,0.0,100.0,8.0,100.0,0.0,100.0,0.0,100.0,0.0,100.0,0.0,100.0,0.0,81.0,19.0,100.0,0.0,100.0,0.0,97.0,6078.0,19.0,19.0,100.0,0.0,100.0,0.0,200.0,0.0,100.0,24465.0,100.0,46057039992.0,100.0,104942257745.0
2018-07-26,Z304KDZX,ST4000DM000,4000787030016,0,119,226408568,91,0,100,8,100,0,82,182934047,72,24579,100,0,100,8,100.0,0.0,100.0,0.0,100.0,0.0,100.0,0.0,100.0,0.0,81.0,19.0,100.0,0.0,100.0,0.0,97.0,6080.0,19,19,100,0,100,0,200,0,100.0,24490.0,100.0,46058697752.0,100.0,105086535319.0
2018-07-27,Z304KDZX,ST4000DM000,4000787030016,0,118,177460888,91,0,100,8,100,0,82,184148963,72,24606,100,0,100,8,100.0,0.0,100.0,0.0,100.0,0.0,100.0,0.0,100.0,0.0,81.0,19.0,100.0,0.0,100.0,0.0,97.0,6082.0,19,19,100,0,100,0,200,0,100.0,24517.0,100.0,46060711256.0,100.0,105270141048.0
2018-07-28,Z304KDZX,ST4000DM000,4000787030016,0,118,186210856,91,0,100,8,100,0,82,185483361,72,24630,100,0,100,8,100.0,0.0,100.0,0.0,100.0,0.0,100.0,0.0,100.0,0.0,81.0,19.0,100.0,0.0,100.0,0.0,97.0,6082.0,19,19,100,0,100,0,200,0,100.0,24541.0,100.0,46062535344.0,100.0,105437642947.0
2018-07-29,Z304KDZX,ST4000DM000,4000787030016,0,117,121493880,91,0,100,8,100,0,82,188164512,72,24654,100,0,100,8,100.0,0.0,100.0,0.0,100.0,0.0,100.0,0.0,100.0,0.0,81.0,19.0,100.0,0.0,100.0,0.0,97.0,6083.0,19,19,100,0,100,0,200,0,100.0,24565.0,100.0,46066598784.0,100.0,105602730977.0
2018-07-30,Z304KDZX,ST4000DM000,4000787030016,0,120,1187520,91,0,100,8,100,0,82,188924216,72,24678,100,0,100,8,100.0,0.0,100.0,0.0,100.0,0.0,100.0,0.0,100.0,0.0,81.0,19.0,100.0,0.0,100.0,0.0,97.0,6084.0,19,19,100,0,100,0,200,0,100.0,24589.0,100.0,46067794840.0,100.0,105746513964.0
2018-07-31,Z304KDZX,ST4000DM000,4000787030016,0,114,59193608,91,0,100,8,100,0,82,190295736,72,24702,100,0,100,8,100.0,0.0,100.0,0.0,100.0,0.0,100.0,0.0,100.0,0.0,81.0,19.0,100.0,0.0,100.0,0.0,97.0,6085.0,19,19,100,0,100,0,200,0,100.0,24613.0,100.0,46071788040.0,100.0,105897431869.0
2018-08-01,Z304KDZX,ST4000DM000,4000787030016,0,119,226063544,91,0,100,8,100,0,82,190932852,72,24726,100,0,100,8,100.0,0.0,100.0,0.0,100.0,0.0,100.0,0.0,100.0,0.0,81.0,19.0,100.0,0.0,100.0,0.0,97.0,6086.0,19,19,100,0,100,0,200,0,100.0,24636.0,100.0,46072916200.0,100.0,106029151512.0
2018-08-02,Z304KDZX,ST4000DM000,4000787030016,0,117,146001272,91,0,100,8,100,0,82,191631224,72,24750,100,0,100,8,100.0,0.0,100.0,0.0,100.0,0.0,100.0,0.0,100.0,0.0,81.0,19.0,100.0,0.0,100.0,0.0,97.0,6088.0,19,19,100,0,100,0,200,0,100.0,24660.0,100.0,46074091576.0,100.0,106171236098.0
2018-08-03,Z304KDZX,ST4000DM000,4000787030016,0,119,212898344,91,0,100,8,100,0,82,192316562,72,24774,100,0,100,8,100.0,0.0,100.0,0.0,100.0,0.0,100.0,0.0,100.0,0.0,81.0,19.0,100.0,0.0,100.0,0.0,97.0,6090.0,19,19,100,0,100,0,200,0,100.0,24685.0,100.0,46075305360.0,100.0,106321844384.0
2018-08-04,Z304KDZX,ST4000DM000,4000787030016,0,115,93843160,91,0,100,8,100,0,82,192789410,72,24798,100,0,100,8,100.0,0.0,100.0,0.0,100.0,0.0,100.0,0.0,100.0,0.0,81.0,19.0,100.0,0.0,100.0,0.0,97.0,6143.0,19,19,100,0,100,0,200,0,100.0,24708.0,100.0,46077242200.0,100.0,106492020399.0
2018-08-05,Z304KDZX,ST4000DM000,4000787030016,0,119,230339304,91,0,100,8,100,0,82,193875180,72,24822,100,0,100,8,100.0,0.0,100.0,0.0,100.0,0.0,100.0,0.0,100.0,0.0,81.0,19.0,100.0,0.0,100.0,0.0,97.0,6144.0,19,19,100,0,100,0,200,0,100.0,24732.0,100.0,46081671528.0,100.0,106668101641.0
2018-08-06,Z304KDZX,ST4000DM000,4000787030016,0,115,90853752,91,0,100,8,100,0,82,194298891,72,24846,100,0,100,8,100.0,0.0,100.0,0.0,100.0,0.0,100.0,0.0,100.0,0.0,81.0,19.0,100.0,0.0,100.0,0.0,97.0,6145.0,19,19,100,0,100,0,200,0,100.0,24756.0,100.0,46083788000.0,100.0,106828172167.0
2018-08-07,Z304KDZX,ST4000DM000,4000787030016,0,107,14488040,91,0,100,8,100,0,82,196561164,72,24870,100,0,100,8,100.0,0.0,100.0,0.0,100.0,0.0,100.0,0.0,100.0,0.0,81.0,19.0,100.0,0.0,100.0,0.0,97.0,6145.0,19,19,100,0,100,0,200,0,100.0,24780.0,100.0,46090287880.0,100.0,106989530128.0
2018-08-08,Z304KDZX,ST4000DM000,4000787030016,0,115,89637584,91,0,100,8,100,0,82,196951173,72,24894,100,0,100,8,100.0,0.0,100.0,0.0,100.0,0.0,100.0,0.0,100.0,0.0,81.0,19.0,100.0,0.0,100.0,0.0,97.0,6145.0,19,19,100,0,100,0,200,0,100.0,24805.0,100.0,46092248904.0,100.0,107175031606.0
2018-08-09,Z304KDZX,ST4000DM000,4000787030016,0,116,105847488,91,0,100,8,100,0,82,197309273,72,24920,100,0,100,8,100.0,0.0,100.0,0.0,100.0,0.0,100.0,0.0,100.0,0.0,81.0,19.0,100.0,0.0,100.0,0.0,97.0,6150.0,19,19,100,0,100,0,200,0,100.0,24830.0,100.0,46094341640.0,100.0,107375579539.0
2018-08-10,Z304KDZX,ST4000DM000,4000787030016,0,119,204113904,91,0,100,8,100,0,82,198185160,72,24943,100,0,100,8,100.0,0.0,100.0,0.0,100.0,0.0,100.0,0.0,100.0,0.0,81.0,19.0,100.0,0.0,100.0,0.0,97.0,6152.0,19,19,100,0,100,0,200,0,100.0,24853.0,100.0,46096274088.0,100.0,107559740559.0
2018-08-11,Z304KDZX,ST4000DM000,4000787030016,0,117,148506152,91,0,100,8,100,0,82,199234926,72,24968,100,0,100,8,100.0,0.0,100.0,0.0,100.0,0.0,100.0,0.0,100.0,0.0,81.0,19.0,100.0,0.0,100.0,0.0,97.0,6154.0,19,19,100,0,100,0,200,0,100.0,24878.0,100.0,46098840968.0,100.0,107731661994.0
2018-08-12,Z304KDZX,ST4000DM000,4000787030016,0,116,108542864,91,0,100,8,100,0,82,200507367,72,24992,100,0,100,8,100.0,0.0,100.0,0.0,100.0,0.0,100.0,0.0,100.0,0.0,81.0,19.0,100.0,0.0,100.0,0.0,97.0,6155.0,19,19,100,0,100,0,200,0,100.0,24902.0,100.0,46102409464.0,100.0,107915067245.0
2018-08-13,Z304KDZX,ST4000DM000,4000787030016,0,113,56148248,91,0,100,8,100,0,83,201709549,72,25016,100,0,100,8,100.0,0.0,100.0,0.0,100.0,0.0,100.0,0.0,100.0,0.0,81.0,19.0,100.0,0.0,100.0,0.0,97.0,6156.0,19,19,100,0,100,0,200,0,100.0,24926.0,100.0,46104104008.0,100.0,108093840278.0
2018-08-14,Z304KDZX,ST4000DM000,4000787030016,0,116.0,112620696.0,91.0,0.0,100.0,8.0,100.0,0.0,83.0,203516008.0,72.0,25039.0,100.0,0.0,100.0,8.0,100.0,0.0,100.0,0.0,100.0,0.0,100.0,0.0,100.0,0.0,81.0,19.0,100.0,0.0,100.0,0.0,97.0,6160.0,19.0,19.0,100.0,0.0,100.0,0.0,200.0,0.0,100.0,24949.0,100.0,46107947728.0,100.0,108243621562.0
2018-08-15,Z304KDZX,ST4000DM000,4000787030016,0,108.0,20504608.0,91.0,0.0,100.0,8.0,100.0,0.0,83.0,204505031.0,72.0,25062.0,100.0,0.0,100.0,8.0,100.0,0.0,100.0,0.0,100.0,0.0,100.0,0.0,100.0,0.0,81.0,19.0,100.0,0.0,100.0,0.0,97.0,6163.0,19.0,19.0,100.0,0.0,100.0,0.0,200.0,0.0,100.0,24972.0,100.0,46109316472.0,100.0,108394564510.0
2018-08-16,Z304KDZX,ST4000DM000,4000787030016,0,114,79760648,91,0,100,8,100,0,83,205742055,72,25086,100,0,100,8,100.0,0.0,100.0,0.0,100.0,0.0,100.0,0.0,100.0,0.0,81.0,19.0,100.0,0.0,100.0,0.0,97.0,6164.0,19,19,100,0,100,0,200,0,100.0,24996.0,100.0,46110783696.0,100.0,108576769028.0
2018-08-17,Z304KDZX,ST4000DM000,4000787030016,0,106,12452552,91,0,100,8,100,0,83,206551534,72,25111,100,0,100,8,100.0,0.0,100.0,0.0,100.0,0.0,100.0,0.0,100.0,0.0,81.0,19.0,100.0,0.0,100.0,0.0,97.0,6167.0,19,19,100,0,100,0,200,0,100.0,25021.0,100.0,46112310912.0,100.0,108722076568.0
2018-08-18,Z304KDZX,ST4000DM000,4000787030016,0,117,151841216,91,0,100,8,100,0,83,208681603,72,25135,100,0,100,8,100.0,0.0,100.0,0.0,100.0,0.0,100.0,0.0,100.0,0.0,81.0,19.0,100.0,0.0,100.0,0.0,97.0,6168.0,19,19,100,0,100,0,200,0,100.0,25045.0,100.0,46117984248.0,100.0,108900440370.0
2018-08-19,Z304KDZX,ST4000DM000,4000787030016,0,118,200407776,91,0,100,8,100,0,83,210150442,72,25159,100,0,100,8,100.0,0.0,100.0,0.0,100.0,0.0,100.0,0.0,100.0,0.0,81.0,19.0,100.0,0.0,100.0,0.0,97.0,6170.0,19,19,100,0,100,0,200,0,100.0,25069.0,100.0,46119678016.0,100.0,109083950178.0
2018-08-20,Z304KDZX,ST4000DM000,4000787030016,0,116,112071128,91,0,100,8,100,0,83,211067219,72,25182,100,0,100,8,100.0,0.0,100.0,0.0,100.0,0.0,100.0,0.0,100.0,0.0,81.0,19.0,100.0,0.0,100.0,0.0,97.0,6172.0,19,19,100,0,100,0,200,0,100.0,25092.0,100.0,46121369560.0,100.0,109246051982.0
2018-08-21,Z304KDZX,ST4000DM000,4000787030016,0,111,35696128,91,0,100,8,100,0,83,212721224,72,25206,100,0,100,8,100.0,0.0,100.0,0.0,100.0,0.0,100.0,0.0,100.0,0.0,81.0,19.0,100.0,0.0,100.0,0.0,97.0,6173.0,19,19,100,0,100,0,200,0,100.0,25116.0,100.0,46125574368.0,100.0,109401204061.0
2018-08-22,Z304KDZX,ST4000DM000,4000787030016,0,118,181576968,91,0,100,9,100,0,83,213825804,72,25232,100,0,100,9,100.0,0.0,100.0,0.0,100.0,0.0,100.0,0.0,100.0,0.0,81.0,19.0,100.0,0.0,100.0,0.0,97.0,6180.0,19,19,100,0,100,0,200,0,100.0,25142.0,100.0,46127433712.0,100.0,109582254676.0
2018-08-23,Z304KDZX,ST4000DM000,4000787030016,0,111,41405240,91,0,100,9,100,0,83,214309229,72,25256,100,0,100,9,100.0,0.0,100.0,0.0,100.0,0.0,100.0,0.0,100.0,0.0,81.0,19.0,100.0,0.0,100.0,0.0,97.0,6182.0,19,19,100,0,100,0,200,0,100.0,25166.0,100.0,46129517400.0,100.0,109763863857.0
2018-08-24,Z304KDZX,ST4000DM000,4000787030016,0,116,113929368,91,0,100,9,100,0,83,214723049,72,25279,100,0,100,9,100.0,0.0,100.0,0.0,100.0,0.0,100.0,0.0,100.0,0.0,81.0,19.0,100.0,0.0,100.0,0.0,97.0,6182.0,19,19,100,0,100,0,200,0,100.0,25189.0,100.0,46131499104.0,100.0,109926245796.0
2018-08-25,Z304KDZX,ST4000DM000,4000787030016,0,109,23467688,91,0,100,9,100,0,83,215600058,72,25304,100,0,100,9,100.0,0.0,100.0,0.0,100.0,0.0,100.0,0.0,100.0,0.0,81.0,19.0,100.0,0.0,100.0,0.0,97.0,6183.0,19,19,100,0,100,0,200,0,100.0,25214.0,100.0,46134962904.0,100.0,110108498844.0
2018-08-26,Z304KDZX,ST4000DM000,4000787030016,0,117,145556672,91,0,100,9,100,0,83,216362461,72,25328,100,0,100,9,100.0,0.0,100.0,0.0,100.0,0.0,100.0,0.0,100.0,0.0,81.0,19.0,100.0,0.0,100.0,0.0,97.0,6184.0,19,19,100,0,100,0,200,0,100.0,25238.0,100.0,46138659288.0,100.0,110297030369.0
2018-08-27,Z304KDZX,ST4000DM000,4000787030016,0,107,12839864,91,0,100,9,100,0,83,218027575,72,25352,100,0,100,9,100.0,0.0,100.0,0.0,100.0,0.0,100.0,0.0,100.0,0.0,81.0,19.0,100.0,0.0,100.0,0.0,97.0,6185.0,19,19,100,0,100,0,200,0,100.0,25261.0,100.0,46144727888.0,100.0,110485061976.0
2018-08-28,Z304KDZX,ST4000DM000,4000787030016,0,108,16282784,91,0,100,9,100,0,83,219236755,72,25375,100,0,100,9,100.0,0.0,100.0,0.0,100.0,0.0,100.0,0.0,100.0,0.0,81.0,19.0,100.0,0.0,100.0,0.0,97.0,6186.0,19,19,100,0,100,0,200,0,100.0,25285.0,100.0,46146496592.0,100.0,110676425145.0
2018-08-29,Z304KDZX,ST4000DM000,4000787030016,0,120,2413096,91,0,100,9,100,0,83,219985762,72,25397,100,0,100,9,100.0,0.0,100.0,0.0,100.0,0.0,100.0,0.0,100.0,0.0,81.0,19.0,100.0,0.0,100.0,0.0,97.0,6190.0,19,19,100,0,100,0,200,0,100.0,25307.0,100.0,46148355272.0,100.0,110824932628.0
2018-08-30,Z304KDZX,ST4000DM000,4000787030016,0,118,168166456,91,0,100,9,100,0,83,220773043,71,25421,100,0,100,9,100.0,0.0,100.0,0.0,100.0,0.0,100.0,0.0,100.0,0.0,81.0,19.0,100.0,0.0,100.0,0.0,97.0,6193.0,19,19,100,0,100,0,200,0,100.0,25331.0,100.0,46150081480.0,100.0,110989620417.0
2018-08-31,Z304KDZX,ST4000DM000,4000787030016,0,116,114366688,91,0,100,9,100,0,83,221620205,71,25445,100,0,100,9,100.0,0.0,100.0,0.0,100.0,0.0,100.0,0.0,100.0,0.0,81.0,19.0,100.0,0.0,100.0,0.0,97.0,6195.0,19,19,100,0,100,0,200,0,100.0,25355.0,100.0,46151734552.0,100.0,111163201643.0
2018-09-01,Z304KDZX,ST4000DM000,4000787030016,0,120,235275640,91,0,100,9,100,0,83,222883602,71,25469,100,0,100,9,100.0,0.0,100.0,0.0,100.0,0.0,100.0,0.0,100.0,0.0,81.0,19.0,100.0,0.0,100.0,0.0,97.0,6196.0,19,19,100,0,100,0,200,0,100.0,25378.0,100.0,46153391624.0,100.0,111337484647.0
2018-09-02,Z304KDZX,ST4000DM000,4000787030016,0,114,69706616,91,0,100,9,100,0,83,224879329,71,25493,100,0,100,9,100.0,0.0,100.0,0.0,100.0,0.0,100.0,0.0,100.0,0.0,81.0,19.0,100.0,0.0,100.0,0.0,97.0,6196.0,19,19,100,0,100,0,200,0,100.0,25403.0,100.0,46157470944.0,100.0,111509288326.0
2018-09-03,Z304KDZX,ST4000DM000,4000787030016,0,115,93930096,91,0,100,9,100,0,83,225957517,71,25517,100,0,100,9,100.0,0.0,100.0,0.0,100.0,0.0,100.0,0.0,100.0,0.0,81.0,19.0,100.0,0.0,100.0,0.0,97.0,6196.0,19,19,100,0,100,0,200,0,100.0,25427.0,100.0,46158980424.0,100.0,111676452443.0
2018-09-04,Z304KDZX,ST4000DM000,4000787030016,0,115,97175184,91,0,100,9,100,0,83,227606493,71,25541,100,0,100,9,100.0,0.0,100.0,0.0,100.0,0.0,100.0,0.0,100.0,0.0,81.0,19.0,100.0,0.0,100.0,0.0,97.0,6197.0,19,19,100,0,100,0,200,0,100.0,25451.0,100.0,46162872992.0,100.0,111840341310.0
2018-09-05,Z304KDZX,ST4000DM000,4000787030016,0,101,3316000,91,0,100,9,100,0,83,228333043,71,25565,100,0,100,9,100.0,0.0,100.0,0.0,100.0,0.0,100.0,0.0,100.0,0.0,81.0,19.0,100.0,0.0,100.0,0.0,97.0,6198.0,19,19,100,0,100,0,200,0,100.0,25475.0,100.0,46164375072.0,100.0,111980640243.0
2018-09-06,Z304KDZX,ST4000DM000,4000787030016,0,117,165612288,91,0,100,9,100,0,83,229113626,71,25590,100,0,100,9,100.0,0.0,100.0,0.0,100.0,0.0,100.0,0.0,100.0,0.0,81.0,19.0,100.0,0.0,100.0,0.0,97.0,6204.0,19,19,100,0,100,0,200,0,100.0,25500.0,100.0,46165929472.0,100.0,112145478868.0
2018-09-07,Z304KDZX,ST4000DM000,4000787030016,0,113,53791928,91,0,100,9,100,0,83,230126364,71,25614,100,0,100,9,100.0,0.0,100.0,0.0,100.0,0.0,100.0,0.0,100.0,0.0,81.0,19.0,100.0,0.0,100.0,0.0,97.0,6204.0,19,19,100,0,100,0,200,0,100.0,25524.0,100.0,46167830112.0,100.0,112316342845.0
2018-09-08,Z304KDZX,ST4000DM000,4000787030016,0,119,202191928,91,0,100,9,100,0,83,232387747,71,25639,100,0,100,9,100.0,0.0,100.0,0.0,100.0,0.0,100.0,0.0,100.0,0.0,80.0,20.0,100.0,0.0,100.0,0.0,97.0,6205.0,20,20,100,0,100,0,200,0,100.0,25548.0,100.0,46173820112.0,100.0,112498319723.0
2018-09-09,Z304KDZX,ST4000DM000,4000787030016,0,118,195042200,91,0,100,9,100,0,83,234184805,71,25662,100,0,100,9,100.0,0.0,100.0,0.0,100.0,0.0,100.0,0.0,100.0,0.0,81.0,19.0,100.0,0.0,100.0,0.0,97.0,6207.0,19,19,100,0,100,0,200,0,100.0,25572.0,100.0,46177789384.0,100.0,112669884067.0
2018-09-10,Z304KDZX,ST4000DM000,4000787030016,0,118,200940800,91,0,100,9,100,0,84,235243702,71,25686,100,0,100,9,100.0,0.0,100.0,0.0,100.0,0.0,100.0,0.0,100.0,0.0,81.0,19.0,100.0,0.0,100.0,0.0,97.0,6209.0,19,19,100,0,100,0,200,0,100.0,25596.0,100.0,46179430744.0,100.0,112851918145.0
2018-09-11,Z304KDZX,ST4000DM000,4000787030016,0,112,46043960,91,0,100,9,100,0,84,236430689,71,25710,100,0,100,9,100.0,0.0,100.0,0.0,100.0,0.0,100.0,0.0,100.0,0.0,81.0,19.0,100.0,0.0,100.0,0.0,97.0,6210.0,19,19,100,0,100,0,200,0,100.0,25620.0,100.0,46183285704.0,100.0,112970917066.0
2018-09-12,Z304KDZX,ST4000DM000,4000787030016,0,118,169906416,91,0,100,9,100,0,84,237149109,71,25734,100,0,100,9,100.0,0.0,100.0,0.0,100.0,0.0,100.0,0.0,100.0,0.0,81.0,19.0,100.0,0.0,100.0,0.0,97.0,6210.0,19,19,100,0,100,0,200,0,100.0,25644.0,100.0,46184746080.0,100.0,113114625950.0
2018-09-13,Z304KDZX,ST4000DM000,4000787030016,0,120,243960160,91,0,100,9,100,0,84,237815844,71,25754,100,0,100,9,100.0,0.0,100.0,0.0,100.0,0.0,100.0,0.0,100.0,0.0,81.0,19.0,100.0,0.0,100.0,0.0,97.0,6215.0,19,19,100,0,100,0,200,0,100.0,25664.0,100.0,46186054464.0,100.0,113232569217.0
2018-09-14,Z304KDZX,ST4000DM000,4000787030016,0,118,180428840,91,0,100,9,100,0,84,238743973,71,25778,100,0,100,9,100.0,0.0,100.0,0.0,100.0,0.0,100.0,0.0,100.0,0.0,77.0,23.0,100.0,0.0,100.0,0.0,97.0,6215.0,23,23,100,0,100,0,200,0,100.0,25688.0,100.0,46187674592.0,100.0,113387678733.0
2018-09-15,Z304KDZX,ST4000DM000,4000787030016,0,114,62218392,91,0,100,9,100,0,84,239739206,71,25803,100,0,100,9,100.0,0.0,100.0,0.0,100.0,0.0,100.0,0.0,100.0,0.0,77.0,23.0,100.0,0.0,100.0,0.0,97.0,6216.0,23,23,100,0,100,0,200,0,100.0,25713.0,100.0,46190678080.0,100.0,113561908552.0
2018-09-16,Z304KDZX,ST4000DM000,4000787030016,0,112,45339440,91,0,100,9,100,0,84,241409195,71,25827,100,0,100,9,100.0,0.0,100.0,0.0,100.0,0.0,100.0,0.0,100.0,0.0,77.0,23.0,100.0,0.0,100.0,0.0,97.0,6216.0,23,23,100,0,100,0,200,0,100.0,25736.0,100.0,46200865752.0,100.0,113718282350.0
2018-09-17,Z304KDZX,ST4000DM000,4000787030016,0,105,8745608,91,0,100,9,100,0,84,242018686,71,25851,100,0,100,9,100.0,0.0,100.0,0.0,100.0,0.0,100.0,0.0,100.0,0.0,77.0,23.0,100.0,0.0,100.0,0.0,97.0,6216.0,23,23,100,0,100,0,200,0,100.0,25760.0,100.0,46203053976.0,100.0,113839653606.0
2018-09-18,Z304KDZX,ST4000DM000,4000787030016,0,119,215481144,91,0,100,9,100,0,84,243494448,71,25874,100,0,100,9,100.0,0.0,100.0,0.0,100.0,0.0,100.0,0.0,100.0,0.0,79.0,21.0,100.0,0.0,100.0,0.0,97.0,6216.0,21,21,100,0,100,0,200,0,100.0,25784.0,100.0,46210152928.0,100.0,113987476526.0
2018-09-19,Z304KDZX,ST4000DM000,4000787030016,0,114,75897168,91,0,100,9,100,0,84,245602036,71,25898,100,0,100,9,100.0,0.0,100.0,0.0,100.0,0.0,100.0,0.0,100.0,0.0,79.0,21.0,100.0,0.0,100.0,0.0,97.0,6216.0,21,21,100,0,100,0,200,0,100.0,25808.0,100.0,46218134656.0,100.0,114168006866.0
2018-09-20,Z304KDZX,ST4000DM000,4000787030016,0,117,159111208,91,0,100,9,100,0,84,246749989,71,25923,100,0,100,9,100.0,0.0,100.0,0.0,100.0,0.0,100.0,0.0,100.0,0.0,79.0,21.0,100.0,0.0,100.0,0.0,97.0,6216.0,21,21,100,0,100,0,200,0,100.0,25832.0,100.0,46223995936.0,100.0,114311988495.0
2018-09-21,Z304KDZX,ST4000DM000,4000787030016,0,117,154991024,91,0,100,9,100,0,84,247903084,71,25947,100,0,100,9,100.0,0.0,100.0,0.0,100.0,0.0,100.0,0.0,100.0,0.0,79.0,21.0,100.0,0.0,100.0,0.0,97.0,6217.0,21,21,100,0,100,0,200,0,100.0,25856.0,100.0,46229016112.0,100.0,114480641573.0
2018-09-22,Z304KDZX,ST4000DM000,4000787030016,0,116,111554800,91,0,100,9,100,0,84,249245551,71,25971,100,0,100,9,100.0,0.0,100.0,0.0,100.0,0.0,100.0,0.0,100.0,0.0,79.0,21.0,100.0,0.0,100.0,0.0,97.0,6218.0,21,21,100,0,100,0,200,0,100.0,25880.0,100.0,46232869072.0,100.0,114644913647.0
2018-09-23,Z304KDZX,ST4000DM000,4000787030016,0,107,13095480,91,0,100,9,100,0,84,251019962,71,25995,100,0,100,9,100.0,0.0,100.0,0.0,100.0,0.0,100.0,0.0,100.0,0.0,79.0,21.0,100.0,0.0,100.0,0.0,97.0,6218.0,21,21,100,0,100,0,200,0,100.0,25905.0,100.0,46239342912.0,100.0,114802186643.0
2018-09-24,Z304KDZX,ST4000DM000,4000787030016,0,107,14249080,91,0,100,9,100,0,84,251996936,71,26019,100,0,100,9,100.0,0.0,100.0,0.0,100.0,0.0,100.0,0.0,100.0,0.0,79.0,21.0,100.0,0.0,100.0,0.0,97.0,6218.0,21,21,100,0,100,0,200,0,100.0,25929.0,100.0,46242203344.0,100.0,114959458800.0
2018-09-25,Z304KDZX,ST4000DM000,4000787030016,0,115,95233136,91,0,100,9,100,0,84,253387889,71,26043,100,0,100,9,100.0,0.0,100.0,0.0,100.0,0.0,100.0,0.0,100.0,0.0,79.0,21.0,100.0,0.0,100.0,0.0,97.0,6218.0,21,21,100,0,100,0,200,0,100.0,25952.0,100.0,46248407448.0,100.0,115095482227.0
2018-09-26,Z304KDZX,ST4000DM000,4000787030016,0,118,174423504,91,0,100,9,100,0,84,254067784,71,26066,100,0,100,9,100.0,0.0,100.0,0.0,100.0,0.0,100.0,0.0,100.0,0.0,79.0,21.0,100.0,0.0,100.0,0.0,97.0,6219.0,21,21,100,0,100,0,200,0,100.0,25976.0,100.0,46250125592.0,100.0,115230164162.0
2018-09-27,Z304KDZX,ST4000DM000,4000787030016,0,105,9180712,91,0,100,9,100,0,84,254752221,71,26090,100,0,100,9,100.0,0.0,100.0,0.0,100.0,0.0,100.0,0.0,100.0,0.0,79.0,21.0,100.0,0.0,100.0,0.0,97.0,6222.0,21,21,100,0,100,0,200,0,100.0,26000.0,100.0,46252040656.0,100.0,115363999212.0
2018-09-28,Z304KDZX,ST4000DM000,4000787030016,0,119,227219472,91,0,100,9,100,0,84,255420961,71,26118,100,0,100,9,100.0,0.0,100.0,0.0,100.0,0.0,100.0,0.0,100.0,0.0,79.0,21.0,100.0,0.0,100.0,0.0,97.0,6223.0,21,21,100,0,100,0,200,0,100.0,26028.0,100.0,46253476304.0,100.0,115511973539.0
2018-09-29,Z304KDZX,ST4000DM000,4000787030016,0,108,16420808,91,0,100,9,100,0,84,255892814,71,26142,100,0,100,9,100.0,0.0,100.0,0.0,100.0,0.0,100.0,0.0,100.0,0.0,79.0,21.0,100.0,0.0,100.0,0.0,97.0,6223.0,21,21,100,0,100,0,200,0,100.0,26052.0,100.0,46256304648.0,100.0,115688150155.0
2018-09-30,Z304KDZX,ST4000DM000,4000787030016,0,116,106618952,91,0,100,9,100,0,84,257441056,71,26166,100,0,100,9,100.0,0.0,100.0,0.0,100.0,0.0,100.0,0.0,100.0,0.0,79.0,21.0,100.0,0.0,100.0,0.0,97.0,6223.0,21,21,100,0,100,0,200,0,100.0,26076.0,100.0,46262004384.0,100.0,115869306529.0
2018-10-01,Z304KDZX,ST4000DM000,4000787030016,0,119,213764080,91,0,100,9,100,0,84,258504802,71,26190,100,0,100,9,100.0,0.0,100.0,0.0,100.0,0.0,100.0,0.0,100.0,0.0,79.0,21.0,100.0,0.0,100.0,0.0,97.0,6223.0,21,21,100,0,100,0,200,0,100.0,26099.0,100.0,46265425864.0,100.0,116031594942.0
2018-10-02,Z304KDZX,ST4000DM000,4000787030016,0,116,113461544,91,0,100,9,100,0,84,259633508,71,26214,100,0,100,9,100.0,0.0,100.0,0.0,100.0,0.0,100.0,0.0,100.0,0.0,79.0,21.0,100.0,0.0,100.0,0.0,97.0,6224.0,21,21,100,0,100,0,200,0,100.0,26124.0,100.0,46270623328.0,100.0,116207020861.0
2018-10-03,Z304KDZX,ST4000DM000,4000787030016,0,119,234161072,91,0,100,9,100,0,84,260016722,71,26238,100,0,100,9,100.0,0.0,100.0,0.0,100.0,0.0,100.0,0.0,100.0,0.0,79.0,21.0,100.0,0.0,100.0,0.0,97.0,6225.0,21,21,100,0,100,0,200,0,100.0,26148.0,100.0,46273489192.0,100.0,116375085606.0
2018-10-04,Z304KDZX,ST4000DM000,4000787030016,0,113.0,53064776.0,91.0,0.0,100.0,9.0,100.0,0.0,84.0,260470139.0,71.0,26262.0,100.0,0.0,100.0,9.0,100.0,0.0,100.0,0.0,100.0,0.0,100.0,0.0,100.0,0.0,79.0,21.0,100.0,0.0,100.0,0.0,97.0,6225.0,21.0,21.0,100.0,0.0,100.0,0.0,200.0,0.0,100.0,26171.0,100.0,46275941840.0,100.0,116564486972.0
2018-10-05,Z304KDZX,ST4000DM000,4000787030016,0,114,76896064,91,0,100,9,100,0,84,261330471,70,26285,100,0,100,9,100.0,0.0,100.0,0.0,100.0,0.0,100.0,0.0,100.0,0.0,79.0,21.0,100.0,0.0,100.0,0.0,97.0,6225.0,21,21,100,0,100,0,200,0,100.0,26195.0,100.0,46278589840.0,100.0,116733801771.0
2018-10-06,Z304KDZX,ST4000DM000,4000787030016,0,120,237947392,91,0,100,9,100,0,84,262141249,70,26310,100,0,100,9,100.0,0.0,100.0,0.0,100.0,0.0,100.0,0.0,100.0,0.0,79.0,21.0,100.0,0.0,100.0,0.0,97.0,6226.0,21,21,100,0,100,0,200,0,100.0,26220.0,100.0,46280873456.0,100.0,116897396939.0
2018-10-07,Z304KDZX,ST4000DM000,4000787030016,0,109,23082488,91,0,100,9,100,0,84,263624666,70,26334,100,0,100,9,100.0,0.0,100.0,0.0,100.0,0.0,100.0,0.0,100.0,0.0,79.0,21.0,100.0,0.0,100.0,0.0,97.0,6228.0,21,21,100,0,100,0,200,0,100.0,26244.0,100.0,46285039848.0,100.0,117079327973.0
2018-10-08,Z304KDZX,ST4000DM000,4000787030016,0,114,70355216,91,0,100,9,100,0,84,264807141,70,26357,100,0,100,9,100.0,0.0,100.0,0.0,100.0,0.0,100.0,0.0,100.0,0.0,79.0,21.0,100.0,0.0,100.0,0.0,97.0,6231.0,21,21,100,0,100,0,200,0,100.0,26267.0,100.0,46286901680.0,100.0,117237805562.0
2018-10-09,Z304KDZX,ST4000DM000,4000787030016,0,114.0,77801792.0,91.0,0.0,100.0,9.0,100.0,0.0,84.0,266655052.0,70.0,26382.0,100.0,0.0,100.0,9.0,100.0,0.0,100.0,0.0,100.0,0.0,100.0,0.0,100.0,0.0,79.0,21.0,100.0,0.0,100.0,0.0,97.0,6234.0,21.0,21.0,100.0,0.0,100.0,0.0,200.0,0.0,100.0,26291.0,100.0,46291233264.0,100.0,117391516077.0
2018-10-10,Z304KDZX,ST4000DM000,4000787030016,0,118,176828288,91,0,100,9,100,0,84,268810819,70,26406,100,0,100,9,100.0,0.0,100.0,0.0,100.0,0.0,100.0,0.0,100.0,0.0,79.0,21.0,100.0,0.0,100.0,0.0,97.0,6235.0,21,21,100,0,100,0,200,0,100.0,26316.0,100.0,46293059240.0,100.0,117575778702.0
2018-10-11,Z304KDZX,ST4000DM000,4000787030016,0,118,194454800,91,0,100,9,100,0,84,269932467,70,26430,100,0,100,9,100.0,0.0,100.0,0.0,100.0,0.0,100.0,0.0,100.0,0.0,79.0,21.0,100.0,0.0,100.0,0.0,97.0,6235.0,21,21,100,0,100,0,200,0,100.0,26340.0,100.0,46294497912.0,100.0,117746953996.0
2018-10-12,Z304KDZX,ST4000DM000,4000787030016,0,117,117718664,91,0,100,9,100,0,84,270483873,70,26454,100,0,100,9,100.0,0.0,100.0,0.0,100.0,0.0,100.0,0.0,100.0,0.0,79.0,21.0,100.0,0.0,100.0,0.0,97.0,6237.0,21,21,100,0,100,0,200,0,100.0,26364.0,100.0,46296012760.0,100.0,117874102738.0
2018-10-13,Z304KDZX,ST4000DM000,4000787030016,0,116,103863608,91,0,100,9,100,0,84,271360678,70,26478,100,0,100,9,100.0,0.0,100.0,0.0,100.0,0.0,100.0,0.0,100.0,0.0,78.0,22.0,100.0,0.0,100.0,0.0,97.0,6238.0,22,22,100,0,100,0,200,0,100.0,26387.0,100.0,46298604320.0,100.0,118043388757.0
2018-10-14,Z304KDZX,ST4000DM000,4000787030016,0,111,29718424,91,0,100,9,100,0,84,272979017,70,26502,100,0,100,9,100.0,0.0,100.0,0.0,100.0,0.0,100.0,0.0,100.0,0.0,79.0,21.0,100.0,0.0,100.0,0.0,97.0,6238.0,21,21,100,0,100,0,200,0,100.0,26411.0,100.0,46304094144.0,100.0,118220087135.0
2018-10-15,Z304KDZX,ST4000DM000,4000787030016,0,115,95527432,91,0,100,9,100,0,84,274076898,70,26526,100,0,100,9,100.0,0.0,100.0,0.0,100.0,0.0,100.0,0.0,100.0,0.0,79.0,21.0,100.0,0.0,100.0,0.0,97.0,6238.0,21,21,100,0,100,0,200,0,100.0,26436.0,100.0,46307139880.0,100.0,118387897665.0
2018-10-16,Z304KDZX,ST4000DM000,4000787030016,0,116,101063576,91,0,100,9,100,0,84,275839591,70,26549,100,0,100,9,100.0,0.0,100.0,0.0,100.0,0.0,100.0,0.0,100.0,0.0,79.0,21.0,100.0,0.0,100.0,0.0,97.0,6238.0,21,21,100,0,100,0,200,0,100.0,26459.0,100.0,46311432384.0,100.0,118537011744.0
2018-10-17,Z304KDZX,ST4000DM000,4000787030016,0,118,167826152,91,0,100,9,100,0,84,276665824,70,26573,100,0,100,9,100.0,0.0,100.0,0.0,100.0,0.0,100.0,0.0,100.0,0.0,79.0,21.0,100.0,0.0,100.0,0.0,97.0,6240.0,21,21,100,0,100,0,200,0,100.0,26483.0,100.0,46313825752.0,100.0,118709303683.0
2018-10-18,Z304KDZX,ST4000DM000,4000787030016,0,117,155592392,91,0,100,9,100,0,84,277220673,70,26596,100,0,100,9,100.0,0.0,100.0,0.0,100.0,0.0,100.0,0.0,100.0,0.0,79.0,21.0,100.0,0.0,100.0,0.0,97.0,6243.0,21,21,100,0,100,0,200,0,100.0,26506.0,100.0,46315830080.0,100.0,118814657652.0
2018-10-19,Z304KDZX,ST4000DM000,4000787030016,0,101,3649640,91,0,100,9,100,0,84,279035427,70,26620,100,0,100,9,100.0,0.0,100.0,0.0,100.0,0.0,100.0,0.0,100.0,0.0,79.0,21.0,100.0,0.0,100.0,0.0,97.0,6244.0,21,21,100,0,100,0,200,0,100.0,26530.0,100.0,46321086824.0,100.0,118981986484.0
2018-10-20,Z304KDZX,ST4000DM000,4000787030016,0,105,8412392,91,0,100,9,100,0,84,279902316,70,26644,100,0,100,9,100.0,0.0,100.0,0.0,100.0,0.0,100.0,0.0,100.0,0.0,79.0,21.0,100.0,0.0,100.0,0.0,97.0,6244.0,21,21,100,0,100,0,200,0,100.0,26554.0,100.0,46322999928.0,100.0,119128012172.0
2018-10-21,Z304KDZX,ST4000DM000,4000787030016,0,117,163028176,91,0,100,9,100,0,84,281545452,70,26668,100,0,100,9,100.0,0.0,100.0,0.0,100.0,0.0,100.0,0.0,100.0,0.0,79.0,21.0,100.0,0.0,100.0,0.0,97.0,6244.0,21,21,100,0,100,0,200,0,100.0,26578.0,100.0,46327256008.0,100.0,119306370797.0
2018-10-22,Z304KDZX,ST4000DM000,4000787030016,0,109,22761816,91,0,100,9,100,0,84,282212623,70,26692,100,0,100,9,100.0,0.0,100.0,0.0,100.0,0.0,100.0,0.0,100.0,0.0,79.0,21.0,100.0,0.0,100.0,0.0,97.0,6245.0,21,21,100,0,100,0,200,0,100.0,26602.0,100.0,46329192472.0,100.0,119436774402.0
2018-10-23,Z304KDZX,ST4000DM000,4000787030016,0,117,128375128,91,0,100,9,100,0,84,283478720,70,26716,100,0,100,9,100.0,0.0,100.0,0.0,100.0,0.0,100.0,0.0,100.0,0.0,79.0,21.0,100.0,0.0,100.0,0.0,97.0,6245.0,21,21,100,0,100,0,200,0,100.0,26626.0,100.0,46333696984.0,100.0,119567489461.0
2018-10-24,Z304KDZX,ST4000DM000,4000787030016,0,117,165644856,91,0,100,9,100,0,84,284164770,70,26740,100,0,100,9,100.0,0.0,100.0,0.0,100.0,0.0,100.0,0.0,100.0,0.0,79.0,21.0,100.0,0.0,100,0,97.0,6246.0,21,21,100,0,100,0,200,0,100.0,26650.0,100.0,46335646440.0,100.0,119699405017.0
2018-10-25,Z304KDZX,ST4000DM000,4000787030016,0,117,151256264,91,0,100,9,100,0,84,285139987,70,26766,100,0,100,9,100.0,0.0,100.0,0.0,100.0,0.0,100.0,0.0,100.0,0.0,79.0,21.0,100.0,0.0,100.0,0.0,97.0,6249.0,21,21,100,0,100,0,200,0,100.0,26676.0,100.0,46338798360.0,100.0,119870312599.0
2018-10-26,Z304KDZX,ST4000DM000,4000787030016,0,111,39164112,91,0,100,9,100,0,84,285939343,70,26790,100,0,100,9,100.0,0.0,100.0,0.0,100.0,0.0,100.0,0.0,100.0,0.0,79.0,21.0,100.0,0.0,100.0,0.0,97.0,6251.0,21,21,100,0,100,0,200,0,100.0,26700.0,100.0,46340530056.0,100.0,120007715096.0
2018-10-27,Z304KDZX,ST4000DM000,4000787030016,0,118,197121392,91,0,100,9,100,0,84,287003668,70,26814,100,0,100,9,100.0,0.0,100.0,0.0,100.0,0.0,100.0,0.0,100.0,0.0,79.0,21.0,100.0,0.0,100.0,0.0,97.0,6251.0,21,21,100,0,100,0,200,0,100.0,26723.0,100.0,46343199504.0,100.0,120163787165.0
2018-10-28,Z304KDZX,ST4000DM000,4000787030016,0,111,30648608,91,0,100,9,100,0,84,289630178,70,26838,100,0,100,9,100.0,0.0,100.0,0.0,100.0,0.0,100.0,0.0,100.0,0.0,79.0,21.0,100.0,0.0,100.0,0.0,97.0,6251.0,21,21,100,0,100,0,200,0,100.0,26748.0,100.0,46348129480.0,100.0,120328770239.0
2018-10-29,Z304KDZX,ST4000DM000,4000787030016,0,115,89917528,91,0,100,9,100,0,84,290581822,70,26862,100,0,100,9,100.0,0.0,100.0,0.0,100.0,0.0,100.0,0.0,100.0,0.0,78.0,22.0,100.0,0.0,100.0,0.0,97.0,6252.0,22,22,100,0,100,0,200,0,100.0,26772.0,100.0,46349757880.0,100.0,120466629094.0
2018-10-30,Z304KDZX,ST4000DM000,4000787030016,0,120,236554104,91,0,100,9,100,0,84,291949021,70,26886,100,0,100,9,100.0,0.0,100.0,0.0,100.0,0.0,100.0,0.0,100.0,0.0,78.0,22.0,100.0,0.0,100.0,0.0,97.0,6252.0,22,22,100,0,100,0,200,0,100.0,26796.0,100.0,46353632800.0,100.0,120603963945.0
2018-10-31,Z304KDZX,ST4000DM000,4000787030016,0,118,195274248,91.0,0.0,100.0,9.0,100.0,0.0,84.0,292694400.0,70,26910,100.0,0.0,100,9,100.0,0.0,100.0,0.0,100.0,0.0,100.0,0.0,100.0,0.0,78.0,22.0,100.0,0.0,100.0,0.0,97.0,6252.0,22,22,100.0,0.0,100.0,0.0,200.0,0.0,100.0,26820.0,100.0,46355832824.0,100.0,120746755152.0
2018-11-01,Z304KDZX,ST4000DM000,4000787030016,0,117,149376424,91.0,0.0,100.0,9.0,100.0,0.0,84.0,295157320.0,70,26934,100.0,0.0,100,9,100.0,0.0,100.0,0.0,100.0,0.0,100.0,0.0,100.0,0.0,77.0,23.0,100.0,0.0,100.0,0.0,97.0,6256.0,23,23,100.0,0.0,100.0,0.0,200.0,0.0,100.0,26844.0,100.0,46361771480.0,100.0,121371987449.0
2018-11-02,Z304KDZX,ST4000DM000,4000787030016,0,112,47176888,91.0,0.0,100.0,9.0,100.0,0.0,84.0,298258627.0,70,26954,100.0,0.0,100,9,100.0,0.0,100.0,0.0,100.0,0.0,100.0,0.0,100.0,0.0,78.0,22.0,100.0,0.0,100.0,0.0,97.0,6257.0,22,22,100.0,0.0,100.0,0.0,200.0,0.0,100.0,26863.0,100.0,46368604024.0,100.0,122112056317.0
2018-11-03,Z304KDZX,ST4000DM000,4000787030016,0,103,5952600,91.0,0.0,100.0,9.0,100.0,0.0,84.0,302765255.0,70,26978,100.0,0.0,100,9,100.0,0.0,100.0,0.0,100.0,0.0,100.0,0.0,100.0,0.0,78.0,22.0,100.0,0.0,100.0,0.0,97.0,6257.0,22,22,100.0,0.0,100.0,0.0,200.0,0.0,100.0,26888.0,100.0,46373937544.0,100.0,122730386332.0
2018-11-04,Z304KDZX,ST4000DM000,4000787030016,0,119,212571744,91.0,0.0,100.0,9.0,100.0,0.0,84.0,307174129.0,70,27001,100.0,0.0,100,9,100.0,0.0,100.0,0.0,100.0,0.0,100.0,0.0,100.0,0.0,78.0,22.0,100.0,0.0,100.0,0.0,97.0,6257.0,22,22,100.0,0.0,100.0,0.0,200.0,0.0,100.0,26911.0,100.0,46379561712.0,100.0,123266077865.0
2018-11-05,Z304KDZX,ST4000DM000,4000787030016,0,116,105203896,91.0,0.0,100.0,9.0,100.0,0.0,84.0,311313935.0,70,27025,100.0,0.0,100,9,100.0,0.0,100.0,0.0,100.0,0.0,100.0,0.0,100.0,0.0,78.0,22.0,100.0,0.0,100.0,0.0,97.0,6257.0,22,22,100.0,0.0,100.0,0.0,200.0,0.0,100.0,26935.0,100.0,46385182488.0,100.0,123732071518.0
2018-11-06,Z304KDZX,ST4000DM000,4000787030016,0,118.0,173786128.0,91.0,0.0,100.0,9.0,100.0,0.0,84.0,315754225.0,70.0,27050.0,100.0,0.0,100.0,9.0,100.0,0.0,100.0,0.0,100.0,0.0,100.0,0.0,100.0,0.0,78.0,22.0,100.0,0.0,100.0,0.0,97.0,6257.0,22.0,22.0,100.0,0.0,100.0,0.0,200.0,0.0,100.0,26959.0,100.0,46391345040.0,100.0,124286144177.0
2018-11-07,Z304KDZX,ST4000DM000,4000787030016,0,114.0,77122816.0,91.0,0.0,100.0,9.0,100.0,0.0,84.0,319881390.0,70.0,27074.0,100.0,0.0,100.0,9.0,100.0,0.0,100.0,0.0,100.0,0.0,100.0,0.0,100.0,0.0,78.0,22.0,100.0,0.0,100.0,0.0,97.0,6257.0,22.0,22.0,100.0,0.0,100.0,0.0,200.0,0.0,100.0,26983.0,100.0,46396248144.0,100.0,124806382781.0
2018-11-08,Z304KDZX,ST4000DM000,4000787030016,0,117.0,134799440.0,91.0,0.0,100.0,9.0,100.0,0.0,84.0,325485126.0,70.0,27102.0,100.0,0.0,100.0,9.0,100.0,0.0,100.0,0.0,100.0,0.0,100.0,0.0,100.0,0.0,79.0,21.0,100.0,0.0,100.0,0.0,97.0,6257.0,21.0,21.0,100.0,0.0,100.0,0.0,200.0,0.0,100.0,27012.0,100.0,46403854896.0,100.0,125503458287.0
2018-11-09,Z304KDZX,ST4000DM000,4000787030016,0,117,128418272,91.0,0.0,100.0,9.0,100.0,0.0,84.0,329737394.0,70,27126,100.0,0.0,100,9,100.0,0.0,100.0,0.0,100.0,0.0,100.0,0.0,100.0,0.0,79.0,21.0,100.0,0.0,100.0,0.0,97.0,6257.0,21,21,100.0,0.0,100.0,0.0,200.0,0.0,100.0,27036.0,100.0,46408099256.0,100.0,126156465704.0
2018-11-10,Z304KDZX,ST4000DM000,4000787030016,0,114,69073496,91.0,0.0,100.0,9.0,100.0,0.0,84.0,331579427.0,70,27150,100.0,0.0,100,9,100.0,0.0,100.0,0.0,100.0,0.0,100.0,0.0,100.0,0.0,79.0,21.0,100.0,0.0,100.0,0.0,97.0,6257.0,21,21,100.0,0.0,100.0,0.0,200.0,0.0,100.0,27060.0,100.0,46412141248.0,100.0,126513836156.0
2018-11-11,Z304KDZX,ST4000DM000,4000787030016,0,120,235511632,91.0,0.0,100.0,9.0,100.0,0.0,84.0,332762595.0,69,27174,100.0,0.0,100,9,100.0,0.0,100.0,0.0,100.0,0.0,100.0,0.0,100.0,0.0,79.0,21.0,100.0,0.0,100.0,0.0,97.0,6257.0,21,21,100.0,0.0,100.0,0.0,200.0,0.0,100.0,27084.0,100.0,46418545984.0,100.0,126707482558.0
2018-11-12,Z304KDZX,ST4000DM000,4000787030016,0,120,237668992,91.0,0.0,100.0,9.0,100.0,0.0,84.0,333200972.0,69,27198,100.0,0.0,100,9,100.0,0.0,100.0,0.0,100.0,0.0,100.0,0.0,100.0,0.0,79.0,21.0,100.0,0.0,100.0,0.0,97.0,6257.0,21,21,100.0,0.0,100.0,0.0,200.0,0.0,100.0,27108.0,100.0,46421505168.0,100.0,126888507957.0
2018-11-13,Z304KDZX,ST4000DM000,4000787030016,0,119,222156136,91.0,0.0,100.0,9.0,100.0,0.0,84.0,335339144.0,69,27222,100.0,0.0,100,9,100.0,0.0,100.0,0.0,100.0,0.0,100.0,0.0,100.0,0.0,79.0,21.0,100.0,0.0,100.0,0.0,97.0,6257.0,21,21,100.0,0.0,100.0,0.0,200.0,0.0,100.0,27132.0,100.0,46428312736.0,100.0,127071035851.0
2018-11-14,Z304KDZX,ST4000DM000,4000787030016,0,117,150833296,91.0,0.0,100.0,9.0,100.0,0.0,85.0,336242029.0,69,27246,100.0,0.0,100,9,100.0,0.0,100.0,0.0,100.0,0.0,100.0,0.0,100.0,0.0,79.0,21.0,100.0,0.0,100.0,0.0,97.0,6257.0,21,21,100.0,0.0,100.0,0.0,200.0,0.0,100.0,27156.0,100.0,46430806816.0,100.0,127254629358.0
2018-11-15,Z304KDZX,ST4000DM000,4000787030016,0,118,171255152,91.0,0.0,100.0,9.0,100.0,0.0,85.0,337037611.0,69,27270,100.0,0.0,100,9,100.0,0.0,100.0,0.0,100.0,0.0,100.0,0.0,100.0,0.0,78.0,22.0,100.0,0.0,100.0,0.0,97.0,6257.0,22,22,100.0,0.0,100.0,0.0,200.0,0.0,100.0,27180.0,100.0,46433100472.0,100.0,127418195628.0
2018-11-16,Z304KDZX,ST4000DM000,4000787030016,0,118,181579744,91.0,0.0,100.0,9.0,100.0,0.0,85.0,337881321.0,69,27294,100.0,0.0,100,9,100.0,0.0,100.0,0.0,100.0,0.0,100.0,0.0,100.0,0.0,78.0,22.0,100.0,0.0,100.0,0.0,97.0,6257.0,22,22,100.0,0.0,100.0,0.0,200.0,0.0,100.0,27204.0,100.0,46435555552.0,100.0,127588636945.0
2018-11-17,Z304KDZX,ST4000DM000,4000787030016,0,114.0,64286848.0,91.0,0.0,100.0,9.0,100.0,0.0,85.0,339122133.0,69.0,27318.0,100.0,0.0,100.0,9.0,100.0,0.0,100.0,0.0,100.0,0.0,100.0,0.0,100.0,0.0,78.0,22.0,100.0,0.0,100.0,0.0,97.0,6257.0,22.0,22.0,100.0,0.0,100.0,0.0,200.0,0.0,100.0,27227.0,100.0,46437808408.0,100.0,127754778624.0
2018-11-18,Z304KDZX,ST4000DM000,4000787030016,0,114,67678088,91.0,0.0,100.0,9.0,100.0,0.0,85.0,341112459.0,69,27342,100.0,0.0,100,9,100.0,0.0,100.0,0.0,100.0,0.0,100.0,0.0,100.0,0.0,78.0,22.0,100.0,0.0,100.0,0.0,97.0,6257.0,22,22,100.0,0.0,100.0,0.0,200.0,0.0,100.0,27252.0,100.0,46442279160.0,100.0,127934418733.0
2018-11-19,Z304KDZX,ST4000DM000,4000787030016,0,113,50915944,91.0,0.0,100.0,9.0,100.0,0.0,85.0,342259715.0,69,27366,100.0,0.0,100,9,100.0,0.0,100.0,0.0,100.0,0.0,100.0,0.0,100.0,0.0,78.0,22.0,100.0,0.0,100.0,0.0,97.0,6257.0,22,22,100.0,0.0,100.0,0.0,200.0,0.0,100.0,27276.0,100.0,46444214712.0,100.0,128110866842.0
2018-11-20,Z304KDZX,ST4000DM000,4000787030016,0,111,33615504,91.0,0.0,100.0,9.0,100.0,0.0,85.0,343990737.0,69,27390,100.0,0.0,100,9,100.0,0.0,100.0,0.0,100.0,0.0,100.0,0.0,100.0,0.0,78.0,22.0,100.0,0.0,100.0,0.0,97.0,6257.0,22,22,100.0,0.0,100.0,0.0,200.0,0.0,100.0,27300.0,100.0,46449381632.0,100.0,128273605989.0
2018-11-21,Z304KDZX,ST4000DM000,4000787030016,0,114,65940944,91.0,0.0,100.0,9.0,100.0,0.0,85.0,344626680.0,69,27414,100.0,0.0,100,9,100.0,0.0,100.0,0.0,100.0,0.0,100.0,0.0,100.0,0.0,78.0,22.0,100.0,0.0,100.0,0.0,97.0,6257.0,22,22,100.0,0.0,100.0,0.0,200.0,0.0,100.0,27324.0,100.0,46451314664.0,100.0,128416801987.0
2018-11-22,Z304KDZX,ST4000DM000,4000787030016,0,115,89598168,91.0,0.0,100.0,9.0,100.0,0.0,85.0,345509384.0,69,27439,100.0,0.0,100,9,100.0,0.0,100.0,0.0,100.0,0.0,100.0,0.0,100.0,0.0,77.0,23.0,100.0,0.0,100.0,0.0,97.0,6257.0,23,23,100.0,0.0,100.0,0.0,200.0,0.0,100.0,27348.0,100.0,46453325112.0,100.0,128588910844.0
2018-11-23,Z304KDZX,ST4000DM000,4000787030016,0,119,208861160,91.0,0.0,100.0,9.0,100.0,0.0,85.0,347272083.0,69,27462,100.0,0.0,100,9,100.0,0.0,100.0,0.0,100.0,0.0,100.0,0.0,100.0,0.0,78.0,22.0,100.0,0.0,100.0,0.0,97.0,6257.0,22,22,100.0,0.0,100.0,0.0,200.0,0.0,100.0,27371.0,100.0,46458357400.0,100.0,128761414525.0
2018-11-24,Z304KDZX,ST4000DM000,4000787030016,0,119,209770296,91.0,0.0,100.0,9.0,100.0,0.0,85.0,348575223.0,69,27486,100.0,0.0,100,9,100.0,0.0,100.0,0.0,100.0,0.0,100.0,0.0,100.0,0.0,78.0,22.0,100.0,0.0,100.0,0.0,97.0,6257.0,22,22,100.0,0.0,100.0,0.0,200.0,0.0,100.0,27396.0,100.0,46460868800.0,100.0,128941008451.0
2018-11-25,Z304KDZX,ST4000DM000,4000787030016,0,114,66853360,91.0,0.0,100.0,9.0,100.0,0.0,85.0,350270099.0,69,27510,100.0,0.0,100,9,100.0,0.0,100.0,0.0,100.0,0.0,100.0,0.0,100.0,0.0,78.0,22.0,100.0,0.0,100.0,0.0,97.0,6257.0,22,22,100.0,0.0,100.0,0.0,200.0,0.0,100.0,27420.0,100.0,46464982208.0,100.0,129124381921.0
2018-11-26,Z304KDZX,ST4000DM000,4000787030016,0,119,216486248,91.0,0.0,100.0,9.0,100.0,0.0,85.0,350870118.0,69,27533,100.0,0.0,100,9,100.0,0.0,100.0,0.0,100.0,0.0,100.0,0.0,100.0,0.0,78.0,22.0,100.0,0.0,100.0,0.0,97.0,6257.0,22,22,100.0,0.0,100.0,0.0,200.0,0.0,100.0,27443.0,100.0,46466850928.0,100.0,129246023326.0
2018-11-27,Z304KDZX,ST4000DM000,4000787030016,0,118,183703312,91.0,0.0,100.0,9.0,100.0,0.0,85.0,352224463.0,69,27558,100.0,0.0,100,9,100.0,0.0,100.0,0.0,100.0,0.0,100.0,0.0,100.0,0.0,79.0,21.0,100.0,0.0,100.0,0.0,97.0,6257.0,21,21,100.0,0.0,100.0,0.0,200.0,0.0,100.0,27468.0,100.0,46470864672.0,100.0,129393950977.0
2018-11-28,Z304KDZX,ST4000DM000,4000787030016,0,117,143705192,91.0,0.0,100.0,9.0,100.0,0.0,85.0,353170061.0,69,27582,100.0,0.0,100,9,100.0,0.0,100.0,0.0,100.0,0.0,100.0,0.0,100.0,0.0,79.0,21.0,100.0,0.0,100.0,0.0,97.0,6257.0,21,21,100.0,0.0,100.0,0.0,200.0,0.0,100.0,27492.0,100.0,46473064224.0,100.0,129550375859.0
2018-11-29,Z304KDZX,ST4000DM000,4000787030016,0,109,22383552,91.0,0.0,100.0,9.0,100.0,0.0,85.0,354168406.0,69,27606,100.0,0.0,100,9,100.0,0.0,100.0,0.0,100.0,0.0,100.0,0.0,100.0,0.0,81.0,19.0,100.0,0.0,100.0,0.0,97.0,6257.0,19,19,100.0,0.0,100.0,0.0,200.0,0.0,100.0,27516.0,100.0,46475379024.0,100.0,129721027572.0
2018-11-30,Z304KDZX,ST4000DM000,4000787030016,0,110,27157736,91.0,0.0,100.0,9.0,100.0,0.0,85.0,354835244.0,69,27631,100.0,0.0,100,9,100.0,0.0,100.0,0.0,100.0,0.0,100.0,0.0,100.0,0.0,80.0,20.0,100.0,0.0,100.0,0.0,97.0,6257.0,20,20,100.0,0.0,100.0,0.0,200.0,0.0,100.0,27540.0,100.0,46477114616.0,100.0,129851861724.0
2018-12-01,Z304KDZX,ST4000DM000,4000787030016,0,118,181010616,91.0,0.0,100.0,9.0,100.0,0.0,85.0,356357795.0,69,27654,100.0,0.0,100,9,100.0,0.0,100.0,0.0,100.0,0.0,100.0,0.0,100.0,0.0,80.0,20.0,100.0,0.0,100.0,0.0,97.0,6257.0,20,20,100.0,0.0,100.0,0.0,200.0,0.0,100.0,27564.0,100.0,46481803032.0,100.0,129990926790.0
2018-12-02,Z304KDZX,ST4000DM000,4000787030016,0,118,183860448,91.0,0.0,100.0,9.0,100.0,0.0,85.0,357858101.0,69,27678,100.0,0.0,100,9,100.0,0.0,100.0,0.0,100.0,0.0,100.0,0.0,100.0,0.0,80.0,20.0,100.0,0.0,100.0,0.0,97.0,6257.0,20,20,100.0,0.0,100.0,0.0,200.0,0.0,100.0,27588.0,100.0,46484859616.0,100.0,130162202355.0
2018-12-03,Z304KDZX,ST4000DM000,4000787030016,0,114,68349752,91.0,0.0,100.0,9.0,100.0,0.0,85.0,358727233.0,69,27702,100.0,0.0,100,9,100.0,0.0,100.0,0.0,100.0,0.0,100.0,0.0,100.0,0.0,80.0,20.0,100.0,0.0,100.0,0.0,97.0,6257.0,20,20,100.0,0.0,100.0,0.0,200.0,0.0,100.0,27612.0,100.0,46487633072.0,100.0,130311138215.0
2018-12-04,Z304KDZX,ST4000DM000,4000787030016,0,108,20072960,91.0,0.0,100.0,9.0,100.0,0.0,85.0,360201208.0,69,27727,100.0,0.0,100,9,100.0,0.0,100.0,0.0,100.0,0.0,100.0,0.0,100.0,0.0,80.0,20.0,100.0,0.0,100.0,0.0,97.0,6257.0,20,20,100.0,0.0,100.0,0.0,200.0,0.0,100.0,27636.0,100.0,46492346896.0,100.0,130458429963.0
2018-12-05,Z304KDZX,ST4000DM000,4000787030016,0,117.0,161879984.0,91.0,0.0,100.0,9.0,100.0,0.0,85.0,361276496.0,69.0,27750.0,100.0,0.0,100.0,9.0,100.0,0.0,100.0,0.0,100.0,0.0,100.0,0.0,100.0,0.0,80.0,20.0,100.0,0.0,100.0,0.0,97.0,6257.0,20.0,20.0,100.0,0.0,100.0,0.0,200.0,0.0,100.0,27660.0,100.0,46494519648.0,100.0,130610434531.0
2018-12-06,Z304KDZX,ST4000DM000,4000787030016,0,117,131794424,91.0,0.0,100.0,9.0,100.0,0.0,85.0,362193420.0,69,27768,100.0,0.0,100,9,100.0,0.0,100.0,0.0,100.0,0.0,100.0,0.0,100.0,0.0,81.0,19.0,100.0,0.0,100.0,0.0,97.0,6257.0,19,19,100.0,0.0,100.0,0.0,200.0,0.0,100.0,27678.0,100.0,46495847432.0,100.0,130730166732.0
2018-12-07,Z304KDZX,ST4000DM000,4000787030016,0,117,126249480,91.0,0.0,100.0,9.0,100.0,0.0,85.0,363198090.0,69,27792,100.0,0.0,100,9,100.0,0.0,100.0,0.0,100.0,0.0,100.0,0.0,100.0,0.0,80.0,20.0,100.0,0.0,100.0,0.0,97.0,6257.0,20,20,100.0,0.0,100.0,0.0,200.0,0.0,100.0,27702.0,100.0,46497596440.0,100.0,130881052651.0
2018-12-08,Z304KDZX,ST4000DM000,4000787030016,0,109,25097760,91.0,0.0,100.0,9.0,100.0,0.0,85.0,364535563.0,69,27817,100.0,0.0,100,9,100.0,0.0,100.0,0.0,100.0,0.0,100.0,0.0,100.0,0.0,80.0,20.0,100.0,0.0,100.0,0.0,97.0,6257.0,20,20,100.0,0.0,100.0,0.0,200.0,0.0,100.0,27727.0,100.0,46503268280.0,100.0,131030652387.0
2018-12-09,Z304KDZX,ST4000DM000,4000787030016,0,119,206357920,91.0,0.0,100.0,9.0,100.0,0.0,85.0,365972842.0,69,27841,100.0,0.0,100,9,100.0,0.0,100.0,0.0,100.0,0.0,100.0,0.0,100.0,0.0,81.0,19.0,100.0,0.0,100.0,0.0,97.0,6257.0,19,19,100.0,0.0,100.0,0.0,200.0,0.0,100.0,27750.0,100.0,46506669784.0,100.0,131189590623.0
2018-12-10,Z304KDZX,ST4000DM000,4000787030016,0,119,208356368,91.0,0.0,100.0,9.0,100.0,0.0,85.0,366675234.0,69,27864,100.0,0.0,100,9,100.0,0.0,100.0,0.0,100.0,0.0,100.0,0.0,100.0,0.0,80.0,20.0,100.0,0.0,100.0,0.0,97.0,6257.0,20,20,100.0,0.0,100.0,0.0,200.0,0.0,100.0,27774.0,100.0,46507954752.0,100.0,131330025558.0
2018-12-11,Z304KDZX,ST4000DM000,4000787030016,0,116,101637704,91.0,0.0,100.0,9.0,100.0,0.0,85.0,367913746.0,69,27888,100.0,0.0,100,9,100.0,0.0,100.0,0.0,100.0,0.0,100.0,0.0,100.0,0.0,80.0,20.0,100.0,0.0,100.0,0.0,97.0,6257.0,20,20,100.0,0.0,100.0,0.0,200.0,0.0,100.0,27798.0,100.0,46511872680.0,100.0,131466473212.0
2018-12-12,Z304KDZX,ST4000DM000,4000787030016,0,113,51342528,91.0,0.0,100.0,9.0,100.0,0.0,85.0,368348781.0,69,27913,100.0,0.0,100,9,100.0,0.0,100.0,0.0,100.0,0.0,100.0,0.0,100.0,0.0,80.0,20.0,100.0,0.0,100.0,0.0,97.0,6257.0,20,20,100.0,0.0,100.0,0.0,200.0,0.0,100.0,27822.0,100.0,46514032072.0,100.0,131635654842.0
2018-12-13,Z304KDZX,ST4000DM000,4000787030016,0,111,30757656,91.0,0.0,100.0,9.0,100.0,0.0,85.0,368830815.0,69,27937,100.0,0.0,100,9,100.0,0.0,100.0,0.0,100.0,0.0,100.0,0.0,100.0,0.0,79.0,21.0,100.0,0.0,100.0,0.0,97.0,6257.0,21,21,100.0,0.0,100.0,0.0,200.0,0.0,100.0,27846.0,100.0,46517412088.0,100.0,131799740827.0
2018-12-14,Z304KDZX,ST4000DM000,4000787030016,0,119,219663184,91.0,0.0,100.0,9.0,100.0,0.0,85.0,370061798.0,69,27961,100.0,0.0,100,9,100.0,0.0,100.0,0.0,100.0,0.0,100.0,0.0,100.0,0.0,80.0,20.0,100.0,0.0,100.0,0.0,97.0,6257.0,20,20,100.0,0.0,100.0,0.0,200.0,0.0,100.0,27871.0,100.0,46522610248.0,100.0,131978826840.0
2018-12-15,Z304KDZX,ST4000DM000,4000787030016,0,119,233210376,91.0,0.0,100.0,9.0,100.0,0.0,85.0,370493301.0,69,27984,100.0,0.0,100,9,100.0,0.0,100.0,0.0,100.0,0.0,100.0,0.0,100.0,0.0,80.0,20.0,100.0,0.0,100.0,0.0,97.0,6257.0,20,20,100.0,0.0,100.0,0.0,200.0,0.0,100.0,27894.0,100.0,46524998896.0,100.0,132159677175.0
2018-12-16,Z304KDZX,ST4000DM000,4000787030016,0,118,198228528,91.0,0.0,100.0,9.0,100.0,0.0,85.0,371543936.0,69,28009,100.0,0.0,100,9,100.0,0.0,100.0,0.0,100.0,0.0,100.0,0.0,100.0,0.0,80.0,20.0,100.0,0.0,100.0,0.0,97.0,6257.0,20,20,100.0,0.0,100.0,0.0,200.0,0.0,100.0,27918.0,100.0,46530327960.0,100.0,132359058770.0
2018-12-17,Z304KDZX,ST4000DM000,4000787030016,0,117,135266088,91.0,0.0,100.0,9.0,100.0,0.0,85.0,372383155.0,68,28032,100.0,0.0,100,9,100.0,0.0,100.0,0.0,100.0,0.0,100.0,0.0,100.0,0.0,80.0,20.0,100.0,0.0,100.0,0.0,97.0,6257.0,20,20,100.0,0.0,100.0,0.0,200.0,0.0,100.0,27942.0,100.0,46532799304.0,100.0,132548441282.0
2018-12-18,Z304KDZX,ST4000DM000,4000787030016,0,114,59357536,91.0,0.0,100.0,9.0,100.0,0.0,85.0,373762939.0,68,28056,100.0,0.0,100,9,100.0,0.0,100.0,0.0,100.0,0.0,100.0,0.0,100.0,0.0,80.0,20.0,100.0,0.0,100.0,0.0,97.0,6257.0,20,20,100.0,0.0,100.0,0.0,200.0,0.0,100.0,27966.0,100.0,46537996776.0,100.0,132704731881.0
2018-12-19,Z304KDZX,ST4000DM000,4000787030016,0,111,39776864,91.0,0.0,100.0,9.0,100.0,0.0,85.0,374606565.0,68,28080,100.0,0.0,100,9,100.0,0.0,100.0,0.0,100.0,0.0,100.0,0.0,100.0,0.0,80.0,20.0,100.0,0.0,100.0,0.0,97.0,6257.0,20,20,100.0,0.0,100.0,0.0,200.0,0.0,100.0,27990.0,100.0,46540085192.0,100.0,132882717920.0
2018-12-20,Z304KDZX,ST4000DM000,4000787030016,0,119,215080048,91.0,0.0,100.0,9.0,100.0,0.0,85.0,375787137.0,68,28104,100.0,0.0,100,9,100.0,0.0,100.0,0.0,100.0,0.0,100.0,0.0,100.0,0.0,80.0,20.0,100.0,0.0,100.0,0.0,97.0,6257.0,20,20,100.0,0.0,100.0,0.0,200.0,0.0,100.0,28014.0,100.0,46541954192.0,100.0,133056377249.0
2018-12-21,Z304KDZX,ST4000DM000,4000787030016,0,117,133393840,91.0,0.0,100.0,9.0,100.0,0.0,85.0,377692647.0,68,28128,100.0,0.0,100,9,100.0,0.0,100.0,0.0,100.0,0.0,100.0,0.0,100.0,0.0,80.0,20.0,100.0,0.0,100.0,0.0,97.0,6257.0,20,20,100.0,0.0,100.0,0.0,200.0,0.0,100.0,28037.0,100.0,46546103688.0,100.0,133208502184.0
2018-12-22,Z304KDZX,ST4000DM000,4000787030016,0,111,36798504,91.0,0.0,100.0,9.0,100.0,0.0,85.0,378847484.0,68,28152,100.0,0.0,100,9,100.0,0.0,100.0,0.0,100.0,0.0,100.0,0.0,100.0,0.0,80.0,20.0,100.0,0.0,100.0,0.0,97.0,6257.0,20,20,100.0,0.0,100.0,0.0,200.0,0.0,100.0,28062.0,100.0,46548439616.0,100.0,133388596883.0
2018-12-23,Z304KDZX,ST4000DM000,4000787030016,0,117,139265888,91.0,0.0,100.0,9.0,100.0,0.0,85.0,380700921.0,68,28176,100.0,0.0,100,9,100.0,0.0,100.0,0.0,100.0,0.0,100.0,0.0,100.0,0.0,80.0,20.0,100.0,0.0,100.0,0.0,97.0,6257.0,20,20,100.0,0.0,100.0,0.0,200.0,0.0,100.0,28086.0,100.0,46552533688.0,100.0,133573399862.0
2018-12-24,Z304KDZX,ST4000DM000,4000787030016,0,115,97520896,91.0,0.0,100.0,9.0,100.0,0.0,85.0,381323352.0,68,28200,100.0,0.0,100,9,100.0,0.0,100.0,0.0,100.0,0.0,100.0,0.0,100.0,0.0,80.0,20.0,100.0,0.0,100.0,0.0,97.0,6257.0,20,20,100.0,0.0,100.0,0.0,200.0,0.0,100.0,28110.0,100.0,46554096672.0,100.0,133715884001.0
2018-12-25,Z304KDZX,ST4000DM000,4000787030016,0,117,167492504,91.0,0.0,100.0,9.0,100.0,0.0,85.0,382842641.0,68,28225,100.0,0.0,100,9,100.0,0.0,100.0,0.0,100.0,0.0,100.0,0.0,100.0,0.0,80.0,20.0,100.0,0.0,100.0,0.0,97.0,6257.0,20,20,100.0,0.0,100.0,0.0,200.0,0.0,100.0,28134.0,100.0,46561049272.0,100.0,133887707004.0
2018-12-26,Z304KDZX,ST4000DM000,4000787030016,0,108,15366800,91.0,0.0,100.0,9.0,100.0,0.0,85.0,383773029.0,68,28248,100.0,0.0,100,9,100.0,0.0,100.0,0.0,100.0,0.0,100.0,0.0,100.0,0.0,80.0,20.0,100.0,0.0,100.0,0.0,97.0,6257.0,20,20,100.0,0.0,100.0,0.0,200.0,0.0,100.0,28158.0,100.0,46563175240.0,100.0,134051218993.0
2018-12-27,Z304KDZX,ST4000DM000,4000787030016,0,113,55707128,91.0,0.0,100.0,9.0,100.0,0.0,85.0,384970301.0,68,28272,100.0,0.0,100,9,100.0,0.0,100.0,0.0,100.0,0.0,100.0,0.0,100.0,0.0,80.0,20.0,100.0,0.0,100.0,0.0,97.0,6257.0,20,20,100.0,0.0,100.0,0.0,200.0,0.0,100.0,28182.0,100.0,46565779776.0,100.0,134221121590.0
2018-12-28,Z304KDZX,ST4000DM000,4000787030016,0,116,113397584,91.0,0.0,100.0,9.0,100.0,0.0,85.0,386296061.0,68,28296,100.0,0.0,100,9,100.0,0.0,100.0,0.0,100.0,0.0,100.0,0.0,100.0,0.0,80.0,20.0,100.0,0.0,100.0,0.0,97.0,6257.0,20,20,100.0,0.0,100.0,0.0,200.0,0.0,100.0,28206.0,100.0,46568222176.0,100.0,134403743079.0
2018-12-29,Z304KDZX,ST4000DM000,4000787030016,0,114,75722520,91.0,0.0,100.0,9.0,100.0,0.0,85.0,387544346.0,68,28320,100.0,0.0,100,9,100.0,0.0,100.0,0.0,100.0,0.0,100.0,0.0,100.0,0.0,80.0,20.0,100.0,0.0,100.0,0.0,97.0,6257.0,20,20,100.0,0.0,100.0,0.0,200.0,0.0,100.0,28230.0,100.0,46574119944.0,100.0,134540376587.0
2018-12-30,Z304KDZX,ST4000DM000,4000787030016,0,119,233509640,91.0,0.0,100.0,9.0,100.0,0.0,85.0,389111404.0,68,28345,100.0,0.0,100,9,100.0,0.0,100.0,0.0,100.0,0.0,100.0,0.0,100.0,0.0,80.0,20.0,100.0,0.0,100.0,0.0,97.0,6257.0,20,20,100.0,0.0,100.0,0.0,200.0,0.0,100.0,28254.0,100.0,46578400888.0,100.0,134715568921.0
2018-12-31,Z304KDZX,ST4000DM000,4000787030016,0,113,52989424,91.0,0.0,100.0,9.0,100.0,0.0,85.0,390022985.0,68,28368,100.0,0.0,100,9,100.0,0.0,100.0,0.0,100.0,0.0,100.0,0.0,100.0,0.0,80.0,20.0,100.0,0.0,100.0,0.0,97.0,6257.0,20,20,100.0,0.0,100.0,0.0,200.0,0.0,100.0,28278.0,100.0,46580154624.0,100.0,134866173069.0
