2018-01-01,Z305D5AR,ST4000DM000,4000787030016,0,105,8886632,91,0,100,8,100,0,88,723506341,82,16612,100,0,100,8,100.0,0.0,100.0,0.0,100.0,0.0,100.0,0.0,100.0,0.0,69.0,31.0,100.0,0.0,100.0,0.0,96.0,9976.0,31,31,100,0,100,0,200,0,100.0,16527.0,100.0,36808824304.0,100.0,62505166208.0
2018-01-02,Z305D5AR,ST4000DM000,4000787030016,0,118,172564640,91,0,100,8,100,0,88,724802033,82,16637,100,0,100,8,100.0,0.0,100.0,0.0,100.0,0.0,100.0,0.0,100.0,0.0,69.0,31.0,100.0,0.0,100.0,0.0,96.0,9976.0,31,31,100,0,100,0,200,0,100.0,16551.0,100.0,36840950744.0,100.0,62664510613.0
2018-01-03,Z305D5AR,ST4000DM000,4000787030016,0,111,41869192,91,0,100,8,100,0,88,726239005,81,16661,100,0,100,8,100.0,0.0,100.0,0.0,100.0,0.0,100.0,0.0,100.0,0.0,69.0,31.0,100.0,0.0,100.0,0.0,96.0,9976.0,31,31,100,0,100,0,200,0,100.0,16575.0,100.0,36879956488.0,100.0,62819329675.0
2018-01-04,Z305D5AR,ST4000DM000,4000787030016,0,118,168682048,91,0,100,8,100,0,88,727787026,81,16679,100,0,100,8,100.0,0.0,100.0,0.0,100.0,0.0,100.0,0.0,100.0,0.0,69.0,31.0,100.0,0.0,100.0,0.0,96.0,9976.0,31,31,100,0,100,0,200,0,100.0,16594.0,100.0,36909349752.0,100.0,62904551341.0
2018-01-05,Z305D5AR,ST4000DM000,4000787030016,0,118.0,179047208.0,91.0,0.0,100.0,8.0,100.0,0.0,88.0,729344831.0,81.0,16703.0,100.0,0.0,100.0,8.0,100.0,0.0,100.0,0.0,100.0,0.0,100.0,0.0,100.0,0.0,69.0,31.0,100.0,0.0,100.0,0.0,96.0,9976.0,31.0,31.0,100.0,0.0,100.0,0.0,200.0,0.0,100.0,16618.0,100.0,36931899832.0,100.0,63049756537.0
2018-01-06,Z305D5AR,ST4000DM000,4000787030016,0,116,107274992,91,0,100,8,100,0,88,730979061,81,16726,100,0,100,8,100.0,0.0,100.0,0.0,100.0,0.0,100.0,0.0,100.0,0.0,68.0,32.0,100.0,0.0,100.0,0.0,96.0,9976.0,32,32,100,0,100,0,200,0,100.0,16641.0,100.0,36965892696.0,100.0,63159364297.0
2018-01-07,Z305D5AR,ST4000DM000,4000787030016,0,114,60216000,91,0,100,8,100,0,88,732733608,81,16751,100,0,100,8,100.0,0.0,100.0,0.0,100.0,0.0,100.0,0.0,100.0,0.0,68.0,32.0,100.0,0.0,100.0,0.0,96.0,9976.0,32,32,100,0,100,0,200,0,100.0,16665.0,100.0,36993582664.0,100.0,63233934239.0
2018-01-08,Z305D5AR,ST4000DM000,4000787030016,0,118,191523336,91,0,100,8,100,0,88,734965359,81,16776,100,0,100,8,100.0,0.0,100.0,0.0,100.0,0.0,100.0,0.0,100.0,0.0,68.0,32.0,100.0,0.0,100.0,0.0,96.0,9976.0,32,32,100,0,100,0,200,0,100.0,16690.0,100.0,37025944704.0,100.0,63416105209.0
2018-01-09,Z305D5AR,ST4000DM000,4000787030016,0,118,186758744,91,0,100,8,100,0,88,736687106,81,16799,100,0,100,8,100.0,0.0,100.0,0.0,100.0,0.0,100.0,0.0,100.0,0.0,68.0,32.0,100.0,0.0,100.0,0.0,96.0,9976.0,32,32,100,0,100,0,200,0,100.0,16713.0,100.0,37054716968.0,100.0,63543440960.0
2018-01-10,Z305D5AR,ST4000DM000,4000787030016,0,119,226653944,91,0,100,8,100,0,88,739172054,81,16824,100,0,100,8,100.0,0.0,100.0,0.0,100.0,0.0,100.0,0.0,100.0,0.0,68.0,32.0,100.0,0.0,100.0,0.0,96.0,9976.0,32,32,100,0,100,0,200,0,100.0,16738.0,100.0,37082611632.0,100.0,63704190230.0
2018-01-11,Z305D5AR,ST4000DM000,4000787030016,0,118,192707128,91,0,100,8,100,0,88,741536001,81,16854,100,0,100,8,100.0,0.0,100.0,0.0,100.0,0.0,100.0,0.0,100.0,0.0,67.0,33.0,100.0,0.0,100.0,0.0,96.0,9980.0,33,33,100,0,100,0,200,0,100.0,16769.0,100.0,37097935104.0,100.0,63879307644.0
2018-01-12,Z305D5AR,ST4000DM000,4000787030016,0,119,221977560,91,0,100,8,100,0,88,742409353,81,16878,100,0,100,8,100.0,0.0,100.0,0.0,100.0,0.0,100.0,0.0,100.0,0.0,67.0,33.0,100.0,0.0,100.0,0.0,96.0,9980.0,33,33,100,0,100,0,200,0,100.0,16793.0,100.0,37105155808.0,100.0,64022194358.0
2018-01-13,Z305D5AR,ST4000DM000,4000787030016,0,118.0,185083480.0,91.0,0.0,100.0,8.0,100,0,88.0,743257815.0,81,16903,100.0,0.0,100,8,100.0,0.0,100.0,0.0,100.0,0.0,100.0,0.0,100.0,0.0,67.0,33.0,100.0,0.0,100.0,0.0,96.0,9980.0,33.0,33.0,100.0,0.0,100.0,0.0,200,0,100.0,16817.0,100.0,37108065440.0,100.0,64192444395.0
2018-01-14,Z305D5AR,ST4000DM000,4000787030016,0,106.0,12403056.0,91.0,0.0,100.0,8.0,100,0,88.0,744032851.0,81,16926,100.0,0.0,100,8,100.0,0.0,100.0,0.0,100.0,0.0,100.0,0.0,100.0,0.0,68.0,32.0,100.0,0.0,100.0,0.0,96.0,9980.0,32.0,32.0,100.0,0.0,100.0,0.0,200,0,100.0,16841.0,100.0,37111993736.0,100.0,64319596179.0
2018-01-15,Z305D5AR,ST4000DM000,4000787030016,0,114.0,67285608.0,91.0,0.0,100.0,8.0,100,0,88.0,745919958.0,81,16950,100.0,0.0,100,8,100.0,0.0,100.0,0.0,100.0,0.0,100.0,0.0,100.0,0.0,69.0,31.0,100.0,0.0,100.0,0.0,96.0,9980.0,31.0,31.0,100.0,0.0,100.0,0.0,200,0,100.0,16865.0,100.0,37122030712.0,100.0,64502788259.0
2018-01-16,Z305D5AR,ST4000DM000,4000787030016,0,114.0,75693976.0,91.0,0.0,100.0,8.0,100,0,88.0,747307562.0,81,16975,100.0,0.0,100,8,100.0,0.0,100.0,0.0,100.0,0.0,100.0,0.0,100.0,0.0,68.0,32.0,100.0,0.0,100.0,0.0,96.0,9980.0,32.0,32.0,100.0,0.0,100.0,0.0,200,0,100.0,16889.0,100.0,37132089664.0,100.0,64686524941.0
2018-01-17,Z305D5AR,ST4000DM000,4000787030016,0,117.0,125669480.0,91.0,0.0,100.0,8.0,100,0,88.0,748450265.0,81,16998,100.0,0.0,100,8,100.0,0.0,100.0,0.0,100.0,0.0,100.0,0.0,100.0,0.0,69.0,31.0,100.0,0.0,100.0,0.0,96.0,9980.0,31.0,31.0,100.0,0.0,100.0,0.0,200,0,100.0,16913.0,100.0,37145698264.0,100.0,64824923787.0
2018-01-18,Z305D5AR,ST4000DM000,4000787030016,0,114.0,71952608.0,91.0,0.0,100.0,8.0,100.0,0.0,88.0,749268409.0,81.0,17011.0,100.0,0.0,100.0,8.0,100.0,0.0,100.0,0.0,100.0,0.0,100.0,0.0,100.0,0.0,69.0,31.0,100.0,0.0,100.0,0.0,96.0,9980.0,31.0,31.0,100.0,0.0,100.0,0.0,200.0,0.0,100.0,16925.0,100.0,37154448176.0,100.0,64854698703.0
2018-01-19,Z305D5AR,ST4000DM000,4000787030016,0,116.0,111010328.0,91.0,0.0,100.0,8.0,100.0,0.0,88.0,750514564.0,81.0,17038.0,100.0,0.0,100.0,8.0,100.0,0.0,100.0,0.0,100.0,0.0,100.0,0.0,100.0,0.0,69.0,31.0,100.0,0.0,100.0,0.0,96.0,9983.0,31.0,31.0,100.0,0.0,100.0,0.0,200.0,0.0,100.0,16952.0,100.0,37171025488.0,100.0,65016141331.0
2018-01-20,Z305D5AR,ST4000DM000,4000787030016,0,114.0,63308520.0,91.0,0.0,100.0,8.0,100,0,88.0,751284035.0,81,17062,100.0,0.0,100,8,100.0,0.0,100.0,0.0,100.0,0.0,100.0,0.0,100.0,0.0,69.0,31.0,100.0,0.0,100.0,0.0,96.0,9983.0,31.0,31.0,100.0,0.0,100.0,0.0,200,0,100.0,16976.0,100.0,37183254072.0,100.0,65105118935.0
2018-01-21,Z305D5AR,ST4000DM000,4000787030016,0,119.0,232669920.0,91.0,0.0,100.0,8.0,100,0,88.0,751862836.0,81,17085,100.0,0.0,100,8,100.0,0.0,100.0,0.0,100.0,0.0,100.0,0.0,100.0,0.0,69.0,31.0,100.0,0.0,100.0,0.0,96.0,9983.0,31.0,31.0,100.0,0.0,100.0,0.0,200,0,100.0,17000.0,100.0,37194284816.0,100.0,65175891087.0
2018-01-22,Z305D5AR,ST4000DM000,4000787030016,0,110.0,26535768.0,91.0,0.0,100.0,8.0,100,0,88.0,753236603.0,81,17110,100.0,0.0,100,8,100.0,0.0,100.0,0.0,100.0,0.0,100.0,0.0,100.0,0.0,69.0,31.0,100.0,0.0,100.0,0.0,96.0,9983.0,31.0,31.0,100.0,0.0,100.0,0.0,200,0,100.0,17024.0,100.0,37203346456.0,100.0,65317114421.0
2018-01-23,Z305D5AR,ST4000DM000,4000787030016,0,109.0,23898776.0,91.0,0.0,100.0,8.0,100,0,88.0,754353459.0,81,17133,100.0,0.0,100,8,100.0,0.0,100.0,0.0,100.0,0.0,100.0,0.0,100.0,0.0,69.0,31.0,100.0,0.0,100.0,0.0,96.0,9983.0,31.0,31.0,100.0,0.0,100.0,0.0,200,0,100.0,17048.0,100.0,37220421816.0,100.0,65441466993.0
2018-01-24,Z305D5AR,ST4000DM000,4000787030016,0,119.0,233080296.0,91.0,0.0,100.0,8.0,100,0,88.0,755682574.0,81,17166,100.0,0.0,100,8,100.0,0.0,100.0,0.0,100.0,0.0,100.0,0.0,100.0,0.0,69.0,31.0,100.0,0.0,100.0,0.0,96.0,9983.0,31.0,31.0,100.0,0.0,100.0,0.0,200,0,100.0,17080.0,100.0,37237456608.0,100.0,65611419391.0
2018-01-25,Z305D5AR,ST4000DM000,4000787030016,0,110.0,26149824.0,91.0,0.0,100.0,8.0,100,0,88.0,757719915.0,81,17182,100.0,0.0,100,8,100.0,0.0,100.0,0.0,100.0,0.0,100.0,0.0,100.0,0.0,68.0,32.0,100.0,0.0,100.0,0.0,96.0,9983.0,32.0,32.0,100.0,0.0,100.0,0.0,200,0,100.0,17096.0,100.0,37253678072.0,100.0,65657958190.0
2018-01-26,Z305D5AR,ST4000DM000,4000787030016,0,119.0,228364024.0,91.0,0.0,100.0,8.0,100,0,88.0,758455533.0,81,17206,100.0,0.0,100,8,100.0,0.0,100.0,0.0,100.0,0.0,100.0,0.0,100.0,0.0,68.0,32.0,100.0,0.0,100.0,0.0,96.0,9986.0,32.0,32.0,100.0,0.0,100.0,0.0,200,0,100.0,17121.0,100.0,37261797760.0,100.0,65761888377.0
2018-01-27,Z305D5AR,ST4000DM000,4000787030016,0,111.0,32909232.0,91.0,0.0,100.0,8.0,100,0,88.0,759267016.0,81,17230,100.0,0.0,100,8,100.0,0.0,100.0,0.0,100.0,0.0,100.0,0.0,100.0,0.0,69.0,31.0,100.0,0.0,100.0,0.0,96.0,9986.0,31.0,31.0,100.0,0.0,100.0,0.0,200,0,100.0,17144.0,100.0,37265257840.0,100.0,65872331853.0
2018-01-28,Z305D5AR,ST4000DM000,4000787030016,0,111.0,35980096.0,91.0,0.0,100.0,8.0,100,0,88.0,759839064.0,81,17254,100.0,0.0,100,8,100.0,0.0,100.0,0.0,100.0,0.0,100.0,0.0,100.0,0.0,69.0,31.0,100.0,0.0,100.0,0.0,96.0,9986.0,31.0,31.0,100.0,0.0,100.0,0.0,200,0,100.0,17168.0,100.0,37269438576.0,100.0,65957110360.0
2018-01-29,Z305D5AR,ST4000DM000,4000787030016,0,115.0,87549048.0,91.0,0.0,100.0,8.0,100,0,88.0,761316413.0,81,17278,100.0,0.0,100,8,100.0,0.0,100.0,0.0,100.0,0.0,100.0,0.0,100.0,0.0,68.0,32.0,100.0,0.0,100.0,0.0,96.0,9986.0,32.0,32.0,100.0,0.0,100.0,0.0,200,0,100.0,17192.0,100.0,37275649360.0,100.0,66115978436.0
2018-01-30,Z305D5AR,ST4000DM000,4000787030016,0,116.0,102905520.0,91.0,0.0,100.0,8.0,100,0,88.0,762748899.0,81,17311,100.0,0.0,100,8,100.0,0.0,100.0,0.0,100.0,0.0,100.0,0.0,100.0,0.0,67.0,33.0,100.0,0.0,100.0,0.0,96.0,9990.0,33.0,33.0,100.0,0.0,100.0,0.0,200,0,100.0,17225.0,100.0,37289001968.0,100.0,66254181607.0
2018-01-31,Z305D5AR,ST4000DM000,4000787030016,0,117.0,158193312.0,91.0,0.0,100.0,8.0,100.0,0.0,88.0,763820998.0,81.0,17335.0,100.0,0.0,100.0,8.0,100.0,0.0,100.0,0.0,100.0,0.0,100.0,0.0,100.0,0.0,67.0,33.0,100.0,0.0,100.0,0.0,96.0,9990.0,33.0,33.0,100.0,0.0,100.0,0.0,200.0,0.0,100.0,17249.0,100.0,37295614272.0,100.0,66370748830.0
2018-02-01,Z305D5AR,ST4000DM000,4000787030016,0,118.0,175028280.0,91.0,0.0,100.0,8.0,100,0,88.0,764934388.0,81,17358,100.0,0.0,100,8,100.0,0.0,100.0,0.0,100.0,0.0,100.0,0.0,100.0,0.0,67.0,33.0,100.0,0.0,100.0,0.0,96.0,9990.0,33.0,33.0,100.0,0.0,100.0,0.0,200,0,100.0,17273.0,100.0,37305923328.0,100.0,66476522344.0
2018-02-02,Z305D5AR,ST4000DM000,4000787030016,0,106.0,10951376.0,91.0,0.0,100.0,8.0,100,0,88.0,765724237.0,81,17382,100.0,0.0,100,8,100.0,0.0,100.0,0.0,100.0,0.0,100.0,0.0,100.0,0.0,68.0,32.0,100.0,0.0,100.0,0.0,96.0,9990.0,32.0,32.0,100.0,0.0,100.0,0.0,200,0,100.0,17297.0,100.0,37311010800.0,100.0,66593636663.0
2018-02-03,Z305D5AR,ST4000DM000,4000787030016,0,118.0,184322960.0,91.0,0.0,100.0,8.0,100,0,88.0,766593133.0,81,17406,100.0,0.0,100,8,100.0,0.0,100.0,0.0,100.0,0.0,100.0,0.0,100.0,0.0,68.0,32.0,100.0,0.0,100.0,0.0,96.0,9990.0,32.0,32.0,100.0,0.0,100.0,0.0,200,0,100.0,17320.0,100.0,37313661144.0,100.0,66718624086.0
2018-02-04,Z305D5AR,ST4000DM000,4000787030016,0,118.0,200228944.0,91.0,0.0,100.0,8.0,100,0,88.0,767254469.0,81,17427,100.0,0.0,100,8,100.0,0.0,100.0,0.0,100.0,0.0,100.0,0.0,100.0,0.0,67.0,33.0,100.0,0.0,100.0,0.0,96.0,9990.0,33.0,33.0,100.0,0.0,100.0,0.0,200,0,100.0,17341.0,100.0,37315324984.0,100.0,66794027178.0
2018-02-05,Z305D5AR,ST4000DM000,4000787030016,0,117.0,125657304.0,91.0,0.0,100.0,8.0,100,0,88.0,769460081.0,81,17447,100.0,0.0,100,8,100.0,0.0,100.0,0.0,100.0,0.0,100.0,0.0,100.0,0.0,68.0,32.0,100.0,0.0,100.0,0.0,96.0,9991.0,32.0,32.0,100.0,0.0,100.0,0.0,200,0,100.0,17362.0,100.0,37320864976.0,100.0,66937275415.0
2018-02-06,Z305D5AR,ST4000DM000,4000787030016,0,114.0,78850256.0,91.0,0.0,100.0,8.0,100,0,88.0,770336793.0,81,17472,100.0,0.0,100,8,100.0,0.0,100.0,0.0,100.0,0.0,100.0,0.0,100.0,0.0,68.0,32.0,100.0,0.0,100.0,0.0,96.0,9991.0,32.0,32.0,100.0,0.0,100.0,0.0,200,0,100.0,17386.0,100.0,37323579240.0,100.0,67015936524.0
2018-02-07,Z305D5AR,ST4000DM000,4000787030016,0,114.0,71152416.0,91.0,0.0,100.0,8.0,100,0,88.0,771088975.0,81,17497,100.0,0.0,100,8,100.0,0.0,100.0,0.0,100.0,0.0,100.0,0.0,100.0,0.0,68.0,32.0,100.0,0.0,100.0,0.0,96.0,9991.0,32.0,32.0,100.0,0.0,100.0,0.0,200,0,100.0,17411.0,100.0,37325663000.0,100.0,67115350390.0
2018-02-08,Z305D5AR,ST4000DM000,4000787030016,0,120.0,663936.0,91.0,0.0,100.0,8.0,100,0,88.0,772779812.0,80,17525,100.0,0.0,100,8,100.0,0.0,100.0,0.0,100.0,0.0,100.0,0.0,100.0,0.0,67.0,33.0,100.0,0.0,100.0,0.0,96.0,9996.0,33.0,33.0,100.0,0.0,100.0,0.0,200,0,100.0,17439.0,100.0,37333624224.0,100.0,67266134356.0
2018-02-09,Z305D5AR,ST4000DM000,4000787030016,0,111,30309312,91,0,100,8,100,0,88,773440360,80,17548,100,0,100,8,100.0,0.0,100.0,0.0,100.0,0.0,100.0,0.0,100.0,0.0,67.0,33.0,100.0,0.0,100.0,0.0,96.0,9996.0,33,33,100,0,100,0,200,0,100.0,17462.0,100.0,37338784560.0,100.0,67339405250.0
2018-02-10,Z305D5AR,ST4000DM000,4000787030016,0,117.0,125320952.0,91.0,0.0,100.0,8.0,100.0,0.0,88.0,774127698.0,80.0,17572.0,100.0,0.0,100.0,8.0,100.0,0.0,100.0,0.0,100.0,0.0,100.0,0.0,100.0,0.0,68.0,32.0,100.0,0.0,100.0,0.0,96.0,9996.0,32.0,32.0,100.0,0.0,100.0,0.0,200.0,0.0,100.0,17486.0,100.0,37343060472.0,100.0,67404980105.0
2018-02-11,Z305D5AR,ST4000DM000,4000787030016,0,119,227358936,91,0,100,8,100,0,88,774906233,80,17595,100,0,100,8,100.0,0.0,100.0,0.0,100.0,0.0,100.0,0.0,100.0,0.0,68.0,32.0,100.0,0.0,100.0,0.0,96.0,9996.0,32,32,100,0,100,0,200,0,100.0,17509.0,100.0,37346326744.0,100.0,67510566761.0
2018-02-12,Z305D5AR,ST4000DM000,4000787030016,0,114,67531120,91,0,100,8,100,0,88,776635484,80,17620,100,0,100,8,100.0,0.0,100.0,0.0,100.0,0.0,100.0,0.0,100.0,0.0,67.0,33.0,100.0,0.0,100.0,0.0,96.0,9996.0,33,33,100,0,100,0,200,0,100.0,17534.0,100.0,37352484408.0,100.0,67678970991.0
2018-02-13,Z305D5AR,ST4000DM000,4000787030016,0,118,182808128,91,0,100,8,100,0,88,777759384,80,17644,100,0,100,8,100.0,0.0,100.0,0.0,100.0,0.0,100.0,0.0,100.0,0.0,66.0,34.0,100.0,0.0,100.0,0.0,96.0,9996.0,34,34,100,0,100,0,200,0,100.0,17558.0,100.0,37354506632.0,100.0,67817320682.0
2018-02-14,Z305D5AR,ST4000DM000,4000787030016,0,120,1929936,91,0,100,8,100,0,88,778966871,80,17668,100,0,100,8,100.0,0.0,100.0,0.0,100.0,0.0,100.0,0.0,100.0,0.0,66.0,34.0,100.0,0.0,100.0,0.0,96.0,9996.0,34,34,100,0,100,0,200,0,100.0,17582.0,100.0,37356446672.0,100.0,67948643166.0
2018-02-15,Z305D5AR,ST4000DM000,4000787030016,0,118,169527464,91,0,100,8,100,0,88,780549505,80,17693,100,0,100,8,100.0,0.0,100.0,0.0,100.0,0.0,100.0,0.0,100.0,0.0,67.0,33.0,100.0,0.0,100.0,0.0,96.0,9996.0,33,33,100,0,100,0,200,0,100.0,17607.0,100.0,37361516216.0,100.0,68091396468.0
2018-02-16,Z305D5AR,ST4000DM000,4000787030016,0,107,12828880,91,0,100,8,100,0,88,782845683,80,17716,100,0,100,8,100.0,0.0,100.0,0.0,100.0,0.0,100.0,0.0,100.0,0.0,67.0,33.0,100.0,0.0,100.0,0.0,96.0,9996.0,33,33,100,0,100,0,200,0,100.0,17630.0,100.0,37368310680.0,100.0,68207782664.0
2018-02-17,Z305D5AR,ST4000DM000,4000787030016,0,120,241218256,91,0,100,8,100,0,88,784490652,80,17740,100,0,100,8,100.0,0.0,100.0,0.0,100.0,0.0,100.0,0.0,100.0,0.0,67.0,33.0,100.0,0.0,100.0,0.0,96.0,9996.0,33,33,100,0,100,0,200,0,100.0,17654.0,100.0,37371919888.0,100.0,68299125746.0
2018-02-18,Z305D5AR,ST4000DM000,4000787030016,0,114,68703296,91,0,100,8,100,0,88,785030536,80,17764,100,0,100,8,100.0,0.0,100.0,0.0,100.0,0.0,100.0,0.0,100.0,0.0,68.0,32.0,100.0,0.0,100.0,0.0,96.0,9996.0,32,32,100,0,100,0,200,0,100.0,17678.0,100.0,37376248880.0,100.0,68382848085.0
2018-02-19,Z305D5AR,ST4000DM000,4000787030016,0,106,12212944,91,0,100,8,100,0,88,786242101,80,17787,100,0,100,8,100.0,0.0,100.0,0.0,100.0,0.0,100.0,0.0,100.0,0.0,68.0,32.0,100.0,0.0,100.0,0.0,96.0,9996.0,32,32,100,0,100,0,200,0,100.0,17701.0,100.0,37384807696.0,100.0,68533114188.0
2018-02-20,Z305D5AR,ST4000DM000,4000787030016,0,118,197267904,91,0,100,8,100,0,88,786907803,80,17813,100,0,100,8,100.0,0.0,100.0,0.0,100.0,0.0,100.0,0.0,100.0,0.0,68.0,32.0,100.0,0.0,100.0,0.0,96.0,9996.0,32,32,100,0,100,0,200,0,100.0,17727.0,100.0,37390918512.0,100.0,68729493645.0
2018-02-21,Z305D5AR,ST4000DM000,4000787030016,0,117,142049344,91,0,100,8,100,0,88,787464754,80,17836,100,0,100,8,100.0,0.0,100.0,0.0,100.0,0.0,100.0,0.0,100.0,0.0,68.0,32.0,100.0,0.0,100.0,0.0,96.0,9996.0,32,32,100,0,100,0,200,0,100.0,17750.0,100.0,37395547648.0,100.0,68919292853.0
2018-02-22,Z305D5AR,ST4000DM000,4000787030016,0,113,51023864,91,0,100,8,100,0,88,788519011,80,17859,100,0,100,8,100.0,0.0,100.0,0.0,100.0,0.0,100.0,0.0,100.0,0.0,69.0,31.0,100.0,0.0,100.0,0.0,96.0,9999.0,31,31,100,0,100,0,200,0,100.0,17773.0,100.0,37401685888.0,100.0,69069919480.0
2018-02-23,Z305D5AR,ST4000DM000,4000787030016,0,111,36436264,91,0,100,8,100,0,88,789001819,80,17882,100,0,100,8,100.0,0.0,100.0,0.0,100.0,0.0,100.0,0.0,100.0,0.0,68.0,32.0,100.0,0.0,100.0,0.0,96.0,9999.0,32,32,100,0,100,0,200,0,100.0,17796.0,100.0,37404702304.0,100.0,69230535284.0
2018-02-24,Z305D5AR,ST4000DM000,4000787030016,0,117,155217824,91,0,100,8,100,0,88,789518133,80,17907,100,0,100,8,100.0,0.0,100.0,0.0,100.0,0.0,100.0,0.0,100.0,0.0,69.0,31.0,100.0,0.0,100.0,0.0,96.0,9999.0,31,31,100,0,100,0,200,0,100.0,17821.0,100.0,37410689448.0,100.0,69392726978.0
2018-02-25,Z305D5AR,ST4000DM000,4000787030016,0,117,142662984,91,0,100,8,100,0,88,790038665,80,17931,100,0,100,8,100.0,0.0,100.0,0.0,100.0,0.0,100.0,0.0,100.0,0.0,69.0,31.0,100.0,0.0,100.0,0.0,96.0,9999.0,31,31,100,0,100,0,200,0,100.0,17845.0,100.0,37416188992.0,100.0,69572978375.0
2018-02-26,Z305D5AR,ST4000DM000,4000787030016,0,116,103661936,91,0,100,8,100,0,88,790981822,80,17954,100,0,100,8,100.0,0.0,100.0,0.0,100.0,0.0,100.0,0.0,100.0,0.0,68.0,32.0,100.0,0.0,100.0,0.0,96.0,9999.0,32,32,100,0,100,0,200,0,100.0,17868.0,100.0,37422175648.0,100.0,69765865546.0
2018-02-27,Z305D5AR,ST4000DM000,4000787030016,0,118,183217360,91,0,100,8,100,0,88,791746387,80,17980,100,0,100,8,100.0,0.0,100.0,0.0,100.0,0.0,100.0,0.0,100.0,0.0,67.0,33.0,100.0,0.0,100.0,0.0,96.0,9999.0,33,33,100,0,100,0,200,0,100.0,17894.0,100.0,37428190360.0,100.0,69960306962.0
2018-02-28,Z305D5AR,ST4000DM000,4000787030016,0,119,211584896,91,0,100,8,100,0,88,792486259,80,18003,100,0,100,8,100.0,0.0,100.0,0.0,100.0,0.0,100.0,0.0,100.0,0.0,68.0,32.0,100.0,0.0,100.0,0.0,96.0,9999.0,32,32,100,0,100,0,200,0,100.0,17916.0,100.0,37433023552.0,100.0,70128157271.0
2018-03-01,Z305D5AR,ST4000DM000,4000787030016,0,115,92026176,91,0,100,8,100,0,88,793750554,80,18029,100,0,100,8,100.0,0.0,100.0,0.0,100.0,0.0,100.0,0.0,100.0,0.0,68.0,32.0,100.0,0.0,100.0,0.0,95.0,10002.0,32,32,100,0,100,0,200,0,100.0,17943.0,100.0,37441689992.0,100.0,70257515087.0
2018-03-02,Z305D5AR,ST4000DM000,4000787030016,0,111,32488016,91,0,100,8,100,0,88,795951539,80,18054,100,0,100,8,100.0,0.0,100.0,0.0,100.0,0.0,100.0,0.0,100.0,0.0,68.0,32.0,100.0,0.0,100.0,0.0,95.0,10002.0,32,32,100,0,100,0,200,0,100.0,17968.0,100.0,37453428704.0,100.0,70451375521.0
2018-03-03,Z305D5AR,ST4000DM000,4000787030016,0,116,106163800,91,0,100,8,100,0,88,797292287,80,18077,100,0,100,8,100.0,0.0,100.0,0.0,100.0,0.0,100.0,0.0,100.0,0.0,69.0,31.0,100.0,0.0,100.0,0.0,95.0,10002.0,31,31,100,0,100,0,200,0,100.0,17991.0,100.0,37463962504.0,100.0,70630087816.0
2018-03-04,Z305D5AR,ST4000DM000,4000787030016,0,116,110208184,91,0,100,8,100,0,88,798239747,80,18102,100,0,100,8,100.0,0.0,100.0,0.0,100.0,0.0,100.0,0.0,100.0,0.0,68.0,32.0,100.0,0.0,100.0,0.0,95.0,10002.0,32,32,100,0,100,0,200,0,100.0,18016.0,100.0,37480043544.0,100.0,70760668405.0
2018-03-05,Z305D5AR,ST4000DM000,4000787030016,0,116,106301992,91,0,100,8,100,0,88,800260051,80,18126,100,0,100,8,100.0,0.0,100.0,0.0,100.0,0.0,100.0,0.0,100.0,0.0,69.0,31.0,100.0,0.0,100.0,0.0,95.0,10002.0,31,31,100,0,100,0,200,0,100.0,18040.0,100.0,37502546240.0,100.0,70958263265.0
2018-03-06,Z305D5AR,ST4000DM000,4000787030016,0,117,127280840,91,0,100,8,100,0,88,800975605,80,18145,100,0,100,8,100.0,0.0,100.0,0.0,100.0,0.0,100.0,0.0,100.0,0.0,68.0,32.0,100.0,0.0,100.0,0.0,95.0,10002.0,32,32,100,0,100,0,200,0,100.0,18059.0,100.0,37521170624.0,100.0,71075717805.0
2018-03-07,Z305D5AR,ST4000DM000,4000787030016,0,105.0,7706480.0,91.0,0.0,100.0,8.0,100.0,0.0,88.0,801591703.0,80.0,18169.0,100.0,0.0,100.0,8.0,100.0,0.0,100.0,0.0,100.0,0.0,100.0,0.0,100.0,0.0,69.0,31.0,100.0,0.0,100.0,0.0,95.0,10003.0,31.0,31.0,100.0,0.0,100.0,0.0,200.0,0.0,100.0,18083.0,100.0,37530989424.0,100.0,71189389641.0
2018-03-08,Z305D5AR,ST4000DM000,4000787030016,0,117,160163648,91,0,100,8,100,0,88,803000632,80,18193,100,0,100,8,100.0,0.0,100.0,0.0,100.0,0.0,100.0,0.0,100.0,0.0,68.0,32.0,100.0,0.0,100.0,0.0,95.0,10003.0,32,32,100,0,100,0,200,0,100.0,18107.0,100.0,37553119648.0,100.0,71308139408.0
2018-03-09,Z305D5AR,ST4000DM000,4000787030016,0,108,18934528,91,0,100,8,100,0,88,803786349,80,18216,100,0,100,8,100.0,0.0,100.0,0.0,100.0,0.0,100.0,0.0,100.0,0.0,68.0,32.0,100.0,0.0,100.0,0.0,95.0,10006.0,32,32,100,0,100,0,200,0,100.0,18130.0,100.0,37568664512.0,100.0,71439483273.0
2018-03-10,Z305D5AR,ST4000DM000,4000787030016,0,104,6584400,91,0,100,8,100,0,88,804847682,80,18240,100,0,100,8,100.0,0.0,100.0,0.0,100.0,0.0,100.0,0.0,100.0,0.0,69.0,31.0,100.0,0.0,100.0,0.0,95.0,10006.0,31,31,100,0,100,0,200,0,100.0,18154.0,100.0,37590671888.0,100.0,71602886843.0
2018-03-11,Z305D5AR,ST4000DM000,4000787030016,0,118,171129504,91,0,100,8,100,0,89,805863480,80,18264,100,0,100,8,100.0,0.0,100.0,0.0,100.0,0.0,100.0,0.0,100.0,0.0,68.0,32.0,100.0,0.0,100.0,0.0,95.0,10006.0,32,32,100,0,100,0,200,0,100.0,18178.0,100.0,37604793328.0,100.0,71777618327.0
2018-03-12,Z305D5AR,ST4000DM000,4000787030016,0,119,204507864,91,0,100,8,100,0,89,807570979,80,18287,100,0,100,8,100.0,0.0,100.0,0.0,100.0,0.0,100.0,0.0,100.0,0.0,68.0,32.0,100.0,0.0,100.0,0.0,95.0,10006.0,32,32,100,0,100,0,200,0,100.0,18201.0,100.0,37622680272.0,100.0,71929387290.0
2018-03-13,Z305D5AR,ST4000DM000,4000787030016,0,116,102938616,91,0,100,8,100,0,89,808618907,80,18312,100,0,100,8,100.0,0.0,100.0,0.0,100.0,0.0,100.0,0.0,100.0,0.0,68.0,32.0,100.0,0.0,100.0,0.0,95.0,10006.0,32,32,100,0,100,0,200,0,100.0,18226.0,100.0,37634742296.0,100.0,72068467419.0
2018-03-14,Z305D5AR,ST4000DM000,4000787030016,0,117,127754264,91,0,100,8,100,0,89,809738226,80,18336,100,0,100,8,100.0,0.0,100.0,0.0,100.0,0.0,100.0,0.0,100.0,0.0,68.0,32.0,100.0,0.0,100.0,0.0,95.0,10006.0,32,32,100,0,100,0,200,0,100.0,18250.0,100.0,37655826392.0,100.0,72212482228.0
2018-03-15,Z305D5AR,ST4000DM000,4000787030016,0,105,10216832,91,0,100,8,100,0,89,811217049,80,18360,100,0,100,8,100.0,0.0,100.0,0.0,100.0,0.0,100.0,0.0,100.0,0.0,68.0,32.0,100.0,0.0,100.0,0.0,95.0,10006.0,32,32,100,0,100,0,200,0,100.0,18274.0,100.0,37669413096.0,100.0,72339869662.0
2018-03-16,Z305D5AR,ST4000DM000,4000787030016,0,114.0,69134496.0,91.0,0.0,100.0,8.0,100.0,0.0,89.0,813210361.0,80.0,18385.0,100.0,0.0,100.0,8.0,100.0,0.0,100.0,0.0,100.0,0.0,100.0,0.0,100.0,0.0,68.0,32.0,100.0,0.0,100.0,0.0,95.0,10008.0,32.0,32.0,100.0,0.0,100.0,0.0,200.0,0.0,100.0,18299.0,100.0,37684715088.0,100.0,72506811228.0
2018-03-17,Z305D5AR,ST4000DM000,4000787030016,0,118,200588688,91,0,100,8,100,0,89,814059508,79,18408,100,0,100,8,100.0,0.0,100.0,0.0,100.0,0.0,100.0,0.0,100.0,0.0,68.0,32.0,100.0,0.0,100.0,0.0,95.0,10008.0,32,32,100,0,100,0,200,0,100.0,18322.0,100.0,37697059456.0,100.0,72639952913.0
2018-03-18,Z305D5AR,ST4000DM000,4000787030016,0,118,185479760,91,0,100,8,100,0,89,815076233,79,18432,100,0,100,8,100.0,0.0,100.0,0.0,100.0,0.0,100.0,0.0,100.0,0.0,69.0,31.0,100.0,0.0,100.0,0.0,95.0,10008.0,31,31,100,0,100,0,200,0,100.0,18346.0,100.0,37715274240.0,100.0,72806046216.0
2018-03-19,Z305D5AR,ST4000DM000,4000787030016,0,114,59278240,91,0,100,8,100,0,89,816782522,79,18456,100,0,100,8,100.0,0.0,100.0,0.0,100.0,0.0,100.0,0.0,100.0,0.0,69.0,31.0,100.0,0.0,100.0,0.0,95.0,10008.0,31,31,100,0,100,0,200,0,100.0,18370.0,100.0,37732295856.0,100.0,72960815216.0
2018-03-20,Z305D5AR,ST4000DM000,4000787030016,0,106,12214480,91,0,100,8,100,0,89,817838370,79,18480,100,0,100,8,100.0,0.0,100.0,0.0,100.0,0.0,100.0,0.0,100.0,0.0,69.0,31.0,100.0,0.0,100.0,0.0,95.0,10008.0,31,31,100,0,100,0,200,0,100.0,18393.0,100.0,37744917856.0,100.0,73105692196.0
2018-03-21,Z305D5AR,ST4000DM000,4000787030016,0,116,108177016,91,0,100,8,100,0,89,819365494,79,18504,100,0,100,8,100.0,0.0,100.0,0.0,100.0,0.0,100.0,0.0,100.0,0.0,68.0,32.0,100.0,0.0,100.0,0.0,95.0,10008.0,32,32,100,0,100,0,200,0,100.0,18418.0,100.0,37761115696.0,100.0,73312491953.0
2018-03-22,Z305D5AR,ST4000DM000,4000787030016,0,111,35314704,91,0,100,8,100,0,89,820862335,79,18528,100,0,100,8,100.0,0.0,100.0,0.0,100.0,0.0,100.0,0.0,100.0,0.0,68.0,32.0,100.0,0.0,100.0,0.0,95.0,10008.0,32,32,100,0,100,0,200,0,100.0,18442.0,100.0,37789680512.0,100.0,73394152453.0
2018-03-23,Z305D5AR,ST4000DM000,4000787030016,0,117,151077448,91,0,100,8,100,0,89,822291339,79,18552,100,0,100,8,100.0,0.0,100.0,0.0,100.0,0.0,100.0,0.0,100.0,0.0,68.0,32.0,100.0,0.0,100.0,0.0,95.0,10008.0,32,32,100,0,100,0,200,0,100.0,18466.0,100.0,37815017048.0,100.0,73549493566.0
2018-03-24,Z305D5AR,ST4000DM000,4000787030016,0,111,40145304,91,0,100,8,100,0,89,822851855,79,18577,100,0,100,8,100.0,0.0,100.0,0.0,100.0,0.0,100.0,0.0,100.0,0.0,68.0,32.0,100.0,0.0,100.0,0.0,95.0,10008.0,32,32,100,0,100,0,200,0,100.0,18491.0,100.0,37832445160.0,100.0,73615755669.0
2018-03-25,Z305D5AR,ST4000DM000,4000787030016,0,114,62277160,91,0,100,8,100,0,89,823754112,79,18600,100,0,100,8,100.0,0.0,100.0,0.0,100.0,0.0,100.0,0.0,100.0,0.0,68.0,32.0,100.0,0.0,100.0,0.0,95.0,10008.0,32,32,100,0,100,0,200,0,100.0,18514.0,100.0,37843257720.0,100.0,73742526258.0
2018-03-26,Z305D5AR,ST4000DM000,4000787030016,0,115,99925680,91,0,100,8,100,0,89,825284931,79,18624,100,0,100,8,100.0,0.0,100.0,0.0,100.0,0.0,100.0,0.0,100.0,0.0,69.0,31.0,100.0,0.0,100.0,0.0,95.0,10008.0,31,31,100,0,100,0,200,0,100.0,18538.0,100.0,37866002720.0,100.0,73864303480.0
2018-03-27,Z305D5AR,ST4000DM000,4000787030016,0,117,164330952,91,0,100,8,100,0,89,826264873,79,18648,100,0,100,8,100.0,0.0,100.0,0.0,100.0,0.0,100.0,0.0,100.0,0.0,69.0,31.0,100.0,0.0,100.0,0.0,95.0,10008.0,31,31,100,0,100,0,200,0,100.0,18562.0,100.0,37885431888.0,100.0,73989368842.0
2018-03-28,Z305D5AR,ST4000DM000,4000787030016,0,117,150818048,91,0,100,8,100,0,89,827355076,79,18672,100,0,100,8,100.0,0.0,100.0,0.0,100.0,0.0,100.0,0.0,100.0,0.0,68.0,32.0,100.0,0.0,100.0,0.0,95.0,10008.0,32,32,100,0,100,0,200,0,100.0,18586.0,100.0,37904104584.0,100.0,74115859776.0
2018-03-29,Z305D5AR,ST4000DM000,4000787030016,0,106,10726712,91,0,100,8,100,0,89,829057433,79,18701,100,0,100,8,100.0,0.0,100.0,0.0,100.0,0.0,100.0,0.0,100.0,0.0,68.0,32.0,100.0,0.0,100.0,0.0,95.0,10009.0,32,32,100,0,100,0,200,0,100.0,18615.0,100.0,37934671528.0,100.0,74245926163.0
2018-03-30,Z305D5AR,ST4000DM000,4000787030016,0,117,132010680,91,0,100,8,100,0,89,829702365,79,18725,100,0,100,8,100.0,0.0,100.0,0.0,100.0,0.0,100.0,0.0,100.0,0.0,68.0,32.0,100.0,0.0,100.0,0.0,95.0,10009.0,32,32,100,0,100,0,200,0,100.0,18639.0,100.0,37949442312.0,100.0,74338142217.0
2018-03-31,Z305D5AR,ST4000DM000,4000787030016,0,115,92092872,91,0,100,8,100,0,89,831405605,79,18750,100,0,100,8,100.0,0.0,100.0,0.0,100.0,0.0,100.0,0.0,100.0,0.0,68.0,32.0,100.0,0.0,100.0,0.0,95.0,10009.0,32,32,100,0,100,0,200,0,100.0,18663.0,100.0,37965432664.0,100.0,74403032147.0
2018-04-01,Z305D5AR,ST4000DM000,4000787030016,0,116,116360016,91,0,100,8,100,0,89,832410254,79,18773,100,0,100,8,100.0,0.0,100.0,0.0,100.0,0.0,100.0,0.0,100.0,0.0,68.0,32.0,100.0,0.0,100.0,0.0,95.0,10009.0,32,32,100,0,100,0,200,0,100.0,18687.0,100.0,37983615512.0,100.0,74535739272.0
2018-04-02,Z305D5AR,ST4000DM000,4000787030016,0,109,22026264,91,0,100,8,100,0,89,833963805,79,18797,100,0,100,8,100.0,0.0,100.0,0.0,100.0,0.0,100.0,0.0,100.0,0.0,69.0,31.0,100.0,0.0,100.0,0.0,95.0,10009.0,31,31,100,0,100,0,200,0,100.0,18711.0,100.0,38004664248.0,100.0,74639333888.0
2018-04-03,Z305D5AR,ST4000DM000,4000787030016,0,117,139480848,91,0,100,8,100,0,89,835345370,79,18821,100,0,100,8,100.0,0.0,100.0,0.0,100.0,0.0,100.0,0.0,100.0,0.0,69.0,31.0,100.0,0.0,100.0,0.0,95.0,10009.0,31,31,100,0,100,0,200,0,100.0,18735.0,100.0,38030605296.0,100.0,74767194540.0
2018-04-04,Z305D5AR,ST4000DM000,4000787030016,0,114,63255680,91,0,100,8,100,0,89,836453226,79,18845,100,0,100,8,100.0,0.0,100.0,0.0,100.0,0.0,100.0,0.0,100.0,0.0,69.0,31.0,100.0,0.0,100.0,0.0,95.0,10009.0,31,31,100,0,100,0,200,0,100.0,18759.0,100.0,38053572488.0,100.0,74886517129.0
2018-04-05,Z305D5AR,ST4000DM000,4000787030016,0,115,96168320,91,0,100,8,100,0,89,837761436,79,18869,100,0,100,8,100.0,0.0,100.0,0.0,100.0,0.0,100.0,0.0,100.0,0.0,67.0,33.0,100.0,0.0,100.0,0.0,95.0,10009.0,33,33,100,0,100,0,200,0,100.0,18783.0,100.0,38080996416.0,100.0,74957455624.0
2018-04-06,Z305D5AR,ST4000DM000,4000787030016,0,119,209057376,91,0,100,8,100,0,89,838765056,79,18893,100,0,100,8,100.0,0.0,100.0,0.0,100.0,0.0,100.0,0.0,100.0,0.0,68.0,32.0,100.0,0.0,100.0,0.0,95.0,10009.0,32,32,100,0,100,0,200,0,100.0,18807.0,100.0,38103392040.0,100.0,75083053816.0
2018-04-07,Z305D5AR,ST4000DM000,4000787030016,0,111.0,40399856.0,91.0,0.0,100.0,8.0,100.0,0.0,89.0,839761751.0,79.0,18917.0,100.0,0.0,100.0,8.0,100.0,0.0,100.0,0.0,100.0,0.0,100.0,0.0,100.0,0.0,68.0,32.0,100.0,0.0,100.0,0.0,95.0,10009.0,32.0,32.0,100.0,0.0,100.0,0.0,200.0,0.0,100.0,18831.0,100.0,38130095448.0,100.0,75171921885.0
2018-04-08,Z305D5AR,ST4000DM000,4000787030016,0,119,233987568,91,0,100,8,100,0,89,841082708,79,18941,100,0,100,8,100.0,0.0,100.0,0.0,100.0,0.0,100.0,0.0,100.0,0.0,68.0,32.0,100.0,0.0,100.0,0.0,95.0,10009.0,32,32,100,0,100,0,200,0,100.0,18855.0,100.0,38153123368.0,100.0,75297652157.0
2018-04-09,Z305D5AR,ST4000DM000,4000787030016,0,109,23985296,91,0,100,8,100,0,89,842322560,79,18965,100,0,100,8,100.0,0.0,100.0,0.0,100.0,0.0,100.0,0.0,100.0,0.0,68.0,32.0,100.0,0.0,100.0,0.0,95.0,10009.0,32,32,100,0,100,0,200,0,100.0,18878.0,100.0,38180882552.0,100.0,75347101003.0
2018-04-10,Z305D5AR,ST4000DM000,4000787030016,0,118,171651184,91,0,100,8,100,0,89,843506533,79,18990,100,0,100,8,100.0,0.0,100.0,0.0,100.0,0.0,100.0,0.0,100.0,0.0,68.0,32.0,100.0,0.0,100.0,0.0,95.0,10009.0,32,32,100,0,100,0,200,0,100.0,18903.0,100.0,38198631760.0,100.0,75484066115.0
2018-04-11,Z305D5AR,ST4000DM000,4000787030016,0,119,231155176,91,0,100,8,100,0,89,844338527,79,19013,100,0,100,8,100.0,0.0,100.0,0.0,100.0,0.0,100.0,0.0,100.0,0.0,68.0,32.0,100.0,0.0,100.0,0.0,95.0,10009.0,32,32,100,0,100,0,200,0,100.0,18927.0,100.0,38222953888.0,100.0,75561477268.0
2018-04-12,Z305D5AR,ST4000DM000,4000787030016,0,119,214557120,91,0,100,8,100,0,89,845979692,79,19037,100,0,100,8,100.0,0.0,100.0,0.0,100.0,0.0,100.0,0.0,100.0,0.0,67.0,33.0,100.0,0.0,100.0,0.0,95.0,10013.0,33,33,100,0,100,0,200,0,100.0,18951.0,100.0,38260011456.0,100.0,75678572139.0
2018-04-13,Z305D5AR,ST4000DM000,4000787030016,0,108,16037128,91,0,100,8,100,0,89,846526473,79,19062,100,0,100,8,100.0,0.0,100.0,0.0,100.0,0.0,100.0,0.0,100.0,0.0,67.0,33.0,100.0,0.0,100.0,0.0,95.0,10013.0,33,33,100,0,100,0,200,0,100.0,18975.0,100.0,38277609760.0,100.0,75745033226.0
2018-04-14,Z305D5AR,ST4000DM000,4000787030016,0,120,236646264,91,0,100,8,100,0,89,847210078,79,19085,100,0,100,8,100.0,0.0,100.0,0.0,100.0,0.0,100.0,0.0,100.0,0.0,68.0,32.0,100.0,0.0,100.0,0.0,95.0,10013.0,32,32,100,0,100,0,200,0,100.0,18999.0,100.0,38292510968.0,100.0,75853559654.0
2018-04-15,Z305D5AR,ST4000DM000,4000787030016,0,118,193682840,91,0,100,8,100,0,89,849120842,79,19109,100,0,100,8,100.0,0.0,100.0,0.0,100.0,0.0,100.0,0.0,100.0,0.0,67.0,33.0,100.0,0.0,100.0,0.0,95.0,10013.0,33,33,100,0,100,0,200,0,100.0,19023.0,100.0,38317307296.0,100.0,75926587450.0
2018-04-16,Z305D5AR,ST4000DM000,4000787030016,0,112,44667288,91,0,100,8,100,0,89,850943970,79,19133,100,0,100,8,100.0,0.0,100.0,0.0,100.0,0.0,100.0,0.0,100.0,0.0,67.0,33.0,100.0,0.0,100.0,0.0,95.0,10013.0,33,33,100,0,100,0,200,0,100.0,19047.0,100.0,38341180488.0,100.0,76076445819.0
2018-04-17,Z305D5AR,ST4000DM000,4000787030016,0,111,37543648,91,0,100,8,100,0,89,852384064,79,19157,100,0,100,8,100.0,0.0,100.0,0.0,100.0,0.0,100.0,0.0,100.0,0.0,67.0,33.0,100.0,0.0,100.0,0.0,95.0,10013.0,33,33,100,0,100,0,200,0,100.0,19071.0,100.0,38360309840.0,100.0,76230456403.0
2018-04-18,Z305D5AR,ST4000DM000,4000787030016,0,119,206331000,91,0,100,8,100,0,89,853919072,79,19182,100,0,100,8,100.0,0.0,100.0,0.0,100.0,0.0,100.0,0.0,100.0,0.0,67.0,33.0,100.0,0.0,100.0,0.0,95.0,10013.0,33,33,100,0,100,0,200,0,100.0,19095.0,100.0,38380655840.0,100.0,76374778180.0
2018-04-19,Z305D5AR,ST4000DM000,4000787030016,0,118,180731040,91,0,100,8,100,0,89,855458810,79,19205,100,0,100,8,100.0,0.0,100.0,0.0,100.0,0.0,100.0,0.0,100.0,0.0,67.0,33.0,100.0,0.0,100.0,0.0,95.0,10013.0,33,33,100,0,100,0,200,0,100.0,19119.0,100.0,38396547008.0,100.0,76487388909.0
2018-04-20,Z305D5AR,ST4000DM000,4000787030016,0,100,2750272,91,0,100,8,100,0,89,856982246,79,19230,100,0,100,8,100.0,0.0,100.0,0.0,100.0,0.0,100.0,0.0,100.0,0.0,67.0,33.0,100.0,0.0,100.0,0.0,95.0,10013.0,33,33,100,0,100,0,200,0,100.0,19143.0,100.0,38422074856.0,100.0,76572351315.0
2018-04-21,Z305D5AR,ST4000DM000,4000787030016,0,118,170918872,91,0,100,8,100,0,89,858282488,79,19253,100,0,100,8,100.0,0.0,100.0,0.0,100.0,0.0,100.0,0.0,100.0,0.0,68.0,32.0,100.0,0.0,100.0,0.0,95.0,10013.0,32,32,100,0,100,0,200,0,100.0,19167.0,100.0,38444970504.0,100.0,76675285076.0
2018-04-22,Z305D5AR,ST4000DM000,4000787030016,0,118,197229464,91,0,100,8,100,0,89,858761509,78,19277,100,0,100,8,100.0,0.0,100.0,0.0,100.0,0.0,100.0,0.0,100.0,0.0,68.0,32.0,100.0,0.0,100.0,0.0,95.0,10013.0,32,32,100,0,100,0,200,0,100.0,19190.0,100.0,38459766952.0,100.0,76744643221.0
2018-04-23,Z305D5AR,ST4000DM000,4000787030016,0,119,227304296,91,0,100,8,100,0,89,860202656,78,19300,100,0,100,8,100.0,0.0,100.0,0.0,100.0,0.0,100.0,0.0,100.0,0.0,68.0,32.0,100.0,0.0,100.0,0.0,95.0,10013.0,32,32,100,0,100,0,200,0,100.0,19214.0,100.0,38481631616.0,100.0,76894249819.0
2018-04-24,Z305D5AR,ST4000DM000,4000787030016,0,118,194181440,91,0,100,8,100,0,89,860899531,78,19325,100,0,100,8,100.0,0.0,100.0,0.0,100.0,0.0,100.0,0.0,100.0,0.0,66.0,34.0,100.0,0.0,100.0,0.0,95.0,10013.0,34,34,100,0,100,0,200,0,100.0,19239.0,100.0,38503705512.0,100.0,76983859114.0
2018-04-25,Z305D5AR,ST4000DM000,4000787030016,0,118,191252816,91,0,100,8,100,0,89,861641729,78,19350,100,0,100,8,100.0,0.0,100.0,0.0,100.0,0.0,100.0,0.0,100.0,0.0,68.0,32.0,100.0,0.0,100.0,0.0,95.0,10013.0,32,32,100,0,100,0,200,0,100.0,19263.0,100.0,38525492240.0,100.0,77096420647.0
2018-04-26,Z305D5AR,ST4000DM000,4000787030016,0,112,46895424,91,0,100,8,100,0,89,862649833,78,19369,100,0,100,8,100.0,0.0,100.0,0.0,100.0,0.0,100.0,0.0,100.0,0.0,68.0,32.0,100.0,0.0,100.0,0.0,95.0,10013.0,32,32,100,0,100,0,200,0,100.0,19283.0,100.0,38542366728.0,100.0,77142229021.0
2018-04-27,Z305D5AR,ST4000DM000,4000787030016,0,111,34690264,91,0,100,8,100,0,89,863614490,78,19393,100,0,100,8,100.0,0.0,100.0,0.0,100.0,0.0,100.0,0.0,100.0,0.0,68.0,32.0,100.0,0.0,100.0,0.0,95.0,10016.0,32,32,100,0,100,0,200,0,100.0,19307.0,100.0,38564957640.0,100.0,77289238972.0
2018-04-28,Z305D5AR,ST4000DM000,4000787030016,0,100,3143208,91,0,100,8,100,0,89,864627473,78,19417,100,0,100,8,100.0,0.0,100.0,0.0,100.0,0.0,100.0,0.0,100.0,0.0,68.0,32.0,100.0,0.0,100.0,0.0,95.0,10016.0,32,32,100,0,100,0,200,0,100.0,19331.0,100.0,38592298624.0,100.0,77431913401.0
2018-04-29,Z305D5AR,ST4000DM000,4000787030016,0,117,140931792,91,0,100,8,100,0,89,865501583,78,19442,100,0,100,8,100.0,0.0,100.0,0.0,100.0,0.0,100.0,0.0,100.0,0.0,68.0,32.0,100.0,0.0,100.0,0.0,95.0,10016.0,32,32,100,0,100,0,200,0,100.0,19355.0,100.0,38608859336.0,100.0,77575666996.0
2018-04-30,Z305D5AR,ST4000DM000,4000787030016,0,111,41137976,91,0,100,8,100,0,89,866860087,78,19466,100,0,100,8,100.0,0.0,100.0,0.0,100.0,0.0,100.0,0.0,100.0,0.0,68.0,32.0,100.0,0.0,100.0,0.0,95.0,10016.0,32,32,100,0,100,0,200,0,100.0,19379.0,100.0,38626815784.0,100.0,77719378933.0
2018-05-01,Z305D5AR,ST4000DM000,4000787030016,0,118,176103472,91,0,100,8,100,0,89,868815030,78,19490,100,0,100,8,100.0,0.0,100.0,0.0,100.0,0.0,100.0,0.0,100.0,0.0,68.0,32.0,100.0,0.0,100.0,0.0,95.0,10016.0,32,32,100,0,100,0,200,0,100.0,19403.0,100.0,38647898384.0,100.0,77920580603.0
2018-05-02,Z305D5AR,ST4000DM000,4000787030016,0,118.0,178227392.0,91.0,0.0,100.0,8.0,100.0,0.0,89.0,869441560.0,78.0,19513.0,100.0,0.0,100.0,8.0,100.0,0.0,100.0,0.0,100.0,0.0,100.0,0.0,100.0,0.0,68.0,32.0,100.0,0.0,100.0,0.0,95.0,10016.0,32.0,32.0,100.0,0.0,100.0,0.0,200.0,0.0,100.0,19426.0,100.0,38664097480.0,100.0,78098137678.0
2018-05-03,Z305D5AR,ST4000DM000,4000787030016,0,114,63636904,91,0,100,8,100,0,89,870946818,78,19541,100,0,100,8,100.0,0.0,100.0,0.0,100.0,0.0,100.0,0.0,100.0,0.0,68.0,32.0,100.0,0.0,100.0,0.0,95.0,10019.0,32,32,100,0,100,0,200,0,100.0,19454.0,100.0,38687809976.0,100.0,78267261318.0
2018-05-04,Z305D5AR,ST4000DM000,4000787030016,0,115,94677784,91,0,100,8,100,0,89,871622383,78,19565,100,0,100,8,100.0,0.0,100.0,0.0,100.0,0.0,100.0,0.0,100.0,0.0,69.0,31.0,100.0,0.0,100.0,0.0,95.0,10019.0,31,31,100,0,100,0,200,0,100.0,19479.0,100.0,38703756112.0,100.0,78433110863.0
2018-05-05,Z305D5AR,ST4000DM000,4000787030016,0,116,107529624,91,0,100,8,100,0,89,872276104,78,19589,100,0,100,8,100.0,0.0,100.0,0.0,100.0,0.0,100.0,0.0,100.0,0.0,68.0,32.0,100.0,0.0,100.0,0.0,95.0,10019.0,32,32,100,0,100,0,200,0,100.0,19503.0,100.0,38728736208.0,100.0,78589415425.0
2018-05-06,Z305D5AR,ST4000DM000,4000787030016,0,119,223204776,91,0,100,8,100,0,89,872953427,78,19614,100,0,100,8,100.0,0.0,100.0,0.0,100.0,0.0,100.0,0.0,100.0,0.0,68.0,32.0,100.0,0.0,100.0,0.0,95.0,10019.0,32,32,100,0,100,0,200,0,100.0,19527.0,100.0,38746908920.0,100.0,78788689596.0
2018-05-07,Z305D5AR,ST4000DM000,4000787030016,0,106,11115872,91,0,100,8,100,0,89,874217433,78,19637,100,0,100,8,100.0,0.0,100.0,0.0,100.0,0.0,100.0,0.0,100.0,0.0,68.0,32.0,100.0,0.0,100.0,0.0,95.0,10019.0,32,32,100,0,100,0,200,0,100.0,19551.0,100.0,38769384360.0,100.0,78971633062.0
2018-05-08,Z305D5AR,ST4000DM000,4000787030016,0,115,87895808,91,0,100,8,100,0,89,875123539,78,19662,100,0,100,8,100.0,0.0,100.0,0.0,100.0,0.0,100.0,0.0,100.0,0.0,68.0,32.0,100.0,0.0,100.0,0.0,95.0,10019.0,32,32,100,0,100,0,200,0,100.0,19575.0,100.0,38796450576.0,100.0,79158038662.0
2018-05-09,Z305D5AR,ST4000DM000,4000787030016,0,108,17559384,91,0,100,8,100,0,89,876214203,78,19685,100,0,100,8,100.0,0.0,100.0,0.0,100.0,0.0,100.0,0.0,100.0,0.0,68.0,32.0,100.0,0.0,100.0,0.0,95.0,10019.0,32,32,100,0,100,0,200,0,100.0,19599.0,100.0,38814980272.0,100.0,79349742510.0
2018-05-10,Z305D5AR,ST4000DM000,4000787030016,0,119,231534624,91,0,100,8,100,0,89,877675929,78,19710,100,0,100,8,100.0,0.0,100.0,0.0,100.0,0.0,100.0,0.0,100.0,0.0,68.0,32.0,100.0,0.0,100.0,0.0,95.0,10022.0,32,32,100,0,100,0,200,0,100.0,19623.0,100.0,38838322432.0,100.0,79472978727.0
2018-05-11,Z305D5AR,ST4000DM000,4000787030016,0,106,11167800,91,0,100,8,100,0,89,878696107,78,19734,100,0,100,8,100.0,0.0,100.0,0.0,100.0,0.0,100.0,0.0,100.0,0.0,68.0,32.0,100.0,0.0,100.0,0.0,95.0,10022.0,32,32,100,0,100,0,200,0,100.0,19647.0,100.0,38859447736.0,100.0,79635320729.0
2018-05-12,Z305D5AR,ST4000DM000,4000787030016,0,114,69895176,91,0,100,8,100,0,89,880124164,78,19757,100,0,100,8,100.0,0.0,100.0,0.0,100.0,0.0,100.0,0.0,100.0,0.0,68.0,32.0,100.0,0.0,100.0,0.0,95.0,10022.0,32,32,100,0,100,0,200,0,100.0,19671.0,100.0,38877095112.0,100.0,79807317197.0
2018-05-13,Z305D5AR,ST4000DM000,4000787030016,0,111,40315512,91,0,100,8,100,0,89,881102527,78,19782,100,0,100,8,100.0,0.0,100.0,0.0,100.0,0.0,100.0,0.0,100.0,0.0,68.0,32.0,100.0,0.0,100.0,0.0,95.0,10022.0,32,32,100,0,100,0,200,0,100.0,19696.0,100.0,38898336168.0,100.0,79944333456.0
2018-05-14,Z305D5AR,ST4000DM000,4000787030016,0,119,222108848,91,0,100,8,100,0,89,883068708,78,19806,100,0,100,8,100.0,0.0,100.0,0.0,100.0,0.0,100.0,0.0,100.0,0.0,68.0,32.0,100.0,0.0,100.0,0.0,95.0,10022.0,32,32,100,0,100,0,200,0,100.0,19720.0,100.0,38931983592.0,100.0,80125421110.0
2018-05-15,Z305D5AR,ST4000DM000,4000787030016,0,119.0,211436016.0,91.0,0.0,100.0,8.0,100.0,0.0,89.0,883939888.0,78.0,19829.0,100.0,0.0,100.0,8.0,100.0,0.0,100.0,0.0,100.0,0.0,100.0,0.0,100.0,0.0,68.0,32.0,100.0,0.0,100.0,0.0,95.0,10022.0,32.0,32.0,100.0,0.0,100.0,0.0,200.0,0.0,100.0,19743.0,100.0,38955606496.0,100.0,80258829206.0
2018-05-16,Z305D5AR,ST4000DM000,4000787030016,0,117,118714600,91,0,100,8,100,0,89,886236435,78,19854,100,0,100,8,100.0,0.0,100.0,0.0,100.0,0.0,100.0,0.0,100.0,0.0,68.0,32.0,100.0,0.0,100.0,0.0,95.0,10022.0,32,32,100,0,100,0,200,0,100.0,19768.0,100.0,38981688576.0,100.0,80430476225.0
2018-05-17,Z305D5AR,ST4000DM000,4000787030016,0,114,76648800,91,0,100,8,100,0,89,887557821,78,19878,100,0,100,8,100.0,0.0,100.0,0.0,100.0,0.0,100.0,0.0,100.0,0.0,68.0,32.0,100.0,0.0,100.0,0.0,95.0,10025.0,32,32,100,0,100,0,200,0,100.0,19791.0,100.0,38992333168.0,100.0,80560775314.0
2018-05-18,Z305D5AR,ST4000DM000,4000787030016,0,109,21907200,91,0,100,8,100,0,89,888459281,78,19901,100,0,100,8,100.0,0.0,100.0,0.0,100.0,0.0,100.0,0.0,100.0,0.0,68.0,32.0,100.0,0.0,100.0,0.0,95.0,10025.0,32,32,100,0,100,0,200,0,100.0,19814.0,100.0,39007066968.0,100.0,80694850821.0
2018-05-19,Z305D5AR,ST4000DM000,4000787030016,0,114,80839640,91,0,100,8,100,0,89,889519386,78,19925,100,0,100,8,100.0,0.0,100.0,0.0,100.0,0.0,100.0,0.0,100.0,0.0,68.0,32.0,100.0,0.0,100.0,0.0,95.0,10025.0,32,32,100,0,100,0,200,0,100.0,19838.0,100.0,39022255368.0,100.0,80856994512.0
2018-05-20,Z305D5AR,ST4000DM000,4000787030016,0,111,34790408,91,0,100,8,100,0,89,890568331,78,19949,100,0,100,8,100.0,0.0,100.0,0.0,100.0,0.0,100.0,0.0,100.0,0.0,68.0,32.0,100.0,0.0,100.0,0.0,95.0,10025.0,32,32,100,0,100,0,200,0,100.0,19863.0,100.0,39037687032.0,100.0,81003853688.0
2018-05-21,Z305D5AR,ST4000DM000,4000787030016,0,117,149356024,91,0,100,8,100,0,89,892351653,78,19974,100,0,100,8,100.0,0.0,100.0,0.0,100.0,0.0,100.0,0.0,100.0,0.0,68.0,32.0,100.0,0.0,100.0,0.0,95.0,10025.0,32,32,100,0,100,0,200,0,100.0,19887.0,100.0,39055919792.0,100.0,81155443862.0
2018-05-22,Z305D5AR,ST4000DM000,4000787030016,0,108,19603224,91,0,100,8,100,0,89,893289188,78,19998,100,0,100,8,100.0,0.0,100.0,0.0,100.0,0.0,100.0,0.0,100.0,0.0,68.0,32.0,100.0,0.0,100.0,0.0,95.0,10025.0,32,32,100,0,100,0,200,0,100.0,19911.0,100.0,39074414136.0,100.0,81281254193.0
2018-05-23,Z305D5AR,ST4000DM000,4000787030016,0,114,64267768,91,0,100,8,100,0,89,894349718,78,20021,100,0,100,8,100.0,0.0,100.0,0.0,100.0,0.0,100.0,0.0,100.0,0.0,68.0,32.0,100.0,0.0,100.0,0.0,95.0,10025.0,32,32,100,0,100,0,200,0,100.0,19934.0,100.0,39091583480.0,100.0,81434366116.0
2018-05-24,Z305D5AR,ST4000DM000,4000787030016,0,111,36063720,91,0,100,8,100,0,89,895733517,78,20045,100,0,100,8,100.0,0.0,100.0,0.0,100.0,0.0,100.0,0.0,100.0,0.0,68.0,32.0,100.0,0.0,100.0,0.0,95.0,10025.0,32,32,100,0,100,0,200,0,100.0,19958.0,100.0,39110466056.0,100.0,81534462589.0
2018-05-25,Z305D5AR,ST4000DM000,4000787030016,0,113,52628328,91,0,100,8,100,0,89,896691085,78,20070,100,0,100,8,100.0,0.0,100.0,0.0,100.0,0.0,100.0,0.0,100.0,0.0,68.0,32.0,100.0,0.0,100.0,0.0,95.0,10025.0,32,32,100,0,100,0,200,0,100.0,19983.0,100.0,39121773160.0,100.0,81706267277.0
2018-05-26,Z305D5AR,ST4000DM000,4000787030016,0,108,18414464,91,0,100,8,100,0,89,897494021,78,20089,100,0,100,8,100.0,0.0,100.0,0.0,100.0,0.0,100.0,0.0,100.0,0.0,68.0,32.0,100.0,0.0,100.0,0.0,95.0,10028.0,32,32,100,0,100,0,200,0,100.0,20002.0,100.0,39139157056.0,100.0,81824905833.0
2018-05-27,Z305D5AR,ST4000DM000,4000787030016,0,117,144035072,91,0,100,8,100,0,89,898466899,78,20113,100,0,100,8,100.0,0.0,100.0,0.0,100.0,0.0,100.0,0.0,100.0,0.0,68.0,32.0,100.0,0.0,100.0,0.0,95.0,10028.0,32,32,100,0,100,0,200,0,100.0,20026.0,100.0,39165218256.0,100.0,81951412104.0
2018-05-28,Z305D5AR,ST4000DM000,4000787030016,0,114,77785240,91,0,100,8,100,0,89,900379945,78,20137,100,0,100,8,100.0,0.0,100.0,0.0,100.0,0.0,100.0,0.0,100.0,0.0,70.0,30.0,100.0,0.0,100.0,0.0,95.0,10028.0,30,30,100,0,100,0,200,0,100.0,20050.0,100.0,39186449304.0,100.0,82113917710.0
2018-05-29,Z305D5AR,ST4000DM000,4000787030016,0,115,88813896,91,0,100,8,100,0,89,901666731,77,20161,100,0,100,8,100.0,0.0,100.0,0.0,100.0,0.0,100.0,0.0,100.0,0.0,70.0,30.0,100.0,0.0,100.0,0.0,95.0,10028.0,30,30,100,0,100,0,200,0,100.0,20074.0,100.0,39199706312.0,100.0,82290425421.0
2018-05-30,Z305D5AR,ST4000DM000,4000787030016,0,111,30461632,91,0,100,8,100,0,89,902508648,77,20185,100,0,100,8,100.0,0.0,100.0,0.0,100.0,0.0,100.0,0.0,100.0,0.0,69.0,31.0,100.0,0.0,100.0,0.0,95.0,10028.0,31,31,100,0,100,0,200,0,100.0,20098.0,100.0,39212271848.0,100.0,82394033793.0
2018-05-31,Z305D5AR,ST4000DM000,4000787030016,0,117,130213888,91,0,100,8,100,0,89,904994256,77,20207,100,0,100,8,100.0,0.0,100.0,0.0,100.0,0.0,100.0,0.0,100.0,0.0,68.0,32.0,100.0,0.0,100.0,0.0,95.0,10028.0,32,32,100,0,100,0,200,0,100.0,20121.0,100.0,39226656256.0,100.0,82498079201.0
2018-06-01,Z305D5AR,ST4000DM000,4000787030016,0,114,70509456,91,0,100,8,100,0,89,905566676,77,20232,100,0,100,8,100.0,0.0,100.0,0.0,100.0,0.0,100.0,0.0,100.0,0.0,69.0,31.0,100.0,0.0,100.0,0.0,95.0,10030.0,31,31,100,0,100,0,200,0,100.0,20145.0,100.0,39246346024.0,100.0,82561586978.0
2018-06-02,Z305D5AR,ST4000DM000,4000787030016,0,117,118541160,91,0,100,8,100,0,89,906639975,77,20256,100,0,100,8,100.0,0.0,100.0,0.0,100.0,0.0,100.0,0.0,100.0,0.0,70.0,30.0,100.0,0.0,100.0,0.0,95.0,10030.0,30,30,100,0,100,0,200,0,100.0,20169.0,100.0,39265973920.0,100.0,82690906195.0
2018-06-03,Z305D5AR,ST4000DM000,4000787030016,0,114,68121032,91,0,100,8,100,0,89,907419432,77,20279,100,0,100,8,100.0,0.0,100.0,0.0,100.0,0.0,100.0,0.0,100.0,0.0,70.0,30.0,100.0,0.0,100.0,0.0,95.0,10030.0,30,30,100,0,100,0,200,0,100.0,20193.0,100.0,39278023480.0,100.0,82794393438.0
2018-06-04,Z305D5AR,ST4000DM000,4000787030016,0,117,150331992,91,0,100,8,100,0,89,909155299,77,20303,100,0,100,8,100.0,0.0,100.0,0.0,100.0,0.0,100.0,0.0,100.0,0.0,70.0,30.0,100.0,0.0,100.0,0.0,95.0,10030.0,30,30,100,0,100,0,200,0,100.0,20216.0,100.0,39304090520.0,100.0,82950061622.0
2018-06-05,Z305D5AR,ST4000DM000,4000787030016,0,118,169985592,91,0,100,8,100,0,89,910219883,77,20328,100,0,100,8,100.0,0.0,100.0,0.0,100.0,0.0,100.0,0.0,100.0,0.0,70.0,30.0,100.0,0.0,100.0,0.0,95.0,10030.0,30,30,100,0,100,0,200,0,100.0,20241.0,100.0,39320233808.0,100.0,83055677292.0
2018-06-06,Z305D5AR,ST4000DM000,4000787030016,0,117,128286464,91,0,100,8,100,0,89,911089348,77,20352,100,0,100,8,100.0,0.0,100.0,0.0,100.0,0.0,100.0,0.0,100.0,0.0,70.0,30.0,100.0,0.0,100.0,0.0,95.0,10030.0,30,30,100,0,100,0,200,0,100.0,20265.0,100.0,39331717536.0,100.0,83158905492.0
2018-06-07,Z305D5AR,ST4000DM000,4000787030016,0,118,177726376,91,0,100,8,100,0,89,912387846,77,20376,100,0,100,8,100.0,0.0,100.0,0.0,100.0,0.0,100.0,0.0,100.0,0.0,68.0,32.0,100.0,0.0,100.0,0.0,95.0,10030.0,32,32,100,0,100,0,200,0,100.0,20289.0,100.0,39359960704.0,100.0,83228393719.0
2018-06-08,Z305D5AR,ST4000DM000,4000787030016,0,115,97583592,91,0,100,8,100,0,89,913306743,77,20400,100,0,100,8,100.0,0.0,100.0,0.0,100.0,0.0,100.0,0.0,100.0,0.0,68.0,32.0,100.0,0.0,100.0,0.0,95.0,10030.0,32,32,100,0,100,0,200,0,100.0,20313.0,100.0,39377136008.0,100.0,83333850958.0
2018-06-09,Z305D5AR,ST4000DM000,4000787030016,0,112,46136032,91,0,100,8,100,0,89,914160862,77,20424,100,0,100,8,100.0,0.0,100.0,0.0,100.0,0.0,100.0,0.0,100.0,0.0,70.0,30.0,100.0,0.0,100.0,0.0,95.0,10030.0,30,30,100,0,100,0,200,0,100.0,20337.0,100.0,39394215184.0,100.0,83423288554.0
2018-06-10,Z305D5AR,ST4000DM000,4000787030016,0,115,93611920,91,0,100,8,100,0,89,915043539,77,20448,100,0,100,8,100.0,0.0,100.0,0.0,100.0,0.0,100.0,0.0,100.0,0.0,69.0,31.0,100.0,0.0,100.0,0.0,95.0,10030.0,31,31,100,0,100,0,200,0,100.0,20361.0,100.0,39405817488.0,100.0,83532835771.0
2018-06-11,Z305D5AR,ST4000DM000,4000787030016,0,118,183848504,91,0,100,8,100,0,89,916430173,77,20472,100,0,100,8,100.0,0.0,100.0,0.0,100.0,0.0,100.0,0.0,100.0,0.0,70.0,30.0,100.0,0.0,100.0,0.0,95.0,10030.0,30,30,100,0,100,0,200,0,100.0,20385.0,100.0,39428056880.0,100.0,83619795910.0
2018-06-12,Z305D5AR,ST4000DM000,4000787030016,0,116,111369416,91,0,100,8,100,0,89,917346184,77,20495,100,0,100,8,100.0,0.0,100.0,0.0,100.0,0.0,100.0,0.0,100.0,0.0,71.0,29.0,100.0,0.0,100.0,0.0,95.0,10030.0,29,29,100,0,100,0,200,0,100.0,20409.0,100.0,39442966928.0,100.0,83739659574.0
2018-06-13,Z305D5AR,ST4000DM000,4000787030016,0,118,188849360,91,0,100,8,100,0,89,918232700,77,20520,100,0,100,8,100.0,0.0,100.0,0.0,100.0,0.0,100.0,0.0,100.0,0.0,71.0,29.0,100.0,0.0,100.0,0.0,95.0,10030.0,29,29,100,0,100,0,200,0,100.0,20433.0,100.0,39461277752.0,100.0,83828088953.0
2018-06-14,Z305D5AR,ST4000DM000,4000787030016,0,118,200500896,91,0,100,8,100,0,89,919719203,77,20544,100,0,100,8,100.0,0.0,100.0,0.0,100.0,0.0,100.0,0.0,100.0,0.0,69.0,31.0,100.0,0.0,100.0,0.0,95.0,10030.0,31,31,100,0,100,0,200,0,100.0,20457.0,100.0,39483564400.0,100.0,83919952625.0
2018-06-15,Z305D5AR,ST4000DM000,4000787030016,0,117.0,118645136.0,91.0,0.0,100.0,8.0,100.0,0.0,89.0,922043301.0,77.0,20575.0,100.0,0.0,100.0,8.0,100.0,0.0,100.0,0.0,100.0,0.0,100.0,0.0,100.0,0.0,69.0,31.0,100.0,0.0,100.0,0.0,95.0,10032.0,31.0,31.0,100.0,0.0,100.0,0.0,200.0,0.0,100.0,20488.0,100.0,39503739272.0,100.0,84085528550.0
2018-06-16,Z305D5AR,ST4000DM000,4000787030016,0,118.0,188274200.0,91.0,0.0,100.0,8.0,100.0,0.0,89.0,922594440.0,77.0,20598.0,100.0,0.0,100.0,8.0,100.0,0.0,100.0,0.0,100.0,0.0,100.0,0.0,100.0,0.0,68.0,32.0,100.0,0.0,100.0,0.0,95.0,10032.0,32.0,32.0,100.0,0.0,100.0,0.0,200.0,0.0,100.0,20511.0,100.0,39511912032.0,100.0,84162407121.0
2018-06-17,Z305D5AR,ST4000DM000,4000787030016,0,114.0,71324352.0,91.0,0.0,100.0,8.0,100.0,0.0,89.0,923558474.0,77.0,20623.0,100.0,0.0,100.0,8.0,100.0,0.0,100.0,0.0,100.0,0.0,100.0,0.0,100.0,0.0,69.0,31.0,100.0,0.0,100.0,0.0,95.0,10032.0,31.0,31.0,100.0,0.0,100.0,0.0,200.0,0.0,100.0,20536.0,100.0,39522024712.0,100.0,84273743579.0
2018-06-18,Z305D5AR,ST4000DM000,4000787030016,0,117.0,144221368.0,91.0,0.0,100.0,8.0,100.0,0.0,89.0,925141716.0,77.0,20646.0,100.0,0.0,100.0,8.0,100.0,0.0,100.0,0.0,100.0,0.0,100.0,0.0,100.0,0.0,69.0,31.0,100.0,0.0,100.0,0.0,95.0,10032.0,31.0,31.0,100.0,0.0,100.0,0.0,200.0,0.0,100.0,20559.0,100.0,39548325656.0,100.0,84373608298.0
2018-06-19,Z305D5AR,ST4000DM000,4000787030016,0,115,96888152,91,0,100,8,100,0,89,925962353,77,20671,100,0,100,8,100.0,0.0,100.0,0.0,100.0,0.0,100.0,0.0,100.0,0.0,69.0,31.0,100.0,0.0,100.0,0.0,95.0,10032.0,31,31,100,0,100,0,200,0,100.0,20584.0,100.0,39565876792.0,100.0,84447953772.0
2018-06-20,Z305D5AR,ST4000DM000,4000787030016,0,117,143364680,91,0,100,8,100,0,89,926640219,77,20695,100,0,100,8,100.0,0.0,100.0,0.0,100.0,0.0,100.0,0.0,100.0,0.0,69.0,31.0,100.0,0.0,100.0,0.0,95.0,10032.0,31,31,100,0,100,0,200,0,100.0,20608.0,100.0,39580624888.0,100.0,84514683550.0
2018-06-21,Z305D5AR,ST4000DM000,4000787030016,0,118,194847640,91,0,100,8,100,0,89,927973534,77,20719,100,0,100,8,100.0,0.0,100.0,0.0,100.0,0.0,100.0,0.0,100.0,0.0,69.0,31.0,100.0,0.0,100.0,0.0,95.0,10032.0,31,31,100,0,100,0,200,0,100.0,20632.0,100.0,39597812464.0,100.0,84607304979.0
2018-06-22,Z305D5AR,ST4000DM000,4000787030016,0,115,97588904,91,0,100,8,100,0,89,929170853,77,20743,100,0,100,8,100.0,0.0,100.0,0.0,100.0,0.0,100.0,0.0,100.0,0.0,69.0,31.0,100.0,0.0,100.0,0.0,95.0,10032.0,31,31,100,0,100,0,200,0,100.0,20656.0,100.0,39612556312.0,100.0,84745412863.0
2018-06-23,Z305D5AR,ST4000DM000,4000787030016,0,114,82696800,91,0,100,8,100,0,89,930337278,77,20766,100,0,100,8,100.0,0.0,100.0,0.0,100.0,0.0,100.0,0.0,100.0,0.0,70.0,30.0,100.0,0.0,100.0,0.0,95.0,10032.0,30,30,100,0,100,0,200,0,100.0,20679.0,100.0,39623277400.0,100.0,84866018939.0
2018-06-24,Z305D5AR,ST4000DM000,4000787030016,0,118,180546320,91,0,100,8,100,0,89,931342235,77,20790,100,0,100,8,100.0,0.0,100.0,0.0,100.0,0.0,100.0,0.0,100.0,0.0,69.0,31.0,100.0,0.0,100.0,0.0,95.0,10032.0,31,31,100,0,100,0,200,0,100.0,20703.0,100.0,39630664280.0,100.0,84980059137.0
2018-06-25,Z305D5AR,ST4000DM000,4000787030016,0,112,44176760,91,0,100,8,100,0,89,933686460,77,20814,100,0,100,8,100.0,0.0,100.0,0.0,100.0,0.0,100.0,0.0,100.0,0.0,69.0,31.0,100.0,0.0,100.0,0.0,95.0,10032.0,31,31,100,0,100,0,200,0,100.0,20727.0,100.0,39648869384.0,100.0,85092530441.0
2018-06-26,Z305D5AR,ST4000DM000,4000787030016,0,111,31729280,91,0,100,8,100,0,89,934527332,77,20838,100,0,100,8,100.0,0.0,100.0,0.0,100.0,0.0,100.0,0.0,100.0,0.0,69.0,31.0,100.0,0.0,100.0,0.0,95.0,10032.0,31,31,100,0,100,0,200,0,100.0,20751.0,100.0,39677662704.0,100.0,85198355508.0
2018-06-27,Z305D5AR,ST4000DM000,4000787030016,0,109,22909040,91,0,100,8,100,0,89,935195821,77,20862,100,0,100,8,100.0,0.0,100.0,0.0,100.0,0.0,100.0,0.0,100.0,0.0,69.0,31.0,100.0,0.0,100.0,0.0,95.0,10032.0,31,31,100,0,100,0,200,0,100.0,20775.0,100.0,39689910448.0,100.0,85314497821.0
2018-06-28,Z305D5AR,ST4000DM000,4000787030016,0,111,29903840,91,0,100,8,100,0,89,936329162,77,20887,100,0,100,8,100.0,0.0,100.0,0.0,100.0,0.0,100.0,0.0,100.0,0.0,69.0,31.0,100.0,0.0,100.0,0.0,95.0,10032.0,31,31,100,0,100,0,200,0,100.0,20800.0,100.0,39711311712.0,100.0,85369643897.0
2018-06-29,Z305D5AR,ST4000DM000,4000787030016,0,111,40000072,91,0,100,8,100,0,89,936895931,77,20910,100,0,100,8,100.0,0.0,100.0,0.0,100.0,0.0,100.0,0.0,100.0,0.0,69.0,31.0,100.0,0.0,100.0,0.0,95.0,10032.0,31,31,100,0,100,0,200,0,100.0,20823.0,100.0,39727465056.0,100.0,85460531536.0
2018-06-30,Z305D5AR,ST4000DM000,4000787030016,0,115,97522648,91,0,100,8,100,0,89,937490677,77,20929,100,0,100,8,100.0,0.0,100.0,0.0,100.0,0.0,100.0,0.0,100.0,0.0,71.0,29.0,100.0,0.0,100.0,0.0,95.0,10036.0,29,29,100,0,100,0,200,0,100.0,20842.0,100.0,39746749216.0,100.0,85541452201.0
2018-07-01,Z305D5AR,ST4000DM000,4000787030016,0,118,187378088,91,0,100,8,100,0,89,938244614,77,20954,100,0,100,8,100.0,0.0,100.0,0.0,100.0,0.0,100.0,0.0,100.0,0.0,71.0,29.0,100.0,0.0,100.0,0.0,95.0,10036.0,29,29,100,0,100,0,200,0,100.0,20867.0,100.0,39760554720.0,100.0,85651349261.0
2018-07-02,Z305D5AR,ST4000DM000,4000787030016,0,118,185495448,91,0,100,8,100,0,90,941044844,77,20977,100,0,100,8,100.0,0.0,100.0,0.0,100.0,0.0,100.0,0.0,100.0,0.0,71.0,29.0,100.0,0.0,100.0,0.0,95.0,10036.0,29,29,100,0,100,0,200,0,100.0,20890.0,100.0,39788751656.0,100.0,85797216748.0
2018-07-03,Z305D5AR,ST4000DM000,4000787030016,0,113,54227064,91,0,100,8,100,0,90,941954250,77,21001,100,0,100,8,100.0,0.0,100.0,0.0,100.0,0.0,100.0,0.0,100.0,0.0,71.0,29.0,100.0,0.0,100.0,0.0,95.0,10036.0,29,29,100,0,100,0,200,0,100.0,20914.0,100.0,39806611800.0,100.0,85937246593.0
2018-07-04,Z305D5AR,ST4000DM000,4000787030016,0,117,118843552,91,0,100,8,100,0,90,942653508,76,21026,100,0,100,8,100.0,0.0,100.0,0.0,100.0,0.0,100.0,0.0,100.0,0.0,69.0,31.0,100.0,0.0,100.0,0.0,95.0,10036.0,31,31,100,0,100,0,200,0,100.0,20939.0,100.0,39825625568.0,100.0,86074709626.0
2018-07-05,Z305D5AR,ST4000DM000,4000787030016,0,118,172847816,91,0,100,8,100,0,90,943869538,76,21049,100,0,100,8,100.0,0.0,100.0,0.0,100.0,0.0,100.0,0.0,100.0,0.0,69.0,31.0,100.0,0.0,100.0,0.0,95.0,10036.0,31,31,100,0,100,0,200,0,100.0,20962.0,100.0,39842816392.0,100.0,86228975657.0
2018-07-06,Z305D5AR,ST4000DM000,4000787030016,0,111,40899304,91,0,100,8,100,0,90,944519856,76,21073,100,0,100,8,100.0,0.0,100.0,0.0,100.0,0.0,100.0,0.0,100.0,0.0,71.0,29.0,100.0,0.0,100.0,0.0,95.0,10036.0,29,29,100,0,100,0,200,0,100.0,20986.0,100.0,39857487352.0,100.0,86413662356.0
2018-07-07,Z305D5AR,ST4000DM000,4000787030016,0,120,235228240,91,0,100,8,100,0,90,945138740,76,21098,100,0,100,8,100.0,0.0,100.0,0.0,100.0,0.0,100.0,0.0,100.0,0.0,71.0,29.0,100.0,0.0,100.0,0.0,95.0,10036.0,29,29,100,0,100,0,200,0,100.0,21011.0,100.0,39872876944.0,100.0,86584148894.0
2018-07-08,Z305D5AR,ST4000DM000,4000787030016,0,117,148715568,91,0,100,9,100,0,90,945694897,76,21120,100,0,100,9,100.0,0.0,100.0,0.0,100.0,0.0,100.0,0.0,100.0,0.0,70.0,30.0,100.0,0.0,100.0,1.0,95.0,10043.0,30,30,100,0,100,0,200,0,100.0,21033.0,100.0,39891336152.0,100.0,86713120449.0
2018-07-09,Z305D5AR,ST4000DM000,4000787030016,0,114,67205944,91,0,100,9,100,0,90,946750062,76,21144,100,0,100,9,100.0,0.0,100.0,0.0,100.0,0.0,100.0,0.0,100.0,0.0,70.0,30.0,100.0,0.0,100.0,1.0,95.0,10043.0,30,30,100,0,100,0,200,0,100.0,21057.0,100.0,39907903912.0,100.0,86898811456.0
2018-07-10,Z305D5AR,ST4000DM000,4000787030016,0,114.0,70434648.0,91.0,0.0,100.0,9.0,100.0,0.0,90.0,947663291.0,76.0,21168.0,100.0,0.0,100.0,9.0,100.0,0.0,100.0,0.0,100.0,0.0,100.0,0.0,100.0,0.0,70.0,30.0,100.0,0.0,100.0,1.0,95.0,10043.0,30.0,30.0,100.0,0.0,100.0,0.0,200.0,0.0,100.0,21081.0,100.0,39929458200.0,100.0,87085142564.0
2018-07-11,Z305D5AR,ST4000DM000,4000787030016,0,114,72024608,91,0,100,9,100,0,90,948288811,76,21192,100,0,100,9,100.0,0.0,100.0,0.0,100.0,0.0,100.0,0.0,100.0,0.0,71.0,29.0,100.0,0.0,100.0,1.0,95.0,10043.0,29,29,100,0,100,0,200,0,100.0,21105.0,100.0,39946617192.0,100.0,87257333933.0
2018-07-12,Z305D5AR,ST4000DM000,4000787030016,0,114,62501440,91,0,100,9,100,0,90,949517553,76,21216,100,0,100,9,100.0,0.0,100.0,0.0,100.0,0.0,100.0,0.0,100.0,0.0,70.0,30.0,100.0,0.0,100.0,1.0,95.0,10043.0,30,30,100,0,100,0,200,0,100.0,21129.0,100.0,39962782352.0,100.0,87391565036.0
2018-07-13,Z305D5AR,ST4000DM000,4000787030016,0,116,108067320,91,0,100,9,100,0,90,950357802,76,21247,100,0,100,9,100.0,0.0,100.0,0.0,100.0,0.0,100.0,0.0,100.0,0.0,69.0,31.0,100.0,0.0,100.0,0.0,95.0,10045.0,31,31,100,0,100,0,200,0,100.0,21159.0,100.0,39982084592.0,100.0,87623632572.0
2018-07-14,Z305D5AR,ST4000DM000,4000787030016,0,111,34478128,91,0,100,9,100,0,90,951777464,76,21272,100,0,100,9,100.0,0.0,100.0,0.0,100.0,0.0,100.0,0.0,100.0,0.0,69.0,31.0,100.0,0.0,100.0,0.0,95.0,10045.0,31,31,100,0,100,0,200,0,100.0,21184.0,100.0,39997666416.0,100.0,87821244316.0
2018-07-15,Z305D5AR,ST4000DM000,4000787030016,0,117,128645336,91,0,100,9,100,0,90,952424903,76,21295,100,0,100,9,100.0,0.0,100.0,0.0,100.0,0.0,100.0,0.0,100.0,0.0,69.0,31.0,100.0,0.0,100.0,0.0,95.0,10045.0,31,31,100,0,100,0,200,0,100.0,21208.0,100.0,40016117696.0,100.0,87998592636.0
2018-07-16,Z305D5AR,ST4000DM000,4000787030016,0,120,241238120,91,0,100,9,100,0,90,954111196,76,21319,100,0,100,9,100.0,0.0,100.0,0.0,100.0,0.0,100.0,0.0,100.0,0.0,69.0,31.0,100.0,0.0,100.0,0.0,95.0,10045.0,31,31,100,0,100,0,200,0,100.0,21232.0,100.0,40037545512.0,100.0,88188294648.0
2018-07-17,Z305D5AR,ST4000DM000,4000787030016,0,116,113852328,91,0,100,9,100,0,90,955145533,76,21343,100,0,100,9,100.0,0.0,100.0,0.0,100.0,0.0,100.0,0.0,100.0,0.0,68.0,32.0,100.0,0.0,100.0,0.0,95.0,10045.0,32,32,100,0,100,0,200,0,100.0,21256.0,100.0,40050548904.0,100.0,88372916256.0
2018-07-18,Z305D5AR,ST4000DM000,4000787030016,0,115,93838320,91,0,100,9,100,0,90,956743342,76,21367,100,0,100,9,100.0,0.0,100.0,0.0,100.0,0.0,100.0,0.0,100.0,0.0,69.0,31.0,100.0,0.0,100.0,0.0,95.0,10045.0,31,31,100,0,100,0,200,0,100.0,21280.0,100.0,40068641688.0,100.0,88552402548.0
2018-07-19,Z305D5AR,ST4000DM000,4000787030016,0,117,133650808,91,0,100,9,100,0,90,958117254,76,21390,100,0,100,9,100.0,0.0,100.0,0.0,100.0,0.0,100.0,0.0,100.0,0.0,69.0,31.0,100.0,0.0,100.0,0.0,95.0,10045.0,31,31,100,0,100,0,200,0,100.0,21303.0,100.0,40089323568.0,100.0,88670406136.0
2018-07-20,Z305D5AR,ST4000DM000,4000787030016,0,117,147784272,91,0,100,9,100,0,90,959221314,76,21415,100,0,100,9,100.0,0.0,100.0,0.0,100.0,0.0,100.0,0.0,100.0,0.0,69.0,31.0,100.0,0.0,100.0,0.0,95.0,10045.0,31,31,100,0,100,0,200,0,100.0,21328.0,100.0,40106741504.0,100.0,88832264477.0
2018-07-21,Z305D5AR,ST4000DM000,4000787030016,0,113,56474344,91,0,100,9,100,0,90,960059293,76,21439,100,0,100,9,100.0,0.0,100.0,0.0,100.0,0.0,100.0,0.0,100.0,0.0,69.0,31.0,100.0,0.0,100.0,0.0,95.0,10045.0,31,31,100,0,100,0,200,0,100.0,21352.0,100.0,40124431376.0,100.0,88981352537.0
2018-07-22,Z305D5AR,ST4000DM000,4000787030016,0,117,166979872,91,0,100,9,100,0,90,960901467,76,21463,100,0,100,9,100.0,0.0,100.0,0.0,100.0,0.0,100.0,0.0,100.0,0.0,69.0,31.0,100.0,0.0,100.0,0.0,95.0,10045.0,31,31,100,0,100,0,200,0,100.0,21376.0,100.0,40140995688.0,100.0,89114814132.0
2018-07-23,Z305D5AR,ST4000DM000,4000787030016,0,114,81099392,91,0,100,9,100,0,90,962676714,76,21487,100,0,100,9,100.0,0.0,100.0,0.0,100.0,0.0,100.0,0.0,100.0,0.0,69.0,31.0,100.0,0.0,100.0,0.0,95.0,10045.0,31,31,100,0,100,0,200,0,100.0,21400.0,100.0,40161645824.0,100.0,89283656870.0
2018-07-24,Z305D5AR,ST4000DM000,4000787030016,0,116,107833584,91,0,100,9,100,0,90,963781231,76,21511,100,0,100,9,100.0,0.0,100.0,0.0,100.0,0.0,100.0,0.0,100.0,0.0,69.0,31.0,100.0,0.0,100.0,0.0,95.0,10045.0,31,31,100,0,100,0,200,0,100.0,21424.0,100.0,40182030120.0,100.0,89446429762.0
2018-07-25,Z305D5AR,ST4000DM000,4000787030016,0,118.0,171644576.0,91.0,0.0,100.0,9.0,100.0,0.0,90.0,964933228.0,76.0,21535.0,100.0,0.0,100.0,9.0,100.0,0.0,100.0,0.0,100.0,0.0,100.0,0.0,100.0,0.0,70.0,30.0,100.0,0.0,100.0,0.0,95.0,10045.0,30.0,30.0,100.0,0.0,100.0,0.0,200.0,0.0,100.0,21448.0,100.0,40195884296.0,100.0,89582861869.0
2018-07-26,Z305D5AR,ST4000DM000,4000787030016,0,114,61885640,91,0,100,9,100,0,90,966188590,76,21559,100,0,100,9,100.0,0.0,100.0,0.0,100.0,0.0,100.0,0.0,100.0,0.0,69.0,31.0,100.0,0.0,100.0,0.0,95.0,10045.0,31,31,100,0,100,0,200,0,100.0,21472.0,100.0,40209274240.0,100.0,89687079908.0
2018-07-27,Z305D5AR,ST4000DM000,4000787030016,0,106,11489328,91,0,100,9,100,0,90,968224448,76,21583,100,0,100,9,100.0,0.0,100.0,0.0,100.0,0.0,100.0,0.0,100.0,0.0,69.0,31.0,100.0,0.0,100.0,0.0,95.0,10045.0,31,31,100,0,100,0,200,0,100.0,21496.0,100.0,40229178304.0,100.0,89821963377.0
2018-07-28,Z305D5AR,ST4000DM000,4000787030016,0,115,91303544,91,0,100,9,100,0,90,969231617,76,21607,100,0,100,9,100.0,0.0,100.0,0.0,100.0,0.0,100.0,0.0,100.0,0.0,69.0,31.0,100.0,0.0,100.0,0.0,95.0,10048.0,31,31,100,0,100,0,200,0,100.0,21520.0,100.0,40236812232.0,100.0,89983352530.0
2018-07-29,Z305D5AR,ST4000DM000,4000787030016,0,111,30726064,91,0,100,9,100,0,90,970007615,76,21630,100,0,100,9,100.0,0.0,100.0,0.0,100.0,0.0,100.0,0.0,100.0,0.0,69.0,31.0,100.0,0.0,100.0,0.0,95.0,10048.0,31,31,100,0,100,0,200,0,100.0,21543.0,100.0,40248368456.0,100.0,90109187360.0
2018-07-30,Z305D5AR,ST4000DM000,4000787030016,0,117,137194848,91,0,100,9,100,0,90,971725547,76,21655,100,0,100,9,100.0,0.0,100.0,0.0,100.0,0.0,100.0,0.0,100.0,0.0,69.0,31.0,100.0,0.0,100.0,0.0,95.0,10048.0,31,31,100,0,100,0,200,0,100.0,21567.0,100.0,40265277536.0,100.0,90284907238.0
2018-07-31,Z305D5AR,ST4000DM000,4000787030016,0,119,217144728,91,0,100,9,100,0,90,972595632,76,21678,100,0,100,9,100.0,0.0,100.0,0.0,100.0,0.0,100.0,0.0,100.0,0.0,70.0,30.0,100.0,0.0,100.0,0.0,95.0,10048.0,30,30,100,0,100,0,200,0,100.0,21591.0,100.0,40281183928.0,100.0,90401554955.0
2018-08-01,Z305D5AR,ST4000DM000,4000787030016,0,111,35195128,91,0,100,9,100,0,90,973917629,76,21703,100,0,100,9,100.0,0.0,100.0,0.0,100.0,0.0,100.0,0.0,100.0,0.0,70.0,30.0,100.0,0.0,100.0,0.0,95.0,10048.0,30,30,100,0,100,0,200,0,100.0,21616.0,100.0,40297262688.0,100.0,90570935851.0
2018-08-02,Z305D5AR,ST4000DM000,4000787030016,0,115,89519712,91,0,100,9,100,0,90,975436774,76,21727,100,0,100,9,100.0,0.0,100.0,0.0,100.0,0.0,100.0,0.0,100.0,0.0,69.0,31.0,100.0,0.0,100.0,0.0,95.0,10048.0,31,31,100,0,100,0,200,0,100.0,21639.0,100.0,40313044376.0,100.0,90705001236.0
2018-08-03,Z305D5AR,ST4000DM000,4000787030016,0,112,50044288,91,0,100,9,100,0,90,976641802,76,21750,100,0,100,9,100.0,0.0,100.0,0.0,100.0,0.0,100.0,0.0,100.0,0.0,69.0,31.0,100.0,0.0,100.0,0.0,95.0,10048.0,31,31,100,0,100,0,200,0,100.0,21663.0,100.0,40334626632.0,100.0,90834154338.0
2018-08-04,Z305D5AR,ST4000DM000,4000787030016,0,116,101312832,91,0,100,9,100,0,90,977248828,76,21774,100,0,100,9,100.0,0.0,100.0,0.0,100.0,0.0,100.0,0.0,100.0,0.0,71.0,29.0,100.0,0.0,100.0,0.0,95.0,10048.0,29,29,100,0,100,0,200,0,100.0,21687.0,100.0,40346758680.0,100.0,90910354979.0
2018-08-05,Z305D5AR,ST4000DM000,4000787030016,0,119,201806600,91,0,100,9,100,0,90,978195450,76,21798,100,0,100,9,100.0,0.0,100.0,0.0,100.0,0.0,100.0,0.0,100.0,0.0,70.0,30.0,100.0,0.0,100.0,0.0,95.0,10048.0,30,30,100,0,100,0,200,0,100.0,21711.0,100.0,40358155072.0,100.0,91040879802.0
2018-08-06,Z305D5AR,ST4000DM000,4000787030016,0,108,20210888,91,0,100,9,100,0,90,979657936,76,21822,100,0,100,9,100.0,0.0,100.0,0.0,100.0,0.0,100.0,0.0,100.0,0.0,71.0,29.0,100.0,0.0,100.0,0.0,95.0,10048.0,29,29,100,0,100,0,200,0,100.0,21734.0,100.0,40373719280.0,100.0,91148134561.0
2018-08-07,Z305D5AR,ST4000DM000,4000787030016,0,120,235212432,91,0,100,9,100,0,90,980631436,76,21846,100,0,100,9,100.0,0.0,100.0,0.0,100.0,0.0,100.0,0.0,100.0,0.0,71.0,29.0,100.0,0.0,100.0,0.0,95.0,10048.0,29,29,100,0,100,0,200,0,100.0,21759.0,100.0,40389930512.0,100.0,91275347013.0
2018-08-08,Z305D5AR,ST4000DM000,4000787030016,0,115,92174496,91,0,100,9,100,0,90,981513466,76,21870,100,0,100,9,100.0,0.0,100.0,0.0,100.0,0.0,100.0,0.0,100.0,0.0,71.0,29.0,100.0,0.0,100.0,0.0,95.0,10048.0,29,29,100,0,100,0,200,0,100.0,21783.0,100.0,40402346224.0,100.0,91382733990.0
2018-08-09,Z305D5AR,ST4000DM000,4000787030016,0,113,52219344,91,0,100,9,100,0,90,982710488,76,21890,100,0,100,9,100.0,0.0,100.0,0.0,100.0,0.0,100.0,0.0,100.0,0.0,70.0,30.0,100.0,0.0,100.0,0.0,95.0,10048.0,30,30,100,0,100,0,200,0,100.0,21803.0,100.0,40417901472.0,100.0,91443923883.0
2018-08-10,Z305D5AR,ST4000DM000,4000787030016,0,118,196139192,91,0,100,9,100,0,90,983417550,75,21914,100,0,100,9,100.0,0.0,100.0,0.0,100.0,0.0,100.0,0.0,100.0,0.0,67.0,33.0,100.0,0.0,100.0,0.0,95.0,10052.0,33,33,100,0,100,0,200,0,100.0,21826.0,100.0,40430449656.0,100.0,91527788874.0
2018-08-11,Z305D5AR,ST4000DM000,4000787030016,0,118,193828632,91,0,100,9,100,0,90,984196704,75,21938,100,0,100,9,100.0,0.0,100.0,0.0,100.0,0.0,100.0,0.0,100.0,0.0,71.0,29.0,100.0,0.0,100.0,0.0,95.0,10052.0,29,29,100,0,100,0,200,0,100.0,21850.0,100.0,40438531272.0,100.0,91621223717.0
2018-08-12,Z305D5AR,ST4000DM000,4000787030016,0,116,117119760,91,0,100,9,100,0,90,986159490,75,21962,100,0,100,9,100.0,0.0,100.0,0.0,100.0,0.0,100.0,0.0,100.0,0.0,71.0,29.0,100.0,0.0,100.0,0.0,95.0,10052.0,29,29,100,0,100,0,200,0,100.0,21874.0,100.0,40450623312.0,100.0,91732085774.0
2018-08-13,Z305D5AR,ST4000DM000,4000787030016,0,117,134222480,91,0,100,9,100,0,90,987587864,75,21986,100,0,100,9,100.0,0.0,100.0,0.0,100.0,0.0,100.0,0.0,100.0,0.0,71.0,29.0,100.0,0.0,100.0,0.0,95.0,10052.0,29,29,100,0,100,0,200,0,100.0,21899.0,100.0,40461881208.0,100.0,91842237972.0
2018-08-14,Z305D5AR,ST4000DM000,4000787030016,0,111.0,30113520.0,91.0,0.0,100.0,9.0,100.0,0.0,90.0,988259693.0,75.0,22010.0,100.0,0.0,100.0,9.0,100.0,0.0,100.0,0.0,100.0,0.0,100.0,0.0,100.0,0.0,70.0,30.0,100.0,0.0,100.0,0.0,95.0,10052.0,30.0,30.0,100.0,0.0,100.0,0.0,200.0,0.0,100.0,21923.0,100.0,40475741216.0,100.0,91925308787.0
2018-08-15,Z305D5AR,ST4000DM000,4000787030016,0,116.0,110180712.0,91.0,0.0,100.0,9.0,100.0,0.0,90.0,989303940.0,75.0,22035.0,100.0,0.0,100.0,9.0,100.0,0.0,100.0,0.0,100.0,0.0,100.0,0.0,100.0,0.0,69.0,31.0,100.0,0.0,100.0,0.0,95.0,10052.0,31.0,31.0,100.0,0.0,100.0,0.0,200.0,0.0,100.0,21947.0,100.0,40505208952.0,100.0,92033998062.0
2018-08-16,Z305D5AR,ST4000DM000,4000787030016,0,117,163594264,91,0,100,9,100,0,90,991008733,75,22062,100,0,100,9,100.0,0.0,100.0,0.0,100.0,0.0,100.0,0.0,100.0,0.0,69.0,31.0,100.0,0.0,100.0,0.0,95.0,10054.0,31,31,100,0,100,0,200,0,100.0,21975.0,100.0,40528315656.0,100.0,92147664447.0
2018-08-17,Z305D5AR,ST4000DM000,4000787030016,0,114,75488400,91,0,100,9,100,0,90,991493399,75,22086,100,0,100,9,100.0,0.0,100.0,0.0,100.0,0.0,100.0,0.0,100.0,0.0,69.0,31.0,100.0,0.0,100.0,0.0,95.0,10054.0,31,31,100,0,100,0,200,0,100.0,21999.0,100.0,40539372856.0,100.0,92191975386.0
2018-08-18,Z305D5AR,ST4000DM000,4000787030016,0,119,206920160,91,0,100,9,100,0,90,993078927,75,22110,100,0,100,9,100.0,0.0,100.0,0.0,100.0,0.0,100.0,0.0,100.0,0.0,69.0,31.0,100.0,0.0,100.0,0.0,95.0,10054.0,31,31,100,0,100,0,200,0,100.0,22022.0,100.0,40553266176.0,100.0,92302599948.0
2018-08-19,Z305D5AR,ST4000DM000,4000787030016,0,117,141913520,91,0,100,9,100,0,90,993795497,75,22134,100,0,100,9,100.0,0.0,100.0,0.0,100.0,0.0,100.0,0.0,100.0,0.0,69.0,31.0,100.0,0.0,100.0,0.0,95.0,10054.0,31,31,100,0,100,0,200,0,100.0,22046.0,100.0,40563271096.0,100.0,92382613478.0
2018-08-20,Z305D5AR,ST4000DM000,4000787030016,0,117,141168552,91,0,100,9,100,0,90,995310309,75,22158,100,0,100,9,100.0,0.0,100.0,0.0,100.0,0.0,100.0,0.0,100.0,0.0,70.0,30.0,100.0,0.0,100.0,0.0,95.0,10054.0,30,30,100,0,100,0,200,0,100.0,22071.0,100.0,40578373056.0,100.0,92472627305.0
2018-08-21,Z305D5AR,ST4000DM000,4000787030016,0,116,109599736,91,0,100,9,100,0,90,996015049,75,22182,100,0,100,9,100.0,0.0,100.0,0.0,100.0,0.0,100.0,0.0,100.0,0.0,69.0,31.0,100.0,0.0,100.0,0.0,95.0,10054.0,31,31,100,0,100,0,200,0,100.0,22094.0,100.0,40590420520.0,100.0,92550036264.0
2018-08-22,Z305D5AR,ST4000DM000,4000787030016,0,120,235399520,91,0,100,9,100,0,90,997386449,75,22206,100,0,100,9,100.0,0.0,100.0,0.0,100.0,0.0,100.0,0.0,100.0,0.0,69.0,31.0,100.0,0.0,100.0,0.0,95.0,10054.0,31,31,100,0,100,0,200,0,100.0,22118.0,100.0,40608736480.0,100.0,92714053302.0
2018-08-23,Z305D5AR,ST4000DM000,4000787030016,0,117,123895664,91,0,100,9,100,0,90,998997935,75,22230,100,0,100,9,100.0,0.0,100.0,0.0,100.0,0.0,100.0,0.0,100.0,0.0,69.0,31.0,100.0,0.0,100.0,0.0,95.0,10054.0,31,31,100,0,100,0,200,0,100.0,22143.0,100.0,40625761000.0,100.0,92816126186.0
2018-08-24,Z305D5AR,ST4000DM000,4000787030016,0,112,48009968,91,0,100,9,100,0,90,124921,75,22254,100,0,100,9,100.0,0.0,100.0,0.0,100.0,0.0,100.0,0.0,100.0,0.0,69.0,31.0,100.0,0.0,100.0,0.0,95.0,10054.0,31,31,100,0,100,0,200,0,100.0,22166.0,100.0,40643014464.0,100.0,92940925127.0
2018-08-25,Z305D5AR,ST4000DM000,4000787030016,0,120,943880,91,0,100,9,100,0,62,1745421,75,22278,100,0,100,9,100.0,0.0,100.0,0.0,100.0,0.0,100.0,0.0,100.0,0.0,69.0,31.0,100.0,0.0,100.0,0.0,95.0,10054.0,31,31,100,0,100,0,200,0,100.0,22190.0,100.0,40667484848.0,100.0,93043698203.0
2018-08-26,Z305D5AR,ST4000DM000,4000787030016,0,118,174752760,91,0,100,9,100,0,64,2683363,75,22302,100,0,100,9,100.0,0.0,100.0,0.0,100.0,0.0,100.0,0.0,100.0,0.0,69.0,31.0,100.0,0.0,100.0,0.0,95.0,10054.0,31,31,100,0,100,0,200,0,100.0,22215.0,100.0,40681744024.0,100.0,93125816460.0
2018-08-27,Z305D5AR,ST4000DM000,4000787030016,0,118,178091432,91,0,100,9,100,0,66,4183818,75,22326,100,0,100,9,100.0,0.0,100.0,0.0,100.0,0.0,100.0,0.0,100.0,0.0,69.0,31.0,100.0,0.0,100.0,0.0,95.0,10054.0,31,31,100,0,100,0,200,0,100.0,22239.0,100.0,40708226840.0,100.0,93248356767.0
2018-08-28,Z305D5AR,ST4000DM000,4000787030016,0,119,225515680,91,0,100,9,100,0,66,4939280,75,22350,100,0,100,9,100.0,0.0,100.0,0.0,100.0,0.0,100.0,0.0,100.0,0.0,69.0,31.0,100.0,0.0,100.0,0.0,95.0,10054.0,31,31,100,0,100,0,200,0,100.0,22263.0,100.0,40728891856.0,100.0,93353654074.0
2018-08-29,Z305D5AR,ST4000DM000,4000787030016,0,118,177404576,91,0,100,9,100,0,67,5564706,75,22373,100,0,100,9,100.0,0.0,100.0,0.0,100.0,0.0,100.0,0.0,100.0,0.0,69.0,31.0,100.0,0.0,100.0,0.0,95.0,10056.0,31,31,100,0,100,0,200,0,100.0,22286.0,100.0,40746085360.0,100.0,93433667743.0
2018-08-30,Z305D5AR,ST4000DM000,4000787030016,0,120,238424144,91,0,100,9,100,0,68,6712078,75,22397,100,0,100,9,100.0,0.0,100.0,0.0,100.0,0.0,100.0,0.0,100.0,0.0,69.0,31.0,100.0,0.0,100.0,0.0,95.0,10056.0,31,31,100,0,100,0,200,0,100.0,22310.0,100.0,40762741936.0,100.0,93486426421.0
2018-08-31,Z305D5AR,ST4000DM000,4000787030016,0,116,108127928,91,0,100,9,100,0,69,9010503,75,22421,100,0,100,9,100.0,0.0,100.0,0.0,100.0,0.0,100.0,0.0,100.0,0.0,69.0,31.0,100.0,0.0,100.0,0.0,95.0,10056.0,31,31,100,0,100,0,200,0,100.0,22334.0,100.0,40784729408.0,100.0,93647811057.0
2018-09-01,Z305D5AR,ST4000DM000,4000787030016,0,119,227038824,91,0,100,9,100,0,69,9737711,75,22446,100,0,100,9,100.0,0.0,100.0,0.0,100.0,0.0,100.0,0.0,100.0,0.0,69.0,31.0,100.0,0.0,100.0,0.0,95.0,10056.0,31,31,100,0,100,0,200,0,100.0,22358.0,100.0,40798379664.0,100.0,93757413987.0
2018-09-02,Z305D5AR,ST4000DM000,4000787030016,0,108,18369704,91,0,100,9,100,0,70,10542815,75,22469,100,0,100,9,100.0,0.0,100.0,0.0,100.0,0.0,100.0,0.0,100.0,0.0,69.0,31.0,100.0,0.0,100.0,0.0,95.0,10056.0,31,31,100,0,100,0,200,0,100.0,22382.0,100.0,40809387408.0,100.0,93886435682.0
2018-09-03,Z305D5AR,ST4000DM000,4000787030016,0,119,217315616,91,0,100,9,100,0,70,12079184,75,22494,100,0,100,9,100.0,0.0,100.0,0.0,100.0,0.0,100.0,0.0,100.0,0.0,69.0,31.0,100.0,0.0,100.0,0.0,95.0,10056.0,31,31,100,0,100,0,200,0,100.0,22406.0,100.0,40833511200.0,100.0,94000979141.0
2018-09-04,Z305D5AR,ST4000DM000,4000787030016,0,118,179996784,91,0,100,9,100,0,71,12900561,75,22517,100,0,100,9,100.0,0.0,100.0,0.0,100.0,0.0,100.0,0.0,100.0,0.0,69.0,31.0,100.0,0.0,100.0,0.0,95.0,10056.0,31,31,100,0,100,0,200,0,100.0,22429.0,100.0,40848530400.0,100.0,94120836227.0
2018-09-05,Z305D5AR,ST4000DM000,4000787030016,0,116,112234584,91,0,100,9,100,0,71,13934011,75,22542,100,0,100,9,100.0,0.0,100.0,0.0,100.0,0.0,100.0,0.0,100.0,0.0,69.0,31.0,100.0,0.0,100.0,0.0,95.0,10056.0,31,31,100,0,100,0,200,0,100.0,22454.0,100.0,40870679808.0,100.0,94265130750.0
2018-09-06,Z305D5AR,ST4000DM000,4000787030016,0,120,238929416,91,0,100,9,100,0,72,15629511,75,22567,100,0,100,9,100.0,0.0,100.0,0.0,100.0,0.0,100.0,0.0,100.0,0.0,69.0,31.0,100.0,0.0,100.0,0.0,95.0,10059.0,31,31,100,0,100,0,200,0,100.0,22480.0,100.0,40893032072.0,100.0,94414272464.0
2018-09-07,Z305D5AR,ST4000DM000,4000787030016,0,117,150660424,91,0,100,9,100,0,72,16482058,75,22591,100,0,100,9,100.0,0.0,100.0,0.0,100.0,0.0,100.0,0.0,100.0,0.0,69.0,31.0,100.0,0.0,100.0,0.0,95.0,10059.0,31,31,100,0,100,0,200,0,100.0,22504.0,100.0,40907534352.0,100.0,94553672393.0
2018-09-08,Z305D5AR,ST4000DM000,4000787030016,0,119,218133408,91,0,100,9,100,0,72,17484511,75,22615,100,0,100,9,100.0,0.0,100.0,0.0,100.0,0.0,100.0,0.0,100.0,0.0,69.0,31.0,100.0,0.0,100.0,0.0,95.0,10059.0,31,31,100,0,100,0,200,0,100.0,22527.0,100.0,40920198712.0,100.0,94712765027.0
2018-09-09,Z305D5AR,ST4000DM000,4000787030016,0,117,119194480,91,0,100,9,100,0,72,18418900,75,22638,100,0,100,9,100.0,0.0,100.0,0.0,100.0,0.0,100.0,0.0,100.0,0.0,69.0,31.0,100.0,0.0,100.0,0.0,95.0,10059.0,31,31,100,0,100,0,200,0,100.0,22551.0,100.0,40942823192.0,100.0,94840614165.0
2018-09-10,Z305D5AR,ST4000DM000,4000787030016,0,111,34889472,91,0,100,9,100,0,72,20114265,75,22663,100,0,100,9,100.0,0.0,100.0,0.0,100.0,0.0,100.0,0.0,100.0,0.0,69.0,31.0,100.0,0.0,100.0,0.0,95.0,10059.0,31,31,100,0,100,0,200,0,100.0,22576.0,100.0,40962016816.0,100.0,95014529131.0
2018-09-11,Z305D5AR,ST4000DM000,4000787030016,0,119,233776840,91,0,100,9,100,0,72,20790485,75,22687,100,0,100,9,100.0,0.0,100.0,0.0,100.0,0.0,100.0,0.0,100.0,0.0,69.0,31.0,100.0,0.0,100.0,0.0,95.0,10059.0,31,31,100,0,100,0,200,0,100.0,22600.0,100.0,40977983152.0,100.0,95191163131.0
2018-09-12,Z305D5AR,ST4000DM000,4000787030016,0,117,138683752,91,0,100,9,100,0,73,22110371,75,22711,100,0,100,9,100.0,0.0,100.0,0.0,100.0,0.0,100.0,0.0,100.0,0.0,69.0,31.0,100.0,0.0,100.0,0.0,95.0,10059.0,31,31,100,0,100,0,200,0,100.0,22623.0,100.0,41007160624.0,100.0,95379082603.0
2018-09-13,Z305D5AR,ST4000DM000,4000787030016,0,116,106847984,91,0,100,9,100,0,73,23753429,75,22731,100,0,100,9,100.0,0.0,100.0,0.0,100.0,0.0,100.0,0.0,100.0,0.0,70.0,30.0,100.0,0.0,100.0,0.0,95.0,10060.0,30,30,100,0,100,0,200,0,100.0,22643.0,100.0,41025424672.0,100.0,95481513321.0
2018-09-14,Z305D5AR,ST4000DM000,4000787030016,0,119,222367408,91,0,100,9,100,0,73,24380506,75,22754,100,0,100,9,100.0,0.0,100.0,0.0,100.0,0.0,100.0,0.0,100.0,0.0,68.0,32.0,100.0,0.0,100.0,0.0,95.0,10060.0,32,32,100,0,100,0,200,0,100.0,22666.0,100.0,41045916208.0,100.0,95623395039.0
2018-09-15,Z305D5AR,ST4000DM000,4000787030016,0,114,62894600,91,0,100,9,100,0,73,24944061,74,22779,100,0,100,9,100.0,0.0,100.0,0.0,100.0,0.0,100.0,0.0,100.0,0.0,68.0,32.0,100.0,0.0,100.0,0.0,95.0,10060.0,32,32,100,0,100,0,200,0,100.0,22691.0,100.0,41060239576.0,100.0,95777569107.0
2018-09-16,Z305D5AR,ST4000DM000,4000787030016,0,118,174132072,91,0,100,9,100,0,74,25592336,74,22802,100,0,100,9,100.0,0.0,100.0,0.0,100.0,0.0,100.0,0.0,100.0,0.0,68.0,32.0,100.0,0.0,100.0,0.0,95.0,10060.0,32,32,100,0,100,0,200,0,100.0,22715.0,100.0,41078333608.0,100.0,95952620951.0
2018-09-17,Z305D5AR,ST4000DM000,4000787030016,0,114,74104608,91,0,100,9,100,0,74,26911955,74,22826,100,0,100,9,100.0,0.0,100.0,0.0,100.0,0.0,100.0,0.0,100.0,0.0,68.0,32.0,100.0,0.0,100.0,0.0,95.0,10060.0,32,32,100,0,100,0,200,0,100.0,22738.0,100.0,41095469984.0,100.0,96148535514.0
2018-09-18,Z305D5AR,ST4000DM000,4000787030016,0,118,185328608,91,0,100,9,100,0,74,27662113,74,22851,100,0,100,9,100.0,0.0,100.0,0.0,100.0,0.0,100.0,0.0,100.0,0.0,68.0,32.0,100.0,0.0,100.0,0.0,95.0,10060.0,32,32,100,0,100,0,200,0,100.0,22763.0,100.0,41114144672.0,100.0,96335268978.0
2018-09-19,Z305D5AR,ST4000DM000,4000787030016,0,118,188916528,91,0,100,10,100,0,74,28443869,74,22872,100,0,100,10,100.0,0.0,100.0,0.0,100.0,0.0,100.0,0.0,100.0,0.0,69.0,31.0,100.0,0.0,100.0,0.0,95.0,10065.0,31,31,100,0,100,0,200,0,100.0,22784.0,100.0,41137127680.0,100.0,96474669760.0
2018-09-20,Z305D5AR,ST4000DM000,4000787030016,0,119,209396248,91,0,100,10,100,0,75,29944986,74,22896,100,0,100,10,100.0,0.0,100.0,0.0,100.0,0.0,100.0,0.0,100.0,0.0,70.0,30.0,100.0,0.0,100.0,0.0,95.0,10065.0,30,30,100,0,100,0,200,0,100.0,22809.0,100.0,41176313880.0,100.0,96634217034.0
2018-09-21,Z305D5AR,ST4000DM000,4000787030016,0,117,142197088,91,0,100,10,100,0,75,30615944,74,22920,100,0,100,10,100.0,0.0,100.0,0.0,100.0,0.0,100.0,0.0,100.0,0.0,70.0,30.0,100.0,0.0,100.0,0.0,95.0,10065.0,30,30,100,0,100,0,200,0,100.0,22833.0,100.0,41193754536.0,100.0,96819386934.0
2018-09-22,Z305D5AR,ST4000DM000,4000787030016,0,114,73284104,91,0,100,10,100,0,75,31224933,74,22944,100,0,100,10,100.0,0.0,100.0,0.0,100.0,0.0,100.0,0.0,100.0,0.0,70.0,30.0,100.0,0.0,100.0,0.0,95.0,10065.0,30,30,100,0,100,0,200,0,100.0,22856.0,100.0,41207972480.0,100.0,96987637007.0
2018-09-23,Z305D5AR,ST4000DM000,4000787030016,0,118,195847920,91,0,100,10,100,0,75,31919503,74,22968,100,0,100,10,100.0,0.0,100.0,0.0,100.0,0.0,100.0,0.0,100.0,0.0,70.0,30.0,100.0,0.0,100.0,0.0,95.0,10065.0,30,30,100,0,100,0,200,0,100.0,22881.0,100.0,41229518520.0,100.0,97139929861.0
2018-09-24,Z305D5AR,ST4000DM000,4000787030016,0,113,51064104,91,0,100,10,100,0,75,33132163,74,22991,100,0,100,10,100.0,0.0,100.0,0.0,100.0,0.0,100.0,0.0,100.0,0.0,70.0,30.0,100.0,0.0,100.0,0.0,95.0,10065.0,30,30,100,0,100,0,200,0,100.0,22904.0,100.0,41242965544.0,100.0,97328100110.0
2018-09-25,Z305D5AR,ST4000DM000,4000787030016,0,116,116595192,91,0,100,10,100,0,75,33834342,74,23016,100,0,100,10,100.0,0.0,100.0,0.0,100.0,0.0,100.0,0.0,100.0,0.0,70.0,30.0,100.0,0.0,100.0,0.0,95.0,10065.0,30,30,100,0,100,0,200,0,100.0,22928.0,100.0,41262335808.0,100.0,97517782774.0
2018-09-26,Z305D5AR,ST4000DM000,4000787030016,0,112,44602328,91,0,100,10,100,0,75,34575490,74,23040,100,0,100,10,100.0,0.0,100.0,0.0,100.0,0.0,100.0,0.0,100.0,0.0,70.0,30.0,100.0,0.0,100.0,0.0,95.0,10065.0,30,30,100,0,100,0,200,0,100.0,22952.0,100.0,41278877272.0,100.0,97703523067.0
2018-09-27,Z305D5AR,ST4000DM000,4000787030016,0,117,119087728,91,0,100,10,100,0,75,36159462,74,23063,100,0,100,10,100.0,0.0,100.0,0.0,100.0,0.0,100.0,0.0,100.0,0.0,70.0,30.0,100.0,0.0,100.0,0.0,95.0,10065.0,30,30,100,0,100,0,200,0,100.0,22976.0,100.0,41307811464.0,100.0,97843586304.0
2018-09-28,Z305D5AR,ST4000DM000,4000787030016,0,108,20614968,91,0,100,10,100,0,75,37300734,74,23088,100,0,100,10,100.0,0.0,100.0,0.0,100.0,0.0,100.0,0.0,100.0,0.0,70.0,30.0,100.0,0.0,100.0,0.0,95.0,10065.0,30,30,100,0,100,0,200,0,100.0,23001.0,100.0,41325567664.0,100.0,98045810284.0
2018-09-29,Z305D5AR,ST4000DM000,4000787030016,0,118,184160824,91,0,100,10,100,0,75,40087063,74,23113,100,0,100,10,100.0,0.0,100.0,0.0,100.0,0.0,100.0,0.0,100.0,0.0,68.0,32.0,100.0,0.0,100.0,0.0,95.0,10065.0,32,32,100,0,100,0,200,0,100.0,23026.0,100.0,41357928216.0,100.0,98231080294.0
2018-09-30,Z305D5AR,ST4000DM000,4000787030016,0,112,45982488,91,0,100,10,100,0,75,41093466,74,23138,100,0,100,10,100.0,0.0,100.0,0.0,100.0,0.0,100.0,0.0,100.0,0.0,68.0,32.0,100.0,0.0,100.0,0.0,95.0,10065.0,32,32,100,0,100,0,200,0,100.0,23050.0,100.0,41377978464.0,100.0,98367845311.0
2018-10-01,Z305D5AR,ST4000DM000,4000787030016,0,117,143108464,91,0,100,10,100,0,76,42877594,74,23162,100,0,100,10,100.0,0.0,100.0,0.0,100.0,0.0,100.0,0.0,100.0,0.0,69.0,31.0,100.0,0.0,100.0,0.0,95.0,10065.0,31,31,100,0,100,0,200,0,100.0,23075.0,100.0,41392326104.0,100.0,98555805722.0
2018-10-02,Z305D5AR,ST4000DM000,4000787030016,0,113,57495792,91,0,100,10,100,0,76,43686509,74,23186,100,0,100,10,100.0,0.0,100.0,0.0,100.0,0.0,100.0,0.0,100.0,0.0,69.0,31.0,100.0,0.0,100.0,0.0,95.0,10065.0,31,31,100,0,100,0,200,0,100.0,23099.0,100.0,41414346864.0,100.0,98682380489.0
2018-10-03,Z305D5AR,ST4000DM000,4000787030016,0,119,224295320,91,0,100,10,100,0,76,44583963,74,23210,100,0,100,10,100.0,0.0,100.0,0.0,100.0,0.0,100.0,0.0,100.0,0.0,69.0,31.0,100.0,0.0,100.0,0.0,95.0,10065.0,31,31,100,0,100,0,200,0,100.0,23122.0,100.0,41437620528.0,100.0,98818280832.0
2018-10-04,Z305D5AR,ST4000DM000,4000787030016,0,114.0,65795120.0,91.0,0.0,100.0,10.0,100.0,0.0,76.0,46315564.0,74.0,23234.0,100.0,0.0,100.0,10.0,100.0,0.0,100.0,0.0,100.0,0.0,100.0,0.0,100.0,0.0,69.0,31.0,100.0,0.0,100.0,0.0,95.0,10065.0,31.0,31.0,100.0,0.0,100.0,0.0,200.0,0.0,100.0,23146.0,100.0,41462841776.0,100.0,98967609481.0
2018-10-05,Z305D5AR,ST4000DM000,4000787030016,0,113,50877224,91,0,100,10,100,0,76,47412493,74,23258,100,0,100,10,100.0,0.0,100.0,0.0,100.0,0.0,100.0,0.0,100.0,0.0,68.0,32.0,100.0,0.0,100.0,0.0,95.0,10065.0,32,32,100,0,100,0,200,0,100.0,23171.0,100.0,41479163928.0,100.0,99140152517.0
2018-10-06,Z305D5AR,ST4000DM000,4000787030016,0,116,107649256,91,0,100,10,100,0,76,48223195,74,23282,100,0,100,10,100.0,0.0,100.0,0.0,100.0,0.0,100.0,0.0,100.0,0.0,68.0,32.0,100.0,0.0,100.0,0.0,95.0,10065.0,32,32,100,0,100,0,200,0,100.0,23194.0,100.0,41490472712.0,100.0,99239677838.0
2018-10-07,Z305D5AR,ST4000DM000,4000787030016,0,115,96531248,91,0,100,10,100,0,76,49343282,74,23306,100,0,100,10,100.0,0.0,100.0,0.0,100.0,0.0,100.0,0.0,100.0,0.0,68.0,32.0,100.0,0.0,100.0,0.0,95.0,10065.0,32,32,100,0,100,0,200,0,100.0,23219.0,100.0,41511340728.0,100.0,99383144495.0
2018-10-08,Z305D5AR,ST4000DM000,4000787030016,0,117,158051336,91,0,100,10,100,0,77,51132704,74,23330,100,0,100,10,100.0,0.0,100.0,0.0,100.0,0.0,100.0,0.0,100.0,0.0,69.0,31.0,100.0,0.0,100.0,0.0,95.0,10065.0,31,31,100,0,100,0,200,0,100.0,23242.0,100.0,41542137408.0,100.0,99537867874.0
2018-10-09,Z305D5AR,ST4000DM000,4000787030016,0,119.0,216769760.0,91.0,0.0,100.0,10.0,100.0,0.0,77.0,52147619.0,74.0,23353.0,100.0,0.0,100.0,10.0,100.0,0.0,100.0,0.0,100.0,0.0,100.0,0.0,100.0,0.0,69.0,31.0,100.0,0.0,100.0,0.0,95.0,10065.0,31.0,31.0,100.0,0.0,100.0,0.0,200.0,0.0,100.0,23266.0,100.0,41561023272.0,100.0,99675503843.0
2018-10-10,Z305D5AR,ST4000DM000,4000787030016,0,119,222373040,91,0,100,10,100,0,77,53243938,74,23378,100,0,100,10,100.0,0.0,100.0,0.0,100.0,0.0,100.0,0.0,100.0,0.0,68.0,32.0,100.0,0.0,100.0,0.0,95.0,10065.0,32,32,100,0,100,0,200,0,100.0,23291.0,100.0,41580688704.0,100.0,99841317851.0
2018-10-11,Z305D5AR,ST4000DM000,4000787030016,0,119,213978112,91,0,100,10,100,0,77,54950703,74,23402,100,0,100,10,100.0,0.0,100.0,0.0,100.0,0.0,100.0,0.0,100.0,0.0,69.0,31.0,100.0,0.0,100.0,0.0,95.0,10065.0,31,31,100,0,100,0,200,0,100.0,23314.0,100.0,41615604464.0,100.0,99957775828.0
2018-10-12,Z305D5AR,ST4000DM000,4000787030016,0,114,65835552,91,0,100,10,100,0,77,56090977,74,23425,100,0,100,10,100.0,0.0,100.0,0.0,100.0,0.0,100.0,0.0,100.0,0.0,68.0,32.0,100.0,0.0,100.0,0.0,95.0,10065.0,32,32,100,0,100,0,200,0,100.0,23338.0,100.0,41639650496.0,100.0,100108655155.0
2018-10-13,Z305D5AR,ST4000DM000,4000787030016,0,115,97439920,91,0,100,10,100,0,77,57309595,74,23449,100,0,100,10,100.0,0.0,100.0,0.0,100.0,0.0,100.0,0.0,100.0,0.0,69.0,31.0,100.0,0.0,100.0,0.0,95.0,10065.0,31,31,100,0,100,0,200,0,100.0,23362.0,100.0,41659240688.0,100.0,100264968815.0
2018-10-14,Z305D5AR,ST4000DM000,4000787030016,0,104,6992256,91,0,100,10,100,0,77,58577273,74,23473,100,0,100,10,100.0,0.0,100.0,0.0,100.0,0.0,100.0,0.0,100.0,0.0,69.0,31.0,100.0,0.0,100.0,0.0,95.0,10065.0,31,31,100,0,100,0,200,0,100.0,23386.0,100.0,41689161864.0,100.0,100393240829.0
2018-10-15,Z305D5AR,ST4000DM000,4000787030016,0,116,105525368,91,0,100,10,100,0,78,60313101,74,23499,100,0,100,10,100.0,0.0,100.0,0.0,100.0,0.0,100.0,0.0,100.0,0.0,69.0,31.0,100.0,0.0,100.0,0.0,95.0,10065.0,31,31,100,0,100,0,200,0,100.0,23411.0,100.0,41720751656.0,100.0,100507489605.0
2018-10-16,Z305D5AR,ST4000DM000,4000787030016,0,118,189696024,91,0,100,10,100,0,78,61143523,74,23522,100,0,100,10,100.0,0.0,100.0,0.0,100.0,0.0,100.0,0.0,100.0,0.0,69.0,31.0,100.0,0.0,100.0,0.0,95.0,10065.0,31,31,100,0,100,0,200,0,100.0,23435.0,100.0,41741480968.0,100.0,100608256386.0
2018-10-17,Z305D5AR,ST4000DM000,4000787030016,0,117,160375952,91,0,100,10,100,0,78,62152496,74,23546,100,0,100,10,100.0,0.0,100.0,0.0,100.0,0.0,100.0,0.0,100.0,0.0,69.0,31.0,100.0,0.0,100.0,0.0,95.0,10065.0,31,31,100,0,100,0,200,0,100.0,23459.0,100.0,41758450448.0,100.0,100737986809.0
2018-10-18,Z305D5AR,ST4000DM000,4000787030016,0,118,199198688,91,0,100,10,100,0,78,65146169,74,23572,100,0,100,10,100.0,0.0,100.0,0.0,100.0,0.0,100.0,0.0,100.0,0.0,69.0,31.0,100.0,0.0,100.0,0.0,95.0,10068.0,31,31,100,0,100,0,200,0,100.0,23484.0,100.0,41790947160.0,100.0,100866777329.0
2018-10-19,Z305D5AR,ST4000DM000,4000787030016,0,116,113368120,91,0,100,10,100,0,78,66095068,74,23596,100,0,100,10,100.0,0.0,100.0,0.0,100.0,0.0,100.0,0.0,100.0,0.0,69.0,31.0,100.0,0.0,100.0,0.0,95.0,10068.0,31,31,100,0,100,0,200,0,100.0,23508.0,100.0,41810052552.0,100.0,100971213943.0
2018-10-20,Z305D5AR,ST4000DM000,4000787030016,0,117,144918280,91,0,100,10,100,0,78,66696845,74,23620,100,0,100,10,100.0,0.0,100.0,0.0,100.0,0.0,100.0,0.0,100.0,0.0,69.0,31.0,100.0,0.0,100.0,0.0,95.0,10068.0,31,31,100,0,100,0,200,0,100.0,23532.0,100.0,41833776784.0,100.0,101028479858.0
2018-10-21,Z305D5AR,ST4000DM000,4000787030016,0,118,168839776,91,0,100,10,100,0,78,67704109,74,23644,100,0,100,10,100.0,0.0,100.0,0.0,100.0,0.0,100.0,0.0,100.0,0.0,69.0,31.0,100.0,0.0,100.0,0.0,95.0,10068.0,31,31,100,0,100,0,200,0,100.0,23557.0,100.0,41861788120.0,100.0,101129499815.0
2018-10-22,Z305D5AR,ST4000DM000,4000787030016,0,115,89156512,91,0,100,10,100,0,78,69753040,73,23668,100,0,100,10,100.0,0.0,100.0,0.0,100.0,0.0,100.0,0.0,100.0,0.0,69.0,31.0,100.0,0.0,100.0,0.0,95.0,10068.0,31,31,100,0,100,0,200,0,100.0,23581.0,100.0,41945629240.0,100.0,101239499927.0
2018-10-23,Z305D5AR,ST4000DM000,4000787030016,0,119,201698152,91,0,100,10,100,0,78,70770749,73,23692,100,0,100,10,100.0,0.0,100.0,0.0,100.0,0.0,100.0,0.0,100.0,0.0,68.0,32.0,100.0,0.0,100.0,0.0,95.0,10068.0,32,32,100,0,100,0,200,0,100.0,23604.0,100.0,41966217136.0,100.0,101347473359.0
2018-10-25,Z305D5AR,ST4000DM000,4000787030016,0,117,149356168,91,0,100,10,100,0,78,72935128,73,23736,100,0,100,10,100.0,0.0,100.0,0.0,100.0,0.0,100.0,0.0,100.0,0.0,69.0,31.0,100.0,0.0,100.0,0.0,95.0,10068.0,31,31,100,0,100,0,200,0,100.0,23648.0,100.0,41997402016.0,100.0,101525637301.0
2018-10-26,Z305D5AR,ST4000DM000,4000787030016,0,107,12929816,91,0,100,10,100,0,78,73810368,73,23759,100,0,100,10,100.0,0.0,100.0,0.0,100.0,0.0,100.0,0.0,100.0,0.0,69.0,31.0,100.0,0.0,100.0,0.0,95.0,10072.0,31,31,100,0,100,0,200,0,100.0,23672.0,100.0,42019161328.0,100.0,101604978321.0
2018-10-27,Z305D5AR,ST4000DM000,4000787030016,0,114,62020392,91,0,100,10,100,0,78,74607904,73,23783,100,0,100,10,100.0,0.0,100.0,0.0,100.0,0.0,100.0,0.0,100.0,0.0,69.0,31.0,100.0,0.0,100.0,0.0,95.0,10072.0,31,31,100,0,100,0,200,0,100.0,23696.0,100.0,42036591432.0,100.0,101684030715.0
2018-10-28,Z305D5AR,ST4000DM000,4000787030016,0,109,22746944,91,0,100,10,100,0,78,75544679,73,23807,100,0,100,10,100.0,0.0,100.0,0.0,100.0,0.0,100.0,0.0,100.0,0.0,69.0,31.0,100.0,0.0,100.0,0.0,95.0,10072.0,31,31,100,0,100,0,200,0,100.0,23720.0,100.0,42049999752.0,100.0,101778782694.0
2018-10-29,Z305D5AR,ST4000DM000,4000787030016,0,114,73400632,91,0,100,10,100,0,78,76680781,73,23832,100,0,100,10,100.0,0.0,100.0,0.0,100.0,0.0,100.0,0.0,100.0,0.0,69.0,31.0,100.0,0.0,100.0,0.0,95.0,10072.0,31,31,100,0,100,0,200,0,100.0,23745.0,100.0,42065795920.0,100.0,101872042292.0
2018-10-30,Z305D5AR,ST4000DM000,4000787030016,0,119,218781944,91,0,100,10,100,0,78,78016758,73,23855,100,0,100,10,100.0,0.0,100.0,0.0,100.0,0.0,100.0,0.0,100.0,0.0,68.0,32.0,100.0,0.0,100.0,0.0,95.0,10072.0,32,32,100,0,100,0,200,0,100.0,23768.0,100.0,42086712040.0,100.0,101954434354.0
2018-10-31,Z305D5AR,ST4000DM000,4000787030016,0,114,68423216,91.0,0.0,100.0,10.0,100.0,0.0,78.0,78812060.0,73,23880,100.0,0.0,100,10,100.0,0.0,100.0,0.0,100.0,0.0,100.0,0.0,100.0,0.0,68.0,32.0,100.0,0.0,100.0,0.0,95.0,10072.0,32,32,100.0,0.0,100.0,0.0,200.0,0.0,100.0,23792.0,100.0,42136793880.0,100.0,102020099968.0
2018-11-01,Z305D5AR,ST4000DM000,4000787030016,0,114,79182080,91.0,0.0,100.0,10.0,100.0,0.0,78.0,80908919.0,73,23907,100.0,0.0,100,10,100.0,0.0,100.0,0.0,100.0,0.0,100.0,0.0,100.0,0.0,68.0,32.0,100.0,0.0,100.0,0.0,95.0,10073.0,32,32,100.0,0.0,100.0,0.0,200.0,0.0,100.0,23819.0,100.0,42170812832.0,100.0,102175769419.0
2018-11-02,Z305D5AR,ST4000DM000,4000787030016,0,117,126112120,91.0,0.0,100.0,10.0,100.0,0.0,78.0,83422276.0,73,23931,100.0,0.0,100,10,100.0,0.0,100.0,0.0,100.0,0.0,100.0,0.0,100.0,0.0,68.0,32.0,100.0,0.0,100.0,0.0,95.0,10073.0,32,32,100.0,0.0,100.0,0.0,200.0,0.0,100.0,23843.0,100.0,42187137432.0,100.0,102315179726.0
2018-11-03,Z305D5AR,ST4000DM000,4000787030016,0,117,134416688,91.0,0.0,100.0,10.0,100.0,0.0,79.0,84609695.0,73,23955,100.0,0.0,100,10,100.0,0.0,100.0,0.0,100.0,0.0,100.0,0.0,100.0,0.0,68.0,32.0,100.0,0.0,100.0,0.0,95.0,10073.0,32,32,100.0,0.0,100.0,0.0,200.0,0.0,100.0,23868.0,100.0,42205129096.0,100.0,102442531302.0
2018-11-04,Z305D5AR,ST4000DM000,4000787030016,0,117,138767360,91.0,0.0,100.0,10.0,100.0,0.0,79.0,86153092.0,73,23978,100.0,0.0,100,10,100.0,0.0,100.0,0.0,100.0,0.0,100.0,0.0,100.0,0.0,69.0,31.0,100.0,0.0,100.0,0.0,95.0,10073.0,31,31,100.0,0.0,100.0,0.0,200.0,0.0,100.0,23891.0,100.0,42219379664.0,100.0,102534061250.0
2018-11-05,Z305D5AR,ST4000DM000,4000787030016,0,117,164496632,91.0,0.0,100.0,10.0,100.0,0.0,79.0,87587134.0,73,24003,100.0,0.0,100,10,100.0,0.0,100.0,0.0,100.0,0.0,100.0,0.0,100.0,0.0,69.0,31.0,100.0,0.0,100.0,0.0,95.0,10073.0,31,31,100.0,0.0,100.0,0.0,200.0,0.0,100.0,23915.0,100.0,42234675376.0,100.0,102634608688.0
2018-11-06,Z305D5AR,ST4000DM000,4000787030016,0,116.0,116225272.0,91.0,0.0,100.0,10.0,100.0,0.0,79.0,88304195.0,73.0,24026.0,100.0,0.0,100.0,10.0,100.0,0.0,100.0,0.0,100.0,0.0,100.0,0.0,100.0,0.0,69.0,31.0,100.0,0.0,100.0,0.0,95.0,10073.0,31.0,31.0,100.0,0.0,100.0,0.0,200.0,0.0,100.0,23939.0,100.0,42255399688.0,100.0,102732976696.0
2018-11-07,Z305D5AR,ST4000DM000,4000787030016,0,119.0,210436008.0,91.0,0.0,100.0,10.0,100.0,0.0,79.0,89140176.0,73.0,24051.0,100.0,0.0,100.0,10.0,100.0,0.0,100.0,0.0,100.0,0.0,100.0,0.0,100.0,0.0,69.0,31.0,100.0,0.0,100.0,0.0,95.0,10073.0,31.0,31.0,100.0,0.0,100.0,0.0,200.0,0.0,100.0,23964.0,100.0,42293187744.0,100.0,102819644067.0
2018-11-08,Z305D5AR,ST4000DM000,4000787030016,0,118.0,186627096.0,91.0,0.0,100.0,10.0,100.0,0.0,79.0,90621332.0,73.0,24078.0,100.0,0.0,100.0,10.0,100.0,0.0,100.0,0.0,100.0,0.0,100.0,0.0,100.0,0.0,70.0,30.0,100.0,0.0,100.0,0.0,95.0,10073.0,30.0,30.0,100.0,0.0,100.0,0.0,200.0,0.0,100.0,23991.0,100.0,42324214776.0,100.0,102904318899.0
2018-11-09,Z305D5AR,ST4000DM000,4000787030016,0,114,75060224,91.0,0.0,100.0,10.0,100.0,0.0,79.0,91388815.0,73,24103,100.0,0.0,100,10,100.0,0.0,100.0,0.0,100.0,0.0,100.0,0.0,100.0,0.0,69.0,31.0,100.0,0.0,100.0,0.0,95.0,10077.0,31,31,100.0,0.0,100.0,0.0,200.0,0.0,100.0,24015.0,100.0,42339605992.0,100.0,103019091976.0
2018-11-10,Z305D5AR,ST4000DM000,4000787030016,0,117,140087560,91.0,0.0,100.0,10.0,100.0,0.0,79.0,92166689.0,73,24127,100.0,0.0,100,10,100.0,0.0,100.0,0.0,100.0,0.0,100.0,0.0,100.0,0.0,69.0,31.0,100.0,0.0,100.0,0.0,95.0,10077.0,31,31,100.0,0.0,100.0,0.0,200.0,0.0,100.0,24039.0,100.0,42357673872.0,100.0,103123606632.0
2018-11-11,Z305D5AR,ST4000DM000,4000787030016,0,120,238982144,91.0,0.0,100.0,10.0,100.0,0.0,79.0,93039953.0,73,24150,100.0,0.0,100,10,100.0,0.0,100.0,0.0,100.0,0.0,100.0,0.0,100.0,0.0,69.0,31.0,100.0,0.0,100.0,0.0,95.0,10077.0,31,31,100.0,0.0,100.0,0.0,200.0,0.0,100.0,24063.0,100.0,42371168720.0,100.0,103249059059.0
2018-11-12,Z305D5AR,ST4000DM000,4000787030016,0,120,243996288,91.0,0.0,100.0,10.0,100.0,0.0,79.0,95377649.0,73,24174,100.0,0.0,100,10,100.0,0.0,100.0,0.0,100.0,0.0,100.0,0.0,100.0,0.0,69.0,31.0,100.0,0.0,100.0,0.0,95.0,10077.0,31,31,100.0,0.0,100.0,0.0,200.0,0.0,100.0,24086.0,100.0,42389820656.0,100.0,103367698970.0
2018-11-13,Z305D5AR,ST4000DM000,4000787030016,0,118,188669248,91.0,0.0,100.0,10.0,100.0,0.0,79.0,96249735.0,73,24198,100.0,0.0,100,10,100.0,0.0,100.0,0.0,100.0,0.0,100.0,0.0,100.0,0.0,69.0,31.0,100.0,0.0,100.0,0.0,95.0,10077.0,31,31,100.0,0.0,100.0,0.0,200.0,0.0,100.0,24111.0,100.0,42403108920.0,100.0,103498532094.0
2018-11-14,Z305D5AR,ST4000DM000,4000787030016,0,117,150945328,91.0,0.0,100.0,10.0,100.0,0.0,79.0,97290223.0,73,24222,100.0,0.0,100,10,100.0,0.0,100.0,0.0,100.0,0.0,100.0,0.0,100.0,0.0,69.0,31.0,100.0,0.0,100.0,0.0,95.0,10077.0,31,31,100.0,0.0,100.0,0.0,200.0,0.0,100.0,24134.0,100.0,42423980872.0,100.0,103639478266.0
2018-11-15,Z305D5AR,ST4000DM000,4000787030016,0,114,60830192,91.0,0.0,100.0,10.0,100.0,0.0,79.0,98690847.0,73,24245,100.0,0.0,100,10,100.0,0.0,100.0,0.0,100.0,0.0,100.0,0.0,100.0,0.0,69.0,31.0,100.0,0.0,100.0,0.0,95.0,10077.0,31,31,100.0,0.0,100.0,0.0,200.0,0.0,100.0,24158.0,100.0,42444962088.0,100.0,103715046921.0
2018-11-16,Z305D5AR,ST4000DM000,4000787030016,0,114,74497488,91.0,0.0,100.0,10.0,100.0,0.0,79.0,99798068.0,73,24271,100.0,0.0,100,10,100.0,0.0,100.0,0.0,100.0,0.0,100.0,0.0,100.0,0.0,69.0,31.0,100.0,0.0,100.0,0.0,95.0,10077.0,31,31,100.0,0.0,100.0,0.0,200.0,0.0,100.0,24183.0,100.0,42469871112.0,100.0,103877428629.0
2018-11-17,Z305D5AR,ST4000DM000,4000787030016,0,119.0,225953392.0,91.0,0.0,100.0,10.0,100.0,0.0,79.0,100633532.0,73.0,24295.0,100.0,0.0,100.0,10.0,100.0,0.0,100.0,0.0,100.0,0.0,100.0,0.0,100.0,0.0,69.0,31.0,100.0,0.0,100.0,0.0,95.0,10077.0,31.0,31.0,100.0,0.0,100.0,0.0,200.0,0.0,100.0,24207.0,100.0,42492482592.0,100.0,103997959683.0
2018-11-18,Z305D5AR,ST4000DM000,4000787030016,0,114,81346360,91.0,0.0,100.0,10.0,100.0,0.0,80.0,101462453.0,73,24319,100.0,0.0,100,10,100.0,0.0,100.0,0.0,100.0,0.0,100.0,0.0,100.0,0.0,69.0,31.0,100.0,0.0,100.0,0.0,95.0,10077.0,31,31,100.0,0.0,100.0,0.0,200.0,0.0,100.0,24231.0,100.0,42513253584.0,100.0,104109533168.0
2018-11-19,Z305D5AR,ST4000DM000,4000787030016,0,108,17993624,91.0,0.0,100.0,10.0,100.0,0.0,80.0,102982169.0,73,24342,100.0,0.0,100,10,100.0,0.0,100.0,0.0,100.0,0.0,100.0,0.0,100.0,0.0,69.0,31.0,100.0,0.0,100.0,0.0,95.0,10077.0,31,31,100.0,0.0,100.0,0.0,200.0,0.0,100.0,24255.0,100.0,42530306864.0,100.0,104239141061.0
2018-11-20,Z305D5AR,ST4000DM000,4000787030016,0,117,133597696,91.0,0.0,100.0,10.0,100.0,0.0,80.0,104350439.0,73,24366,100.0,0.0,100,10,100.0,0.0,100.0,0.0,100.0,0.0,100.0,0.0,100.0,0.0,69.0,31.0,100.0,0.0,100.0,0.0,95.0,10077.0,31,31,100.0,0.0,100.0,0.0,200.0,0.0,100.0,24279.0,100.0,42548263040.0,100.0,104395792799.0
2018-11-21,Z305D5AR,ST4000DM000,4000787030016,0,117,154705728,91.0,0.0,100.0,10.0,100.0,0.0,80.0,105517826.0,73,24389,100.0,0.0,100,10,100.0,0.0,100.0,0.0,100.0,0.0,100.0,0.0,100.0,0.0,69.0,31.0,100.0,0.0,100.0,0.0,95.0,10077.0,31,31,100.0,0.0,100.0,0.0,200.0,0.0,100.0,24302.0,100.0,42563338656.0,100.0,104543376190.0
2018-11-22,Z305D5AR,ST4000DM000,4000787030016,0,116,104272432,91.0,0.0,100.0,10.0,100.0,0.0,80.0,107038120.0,73,24413,100.0,0.0,100,10,100.0,0.0,100.0,0.0,100.0,0.0,100.0,0.0,100.0,0.0,67.0,33.0,100.0,0.0,100.0,0.0,95.0,10077.0,33,33,100.0,0.0,100.0,0.0,200.0,0.0,100.0,24326.0,100.0,42593551400.0,100.0,104619356287.0
2018-11-23,Z305D5AR,ST4000DM000,4000787030016,0,118,172275984,91.0,0.0,100.0,10.0,100.0,0.0,80.0,108053311.0,73,24438,100.0,0.0,100,10,100.0,0.0,100.0,0.0,100.0,0.0,100.0,0.0,100.0,0.0,69.0,31.0,100.0,0.0,100.0,0.0,95.0,10077.0,31,31,100.0,0.0,100.0,0.0,200.0,0.0,100.0,24351.0,100.0,42610215024.0,100.0,104735594160.0
2018-11-24,Z305D5AR,ST4000DM000,4000787030016,0,114,69148856,91.0,0.0,100.0,10.0,100.0,0.0,80.0,109049456.0,73,24462,100.0,0.0,100,10,100.0,0.0,100.0,0.0,100.0,0.0,100.0,0.0,100.0,0.0,68.0,32.0,100.0,0.0,100.0,0.0,95.0,10077.0,32,32,100.0,0.0,100.0,0.0,200.0,0.0,100.0,24375.0,100.0,42627329216.0,100.0,104876374304.0
2018-11-25,Z305D5AR,ST4000DM000,4000787030016,0,117,136911472,91.0,0.0,100.0,10.0,100.0,0.0,80.0,110060349.0,73,24486,100.0,0.0,100,10,100.0,0.0,100.0,0.0,100.0,0.0,100.0,0.0,100.0,0.0,68.0,32.0,100.0,0.0,100.0,0.0,95.0,10077.0,32,32,100.0,0.0,100.0,0.0,200.0,0.0,100.0,24398.0,100.0,42647378552.0,100.0,104995328878.0
2018-11-26,Z305D5AR,ST4000DM000,4000787030016,0,116,100907872,91.0,0.0,100.0,10.0,100.0,0.0,80.0,111835942.0,73,24511,100.0,0.0,100,10,100.0,0.0,100.0,0.0,100.0,0.0,100.0,0.0,100.0,0.0,68.0,32.0,100.0,0.0,100.0,0.0,95.0,10077.0,32,32,100.0,0.0,100.0,0.0,200.0,0.0,100.0,24423.0,100.0,42664455392.0,100.0,105118082099.0
2018-11-27,Z305D5AR,ST4000DM000,4000787030016,0,106,11044448,91.0,0.0,100.0,10.0,100.0,0.0,80.0,112521412.0,72,24534,100.0,0.0,100,10,100.0,0.0,100.0,0.0,100.0,0.0,100.0,0.0,100.0,0.0,68.0,32.0,100.0,0.0,100.0,0.0,95.0,10077.0,32,32,100.0,0.0,100.0,0.0,200.0,0.0,100.0,24446.0,100.0,42677389648.0,100.0,105257735460.0
2018-11-28,Z305D5AR,ST4000DM000,4000787030016,0,111,39071936,91.0,0.0,100.0,10.0,100.0,0.0,80.0,114870429.0,72,24558,100.0,0.0,100,10,100.0,0.0,100.0,0.0,100.0,0.0,100.0,0.0,100.0,0.0,68.0,32.0,100.0,0.0,100.0,0.0,95.0,10077.0,32,32,100.0,0.0,100.0,0.0,200.0,0.0,100.0,24471.0,100.0,42702293520.0,100.0,105462719314.0
2018-11-29,Z305D5AR,ST4000DM000,4000787030016,0,108,15761248,91.0,0.0,100.0,10.0,100.0,0.0,80.0,116194799.0,72,24582,100.0,0.0,100,10,100.0,0.0,100.0,0.0,100.0,0.0,100.0,0.0,100.0,0.0,69.0,31.0,100.0,0.0,100.0,0.0,95.0,10077.0,31,31,100.0,0.0,100.0,0.0,200.0,0.0,100.0,24495.0,100.0,42720492848.0,100.0,105632766896.0
2018-11-30,Z305D5AR,ST4000DM000,4000787030016,0,120,243734192,91.0,0.0,100.0,10.0,100.0,0.0,80.0,116847944.0,72,24607,100.0,0.0,100,10,100.0,0.0,100.0,0.0,100.0,0.0,100.0,0.0,100.0,0.0,69.0,31.0,100.0,0.0,100.0,0.0,95.0,10077.0,31,31,100.0,0.0,100.0,0.0,200.0,0.0,100.0,24519.0,100.0,42736178320.0,100.0,105788999148.0
2018-12-01,Z305D5AR,ST4000DM000,4000787030016,0,116,116283632,91.0,0.0,100.0,10.0,100.0,0.0,81.0,117494869.0,72,24630,100.0,0.0,100,10,100.0,0.0,100.0,0.0,100.0,0.0,100.0,0.0,100.0,0.0,69.0,31.0,100.0,0.0,100.0,0.0,95.0,10077.0,31,31,100.0,0.0,100.0,0.0,200.0,0.0,100.0,24542.0,100.0,42757456864.0,100.0,105947704333.0
2018-12-02,Z305D5AR,ST4000DM000,4000787030016,0,109,21965616,91.0,0.0,100.0,10.0,100.0,0.0,81.0,118067402.0,72,24654,100.0,0.0,100,10,100.0,0.0,100.0,0.0,100.0,0.0,100.0,0.0,100.0,0.0,69.0,31.0,100.0,0.0,100.0,0.0,95.0,10077.0,31,31,100.0,0.0,100.0,0.0,200.0,0.0,100.0,24567.0,100.0,42774104512.0,100.0,106135312818.0
2018-12-03,Z305D5AR,ST4000DM000,4000787030016,0,117,156515544,91.0,0.0,100.0,10.0,100.0,0.0,81.0,119648769.0,72,24679,100.0,0.0,100,10,100.0,0.0,100.0,0.0,100.0,0.0,100.0,0.0,100.0,0.0,69.0,31.0,100.0,0.0,100.0,0.0,95.0,10077.0,31,31,100.0,0.0,100.0,0.0,200.0,0.0,100.0,24591.0,100.0,42800946776.0,100.0,106332676928.0
2018-12-04,Z305D5AR,ST4000DM000,4000787030016,0,115,88935736,91.0,0.0,100.0,10.0,100.0,0.0,81.0,120619609.0,72,24702,100.0,0.0,100,10,100.0,0.0,100.0,0.0,100.0,0.0,100.0,0.0,100.0,0.0,69.0,31.0,100.0,0.0,100.0,0.0,95.0,10077.0,31,31,100.0,0.0,100.0,0.0,200.0,0.0,100.0,24615.0,100.0,42823419392.0,100.0,106495047102.0
2018-12-05,Z305D5AR,ST4000DM000,4000787030016,0,115.0,88877416.0,91.0,0.0,100.0,10.0,100.0,0.0,81.0,121857462.0,72.0,24727.0,100.0,0.0,100.0,10.0,100.0,0.0,100.0,0.0,100.0,0.0,100.0,0.0,100.0,0.0,70.0,30.0,100.0,0.0,100.0,0.0,95.0,10077.0,30.0,30.0,100.0,0.0,100.0,0.0,200.0,0.0,100.0,24639.0,100.0,42844268920.0,100.0,106687141492.0
2018-12-06,Z305D5AR,ST4000DM000,4000787030016,0,109,22314520,91.0,0.0,100.0,10.0,100.0,0.0,81.0,123603584.0,72,24749,100.0,0.0,100,10,100.0,0.0,100.0,0.0,100.0,0.0,100.0,0.0,100.0,0.0,70.0,30.0,100.0,0.0,100.0,0.0,95.0,10077.0,30,30,100.0,0.0,100.0,0.0,200.0,0.0,100.0,24661.0,100.0,42877076760.0,100.0,106807435957.0
2018-12-07,Z305D5AR,ST4000DM000,4000787030016,0,117,164026544,91.0,0.0,100.0,10.0,100.0,0.0,81.0,124418754.0,72,24773,100.0,0.0,100,10,100.0,0.0,100.0,0.0,100.0,0.0,100.0,0.0,100.0,0.0,70.0,30.0,100.0,0.0,100.0,0.0,95.0,10077.0,30,30,100.0,0.0,100.0,0.0,200.0,0.0,100.0,24685.0,100.0,42893723112.0,100.0,106905896795.0
2018-12-08,Z305D5AR,ST4000DM000,4000787030016,0,119,226683864,91.0,0.0,100.0,10.0,100.0,0.0,81.0,125638833.0,72,24797,100.0,0.0,100,10,100.0,0.0,100.0,0.0,100.0,0.0,100.0,0.0,100.0,0.0,69.0,31.0,100.0,0.0,100.0,0.0,95.0,10077.0,31,31,100.0,0.0,100.0,0.0,200.0,0.0,100.0,24709.0,100.0,42907176352.0,100.0,107088679927.0
2018-12-09,Z305D5AR,ST4000DM000,4000787030016,0,117,157574120,91.0,0.0,100.0,10.0,100.0,0.0,81.0,126664307.0,72,24820,100.0,0.0,100,10,100.0,0.0,100.0,0.0,100.0,0.0,100.0,0.0,100.0,0.0,70.0,30.0,100.0,0.0,100.0,0.0,95.0,10077.0,30,30,100.0,0.0,100.0,0.0,200.0,0.0,100.0,24733.0,100.0,42923249424.0,100.0,107226696240.0
2018-12-10,Z305D5AR,ST4000DM000,4000787030016,0,118,183716592,91.0,0.0,100.0,10.0,100.0,0.0,81.0,128419386.0,72,24844,100.0,0.0,100,10,100.0,0.0,100.0,0.0,100.0,0.0,100.0,0.0,100.0,0.0,70.0,30.0,100.0,0.0,100.0,0.0,95.0,10077.0,30,30,100.0,0.0,100.0,0.0,200.0,0.0,100.0,24757.0,100.0,42950654336.0,100.0,107390064466.0
2018-12-11,Z305D5AR,ST4000DM000,4000787030016,0,115,94419936,91.0,0.0,100.0,10.0,100.0,0.0,81.0,129268478.0,72,24869,100.0,0.0,100,10,100.0,0.0,100.0,0.0,100.0,0.0,100.0,0.0,100.0,0.0,69.0,31.0,100.0,0.0,100.0,0.0,95.0,10077.0,31,31,100.0,0.0,100.0,0.0,200.0,0.0,100.0,24781.0,100.0,42972306080.0,100.0,107519246154.0
2018-12-12,Z305D5AR,ST4000DM000,4000787030016,0,120,237822696,91.0,0.0,100.0,10.0,100.0,0.0,81.0,130256085.0,72,24893,100.0,0.0,100,10,100.0,0.0,100.0,0.0,100.0,0.0,100.0,0.0,100.0,0.0,69.0,31.0,100.0,0.0,100.0,0.0,95.0,10077.0,31,31,100.0,0.0,100.0,0.0,200.0,0.0,100.0,24806.0,100.0,42990288840.0,100.0,107666727414.0
2018-12-13,Z305D5AR,ST4000DM000,4000787030016,0,102,3789840,91.0,0.0,100.0,10.0,100.0,0.0,81.0,131963760.0,72,24917,100.0,0.0,100,10,100.0,0.0,100.0,0.0,100.0,0.0,100.0,0.0,100.0,0.0,69.0,31.0,100.0,0.0,100.0,0.0,95.0,10077.0,31,31,100.0,0.0,100.0,0.0,200.0,0.0,100.0,24830.0,100.0,43009767424.0,100.0,107820159209.0
2018-12-14,Z305D5AR,ST4000DM000,4000787030016,0,118,171751416,91.0,0.0,100.0,10.0,100.0,0.0,81.0,132802576.0,72,24941,100.0,0.0,100,10,100.0,0.0,100.0,0.0,100.0,0.0,100.0,0.0,100.0,0.0,69.0,31.0,100.0,0.0,100.0,0.0,95.0,10077.0,31,31,100.0,0.0,100.0,0.0,200.0,0.0,100.0,24853.0,100.0,43031915856.0,100.0,107920260305.0
2018-12-15,Z305D5AR,ST4000DM000,4000787030016,0,118,182702344,91.0,0.0,100.0,10.0,100.0,0.0,81.0,133745405.0,72,24962,100.0,0.0,100,10,100.0,0.0,100.0,0.0,100.0,0.0,100.0,0.0,100.0,0.0,68.0,32.0,100.0,0.0,100.0,0.0,95.0,10081.0,32,32,100.0,0.0,100.0,0.0,200.0,0.0,100.0,24874.0,100.0,43047063840.0,100.0,108034693344.0
2018-12-16,Z305D5AR,ST4000DM000,4000787030016,0,116,114004568,91.0,0.0,100.0,10.0,100.0,0.0,81.0,136367488.0,72,24986,100.0,0.0,100,10,100.0,0.0,100.0,0.0,100.0,0.0,100.0,0.0,100.0,0.0,69.0,31.0,100.0,0.0,100.0,0.0,95.0,10081.0,31,31,100.0,0.0,100.0,0.0,200.0,0.0,100.0,24898.0,100.0,43069331384.0,100.0,108188102101.0
2018-12-17,Z305D5AR,ST4000DM000,4000787030016,0,115,93693792,91.0,0.0,100.0,10.0,100.0,0.0,81.0,138207814.0,72,25010,100.0,0.0,100,10,100.0,0.0,100.0,0.0,100.0,0.0,100.0,0.0,100.0,0.0,69.0,31.0,100.0,0.0,100.0,0.0,95.0,10081.0,31,31,100.0,0.0,100.0,0.0,200.0,0.0,100.0,24922.0,100.0,43088161208.0,100.0,108334493235.0
2018-12-18,Z305D5AR,ST4000DM000,4000787030016,0,113,58645688,91.0,0.0,100.0,10.0,100.0,0.0,81.0,139004950.0,72,25033,100.0,0.0,100,10,100.0,0.0,100.0,0.0,100.0,0.0,100.0,0.0,100.0,0.0,69.0,31.0,100.0,0.0,100.0,0.0,95.0,10081.0,31,31,100.0,0.0,100.0,0.0,200.0,0.0,100.0,24946.0,100.0,43100308016.0,100.0,108454790427.0
2018-12-19,Z305D5AR,ST4000DM000,4000787030016,0,112,44901112,91.0,0.0,100.0,10.0,100.0,0.0,81.0,139895379.0,72,25057,100.0,0.0,100,10,100.0,0.0,100.0,0.0,100.0,0.0,100.0,0.0,100.0,0.0,69.0,31.0,100.0,0.0,100.0,0.0,95.0,10081.0,31,31,100.0,0.0,100.0,0.0,200.0,0.0,100.0,24969.0,100.0,43114648768.0,100.0,108600470941.0
2018-12-20,Z305D5AR,ST4000DM000,4000787030016,0,111,35813960,91.0,0.0,100.0,10.0,100.0,0.0,81.0,141663666.0,72,25082,100.0,0.0,100,10,100.0,0.0,100.0,0.0,100.0,0.0,100.0,0.0,100.0,0.0,69.0,31.0,100.0,0.0,100.0,0.0,95.0,10081.0,31,31,100.0,0.0,100.0,0.0,200.0,0.0,100.0,24994.0,100.0,43142082944.0,100.0,108726533499.0
2018-12-21,Z305D5AR,ST4000DM000,4000787030016,0,115,87032984,91.0,0.0,100.0,10.0,100.0,0.0,81.0,142732461.0,72,25106,100.0,0.0,100,10,100.0,0.0,100.0,0.0,100.0,0.0,100.0,0.0,100.0,0.0,69.0,31.0,100.0,0.0,100.0,0.0,95.0,10081.0,31,31,100.0,0.0,100.0,0.0,200.0,0.0,100.0,25018.0,100.0,43160557256.0,100.0,108870630030.0
2018-12-22,Z305D5AR,ST4000DM000,4000787030016,0,118,169439392,91.0,0.0,100.0,10.0,100.0,0.0,81.0,144003887.0,72,25129,100.0,0.0,100,10,100.0,0.0,100.0,0.0,100.0,0.0,100.0,0.0,100.0,0.0,69.0,31.0,100.0,0.0,100.0,0.0,95.0,10081.0,31,31,100.0,0.0,100.0,0.0,200.0,0.0,100.0,25042.0,100.0,43176344544.0,100.0,109033044955.0
2018-12-23,Z305D5AR,ST4000DM000,4000787030016,0,119,222218576,91.0,0.0,100.0,10.0,100.0,0.0,81.0,145199175.0,72,25153,100.0,0.0,100,10,100.0,0.0,100.0,0.0,100.0,0.0,100.0,0.0,100.0,0.0,69.0,31.0,100.0,0.0,100.0,0.0,95.0,10081.0,31,31,100.0,0.0,100.0,0.0,200.0,0.0,100.0,25066.0,100.0,43194676184.0,100.0,109166635752.0
2018-12-24,Z305D5AR,ST4000DM000,4000787030016,0,118,185257064,91.0,0.0,100.0,10.0,100.0,0.0,81.0,146853660.0,72,25177,100.0,0.0,100,10,100.0,0.0,100.0,0.0,100.0,0.0,100.0,0.0,100.0,0.0,69.0,31.0,100.0,0.0,100.0,0.0,95.0,10081.0,31,31,100.0,0.0,100.0,0.0,200.0,0.0,100.0,25090.0,100.0,43220298792.0,100.0,109261872415.0
2018-12-25,Z305D5AR,ST4000DM000,4000787030016,0,118,174521488,91.0,0.0,100.0,10.0,100.0,0.0,81.0,147682067.0,72,25202,100.0,0.0,100,10,100.0,0.0,100.0,0.0,100.0,0.0,100.0,0.0,100.0,0.0,69.0,31.0,100.0,0.0,100.0,0.0,95.0,10081.0,31,31,100.0,0.0,100.0,0.0,200.0,0.0,100.0,25114.0,100.0,43231196680.0,100.0,109373533353.0
2018-12-26,Z305D5AR,ST4000DM000,4000787030016,0,119,221371400,91.0,0.0,100.0,10.0,100.0,0.0,81.0,148538256.0,72,25225,100.0,0.0,100,10,100.0,0.0,100.0,0.0,100.0,0.0,100.0,0.0,100.0,0.0,69.0,31.0,100.0,0.0,100.0,0.0,95.0,10081.0,31,31,100.0,0.0,100.0,0.0,200.0,0.0,100.0,25137.0,100.0,43244064776.0,100.0,109482946315.0
2018-12-27,Z305D5AR,ST4000DM000,4000787030016,0,117,140976424,91.0,0.0,100.0,10.0,100.0,0.0,81.0,150380407.0,72,25250,100.0,0.0,100,10,100.0,0.0,100.0,0.0,100.0,0.0,100.0,0.0,100.0,0.0,70.0,30.0,100.0,0.0,100.0,0.0,95.0,10081.0,30,30,100.0,0.0,100.0,0.0,200.0,0.0,100.0,25162.0,100.0,43266436224.0,100.0,109626574454.0
2018-12-28,Z305D5AR,ST4000DM000,4000787030016,0,117,127397208,91.0,0.0,100.0,10.0,100.0,0.0,81.0,150981964.0,72,25273,100.0,0.0,100,10,100.0,0.0,100.0,0.0,100.0,0.0,100.0,0.0,100.0,0.0,70.0,30.0,100.0,0.0,100.0,0.0,95.0,10081.0,30,30,100.0,0.0,100.0,0.0,200.0,0.0,100.0,25186.0,100.0,43279062792.0,100.0,109683694421.0
2018-12-29,Z305D5AR,ST4000DM000,4000787030016,0,114,83346728,91.0,0.0,100.0,10.0,100.0,0.0,81.0,151801700.0,72,25297,100.0,0.0,100,10,100.0,0.0,100.0,0.0,100.0,0.0,100.0,0.0,100.0,0.0,70.0,30.0,100.0,0.0,100.0,0.0,95.0,10081.0,30,30,100.0,0.0,100.0,0.0,200.0,0.0,100.0,25210.0,100.0,43297794896.0,100.0,109774103504.0
2018-12-30,Z305D5AR,ST4000DM000,4000787030016,0,111,34258056,91.0,0.0,100.0,10.0,100.0,0.0,81.0,152527126.0,72,25322,100.0,0.0,100,10,100.0,0.0,100.0,0.0,100.0,0.0,100.0,0.0,100.0,0.0,69.0,31.0,100.0,0.0,100.0,0.0,95.0,10081.0,31,31,100.0,0.0,100.0,0.0,200.0,0.0,100.0,25234.0,100.0,43316309056.0,100.0,109845760889.0
2018-12-31,Z305D5AR,ST4000DM000,4000787030016,0,116,111890056,91.0,0.0,100.0,10.0,100.0,0.0,81.0,154228371.0,72,25345,100.0,0.0,100,10,100.0,0.0,100.0,0.0,100.0,0.0,100.0,0.0,100.0,0.0,69.0,31.0,100.0,0.0,100.0,0.0,95.0,10081.0,31,31,100.0,0.0,100.0,0.0,200.0,0.0,100.0,25257.0,100.0,43338746392.0,100.0,109964013156.0
