2019-01-01,Z304JWG3,ST4000DM000,4000787030016,0,114,76572128,93.0,0.0,100.0,7.0,100.0,0.0,85.0,358964689.0,68,28348,100.0,0.0,100,7,100.0,0.0,100.0,0.0,100.0,0.0,100.0,0.0,100.0,0.0,81.0,19.0,100.0,0.0,100.0,0.0,96.0,8680.0,19,19,100.0,0.0,100.0,0.0,200.0,0.0,100.0,28247.0,100.0,49755860040.0,100.0,108557279884.0
2019-01-02,Z304JWG3,ST4000DM000,4000787030016,0,118,173389456,93.0,0.0,100.0,7.0,100.0,0.0,85.0,359638365.0,68,28373,100.0,0.0,100,7,100.0,0.0,100.0,0.0,100.0,0.0,100.0,0.0,100.0,0.0,81.0,19.0,100.0,0.0,100.0,0.0,96.0,8680.0,19,19,100.0,0.0,100.0,0.0,200.0,0.0,100.0,28272.0,100.0,49770200336.0,100.0,108729202372.0
2019-01-03,Z304JWG3,ST4000DM000,4000787030016,0,114.0,80096472.0,93.0,0.0,100.0,7.0,100.0,0.0,85.0,360199755.0,68.0,28397.0,100.0,0.0,100.0,7.0,100.0,0.0,100.0,0.0,100.0,0.0,100.0,0.0,100.0,0.0,80.0,20.0,100.0,0.0,100.0,0.0,96.0,8680.0,20.0,20.0,100.0,0.0,100.0,0.0,200.0,0.0,100.0,28296.0,100.0,49787450128.0,100.0,108860725258.0
2019-01-04,Z304JWG3,ST4000DM000,4000787030016,0,119,228903600,93.0,0.0,100.0,7.0,100.0,0.0,85.0,361747440.0,68,28421,100.0,0.0,100,7,100.0,0.0,100.0,0.0,100.0,0.0,100.0,0.0,100.0,0.0,79.0,21.0,100.0,0.0,100.0,0.0,96.0,8680.0,21,21,100.0,0.0,100.0,0.0,200.0,0.0,100.0,28319.0,100.0,49809527592.0,100.0,109020055091.0
2019-01-05,Z304JWG3,ST4000DM000,4000787030016,0,117,120757048,93.0,0.0,100.0,7.0,100.0,0.0,85.0,362936325.0,68,28445,100.0,0.0,100,7,100.0,0.0,100.0,0.0,100.0,0.0,100.0,0.0,100.0,0.0,79.0,21.0,100.0,0.0,100.0,0.0,96.0,8680.0,21,21,100.0,0.0,100.0,0.0,200.0,0.0,100.0,28344.0,100.0,49835685168.0,100.0,109170694085.0
2019-01-06,Z304JWG3,ST4000DM000,4000787030016,0,117,119539536,93.0,0.0,100.0,7.0,100.0,0.0,85.0,364058297.0,68,28469,100.0,0.0,100,7,100.0,0.0,100.0,0.0,100.0,0.0,100.0,0.0,100.0,0.0,79.0,21.0,100.0,0.0,100.0,0.0,96.0,8680.0,21,21,100.0,0.0,100.0,0.0,200.0,0.0,100.0,28367.0,100.0,49859485072.0,100.0,109342053694.0
2019-01-07,Z304JWG3,ST4000DM000,4000787030016,0,111,39085696,93.0,0.0,100.0,7.0,100.0,0.0,85.0,365946804.0,68,28492,100.0,0.0,100,7,100.0,0.0,100.0,0.0,100.0,0.0,100.0,0.0,100.0,0.0,78.0,22.0,100.0,0.0,100.0,0.0,96.0,8680.0,22,22,100.0,0.0,100.0,0.0,200.0,0.0,100.0,28391.0,100.0,49887948096.0,100.0,109457119472.0
2019-01-08,Z304JWG3,ST4000DM000,4000787030016,0,113,51134568,93.0,0.0,100.0,7.0,100.0,0.0,85.0,367029361.0,68,28518,100.0,0.0,100,7,100.0,0.0,100.0,0.0,100.0,0.0,100.0,0.0,100.0,0.0,79.0,21.0,100.0,0.0,100.0,0.0,96.0,8680.0,21,21,100.0,0.0,100.0,0.0,200.0,0.0,100.0,28416.0,100.0,49908384024.0,100.0,109625285939.0
2019-01-09,Z304JWG3,ST4000DM000,4000787030016,0,118,193287600,93.0,0.0,100.0,7.0,100.0,0.0,85.0,368487577.0,68,28541,100.0,0.0,100,7,100.0,0.0,100.0,0.0,100.0,0.0,100.0,0.0,100.0,0.0,79.0,21.0,100.0,0.0,100.0,0.0,96.0,8680.0,21,21,100.0,0.0,100.0,0.0,200.0,0.0,100.0,28440.0,100.0,49932112792.0,100.0,109785236426.0
2019-01-10,Z304JWG3,ST4000DM000,4000787030016,0,112,45193504,93.0,0.0,100.0,7.0,100.0,0.0,85.0,370030277.0,68,28562,100.0,0.0,100,7,100.0,0.0,100.0,0.0,100.0,0.0,100.0,0.0,100.0,0.0,80.0,20.0,100.0,0.0,100.0,0.0,96.0,8680.0,20,20,100.0,0.0,100.0,0.0,200.0,0.0,100.0,28461.0,100.0,49952954160.0,100.0,109949749714.0
2019-01-11,Z304JWG3,ST4000DM000,4000787030016,0,115.0,88451360.0,93.0,0.0,100.0,7.0,100.0,0.0,85.0,371248180.0,68.0,28582.0,100.0,0.0,100.0,7.0,100.0,0.0,100.0,0.0,100.0,0.0,100.0,0.0,100.0,0.0,79.0,21.0,100.0,0.0,100.0,0.0,96.0,8680.0,21.0,21.0,100.0,0.0,100.0,0.0,200.0,0.0,100.0,28481.0,100.0,49972656832.0,100.0,110084388345.0
2019-01-12,Z304JWG3,ST4000DM000,4000787030016,0,117,165864056,93.0,0.0,100.0,7.0,100.0,0.0,85.0,373210514.0,68,28606,100.0,0.0,100,7,100.0,0.0,100.0,0.0,100.0,0.0,100.0,0.0,100.0,0.0,79.0,21.0,100.0,0.0,100.0,0.0,96.0,8680.0,21,21,100.0,0.0,100.0,0.0,200.0,0.0,100.0,28504.0,100.0,49996884160.0,100.0,110224728787.0
2019-01-13,Z304JWG3,ST4000DM000,4000787030016,0,109,21649064,93.0,0.0,100.0,7.0,100.0,0.0,85.0,374483743.0,68,28629,100.0,0.0,100,7,100.0,0.0,100.0,0.0,100.0,0.0,100.0,0.0,100.0,0.0,80.0,20.0,100.0,0.0,100.0,0.0,96.0,8680.0,20,20,100.0,0.0,100.0,0.0,200.0,0.0,100.0,28528.0,100.0,50029733000.0,100.0,110394502890.0
2019-01-14,Z304JWG3,ST4000DM000,4000787030016,0,120,1559760,93.0,0.0,100.0,7.0,100.0,0.0,85.0,376289745.0,68,28653,100.0,0.0,100,7,100.0,0.0,100.0,0.0,100.0,0.0,100.0,0.0,100.0,0.0,80.0,20.0,100.0,0.0,100.0,0.0,96.0,8680.0,20,20,100.0,0.0,100.0,0.0,200.0,0.0,100.0,28552.0,100.0,50056091504.0,100.0,110500412833.0
2019-01-15,Z304JWG3,ST4000DM000,4000787030016,0,111.0,29917568.0,93.0,0.0,100.0,7.0,100.0,0.0,85.0,377075891.0,68.0,28677.0,100.0,0.0,100.0,7.0,100.0,0.0,100.0,0.0,100.0,0.0,100.0,0.0,100.0,0.0,80.0,20.0,100.0,0.0,100.0,0.0,96.0,8680.0,20.0,20.0,100.0,0.0,100.0,0.0,200.0,0.0,100.0,28576.0,100.0,50069854360.0,100.0,110598456254.0
2019-01-16,Z304JWG3,ST4000DM000,4000787030016,0,118,188402640,93.0,0.0,100.0,7.0,100.0,0.0,85.0,379774604.0,68,28701,100.0,0.0,100,7,100.0,0.0,100.0,0.0,100.0,0.0,100.0,0.0,100.0,0.0,79.0,21.0,100.0,0.0,100,0,96.0,8680.0,21,21,100.0,0.0,100.0,0.0,200.0,0.0,100.0,28600.0,100.0,50093948880.0,100.0,110707632693.0
2019-01-17,Z304JWG3,ST4000DM000,4000787030016,0,112,48970384,93.0,0.0,100.0,7.0,100.0,0.0,85.0,380787134.0,68,28725,100.0,0.0,100,7,100.0,0.0,100.0,0.0,100.0,0.0,100.0,0.0,100.0,0.0,80.0,20.0,100.0,0.0,100,0,96.0,8680.0,20,20,100.0,0.0,100.0,0.0,200.0,0.0,100.0,28624.0,100.0,50117718144.0,100.0,110844399546.0
2019-01-18,Z304JWG3,ST4000DM000,4000787030016,0,119,204719992,93.0,0.0,100.0,7.0,100.0,0.0,85.0,382083833.0,68,28749,100.0,0.0,100,7,100.0,0.0,100.0,0.0,100.0,0.0,100.0,0.0,100.0,0.0,80.0,20.0,100.0,0.0,100,0,96.0,8680.0,20,20,100.0,0.0,100.0,0.0,200.0,0.0,100.0,28647.0,100.0,50141730000.0,100.0,110991211943.0
2019-01-19,Z304JWG3,ST4000DM000,4000787030016,0,112,43378432,93.0,0.0,100.0,7.0,100.0,0.0,85.0,384003999.0,68,28773,100.0,0.0,100,7,100.0,0.0,100.0,0.0,100.0,0.0,100.0,0.0,100.0,0.0,80.0,20.0,100.0,0.0,100,0,96.0,8680.0,20,20,100.0,0.0,100.0,0.0,200.0,0.0,100.0,28671.0,100.0,50161299728.0,100.0,111129246200.0
2019-01-20,Z304JWG3,ST4000DM000,4000787030016,0,119,208979568,93.0,0.0,100.0,7.0,100.0,0.0,85.0,385020637.0,68,28796,100.0,0.0,100,7,100.0,0.0,100.0,0.0,100.0,0.0,100.0,0.0,100.0,0.0,80.0,20.0,100.0,0.0,100,0,96.0,8680.0,20,20,100.0,0.0,100.0,0.0,200.0,0.0,100.0,28695.0,100.0,50184229968.0,100.0,111257590441.0
2019-01-21,Z304JWG3,ST4000DM000,4000787030016,0,118,195518664,93.0,0.0,100.0,7.0,100.0,0.0,85.0,386619137.0,68,28820,100.0,0.0,100,7,100.0,0.0,100.0,0.0,100.0,0.0,100.0,0.0,100.0,0.0,79.0,21.0,100.0,0.0,100,0,96.0,8680.0,21,21,100.0,0.0,100.0,0.0,200.0,0.0,100.0,28719.0,100.0,50203090560.0,100.0,111336011214.0
2019-01-22,Z304JWG3,ST4000DM000,4000787030016,0,113.0,51504312.0,93.0,0.0,100.0,7.0,100.0,0.0,85.0,387685683.0,68.0,28844.0,100.0,0.0,100.0,7.0,100.0,0.0,100.0,0.0,100.0,0.0,100.0,0.0,100.0,0.0,80.0,20.0,100.0,0.0,100.0,0.0,96.0,8680.0,20.0,20.0,100.0,0.0,100.0,0.0,200.0,0.0,100.0,28743.0,100.0,50218462960.0,100.0,111468358986.0
2019-01-23,Z304JWG3,ST4000DM000,4000787030016,0,114.0,61091024.0,93.0,0.0,100.0,7.0,100.0,0.0,85.0,388680853.0,68.0,28868.0,100.0,0.0,100.0,7.0,100.0,0.0,100.0,0.0,100.0,0.0,100.0,0.0,100.0,0.0,79.0,21.0,100.0,0.0,100.0,0.0,96.0,8680.0,21.0,21.0,100.0,0.0,100.0,0.0,200.0,0.0,100.0,28767.0,100.0,50246263640.0,100.0,111584447670.0
2019-01-24,Z304JWG3,ST4000DM000,4000787030016,0,117.0,130475480.0,93.0,0.0,100.0,7.0,100.0,0.0,85.0,389551319.0,68.0,28891.0,100.0,0.0,100.0,7.0,100.0,0.0,100.0,0.0,100.0,0.0,100.0,0.0,100.0,0.0,78.0,22.0,100.0,0.0,100.0,0.0,96.0,8680.0,22.0,22.0,100.0,0.0,100.0,0.0,200.0,0.0,100.0,28790.0,100.0,50271225160.0,100.0,111682910106.0
2019-01-25,Z304JWG3,ST4000DM000,4000787030016,0,114,60231000,93.0,0.0,100.0,7.0,100.0,0.0,85.0,390469252.0,67,28915,100.0,0.0,100,7,100.0,0.0,100.0,0.0,100.0,0.0,100.0,0.0,100.0,0.0,79.0,21.0,100.0,0.0,100,0,96.0,8680.0,21,21,100.0,0.0,100.0,0.0,200.0,0.0,100.0,28814.0,100.0,50290345600.0,100.0,111794649456.0
2019-01-26,Z304JWG3,ST4000DM000,4000787030016,0,118,196199696,93.0,0.0,100.0,7.0,100.0,0.0,85.0,392601197.0,67,28939,100.0,0.0,100,7,100.0,0.0,100.0,0.0,100.0,0.0,100.0,0.0,100.0,0.0,80.0,20.0,100.0,0.0,100,0,96.0,8680.0,20,20,100.0,0.0,100.0,0.0,200.0,0.0,100.0,28837.0,100.0,50311375544.0,100.0,111929802507.0
2019-01-27,Z304JWG3,ST4000DM000,4000787030016,0,112,42951488,93.0,0.0,100.0,7.0,100.0,0.0,85.0,393685695.0,67,28962,100.0,0.0,100,7,100.0,0.0,100.0,0.0,100.0,0.0,100.0,0.0,100.0,0.0,79.0,21.0,100.0,0.0,100,0,96.0,8680.0,21,21,100.0,0.0,100.0,0.0,200.0,0.0,100.0,28861.0,100.0,50326478256.0,100.0,112077529444.0
2019-01-28,Z304JWG3,ST4000DM000,4000787030016,0,116,110194808,93.0,0.0,100.0,7.0,100.0,0.0,85.0,395186594.0,67,28986,100.0,0.0,100,7,100.0,0.0,100.0,0.0,100.0,0.0,100.0,0.0,100.0,0.0,80.0,20.0,100.0,0.0,100,0,96.0,8680.0,20,20,100.0,0.0,100.0,0.0,200.0,0.0,100.0,28885.0,100.0,50344493152.0,100.0,112129134403.0
2019-01-29,Z304JWG3,ST4000DM000,4000787030016,0,117,140671168,93.0,0.0,100.0,7.0,100.0,0.0,85.0,396117363.0,67,29009,100.0,0.0,100,7,100.0,0.0,100.0,0.0,100.0,0.0,100.0,0.0,100.0,0.0,80.0,20.0,100.0,0.0,100,0,96.0,8680.0,20,20,100.0,0.0,100.0,0.0,200.0,0.0,100.0,28908.0,100.0,50358802408.0,100.0,112238076749.0
2019-01-30,Z304JWG3,ST4000DM000,4000787030016,0,111,35299968,93.0,0.0,100.0,7.0,100.0,0.0,85.0,397148754.0,67,29033,100.0,0.0,100,7,100.0,0.0,100.0,0.0,100.0,0.0,100.0,0.0,100.0,0.0,80.0,20.0,100.0,0.0,100,0,96.0,8680.0,20,20,100.0,0.0,100.0,0.0,200.0,0.0,100.0,28932.0,100.0,50393374720.0,100.0,112338567392.0
2019-01-31,Z304JWG3,ST4000DM000,4000787030016,0,109,24856632,93.0,0.0,100.0,7.0,100.0,0.0,85.0,397607873.0,67,29057,100.0,0.0,100,7,100.0,0.0,100.0,0.0,100.0,0.0,100.0,0.0,100.0,0.0,80.0,20.0,100.0,0.0,100,0,96.0,8680.0,20,20,100.0,0.0,100.0,0.0,200.0,0.0,100.0,28956.0,100.0,50408404664.0,100.0,112379774492.0
2019-02-01,Z304JWG3,ST4000DM000,4000787030016,0,114,71860936,93.0,0.0,100.0,7.0,100.0,0.0,85.0,398499788.0,67,29080,100.0,0.0,100,7,100.0,0.0,100.0,0.0,100.0,0.0,100.0,0.0,100.0,0.0,80.0,20.0,100.0,0.0,100,0,96.0,8680.0,20,20,100.0,0.0,100.0,0.0,200.0,0.0,100.0,28979.0,100.0,50423793944.0,100.0,112498130297.0
2019-02-02,Z304JWG3,ST4000DM000,4000787030016,0,119.0,231160864.0,93.0,0.0,100.0,7.0,100.0,0.0,85.0,400532459.0,67.0,29104.0,100.0,0.0,100.0,7.0,100.0,0.0,100.0,0.0,100.0,0.0,100.0,0.0,100.0,0.0,80.0,20.0,100.0,0.0,100.0,0.0,96.0,8680.0,20.0,20.0,100.0,0.0,100.0,0.0,200.0,0.0,100.0,29003.0,100.0,50445450944.0,100.0,112608330031.0
2019-02-03,Z304JWG3,ST4000DM000,4000787030016,0,118,192909184,93.0,0.0,100.0,7.0,100.0,0.0,86.0,403015125.0,67,29128,100.0,0.0,100,7,100.0,0.0,100.0,0.0,100.0,0.0,100.0,0.0,100.0,0.0,79.0,21.0,100.0,0.0,100,0,96.0,8680.0,21,21,100.0,0.0,100.0,0.0,200.0,0.0,100.0,29027.0,100.0,50467974496.0,100.0,112713808051.0
2019-02-04,Z304JWG3,ST4000DM000,4000787030016,0,118,192760856,93.0,0.0,100.0,7.0,100.0,0.0,86.0,404735404.0,67,29151,100.0,0.0,100,7,100.0,0.0,100.0,0.0,100.0,0.0,100.0,0.0,100.0,0.0,79.0,21.0,100.0,0.0,100,0,96.0,8680.0,21,21,100.0,0.0,100.0,0.0,200.0,0.0,100.0,29050.0,100.0,50497127864.0,100.0,112808665879.0
2019-02-05,Z304JWG3,ST4000DM000,4000787030016,0,119.0,218665816.0,93.0,0.0,100.0,7.0,100.0,0.0,86.0,405961031.0,67.0,29175.0,100.0,0.0,100.0,7.0,100.0,0.0,100.0,0.0,100.0,0.0,100.0,0.0,100.0,0.0,79.0,21.0,100.0,0.0,100.0,0.0,96.0,8680.0,21.0,21.0,100.0,0.0,100.0,0.0,200.0,0.0,100.0,29074.0,100.0,50517598672.0,100.0,112919782512.0
2019-02-06,Z304JWG3,ST4000DM000,4000787030016,0,117,133216648,93.0,0.0,100.0,7.0,100.0,0.0,86.0,406796522.0,67,29199,100.0,0.0,100,7,100.0,0.0,100.0,0.0,100.0,0.0,100.0,0.0,100.0,0.0,79.0,21.0,100.0,0.0,100,0,96.0,8680.0,21,21,100.0,0.0,100.0,0.0,200.0,0.0,100.0,29098.0,100.0,50535193232.0,100.0,112996736069.0
2019-02-07,Z304JWG3,ST4000DM000,4000787030016,0,114.0,60932128.0,93.0,0.0,100.0,7.0,100.0,0.0,86.0,408337522.0,67.0,29234.0,100.0,0.0,100.0,7.0,100.0,0.0,100.0,0.0,100.0,0.0,100.0,0.0,100.0,0.0,80.0,20.0,100.0,0.0,100.0,0.0,96.0,8680.0,20.0,20.0,100.0,0.0,100.0,0.0,200.0,0.0,100.0,29133.0,100.0,50562366216.0,100.0,113165519831.0
2019-02-08,Z304JWG3,ST4000DM000,4000787030016,0,113,58175408,93.0,0.0,100.0,7.0,100.0,0.0,86.0,410015175.0,67,29258,100.0,0.0,100,7,100.0,0.0,100.0,0.0,100.0,0.0,100.0,0.0,100.0,0.0,78.0,22.0,100.0,0.0,100,0,96.0,8680.0,22,22,100.0,0.0,100.0,0.0,200.0,0.0,100.0,29157.0,100.0,50579163808.0,100.0,113288665128.0
2019-02-09,Z304JWG3,ST4000DM000,4000787030016,0,112.0,48362392.0,93.0,0.0,100.0,7.0,100.0,0.0,86.0,411390797.0,67.0,29282.0,100.0,0.0,100.0,7.0,100.0,0.0,100.0,0.0,100.0,0.0,100.0,0.0,100.0,0.0,78.0,22.0,100.0,0.0,100.0,0.0,96.0,8680.0,22.0,22.0,100.0,0.0,100.0,0.0,200.0,0.0,100.0,29181.0,100.0,50602308560.0,100.0,113394349051.0
2019-02-10,Z304JWG3,ST4000DM000,4000787030016,0,120,236224992,93.0,0.0,100.0,7.0,100.0,0.0,86.0,412236480.0,67,29306,100.0,0.0,100,7,100.0,0.0,100.0,0.0,100.0,0.0,100.0,0.0,100.0,0.0,79.0,21.0,100.0,0.0,100,0,96.0,8680.0,21,21,100.0,0.0,100.0,0.0,200.0,0.0,100.0,29205.0,100.0,50614126776.0,100.0,113501414462.0
2019-02-11,Z304JWG3,ST4000DM000,4000787030016,0,108,19603288,93.0,0.0,100.0,7.0,100.0,0.0,86.0,414055039.0,67,29330,100.0,0.0,100,7,100.0,0.0,100.0,0.0,100.0,0.0,100.0,0.0,100.0,0.0,79.0,21.0,100.0,0.0,100,0,96.0,8680.0,21,21,100.0,0.0,100.0,0.0,200.0,0.0,100.0,29228.0,100.0,50638714728.0,100.0,113593016412.0
2019-02-12,Z304JWG3,ST4000DM000,4000787030016,0,119.0,209313256.0,93.0,0.0,100.0,7.0,100.0,0.0,86.0,415102058.0,67.0,29353.0,100.0,0.0,100.0,7.0,100.0,0.0,100.0,0.0,100.0,0.0,100.0,0.0,100.0,0.0,78.0,22.0,100.0,0.0,100.0,0.0,96.0,8680.0,22.0,22.0,100.0,0.0,100.0,0.0,200.0,0.0,100.0,29252.0,100.0,50662392536.0,100.0,113696544896.0
2019-02-13,Z304JWG3,ST4000DM000,4000787030016,0,114,72766496,93.0,0.0,100.0,7.0,100.0,0.0,86.0,415976752.0,67,29377,100.0,0.0,100,7,100.0,0.0,100.0,0.0,100.0,0.0,100.0,0.0,100.0,0.0,79.0,21.0,100.0,0.0,100,0,96.0,8680.0,21,21,100.0,0.0,100.0,0.0,200.0,0.0,100.0,29276.0,100.0,50681769144.0,100.0,113773280475.0
2019-02-14,Z304JWG3,ST4000DM000,4000787030016,0,119,228325600,93.0,0.0,100.0,7.0,100.0,0.0,86.0,417030155.0,67,29401,100.0,0.0,100,7,100.0,0.0,100.0,0.0,100.0,0.0,100.0,0.0,100.0,0.0,80.0,20.0,100.0,0.0,100,0,96.0,8680.0,20,20,100.0,0.0,100.0,0.0,200.0,0.0,100.0,29300.0,100.0,50697940424.0,100.0,113869978713.0
2019-02-15,Z304JWG3,ST4000DM000,4000787030016,0,117.0,123929448.0,93.0,0.0,100.0,7.0,100.0,0.0,86.0,418719725.0,67.0,29425.0,100.0,0.0,100.0,7.0,100.0,0.0,100.0,0.0,100.0,0.0,100.0,0.0,100.0,0.0,79.0,21.0,100.0,0.0,100.0,0.0,96.0,8680.0,21.0,21.0,100.0,0.0,100.0,0.0,200.0,0.0,100.0,29324.0,100.0,50732866384.0,100.0,113974828483.0
2019-02-16,Z304JWG3,ST4000DM000,4000787030016,0,118.0,173385536.0,93.0,0.0,100.0,7.0,100.0,0.0,86.0,420104918.0,67.0,29449.0,100.0,0.0,100.0,7.0,100.0,0.0,100.0,0.0,100.0,0.0,100.0,0.0,100.0,0.0,79.0,21.0,100.0,0.0,100.0,0.0,96.0,8680.0,21.0,21.0,100.0,0.0,100.0,0.0,200.0,0.0,100.0,29347.0,100.0,50758252352.0,100.0,114087725537.0
2019-02-17,Z304JWG3,ST4000DM000,4000787030016,0,108,16712936,93.0,0.0,100.0,7.0,100.0,0.0,86.0,421358657.0,67,29473,100.0,0.0,100,7,100.0,0.0,100.0,0.0,100.0,0.0,100.0,0.0,100.0,0.0,80.0,20.0,100.0,0.0,100,0,96.0,8680.0,20,20,100.0,0.0,100.0,0.0,200.0,0.0,100.0,29371.0,100.0,50770447472.0,100.0,114203626715.0
2019-02-18,Z304JWG3,ST4000DM000,4000787030016,0,112,42053056,93.0,0.0,100.0,7.0,100.0,0.0,86.0,423220123.0,67,29496,100.0,0.0,100,7,100.0,0.0,100.0,0.0,100.0,0.0,100.0,0.0,100.0,0.0,79.0,21.0,100.0,0.0,100,0,96.0,8680.0,21,21,100.0,0.0,100.0,0.0,200.0,0.0,100.0,29395.0,100.0,50793319680.0,100.0,114282640414.0
2019-02-19,Z304JWG3,ST4000DM000,4000787030016,0,117,155736952,93.0,0.0,100.0,7.0,100.0,0.0,86.0,424519744.0,67,29520,100.0,0.0,100,7,100.0,0.0,100.0,0.0,100.0,0.0,100.0,0.0,100.0,0.0,79.0,21.0,100.0,0.0,100,0,96.0,8680.0,21,21,100.0,0.0,100.0,0.0,200.0,0.0,100.0,29419.0,100.0,50812996664.0,100.0,114377090271.0
2019-02-20,Z304JWG3,ST4000DM000,4000787030016,0,103.0,6175288.0,93.0,0.0,100.0,7.0,100.0,0.0,86.0,425168517.0,67.0,29544.0,100.0,0.0,100.0,7.0,100.0,0.0,100.0,0.0,100.0,0.0,100.0,0.0,100.0,0.0,78.0,22.0,100.0,0.0,100.0,0.0,96.0,8680.0,22.0,22.0,100.0,0.0,100.0,0.0,200.0,0.0,100.0,29443.0,100.0,50833093384.0,100.0,114459032565.0
2019-02-21,Z304JWG3,ST4000DM000,4000787030016,0,114,60079648,93.0,0.0,100.0,7.0,100.0,0.0,86.0,427510823.0,67,29568,100.0,0.0,100,7,100.0,0.0,100.0,0.0,100.0,0.0,100.0,0.0,100.0,0.0,78.0,22.0,100.0,0.0,100,0,96.0,8680.0,22,22,100.0,0.0,100.0,0.0,200.0,0.0,100.0,29467.0,100.0,50850799216.0,100.0,114581471384.0
2019-02-22,Z304JWG3,ST4000DM000,4000787030016,0,111,38687904,93.0,0.0,100.0,7.0,100.0,0.0,86.0,428770850.0,67,29591,100.0,0.0,100,7,100.0,0.0,100.0,0.0,100.0,0.0,100.0,0.0,100.0,0.0,78.0,22.0,100.0,0.0,100,0,96.0,8680.0,22,22,100.0,0.0,100.0,0.0,200.0,0.0,100.0,29490.0,100.0,50862404728.0,100.0,114747058771.0
2019-02-23,Z304JWG3,ST4000DM000,4000787030016,0,116.0,111369800.0,93.0,0.0,100.0,7.0,100.0,0.0,86.0,430558340.0,67.0,29615.0,100.0,0.0,100.0,7.0,100.0,0.0,100.0,0.0,100.0,0.0,100.0,0.0,100.0,0.0,79.0,21.0,100.0,0.0,100.0,0.0,96.0,8680.0,21.0,21.0,100.0,0.0,100.0,0.0,200.0,0.0,100.0,29514.0,100.0,50881674056.0,100.0,114881790605.0
2019-02-24,Z304JWG3,ST4000DM000,4000787030016,0,114,75171128,93.0,0.0,100.0,7.0,100.0,0.0,86.0,431118462.0,67,29639,100.0,0.0,100,7,100.0,0.0,100.0,0.0,100.0,0.0,100.0,0.0,100.0,0.0,79.0,21.0,100.0,0.0,100,0,96.0,8680.0,21,21,100.0,0.0,100.0,0.0,200.0,0.0,100.0,29538.0,100.0,50892616720.0,100.0,115044206589.0
2019-02-25,Z304JWG3,ST4000DM000,4000787030016,0,120,1829432,93.0,0.0,100.0,7.0,100.0,0.0,86.0,432730462.0,67,29663,100.0,0.0,100,7,100.0,0.0,100.0,0.0,100.0,0.0,100.0,0.0,100.0,0.0,80.0,20.0,100.0,0.0,100,0,96.0,8680.0,20,20,100.0,0.0,100.0,0.0,200.0,0.0,100.0,29562.0,100.0,50911370672.0,100.0,115152833965.0
2019-02-26,Z304JWG3,ST4000DM000,4000787030016,0,119,230844528,93.0,0.0,100.0,7.0,100.0,0.0,86.0,433313866.0,67,29687,100.0,0.0,100,7,100.0,0.0,100.0,0.0,100.0,0.0,100.0,0.0,100.0,0.0,79.0,21.0,100.0,0.0,100,0,96.0,8680.0,21,21,100.0,0.0,100.0,0.0,200.0,0.0,100.0,29586.0,100.0,50921834848.0,100.0,115307628217.0
2019-02-27,Z304JWG3,ST4000DM000,4000787030016,0,110.0,29324392.0,93.0,0.0,100.0,7.0,100.0,0.0,86.0,433926851.0,67.0,29711.0,100.0,0.0,100.0,7.0,100.0,0.0,100.0,0.0,100.0,0.0,100.0,0.0,100.0,0.0,79.0,21.0,100.0,0.0,100.0,0.0,96.0,8680.0,21.0,21.0,100.0,0.0,100.0,0.0,200.0,0.0,100.0,29610.0,100.0,50937353552.0,100.0,115471713396.0
2019-02-28,Z304JWG3,ST4000DM000,4000787030016,0,117,137469056,93.0,0.0,100.0,7.0,100.0,0.0,86.0,434482185.0,67,29735,100.0,0.0,100,7,100.0,0.0,100.0,0.0,100.0,0.0,100.0,0.0,100.0,0.0,80.0,20.0,100.0,0.0,100,0,96.0,8680.0,20,20,100.0,0.0,100.0,0.0,200.0,0.0,100.0,29634.0,100.0,50947822000.0,100.0,115633880590.0
2019-03-01,Z304JWG3,ST4000DM000,4000787030016,0,112.0,49100352.0,93.0,0.0,100.0,7.0,100.0,0.0,86.0,435714128.0,67.0,29759.0,100.0,0.0,100.0,7.0,100.0,0.0,100.0,0.0,100.0,0.0,100.0,0.0,100.0,0.0,80.0,20.0,100.0,0.0,100.0,0.0,96.0,8680.0,20.0,20.0,100.0,0.0,100.0,0.0,200.0,0.0,100.0,29657.0,100.0,50962676888.0,100.0,115780011242.0
2019-03-02,Z304JWG3,ST4000DM000,4000787030016,0,120.0,241514976.0,93.0,0.0,100.0,7.0,100.0,0.0,86.0,436791673.0,67.0,29782.0,100.0,0.0,100.0,7.0,100.0,0.0,100.0,0.0,100.0,0.0,100.0,0.0,100.0,0.0,80.0,20.0,100.0,0.0,100.0,0.0,96.0,8680.0,20.0,20.0,100.0,0.0,100.0,0.0,200.0,0.0,100.0,29681.0,100.0,50977115512.0,100.0,115947567592.0
2019-03-03,Z304JWG3,ST4000DM000,4000787030016,0,115.0,97333752.0,93.0,0.0,100.0,7.0,100.0,0.0,86.0,437759593.0,66.0,29806.0,100.0,0.0,100.0,7.0,100.0,0.0,100.0,0.0,100.0,0.0,100.0,0.0,100.0,0.0,80.0,20.0,100.0,0.0,100.0,0.0,96.0,8680.0,20.0,20.0,100.0,0.0,100.0,0.0,200.0,0.0,100.0,29705.0,100.0,50995134064.0,100.0,116097755090.0
2019-03-04,Z304JWG3,ST4000DM000,4000787030016,0,116,113234912,93.0,0.0,100.0,7.0,100.0,0.0,86.0,439585767.0,66,29830,100.0,0.0,100,7,100.0,0.0,100.0,0.0,100.0,0.0,100.0,0.0,100.0,0.0,81.0,19.0,100.0,0.0,100,0,96.0,8680.0,19,19,100.0,0.0,100.0,0.0,200.0,0.0,100.0,29729.0,100.0,51009744392.0,100.0,116216043518.0
2019-03-05,Z304JWG3,ST4000DM000,4000787030016,0,102.0,3808960.0,93.0,0.0,100.0,7.0,100.0,0.0,86.0,440597928.0,66.0,29854.0,100.0,0.0,100.0,7.0,100.0,0.0,100.0,0.0,100.0,0.0,100.0,0.0,100.0,0.0,80.0,20.0,100.0,0.0,100.0,0.0,96.0,8680.0,20.0,20.0,100.0,0.0,100.0,0.0,200.0,0.0,100.0,29753.0,100.0,51021496496.0,100.0,116383973599.0
2019-03-06,Z304JWG3,ST4000DM000,4000787030016,0,109.0,23117512.0,93.0,0.0,100.0,7.0,100.0,0.0,86.0,441445251.0,66.0,29878.0,100.0,0.0,100.0,7.0,100.0,0.0,100.0,0.0,100.0,0.0,100.0,0.0,100.0,0.0,79.0,21.0,100.0,0.0,100.0,0.0,96.0,8680.0,21.0,21.0,100.0,0.0,100.0,0.0,200.0,0.0,100.0,29777.0,100.0,51037762624.0,100.0,116513284920.0
2019-03-07,Z304JWG3,ST4000DM000,4000787030016,0,117.0,135824264.0,93.0,0.0,100.0,7.0,100.0,0.0,86.0,443019993.0,66.0,29902.0,100.0,0.0,100.0,7.0,100.0,0.0,100.0,0.0,100.0,0.0,100.0,0.0,100.0,0.0,80.0,20.0,100.0,0.0,100.0,0.0,96.0,8680.0,20.0,20.0,100.0,0.0,100.0,0.0,200.0,0.0,100.0,29801.0,100.0,51052118096.0,100.0,116675399333.0
2019-03-08,Z304JWG3,ST4000DM000,4000787030016,0,116.0,106377152.0,93.0,0.0,100.0,7.0,100.0,0.0,86.0,444529252.0,66.0,29926.0,100.0,0.0,100.0,7.0,100.0,0.0,100.0,0.0,100.0,0.0,100.0,0.0,100.0,0.0,80.0,20.0,100.0,0.0,100.0,0.0,96.0,8680.0,20.0,20.0,100.0,0.0,100.0,0.0,200.0,0.0,100.0,29825.0,100.0,51062014656.0,100.0,116850384311.0
2019-03-09,Z304JWG3,ST4000DM000,4000787030016,0,115.0,95034040.0,93.0,0.0,100.0,7.0,100.0,0.0,86.0,445880008.0,66.0,29950.0,100.0,0.0,100.0,7.0,100.0,0.0,100.0,0.0,100.0,0.0,100.0,0.0,100.0,0.0,79.0,21.0,100.0,0.0,100.0,0.0,96.0,8680.0,21.0,21.0,100.0,0.0,100.0,0.0,200.0,0.0,100.0,29848.0,100.0,51075539288.0,100.0,116905412725.0
2019-03-10,Z304JWG3,ST4000DM000,4000787030016,0,114.0,70410088.0,93.0,0.0,100.0,7.0,100.0,0.0,86.0,447092619.0,66.0,29974.0,100.0,0.0,100.0,7.0,100.0,0.0,100.0,0.0,100.0,0.0,100.0,0.0,100.0,0.0,78.0,22.0,100.0,0.0,100.0,0.0,96.0,8680.0,22.0,22.0,100.0,0.0,100.0,0.0,200.0,0.0,100.0,29872.0,100.0,51088685464.0,100.0,117054781394.0
2019-03-11,Z304JWG3,ST4000DM000,4000787030016,0,117.0,145913856.0,93.0,0.0,100.0,7.0,100.0,0.0,86.0,450464212.0,66.0,29997.0,100.0,0.0,100.0,7.0,100.0,0.0,100.0,0.0,100.0,0.0,100.0,0.0,100.0,0.0,79.0,21.0,100.0,0.0,100.0,0.0,96.0,8680.0,21.0,21.0,100.0,0.0,100.0,0.0,200.0,0.0,100.0,29896.0,100.0,51111257680.0,100.0,117145382399.0
2019-03-12,Z304JWG3,ST4000DM000,4000787030016,0,118.0,193288768.0,93.0,0.0,100.0,7.0,100.0,0.0,86.0,451460518.0,66.0,30021.0,100.0,0.0,100.0,7.0,100.0,0.0,100.0,0.0,100.0,0.0,100.0,0.0,100.0,0.0,79.0,21.0,100.0,0.0,100.0,0.0,96.0,8680.0,21.0,21.0,100.0,0.0,100.0,0.0,200.0,0.0,100.0,29920.0,100.0,51131024240.0,100.0,117282410150.0
2019-03-13,Z304JWG3,ST4000DM000,4000787030016,0,119.0,217616744.0,93.0,0.0,100.0,7.0,100.0,0.0,86.0,452492648.0,66.0,30045.0,100.0,0.0,100.0,7.0,100.0,0.0,100.0,0.0,100.0,0.0,100.0,0.0,100.0,0.0,81.0,19.0,100.0,0.0,100.0,0.0,96.0,8680.0,19.0,19.0,100.0,0.0,100.0,0.0,200.0,0.0,100.0,29944.0,100.0,51157986792.0,100.0,117408488934.0
2019-03-14,Z304JWG3,ST4000DM000,4000787030016,0,112.0,44976024.0,93.0,0.0,100.0,7.0,100.0,0.0,86.0,453376257.0,66.0,30069.0,100.0,0.0,100.0,7.0,100.0,0.0,100.0,0.0,100.0,0.0,100.0,0.0,100.0,0.0,80.0,20.0,100.0,0.0,100.0,0.0,96.0,8680.0,20.0,20.0,100.0,0.0,100.0,0.0,200.0,0.0,100.0,29968.0,100.0,51180979192.0,100.0,117507502060.0
2019-03-15,Z304JWG3,ST4000DM000,4000787030016,0,117.0,151936976.0,93.0,0.0,100.0,7.0,100.0,0.0,86.0,454453320.0,66.0,30093.0,100.0,0.0,100.0,7.0,100.0,0.0,100.0,0.0,100.0,0.0,100.0,0.0,100.0,0.0,80.0,20.0,100.0,0.0,100.0,0.0,96.0,8680.0,20.0,20.0,100.0,0.0,100.0,0.0,200.0,0.0,100.0,29992.0,100.0,51194170744.0,100.0,117635102547.0
2019-03-16,Z304JWG3,ST4000DM000,4000787030016,0,103.0,6171248.0,93.0,0.0,100.0,7.0,100.0,0.0,86.0,456426952.0,66.0,30117.0,100.0,0.0,100.0,7.0,100.0,0.0,100.0,0.0,100.0,0.0,100.0,0.0,100.0,0.0,81.0,19.0,100.0,0.0,100.0,0.0,96.0,8680.0,19.0,19.0,100.0,0.0,100.0,0.0,200.0,0.0,100.0,30015.0,100.0,51231864496.0,100.0,117760357678.0
2019-03-17,Z304JWG3,ST4000DM000,4000787030016,0,119.0,203402592.0,93.0,0.0,100.0,7.0,100.0,0.0,86.0,457537311.0,66.0,30141.0,100.0,0.0,100.0,7.0,100.0,0.0,100.0,0.0,100.0,0.0,100.0,0.0,100.0,0.0,81.0,19.0,100.0,0.0,100.0,0.0,96.0,8680.0,19.0,19.0,100.0,0.0,100.0,0.0,200.0,0.0,100.0,30039.0,100.0,51253955776.0,100.0,117884688277.0
2019-03-18,Z304JWG3,ST4000DM000,4000787030016,0,117.0,166992288.0,93.0,0.0,100.0,7.0,100.0,0.0,86.0,459292027.0,66.0,30164.0,100.0,0.0,100.0,7.0,100.0,0.0,100.0,0.0,100.0,0.0,100.0,0.0,100.0,0.0,81.0,19.0,100.0,0.0,100.0,0.0,96.0,8680.0,19.0,19.0,100.0,0.0,100.0,0.0,200.0,0.0,100.0,30063.0,100.0,51276440768.0,100.0,117966066728.0
2019-03-19,Z304JWG3,ST4000DM000,4000787030016,0,111.0,32194928.0,93.0,0.0,100.0,7.0,100.0,0.0,86.0,460023801.0,66.0,30188.0,100.0,0.0,100.0,7.0,100.0,0.0,100.0,0.0,100.0,0.0,100.0,0.0,100.0,0.0,81.0,19.0,100.0,0.0,100.0,0.0,96.0,8680.0,19.0,19.0,100.0,0.0,100.0,0.0,200.0,0.0,100.0,30087.0,100.0,51292134520.0,100.0,118053458563.0
2019-03-20,Z304JWG3,ST4000DM000,4000787030016,0,117.0,134699712.0,93.0,0.0,100.0,7.0,100.0,0.0,86.0,461154811.0,66.0,30212.0,100.0,0.0,100.0,7.0,100.0,0.0,100.0,0.0,100.0,0.0,100.0,0.0,100.0,0.0,79.0,21.0,100.0,0.0,100.0,0.0,96.0,8680.0,21.0,21.0,100.0,0.0,100.0,0.0,200.0,0.0,100.0,30111.0,100.0,51305048904.0,100.0,118185946287.0
2019-03-21,Z304JWG3,ST4000DM000,4000787030016,0,119.0,994216.0,93.0,0.0,100.0,7.0,100.0,0.0,86.0,462192185.0,66.0,30236.0,100.0,0.0,100.0,7.0,100.0,0.0,100.0,0.0,100.0,0.0,100.0,0.0,100.0,0.0,80.0,20.0,100.0,0.0,100.0,0.0,96.0,8680.0,20.0,20.0,100.0,0.0,100.0,0.0,200.0,0.0,100.0,30135.0,100.0,51322521232.0,100.0,118331496960.0
2019-03-22,Z304JWG3,ST4000DM000,4000787030016,0,120.0,243363016.0,93.0,0.0,100.0,7.0,100.0,0.0,86.0,463162908.0,66.0,30260.0,100.0,0.0,100.0,7.0,100.0,0.0,100.0,0.0,100.0,0.0,100.0,0.0,100.0,0.0,80.0,20.0,100.0,0.0,100.0,0.0,96.0,8680.0,20.0,20.0,100.0,0.0,100.0,0.0,200.0,0.0,100.0,30159.0,100.0,51341245096.0,100.0,118448378931.0
2019-03-23,Z304JWG3,ST4000DM000,4000787030016,0,113.0,53033448.0,93.0,0.0,100.0,7.0,100.0,0.0,86.0,465101572.0,66.0,30284.0,100.0,0.0,100.0,7.0,100.0,0.0,100.0,0.0,100.0,0.0,100.0,0.0,100.0,0.0,79.0,21.0,100.0,0.0,100.0,0.0,96.0,8680.0,21.0,21.0,100.0,0.0,100.0,0.0,200.0,0.0,100.0,30183.0,100.0,51364437040.0,100.0,118565063569.0
2019-03-24,Z304JWG3,ST4000DM000,4000787030016,0,115.0,86816472.0,93.0,0.0,100.0,7.0,100.0,0.0,86.0,466027828.0,66.0,30308.0,100.0,0.0,100.0,7.0,100.0,0.0,100.0,0.0,100.0,0.0,100.0,0.0,100.0,0.0,80.0,20.0,100.0,0.0,100.0,0.0,96.0,8680.0,20.0,20.0,100.0,0.0,100.0,0.0,200.0,0.0,100.0,30207.0,100.0,51385240224.0,100.0,118670059271.0
2019-03-25,Z304JWG3,ST4000DM000,4000787030016,0,104.0,6782816.0,93.0,0.0,100.0,7.0,100.0,0.0,86.0,467763851.0,66.0,30332.0,100.0,0.0,100.0,7.0,100.0,0.0,100.0,0.0,100.0,0.0,100.0,0.0,100.0,0.0,80.0,20.0,100.0,0.0,100.0,0.0,96.0,8680.0,20.0,20.0,100.0,0.0,100.0,0.0,200.0,0.0,100.0,30231.0,100.0,51417012424.0,100.0,118730816241.0
2019-03-26,Z304JWG3,ST4000DM000,4000787030016,0,114.0,80721064.0,93.0,0.0,100.0,7.0,100.0,0.0,86.0,468486615.0,66.0,30356.0,100.0,0.0,100.0,7.0,100.0,0.0,100.0,0.0,100.0,0.0,100.0,0.0,100.0,0.0,80.0,20.0,100.0,0.0,100.0,0.0,96.0,8680.0,20.0,20.0,100.0,0.0,100.0,0.0,200.0,0.0,100.0,30255.0,100.0,51446062856.0,100.0,118795242304.0
2019-03-27,Z304JWG3,ST4000DM000,4000787030016,0,118.0,179998168.0,93.0,0.0,100.0,7.0,100.0,0.0,86.0,469413587.0,66.0,30380.0,100.0,0.0,100.0,7.0,100.0,0.0,100.0,0.0,100.0,0.0,100.0,0.0,100.0,0.0,80.0,20.0,100.0,0.0,100.0,0.0,96.0,8680.0,20.0,20.0,100.0,0.0,100.0,0.0,200.0,0.0,100.0,30279.0,100.0,51466236712.0,100.0,118879718260.0
2019-03-28,Z304JWG3,ST4000DM000,4000787030016,0,114.0,69742416.0,93.0,0.0,100.0,7.0,100.0,0.0,87.0,470337612.0,66.0,30404.0,100.0,0.0,100.0,7.0,100.0,0.0,100.0,0.0,100.0,0.0,100.0,0.0,100.0,0.0,79.0,21.0,100.0,0.0,100.0,0.0,96.0,8680.0,21.0,21.0,100.0,0.0,100.0,0.0,200.0,0.0,100.0,30302.0,100.0,51493728088.0,100.0,118976143538.0
2019-03-29,Z304JWG3,ST4000DM000,4000787030016,0,115.0,89435792.0,93.0,0.0,100.0,7.0,100.0,0.0,87.0,471571105.0,66.0,30427.0,100.0,0.0,100.0,7.0,100.0,0.0,100.0,0.0,100.0,0.0,100.0,0.0,100.0,0.0,80.0,20.0,100.0,0.0,100.0,0.0,96.0,8680.0,20.0,20.0,100.0,0.0,100.0,0.0,200.0,0.0,100.0,30326.0,100.0,51514221272.0,100.0,119157832320.0
2019-03-30,Z304JWG3,ST4000DM000,4000787030016,0,114.0,66447184.0,93.0,0.0,100.0,7.0,100.0,0.0,87.0,473806510.0,66.0,30451.0,100.0,0.0,100.0,7.0,100.0,0.0,100.0,0.0,100.0,0.0,100.0,0.0,100.0,0.0,79.0,21.0,100.0,0.0,100.0,0.0,96.0,8680.0,21.0,21.0,100.0,0.0,100.0,0.0,200.0,0.0,100.0,30350.0,100.0,51543907456.0,100.0,119293760887.0
2019-03-31,Z304JWG3,ST4000DM000,4000787030016,0,119.0,206125360.0,93.0,0.0,100.0,7.0,100.0,0.0,87.0,476460433.0,66.0,30475.0,100.0,0.0,100.0,7.0,100.0,0.0,100.0,0.0,100.0,0.0,100.0,0.0,100.0,0.0,79.0,21.0,100.0,0.0,100.0,0.0,96.0,8680.0,21.0,21.0,100.0,0.0,100.0,0.0,200.0,0.0,100.0,30374.0,100.0,51565246160.0,100.0,119423382238.0
2019-04-01,Z304JWG3,ST4000DM000,4000787030016,0,117.0,118317120.0,93.0,0.0,100.0,7.0,100.0,0.0,87.0,478211398.0,66.0,30499.0,100.0,0.0,100.0,7.0,100.0,0.0,100.0,0.0,100.0,0.0,100.0,0.0,100.0,0.0,81.0,19.0,100.0,0.0,100.0,0.0,96.0,8680.0,19.0,19.0,100.0,0.0,100.0,0.0,200.0,0.0,100.0,30397.0,100.0,51585258248.0,100.0,119501090152.0
2019-04-02,Z304JWG3,ST4000DM000,4000787030016,0,111.0,30445016.0,93.0,0.0,100.0,7.0,100.0,0.0,87.0,479160776.0,66.0,30522.0,100.0,0.0,100.0,7.0,100.0,0.0,100.0,0.0,100.0,0.0,100.0,0.0,100.0,0.0,81.0,19.0,100.0,0.0,100.0,0.0,96.0,8680.0,19.0,19.0,100.0,0.0,100.0,0.0,200.0,0.0,100.0,30421.0,100.0,51599675408.0,100.0,119602144464.0
2019-04-03,Z304JWG3,ST4000DM000,4000787030016,0,115.0,94919056.0,93.0,0.0,100.0,7.0,100.0,0.0,87.0,480152857.0,66.0,30546.0,100.0,0.0,100.0,7.0,100.0,0.0,100.0,0.0,100.0,0.0,100.0,0.0,100.0,0.0,80.0,20.0,100.0,0.0,100.0,0.0,96.0,8680.0,20.0,20.0,100.0,0.0,100.0,0.0,200.0,0.0,100.0,30445.0,100.0,51620417720.0,100.0,119694918822.0
2019-04-04,Z304JWG3,ST4000DM000,4000787030016,0,114.0,74162320.0,93.0,0.0,100.0,7.0,100.0,0.0,87.0,481165230.0,66.0,30570.0,100.0,0.0,100.0,7.0,100.0,0.0,100.0,0.0,100.0,0.0,100.0,0.0,100.0,0.0,79.0,21.0,100.0,0.0,100.0,0.0,96.0,8680.0,21.0,21.0,100.0,0.0,100.0,0.0,200.0,0.0,100.0,30469.0,100.0,51639983184.0,100.0,119810812203.0
2019-04-05,Z304JWG3,ST4000DM000,4000787030016,0,119.0,229848984.0,93.0,0.0,100.0,7.0,100.0,0.0,87.0,482082938.0,66.0,30594.0,100.0,0.0,100.0,7.0,100.0,0.0,100.0,0.0,100.0,0.0,100.0,0.0,100.0,0.0,80.0,20.0,100.0,0.0,100.0,0.0,96.0,8680.0,20.0,20.0,100.0,0.0,100.0,0.0,200.0,0.0,100.0,30493.0,100.0,51655217880.0,100.0,119912272300.0
2019-04-06,Z304JWG3,ST4000DM000,4000787030016,0,119.0,228301600.0,93.0,0.0,100.0,7.0,100.0,0.0,87.0,484294537.0,66.0,30617.0,100.0,0.0,100.0,7.0,100.0,0.0,100.0,0.0,100.0,0.0,100.0,0.0,100.0,0.0,81.0,19.0,100.0,0.0,100.0,0.0,96.0,8680.0,19.0,19.0,100.0,0.0,100.0,0.0,200.0,0.0,100.0,30516.0,100.0,51678430912.0,100.0,120039108686.0
2019-04-07,Z304JWG3,ST4000DM000,4000787030016,0,102.0,5240736.0,93.0,0.0,100.0,7.0,100.0,0.0,87.0,485097269.0,66.0,30641.0,100.0,0.0,100.0,7.0,100.0,0.0,100.0,0.0,100.0,0.0,100.0,0.0,100.0,0.0,80.0,20.0,100.0,0.0,100.0,0.0,96.0,8680.0,20.0,20.0,100.0,0.0,100.0,0.0,200.0,0.0,100.0,30540.0,100.0,51703428056.0,100.0,120123439619.0
2019-04-08,Z304JWG3,ST4000DM000,4000787030016,0,119.0,215994032.0,93.0,0.0,100.0,7.0,100.0,0.0,87.0,486847564.0,65.0,30665.0,100.0,0.0,100.0,7.0,100.0,0.0,100.0,0.0,100.0,0.0,100.0,0.0,100.0,0.0,81.0,19.0,100.0,0.0,100.0,0.0,96.0,8680.0,19.0,19.0,100.0,0.0,100.0,0.0,200.0,0.0,100.0,30564.0,100.0,51723633800.0,100.0,120193836484.0
2019-04-09,Z304JWG3,ST4000DM000,4000787030016,0,105.0,8503072.0,93.0,0.0,100.0,7.0,100.0,0.0,87.0,487755160.0,65.0,30689.0,100.0,0.0,100.0,7.0,100.0,0.0,100.0,0.0,100.0,0.0,100.0,0.0,100.0,0.0,80.0,20.0,100.0,0.0,100.0,0.0,96.0,8680.0,20.0,20.0,100.0,0.0,100.0,0.0,200.0,0.0,100.0,30588.0,100.0,51739481768.0,100.0,120282123349.0
2019-04-10,Z304JWG3,ST4000DM000,4000787030016,0,119.0,213663000.0,93.0,0.0,100.0,7.0,100.0,0.0,87.0,488718753.0,65.0,30713.0,100.0,0.0,100.0,7.0,100.0,0.0,100.0,0.0,100.0,0.0,100.0,0.0,100.0,0.0,80.0,20.0,100.0,0.0,100.0,0.0,96.0,8680.0,20.0,20.0,100.0,0.0,100.0,0.0,200.0,0.0,100.0,30612.0,100.0,51749704296.0,100.0,120390820887.0
2019-04-11,Z304JWG3,ST4000DM000,4000787030016,0,114.0,75711264.0,93.0,0.0,100.0,7.0,100.0,0.0,87.0,489935380.0,65.0,30737.0,100.0,0.0,100.0,7.0,100.0,0.0,100.0,0.0,100.0,0.0,100.0,0.0,100.0,0.0,80.0,20.0,100.0,0.0,100.0,0.0,96.0,8680.0,20.0,20.0,100.0,0.0,100.0,0.0,200.0,0.0,100.0,30635.0,100.0,51766914640.0,100.0,120505101539.0
2019-04-12,Z304JWG3,ST4000DM000,4000787030016,0,117.0,154564944.0,93.0,0.0,100.0,7.0,100.0,0.0,87.0,490936171.0,65.0,30760.0,100.0,0.0,100.0,7.0,100.0,0.0,100.0,0.0,100.0,0.0,100.0,0.0,100.0,0.0,80.0,20.0,100.0,0.0,100.0,0.0,96.0,8680.0,20.0,20.0,100.0,0.0,100.0,0.0,200.0,0.0,100.0,30659.0,100.0,51783237632.0,100.0,120647690921.0
2019-04-13,Z304JWG3,ST4000DM000,4000787030016,0,114.0,67330936.0,93.0,0.0,100.0,7.0,100.0,0.0,87.0,493588180.0,65.0,30784.0,100.0,0.0,100.0,7.0,100.0,0.0,100.0,0.0,100.0,0.0,100.0,0.0,100.0,0.0,79.0,21.0,100.0,0.0,100.0,0.0,96.0,8680.0,21.0,21.0,100.0,0.0,100.0,0.0,200.0,0.0,100.0,30683.0,100.0,51796391896.0,100.0,120775309713.0
2019-04-14,Z304JWG3,ST4000DM000,4000787030016,0,108.0,19498128.0,93.0,0.0,100.0,7.0,100.0,0.0,87.0,494209452.0,65.0,30808.0,100.0,0.0,100.0,7.0,100.0,0.0,100.0,0.0,100.0,0.0,100.0,0.0,100.0,0.0,81.0,19.0,100.0,0.0,100.0,0.0,96.0,8680.0,19.0,19.0,100.0,0.0,100.0,0.0,200.0,0.0,100.0,30707.0,100.0,51809200464.0,100.0,120858689196.0
2019-04-15,Z304JWG3,ST4000DM000,4000787030016,0,119.0,220977096.0,93.0,0.0,100.0,7.0,100.0,0.0,87.0,495823591.0,65.0,30831.0,100.0,0.0,100.0,7.0,100.0,0.0,100.0,0.0,100.0,0.0,100.0,0.0,100.0,0.0,80.0,20.0,100.0,0.0,100.0,0.0,96.0,8680.0,20.0,20.0,100.0,0.0,100.0,0.0,200.0,0.0,100.0,30730.0,100.0,51828674776.0,100.0,120923948924.0
2019-04-16,Z304JWG3,ST4000DM000,4000787030016,0,117.0,144751960.0,93.0,0.0,100.0,7.0,100.0,0.0,87.0,496552999.0,65.0,30855.0,100.0,0.0,100.0,7.0,100.0,0.0,100.0,0.0,100.0,0.0,100.0,0.0,100.0,0.0,80.0,20.0,100.0,0.0,100.0,0.0,96.0,8680.0,20.0,20.0,100.0,0.0,100.0,0.0,200.0,0.0,100.0,30754.0,100.0,51848366352.0,100.0,121019145496.0
2019-04-17,Z304JWG3,ST4000DM000,4000787030016,0,111.0,35592896.0,93.0,0.0,100.0,7.0,100.0,0.0,87.0,497561663.0,65.0,30891.0,100.0,0.0,100.0,7.0,100.0,0.0,100.0,0.0,100.0,0.0,100.0,0.0,100.0,0.0,81.0,19.0,100.0,0.0,100.0,0.0,96.0,8680.0,19.0,19.0,100.0,0.0,100.0,0.0,200.0,0.0,100.0,30790.0,100.0,51866095680.0,100.0,121242275159.0
2019-04-18,Z304JWG3,ST4000DM000,4000787030016,0,116.0,104820616.0,93.0,0.0,100.0,7.0,100.0,0.0,87.0,498196842.0,65.0,30915.0,100.0,0.0,100.0,7.0,100.0,0.0,100.0,0.0,100.0,0.0,100.0,0.0,100.0,0.0,80.0,20.0,100.0,0.0,100.0,0.0,96.0,8680.0,20.0,20.0,100.0,0.0,100.0,0.0,200.0,0.0,100.0,30813.0,100.0,51879550744.0,100.0,121403378934.0
2019-04-19,Z304JWG3,ST4000DM000,4000787030016,0,114.0,79665144.0,93.0,0.0,100.0,7.0,100.0,0.0,87.0,500940207.0,65.0,30938.0,100.0,0.0,100.0,7.0,100.0,0.0,100.0,0.0,100.0,0.0,100.0,0.0,100.0,0.0,81.0,19.0,100.0,0.0,100.0,0.0,96.0,8680.0,19.0,19.0,100.0,0.0,100.0,0.0,200.0,0.0,100.0,30837.0,100.0,51909293920.0,100.0,121599919955.0
2019-04-20,Z304JWG3,ST4000DM000,4000787030016,0,113.0,52870856.0,93.0,0.0,100.0,7.0,100.0,0.0,87.0,502534788.0,65.0,30962.0,100.0,0.0,100.0,7.0,100.0,0.0,100.0,0.0,100.0,0.0,100.0,0.0,100.0,0.0,81.0,19.0,100.0,0.0,100.0,0.0,96.0,8680.0,19.0,19.0,100.0,0.0,100.0,0.0,200.0,0.0,100.0,30861.0,100.0,51925639360.0,100.0,121774066615.0
2019-04-21,Z304JWG3,ST4000DM000,4000787030016,0,119.0,205963032.0,93.0,0.0,100.0,7.0,100.0,0.0,87.0,503100773.0,65.0,30985.0,100.0,0.0,100.0,7.0,100.0,0.0,100.0,0.0,100.0,0.0,100.0,0.0,100.0,0.0,80.0,20.0,100.0,0.0,100.0,0.0,96.0,8680.0,20.0,20.0,100.0,0.0,100.0,0.0,200.0,0.0,100.0,30884.0,100.0,51935042160.0,100.0,121936104199.0
2019-04-22,Z304JWG3,ST4000DM000,4000787030016,0,118.0,168856096.0,93.0,0.0,100.0,7.0,100.0,0.0,87.0,504702980.0,65.0,31009.0,100.0,0.0,100.0,7.0,100.0,0.0,100.0,0.0,100.0,0.0,100.0,0.0,100.0,0.0,80.0,20.0,100.0,0.0,100.0,0.0,96.0,8680.0,20.0,20.0,100.0,0.0,100.0,0.0,200.0,0.0,100.0,30908.0,100.0,51952909280.0,100.0,122023508700.0
2019-04-23,Z304JWG3,ST4000DM000,4000787030016,0,105.0,9788200.0,93.0,0.0,100.0,7.0,100.0,0.0,87.0,505463816.0,65.0,31033.0,100.0,0.0,100.0,7.0,100.0,0.0,100.0,0.0,100.0,0.0,100.0,0.0,100.0,0.0,81.0,19.0,100.0,0.0,100.0,0.0,96.0,8680.0,19.0,19.0,100.0,0.0,100.0,0.0,200.0,0.0,100.0,30932.0,100.0,51977915856.0,100.0,122204753592.0
2019-04-24,Z304JWG3,ST4000DM000,4000787030016,0,102.0,3939464.0,93.0,0.0,100.0,7.0,100.0,0.0,87.0,506458827.0,65.0,31056.0,100.0,0.0,100.0,7.0,100.0,0.0,100.0,0.0,100.0,0.0,100.0,0.0,100.0,0.0,81.0,19.0,100.0,0.0,100.0,0.0,96.0,8680.0,19.0,19.0,100.0,0.0,100.0,0.0,200.0,0.0,100.0,30955.0,100.0,51990471472.0,100.0,122370261424.0
2019-04-25,Z304JWG3,ST4000DM000,4000787030016,0,119.0,216705264.0,93.0,0.0,100.0,7.0,100.0,0.0,87.0,507466303.0,65.0,31080.0,100.0,0.0,100.0,7.0,100.0,0.0,100.0,0.0,100.0,0.0,100.0,0.0,100.0,0.0,81.0,19.0,100.0,0.0,100.0,0.0,96.0,8680.0,19.0,19.0,100.0,0.0,100.0,0.0,200.0,0.0,100.0,30979.0,100.0,52008059104.0,100.0,122525957048.0
2019-04-26,Z304JWG3,ST4000DM000,4000787030016,0,117.0,160369440.0,93.0,0.0,100.0,7.0,100.0,0.0,87.0,509019764.0,65.0,31104.0,100.0,0.0,100.0,7.0,100.0,0.0,100.0,0.0,100.0,0.0,100.0,0.0,100.0,0.0,81.0,19.0,100.0,0.0,100.0,0.0,96.0,8680.0,19.0,19.0,100.0,0.0,100.0,0.0,200.0,0.0,100.0,31003.0,100.0,52024034040.0,100.0,122696257726.0
2019-04-27,Z304JWG3,ST4000DM000,4000787030016,0,116.0,111450992.0,93.0,0.0,100.0,7.0,100.0,0.0,87.0,510695389.0,65.0,31128.0,100.0,0.0,100.0,7.0,100.0,0.0,100.0,0.0,100.0,0.0,100.0,0.0,100.0,0.0,81.0,19.0,100.0,0.0,100.0,0.0,96.0,8680.0,19.0,19.0,100.0,0.0,100.0,0.0,200.0,0.0,100.0,31026.0,100.0,52036516128.0,100.0,122840928726.0
2019-04-28,Z304JWG3,ST4000DM000,4000787030016,0,119.0,217045672.0,93.0,0.0,100.0,7.0,100.0,0.0,87.0,512560612.0,65.0,31151.0,100.0,0.0,100.0,7.0,100.0,0.0,100.0,0.0,100.0,0.0,100.0,0.0,100.0,0.0,81.0,19.0,100.0,0.0,100.0,0.0,96.0,8680.0,19.0,19.0,100.0,0.0,100.0,0.0,200.0,0.0,100.0,31050.0,100.0,52058993760.0,100.0,123046784748.0
2019-04-29,Z304JWG3,ST4000DM000,4000787030016,0,119.0,215259952.0,93.0,0.0,100.0,7.0,100.0,0.0,87.0,514455974.0,65.0,31175.0,100.0,0.0,100.0,7.0,100.0,0.0,100.0,0.0,100.0,0.0,100.0,0.0,100.0,0.0,81.0,19.0,100.0,0.0,100.0,0.0,96.0,8680.0,19.0,19.0,100.0,0.0,100.0,0.0,200.0,0.0,100.0,31074.0,100.0,52080979744.0,100.0,123136880173.0
2019-04-30,Z304JWG3,ST4000DM000,4000787030016,0,117.0,136363032.0,93.0,0.0,100.0,7.0,100.0,0.0,87.0,515232775.0,65.0,31199.0,100.0,0.0,100.0,7.0,100.0,0.0,100.0,0.0,100.0,0.0,100.0,0.0,100.0,0.0,81.0,19.0,100.0,0.0,100.0,0.0,96.0,8680.0,19.0,19.0,100.0,0.0,100.0,0.0,200.0,0.0,100.0,31098.0,100.0,52093529976.0,100.0,123208886940.0
2019-05-01,Z304JWG3,ST4000DM000,4000787030016,0,113.0,53408528.0,93.0,0.0,100.0,7.0,100.0,0.0,87.0,516233897.0,65.0,31223.0,100.0,0.0,100.0,7.0,100.0,0.0,100.0,0.0,100.0,0.0,100.0,0.0,100.0,0.0,81.0,19.0,100.0,0.0,100.0,0.0,96.0,8680.0,19.0,19.0,100.0,0.0,100.0,0.0,200.0,0.0,100.0,31122.0,100.0,52112881728.0,100.0,123348244538.0
2019-05-02,Z304JWG3,ST4000DM000,4000787030016,0,119.0,220386824.0,93.0,0.0,100.0,7.0,100.0,0.0,87.0,517182988.0,65.0,31246.0,100.0,0.0,100.0,7.0,100.0,0.0,100.0,0.0,100.0,0.0,100.0,0.0,100.0,0.0,80.0,20.0,100.0,0.0,100.0,0.0,96.0,8680.0,20.0,20.0,100.0,0.0,100.0,0.0,200.0,0.0,100.0,31145.0,100.0,52136824640.0,100.0,123496988908.0
2019-05-03,Z304JWG3,ST4000DM000,4000787030016,0,119.0,204597248.0,93.0,0.0,100.0,7.0,100.0,0.0,87.0,518712945.0,65.0,31270.0,100.0,0.0,100.0,7.0,100.0,0.0,100.0,0.0,100.0,0.0,100.0,0.0,100.0,0.0,80.0,20.0,100.0,0.0,100.0,0.0,96.0,8680.0,20.0,20.0,100.0,0.0,100.0,0.0,200.0,0.0,100.0,31169.0,100.0,52160709720.0,100.0,123647584088.0
2019-05-04,Z304JWG3,ST4000DM000,4000787030016,0,115.0,89570096.0,93.0,0.0,100.0,7.0,100.0,0.0,87.0,520513621.0,65.0,31294.0,100.0,0.0,100.0,7.0,100.0,0.0,100.0,0.0,100.0,0.0,100.0,0.0,100.0,0.0,81.0,19.0,100.0,0.0,100.0,0.0,96.0,8680.0,19.0,19.0,100.0,0.0,100.0,0.0,200.0,0.0,100.0,31192.0,100.0,52182798640.0,100.0,123795165975.0
2019-05-05,Z304JWG3,ST4000DM000,4000787030016,0,117.0,137920232.0,93.0,0.0,100.0,7.0,100.0,0.0,87.0,521381009.0,65.0,31317.0,100.0,0.0,100.0,7.0,100.0,0.0,100.0,0.0,100.0,0.0,100.0,0.0,100.0,0.0,80.0,20.0,100.0,0.0,100.0,0.0,96.0,8680.0,20.0,20.0,100.0,0.0,100.0,0.0,200.0,0.0,100.0,31216.0,100.0,52197433624.0,100.0,123896884023.0
2019-05-06,Z304JWG3,ST4000DM000,4000787030016,0,119.0,211480760.0,93.0,0.0,100.0,7.0,100.0,0.0,87.0,523370045.0,65.0,31341.0,100.0,0.0,100.0,7.0,100.0,0.0,100.0,0.0,100.0,0.0,100.0,0.0,100.0,0.0,81.0,19.0,100.0,0.0,100.0,0.0,96.0,8680.0,19.0,19.0,100.0,0.0,100.0,0.0,200.0,0.0,100.0,31240.0,100.0,52226949464.0,100.0,123999021931.0
2019-05-07,Z304JWG3,ST4000DM000,4000787030016,0,119.0,206847840.0,93.0,0.0,100.0,7.0,100.0,0.0,87.0,524584439.0,65.0,31365.0,100.0,0.0,100.0,7.0,100.0,0.0,100.0,0.0,100.0,0.0,100.0,0.0,100.0,0.0,80.0,20.0,100.0,0.0,100.0,0.0,96.0,8680.0,20.0,20.0,100.0,0.0,100.0,0.0,200.0,0.0,100.0,31263.0,100.0,52238215264.0,100.0,124170944943.0
2019-05-08,Z304JWG3,ST4000DM000,4000787030016,0,112.0,42440024.0,93.0,0.0,100.0,7.0,100.0,0.0,87.0,525368785.0,65.0,31388.0,100.0,0.0,100.0,7.0,100.0,0.0,100.0,0.0,100.0,0.0,100.0,0.0,100.0,0.0,81.0,19.0,100.0,0.0,100.0,0.0,96.0,8680.0,19.0,19.0,100.0,0.0,100.0,0.0,200.0,0.0,100.0,31287.0,100.0,52251671440.0,100.0,124269835379.0
2019-05-09,Z304JWG3,ST4000DM000,4000787030016,0,117.0,119993456.0,93.0,0.0,100.0,7.0,100.0,0.0,87.0,527383555.0,65.0,31412.0,100.0,0.0,100.0,7.0,100.0,0.0,100.0,0.0,100.0,0.0,100.0,0.0,100.0,0.0,81.0,19.0,100.0,0.0,100.0,0.0,96.0,8680.0,19.0,19.0,100.0,0.0,100.0,0.0,200.0,0.0,100.0,31311.0,100.0,52264877856.0,100.0,124390629711.0
2019-05-10,Z304JWG3,ST4000DM000,4000787030016,0,115.0,87516448.0,93.0,0.0,100.0,7.0,100.0,0.0,87.0,528920113.0,65.0,31436.0,100.0,0.0,100.0,7.0,100.0,0.0,100.0,0.0,100.0,0.0,100.0,0.0,100.0,0.0,81.0,19.0,100.0,0.0,100.0,0.0,96.0,8680.0,19.0,19.0,100.0,0.0,100.0,0.0,200.0,0.0,100.0,31334.0,100.0,52278507216.0,100.0,124527804073.0
2019-05-11,Z304JWG3,ST4000DM000,4000787030016,0,118.0,187655296.0,93.0,0.0,100.0,7.0,100.0,0.0,87.0,530944768.0,65.0,31459.0,100.0,0.0,100.0,7.0,100.0,0.0,100.0,0.0,100.0,0.0,100.0,0.0,100.0,0.0,81.0,19.0,100.0,0.0,100.0,0.0,96.0,8680.0,19.0,19.0,100.0,0.0,100.0,0.0,200.0,0.0,100.0,31358.0,100.0,52298454400.0,100.0,124668464880.0
2019-05-12,Z304JWG3,ST4000DM000,4000787030016,0,118.0,175297528.0,93.0,0.0,100.0,7.0,100.0,0.0,87.0,531501943.0,65.0,31483.0,100.0,0.0,100.0,7.0,100.0,0.0,100.0,0.0,100.0,0.0,100.0,0.0,100.0,0.0,81.0,19.0,100.0,0.0,100.0,0.0,96.0,8680.0,19.0,19.0,100.0,0.0,100.0,0.0,200.0,0.0,100.0,31381.0,100.0,52310831952.0,100.0,124726638112.0
2019-05-13,Z304JWG3,ST4000DM000,4000787030016,0,118.0,196942872.0,93.0,0.0,100.0,7.0,100.0,0.0,87.0,533338420.0,65.0,31506.0,100.0,0.0,100.0,7.0,100.0,0.0,100.0,0.0,100.0,0.0,100.0,0.0,100.0,0.0,81.0,19.0,100.0,0.0,100.0,0.0,96.0,8680.0,19.0,19.0,100.0,0.0,100.0,0.0,200.0,0.0,100.0,31405.0,100.0,52326201352.0,100.0,124819451294.0
2019-05-14,Z304JWG3,ST4000DM000,4000787030016,0,118.0,187446856.0,93.0,0.0,100.0,7.0,100.0,0.0,87.0,534086721.0,65.0,31530.0,100.0,0.0,100.0,7.0,100.0,0.0,100.0,0.0,100.0,0.0,100.0,0.0,100.0,0.0,80.0,20.0,100.0,0.0,100.0,0.0,96.0,8680.0,20.0,20.0,100.0,0.0,100.0,0.0,200.0,0.0,100.0,31428.0,100.0,52338263768.0,100.0,124903082795.0
2019-05-15,Z304JWG3,ST4000DM000,4000787030016,0,119.0,205891984.0,93.0,0.0,100.0,7.0,100.0,0.0,87.0,535088559.0,64.0,31565.0,100.0,0.0,100.0,7.0,100.0,0.0,100.0,0.0,100.0,0.0,100.0,0.0,100.0,0.0,81.0,19.0,100.0,0.0,100.0,0.0,96.0,8680.0,19.0,19.0,100.0,0.0,100.0,0.0,200.0,0.0,100.0,31464.0,100.0,52364186016.0,100.0,125000707825.0
2019-05-16,Z304JWG3,ST4000DM000,4000787030016,0,117.0,130378664.0,93.0,0.0,100.0,7.0,100.0,0.0,87.0,535931294.0,64.0,31589.0,100.0,0.0,100.0,7.0,100.0,0.0,100.0,0.0,100.0,0.0,100.0,0.0,100.0,0.0,81.0,19.0,100.0,0.0,100.0,0.0,96.0,8680.0,19.0,19.0,100.0,0.0,100.0,0.0,200.0,0.0,100.0,31488.0,100.0,52378437136.0,100.0,125092696196.0
2019-05-17,Z304JWG3,ST4000DM000,4000787030016,0,117.0,129350104.0,93.0,0.0,100.0,7.0,100.0,0.0,87.0,537909771.0,64.0,31613.0,100.0,0.0,100.0,7.0,100.0,0.0,100.0,0.0,100.0,0.0,100.0,0.0,100.0,0.0,80.0,20.0,100.0,0.0,100.0,0.0,96.0,8680.0,20.0,20.0,100.0,0.0,100.0,0.0,200.0,0.0,100.0,31511.0,100.0,52394626440.0,100.0,125198233190.0
2019-05-18,Z304JWG3,ST4000DM000,4000787030016,0,117.0,138358360.0,93.0,0.0,100.0,7.0,100.0,0.0,87.0,538843826.0,64.0,31636.0,100.0,0.0,100.0,7.0,100.0,0.0,100.0,0.0,100.0,0.0,100.0,0.0,100.0,0.0,80.0,20.0,100.0,0.0,100.0,0.0,96.0,8680.0,20.0,20.0,100.0,0.0,100.0,0.0,200.0,0.0,100.0,31535.0,100.0,52406197512.0,100.0,125318943275.0
2019-05-19,Z304JWG3,ST4000DM000,4000787030016,0,114.0,79035744.0,93.0,0.0,100.0,7.0,100.0,0.0,87.0,539768929.0,64.0,31660.0,100.0,0.0,100.0,7.0,100.0,0.0,100.0,0.0,100.0,0.0,100.0,0.0,100.0,0.0,79.0,21.0,100.0,0.0,100.0,0.0,96.0,8680.0,21.0,21.0,100.0,0.0,100.0,0.0,200.0,0.0,100.0,31559.0,100.0,52423916864.0,100.0,125416337782.0
2019-05-20,Z304JWG3,ST4000DM000,4000787030016,0,110.0,26020144.0,93.0,0.0,100.0,7.0,100.0,0.0,87.0,541570783.0,64.0,31684.0,100.0,0.0,100.0,7.0,100.0,0.0,100.0,0.0,100.0,0.0,100.0,0.0,100.0,0.0,80.0,20.0,100.0,0.0,100.0,0.0,96.0,8680.0,20.0,20.0,100.0,0.0,100.0,0.0,200.0,0.0,100.0,31583.0,100.0,52441081704.0,100.0,125498556114.0
2019-05-21,Z304JWG3,ST4000DM000,4000787030016,0,113.0,51844744.0,93.0,0.0,100.0,7.0,100.0,0.0,87.0,542550502.0,64.0,31708.0,100.0,0.0,100.0,7.0,100.0,0.0,100.0,0.0,100.0,0.0,100.0,0.0,100.0,0.0,80.0,20.0,100.0,0.0,100.0,0.0,96.0,8680.0,20.0,20.0,100.0,0.0,100.0,0.0,200.0,0.0,100.0,31606.0,100.0,52452686392.0,100.0,125604809494.0
2019-05-22,Z304JWG3,ST4000DM000,4000787030016,0,114.0,76414768.0,93.0,0.0,100.0,7.0,100.0,0.0,87.0,542918443.0,64.0,31719.0,100.0,0.0,100.0,7.0,100.0,0.0,100.0,0.0,100.0,0.0,100.0,0.0,100.0,0.0,80.0,20.0,100.0,0.0,100.0,0.0,96.0,8680.0,20.0,20.0,100.0,0.0,100.0,0.0,200.0,0.0,100.0,31618.0,100.0,52460490056.0,100.0,125637352117.0
2019-05-23,Z304JWG3,ST4000DM000,4000787030016,0,117.0,122975992.0,93.0,0.0,100.0,7.0,100.0,0.0,87.0,543853524.0,64.0,31743.0,100.0,0.0,100.0,7.0,100.0,0.0,100.0,0.0,100.0,0.0,100.0,0.0,100.0,0.0,79.0,21.0,100.0,0.0,100.0,0.0,96.0,8680.0,21.0,21.0,100.0,0.0,100.0,0.0,200.0,0.0,100.0,31642.0,100.0,52471336504.0,100.0,125747709175.0
2019-05-24,Z304JWG3,ST4000DM000,4000787030016,0,117.0,136163808.0,93.0,0.0,100.0,7.0,100.0,0.0,87.0,544689389.0,64.0,31767.0,100.0,0.0,100.0,7.0,100.0,0.0,100.0,0.0,100.0,0.0,100.0,0.0,100.0,0.0,80.0,20.0,100.0,0.0,100.0,0.0,96.0,8680.0,20.0,20.0,100.0,0.0,100.0,0.0,200.0,0.0,100.0,31666.0,100.0,52483311320.0,100.0,125853217381.0
2019-05-25,Z304JWG3,ST4000DM000,4000787030016,0,114.0,74021016.0,93.0,0.0,100.0,7.0,100.0,0.0,87.0,546940603.0,64.0,31790.0,100.0,0.0,100.0,7.0,100.0,0.0,100.0,0.0,100.0,0.0,100.0,0.0,100.0,0.0,80.0,20.0,100.0,0.0,100.0,0.0,96.0,8680.0,20.0,20.0,100.0,0.0,100.0,0.0,200.0,0.0,100.0,31689.0,100.0,52498667480.0,100.0,125987734412.0
2019-05-26,Z304JWG3,ST4000DM000,4000787030016,0,111.0,33687752.0,93.0,0.0,100.0,7.0,100.0,0.0,87.0,547905326.0,64.0,31814.0,100.0,0.0,100.0,7.0,100.0,0.0,100.0,0.0,100.0,0.0,100.0,0.0,100.0,0.0,80.0,20.0,100.0,0.0,100.0,0.0,96.0,8680.0,20.0,20.0,100.0,0.0,100.0,0.0,200.0,0.0,100.0,31713.0,100.0,52516486584.0,100.0,126092176344.0
2019-05-27,Z304JWG3,ST4000DM000,4000787030016,0,114.0,60226896.0,93.0,0.0,100.0,7.0,100.0,0.0,87.0,549316377.0,64.0,31838.0,100.0,0.0,100.0,7.0,100.0,0.0,100.0,0.0,100.0,0.0,100.0,0.0,100.0,0.0,80.0,20.0,100.0,0.0,100.0,0.0,96.0,8680.0,20.0,20.0,100.0,0.0,100.0,0.0,200.0,0.0,100.0,31736.0,100.0,52539144840.0,100.0,126152253695.0
2019-05-28,Z304JWG3,ST4000DM000,4000787030016,0,114.0,75451576.0,93.0,0.0,100.0,7.0,100.0,0.0,87.0,550758639.0,64.0,31873.0,100.0,0.0,100.0,7.0,100.0,0.0,100.0,0.0,100.0,0.0,100.0,0.0,100.0,0.0,81.0,19.0,100.0,0.0,100.0,0.0,96.0,8680.0,19.0,19.0,100.0,0.0,100.0,0.0,200.0,0.0,100.0,31772.0,100.0,52556766480.0,100.0,126268369424.0
2019-05-29,Z304JWG3,ST4000DM000,4000787030016,0,111.0,30141424.0,93.0,0.0,100.0,7.0,100.0,0.0,87.0,551726599.0,64.0,31897.0,100.0,0.0,100.0,7.0,100.0,0.0,100.0,0.0,100.0,0.0,100.0,0.0,100.0,0.0,81.0,19.0,100.0,0.0,100.0,0.0,96.0,8680.0,19.0,19.0,100.0,0.0,100.0,0.0,200.0,0.0,100.0,31796.0,100.0,52576702672.0,100.0,126371435084.0
2019-05-30,Z304JWG3,ST4000DM000,4000787030016,0,114.0,71442456.0,93.0,0.0,100.0,7.0,100.0,0.0,87.0,552873353.0,64.0,31920.0,100.0,0.0,100.0,7.0,100.0,0.0,100.0,0.0,100.0,0.0,100.0,0.0,100.0,0.0,81.0,19.0,100.0,0.0,100.0,0.0,96.0,8680.0,19.0,19.0,100.0,0.0,100.0,0.0,200.0,0.0,100.0,31819.0,100.0,52587541032.0,100.0,126476485554.0
2019-05-31,Z304JWG3,ST4000DM000,4000787030016,0,114.0,82067168.0,93.0,0.0,100.0,7.0,100.0,0.0,87.0,554496154.0,64.0,31944.0,100.0,0.0,100.0,7.0,100.0,0.0,100.0,0.0,100.0,0.0,100.0,0.0,100.0,0.0,81.0,19.0,100.0,0.0,100.0,0.0,96.0,8680.0,19.0,19.0,100.0,0.0,100.0,0.0,200.0,0.0,100.0,31843.0,100.0,52604179192.0,100.0,126618224623.0
2019-06-01,Z304JWG3,ST4000DM000,4000787030016,0,119.0,202239592.0,93.0,0.0,100.0,7.0,100.0,0.0,87.0,557919470.0,64.0,31968.0,100.0,0.0,100.0,7.0,100.0,0.0,100.0,0.0,100.0,0.0,100.0,0.0,100.0,0.0,81.0,19.0,100.0,0.0,100.0,0.0,96.0,8680.0,19.0,19.0,100.0,0.0,100.0,0.0,200.0,0.0,100.0,31866.0,100.0,52625018912.0,100.0,126747977482.0
2019-06-02,Z304JWG3,ST4000DM000,4000787030016,0,119.0,228688720.0,93.0,0.0,100.0,7.0,100.0,0.0,87.0,558647909.0,64.0,31991.0,100.0,0.0,100.0,7.0,100.0,0.0,100.0,0.0,100.0,0.0,100.0,0.0,100.0,0.0,81.0,19.0,100.0,0.0,100.0,0.0,96.0,8680.0,19.0,19.0,100.0,0.0,100.0,0.0,200.0,0.0,100.0,31890.0,100.0,52648614880.0,100.0,126840258950.0
2019-06-03,Z304JWG3,ST4000DM000,4000787030016,0,117.0,144482944.0,93.0,0.0,100.0,7.0,100.0,0.0,87.0,560454116.0,64.0,32015.0,100.0,0.0,100.0,7.0,100.0,0.0,100.0,0.0,100.0,0.0,100.0,0.0,100.0,0.0,82.0,18.0,100.0,0.0,100.0,0.0,96.0,8680.0,18.0,18.0,100.0,0.0,100.0,0.0,200.0,0.0,100.0,31914.0,100.0,52698493208.0,100.0,126903118597.0
2019-06-04,Z304JWG3,ST4000DM000,4000787030016,0,119.0,218193888.0,93.0,0.0,100.0,7.0,100.0,0.0,87.0,561203420.0,64.0,32038.0,100.0,0.0,100.0,7.0,100.0,0.0,100.0,0.0,100.0,0.0,100.0,0.0,100.0,0.0,82.0,18.0,100.0,0.0,100.0,0.0,96.0,8680.0,18.0,18.0,100.0,0.0,100.0,0.0,200.0,0.0,100.0,31937.0,100.0,52722299632.0,100.0,126997174225.0
2019-06-05,Z304JWG3,ST4000DM000,4000787030016,0,105.0,9563616.0,93.0,0.0,100.0,7.0,100.0,0.0,87.0,561824408.0,64.0,32062.0,100.0,0.0,100.0,7.0,100.0,0.0,100.0,0.0,100.0,0.0,100.0,0.0,100.0,0.0,81.0,19.0,100.0,0.0,100.0,0.0,96.0,8680.0,19.0,19.0,100.0,0.0,100.0,0.0,200.0,0.0,100.0,31961.0,100.0,52734335576.0,100.0,127143644781.0
2019-06-06,Z304JWG3,ST4000DM000,4000787030016,0,120.0,243655936.0,93.0,0.0,100.0,7.0,100.0,0.0,87.0,562787930.0,64.0,32086.0,100.0,0.0,100.0,7.0,100.0,0.0,100.0,0.0,100.0,0.0,100.0,0.0,100.0,0.0,81.0,19.0,100.0,0.0,100.0,0.0,96.0,8680.0,19.0,19.0,100.0,0.0,100.0,0.0,200.0,0.0,100.0,31984.0,100.0,52746455552.0,100.0,127351427828.0
2019-06-07,Z304JWG3,ST4000DM000,4000787030016,0,116.0,111586272.0,93.0,0.0,100.0,7.0,100.0,0.0,87.0,563785869.0,64.0,32109.0,100.0,0.0,100.0,7.0,100.0,0.0,100.0,0.0,100.0,0.0,100.0,0.0,100.0,0.0,81.0,19.0,100.0,0.0,100.0,0.0,96.0,8680.0,19.0,19.0,100.0,0.0,100.0,0.0,200.0,0.0,100.0,32008.0,100.0,52772974744.0,100.0,127536480522.0
2019-06-08,Z304JWG3,ST4000DM000,4000787030016,0,117.0,144834488.0,93.0,0.0,100.0,7.0,100.0,0.0,87.0,565511452.0,64.0,32133.0,100.0,0.0,100.0,7.0,100.0,0.0,100.0,0.0,100.0,0.0,100.0,0.0,100.0,0.0,81.0,19.0,100.0,0.0,100.0,0.0,96.0,8680.0,19.0,19.0,100.0,0.0,100.0,0.0,200.0,0.0,100.0,32032.0,100.0,52797586200.0,100.0,127728440487.0
2019-06-09,Z304JWG3,ST4000DM000,4000787030016,0,114.0,68152232.0,93.0,0.0,100.0,7.0,100.0,0.0,87.0,566157370.0,64.0,32156.0,100.0,0.0,100.0,7.0,100.0,0.0,100.0,0.0,100.0,0.0,100.0,0.0,100.0,0.0,81.0,19.0,100.0,0.0,100.0,0.0,96.0,8680.0,19.0,19.0,100.0,0.0,100.0,0.0,200.0,0.0,100.0,32055.0,100.0,52815927488.0,100.0,127894598644.0
2019-06-10,Z304JWG3,ST4000DM000,4000787030016,0,115.0,94232800.0,93.0,0.0,100.0,7.0,100.0,0.0,87.0,567558415.0,64.0,32180.0,100.0,0.0,100.0,7.0,100.0,0.0,100.0,0.0,100.0,0.0,100.0,0.0,100.0,0.0,81.0,19.0,100.0,0.0,100.0,0.0,96.0,8680.0,19.0,19.0,100.0,0.0,100.0,0.0,200.0,0.0,100.0,32079.0,100.0,52832234480.0,100.0,127971813735.0
2019-06-11,Z304JWG3,ST4000DM000,4000787030016,0,118.0,172798656.0,93.0,0.0,100.0,7.0,100.0,0.0,87.0,568397206.0,64.0,32204.0,100.0,0.0,100.0,7.0,100.0,0.0,100.0,0.0,100.0,0.0,100.0,0.0,100.0,0.0,81.0,19.0,100.0,0.0,100.0,0.0,96.0,8680.0,19.0,19.0,100.0,0.0,100.0,0.0,200.0,0.0,100.0,32103.0,100.0,52853357048.0,100.0,128134386215.0
2019-06-12,Z304JWG3,ST4000DM000,4000787030016,0,117.0,121250608.0,93.0,0.0,100.0,7.0,100.0,0.0,87.0,569430341.0,64.0,32228.0,100.0,0.0,100.0,7.0,100.0,0.0,100.0,0.0,100.0,0.0,100.0,0.0,100.0,0.0,81.0,19.0,100.0,0.0,100.0,0.0,96.0,8680.0,19.0,19.0,100.0,0.0,100.0,0.0,200.0,0.0,100.0,32126.0,100.0,52866622544.0,100.0,128296392417.0
2019-06-13,Z304JWG3,ST4000DM000,4000787030016,0,119.0,223721320.0,93.0,0.0,100.0,7.0,100.0,0.0,87.0,570451049.0,64.0,32251.0,100.0,0.0,100.0,7.0,100.0,0.0,100.0,0.0,100.0,0.0,100.0,0.0,100.0,0.0,81.0,19.0,100.0,0.0,100.0,0.0,96.0,8680.0,19.0,19.0,100.0,0.0,100.0,0.0,200.0,0.0,100.0,32150.0,100.0,52882723904.0,100.0,128459649077.0
2019-06-14,Z304JWG3,ST4000DM000,4000787030016,0,117.0,154588784.0,93.0,0.0,100.0,7.0,100.0,0.0,87.0,571353321.0,64.0,32275.0,100.0,0.0,100.0,7.0,100.0,0.0,100.0,0.0,100.0,0.0,100.0,0.0,100.0,0.0,81.0,19.0,100.0,0.0,100.0,0.0,96.0,8680.0,19.0,19.0,100.0,0.0,100.0,0.0,200.0,0.0,100.0,32174.0,100.0,52894092040.0,100.0,128603502666.0
2019-06-15,Z304JWG3,ST4000DM000,4000787030016,0,117.0,127119272.0,93.0,0.0,100.0,7.0,100.0,0.0,87.0,573925888.0,64.0,32298.0,100.0,0.0,100.0,7.0,100.0,0.0,100.0,0.0,100.0,0.0,100.0,0.0,100.0,0.0,81.0,19.0,100.0,0.0,100.0,0.0,96.0,8680.0,19.0,19.0,100.0,0.0,100.0,0.0,200.0,0.0,100.0,32197.0,100.0,52911465776.0,100.0,128768725413.0
2019-06-16,Z304JWG3,ST4000DM000,4000787030016,0,114.0,77343664.0,93.0,0.0,100.0,7.0,100.0,0.0,87.0,575354303.0,64.0,32322.0,100.0,0.0,100.0,7.0,100.0,0.0,100.0,0.0,100.0,0.0,100.0,0.0,100.0,0.0,81.0,19.0,100.0,0.0,100.0,0.0,96.0,8680.0,19.0,19.0,100.0,0.0,100.0,0.0,200.0,0.0,100.0,32221.0,100.0,52922832920.0,100.0,128946218933.0
2019-06-17,Z304JWG3,ST4000DM000,4000787030016,0,108.0,18964736.0,93.0,0.0,100.0,7.0,100.0,0.0,87.0,576533712.0,64.0,32346.0,100.0,0.0,100.0,7.0,100.0,0.0,100.0,0.0,100.0,0.0,100.0,0.0,100.0,0.0,81.0,19.0,100.0,0.0,100.0,0.0,96.0,8680.0,19.0,19.0,100.0,0.0,100.0,0.0,200.0,0.0,100.0,32245.0,100.0,52934881072.0,100.0,128987027793.0
2019-06-18,Z304JWG3,ST4000DM000,4000787030016,0,116.0,110115040.0,93.0,0.0,100.0,7.0,100.0,0.0,87.0,577764213.0,64.0,32370.0,100.0,0.0,100.0,7.0,100.0,0.0,100.0,0.0,100.0,0.0,100.0,0.0,100.0,0.0,81.0,19.0,100.0,0.0,100.0,0.0,96.0,8680.0,19.0,19.0,100.0,0.0,100.0,0.0,200.0,0.0,100.0,32268.0,100.0,52945840672.0,100.0,129065484564.0
2019-06-19,Z304JWG3,ST4000DM000,4000787030016,0,111.0,40485008.0,93.0,0.0,100.0,7.0,100.0,0.0,87.0,578731412.0,64.0,32393.0,100.0,0.0,100.0,7.0,100.0,0.0,100.0,0.0,100.0,0.0,100.0,0.0,100.0,0.0,81.0,19.0,100.0,0.0,100.0,0.0,96.0,8680.0,19.0,19.0,100.0,0.0,100.0,0.0,200.0,0.0,100.0,32292.0,100.0,52960682328.0,100.0,129201647836.0
2019-06-20,Z304JWG3,ST4000DM000,4000787030016,0,117.0,153596840.0,93.0,0.0,100.0,7.0,100.0,0.0,87.0,579509527.0,63.0,32417.0,100.0,0.0,100.0,7.0,100.0,0.0,100.0,0.0,100.0,0.0,100.0,0.0,100.0,0.0,81.0,19.0,100.0,0.0,100.0,0.0,96.0,8680.0,19.0,19.0,100.0,0.0,100.0,0.0,200.0,0.0,100.0,32316.0,100.0,52972028440.0,100.0,129321668981.0
2019-06-21,Z304JWG3,ST4000DM000,4000787030016,0,112.0,48617400.0,93.0,0.0,100.0,7.0,100.0,0.0,87.0,581984798.0,63.0,32440.0,100.0,0.0,100.0,7.0,100.0,0.0,100.0,0.0,100.0,0.0,100.0,0.0,100.0,0.0,81.0,19.0,100.0,0.0,100.0,0.0,96.0,8680.0,19.0,19.0,100.0,0.0,100.0,0.0,200.0,0.0,100.0,32339.0,100.0,52989218648.0,100.0,129441495257.0
2019-06-22,Z304JWG3,ST4000DM000,4000787030016,0,119.0,227800304.0,93.0,0.0,100.0,7.0,100.0,0.0,87.0,584164290.0,63.0,32464.0,100.0,0.0,100.0,7.0,100.0,0.0,100.0,0.0,100.0,0.0,100.0,0.0,100.0,0.0,81.0,19.0,100.0,0.0,100.0,0.0,96.0,8680.0,19.0,19.0,100.0,0.0,100.0,0.0,200.0,0.0,100.0,32363.0,100.0,53008144976.0,100.0,129586413062.0
2019-06-23,Z304JWG3,ST4000DM000,4000787030016,0,118.0,187419888.0,93.0,0.0,100.0,7.0,100.0,0.0,87.0,585307704.0,63.0,32487.0,100.0,0.0,100.0,7.0,100.0,0.0,100.0,0.0,100.0,0.0,100.0,0.0,100.0,0.0,81.0,19.0,100.0,0.0,100.0,0.0,96.0,8680.0,19.0,19.0,100.0,0.0,100.0,0.0,200.0,0.0,100.0,32386.0,100.0,53026508072.0,100.0,129734492111.0
2019-06-24,Z304JWG3,ST4000DM000,4000787030016,0,119.0,225456808.0,93.0,0.0,100.0,7.0,100.0,0.0,87.0,586831550.0,63.0,32511.0,100.0,0.0,100.0,7.0,100.0,0.0,100.0,0.0,100.0,0.0,100.0,0.0,100.0,0.0,81.0,19.0,100.0,0.0,100.0,0.0,96.0,8680.0,19.0,19.0,100.0,0.0,100.0,0.0,200.0,0.0,100.0,32410.0,100.0,53040467600.0,100.0,129804916004.0
2019-06-25,Z304JWG3,ST4000DM000,4000787030016,0,119.0,207475960.0,93.0,0.0,100.0,7.0,100.0,0.0,87.0,588130245.0,63.0,32535.0,100.0,0.0,100.0,7.0,100.0,0.0,100.0,0.0,100.0,0.0,100.0,0.0,100.0,0.0,81.0,19.0,100.0,0.0,100.0,0.0,96.0,8680.0,19.0,19.0,100.0,0.0,100.0,0.0,200.0,0.0,100.0,32434.0,100.0,53052924808.0,100.0,129929540886.0
2019-06-26,Z304JWG3,ST4000DM000,4000787030016,0,115.0,86774328.0,93.0,0.0,100.0,7.0,100.0,0.0,87.0,589611675.0,63.0,32570.0,100.0,0.0,100.0,7.0,100.0,0.0,100.0,0.0,100.0,0.0,100.0,0.0,100.0,0.0,82.0,18.0,100.0,0.0,100.0,0.0,96.0,8680.0,18.0,18.0,100.0,0.0,100.0,0.0,200.0,0.0,100.0,32469.0,100.0,53075719592.0,100.0,130099233877.0
2019-06-27,Z304JWG3,ST4000DM000,4000787030016,0,119.0,213547760.0,93.0,0.0,100.0,7.0,100.0,0.0,87.0,591308127.0,63.0,32594.0,100.0,0.0,100.0,7.0,100.0,0.0,100.0,0.0,100.0,0.0,100.0,0.0,100.0,0.0,81.0,19.0,100.0,0.0,100.0,0.0,96.0,8680.0,19.0,19.0,100.0,0.0,100.0,0.0,200.0,0.0,100.0,32493.0,100.0,53089002376.0,100.0,130345794019.0
2019-06-28,Z304JWG3,ST4000DM000,4000787030016,0,112.0,42925528.0,93.0,0.0,100.0,7.0,100.0,0.0,87.0,593124992.0,63.0,32618.0,100.0,0.0,100.0,7.0,100.0,0.0,100.0,0.0,100.0,0.0,100.0,0.0,100.0,0.0,81.0,19.0,100.0,0.0,100.0,0.0,96.0,8680.0,19.0,19.0,100.0,0.0,100.0,0.0,200.0,0.0,100.0,32517.0,100.0,53107362416.0,100.0,130525594525.0
2019-06-29,Z304JWG3,ST4000DM000,4000787030016,0,105.0,7619408.0,93.0,0.0,100.0,7.0,100.0,0.0,87.0,594789766.0,63.0,32642.0,100.0,0.0,100.0,7.0,100.0,0.0,100.0,0.0,100.0,0.0,100.0,0.0,100.0,0.0,82.0,18.0,100.0,0.0,100.0,0.0,96.0,8680.0,18.0,18.0,100.0,0.0,100.0,0.0,200.0,0.0,100.0,32541.0,100.0,53127472096.0,100.0,130652029313.0
2019-06-30,Z304JWG3,ST4000DM000,4000787030016,0,120.0,238765736.0,93.0,0.0,100.0,7.0,100.0,0.0,87.0,596129493.0,63.0,32666.0,100.0,0.0,100.0,7.0,100.0,0.0,100.0,0.0,100.0,0.0,100.0,0.0,100.0,0.0,81.0,19.0,100.0,0.0,100.0,0.0,96.0,8680.0,19.0,19.0,100.0,0.0,100.0,0.0,200.0,0.0,100.0,32565.0,100.0,53141094224.0,100.0,130819672569.0
2019-07-01,Z304JWG3,ST4000DM000,4000787030016,0,112.0,46332416.0,93.0,0.0,100.0,7.0,100.0,0.0,87.0,598239344.0,63.0,32690.0,100.0,0.0,100.0,7.0,100.0,0.0,100.0,0.0,100.0,0.0,100.0,0.0,100.0,0.0,81.0,19.0,100.0,0.0,100.0,0.0,96.0,8680.0,19.0,19.0,100.0,0.0,100.0,0.0,200.0,0.0,100.0,32589.0,100.0,53162293184.0,100.0,130937296208.0
2019-07-02,Z304JWG3,ST4000DM000,4000787030016,0,118.0,198269008.0,93.0,0.0,100.0,7.0,100.0,0.0,87.0,599938149.0,63.0,32714.0,100.0,0.0,100.0,7.0,100.0,0.0,100.0,0.0,100.0,0.0,100.0,0.0,100.0,0.0,81.0,19.0,100.0,0.0,100.0,0.0,96.0,8680.0,19.0,19.0,100.0,0.0,100.0,0.0,200.0,0.0,100.0,32613.0,100.0,53177839040.0,100.0,131148020681.0
2019-07-03,Z304JWG3,ST4000DM000,4000787030016,0,108.0,16663840.0,93.0,0.0,100.0,7.0,100.0,0.0,87.0,601444893.0,63.0,32738.0,100.0,0.0,100.0,7.0,100.0,0.0,100.0,0.0,100.0,0.0,100.0,0.0,100.0,0.0,81.0,19.0,100.0,0.0,100.0,0.0,96.0,8680.0,19.0,19.0,100.0,0.0,100.0,0.0,200.0,0.0,100.0,32637.0,100.0,53196131144.0,100.0,131341700231.0
2019-07-04,Z304JWG3,ST4000DM000,4000787030016,0,112.0,46723360.0,93.0,0.0,100.0,7.0,100.0,0.0,87.0,603200234.0,63.0,32762.0,100.0,0.0,100.0,7.0,100.0,0.0,100.0,0.0,100.0,0.0,100.0,0.0,100.0,0.0,81.0,19.0,100.0,0.0,100.0,0.0,96.0,8680.0,19.0,19.0,100.0,0.0,100.0,0.0,200.0,0.0,100.0,32661.0,100.0,53215895912.0,100.0,131557835651.0
2019-07-05,Z304JWG3,ST4000DM000,4000787030016,0,108.0,19905016.0,93.0,0.0,100.0,7.0,100.0,0.0,87.0,605257746.0,63.0,32786.0,100.0,0.0,100.0,7.0,100.0,0.0,100.0,0.0,100.0,0.0,100.0,0.0,100.0,0.0,81.0,19.0,100.0,0.0,100.0,0.0,96.0,8680.0,19.0,19.0,100.0,0.0,100.0,0.0,200.0,0.0,100.0,32685.0,100.0,53240477432.0,100.0,131718148872.0
2019-07-06,Z304JWG3,ST4000DM000,4000787030016,0,115.0,88103472.0,93.0,0.0,100.0,7.0,100.0,0.0,87.0,607777251.0,63.0,32810.0,100.0,0.0,100.0,7.0,100.0,0.0,100.0,0.0,100.0,0.0,100.0,0.0,100.0,0.0,81.0,19.0,100.0,0.0,100.0,0.0,96.0,8680.0,19.0,19.0,100.0,0.0,100.0,0.0,200.0,0.0,100.0,32709.0,100.0,53264097160.0,100.0,131939349565.0
2019-07-07,Z304JWG3,ST4000DM000,4000787030016,0,119.0,234187480.0,93.0,0.0,100.0,7.0,100.0,0.0,87.0,609824535.0,63.0,32834.0,100.0,0.0,100.0,7.0,100.0,0.0,100.0,0.0,100.0,0.0,100.0,0.0,100.0,0.0,81.0,19.0,100.0,0.0,100.0,0.0,96.0,8680.0,19.0,19.0,100.0,0.0,100.0,0.0,200.0,0.0,100.0,32733.0,100.0,53290429088.0,100.0,132128799363.0
2019-07-08,Z304JWG3,ST4000DM000,4000787030016,0,114.0,62623872.0,93.0,0.0,100.0,7.0,100.0,0.0,87.0,611694879.0,63.0,32858.0,100.0,0.0,100.0,7.0,100.0,0.0,100.0,0.0,100.0,0.0,100.0,0.0,100.0,0.0,81.0,19.0,100.0,0.0,100.0,0.0,96.0,8680.0,19.0,19.0,100.0,0.0,100.0,0.0,200.0,0.0,100.0,32757.0,100.0,53310640296.0,100.0,132215260096.0
2019-07-09,Z304JWG3,ST4000DM000,4000787030016,0,117.0,142969800.0,93.0,0.0,100.0,7.0,100.0,0.0,87.0,612900317.0,63.0,32882.0,100.0,0.0,100.0,7.0,100.0,0.0,100.0,0.0,100.0,0.0,100.0,0.0,100.0,0.0,81.0,19.0,100.0,0.0,100.0,0.0,96.0,8680.0,19.0,19.0,100.0,0.0,100.0,0.0,200.0,0.0,100.0,32781.0,100.0,53332079904.0,100.0,132416124829.0
2019-07-10,Z304JWG3,ST4000DM000,4000787030016,0,108.0,18966416.0,93.0,0.0,100.0,7.0,100.0,0.0,87.0,614003150.0,63.0,32906.0,100.0,0.0,100.0,7.0,100.0,0.0,100.0,0.0,100.0,0.0,100.0,0.0,100.0,0.0,81.0,19.0,100.0,0.0,100.0,0.0,96.0,8680.0,19.0,19.0,100.0,0.0,100.0,0.0,200.0,0.0,100.0,32805.0,100.0,53348188112.0,100.0,132764491227.0
2019-07-11,Z304JWG3,ST4000DM000,4000787030016,0,111.0,33241912.0,93.0,0.0,100.0,7.0,100.0,0.0,87.0,615481551.0,63.0,32930.0,100.0,0.0,100.0,7.0,100.0,0.0,100.0,0.0,100.0,0.0,100.0,0.0,100.0,0.0,81.0,19.0,100.0,0.0,100.0,0.0,96.0,8680.0,19.0,19.0,100.0,0.0,100.0,0.0,200.0,0.0,100.0,32829.0,100.0,53363805232.0,100.0,133078655480.0
2019-07-12,Z304JWG3,ST4000DM000,4000787030016,0,117.0,164344104.0,93.0,0.0,100.0,7.0,100.0,0.0,87.0,616970792.0,63.0,32954.0,100.0,0.0,100.0,7.0,100.0,0.0,100.0,0.0,100.0,0.0,100.0,0.0,100.0,0.0,81.0,19.0,100.0,0.0,100.0,0.0,96.0,8680.0,19.0,19.0,100.0,0.0,100.0,0.0,200.0,0.0,100.0,32853.0,100.0,53382583624.0,100.0,133411204538.0
2019-07-13,Z304JWG3,ST4000DM000,4000787030016,0,118.0,185122912.0,93.0,0.0,100.0,7.0,100.0,0.0,87.0,619534627.0,63.0,32978.0,100.0,0.0,100.0,7.0,100.0,0.0,100.0,0.0,100.0,0.0,100.0,0.0,100.0,0.0,81.0,19.0,100.0,0.0,100.0,0.0,96.0,8680.0,19.0,19.0,100.0,0.0,100.0,0.0,200.0,0.0,100.0,32877.0,100.0,53406344408.0,100.0,133753223832.0
2019-07-14,Z304JWG3,ST4000DM000,4000787030016,0,114.0,83170560.0,93.0,0.0,100.0,7.0,100.0,0.0,87.0,621544064.0,63.0,33002.0,100.0,0.0,100.0,7.0,100.0,0.0,100.0,0.0,100.0,0.0,100.0,0.0,100.0,0.0,81.0,19.0,100.0,0.0,100.0,0.0,96.0,8680.0,19.0,19.0,100.0,0.0,100.0,0.0,200.0,0.0,100.0,32901.0,100.0,53427710712.0,100.0,134041232689.0
2019-07-15,Z304JWG3,ST4000DM000,4000787030016,0,114.0,60720288.0,93.0,0.0,100.0,7.0,100.0,0.0,87.0,623198039.0,63.0,33026.0,100.0,0.0,100.0,7.0,100.0,0.0,100.0,0.0,100.0,0.0,100.0,0.0,100.0,0.0,81.0,19.0,100.0,0.0,100.0,0.0,96.0,8680.0,19.0,19.0,100.0,0.0,100.0,0.0,200.0,0.0,100.0,32925.0,100.0,53447930872.0,100.0,134109916786.0
2019-07-16,Z304JWG3,ST4000DM000,4000787030016,0,115.0,94544416.0,93.0,0.0,100.0,7.0,100.0,0.0,87.0,624521187.0,63.0,33050.0,100.0,0.0,100.0,7.0,100.0,0.0,100.0,0.0,100.0,0.0,100.0,0.0,100.0,0.0,81.0,19.0,100.0,0.0,100.0,0.0,96.0,8680.0,19.0,19.0,100.0,0.0,100.0,0.0,200.0,0.0,100.0,32949.0,100.0,53461455768.0,100.0,134263879362.0
2019-07-17,Z304JWG3,ST4000DM000,4000787030016,0,109.0,23138512.0,93.0,0.0,100.0,7.0,100.0,0.0,87.0,626205340.0,63.0,33074.0,100.0,0.0,100.0,7.0,100.0,0.0,100.0,0.0,100.0,0.0,100.0,0.0,100.0,0.0,81.0,19.0,100.0,0.0,100.0,0.0,96.0,8680.0,19.0,19.0,100.0,0.0,100.0,0.0,200.0,0.0,100.0,32973.0,100.0,53482324208.0,100.0,134503306347.0
2019-07-18,Z304JWG3,ST4000DM000,4000787030016,0,117.0,148510072.0,93.0,0.0,100.0,7.0,100.0,0.0,87.0,629082695.0,63.0,33098.0,100.0,0.0,100.0,7.0,100.0,0.0,100.0,0.0,100.0,0.0,100.0,0.0,100.0,0.0,81.0,19.0,100.0,0.0,100.0,0.0,96.0,8680.0,19.0,19.0,100.0,0.0,100.0,0.0,200.0,0.0,100.0,32997.0,100.0,53505044400.0,100.0,134739398587.0
2019-07-19,Z304JWG3,ST4000DM000,4000787030016,0,117.0,128641728.0,93.0,0.0,100.0,7.0,100.0,0.0,87.0,631483021.0,63.0,33122.0,100.0,0.0,100.0,7.0,100.0,0.0,100.0,0.0,100.0,0.0,100.0,0.0,100.0,0.0,80.0,20.0,100.0,0.0,100.0,0.0,96.0,8680.0,20.0,20.0,100.0,0.0,100.0,0.0,200.0,0.0,100.0,33021.0,100.0,53526195264.0,100.0,134961586851.0
2019-07-20,Z304JWG3,ST4000DM000,4000787030016,0,119.0,205220336.0,93.0,0.0,100.0,7.0,100.0,0.0,87.0,633912544.0,63.0,33146.0,100.0,0.0,100.0,7.0,100.0,0.0,100.0,0.0,100.0,0.0,100.0,0.0,100.0,0.0,81.0,19.0,100.0,0.0,100.0,0.0,96.0,8680.0,19.0,19.0,100.0,0.0,100.0,0.0,200.0,0.0,100.0,33045.0,100.0,53552147432.0,100.0,135184595036.0
2019-07-21,Z304JWG3,ST4000DM000,4000787030016,0,117.0,128670944.0,93.0,0.0,100.0,7.0,100.0,0.0,87.0,635530161.0,63.0,33170.0,100.0,0.0,100.0,7.0,100.0,0.0,100.0,0.0,100.0,0.0,100.0,0.0,100.0,0.0,81.0,19.0,100.0,0.0,100.0,0.0,96.0,8680.0,19.0,19.0,100.0,0.0,100.0,0.0,200.0,0.0,100.0,33069.0,100.0,53571416720.0,100.0,135408310167.0
2019-07-22,Z304JWG3,ST4000DM000,4000787030016,0,118.0,180928208.0,93.0,0.0,100.0,7.0,100.0,0.0,87.0,637400856.0,63.0,33194.0,100.0,0.0,100.0,7.0,100.0,0.0,100.0,0.0,100.0,0.0,100.0,0.0,100.0,0.0,81.0,19.0,100.0,0.0,100.0,0.0,96.0,8680.0,19.0,19.0,100.0,0.0,100.0,0.0,200.0,0.0,100.0,33093.0,100.0,53595795704.0,100.0,135498282286.0
2019-07-23,Z304JWG3,ST4000DM000,4000787030016,0,111.0,36704352.0,93.0,0.0,100.0,7.0,100.0,0.0,87.0,638541502.0,63.0,33218.0,100.0,0.0,100.0,7.0,100.0,0.0,100.0,0.0,100.0,0.0,100.0,0.0,100.0,0.0,81.0,19.0,100.0,0.0,100.0,0.0,96.0,8680.0,19.0,19.0,100.0,0.0,100.0,0.0,200.0,0.0,100.0,33117.0,100.0,53614795280.0,100.0,135647372714.0
2019-07-24,Z304JWG3,ST4000DM000,4000787030016,0,114.0,64254320.0,93.0,0.0,100.0,7.0,100.0,0.0,87.0,639640290.0,63.0,33242.0,100.0,0.0,100.0,7.0,100.0,0.0,100.0,0.0,100.0,0.0,100.0,0.0,100.0,0.0,81.0,19.0,100.0,0.0,100.0,0.0,96.0,8680.0,19.0,19.0,100.0,0.0,100.0,0.0,200.0,0.0,100.0,33141.0,100.0,53631158160.0,100.0,135785548788.0
2019-07-25,Z304JWG3,ST4000DM000,4000787030016,0,117.0,128302056.0,93.0,0.0,100.0,7.0,100.0,0.0,87.0,641014044.0,63.0,33266.0,100.0,0.0,100.0,7.0,100.0,0.0,100.0,0.0,100.0,0.0,100.0,0.0,100.0,0.0,81.0,19.0,100.0,0.0,100.0,0.0,96.0,8680.0,19.0,19.0,100.0,0.0,100.0,0.0,200.0,0.0,100.0,33165.0,100.0,53652239128.0,100.0,135983626823.0
2019-07-26,Z304JWG3,ST4000DM000,4000787030016,0,118.0,173045408.0,93.0,0.0,100.0,7.0,100.0,0.0,87.0,643504145.0,62.0,33290.0,100.0,0.0,100.0,7.0,100.0,0.0,100.0,0.0,100.0,0.0,100.0,0.0,100.0,0.0,81.0,19.0,100.0,0.0,100.0,0.0,96.0,8680.0,19.0,19.0,100.0,0.0,100.0,0.0,200.0,0.0,100.0,33189.0,100.0,53678143608.0,100.0,136210348905.0
2019-07-27,Z304JWG3,ST4000DM000,4000787030016,0,114.0,68567120.0,93.0,0.0,100.0,7.0,100.0,0.0,87.0,644919860.0,62.0,33302.0,100.0,0.0,100.0,7.0,100.0,0.0,100.0,0.0,100.0,0.0,100.0,0.0,100.0,0.0,81.0,19.0,100.0,0.0,100.0,0.0,96.0,8680.0,19.0,19.0,100.0,0.0,100.0,0.0,200.0,0.0,100.0,33201.0,100.0,53688223504.0,100.0,136322199607.0
2019-07-28,Z304JWG3,ST4000DM000,4000787030016,0,114.0,69551200.0,93.0,0.0,100.0,7.0,100.0,0.0,87.0,646517947.0,62.0,33326.0,100.0,0.0,100.0,7.0,100.0,0.0,100.0,0.0,100.0,0.0,100.0,0.0,100.0,0.0,81.0,19.0,100.0,0.0,100.0,0.0,96.0,8680.0,19.0,19.0,100.0,0.0,100.0,0.0,200.0,0.0,100.0,33225.0,100.0,53709563232.0,100.0,136529526086.0
2019-07-29,Z304JWG3,ST4000DM000,4000787030016,0,108.0,15060864.0,93.0,0.0,100.0,7.0,100.0,0.0,87.0,648264886.0,62.0,33351.0,100.0,0.0,100.0,7.0,100.0,0.0,100.0,0.0,100.0,0.0,100.0,0.0,100.0,0.0,81.0,19.0,100.0,0.0,100.0,0.0,96.0,8680.0,19.0,19.0,100.0,0.0,100.0,0.0,200.0,0.0,100.0,33249.0,100.0,53724866888.0,100.0,136678015757.0
2019-07-30,Z304JWG3,ST4000DM000,4000787030016,0,117.0,131744968.0,93.0,0.0,100.0,7.0,100.0,0.0,87.0,650073381.0,62.0,33374.0,100.0,0.0,100.0,7.0,100.0,0.0,100.0,0.0,100.0,0.0,100.0,0.0,100.0,0.0,81.0,19.0,100.0,0.0,100.0,0.0,96.0,8680.0,19.0,19.0,100.0,0.0,100.0,0.0,200.0,0.0,100.0,33273.0,100.0,53743887512.0,100.0,136819025477.0
2019-07-31,Z304JWG3,ST4000DM000,4000787030016,0,117.0,133553664.0,93.0,0.0,100.0,7.0,100.0,0.0,87.0,651733741.0,62.0,33399.0,100.0,0.0,100.0,7.0,100.0,0.0,100.0,0.0,100.0,0.0,100.0,0.0,100.0,0.0,81.0,19.0,100.0,0.0,100.0,0.0,96.0,8680.0,19.0,19.0,100.0,0.0,100.0,0.0,200.0,0.0,100.0,33297.0,100.0,53768638840.0,100.0,137002056962.0
2019-08-01,Z304JWG3,ST4000DM000,4000787030016,0,118.0,171143640.0,93.0,0.0,100.0,7.0,100.0,0.0,87.0,653664418.0,62.0,33422.0,100.0,0.0,100.0,7.0,100.0,0.0,100.0,0.0,100.0,0.0,100.0,0.0,100.0,0.0,81.0,19.0,100.0,0.0,100.0,0.0,96.0,8680.0,19.0,19.0,100.0,0.0,100.0,0.0,200.0,0.0,100.0,33321.0,100.0,53788399856.0,100.0,137232559724.0
2019-08-02,Z304JWG3,ST4000DM000,4000787030016,0,118.0,192573448.0,93.0,0.0,100.0,7.0,100.0,0.0,87.0,655335747.0,62.0,33446.0,100.0,0.0,100.0,7.0,100.0,0.0,100.0,0.0,100.0,0.0,100.0,0.0,100.0,0.0,81.0,19.0,100.0,0.0,100.0,0.0,96.0,8680.0,19.0,19.0,100.0,0.0,100.0,0.0,200.0,0.0,100.0,33345.0,100.0,53804641872.0,100.0,137405480456.0
2019-08-03,Z304JWG3,ST4000DM000,4000787030016,0,105.0,7456792.0,93.0,0.0,100.0,7.0,100.0,0.0,87.0,657806567.0,62.0,33471.0,100.0,0.0,100.0,7.0,100.0,0.0,100.0,0.0,100.0,0.0,100.0,0.0,100.0,0.0,80.0,20.0,100.0,0.0,100.0,0.0,96.0,8680.0,20.0,20.0,100.0,0.0,100.0,0.0,200.0,0.0,100.0,33369.0,100.0,53829032032.0,100.0,137610912320.0
2019-08-04,Z304JWG3,ST4000DM000,4000787030016,0,106.0,11359376.0,93.0,0.0,100.0,7.0,100.0,0.0,87.0,658898048.0,62.0,33495.0,100.0,0.0,100.0,7.0,100.0,0.0,100.0,0.0,100.0,0.0,100.0,0.0,100.0,0.0,80.0,20.0,100.0,0.0,100.0,0.0,96.0,8680.0,20.0,20.0,100.0,0.0,100.0,0.0,200.0,0.0,100.0,33393.0,100.0,53850340816.0,100.0,137959503135.0
2019-08-05,Z304JWG3,ST4000DM000,4000787030016,0,116.0,101317504.0,93.0,0.0,100.0,7.0,100.0,0.0,87.0,660234363.0,62.0,33519.0,100.0,0.0,100.0,7.0,100.0,0.0,100.0,0.0,100.0,0.0,100.0,0.0,100.0,0.0,81.0,19.0,100.0,0.0,100.0,0.0,96.0,8680.0,19.0,19.0,100.0,0.0,100.0,0.0,200.0,0.0,100.0,33417.0,100.0,53872285624.0,100.0,138175695836.0
2019-08-06,Z304JWG3,ST4000DM000,4000787030016,0,111.0,33449448.0,93.0,0.0,100.0,7.0,100.0,0.0,87.0,661731218.0,62.0,33543.0,100.0,0.0,100.0,7.0,100.0,0.0,100.0,0.0,100.0,0.0,100.0,0.0,100.0,0.0,81.0,19.0,100.0,0.0,100.0,0.0,96.0,8680.0,19.0,19.0,100.0,0.0,100.0,0.0,200.0,0.0,100.0,33441.0,100.0,53897997496.0,100.0,138449847639.0
2019-08-07,Z304JWG3,ST4000DM000,4000787030016,0,117.0,145380248.0,93.0,0.0,100.0,7.0,100.0,0.0,87.0,663483669.0,62.0,33567.0,100.0,0.0,100.0,7.0,100.0,0.0,100.0,0.0,100.0,0.0,100.0,0.0,100.0,0.0,81.0,19.0,100.0,0.0,100.0,0.0,96.0,8680.0,19.0,19.0,100.0,0.0,100.0,0.0,200.0,0.0,100.0,33465.0,100.0,53920355968.0,100.0,138783852834.0
2019-08-08,Z304JWG3,ST4000DM000,4000787030016,0,114.0,83631080.0,93.0,0.0,100.0,7.0,100.0,0.0,87.0,665227889.0,62.0,33591.0,100.0,0.0,100.0,7.0,100.0,0.0,100.0,0.0,100.0,0.0,100.0,0.0,100.0,0.0,81.0,19.0,100.0,0.0,100.0,0.0,96.0,8680.0,19.0,19.0,100.0,0.0,100.0,0.0,200.0,0.0,100.0,33490.0,100.0,53937517360.0,100.0,139092828507.0
2019-08-09,Z304JWG3,ST4000DM000,4000787030016,0,119.0,231201192.0,93.0,0.0,100.0,7.0,100.0,0.0,87.0,668858853.0,62.0,33615.0,100.0,0.0,100.0,7.0,100.0,0.0,100.0,0.0,100.0,0.0,100.0,0.0,100.0,0.0,81.0,19.0,100.0,0.0,100.0,0.0,96.0,8680.0,19.0,19.0,100.0,0.0,100.0,0.0,200.0,0.0,100.0,33514.0,100.0,53964595440.0,100.0,139366826384.0
2019-08-10,Z304JWG3,ST4000DM000,4000787030016,0,117.0,133683320.0,93.0,0.0,100.0,7.0,100.0,0.0,88.0,671513708.0,62.0,33639.0,100.0,0.0,100.0,7.0,100.0,0.0,100.0,0.0,100.0,0.0,100.0,0.0,100.0,0.0,81.0,19.0,100.0,0.0,100.0,0.0,96.0,8680.0,19.0,19.0,100.0,0.0,100.0,0.0,200.0,0.0,100.0,33538.0,100.0,53984995032.0,100.0,139565585559.0
2019-08-11,Z304JWG3,ST4000DM000,4000787030016,0,113.0,53384096.0,93.0,0.0,100.0,7.0,100.0,0.0,88.0,673169096.0,62.0,33663.0,100.0,0.0,100.0,7.0,100.0,0.0,100.0,0.0,100.0,0.0,100.0,0.0,100.0,0.0,80.0,20.0,100.0,0.0,100.0,0.0,96.0,8680.0,20.0,20.0,100.0,0.0,100.0,0.0,200.0,0.0,100.0,33562.0,100.0,54004617024.0,100.0,139823718664.0
2019-08-12,Z304JWG3,ST4000DM000,4000787030016,0,118.0,172612520.0,93.0,0.0,100.0,7.0,100.0,0.0,88.0,675122516.0,62.0,33687.0,100.0,0.0,100.0,7.0,100.0,0.0,100.0,0.0,100.0,0.0,100.0,0.0,100.0,0.0,81.0,19.0,100.0,0.0,100.0,0.0,96.0,8680.0,19.0,19.0,100.0,0.0,100.0,0.0,200.0,0.0,100.0,33586.0,100.0,54033582056.0,100.0,139964556983.0
2019-08-13,Z304JWG3,ST4000DM000,4000787030016,0,118.0,181280168.0,93.0,0.0,100.0,7.0,100.0,0.0,88.0,677109844.0,62.0,33711.0,100.0,0.0,100.0,7.0,100.0,0.0,100.0,0.0,100.0,0.0,100.0,0.0,100.0,0.0,80.0,20.0,100.0,0.0,100.0,0.0,96.0,8680.0,20.0,20.0,100.0,0.0,100.0,0.0,200.0,0.0,100.0,33610.0,100.0,54060443608.0,100.0,140187676806.0
2019-08-14,Z304JWG3,ST4000DM000,4000787030016,0,119.0,214990864.0,93.0,0.0,100.0,7.0,100.0,0.0,88.0,679319792.0,62.0,33747.0,100.0,0.0,100.0,7.0,100.0,0.0,100.0,0.0,100.0,0.0,100.0,0.0,100.0,0.0,81.0,19.0,100.0,0.0,100.0,0.0,96.0,8680.0,19.0,19.0,100.0,0.0,100.0,0.0,200.0,0.0,100.0,33646.0,100.0,54084397128.0,100.0,140498556065.0
2019-08-15,Z304JWG3,ST4000DM000,4000787030016,0,111.0,29562744.0,93.0,0.0,100.0,7.0,100.0,0.0,88.0,680829733.0,62.0,33771.0,100.0,0.0,100.0,7.0,100.0,0.0,100.0,0.0,100.0,0.0,100.0,0.0,100.0,0.0,81.0,19.0,100.0,0.0,100.0,0.0,96.0,8680.0,19.0,19.0,100.0,0.0,100.0,0.0,200.0,0.0,100.0,33670.0,100.0,54101265736.0,100.0,140734396719.0
2019-08-16,Z304JWG3,ST4000DM000,4000787030016,0,118.0,181203640.0,93.0,0.0,100.0,7.0,100.0,0.0,88.0,682623704.0,62.0,33795.0,100.0,0.0,100.0,7.0,100.0,0.0,100.0,0.0,100.0,0.0,100.0,0.0,100.0,0.0,81.0,19.0,100.0,0.0,100.0,0.0,96.0,8680.0,19.0,19.0,100.0,0.0,100.0,0.0,200.0,0.0,100.0,33694.0,100.0,54117122336.0,100.0,140878053011.0
2019-08-17,Z304JWG3,ST4000DM000,4000787030016,0,114.0,59965720.0,93.0,0.0,100.0,7.0,100.0,0.0,88.0,684603488.0,62.0,33819.0,100.0,0.0,100.0,7.0,100.0,0.0,100.0,0.0,100.0,0.0,100.0,0.0,100.0,0.0,80.0,20.0,100.0,0.0,100.0,0.0,96.0,8680.0,20.0,20.0,100.0,0.0,100.0,0.0,200.0,0.0,100.0,33718.0,100.0,54135349712.0,100.0,141056345423.0
2019-08-18,Z304JWG3,ST4000DM000,4000787030016,0,116.0,105371936.0,93.0,0.0,100.0,7.0,100.0,0.0,88.0,686308704.0,62.0,33843.0,100.0,0.0,100.0,7.0,100.0,0.0,100.0,0.0,100.0,0.0,100.0,0.0,100.0,0.0,80.0,20.0,100.0,0.0,100.0,0.0,96.0,8680.0,20.0,20.0,100.0,0.0,100.0,0.0,200.0,0.0,100.0,33742.0,100.0,54151333704.0,100.0,141271914469.0
2019-08-19,Z304JWG3,ST4000DM000,4000787030016,0,118.0,185398592.0,93.0,0.0,100.0,7.0,100.0,0.0,88.0,688364261.0,62.0,33867.0,100.0,0.0,100.0,7.0,100.0,0.0,100.0,0.0,100.0,0.0,100.0,0.0,100.0,0.0,80.0,20.0,100.0,0.0,100.0,0.0,96.0,8680.0,20.0,20.0,100.0,0.0,100.0,0.0,200.0,0.0,100.0,33766.0,100.0,54172591480.0,100.0,141372884696.0
2019-08-20,Z304JWG3,ST4000DM000,4000787030016,0,114.0,60907464.0,93.0,0.0,100.0,7.0,100.0,0.0,88.0,690133639.0,62.0,33891.0,100.0,0.0,100.0,7.0,100.0,0.0,100.0,0.0,100.0,0.0,100.0,0.0,100.0,0.0,80.0,20.0,100.0,0.0,100.0,0.0,96.0,8680.0,20.0,20.0,100.0,0.0,100.0,0.0,200.0,0.0,100.0,33790.0,100.0,54196824224.0,100.0,141583539999.0
2019-08-21,Z304JWG3,ST4000DM000,4000787030016,0,119.0,214977240.0,93.0,0.0,100.0,7.0,100.0,0.0,88.0,690993989.0,62.0,33903.0,100.0,0.0,100.0,7.0,100.0,0.0,100.0,0.0,100.0,0.0,100.0,0.0,100.0,0.0,81.0,19.0,100.0,0.0,100.0,0.0,96.0,8680.0,19.0,19.0,100.0,0.0,100.0,0.0,200.0,0.0,100.0,33802.0,100.0,54206221328.0,100.0,141681425841.0
2019-08-22,Z304JWG3,ST4000DM000,4000787030016,0,119.0,224130800.0,93.0,0.0,100.0,7.0,100.0,0.0,88.0,692443037.0,62.0,33927.0,100.0,0.0,100.0,7.0,100.0,0.0,100.0,0.0,100.0,0.0,100.0,0.0,100.0,0.0,80.0,20.0,100.0,0.0,100.0,0.0,96.0,8680.0,20.0,20.0,100.0,0.0,100.0,0.0,200.0,0.0,100.0,33826.0,100.0,54220422768.0,100.0,141858868200.0
2019-08-23,Z304JWG3,ST4000DM000,4000787030016,0,112.0,45035312.0,93.0,0.0,100.0,7.0,100.0,0.0,88.0,693980973.0,62.0,33951.0,100.0,0.0,100.0,7.0,100.0,0.0,100.0,0.0,100.0,0.0,100.0,0.0,100.0,0.0,81.0,19.0,100.0,0.0,100.0,0.0,96.0,8680.0,19.0,19.0,100.0,0.0,100.0,0.0,200.0,0.0,100.0,33850.0,100.0,54244052832.0,100.0,142039570087.0
2019-08-24,Z304JWG3,ST4000DM000,4000787030016,0,112.0,46961672.0,93.0,0.0,100.0,7.0,100.0,0.0,88.0,697289412.0,62.0,33975.0,100.0,0.0,100.0,7.0,100.0,0.0,100.0,0.0,100.0,0.0,100.0,0.0,100.0,0.0,80.0,20.0,100.0,0.0,100.0,0.0,96.0,8680.0,20.0,20.0,100.0,0.0,100.0,0.0,200.0,0.0,100.0,33874.0,100.0,54267048296.0,100.0,142251718339.0
2019-08-25,Z304JWG3,ST4000DM000,4000787030016,0,115.0,84410720.0,93.0,0.0,100.0,7.0,100.0,0.0,88.0,698690507.0,62.0,33999.0,100.0,0.0,100.0,7.0,100.0,0.0,100.0,0.0,100.0,0.0,100.0,0.0,100.0,0.0,81.0,19.0,100.0,0.0,100.0,0.0,96.0,8680.0,19.0,19.0,100.0,0.0,100.0,0.0,200.0,0.0,100.0,33898.0,100.0,54284459264.0,100.0,142423786820.0
2019-08-26,Z304JWG3,ST4000DM000,4000787030016,0,107.0,13852968.0,93.0,0.0,100.0,7.0,100.0,0.0,88.0,701822480.0,62.0,34047.0,100.0,0.0,100.0,7.0,100.0,0.0,100.0,0.0,100.0,0.0,100.0,0.0,100.0,0.0,81.0,19.0,100.0,0.0,100.0,0.0,96.0,8680.0,19.0,19.0,100.0,0.0,100.0,0.0,200.0,0.0,100.0,33946.0,100.0,54333848560.0,100.0,142855137842.0
2019-08-27,Z304JWG3,ST4000DM000,4000787030016,0,107.0,13852968.0,93.0,0.0,100.0,7.0,100.0,0.0,88.0,701822480.0,62.0,34047.0,100.0,0.0,100.0,7.0,100.0,0.0,100.0,0.0,100.0,0.0,100.0,0.0,100.0,0.0,81.0,19.0,100.0,0.0,100.0,0.0,96.0,8680.0,19.0,19.0,100.0,0.0,100.0,0.0,200.0,0.0,100.0,33946.0,100.0,54333848560.0,100.0,142855137842.0
2019-08-28,Z304JWG3,ST4000DM000,4000787030016,0,118.0,192520032.0,93.0,0.0,100.0,7.0,100.0,0.0,88.0,702824412.0,62.0,34071.0,100.0,0.0,100.0,7.0,100.0,0.0,100.0,0.0,100.0,0.0,100.0,0.0,100.0,0.0,81.0,19.0,100.0,0.0,100.0,0.0,96.0,8680.0,19.0,19.0,100.0,0.0,100.0,0.0,200.0,0.0,100.0,33970.0,100.0,54351702552.0,100.0,143195866377.0
2019-08-29,Z304JWG3,ST4000DM000,4000787030016,0,119.0,210364960.0,93.0,0.0,100.0,7.0,100.0,0.0,88.0,703963085.0,62.0,34095.0,100.0,0.0,100.0,7.0,100.0,0.0,100.0,0.0,100.0,0.0,100.0,0.0,100.0,0.0,80.0,20.0,100.0,0.0,100.0,0.0,96.0,8680.0,20.0,20.0,100.0,0.0,100.0,0.0,200.0,0.0,100.0,33994.0,100.0,54370259384.0,100.0,143502096233.0
2019-08-30,Z304JWG3,ST4000DM000,4000787030016,0,118.0,199195120.0,93.0,0.0,100.0,7.0,100.0,0.0,88.0,705680673.0,62.0,34119.0,100.0,0.0,100.0,7.0,100.0,0.0,100.0,0.0,100.0,0.0,100.0,0.0,100.0,0.0,81.0,19.0,100.0,0.0,100.0,0.0,96.0,8680.0,19.0,19.0,100.0,0.0,100.0,0.0,200.0,0.0,100.0,34018.0,100.0,54386945664.0,100.0,143820024913.0
2019-08-31,Z304JWG3,ST4000DM000,4000787030016,0,114.0,59240096.0,93.0,0.0,100.0,7.0,100.0,0.0,88.0,709123926.0,62.0,34143.0,100.0,0.0,100.0,7.0,100.0,0.0,100.0,0.0,100.0,0.0,100.0,0.0,100.0,0.0,81.0,19.0,100.0,0.0,100.0,0.0,96.0,8680.0,19.0,19.0,100.0,0.0,100.0,0.0,200.0,0.0,100.0,34042.0,100.0,54409248896.0,100.0,144088881306.0
2019-09-01,Z304JWG3,ST4000DM000,4000787030016,0,119.0,219795968.0,93.0,0.0,100.0,7.0,100.0,0.0,88.0,712095307.0,61.0,34167.0,100.0,0.0,100.0,7.0,100.0,0.0,100.0,0.0,100.0,0.0,100.0,0.0,100.0,0.0,80.0,20.0,100.0,0.0,100.0,0.0,96.0,8680.0,20.0,20.0,100.0,0.0,100.0,0.0,200.0,0.0,100.0,34066.0,100.0,54426654656.0,100.0,144265621342.0
2019-09-02,Z304JWG3,ST4000DM000,4000787030016,0,111.0,34639608.0,93.0,0.0,100.0,7.0,100.0,0.0,88.0,713562742.0,61.0,34191.0,100.0,0.0,100.0,7.0,100.0,0.0,100.0,0.0,100.0,0.0,100.0,0.0,100.0,0.0,81.0,19.0,100.0,0.0,100.0,0.0,96.0,8680.0,19.0,19.0,100.0,0.0,100.0,0.0,200.0,0.0,100.0,34090.0,100.0,54442266904.0,100.0,144417376501.0
2019-09-03,Z304JWG3,ST4000DM000,4000787030016,0,120.0,243266920.0,93.0,0.0,100.0,7.0,100.0,0.0,88.0,715649125.0,61.0,34215.0,100.0,0.0,100.0,7.0,100.0,0.0,100.0,0.0,100.0,0.0,100.0,0.0,100.0,0.0,81.0,19.0,100.0,0.0,100.0,0.0,96.0,8680.0,19.0,19.0,100.0,0.0,100.0,0.0,200.0,0.0,100.0,34114.0,100.0,54464733488.0,100.0,144631733393.0
2019-09-04,Z304JWG3,ST4000DM000,4000787030016,0,117.0,133005000.0,93.0,0.0,100.0,7.0,100.0,0.0,88.0,717345117.0,61.0,34239.0,100.0,0.0,100.0,7.0,100.0,0.0,100.0,0.0,100.0,0.0,100.0,0.0,100.0,0.0,81.0,19.0,100.0,0.0,100.0,0.0,96.0,8680.0,19.0,19.0,100.0,0.0,100.0,0.0,200.0,0.0,100.0,34138.0,100.0,54481334424.0,100.0,144865650967.0
2019-09-05,Z304JWG3,ST4000DM000,4000787030016,0,112.0,42990272.0,93.0,0.0,100.0,7.0,100.0,0.0,88.0,719708981.0,61.0,34275.0,100.0,0.0,100.0,7.0,100.0,0.0,100.0,0.0,100.0,0.0,100.0,0.0,100.0,0.0,80.0,20.0,100.0,0.0,100.0,0.0,96.0,8680.0,20.0,20.0,100.0,0.0,100.0,0.0,200.0,0.0,100.0,34174.0,100.0,54507145792.0,100.0,145183339578.0
2019-09-06,Z304JWG3,ST4000DM000,4000787030016,0,111.0,39302360.0,93.0,0.0,100.0,7.0,100.0,0.0,88.0,722107044.0,61.0,34299.0,100.0,0.0,100.0,7.0,100.0,0.0,100.0,0.0,100.0,0.0,100.0,0.0,100.0,0.0,80.0,20.0,100.0,0.0,100.0,0.0,96.0,8680.0,20.0,20.0,100.0,0.0,100.0,0.0,200.0,0.0,100.0,34198.0,100.0,54531966272.0,100.0,145470936060.0
2019-09-07,Z304JWG3,ST4000DM000,4000787030016,0,118.0,172054240.0,93.0,0.0,100.0,7.0,100.0,0.0,88.0,724246533.0,61.0,34323.0,100.0,0.0,100.0,7.0,100.0,0.0,100.0,0.0,100.0,0.0,100.0,0.0,100.0,0.0,80.0,20.0,100.0,0.0,100.0,0.0,96.0,8680.0,20.0,20.0,100.0,0.0,100.0,0.0,200.0,0.0,100.0,34222.0,100.0,54560185240.0,100.0,145653692230.0
2019-09-08,Z304JWG3,ST4000DM000,4000787030016,0,116.0,111075768.0,93.0,0.0,100.0,7.0,100.0,0.0,88.0,725309695.0,61.0,34347.0,100.0,0.0,100.0,7.0,100.0,0.0,100.0,0.0,100.0,0.0,100.0,0.0,100.0,0.0,80.0,20.0,100.0,0.0,100.0,0.0,96.0,8680.0,20.0,20.0,100.0,0.0,100.0,0.0,200.0,0.0,100.0,34246.0,100.0,54580609344.0,100.0,145785830769.0
2019-09-09,Z304JWG3,ST4000DM000,4000787030016,0,117.0,159907880.0,93.0,0.0,100.0,7.0,100.0,0.0,88.0,727266456.0,61.0,34371.0,100.0,0.0,100.0,7.0,100.0,0.0,100.0,0.0,100.0,0.0,100.0,0.0,100.0,0.0,81.0,19.0,100.0,0.0,100.0,0.0,96.0,8680.0,19.0,19.0,100.0,0.0,100.0,0.0,200.0,0.0,100.0,34270.0,100.0,54607051408.0,100.0,145873069244.0
2019-09-10,Z304JWG3,ST4000DM000,4000787030016,0,117.0,145940600.0,93.0,0.0,100.0,7.0,100.0,0.0,88.0,728902318.0,61.0,34395.0,100.0,0.0,100.0,7.0,100.0,0.0,100.0,0.0,100.0,0.0,100.0,0.0,100.0,0.0,81.0,19.0,100.0,0.0,100.0,0.0,96.0,8680.0,19.0,19.0,100.0,0.0,100.0,0.0,200.0,0.0,100.0,34294.0,100.0,54624270760.0,100.0,146081159084.0
2019-09-11,Z304JWG3,ST4000DM000,4000787030016,0,118.0,172757616.0,93.0,0.0,100.0,7.0,100.0,0.0,88.0,730491142.0,61.0,34419.0,100.0,0.0,100.0,7.0,100.0,0.0,100.0,0.0,100.0,0.0,100.0,0.0,100.0,0.0,81.0,19.0,100.0,0.0,100.0,0.0,96.0,8680.0,19.0,19.0,100.0,0.0,100.0,0.0,200.0,0.0,100.0,34318.0,100.0,54639057464.0,100.0,146279489750.0
2019-09-12,Z304JWG3,ST4000DM000,4000787030016,0,116.0,105002896.0,93.0,0.0,100.0,7.0,100.0,0.0,88.0,731432735.0,61.0,34431.0,100.0,0.0,100.0,7.0,100.0,0.0,100.0,0.0,100.0,0.0,100.0,0.0,100.0,0.0,81.0,19.0,100.0,0.0,100.0,0.0,96.0,8680.0,19.0,19.0,100.0,0.0,100.0,0.0,200.0,0.0,100.0,34330.0,100.0,54647710384.0,100.0,146432079338.0
2019-09-13,Z304JWG3,ST4000DM000,4000787030016,0,109.0,24965848.0,93.0,0.0,100.0,7.0,100.0,0.0,88.0,733236612.0,61.0,34455.0,100.0,0.0,100.0,7.0,100.0,0.0,100.0,0.0,100.0,0.0,100.0,0.0,100.0,0.0,80.0,20.0,100.0,0.0,100.0,0.0,96.0,8680.0,20.0,20.0,100.0,0.0,100.0,0.0,200.0,0.0,100.0,34354.0,100.0,54666057704.0,100.0,146646219205.0
2019-09-14,Z304JWG3,ST4000DM000,4000787030016,0,118.0,179124648.0,93.0,0.0,100.0,7.0,100.0,0.0,88.0,735966160.0,61.0,34479.0,100.0,0.0,100.0,7.0,100.0,0.0,100.0,0.0,100.0,0.0,100.0,0.0,100.0,0.0,81.0,19.0,100.0,0.0,100.0,0.0,96.0,8680.0,19.0,19.0,100.0,0.0,100.0,0.0,200.0,0.0,100.0,34378.0,100.0,54694381808.0,100.0,146799795676.0
2019-09-15,Z304JWG3,ST4000DM000,4000787030016,0,114.0,71922936.0,93.0,0.0,100.0,7.0,100.0,0.0,88.0,737759238.0,61.0,34503.0,100.0,0.0,100.0,7.0,100.0,0.0,100.0,0.0,100.0,0.0,100.0,0.0,100.0,0.0,81.0,19.0,100.0,0.0,100.0,0.0,96.0,8680.0,19.0,19.0,100.0,0.0,100.0,0.0,200.0,0.0,100.0,34401.0,100.0,54715727744.0,100.0,147005704908.0
2019-09-16,Z304JWG3,ST4000DM000,4000787030016,0,119.0,1133488.0,93.0,0.0,100.0,7.0,100.0,0.0,88.0,740027331.0,61.0,34527.0,100.0,0.0,100.0,7.0,100.0,0.0,100.0,0.0,100.0,0.0,100.0,0.0,100.0,0.0,81.0,19.0,100.0,0.0,100.0,0.0,96.0,8680.0,19.0,19.0,100.0,0.0,100.0,0.0,200.0,0.0,100.0,34425.0,100.0,54740373872.0,100.0,147151302472.0
2019-09-17,Z304JWG3,ST4000DM000,4000787030016,0,114.0,67853688.0,93.0,0.0,100.0,7.0,100.0,0.0,88.0,741429675.0,61.0,34551.0,100.0,0.0,100.0,7.0,100.0,0.0,100.0,0.0,100.0,0.0,100.0,0.0,100.0,0.0,81.0,19.0,100.0,0.0,100.0,0.0,96.0,8680.0,19.0,19.0,100.0,0.0,100.0,0.0,200.0,0.0,100.0,34449.0,100.0,54757645688.0,100.0,147273116435.0
2019-09-18,Z304JWG3,ST4000DM000,4000787030016,0,119.0,202546384.0,93.0,0.0,100.0,7.0,100.0,0.0,88.0,743326084.0,61.0,34587.0,100.0,0.0,100.0,7.0,100.0,0.0,100.0,0.0,100.0,0.0,100.0,0.0,100.0,0.0,81.0,19.0,100.0,0.0,100.0,0.0,96.0,8680.0,19.0,19.0,100.0,0.0,100.0,0.0,200.0,0.0,100.0,34485.0,100.0,54800589648.0,100.0,147703041550.0
2019-09-19,Z304JWG3,ST4000DM000,4000787030016,0,108.0,17689640.0,93.0,0.0,100.0,7.0,100.0,0.0,88.0,744637471.0,61.0,34610.0,100.0,0.0,100.0,7.0,100.0,0.0,100.0,0.0,100.0,0.0,100.0,0.0,100.0,0.0,81.0,19.0,100.0,0.0,100.0,0.0,96.0,8680.0,19.0,19.0,100.0,0.0,100.0,0.0,200.0,0.0,100.0,34509.0,100.0,54814972272.0,100.0,148058893754.0
2019-09-20,Z304JWG3,ST4000DM000,4000787030016,0,112.0,47110336.0,93.0,0.0,100.0,7.0,100.0,0.0,88.0,746199080.0,61.0,34634.0,100.0,0.0,100.0,7.0,100.0,0.0,100.0,0.0,100.0,0.0,100.0,0.0,100.0,0.0,80.0,20.0,100.0,0.0,100.0,0.0,96.0,8680.0,20.0,20.0,100.0,0.0,100.0,0.0,200.0,0.0,100.0,34533.0,100.0,54837919112.0,100.0,148398436468.0
2019-09-21,Z304JWG3,ST4000DM000,4000787030016,0,118.0,173749144.0,93.0,0.0,100.0,7.0,100.0,0.0,88.0,749052585.0,61.0,34658.0,100.0,0.0,100.0,7.0,100.0,0.0,100.0,0.0,100.0,0.0,100.0,0.0,100.0,0.0,80.0,20.0,100.0,0.0,100.0,0.0,96.0,8680.0,20.0,20.0,100.0,0.0,100.0,0.0,200.0,0.0,100.0,34557.0,100.0,54862701984.0,100.0,148735941095.0
2019-09-22,Z304JWG3,ST4000DM000,4000787030016,0,114.0,77582704.0,93.0,0.0,100.0,7.0,100.0,0.0,88.0,751390713.0,61.0,34682.0,100.0,0.0,100.0,7.0,100.0,0.0,100.0,0.0,100.0,0.0,100.0,0.0,100.0,0.0,80.0,20.0,100.0,0.0,100.0,0.0,96.0,8680.0,20.0,20.0,100.0,0.0,100.0,0.0,200.0,0.0,100.0,34581.0,100.0,54891954240.0,100.0,149025919890.0
2019-09-23,Z304JWG3,ST4000DM000,4000787030016,0,118.0,183576648.0,93.0,0.0,100.0,7.0,100.0,0.0,88.0,753677491.0,61.0,34706.0,100.0,0.0,100.0,7.0,100.0,0.0,100.0,0.0,100.0,0.0,100.0,0.0,100.0,0.0,81.0,19.0,100.0,0.0,100.0,0.0,96.0,8680.0,19.0,19.0,100.0,0.0,100.0,0.0,200.0,0.0,100.0,34605.0,100.0,54921764888.0,100.0,149160659164.0
2019-09-24,Z304JWG3,ST4000DM000,4000787030016,0,115.0,84777240.0,93.0,0.0,100.0,7.0,100.0,0.0,88.0,755139726.0,61.0,34730.0,100.0,0.0,100.0,7.0,100.0,0.0,100.0,0.0,100.0,0.0,100.0,0.0,100.0,0.0,80.0,20.0,100.0,0.0,100.0,0.0,96.0,8680.0,20.0,20.0,100.0,0.0,100.0,0.0,200.0,0.0,100.0,34629.0,100.0,54948273928.0,100.0,149335622225.0
2019-09-25,Z304JWG3,ST4000DM000,4000787030016,0,119.0,220832384.0,93.0,0.0,100.0,7.0,100.0,0.0,88.0,756848941.0,61.0,34754.0,100.0,0.0,100.0,7.0,100.0,0.0,100.0,0.0,100.0,0.0,100.0,0.0,100.0,0.0,80.0,20.0,100.0,0.0,100.0,0.0,96.0,8680.0,20.0,20.0,100.0,0.0,100.0,0.0,200.0,0.0,100.0,34653.0,100.0,54974191664.0,100.0,149587562305.0
2019-09-26,Z304JWG3,ST4000DM000,4000787030016,0,114.0,73991504.0,93.0,0.0,100.0,7.0,100.0,0.0,88.0,758575383.0,61.0,34778.0,100.0,0.0,100.0,7.0,100.0,0.0,100.0,0.0,100.0,0.0,100.0,0.0,100.0,0.0,81.0,19.0,100.0,0.0,100.0,0.0,96.0,8680.0,19.0,19.0,100.0,0.0,100.0,0.0,200.0,0.0,100.0,34677.0,100.0,54999790040.0,100.0,149844681840.0
2019-09-27,Z304JWG3,ST4000DM000,4000787030016,0,118.0,180678456.0,93.0,0.0,100.0,7.0,100.0,0.0,88.0,760781980.0,61.0,34802.0,100.0,0.0,100.0,7.0,100.0,0.0,100.0,0.0,100.0,0.0,100.0,0.0,100.0,0.0,81.0,19.0,100.0,0.0,100.0,0.0,96.0,8680.0,19.0,19.0,100.0,0.0,100.0,0.0,200.0,0.0,100.0,34701.0,100.0,55020337936.0,100.0,150088314036.0
2019-09-28,Z304JWG3,ST4000DM000,4000787030016,0,111.0,39153136.0,93.0,0.0,100.0,7.0,100.0,0.0,88.0,763299814.0,61.0,34826.0,100.0,0.0,100.0,7.0,100.0,0.0,100.0,0.0,100.0,0.0,100.0,0.0,100.0,0.0,81.0,19.0,100.0,0.0,100.0,0.0,96.0,8680.0,19.0,19.0,100.0,0.0,100.0,0.0,200.0,0.0,100.0,34725.0,100.0,55048746848.0,100.0,150299145707.0
2019-09-29,Z304JWG3,ST4000DM000,4000787030016,0,114.0,60257176.0,93.0,0.0,100.0,7.0,100.0,0.0,88.0,764545655.0,61.0,34850.0,100.0,0.0,100.0,7.0,100.0,0.0,100.0,0.0,100.0,0.0,100.0,0.0,100.0,0.0,81.0,19.0,100.0,0.0,100.0,0.0,96.0,8680.0,19.0,19.0,100.0,0.0,100.0,0.0,200.0,0.0,100.0,34749.0,100.0,55064681192.0,100.0,150462378743.0
2019-09-30,Z304JWG3,ST4000DM000,4000787030016,0,117.0,158499744.0,93.0,0.0,100.0,7.0,100.0,0.0,88.0,767088318.0,61.0,34874.0,100.0,0.0,100.0,7.0,100.0,0.0,100.0,0.0,100.0,0.0,100.0,0.0,100.0,0.0,81.0,19.0,100.0,0.0,100.0,0.0,96.0,8680.0,19.0,19.0,100.0,0.0,100.0,0.0,200.0,0.0,100.0,34773.0,100.0,55090302336.0,100.0,150552433643.0
2019-10-01,Z304JWG3,ST4000DM000,4000787030016,0,116.0,109250400.0,93.0,0.0,100.0,7.0,100.0,0.0,88.0,768084489.0,61.0,34898.0,100.0,0.0,100.0,7.0,100.0,0.0,100.0,0.0,100.0,0.0,100.0,0.0,100.0,0.0,81.0,19.0,100.0,0.0,100.0,0.0,96.0,8680.0,19.0,19.0,100.0,0.0,100.0,0.0,200.0,0.0,100.0,34797.0,100.0,55102118920.0,100.0,150678117772.0
2019-10-02,Z304JWG3,ST4000DM000,4000787030016,0,120.0,240685064.0,93.0,0.0,100.0,7.0,100.0,0.0,88.0,771136151.0,61.0,34922.0,100.0,0.0,100.0,7.0,100.0,0.0,100.0,0.0,100.0,0.0,100.0,0.0,100.0,0.0,80.0,20.0,100.0,0.0,100.0,0.0,96.0,8680.0,20.0,20.0,100.0,0.0,100.0,0.0,200.0,0.0,100.0,34820.0,100.0,55118309416.0,100.0,150857808413.0
2019-10-03,Z304JWG3,ST4000DM000,4000787030016,0,120.0,238057200.0,93.0,0.0,100.0,7.0,100.0,0.0,88.0,771941788.0,61.0,34945.0,100.0,0.0,100.0,7.0,100.0,0.0,100.0,0.0,100.0,0.0,100.0,0.0,100.0,0.0,81.0,19.0,100.0,0.0,100.0,0.0,96.0,8680.0,19.0,19.0,100.0,0.0,100.0,0.0,200.0,0.0,100.0,34844.0,100.0,55123163864.0,100.0,150980080911.0
2019-10-04,Z304JWG3,ST4000DM000,4000787030016,0,118.0,187064208.0,93.0,0.0,100.0,7.0,100.0,0.0,88.0,773846564.0,61.0,34969.0,100.0,0.0,100.0,7.0,100.0,0.0,100.0,0.0,100.0,0.0,100.0,0.0,100.0,0.0,81.0,19.0,100.0,0.0,100.0,0.0,96.0,8680.0,19.0,19.0,100.0,0.0,100.0,0.0,200.0,0.0,100.0,34868.0,100.0,55141723208.0,100.0,151076982547.0
2019-10-05,Z304JWG3,ST4000DM000,4000787030016,0,112.0,43700752.0,93.0,0.0,100.0,7.0,100.0,0.0,88.0,774805763.0,61.0,34993.0,100.0,0.0,100.0,7.0,100.0,0.0,100.0,0.0,100.0,0.0,100.0,0.0,100.0,0.0,81.0,19.0,100.0,0.0,100.0,0.0,96.0,8680.0,19.0,19.0,100.0,0.0,100.0,0.0,200.0,0.0,100.0,34892.0,100.0,55150283368.0,100.0,151178527879.0
2019-10-06,Z304JWG3,ST4000DM000,4000787030016,0,119.0,208312152.0,93.0,0.0,100.0,7.0,100.0,0.0,88.0,775706293.0,61.0,35017.0,100.0,0.0,100.0,7.0,100.0,0.0,100.0,0.0,100.0,0.0,100.0,0.0,100.0,0.0,81.0,19.0,100.0,0.0,100.0,0.0,96.0,8680.0,19.0,19.0,100.0,0.0,100.0,0.0,200.0,0.0,100.0,34916.0,100.0,55186738424.0,100.0,151237777296.0
2019-10-07,Z304JWG3,ST4000DM000,4000787030016,0,119.0,234512856.0,93.0,0.0,100.0,7.0,100.0,0.0,88.0,777573098.0,60.0,35041.0,100.0,0.0,100.0,7.0,100.0,0.0,100.0,0.0,100.0,0.0,100.0,0.0,100.0,0.0,81.0,19.0,100.0,0.0,100.0,0.0,96.0,8680.0,19.0,19.0,100.0,0.0,100.0,0.0,200.0,0.0,100.0,34940.0,100.0,55220982936.0,100.0,151282506974.0
2019-10-08,Z304JWG3,ST4000DM000,4000787030016,0,117.0,154084512.0,93.0,0.0,100.0,7.0,100.0,0.0,88.0,778389704.0,60.0,35065.0,100.0,0.0,100.0,7.0,100.0,0.0,100.0,0.0,100.0,0.0,100.0,0.0,100.0,0.0,81.0,19.0,100.0,0.0,100.0,0.0,96.0,8680.0,19.0,19.0,100.0,0.0,100.0,0.0,200.0,0.0,100.0,34964.0,100.0,55243256480.0,100.0,151347619968.0
2019-10-09,Z304JWG3,ST4000DM000,4000787030016,0,119.0,233205576.0,93.0,0.0,100.0,7.0,100.0,0.0,88.0,779037835.0,60.0,35089.0,100.0,0.0,100.0,7.0,100.0,0.0,100.0,0.0,100.0,0.0,100.0,0.0,100.0,0.0,77.0,23.0,100.0,0.0,100.0,0.0,96.0,8680.0,23.0,23.0,100.0,0.0,100.0,0.0,200.0,0.0,100.0,34988.0,100.0,55264723192.0,100.0,151399315646.0
2019-10-10,Z304JWG3,ST4000DM000,4000787030016,0,119.0,201651488.0,93.0,0.0,100.0,7.0,100.0,0.0,88.0,779975675.0,60.0,35113.0,100.0,0.0,100.0,7.0,100.0,0.0,100.0,0.0,100.0,0.0,100.0,0.0,100.0,0.0,76.0,24.0,100.0,0.0,100.0,0.0,96.0,8680.0,24.0,24.0,100.0,0.0,100.0,0.0,200.0,0.0,100.0,35012.0,100.0,55290806040.0,100.0,151492759828.0
2019-10-11,Z304JWG3,ST4000DM000,4000787030016,0,108.0,18077800.0,93.0,0.0,100.0,7.0,100.0,0.0,88.0,781854118.0,60.0,35137.0,100.0,0.0,100.0,7.0,100.0,0.0,100.0,0.0,100.0,0.0,100.0,0.0,100.0,0.0,76.0,24.0,100.0,0.0,100.0,0.0,96.0,8680.0,24.0,24.0,100.0,0.0,100.0,0.0,200.0,0.0,100.0,35036.0,100.0,55319260544.0,100.0,151636351607.0
2019-10-12,Z304JWG3,ST4000DM000,4000787030016,0,119.0,221993952.0,93.0,0.0,100.0,7.0,100.0,0.0,88.0,783242297.0,60.0,35161.0,100.0,0.0,100.0,7.0,100.0,0.0,100.0,0.0,100.0,0.0,100.0,0.0,100.0,0.0,77.0,23.0,100.0,0.0,100.0,0.0,96.0,8680.0,23.0,23.0,100.0,0.0,100.0,0.0,200.0,0.0,100.0,35060.0,100.0,55332476936.0,100.0,151727169992.0
2019-10-13,Z304JWG3,ST4000DM000,4000787030016,0,119.0,201474888.0,93.0,0.0,100.0,7.0,100.0,0.0,88.0,783912118.0,60.0,35185.0,100.0,0.0,100.0,7.0,100.0,0.0,100.0,0.0,100.0,0.0,100.0,0.0,100.0,0.0,77.0,23.0,100.0,0.0,100.0,0.0,96.0,8680.0,23.0,23.0,100.0,0.0,100.0,0.0,200.0,0.0,100.0,35083.0,100.0,55344158408.0,100.0,151799649676.0
2019-10-14,Z304JWG3,ST4000DM000,4000787030016,0,117.0,123304888.0,93.0,0.0,100.0,7.0,100.0,0.0,88.0,785526344.0,60.0,35209.0,100.0,0.0,100.0,7.0,100.0,0.0,100.0,0.0,100.0,0.0,100.0,0.0,100.0,0.0,77.0,23.0,100.0,0.0,100.0,0.0,96.0,8680.0,23.0,23.0,100.0,0.0,100.0,0.0,200.0,0.0,100.0,35107.0,100.0,55356979912.0,100.0,151843674413.0
2019-10-15,Z304JWG3,ST4000DM000,4000787030016,0,117.0,138189400.0,93.0,0.0,100.0,7.0,100.0,0.0,88.0,786565545.0,60.0,35256.0,100.0,0.0,100.0,7.0,100.0,0.0,100.0,0.0,100.0,0.0,100.0,0.0,100.0,0.0,76.0,24.0,100.0,0.0,100.0,0.0,96.0,8680.0,24.0,24.0,100.0,0.0,100.0,0.0,200.0,0.0,100.0,35155.0,100.0,55368115984.0,100.0,151965318788.0
2019-10-16,Z304JWG3,ST4000DM000,4000787030016,0,117.0,138189400.0,93.0,0.0,100.0,7.0,100.0,0.0,88.0,786565545.0,60.0,35256.0,100.0,0.0,100.0,7.0,100.0,0.0,100.0,0.0,100.0,0.0,100.0,0.0,100.0,0.0,76.0,24.0,100.0,0.0,100.0,0.0,96.0,8680.0,24.0,24.0,100.0,0.0,100.0,0.0,200.0,0.0,100.0,35155.0,100.0,55368115984.0,100.0,151965318788.0
2019-10-17,Z304JWG3,ST4000DM000,4000787030016,0,120.0,236044456.0,93.0,0.0,100.0,7.0,100.0,0.0,88.0,788990749.0,60.0,35280.0,100.0,0.0,100.0,7.0,100.0,0.0,100.0,0.0,100.0,0.0,100.0,0.0,100.0,0.0,76.0,24.0,100.0,0.0,100.0,0.0,96.0,8680.0,24.0,24.0,100.0,0.0,100.0,0.0,200.0,0.0,100.0,35179.0,100.0,55382261768.0,100.0,152182029742.0
2019-10-18,Z304JWG3,ST4000DM000,4000787030016,0,119.0,223630016.0,93.0,0.0,100.0,7.0,100.0,0.0,88.0,791697230.0,60.0,35304.0,100.0,0.0,100.0,7.0,100.0,0.0,100.0,0.0,100.0,0.0,100.0,0.0,100.0,0.0,76.0,24.0,100.0,0.0,100.0,0.0,96.0,8680.0,24.0,24.0,100.0,0.0,100.0,0.0,200.0,0.0,100.0,35203.0,100.0,55414489312.0,100.0,152332576071.0
2019-10-19,Z304JWG3,ST4000DM000,4000787030016,0,119.0,209399168.0,93.0,0.0,100.0,7.0,100.0,0.0,88.0,793788158.0,60.0,35328.0,100.0,0.0,100.0,7.0,100.0,0.0,100.0,0.0,100.0,0.0,100.0,0.0,100.0,0.0,76.0,24.0,100.0,0.0,100.0,0.0,96.0,8680.0,24.0,24.0,100.0,0.0,100.0,0.0,200.0,0.0,100.0,35227.0,100.0,55446385584.0,100.0,152493217910.0
2019-10-20,Z304JWG3,ST4000DM000,4000787030016,0,117.0,145428160.0,93.0,0.0,100.0,7.0,100.0,0.0,88.0,795048776.0,60.0,35352.0,100.0,0.0,100.0,7.0,100.0,0.0,100.0,0.0,100.0,0.0,100.0,0.0,100.0,0.0,76.0,24.0,100.0,0.0,100.0,0.0,96.0,8680.0,24.0,24.0,100.0,0.0,100.0,0.0,200.0,0.0,100.0,35251.0,100.0,55467059904.0,100.0,152744117811.0
2019-10-21,Z304JWG3,ST4000DM000,4000787030016,0,118.0,180296360.0,93.0,0.0,100.0,7.0,100.0,0.0,88.0,796602072.0,60.0,35377.0,100.0,0.0,100.0,7.0,100.0,0.0,100.0,0.0,100.0,0.0,100.0,0.0,100.0,0.0,76.0,24.0,100.0,0.0,100.0,0.0,96.0,8680.0,24.0,24.0,100.0,0.0,100.0,0.0,200.0,0.0,100.0,35275.0,100.0,55491072184.0,100.0,152836746751.0
2019-10-22,Z304JWG3,ST4000DM000,4000787030016,0,117.0,147890232.0,93.0,0.0,100.0,7.0,100.0,0.0,88.0,798133754.0,60.0,35401.0,100.0,0.0,100.0,7.0,100.0,0.0,100.0,0.0,100.0,0.0,100.0,0.0,100.0,0.0,76.0,24.0,100.0,0.0,100.0,0.0,96.0,8680.0,24.0,24.0,100.0,0.0,100.0,0.0,200.0,0.0,100.0,35299.0,100.0,55516102992.0,100.0,153104010020.0
2019-10-23,Z304JWG3,ST4000DM000,4000787030016,0,111.0,37513328.0,93.0,0.0,100.0,7.0,100.0,0.0,88.0,799077904.0,60.0,35425.0,100.0,0.0,100.0,7.0,100.0,0.0,100.0,0.0,100.0,0.0,100.0,0.0,100.0,0.0,76.0,24.0,100.0,0.0,100.0,0.0,96.0,8680.0,24.0,24.0,100.0,0.0,100.0,0.0,200.0,0.0,100.0,35323.0,100.0,55532469384.0,100.0,153411763640.0
2019-10-24,Z304JWG3,ST4000DM000,4000787030016,0,118.0,182926880.0,93.0,0.0,100.0,7.0,100.0,0.0,88.0,800364383.0,60.0,35448.0,100.0,0.0,100.0,7.0,100.0,0.0,100.0,0.0,100.0,0.0,100.0,0.0,100.0,0.0,76.0,24.0,100.0,0.0,100.0,0.0,96.0,8680.0,24.0,24.0,100.0,0.0,100.0,0.0,200.0,0.0,100.0,35347.0,100.0,55541449240.0,100.0,153728570280.0
2019-10-25,Z304JWG3,ST4000DM000,4000787030016,0,102.0,3899232.0,93.0,0.0,100.0,7.0,100.0,0.0,88.0,802324562.0,60.0,35472.0,100.0,0.0,100.0,7.0,100.0,0.0,100.0,0.0,100.0,0.0,100.0,0.0,100.0,0.0,76.0,24.0,100.0,0.0,100.0,0.0,96.0,8680.0,24.0,24.0,100.0,0.0,100.0,0.0,200.0,0.0,100.0,35371.0,100.0,55552672328.0,100.0,154016824402.0
2019-10-26,Z304JWG3,ST4000DM000,4000787030016,0,114.0,76322640.0,93.0,0.0,100.0,7.0,100.0,0.0,88.0,805214402.0,60.0,35496.0,100.0,0.0,100.0,7.0,100.0,0.0,100.0,0.0,100.0,0.0,100.0,0.0,100.0,0.0,76.0,24.0,100.0,0.0,100.0,0.0,96.0,8680.0,24.0,24.0,100.0,0.0,100.0,0.0,200.0,0.0,100.0,35395.0,100.0,55565314528.0,100.0,154273755376.0
2019-10-27,Z304JWG3,ST4000DM000,4000787030016,0,119.0,234686648.0,93.0,0.0,100.0,7.0,100.0,0.0,89.0,806556363.0,60.0,35520.0,100.0,0.0,100.0,7.0,100.0,0.0,100.0,0.0,100.0,0.0,100.0,0.0,100.0,0.0,76.0,24.0,100.0,0.0,100.0,0.0,96.0,8680.0,24.0,24.0,100.0,0.0,100.0,0.0,200.0,0.0,100.0,35419.0,100.0,55573989296.0,100.0,154460688590.0
2019-10-28,Z304JWG3,ST4000DM000,4000787030016,0,117.0,122735048.0,93.0,0.0,100.0,7.0,100.0,0.0,89.0,808263785.0,60.0,35544.0,100.0,0.0,100.0,7.0,100.0,0.0,100.0,0.0,100.0,0.0,100.0,0.0,100.0,0.0,76.0,24.0,100.0,0.0,100.0,0.0,96.0,8680.0,24.0,24.0,100.0,0.0,100.0,0.0,200.0,0.0,100.0,35443.0,100.0,55583842376.0,100.0,154538829403.0
2019-10-29,Z304JWG3,ST4000DM000,4000787030016,0,118.0,201189176.0,93.0,0.0,100.0,7.0,100.0,0.0,89.0,809069072.0,60.0,35556.0,100.0,0.0,100.0,7.0,100.0,0.0,100.0,0.0,100.0,0.0,100.0,0.0,100.0,0.0,76.0,24.0,100.0,0.0,100.0,0.0,96.0,8680.0,24.0,24.0,100.0,0.0,100.0,0.0,200.0,0.0,100.0,35455.0,100.0,55591679584.0,100.0,154661458270.0
2019-10-30,Z304JWG3,ST4000DM000,4000787030016,0,114.0,75162064.0,93.0,0.0,100.0,7.0,100.0,0.0,89.0,811160358.0,60.0,35592.0,100.0,0.0,100.0,7.0,100.0,0.0,100.0,0.0,100.0,0.0,100.0,0.0,100.0,0.0,76.0,24.0,100.0,0.0,100.0,0.0,96.0,8680.0,24.0,24.0,100.0,0.0,100.0,0.0,200.0,0.0,100.0,35491.0,100.0,55610796848.0,100.0,154943138161.0
2019-10-31,Z304JWG3,ST4000DM000,4000787030016,0,111.0,35295808.0,93.0,0.0,100.0,7.0,100.0,0.0,89.0,812059403.0,60.0,35616.0,100.0,0.0,100.0,7.0,100.0,0.0,100.0,0.0,100.0,0.0,100.0,0.0,100.0,0.0,75.0,25.0,100.0,0.0,100.0,0.0,96.0,8680.0,25.0,25.0,100.0,0.0,100.0,0.0,200.0,0.0,100.0,35515.0,100.0,55619668984.0,100.0,155043700384.0
2019-11-01,Z304JWG3,ST4000DM000,4000787030016,0,114.0,78956704.0,93.0,0.0,100.0,7.0,100.0,0.0,89.0,813541149.0,60.0,35640.0,100.0,0.0,100.0,7.0,100.0,0.0,100.0,0.0,100.0,0.0,100.0,0.0,100.0,0.0,75.0,25.0,100.0,0.0,100.0,0.0,96.0,8680.0,25.0,25.0,100.0,0.0,100.0,0.0,200.0,0.0,100.0,35539.0,100.0,55624855056.0,100.0,155232068057.0
2019-11-02,Z304JWG3,ST4000DM000,4000787030016,0,112.0,43235096.0,93.0,0.0,100.0,7.0,100.0,0.0,89.0,815793478.0,60.0,35664.0,100.0,0.0,100.0,7.0,100.0,0.0,100.0,0.0,100.0,0.0,100.0,0.0,100.0,0.0,76.0,24.0,100.0,0.0,100.0,0.0,96.0,8680.0,24.0,24.0,100.0,0.0,100.0,0.0,200.0,0.0,100.0,35563.0,100.0,55630690328.0,100.0,155438953871.0
2019-11-03,Z304JWG3,ST4000DM000,4000787030016,0,114.0,77811120.0,93.0,0.0,100.0,7.0,100.0,0.0,89.0,816915179.0,60.0,35688.0,100.0,0.0,100.0,7.0,100.0,0.0,100.0,0.0,100.0,0.0,100.0,0.0,100.0,0.0,76.0,24.0,100.0,0.0,100.0,0.0,96.0,8680.0,24.0,24.0,100.0,0.0,100.0,0.0,200.0,0.0,100.0,35587.0,100.0,55635481992.0,100.0,155594363307.0
2019-11-04,Z304JWG3,ST4000DM000,4000787030016,0,119.0,211067896.0,93.0,0.0,100.0,7.0,100.0,0.0,89.0,818567628.0,60.0,35712.0,100.0,0.0,100.0,7.0,100.0,0.0,100.0,0.0,100.0,0.0,100.0,0.0,100.0,0.0,75.0,25.0,100.0,0.0,100.0,0.0,96.0,8680.0,25.0,25.0,100.0,0.0,100.0,0.0,200.0,0.0,100.0,35611.0,100.0,55641044344.0,100.0,155667722863.0
2019-11-06,Z304JWG3,ST4000DM000,4000787030016,0,112.0,48649600.0,93.0,0.0,100.0,7.0,100.0,0.0,89.0,821376369.0,60.0,35760.0,100.0,0.0,100.0,7.0,100.0,0.0,100.0,0.0,100.0,0.0,100.0,0.0,100.0,0.0,76.0,24.0,100.0,0.0,100.0,0.0,96.0,8680.0,24.0,24.0,100.0,0.0,100.0,0.0,200.0,0.0,100.0,35659.0,100.0,55662471720.0,100.0,156041354519.0
2019-11-07,Z304JWG3,ST4000DM000,4000787030016,0,118.0,190213056.0,93.0,0.0,100.0,7.0,100.0,0.0,89.0,822727037.0,60.0,35784.0,100.0,0.0,100.0,7.0,100.0,0.0,100.0,0.0,100.0,0.0,100.0,0.0,100.0,0.0,76.0,24.0,100.0,0.0,100.0,0.0,96.0,8680.0,24.0,24.0,100.0,0.0,100.0,0.0,200.0,0.0,100.0,35683.0,100.0,55668462200.0,100.0,156226501600.0
2019-11-08,Z304JWG3,ST4000DM000,4000787030016,0,104.0,7179864.0,93.0,0.0,100.0,7.0,100.0,0.0,89.0,824570923.0,60.0,35808.0,100.0,0.0,100.0,7.0,100.0,0.0,100.0,0.0,100.0,0.0,100.0,0.0,100.0,0.0,76.0,24.0,100.0,0.0,100.0,0.0,96.0,8680.0,24.0,24.0,100.0,0.0,100.0,0.0,200.0,0.0,100.0,35707.0,100.0,55672364512.0,100.0,156432922706.0
2019-11-09,Z304JWG3,ST4000DM000,4000787030016,0,117.0,145544312.0,93.0,0.0,100.0,7.0,100.0,0.0,89.0,826503901.0,60.0,35832.0,100.0,0.0,100.0,7.0,100.0,0.0,100.0,0.0,100.0,0.0,100.0,0.0,100.0,0.0,76.0,24.0,100.0,0.0,100.0,0.0,96.0,8680.0,24.0,24.0,100.0,0.0,100.0,0.0,200.0,0.0,100.0,35731.0,100.0,55676122064.0,100.0,156574805544.0
2019-11-10,Z304JWG3,ST4000DM000,4000787030016,0,119.0,222286144.0,93.0,0.0,100.0,7.0,100.0,0.0,89.0,828214628.0,60.0,35856.0,100.0,0.0,100.0,7.0,100.0,0.0,100.0,0.0,100.0,0.0,100.0,0.0,100.0,0.0,76.0,24.0,100.0,0.0,100.0,0.0,96.0,8680.0,24.0,24.0,100.0,0.0,100.0,0.0,200.0,0.0,100.0,35755.0,100.0,55684424032.0,100.0,156786191809.0
2019-11-11,Z304JWG3,ST4000DM000,4000787030016,0,119.0,2173816.0,93.0,0.0,100.0,7.0,100.0,0.0,89.0,830102776.0,60.0,35880.0,100.0,0.0,100.0,7.0,100.0,0.0,100.0,0.0,100.0,0.0,100.0,0.0,100.0,0.0,76.0,24.0,100.0,0.0,100.0,0.0,96.0,8680.0,24.0,24.0,100.0,0.0,100.0,0.0,200.0,0.0,100.0,35779.0,100.0,55690000240.0,100.0,156869308270.0
2019-11-12,Z304JWG3,ST4000DM000,4000787030016,0,118.0,171431784.0,93.0,0.0,100.0,7.0,100.0,0.0,89.0,831305552.0,60.0,35904.0,100.0,0.0,100.0,7.0,100.0,0.0,100.0,0.0,100.0,0.0,100.0,0.0,100.0,0.0,76.0,24.0,100.0,0.0,100.0,0.0,96.0,8680.0,24.0,24.0,100.0,0.0,100.0,0.0,200.0,0.0,100.0,35803.0,100.0,55696152776.0,100.0,157032774543.0
2019-11-13,Z304JWG3,ST4000DM000,4000787030016,0,110.0,25571088.0,93.0,0.0,100.0,7.0,100.0,0.0,89.0,833523440.0,59.0,35928.0,100.0,0.0,100.0,7.0,100.0,0.0,100.0,0.0,100.0,0.0,100.0,0.0,100.0,0.0,76.0,24.0,100.0,0.0,100.0,0.0,96.0,8680.0,24.0,24.0,100.0,0.0,100.0,0.0,200.0,0.0,100.0,35826.0,100.0,55706278912.0,100.0,157302796668.0
2019-11-14,Z304JWG3,ST4000DM000,4000787030016,0,114.0,78908328.0,93.0,0.0,100.0,7.0,100.0,0.0,89.0,834994739.0,59.0,35951.0,100.0,0.0,100.0,7.0,100.0,0.0,100.0,0.0,100.0,0.0,100.0,0.0,100.0,0.0,76.0,24.0,100.0,0.0,100.0,0.0,96.0,8680.0,24.0,24.0,100.0,0.0,100.0,0.0,200.0,0.0,100.0,35850.0,100.0,55712867560.0,100.0,157638501681.0
2019-11-15,Z304JWG3,ST4000DM000,4000787030016,0,114.0,83735072.0,93.0,0.0,100.0,7.0,100.0,0.0,89.0,836056879.0,59.0,35975.0,100.0,0.0,100.0,7.0,100.0,0.0,100.0,0.0,100.0,0.0,100.0,0.0,100.0,0.0,76.0,24.0,100.0,0.0,100.0,0.0,96.0,8680.0,24.0,24.0,100.0,0.0,100.0,0.0,200.0,0.0,100.0,35874.0,100.0,55718835384.0,100.0,157948768585.0
2019-11-16,Z304JWG3,ST4000DM000,4000787030016,0,115.0,84260928.0,93.0,0.0,100.0,7.0,100.0,0.0,89.0,838622708.0,59.0,35999.0,100.0,0.0,100.0,7.0,100.0,0.0,100.0,0.0,100.0,0.0,100.0,0.0,100.0,0.0,76.0,24.0,100.0,0.0,100.0,0.0,96.0,8680.0,24.0,24.0,100.0,0.0,100.0,0.0,200.0,0.0,100.0,35898.0,100.0,55725648064.0,100.0,158270665039.0
2019-11-17,Z304JWG3,ST4000DM000,4000787030016,0,119.0,208704808.0,93.0,0.0,100.0,7.0,100.0,0.0,89.0,840593849.0,59.0,36023.0,100.0,0.0,100.0,7.0,100.0,0.0,100.0,0.0,100.0,0.0,100.0,0.0,100.0,0.0,74.0,26.0,100.0,0.0,100.0,0.0,96.0,8680.0,26.0,26.0,100.0,0.0,100.0,0.0,200.0,0.0,100.0,35922.0,100.0,55734133752.0,100.0,158555357687.0
2019-11-18,Z304JWG3,ST4000DM000,4000787030016,0,119.0,218913200.0,93.0,0.0,100.0,7.0,100.0,0.0,89.0,842519803.0,59.0,36047.0,100.0,0.0,100.0,7.0,100.0,0.0,100.0,0.0,100.0,0.0,100.0,0.0,100.0,0.0,76.0,24.0,100.0,0.0,100.0,0.0,96.0,8680.0,24.0,24.0,100.0,0.0,100.0,0.0,200.0,0.0,100.0,35945.0,100.0,55742456264.0,100.0,158678129925.0
2019-11-19,Z304JWG3,ST4000DM000,4000787030016,0,119.0,227726744.0,93.0,0.0,100.0,7.0,100.0,0.0,89.0,843873928.0,59.0,36071.0,100.0,0.0,100.0,7.0,100.0,0.0,100.0,0.0,100.0,0.0,100.0,0.0,100.0,0.0,76.0,24.0,100.0,0.0,100.0,0.0,96.0,8680.0,24.0,24.0,100.0,0.0,100.0,0.0,200.0,0.0,100.0,35969.0,100.0,55751684744.0,100.0,158851911625.0
2019-11-20,Z304JWG3,ST4000DM000,4000787030016,0,118.0,185045648.0,93.0,0.0,100.0,7.0,100.0,0.0,89.0,845257521.0,59.0,36094.0,100.0,0.0,100.0,7.0,100.0,0.0,100.0,0.0,100.0,0.0,100.0,0.0,100.0,0.0,76.0,24.0,100.0,0.0,100.0,0.0,96.0,8680.0,24.0,24.0,100.0,0.0,100.0,0.0,200.0,0.0,100.0,35993.0,100.0,55761339376.0,100.0,159082981250.0
2019-11-21,Z304JWG3,ST4000DM000,4000787030016,0,112.0,44573800.0,93.0,0.0,100.0,7.0,100.0,0.0,89.0,846631820.0,59.0,36118.0,100.0,0.0,100.0,7.0,100.0,0.0,100.0,0.0,100.0,0.0,100.0,0.0,100.0,0.0,76.0,24.0,100.0,0.0,100.0,0.0,96.0,8680.0,24.0,24.0,100.0,0.0,100.0,0.0,200.0,0.0,100.0,36017.0,100.0,55769265680.0,100.0,159307315030.0
2019-11-22,Z304JWG3,ST4000DM000,4000787030016,0,116.0,110132392.0,93.0,0.0,100.0,7.0,100.0,0.0,89.0,848395677.0,59.0,36142.0,100.0,0.0,100.0,7.0,100.0,0.0,100.0,0.0,100.0,0.0,100.0,0.0,100.0,0.0,76.0,24.0,100.0,0.0,100.0,0.0,96.0,8680.0,24.0,24.0,100.0,0.0,100.0,0.0,200.0,0.0,100.0,36041.0,100.0,55776368008.0,100.0,159537456404.0
2019-11-23,Z304JWG3,ST4000DM000,4000787030016,0,114.0,73417848.0,93.0,0.0,100.0,7.0,100.0,0.0,89.0,850902340.0,59.0,36166.0,100.0,0.0,100.0,7.0,100.0,0.0,100.0,0.0,100.0,0.0,100.0,0.0,100.0,0.0,76.0,24.0,100.0,0.0,100.0,0.0,96.0,8680.0,24.0,24.0,100.0,0.0,100.0,0.0,200.0,0.0,100.0,36065.0,100.0,55788779592.0,100.0,159756873948.0
2019-11-24,Z304JWG3,ST4000DM000,4000787030016,0,117.0,151690416.0,93.0,0.0,100.0,7.0,100.0,0.0,89.0,851912772.0,59.0,36190.0,100.0,0.0,100.0,7.0,100.0,0.0,100.0,0.0,100.0,0.0,100.0,0.0,100.0,0.0,76.0,24.0,100.0,0.0,100.0,0.0,96.0,8680.0,24.0,24.0,100.0,0.0,100.0,0.0,200.0,0.0,100.0,36089.0,100.0,55795338168.0,100.0,159894257094.0
2019-11-25,Z304JWG3,ST4000DM000,4000787030016,0,117.0,146343128.0,93.0,0.0,100.0,7.0,100.0,0.0,89.0,853376048.0,59.0,36214.0,100.0,0.0,100.0,7.0,100.0,0.0,100.0,0.0,100.0,0.0,100.0,0.0,100.0,0.0,76.0,24.0,100.0,0.0,100.0,0.0,96.0,8680.0,24.0,24.0,100.0,0.0,100.0,0.0,200.0,0.0,100.0,36113.0,100.0,55803050088.0,100.0,159966513881.0
2019-11-26,Z304JWG3,ST4000DM000,4000787030016,0,114.0,62431400.0,93.0,0.0,100.0,7.0,100.0,0.0,89.0,854479999.0,59.0,36238.0,100.0,0.0,100.0,7.0,100.0,0.0,100.0,0.0,100.0,0.0,100.0,0.0,100.0,0.0,76.0,24.0,100.0,0.0,100.0,0.0,96.0,8680.0,24.0,24.0,100.0,0.0,100.0,0.0,200.0,0.0,100.0,36137.0,100.0,55812551648.0,100.0,160082777767.0
2019-11-27,Z304JWG3,ST4000DM000,4000787030016,0,111.0,40984904.0,93.0,0.0,100.0,7.0,100.0,0.0,89.0,855775668.0,59.0,36262.0,100.0,0.0,100.0,7.0,100.0,0.0,100.0,0.0,100.0,0.0,100.0,0.0,100.0,0.0,76.0,24.0,100.0,0.0,100.0,0.0,96.0,8680.0,24.0,24.0,100.0,0.0,100.0,0.0,200.0,0.0,100.0,36161.0,100.0,55822011848.0,100.0,160261309845.0
2019-11-28,Z304JWG3,ST4000DM000,4000787030016,0,114.0,81472944.0,93.0,0.0,100.0,7.0,100.0,0.0,89.0,857193229.0,59.0,36286.0,100.0,0.0,100.0,7.0,100.0,0.0,100.0,0.0,100.0,0.0,100.0,0.0,100.0,0.0,76.0,24.0,100.0,0.0,100.0,0.0,96.0,8680.0,24.0,24.0,100.0,0.0,100.0,0.0,200.0,0.0,100.0,36185.0,100.0,55832098144.0,100.0,160454548293.0
2019-11-29,Z304JWG3,ST4000DM000,4000787030016,0,113.0,56757488.0,93.0,0.0,100.0,7.0,100.0,0.0,89.0,858884381.0,59.0,36310.0,100.0,0.0,100.0,7.0,100.0,0.0,100.0,0.0,100.0,0.0,100.0,0.0,100.0,0.0,76.0,24.0,100.0,0.0,100.0,0.0,96.0,8680.0,24.0,24.0,100.0,0.0,100.0,0.0,200.0,0.0,100.0,36209.0,100.0,55851397280.0,100.0,160637018183.0
2019-11-30,Z304JWG3,ST4000DM000,4000787030016,0,118.0,195933272.0,93.0,0.0,100.0,7.0,100.0,0.0,89.0,861348409.0,59.0,36334.0,100.0,0.0,100.0,7.0,100.0,0.0,100.0,0.0,100.0,0.0,100.0,0.0,100.0,0.0,76.0,24.0,100.0,0.0,100.0,0.0,96.0,8680.0,24.0,24.0,100.0,0.0,100.0,0.0,200.0,0.0,100.0,36233.0,100.0,55857608792.0,100.0,160834497168.0
2019-12-01,Z304JWG3,ST4000DM000,4000787030016,0,118.0,198191664.0,93.0,0.0,100.0,7.0,100.0,0.0,89.0,862551162.0,59.0,36358.0,100.0,0.0,100.0,7.0,100.0,0.0,100.0,0.0,100.0,0.0,100.0,0.0,100.0,0.0,76.0,24.0,100.0,0.0,100.0,0.0,96.0,8680.0,24.0,24.0,100.0,0.0,100.0,0.0,200.0,0.0,100.0,36257.0,100.0,55877211160.0,100.0,160977161552.0
2019-12-02,Z304JWG3,ST4000DM000,4000787030016,0,115.0,99712456.0,93.0,0.0,100.0,7.0,100.0,0.0,89.0,864265172.0,59.0,36382.0,100.0,0.0,100.0,7.0,100.0,0.0,100.0,0.0,100.0,0.0,100.0,0.0,100.0,0.0,76.0,24.0,100.0,0.0,100.0,0.0,96.0,8680.0,24.0,24.0,100.0,0.0,100.0,0.0,200.0,0.0,100.0,36281.0,100.0,55888991240.0,100.0,161062297763.0
2019-12-03,Z304JWG3,ST4000DM000,4000787030016,0,119.0,203344720.0,93.0,0.0,100.0,7.0,100.0,0.0,89.0,866382598.0,59.0,36406.0,100.0,0.0,100.0,7.0,100.0,0.0,100.0,0.0,100.0,0.0,100.0,0.0,100.0,0.0,76.0,24.0,100.0,0.0,100.0,0.0,96.0,8680.0,24.0,24.0,100.0,0.0,100.0,0.0,200.0,0.0,100.0,36304.0,100.0,55897894424.0,100.0,161256718618.0
2019-12-04,Z304JWG3,ST4000DM000,4000787030016,0,119.0,227319560.0,93.0,0.0,100.0,7.0,100.0,0.0,89.0,867420217.0,59.0,36430.0,100.0,0.0,100.0,7.0,100.0,0.0,100.0,0.0,100.0,0.0,100.0,0.0,100.0,0.0,77.0,23.0,100.0,0.0,100.0,0.0,96.0,8680.0,23.0,23.0,100.0,0.0,100.0,0.0,200.0,0.0,100.0,36328.0,100.0,55911323232.0,100.0,161413518282.0
2019-12-05,Z304JWG3,ST4000DM000,4000787030016,0,117.0,136940792.0,93.0,0.0,100.0,7.0,100.0,0.0,89.0,868352779.0,59.0,36453.0,100.0,0.0,100.0,7.0,100.0,0.0,100.0,0.0,100.0,0.0,100.0,0.0,100.0,0.0,76.0,24.0,100.0,0.0,100.0,0.0,96.0,8680.0,24.0,24.0,100.0,0.0,100.0,0.0,200.0,0.0,100.0,36352.0,100.0,55920219848.0,100.0,161626100297.0
2019-12-06,Z304JWG3,ST4000DM000,4000787030016,0,112.0,47233048.0,93.0,0.0,100.0,7.0,100.0,0.0,89.0,869510416.0,59.0,36477.0,100.0,0.0,100.0,7.0,100.0,0.0,100.0,0.0,100.0,0.0,100.0,0.0,100.0,0.0,76.0,24.0,100.0,0.0,100.0,0.0,96.0,8680.0,24.0,24.0,100.0,0.0,100.0,0.0,200.0,0.0,100.0,36376.0,100.0,55927550368.0,100.0,161980801739.0
2019-12-07,Z304JWG3,ST4000DM000,4000787030016,0,111.0,33727896.0,93.0,0.0,100.0,7.0,100.0,0.0,89.0,871523129.0,59.0,36501.0,100.0,0.0,100.0,7.0,100.0,0.0,100.0,0.0,100.0,0.0,100.0,0.0,100.0,0.0,76.0,24.0,100.0,0.0,100.0,0.0,96.0,8680.0,24.0,24.0,100.0,0.0,100.0,0.0,200.0,0.0,100.0,36400.0,100.0,55935857744.0,100.0,162298247062.0
2019-12-08,Z304JWG3,ST4000DM000,4000787030016,0,115.0,99377176.0,93.0,0.0,100.0,7.0,100.0,0.0,89.0,873053560.0,59.0,36525.0,100.0,0.0,100.0,7.0,100.0,0.0,100.0,0.0,100.0,0.0,100.0,0.0,100.0,0.0,76.0,24.0,100.0,0.0,100.0,0.0,96.0,8680.0,24.0,24.0,100.0,0.0,100.0,0.0,200.0,0.0,100.0,36424.0,100.0,55952910416.0,100.0,162619159697.0
2019-12-09,Z304JWG3,ST4000DM000,4000787030016,0,118.0,182721720.0,93.0,0.0,100.0,7.0,100.0,0.0,89.0,874928178.0,59.0,36549.0,100.0,0.0,100.0,7.0,100.0,0.0,100.0,0.0,100.0,0.0,100.0,0.0,100.0,0.0,76.0,24.0,100.0,0.0,100.0,0.0,96.0,8680.0,24.0,24.0,100.0,0.0,100.0,0.0,200.0,0.0,100.0,36448.0,100.0,55964119584.0,100.0,162755440540.0
2019-12-10,Z304JWG3,ST4000DM000,4000787030016,0,117.0,139923440.0,93.0,0.0,100.0,7.0,100.0,0.0,89.0,876990032.0,59.0,36573.0,100.0,0.0,100.0,7.0,100.0,0.0,100.0,0.0,100.0,0.0,100.0,0.0,100.0,0.0,76.0,24.0,100.0,0.0,100.0,0.0,96.0,8680.0,24.0,24.0,100.0,0.0,100.0,0.0,200.0,0.0,100.0,36472.0,100.0,55973880928.0,100.0,163039773074.0
2019-12-11,Z304JWG3,ST4000DM000,4000787030016,0,118.0,183647176.0,93.0,0.0,100.0,7.0,100.0,0.0,89.0,878288919.0,59.0,36597.0,100.0,0.0,100.0,7.0,100.0,0.0,100.0,0.0,100.0,0.0,100.0,0.0,100.0,0.0,76.0,24.0,100.0,0.0,100.0,0.0,96.0,8680.0,24.0,24.0,100.0,0.0,100.0,0.0,200.0,0.0,100.0,36496.0,100.0,55987411208.0,100.0,163211790477.0
2019-12-12,Z304JWG3,ST4000DM000,4000787030016,0,119.0,208310832.0,93.0,0.0,100.0,7.0,100.0,0.0,89.0,879657335.0,59.0,36621.0,100.0,0.0,100.0,7.0,100.0,0.0,100.0,0.0,100.0,0.0,100.0,0.0,100.0,0.0,76.0,24.0,100.0,0.0,100.0,0.0,96.0,8680.0,24.0,24.0,100.0,0.0,100.0,0.0,200.0,0.0,100.0,36520.0,100.0,55996435160.0,100.0,163469901336.0
2019-12-13,Z304JWG3,ST4000DM000,4000787030016,0,114.0,78134096.0,93.0,0.0,100.0,7.0,100.0,0.0,89.0,881296097.0,59.0,36645.0,100.0,0.0,100.0,7.0,100.0,0.0,100.0,0.0,100.0,0.0,100.0,0.0,100.0,0.0,76.0,24.0,100.0,0.0,100.0,0.0,96.0,8680.0,24.0,24.0,100.0,0.0,100.0,0.0,200.0,0.0,100.0,36544.0,100.0,56009422440.0,100.0,163689588791.0
2019-12-14,Z304JWG3,ST4000DM000,4000787030016,0,119.0,216428192.0,93.0,0.0,100.0,7.0,100.0,0.0,89.0,883953797.0,59.0,36669.0,100.0,0.0,100.0,7.0,100.0,0.0,100.0,0.0,100.0,0.0,100.0,0.0,100.0,0.0,76.0,24.0,100.0,0.0,100.0,0.0,96.0,8680.0,24.0,24.0,100.0,0.0,100.0,0.0,200.0,0.0,100.0,36568.0,100.0,56023961224.0,100.0,163908690704.0
2019-12-15,Z304JWG3,ST4000DM000,4000787030016,0,118.0,199761488.0,93.0,0.0,100.0,7.0,100.0,0.0,89.0,886897514.0,59.0,36693.0,100.0,0.0,100.0,7.0,100.0,0.0,100.0,0.0,100.0,0.0,100.0,0.0,100.0,0.0,76.0,24.0,100.0,0.0,100.0,0.0,96.0,8680.0,24.0,24.0,100.0,0.0,100.0,0.0,200.0,0.0,100.0,36592.0,100.0,56032401832.0,100.0,164118012056.0
2019-12-16,Z304JWG3,ST4000DM000,4000787030016,0,111.0,32388688.0,93.0,0.0,100.0,7.0,100.0,0.0,89.0,888126207.0,59.0,36717.0,100.0,0.0,100.0,7.0,100.0,0.0,100.0,0.0,100.0,0.0,100.0,0.0,100.0,0.0,76.0,24.0,100.0,0.0,100.0,0.0,96.0,8680.0,24.0,24.0,100.0,0.0,100.0,0.0,200.0,0.0,100.0,36616.0,100.0,56048831368.0,100.0,164205239142.0
2019-12-17,Z304JWG3,ST4000DM000,4000787030016,0,119.0,227430944.0,93.0,0.0,100.0,7.0,100.0,0.0,89.0,889515403.0,59.0,36741.0,100.0,0.0,100.0,7.0,100.0,0.0,100.0,0.0,100.0,0.0,100.0,0.0,100.0,0.0,76.0,24.0,100.0,0.0,100.0,0.0,96.0,8680.0,24.0,24.0,100.0,0.0,100.0,0.0,200.0,0.0,100.0,36640.0,100.0,56059706472.0,100.0,164320232406.0
2019-12-18,Z304JWG3,ST4000DM000,4000787030016,0,118.0,173450056.0,93.0,0.0,100.0,7.0,100.0,0.0,89.0,890412433.0,59.0,36765.0,100.0,0.0,100.0,7.0,100.0,0.0,100.0,0.0,100.0,0.0,100.0,0.0,100.0,0.0,76.0,24.0,100.0,0.0,100.0,0.0,96.0,8680.0,24.0,24.0,100.0,0.0,100.0,0.0,200.0,0.0,100.0,36664.0,100.0,56079352696.0,100.0,164435689079.0
2019-12-19,Z304JWG3,ST4000DM000,4000787030016,0,110.0,27526656.0,93.0,0.0,100.0,7.0,100.0,0.0,89.0,891662428.0,59.0,36789.0,100.0,0.0,100.0,7.0,100.0,0.0,100.0,0.0,100.0,0.0,100.0,0.0,100.0,0.0,77.0,23.0,100.0,0.0,100.0,0.0,96.0,8680.0,23.0,23.0,100.0,0.0,100.0,0.0,200.0,0.0,100.0,36688.0,100.0,56120633904.0,100.0,164622164280.0
2019-12-20,Z304JWG3,ST4000DM000,4000787030016,0,119.0,208766592.0,93.0,0.0,100.0,7.0,100.0,0.0,89.0,893312769.0,58.0,36813.0,100.0,0.0,100.0,7.0,100.0,0.0,100.0,0.0,100.0,0.0,100.0,0.0,100.0,0.0,77.0,23.0,100.0,0.0,100.0,0.0,96.0,8680.0,23.0,23.0,100.0,0.0,100.0,0.0,200.0,0.0,100.0,36712.0,100.0,56138879656.0,100.0,164860020237.0
2019-12-21,Z304JWG3,ST4000DM000,4000787030016,0,110.0,26763856.0,93.0,0.0,100.0,7.0,100.0,0.0,89.0,894728044.0,58.0,36837.0,100.0,0.0,100.0,7.0,100.0,0.0,100.0,0.0,100.0,0.0,100.0,0.0,100.0,0.0,76.0,24.0,100.0,0.0,100.0,0.0,96.0,8680.0,24.0,24.0,100.0,0.0,100.0,0.0,200.0,0.0,100.0,36736.0,100.0,56155566328.0,100.0,165038407818.0
2019-12-22,Z304JWG3,ST4000DM000,4000787030016,0,117.0,136460688.0,93.0,0.0,100.0,7.0,100.0,0.0,89.0,896328177.0,58.0,36861.0,100.0,0.0,100.0,7.0,100.0,0.0,100.0,0.0,100.0,0.0,100.0,0.0,100.0,0.0,76.0,24.0,100.0,0.0,100.0,0.0,96.0,8680.0,24.0,24.0,100.0,0.0,100.0,0.0,200.0,0.0,100.0,36760.0,100.0,56172666896.0,100.0,165251718035.0
2019-12-23,Z304JWG3,ST4000DM000,4000787030016,0,118.0,168345376.0,93.0,0.0,100.0,7.0,100.0,0.0,89.0,897972856.0,58.0,36885.0,100.0,0.0,100.0,7.0,100.0,0.0,100.0,0.0,100.0,0.0,100.0,0.0,100.0,0.0,76.0,24.0,100.0,0.0,100.0,0.0,96.0,8680.0,24.0,24.0,100.0,0.0,100.0,0.0,200.0,0.0,100.0,36784.0,100.0,56190120960.0,100.0,165339033355.0
2019-12-24,Z304JWG3,ST4000DM000,4000787030016,0,116.0,110658392.0,93.0,0.0,100.0,7.0,100.0,0.0,89.0,899373256.0,58.0,36909.0,100.0,0.0,100.0,7.0,100.0,0.0,100.0,0.0,100.0,0.0,100.0,0.0,100.0,0.0,76.0,24.0,100.0,0.0,100.0,0.0,96.0,8680.0,24.0,24.0,100.0,0.0,100.0,0.0,200.0,0.0,100.0,36808.0,100.0,56203594280.0,100.0,165472880285.0
2019-12-25,Z304JWG3,ST4000DM000,4000787030016,0,118.0,189008312.0,93.0,0.0,100.0,7.0,100.0,0.0,89.0,901147157.0,58.0,36933.0,100.0,0.0,100.0,7.0,100.0,0.0,100.0,0.0,100.0,0.0,100.0,0.0,100.0,0.0,76.0,24.0,100.0,0.0,100.0,0.0,96.0,8680.0,24.0,24.0,100.0,0.0,100.0,0.0,200.0,0.0,100.0,36832.0,100.0,56219132040.0,100.0,165686992577.0
2019-12-26,Z304JWG3,ST4000DM000,4000787030016,0,117.0,142341712.0,93.0,0.0,100.0,7.0,100.0,0.0,89.0,902778845.0,58.0,36957.0,100.0,0.0,100.0,7.0,100.0,0.0,100.0,0.0,100.0,0.0,100.0,0.0,100.0,0.0,76.0,24.0,100.0,0.0,100.0,0.0,96.0,8680.0,24.0,24.0,100.0,0.0,100.0,0.0,200.0,0.0,100.0,36856.0,100.0,56235096168.0,100.0,165860827453.0
2019-12-27,Z304JWG3,ST4000DM000,4000787030016,0,119.0,224425144.0,93.0,0.0,100.0,7.0,100.0,0.0,89.0,904004908.0,58.0,36981.0,100.0,0.0,100.0,7.0,100.0,0.0,100.0,0.0,100.0,0.0,100.0,0.0,100.0,0.0,76.0,24.0,100.0,0.0,100.0,0.0,96.0,8680.0,24.0,24.0,100.0,0.0,100.0,0.0,200.0,0.0,100.0,36880.0,100.0,56253549536.0,100.0,166054624016.0
2019-12-28,Z304JWG3,ST4000DM000,4000787030016,0,115.0,83948288.0,93.0,0.0,100.0,7.0,100.0,0.0,89.0,906368325.0,58.0,37005.0,100.0,0.0,100.0,7.0,100.0,0.0,100.0,0.0,100.0,0.0,100.0,0.0,100.0,0.0,76.0,24.0,100.0,0.0,100.0,0.0,96.0,8680.0,24.0,24.0,100.0,0.0,100.0,0.0,200.0,0.0,100.0,36904.0,100.0,56270738384.0,100.0,166442272052.0
2019-12-29,Z304JWG3,ST4000DM000,4000787030016,0,118.0,182318576.0,93.0,0.0,100.0,7.0,100.0,0.0,89.0,907366080.0,58.0,37029.0,100.0,0.0,100.0,7.0,100.0,0.0,100.0,0.0,100.0,0.0,100.0,0.0,100.0,0.0,76.0,24.0,100.0,0.0,100.0,0.0,96.0,8680.0,24.0,24.0,100.0,0.0,100.0,0.0,200.0,0.0,100.0,36928.0,100.0,56291607080.0,100.0,166752405523.0
2019-12-30,Z304JWG3,ST4000DM000,4000787030016,0,117.0,155128312.0,93.0,0.0,100.0,7.0,100.0,0.0,89.0,909010132.0,58.0,37053.0,100.0,0.0,100.0,7.0,100.0,0.0,100.0,0.0,100.0,0.0,100.0,0.0,100.0,0.0,76.0,24.0,100.0,0.0,100.0,0.0,96.0,8680.0,24.0,24.0,100.0,0.0,100.0,0.0,200.0,0.0,100.0,36952.0,100.0,56306933616.0,100.0,166893847553.0
2019-12-31,Z304JWG3,ST4000DM000,4000787030016,0,109.0,22938320.0,93.0,0.0,100.0,7.0,100.0,0.0,89.0,910910605.0,58.0,37077.0,100.0,0.0,100.0,7.0,100.0,0.0,100.0,0.0,100.0,0.0,100.0,0.0,100.0,0.0,76.0,24.0,100.0,0.0,100.0,0.0,96.0,8680.0,24.0,24.0,100.0,0.0,100.0,0.0,200.0,0.0,100.0,36976.0,100.0,56328316352.0,100.0,167192554039.0
