2019-01-01,Z305DH7T,ST4000DM000,4000787030016,0,117,153253848,93.0,0.0,100.0,7.0,100.0,0.0,81.0,159484110.0,72,25357,100.0,0.0,100,7,100.0,0.0,100.0,0.0,100.0,0.0,100.0,0.0,100.0,0.0,70.0,30.0,100.0,0.0,100.0,0.0,97.0,7255.0,30,30,100.0,0.0,100.0,0.0,200.0,0.0,100.0,25175.0,100.0,41566610600.0,100.0,113474290774.0
2019-01-02,Z305DH7T,ST4000DM000,4000787030016,0,111,31764552,93.0,0.0,100.0,7.0,100.0,0.0,81.0,162555702.0,72,25382,100.0,0.0,100,7,100.0,0.0,100.0,0.0,100.0,0.0,100.0,0.0,100.0,0.0,70.0,30.0,100.0,0.0,100.0,0.0,97.0,7255.0,30,30,100.0,0.0,100.0,0.0,200.0,0.0,100.0,25199.0,100.0,41591139056.0,100.0,113609769301.0
2019-01-03,Z305DH7T,ST4000DM000,4000787030016,0,117.0,128971144.0,93.0,0.0,100.0,7.0,100.0,0.0,81.0,163150118.0,71.0,25405.0,100.0,0.0,100.0,7.0,100.0,0.0,100.0,0.0,100.0,0.0,100.0,0.0,100.0,0.0,70.0,30.0,100.0,0.0,100.0,0.0,97.0,7255.0,30.0,30.0,100.0,0.0,100.0,0.0,200.0,0.0,100.0,25223.0,100.0,41604397224.0,100.0,113679330953.0
2019-01-04,Z305DH7T,ST4000DM000,4000787030016,0,117,154432520,93.0,0.0,100.0,7.0,100.0,0.0,81.0,164518288.0,71,25430,100.0,0.0,100,7,100.0,0.0,100.0,0.0,100.0,0.0,100.0,0.0,100.0,0.0,70.0,30.0,100.0,0.0,100.0,0.0,97.0,7255.0,30,30,100.0,0.0,100.0,0.0,200.0,0.0,100.0,25248.0,100.0,41629799584.0,100.0,113813306563.0
2019-01-05,Z305DH7T,ST4000DM000,4000787030016,0,108,16256504,93.0,0.0,100.0,7.0,100.0,0.0,81.0,165416449.0,71,25454,100.0,0.0,100,7,100.0,0.0,100.0,0.0,100.0,0.0,100.0,0.0,100.0,0.0,70.0,30.0,100.0,0.0,100.0,0.0,97.0,7255.0,30,30,100.0,0.0,100.0,0.0,200.0,0.0,100.0,25271.0,100.0,41659499200.0,100.0,113883762327.0
2019-01-06,Z305DH7T,ST4000DM000,4000787030016,0,113,50533600,93.0,0.0,100.0,7.0,100.0,0.0,81.0,166263560.0,71,25478,100.0,0.0,100,7,100.0,0.0,100.0,0.0,100.0,0.0,100.0,0.0,100.0,0.0,70.0,30.0,100.0,0.0,100.0,0.0,97.0,7255.0,30,30,100.0,0.0,100.0,0.0,200.0,0.0,100.0,25295.0,100.0,41674721392.0,100.0,113985970805.0
2019-01-07,Z305DH7T,ST4000DM000,4000787030016,0,115,96529448,93.0,0.0,100.0,7.0,100.0,0.0,81.0,167063191.0,71,25501,100.0,0.0,100,7,100.0,0.0,100.0,0.0,100.0,0.0,100.0,0.0,100.0,0.0,69.0,31.0,100.0,0.0,100.0,0.0,97.0,7255.0,31,31,100.0,0.0,100.0,0.0,200.0,0.0,100.0,25319.0,100.0,41692117184.0,100.0,114084594427.0
2019-01-08,Z305DH7T,ST4000DM000,4000787030016,0,109,23308744,93.0,0.0,100.0,7.0,100.0,0.0,82.0,168083764.0,71,25526,100.0,0.0,100,7,100.0,0.0,100.0,0.0,100.0,0.0,100.0,0.0,100.0,0.0,70.0,30.0,100.0,0.0,100.0,0.0,97.0,7255.0,30,30,100.0,0.0,100.0,0.0,200.0,0.0,100.0,25343.0,100.0,41711962520.0,100.0,114189953387.0
2019-01-09,Z305DH7T,ST4000DM000,4000787030016,0,118,172148072,93.0,0.0,100.0,7.0,100.0,0.0,82.0,170211380.0,71,25549,100.0,0.0,100,7,100.0,0.0,100.0,0.0,100.0,0.0,100.0,0.0,100.0,0.0,70.0,30.0,100.0,0.0,100.0,0.0,97.0,7255.0,30,30,100.0,0.0,100.0,0.0,200.0,0.0,100.0,25367.0,100.0,41740054872.0,100.0,114342097363.0
2019-01-10,Z305DH7T,ST4000DM000,4000787030016,0,117,133607664,93.0,0.0,100.0,7.0,100.0,0.0,82.0,170535768.0,71,25570,100.0,0.0,100,7,100.0,0.0,100.0,0.0,100.0,0.0,100.0,0.0,100.0,0.0,70.0,30.0,100.0,0.0,100.0,0.0,97.0,7255.0,30,30,100.0,0.0,100.0,0.0,200.0,0.0,100.0,25387.0,100.0,41753371432.0,100.0,114364953365.0
2019-01-11,Z305DH7T,ST4000DM000,4000787030016,0,120.0,241847032.0,93.0,0.0,100.0,7.0,100.0,0.0,82.0,171060237.0,71.0,25582.0,100.0,0.0,100.0,7.0,100.0,0.0,100.0,0.0,100.0,0.0,100.0,0.0,100.0,0.0,70.0,30.0,100.0,0.0,100.0,0.0,97.0,7257.0,30.0,30.0,100.0,0.0,100.0,0.0,200.0,0.0,100.0,25400.0,100.0,41762905472.0,100.0,114432857981.0
2019-01-12,Z305DH7T,ST4000DM000,4000787030016,0,120,241845744,93.0,0.0,100.0,7.0,100.0,0.0,82.0,172940868.0,71,25614,100.0,0.0,100,7,100.0,0.0,100.0,0.0,100.0,0.0,100.0,0.0,100.0,0.0,70.0,30.0,100.0,0.0,100.0,0.0,97.0,7257.0,30,30,100.0,0.0,100.0,0.0,200.0,0.0,100.0,25432.0,100.0,41807460112.0,100.0,114555244616.0
2019-01-13,Z305DH7T,ST4000DM000,4000787030016,0,117,157745744,93.0,0.0,100.0,7.0,100.0,0.0,82.0,173619869.0,71,25630,100.0,0.0,100,7,100.0,0.0,100.0,0.0,100.0,0.0,100.0,0.0,100.0,0.0,70.0,30.0,100.0,0.0,100.0,0.0,97.0,7257.0,30,30,100.0,0.0,100.0,0.0,200.0,0.0,100.0,25448.0,100.0,41822856704.0,100.0,114649896777.0
2019-01-14,Z305DH7T,ST4000DM000,4000787030016,0,114,60987112,93.0,0.0,100.0,7.0,100.0,0.0,82.0,174618016.0,71,25662,100.0,0.0,100,7,100.0,0.0,100.0,0.0,100.0,0.0,100.0,0.0,100.0,0.0,70.0,30.0,100.0,0.0,100.0,0.0,97.0,7257.0,30,30,100.0,0.0,100.0,0.0,200.0,0.0,100.0,25479.0,100.0,41846415416.0,100.0,114769768801.0
2019-01-15,Z305DH7T,ST4000DM000,4000787030016,0,118.0,176008056.0,93.0,0.0,100.0,7.0,100.0,0.0,82.0,175048951.0,71.0,25678.0,100.0,0.0,100.0,7.0,100.0,0.0,100.0,0.0,100.0,0.0,100.0,0.0,100.0,0.0,70.0,30.0,100.0,0.0,100.0,0.0,97.0,7257.0,30.0,30.0,100.0,0.0,100.0,0.0,200.0,0.0,100.0,25495.0,100.0,41856691680.0,100.0,114829744246.0
2019-01-16,Z305DH7T,ST4000DM000,4000787030016,0,114,83704440,93.0,0.0,100.0,7.0,100.0,0.0,82.0,176580836.0,71,25709,100.0,0.0,100,7,100.0,0.0,100.0,0.0,100.0,0.0,100.0,0.0,100.0,0.0,70.0,30.0,100.0,0.0,100,0,97.0,7257.0,30,30,100.0,0.0,100.0,0.0,200.0,0.0,100.0,25527.0,100.0,41881487312.0,100.0,114918185822.0
2019-01-17,Z305DH7T,ST4000DM000,4000787030016,0,119,209494712,93.0,0.0,100.0,7.0,100.0,0.0,82.0,176948799.0,71,25725,100.0,0.0,100,7,100.0,0.0,100.0,0.0,100.0,0.0,100.0,0.0,100.0,0.0,70.0,30.0,100.0,0.0,100,0,97.0,7257.0,30,30,100.0,0.0,100.0,0.0,200.0,0.0,100.0,25543.0,100.0,41891335296.0,100.0,114959036480.0
2019-01-18,Z305DH7T,ST4000DM000,4000787030016,0,105,10125384,93.0,0.0,100.0,7.0,100.0,0.0,82.0,178994586.0,71,25757,100.0,0.0,100,7,100.0,0.0,100.0,0.0,100.0,0.0,100.0,0.0,100.0,0.0,70.0,30.0,100.0,0.0,100,0,97.0,7257.0,30,30,100.0,0.0,100.0,0.0,200.0,0.0,100.0,25575.0,100.0,41928540840.0,100.0,115017709643.0
2019-01-19,Z305DH7T,ST4000DM000,4000787030016,0,117,139605312,93.0,0.0,100.0,7.0,100.0,0.0,82.0,180130224.0,71,25773,100.0,0.0,100,7,100.0,0.0,100.0,0.0,100.0,0.0,100.0,0.0,100.0,0.0,70.0,30.0,100.0,0.0,100,0,97.0,7257.0,30,30,100.0,0.0,100.0,0.0,200.0,0.0,100.0,25591.0,100.0,41943026232.0,100.0,115057898791.0
2019-01-20,Z305DH7T,ST4000DM000,4000787030016,0,111,30964400,93.0,0.0,100.0,7.0,100.0,0.0,82.0,181401640.0,71,25805,100.0,0.0,100,7,100.0,0.0,100.0,0.0,100.0,0.0,100.0,0.0,100.0,0.0,71.0,29.0,100.0,0.0,100,0,97.0,7257.0,29,29,100.0,0.0,100.0,0.0,200.0,0.0,100.0,25623.0,100.0,41965099096.0,100.0,115196366971.0
2019-01-21,Z305DH7T,ST4000DM000,4000787030016,0,119,206066496,93.0,0.0,100.0,7.0,100.0,0.0,82.0,182152934.0,71,25821,100.0,0.0,100,7,100.0,0.0,100.0,0.0,100.0,0.0,100.0,0.0,100.0,0.0,70.0,30.0,100.0,0.0,100,0,97.0,7257.0,30,30,100.0,0.0,100.0,0.0,200.0,0.0,100.0,25639.0,100.0,41985045920.0,100.0,115271693742.0
2019-01-22,Z305DH7T,ST4000DM000,4000787030016,0,106.0,10583344.0,93.0,0.0,100.0,7.0,100.0,0.0,82.0,183509922.0,71.0,25854.0,100.0,0.0,100.0,7.0,100.0,0.0,100.0,0.0,100.0,0.0,100.0,0.0,100.0,0.0,70.0,30.0,100.0,0.0,100.0,0.0,97.0,7258.0,30.0,30.0,100.0,0.0,100.0,0.0,200.0,0.0,100.0,25672.0,100.0,42017233168.0,100.0,115444370425.0
2019-01-23,Z305DH7T,ST4000DM000,4000787030016,0,119.0,228761832.0,93.0,0.0,100.0,7.0,100.0,0.0,82.0,184140872.0,71.0,25870.0,100.0,0.0,100.0,7.0,100.0,0.0,100.0,0.0,100.0,0.0,100.0,0.0,100.0,0.0,70.0,30.0,100.0,0.0,100.0,0.0,97.0,7258.0,30.0,30.0,100.0,0.0,100.0,0.0,200.0,0.0,100.0,25688.0,100.0,42031286992.0,100.0,115525451588.0
2019-01-24,Z305DH7T,ST4000DM000,4000787030016,0,117.0,160758280.0,93.0,0.0,100.0,7.0,100.0,0.0,82.0,186284744.0,71.0,25902.0,100.0,0.0,100.0,7.0,100.0,0.0,100.0,0.0,100.0,0.0,100.0,0.0,100.0,0.0,70.0,30.0,100.0,0.0,100.0,0.0,97.0,7258.0,30.0,30.0,100.0,0.0,100.0,0.0,200.0,0.0,100.0,25719.0,100.0,42067786976.0,100.0,115703496025.0
2019-01-25,Z305DH7T,ST4000DM000,4000787030016,0,120,243601736,93.0,0.0,100.0,7.0,100.0,0.0,82.0,186943290.0,71,25918,100.0,0.0,100,7,100.0,0.0,100.0,0.0,100.0,0.0,100.0,0.0,100.0,0.0,70.0,30.0,100.0,0.0,100,0,97.0,7258.0,30,30,100.0,0.0,100.0,0.0,200.0,0.0,100.0,25735.0,100.0,42081657016.0,100.0,115764500895.0
2019-01-26,Z305DH7T,ST4000DM000,4000787030016,0,117,157018728,93.0,0.0,100.0,7.0,100.0,0.0,82.0,188754529.0,71,25949,100.0,0.0,100,7,100.0,0.0,100.0,0.0,100.0,0.0,100.0,0.0,100.0,0.0,71.0,29.0,100.0,0.0,100,0,97.0,7258.0,29,29,100.0,0.0,100.0,0.0,200.0,0.0,100.0,25767.0,100.0,42123256168.0,100.0,115879564739.0
2019-01-27,Z305DH7T,ST4000DM000,4000787030016,0,112,43001544,93.0,0.0,100.0,7.0,100.0,0.0,82.0,189464223.0,71,25965,100.0,0.0,100,7,100.0,0.0,100.0,0.0,100.0,0.0,100.0,0.0,100.0,0.0,70.0,30.0,100.0,0.0,100,0,97.0,7258.0,30,30,100.0,0.0,100.0,0.0,200.0,0.0,100.0,25782.0,100.0,42133756864.0,100.0,115944100784.0
2019-01-28,Z305DH7T,ST4000DM000,4000787030016,0,117,119712800,93.0,0.0,100.0,7.0,100.0,0.0,82.0,190400684.0,71,25996,100.0,0.0,100,7,100.0,0.0,100.0,0.0,100.0,0.0,100.0,0.0,100.0,0.0,71.0,29.0,100.0,0.0,100,0,97.0,7258.0,29,29,100.0,0.0,100.0,0.0,200.0,0.0,100.0,25814.0,100.0,42157881840.0,100.0,116041847645.0
2019-01-29,Z305DH7T,ST4000DM000,4000787030016,0,117,119513368,93.0,0.0,100.0,7.0,100.0,0.0,82.0,190820679.0,71,26012,100.0,0.0,100,7,100.0,0.0,100.0,0.0,100.0,0.0,100.0,0.0,100.0,0.0,70.0,30.0,100.0,0.0,100,0,97.0,7258.0,30,30,100.0,0.0,100.0,0.0,200.0,0.0,100.0,25830.0,100.0,42168957496.0,100.0,116083396763.0
2019-01-30,Z305DH7T,ST4000DM000,4000787030016,0,118,173882960,93.0,0.0,100.0,7.0,100.0,0.0,82.0,193320853.0,71,26044,100.0,0.0,100,7,100.0,0.0,100.0,0.0,100.0,0.0,100.0,0.0,100.0,0.0,69.0,31.0,100.0,0.0,100,0,97.0,7258.0,31,31,100.0,0.0,100.0,0.0,200.0,0.0,100.0,25861.0,100.0,42195022272.0,100.0,116207605458.0
2019-01-31,Z305DH7T,ST4000DM000,4000787030016,0,119,216216000,93.0,0.0,100.0,7.0,100.0,0.0,82.0,194872233.0,71,26075,100.0,0.0,100,7,100.0,0.0,100.0,0.0,100.0,0.0,100.0,0.0,100.0,0.0,70.0,30.0,100.0,0.0,100,0,97.0,7258.0,30,30,100.0,0.0,100.0,0.0,200.0,0.0,100.0,25893.0,100.0,42219090592.0,100.0,116367842242.0
2019-02-01,Z305DH7T,ST4000DM000,4000787030016,0,118,185603232,93.0,0.0,100.0,7.0,100.0,0.0,82.0,195474546.0,71,26091,100.0,0.0,100,7,100.0,0.0,100.0,0.0,100.0,0.0,100.0,0.0,100.0,0.0,70.0,30.0,100.0,0.0,100,0,97.0,7258.0,30,30,100.0,0.0,100.0,0.0,200.0,0.0,100.0,25909.0,100.0,42230598528.0,100.0,116458708498.0
2019-02-02,Z305DH7T,ST4000DM000,4000787030016,0,117.0,117661256.0,93.0,0.0,100.0,7.0,100.0,0.0,82.0,198392954.0,71.0,26123.0,100.0,0.0,100.0,7.0,100.0,0.0,100.0,0.0,100.0,0.0,100.0,0.0,100.0,0.0,70.0,30.0,100.0,0.0,100.0,0.0,97.0,7258.0,30.0,30.0,100.0,0.0,100.0,0.0,200.0,0.0,100.0,25940.0,100.0,42267804824.0,100.0,116649605184.0
2019-02-03,Z305DH7T,ST4000DM000,4000787030016,0,118,177417392,93.0,0.0,100.0,7.0,100.0,0.0,82.0,199054281.0,71,26138,100.0,0.0,100,7,100.0,0.0,100.0,0.0,100.0,0.0,100.0,0.0,100.0,0.0,70.0,30.0,100.0,0.0,100,0,97.0,7258.0,30,30,100.0,0.0,100.0,0.0,200.0,0.0,100.0,25956.0,100.0,42280989952.0,100.0,116704681923.0
2019-02-04,Z305DH7T,ST4000DM000,4000787030016,0,114,60714496,93.0,0.0,100.0,7.0,100.0,0.0,82.0,199854976.0,71,26169,100.0,0.0,100,7,100.0,0.0,100.0,0.0,100.0,0.0,100.0,0.0,100.0,0.0,70.0,30.0,100.0,0.0,100,0,97.0,7258.0,30,30,100.0,0.0,100.0,0.0,200.0,0.0,100.0,25987.0,100.0,42308220776.0,100.0,116800574401.0
2019-02-05,Z305DH7T,ST4000DM000,4000787030016,0,119.0,220849600.0,93.0,0.0,100.0,7.0,100.0,0.0,82.0,200338597.0,71.0,26185.0,100.0,0.0,100.0,7.0,100.0,0.0,100.0,0.0,100.0,0.0,100.0,0.0,100.0,0.0,70.0,30.0,100.0,0.0,100.0,0.0,97.0,7258.0,30.0,30.0,100.0,0.0,100.0,0.0,200.0,0.0,100.0,26003.0,100.0,42323820024.0,100.0,116866878548.0
2019-02-06,Z305DH7T,ST4000DM000,4000787030016,0,118,175945640,93.0,0.0,100.0,7.0,100.0,0.0,83.0,202575072.0,71,26217,100.0,0.0,100,7,100.0,0.0,100.0,0.0,100.0,0.0,100.0,0.0,100.0,0.0,70.0,30.0,100.0,0.0,100,0,97.0,7258.0,30,30,100.0,0.0,100.0,0.0,200.0,0.0,100.0,26034.0,100.0,42381829144.0,100.0,117038181247.0
2019-02-07,Z305DH7T,ST4000DM000,4000787030016,0,117.0,121052248.0,93.0,0.0,100.0,7.0,100.0,0.0,83.0,203202498.0,71.0,26233.0,100.0,0.0,100.0,7.0,100.0,0.0,100.0,0.0,100.0,0.0,100.0,0.0,100.0,0.0,70.0,30.0,100.0,0.0,100.0,0.0,97.0,7258.0,30.0,30.0,100.0,0.0,100.0,0.0,200.0,0.0,100.0,26050.0,100.0,42396062872.0,100.0,117154772016.0
2019-02-08,Z305DH7T,ST4000DM000,4000787030016,0,114,71794424,93.0,0.0,100.0,7.0,100.0,0.0,83.0,204348208.0,71,26264,100.0,0.0,100,7,100.0,0.0,100.0,0.0,100.0,0.0,100.0,0.0,100.0,0.0,70.0,30.0,100.0,0.0,100,0,97.0,7258.0,30,30,100.0,0.0,100.0,0.0,200.0,0.0,100.0,26081.0,100.0,42420738872.0,100.0,117316284441.0
2019-02-09,Z305DH7T,ST4000DM000,4000787030016,0,116.0,104387776.0,93.0,0.0,100.0,7.0,100.0,0.0,83.0,205655607.0,71.0,26279.0,100.0,0.0,100.0,7.0,100.0,0.0,100.0,0.0,100.0,0.0,100.0,0.0,100.0,0.0,70.0,30.0,100.0,0.0,100.0,0.0,97.0,7258.0,30.0,30.0,100.0,0.0,100.0,0.0,200.0,0.0,100.0,26097.0,100.0,42444838304.0,100.0,117388920447.0
2019-02-10,Z305DH7T,ST4000DM000,4000787030016,0,117,163996416,93.0,0.0,100.0,7.0,100.0,0.0,83.0,206557449.0,70,26311,100.0,0.0,100,7,100.0,0.0,100.0,0.0,100.0,0.0,100.0,0.0,100.0,0.0,70.0,30.0,100.0,0.0,100,0,97.0,7258.0,30,30,100.0,0.0,100.0,0.0,200.0,0.0,100.0,26129.0,100.0,42476934824.0,100.0,117628551081.0
2019-02-11,Z305DH7T,ST4000DM000,4000787030016,0,116,101012272,93.0,0.0,100.0,7.0,100.0,0.0,83.0,206945725.0,70,26327,100.0,0.0,100,7,100.0,0.0,100.0,0.0,100.0,0.0,100.0,0.0,100.0,0.0,69.0,31.0,100.0,0.0,100,0,97.0,7258.0,31,31,100.0,0.0,100.0,0.0,200.0,0.0,100.0,26144.0,100.0,42488134224.0,100.0,117757811975.0
2019-02-12,Z305DH7T,ST4000DM000,4000787030016,0,114.0,76634504.0,93.0,0.0,100.0,7.0,100.0,0.0,83.0,209136683.0,70.0,26358.0,100.0,0.0,100.0,7.0,100.0,0.0,100.0,0.0,100.0,0.0,100.0,0.0,100.0,0.0,70.0,30.0,100.0,0.0,100.0,0.0,97.0,7258.0,30.0,30.0,100.0,0.0,100.0,0.0,200.0,0.0,100.0,26176.0,100.0,42515976856.0,100.0,118017016472.0
2019-02-13,Z305DH7T,ST4000DM000,4000787030016,0,104,6293136,93.0,0.0,100.0,7.0,100.0,0.0,83.0,210679157.0,70,26390,100.0,0.0,100,7,100.0,0.0,100.0,0.0,100.0,0.0,100.0,0.0,100.0,0.0,70.0,30.0,100.0,0.0,100,0,97.0,7258.0,30,30,100.0,0.0,100.0,0.0,200.0,0.0,100.0,26208.0,100.0,42546735624.0,100.0,118263917004.0
2019-02-14,Z305DH7T,ST4000DM000,4000787030016,0,116,111918424,93.0,0.0,100.0,7.0,100.0,0.0,83.0,211067481.0,70,26406,100.0,0.0,100,7,100.0,0.0,100.0,0.0,100.0,0.0,100.0,0.0,100.0,0.0,70.0,30.0,100.0,0.0,100,0,97.0,7258.0,30,30,100.0,0.0,100.0,0.0,200.0,0.0,100.0,26223.0,100.0,42562761608.0,100.0,118381737701.0
2019-02-15,Z305DH7T,ST4000DM000,4000787030016,0,104.0,7279040.0,93.0,0.0,100.0,7.0,100.0,0.0,83.0,212619122.0,70.0,26437.0,100.0,0.0,100.0,7.0,100.0,0.0,100.0,0.0,100.0,0.0,100.0,0.0,100.0,0.0,70.0,30.0,100.0,0.0,100.0,0.0,97.0,7258.0,30.0,30.0,100.0,0.0,100.0,0.0,200.0,0.0,100.0,26255.0,100.0,42582888192.0,100.0,118593268314.0
2019-02-16,Z305DH7T,ST4000DM000,4000787030016,0,119.0,227113200.0,93.0,0.0,100.0,7.0,100.0,0.0,83.0,213755438.0,70.0,26453.0,100.0,0.0,100.0,7.0,100.0,0.0,100.0,0.0,100.0,0.0,100.0,0.0,100.0,0.0,70.0,30.0,100.0,0.0,100.0,0.0,97.0,7258.0,30.0,30.0,100.0,0.0,100.0,0.0,200.0,0.0,100.0,26271.0,100.0,42595542848.0,100.0,118723594666.0
2019-02-17,Z305DH7T,ST4000DM000,4000787030016,0,117,140299112,93.0,0.0,100.0,7.0,100.0,0.0,83.0,215505590.0,70,26485,100.0,0.0,100,7,100.0,0.0,100.0,0.0,100.0,0.0,100.0,0.0,100.0,0.0,70.0,30.0,100.0,0.0,100,0,97.0,7258.0,30,30,100.0,0.0,100.0,0.0,200.0,0.0,100.0,26302.0,100.0,42627243216.0,100.0,118936937463.0
2019-02-18,Z305DH7T,ST4000DM000,4000787030016,0,112,47237336,93.0,0.0,100.0,7.0,100.0,0.0,83.0,216417497.0,70,26500,100.0,0.0,100,7,100.0,0.0,100.0,0.0,100.0,0.0,100.0,0.0,100.0,0.0,69.0,31.0,100.0,0.0,100,0,97.0,7258.0,31,31,100.0,0.0,100.0,0.0,200.0,0.0,100.0,26318.0,100.0,42642956232.0,100.0,119059288023.0
2019-02-19,Z305DH7T,ST4000DM000,4000787030016,0,111,33967224,93.0,0.0,100.0,7.0,100.0,0.0,83.0,217878817.0,70,26532,100.0,0.0,100,7,100.0,0.0,100.0,0.0,100.0,0.0,100.0,0.0,100.0,0.0,70.0,30.0,100.0,0.0,100,0,97.0,7258.0,30,30,100.0,0.0,100.0,0.0,200.0,0.0,100.0,26349.0,100.0,42674712440.0,100.0,119252842225.0
2019-02-20,Z305DH7T,ST4000DM000,4000787030016,0,117.0,161952976.0,93.0,0.0,100.0,7.0,100.0,0.0,83.0,218964688.0,70.0,26548.0,100.0,0.0,100.0,7.0,100.0,0.0,100.0,0.0,100.0,0.0,100.0,0.0,100.0,0.0,69.0,31.0,100.0,0.0,100.0,0.0,97.0,7258.0,31.0,31.0,100.0,0.0,100.0,0.0,200.0,0.0,100.0,26365.0,100.0,42688793024.0,100.0,119330790931.0
2019-02-21,Z305DH7T,ST4000DM000,4000787030016,0,120,235961976,93.0,0.0,100.0,7.0,100.0,0.0,83.0,219504884.0,70,26564,100.0,0.0,100,7,100.0,0.0,100.0,0.0,100.0,0.0,100.0,0.0,100.0,0.0,70.0,30.0,100.0,0.0,100,0,97.0,7258.0,30,30,100.0,0.0,100.0,0.0,200.0,0.0,100.0,26381.0,100.0,42701809784.0,100.0,119346300469.0
2019-02-22,Z305DH7T,ST4000DM000,4000787030016,0,118,183639104,93.0,0.0,100.0,7.0,100.0,0.0,83.0,220542287.0,70,26595,100.0,0.0,100,7,100.0,0.0,100.0,0.0,100.0,0.0,100.0,0.0,100.0,0.0,69.0,31.0,100.0,0.0,100,0,97.0,7258.0,31,31,100.0,0.0,100.0,0.0,200.0,0.0,100.0,26413.0,100.0,42719396888.0,100.0,119496274265.0
2019-02-23,Z305DH7T,ST4000DM000,4000787030016,0,114.0,83004320.0,93.0,0.0,100.0,7.0,100.0,0.0,83.0,221850680.0,70.0,26611.0,100.0,0.0,100.0,7.0,100.0,0.0,100.0,0.0,100.0,0.0,100.0,0.0,100.0,0.0,69.0,31.0,100.0,0.0,100.0,0.0,97.0,7258.0,31.0,31.0,100.0,0.0,100.0,0.0,200.0,0.0,100.0,26429.0,100.0,42732693040.0,100.0,119574100971.0
2019-02-24,Z305DH7T,ST4000DM000,4000787030016,0,118,187780936,93.0,0.0,100.0,7.0,100.0,0.0,83.0,223039248.0,70,26642,100.0,0.0,100,7,100.0,0.0,100.0,0.0,100.0,0.0,100.0,0.0,100.0,0.0,70.0,30.0,100.0,0.0,100,0,97.0,7258.0,30,30,100.0,0.0,100.0,0.0,200.0,0.0,100.0,26460.0,100.0,42755767856.0,100.0,119742135500.0
2019-02-25,Z305DH7T,ST4000DM000,4000787030016,0,111,39268144,93.0,0.0,100.0,7.0,100.0,0.0,83.0,223753760.0,70,26658,100.0,0.0,100,7,100.0,0.0,100.0,0.0,100.0,0.0,100.0,0.0,100.0,0.0,70.0,30.0,100.0,0.0,100,0,97.0,7258.0,30,30,100.0,0.0,100.0,0.0,200.0,0.0,100.0,26476.0,100.0,42767129784.0,100.0,119842186339.0
2019-02-26,Z305DH7T,ST4000DM000,4000787030016,0,118,183448176,93.0,0.0,100.0,7.0,100.0,0.0,83.0,225166045.0,70,26690,100.0,0.0,100,7,100.0,0.0,100.0,0.0,100.0,0.0,100.0,0.0,100.0,0.0,70.0,30.0,100.0,0.0,100,0,97.0,7258.0,30,30,100.0,0.0,100.0,0.0,200.0,0.0,100.0,26507.0,100.0,42784011568.0,100.0,120039738623.0
2019-02-27,Z305DH7T,ST4000DM000,4000787030016,0,114.0,61152560.0,93.0,0.0,100.0,7.0,100.0,0.0,83.0,225873484.0,70.0,26706.0,100.0,0.0,100.0,7.0,100.0,0.0,100.0,0.0,100.0,0.0,100.0,0.0,100.0,0.0,70.0,30.0,100.0,0.0,100.0,0.0,97.0,7258.0,30.0,30.0,100.0,0.0,100.0,0.0,200.0,0.0,100.0,26523.0,100.0,42794428336.0,100.0,120132025798.0
2019-02-28,Z305DH7T,ST4000DM000,4000787030016,0,111,38076800,93.0,0.0,100.0,7.0,100.0,0.0,83.0,227911684.0,70,26737,100.0,0.0,100,7,100.0,0.0,100.0,0.0,100.0,0.0,100.0,0.0,100.0,0.0,70.0,30.0,100.0,0.0,100,0,97.0,7258.0,30,30,100.0,0.0,100.0,0.0,200.0,0.0,100.0,26555.0,100.0,42815044512.0,100.0,120315973555.0
2019-03-01,Z305DH7T,ST4000DM000,4000787030016,0,116.0,107648728.0,93.0,0.0,100.0,7.0,100.0,0.0,83.0,229750218.0,70.0,26753.0,100.0,0.0,100.0,7.0,100.0,0.0,100.0,0.0,100.0,0.0,100.0,0.0,100.0,0.0,69.0,31.0,100.0,0.0,100.0,0.0,97.0,7258.0,31.0,31.0,100.0,0.0,100.0,0.0,200.0,0.0,100.0,26571.0,100.0,42829030656.0,100.0,120377614688.0
2019-03-02,Z305DH7T,ST4000DM000,4000787030016,0,117.0,150080872.0,93.0,0.0,100.0,7.0,100.0,0.0,83.0,231322881.0,70.0,26785.0,100.0,0.0,100.0,7.0,100.0,0.0,100.0,0.0,100.0,0.0,100.0,0.0,100.0,0.0,70.0,30.0,100.0,0.0,100.0,0.0,97.0,7258.0,30.0,30.0,100.0,0.0,100.0,0.0,200.0,0.0,100.0,26602.0,100.0,42845844768.0,100.0,120505712374.0
2019-03-03,Z305DH7T,ST4000DM000,4000787030016,0,120.0,236418600.0,93.0,0.0,100.0,7.0,100.0,0.0,83.0,232350628.0,70.0,26817.0,100.0,0.0,100.0,7.0,100.0,0.0,100.0,0.0,100.0,0.0,100.0,0.0,100.0,0.0,69.0,31.0,100.0,0.0,100.0,0.0,97.0,7258.0,31.0,31.0,100.0,0.0,100.0,0.0,200.0,0.0,100.0,26634.0,100.0,42869368280.0,100.0,120660008276.0
2019-03-04,Z305DH7T,ST4000DM000,4000787030016,0,114,79705560,93.0,0.0,100.0,7.0,100.0,0.0,83.0,232900543.0,70,26832,100.0,0.0,100,7,100.0,0.0,100.0,0.0,100.0,0.0,100.0,0.0,100.0,0.0,69.0,31.0,100.0,0.0,100,0,97.0,7258.0,31,31,100.0,0.0,100.0,0.0,200.0,0.0,100.0,26650.0,100.0,42876968960.0,100.0,120736446568.0
2019-03-05,Z305DH7T,ST4000DM000,4000787030016,0,111.0,35645560.0,93.0,0.0,100.0,7.0,100.0,0.0,83.0,234091293.0,70.0,26864.0,100.0,0.0,100.0,7.0,100.0,0.0,100.0,0.0,100.0,0.0,100.0,0.0,100.0,0.0,70.0,30.0,100.0,0.0,100.0,0.0,97.0,7258.0,30.0,30.0,100.0,0.0,100.0,0.0,200.0,0.0,100.0,26682.0,100.0,42892292864.0,100.0,120890238773.0
2019-03-06,Z305DH7T,ST4000DM000,4000787030016,0,119.0,204227112.0,93.0,0.0,100.0,7.0,100.0,0.0,84.0,235085904.0,70.0,26880.0,100.0,0.0,100.0,7.0,100.0,0.0,100.0,0.0,100.0,0.0,100.0,0.0,100.0,0.0,69.0,31.0,100.0,0.0,100.0,0.0,97.0,7258.0,31.0,31.0,100.0,0.0,100.0,0.0,200.0,0.0,100.0,26697.0,100.0,42902278192.0,100.0,121002790070.0
2019-03-07,Z305DH7T,ST4000DM000,4000787030016,0,104.0,7218656.0,93.0,0.0,100.0,7.0,100.0,0.0,84.0,236859006.0,70.0,26911.0,100.0,0.0,100.0,7.0,100.0,0.0,100.0,0.0,100.0,0.0,100.0,0.0,100.0,0.0,69.0,31.0,100.0,0.0,100.0,0.0,97.0,7258.0,31.0,31.0,100.0,0.0,100.0,0.0,200.0,0.0,100.0,26729.0,100.0,42926066568.0,100.0,121118174671.0
2019-03-08,Z305DH7T,ST4000DM000,4000787030016,0,117.0,160852120.0,93.0,0.0,100.0,7.0,100.0,0.0,84.0,237224704.0,70.0,26927.0,100.0,0.0,100.0,7.0,100.0,0.0,100.0,0.0,100.0,0.0,100.0,0.0,100.0,0.0,69.0,31.0,100.0,0.0,100.0,0.0,97.0,7258.0,31.0,31.0,100.0,0.0,100.0,0.0,200.0,0.0,100.0,26745.0,100.0,42935697040.0,100.0,121160949125.0
2019-03-09,Z305DH7T,ST4000DM000,4000787030016,0,117.0,140135472.0,93.0,0.0,100.0,7.0,100.0,0.0,84.0,238982770.0,70.0,26959.0,100.0,0.0,100.0,7.0,100.0,0.0,100.0,0.0,100.0,0.0,100.0,0.0,100.0,0.0,70.0,30.0,100.0,0.0,100.0,0.0,97.0,7258.0,30.0,30.0,100.0,0.0,100.0,0.0,200.0,0.0,100.0,26776.0,100.0,42963582992.0,100.0,121279791621.0
2019-03-10,Z305DH7T,ST4000DM000,4000787030016,0,113.0,51995696.0,93.0,0.0,100.0,7.0,100.0,0.0,84.0,239344990.0,70.0,26975.0,100.0,0.0,100.0,7.0,100.0,0.0,100.0,0.0,100.0,0.0,100.0,0.0,100.0,0.0,69.0,31.0,100.0,0.0,100.0,0.0,97.0,7258.0,31.0,31.0,100.0,0.0,100.0,0.0,200.0,0.0,100.0,26792.0,100.0,42973579632.0,100.0,121318261858.0
2019-03-11,Z305DH7T,ST4000DM000,4000787030016,0,117.0,130422664.0,93.0,0.0,100.0,7.0,100.0,0.0,84.0,240270886.0,70.0,27006.0,100.0,0.0,100.0,7.0,100.0,0.0,100.0,0.0,100.0,0.0,100.0,0.0,100.0,0.0,70.0,30.0,100.0,0.0,100.0,0.0,97.0,7258.0,30.0,30.0,100.0,0.0,100.0,0.0,200.0,0.0,100.0,26824.0,100.0,43001397608.0,100.0,121409603432.0
2019-03-12,Z305DH7T,ST4000DM000,4000787030016,0,115.0,88839104.0,93.0,0.0,100.0,7.0,100.0,0.0,84.0,240813252.0,70.0,27022.0,100.0,0.0,100.0,7.0,100.0,0.0,100.0,0.0,100.0,0.0,100.0,0.0,100.0,0.0,69.0,31.0,100.0,0.0,100.0,0.0,97.0,7258.0,31.0,31.0,100.0,0.0,100.0,0.0,200.0,0.0,100.0,26840.0,100.0,43010533792.0,100.0,121473126553.0
2019-03-13,Z305DH7T,ST4000DM000,4000787030016,0,108.0,19776344.0,93.0,0.0,100.0,7.0,100.0,0.0,84.0,242603670.0,70.0,27054.0,100.0,0.0,100.0,7.0,100.0,0.0,100.0,0.0,100.0,0.0,100.0,0.0,100.0,0.0,69.0,31.0,100.0,0.0,100.0,0.0,97.0,7258.0,31.0,31.0,100.0,0.0,100.0,0.0,200.0,0.0,100.0,26871.0,100.0,43034285384.0,100.0,121656149803.0
2019-03-14,Z305DH7T,ST4000DM000,4000787030016,0,117.0,126095688.0,93.0,0.0,100.0,7.0,100.0,0.0,84.0,243791728.0,70.0,27085.0,100.0,0.0,100.0,7.0,100.0,0.0,100.0,0.0,100.0,0.0,100.0,0.0,100.0,0.0,69.0,31.0,100.0,0.0,100.0,0.0,97.0,7258.0,31.0,31.0,100.0,0.0,100.0,0.0,200.0,0.0,100.0,26903.0,100.0,43057269776.0,100.0,121835246165.0
2019-03-15,Z305DH7T,ST4000DM000,4000787030016,0,118.0,177795968.0,93.0,0.0,100.0,7.0,100.0,0.0,84.0,244275115.0,70.0,27101.0,100.0,0.0,100.0,7.0,100.0,0.0,100.0,0.0,100.0,0.0,100.0,0.0,100.0,0.0,70.0,30.0,100.0,0.0,100.0,0.0,97.0,7258.0,30.0,30.0,100.0,0.0,100.0,0.0,200.0,0.0,100.0,26919.0,100.0,43067484632.0,100.0,121897265743.0
2019-03-16,Z305DH7T,ST4000DM000,4000787030016,0,117.0,119616408.0,93.0,0.0,100.0,7.0,100.0,0.0,84.0,246059538.0,70.0,27133.0,100.0,0.0,100.0,7.0,100.0,0.0,100.0,0.0,100.0,0.0,100.0,0.0,100.0,0.0,69.0,31.0,100.0,0.0,100.0,0.0,97.0,7258.0,31.0,31.0,100.0,0.0,100.0,0.0,200.0,0.0,100.0,26951.0,100.0,43092307416.0,100.0,122011860203.0
2019-03-17,Z305DH7T,ST4000DM000,4000787030016,0,109.0,24829408.0,93.0,0.0,100.0,7.0,100.0,0.0,84.0,248064809.0,70.0,27149.0,100.0,0.0,100.0,7.0,100.0,0.0,100.0,0.0,100.0,0.0,100.0,0.0,100.0,0.0,70.0,30.0,100.0,0.0,100.0,0.0,97.0,7258.0,30.0,30.0,100.0,0.0,100.0,0.0,200.0,0.0,100.0,26966.0,100.0,43109716584.0,100.0,122087667849.0
2019-03-18,Z305DH7T,ST4000DM000,4000787030016,0,117.0,137139360.0,93.0,0.0,100.0,7.0,100.0,0.0,84.0,249211519.0,69.0,27181.0,100.0,0.0,100.0,7.0,100.0,0.0,100.0,0.0,100.0,0.0,100.0,0.0,100.0,0.0,69.0,31.0,100.0,0.0,100.0,0.0,97.0,7258.0,31.0,31.0,100.0,0.0,100.0,0.0,200.0,0.0,100.0,26998.0,100.0,43143348512.0,100.0,122198948384.0
2019-03-19,Z305DH7T,ST4000DM000,4000787030016,0,116.0,104797744.0,93.0,0.0,100.0,7.0,100.0,0.0,84.0,249784254.0,69.0,27197.0,100.0,0.0,100.0,7.0,100.0,0.0,100.0,0.0,100.0,0.0,100.0,0.0,100.0,0.0,70.0,30.0,100.0,0.0,100.0,0.0,97.0,7258.0,30.0,30.0,100.0,0.0,100.0,0.0,200.0,0.0,100.0,27014.0,100.0,43160328256.0,100.0,122251811504.0
2019-03-20,Z305DH7T,ST4000DM000,4000787030016,0,117.0,164256496.0,93.0,0.0,100.0,7.0,100.0,0.0,84.0,251660635.0,69.0,27228.0,100.0,0.0,100.0,7.0,100.0,0.0,100.0,0.0,100.0,0.0,100.0,0.0,100.0,0.0,69.0,31.0,100.0,0.0,100.0,0.0,97.0,7258.0,31.0,31.0,100.0,0.0,100.0,0.0,200.0,0.0,100.0,27046.0,100.0,43189582944.0,100.0,122378251856.0
2019-03-21,Z305DH7T,ST4000DM000,4000787030016,0,117.0,137898648.0,93.0,0.0,100.0,7.0,100.0,0.0,84.0,252179575.0,69.0,27244.0,100.0,0.0,100.0,7.0,100.0,0.0,100.0,0.0,100.0,0.0,100.0,0.0,100.0,0.0,70.0,30.0,100.0,0.0,100.0,0.0,97.0,7258.0,30.0,30.0,100.0,0.0,100.0,0.0,200.0,0.0,100.0,27062.0,100.0,43201590104.0,100.0,122416301062.0
2019-03-22,Z305DH7T,ST4000DM000,4000787030016,0,105.0,9104984.0,93.0,0.0,100.0,7.0,100.0,0.0,84.0,253418665.0,69.0,27276.0,100.0,0.0,100.0,7.0,100.0,0.0,100.0,0.0,100.0,0.0,100.0,0.0,100.0,0.0,70.0,30.0,100.0,0.0,100.0,0.0,97.0,7258.0,30.0,30.0,100.0,0.0,100.0,0.0,200.0,0.0,100.0,27093.0,100.0,43229662312.0,100.0,122555091196.0
2019-03-23,Z305DH7T,ST4000DM000,4000787030016,0,117.0,162042336.0,93.0,0.0,100.0,7.0,100.0,0.0,84.0,254564205.0,69.0,27292.0,100.0,0.0,100.0,7.0,100.0,0.0,100.0,0.0,100.0,0.0,100.0,0.0,100.0,0.0,70.0,30.0,100.0,0.0,100.0,0.0,97.0,7258.0,30.0,30.0,100.0,0.0,100.0,0.0,200.0,0.0,100.0,27109.0,100.0,43244505888.0,100.0,122607600293.0
2019-03-24,Z305DH7T,ST4000DM000,4000787030016,0,117.0,132281544.0,93.0,0.0,100.0,7.0,100.0,0.0,84.0,256276419.0,69.0,27323.0,100.0,0.0,100.0,7.0,100.0,0.0,100.0,0.0,100.0,0.0,100.0,0.0,100.0,0.0,70.0,30.0,100.0,0.0,100.0,0.0,97.0,7258.0,30.0,30.0,100.0,0.0,100.0,0.0,200.0,0.0,100.0,27141.0,100.0,43272387960.0,100.0,122781703531.0
2019-03-25,Z305DH7T,ST4000DM000,4000787030016,0,117.0,135193488.0,93.0,0.0,100.0,7.0,100.0,0.0,84.0,257288720.0,69.0,27339.0,100.0,0.0,100.0,7.0,100.0,0.0,100.0,0.0,100.0,0.0,100.0,0.0,100.0,0.0,70.0,30.0,100.0,0.0,100.0,0.0,97.0,7258.0,30.0,30.0,100.0,0.0,100.0,0.0,200.0,0.0,100.0,27157.0,100.0,43281280144.0,100.0,122875492443.0
2019-03-26,Z305DH7T,ST4000DM000,4000787030016,0,120.0,236848384.0,93.0,0.0,100.0,7.0,100.0,0.0,84.0,258880570.0,69.0,27371.0,100.0,0.0,100.0,7.0,100.0,0.0,100.0,0.0,100.0,0.0,100.0,0.0,100.0,0.0,70.0,30.0,100.0,0.0,100.0,0.0,97.0,7258.0,30.0,30.0,100.0,0.0,100.0,0.0,200.0,0.0,100.0,27188.0,100.0,43332603432.0,100.0,123017346875.0
2019-03-27,Z305DH7T,ST4000DM000,4000787030016,0,119.0,210031096.0,93.0,0.0,100.0,7.0,100.0,0.0,84.0,259732289.0,69.0,27387.0,100.0,0.0,100.0,7.0,100.0,0.0,100.0,0.0,100.0,0.0,100.0,0.0,100.0,0.0,69.0,31.0,100.0,0.0,100.0,0.0,97.0,7258.0,31.0,31.0,100.0,0.0,100.0,0.0,200.0,0.0,100.0,27204.0,100.0,43351496792.0,100.0,123076133583.0
2019-03-28,Z305DH7T,ST4000DM000,4000787030016,0,117.0,162255072.0,93.0,0.0,100.0,7.0,100.0,0.0,84.0,261333124.0,69.0,27418.0,100.0,0.0,100.0,7.0,100.0,0.0,100.0,0.0,100.0,0.0,100.0,0.0,100.0,0.0,69.0,31.0,100.0,0.0,100.0,0.0,97.0,7258.0,31.0,31.0,100.0,0.0,100.0,0.0,200.0,0.0,100.0,27236.0,100.0,43392275152.0,100.0,123219771913.0
2019-03-29,Z305DH7T,ST4000DM000,4000787030016,0,117.0,130411704.0,93.0,0.0,100.0,7.0,100.0,0.0,84.0,262248254.0,69.0,27434.0,100.0,0.0,100.0,7.0,100.0,0.0,100.0,0.0,100.0,0.0,100.0,0.0,100.0,0.0,70.0,30.0,100.0,0.0,100.0,0.0,97.0,7258.0,30.0,30.0,100.0,0.0,100.0,0.0,200.0,0.0,100.0,27252.0,100.0,43427588360.0,100.0,123316688011.0
2019-03-30,Z305DH7T,ST4000DM000,4000787030016,0,112.0,49245888.0,93.0,0.0,100.0,7.0,100.0,0.0,84.0,264468035.0,69.0,27466.0,100.0,0.0,100.0,7.0,100.0,0.0,100.0,0.0,100.0,0.0,100.0,0.0,100.0,0.0,69.0,31.0,100.0,0.0,100.0,0.0,97.0,7258.0,31.0,31.0,100.0,0.0,100.0,0.0,200.0,0.0,100.0,27283.0,100.0,43474682512.0,100.0,123490828644.0
2019-03-31,Z305DH7T,ST4000DM000,4000787030016,0,114.0,65373480.0,93.0,0.0,100.0,7.0,100.0,0.0,84.0,265041053.0,69.0,27481.0,100.0,0.0,100.0,7.0,100.0,0.0,100.0,0.0,100.0,0.0,100.0,0.0,100.0,0.0,70.0,30.0,100.0,0.0,100.0,0.0,97.0,7258.0,30.0,30.0,100.0,0.0,100.0,0.0,200.0,0.0,100.0,27299.0,100.0,43483314720.0,100.0,123612585143.0
2019-04-01,Z305DH7T,ST4000DM000,4000787030016,0,114.0,61407816.0,93.0,0.0,100.0,7.0,100.0,0.0,84.0,265926145.0,69.0,27513.0,100.0,0.0,100.0,7.0,100.0,0.0,100.0,0.0,100.0,0.0,100.0,0.0,100.0,0.0,70.0,30.0,100.0,0.0,100.0,0.0,97.0,7258.0,30.0,30.0,100.0,0.0,100.0,0.0,200.0,0.0,100.0,27331.0,100.0,43508393768.0,100.0,123843554477.0
2019-04-02,Z305DH7T,ST4000DM000,4000787030016,0,118.0,190250816.0,93.0,0.0,100.0,7.0,100.0,0.0,84.0,266377954.0,69.0,27529.0,100.0,0.0,100.0,7.0,100.0,0.0,100.0,0.0,100.0,0.0,100.0,0.0,100.0,0.0,70.0,30.0,100.0,0.0,100.0,0.0,97.0,7258.0,30.0,30.0,100.0,0.0,100.0,0.0,200.0,0.0,100.0,27347.0,100.0,43521695408.0,100.0,123989311079.0
2019-04-03,Z305DH7T,ST4000DM000,4000787030016,0,111.0,39585544.0,93.0,0.0,100.0,7.0,100.0,0.0,84.0,268113276.0,69.0,27561.0,100.0,0.0,100.0,7.0,100.0,0.0,100.0,0.0,100.0,0.0,100.0,0.0,100.0,0.0,70.0,30.0,100.0,0.0,100.0,0.0,97.0,7258.0,30.0,30.0,100.0,0.0,100.0,0.0,200.0,0.0,100.0,27378.0,100.0,43551894656.0,100.0,124248655138.0
2019-04-04,Z305DH7T,ST4000DM000,4000787030016,0,105.0,9170768.0,93.0,0.0,100.0,7.0,100.0,0.0,84.0,268394956.0,69.0,27577.0,100.0,0.0,100.0,7.0,100.0,0.0,100.0,0.0,100.0,0.0,100.0,0.0,100.0,0.0,70.0,30.0,100.0,0.0,100.0,0.0,97.0,7258.0,30.0,30.0,100.0,0.0,100.0,0.0,200.0,0.0,100.0,27394.0,100.0,43560159288.0,100.0,124354101658.0
2019-04-05,Z305DH7T,ST4000DM000,4000787030016,0,112.0,48862088.0,93.0,0.0,100.0,7.0,100.0,0.0,84.0,270713512.0,69.0,27608.0,100.0,0.0,100.0,7.0,100.0,0.0,100.0,0.0,100.0,0.0,100.0,0.0,100.0,0.0,70.0,30.0,100.0,0.0,100.0,0.0,97.0,7258.0,30.0,30.0,100.0,0.0,100.0,0.0,200.0,0.0,100.0,27426.0,100.0,43588181968.0,100.0,124551634087.0
2019-04-06,Z305DH7T,ST4000DM000,4000787030016,0,108.0,17216360.0,93.0,0.0,100.0,7.0,100.0,0.0,84.0,271824315.0,69.0,27624.0,100.0,0.0,100.0,7.0,100.0,0.0,100.0,0.0,100.0,0.0,100.0,0.0,100.0,0.0,69.0,31.0,100.0,0.0,100.0,0.0,97.0,7258.0,31.0,31.0,100.0,0.0,100.0,0.0,200.0,0.0,100.0,27442.0,100.0,43603753392.0,100.0,124636345237.0
2019-04-07,Z305DH7T,ST4000DM000,4000787030016,0,118.0,200941824.0,93.0,0.0,100.0,7.0,100.0,0.0,84.0,272824232.0,69.0,27656.0,100.0,0.0,100.0,7.0,100.0,0.0,100.0,0.0,100.0,0.0,100.0,0.0,100.0,0.0,70.0,30.0,100.0,0.0,100.0,0.0,97.0,7258.0,30.0,30.0,100.0,0.0,100.0,0.0,200.0,0.0,100.0,27473.0,100.0,43625481984.0,100.0,124866050582.0
2019-04-08,Z305DH7T,ST4000DM000,4000787030016,0,115.0,84110936.0,93.0,0.0,100.0,7.0,100.0,0.0,84.0,273574358.0,69.0,27672.0,100.0,0.0,100.0,7.0,100.0,0.0,100.0,0.0,100.0,0.0,100.0,0.0,100.0,0.0,70.0,30.0,100.0,0.0,100.0,0.0,97.0,7258.0,30.0,30.0,100.0,0.0,100.0,0.0,200.0,0.0,100.0,27489.0,100.0,43635454752.0,100.0,125000654898.0
2019-04-09,Z305DH7T,ST4000DM000,4000787030016,0,105.0,7753504.0,93.0,0.0,100.0,7.0,100.0,0.0,84.0,275204294.0,69.0,27703.0,100.0,0.0,100.0,7.0,100.0,0.0,100.0,0.0,100.0,0.0,100.0,0.0,100.0,0.0,70.0,30.0,100.0,0.0,100.0,0.0,97.0,7258.0,30.0,30.0,100.0,0.0,100.0,0.0,200.0,0.0,100.0,27521.0,100.0,43656562936.0,100.0,125213657429.0
2019-04-10,Z305DH7T,ST4000DM000,4000787030016,0,117.0,141791104.0,93.0,0.0,100.0,7.0,100.0,0.0,84.0,276028770.0,69.0,27719.0,100.0,0.0,100.0,7.0,100.0,0.0,100.0,0.0,100.0,0.0,100.0,0.0,100.0,0.0,69.0,31.0,100.0,0.0,100.0,0.0,97.0,7258.0,31.0,31.0,100.0,0.0,100.0,0.0,200.0,0.0,100.0,27537.0,100.0,43667642856.0,100.0,125333977109.0
2019-04-11,Z305DH7T,ST4000DM000,4000787030016,0,115.0,96870280.0,93.0,0.0,100.0,7.0,100.0,0.0,84.0,278265085.0,69.0,27751.0,100.0,0.0,100.0,7.0,100.0,0.0,100.0,0.0,100.0,0.0,100.0,0.0,100.0,0.0,71.0,29.0,100.0,0.0,100.0,0.0,97.0,7258.0,29.0,29.0,100.0,0.0,100.0,0.0,200.0,0.0,100.0,27569.0,100.0,43701179648.0,100.0,125523743095.0
2019-04-12,Z305DH7T,ST4000DM000,4000787030016,0,119.0,206149376.0,93.0,0.0,100.0,7.0,100.0,0.0,84.0,278800674.0,69.0,27767.0,100.0,0.0,100.0,7.0,100.0,0.0,100.0,0.0,100.0,0.0,100.0,0.0,100.0,0.0,70.0,30.0,100.0,0.0,100.0,0.0,97.0,7258.0,30.0,30.0,100.0,0.0,100.0,0.0,200.0,0.0,100.0,27584.0,100.0,43709152232.0,100.0,125610807723.0
2019-04-13,Z305DH7T,ST4000DM000,4000787030016,0,113.0,51064216.0,93.0,0.0,100.0,7.0,100.0,0.0,84.0,280479397.0,69.0,27798.0,100.0,0.0,100.0,7.0,100.0,0.0,100.0,0.0,100.0,0.0,100.0,0.0,100.0,0.0,71.0,29.0,100.0,0.0,100.0,0.0,97.0,7258.0,29.0,29.0,100.0,0.0,100.0,0.0,200.0,0.0,100.0,27616.0,100.0,43751967000.0,100.0,125686130185.0
2019-04-14,Z305DH7T,ST4000DM000,4000787030016,0,101.0,3457120.0,93.0,0.0,100.0,7.0,100.0,0.0,84.0,280851934.0,69.0,27814.0,100.0,0.0,100.0,7.0,100.0,0.0,100.0,0.0,100.0,0.0,100.0,0.0,100.0,0.0,71.0,29.0,100.0,0.0,100.0,0.0,97.0,7258.0,29.0,29.0,100.0,0.0,100.0,0.0,200.0,0.0,100.0,27631.0,100.0,43759763552.0,100.0,125737876242.0
2019-04-15,Z305DH7T,ST4000DM000,4000787030016,0,115.0,87495648.0,93.0,0.0,100.0,7.0,100.0,0.0,84.0,282039396.0,69.0,27845.0,100.0,0.0,100.0,7.0,100.0,0.0,100.0,0.0,100.0,0.0,100.0,0.0,100.0,0.0,69.0,31.0,100.0,0.0,100.0,0.0,97.0,7258.0,31.0,31.0,100.0,0.0,100.0,0.0,200.0,0.0,100.0,27663.0,100.0,43773906032.0,100.0,125918992041.0
2019-04-16,Z305DH7T,ST4000DM000,4000787030016,0,116.0,105395952.0,93.0,0.0,100.0,7.0,100.0,0.0,84.0,282613953.0,69.0,27861.0,100.0,0.0,100.0,7.0,100.0,0.0,100.0,0.0,100.0,0.0,100.0,0.0,100.0,0.0,69.0,31.0,100.0,0.0,100.0,0.0,97.0,7258.0,31.0,31.0,100.0,0.0,100.0,0.0,200.0,0.0,100.0,27678.0,100.0,43781969432.0,100.0,126015475617.0
2019-04-17,Z305DH7T,ST4000DM000,4000787030016,0,117.0,126549264.0,93.0,0.0,100.0,7.0,100.0,0.0,84.0,285060211.0,69.0,27892.0,100.0,0.0,100.0,7.0,100.0,0.0,100.0,0.0,100.0,0.0,100.0,0.0,100.0,0.0,70.0,30.0,100.0,0.0,100.0,0.0,97.0,7258.0,30.0,30.0,100.0,0.0,100.0,0.0,200.0,0.0,100.0,27710.0,100.0,43803350768.0,100.0,126246679238.0
2019-04-18,Z305DH7T,ST4000DM000,4000787030016,0,118.0,200886264.0,93.0,0.0,100.0,7.0,100.0,0.0,84.0,285980208.0,69.0,27924.0,100.0,0.0,100.0,7.0,100.0,0.0,100.0,0.0,100.0,0.0,100.0,0.0,100.0,0.0,69.0,31.0,100.0,0.0,100.0,0.0,97.0,7258.0,31.0,31.0,100.0,0.0,100.0,0.0,200.0,0.0,100.0,27741.0,100.0,43818191296.0,100.0,126358430902.0
2019-04-19,Z305DH7T,ST4000DM000,4000787030016,0,120.0,239367560.0,93.0,0.0,100.0,7.0,100.0,0.0,84.0,286659512.0,69.0,27939.0,100.0,0.0,100.0,7.0,100.0,0.0,100.0,0.0,100.0,0.0,100.0,0.0,100.0,0.0,69.0,31.0,100.0,0.0,100.0,0.0,97.0,7258.0,31.0,31.0,100.0,0.0,100.0,0.0,200.0,0.0,100.0,27757.0,100.0,43831562264.0,100.0,126447533293.0
2019-04-20,Z305DH7T,ST4000DM000,4000787030016,0,111.0,30873592.0,93.0,0.0,100.0,7.0,100.0,0.0,84.0,288422798.0,69.0,27971.0,100.0,0.0,100.0,7.0,100.0,0.0,100.0,0.0,100.0,0.0,100.0,0.0,100.0,0.0,69.0,31.0,100.0,0.0,100.0,0.0,97.0,7258.0,31.0,31.0,100.0,0.0,100.0,0.0,200.0,0.0,100.0,27788.0,100.0,43850770064.0,100.0,126568419657.0
2019-04-21,Z305DH7T,ST4000DM000,4000787030016,0,115.0,99329488.0,93.0,0.0,100.0,7.0,100.0,0.0,84.0,289281897.0,69.0,27986.0,100.0,0.0,100.0,7.0,100.0,0.0,100.0,0.0,100.0,0.0,100.0,0.0,100.0,0.0,70.0,30.0,100.0,0.0,100.0,0.0,97.0,7258.0,30.0,30.0,100.0,0.0,100.0,0.0,200.0,0.0,100.0,27804.0,100.0,43857410568.0,100.0,126664346517.0
2019-04-22,Z305DH7T,ST4000DM000,4000787030016,0,110.0,29264688.0,93.0,0.0,100.0,7.0,100.0,0.0,84.0,291535490.0,69.0,28018.0,100.0,0.0,100.0,7.0,100.0,0.0,100.0,0.0,100.0,0.0,100.0,0.0,100.0,0.0,71.0,29.0,100.0,0.0,100.0,0.0,97.0,7258.0,29.0,29.0,100.0,0.0,100.0,0.0,200.0,0.0,100.0,27835.0,100.0,43878484240.0,100.0,126812223282.0
2019-04-23,Z305DH7T,ST4000DM000,4000787030016,0,119.0,224550128.0,93.0,0.0,100.0,7.0,100.0,0.0,84.0,292171520.0,68.0,28033.0,100.0,0.0,100.0,7.0,100.0,0.0,100.0,0.0,100.0,0.0,100.0,0.0,100.0,0.0,70.0,30.0,100.0,0.0,100.0,0.0,97.0,7258.0,30.0,30.0,100.0,0.0,100.0,0.0,200.0,0.0,100.0,27851.0,100.0,43891696488.0,100.0,126891828510.0
2019-04-24,Z305DH7T,ST4000DM000,4000787030016,0,117.0,130804704.0,93.0,0.0,100.0,7.0,100.0,0.0,84.0,294413371.0,68.0,28065.0,100.0,0.0,100.0,7.0,100.0,0.0,100.0,0.0,100.0,0.0,100.0,0.0,100.0,0.0,72.0,28.0,100.0,0.0,100.0,0.0,97.0,7258.0,28.0,28.0,100.0,0.0,100.0,0.0,200.0,0.0,100.0,27882.0,100.0,43921608064.0,100.0,127089881311.0
2019-04-25,Z305DH7T,ST4000DM000,4000787030016,0,116.0,101180152.0,93.0,0.0,100.0,7.0,100.0,0.0,84.0,294915519.0,68.0,28081.0,100.0,0.0,100.0,7.0,100.0,0.0,100.0,0.0,100.0,0.0,100.0,0.0,100.0,0.0,70.0,30.0,100.0,0.0,100.0,0.0,97.0,7258.0,30.0,30.0,100.0,0.0,100.0,0.0,200.0,0.0,100.0,27898.0,100.0,43934285448.0,100.0,127140053548.0
2019-04-26,Z305DH7T,ST4000DM000,4000787030016,0,115.0,99809656.0,93.0,0.0,100.0,7.0,100.0,0.0,84.0,295676760.0,68.0,28112.0,100.0,0.0,100.0,7.0,100.0,0.0,100.0,0.0,100.0,0.0,100.0,0.0,100.0,0.0,72.0,28.0,100.0,0.0,100.0,0.0,97.0,7258.0,28.0,28.0,100.0,0.0,100.0,0.0,200.0,0.0,100.0,27930.0,100.0,43953857528.0,100.0,127215830744.0
2019-04-27,Z305DH7T,ST4000DM000,4000787030016,0,117.0,139746280.0,93.0,0.0,100.0,7.0,100.0,0.0,84.0,296800369.0,68.0,28128.0,100.0,0.0,100.0,7.0,100.0,0.0,100.0,0.0,100.0,0.0,100.0,0.0,100.0,0.0,69.0,31.0,100.0,0.0,100.0,0.0,97.0,7258.0,31.0,31.0,100.0,0.0,100.0,0.0,200.0,0.0,100.0,27945.0,100.0,43966960616.0,100.0,127250180702.0
2019-04-28,Z305DH7T,ST4000DM000,4000787030016,0,108.0,19815288.0,93.0,0.0,100.0,7.0,100.0,0.0,84.0,297606928.0,68.0,28159.0,100.0,0.0,100.0,7.0,100.0,0.0,100.0,0.0,100.0,0.0,100.0,0.0,100.0,0.0,70.0,30.0,100.0,0.0,100.0,0.0,97.0,7258.0,30.0,30.0,100.0,0.0,100.0,0.0,200.0,0.0,100.0,27977.0,100.0,43982385320.0,100.0,127350576849.0
2019-04-29,Z305DH7T,ST4000DM000,4000787030016,0,119.0,226596896.0,93.0,0.0,100.0,7.0,100.0,0.0,84.0,298319386.0,68.0,28191.0,100.0,0.0,100.0,7.0,100.0,0.0,100.0,0.0,100.0,0.0,100.0,0.0,100.0,0.0,69.0,31.0,100.0,0.0,100.0,0.0,97.0,7258.0,31.0,31.0,100.0,0.0,100.0,0.0,200.0,0.0,100.0,28008.0,100.0,44001673336.0,100.0,127428791548.0
2019-04-30,Z305DH7T,ST4000DM000,4000787030016,0,117.0,130873744.0,93.0,0.0,100.0,7.0,100.0,0.0,84.0,298538561.0,68.0,28206.0,100.0,0.0,100.0,7.0,100.0,0.0,100.0,0.0,100.0,0.0,100.0,0.0,100.0,0.0,69.0,31.0,100.0,0.0,100.0,0.0,97.0,7258.0,31.0,31.0,100.0,0.0,100.0,0.0,200.0,0.0,100.0,28024.0,100.0,44010966832.0,100.0,127444027880.0
2019-05-01,Z305DH7T,ST4000DM000,4000787030016,0,115.0,97074168.0,93.0,0.0,100.0,7.0,100.0,0.0,84.0,299208644.0,68.0,28222.0,100.0,0.0,100.0,7.0,100.0,0.0,100.0,0.0,100.0,0.0,100.0,0.0,100.0,0.0,69.0,31.0,100.0,0.0,100.0,0.0,97.0,7258.0,31.0,31.0,100.0,0.0,100.0,0.0,200.0,0.0,100.0,28040.0,100.0,44017353872.0,100.0,127533648942.0
2019-05-02,Z305DH7T,ST4000DM000,4000787030016,0,115.0,92571632.0,93.0,0.0,100.0,7.0,100.0,0.0,84.0,300942103.0,68.0,28253.0,100.0,0.0,100.0,7.0,100.0,0.0,100.0,0.0,100.0,0.0,100.0,0.0,100.0,0.0,70.0,30.0,100.0,0.0,100.0,0.0,97.0,7258.0,30.0,30.0,100.0,0.0,100.0,0.0,200.0,0.0,100.0,28071.0,100.0,44046107176.0,100.0,127694170433.0
2019-05-03,Z305DH7T,ST4000DM000,4000787030016,0,119.0,228035752.0,93.0,0.0,100.0,7.0,100.0,0.0,84.0,301461002.0,68.0,28269.0,100.0,0.0,100.0,7.0,100.0,0.0,100.0,0.0,100.0,0.0,100.0,0.0,100.0,0.0,69.0,31.0,100.0,0.0,100.0,0.0,97.0,7258.0,31.0,31.0,100.0,0.0,100.0,0.0,200.0,0.0,100.0,28086.0,100.0,44055883928.0,100.0,127755603183.0
2019-05-04,Z305DH7T,ST4000DM000,4000787030016,0,115.0,92425760.0,93.0,0.0,100.0,7.0,100.0,0.0,84.0,303573859.0,68.0,28300.0,100.0,0.0,100.0,7.0,100.0,0.0,100.0,0.0,100.0,0.0,100.0,0.0,100.0,0.0,70.0,30.0,100.0,0.0,100.0,0.0,97.0,7258.0,30.0,30.0,100.0,0.0,100.0,0.0,200.0,0.0,100.0,28118.0,100.0,44087236792.0,100.0,127910865618.0
2019-05-05,Z305DH7T,ST4000DM000,4000787030016,0,111.0,36628344.0,93.0,0.0,100.0,7.0,100.0,0.0,84.0,304264374.0,68.0,28316.0,100.0,0.0,100.0,7.0,100.0,0.0,100.0,0.0,100.0,0.0,100.0,0.0,100.0,0.0,69.0,31.0,100.0,0.0,100.0,0.0,97.0,7258.0,31.0,31.0,100.0,0.0,100.0,0.0,200.0,0.0,100.0,28133.0,100.0,44099384544.0,100.0,128000861711.0
2019-05-06,Z305DH7T,ST4000DM000,4000787030016,0,117.0,151132896.0,93.0,0.0,100.0,7.0,100.0,0.0,84.0,305436911.0,68.0,28347.0,100.0,0.0,100.0,7.0,100.0,0.0,100.0,0.0,100.0,0.0,100.0,0.0,100.0,0.0,70.0,30.0,100.0,0.0,100.0,0.0,97.0,7258.0,30.0,30.0,100.0,0.0,100.0,0.0,200.0,0.0,100.0,28165.0,100.0,44124083560.0,100.0,128110749623.0
2019-05-07,Z305DH7T,ST4000DM000,4000787030016,0,119.0,234162312.0,93.0,0.0,100.0,7.0,100.0,0.0,84.0,305982182.0,68.0,28363.0,100.0,0.0,100.0,7.0,100.0,0.0,100.0,0.0,100.0,0.0,100.0,0.0,100.0,0.0,70.0,30.0,100.0,0.0,100.0,0.0,97.0,7258.0,30.0,30.0,100.0,0.0,100.0,0.0,200.0,0.0,100.0,28180.0,100.0,44133457080.0,100.0,128172402755.0
2019-05-08,Z305DH7T,ST4000DM000,4000787030016,0,115.0,99294304.0,93.0,0.0,100.0,7.0,100.0,0.0,84.0,307519110.0,68.0,28394.0,100.0,0.0,100.0,7.0,100.0,0.0,100.0,0.0,100.0,0.0,100.0,0.0,100.0,0.0,70.0,30.0,100.0,0.0,100.0,0.0,97.0,7258.0,30.0,30.0,100.0,0.0,100.0,0.0,200.0,0.0,100.0,28212.0,100.0,44163348864.0,100.0,128302052626.0
2019-05-09,Z305DH7T,ST4000DM000,4000787030016,0,117.0,120553344.0,93.0,0.0,100.0,7.0,100.0,0.0,84.0,310078351.0,68.0,28410.0,100.0,0.0,100.0,7.0,100.0,0.0,100.0,0.0,100.0,0.0,100.0,0.0,100.0,0.0,69.0,31.0,100.0,0.0,100.0,0.0,97.0,7258.0,31.0,31.0,100.0,0.0,100.0,0.0,200.0,0.0,100.0,28227.0,100.0,44177518840.0,100.0,128408439014.0
2019-05-10,Z305DH7T,ST4000DM000,4000787030016,0,116.0,112607640.0,93.0,0.0,100.0,7.0,100.0,0.0,84.0,310896560.0,68.0,28441.0,100.0,0.0,100.0,7.0,100.0,0.0,100.0,0.0,100.0,0.0,100.0,0.0,100.0,0.0,71.0,29.0,100.0,0.0,100.0,0.0,97.0,7258.0,29.0,29.0,100.0,0.0,100.0,0.0,200.0,0.0,100.0,28259.0,100.0,44197542096.0,100.0,128503369780.0
2019-05-11,Z305DH7T,ST4000DM000,4000787030016,0,119.0,218143632.0,93.0,0.0,100.0,7.0,100.0,0.0,84.0,312702833.0,68.0,28473.0,100.0,0.0,100.0,7.0,100.0,0.0,100.0,0.0,100.0,0.0,100.0,0.0,100.0,0.0,70.0,30.0,100.0,0.0,100.0,0.0,97.0,7258.0,30.0,30.0,100.0,0.0,100.0,0.0,200.0,0.0,100.0,28290.0,100.0,44226350960.0,100.0,128603873102.0
2019-05-12,Z305DH7T,ST4000DM000,4000787030016,0,119.0,211597056.0,93.0,0.0,100.0,7.0,100.0,0.0,84.0,314219664.0,68.0,28504.0,100.0,0.0,100.0,7.0,100.0,0.0,100.0,0.0,100.0,0.0,100.0,0.0,100.0,0.0,70.0,30.0,100.0,0.0,100.0,0.0,97.0,7258.0,30.0,30.0,100.0,0.0,100.0,0.0,200.0,0.0,100.0,28322.0,100.0,44240350584.0,100.0,128762792230.0
2019-05-13,Z305DH7T,ST4000DM000,4000787030016,0,115.0,99056088.0,93.0,0.0,100.0,7.0,100.0,0.0,84.0,315442341.0,68.0,28520.0,100.0,0.0,100.0,7.0,100.0,0.0,100.0,0.0,100.0,0.0,100.0,0.0,100.0,0.0,70.0,30.0,100.0,0.0,100.0,0.0,97.0,7258.0,30.0,30.0,100.0,0.0,100.0,0.0,200.0,0.0,100.0,28338.0,100.0,44247973280.0,100.0,128850236621.0
2019-05-14,Z305DH7T,ST4000DM000,4000787030016,0,111.0,35223368.0,93.0,0.0,100.0,7.0,100.0,0.0,84.0,316194237.0,68.0,28552.0,100.0,0.0,100.0,7.0,100.0,0.0,100.0,0.0,100.0,0.0,100.0,0.0,100.0,0.0,70.0,30.0,100.0,0.0,100.0,0.0,97.0,7258.0,30.0,30.0,100.0,0.0,100.0,0.0,200.0,0.0,100.0,28369.0,100.0,44271713288.0,100.0,128950561582.0
2019-05-15,Z305DH7T,ST4000DM000,4000787030016,0,118.0,175235576.0,93.0,0.0,100.0,7.0,100.0,0.0,84.0,317682058.0,68.0,28567.0,100.0,0.0,100.0,7.0,100.0,0.0,100.0,0.0,100.0,0.0,100.0,0.0,100.0,0.0,71.0,29.0,100.0,0.0,100.0,0.0,97.0,7258.0,29.0,29.0,100.0,0.0,100.0,0.0,200.0,0.0,100.0,28385.0,100.0,44292620384.0,100.0,129038318355.0
2019-05-16,Z305DH7T,ST4000DM000,4000787030016,0,101.0,3423512.0,93.0,0.0,100.0,7.0,100.0,0.0,84.0,318722749.0,68.0,28599.0,100.0,0.0,100.0,7.0,100.0,0.0,100.0,0.0,100.0,0.0,100.0,0.0,100.0,0.0,70.0,30.0,100.0,0.0,100.0,0.0,97.0,7258.0,30.0,30.0,100.0,0.0,100.0,0.0,200.0,0.0,100.0,28417.0,100.0,44320622800.0,100.0,129184452072.0
2019-05-17,Z305DH7T,ST4000DM000,4000787030016,0,111.0,35532104.0,93.0,0.0,100.0,7.0,100.0,0.0,84.0,319253706.0,68.0,28615.0,100.0,0.0,100.0,7.0,100.0,0.0,100.0,0.0,100.0,0.0,100.0,0.0,100.0,0.0,70.0,30.0,100.0,0.0,100.0,0.0,97.0,7258.0,30.0,30.0,100.0,0.0,100.0,0.0,200.0,0.0,100.0,28432.0,100.0,44340280920.0,100.0,129270549987.0
2019-05-18,Z305DH7T,ST4000DM000,4000787030016,0,118.0,192526120.0,93.0,0.0,100.0,7.0,100.0,0.0,84.0,321238378.0,68.0,28646.0,100.0,0.0,100.0,7.0,100.0,0.0,100.0,0.0,100.0,0.0,100.0,0.0,100.0,0.0,70.0,30.0,100.0,0.0,100.0,0.0,97.0,7258.0,30.0,30.0,100.0,0.0,100.0,0.0,200.0,0.0,100.0,28464.0,100.0,44368278296.0,100.0,129485442160.0
2019-05-19,Z305DH7T,ST4000DM000,4000787030016,0,115.0,90836984.0,93.0,0.0,100.0,7.0,100.0,0.0,84.0,321694987.0,68.0,28662.0,100.0,0.0,100.0,7.0,100.0,0.0,100.0,0.0,100.0,0.0,100.0,0.0,100.0,0.0,70.0,30.0,100.0,0.0,100.0,0.0,97.0,7258.0,30.0,30.0,100.0,0.0,100.0,0.0,200.0,0.0,100.0,28480.0,100.0,44375706848.0,100.0,129605037243.0
2019-05-20,Z305DH7T,ST4000DM000,4000787030016,0,111.0,32512240.0,93.0,0.0,100.0,7.0,100.0,0.0,84.0,322724345.0,68.0,28694.0,100.0,0.0,100.0,7.0,100.0,0.0,100.0,0.0,100.0,0.0,100.0,0.0,100.0,0.0,69.0,31.0,100.0,0.0,100.0,0.0,97.0,7258.0,31.0,31.0,100.0,0.0,100.0,0.0,200.0,0.0,100.0,28512.0,100.0,44397740792.0,100.0,129882250851.0
2019-05-21,Z305DH7T,ST4000DM000,4000787030016,0,120.0,243032472.0,93.0,0.0,100.0,7.0,100.0,0.0,84.0,323133462.0,68.0,28710.0,100.0,0.0,100.0,7.0,100.0,0.0,100.0,0.0,100.0,0.0,100.0,0.0,100.0,0.0,70.0,30.0,100.0,0.0,100.0,0.0,97.0,7258.0,30.0,30.0,100.0,0.0,100.0,0.0,200.0,0.0,100.0,28527.0,100.0,44405411040.0,100.0,129995091252.0
2019-05-22,Z305DH7T,ST4000DM000,4000787030016,0,117.0,133281904.0,93.0,0.0,100.0,7.0,100.0,0.0,84.0,323582272.0,68.0,28726.0,100.0,0.0,100.0,7.0,100.0,0.0,100.0,0.0,100.0,0.0,100.0,0.0,100.0,0.0,69.0,31.0,100.0,0.0,100.0,0.0,97.0,7258.0,31.0,31.0,100.0,0.0,100.0,0.0,200.0,0.0,100.0,28543.0,100.0,44422165264.0,100.0,130113907879.0
2019-05-23,Z305DH7T,ST4000DM000,4000787030016,0,103.0,5679344.0,93.0,0.0,100.0,7.0,100.0,0.0,84.0,325530873.0,68.0,28757.0,100.0,0.0,100.0,7.0,100.0,0.0,100.0,0.0,100.0,0.0,100.0,0.0,100.0,0.0,70.0,30.0,100.0,0.0,100.0,0.0,97.0,7258.0,30.0,30.0,100.0,0.0,100.0,0.0,200.0,0.0,100.0,28575.0,100.0,44447726328.0,100.0,130374225526.0
2019-05-24,Z305DH7T,ST4000DM000,4000787030016,0,119.0,217267024.0,93.0,0.0,100.0,7.0,100.0,0.0,84.0,325806342.0,68.0,28773.0,100.0,0.0,100.0,7.0,100.0,0.0,100.0,0.0,100.0,0.0,100.0,0.0,100.0,0.0,69.0,31.0,100.0,0.0,100.0,0.0,97.0,7258.0,31.0,31.0,100.0,0.0,100.0,0.0,200.0,0.0,100.0,28591.0,100.0,44454689416.0,100.0,130475080328.0
2019-05-25,Z305DH7T,ST4000DM000,4000787030016,0,105.0,8856232.0,93.0,0.0,100.0,7.0,100.0,0.0,84.0,327705026.0,68.0,28805.0,100.0,0.0,100.0,7.0,100.0,0.0,100.0,0.0,100.0,0.0,100.0,0.0,100.0,0.0,70.0,30.0,100.0,0.0,100.0,0.0,97.0,7258.0,30.0,30.0,100.0,0.0,100.0,0.0,200.0,0.0,100.0,28622.0,100.0,44480084424.0,100.0,130687676742.0
2019-05-26,Z305DH7T,ST4000DM000,4000787030016,0,117.0,145479992.0,93.0,0.0,100.0,7.0,100.0,0.0,84.0,328374324.0,68.0,28820.0,100.0,0.0,100.0,7.0,100.0,0.0,100.0,0.0,100.0,0.0,100.0,0.0,100.0,0.0,70.0,30.0,100.0,0.0,100.0,0.0,97.0,7258.0,30.0,30.0,100.0,0.0,100.0,0.0,200.0,0.0,100.0,28638.0,100.0,44488074720.0,100.0,130815430918.0
2019-05-27,Z305DH7T,ST4000DM000,4000787030016,0,119.0,202368328.0,93.0,0.0,100.0,7.0,100.0,0.0,84.0,329852795.0,68.0,28852.0,100.0,0.0,100.0,7.0,100.0,0.0,100.0,0.0,100.0,0.0,100.0,0.0,100.0,0.0,70.0,30.0,100.0,0.0,100.0,0.0,97.0,7258.0,30.0,30.0,100.0,0.0,100.0,0.0,200.0,0.0,100.0,28669.0,100.0,44508862336.0,100.0,131017475724.0
2019-05-28,Z305DH7T,ST4000DM000,4000787030016,0,116.0,102570080.0,93.0,0.0,100.0,7.0,100.0,0.0,84.0,332127082.0,68.0,28868.0,100.0,0.0,100.0,7.0,100.0,0.0,100.0,0.0,100.0,0.0,100.0,0.0,100.0,0.0,70.0,30.0,100.0,0.0,100.0,0.0,97.0,7258.0,30.0,30.0,100.0,0.0,100.0,0.0,200.0,0.0,100.0,28685.0,100.0,44523798872.0,100.0,131151921362.0
2019-05-29,Z305DH7T,ST4000DM000,4000787030016,0,118.0,176563808.0,93.0,0.0,100.0,7.0,100.0,0.0,84.0,333450808.0,68.0,28899.0,100.0,0.0,100.0,7.0,100.0,0.0,100.0,0.0,100.0,0.0,100.0,0.0,100.0,0.0,70.0,30.0,100.0,0.0,100.0,0.0,97.0,7258.0,30.0,30.0,100.0,0.0,100.0,0.0,200.0,0.0,100.0,28717.0,100.0,44545519856.0,100.0,131326171841.0
2019-05-30,Z305DH7T,ST4000DM000,4000787030016,0,114.0,80728576.0,93.0,0.0,100.0,7.0,100.0,0.0,84.0,334717443.0,67.0,28931.0,100.0,0.0,100.0,7.0,100.0,0.0,100.0,0.0,100.0,0.0,100.0,0.0,100.0,0.0,69.0,31.0,100.0,0.0,100.0,0.0,97.0,7258.0,31.0,31.0,100.0,0.0,100.0,0.0,200.0,0.0,100.0,28748.0,100.0,44562960560.0,100.0,131407593892.0
2019-05-31,Z305DH7T,ST4000DM000,4000787030016,0,108.0,14714456.0,93.0,0.0,100.0,7.0,100.0,0.0,84.0,335303007.0,67.0,28946.0,100.0,0.0,100.0,7.0,100.0,0.0,100.0,0.0,100.0,0.0,100.0,0.0,100.0,0.0,70.0,30.0,100.0,0.0,100.0,0.0,97.0,7258.0,30.0,30.0,100.0,0.0,100.0,0.0,200.0,0.0,100.0,28764.0,100.0,44574963992.0,100.0,131489219145.0
2019-06-01,Z305DH7T,ST4000DM000,4000787030016,0,108.0,16733296.0,93.0,0.0,100.0,7.0,100.0,0.0,85.0,337230669.0,67.0,28978.0,100.0,0.0,100.0,7.0,100.0,0.0,100.0,0.0,100.0,0.0,100.0,0.0,100.0,0.0,72.0,28.0,100.0,0.0,100.0,0.0,97.0,7258.0,28.0,28.0,100.0,0.0,100.0,0.0,200.0,0.0,100.0,28795.0,100.0,44595728008.0,100.0,131652515289.0
2019-06-02,Z305DH7T,ST4000DM000,4000787030016,0,118.0,191621584.0,93.0,0.0,100.0,7.0,100.0,0.0,85.0,337946569.0,67.0,28993.0,100.0,0.0,100.0,7.0,100.0,0.0,100.0,0.0,100.0,0.0,100.0,0.0,100.0,0.0,70.0,30.0,100.0,0.0,100.0,0.0,97.0,7258.0,30.0,30.0,100.0,0.0,100.0,0.0,200.0,0.0,100.0,28811.0,100.0,44602518424.0,100.0,131758099183.0
2019-06-03,Z305DH7T,ST4000DM000,4000787030016,0,119.0,217740712.0,93.0,0.0,100.0,7.0,100.0,0.0,85.0,339442344.0,67.0,29025.0,100.0,0.0,100.0,7.0,100.0,0.0,100.0,0.0,100.0,0.0,100.0,0.0,100.0,0.0,70.0,30.0,100.0,0.0,100.0,0.0,97.0,7258.0,30.0,30.0,100.0,0.0,100.0,0.0,200.0,0.0,100.0,28842.0,100.0,44634324224.0,100.0,131963360107.0
2019-06-04,Z305DH7T,ST4000DM000,4000787030016,0,117.0,162015640.0,93.0,0.0,100.0,7.0,100.0,0.0,85.0,340006513.0,67.0,29041.0,100.0,0.0,100.0,7.0,100.0,0.0,100.0,0.0,100.0,0.0,100.0,0.0,100.0,0.0,70.0,30.0,100.0,0.0,100.0,0.0,97.0,7258.0,30.0,30.0,100.0,0.0,100.0,0.0,200.0,0.0,100.0,28858.0,100.0,44643387800.0,100.0,132042376652.0
2019-06-05,Z305DH7T,ST4000DM000,4000787030016,0,113.0,51788552.0,93.0,0.0,100.0,7.0,100.0,0.0,85.0,342176236.0,67.0,29072.0,100.0,0.0,100.0,7.0,100.0,0.0,100.0,0.0,100.0,0.0,100.0,0.0,100.0,0.0,71.0,29.0,100.0,0.0,100.0,0.0,97.0,7258.0,29.0,29.0,100.0,0.0,100.0,0.0,200.0,0.0,100.0,28889.0,100.0,44673892344.0,100.0,132215300476.0
2019-06-06,Z305DH7T,ST4000DM000,4000787030016,0,114.0,71729272.0,93.0,0.0,100.0,7.0,100.0,0.0,85.0,343308829.0,67.0,29103.0,100.0,0.0,100.0,7.0,100.0,0.0,100.0,0.0,100.0,0.0,100.0,0.0,100.0,0.0,69.0,31.0,100.0,0.0,100.0,0.0,97.0,7258.0,31.0,31.0,100.0,0.0,100.0,0.0,200.0,0.0,100.0,28921.0,100.0,44702476456.0,100.0,132394161990.0
2019-06-07,Z305DH7T,ST4000DM000,4000787030016,0,119.0,224656360.0,93.0,0.0,100.0,7.0,100.0,0.0,85.0,343782688.0,67.0,29119.0,100.0,0.0,100.0,7.0,100.0,0.0,100.0,0.0,100.0,0.0,100.0,0.0,100.0,0.0,70.0,30.0,100.0,0.0,100.0,0.0,97.0,7258.0,30.0,30.0,100.0,0.0,100.0,0.0,200.0,0.0,100.0,28937.0,100.0,44717807136.0,100.0,132463798914.0
2019-06-08,Z305DH7T,ST4000DM000,4000787030016,0,115.0,99194288.0,93.0,0.0,100.0,7.0,100.0,0.0,85.0,345699925.0,67.0,29150.0,100.0,0.0,100.0,7.0,100.0,0.0,100.0,0.0,100.0,0.0,100.0,0.0,100.0,0.0,69.0,31.0,100.0,0.0,100.0,0.0,97.0,7258.0,31.0,31.0,100.0,0.0,100.0,0.0,200.0,0.0,100.0,28968.0,100.0,44741254656.0,100.0,132606320318.0
2019-06-09,Z305DH7T,ST4000DM000,4000787030016,0,109.0,21010512.0,93.0,0.0,100.0,7.0,100.0,0.0,85.0,346202445.0,67.0,29166.0,100.0,0.0,100.0,7.0,100.0,0.0,100.0,0.0,100.0,0.0,100.0,0.0,100.0,0.0,71.0,29.0,100.0,0.0,100.0,0.0,97.0,7258.0,29.0,29.0,100.0,0.0,100.0,0.0,200.0,0.0,100.0,28983.0,100.0,44745658656.0,100.0,132682089122.0
2019-06-10,Z305DH7T,ST4000DM000,4000787030016,0,116.0,104654504.0,93.0,0.0,100.0,7.0,100.0,0.0,85.0,347723880.0,67.0,29197.0,100.0,0.0,100.0,7.0,100.0,0.0,100.0,0.0,100.0,0.0,100.0,0.0,100.0,0.0,70.0,30.0,100.0,0.0,100.0,0.0,97.0,7258.0,30.0,30.0,100.0,0.0,100.0,0.0,200.0,0.0,100.0,29015.0,100.0,44761354816.0,100.0,132870974176.0
2019-06-11,Z305DH7T,ST4000DM000,4000787030016,0,117.0,141188288.0,93.0,0.0,100.0,7.0,100.0,0.0,85.0,348003189.0,67.0,29213.0,100.0,0.0,100.0,7.0,100.0,0.0,100.0,0.0,100.0,0.0,100.0,0.0,100.0,0.0,72.0,28.0,100.0,0.0,100.0,0.0,97.0,7258.0,28.0,28.0,100.0,0.0,100.0,0.0,200.0,0.0,100.0,29030.0,100.0,44767213792.0,100.0,132906186714.0
2019-06-12,Z305DH7T,ST4000DM000,4000787030016,0,114.0,68370528.0,93.0,0.0,100.0,7.0,100.0,0.0,85.0,349664987.0,67.0,29244.0,100.0,0.0,100.0,7.0,100.0,0.0,100.0,0.0,100.0,0.0,100.0,0.0,100.0,0.0,72.0,28.0,100.0,0.0,100.0,0.0,97.0,7258.0,28.0,28.0,100.0,0.0,100.0,0.0,200.0,0.0,100.0,29062.0,100.0,44786318176.0,100.0,133005784143.0
2019-06-13,Z305DH7T,ST4000DM000,4000787030016,0,119.0,215607928.0,93.0,0.0,100.0,7.0,100.0,0.0,85.0,350071952.0,67.0,29260.0,100.0,0.0,100.0,7.0,100.0,0.0,100.0,0.0,100.0,0.0,100.0,0.0,100.0,0.0,72.0,28.0,100.0,0.0,100.0,0.0,97.0,7258.0,28.0,28.0,100.0,0.0,100.0,0.0,200.0,0.0,100.0,29078.0,100.0,44790358592.0,100.0,133067539883.0
2019-06-14,Z305DH7T,ST4000DM000,4000787030016,0,117.0,138325832.0,93.0,0.0,100.0,7.0,100.0,0.0,85.0,351842301.0,67.0,29292.0,100.0,0.0,100.0,7.0,100.0,0.0,100.0,0.0,100.0,0.0,100.0,0.0,100.0,0.0,69.0,31.0,100.0,0.0,100.0,0.0,97.0,7258.0,31.0,31.0,100.0,0.0,100.0,0.0,200.0,0.0,100.0,29109.0,100.0,44805889904.0,100.0,133144087990.0
2019-06-15,Z305DH7T,ST4000DM000,4000787030016,0,114.0,60830968.0,93.0,0.0,100.0,7.0,100.0,0.0,85.0,352881843.0,67.0,29307.0,100.0,0.0,100.0,7.0,100.0,0.0,100.0,0.0,100.0,0.0,100.0,0.0,100.0,0.0,69.0,31.0,100.0,0.0,100.0,0.0,97.0,7258.0,31.0,31.0,100.0,0.0,100.0,0.0,200.0,0.0,100.0,29125.0,100.0,44812648680.0,100.0,133192276606.0
2019-06-16,Z305DH7T,ST4000DM000,4000787030016,0,115.0,92859928.0,93.0,0.0,100.0,7.0,100.0,0.0,85.0,354456677.0,67.0,29339.0,100.0,0.0,100.0,7.0,100.0,0.0,100.0,0.0,100.0,0.0,100.0,0.0,100.0,0.0,69.0,31.0,100.0,0.0,100.0,0.0,97.0,7258.0,31.0,31.0,100.0,0.0,100.0,0.0,200.0,0.0,100.0,29156.0,100.0,44832643144.0,100.0,133353087331.0
2019-06-17,Z305DH7T,ST4000DM000,4000787030016,0,117.0,162314872.0,93.0,0.0,100.0,7.0,100.0,0.0,85.0,355313627.0,67.0,29355.0,100.0,0.0,100.0,7.0,100.0,0.0,100.0,0.0,100.0,0.0,100.0,0.0,100.0,0.0,69.0,31.0,100.0,0.0,100.0,0.0,97.0,7258.0,31.0,31.0,100.0,0.0,100.0,0.0,200.0,0.0,100.0,29172.0,100.0,44839151288.0,100.0,133468809891.0
2019-06-18,Z305DH7T,ST4000DM000,4000787030016,0,118.0,190250016.0,93.0,0.0,100.0,7.0,100.0,0.0,85.0,356445271.0,67.0,29386.0,100.0,0.0,100.0,7.0,100.0,0.0,100.0,0.0,100.0,0.0,100.0,0.0,100.0,0.0,72.0,28.0,100.0,0.0,100.0,0.0,97.0,7258.0,28.0,28.0,100.0,0.0,100.0,0.0,200.0,0.0,100.0,29204.0,100.0,44858813200.0,100.0,133620467630.0
2019-06-19,Z305DH7T,ST4000DM000,4000787030016,0,117.0,125150920.0,93.0,0.0,100.0,7.0,100.0,0.0,85.0,357386424.0,67.0,29402.0,100.0,0.0,100.0,7.0,100.0,0.0,100.0,0.0,100.0,0.0,100.0,0.0,100.0,0.0,71.0,29.0,100.0,0.0,100.0,0.0,97.0,7258.0,29.0,29.0,100.0,0.0,100.0,0.0,200.0,0.0,100.0,29220.0,100.0,44883826600.0,100.0,133679260982.0
2019-06-20,Z305DH7T,ST4000DM000,4000787030016,0,118.0,189216896.0,93.0,0.0,100.0,7.0,100.0,0.0,85.0,359002133.0,67.0,29434.0,100.0,0.0,100.0,7.0,100.0,0.0,100.0,0.0,100.0,0.0,100.0,0.0,100.0,0.0,72.0,28.0,100.0,0.0,100.0,0.0,97.0,7258.0,28.0,28.0,100.0,0.0,100.0,0.0,200.0,0.0,100.0,29251.0,100.0,44897324352.0,100.0,133809847702.0
2019-06-21,Z305DH7T,ST4000DM000,4000787030016,0,116.0,113766856.0,93.0,0.0,100.0,7.0,100.0,0.0,85.0,359506841.0,67.0,29449.0,100.0,0.0,100.0,7.0,100.0,0.0,100.0,0.0,100.0,0.0,100.0,0.0,100.0,0.0,69.0,31.0,100.0,0.0,100.0,0.0,97.0,7258.0,31.0,31.0,100.0,0.0,100.0,0.0,200.0,0.0,100.0,29267.0,100.0,44903283848.0,100.0,133870177214.0
2019-06-22,Z305DH7T,ST4000DM000,4000787030016,0,113.0,55057304.0,93.0,0.0,100.0,7.0,100.0,0.0,85.0,361472136.0,67.0,29480.0,100.0,0.0,100.0,7.0,100.0,0.0,100.0,0.0,100.0,0.0,100.0,0.0,100.0,0.0,72.0,28.0,100.0,0.0,100.0,0.0,97.0,7258.0,28.0,28.0,100.0,0.0,100.0,0.0,200.0,0.0,100.0,29298.0,100.0,44922847488.0,100.0,133983537934.0
2019-06-23,Z305DH7T,ST4000DM000,4000787030016,0,118.0,172420432.0,93.0,0.0,100.0,7.0,100.0,0.0,85.0,361862119.0,67.0,29496.0,100.0,0.0,100.0,7.0,100.0,0.0,100.0,0.0,100.0,0.0,100.0,0.0,100.0,0.0,70.0,30.0,100.0,0.0,100.0,0.0,97.0,7258.0,30.0,30.0,100.0,0.0,100.0,0.0,200.0,0.0,100.0,29313.0,100.0,44928998224.0,100.0,134026960028.0
2019-06-24,Z305DH7T,ST4000DM000,4000787030016,0,111.0,30622064.0,93.0,0.0,100.0,7.0,100.0,0.0,85.0,362897392.0,67.0,29527.0,100.0,0.0,100.0,7.0,100.0,0.0,100.0,0.0,100.0,0.0,100.0,0.0,100.0,0.0,71.0,29.0,100.0,0.0,100.0,0.0,97.0,7258.0,29.0,29.0,100.0,0.0,100.0,0.0,200.0,0.0,100.0,29345.0,100.0,44940199608.0,100.0,134138922197.0
2019-06-25,Z305DH7T,ST4000DM000,4000787030016,0,117.0,139350568.0,93.0,0.0,100.0,7.0,100.0,0.0,85.0,363274992.0,67.0,29543.0,100.0,0.0,100.0,7.0,100.0,0.0,100.0,0.0,100.0,0.0,100.0,0.0,100.0,0.0,69.0,31.0,100.0,0.0,100.0,0.0,97.0,7258.0,31.0,31.0,100.0,0.0,100.0,0.0,200.0,0.0,100.0,29360.0,100.0,44946474248.0,100.0,134177380768.0
2019-06-26,Z305DH7T,ST4000DM000,4000787030016,0,120.0,240828792.0,93.0,0.0,100.0,7.0,100.0,0.0,85.0,366209270.0,67.0,29574.0,100.0,0.0,100.0,7.0,100.0,0.0,100.0,0.0,100.0,0.0,100.0,0.0,100.0,0.0,72.0,28.0,100.0,0.0,100.0,0.0,97.0,7258.0,28.0,28.0,100.0,0.0,100.0,0.0,200.0,0.0,100.0,29392.0,100.0,44967801104.0,100.0,134344616164.0
2019-06-27,Z305DH7T,ST4000DM000,4000787030016,0,113.0,52852000.0,93.0,0.0,100.0,7.0,100.0,0.0,85.0,367296013.0,67.0,29590.0,100.0,0.0,100.0,7.0,100.0,0.0,100.0,0.0,100.0,0.0,100.0,0.0,100.0,0.0,69.0,31.0,100.0,0.0,100.0,0.0,97.0,7258.0,31.0,31.0,100.0,0.0,100.0,0.0,200.0,0.0,100.0,29407.0,100.0,44970821624.0,100.0,134475753058.0
2019-06-28,Z305DH7T,ST4000DM000,4000787030016,0,112.0,44948008.0,93.0,0.0,100.0,7.0,100.0,0.0,85.0,369154181.0,67.0,29622.0,100.0,0.0,100.0,7.0,100.0,0.0,100.0,0.0,100.0,0.0,100.0,0.0,100.0,0.0,70.0,30.0,100.0,0.0,100.0,0.0,97.0,7258.0,30.0,30.0,100.0,0.0,100.0,0.0,200.0,0.0,100.0,29439.0,100.0,44980197568.0,100.0,134707785937.0
2019-06-29,Z305DH7T,ST4000DM000,4000787030016,0,119.0,216040696.0,93.0,0.0,100.0,7.0,100.0,0.0,85.0,370565192.0,67.0,29637.0,100.0,0.0,100.0,7.0,100.0,0.0,100.0,0.0,100.0,0.0,100.0,0.0,100.0,0.0,69.0,31.0,100.0,0.0,100.0,0.0,97.0,7258.0,31.0,31.0,100.0,0.0,100.0,0.0,200.0,0.0,100.0,29455.0,100.0,44991023248.0,100.0,134797669049.0
2019-06-30,Z305DH7T,ST4000DM000,4000787030016,0,119.0,230395448.0,93.0,0.0,100.0,7.0,100.0,0.0,85.0,371925504.0,67.0,29669.0,100.0,0.0,100.0,7.0,100.0,0.0,100.0,0.0,100.0,0.0,100.0,0.0,100.0,0.0,70.0,30.0,100.0,0.0,100.0,0.0,97.0,7258.0,30.0,30.0,100.0,0.0,100.0,0.0,200.0,0.0,100.0,29487.0,100.0,45006058608.0,100.0,135233517573.0
2019-07-01,Z305DH7T,ST4000DM000,4000787030016,0,117.0,158082120.0,93.0,0.0,100.0,7.0,100.0,0.0,85.0,372398916.0,67.0,29685.0,100.0,0.0,100.0,7.0,100.0,0.0,100.0,0.0,100.0,0.0,100.0,0.0,100.0,0.0,69.0,31.0,100.0,0.0,100.0,0.0,97.0,7258.0,31.0,31.0,100.0,0.0,100.0,0.0,200.0,0.0,100.0,29503.0,100.0,45011364888.0,100.0,135470214743.0
2019-07-02,Z305DH7T,ST4000DM000,4000787030016,0,119.0,201447632.0,93.0,0.0,100.0,7.0,100.0,0.0,85.0,373392744.0,67.0,29717.0,100.0,0.0,100.0,7.0,100.0,0.0,100.0,0.0,100.0,0.0,100.0,0.0,100.0,0.0,71.0,29.0,100.0,0.0,100.0,0.0,97.0,7258.0,29.0,29.0,100.0,0.0,100.0,0.0,200.0,0.0,100.0,29535.0,100.0,45022957480.0,100.0,135923249798.0
2019-07-03,Z305DH7T,ST4000DM000,4000787030016,0,108.0,19192184.0,93.0,0.0,100.0,7.0,100.0,0.0,85.0,374386393.0,67.0,29733.0,100.0,0.0,100.0,7.0,100.0,0.0,100.0,0.0,100.0,0.0,100.0,0.0,100.0,0.0,69.0,31.0,100.0,0.0,100.0,0.0,97.0,7258.0,31.0,31.0,100.0,0.0,100.0,0.0,200.0,0.0,100.0,29551.0,100.0,45028100672.0,100.0,136152357595.0
2019-07-04,Z305DH7T,ST4000DM000,4000787030016,0,117.0,149053456.0,93.0,0.0,100.0,7.0,100.0,0.0,85.0,377976101.0,67.0,29765.0,100.0,0.0,100.0,7.0,100.0,0.0,100.0,0.0,100.0,0.0,100.0,0.0,100.0,0.0,71.0,29.0,100.0,0.0,100.0,0.0,97.0,7258.0,29.0,29.0,100.0,0.0,100.0,0.0,200.0,0.0,100.0,29582.0,100.0,45050419928.0,100.0,136576900813.0
2019-07-05,Z305DH7T,ST4000DM000,4000787030016,0,108.0,17972960.0,93.0,0.0,100.0,7.0,100.0,0.0,85.0,378494533.0,67.0,29781.0,100.0,0.0,100.0,7.0,100.0,0.0,100.0,0.0,100.0,0.0,100.0,0.0,100.0,0.0,69.0,31.0,100.0,0.0,100.0,0.0,97.0,7258.0,31.0,31.0,100.0,0.0,100.0,0.0,200.0,0.0,100.0,29598.0,100.0,45056633288.0,100.0,136684669859.0
2019-07-06,Z305DH7T,ST4000DM000,4000787030016,0,111.0,32031432.0,93.0,0.0,100.0,7.0,100.0,0.0,85.0,380702743.0,66.0,29813.0,100.0,0.0,100.0,7.0,100.0,0.0,100.0,0.0,100.0,0.0,100.0,0.0,100.0,0.0,71.0,29.0,100.0,0.0,100.0,0.0,97.0,7258.0,29.0,29.0,100.0,0.0,100.0,0.0,200.0,0.0,100.0,29630.0,100.0,45074660720.0,100.0,136895803412.0
2019-07-07,Z305DH7T,ST4000DM000,4000787030016,0,119.0,233986456.0,93.0,0.0,100.0,7.0,100.0,0.0,85.0,381958034.0,66.0,29829.0,100.0,0.0,100.0,7.0,100.0,0.0,100.0,0.0,100.0,0.0,100.0,0.0,100.0,0.0,69.0,31.0,100.0,0.0,100.0,0.0,97.0,7258.0,31.0,31.0,100.0,0.0,100.0,0.0,200.0,0.0,100.0,29646.0,100.0,45079938784.0,100.0,137094490237.0
2019-07-08,Z305DH7T,ST4000DM000,4000787030016,0,103.0,6264056.0,93.0,0.0,100.0,7.0,100.0,0.0,85.0,384046392.0,66.0,29861.0,100.0,0.0,100.0,7.0,100.0,0.0,100.0,0.0,100.0,0.0,100.0,0.0,100.0,0.0,70.0,30.0,100.0,0.0,100.0,0.0,97.0,7258.0,30.0,30.0,100.0,0.0,100.0,0.0,200.0,0.0,100.0,29678.0,100.0,45096203864.0,100.0,137418413299.0
2019-07-09,Z305DH7T,ST4000DM000,4000787030016,0,117.0,118673240.0,93.0,0.0,100.0,7.0,100.0,0.0,85.0,384811091.0,66.0,29877.0,100.0,0.0,100.0,7.0,100.0,0.0,100.0,0.0,100.0,0.0,100.0,0.0,100.0,0.0,69.0,31.0,100.0,0.0,100.0,0.0,97.0,7258.0,31.0,31.0,100.0,0.0,100.0,0.0,200.0,0.0,100.0,29694.0,100.0,45103040160.0,100.0,137555080703.0
2019-07-10,Z305DH7T,ST4000DM000,4000787030016,0,117.0,148926160.0,93.0,0.0,100.0,7.0,100.0,0.0,85.0,387537446.0,66.0,29909.0,100.0,0.0,100.0,7.0,100.0,0.0,100.0,0.0,100.0,0.0,100.0,0.0,100.0,0.0,70.0,30.0,100.0,0.0,100.0,0.0,97.0,7258.0,30.0,30.0,100.0,0.0,100.0,0.0,200.0,0.0,100.0,29726.0,100.0,45128026168.0,100.0,137879322152.0
2019-07-11,Z305DH7T,ST4000DM000,4000787030016,0,117.0,153921496.0,93.0,0.0,100.0,7.0,100.0,0.0,85.0,389548554.0,66.0,29940.0,100.0,0.0,100.0,7.0,100.0,0.0,100.0,0.0,100.0,0.0,100.0,0.0,100.0,0.0,70.0,30.0,100.0,0.0,100.0,0.0,97.0,7258.0,30.0,30.0,100.0,0.0,100.0,0.0,200.0,0.0,100.0,29758.0,100.0,45142801728.0,100.0,138113186191.0
2019-07-12,Z305DH7T,ST4000DM000,4000787030016,0,114.0,81873688.0,93.0,0.0,100.0,7.0,100.0,0.0,85.0,390161585.0,66.0,29956.0,100.0,0.0,100.0,7.0,100.0,0.0,100.0,0.0,100.0,0.0,100.0,0.0,100.0,0.0,72.0,28.0,100.0,0.0,100.0,0.0,97.0,7258.0,28.0,28.0,100.0,0.0,100.0,0.0,200.0,0.0,100.0,29774.0,100.0,45150640200.0,100.0,138200366871.0
2019-07-13,Z305DH7T,ST4000DM000,4000787030016,0,117.0,123727416.0,93.0,0.0,100.0,7.0,100.0,0.0,85.0,392337980.0,66.0,29988.0,100.0,0.0,100.0,7.0,100.0,0.0,100.0,0.0,100.0,0.0,100.0,0.0,100.0,0.0,71.0,29.0,100.0,0.0,100.0,0.0,97.0,7258.0,29.0,29.0,100.0,0.0,100.0,0.0,200.0,0.0,100.0,29806.0,100.0,45167260744.0,100.0,138362490125.0
2019-07-14,Z305DH7T,ST4000DM000,4000787030016,0,110.0,26771144.0,93.0,0.0,100.0,7.0,100.0,0.0,85.0,393389491.0,66.0,30004.0,100.0,0.0,100.0,7.0,100.0,0.0,100.0,0.0,100.0,0.0,100.0,0.0,100.0,0.0,71.0,29.0,100.0,0.0,100.0,0.0,97.0,7258.0,29.0,29.0,100.0,0.0,100.0,0.0,200.0,0.0,100.0,29822.0,100.0,45171758088.0,100.0,138520142235.0
2019-07-15,Z305DH7T,ST4000DM000,4000787030016,0,115.0,88531104.0,93.0,0.0,100.0,7.0,100.0,0.0,85.0,395412440.0,66.0,30036.0,100.0,0.0,100.0,7.0,100.0,0.0,100.0,0.0,100.0,0.0,100.0,0.0,100.0,0.0,70.0,30.0,100.0,0.0,100.0,0.0,97.0,7258.0,30.0,30.0,100.0,0.0,100.0,0.0,200.0,0.0,100.0,29854.0,100.0,45190576624.0,100.0,138801368025.0
2019-07-16,Z305DH7T,ST4000DM000,4000787030016,0,117.0,120814664.0,93.0,0.0,100.0,7.0,100.0,0.0,85.0,396482837.0,66.0,30052.0,100.0,0.0,100.0,7.0,100.0,0.0,100.0,0.0,100.0,0.0,100.0,0.0,100.0,0.0,72.0,28.0,100.0,0.0,100.0,0.0,97.0,7258.0,28.0,28.0,100.0,0.0,100.0,0.0,200.0,0.0,100.0,29870.0,100.0,45204632272.0,100.0,138915556204.0
2019-07-17,Z305DH7T,ST4000DM000,4000787030016,0,102.0,4975952.0,93.0,0.0,100.0,7.0,100.0,0.0,85.0,399133610.0,66.0,30084.0,100.0,0.0,100.0,7.0,100.0,0.0,100.0,0.0,100.0,0.0,100.0,0.0,100.0,0.0,70.0,30.0,100.0,0.0,100.0,0.0,97.0,7258.0,30.0,30.0,100.0,0.0,100.0,0.0,200.0,0.0,100.0,29901.0,100.0,45244735096.0,100.0,139118242783.0
2019-07-18,Z305DH7T,ST4000DM000,4000787030016,0,120.0,242407120.0,93.0,0.0,100.0,7.0,100.0,0.0,85.0,400075540.0,66.0,30100.0,100.0,0.0,100.0,7.0,100.0,0.0,100.0,0.0,100.0,0.0,100.0,0.0,100.0,0.0,71.0,29.0,100.0,0.0,100.0,0.0,97.0,7258.0,29.0,29.0,100.0,0.0,100.0,0.0,200.0,0.0,100.0,29917.0,100.0,45250380984.0,100.0,139278126376.0
2019-07-19,Z305DH7T,ST4000DM000,4000787030016,0,119.0,231426472.0,93.0,0.0,100.0,7.0,100.0,0.0,86.0,402759685.0,66.0,30132.0,100.0,0.0,100.0,7.0,100.0,0.0,100.0,0.0,100.0,0.0,100.0,0.0,100.0,0.0,70.0,30.0,100.0,0.0,100.0,0.0,97.0,7258.0,30.0,30.0,100.0,0.0,100.0,0.0,200.0,0.0,100.0,29949.0,100.0,45264925736.0,100.0,139557746410.0
2019-07-20,Z305DH7T,ST4000DM000,4000787030016,0,106.0,11991480.0,93.0,0.0,100.0,7.0,100.0,0.0,86.0,404119249.0,66.0,30148.0,100.0,0.0,100.0,7.0,100.0,0.0,100.0,0.0,100.0,0.0,100.0,0.0,100.0,0.0,71.0,29.0,100.0,0.0,100.0,0.0,97.0,7258.0,29.0,29.0,100.0,0.0,100.0,0.0,200.0,0.0,100.0,29965.0,100.0,45282372248.0,100.0,139648024437.0
2019-07-21,Z305DH7T,ST4000DM000,4000787030016,0,112.0,43955272.0,93.0,0.0,100.0,7.0,100.0,0.0,86.0,405579584.0,66.0,30180.0,100.0,0.0,100.0,7.0,100.0,0.0,100.0,0.0,100.0,0.0,100.0,0.0,100.0,0.0,71.0,29.0,100.0,0.0,100.0,0.0,97.0,7258.0,29.0,29.0,100.0,0.0,100.0,0.0,200.0,0.0,100.0,29997.0,100.0,45296234584.0,100.0,139995701867.0
2019-07-22,Z305DH7T,ST4000DM000,4000787030016,0,117.0,128992936.0,93.0,0.0,100.0,7.0,100.0,0.0,86.0,406152957.0,66.0,30195.0,100.0,0.0,100.0,7.0,100.0,0.0,100.0,0.0,100.0,0.0,100.0,0.0,100.0,0.0,71.0,29.0,100.0,0.0,100.0,0.0,97.0,7258.0,29.0,29.0,100.0,0.0,100.0,0.0,200.0,0.0,100.0,30013.0,100.0,45310863008.0,100.0,140247025216.0
2019-07-23,Z305DH7T,ST4000DM000,4000787030016,0,109.0,24420760.0,93.0,0.0,100.0,7.0,100.0,0.0,86.0,407043859.0,66.0,30227.0,100.0,0.0,100.0,7.0,100.0,0.0,100.0,0.0,100.0,0.0,100.0,0.0,100.0,0.0,71.0,29.0,100.0,0.0,100.0,0.0,97.0,7258.0,29.0,29.0,100.0,0.0,100.0,0.0,200.0,0.0,100.0,30045.0,100.0,45322580952.0,100.0,140702078810.0
2019-07-24,Z305DH7T,ST4000DM000,4000787030016,0,112.0,43522424.0,93.0,0.0,100.0,7.0,100.0,0.0,86.0,409496725.0,66.0,30243.0,100.0,0.0,100.0,7.0,100.0,0.0,100.0,0.0,100.0,0.0,100.0,0.0,100.0,0.0,71.0,29.0,100.0,0.0,100.0,0.0,97.0,7258.0,29.0,29.0,100.0,0.0,100.0,0.0,200.0,0.0,100.0,30061.0,100.0,45337152664.0,100.0,140950211135.0
2019-07-25,Z305DH7T,ST4000DM000,4000787030016,0,115.0,85922904.0,93.0,0.0,100.0,7.0,100.0,0.0,86.0,412780072.0,66.0,30275.0,100.0,0.0,100.0,7.0,100.0,0.0,100.0,0.0,100.0,0.0,100.0,0.0,100.0,0.0,71.0,29.0,100.0,0.0,100.0,0.0,97.0,7258.0,29.0,29.0,100.0,0.0,100.0,0.0,200.0,0.0,100.0,30093.0,100.0,45351922248.0,100.0,141399149786.0
2019-07-26,Z305DH7T,ST4000DM000,4000787030016,0,118.0,168421616.0,93.0,0.0,100.0,7.0,100.0,0.0,86.0,413941004.0,66.0,30291.0,100.0,0.0,100.0,7.0,100.0,0.0,100.0,0.0,100.0,0.0,100.0,0.0,100.0,0.0,72.0,28.0,100.0,0.0,100.0,0.0,97.0,7258.0,28.0,28.0,100.0,0.0,100.0,0.0,200.0,0.0,100.0,30109.0,100.0,45360032112.0,100.0,141593328355.0
2019-07-27,Z305DH7T,ST4000DM000,4000787030016,0,115.0,97667344.0,93.0,0.0,100.0,7.0,100.0,0.0,86.0,415482676.0,66.0,30307.0,100.0,0.0,100.0,7.0,100.0,0.0,100.0,0.0,100.0,0.0,100.0,0.0,100.0,0.0,69.0,31.0,100.0,0.0,100.0,0.0,97.0,7258.0,31.0,31.0,100.0,0.0,100.0,0.0,200.0,0.0,100.0,30125.0,100.0,45375859536.0,100.0,141689163030.0
2019-07-28,Z305DH7T,ST4000DM000,4000787030016,0,118.0,190520248.0,93.0,0.0,100.0,7.0,100.0,0.0,86.0,416766363.0,66.0,30339.0,100.0,0.0,100.0,7.0,100.0,0.0,100.0,0.0,100.0,0.0,100.0,0.0,100.0,0.0,72.0,28.0,100.0,0.0,100.0,0.0,97.0,7258.0,28.0,28.0,100.0,0.0,100.0,0.0,200.0,0.0,100.0,30157.0,100.0,45391877704.0,100.0,141890352972.0
2019-07-29,Z305DH7T,ST4000DM000,4000787030016,0,119.0,219073680.0,93.0,0.0,100.0,7.0,100.0,0.0,86.0,418008359.0,66.0,30355.0,100.0,0.0,100.0,7.0,100.0,0.0,100.0,0.0,100.0,0.0,100.0,0.0,100.0,0.0,70.0,30.0,100.0,0.0,100.0,0.0,97.0,7258.0,30.0,30.0,100.0,0.0,100.0,0.0,200.0,0.0,100.0,30173.0,100.0,45403397520.0,100.0,142091274332.0
2019-07-30,Z305DH7T,ST4000DM000,4000787030016,0,118.0,196261344.0,93.0,0.0,100.0,7.0,100.0,0.0,86.0,419870594.0,66.0,30387.0,100.0,0.0,100.0,7.0,100.0,0.0,100.0,0.0,100.0,0.0,100.0,0.0,100.0,0.0,71.0,29.0,100.0,0.0,100.0,0.0,97.0,7258.0,29.0,29.0,100.0,0.0,100.0,0.0,200.0,0.0,100.0,30204.0,100.0,45419653144.0,100.0,142381909752.0
2019-07-31,Z305DH7T,ST4000DM000,4000787030016,0,115.0,95680056.0,93.0,0.0,100.0,7.0,100.0,0.0,86.0,420703364.0,66.0,30403.0,100.0,0.0,100.0,7.0,100.0,0.0,100.0,0.0,100.0,0.0,100.0,0.0,100.0,0.0,69.0,31.0,100.0,0.0,100.0,0.0,97.0,7258.0,31.0,31.0,100.0,0.0,100.0,0.0,200.0,0.0,100.0,30220.0,100.0,45428368928.0,100.0,142530527227.0
2019-08-01,Z305DH7T,ST4000DM000,4000787030016,0,118.0,170613424.0,93.0,0.0,100.0,7.0,100.0,0.0,86.0,423705981.0,66.0,30435.0,100.0,0.0,100.0,7.0,100.0,0.0,100.0,0.0,100.0,0.0,100.0,0.0,100.0,0.0,70.0,30.0,100.0,0.0,100.0,0.0,97.0,7258.0,30.0,30.0,100.0,0.0,100.0,0.0,200.0,0.0,100.0,30252.0,100.0,45452367872.0,100.0,142845748861.0
2019-08-02,Z305DH7T,ST4000DM000,4000787030016,0,118.0,197202680.0,93.0,0.0,100.0,7.0,100.0,0.0,86.0,424880443.0,66.0,30451.0,100.0,0.0,100.0,7.0,100.0,0.0,100.0,0.0,100.0,0.0,100.0,0.0,100.0,0.0,70.0,30.0,100.0,0.0,100.0,0.0,97.0,7258.0,30.0,30.0,100.0,0.0,100.0,0.0,200.0,0.0,100.0,30268.0,100.0,45462292152.0,100.0,142994390804.0
2019-08-03,Z305DH7T,ST4000DM000,4000787030016,0,117.0,165065320.0,93.0,0.0,100.0,7.0,100.0,0.0,86.0,426914311.0,66.0,30482.0,100.0,0.0,100.0,7.0,100.0,0.0,100.0,0.0,100.0,0.0,100.0,0.0,100.0,0.0,70.0,30.0,100.0,0.0,100.0,0.0,97.0,7258.0,30.0,30.0,100.0,0.0,100.0,0.0,200.0,0.0,100.0,30300.0,100.0,45483061912.0,100.0,143151764920.0
2019-08-04,Z305DH7T,ST4000DM000,4000787030016,0,112.0,47475320.0,93.0,0.0,100.0,7.0,100.0,0.0,86.0,427283888.0,66.0,30498.0,100.0,0.0,100.0,7.0,100.0,0.0,100.0,0.0,100.0,0.0,100.0,0.0,100.0,0.0,70.0,30.0,100.0,0.0,100.0,0.0,97.0,7258.0,30.0,30.0,100.0,0.0,100.0,0.0,200.0,0.0,100.0,30316.0,100.0,45489830544.0,100.0,143197969558.0
2019-08-05,Z305DH7T,ST4000DM000,4000787030016,0,102.0,3823376.0,93.0,0.0,100.0,7.0,100.0,0.0,86.0,429435196.0,66.0,30530.0,100.0,0.0,100.0,7.0,100.0,0.0,100.0,0.0,100.0,0.0,100.0,0.0,100.0,0.0,71.0,29.0,100.0,0.0,100.0,0.0,97.0,7258.0,29.0,29.0,100.0,0.0,100.0,0.0,200.0,0.0,100.0,30348.0,100.0,45507274080.0,100.0,143506581421.0
2019-08-06,Z305DH7T,ST4000DM000,4000787030016,0,120.0,239759448.0,93.0,0.0,100.0,7.0,100.0,0.0,86.0,430514411.0,66.0,30546.0,100.0,0.0,100.0,7.0,100.0,0.0,100.0,0.0,100.0,0.0,100.0,0.0,100.0,0.0,70.0,30.0,100.0,0.0,100.0,0.0,97.0,7258.0,30.0,30.0,100.0,0.0,100.0,0.0,200.0,0.0,100.0,30364.0,100.0,45527293272.0,100.0,143644734766.0
2019-08-07,Z305DH7T,ST4000DM000,4000787030016,0,114.0,62559848.0,93.0,0.0,100.0,7.0,100.0,0.0,86.0,432754914.0,66.0,30578.0,100.0,0.0,100.0,7.0,100.0,0.0,100.0,0.0,100.0,0.0,100.0,0.0,100.0,0.0,71.0,29.0,100.0,0.0,100.0,0.0,97.0,7258.0,29.0,29.0,100.0,0.0,100.0,0.0,200.0,0.0,100.0,30396.0,100.0,45562443864.0,100.0,143889389603.0
2019-08-08,Z305DH7T,ST4000DM000,4000787030016,0,114.0,72419984.0,93.0,0.0,100.0,7.0,100.0,0.0,86.0,434534649.0,66.0,30594.0,100.0,0.0,100.0,7.0,100.0,0.0,100.0,0.0,100.0,0.0,100.0,0.0,100.0,0.0,70.0,30.0,100.0,0.0,100.0,0.0,97.0,7258.0,30.0,30.0,100.0,0.0,100.0,0.0,200.0,0.0,100.0,30412.0,100.0,45581200976.0,100.0,144036603820.0
2019-08-09,Z305DH7T,ST4000DM000,4000787030016,0,113.0,54771720.0,93.0,0.0,100.0,7.0,100.0,0.0,86.0,436480106.0,66.0,30626.0,100.0,0.0,100.0,7.0,100.0,0.0,100.0,0.0,100.0,0.0,100.0,0.0,100.0,0.0,70.0,30.0,100.0,0.0,100.0,0.0,97.0,7258.0,30.0,30.0,100.0,0.0,100.0,0.0,200.0,0.0,100.0,30443.0,100.0,45598347544.0,100.0,144276938508.0
2019-08-10,Z305DH7T,ST4000DM000,4000787030016,0,112.0,43577056.0,93.0,0.0,100.0,7.0,100.0,0.0,86.0,438637190.0,66.0,30642.0,100.0,0.0,100.0,7.0,100.0,0.0,100.0,0.0,100.0,0.0,100.0,0.0,100.0,0.0,70.0,30.0,100.0,0.0,100.0,0.0,97.0,7258.0,30.0,30.0,100.0,0.0,100.0,0.0,200.0,0.0,100.0,30459.0,100.0,45614063400.0,100.0,144390579688.0
2019-08-11,Z305DH7T,ST4000DM000,4000787030016,0,109.0,21174040.0,93.0,0.0,100.0,7.0,100.0,0.0,86.0,440182285.0,65.0,30674.0,100.0,0.0,100.0,7.0,100.0,0.0,100.0,0.0,100.0,0.0,100.0,0.0,100.0,0.0,70.0,30.0,100.0,0.0,100.0,0.0,97.0,7258.0,30.0,30.0,100.0,0.0,100.0,0.0,200.0,0.0,100.0,30491.0,100.0,45647727320.0,100.0,144613242213.0
2019-08-12,Z305DH7T,ST4000DM000,4000787030016,0,116.0,113179456.0,93.0,0.0,100.0,7.0,100.0,0.0,86.0,441141011.0,65.0,30690.0,100.0,0.0,100.0,7.0,100.0,0.0,100.0,0.0,100.0,0.0,100.0,0.0,100.0,0.0,70.0,30.0,100.0,0.0,100.0,0.0,97.0,7258.0,30.0,30.0,100.0,0.0,100.0,0.0,200.0,0.0,100.0,30507.0,100.0,45662908136.0,100.0,144804153661.0
2019-08-13,Z305DH7T,ST4000DM000,4000787030016,0,115.0,94303320.0,93.0,0.0,100.0,7.0,100.0,0.0,86.0,442415183.0,65.0,30722.0,100.0,0.0,100.0,7.0,100.0,0.0,100.0,0.0,100.0,0.0,100.0,0.0,100.0,0.0,71.0,29.0,100.0,0.0,100.0,0.0,97.0,7258.0,29.0,29.0,100.0,0.0,100.0,0.0,200.0,0.0,100.0,30539.0,100.0,45691854456.0,100.0,145293714513.0
2019-08-14,Z305DH7T,ST4000DM000,4000787030016,0,117.0,132734512.0,93.0,0.0,100.0,7.0,100.0,0.0,86.0,445434234.0,65.0,30753.0,100.0,0.0,100.0,7.0,100.0,0.0,100.0,0.0,100.0,0.0,100.0,0.0,100.0,0.0,71.0,29.0,100.0,0.0,100.0,0.0,97.0,7258.0,29.0,29.0,100.0,0.0,100.0,0.0,200.0,0.0,100.0,30571.0,100.0,45724642712.0,100.0,145770175814.0
2019-08-15,Z305DH7T,ST4000DM000,4000787030016,0,118.0,200447240.0,93.0,0.0,100.0,7.0,100.0,0.0,86.0,446497285.0,65.0,30769.0,100.0,0.0,100.0,7.0,100.0,0.0,100.0,0.0,100.0,0.0,100.0,0.0,100.0,0.0,71.0,29.0,100.0,0.0,100.0,0.0,97.0,7258.0,29.0,29.0,100.0,0.0,100.0,0.0,200.0,0.0,100.0,30587.0,100.0,45737051280.0,100.0,145994321473.0
2019-08-16,Z305DH7T,ST4000DM000,4000787030016,0,108.0,16058064.0,93.0,0.0,100.0,7.0,100.0,0.0,86.0,449332222.0,65.0,30801.0,100.0,0.0,100.0,7.0,100.0,0.0,100.0,0.0,100.0,0.0,100.0,0.0,100.0,0.0,71.0,29.0,100.0,0.0,100.0,0.0,97.0,7258.0,29.0,29.0,100.0,0.0,100.0,0.0,200.0,0.0,100.0,30619.0,100.0,45761364760.0,100.0,146448965747.0
2019-08-17,Z305DH7T,ST4000DM000,4000787030016,0,118.0,199107848.0,93.0,0.0,100.0,7.0,100.0,0.0,86.0,450830180.0,65.0,30817.0,100.0,0.0,100.0,7.0,100.0,0.0,100.0,0.0,100.0,0.0,100.0,0.0,100.0,0.0,71.0,29.0,100.0,0.0,100.0,0.0,97.0,7258.0,29.0,29.0,100.0,0.0,100.0,0.0,200.0,0.0,100.0,30635.0,100.0,45785508896.0,100.0,146505496964.0
2019-08-18,Z305DH7T,ST4000DM000,4000787030016,0,117.0,154815904.0,93.0,0.0,100.0,7.0,100.0,0.0,86.0,452296311.0,65.0,30849.0,100.0,0.0,100.0,7.0,100.0,0.0,100.0,0.0,100.0,0.0,100.0,0.0,100.0,0.0,71.0,29.0,100.0,0.0,100.0,0.0,97.0,7258.0,29.0,29.0,100.0,0.0,100.0,0.0,200.0,0.0,100.0,30667.0,100.0,45826014392.0,100.0,146715189697.0
2019-08-19,Z305DH7T,ST4000DM000,4000787030016,0,111.0,32786784.0,93.0,0.0,100.0,7.0,100.0,0.0,86.0,453440829.0,65.0,30865.0,100.0,0.0,100.0,7.0,100.0,0.0,100.0,0.0,100.0,0.0,100.0,0.0,100.0,0.0,70.0,30.0,100.0,0.0,100.0,0.0,97.0,7258.0,30.0,30.0,100.0,0.0,100.0,0.0,200.0,0.0,100.0,30682.0,100.0,45836460568.0,100.0,146903634590.0
2019-08-20,Z305DH7T,ST4000DM000,4000787030016,0,118.0,191253976.0,93.0,0.0,100.0,7.0,100.0,0.0,86.0,455865082.0,65.0,30897.0,100.0,0.0,100.0,7.0,100.0,0.0,100.0,0.0,100.0,0.0,100.0,0.0,100.0,0.0,71.0,29.0,100.0,0.0,100.0,0.0,97.0,7258.0,29.0,29.0,100.0,0.0,100.0,0.0,200.0,0.0,100.0,30714.0,100.0,45864775544.0,100.0,147247780953.0
2019-08-21,Z305DH7T,ST4000DM000,4000787030016,0,119.0,213397528.0,93.0,0.0,100.0,7.0,100.0,0.0,86.0,456765007.0,65.0,30913.0,100.0,0.0,100.0,7.0,100.0,0.0,100.0,0.0,100.0,0.0,100.0,0.0,100.0,0.0,69.0,31.0,100.0,0.0,100.0,0.0,97.0,7258.0,31.0,31.0,100.0,0.0,100.0,0.0,200.0,0.0,100.0,30730.0,100.0,45880627176.0,100.0,147370671639.0
2019-08-22,Z305DH7T,ST4000DM000,4000787030016,0,117.0,160111224.0,93.0,0.0,100.0,7.0,100.0,0.0,86.0,459875529.0,65.0,30944.0,100.0,0.0,100.0,7.0,100.0,0.0,100.0,0.0,100.0,0.0,100.0,0.0,100.0,0.0,71.0,29.0,100.0,0.0,100.0,0.0,97.0,7258.0,29.0,29.0,100.0,0.0,100.0,0.0,200.0,0.0,100.0,30762.0,100.0,45922905000.0,100.0,147711584983.0
2019-08-23,Z305DH7T,ST4000DM000,4000787030016,0,118.0,174860624.0,93.0,0.0,100.0,7.0,100.0,0.0,86.0,461331613.0,65.0,30960.0,100.0,0.0,100.0,7.0,100.0,0.0,100.0,0.0,100.0,0.0,100.0,0.0,100.0,0.0,70.0,30.0,100.0,0.0,100.0,0.0,97.0,7258.0,30.0,30.0,100.0,0.0,100.0,0.0,200.0,0.0,100.0,30778.0,100.0,45973409448.0,100.0,147896051565.0
2019-08-24,Z305DH7T,ST4000DM000,4000787030016,0,117.0,156385400.0,93.0,0.0,100.0,7.0,100.0,0.0,86.0,463507527.0,65.0,30992.0,100.0,0.0,100.0,7.0,100.0,0.0,100.0,0.0,100.0,0.0,100.0,0.0,100.0,0.0,71.0,29.0,100.0,0.0,100.0,0.0,97.0,7258.0,29.0,29.0,100.0,0.0,100.0,0.0,200.0,0.0,100.0,30810.0,100.0,46010236664.0,100.0,148036552827.0
2019-08-25,Z305DH7T,ST4000DM000,4000787030016,0,118.0,191440320.0,93.0,0.0,100.0,7.0,100.0,0.0,86.0,464310501.0,65.0,31008.0,100.0,0.0,100.0,7.0,100.0,0.0,100.0,0.0,100.0,0.0,100.0,0.0,100.0,0.0,70.0,30.0,100.0,0.0,100.0,0.0,97.0,7258.0,30.0,30.0,100.0,0.0,100.0,0.0,200.0,0.0,100.0,30826.0,100.0,46023567000.0,100.0,148150322054.0
2019-08-26,Z305DH7T,ST4000DM000,4000787030016,0,111.0,37238072.0,93.0,0.0,100.0,7.0,100.0,0.0,86.0,467389268.0,65.0,31056.0,100.0,0.0,100.0,7.0,100.0,0.0,100.0,0.0,100.0,0.0,100.0,0.0,100.0,0.0,71.0,29.0,100.0,0.0,100.0,0.0,97.0,7258.0,29.0,29.0,100.0,0.0,100.0,0.0,200.0,0.0,100.0,30874.0,100.0,46087217648.0,100.0,148551715589.0
2019-08-27,Z305DH7T,ST4000DM000,4000787030016,0,111.0,37238072.0,93.0,0.0,100.0,7.0,100.0,0.0,86.0,467389268.0,65.0,31056.0,100.0,0.0,100.0,7.0,100.0,0.0,100.0,0.0,100.0,0.0,100.0,0.0,100.0,0.0,71.0,29.0,100.0,0.0,100.0,0.0,97.0,7258.0,29.0,29.0,100.0,0.0,100.0,0.0,200.0,0.0,100.0,30874.0,100.0,46087217648.0,100.0,148551715589.0
2019-08-28,Z305DH7T,ST4000DM000,4000787030016,0,109.0,22744536.0,93.0,0.0,100.0,7.0,100.0,0.0,87.0,469962069.0,65.0,31088.0,100.0,0.0,100.0,7.0,100.0,0.0,100.0,0.0,100.0,0.0,100.0,0.0,100.0,0.0,70.0,30.0,100.0,0.0,100.0,0.0,97.0,7258.0,30.0,30.0,100.0,0.0,100.0,0.0,200.0,0.0,100.0,30905.0,100.0,46120781136.0,100.0,148782219108.0
2019-08-29,Z305DH7T,ST4000DM000,4000787030016,0,117.0,150762656.0,93.0,0.0,100.0,7.0,100.0,0.0,87.0,471303045.0,65.0,31104.0,100.0,0.0,100.0,7.0,100.0,0.0,100.0,0.0,100.0,0.0,100.0,0.0,100.0,0.0,70.0,30.0,100.0,0.0,100.0,0.0,97.0,7258.0,30.0,30.0,100.0,0.0,100.0,0.0,200.0,0.0,100.0,30921.0,100.0,46137904664.0,100.0,148879963600.0
2019-08-30,Z305DH7T,ST4000DM000,4000787030016,0,114.0,71785432.0,93.0,0.0,100.0,7.0,100.0,0.0,87.0,473000774.0,65.0,31136.0,100.0,0.0,100.0,7.0,100.0,0.0,100.0,0.0,100.0,0.0,100.0,0.0,100.0,0.0,71.0,29.0,100.0,0.0,100.0,0.0,97.0,7258.0,29.0,29.0,100.0,0.0,100.0,0.0,200.0,0.0,100.0,30953.0,100.0,46163762008.0,100.0,149085042488.0
2019-08-31,Z305DH7T,ST4000DM000,4000787030016,0,114.0,74066336.0,93.0,0.0,100.0,7.0,100.0,0.0,87.0,475025409.0,65.0,31152.0,100.0,0.0,100.0,7.0,100.0,0.0,100.0,0.0,100.0,0.0,100.0,0.0,100.0,0.0,70.0,30.0,100.0,0.0,100.0,0.0,97.0,7258.0,30.0,30.0,100.0,0.0,100.0,0.0,200.0,0.0,100.0,30969.0,100.0,46186685872.0,100.0,149198412149.0
2019-09-01,Z305DH7T,ST4000DM000,4000787030016,0,116.0,109204008.0,93.0,0.0,100.0,7.0,100.0,0.0,87.0,476926327.0,65.0,31183.0,100.0,0.0,100.0,7.0,100.0,0.0,100.0,0.0,100.0,0.0,100.0,0.0,100.0,0.0,71.0,29.0,100.0,0.0,100.0,0.0,97.0,7258.0,29.0,29.0,100.0,0.0,100.0,0.0,200.0,0.0,100.0,31001.0,100.0,46217325944.0,100.0,149421006490.0
2019-09-02,Z305DH7T,ST4000DM000,4000787030016,0,118.0,188371840.0,93.0,0.0,100.0,7.0,100.0,0.0,87.0,477893023.0,65.0,31199.0,100.0,0.0,100.0,7.0,100.0,0.0,100.0,0.0,100.0,0.0,100.0,0.0,100.0,0.0,70.0,30.0,100.0,0.0,100.0,0.0,97.0,7258.0,30.0,30.0,100.0,0.0,100.0,0.0,200.0,0.0,100.0,31017.0,100.0,46231551320.0,100.0,149589840641.0
2019-09-03,Z305DH7T,ST4000DM000,4000787030016,0,115.0,94694256.0,93.0,0.0,100.0,7.0,100.0,0.0,87.0,479294631.0,65.0,31231.0,100.0,0.0,100.0,7.0,100.0,0.0,100.0,0.0,100.0,0.0,100.0,0.0,100.0,0.0,70.0,30.0,100.0,0.0,100.0,0.0,97.0,7258.0,30.0,30.0,100.0,0.0,100.0,0.0,200.0,0.0,100.0,31049.0,100.0,46260351024.0,100.0,150077641516.0
2019-09-04,Z305DH7T,ST4000DM000,4000787030016,0,114.0,83134344.0,93.0,0.0,100.0,7.0,100.0,0.0,87.0,479905697.0,65.0,31247.0,100.0,0.0,100.0,7.0,100.0,0.0,100.0,0.0,100.0,0.0,100.0,0.0,100.0,0.0,70.0,30.0,100.0,0.0,100.0,0.0,97.0,7258.0,30.0,30.0,100.0,0.0,100.0,0.0,200.0,0.0,100.0,31065.0,100.0,46273262160.0,100.0,150303965067.0
2019-09-05,Z305DH7T,ST4000DM000,4000787030016,0,118.0,172244760.0,93.0,0.0,100.0,7.0,100.0,0.0,87.0,483009416.0,65.0,31279.0,100.0,0.0,100.0,7.0,100.0,0.0,100.0,0.0,100.0,0.0,100.0,0.0,100.0,0.0,70.0,30.0,100.0,0.0,100.0,0.0,97.0,7258.0,30.0,30.0,100.0,0.0,100.0,0.0,200.0,0.0,100.0,31096.0,100.0,46318639856.0,100.0,150785604428.0
2019-09-06,Z305DH7T,ST4000DM000,4000787030016,0,112.0,45428088.0,93.0,0.0,100.0,7.0,100.0,0.0,87.0,484402715.0,65.0,31295.0,100.0,0.0,100.0,7.0,100.0,0.0,100.0,0.0,100.0,0.0,100.0,0.0,100.0,0.0,70.0,30.0,100.0,0.0,100.0,0.0,97.0,7258.0,30.0,30.0,100.0,0.0,100.0,0.0,200.0,0.0,100.0,31112.0,100.0,46346670760.0,100.0,151024022035.0
2019-09-07,Z305DH7T,ST4000DM000,4000787030016,0,117.0,155596560.0,93.0,0.0,100.0,7.0,100.0,0.0,87.0,487650340.0,65.0,31327.0,100.0,0.0,100.0,7.0,100.0,0.0,100.0,0.0,100.0,0.0,100.0,0.0,100.0,0.0,70.0,30.0,100.0,0.0,100.0,0.0,97.0,7258.0,30.0,30.0,100.0,0.0,100.0,0.0,200.0,0.0,100.0,31144.0,100.0,46390342368.0,100.0,151327637152.0
2019-09-08,Z305DH7T,ST4000DM000,4000787030016,0,113.0,55601424.0,93.0,0.0,100.0,7.0,100.0,0.0,87.0,488857556.0,65.0,31343.0,100.0,0.0,100.0,7.0,100.0,0.0,100.0,0.0,100.0,0.0,100.0,0.0,100.0,0.0,70.0,30.0,100.0,0.0,100.0,0.0,97.0,7258.0,30.0,30.0,100.0,0.0,100.0,0.0,200.0,0.0,100.0,31160.0,100.0,46407248976.0,100.0,151525262498.0
2019-09-09,Z305DH7T,ST4000DM000,4000787030016,0,117.0,148770248.0,93.0,0.0,100.0,7.0,100.0,0.0,87.0,492170572.0,65.0,31375.0,100.0,0.0,100.0,7.0,100.0,0.0,100.0,0.0,100.0,0.0,100.0,0.0,100.0,0.0,71.0,29.0,100.0,0.0,100.0,0.0,97.0,7258.0,29.0,29.0,100.0,0.0,100.0,0.0,200.0,0.0,100.0,31192.0,100.0,46446528544.0,100.0,151754865965.0
2019-09-10,Z305DH7T,ST4000DM000,4000787030016,0,115.0,99365344.0,93.0,0.0,100.0,7.0,100.0,0.0,87.0,493508421.0,65.0,31390.0,100.0,0.0,100.0,7.0,100.0,0.0,100.0,0.0,100.0,0.0,100.0,0.0,100.0,0.0,70.0,30.0,100.0,0.0,100.0,0.0,97.0,7258.0,30.0,30.0,100.0,0.0,100.0,0.0,200.0,0.0,100.0,31208.0,100.0,46470711624.0,100.0,151956436034.0
2019-09-11,Z305DH7T,ST4000DM000,4000787030016,0,118.0,167830840.0,93.0,0.0,100.0,7.0,100.0,0.0,87.0,496451469.0,65.0,31422.0,100.0,0.0,100.0,7.0,100.0,0.0,100.0,0.0,100.0,0.0,100.0,0.0,100.0,0.0,71.0,29.0,100.0,0.0,100.0,0.0,97.0,7258.0,29.0,29.0,100.0,0.0,100.0,0.0,200.0,0.0,100.0,31240.0,100.0,46502035000.0,100.0,152294975038.0
2019-09-12,Z305DH7T,ST4000DM000,4000787030016,0,118.0,186733832.0,93.0,0.0,100.0,7.0,100.0,0.0,87.0,497757715.0,65.0,31438.0,100.0,0.0,100.0,7.0,100.0,0.0,100.0,0.0,100.0,0.0,100.0,0.0,100.0,0.0,70.0,30.0,100.0,0.0,100.0,0.0,97.0,7258.0,30.0,30.0,100.0,0.0,100.0,0.0,200.0,0.0,100.0,31256.0,100.0,46517696824.0,100.0,152428104809.0
2019-09-13,Z305DH7T,ST4000DM000,4000787030016,0,119.0,202522040.0,93.0,0.0,100.0,7.0,100.0,0.0,87.0,499966004.0,65.0,31470.0,100.0,0.0,100.0,7.0,100.0,0.0,100.0,0.0,100.0,0.0,100.0,0.0,100.0,0.0,70.0,30.0,100.0,0.0,100.0,0.0,97.0,7258.0,30.0,30.0,100.0,0.0,100.0,0.0,200.0,0.0,100.0,31288.0,100.0,46576505376.0,100.0,152722112829.0
2019-09-14,Z305DH7T,ST4000DM000,4000787030016,0,119.0,215534000.0,93.0,0.0,100.0,7.0,100.0,0.0,87.0,501792161.0,65.0,31486.0,100.0,0.0,100.0,7.0,100.0,0.0,100.0,0.0,100.0,0.0,100.0,0.0,100.0,0.0,70.0,30.0,100.0,0.0,100.0,0.0,97.0,7258.0,30.0,30.0,100.0,0.0,100.0,0.0,200.0,0.0,100.0,31304.0,100.0,46610960824.0,100.0,152827148247.0
2019-09-15,Z305DH7T,ST4000DM000,4000787030016,0,117.0,131171560.0,93.0,0.0,100.0,7.0,100.0,0.0,87.0,503869269.0,65.0,31518.0,100.0,0.0,100.0,7.0,100.0,0.0,100.0,0.0,100.0,0.0,100.0,0.0,100.0,0.0,70.0,30.0,100.0,0.0,100.0,0.0,97.0,7258.0,30.0,30.0,100.0,0.0,100.0,0.0,200.0,0.0,100.0,31336.0,100.0,46656479520.0,100.0,153075352920.0
2019-09-16,Z305DH7T,ST4000DM000,4000787030016,0,119.0,225565320.0,93.0,0.0,100.0,7.0,100.0,0.0,87.0,504709558.0,65.0,31534.0,100.0,0.0,100.0,7.0,100.0,0.0,100.0,0.0,100.0,0.0,100.0,0.0,100.0,0.0,70.0,30.0,100.0,0.0,100.0,0.0,97.0,7258.0,30.0,30.0,100.0,0.0,100.0,0.0,200.0,0.0,100.0,31352.0,100.0,46682619544.0,100.0,153180962034.0
2019-09-17,Z305DH7T,ST4000DM000,4000787030016,0,120.0,237451912.0,93.0,0.0,100.0,7.0,100.0,0.0,87.0,506484120.0,64.0,31566.0,100.0,0.0,100.0,7.0,100.0,0.0,100.0,0.0,100.0,0.0,100.0,0.0,100.0,0.0,70.0,30.0,100.0,0.0,100.0,0.0,97.0,7258.0,30.0,30.0,100.0,0.0,100.0,0.0,200.0,0.0,100.0,31383.0,100.0,46716844944.0,100.0,153393105536.0
2019-09-18,Z305DH7T,ST4000DM000,4000787030016,0,118.0,182487872.0,93.0,0.0,100.0,7.0,100.0,0.0,87.0,507864424.0,64.0,31582.0,100.0,0.0,100.0,7.0,100.0,0.0,100.0,0.0,100.0,0.0,100.0,0.0,100.0,0.0,70.0,30.0,100.0,0.0,100.0,0.0,97.0,7258.0,30.0,30.0,100.0,0.0,100.0,0.0,200.0,0.0,100.0,31399.0,100.0,46740295040.0,100.0,153584999778.0
2019-09-19,Z305DH7T,ST4000DM000,4000787030016,0,117.0,140718496.0,93.0,0.0,100.0,7.0,100.0,0.0,87.0,511053088.0,64.0,31614.0,100.0,0.0,100.0,7.0,100.0,0.0,100.0,0.0,100.0,0.0,100.0,0.0,100.0,0.0,70.0,30.0,100.0,0.0,100.0,0.0,97.0,7258.0,30.0,30.0,100.0,0.0,100.0,0.0,200.0,0.0,100.0,31431.0,100.0,46786973800.0,100.0,153889506017.0
2019-09-20,Z305DH7T,ST4000DM000,4000787030016,0,118.0,184821200.0,93.0,0.0,100.0,7.0,100.0,0.0,87.0,512991345.0,64.0,31645.0,100.0,0.0,100.0,7.0,100.0,0.0,100.0,0.0,100.0,0.0,100.0,0.0,100.0,0.0,70.0,30.0,100.0,0.0,100.0,0.0,97.0,7258.0,30.0,30.0,100.0,0.0,100.0,0.0,200.0,0.0,100.0,31463.0,100.0,46825230872.0,100.0,154069479289.0
2019-09-21,Z305DH7T,ST4000DM000,4000787030016,0,105.0,7715008.0,93.0,0.0,100.0,7.0,100.0,0.0,87.0,514446341.0,64.0,31661.0,100.0,0.0,100.0,7.0,100.0,0.0,100.0,0.0,100.0,0.0,100.0,0.0,100.0,0.0,71.0,29.0,100.0,0.0,100.0,0.0,97.0,7258.0,29.0,29.0,100.0,0.0,100.0,0.0,200.0,0.0,100.0,31479.0,100.0,46846813992.0,100.0,154123158744.0
2019-09-22,Z305DH7T,ST4000DM000,4000787030016,0,111.0,34368760.0,93.0,0.0,100.0,7.0,100.0,0.0,87.0,518157678.0,64.0,31693.0,100.0,0.0,100.0,7.0,100.0,0.0,100.0,0.0,100.0,0.0,100.0,0.0,100.0,0.0,70.0,30.0,100.0,0.0,100.0,0.0,97.0,7258.0,30.0,30.0,100.0,0.0,100.0,0.0,200.0,0.0,100.0,31510.0,100.0,46893915608.0,100.0,154422955484.0
2019-09-23,Z305DH7T,ST4000DM000,4000787030016,0,113.0,56452848.0,93.0,0.0,100.0,7.0,100.0,0.0,87.0,519028059.0,64.0,31709.0,100.0,0.0,100.0,7.0,100.0,0.0,100.0,0.0,100.0,0.0,100.0,0.0,100.0,0.0,71.0,29.0,100.0,0.0,100.0,0.0,97.0,7258.0,29.0,29.0,100.0,0.0,100.0,0.0,200.0,0.0,100.0,31526.0,100.0,46928642576.0,100.0,154517736174.0
2019-09-24,Z305DH7T,ST4000DM000,4000787030016,0,118.0,197745936.0,93.0,0.0,100.0,7.0,100.0,0.0,87.0,520936769.0,64.0,31740.0,100.0,0.0,100.0,7.0,100.0,0.0,100.0,0.0,100.0,0.0,100.0,0.0,100.0,0.0,71.0,29.0,100.0,0.0,100.0,0.0,97.0,7258.0,29.0,29.0,100.0,0.0,100.0,0.0,200.0,0.0,100.0,31558.0,100.0,46987023320.0,100.0,154843649685.0
2019-09-25,Z305DH7T,ST4000DM000,4000787030016,0,119.0,228613456.0,93.0,0.0,100.0,7.0,100.0,0.0,87.0,522112045.0,64.0,31756.0,100.0,0.0,100.0,7.0,100.0,0.0,100.0,0.0,100.0,0.0,100.0,0.0,100.0,0.0,71.0,29.0,100.0,0.0,100.0,0.0,97.0,7258.0,29.0,29.0,100.0,0.0,100.0,0.0,200.0,0.0,100.0,31574.0,100.0,47005991632.0,100.0,155103255279.0
2019-09-26,Z305DH7T,ST4000DM000,4000787030016,0,106.0,12360984.0,93.0,0.0,100.0,7.0,100.0,0.0,87.0,523767963.0,64.0,31772.0,100.0,0.0,100.0,7.0,100.0,0.0,100.0,0.0,100.0,0.0,100.0,0.0,100.0,0.0,69.0,31.0,100.0,0.0,100.0,0.0,97.0,7258.0,31.0,31.0,100.0,0.0,100.0,0.0,200.0,0.0,100.0,31590.0,100.0,47021912320.0,100.0,155294758435.0
2019-09-27,Z305DH7T,ST4000DM000,4000787030016,0,117.0,137769936.0,93.0,0.0,100.0,7.0,100.0,0.0,87.0,525222269.0,64.0,31804.0,100.0,0.0,100.0,7.0,100.0,0.0,100.0,0.0,100.0,0.0,100.0,0.0,100.0,0.0,71.0,29.0,100.0,0.0,100.0,0.0,97.0,7258.0,29.0,29.0,100.0,0.0,100.0,0.0,200.0,0.0,100.0,31622.0,100.0,47055190880.0,100.0,155747617003.0
2019-09-28,Z305DH7T,ST4000DM000,4000787030016,0,111.0,33993880.0,93.0,0.0,100.0,7.0,100.0,0.0,87.0,526792585.0,64.0,31820.0,100.0,0.0,100.0,7.0,100.0,0.0,100.0,0.0,100.0,0.0,100.0,0.0,100.0,0.0,70.0,30.0,100.0,0.0,100.0,0.0,97.0,7258.0,30.0,30.0,100.0,0.0,100.0,0.0,200.0,0.0,100.0,31637.0,100.0,47076010808.0,100.0,155863051899.0
2019-09-29,Z305DH7T,ST4000DM000,4000787030016,0,118.0,184208272.0,93.0,0.0,100.0,7.0,100.0,0.0,87.0,529530326.0,64.0,31852.0,100.0,0.0,100.0,7.0,100.0,0.0,100.0,0.0,100.0,0.0,100.0,0.0,100.0,0.0,69.0,31.0,100.0,0.0,100.0,0.0,97.0,7258.0,31.0,31.0,100.0,0.0,100.0,0.0,200.0,0.0,100.0,31669.0,100.0,47108530672.0,100.0,156314623674.0
2019-09-30,Z305DH7T,ST4000DM000,4000787030016,0,117.0,150082504.0,93.0,0.0,100.0,7.0,100.0,0.0,87.0,530871779.0,64.0,31868.0,100.0,0.0,100.0,7.0,100.0,0.0,100.0,0.0,100.0,0.0,100.0,0.0,100.0,0.0,69.0,31.0,100.0,0.0,100.0,0.0,97.0,7258.0,31.0,31.0,100.0,0.0,100.0,0.0,200.0,0.0,100.0,31685.0,100.0,47121770120.0,100.0,156521700028.0
2019-10-01,Z305DH7T,ST4000DM000,4000787030016,0,108.0,19937600.0,93.0,0.0,100.0,7.0,100.0,0.0,87.0,532058699.0,64.0,31900.0,100.0,0.0,100.0,7.0,100.0,0.0,100.0,0.0,100.0,0.0,100.0,0.0,100.0,0.0,70.0,30.0,100.0,0.0,100.0,0.0,97.0,7258.0,30.0,30.0,100.0,0.0,100.0,0.0,200.0,0.0,100.0,31717.0,100.0,47142010448.0,100.0,156721603912.0
2019-10-02,Z305DH7T,ST4000DM000,4000787030016,0,114.0,80078312.0,93.0,0.0,100.0,7.0,100.0,0.0,87.0,535467041.0,64.0,31931.0,100.0,0.0,100.0,7.0,100.0,0.0,100.0,0.0,100.0,0.0,100.0,0.0,100.0,0.0,69.0,31.0,100.0,0.0,100.0,0.0,97.0,7258.0,31.0,31.0,100.0,0.0,100.0,0.0,200.0,0.0,100.0,31749.0,100.0,47173240048.0,100.0,157129164876.0
2019-10-03,Z305DH7T,ST4000DM000,4000787030016,0,119.0,212557768.0,93.0,0.0,100.0,7.0,100.0,0.0,87.0,536744442.0,64.0,31947.0,100.0,0.0,100.0,7.0,100.0,0.0,100.0,0.0,100.0,0.0,100.0,0.0,100.0,0.0,70.0,30.0,100.0,0.0,100.0,0.0,97.0,7258.0,30.0,30.0,100.0,0.0,100.0,0.0,200.0,0.0,100.0,31765.0,100.0,47196392640.0,100.0,157309068843.0
2019-10-04,Z305DH7T,ST4000DM000,4000787030016,0,120.0,239501464.0,93.0,0.0,100.0,7.0,100.0,0.0,87.0,538517179.0,64.0,31979.0,100.0,0.0,100.0,7.0,100.0,0.0,100.0,0.0,100.0,0.0,100.0,0.0,100.0,0.0,69.0,31.0,100.0,0.0,100.0,0.0,97.0,7258.0,31.0,31.0,100.0,0.0,100.0,0.0,200.0,0.0,100.0,31796.0,100.0,47233843912.0,100.0,157573538591.0
2019-10-05,Z305DH7T,ST4000DM000,4000787030016,0,105.0,7790720.0,93.0,0.0,100.0,7.0,100.0,0.0,87.0,539620419.0,64.0,31995.0,100.0,0.0,100.0,7.0,100.0,0.0,100.0,0.0,100.0,0.0,100.0,0.0,100.0,0.0,69.0,31.0,100.0,0.0,100.0,0.0,97.0,7258.0,31.0,31.0,100.0,0.0,100.0,0.0,200.0,0.0,100.0,31812.0,100.0,47244400776.0,100.0,157733965007.0
2019-10-06,Z305DH7T,ST4000DM000,4000787030016,0,115.0,99371328.0,93.0,0.0,100.0,7.0,100.0,0.0,87.0,541985368.0,64.0,32026.0,100.0,0.0,100.0,7.0,100.0,0.0,100.0,0.0,100.0,0.0,100.0,0.0,100.0,0.0,69.0,31.0,100.0,0.0,100.0,0.0,97.0,7258.0,31.0,31.0,100.0,0.0,100.0,0.0,200.0,0.0,100.0,31844.0,100.0,47276677752.0,100.0,158023135018.0
2019-10-07,Z305DH7T,ST4000DM000,4000787030016,0,109.0,25142640.0,93.0,0.0,100.0,7.0,100.0,0.0,87.0,542746689.0,64.0,32042.0,100.0,0.0,100.0,7.0,100.0,0.0,100.0,0.0,100.0,0.0,100.0,0.0,100.0,0.0,69.0,31.0,100.0,0.0,100.0,0.0,97.0,7258.0,31.0,31.0,100.0,0.0,100.0,0.0,200.0,0.0,100.0,31860.0,100.0,47292221600.0,100.0,158124071892.0
2019-10-08,Z305DH7T,ST4000DM000,4000787030016,0,120.0,241287984.0,93.0,0.0,100.0,7.0,100.0,0.0,87.0,544435964.0,64.0,32074.0,100.0,0.0,100.0,7.0,100.0,0.0,100.0,0.0,100.0,0.0,100.0,0.0,100.0,0.0,69.0,31.0,100.0,0.0,100.0,0.0,97.0,7258.0,31.0,31.0,100.0,0.0,100.0,0.0,200.0,0.0,100.0,31892.0,100.0,47344528424.0,100.0,158301256733.0
2019-10-09,Z305DH7T,ST4000DM000,4000787030016,0,112.0,45475864.0,93.0,0.0,100.0,7.0,100.0,0.0,87.0,545828122.0,64.0,32090.0,100.0,0.0,100.0,7.0,100.0,0.0,100.0,0.0,100.0,0.0,100.0,0.0,100.0,0.0,70.0,30.0,100.0,0.0,100.0,0.0,97.0,7258.0,30.0,30.0,100.0,0.0,100.0,0.0,200.0,0.0,100.0,31908.0,100.0,47360871176.0,100.0,158469755839.0
2019-10-10,Z305DH7T,ST4000DM000,4000787030016,0,119.0,1158064.0,93.0,0.0,100.0,7.0,100.0,0.0,87.0,548967370.0,64.0,32122.0,100.0,0.0,100.0,7.0,100.0,0.0,100.0,0.0,100.0,0.0,100.0,0.0,100.0,0.0,69.0,31.0,100.0,0.0,100.0,0.0,97.0,7258.0,31.0,31.0,100.0,0.0,100.0,0.0,200.0,0.0,100.0,31940.0,100.0,47396213920.0,100.0,158756730296.0
2019-10-11,Z305DH7T,ST4000DM000,4000787030016,0,108.0,16896752.0,93.0,0.0,100.0,7.0,100.0,0.0,87.0,550192313.0,64.0,32138.0,100.0,0.0,100.0,7.0,100.0,0.0,100.0,0.0,100.0,0.0,100.0,0.0,100.0,0.0,69.0,31.0,100.0,0.0,100.0,0.0,97.0,7258.0,31.0,31.0,100.0,0.0,100.0,0.0,200.0,0.0,100.0,31956.0,100.0,47416292504.0,100.0,158900476133.0
2019-10-12,Z305DH7T,ST4000DM000,4000787030016,0,112.0,43349848.0,93.0,0.0,100.0,7.0,100.0,0.0,87.0,552496338.0,64.0,32170.0,100.0,0.0,100.0,7.0,100.0,0.0,100.0,0.0,100.0,0.0,100.0,0.0,100.0,0.0,69.0,31.0,100.0,0.0,100.0,0.0,97.0,7258.0,31.0,31.0,100.0,0.0,100.0,0.0,200.0,0.0,100.0,31987.0,100.0,47451301520.0,100.0,159044179497.0
2019-10-13,Z305DH7T,ST4000DM000,4000787030016,0,118.0,274584.0,93.0,0.0,100.0,7.0,100.0,0.0,87.0,553747478.0,64.0,32186.0,100.0,0.0,100.0,7.0,100.0,0.0,100.0,0.0,100.0,0.0,100.0,0.0,100.0,0.0,69.0,31.0,100.0,0.0,100.0,0.0,97.0,7258.0,31.0,31.0,100.0,0.0,100.0,0.0,200.0,0.0,100.0,32003.0,100.0,47461401912.0,100.0,159140146073.0
2019-10-14,Z305DH7T,ST4000DM000,4000787030016,0,114.0,76243176.0,93.0,0.0,100.0,7.0,100.0,0.0,87.0,557603435.0,64.0,32217.0,100.0,0.0,100.0,7.0,100.0,0.0,100.0,0.0,100.0,0.0,100.0,0.0,100.0,0.0,69.0,31.0,100.0,0.0,100.0,0.0,97.0,7258.0,31.0,31.0,100.0,0.0,100.0,0.0,200.0,0.0,100.0,32035.0,100.0,47490339880.0,100.0,159432593328.0
2019-10-15,Z305DH7T,ST4000DM000,4000787030016,0,118.0,188062904.0,93.0,0.0,100.0,7.0,100.0,0.0,87.0,560963933.0,64.0,32265.0,100.0,0.0,100.0,7.0,100.0,0.0,100.0,0.0,100.0,0.0,100.0,0.0,100.0,0.0,70.0,30.0,100.0,0.0,100.0,0.0,97.0,7258.0,30.0,30.0,100.0,0.0,100.0,0.0,200.0,0.0,100.0,32083.0,100.0,47541564400.0,100.0,159935242342.0
2019-10-16,Z305DH7T,ST4000DM000,4000787030016,0,118.0,188062904.0,93.0,0.0,100.0,7.0,100.0,0.0,87.0,560963933.0,64.0,32265.0,100.0,0.0,100.0,7.0,100.0,0.0,100.0,0.0,100.0,0.0,100.0,0.0,100.0,0.0,70.0,30.0,100.0,0.0,100.0,0.0,97.0,7258.0,30.0,30.0,100.0,0.0,100.0,0.0,200.0,0.0,100.0,32083.0,100.0,47541564400.0,100.0,159935242342.0
2019-10-17,Z305DH7T,ST4000DM000,4000787030016,0,114.0,81949504.0,93.0,0.0,100.0,7.0,100.0,0.0,87.0,562080935.0,64.0,32281.0,100.0,0.0,100.0,7.0,100.0,0.0,100.0,0.0,100.0,0.0,100.0,0.0,100.0,0.0,70.0,30.0,100.0,0.0,100.0,0.0,97.0,7258.0,30.0,30.0,100.0,0.0,100.0,0.0,200.0,0.0,100.0,32099.0,100.0,47554748384.0,100.0,160158111448.0
2019-10-18,Z305DH7T,ST4000DM000,4000787030016,0,114.0,61007792.0,93.0,0.0,100.0,7.0,100.0,0.0,87.0,563425509.0,64.0,32313.0,100.0,0.0,100.0,7.0,100.0,0.0,100.0,0.0,100.0,0.0,100.0,0.0,100.0,0.0,70.0,30.0,100.0,0.0,100.0,0.0,97.0,7258.0,30.0,30.0,100.0,0.0,100.0,0.0,200.0,0.0,100.0,32130.0,100.0,47590453952.0,100.0,160612346044.0
2019-10-19,Z305DH7T,ST4000DM000,4000787030016,0,120.0,237723040.0,93.0,0.0,100.0,7.0,100.0,0.0,87.0,564887683.0,64.0,32329.0,100.0,0.0,100.0,7.0,100.0,0.0,100.0,0.0,100.0,0.0,100.0,0.0,100.0,0.0,70.0,30.0,100.0,0.0,100.0,0.0,97.0,7258.0,30.0,30.0,100.0,0.0,100.0,0.0,200.0,0.0,100.0,32146.0,100.0,47618835200.0,100.0,160664555942.0
2019-10-20,Z305DH7T,ST4000DM000,4000787030016,0,114.0,73380456.0,93.0,0.0,100.0,7.0,100.0,0.0,87.0,567221236.0,64.0,32360.0,100.0,0.0,100.0,7.0,100.0,0.0,100.0,0.0,100.0,0.0,100.0,0.0,100.0,0.0,69.0,31.0,100.0,0.0,100.0,0.0,97.0,7258.0,31.0,31.0,100.0,0.0,100.0,0.0,200.0,0.0,100.0,32178.0,100.0,47660265360.0,100.0,161092894569.0
2019-10-21,Z305DH7T,ST4000DM000,4000787030016,0,111.0,37359472.0,93.0,0.0,100.0,7.0,100.0,0.0,87.0,568706636.0,64.0,32376.0,100.0,0.0,100.0,7.0,100.0,0.0,100.0,0.0,100.0,0.0,100.0,0.0,100.0,0.0,69.0,31.0,100.0,0.0,100.0,0.0,97.0,7258.0,31.0,31.0,100.0,0.0,100.0,0.0,200.0,0.0,100.0,32194.0,100.0,47677028880.0,100.0,161304042335.0
2019-10-22,Z305DH7T,ST4000DM000,4000787030016,0,117.0,118469000.0,93.0,0.0,100.0,7.0,100.0,0.0,87.0,570589313.0,64.0,32408.0,100.0,0.0,100.0,7.0,100.0,0.0,100.0,0.0,100.0,0.0,100.0,0.0,100.0,0.0,70.0,30.0,100.0,0.0,100.0,0.0,97.0,7258.0,30.0,30.0,100.0,0.0,100.0,0.0,200.0,0.0,100.0,32226.0,100.0,47718021504.0,100.0,161595207241.0
2019-10-23,Z305DH7T,ST4000DM000,4000787030016,0,115.0,91172400.0,93.0,0.0,100.0,7.0,100.0,0.0,87.0,571293735.0,63.0,32424.0,100.0,0.0,100.0,7.0,100.0,0.0,100.0,0.0,100.0,0.0,100.0,0.0,100.0,0.0,70.0,30.0,100.0,0.0,100.0,0.0,97.0,7258.0,30.0,30.0,100.0,0.0,100.0,0.0,200.0,0.0,100.0,32241.0,100.0,47735650168.0,100.0,161704037730.0
2019-10-24,Z305DH7T,ST4000DM000,4000787030016,0,119.0,204935232.0,93.0,0.0,100.0,7.0,100.0,0.0,87.0,574784997.0,63.0,32456.0,100.0,0.0,100.0,7.0,100.0,0.0,100.0,0.0,100.0,0.0,100.0,0.0,100.0,0.0,72.0,28.0,100.0,0.0,100.0,0.0,97.0,7258.0,28.0,28.0,100.0,0.0,100.0,0.0,200.0,0.0,100.0,32273.0,100.0,47755757864.0,100.0,162102024581.0
2019-10-25,Z305DH7T,ST4000DM000,4000787030016,0,109.0,23796440.0,93.0,0.0,100.0,7.0,100.0,0.0,87.0,575706244.0,63.0,32472.0,100.0,0.0,100.0,7.0,100.0,0.0,100.0,0.0,100.0,0.0,100.0,0.0,100.0,0.0,70.0,30.0,100.0,0.0,100.0,0.0,97.0,7258.0,30.0,30.0,100.0,0.0,100.0,0.0,200.0,0.0,100.0,32289.0,100.0,47762814616.0,100.0,162243664426.0
2019-10-26,Z305DH7T,ST4000DM000,4000787030016,0,119.0,206117216.0,93.0,0.0,100.0,7.0,100.0,0.0,87.0,577892668.0,63.0,32503.0,100.0,0.0,100.0,7.0,100.0,0.0,100.0,0.0,100.0,0.0,100.0,0.0,100.0,0.0,70.0,30.0,100.0,0.0,100.0,0.0,97.0,7258.0,30.0,30.0,100.0,0.0,100.0,0.0,200.0,0.0,100.0,32321.0,100.0,47787823696.0,100.0,162442692328.0
2019-10-27,Z305DH7T,ST4000DM000,4000787030016,0,114.0,64229432.0,93.0,0.0,100.0,7.0,100.0,0.0,87.0,578890208.0,63.0,32519.0,100.0,0.0,100.0,7.0,100.0,0.0,100.0,0.0,100.0,0.0,100.0,0.0,100.0,0.0,69.0,31.0,100.0,0.0,100.0,0.0,97.0,7258.0,31.0,31.0,100.0,0.0,100.0,0.0,200.0,0.0,100.0,32337.0,100.0,47797238672.0,100.0,162595476942.0
2019-10-28,Z305DH7T,ST4000DM000,4000787030016,0,117.0,167472888.0,93.0,0.0,100.0,7.0,100.0,0.0,87.0,580775544.0,63.0,32551.0,100.0,0.0,100.0,7.0,100.0,0.0,100.0,0.0,100.0,0.0,100.0,0.0,100.0,0.0,69.0,31.0,100.0,0.0,100.0,0.0,97.0,7258.0,31.0,31.0,100.0,0.0,100.0,0.0,200.0,0.0,100.0,32369.0,100.0,47811698480.0,100.0,162849854429.0
2019-10-29,Z305DH7T,ST4000DM000,4000787030016,0,118.0,190898672.0,93.0,0.0,100.0,7.0,100.0,0.0,87.0,581432184.0,63.0,32567.0,100.0,0.0,100.0,7.0,100.0,0.0,100.0,0.0,100.0,0.0,100.0,0.0,100.0,0.0,69.0,31.0,100.0,0.0,100.0,0.0,97.0,7258.0,31.0,31.0,100.0,0.0,100.0,0.0,200.0,0.0,100.0,32385.0,100.0,47818252200.0,100.0,162949474859.0
2019-10-30,Z305DH7T,ST4000DM000,4000787030016,0,119.0,220962776.0,93.0,0.0,100.0,7.0,100.0,0.0,87.0,583661909.0,63.0,32599.0,100.0,0.0,100.0,7.0,100.0,0.0,100.0,0.0,100.0,0.0,100.0,0.0,100.0,0.0,69.0,31.0,100.0,0.0,100.0,0.0,97.0,7258.0,31.0,31.0,100.0,0.0,100.0,0.0,200.0,0.0,100.0,32416.0,100.0,47830275144.0,100.0,163123558144.0
2019-10-31,Z305DH7T,ST4000DM000,4000787030016,0,120.0,1501472.0,93.0,0.0,100.0,7.0,100.0,0.0,87.0,584885963.0,63.0,32615.0,100.0,0.0,100.0,7.0,100.0,0.0,100.0,0.0,100.0,0.0,100.0,0.0,100.0,0.0,69.0,31.0,100.0,0.0,100.0,0.0,97.0,7258.0,31.0,31.0,100.0,0.0,100.0,0.0,200.0,0.0,100.0,32432.0,100.0,47844805912.0,100.0,163314913791.0
2019-11-01,Z305DH7T,ST4000DM000,4000787030016,0,118.0,198244736.0,93.0,0.0,100.0,7.0,100.0,0.0,87.0,586674227.0,63.0,32646.0,100.0,0.0,100.0,7.0,100.0,0.0,100.0,0.0,100.0,0.0,100.0,0.0,100.0,0.0,69.0,31.0,100.0,0.0,100.0,0.0,97.0,7258.0,31.0,31.0,100.0,0.0,100.0,0.0,200.0,0.0,100.0,32464.0,100.0,47854841208.0,100.0,163566063087.0
2019-11-02,Z305DH7T,ST4000DM000,4000787030016,0,118.0,179169472.0,93.0,0.0,100.0,7.0,100.0,0.0,87.0,588263553.0,63.0,32662.0,100.0,0.0,100.0,7.0,100.0,0.0,100.0,0.0,100.0,0.0,100.0,0.0,100.0,0.0,68.0,32.0,100.0,0.0,100.0,0.0,97.0,7258.0,32.0,32.0,100.0,0.0,100.0,0.0,200.0,0.0,100.0,32480.0,100.0,47859072704.0,100.0,163648006911.0
2019-11-03,Z305DH7T,ST4000DM000,4000787030016,0,117.0,125903312.0,93.0,0.0,100.0,7.0,100.0,0.0,87.0,589361083.0,63.0,32694.0,100.0,0.0,100.0,7.0,100.0,0.0,100.0,0.0,100.0,0.0,100.0,0.0,100.0,0.0,69.0,31.0,100.0,0.0,100.0,0.0,97.0,7258.0,31.0,31.0,100.0,0.0,100.0,0.0,200.0,0.0,100.0,32512.0,100.0,47868149800.0,100.0,163801943150.0
2019-11-04,Z305DH7T,ST4000DM000,4000787030016,0,117.0,128480776.0,93.0,0.0,100.0,7.0,100.0,0.0,87.0,590653543.0,63.0,32710.0,100.0,0.0,100.0,7.0,100.0,0.0,100.0,0.0,100.0,0.0,100.0,0.0,100.0,0.0,68.0,32.0,100.0,0.0,100.0,0.0,97.0,7258.0,32.0,32.0,100.0,0.0,100.0,0.0,200.0,0.0,100.0,32528.0,100.0,47870848400.0,100.0,163962044054.0
2019-11-06,Z305DH7T,ST4000DM000,4000787030016,0,119.0,215464784.0,93.0,0.0,100.0,7.0,100.0,0.0,87.0,594912209.0,63.0,32758.0,100.0,0.0,100.0,7.0,100.0,0.0,100.0,0.0,100.0,0.0,100.0,0.0,100.0,0.0,69.0,31.0,100.0,0.0,100.0,0.0,97.0,7258.0,31.0,31.0,100.0,0.0,100.0,0.0,200.0,0.0,100.0,32575.0,100.0,47899396416.0,100.0,164368660763.0
2019-11-07,Z305DH7T,ST4000DM000,4000787030016,0,117.0,123846808.0,93.0,0.0,100.0,7.0,100.0,0.0,87.0,596921929.0,63.0,32789.0,100.0,0.0,100.0,7.0,100.0,0.0,100.0,0.0,100.0,0.0,100.0,0.0,100.0,0.0,68.0,32.0,100.0,0.0,100.0,0.0,97.0,7258.0,32.0,32.0,100.0,0.0,100.0,0.0,200.0,0.0,100.0,32607.0,100.0,47907599040.0,100.0,164871066185.0
2019-11-08,Z305DH7T,ST4000DM000,4000787030016,0,105.0,8820224.0,93.0,0.0,100.0,7.0,100.0,0.0,87.0,597361106.0,63.0,32805.0,100.0,0.0,100.0,7.0,100.0,0.0,100.0,0.0,100.0,0.0,100.0,0.0,100.0,0.0,69.0,31.0,100.0,0.0,100.0,0.0,97.0,7258.0,31.0,31.0,100.0,0.0,100.0,0.0,200.0,0.0,100.0,32623.0,100.0,47910280920.0,100.0,165093199890.0
2019-11-09,Z305DH7T,ST4000DM000,4000787030016,0,111.0,31091592.0,93.0,0.0,100.0,7.0,100.0,0.0,87.0,599315730.0,63.0,32837.0,100.0,0.0,100.0,7.0,100.0,0.0,100.0,0.0,100.0,0.0,100.0,0.0,100.0,0.0,69.0,31.0,100.0,0.0,100.0,0.0,97.0,7258.0,31.0,31.0,100.0,0.0,100.0,0.0,200.0,0.0,100.0,32655.0,100.0,47918805248.0,100.0,165439708829.0
2019-11-10,Z305DH7T,ST4000DM000,4000787030016,0,113.0,51837328.0,93.0,0.0,100.0,7.0,100.0,0.0,87.0,600328000.0,63.0,32853.0,100.0,0.0,100.0,7.0,100.0,0.0,100.0,0.0,100.0,0.0,100.0,0.0,100.0,0.0,69.0,31.0,100.0,0.0,100.0,0.0,97.0,7258.0,31.0,31.0,100.0,0.0,100.0,0.0,200.0,0.0,100.0,32671.0,100.0,47922555416.0,100.0,165650951579.0
2019-11-11,Z305DH7T,ST4000DM000,4000787030016,0,119.0,229067376.0,93.0,0.0,100.0,7.0,100.0,0.0,87.0,602458081.0,63.0,32885.0,100.0,0.0,100.0,7.0,100.0,0.0,100.0,0.0,100.0,0.0,100.0,0.0,100.0,0.0,69.0,31.0,100.0,0.0,100.0,0.0,97.0,7258.0,31.0,31.0,100.0,0.0,100.0,0.0,200.0,0.0,100.0,32703.0,100.0,47930727824.0,100.0,166011070414.0
2019-11-12,Z305DH7T,ST4000DM000,4000787030016,0,117.0,158032144.0,93.0,0.0,100.0,7.0,100.0,0.0,87.0,602805076.0,63.0,32901.0,100.0,0.0,100.0,7.0,100.0,0.0,100.0,0.0,100.0,0.0,100.0,0.0,100.0,0.0,69.0,31.0,100.0,0.0,100.0,0.0,97.0,7258.0,31.0,31.0,100.0,0.0,100.0,0.0,200.0,0.0,100.0,32719.0,100.0,47934785296.0,100.0,166071022877.0
2019-11-13,Z305DH7T,ST4000DM000,4000787030016,0,116.0,116399248.0,93.0,0.0,100.0,7.0,100.0,0.0,87.0,605503844.0,63.0,32933.0,100.0,0.0,100.0,7.0,100.0,0.0,100.0,0.0,100.0,0.0,100.0,0.0,100.0,0.0,69.0,31.0,100.0,0.0,100.0,0.0,97.0,7258.0,31.0,31.0,100.0,0.0,100.0,0.0,200.0,0.0,100.0,32750.0,100.0,47942427880.0,100.0,166441936198.0
2019-11-14,Z305DH7T,ST4000DM000,4000787030016,0,115.0,96006448.0,93.0,0.0,100.0,7.0,100.0,0.0,87.0,606768447.0,63.0,32949.0,100.0,0.0,100.0,7.0,100.0,0.0,100.0,0.0,100.0,0.0,100.0,0.0,100.0,0.0,69.0,31.0,100.0,0.0,100.0,0.0,97.0,7258.0,31.0,31.0,100.0,0.0,100.0,0.0,200.0,0.0,100.0,32766.0,100.0,47951996968.0,100.0,166583258781.0
2019-11-15,Z305DH7T,ST4000DM000,4000787030016,0,115.0,93334120.0,93.0,0.0,100.0,7.0,100.0,0.0,87.0,608122683.0,63.0,32981.0,100.0,0.0,100.0,7.0,100.0,0.0,100.0,0.0,100.0,0.0,100.0,0.0,100.0,0.0,69.0,31.0,100.0,0.0,100.0,0.0,97.0,7258.0,31.0,31.0,100.0,0.0,100.0,0.0,200.0,0.0,100.0,32798.0,100.0,47958247328.0,100.0,166851214476.0
2019-11-16,Z305DH7T,ST4000DM000,4000787030016,0,114.0,72291576.0,93.0,0.0,100.0,7.0,100.0,0.0,87.0,609528745.0,63.0,32997.0,100.0,0.0,100.0,7.0,100.0,0.0,100.0,0.0,100.0,0.0,100.0,0.0,100.0,0.0,69.0,31.0,100.0,0.0,100.0,0.0,97.0,7258.0,31.0,31.0,100.0,0.0,100.0,0.0,200.0,0.0,100.0,32814.0,100.0,47964057392.0,100.0,166940745770.0
2019-11-17,Z305DH7T,ST4000DM000,4000787030016,0,116.0,105157976.0,93.0,0.0,100.0,7.0,100.0,0.0,87.0,611377065.0,63.0,33028.0,100.0,0.0,100.0,7.0,100.0,0.0,100.0,0.0,100.0,0.0,100.0,0.0,100.0,0.0,69.0,31.0,100.0,0.0,100.0,0.0,97.0,7258.0,31.0,31.0,100.0,0.0,100.0,0.0,200.0,0.0,100.0,32846.0,100.0,47969977928.0,100.0,167212509824.0
2019-11-18,Z305DH7T,ST4000DM000,4000787030016,0,108.0,18358576.0,93.0,0.0,100.0,7.0,100.0,0.0,87.0,611917425.0,63.0,33044.0,100.0,0.0,100.0,7.0,100.0,0.0,100.0,0.0,100.0,0.0,100.0,0.0,100.0,0.0,69.0,31.0,100.0,0.0,100.0,0.0,97.0,7258.0,31.0,31.0,100.0,0.0,100.0,0.0,200.0,0.0,100.0,32862.0,100.0,47974096928.0,100.0,167306374456.0
2019-11-19,Z305DH7T,ST4000DM000,4000787030016,0,107.0,12805264.0,93.0,0.0,100.0,7.0,100.0,0.0,87.0,613211617.0,63.0,33076.0,100.0,0.0,100.0,7.0,100.0,0.0,100.0,0.0,100.0,0.0,100.0,0.0,100.0,0.0,69.0,31.0,100.0,0.0,100.0,0.0,97.0,7258.0,31.0,31.0,100.0,0.0,100.0,0.0,200.0,0.0,100.0,32893.0,100.0,47990037512.0,100.0,167478698718.0
2019-11-20,Z305DH7T,ST4000DM000,4000787030016,0,114.0,66852872.0,93.0,0.0,100.0,7.0,100.0,0.0,87.0,615672170.0,63.0,33108.0,100.0,0.0,100.0,7.0,100.0,0.0,100.0,0.0,100.0,0.0,100.0,0.0,100.0,0.0,69.0,31.0,100.0,0.0,100.0,0.0,97.0,7258.0,31.0,31.0,100.0,0.0,100.0,0.0,200.0,0.0,100.0,32925.0,100.0,48000822392.0,100.0,167766211213.0
2019-11-21,Z305DH7T,ST4000DM000,4000787030016,0,117.0,124429160.0,93.0,0.0,100.0,7.0,100.0,0.0,87.0,616801035.0,63.0,33124.0,100.0,0.0,100.0,7.0,100.0,0.0,100.0,0.0,100.0,0.0,100.0,0.0,100.0,0.0,69.0,31.0,100.0,0.0,100.0,0.0,97.0,7258.0,31.0,31.0,100.0,0.0,100.0,0.0,200.0,0.0,100.0,32941.0,100.0,48004967792.0,100.0,167896807906.0
2019-11-22,Z305DH7T,ST4000DM000,4000787030016,0,111.0,32072704.0,93.0,0.0,100.0,7.0,100.0,0.0,87.0,618009844.0,63.0,33155.0,100.0,0.0,100.0,7.0,100.0,0.0,100.0,0.0,100.0,0.0,100.0,0.0,100.0,0.0,70.0,30.0,100.0,0.0,100.0,0.0,97.0,7258.0,30.0,30.0,100.0,0.0,100.0,0.0,200.0,0.0,100.0,32973.0,100.0,48010597392.0,100.0,168053877073.0
2019-11-23,Z305DH7T,ST4000DM000,4000787030016,0,115.0,94767616.0,93.0,0.0,100.0,7.0,100.0,0.0,87.0,619172002.0,63.0,33171.0,100.0,0.0,100.0,7.0,100.0,0.0,100.0,0.0,100.0,0.0,100.0,0.0,100.0,0.0,69.0,31.0,100.0,0.0,100.0,0.0,97.0,7258.0,31.0,31.0,100.0,0.0,100.0,0.0,200.0,0.0,100.0,32989.0,100.0,48015966840.0,100.0,168099915398.0
2019-11-24,Z305DH7T,ST4000DM000,4000787030016,0,118.0,179626904.0,93.0,0.0,100.0,7.0,100.0,0.0,87.0,621765337.0,63.0,33203.0,100.0,0.0,100.0,7.0,100.0,0.0,100.0,0.0,100.0,0.0,100.0,0.0,100.0,0.0,69.0,31.0,100.0,0.0,100.0,0.0,97.0,7258.0,31.0,31.0,100.0,0.0,100.0,0.0,200.0,0.0,100.0,33021.0,100.0,48030184600.0,100.0,168377248566.0
2019-11-25,Z305DH7T,ST4000DM000,4000787030016,0,105.0,10221712.0,93.0,0.0,100.0,7.0,100.0,0.0,87.0,622316439.0,63.0,33219.0,100.0,0.0,100.0,7.0,100.0,0.0,100.0,0.0,100.0,0.0,100.0,0.0,100.0,0.0,69.0,31.0,100.0,0.0,100.0,0.0,97.0,7258.0,31.0,31.0,100.0,0.0,100.0,0.0,200.0,0.0,100.0,33036.0,100.0,48038199408.0,100.0,168496564657.0
2019-11-26,Z305DH7T,ST4000DM000,4000787030016,0,117.0,146637600.0,93.0,0.0,100.0,7.0,100.0,0.0,87.0,623656223.0,63.0,33250.0,100.0,0.0,100.0,7.0,100.0,0.0,100.0,0.0,100.0,0.0,100.0,0.0,100.0,0.0,69.0,31.0,100.0,0.0,100.0,0.0,97.0,7258.0,31.0,31.0,100.0,0.0,100.0,0.0,200.0,0.0,100.0,33068.0,100.0,48048811008.0,100.0,168836900297.0
2019-11-27,Z305DH7T,ST4000DM000,4000787030016,0,119.0,203203480.0,93.0,0.0,100.0,7.0,100.0,0.0,87.0,624333427.0,63.0,33266.0,100.0,0.0,100.0,7.0,100.0,0.0,100.0,0.0,100.0,0.0,100.0,0.0,100.0,0.0,69.0,31.0,100.0,0.0,100.0,0.0,97.0,7258.0,31.0,31.0,100.0,0.0,100.0,0.0,200.0,0.0,100.0,33084.0,100.0,48055667048.0,100.0,169100138049.0
2019-11-28,Z305DH7T,ST4000DM000,4000787030016,0,118.0,176992904.0,93.0,0.0,100.0,7.0,100.0,0.0,87.0,626862867.0,62.0,33298.0,100.0,0.0,100.0,7.0,100.0,0.0,100.0,0.0,100.0,0.0,100.0,0.0,100.0,0.0,68.0,32.0,100.0,0.0,100.0,0.0,97.0,7258.0,32.0,32.0,100.0,0.0,100.0,0.0,200.0,0.0,100.0,33115.0,100.0,48073670600.0,100.0,169549462183.0
2019-11-29,Z305DH7T,ST4000DM000,4000787030016,0,117.0,131217552.0,93.0,0.0,100.0,7.0,100.0,0.0,87.0,628241191.0,62.0,33314.0,100.0,0.0,100.0,7.0,100.0,0.0,100.0,0.0,100.0,0.0,100.0,0.0,100.0,0.0,69.0,31.0,100.0,0.0,100.0,0.0,97.0,7258.0,31.0,31.0,100.0,0.0,100.0,0.0,200.0,0.0,100.0,33131.0,100.0,48080687840.0,100.0,169768716344.0
2019-11-30,Z305DH7T,ST4000DM000,4000787030016,0,119.0,232538632.0,93.0,0.0,100.0,7.0,100.0,0.0,87.0,631249868.0,62.0,33346.0,100.0,0.0,100.0,7.0,100.0,0.0,100.0,0.0,100.0,0.0,100.0,0.0,100.0,0.0,68.0,32.0,100.0,0.0,100.0,0.0,97.0,7258.0,32.0,32.0,100.0,0.0,100.0,0.0,200.0,0.0,100.0,33163.0,100.0,48092707920.0,100.0,170121841317.0
2019-12-01,Z305DH7T,ST4000DM000,4000787030016,0,114.0,75081664.0,93.0,0.0,100.0,7.0,100.0,0.0,87.0,632223769.0,62.0,33361.0,100.0,0.0,100.0,7.0,100.0,0.0,100.0,0.0,100.0,0.0,100.0,0.0,100.0,0.0,69.0,31.0,100.0,0.0,100.0,0.0,97.0,7258.0,31.0,31.0,100.0,0.0,100.0,0.0,200.0,0.0,100.0,33179.0,100.0,48100069856.0,100.0,170297518461.0
2019-12-02,Z305DH7T,ST4000DM000,4000787030016,0,114.0,64361928.0,93.0,0.0,100.0,7.0,100.0,0.0,87.0,633324415.0,62.0,33393.0,100.0,0.0,100.0,7.0,100.0,0.0,100.0,0.0,100.0,0.0,100.0,0.0,100.0,0.0,69.0,31.0,100.0,0.0,100.0,0.0,97.0,7258.0,31.0,31.0,100.0,0.0,100.0,0.0,200.0,0.0,100.0,33211.0,100.0,48112036232.0,100.0,170501657442.0
2019-12-03,Z305DH7T,ST4000DM000,4000787030016,0,118.0,181063432.0,93.0,0.0,100.0,7.0,100.0,0.0,87.0,634411211.0,62.0,33409.0,100.0,0.0,100.0,7.0,100.0,0.0,100.0,0.0,100.0,0.0,100.0,0.0,100.0,0.0,69.0,31.0,100.0,0.0,100.0,0.0,97.0,7258.0,31.0,31.0,100.0,0.0,100.0,0.0,200.0,0.0,100.0,33227.0,100.0,48117075560.0,100.0,170683953143.0
2019-12-04,Z305DH7T,ST4000DM000,4000787030016,0,117.0,139349936.0,93.0,0.0,100.0,7.0,100.0,0.0,87.0,637345314.0,62.0,33441.0,100.0,0.0,100.0,7.0,100.0,0.0,100.0,0.0,100.0,0.0,100.0,0.0,100.0,0.0,69.0,31.0,100.0,0.0,100.0,0.0,97.0,7258.0,31.0,31.0,100.0,0.0,100.0,0.0,200.0,0.0,100.0,33258.0,100.0,48131425912.0,100.0,171002569601.0
2019-12-05,Z305DH7T,ST4000DM000,4000787030016,0,114.0,67544888.0,93.0,0.0,100.0,7.0,100.0,0.0,87.0,637860949.0,62.0,33457.0,100.0,0.0,100.0,7.0,100.0,0.0,100.0,0.0,100.0,0.0,100.0,0.0,100.0,0.0,69.0,31.0,100.0,0.0,100.0,0.0,97.0,7258.0,31.0,31.0,100.0,0.0,100.0,0.0,200.0,0.0,100.0,33274.0,100.0,48137672672.0,100.0,171111461253.0
2019-12-06,Z305DH7T,ST4000DM000,4000787030016,0,119.0,210784104.0,93.0,0.0,100.0,7.0,100.0,0.0,87.0,639785511.0,62.0,33488.0,100.0,0.0,100.0,7.0,100.0,0.0,100.0,0.0,100.0,0.0,100.0,0.0,100.0,0.0,69.0,31.0,100.0,0.0,100.0,0.0,97.0,7258.0,31.0,31.0,100.0,0.0,100.0,0.0,200.0,0.0,100.0,33306.0,100.0,48150713728.0,100.0,171412345467.0
2019-12-07,Z305DH7T,ST4000DM000,4000787030016,0,119.0,203120600.0,93.0,0.0,100.0,7.0,100.0,0.0,87.0,641608256.0,62.0,33504.0,100.0,0.0,100.0,7.0,100.0,0.0,100.0,0.0,100.0,0.0,100.0,0.0,100.0,0.0,69.0,31.0,100.0,0.0,100.0,0.0,97.0,7258.0,31.0,31.0,100.0,0.0,100.0,0.0,200.0,0.0,100.0,33321.0,100.0,48158893528.0,100.0,171533789431.0
2019-12-08,Z305DH7T,ST4000DM000,4000787030016,0,119.0,202482976.0,93.0,0.0,100.0,7.0,100.0,0.0,87.0,642626466.0,62.0,33535.0,100.0,0.0,100.0,7.0,100.0,0.0,100.0,0.0,100.0,0.0,100.0,0.0,100.0,0.0,69.0,31.0,100.0,0.0,100.0,0.0,97.0,7258.0,31.0,31.0,100.0,0.0,100.0,0.0,200.0,0.0,100.0,33353.0,100.0,48177056504.0,100.0,171689778199.0
2019-12-09,Z305DH7T,ST4000DM000,4000787030016,0,111.0,33694416.0,93.0,0.0,100.0,7.0,100.0,0.0,87.0,642917798.0,62.0,33551.0,100.0,0.0,100.0,7.0,100.0,0.0,100.0,0.0,100.0,0.0,100.0,0.0,100.0,0.0,69.0,31.0,100.0,0.0,100.0,0.0,97.0,7258.0,31.0,31.0,100.0,0.0,100.0,0.0,200.0,0.0,100.0,33369.0,100.0,48188428696.0,100.0,171718982912.0
2019-12-10,Z305DH7T,ST4000DM000,4000787030016,0,115.0,89801312.0,93.0,0.0,100.0,7.0,100.0,0.0,87.0,644955772.0,62.0,33583.0,100.0,0.0,100.0,7.0,100.0,0.0,100.0,0.0,100.0,0.0,100.0,0.0,100.0,0.0,69.0,31.0,100.0,0.0,100.0,0.0,97.0,7258.0,31.0,31.0,100.0,0.0,100.0,0.0,200.0,0.0,100.0,33401.0,100.0,48206570568.0,100.0,172013279661.0
2019-12-11,Z305DH7T,ST4000DM000,4000787030016,0,120.0,243892328.0,93.0,0.0,100.0,7.0,100.0,0.0,87.0,645845878.0,62.0,33599.0,100.0,0.0,100.0,7.0,100.0,0.0,100.0,0.0,100.0,0.0,100.0,0.0,100.0,0.0,69.0,31.0,100.0,0.0,100.0,0.0,97.0,7258.0,31.0,31.0,100.0,0.0,100.0,0.0,200.0,0.0,100.0,33416.0,100.0,48215612176.0,100.0,172126021299.0
2019-12-12,Z305DH7T,ST4000DM000,4000787030016,0,113.0,55565888.0,93.0,0.0,100.0,7.0,100.0,0.0,87.0,648324711.0,62.0,33630.0,100.0,0.0,100.0,7.0,100.0,0.0,100.0,0.0,100.0,0.0,100.0,0.0,100.0,0.0,69.0,31.0,100.0,0.0,100.0,0.0,97.0,7258.0,31.0,31.0,100.0,0.0,100.0,0.0,200.0,0.0,100.0,33448.0,100.0,48234326208.0,100.0,172355749326.0
2019-12-13,Z305DH7T,ST4000DM000,4000787030016,0,116.0,106279560.0,93.0,0.0,100.0,7.0,100.0,0.0,87.0,648902520.0,62.0,33646.0,100.0,0.0,100.0,7.0,100.0,0.0,100.0,0.0,100.0,0.0,100.0,0.0,100.0,0.0,69.0,31.0,100.0,0.0,100.0,0.0,97.0,7258.0,31.0,31.0,100.0,0.0,100.0,0.0,200.0,0.0,100.0,33464.0,100.0,48247612088.0,100.0,172422608758.0
2019-12-14,Z305DH7T,ST4000DM000,4000787030016,0,115.0,100077488.0,93.0,0.0,100.0,7.0,100.0,0.0,87.0,651587222.0,62.0,33678.0,100.0,0.0,100.0,7.0,100.0,0.0,100.0,0.0,100.0,0.0,100.0,0.0,100.0,0.0,69.0,31.0,100.0,0.0,100.0,0.0,97.0,7258.0,31.0,31.0,100.0,0.0,100.0,0.0,200.0,0.0,100.0,33495.0,100.0,48263915528.0,100.0,172646515550.0
2019-12-15,Z305DH7T,ST4000DM000,4000787030016,0,118.0,195176232.0,93.0,0.0,100.0,7.0,100.0,0.0,87.0,652774942.0,62.0,33693.0,100.0,0.0,100.0,7.0,100.0,0.0,100.0,0.0,100.0,0.0,100.0,0.0,100.0,0.0,69.0,31.0,100.0,0.0,100.0,0.0,97.0,7258.0,31.0,31.0,100.0,0.0,100.0,0.0,200.0,0.0,100.0,33511.0,100.0,48272696544.0,100.0,172765000626.0
2019-12-16,Z305DH7T,ST4000DM000,4000787030016,0,108.0,17306824.0,93.0,0.0,100.0,7.0,100.0,0.0,87.0,654066088.0,62.0,33725.0,100.0,0.0,100.0,7.0,100.0,0.0,100.0,0.0,100.0,0.0,100.0,0.0,100.0,0.0,69.0,31.0,100.0,0.0,100.0,0.0,97.0,7258.0,31.0,31.0,100.0,0.0,100.0,0.0,200.0,0.0,100.0,33543.0,100.0,48296240608.0,100.0,173025559412.0
2019-12-17,Z305DH7T,ST4000DM000,4000787030016,0,111.0,29555848.0,93.0,0.0,100.0,7.0,100.0,0.0,87.0,654610218.0,62.0,33741.0,100.0,0.0,100.0,7.0,100.0,0.0,100.0,0.0,100.0,0.0,100.0,0.0,100.0,0.0,69.0,31.0,100.0,0.0,100.0,0.0,97.0,7258.0,31.0,31.0,100.0,0.0,100.0,0.0,200.0,0.0,100.0,33558.0,100.0,48305027440.0,100.0,173241639013.0
2019-12-18,Z305DH7T,ST4000DM000,4000787030016,0,114.0,83204408.0,93.0,0.0,100.0,7.0,100.0,0.0,87.0,656131166.0,62.0,33772.0,100.0,0.0,100.0,7.0,100.0,0.0,100.0,0.0,100.0,0.0,100.0,0.0,100.0,0.0,68.0,32.0,100.0,0.0,100.0,0.0,97.0,7258.0,32.0,32.0,100.0,0.0,100.0,0.0,200.0,0.0,100.0,33590.0,100.0,48321083896.0,100.0,173717874506.0
2019-12-19,Z305DH7T,ST4000DM000,4000787030016,0,112.0,42674912.0,93.0,0.0,100.0,7.0,100.0,0.0,87.0,657274851.0,62.0,33788.0,100.0,0.0,100.0,7.0,100.0,0.0,100.0,0.0,100.0,0.0,100.0,0.0,100.0,0.0,69.0,31.0,100.0,0.0,100.0,0.0,97.0,7258.0,31.0,31.0,100.0,0.0,100.0,0.0,200.0,0.0,100.0,33606.0,100.0,48331072392.0,100.0,173897931729.0
2019-12-20,Z305DH7T,ST4000DM000,4000787030016,0,116.0,110932544.0,93.0,0.0,100.0,7.0,100.0,0.0,87.0,659307875.0,62.0,33820.0,100.0,0.0,100.0,7.0,100.0,0.0,100.0,0.0,100.0,0.0,100.0,0.0,100.0,0.0,69.0,31.0,100.0,0.0,100.0,0.0,97.0,7258.0,31.0,31.0,100.0,0.0,100.0,0.0,200.0,0.0,100.0,33638.0,100.0,48352751864.0,100.0,174334718336.0
2019-12-21,Z305DH7T,ST4000DM000,4000787030016,0,119.0,232829456.0,93.0,0.0,100.0,7.0,100.0,0.0,87.0,661044720.0,62.0,33836.0,100.0,0.0,100.0,7.0,100.0,0.0,100.0,0.0,100.0,0.0,100.0,0.0,100.0,0.0,69.0,31.0,100.0,0.0,100.0,0.0,97.0,7258.0,31.0,31.0,100.0,0.0,100.0,0.0,200.0,0.0,100.0,33654.0,100.0,48365378808.0,100.0,174467020193.0
2019-12-22,Z305DH7T,ST4000DM000,4000787030016,0,116.0,110033384.0,93.0,0.0,100.0,7.0,100.0,0.0,87.0,662522722.0,62.0,33868.0,100.0,0.0,100.0,7.0,100.0,0.0,100.0,0.0,100.0,0.0,100.0,0.0,100.0,0.0,69.0,31.0,100.0,0.0,100.0,0.0,97.0,7258.0,31.0,31.0,100.0,0.0,100.0,0.0,200.0,0.0,100.0,33685.0,100.0,48386169544.0,100.0,174700944841.0
2019-12-23,Z305DH7T,ST4000DM000,4000787030016,0,120.0,924024.0,93.0,0.0,100.0,7.0,100.0,0.0,87.0,663260746.0,62.0,33884.0,100.0,0.0,100.0,7.0,100.0,0.0,100.0,0.0,100.0,0.0,100.0,0.0,100.0,0.0,68.0,32.0,100.0,0.0,100.0,0.0,97.0,7258.0,32.0,32.0,100.0,0.0,100.0,0.0,200.0,0.0,100.0,33701.0,100.0,48391347632.0,100.0,174837972307.0
2019-12-24,Z305DH7T,ST4000DM000,4000787030016,0,115.0,85050408.0,93.0,0.0,100.0,7.0,100.0,0.0,87.0,665474141.0,62.0,33916.0,100.0,0.0,100.0,7.0,100.0,0.0,100.0,0.0,100.0,0.0,100.0,0.0,100.0,0.0,69.0,31.0,100.0,0.0,100.0,0.0,97.0,7258.0,31.0,31.0,100.0,0.0,100.0,0.0,200.0,0.0,100.0,33733.0,100.0,48422128520.0,100.0,175184242393.0
2019-12-25,Z305DH7T,ST4000DM000,4000787030016,0,117.0,143844376.0,93.0,0.0,100.0,7.0,100.0,0.0,87.0,669087432.0,62.0,33947.0,100.0,0.0,100.0,7.0,100.0,0.0,100.0,0.0,100.0,0.0,100.0,0.0,100.0,0.0,69.0,31.0,100.0,0.0,100.0,0.0,97.0,7258.0,31.0,31.0,100.0,0.0,100.0,0.0,200.0,0.0,100.0,33765.0,100.0,48447769768.0,100.0,175491830404.0
2019-12-26,Z305DH7T,ST4000DM000,4000787030016,0,108.0,20405064.0,93.0,0.0,100.0,7.0,100.0,0.0,87.0,669890798.0,62.0,33963.0,100.0,0.0,100.0,7.0,100.0,0.0,100.0,0.0,100.0,0.0,100.0,0.0,100.0,0.0,69.0,31.0,100.0,0.0,100.0,0.0,97.0,7258.0,31.0,31.0,100.0,0.0,100.0,0.0,200.0,0.0,100.0,33781.0,100.0,48454226016.0,100.0,175625083262.0
2019-12-27,Z305DH7T,ST4000DM000,4000787030016,0,117.0,157389576.0,93.0,0.0,100.0,7.0,100.0,0.0,88.0,671822749.0,62.0,33995.0,100.0,0.0,100.0,7.0,100.0,0.0,100.0,0.0,100.0,0.0,100.0,0.0,100.0,0.0,69.0,31.0,100.0,0.0,100.0,0.0,97.0,7258.0,31.0,31.0,100.0,0.0,100.0,0.0,200.0,0.0,100.0,33812.0,100.0,48475424496.0,100.0,175893886460.0
2019-12-28,Z305DH7T,ST4000DM000,4000787030016,0,116.0,117352984.0,93.0,0.0,100.0,7.0,100.0,0.0,88.0,673114626.0,62.0,34011.0,100.0,0.0,100.0,7.0,100.0,0.0,100.0,0.0,100.0,0.0,100.0,0.0,100.0,0.0,69.0,31.0,100.0,0.0,100.0,0.0,97.0,7258.0,31.0,31.0,100.0,0.0,100.0,0.0,200.0,0.0,100.0,33828.0,100.0,48485396040.0,100.0,175949928925.0
2019-12-29,Z305DH7T,ST4000DM000,4000787030016,0,118.0,181393568.0,93.0,0.0,100.0,7.0,100.0,0.0,88.0,674098007.0,62.0,34042.0,100.0,0.0,100.0,7.0,100.0,0.0,100.0,0.0,100.0,0.0,100.0,0.0,100.0,0.0,69.0,31.0,100.0,0.0,100.0,0.0,97.0,7258.0,31.0,31.0,100.0,0.0,100.0,0.0,200.0,0.0,100.0,33860.0,100.0,48503977136.0,100.0,176071529494.0
2019-12-30,Z305DH7T,ST4000DM000,4000787030016,0,117.0,146421920.0,93.0,0.0,100.0,7.0,100.0,0.0,88.0,675026540.0,62.0,34058.0,100.0,0.0,100.0,7.0,100.0,0.0,100.0,0.0,100.0,0.0,100.0,0.0,100.0,0.0,69.0,31.0,100.0,0.0,100.0,0.0,97.0,7258.0,31.0,31.0,100.0,0.0,100.0,0.0,200.0,0.0,100.0,33875.0,100.0,48512976832.0,100.0,176200767096.0
2019-12-31,Z305DH7T,ST4000DM000,4000787030016,0,119.0,209806336.0,93.0,0.0,100.0,7.0,100.0,0.0,88.0,677024199.0,62.0,34090.0,100.0,0.0,100.0,7.0,100.0,0.0,100.0,0.0,100.0,0.0,100.0,0.0,100.0,0.0,69.0,31.0,100.0,0.0,100.0,0.0,97.0,7258.0,31.0,31.0,100.0,0.0,100.0,0.0,200.0,0.0,100.0,33907.0,100.0,48535754960.0,100.0,176489477970.0
