2019-01-01,Z305GNBQ,ST4000DM000,4000787030016,0,119,208738368,97.0,0.0,100.0,3.0,100.0,0.0,84.0,262648733.0,71,25997,100.0,0.0,100,3,98.0,2.0,100.0,0.0,100.0,0.0,100.0,0.0,100.0,0.0,78.0,22.0,100.0,0.0,100.0,0.0,96.0,8622.0,22,22,100.0,0.0,100.0,0.0,200.0,0.0,100.0,25912.0,100.0,45145463976.0,100.0,101727837100.0
2019-01-02,Z305GNBQ,ST4000DM000,4000787030016,0,115,89589512,97.0,0.0,100.0,3.0,100.0,0.0,84.0,263798937.0,71,26021,100.0,0.0,100,3,98.0,2.0,100.0,0.0,100.0,0.0,100.0,0.0,100.0,0.0,79.0,21.0,100.0,0.0,100.0,0.0,96.0,8622.0,21,21,100.0,0.0,100.0,0.0,200.0,0.0,100.0,25936.0,100.0,45161701736.0,100.0,101836744523.0
2019-01-03,Z305GNBQ,ST4000DM000,4000787030016,0,115.0,85687632.0,97.0,0.0,100.0,3.0,100.0,0.0,84.0,265052738.0,71.0,26045.0,100.0,0.0,100.0,3.0,98.0,2.0,100.0,0.0,100.0,0.0,100.0,0.0,100.0,0.0,78.0,22.0,100.0,0.0,100.0,0.0,96.0,8622.0,22.0,22.0,100.0,0.0,100.0,0.0,200.0,0.0,100.0,25960.0,100.0,45179210544.0,100.0,101989989317.0
2019-01-04,Z305GNBQ,ST4000DM000,4000787030016,0,112,50178640,97.0,0.0,100.0,3.0,100.0,0.0,84.0,265950408.0,71,26069,100.0,0.0,100,3,98.0,2.0,100.0,0.0,100.0,0.0,100.0,0.0,100.0,0.0,77.0,23.0,100.0,0.0,100.0,0.0,96.0,8622.0,23,23,100.0,0.0,100.0,0.0,200.0,0.0,100.0,25984.0,100.0,45190275744.0,100.0,102078994459.0
2019-01-05,Z305GNBQ,ST4000DM000,4000787030016,0,117,142448640,97.0,0.0,100.0,3.0,100.0,0.0,84.0,267728748.0,71,26093,100.0,0.0,100,3,98.0,2.0,100.0,0.0,100.0,0.0,100.0,0.0,100.0,0.0,77.0,23.0,100.0,0.0,100.0,0.0,96.0,8622.0,23,23,100.0,0.0,100.0,0.0,200.0,0.0,100.0,26008.0,100.0,45209770016.0,100.0,102174200492.0
2019-01-06,Z305GNBQ,ST4000DM000,4000787030016,0,117,132169616,97.0,0.0,100.0,3.0,100.0,0.0,84.0,268558442.0,71,26117,100.0,0.0,100,3,98.0,2.0,100.0,0.0,100.0,0.0,100.0,0.0,100.0,0.0,77.0,23.0,100.0,0.0,100.0,0.0,96.0,8622.0,23,23,100.0,0.0,100.0,0.0,200.0,0.0,100.0,26032.0,100.0,45231332280.0,100.0,102245751610.0
2019-01-07,Z305GNBQ,ST4000DM000,4000787030016,0,116,117074728,97.0,0.0,100.0,3.0,100.0,0.0,84.0,270282208.0,71,26141,100.0,0.0,100,3,98.0,2.0,100.0,0.0,100.0,0.0,100.0,0.0,100.0,0.0,77.0,23.0,100.0,0.0,100.0,0.0,96.0,8622.0,23,23,100.0,0.0,100.0,0.0,200.0,0.0,100.0,26056.0,100.0,45252274664.0,100.0,102328311624.0
2019-01-08,Z305GNBQ,ST4000DM000,4000787030016,0,117,130081160,97.0,0.0,100.0,3.0,100.0,0.0,84.0,270927414.0,71,26165,100.0,0.0,100,3,98.0,2.0,100.0,0.0,100.0,0.0,100.0,0.0,100.0,0.0,78.0,22.0,100.0,0.0,100.0,0.0,96.0,8622.0,22,22,100.0,0.0,100.0,0.0,200.0,0.0,100.0,26080.0,100.0,45276348888.0,100.0,102378921564.0
2019-01-09,Z305GNBQ,ST4000DM000,4000787030016,0,106,12076216,97.0,0.0,100.0,3.0,100.0,0.0,84.0,271727250.0,71,26189,100.0,0.0,100,3,98.0,2.0,100.0,0.0,100.0,0.0,100.0,0.0,100.0,0.0,77.0,23.0,100.0,0.0,100.0,0.0,96.0,8622.0,23,23,100.0,0.0,100.0,0.0,200.0,0.0,100.0,26103.0,100.0,45298560088.0,100.0,102446336509.0
2019-01-10,Z305GNBQ,ST4000DM000,4000787030016,0,117,152263744,97.0,0.0,100.0,3.0,100.0,0.0,84.0,272150845.0,71,26207,100.0,0.0,100,3,98.0,2.0,100.0,0.0,100.0,0.0,100.0,0.0,100.0,0.0,78.0,22.0,100.0,0.0,100.0,0.0,96.0,8622.0,22,22,100.0,0.0,100.0,0.0,200.0,0.0,100.0,26122.0,100.0,45312932208.0,100.0,102483401457.0
2019-01-11,Z305GNBQ,ST4000DM000,4000787030016,0,100.0,3098200.0,97.0,0.0,100.0,3.0,100.0,0.0,84.0,272819904.0,71.0,26224.0,100.0,0.0,100.0,3.0,98.0,2.0,100.0,0.0,100.0,0.0,100.0,0.0,100.0,0.0,76.0,24.0,100.0,0.0,100.0,0.0,96.0,8626.0,24.0,24.0,100.0,0.0,100.0,0.0,200.0,0.0,100.0,26139.0,100.0,45324995640.0,100.0,102553413978.0
2019-01-12,Z305GNBQ,ST4000DM000,4000787030016,0,119,232640384,97.0,0.0,100.0,3.0,100.0,0.0,84.0,275470236.0,71,26248,100.0,0.0,100,3,98.0,2.0,100.0,0.0,100.0,0.0,100.0,0.0,100.0,0.0,77.0,23.0,100.0,0.0,100.0,0.0,96.0,8626.0,23,23,100.0,0.0,100.0,0.0,200.0,0.0,100.0,26163.0,100.0,45346919272.0,100.0,102700782075.0
2019-01-13,Z305GNBQ,ST4000DM000,4000787030016,0,120,235693544,97.0,0.0,100.0,3.0,100.0,0.0,84.0,276875135.0,71,26272,100.0,0.0,100,3,98.0,2.0,100.0,0.0,100.0,0.0,100.0,0.0,100.0,0.0,76.0,24.0,100.0,0.0,100.0,0.0,96.0,8626.0,24,24,100.0,0.0,100.0,0.0,200.0,0.0,100.0,26187.0,100.0,45364627392.0,100.0,102807198335.0
2019-01-14,Z305GNBQ,ST4000DM000,4000787030016,0,119,224593000,97.0,0.0,100.0,3.0,100.0,0.0,84.0,277853780.0,70,26296,100.0,0.0,100,3,98.0,2.0,100.0,0.0,100.0,0.0,100.0,0.0,100.0,0.0,76.0,24.0,100.0,0.0,100.0,0.0,96.0,8626.0,24,24,100.0,0.0,100.0,0.0,200.0,0.0,100.0,26211.0,100.0,45387580080.0,100.0,102931689217.0
2019-01-15,Z305GNBQ,ST4000DM000,4000787030016,0,118.0,194623336.0,97.0,0.0,100.0,3.0,100.0,0.0,84.0,280138956.0,70.0,26334.0,100.0,0.0,100.0,3.0,98.0,2.0,100.0,0.0,100.0,0.0,100.0,0.0,100.0,0.0,77.0,23.0,100.0,0.0,100.0,0.0,96.0,8627.0,23.0,23.0,100.0,0.0,100.0,0.0,200.0,0.0,100.0,26248.0,100.0,45428787264.0,100.0,103082544728.0
2019-01-16,Z305GNBQ,ST4000DM000,4000787030016,0,111,40868424,97.0,0.0,100.0,3.0,100.0,0.0,84.0,280995583.0,70,26358,100.0,0.0,100,3,98.0,2.0,100.0,0.0,100.0,0.0,100.0,0.0,100.0,0.0,77.0,23.0,100.0,0.0,100,0,96.0,8627.0,23,23,100.0,0.0,100.0,0.0,200.0,0.0,100.0,26272.0,100.0,45441724168.0,100.0,103161614235.0
2019-01-17,Z305GNBQ,ST4000DM000,4000787030016,0,113,58244216,97.0,0.0,100.0,3.0,100.0,0.0,84.0,282243855.0,70,26382,100.0,0.0,100,3,98.0,2.0,100.0,0.0,100.0,0.0,100.0,0.0,100.0,0.0,77.0,23.0,100.0,0.0,100,0,96.0,8627.0,23,23,100.0,0.0,100.0,0.0,200.0,0.0,100.0,26296.0,100.0,45459131248.0,100.0,103265651199.0
2019-01-18,Z305GNBQ,ST4000DM000,4000787030016,0,111,35096416,97.0,0.0,100.0,3.0,100.0,0.0,84.0,283520689.0,70,26406,100.0,0.0,100,3,98.0,2.0,100.0,0.0,100.0,0.0,100.0,0.0,100.0,0.0,77.0,23.0,100.0,0.0,100,0,96.0,8627.0,23,23,100.0,0.0,100.0,0.0,200.0,0.0,100.0,26320.0,100.0,45476399704.0,100.0,103350736082.0
2019-01-19,Z305GNBQ,ST4000DM000,4000787030016,0,118,176829672,97.0,0.0,100.0,3.0,100.0,0.0,84.0,285139022.0,70,26430,100.0,0.0,100,3,98.0,2.0,100.0,0.0,100.0,0.0,100.0,0.0,100.0,0.0,78.0,22.0,100.0,0.0,100,0,96.0,8627.0,22,22,100.0,0.0,100.0,0.0,200.0,0.0,100.0,26344.0,100.0,45498711096.0,100.0,103448740236.0
2019-01-20,Z305GNBQ,ST4000DM000,4000787030016,0,119,223292512,97.0,0.0,100.0,3.0,100.0,0.0,84.0,285940960.0,70,26454,100.0,0.0,100,3,98.0,2.0,100.0,0.0,100.0,0.0,100.0,0.0,100.0,0.0,77.0,23.0,100.0,0.0,100,0,96.0,8627.0,23,23,100.0,0.0,100.0,0.0,200.0,0.0,100.0,26368.0,100.0,45517647848.0,100.0,103575337352.0
2019-01-21,Z305GNBQ,ST4000DM000,4000787030016,0,114,77875776,97.0,0.0,100.0,3.0,100.0,0.0,84.0,287356482.0,70,26477,100.0,0.0,100,3,98.0,2.0,100.0,0.0,100.0,0.0,100.0,0.0,100.0,0.0,77.0,23.0,100.0,0.0,100,0,96.0,8627.0,23,23,100.0,0.0,100.0,0.0,200.0,0.0,100.0,26392.0,100.0,45533236136.0,100.0,103640818395.0
2019-01-22,Z305GNBQ,ST4000DM000,4000787030016,0,111.0,38905992.0,97.0,0.0,100.0,3.0,100.0,0.0,84.0,289086114.0,70.0,26501.0,100.0,0.0,100.0,3.0,98.0,2.0,100.0,0.0,100.0,0.0,100.0,0.0,100.0,0.0,77.0,23.0,100.0,0.0,100.0,0.0,96.0,8627.0,23.0,23.0,100.0,0.0,100.0,0.0,200.0,0.0,100.0,26416.0,100.0,45550401200.0,100.0,103789576389.0
2019-01-23,Z305GNBQ,ST4000DM000,4000787030016,0,119.0,231777168.0,97.0,0.0,100.0,3.0,100.0,0.0,84.0,289393498.0,70.0,26513.0,100.0,0.0,100.0,3.0,98.0,2.0,100.0,0.0,100.0,0.0,100.0,0.0,100.0,0.0,76.0,24.0,100.0,0.0,100.0,0.0,96.0,8627.0,24.0,24.0,100.0,0.0,100.0,0.0,200.0,0.0,100.0,26428.0,100.0,45557259824.0,100.0,103859785996.0
2019-01-24,Z305GNBQ,ST4000DM000,4000787030016,0,119.0,228992232.0,97.0,0.0,100.0,3.0,100.0,0.0,84.0,290280347.0,70.0,26537.0,100.0,0.0,100.0,3.0,98.0,2.0,100.0,0.0,100.0,0.0,100.0,0.0,100.0,0.0,76.0,24.0,100.0,0.0,100.0,0.0,96.0,8627.0,24.0,24.0,100.0,0.0,100.0,0.0,200.0,0.0,100.0,26452.0,100.0,45578862656.0,100.0,104009540121.0
2019-01-25,Z305GNBQ,ST4000DM000,4000787030016,0,119,204270392,97.0,0.0,100.0,3.0,100.0,0.0,84.0,290960638.0,70,26561,100.0,0.0,100,3,98.0,2.0,100.0,0.0,100.0,0.0,100.0,0.0,100.0,0.0,76.0,24.0,100.0,0.0,100,0,96.0,8627.0,24,24,100.0,0.0,100.0,0.0,200.0,0.0,100.0,26476.0,100.0,45594994368.0,100.0,104186154962.0
2019-01-26,Z305GNBQ,ST4000DM000,4000787030016,0,118,190955240,97.0,0.0,100.0,3.0,100.0,0.0,84.0,292573457.0,70,26585,100.0,0.0,100,3,98.0,2.0,100.0,0.0,100.0,0.0,100.0,0.0,100.0,0.0,77.0,23.0,100.0,0.0,100,0,96.0,8627.0,23,23,100.0,0.0,100.0,0.0,200.0,0.0,100.0,26500.0,100.0,45613168216.0,100.0,104354893296.0
2019-01-27,Z305GNBQ,ST4000DM000,4000787030016,0,110,28828928,97.0,0.0,100.0,3.0,100.0,0.0,84.0,293168613.0,70,26609,100.0,0.0,100,3,98.0,2.0,100.0,0.0,100.0,0.0,100.0,0.0,100.0,0.0,78.0,22.0,100.0,0.0,100,0,96.0,8627.0,22,22,100.0,0.0,100.0,0.0,200.0,0.0,100.0,26524.0,100.0,45632857376.0,100.0,104521457879.0
2019-01-28,Z305GNBQ,ST4000DM000,4000787030016,0,105,9337528,97.0,0.0,100.0,3.0,100.0,0.0,84.0,293732755.0,70,26633,100.0,0.0,100,3,98.0,2.0,100.0,0.0,100.0,0.0,100.0,0.0,100.0,0.0,77.0,23.0,100.0,0.0,100,0,96.0,8627.0,23,23,100.0,0.0,100.0,0.0,200.0,0.0,100.0,26548.0,100.0,45654867000.0,100.0,104692346897.0
2019-01-29,Z305GNBQ,ST4000DM000,4000787030016,0,114,81359432,97.0,0.0,100.0,3.0,100.0,0.0,84.0,295238605.0,70,26657,100.0,0.0,100,3,98.0,2.0,100.0,0.0,100.0,0.0,100.0,0.0,100.0,0.0,77.0,23.0,100.0,0.0,100,0,96.0,8627.0,23,23,100.0,0.0,100.0,0.0,200.0,0.0,100.0,26572.0,100.0,45679127064.0,100.0,104834809081.0
2019-01-30,Z305GNBQ,ST4000DM000,4000787030016,0,119,206551968,97.0,0.0,100.0,3.0,100.0,0.0,84.0,295979424.0,70,26681,100.0,0.0,100,3,98.0,2.0,100.0,0.0,100.0,0.0,100.0,0.0,100.0,0.0,77.0,23.0,100.0,0.0,100,0,96.0,8627.0,23,23,100.0,0.0,100.0,0.0,200.0,0.0,100.0,26596.0,100.0,45702172104.0,100.0,105002488258.0
2019-01-31,Z305GNBQ,ST4000DM000,4000787030016,0,114,59904720,97.0,0.0,100.0,3.0,100.0,0.0,84.0,297682753.0,70,26717,100.0,0.0,100,3,98.0,2.0,100.0,0.0,100.0,0.0,100.0,0.0,100.0,0.0,78.0,22.0,100.0,0.0,100,0,96.0,8627.0,22,22,100.0,0.0,100.0,0.0,200.0,0.0,100.0,26631.0,100.0,45738379416.0,100.0,105253328066.0
2019-02-01,Z305GNBQ,ST4000DM000,4000787030016,0,109,24956512,97.0,0.0,100.0,3.0,100.0,0.0,84.0,298574771.0,70,26741,100.0,0.0,100,3,98.0,2.0,100.0,0.0,100.0,0.0,100.0,0.0,100.0,0.0,77.0,23.0,100.0,0.0,100,0,96.0,8627.0,23,23,100.0,0.0,100.0,0.0,200.0,0.0,100.0,26655.0,100.0,45749112640.0,100.0,105389230160.0
2019-02-02,Z305GNBQ,ST4000DM000,4000787030016,0,112.0,44028120.0,97.0,0.0,100.0,3.0,100.0,0.0,84.0,301162321.0,70.0,26765.0,100.0,0.0,100.0,3.0,98.0,2.0,100.0,0.0,100.0,0.0,100.0,0.0,100.0,0.0,77.0,23.0,100.0,0.0,100.0,0.0,96.0,8627.0,23.0,23.0,100.0,0.0,100.0,0.0,200.0,0.0,100.0,26679.0,100.0,45766994392.0,100.0,105591571265.0
2019-02-03,Z305GNBQ,ST4000DM000,4000787030016,0,118,2379856,97.0,0.0,100.0,3.0,100.0,0.0,84.0,303482233.0,70,26789,100.0,0.0,100,3,98.0,2.0,100.0,0.0,100.0,0.0,100.0,0.0,100.0,0.0,77.0,23.0,100.0,0.0,100,0,96.0,8627.0,23,23,100.0,0.0,100.0,0.0,200.0,0.0,100.0,26703.0,100.0,45781152512.0,100.0,105797605091.0
2019-02-04,Z305GNBQ,ST4000DM000,4000787030016,0,117,143010744,97.0,0.0,100.0,3.0,100.0,0.0,84.0,305913128.0,70,26813,100.0,0.0,100,3,98.0,2.0,100.0,0.0,100.0,0.0,100.0,0.0,100.0,0.0,77.0,23.0,100.0,0.0,100,0,96.0,8627.0,23,23,100.0,0.0,100.0,0.0,200.0,0.0,100.0,26727.0,100.0,45799673864.0,100.0,105951072151.0
2019-02-05,Z305GNBQ,ST4000DM000,4000787030016,0,114.0,67632920.0,97.0,0.0,100.0,3.0,100.0,0.0,84.0,307007134.0,70.0,26836.0,100.0,0.0,100.0,3.0,98.0,2.0,100.0,0.0,100.0,0.0,100.0,0.0,100.0,0.0,77.0,23.0,100.0,0.0,100.0,0.0,96.0,8627.0,23.0,23.0,100.0,0.0,100.0,0.0,200.0,0.0,100.0,26751.0,100.0,45820979632.0,100.0,106106894077.0
2019-02-06,Z305GNBQ,ST4000DM000,4000787030016,0,117,165706352,97.0,0.0,100.0,3.0,100.0,0.0,84.0,307925375.0,70,26860,100.0,0.0,100,3,98.0,2.0,100.0,0.0,100.0,0.0,100.0,0.0,100.0,0.0,77.0,23.0,100.0,0.0,100,0,96.0,8627.0,23,23,100.0,0.0,100.0,0.0,200.0,0.0,100.0,26775.0,100.0,45836026056.0,100.0,106241970036.0
2019-02-07,Z305GNBQ,ST4000DM000,4000787030016,0,113.0,57915288.0,97.0,0.0,100.0,3.0,100.0,0.0,84.0,308865286.0,70.0,26884.0,100.0,0.0,100.0,3.0,98.0,2.0,100.0,0.0,100.0,0.0,100.0,0.0,100.0,0.0,77.0,23.0,100.0,0.0,100.0,0.0,96.0,8627.0,23.0,23.0,100.0,0.0,100.0,0.0,200.0,0.0,100.0,26799.0,100.0,45854031848.0,100.0,106379960142.0
2019-02-08,Z305GNBQ,ST4000DM000,4000787030016,0,111,32318208,97.0,0.0,100.0,3.0,100.0,0.0,84.0,309766992.0,70,26908,100.0,0.0,100,3,98.0,2.0,100.0,0.0,100.0,0.0,100.0,0.0,100.0,0.0,77.0,23.0,100.0,0.0,100,0,96.0,8627.0,23,23,100.0,0.0,100.0,0.0,200.0,0.0,100.0,26823.0,100.0,45868350752.0,100.0,106501701295.0
2019-02-09,Z305GNBQ,ST4000DM000,4000787030016,0,114.0,68654656.0,97.0,0.0,100.0,3.0,100.0,0.0,84.0,311916626.0,70.0,26932.0,100.0,0.0,100.0,3.0,98.0,2.0,100.0,0.0,100.0,0.0,100.0,0.0,100.0,0.0,76.0,24.0,100.0,0.0,100.0,0.0,96.0,8627.0,24.0,24.0,100.0,0.0,100.0,0.0,200.0,0.0,100.0,26846.0,100.0,45885677344.0,100.0,106664403763.0
2019-02-10,Z305GNBQ,ST4000DM000,4000787030016,0,117,148008216,97.0,0.0,100.0,3.0,100.0,0.0,84.0,313101879.0,70,26956,100.0,0.0,100,3,98.0,2.0,100.0,0.0,100.0,0.0,100.0,0.0,100.0,0.0,76.0,24.0,100.0,0.0,100,0,96.0,8627.0,24,24,100.0,0.0,100.0,0.0,200.0,0.0,100.0,26870.0,100.0,45901542336.0,100.0,106823546226.0
2019-02-11,Z305GNBQ,ST4000DM000,4000787030016,0,119,201484200,97.0,0.0,100.0,3.0,100.0,0.0,84.0,314958275.0,70,26980,100.0,0.0,100,3,98.0,2.0,100.0,0.0,100.0,0.0,100.0,0.0,100.0,0.0,76.0,24.0,100.0,0.0,100,0,96.0,8627.0,24,24,100.0,0.0,100.0,0.0,200.0,0.0,100.0,26894.0,100.0,45920368480.0,100.0,106942657837.0
2019-02-12,Z305GNBQ,ST4000DM000,4000787030016,0,120.0,242529344.0,97.0,0.0,100.0,3.0,100.0,0.0,84.0,315971968.0,70.0,27004.0,100.0,0.0,100.0,3.0,98.0,2.0,100.0,0.0,100.0,0.0,100.0,0.0,100.0,0.0,77.0,23.0,100.0,0.0,100.0,0.0,96.0,8627.0,23.0,23.0,100.0,0.0,100.0,0.0,200.0,0.0,100.0,26918.0,100.0,45938106208.0,100.0,107059061026.0
2019-02-13,Z305GNBQ,ST4000DM000,4000787030016,0,117,135981792,97.0,0.0,100.0,3.0,100.0,0.0,84.0,316401144.0,70,27028,100.0,0.0,100,3,98.0,2.0,100.0,0.0,100.0,0.0,100.0,0.0,100.0,0.0,78.0,22.0,100.0,0.0,100,0,96.0,8627.0,22,22,100.0,0.0,100.0,0.0,200.0,0.0,100.0,26942.0,100.0,45951277944.0,100.0,107087362070.0
2019-02-14,Z305GNBQ,ST4000DM000,4000787030016,0,117,153114448,97.0,0.0,100.0,3.0,100.0,0.0,84.0,317093760.0,70,27052,100.0,0.0,100,3,98.0,2.0,100.0,0.0,100.0,0.0,100.0,0.0,100.0,0.0,78.0,22.0,100.0,0.0,100,0,96.0,8627.0,22,22,100.0,0.0,100.0,0.0,200.0,0.0,100.0,26966.0,100.0,45969871064.0,100.0,107170355584.0
2019-02-15,Z305GNBQ,ST4000DM000,4000787030016,0,119.0,226485000.0,97.0,0.0,100.0,3.0,100.0,0.0,84.0,318167132.0,70.0,27076.0,100.0,0.0,100.0,3.0,98.0,2.0,100.0,0.0,100.0,0.0,100.0,0.0,100.0,0.0,76.0,24.0,100.0,0.0,100.0,0.0,96.0,8627.0,24.0,24.0,100.0,0.0,100.0,0.0,200.0,0.0,100.0,26990.0,100.0,45986558704.0,100.0,107309083458.0
2019-02-16,Z305GNBQ,ST4000DM000,4000787030016,0,102.0,4410248.0,97.0,0.0,100.0,3.0,100.0,0.0,84.0,321650105.0,70.0,27100.0,100.0,0.0,100.0,3.0,98.0,2.0,100.0,0.0,100.0,0.0,100.0,0.0,100.0,0.0,77.0,23.0,100.0,0.0,100.0,0.0,96.0,8627.0,23.0,23.0,100.0,0.0,100.0,0.0,200.0,0.0,100.0,27014.0,100.0,46007041144.0,100.0,107501880291.0
2019-02-17,Z305GNBQ,ST4000DM000,4000787030016,0,118,194016248,97.0,0.0,100.0,3.0,100.0,0.0,84.0,322640823.0,70,27124,100.0,0.0,100,3,98.0,2.0,100.0,0.0,100.0,0.0,100.0,0.0,100.0,0.0,77.0,23.0,100.0,0.0,100,0,96.0,8627.0,23,23,100.0,0.0,100.0,0.0,200.0,0.0,100.0,27038.0,100.0,46019470928.0,100.0,107628851501.0
2019-02-18,Z305GNBQ,ST4000DM000,4000787030016,0,115,86837280,97.0,0.0,100.0,3.0,100.0,0.0,84.0,324375822.0,70,27148,100.0,0.0,100,3,98.0,2.0,100.0,0.0,100.0,0.0,100.0,0.0,100.0,0.0,75.0,25.0,100.0,0.0,100,0,96.0,8627.0,25,25,100.0,0.0,100.0,0.0,200.0,0.0,100.0,27062.0,100.0,46037418616.0,100.0,107723890891.0
2019-02-19,Z305GNBQ,ST4000DM000,4000787030016,0,118,193530544,97.0,0.0,100.0,3.0,100.0,0.0,84.0,325258538.0,69,27172,100.0,0.0,100,3,98.0,2.0,100.0,0.0,100.0,0.0,100.0,0.0,100.0,0.0,76.0,24.0,100.0,0.0,100,0,96.0,8627.0,24,24,100.0,0.0,100.0,0.0,200.0,0.0,100.0,27086.0,100.0,46051297024.0,100.0,107826686671.0
2019-02-20,Z305GNBQ,ST4000DM000,4000787030016,0,118.0,192447632.0,97.0,0.0,100.0,3.0,100.0,0.0,84.0,326010463.0,69.0,27196.0,100.0,0.0,100.0,3.0,98.0,2.0,100.0,0.0,100.0,0.0,100.0,0.0,100.0,0.0,76.0,24.0,100.0,0.0,100.0,0.0,96.0,8627.0,24.0,24.0,100.0,0.0,100.0,0.0,200.0,0.0,100.0,27110.0,100.0,46074496936.0,100.0,107904461289.0
2019-02-21,Z305GNBQ,ST4000DM000,4000787030016,0,118,194650848,97.0,0.0,100.0,3.0,100.0,0.0,84.0,326503223.0,69,27207,100.0,0.0,100,3,98.0,2.0,100.0,0.0,100.0,0.0,100.0,0.0,100.0,0.0,76.0,24.0,100.0,0.0,100,0,96.0,8627.0,24,24,100.0,0.0,100.0,0.0,200.0,0.0,100.0,27122.0,100.0,46079792352.0,100.0,107963333016.0
2019-02-22,Z305GNBQ,ST4000DM000,4000787030016,0,106,12202624,97.0,0.0,100.0,3.0,100.0,0.0,84.0,327326853.0,69,27231,100.0,0.0,100,3,98.0,2.0,100.0,0.0,100.0,0.0,100.0,0.0,100.0,0.0,75.0,25.0,100.0,0.0,100,0,96.0,8627.0,25,25,100.0,0.0,100.0,0.0,200.0,0.0,100.0,27146.0,100.0,46089823176.0,100.0,108065762154.0
2019-02-23,Z305GNBQ,ST4000DM000,4000787030016,0,118.0,172835696.0,97.0,0.0,100.0,3.0,100.0,0.0,84.0,329320419.0,69.0,27255.0,100.0,0.0,100.0,3.0,98.0,2.0,100.0,0.0,100.0,0.0,100.0,0.0,100.0,0.0,75.0,25.0,100.0,0.0,100.0,0.0,96.0,8627.0,25.0,25.0,100.0,0.0,100.0,0.0,200.0,0.0,100.0,27170.0,100.0,46106737896.0,100.0,108214394516.0
2019-02-24,Z305GNBQ,ST4000DM000,4000787030016,0,119,206454744,97.0,0.0,100.0,3.0,100.0,0.0,84.0,330126217.0,69,27279,100.0,0.0,100,3,98.0,2.0,100.0,0.0,100.0,0.0,100.0,0.0,100.0,0.0,76.0,24.0,100.0,0.0,100,0,96.0,8627.0,24,24,100.0,0.0,100.0,0.0,200.0,0.0,100.0,27194.0,100.0,46118311392.0,100.0,108304981619.0
2019-02-25,Z305GNBQ,ST4000DM000,4000787030016,0,99,2552600,97.0,0.0,100.0,3.0,100.0,0.0,84.0,330848795.0,69,27303,100.0,0.0,100,3,98.0,2.0,100.0,0.0,100.0,0.0,100.0,0.0,100.0,0.0,76.0,24.0,100.0,0.0,100,0,96.0,8627.0,24,24,100.0,0.0,100.0,0.0,200.0,0.0,100.0,27218.0,100.0,46132373528.0,100.0,108371791115.0
2019-02-26,Z305GNBQ,ST4000DM000,4000787030016,0,114,74336488,97.0,0.0,100.0,3.0,100.0,0.0,84.0,332566391.0,69,27327,100.0,0.0,100,3,98.0,2.0,100.0,0.0,100.0,0.0,100.0,0.0,100.0,0.0,77.0,23.0,100.0,0.0,100,0,96.0,8627.0,23,23,100.0,0.0,100.0,0.0,200.0,0.0,100.0,27242.0,100.0,46147113616.0,100.0,108470387297.0
2019-02-27,Z305GNBQ,ST4000DM000,4000787030016,0,114.0,77882592.0,97.0,0.0,100.0,3.0,100.0,0.0,84.0,335004405.0,69.0,27351.0,100.0,0.0,100.0,3.0,98.0,2.0,100.0,0.0,100.0,0.0,100.0,0.0,100.0,0.0,77.0,23.0,100.0,0.0,100.0,0.0,96.0,8627.0,23.0,23.0,100.0,0.0,100.0,0.0,200.0,0.0,100.0,27266.0,100.0,46167567288.0,100.0,108621719881.0
2019-02-28,Z305GNBQ,ST4000DM000,4000787030016,0,116,115331944,97.0,0.0,100.0,3.0,100.0,0.0,85.0,335969686.0,69,27375,100.0,0.0,100,3,98.0,2.0,100.0,0.0,100.0,0.0,100.0,0.0,100.0,0.0,77.0,23.0,100.0,0.0,100,0,96.0,8627.0,23,23,100.0,0.0,100.0,0.0,200.0,0.0,100.0,27290.0,100.0,46184916880.0,100.0,108720501358.0
2019-03-01,Z305GNBQ,ST4000DM000,4000787030016,0,115.0,100421256.0,97.0,0.0,100.0,3.0,100.0,0.0,85.0,336813215.0,69.0,27399.0,100.0,0.0,100.0,3.0,98.0,2.0,100.0,0.0,100.0,0.0,100.0,0.0,100.0,0.0,77.0,23.0,100.0,0.0,100.0,0.0,96.0,8627.0,23.0,23.0,100.0,0.0,100.0,0.0,200.0,0.0,100.0,27313.0,100.0,46199658728.0,100.0,108820044671.0
2019-03-02,Z305GNBQ,ST4000DM000,4000787030016,0,117.0,150414976.0,97.0,0.0,100.0,3.0,100.0,0.0,85.0,338504845.0,69.0,27423.0,100.0,0.0,100.0,3.0,98.0,2.0,100.0,0.0,100.0,0.0,100.0,0.0,100.0,0.0,77.0,23.0,100.0,0.0,100.0,0.0,96.0,8627.0,23.0,23.0,100.0,0.0,100.0,0.0,200.0,0.0,100.0,27337.0,100.0,46222117144.0,100.0,108894568220.0
2019-03-03,Z305GNBQ,ST4000DM000,4000787030016,0,120.0,235283896.0,97.0,0.0,100.0,3.0,100.0,0.0,85.0,339292931.0,69.0,27447.0,100.0,0.0,100.0,3.0,98.0,2.0,100.0,0.0,100.0,0.0,100.0,0.0,100.0,0.0,77.0,23.0,100.0,0.0,100.0,0.0,96.0,8627.0,23.0,23.0,100.0,0.0,100.0,0.0,200.0,0.0,100.0,27361.0,100.0,46236463952.0,100.0,108962792655.0
2019-03-04,Z305GNBQ,ST4000DM000,4000787030016,0,115,85985680,97.0,0.0,100.0,3.0,100.0,0.0,85.0,339781148.0,69,27471,100.0,0.0,100,3,98.0,2.0,100.0,0.0,100.0,0.0,100.0,0.0,100.0,0.0,77.0,23.0,100.0,0.0,100,0,96.0,8627.0,23,23,100.0,0.0,100.0,0.0,200.0,0.0,100.0,27385.0,100.0,46247600856.0,100.0,109006288453.0
2019-03-05,Z305GNBQ,ST4000DM000,4000787030016,0,117.0,126460640.0,97.0,0.0,100.0,3.0,100.0,0.0,85.0,342145254.0,69.0,27494.0,100.0,0.0,100.0,3.0,98.0,2.0,100.0,0.0,100.0,0.0,100.0,0.0,100.0,0.0,78.0,22.0,100.0,0.0,100.0,0.0,96.0,8627.0,22.0,22.0,100.0,0.0,100.0,0.0,200.0,0.0,100.0,27409.0,100.0,46262216368.0,100.0,109095546231.0
2019-03-06,Z305GNBQ,ST4000DM000,4000787030016,0,117.0,144441824.0,97.0,0.0,100.0,3.0,100.0,0.0,85.0,342627791.0,69.0,27518.0,100.0,0.0,100.0,3.0,98.0,2.0,100.0,0.0,100.0,0.0,100.0,0.0,100.0,0.0,77.0,23.0,100.0,0.0,100.0,0.0,96.0,8627.0,23.0,23.0,100.0,0.0,100.0,0.0,200.0,0.0,100.0,27433.0,100.0,46276059072.0,100.0,109139727558.0
2019-03-07,Z305GNBQ,ST4000DM000,4000787030016,0,116.0,102380304.0,97.0,0.0,100.0,3.0,100.0,0.0,85.0,343533469.0,69.0,27542.0,100.0,0.0,100.0,3.0,98.0,2.0,100.0,0.0,100.0,0.0,100.0,0.0,100.0,0.0,76.0,24.0,100.0,0.0,100.0,0.0,96.0,8627.0,24.0,24.0,100.0,0.0,100.0,0.0,200.0,0.0,100.0,27457.0,100.0,46290536208.0,100.0,109238482909.0
2019-03-08,Z305GNBQ,ST4000DM000,4000787030016,0,112.0,42997136.0,97.0,0.0,100.0,3.0,100.0,0.0,85.0,344457768.0,69.0,27566.0,100.0,0.0,100.0,3.0,98.0,2.0,100.0,0.0,100.0,0.0,100.0,0.0,100.0,0.0,77.0,23.0,100.0,0.0,100.0,0.0,96.0,8627.0,23.0,23.0,100.0,0.0,100.0,0.0,200.0,0.0,100.0,27481.0,100.0,46302358504.0,100.0,109321514431.0
2019-03-09,Z305GNBQ,ST4000DM000,4000787030016,0,116.0,111925408.0,97.0,0.0,100.0,3.0,100.0,0.0,85.0,346487339.0,69.0,27590.0,100.0,0.0,100.0,3.0,98.0,2.0,100.0,0.0,100.0,0.0,100.0,0.0,100.0,0.0,77.0,23.0,100.0,0.0,100.0,0.0,96.0,8627.0,23.0,23.0,100.0,0.0,100.0,0.0,200.0,0.0,100.0,27505.0,100.0,46315182064.0,100.0,109430122011.0
2019-03-10,Z305GNBQ,ST4000DM000,4000787030016,0,118.0,200163800.0,97.0,0.0,100.0,3.0,100.0,0.0,85.0,347655019.0,69.0,27614.0,100.0,0.0,100.0,3.0,98.0,2.0,100.0,0.0,100.0,0.0,100.0,0.0,100.0,0.0,77.0,23.0,100.0,0.0,100.0,0.0,96.0,8627.0,23.0,23.0,100.0,0.0,100.0,0.0,200.0,0.0,100.0,27529.0,100.0,46324522368.0,100.0,109517162398.0
2019-03-11,Z305GNBQ,ST4000DM000,4000787030016,0,118.0,196309160.0,97.0,0.0,100.0,3.0,100.0,0.0,85.0,348237319.0,69.0,27638.0,100.0,0.0,100.0,3.0,98.0,2.0,100.0,0.0,100.0,0.0,100.0,0.0,100.0,0.0,77.0,23.0,100.0,0.0,100.0,0.0,96.0,8627.0,23.0,23.0,100.0,0.0,100.0,0.0,200.0,0.0,100.0,27553.0,100.0,46343657600.0,100.0,109599861694.0
2019-03-12,Z305GNBQ,ST4000DM000,4000787030016,0,113.0,56858064.0,97.0,0.0,100.0,3.0,100.0,0.0,85.0,349977307.0,69.0,27662.0,100.0,0.0,100.0,3.0,98.0,2.0,100.0,0.0,100.0,0.0,100.0,0.0,100.0,0.0,76.0,24.0,100.0,0.0,100.0,0.0,96.0,8627.0,24.0,24.0,100.0,0.0,100.0,0.0,200.0,0.0,100.0,27577.0,100.0,46368295392.0,100.0,109713692587.0
2019-03-13,Z305GNBQ,ST4000DM000,4000787030016,0,114.0,61356304.0,97.0,0.0,100.0,3.0,100.0,0.0,85.0,351054576.0,69.0,27698.0,100.0,0.0,100.0,3.0,98.0,2.0,100.0,0.0,100.0,0.0,100.0,0.0,100.0,0.0,78.0,22.0,100.0,0.0,100.0,0.0,96.0,8627.0,22.0,22.0,100.0,0.0,100.0,0.0,200.0,0.0,100.0,27612.0,100.0,46400139656.0,100.0,109850508293.0
2019-03-14,Z305GNBQ,ST4000DM000,4000787030016,0,115.0,92082408.0,97.0,0.0,100.0,3.0,100.0,0.0,85.0,351817606.0,69.0,27722.0,100.0,0.0,100.0,3.0,98.0,2.0,100.0,0.0,100.0,0.0,100.0,0.0,100.0,0.0,78.0,22.0,100.0,0.0,100.0,0.0,96.0,8627.0,22.0,22.0,100.0,0.0,100.0,0.0,200.0,0.0,100.0,27636.0,100.0,46418350600.0,100.0,109946093514.0
2019-03-15,Z305GNBQ,ST4000DM000,4000787030016,0,118.0,180356184.0,97.0,0.0,100.0,3.0,100.0,0.0,85.0,352492916.0,69.0,27746.0,100.0,0.0,100.0,3.0,98.0,2.0,100.0,0.0,100.0,0.0,100.0,0.0,100.0,0.0,78.0,22.0,100.0,0.0,100.0,0.0,96.0,8627.0,22.0,22.0,100.0,0.0,100.0,0.0,200.0,0.0,100.0,27660.0,100.0,46434690376.0,100.0,110079307267.0
2019-03-16,Z305GNBQ,ST4000DM000,4000787030016,0,110.0,25454552.0,97.0,0.0,100.0,3.0,100.0,0.0,85.0,354291523.0,69.0,27770.0,100.0,0.0,100.0,3.0,98.0,2.0,100.0,0.0,100.0,0.0,100.0,0.0,100.0,0.0,78.0,22.0,100.0,0.0,100.0,0.0,96.0,8627.0,22.0,22.0,100.0,0.0,100.0,0.0,200.0,0.0,100.0,27684.0,100.0,46454043600.0,100.0,110275094952.0
2019-03-17,Z305GNBQ,ST4000DM000,4000787030016,0,119.0,216886248.0,97.0,0.0,100.0,3.0,100.0,0.0,85.0,356498215.0,69.0,27794.0,100.0,0.0,100.0,3.0,98.0,2.0,100.0,0.0,100.0,0.0,100.0,0.0,100.0,0.0,78.0,22.0,100.0,0.0,100.0,0.0,96.0,8627.0,22.0,22.0,100.0,0.0,100.0,0.0,200.0,0.0,100.0,27708.0,100.0,46486609408.0,100.0,110433508922.0
2019-03-18,Z305GNBQ,ST4000DM000,4000787030016,0,117.0,132163480.0,97.0,0.0,100.0,3.0,100.0,0.0,85.0,357778422.0,69.0,27817.0,100.0,0.0,100.0,3.0,98.0,2.0,100.0,0.0,100.0,0.0,100.0,0.0,100.0,0.0,78.0,22.0,100.0,0.0,100.0,0.0,96.0,8627.0,22.0,22.0,100.0,0.0,100.0,0.0,200.0,0.0,100.0,27732.0,100.0,46506352296.0,100.0,110572410784.0
2019-03-19,Z305GNBQ,ST4000DM000,4000787030016,0,114.0,74115608.0,97.0,0.0,100.0,3.0,100.0,0.0,85.0,358612738.0,69.0,27841.0,100.0,0.0,100.0,3.0,98.0,2.0,100.0,0.0,100.0,0.0,100.0,0.0,100.0,0.0,78.0,22.0,100.0,0.0,100.0,0.0,96.0,8627.0,22.0,22.0,100.0,0.0,100.0,0.0,200.0,0.0,100.0,27756.0,100.0,46519539784.0,100.0,110732959155.0
2019-03-20,Z305GNBQ,ST4000DM000,4000787030016,0,117.0,138893752.0,97.0,0.0,100.0,3.0,100.0,0.0,85.0,359204738.0,69.0,27865.0,100.0,0.0,100.0,3.0,98.0,2.0,100.0,0.0,100.0,0.0,100.0,0.0,100.0,0.0,78.0,22.0,100.0,0.0,100.0,0.0,96.0,8627.0,22.0,22.0,100.0,0.0,100.0,0.0,200.0,0.0,100.0,27780.0,100.0,46536884672.0,100.0,110898848157.0
2019-03-21,Z305GNBQ,ST4000DM000,4000787030016,0,118.0,196305336.0,97.0,0.0,100.0,3.0,100.0,0.0,85.0,359781003.0,69.0,27889.0,100.0,0.0,100.0,3.0,98.0,2.0,100.0,0.0,100.0,0.0,100.0,0.0,100.0,0.0,78.0,22.0,100.0,0.0,100.0,0.0,96.0,8627.0,22.0,22.0,100.0,0.0,100.0,0.0,200.0,0.0,100.0,27804.0,100.0,46550909368.0,100.0,111056383844.0
2019-03-22,Z305GNBQ,ST4000DM000,4000787030016,0,117.0,142642208.0,97.0,0.0,100.0,3.0,100.0,0.0,85.0,360825315.0,69.0,27913.0,100.0,0.0,100.0,3.0,98.0,2.0,100.0,0.0,100.0,0.0,100.0,0.0,100.0,0.0,78.0,22.0,100.0,0.0,100.0,0.0,96.0,8627.0,22.0,22.0,100.0,0.0,100.0,0.0,200.0,0.0,100.0,27828.0,100.0,46574845520.0,100.0,111210224967.0
2019-03-23,Z305GNBQ,ST4000DM000,4000787030016,0,115.0,96216128.0,97.0,0.0,100.0,3.0,100.0,0.0,85.0,363078590.0,69.0,27937.0,100.0,0.0,100.0,3.0,98.0,2.0,100.0,0.0,100.0,0.0,100.0,0.0,100.0,0.0,78.0,22.0,100.0,0.0,100.0,0.0,96.0,8627.0,22.0,22.0,100.0,0.0,100.0,0.0,200.0,0.0,100.0,27852.0,100.0,46607903872.0,100.0,111392120588.0
2019-03-24,Z305GNBQ,ST4000DM000,4000787030016,0,111.0,41553264.0,97.0,0.0,100.0,3.0,100.0,0.0,85.0,364206128.0,69.0,27961.0,100.0,0.0,100.0,3.0,98.0,2.0,100.0,0.0,100.0,0.0,100.0,0.0,100.0,0.0,78.0,22.0,100.0,0.0,100.0,0.0,96.0,8627.0,22.0,22.0,100.0,0.0,100.0,0.0,200.0,0.0,100.0,27875.0,100.0,46629462224.0,100.0,111551080940.0
2019-03-25,Z305GNBQ,ST4000DM000,4000787030016,0,104.0,6538152.0,97.0,0.0,100.0,3.0,100.0,0.0,85.0,366496187.0,69.0,27985.0,100.0,0.0,100.0,3.0,98.0,2.0,100.0,0.0,100.0,0.0,100.0,0.0,100.0,0.0,78.0,22.0,100.0,0.0,100.0,0.0,96.0,8627.0,22.0,22.0,100.0,0.0,100.0,0.0,200.0,0.0,100.0,27899.0,100.0,46658189776.0,100.0,111707559766.0
2019-03-26,Z305GNBQ,ST4000DM000,4000787030016,0,117.0,162672616.0,97.0,0.0,100.0,3.0,100.0,0.0,85.0,367925285.0,69.0,28009.0,100.0,0.0,100.0,3.0,98.0,2.0,100.0,0.0,100.0,0.0,100.0,0.0,100.0,0.0,78.0,22.0,100.0,0.0,100.0,0.0,96.0,8627.0,22.0,22.0,100.0,0.0,100.0,0.0,200.0,0.0,100.0,27923.0,100.0,46682597936.0,100.0,111885986826.0
2019-03-27,Z305GNBQ,ST4000DM000,4000787030016,0,118.0,188022184.0,97.0,0.0,100.0,3.0,100.0,0.0,85.0,369262525.0,68.0,28032.0,100.0,0.0,100.0,3.0,98.0,2.0,100.0,0.0,100.0,0.0,100.0,0.0,100.0,0.0,78.0,22.0,100.0,0.0,100.0,0.0,96.0,8627.0,22.0,22.0,100.0,0.0,100.0,0.0,200.0,0.0,100.0,27947.0,100.0,46694943520.0,100.0,112059301565.0
2019-03-28,Z305GNBQ,ST4000DM000,4000787030016,0,116.0,116936832.0,97.0,0.0,100.0,3.0,100.0,0.0,85.0,370098556.0,68.0,28056.0,100.0,0.0,100.0,3.0,98.0,2.0,100.0,0.0,100.0,0.0,100.0,0.0,100.0,0.0,78.0,22.0,100.0,0.0,100.0,0.0,96.0,8627.0,22.0,22.0,100.0,0.0,100.0,0.0,200.0,0.0,100.0,27971.0,100.0,46710369152.0,100.0,112186505196.0
2019-03-29,Z305GNBQ,ST4000DM000,4000787030016,0,119.0,234563496.0,97.0,0.0,100.0,3.0,100.0,0.0,85.0,372203864.0,68.0,28080.0,100.0,0.0,100.0,3.0,98.0,2.0,100.0,0.0,100.0,0.0,100.0,0.0,100.0,0.0,78.0,22.0,100.0,0.0,100.0,0.0,96.0,8627.0,22.0,22.0,100.0,0.0,100.0,0.0,200.0,0.0,100.0,27995.0,100.0,46727325416.0,100.0,112313901796.0
2019-03-30,Z305GNBQ,ST4000DM000,4000787030016,0,118.0,177129552.0,97.0,0.0,100.0,3.0,100.0,0.0,85.0,374123830.0,68.0,28104.0,100.0,0.0,100.0,3.0,98.0,2.0,100.0,0.0,100.0,0.0,100.0,0.0,100.0,0.0,78.0,22.0,100.0,0.0,100.0,0.0,96.0,8627.0,22.0,22.0,100.0,0.0,100.0,0.0,200.0,0.0,100.0,28018.0,100.0,46744593192.0,100.0,112459036208.0
2019-03-31,Z305GNBQ,ST4000DM000,4000787030016,0,117.0,167264712.0,97.0,0.0,100.0,3.0,100.0,0.0,85.0,375259102.0,68.0,28127.0,100.0,0.0,100.0,3.0,98.0,2.0,100.0,0.0,100.0,0.0,100.0,0.0,100.0,0.0,78.0,22.0,100.0,0.0,100.0,0.0,96.0,8627.0,22.0,22.0,100.0,0.0,100.0,0.0,200.0,0.0,100.0,28042.0,100.0,46779197528.0,100.0,112596926090.0
2019-04-01,Z305GNBQ,ST4000DM000,4000787030016,0,119.0,205554464.0,97.0,0.0,100.0,3.0,100.0,0.0,85.0,376804136.0,68.0,28151.0,100.0,0.0,100.0,3.0,98.0,2.0,100.0,0.0,100.0,0.0,100.0,0.0,100.0,0.0,79.0,21.0,100.0,0.0,100.0,0.0,96.0,8627.0,21.0,21.0,100.0,0.0,100.0,0.0,200.0,0.0,100.0,28066.0,100.0,46804225584.0,100.0,112726057126.0
2019-04-02,Z305GNBQ,ST4000DM000,4000787030016,0,119.0,205527088.0,97.0,0.0,100.0,3.0,100.0,0.0,85.0,378325114.0,68.0,28175.0,100.0,0.0,100.0,3.0,98.0,2.0,100.0,0.0,100.0,0.0,100.0,0.0,100.0,0.0,79.0,21.0,100.0,0.0,100.0,0.0,96.0,8627.0,21.0,21.0,100.0,0.0,100.0,0.0,200.0,0.0,100.0,28089.0,100.0,46823076448.0,100.0,112868469958.0
2019-04-03,Z305GNBQ,ST4000DM000,4000787030016,0,112.0,45596128.0,97.0,0.0,100.0,3.0,100.0,0.0,85.0,379296938.0,68.0,28199.0,100.0,0.0,100.0,3.0,98.0,2.0,100.0,0.0,100.0,0.0,100.0,0.0,100.0,0.0,78.0,22.0,100.0,0.0,100.0,0.0,96.0,8627.0,22.0,22.0,100.0,0.0,100.0,0.0,200.0,0.0,100.0,28113.0,100.0,46834200256.0,100.0,112987662048.0
2019-04-04,Z305GNBQ,ST4000DM000,4000787030016,0,114.0,62067912.0,97.0,0.0,100.0,3.0,100.0,0.0,85.0,380182950.0,68.0,28222.0,100.0,0.0,100.0,3.0,98.0,2.0,100.0,0.0,100.0,0.0,100.0,0.0,100.0,0.0,78.0,22.0,100.0,0.0,100.0,0.0,96.0,8627.0,22.0,22.0,100.0,0.0,100.0,0.0,200.0,0.0,100.0,28137.0,100.0,46847880768.0,100.0,113102827217.0
2019-04-05,Z305GNBQ,ST4000DM000,4000787030016,0,111.0,38189864.0,97.0,0.0,100.0,3.0,100.0,0.0,85.0,380950219.0,68.0,28246.0,100.0,0.0,100.0,3.0,98.0,2.0,100.0,0.0,100.0,0.0,100.0,0.0,100.0,0.0,78.0,22.0,100.0,0.0,100.0,0.0,96.0,8627.0,22.0,22.0,100.0,0.0,100.0,0.0,200.0,0.0,100.0,28161.0,100.0,46863860872.0,100.0,113181775685.0
2019-04-06,Z305GNBQ,ST4000DM000,4000787030016,0,120.0,242021656.0,97.0,0.0,100.0,3.0,100.0,0.0,85.0,382688181.0,68.0,28270.0,100.0,0.0,100.0,3.0,98.0,2.0,100.0,0.0,100.0,0.0,100.0,0.0,100.0,0.0,79.0,21.0,100.0,0.0,100.0,0.0,96.0,8627.0,21.0,21.0,100.0,0.0,100.0,0.0,200.0,0.0,100.0,28185.0,100.0,46881009144.0,100.0,113284391333.0
2019-04-07,Z305GNBQ,ST4000DM000,4000787030016,0,117.0,158761848.0,97.0,0.0,100.0,3.0,100.0,0.0,85.0,383780772.0,68.0,28294.0,100.0,0.0,100.0,3.0,98.0,2.0,100.0,0.0,100.0,0.0,100.0,0.0,100.0,0.0,78.0,22.0,100.0,0.0,100.0,0.0,96.0,8627.0,22.0,22.0,100.0,0.0,100.0,0.0,200.0,0.0,100.0,28209.0,100.0,46899419520.0,100.0,113415854011.0
2019-04-08,Z305GNBQ,ST4000DM000,4000787030016,0,116.0,112654944.0,97.0,0.0,100.0,3.0,100.0,0.0,85.0,386599059.0,68.0,28318.0,100.0,0.0,100.0,3.0,98.0,2.0,100.0,0.0,100.0,0.0,100.0,0.0,100.0,0.0,79.0,21.0,100.0,0.0,100.0,0.0,96.0,8627.0,21.0,21.0,100.0,0.0,100.0,0.0,200.0,0.0,100.0,28233.0,100.0,46916776704.0,100.0,113581922778.0
2019-04-09,Z305GNBQ,ST4000DM000,4000787030016,0,111.0,40291144.0,97.0,0.0,100.0,3.0,100.0,0.0,85.0,388064215.0,68.0,28342.0,100.0,0.0,100.0,3.0,98.0,2.0,100.0,0.0,100.0,0.0,100.0,0.0,100.0,0.0,78.0,22.0,100.0,0.0,100.0,0.0,96.0,8627.0,22.0,22.0,100.0,0.0,100.0,0.0,200.0,0.0,100.0,28257.0,100.0,46935789872.0,100.0,113701524658.0
2019-04-10,Z305GNBQ,ST4000DM000,4000787030016,0,117.0,119798160.0,97.0,0.0,100.0,3.0,100.0,0.0,85.0,388937704.0,68.0,28366.0,100.0,0.0,100.0,3.0,98.0,2.0,100.0,0.0,100.0,0.0,100.0,0.0,100.0,0.0,79.0,21.0,100.0,0.0,100.0,0.0,96.0,8627.0,21.0,21.0,100.0,0.0,100.0,0.0,200.0,0.0,100.0,28281.0,100.0,46945629688.0,100.0,113814662798.0
2019-04-11,Z305GNBQ,ST4000DM000,4000787030016,0,116.0,106757008.0,97.0,0.0,100.0,3.0,100.0,0.0,85.0,389579013.0,68.0,28390.0,100.0,0.0,100.0,3.0,98.0,2.0,100.0,0.0,100.0,0.0,100.0,0.0,100.0,0.0,79.0,21.0,100.0,0.0,100.0,0.0,96.0,8627.0,21.0,21.0,100.0,0.0,100.0,0.0,200.0,0.0,100.0,28305.0,100.0,46957172128.0,100.0,113888974319.0
2019-04-12,Z305GNBQ,ST4000DM000,4000787030016,0,119.0,222167968.0,97.0,0.0,100.0,3.0,100.0,0.0,85.0,390284984.0,68.0,28414.0,100.0,0.0,100.0,3.0,98.0,2.0,100.0,0.0,100.0,0.0,100.0,0.0,100.0,0.0,79.0,21.0,100.0,0.0,100.0,0.0,96.0,8627.0,21.0,21.0,100.0,0.0,100.0,0.0,200.0,0.0,100.0,28329.0,100.0,46967997776.0,100.0,113988754456.0
2019-04-13,Z305GNBQ,ST4000DM000,4000787030016,0,108.0,18521600.0,97.0,0.0,100.0,3.0,100.0,0.0,85.0,392130781.0,68.0,28438.0,100.0,0.0,100.0,3.0,98.0,2.0,100.0,0.0,100.0,0.0,100.0,0.0,100.0,0.0,79.0,21.0,100.0,0.0,100.0,0.0,96.0,8627.0,21.0,21.0,100.0,0.0,100.0,0.0,200.0,0.0,100.0,28353.0,100.0,46984667792.0,100.0,114093201620.0
2019-04-14,Z305GNBQ,ST4000DM000,4000787030016,0,112.0,43560048.0,97.0,0.0,100.0,3.0,100.0,0.0,85.0,392960596.0,68.0,28462.0,100.0,0.0,100.0,3.0,98.0,2.0,100.0,0.0,100.0,0.0,100.0,0.0,100.0,0.0,79.0,21.0,100.0,0.0,100.0,0.0,96.0,8627.0,21.0,21.0,100.0,0.0,100.0,0.0,200.0,0.0,100.0,28376.0,100.0,46996602016.0,100.0,114179383992.0
2019-04-15,Z305GNBQ,ST4000DM000,4000787030016,0,103.0,5966768.0,97.0,0.0,100.0,3.0,100.0,0.0,85.0,394283863.0,68.0,28486.0,100.0,0.0,100.0,3.0,98.0,2.0,100.0,0.0,100.0,0.0,100.0,0.0,100.0,0.0,79.0,21.0,100.0,0.0,100.0,0.0,96.0,8627.0,21.0,21.0,100.0,0.0,100.0,0.0,200.0,0.0,100.0,28400.0,100.0,47016548448.0,100.0,114274575085.0
2019-04-16,Z305GNBQ,ST4000DM000,4000787030016,0,110.0,27127592.0,97.0,0.0,100.0,3.0,100.0,0.0,85.0,395570733.0,68.0,28510.0,100.0,0.0,100.0,3.0,98.0,2.0,100.0,0.0,100.0,0.0,100.0,0.0,100.0,0.0,78.0,22.0,100.0,0.0,100.0,0.0,96.0,8627.0,22.0,22.0,100.0,0.0,100.0,0.0,200.0,0.0,100.0,28424.0,100.0,47032984912.0,100.0,114340078761.0
2019-04-17,Z305GNBQ,ST4000DM000,4000787030016,0,118.0,188349656.0,97.0,0.0,100.0,3.0,100.0,0.0,85.0,396631081.0,68.0,28534.0,100.0,0.0,100.0,3.0,98.0,2.0,100.0,0.0,100.0,0.0,100.0,0.0,100.0,0.0,78.0,22.0,100.0,0.0,100.0,0.0,96.0,8627.0,22.0,22.0,100.0,0.0,100.0,0.0,200.0,0.0,100.0,28448.0,100.0,47041527208.0,100.0,114474721746.0
2019-04-18,Z305GNBQ,ST4000DM000,4000787030016,0,114.0,75836888.0,97.0,0.0,100.0,3.0,100.0,0.0,85.0,397439450.0,68.0,28558.0,100.0,0.0,100.0,3.0,98.0,2.0,100.0,0.0,100.0,0.0,100.0,0.0,100.0,0.0,79.0,21.0,100.0,0.0,100.0,0.0,96.0,8627.0,21.0,21.0,100.0,0.0,100.0,0.0,200.0,0.0,100.0,28472.0,100.0,47050977384.0,100.0,114583185280.0
2019-04-19,Z305GNBQ,ST4000DM000,4000787030016,0,119.0,206399776.0,97.0,0.0,100.0,3.0,100.0,0.0,85.0,398355524.0,68.0,28581.0,100.0,0.0,100.0,3.0,98.0,2.0,100.0,0.0,100.0,0.0,100.0,0.0,100.0,0.0,79.0,21.0,100.0,0.0,100.0,0.0,96.0,8627.0,21.0,21.0,100.0,0.0,100.0,0.0,200.0,0.0,100.0,28496.0,100.0,47061389560.0,100.0,114682606263.0
2019-04-20,Z305GNBQ,ST4000DM000,4000787030016,0,119.0,210569088.0,97.0,0.0,100.0,3.0,100.0,0.0,85.0,401497262.0,68.0,28605.0,100.0,0.0,100.0,3.0,98.0,2.0,100.0,0.0,100.0,0.0,100.0,0.0,100.0,0.0,79.0,21.0,100.0,0.0,100.0,0.0,96.0,8627.0,21.0,21.0,100.0,0.0,100.0,0.0,200.0,0.0,100.0,28520.0,100.0,47076581344.0,100.0,114770231436.0
2019-04-21,Z305GNBQ,ST4000DM000,4000787030016,0,107.0,14669344.0,97.0,0.0,100.0,3.0,100.0,0.0,85.0,402256076.0,68.0,28629.0,100.0,0.0,100.0,3.0,98.0,2.0,100.0,0.0,100.0,0.0,100.0,0.0,100.0,0.0,78.0,22.0,100.0,0.0,100.0,0.0,96.0,8627.0,22.0,22.0,100.0,0.0,100.0,0.0,200.0,0.0,100.0,28544.0,100.0,47097792520.0,100.0,114839417657.0
2019-04-22,Z305GNBQ,ST4000DM000,4000787030016,0,120.0,242557688.0,97.0,0.0,100.0,3.0,100.0,0.0,86.0,403263223.0,68.0,28653.0,100.0,0.0,100.0,3.0,98.0,2.0,100.0,0.0,100.0,0.0,100.0,0.0,100.0,0.0,78.0,22.0,100.0,0.0,100.0,0.0,96.0,8627.0,22.0,22.0,100.0,0.0,100.0,0.0,200.0,0.0,100.0,28568.0,100.0,47107542952.0,100.0,114918718329.0
2019-04-23,Z305GNBQ,ST4000DM000,4000787030016,0,116.0,109610640.0,97.0,0.0,100.0,3.0,100.0,0.0,86.0,404473866.0,68.0,28677.0,100.0,0.0,100.0,3.0,98.0,2.0,100.0,0.0,100.0,0.0,100.0,0.0,100.0,0.0,79.0,21.0,100.0,0.0,100.0,0.0,96.0,8627.0,21.0,21.0,100.0,0.0,100.0,0.0,200.0,0.0,100.0,28591.0,100.0,47122499360.0,100.0,114960481342.0
2019-04-24,Z305GNBQ,ST4000DM000,4000787030016,0,114.0,59454536.0,97.0,0.0,100.0,3.0,100.0,0.0,86.0,405030519.0,68.0,28701.0,100.0,0.0,100.0,3.0,98.0,2.0,100.0,0.0,100.0,0.0,100.0,0.0,100.0,0.0,79.0,21.0,100.0,0.0,100.0,0.0,96.0,8627.0,21.0,21.0,100.0,0.0,100.0,0.0,200.0,0.0,100.0,28615.0,100.0,47135498728.0,100.0,115016962709.0
2019-04-25,Z305GNBQ,ST4000DM000,4000787030016,0,118.0,175392120.0,97.0,0.0,100.0,3.0,100.0,0.0,86.0,405670769.0,68.0,28725.0,100.0,0.0,100.0,3.0,98.0,2.0,100.0,0.0,100.0,0.0,100.0,0.0,100.0,0.0,80.0,20.0,100.0,0.0,100.0,0.0,96.0,8627.0,20.0,20.0,100.0,0.0,100.0,0.0,200.0,0.0,100.0,28639.0,100.0,47147908376.0,100.0,115100419446.0
2019-04-26,Z305GNBQ,ST4000DM000,4000787030016,0,119.0,213344984.0,97.0,0.0,100.0,3.0,100.0,0.0,86.0,406595219.0,68.0,28748.0,100.0,0.0,100.0,3.0,98.0,2.0,100.0,0.0,100.0,0.0,100.0,0.0,100.0,0.0,79.0,21.0,100.0,0.0,100.0,0.0,96.0,8627.0,21.0,21.0,100.0,0.0,100.0,0.0,200.0,0.0,100.0,28663.0,100.0,47167002072.0,100.0,115191250380.0
2019-04-27,Z305GNBQ,ST4000DM000,4000787030016,0,117.0,127371728.0,97.0,0.0,100.0,3.0,100.0,0.0,86.0,408915390.0,68.0,28772.0,100.0,0.0,100.0,3.0,98.0,2.0,100.0,0.0,100.0,0.0,100.0,0.0,100.0,0.0,79.0,21.0,100.0,0.0,100.0,0.0,96.0,8627.0,21.0,21.0,100.0,0.0,100.0,0.0,200.0,0.0,100.0,28687.0,100.0,47189094256.0,100.0,115314704651.0
2019-04-28,Z305GNBQ,ST4000DM000,4000787030016,0,111.0,38737432.0,97.0,0.0,100.0,3.0,100.0,0.0,86.0,410918851.0,68.0,28796.0,100.0,0.0,100.0,3.0,98.0,2.0,100.0,0.0,100.0,0.0,100.0,0.0,100.0,0.0,79.0,21.0,100.0,0.0,100.0,0.0,96.0,8627.0,21.0,21.0,100.0,0.0,100.0,0.0,200.0,0.0,100.0,28711.0,100.0,47205331352.0,100.0,115413267624.0
2019-04-29,Z305GNBQ,ST4000DM000,4000787030016,0,108.0,15929856.0,97.0,0.0,100.0,3.0,100.0,0.0,86.0,412103294.0,68.0,28820.0,100.0,0.0,100.0,3.0,98.0,2.0,100.0,0.0,100.0,0.0,100.0,0.0,100.0,0.0,79.0,21.0,100.0,0.0,100.0,0.0,96.0,8627.0,21.0,21.0,100.0,0.0,100.0,0.0,200.0,0.0,100.0,28735.0,100.0,47216422032.0,100.0,115507460484.0
2019-04-30,Z305GNBQ,ST4000DM000,4000787030016,0,118.0,197651832.0,97.0,0.0,100.0,3.0,100.0,0.0,86.0,413586217.0,68.0,28844.0,100.0,0.0,100.0,3.0,98.0,2.0,100.0,0.0,100.0,0.0,100.0,0.0,100.0,0.0,79.0,21.0,100.0,0.0,100.0,0.0,96.0,8627.0,21.0,21.0,100.0,0.0,100.0,0.0,200.0,0.0,100.0,28759.0,100.0,47239004016.0,100.0,115584073794.0
2019-05-01,Z305GNBQ,ST4000DM000,4000787030016,0,117.0,154003968.0,97.0,0.0,100.0,3.0,100.0,0.0,86.0,414332420.0,68.0,28868.0,100.0,0.0,100.0,3.0,98.0,2.0,100.0,0.0,100.0,0.0,100.0,0.0,100.0,0.0,78.0,22.0,100.0,0.0,100.0,0.0,96.0,8627.0,22.0,22.0,100.0,0.0,100.0,0.0,200.0,0.0,100.0,28783.0,100.0,47268121688.0,100.0,115677062105.0
2019-05-02,Z305GNBQ,ST4000DM000,4000787030016,0,119.0,210191376.0,97.0,0.0,100.0,3.0,100.0,0.0,86.0,415090916.0,68.0,28892.0,100.0,0.0,100.0,3.0,98.0,2.0,100.0,0.0,100.0,0.0,100.0,0.0,100.0,0.0,78.0,22.0,100.0,0.0,100.0,0.0,96.0,8627.0,22.0,22.0,100.0,0.0,100.0,0.0,200.0,0.0,100.0,28807.0,100.0,47279261440.0,100.0,115773031296.0
2019-05-03,Z305GNBQ,ST4000DM000,4000787030016,0,117.0,150001208.0,97.0,0.0,100.0,3.0,100.0,0.0,86.0,415754246.0,67.0,28916.0,100.0,0.0,100.0,3.0,98.0,2.0,100.0,0.0,100.0,0.0,100.0,0.0,100.0,0.0,79.0,21.0,100.0,0.0,100.0,0.0,96.0,8627.0,21.0,21.0,100.0,0.0,100.0,0.0,200.0,0.0,100.0,28831.0,100.0,47292166232.0,100.0,115903546936.0
2019-05-04,Z305GNBQ,ST4000DM000,4000787030016,0,117.0,118425872.0,97.0,0.0,100.0,3.0,100.0,0.0,86.0,417446135.0,67.0,28940.0,100.0,0.0,100.0,3.0,98.0,2.0,100.0,0.0,100.0,0.0,100.0,0.0,100.0,0.0,79.0,21.0,100.0,0.0,100.0,0.0,96.0,8627.0,21.0,21.0,100.0,0.0,100.0,0.0,200.0,0.0,100.0,28855.0,100.0,47309588144.0,100.0,116074675027.0
2019-05-05,Z305GNBQ,ST4000DM000,4000787030016,0,115.0,88534688.0,97.0,0.0,100.0,3.0,100.0,0.0,86.0,418115486.0,67.0,28964.0,100.0,0.0,100.0,3.0,98.0,2.0,100.0,0.0,100.0,0.0,100.0,0.0,100.0,0.0,78.0,22.0,100.0,0.0,100.0,0.0,96.0,8627.0,22.0,22.0,100.0,0.0,100.0,0.0,200.0,0.0,100.0,28879.0,100.0,47323070328.0,100.0,116240201041.0
2019-05-06,Z305GNBQ,ST4000DM000,4000787030016,0,116.0,111598248.0,97.0,0.0,100.0,3.0,100.0,0.0,86.0,418883173.0,67.0,28988.0,100.0,0.0,100.0,3.0,98.0,2.0,100.0,0.0,100.0,0.0,100.0,0.0,100.0,0.0,78.0,22.0,100.0,0.0,100.0,0.0,96.0,8627.0,22.0,22.0,100.0,0.0,100.0,0.0,200.0,0.0,100.0,28903.0,100.0,47339142272.0,100.0,116384528251.0
2019-05-07,Z305GNBQ,ST4000DM000,4000787030016,0,119.0,218034624.0,97.0,0.0,100.0,3.0,100.0,0.0,86.0,420259194.0,67.0,29012.0,100.0,0.0,100.0,3.0,98.0,2.0,100.0,0.0,100.0,0.0,100.0,0.0,100.0,0.0,78.0,22.0,100.0,0.0,100.0,0.0,96.0,8627.0,22.0,22.0,100.0,0.0,100.0,0.0,200.0,0.0,100.0,28927.0,100.0,47357844376.0,100.0,116528541395.0
2019-05-08,Z305GNBQ,ST4000DM000,4000787030016,0,119.0,213690528.0,97.0,0.0,100.0,3.0,100.0,0.0,86.0,420803758.0,67.0,29036.0,100.0,0.0,100.0,3.0,98.0,2.0,100.0,0.0,100.0,0.0,100.0,0.0,100.0,0.0,79.0,21.0,100.0,0.0,100.0,0.0,96.0,8627.0,21.0,21.0,100.0,0.0,100.0,0.0,200.0,0.0,100.0,28951.0,100.0,47374194408.0,100.0,116693807607.0
2019-05-09,Z305GNBQ,ST4000DM000,4000787030016,0,118.0,179628816.0,97.0,0.0,100.0,3.0,100.0,0.0,86.0,421434238.0,67.0,29060.0,100.0,0.0,100.0,3.0,98.0,2.0,100.0,0.0,100.0,0.0,100.0,0.0,100.0,0.0,79.0,21.0,100.0,0.0,100.0,0.0,96.0,8627.0,21.0,21.0,100.0,0.0,100.0,0.0,200.0,0.0,100.0,28974.0,100.0,47382756128.0,100.0,116857177897.0
2019-05-10,Z305GNBQ,ST4000DM000,4000787030016,0,117.0,120801016.0,97.0,0.0,100.0,3.0,100.0,0.0,86.0,423350893.0,67.0,29084.0,100.0,0.0,100.0,3.0,98.0,2.0,100.0,0.0,100.0,0.0,100.0,0.0,100.0,0.0,78.0,22.0,100.0,0.0,100.0,0.0,96.0,8627.0,22.0,22.0,100.0,0.0,100.0,0.0,200.0,0.0,100.0,28998.0,100.0,47397042008.0,100.0,117035070297.0
2019-05-11,Z305GNBQ,ST4000DM000,4000787030016,0,119.0,232964408.0,97.0,0.0,100.0,3.0,100.0,0.0,86.0,425708408.0,67.0,29107.0,100.0,0.0,100.0,3.0,98.0,2.0,100.0,0.0,100.0,0.0,100.0,0.0,100.0,0.0,79.0,21.0,100.0,0.0,100.0,0.0,96.0,8627.0,21.0,21.0,100.0,0.0,100.0,0.0,200.0,0.0,100.0,29022.0,100.0,47413584200.0,100.0,117217382801.0
2019-05-12,Z305GNBQ,ST4000DM000,4000787030016,0,118.0,176465040.0,97.0,0.0,100.0,3.0,100.0,0.0,86.0,426840531.0,67.0,29131.0,100.0,0.0,100.0,3.0,98.0,2.0,100.0,0.0,100.0,0.0,100.0,0.0,100.0,0.0,78.0,22.0,100.0,0.0,100.0,0.0,96.0,8627.0,22.0,22.0,100.0,0.0,100.0,0.0,200.0,0.0,100.0,29046.0,100.0,47424360560.0,100.0,117379461398.0
2019-05-13,Z305GNBQ,ST4000DM000,4000787030016,0,116.0,114519392.0,97.0,0.0,100.0,3.0,100.0,0.0,86.0,428314515.0,67.0,29155.0,100.0,0.0,100.0,3.0,98.0,2.0,100.0,0.0,100.0,0.0,100.0,0.0,100.0,0.0,79.0,21.0,100.0,0.0,100.0,0.0,96.0,8627.0,21.0,21.0,100.0,0.0,100.0,0.0,200.0,0.0,100.0,29070.0,100.0,47440287696.0,100.0,117559744502.0
2019-05-14,Z305GNBQ,ST4000DM000,4000787030016,0,119.0,229285080.0,97.0,0.0,100.0,3.0,100.0,0.0,86.0,430355021.0,67.0,29179.0,100.0,0.0,100.0,3.0,98.0,2.0,100.0,0.0,100.0,0.0,100.0,0.0,100.0,0.0,79.0,21.0,100.0,0.0,100.0,0.0,96.0,8627.0,21.0,21.0,100.0,0.0,100.0,0.0,200.0,0.0,100.0,29094.0,100.0,47454492512.0,100.0,117707775109.0
2019-05-15,Z305GNBQ,ST4000DM000,4000787030016,0,117.0,161950264.0,97.0,0.0,100.0,3.0,100.0,0.0,86.0,431554419.0,67.0,29204.0,100.0,0.0,100.0,3.0,98.0,2.0,100.0,0.0,100.0,0.0,100.0,0.0,100.0,0.0,78.0,22.0,100.0,0.0,100.0,0.0,96.0,8627.0,22.0,22.0,100.0,0.0,100.0,0.0,200.0,0.0,100.0,29118.0,100.0,47468929072.0,100.0,117870288189.0
2019-05-16,Z305GNBQ,ST4000DM000,4000787030016,0,108.0,15147088.0,97.0,0.0,100.0,3.0,100.0,0.0,86.0,432526013.0,67.0,29227.0,100.0,0.0,100.0,3.0,98.0,2.0,100.0,0.0,100.0,0.0,100.0,0.0,100.0,0.0,78.0,22.0,100.0,0.0,100.0,0.0,96.0,8627.0,22.0,22.0,100.0,0.0,100.0,0.0,200.0,0.0,100.0,29142.0,100.0,47487813296.0,100.0,118010996020.0
2019-05-17,Z305GNBQ,ST4000DM000,4000787030016,0,114.0,63026200.0,97.0,0.0,100.0,3.0,100.0,0.0,86.0,433313786.0,67.0,29251.0,100.0,0.0,100.0,3.0,98.0,2.0,100.0,0.0,100.0,0.0,100.0,0.0,100.0,0.0,78.0,22.0,100.0,0.0,100.0,0.0,96.0,8627.0,22.0,22.0,100.0,0.0,100.0,0.0,200.0,0.0,100.0,29166.0,100.0,47497142888.0,100.0,118131164767.0
2019-05-18,Z305GNBQ,ST4000DM000,4000787030016,0,119.0,229796112.0,97.0,0.0,100.0,3.0,100.0,0.0,86.0,435966906.0,67.0,29275.0,100.0,0.0,100.0,3.0,98.0,2.0,100.0,0.0,100.0,0.0,100.0,0.0,100.0,0.0,78.0,22.0,100.0,0.0,100.0,0.0,96.0,8627.0,22.0,22.0,100.0,0.0,100.0,0.0,200.0,0.0,100.0,29190.0,100.0,47512881456.0,100.0,118290470748.0
2019-05-19,Z305GNBQ,ST4000DM000,4000787030016,0,119.0,231992040.0,97.0,0.0,100.0,3.0,100.0,0.0,86.0,437222781.0,67.0,29299.0,100.0,0.0,100.0,3.0,98.0,2.0,100.0,0.0,100.0,0.0,100.0,0.0,100.0,0.0,78.0,22.0,100.0,0.0,100.0,0.0,96.0,8627.0,22.0,22.0,100.0,0.0,100.0,0.0,200.0,0.0,100.0,29214.0,100.0,47523982336.0,100.0,118436127468.0
2019-05-20,Z305GNBQ,ST4000DM000,4000787030016,0,119.0,1737624.0,97.0,0.0,100.0,3.0,100.0,0.0,86.0,438296727.0,67.0,29323.0,100.0,0.0,100.0,3.0,98.0,2.0,100.0,0.0,100.0,0.0,100.0,0.0,100.0,0.0,78.0,22.0,100.0,0.0,100.0,0.0,96.0,8627.0,22.0,22.0,100.0,0.0,100.0,0.0,200.0,0.0,100.0,29238.0,100.0,47537389160.0,100.0,118580956365.0
2019-05-21,Z305GNBQ,ST4000DM000,4000787030016,0,119.0,207670736.0,97.0,0.0,100.0,3.0,100.0,0.0,86.0,440074748.0,67.0,29347.0,100.0,0.0,100.0,3.0,98.0,2.0,100.0,0.0,100.0,0.0,100.0,0.0,100.0,0.0,78.0,22.0,100.0,0.0,100.0,0.0,96.0,8627.0,22.0,22.0,100.0,0.0,100.0,0.0,200.0,0.0,100.0,29262.0,100.0,47559389168.0,100.0,118677199256.0
2019-05-22,Z305GNBQ,ST4000DM000,4000787030016,0,116.0,105396064.0,97.0,0.0,100.0,3.0,100.0,0.0,86.0,441036551.0,67.0,29371.0,100.0,0.0,100.0,3.0,98.0,2.0,100.0,0.0,100.0,0.0,100.0,0.0,100.0,0.0,78.0,22.0,100.0,0.0,100.0,0.0,96.0,8627.0,22.0,22.0,100.0,0.0,100.0,0.0,200.0,0.0,100.0,29286.0,100.0,47583586760.0,100.0,118768795997.0
2019-05-23,Z305GNBQ,ST4000DM000,4000787030016,0,118.0,196472776.0,97.0,0.0,100.0,3.0,100.0,0.0,86.0,441739137.0,67.0,29395.0,100.0,0.0,100.0,3.0,98.0,2.0,100.0,0.0,100.0,0.0,100.0,0.0,100.0,0.0,78.0,22.0,100.0,0.0,100.0,0.0,96.0,8627.0,22.0,22.0,100.0,0.0,100.0,0.0,200.0,0.0,100.0,29310.0,100.0,47594489832.0,100.0,118854500144.0
2019-05-24,Z305GNBQ,ST4000DM000,4000787030016,0,118.0,185027744.0,97.0,0.0,100.0,3.0,100.0,0.0,86.0,442343237.0,67.0,29419.0,100.0,0.0,100.0,3.0,98.0,2.0,100.0,0.0,100.0,0.0,100.0,0.0,100.0,0.0,79.0,21.0,100.0,0.0,100.0,0.0,96.0,8627.0,21.0,21.0,100.0,0.0,100.0,0.0,200.0,0.0,100.0,29334.0,100.0,47605433464.0,100.0,118936730551.0
2019-05-25,Z305GNBQ,ST4000DM000,4000787030016,0,118.0,168034752.0,97.0,0.0,100.0,3.0,100.0,0.0,86.0,444512159.0,67.0,29443.0,100.0,0.0,100.0,3.0,98.0,2.0,100.0,0.0,100.0,0.0,100.0,0.0,100.0,0.0,79.0,21.0,100.0,0.0,100.0,0.0,96.0,8627.0,21.0,21.0,100.0,0.0,100.0,0.0,200.0,0.0,100.0,29358.0,100.0,47623170552.0,100.0,119098556154.0
2019-05-26,Z305GNBQ,ST4000DM000,4000787030016,0,117.0,163578880.0,97.0,0.0,100.0,3.0,100.0,0.0,86.0,445639145.0,67.0,29467.0,100.0,0.0,100.0,3.0,98.0,2.0,100.0,0.0,100.0,0.0,100.0,0.0,100.0,0.0,78.0,22.0,100.0,0.0,100.0,0.0,96.0,8627.0,22.0,22.0,100.0,0.0,100.0,0.0,200.0,0.0,100.0,29382.0,100.0,47634656280.0,100.0,119249715287.0
2019-05-27,Z305GNBQ,ST4000DM000,4000787030016,0,118.0,170317520.0,97.0,0.0,100.0,3.0,100.0,0.0,86.0,446482447.0,67.0,29491.0,100.0,0.0,100.0,3.0,98.0,2.0,100.0,0.0,100.0,0.0,100.0,0.0,100.0,0.0,78.0,22.0,100.0,0.0,100.0,0.0,96.0,8627.0,22.0,22.0,100.0,0.0,100.0,0.0,200.0,0.0,100.0,29406.0,100.0,47645579064.0,100.0,119354150356.0
2019-05-28,Z305GNBQ,ST4000DM000,4000787030016,0,119.0,230077248.0,97.0,0.0,100.0,3.0,100.0,0.0,86.0,448425216.0,67.0,29515.0,100.0,0.0,100.0,3.0,98.0,2.0,100.0,0.0,100.0,0.0,100.0,0.0,100.0,0.0,78.0,22.0,100.0,0.0,100.0,0.0,96.0,8627.0,22.0,22.0,100.0,0.0,100.0,0.0,200.0,0.0,100.0,29430.0,100.0,47669282328.0,100.0,119477097735.0
2019-05-29,Z305GNBQ,ST4000DM000,4000787030016,0,118.0,187325272.0,97.0,0.0,100.0,3.0,100.0,0.0,86.0,449063007.0,67.0,29539.0,100.0,0.0,100.0,3.0,98.0,2.0,100.0,0.0,100.0,0.0,100.0,0.0,100.0,0.0,78.0,22.0,100.0,0.0,100.0,0.0,96.0,8627.0,22.0,22.0,100.0,0.0,100.0,0.0,200.0,0.0,100.0,29454.0,100.0,47679895848.0,100.0,119556496581.0
2019-05-30,Z305GNBQ,ST4000DM000,4000787030016,0,114.0,77724224.0,96.0,0.0,100.0,4.0,100.0,0.0,86.0,449798112.0,67.0,29563.0,100.0,0.0,100.0,4.0,98.0,2.0,100.0,0.0,100.0,0.0,100.0,0.0,100.0,0.0,79.0,21.0,100.0,0.0,100.0,0.0,96.0,8628.0,21.0,21.0,100.0,0.0,100.0,0.0,200.0,0.0,100.0,29478.0,100.0,47695943872.0,100.0,119643861403.0
2019-05-31,Z305GNBQ,ST4000DM000,4000787030016,0,117.0,120575848.0,96.0,0.0,100.0,4.0,100.0,0.0,86.0,450369851.0,67.0,29587.0,100.0,0.0,100.0,4.0,98.0,2.0,100.0,0.0,100.0,0.0,100.0,0.0,100.0,0.0,78.0,22.0,100.0,0.0,100.0,0.0,96.0,8628.0,22.0,22.0,100.0,0.0,100.0,0.0,200.0,0.0,100.0,29502.0,100.0,47709499824.0,100.0,119786292152.0
2019-06-01,Z305GNBQ,ST4000DM000,4000787030016,0,115.0,94736448.0,96.0,0.0,100.0,4.0,100.0,0.0,86.0,453697605.0,67.0,29611.0,100.0,0.0,100.0,4.0,98.0,2.0,100.0,0.0,100.0,0.0,100.0,0.0,100.0,0.0,78.0,22.0,100.0,0.0,100.0,0.0,96.0,8628.0,22.0,22.0,100.0,0.0,100.0,0.0,200.0,0.0,100.0,29526.0,100.0,47732794488.0,100.0,120000102951.0
2019-06-02,Z305GNBQ,ST4000DM000,4000787030016,0,120.0,238979024.0,96.0,0.0,100.0,4.0,100.0,0.0,86.0,454438332.0,67.0,29635.0,100.0,0.0,100.0,4.0,98.0,2.0,100.0,0.0,100.0,0.0,100.0,0.0,100.0,0.0,79.0,21.0,100.0,0.0,100.0,0.0,96.0,8628.0,21.0,21.0,100.0,0.0,100.0,0.0,200.0,0.0,100.0,29550.0,100.0,47749932728.0,100.0,120150170685.0
2019-06-03,Z305GNBQ,ST4000DM000,4000787030016,0,115.0,85622912.0,96.0,0.0,100.0,4.0,100.0,0.0,86.0,455199818.0,67.0,29659.0,100.0,0.0,100.0,4.0,98.0,2.0,100.0,0.0,100.0,0.0,100.0,0.0,100.0,0.0,79.0,21.0,100.0,0.0,100.0,0.0,96.0,8628.0,21.0,21.0,100.0,0.0,100.0,0.0,200.0,0.0,100.0,29574.0,100.0,47762785872.0,100.0,120329367898.0
2019-06-04,Z305GNBQ,ST4000DM000,4000787030016,0,119.0,228345096.0,96.0,0.0,100.0,4.0,100.0,0.0,86.0,456739805.0,67.0,29683.0,100.0,0.0,100.0,4.0,98.0,2.0,100.0,0.0,100.0,0.0,100.0,0.0,100.0,0.0,78.0,22.0,100.0,0.0,100.0,0.0,96.0,8628.0,22.0,22.0,100.0,0.0,100.0,0.0,200.0,0.0,100.0,29598.0,100.0,47779176968.0,100.0,120478704533.0
2019-06-05,Z305GNBQ,ST4000DM000,4000787030016,0,120.0,977536.0,96.0,0.0,100.0,4.0,100.0,0.0,86.0,457284814.0,67.0,29707.0,100.0,0.0,100.0,4.0,98.0,2.0,100.0,0.0,100.0,0.0,100.0,0.0,100.0,0.0,79.0,21.0,100.0,0.0,100.0,0.0,96.0,8628.0,21.0,21.0,100.0,0.0,100.0,0.0,200.0,0.0,100.0,29622.0,100.0,47793465032.0,100.0,120653290877.0
2019-06-06,Z305GNBQ,ST4000DM000,4000787030016,0,119.0,233571744.0,96.0,0.0,100.0,4.0,100.0,0.0,86.0,458023977.0,67.0,29731.0,100.0,0.0,100.0,4.0,98.0,2.0,100.0,0.0,100.0,0.0,100.0,0.0,100.0,0.0,79.0,21.0,100.0,0.0,100.0,0.0,96.0,8628.0,21.0,21.0,100.0,0.0,100.0,0.0,200.0,0.0,100.0,29646.0,100.0,47815816104.0,100.0,120810243383.0
2019-06-07,Z305GNBQ,ST4000DM000,4000787030016,0,115.0,88100544.0,96.0,0.0,100.0,4.0,100.0,0.0,86.0,458939972.0,67.0,29755.0,100.0,0.0,100.0,4.0,98.0,2.0,100.0,0.0,100.0,0.0,100.0,0.0,100.0,0.0,79.0,21.0,100.0,0.0,100.0,0.0,96.0,8628.0,21.0,21.0,100.0,0.0,100.0,0.0,200.0,0.0,100.0,29670.0,100.0,47828247744.0,100.0,120964680915.0
2019-06-08,Z305GNBQ,ST4000DM000,4000787030016,0,119.0,210875208.0,96.0,0.0,100.0,4.0,100.0,0.0,86.0,461359519.0,67.0,29779.0,100.0,0.0,100.0,4.0,98.0,2.0,100.0,0.0,100.0,0.0,100.0,0.0,100.0,0.0,78.0,22.0,100.0,0.0,100.0,0.0,96.0,8628.0,22.0,22.0,100.0,0.0,100.0,0.0,200.0,0.0,100.0,29694.0,100.0,47845857672.0,100.0,121158848709.0
2019-06-09,Z305GNBQ,ST4000DM000,4000787030016,0,118.0,196394368.0,96.0,0.0,100.0,4.0,100.0,0.0,86.0,462650583.0,66.0,29803.0,100.0,0.0,100.0,4.0,98.0,2.0,100.0,0.0,100.0,0.0,100.0,0.0,100.0,0.0,79.0,21.0,100.0,0.0,100.0,0.0,96.0,8628.0,21.0,21.0,100.0,0.0,100.0,0.0,200.0,0.0,100.0,29718.0,100.0,47858409360.0,100.0,121341034659.0
2019-06-10,Z305GNBQ,ST4000DM000,4000787030016,0,119.0,202691312.0,96.0,0.0,100.0,4.0,100.0,0.0,86.0,464173184.0,66.0,29827.0,100.0,0.0,100.0,4.0,98.0,2.0,100.0,0.0,100.0,0.0,100.0,0.0,100.0,0.0,79.0,21.0,100.0,0.0,100.0,0.0,96.0,8628.0,21.0,21.0,100.0,0.0,100.0,0.0,200.0,0.0,100.0,29742.0,100.0,47869508624.0,100.0,121518690327.0
2019-06-11,Z305GNBQ,ST4000DM000,4000787030016,0,117.0,133192248.0,96.0,0.0,100.0,4.0,100.0,0.0,86.0,465971937.0,66.0,29851.0,100.0,0.0,100.0,4.0,98.0,2.0,100.0,0.0,100.0,0.0,100.0,0.0,100.0,0.0,79.0,21.0,100.0,0.0,100.0,0.0,96.0,8628.0,21.0,21.0,100.0,0.0,100.0,0.0,200.0,0.0,100.0,29766.0,100.0,47889966240.0,100.0,121645932694.0
2019-06-12,Z305GNBQ,ST4000DM000,4000787030016,0,119.0,227934192.0,96.0,0.0,100.0,4.0,100.0,0.0,86.0,466872317.0,66.0,29875.0,100.0,0.0,100.0,4.0,98.0,2.0,100.0,0.0,100.0,0.0,100.0,0.0,100.0,0.0,79.0,21.0,100.0,0.0,100.0,0.0,96.0,8628.0,21.0,21.0,100.0,0.0,100.0,0.0,200.0,0.0,100.0,29790.0,100.0,47912490904.0,100.0,121770848793.0
2019-06-13,Z305GNBQ,ST4000DM000,4000787030016,0,118.0,190247040.0,96.0,0.0,100.0,4.0,100.0,0.0,86.0,467801675.0,66.0,29899.0,100.0,0.0,100.0,4.0,98.0,2.0,100.0,0.0,100.0,0.0,100.0,0.0,100.0,0.0,79.0,21.0,100.0,0.0,100.0,0.0,96.0,8628.0,21.0,21.0,100.0,0.0,100.0,0.0,200.0,0.0,100.0,29814.0,100.0,47925348320.0,100.0,121907717847.0
2019-06-14,Z305GNBQ,ST4000DM000,4000787030016,0,114.0,61016152.0,96.0,0.0,100.0,4.0,100.0,0.0,86.0,468838709.0,66.0,29923.0,100.0,0.0,100.0,4.0,98.0,2.0,100.0,0.0,100.0,0.0,100.0,0.0,100.0,0.0,79.0,21.0,100.0,0.0,100.0,0.0,96.0,8628.0,21.0,21.0,100.0,0.0,100.0,0.0,200.0,0.0,100.0,29838.0,100.0,47939245952.0,100.0,122036162889.0
2019-06-15,Z305GNBQ,ST4000DM000,4000787030016,0,119.0,232275632.0,96.0,0.0,100.0,4.0,100.0,0.0,87.0,472115317.0,66.0,29947.0,100.0,0.0,100.0,4.0,98.0,2.0,100.0,0.0,100.0,0.0,100.0,0.0,100.0,0.0,78.0,22.0,100.0,0.0,100.0,0.0,96.0,8628.0,22.0,22.0,100.0,0.0,100.0,0.0,200.0,0.0,100.0,29862.0,100.0,47960009464.0,100.0,122224826204.0
2019-06-16,Z305GNBQ,ST4000DM000,4000787030016,0,119.0,220248504.0,96.0,0.0,100.0,4.0,100.0,0.0,87.0,473172230.0,66.0,29971.0,100.0,0.0,100.0,4.0,98.0,2.0,100.0,0.0,100.0,0.0,100.0,0.0,100.0,0.0,78.0,22.0,100.0,0.0,100.0,0.0,96.0,8628.0,22.0,22.0,100.0,0.0,100.0,0.0,200.0,0.0,100.0,29886.0,100.0,47972374864.0,100.0,122349955891.0
2019-06-17,Z305GNBQ,ST4000DM000,4000787030016,0,119.0,210160352.0,96.0,0.0,100.0,4.0,100.0,0.0,87.0,474221872.0,66.0,29995.0,100.0,0.0,100.0,4.0,98.0,2.0,100.0,0.0,100.0,0.0,100.0,0.0,100.0,0.0,78.0,22.0,100.0,0.0,100.0,0.0,96.0,8628.0,22.0,22.0,100.0,0.0,100.0,0.0,200.0,0.0,100.0,29910.0,100.0,47989507008.0,100.0,122453900560.0
2019-06-18,Z305GNBQ,ST4000DM000,4000787030016,0,105.0,9638504.0,96.0,0.0,100.0,4.0,100.0,0.0,87.0,475747488.0,66.0,30019.0,100.0,0.0,100.0,4.0,98.0,2.0,100.0,0.0,100.0,0.0,100.0,0.0,100.0,0.0,79.0,21.0,100.0,0.0,100.0,0.0,96.0,8628.0,21.0,21.0,100.0,0.0,100.0,0.0,200.0,0.0,100.0,29934.0,100.0,48006928224.0,100.0,122507908703.0
2019-06-19,Z305GNBQ,ST4000DM000,4000787030016,0,110.0,26210072.0,96.0,0.0,100.0,4.0,100.0,0.0,87.0,476700109.0,66.0,30043.0,100.0,0.0,100.0,4.0,98.0,2.0,100.0,0.0,100.0,0.0,100.0,0.0,100.0,0.0,78.0,22.0,100.0,0.0,100.0,0.0,96.0,8628.0,22.0,22.0,100.0,0.0,100.0,0.0,200.0,0.0,100.0,29958.0,100.0,48025003600.0,100.0,122638742580.0
2019-06-20,Z305GNBQ,ST4000DM000,4000787030016,0,112.0,43919256.0,96.0,0.0,100.0,4.0,100.0,0.0,87.0,477773062.0,66.0,30067.0,100.0,0.0,100.0,4.0,98.0,2.0,100.0,0.0,100.0,0.0,100.0,0.0,100.0,0.0,78.0,22.0,100.0,0.0,100.0,0.0,96.0,8628.0,22.0,22.0,100.0,0.0,100.0,0.0,200.0,0.0,100.0,29982.0,100.0,48042229728.0,100.0,122774255596.0
2019-06-21,Z305GNBQ,ST4000DM000,4000787030016,0,118.0,195648024.0,96.0,0.0,100.0,4.0,100.0,0.0,87.0,479082300.0,66.0,30091.0,100.0,0.0,100.0,4.0,98.0,2.0,100.0,0.0,100.0,0.0,100.0,0.0,100.0,0.0,78.0,22.0,100.0,0.0,100.0,0.0,96.0,8628.0,22.0,22.0,100.0,0.0,100.0,0.0,200.0,0.0,100.0,30006.0,100.0,48066401552.0,100.0,122921016476.0
2019-06-22,Z305GNBQ,ST4000DM000,4000787030016,0,117.0,138990424.0,96.0,0.0,100.0,4.0,100.0,0.0,87.0,481188850.0,66.0,30115.0,100.0,0.0,100.0,4.0,98.0,2.0,100.0,0.0,100.0,0.0,100.0,0.0,100.0,0.0,78.0,22.0,100.0,0.0,100.0,0.0,96.0,8628.0,22.0,22.0,100.0,0.0,100.0,0.0,200.0,0.0,100.0,30029.0,100.0,48083742776.0,100.0,123050118008.0
2019-06-23,Z305GNBQ,ST4000DM000,4000787030016,0,114.0,65979784.0,96.0,0.0,100.0,4.0,100.0,0.0,87.0,481948876.0,66.0,30138.0,100.0,0.0,100.0,4.0,98.0,2.0,100.0,0.0,100.0,0.0,100.0,0.0,100.0,0.0,79.0,21.0,100.0,0.0,100.0,0.0,96.0,8628.0,21.0,21.0,100.0,0.0,100.0,0.0,200.0,0.0,100.0,30053.0,100.0,48099309104.0,100.0,123131382119.0
2019-06-24,Z305GNBQ,ST4000DM000,4000787030016,0,114.0,61907384.0,96.0,0.0,100.0,4.0,100.0,0.0,87.0,482767556.0,66.0,30162.0,100.0,0.0,100.0,4.0,98.0,2.0,100.0,0.0,100.0,0.0,100.0,0.0,100.0,0.0,78.0,22.0,100.0,0.0,100.0,0.0,96.0,8628.0,22.0,22.0,100.0,0.0,100.0,0.0,200.0,0.0,100.0,30077.0,100.0,48112405264.0,100.0,123221710457.0
2019-06-25,Z305GNBQ,ST4000DM000,4000787030016,0,116.0,102369368.0,96.0,0.0,100.0,4.0,100.0,0.0,87.0,484677998.0,66.0,30186.0,100.0,0.0,100.0,4.0,98.0,2.0,100.0,0.0,100.0,0.0,100.0,0.0,100.0,0.0,78.0,22.0,100.0,0.0,100.0,0.0,96.0,8628.0,22.0,22.0,100.0,0.0,100.0,0.0,200.0,0.0,100.0,30101.0,100.0,48130559064.0,100.0,123312817543.0
2019-06-26,Z305GNBQ,ST4000DM000,4000787030016,0,117.0,122412496.0,96.0,0.0,100.0,4.0,100.0,0.0,87.0,485504655.0,66.0,30210.0,100.0,0.0,100.0,4.0,98.0,2.0,100.0,0.0,100.0,0.0,100.0,0.0,100.0,0.0,79.0,21.0,100.0,0.0,100.0,0.0,96.0,8628.0,21.0,21.0,100.0,0.0,100.0,0.0,200.0,0.0,100.0,30125.0,100.0,48147561520.0,100.0,123383297547.0
2019-06-27,Z305GNBQ,ST4000DM000,4000787030016,0,118.0,172135360.0,96.0,0.0,100.0,4.0,100.0,0.0,87.0,486664867.0,66.0,30234.0,100.0,0.0,100.0,4.0,98.0,2.0,100.0,0.0,100.0,0.0,100.0,0.0,100.0,0.0,78.0,22.0,100.0,0.0,100.0,0.0,96.0,8628.0,22.0,22.0,100.0,0.0,100.0,0.0,200.0,0.0,100.0,30149.0,100.0,48159336128.0,100.0,123519804348.0
2019-06-28,Z305GNBQ,ST4000DM000,4000787030016,0,117.0,156743288.0,96.0,0.0,100.0,4.0,100.0,0.0,87.0,488331267.0,66.0,30258.0,100.0,0.0,100.0,4.0,98.0,2.0,100.0,0.0,100.0,0.0,100.0,0.0,100.0,0.0,78.0,22.0,100.0,0.0,100.0,0.0,96.0,8628.0,22.0,22.0,100.0,0.0,100.0,0.0,200.0,0.0,100.0,30173.0,100.0,48171101896.0,100.0,123741814961.0
2019-06-29,Z305GNBQ,ST4000DM000,4000787030016,0,118.0,197907424.0,96.0,0.0,100.0,4.0,100.0,0.0,87.0,491688581.0,66.0,30282.0,100.0,0.0,100.0,4.0,98.0,2.0,100.0,0.0,100.0,0.0,100.0,0.0,100.0,0.0,78.0,22.0,100.0,0.0,100.0,0.0,96.0,8628.0,22.0,22.0,100.0,0.0,100.0,0.0,200.0,0.0,100.0,30197.0,100.0,48193274568.0,100.0,123868189726.0
2019-06-30,Z305GNBQ,ST4000DM000,4000787030016,0,113.0,50785872.0,96.0,0.0,100.0,4.0,100.0,0.0,87.0,492551514.0,66.0,30306.0,100.0,0.0,100.0,4.0,98.0,2.0,100.0,0.0,100.0,0.0,100.0,0.0,100.0,0.0,78.0,22.0,100.0,0.0,100.0,0.0,96.0,8628.0,22.0,22.0,100.0,0.0,100.0,0.0,200.0,0.0,100.0,30221.0,100.0,48210657808.0,100.0,123954227789.0
2019-07-01,Z305GNBQ,ST4000DM000,4000787030016,0,120.0,240632592.0,96.0,0.0,100.0,4.0,100.0,0.0,87.0,493295455.0,66.0,30330.0,100.0,0.0,100.0,4.0,98.0,2.0,100.0,0.0,100.0,0.0,100.0,0.0,100.0,0.0,79.0,21.0,100.0,0.0,100.0,0.0,96.0,8628.0,21.0,21.0,100.0,0.0,100.0,0.0,200.0,0.0,100.0,30244.0,100.0,48226559008.0,100.0,124037683393.0
2019-07-02,Z305GNBQ,ST4000DM000,4000787030016,0,118.0,175612376.0,96.0,0.0,100.0,4.0,100.0,0.0,87.0,495236546.0,66.0,30354.0,100.0,0.0,100.0,4.0,98.0,2.0,100.0,0.0,100.0,0.0,100.0,0.0,100.0,0.0,78.0,22.0,100.0,0.0,100.0,0.0,96.0,8628.0,22.0,22.0,100.0,0.0,100.0,0.0,200.0,0.0,100.0,30268.0,100.0,48245425008.0,100.0,124146801247.0
2019-07-03,Z305GNBQ,ST4000DM000,4000787030016,0,119.0,205347696.0,96.0,0.0,100.0,4.0,100.0,0.0,87.0,496736732.0,66.0,30378.0,100.0,0.0,100.0,4.0,98.0,2.0,100.0,0.0,100.0,0.0,100.0,0.0,100.0,0.0,78.0,22.0,100.0,0.0,100.0,0.0,96.0,8628.0,22.0,22.0,100.0,0.0,100.0,0.0,200.0,0.0,100.0,30292.0,100.0,48280026368.0,100.0,124278088182.0
2019-07-04,Z305GNBQ,ST4000DM000,4000787030016,0,107.0,13113616.0,96.0,0.0,100.0,4.0,100.0,0.0,87.0,498315649.0,66.0,30402.0,100.0,0.0,100.0,4.0,98.0,2.0,100.0,0.0,100.0,0.0,100.0,0.0,100.0,0.0,79.0,21.0,100.0,0.0,100.0,0.0,96.0,8628.0,21.0,21.0,100.0,0.0,100.0,0.0,200.0,0.0,100.0,30316.0,100.0,48302680872.0,100.0,124402097785.0
2019-07-05,Z305GNBQ,ST4000DM000,4000787030016,0,118.0,196515736.0,96.0,0.0,100.0,4.0,100.0,0.0,87.0,499136529.0,66.0,30425.0,100.0,0.0,100.0,4.0,98.0,2.0,100.0,0.0,100.0,0.0,100.0,0.0,100.0,0.0,78.0,22.0,100.0,0.0,100.0,0.0,96.0,8628.0,22.0,22.0,100.0,0.0,100.0,0.0,200.0,0.0,100.0,30340.0,100.0,48317118688.0,100.0,124539131943.0
2019-07-06,Z305GNBQ,ST4000DM000,4000787030016,0,120.0,1727712.0,96.0,0.0,100.0,4.0,100.0,0.0,87.0,501262295.0,66.0,30449.0,100.0,0.0,100.0,4.0,98.0,2.0,100.0,0.0,100.0,0.0,100.0,0.0,100.0,0.0,78.0,22.0,100.0,0.0,100.0,0.0,96.0,8628.0,22.0,22.0,100.0,0.0,100.0,0.0,200.0,0.0,100.0,30364.0,100.0,48338327936.0,100.0,124695986149.0
2019-07-07,Z305GNBQ,ST4000DM000,4000787030016,0,117.0,151805256.0,96.0,0.0,100.0,4.0,100.0,0.0,87.0,502555425.0,66.0,30473.0,100.0,0.0,100.0,4.0,98.0,2.0,100.0,0.0,100.0,0.0,100.0,0.0,100.0,0.0,78.0,22.0,100.0,0.0,100.0,0.0,96.0,8628.0,22.0,22.0,100.0,0.0,100.0,0.0,200.0,0.0,100.0,30388.0,100.0,48352482320.0,100.0,124893627606.0
2019-07-08,Z305GNBQ,ST4000DM000,4000787030016,0,117.0,152686856.0,96.0,0.0,100.0,4.0,100.0,0.0,87.0,504607732.0,66.0,30497.0,100.0,0.0,100.0,4.0,98.0,2.0,100.0,0.0,100.0,0.0,100.0,0.0,100.0,0.0,78.0,22.0,100.0,0.0,100.0,0.0,96.0,8628.0,22.0,22.0,100.0,0.0,100.0,0.0,200.0,0.0,100.0,30412.0,100.0,48377509824.0,100.0,125032175329.0
2019-07-09,Z305GNBQ,ST4000DM000,4000787030016,0,115.0,86935072.0,96.0,0.0,100.0,4.0,100.0,0.0,87.0,506241094.0,66.0,30521.0,100.0,0.0,100.0,4.0,98.0,2.0,100.0,0.0,100.0,0.0,100.0,0.0,100.0,0.0,78.0,22.0,100.0,0.0,100.0,0.0,96.0,8628.0,22.0,22.0,100.0,0.0,100.0,0.0,200.0,0.0,100.0,30436.0,100.0,48395218792.0,100.0,125081528993.0
2019-07-10,Z305GNBQ,ST4000DM000,4000787030016,0,117.0,143477968.0,96.0,0.0,100.0,4.0,100.0,0.0,87.0,507312963.0,66.0,30545.0,100.0,0.0,100.0,4.0,98.0,2.0,100.0,0.0,100.0,0.0,100.0,0.0,100.0,0.0,78.0,22.0,100.0,0.0,100.0,0.0,96.0,8628.0,22.0,22.0,100.0,0.0,100.0,0.0,200.0,0.0,100.0,30460.0,100.0,48414261920.0,100.0,125247540840.0
2019-07-11,Z305GNBQ,ST4000DM000,4000787030016,0,117.0,120155296.0,96.0,0.0,100.0,4.0,100.0,0.0,87.0,508578074.0,66.0,30569.0,100.0,0.0,100.0,4.0,98.0,2.0,100.0,0.0,100.0,0.0,100.0,0.0,100.0,0.0,78.0,22.0,100.0,0.0,100.0,0.0,96.0,8628.0,22.0,22.0,100.0,0.0,100.0,0.0,200.0,0.0,100.0,30484.0,100.0,48436128960.0,100.0,125438312177.0
2019-07-12,Z305GNBQ,ST4000DM000,4000787030016,0,119.0,233206992.0,96.0,0.0,100.0,4.0,100.0,0.0,87.0,509874392.0,66.0,30593.0,100.0,0.0,100.0,4.0,98.0,2.0,100.0,0.0,100.0,0.0,100.0,0.0,100.0,0.0,78.0,22.0,100.0,0.0,100.0,0.0,96.0,8628.0,22.0,22.0,100.0,0.0,100.0,0.0,200.0,0.0,100.0,30508.0,100.0,48455220088.0,100.0,125600629397.0
2019-07-13,Z305GNBQ,ST4000DM000,4000787030016,0,119.0,233012888.0,96.0,0.0,100.0,4.0,100.0,0.0,87.0,511880192.0,66.0,30617.0,100.0,0.0,100.0,4.0,98.0,2.0,100.0,0.0,100.0,0.0,100.0,0.0,100.0,0.0,78.0,22.0,100.0,0.0,100.0,0.0,96.0,8628.0,22.0,22.0,100.0,0.0,100.0,0.0,200.0,0.0,100.0,30532.0,100.0,48469238712.0,100.0,125830524221.0
2019-07-14,Z305GNBQ,ST4000DM000,4000787030016,0,111.0,34941424.0,96.0,0.0,100.0,4.0,100.0,0.0,87.0,513636768.0,66.0,30641.0,100.0,0.0,100.0,4.0,98.0,2.0,100.0,0.0,100.0,0.0,100.0,0.0,100.0,0.0,78.0,22.0,100.0,0.0,100.0,0.0,96.0,8628.0,22.0,22.0,100.0,0.0,100.0,0.0,200.0,0.0,100.0,30556.0,100.0,48488496512.0,100.0,125987299281.0
2019-07-15,Z305GNBQ,ST4000DM000,4000787030016,0,115.0,85448376.0,96.0,0.0,100.0,4.0,100.0,0.0,87.0,515196903.0,65.0,30665.0,100.0,0.0,100.0,4.0,98.0,2.0,100.0,0.0,100.0,0.0,100.0,0.0,100.0,0.0,78.0,22.0,100.0,0.0,100.0,0.0,96.0,8628.0,22.0,22.0,100.0,0.0,100.0,0.0,200.0,0.0,100.0,30580.0,100.0,48503060400.0,100.0,126226344183.0
2019-07-16,Z305GNBQ,ST4000DM000,4000787030016,0,117.0,148377776.0,96.0,0.0,100.0,4.0,100.0,0.0,87.0,517245892.0,65.0,30689.0,100.0,0.0,100.0,4.0,98.0,2.0,100.0,0.0,100.0,0.0,100.0,0.0,100.0,0.0,78.0,22.0,100.0,0.0,100.0,0.0,96.0,8628.0,22.0,22.0,100.0,0.0,100.0,0.0,200.0,0.0,100.0,30603.0,100.0,48533762664.0,100.0,126357660040.0
2019-07-17,Z305GNBQ,ST4000DM000,4000787030016,0,119.0,201709776.0,96.0,0.0,100.0,4.0,100.0,0.0,87.0,519261737.0,65.0,30724.0,100.0,0.0,100.0,4.0,98.0,2.0,100.0,0.0,100.0,0.0,100.0,0.0,100.0,0.0,78.0,22.0,100.0,0.0,100.0,0.0,96.0,8628.0,22.0,22.0,100.0,0.0,100.0,0.0,200.0,0.0,100.0,30639.0,100.0,48560889760.0,100.0,126657875602.0
2019-07-18,Z305GNBQ,ST4000DM000,4000787030016,0,114.0,69639664.0,96.0,0.0,100.0,4.0,100.0,0.0,87.0,520836831.0,65.0,30749.0,100.0,0.0,100.0,4.0,98.0,2.0,100.0,0.0,100.0,0.0,100.0,0.0,100.0,0.0,78.0,22.0,100.0,0.0,100.0,0.0,96.0,8628.0,22.0,22.0,100.0,0.0,100.0,0.0,200.0,0.0,100.0,30663.0,100.0,48576831416.0,100.0,126889067339.0
2019-07-19,Z305GNBQ,ST4000DM000,4000787030016,0,115.0,85333168.0,96.0,0.0,100.0,4.0,100.0,0.0,87.0,522428033.0,65.0,30773.0,100.0,0.0,100.0,4.0,98.0,2.0,100.0,0.0,100.0,0.0,100.0,0.0,100.0,0.0,78.0,22.0,100.0,0.0,100.0,0.0,96.0,8628.0,22.0,22.0,100.0,0.0,100.0,0.0,200.0,0.0,100.0,30687.0,100.0,48592681032.0,100.0,127140929277.0
2019-07-20,Z305GNBQ,ST4000DM000,4000787030016,0,118.0,196554088.0,96.0,0.0,100.0,4.0,100.0,0.0,87.0,525253152.0,65.0,30796.0,100.0,0.0,100.0,4.0,98.0,2.0,100.0,0.0,100.0,0.0,100.0,0.0,100.0,0.0,78.0,22.0,100.0,0.0,100.0,0.0,96.0,8628.0,22.0,22.0,100.0,0.0,100.0,0.0,200.0,0.0,100.0,30711.0,100.0,48612695856.0,100.0,127424179595.0
2019-07-21,Z305GNBQ,ST4000DM000,4000787030016,0,115.0,96667360.0,96.0,0.0,100.0,4.0,100.0,0.0,87.0,526940162.0,65.0,30820.0,100.0,0.0,100.0,4.0,98.0,2.0,100.0,0.0,100.0,0.0,100.0,0.0,100.0,0.0,78.0,22.0,100.0,0.0,100.0,0.0,96.0,8628.0,22.0,22.0,100.0,0.0,100.0,0.0,200.0,0.0,100.0,30735.0,100.0,48630894712.0,100.0,127701879642.0
2019-07-22,Z305GNBQ,ST4000DM000,4000787030016,0,117.0,135987648.0,96.0,0.0,100.0,4.0,100.0,0.0,87.0,529794341.0,65.0,30844.0,100.0,0.0,100.0,4.0,98.0,2.0,100.0,0.0,100.0,0.0,100.0,0.0,100.0,0.0,78.0,22.0,100.0,0.0,100.0,0.0,96.0,8628.0,22.0,22.0,100.0,0.0,100.0,0.0,200.0,0.0,100.0,30759.0,100.0,48652080088.0,100.0,127892684752.0
2019-07-23,Z305GNBQ,ST4000DM000,4000787030016,0,118.0,198358248.0,96.0,0.0,100.0,4.0,100.0,0.0,87.0,531103793.0,65.0,30868.0,100.0,0.0,100.0,4.0,98.0,2.0,100.0,0.0,100.0,0.0,100.0,0.0,100.0,0.0,78.0,22.0,100.0,0.0,100.0,0.0,96.0,8628.0,22.0,22.0,100.0,0.0,100.0,0.0,200.0,0.0,100.0,30783.0,100.0,48678735464.0,100.0,128178487150.0
2019-07-24,Z305GNBQ,ST4000DM000,4000787030016,0,115.0,97488016.0,96.0,0.0,100.0,4.0,100.0,0.0,87.0,531672805.0,65.0,30880.0,100.0,0.0,100.0,4.0,98.0,2.0,100.0,0.0,100.0,0.0,100.0,0.0,100.0,0.0,78.0,22.0,100.0,0.0,100.0,0.0,96.0,8628.0,22.0,22.0,100.0,0.0,100.0,0.0,200.0,0.0,100.0,30795.0,100.0,48695349792.0,100.0,128341494675.0
2019-07-25,Z305GNBQ,ST4000DM000,4000787030016,0,112.0,43757152.0,96.0,0.0,100.0,4.0,100.0,0.0,87.0,532525835.0,65.0,30904.0,100.0,0.0,100.0,4.0,98.0,2.0,100.0,0.0,100.0,0.0,100.0,0.0,100.0,0.0,78.0,22.0,100.0,0.0,100.0,0.0,96.0,8628.0,22.0,22.0,100.0,0.0,100.0,0.0,200.0,0.0,100.0,30819.0,100.0,48710921576.0,100.0,128607800176.0
2019-07-26,Z305GNBQ,ST4000DM000,4000787030016,0,115.0,95731816.0,96.0,0.0,100.0,4.0,100.0,0.0,87.0,533905959.0,65.0,30928.0,100.0,0.0,100.0,4.0,98.0,2.0,100.0,0.0,100.0,0.0,100.0,0.0,100.0,0.0,78.0,22.0,100.0,0.0,100.0,0.0,96.0,8628.0,22.0,22.0,100.0,0.0,100.0,0.0,200.0,0.0,100.0,30843.0,100.0,48732909448.0,100.0,128941462532.0
2019-07-27,Z305GNBQ,ST4000DM000,4000787030016,0,119.0,453576.0,96.0,0.0,100.0,4.0,100.0,0.0,87.0,536519594.0,65.0,30952.0,100.0,0.0,100.0,4.0,98.0,2.0,100.0,0.0,100.0,0.0,100.0,0.0,100.0,0.0,78.0,22.0,100.0,0.0,100.0,0.0,96.0,8628.0,22.0,22.0,100.0,0.0,100.0,0.0,200.0,0.0,100.0,30867.0,100.0,48745429976.0,100.0,129271477637.0
2019-07-28,Z305GNBQ,ST4000DM000,4000787030016,0,114.0,74822552.0,96.0,0.0,100.0,4.0,100.0,0.0,87.0,540262170.0,65.0,30976.0,100.0,0.0,100.0,4.0,98.0,2.0,100.0,0.0,100.0,0.0,100.0,0.0,100.0,0.0,79.0,21.0,100.0,0.0,100.0,0.0,96.0,8628.0,21.0,21.0,100.0,0.0,100.0,0.0,200.0,0.0,100.0,30891.0,100.0,48761956296.0,100.0,129671652006.0
2019-07-29,Z305GNBQ,ST4000DM000,4000787030016,0,113.0,55991160.0,96.0,0.0,100.0,4.0,100.0,0.0,87.0,542183144.0,65.0,31000.0,100.0,0.0,100.0,4.0,98.0,2.0,100.0,0.0,100.0,0.0,100.0,0.0,100.0,0.0,79.0,21.0,100.0,0.0,100.0,0.0,96.0,8628.0,21.0,21.0,100.0,0.0,100.0,0.0,200.0,0.0,100.0,30915.0,100.0,48777686240.0,100.0,130023163452.0
2019-07-30,Z305GNBQ,ST4000DM000,4000787030016,0,115.0,93290632.0,96.0,0.0,100.0,4.0,100.0,0.0,87.0,544261925.0,65.0,31024.0,100.0,0.0,100.0,4.0,98.0,2.0,100.0,0.0,100.0,0.0,100.0,0.0,100.0,0.0,78.0,22.0,100.0,0.0,100.0,0.0,96.0,8628.0,22.0,22.0,100.0,0.0,100.0,0.0,200.0,0.0,100.0,30939.0,100.0,48792464912.0,100.0,130189444752.0
2019-07-31,Z305GNBQ,ST4000DM000,4000787030016,0,115.0,100067856.0,96.0,0.0,100.0,4.0,100.0,0.0,87.0,546033002.0,65.0,31047.0,100.0,0.0,100.0,4.0,98.0,2.0,100.0,0.0,100.0,0.0,100.0,0.0,100.0,0.0,78.0,22.0,100.0,0.0,100.0,0.0,96.0,8628.0,22.0,22.0,100.0,0.0,100.0,0.0,200.0,0.0,100.0,30962.0,100.0,48804954328.0,100.0,130468395088.0
2019-08-01,Z305GNBQ,ST4000DM000,4000787030016,0,114.0,82920688.0,96.0,0.0,100.0,4.0,100.0,0.0,87.0,547504760.0,65.0,31071.0,100.0,0.0,100.0,4.0,98.0,2.0,100.0,0.0,100.0,0.0,100.0,0.0,100.0,0.0,78.0,22.0,100.0,0.0,100.0,0.0,96.0,8628.0,22.0,22.0,100.0,0.0,100.0,0.0,200.0,0.0,100.0,30986.0,100.0,48828789104.0,100.0,130701418978.0
2019-08-02,Z305GNBQ,ST4000DM000,4000787030016,0,119.0,215081280.0,96.0,0.0,100.0,4.0,100.0,0.0,87.0,548587401.0,65.0,31095.0,100.0,0.0,100.0,4.0,98.0,2.0,100.0,0.0,100.0,0.0,100.0,0.0,100.0,0.0,79.0,21.0,100.0,0.0,100.0,0.0,96.0,8628.0,21.0,21.0,100.0,0.0,100.0,0.0,200.0,0.0,100.0,31010.0,100.0,48846342184.0,100.0,130828461478.0
2019-08-03,Z305GNBQ,ST4000DM000,4000787030016,0,107.0,12909776.0,96.0,0.0,100.0,4.0,100.0,0.0,87.0,550731110.0,65.0,31119.0,100.0,0.0,100.0,4.0,98.0,2.0,100.0,0.0,100.0,0.0,100.0,0.0,100.0,0.0,78.0,22.0,100.0,0.0,100.0,0.0,96.0,8628.0,22.0,22.0,100.0,0.0,100.0,0.0,200.0,0.0,100.0,31034.0,100.0,48888929648.0,100.0,131042158425.0
2019-08-04,Z305GNBQ,ST4000DM000,4000787030016,0,116.0,115679560.0,96.0,0.0,100.0,4.0,100.0,0.0,87.0,552905456.0,65.0,31143.0,100.0,0.0,100.0,4.0,98.0,2.0,100.0,0.0,100.0,0.0,100.0,0.0,100.0,0.0,78.0,22.0,100.0,0.0,100.0,0.0,96.0,8628.0,22.0,22.0,100.0,0.0,100.0,0.0,200.0,0.0,100.0,31058.0,100.0,48910664104.0,100.0,131263209930.0
2019-08-05,Z305GNBQ,ST4000DM000,4000787030016,0,117.0,162407408.0,96.0,0.0,100.0,4.0,100.0,0.0,87.0,554287883.0,65.0,31167.0,100.0,0.0,100.0,4.0,98.0,2.0,100.0,0.0,100.0,0.0,100.0,0.0,100.0,0.0,79.0,21.0,100.0,0.0,100.0,0.0,96.0,8628.0,21.0,21.0,100.0,0.0,100.0,0.0,200.0,0.0,100.0,31082.0,100.0,48921833952.0,100.0,131445638864.0
2019-08-06,Z305GNBQ,ST4000DM000,4000787030016,0,116.0,113212624.0,96.0,0.0,100.0,4.0,100.0,0.0,87.0,556041597.0,65.0,31191.0,100.0,0.0,100.0,4.0,98.0,2.0,100.0,0.0,100.0,0.0,100.0,0.0,100.0,0.0,79.0,21.0,100.0,0.0,100.0,0.0,96.0,8628.0,21.0,21.0,100.0,0.0,100.0,0.0,200.0,0.0,100.0,31106.0,100.0,48946227328.0,100.0,131527642098.0
2019-08-07,Z305GNBQ,ST4000DM000,4000787030016,0,113.0,58633112.0,96.0,0.0,100.0,4.0,100.0,0.0,87.0,557434930.0,65.0,31215.0,100.0,0.0,100.0,4.0,98.0,2.0,100.0,0.0,100.0,0.0,100.0,0.0,100.0,0.0,78.0,22.0,100.0,0.0,100.0,0.0,96.0,8628.0,22.0,22.0,100.0,0.0,100.0,0.0,200.0,0.0,100.0,31130.0,100.0,48973935344.0,100.0,131679223623.0
2019-08-08,Z305GNBQ,ST4000DM000,4000787030016,0,117.0,128552328.0,96.0,0.0,100.0,4.0,100.0,0.0,87.0,558625943.0,65.0,31239.0,100.0,0.0,100.0,4.0,98.0,2.0,100.0,0.0,100.0,0.0,100.0,0.0,100.0,0.0,79.0,21.0,100.0,0.0,100.0,0.0,96.0,8628.0,21.0,21.0,100.0,0.0,100.0,0.0,200.0,0.0,100.0,31154.0,100.0,48995532232.0,100.0,131861604625.0
2019-08-09,Z305GNBQ,ST4000DM000,4000787030016,0,114.0,58843016.0,96.0,0.0,100.0,4.0,100.0,0.0,87.0,560310403.0,65.0,31263.0,100.0,0.0,100.0,4.0,98.0,2.0,100.0,0.0,100.0,0.0,100.0,0.0,100.0,0.0,78.0,22.0,100.0,0.0,100.0,0.0,96.0,8628.0,22.0,22.0,100.0,0.0,100.0,0.0,200.0,0.0,100.0,31177.0,100.0,49013696696.0,100.0,132041613526.0
2019-08-10,Z305GNBQ,ST4000DM000,4000787030016,0,114.0,70845352.0,96.0,0.0,100.0,4.0,100.0,0.0,87.0,563370739.0,65.0,31287.0,100.0,0.0,100.0,4.0,98.0,2.0,100.0,0.0,100.0,0.0,100.0,0.0,100.0,0.0,78.0,22.0,100.0,0.0,100.0,0.0,96.0,8628.0,22.0,22.0,100.0,0.0,100.0,0.0,200.0,0.0,100.0,31201.0,100.0,49039060368.0,100.0,132217158277.0
2019-08-11,Z305GNBQ,ST4000DM000,4000787030016,0,115.0,87043304.0,96.0,0.0,100.0,4.0,100.0,0.0,87.0,564775686.0,65.0,31311.0,100.0,0.0,100.0,4.0,98.0,2.0,100.0,0.0,100.0,0.0,100.0,0.0,100.0,0.0,78.0,22.0,100.0,0.0,100.0,0.0,96.0,8628.0,22.0,22.0,100.0,0.0,100.0,0.0,200.0,0.0,100.0,31226.0,100.0,49056884672.0,100.0,132296762585.0
2019-08-12,Z305GNBQ,ST4000DM000,4000787030016,0,115.0,96350520.0,96.0,0.0,100.0,4.0,100.0,0.0,87.0,565923841.0,65.0,31335.0,100.0,0.0,100.0,4.0,98.0,2.0,100.0,0.0,100.0,0.0,100.0,0.0,100.0,0.0,79.0,21.0,100.0,0.0,100.0,0.0,96.0,8628.0,21.0,21.0,100.0,0.0,100.0,0.0,200.0,0.0,100.0,31250.0,100.0,49081112552.0,100.0,132412366629.0
2019-08-13,Z305GNBQ,ST4000DM000,4000787030016,0,114.0,68670704.0,96.0,0.0,100.0,4.0,100.0,0.0,87.0,567605291.0,65.0,31359.0,100.0,0.0,100.0,4.0,98.0,2.0,100.0,0.0,100.0,0.0,100.0,0.0,100.0,0.0,79.0,21.0,100.0,0.0,100.0,0.0,96.0,8628.0,21.0,21.0,100.0,0.0,100.0,0.0,200.0,0.0,100.0,31274.0,100.0,49099305752.0,100.0,132486191209.0
2019-08-14,Z305GNBQ,ST4000DM000,4000787030016,0,112.0,46581712.0,96.0,0.0,100.0,4.0,100.0,0.0,87.0,569640111.0,65.0,31395.0,100.0,0.0,100.0,4.0,98.0,2.0,100.0,0.0,100.0,0.0,100.0,0.0,100.0,0.0,79.0,21.0,100.0,0.0,100.0,0.0,96.0,8628.0,21.0,21.0,100.0,0.0,100.0,0.0,200.0,0.0,100.0,31310.0,100.0,49125574352.0,100.0,132701325135.0
2019-08-15,Z305GNBQ,ST4000DM000,4000787030016,0,117.0,160312312.0,96.0,0.0,100.0,4.0,100.0,0.0,87.0,571626037.0,65.0,31419.0,100.0,0.0,100.0,4.0,98.0,2.0,100.0,0.0,100.0,0.0,100.0,0.0,100.0,0.0,78.0,22.0,100.0,0.0,100.0,0.0,96.0,8628.0,22.0,22.0,100.0,0.0,100.0,0.0,200.0,0.0,100.0,31333.0,100.0,49143177880.0,100.0,132913878727.0
2019-08-16,Z305GNBQ,ST4000DM000,4000787030016,0,117.0,121759456.0,96.0,0.0,100.0,4.0,100.0,0.0,87.0,572713112.0,65.0,31442.0,100.0,0.0,100.0,4.0,98.0,2.0,100.0,0.0,100.0,0.0,100.0,0.0,100.0,0.0,78.0,22.0,100.0,0.0,100.0,0.0,96.0,8628.0,22.0,22.0,100.0,0.0,100.0,0.0,200.0,0.0,100.0,31357.0,100.0,49169506360.0,100.0,133056233439.0
2019-08-17,Z305GNBQ,ST4000DM000,4000787030016,0,114.0,77994432.0,96.0,0.0,100.0,4.0,100.0,0.0,87.0,574745645.0,65.0,31466.0,100.0,0.0,100.0,4.0,98.0,2.0,100.0,0.0,100.0,0.0,100.0,0.0,100.0,0.0,78.0,22.0,100.0,0.0,100.0,0.0,96.0,8628.0,22.0,22.0,100.0,0.0,100.0,0.0,200.0,0.0,100.0,31381.0,100.0,49188524448.0,100.0,133184270176.0
2019-08-18,Z305GNBQ,ST4000DM000,4000787030016,0,109.0,22788712.0,96.0,0.0,100.0,4.0,100.0,0.0,87.0,576151056.0,65.0,31490.0,100.0,0.0,100.0,4.0,98.0,2.0,100.0,0.0,100.0,0.0,100.0,0.0,100.0,0.0,79.0,21.0,100.0,0.0,100.0,0.0,96.0,8628.0,21.0,21.0,100.0,0.0,100.0,0.0,200.0,0.0,100.0,31405.0,100.0,49200898288.0,100.0,133429141759.0
2019-08-19,Z305GNBQ,ST4000DM000,4000787030016,0,118.0,190944520.0,96.0,0.0,100.0,4.0,100.0,0.0,87.0,577511088.0,65.0,31514.0,100.0,0.0,100.0,4.0,98.0,2.0,100.0,0.0,100.0,0.0,100.0,0.0,100.0,0.0,79.0,21.0,100.0,0.0,100.0,0.0,96.0,8628.0,21.0,21.0,100.0,0.0,100.0,0.0,200.0,0.0,100.0,31429.0,100.0,49220667240.0,100.0,133509375859.0
2019-08-20,Z305GNBQ,ST4000DM000,4000787030016,0,117.0,118652632.0,96.0,0.0,100.0,4.0,100.0,0.0,87.0,578586408.0,64.0,31538.0,100.0,0.0,100.0,4.0,98.0,2.0,100.0,0.0,100.0,0.0,100.0,0.0,100.0,0.0,78.0,22.0,100.0,0.0,100.0,0.0,96.0,8628.0,22.0,22.0,100.0,0.0,100.0,0.0,200.0,0.0,100.0,31453.0,100.0,49237738792.0,100.0,133609436456.0
2019-08-21,Z305GNBQ,ST4000DM000,4000787030016,0,118.0,186617160.0,96.0,0.0,100.0,4.0,100.0,0.0,87.0,579066097.0,64.0,31550.0,100.0,0.0,100.0,4.0,98.0,2.0,100.0,0.0,100.0,0.0,100.0,0.0,100.0,0.0,78.0,22.0,100.0,0.0,100.0,0.0,96.0,8628.0,22.0,22.0,100.0,0.0,100.0,0.0,200.0,0.0,100.0,31465.0,100.0,49244896728.0,100.0,133678590992.0
2019-08-22,Z305GNBQ,ST4000DM000,4000787030016,0,111.0,31512800.0,96.0,0.0,100.0,4.0,100.0,0.0,87.0,580208767.0,64.0,31574.0,100.0,0.0,100.0,4.0,98.0,2.0,100.0,0.0,100.0,0.0,100.0,0.0,100.0,0.0,78.0,22.0,100.0,0.0,100.0,0.0,96.0,8628.0,22.0,22.0,100.0,0.0,100.0,0.0,200.0,0.0,100.0,31488.0,100.0,49260822096.0,100.0,133839723825.0
2019-08-23,Z305GNBQ,ST4000DM000,4000787030016,0,115.0,84819808.0,96.0,0.0,100.0,4.0,100.0,0.0,87.0,581781836.0,64.0,31597.0,100.0,0.0,100.0,4.0,98.0,2.0,100.0,0.0,100.0,0.0,100.0,0.0,100.0,0.0,78.0,22.0,100.0,0.0,100.0,0.0,96.0,8628.0,22.0,22.0,100.0,0.0,100.0,0.0,200.0,0.0,100.0,31512.0,100.0,49282665376.0,100.0,134051023538.0
2019-08-24,Z305GNBQ,ST4000DM000,4000787030016,0,117.0,154895424.0,96.0,0.0,100.0,4.0,100.0,0.0,87.0,584894557.0,64.0,31633.0,100.0,0.0,100.0,4.0,98.0,2.0,100.0,0.0,100.0,0.0,100.0,0.0,100.0,0.0,79.0,21.0,100.0,0.0,100.0,0.0,96.0,8628.0,21.0,21.0,100.0,0.0,100.0,0.0,200.0,0.0,100.0,31548.0,100.0,49315150704.0,100.0,134323039520.0
2019-08-25,Z305GNBQ,ST4000DM000,4000787030016,0,120.0,242754976.0,96.0,0.0,100.0,4.0,100.0,0.0,87.0,585722112.0,64.0,31657.0,100.0,0.0,100.0,4.0,98.0,2.0,100.0,0.0,100.0,0.0,100.0,0.0,100.0,0.0,79.0,21.0,100.0,0.0,100.0,0.0,96.0,8628.0,21.0,21.0,100.0,0.0,100.0,0.0,200.0,0.0,100.0,31572.0,100.0,49328254504.0,100.0,134427263748.0
2019-08-26,Z305GNBQ,ST4000DM000,4000787030016,0,118.0,176544240.0,96.0,0.0,100.0,4.0,100.0,0.0,87.0,589707617.0,64.0,31705.0,100.0,0.0,100.0,4.0,98.0,2.0,100.0,0.0,100.0,0.0,100.0,0.0,100.0,0.0,78.0,22.0,100.0,0.0,100.0,0.0,96.0,8628.0,22.0,22.0,100.0,0.0,100.0,0.0,200.0,0.0,100.0,31620.0,100.0,49369045176.0,100.0,134726760014.0
2019-08-27,Z305GNBQ,ST4000DM000,4000787030016,0,118.0,176544240.0,96.0,0.0,100.0,4.0,100.0,0.0,87.0,589707617.0,64.0,31705.0,100.0,0.0,100.0,4.0,98.0,2.0,100.0,0.0,100.0,0.0,100.0,0.0,100.0,0.0,78.0,22.0,100.0,0.0,100.0,0.0,96.0,8628.0,22.0,22.0,100.0,0.0,100.0,0.0,200.0,0.0,100.0,31620.0,100.0,49369045176.0,100.0,134726760014.0
2019-08-28,Z305GNBQ,ST4000DM000,4000787030016,0,117.0,126226400.0,96.0,0.0,100.0,4.0,100.0,0.0,87.0,592058590.0,64.0,31729.0,100.0,0.0,100.0,4.0,98.0,2.0,100.0,0.0,100.0,0.0,100.0,0.0,100.0,0.0,79.0,21.0,100.0,0.0,100.0,0.0,96.0,8628.0,21.0,21.0,100.0,0.0,100.0,0.0,200.0,0.0,100.0,31643.0,100.0,49393594840.0,100.0,134938357907.0
2019-08-29,Z305GNBQ,ST4000DM000,4000787030016,0,108.0,16127736.0,96.0,0.0,100.0,4.0,100.0,0.0,87.0,593114439.0,64.0,31752.0,100.0,0.0,100.0,4.0,98.0,2.0,100.0,0.0,100.0,0.0,100.0,0.0,100.0,0.0,79.0,21.0,100.0,0.0,100.0,0.0,96.0,8628.0,21.0,21.0,100.0,0.0,100.0,0.0,200.0,0.0,100.0,31667.0,100.0,49412899352.0,100.0,135082129746.0
2019-08-30,Z305GNBQ,ST4000DM000,4000787030016,0,120.0,242651432.0,96.0,0.0,100.0,4.0,100.0,0.0,87.0,594637308.0,64.0,31776.0,100.0,0.0,100.0,4.0,98.0,2.0,100.0,0.0,100.0,0.0,100.0,0.0,100.0,0.0,79.0,21.0,100.0,0.0,100.0,0.0,96.0,8628.0,21.0,21.0,100.0,0.0,100.0,0.0,200.0,0.0,100.0,31691.0,100.0,49431847928.0,100.0,135298880850.0
2019-08-31,Z305GNBQ,ST4000DM000,4000787030016,0,119.0,226525816.0,96.0,0.0,100.0,4.0,100.0,0.0,87.0,597487245.0,64.0,31800.0,100.0,0.0,100.0,4.0,98.0,2.0,100.0,0.0,100.0,0.0,100.0,0.0,100.0,0.0,78.0,22.0,100.0,0.0,100.0,0.0,96.0,8628.0,22.0,22.0,100.0,0.0,100.0,0.0,200.0,0.0,100.0,31715.0,100.0,49451367400.0,100.0,135559542855.0
2019-09-01,Z305GNBQ,ST4000DM000,4000787030016,0,112.0,43863520.0,96.0,0.0,100.0,4.0,100.0,0.0,87.0,599258464.0,64.0,31824.0,100.0,0.0,100.0,4.0,98.0,2.0,100.0,0.0,100.0,0.0,100.0,0.0,100.0,0.0,78.0,22.0,100.0,0.0,100.0,0.0,96.0,8628.0,22.0,22.0,100.0,0.0,100.0,0.0,200.0,0.0,100.0,31739.0,100.0,49466891264.0,100.0,135841169064.0
2019-09-02,Z305GNBQ,ST4000DM000,4000787030016,0,118.0,170978976.0,96.0,0.0,100.0,4.0,100.0,0.0,87.0,600953951.0,64.0,31848.0,100.0,0.0,100.0,4.0,98.0,2.0,100.0,0.0,100.0,0.0,100.0,0.0,100.0,0.0,79.0,21.0,100.0,0.0,100.0,0.0,96.0,8628.0,21.0,21.0,100.0,0.0,100.0,0.0,200.0,0.0,100.0,31763.0,100.0,49479913120.0,100.0,136040178218.0
2019-09-03,Z305GNBQ,ST4000DM000,4000787030016,0,117.0,127975856.0,96.0,0.0,100.0,4.0,100.0,0.0,87.0,602467611.0,64.0,31872.0,100.0,0.0,100.0,4.0,98.0,2.0,100.0,0.0,100.0,0.0,100.0,0.0,100.0,0.0,79.0,21.0,100.0,0.0,100.0,0.0,96.0,8628.0,21.0,21.0,100.0,0.0,100.0,0.0,200.0,0.0,100.0,31787.0,100.0,49504116480.0,100.0,136268461206.0
2019-09-04,Z305GNBQ,ST4000DM000,4000787030016,0,118.0,183084728.0,96.0,0.0,100.0,4.0,100.0,0.0,87.0,603557160.0,64.0,31896.0,100.0,0.0,100.0,4.0,98.0,2.0,100.0,0.0,100.0,0.0,100.0,0.0,100.0,0.0,78.0,22.0,100.0,0.0,100.0,0.0,96.0,8628.0,22.0,22.0,100.0,0.0,100.0,0.0,200.0,0.0,100.0,31811.0,100.0,49531225288.0,100.0,136570531298.0
2019-09-05,Z305GNBQ,ST4000DM000,4000787030016,0,115.0,97829896.0,96.0,0.0,100.0,4.0,100.0,0.0,87.0,604489399.0,64.0,31920.0,100.0,0.0,100.0,4.0,98.0,2.0,100.0,0.0,100.0,0.0,100.0,0.0,100.0,0.0,78.0,22.0,100.0,0.0,100.0,0.0,96.0,8628.0,22.0,22.0,100.0,0.0,100.0,0.0,200.0,0.0,100.0,31835.0,100.0,49551708944.0,100.0,136913432661.0
2019-09-06,Z305GNBQ,ST4000DM000,4000787030016,0,117.0,119267456.0,96.0,0.0,100.0,4.0,100.0,0.0,87.0,605932618.0,64.0,31944.0,100.0,0.0,100.0,4.0,98.0,2.0,100.0,0.0,100.0,0.0,100.0,0.0,100.0,0.0,78.0,22.0,100.0,0.0,100.0,0.0,96.0,8628.0,22.0,22.0,100.0,0.0,100.0,0.0,200.0,0.0,100.0,31859.0,100.0,49573026768.0,100.0,137216582322.0
2019-09-07,Z305GNBQ,ST4000DM000,4000787030016,0,113.0,54370728.0,96.0,0.0,100.0,4.0,100.0,0.0,87.0,609159704.0,64.0,31968.0,100.0,0.0,100.0,4.0,98.0,2.0,100.0,0.0,100.0,0.0,100.0,0.0,100.0,0.0,78.0,22.0,100.0,0.0,100.0,0.0,96.0,8628.0,22.0,22.0,100.0,0.0,100.0,0.0,200.0,0.0,100.0,31882.0,100.0,49598151968.0,100.0,137553583199.0
2019-09-08,Z305GNBQ,ST4000DM000,4000787030016,0,106.0,12514128.0,96.0,0.0,100.0,4.0,100.0,0.0,87.0,611743630.0,64.0,31992.0,100.0,0.0,100.0,4.0,98.0,2.0,100.0,0.0,100.0,0.0,100.0,0.0,100.0,0.0,78.0,22.0,100.0,0.0,100.0,0.0,96.0,8628.0,22.0,22.0,100.0,0.0,100.0,0.0,200.0,0.0,100.0,31906.0,100.0,49627931784.0,100.0,137886839518.0
2019-09-09,Z305GNBQ,ST4000DM000,4000787030016,0,119.0,224345800.0,96.0,0.0,100.0,4.0,100.0,0.0,87.0,613355164.0,64.0,32016.0,100.0,0.0,100.0,4.0,98.0,2.0,100.0,0.0,100.0,0.0,100.0,0.0,100.0,0.0,79.0,21.0,100.0,0.0,100.0,0.0,96.0,8628.0,21.0,21.0,100.0,0.0,100.0,0.0,200.0,0.0,100.0,31930.0,100.0,49645315016.0,100.0,138103013465.0
2019-09-10,Z305GNBQ,ST4000DM000,4000787030016,0,113.0,57110928.0,96.0,0.0,100.0,4.0,100.0,0.0,87.0,615535627.0,64.0,32039.0,100.0,0.0,100.0,4.0,98.0,2.0,100.0,0.0,100.0,0.0,100.0,0.0,100.0,0.0,78.0,22.0,100.0,0.0,100.0,0.0,96.0,8628.0,22.0,22.0,100.0,0.0,100.0,0.0,200.0,0.0,100.0,31954.0,100.0,49663847552.0,100.0,138311451592.0
2019-09-11,Z305GNBQ,ST4000DM000,4000787030016,0,120.0,242083728.0,96.0,0.0,100.0,4.0,100.0,0.0,87.0,617579467.0,64.0,32063.0,100.0,0.0,100.0,4.0,98.0,2.0,100.0,0.0,100.0,0.0,100.0,0.0,100.0,0.0,79.0,21.0,100.0,0.0,100.0,0.0,96.0,8628.0,21.0,21.0,100.0,0.0,100.0,0.0,200.0,0.0,100.0,31978.0,100.0,49701796144.0,100.0,138580199927.0
2019-09-12,Z305GNBQ,ST4000DM000,4000787030016,0,119.0,220224784.0,96.0,0.0,100.0,4.0,100.0,0.0,87.0,619173635.0,64.0,32087.0,100.0,0.0,100.0,4.0,98.0,2.0,100.0,0.0,100.0,0.0,100.0,0.0,100.0,0.0,79.0,21.0,100.0,0.0,100.0,0.0,96.0,8628.0,21.0,21.0,100.0,0.0,100.0,0.0,200.0,0.0,100.0,32001.0,100.0,49724871440.0,100.0,138796366773.0
2019-09-13,Z305GNBQ,ST4000DM000,4000787030016,0,115.0,87071896.0,96.0,0.0,100.0,4.0,100.0,0.0,87.0,620477548.0,64.0,32111.0,100.0,0.0,100.0,4.0,98.0,2.0,100.0,0.0,100.0,0.0,100.0,0.0,100.0,0.0,78.0,22.0,100.0,0.0,100.0,0.0,96.0,8628.0,22.0,22.0,100.0,0.0,100.0,0.0,200.0,0.0,100.0,32025.0,100.0,49740279512.0,100.0,138988668305.0
2019-09-14,Z305GNBQ,ST4000DM000,4000787030016,0,119.0,232600120.0,96.0,0.0,100.0,4.0,100.0,0.0,87.0,623609361.0,64.0,32135.0,100.0,0.0,100.0,4.0,98.0,2.0,100.0,0.0,100.0,0.0,100.0,0.0,100.0,0.0,78.0,22.0,100.0,0.0,100.0,0.0,96.0,8628.0,22.0,22.0,100.0,0.0,100.0,0.0,200.0,0.0,100.0,32049.0,100.0,49763775736.0,100.0,139251337046.0
2019-09-15,Z305GNBQ,ST4000DM000,4000787030016,0,115.0,87528344.0,96.0,0.0,100.0,4.0,100.0,0.0,87.0,626452874.0,64.0,32159.0,100.0,0.0,100.0,4.0,98.0,2.0,100.0,0.0,100.0,0.0,100.0,0.0,100.0,0.0,78.0,22.0,100.0,0.0,100.0,0.0,96.0,8628.0,22.0,22.0,100.0,0.0,100.0,0.0,200.0,0.0,100.0,32073.0,100.0,49788108304.0,100.0,139446266169.0
2019-09-16,Z305GNBQ,ST4000DM000,4000787030016,0,114.0,66571360.0,96.0,0.0,100.0,4.0,100.0,0.0,87.0,627861082.0,64.0,32182.0,100.0,0.0,100.0,4.0,98.0,2.0,100.0,0.0,100.0,0.0,100.0,0.0,100.0,0.0,78.0,22.0,100.0,0.0,100.0,0.0,96.0,8628.0,22.0,22.0,100.0,0.0,100.0,0.0,200.0,0.0,100.0,32097.0,100.0,49807578048.0,100.0,139591379680.0
2019-09-17,Z305GNBQ,ST4000DM000,4000787030016,0,115.0,95050808.0,96.0,0.0,100.0,4.0,100.0,0.0,87.0,629822382.0,64.0,32206.0,100.0,0.0,100.0,4.0,98.0,2.0,100.0,0.0,100.0,0.0,100.0,0.0,100.0,0.0,79.0,21.0,100.0,0.0,100.0,0.0,96.0,8628.0,21.0,21.0,100.0,0.0,100.0,0.0,200.0,0.0,100.0,32121.0,100.0,49829475064.0,100.0,139695950838.0
2019-09-18,Z305GNBQ,ST4000DM000,4000787030016,0,116.0,107558880.0,96.0,0.0,100.0,4.0,100.0,0.0,87.0,631411473.0,64.0,32230.0,100.0,0.0,100.0,4.0,98.0,2.0,100.0,0.0,100.0,0.0,100.0,0.0,100.0,0.0,79.0,21.0,100.0,0.0,100.0,0.0,96.0,8628.0,21.0,21.0,100.0,0.0,100.0,0.0,200.0,0.0,100.0,32145.0,100.0,49850508368.0,100.0,139881020376.0
2019-09-19,Z305GNBQ,ST4000DM000,4000787030016,0,119.0,210200264.0,96.0,0.0,100.0,4.0,100.0,0.0,87.0,632992631.0,64.0,32254.0,100.0,0.0,100.0,4.0,98.0,2.0,100.0,0.0,100.0,0.0,100.0,0.0,100.0,0.0,78.0,22.0,100.0,0.0,100.0,0.0,96.0,8628.0,22.0,22.0,100.0,0.0,100.0,0.0,200.0,0.0,100.0,32169.0,100.0,49874460888.0,100.0,140073155601.0
2019-09-20,Z305GNBQ,ST4000DM000,4000787030016,0,118.0,182207832.0,96.0,0.0,100.0,4.0,100.0,0.0,87.0,634158682.0,64.0,32278.0,100.0,0.0,100.0,4.0,98.0,2.0,100.0,0.0,100.0,0.0,100.0,0.0,100.0,0.0,79.0,21.0,100.0,0.0,100.0,0.0,96.0,8628.0,21.0,21.0,100.0,0.0,100.0,0.0,200.0,0.0,100.0,32193.0,100.0,49901584152.0,100.0,140178324309.0
2019-09-21,Z305GNBQ,ST4000DM000,4000787030016,0,115.0,92633776.0,96.0,0.0,100.0,4.0,100.0,0.0,87.0,636653163.0,64.0,32302.0,100.0,0.0,100.0,4.0,98.0,2.0,100.0,0.0,100.0,0.0,100.0,0.0,100.0,0.0,79.0,21.0,100.0,0.0,100.0,0.0,96.0,8628.0,21.0,21.0,100.0,0.0,100.0,0.0,200.0,0.0,100.0,32217.0,100.0,49926724880.0,100.0,140321297593.0
2019-09-22,Z305GNBQ,ST4000DM000,4000787030016,0,117.0,127240664.0,96.0,0.0,100.0,4.0,100.0,0.0,87.0,638092881.0,64.0,32326.0,100.0,0.0,100.0,4.0,98.0,2.0,100.0,0.0,100.0,0.0,100.0,0.0,100.0,0.0,78.0,22.0,100.0,0.0,100.0,0.0,96.0,8628.0,22.0,22.0,100.0,0.0,100.0,0.0,200.0,0.0,100.0,32240.0,100.0,49953979832.0,100.0,140477761168.0
2019-09-23,Z305GNBQ,ST4000DM000,4000787030016,0,117.0,125680600.0,96.0,0.0,100.0,4.0,100.0,0.0,87.0,640242338.0,64.0,32350.0,100.0,0.0,100.0,4.0,98.0,2.0,100.0,0.0,100.0,0.0,100.0,0.0,100.0,0.0,78.0,22.0,100.0,0.0,100.0,0.0,96.0,8628.0,22.0,22.0,100.0,0.0,100.0,0.0,200.0,0.0,100.0,32264.0,100.0,49988980672.0,100.0,140637790042.0
2019-09-24,Z305GNBQ,ST4000DM000,4000787030016,0,114.0,81544656.0,96.0,0.0,100.0,4.0,100.0,0.0,87.0,642276230.0,64.0,32373.0,100.0,0.0,100.0,4.0,98.0,2.0,100.0,0.0,100.0,0.0,100.0,0.0,100.0,0.0,78.0,22.0,100.0,0.0,100.0,0.0,96.0,8628.0,22.0,22.0,100.0,0.0,100.0,0.0,200.0,0.0,100.0,32288.0,100.0,50023892584.0,100.0,140751470959.0
2019-09-25,Z305GNBQ,ST4000DM000,4000787030016,0,111.0,41323264.0,96.0,0.0,100.0,4.0,100.0,0.0,87.0,643449427.0,64.0,32397.0,100.0,0.0,100.0,4.0,98.0,2.0,100.0,0.0,100.0,0.0,100.0,0.0,100.0,0.0,79.0,21.0,100.0,0.0,100.0,0.0,96.0,8628.0,21.0,21.0,100.0,0.0,100.0,0.0,200.0,0.0,100.0,32312.0,100.0,50063917496.0,100.0,140905892207.0
2019-09-26,Z305GNBQ,ST4000DM000,4000787030016,0,117.0,158554512.0,96.0,0.0,100.0,4.0,100.0,0.0,87.0,645097223.0,63.0,32421.0,100.0,0.0,100.0,4.0,98.0,2.0,100.0,0.0,100.0,0.0,100.0,0.0,100.0,0.0,79.0,21.0,100.0,0.0,100.0,0.0,96.0,8628.0,21.0,21.0,100.0,0.0,100.0,0.0,200.0,0.0,100.0,32336.0,100.0,50079450520.0,100.0,141181162413.0
2019-09-27,Z305GNBQ,ST4000DM000,4000787030016,0,112.0,48574696.0,96.0,0.0,100.0,4.0,100.0,0.0,87.0,646377951.0,63.0,32445.0,100.0,0.0,100.0,4.0,98.0,2.0,100.0,0.0,100.0,0.0,100.0,0.0,100.0,0.0,78.0,22.0,100.0,0.0,100.0,0.0,96.0,8628.0,22.0,22.0,100.0,0.0,100.0,0.0,200.0,0.0,100.0,32360.0,100.0,50093186712.0,100.0,141367700462.0
2019-09-28,Z305GNBQ,ST4000DM000,4000787030016,0,111.0,37397312.0,96.0,0.0,100.0,4.0,100.0,0.0,87.0,649422641.0,63.0,32469.0,100.0,0.0,100.0,4.0,98.0,2.0,100.0,0.0,100.0,0.0,100.0,0.0,100.0,0.0,78.0,22.0,100.0,0.0,100.0,0.0,96.0,8628.0,22.0,22.0,100.0,0.0,100.0,0.0,200.0,0.0,100.0,32384.0,100.0,50112262168.0,100.0,141549463698.0
2019-09-29,Z305GNBQ,ST4000DM000,4000787030016,0,117.0,146328536.0,96.0,0.0,100.0,4.0,100.0,0.0,87.0,650935718.0,63.0,32493.0,100.0,0.0,100.0,4.0,98.0,2.0,100.0,0.0,100.0,0.0,100.0,0.0,100.0,0.0,78.0,22.0,100.0,0.0,100.0,0.0,96.0,8628.0,22.0,22.0,100.0,0.0,100.0,0.0,200.0,0.0,100.0,32408.0,100.0,50124687824.0,100.0,141778864353.0
2019-09-30,Z305GNBQ,ST4000DM000,4000787030016,0,118.0,179953576.0,96.0,0.0,100.0,4.0,100.0,0.0,87.0,652593199.0,63.0,32517.0,100.0,0.0,100.0,4.0,98.0,2.0,100.0,0.0,100.0,0.0,100.0,0.0,100.0,0.0,78.0,22.0,100.0,0.0,100.0,0.0,96.0,8628.0,22.0,22.0,100.0,0.0,100.0,0.0,200.0,0.0,100.0,32432.0,100.0,50147751656.0,100.0,141984991927.0
2019-10-01,Z305GNBQ,ST4000DM000,4000787030016,0,114.0,68881848.0,96.0,0.0,100.0,4.0,100.0,0.0,87.0,654629016.0,63.0,32541.0,100.0,0.0,100.0,4.0,98.0,2.0,100.0,0.0,100.0,0.0,100.0,0.0,100.0,0.0,79.0,21.0,100.0,0.0,100.0,0.0,96.0,8628.0,21.0,21.0,100.0,0.0,100.0,0.0,200.0,0.0,100.0,32456.0,100.0,50167070920.0,100.0,142127809100.0
2019-10-02,Z305GNBQ,ST4000DM000,4000787030016,0,115.0,96313880.0,96.0,0.0,100.0,4.0,100.0,0.0,87.0,655907595.0,63.0,32565.0,100.0,0.0,100.0,4.0,98.0,2.0,100.0,0.0,100.0,0.0,100.0,0.0,100.0,0.0,78.0,22.0,100.0,0.0,100.0,0.0,96.0,8628.0,22.0,22.0,100.0,0.0,100.0,0.0,200.0,0.0,100.0,32480.0,100.0,50182553200.0,100.0,142298227652.0
2019-10-03,Z305GNBQ,ST4000DM000,4000787030016,0,119.0,214891760.0,96.0,0.0,100.0,4.0,100.0,0.0,87.0,657435582.0,63.0,32589.0,100.0,0.0,100.0,4.0,98.0,2.0,100.0,0.0,100.0,0.0,100.0,0.0,100.0,0.0,78.0,22.0,100.0,0.0,100.0,0.0,96.0,8628.0,22.0,22.0,100.0,0.0,100.0,0.0,200.0,0.0,100.0,32504.0,100.0,50197943184.0,100.0,142529039404.0
2019-10-04,Z305GNBQ,ST4000DM000,4000787030016,0,117.0,159595552.0,96.0,0.0,100.0,4.0,100.0,0.0,87.0,658870923.0,63.0,32613.0,100.0,0.0,100.0,4.0,98.0,2.0,100.0,0.0,100.0,0.0,100.0,0.0,100.0,0.0,78.0,22.0,100.0,0.0,100.0,0.0,96.0,8628.0,22.0,22.0,100.0,0.0,100.0,0.0,200.0,0.0,100.0,32527.0,100.0,50216142440.0,100.0,142744046434.0
2019-10-05,Z305GNBQ,ST4000DM000,4000787030016,0,117.0,135848936.0,96.0,0.0,100.0,4.0,100.0,0.0,87.0,661794103.0,63.0,32636.0,100.0,0.0,100.0,4.0,98.0,2.0,100.0,0.0,100.0,0.0,100.0,0.0,100.0,0.0,78.0,22.0,100.0,0.0,100.0,0.0,96.0,8628.0,22.0,22.0,100.0,0.0,100.0,0.0,200.0,0.0,100.0,32551.0,100.0,50252873320.0,100.0,142969097083.0
2019-10-06,Z305GNBQ,ST4000DM000,4000787030016,0,120.0,243165912.0,96.0,0.0,100.0,4.0,100.0,0.0,87.0,663493567.0,63.0,32660.0,100.0,0.0,100.0,4.0,98.0,2.0,100.0,0.0,100.0,0.0,100.0,0.0,100.0,0.0,78.0,22.0,100.0,0.0,100.0,0.0,96.0,8628.0,22.0,22.0,100.0,0.0,100.0,0.0,200.0,0.0,100.0,32575.0,100.0,50286051760.0,100.0,143185614715.0
2019-10-07,Z305GNBQ,ST4000DM000,4000787030016,0,111.0,33117664.0,96.0,0.0,100.0,4.0,100.0,0.0,87.0,665186679.0,63.0,32684.0,100.0,0.0,100.0,4.0,98.0,2.0,100.0,0.0,100.0,0.0,100.0,0.0,100.0,0.0,78.0,22.0,100.0,0.0,100.0,0.0,96.0,8628.0,22.0,22.0,100.0,0.0,100.0,0.0,200.0,0.0,100.0,32599.0,100.0,50318472456.0,100.0,143417847750.0
2019-10-08,Z305GNBQ,ST4000DM000,4000787030016,0,117.0,158790680.0,96.0,0.0,100.0,4.0,100.0,0.0,87.0,667641793.0,63.0,32708.0,100.0,0.0,100.0,4.0,98.0,2.0,100.0,0.0,100.0,0.0,100.0,0.0,100.0,0.0,78.0,22.0,100.0,0.0,100.0,0.0,96.0,8628.0,22.0,22.0,100.0,0.0,100.0,0.0,200.0,0.0,100.0,32623.0,100.0,50344626768.0,100.0,143622014891.0
2019-10-09,Z305GNBQ,ST4000DM000,4000787030016,0,112.0,49931608.0,96.0,0.0,100.0,4.0,100.0,0.0,87.0,668940872.0,63.0,32732.0,100.0,0.0,100.0,4.0,98.0,2.0,100.0,0.0,100.0,0.0,100.0,0.0,100.0,0.0,78.0,22.0,100.0,0.0,100.0,0.0,96.0,8628.0,22.0,22.0,100.0,0.0,100.0,0.0,200.0,0.0,100.0,32647.0,100.0,50372583648.0,100.0,143843509887.0
2019-10-10,Z305GNBQ,ST4000DM000,4000787030016,0,118.0,191517448.0,96.0,0.0,100.0,4.0,100.0,0.0,87.0,670027541.0,63.0,32756.0,100.0,0.0,100.0,4.0,98.0,2.0,100.0,0.0,100.0,0.0,100.0,0.0,100.0,0.0,78.0,22.0,100.0,0.0,100.0,0.0,96.0,8628.0,22.0,22.0,100.0,0.0,100.0,0.0,200.0,0.0,100.0,32670.0,100.0,50401982880.0,100.0,144125814005.0
2019-10-11,Z305GNBQ,ST4000DM000,4000787030016,0,119.0,226206296.0,96.0,0.0,100.0,4.0,100.0,0.0,88.0,671684579.0,63.0,32780.0,100.0,0.0,100.0,4.0,98.0,2.0,100.0,0.0,100.0,0.0,100.0,0.0,100.0,0.0,79.0,21.0,100.0,0.0,100.0,0.0,96.0,8628.0,21.0,21.0,100.0,0.0,100.0,0.0,200.0,0.0,100.0,32694.0,100.0,50438165648.0,100.0,144447948284.0
2019-10-12,Z305GNBQ,ST4000DM000,4000787030016,0,116.0,110151856.0,96.0,0.0,100.0,4.0,100.0,0.0,88.0,673928493.0,63.0,32804.0,100.0,0.0,100.0,4.0,98.0,2.0,100.0,0.0,100.0,0.0,100.0,0.0,100.0,0.0,78.0,22.0,100.0,0.0,100.0,0.0,96.0,8628.0,22.0,22.0,100.0,0.0,100.0,0.0,200.0,0.0,100.0,32718.0,100.0,50472887736.0,100.0,144790938071.0
2019-10-13,Z305GNBQ,ST4000DM000,4000787030016,0,111.0,34082112.0,96.0,0.0,100.0,4.0,100.0,0.0,88.0,675783465.0,63.0,32827.0,100.0,0.0,100.0,4.0,98.0,2.0,100.0,0.0,100.0,0.0,100.0,0.0,100.0,0.0,78.0,22.0,100.0,0.0,100.0,0.0,96.0,8628.0,22.0,22.0,100.0,0.0,100.0,0.0,200.0,0.0,100.0,32742.0,100.0,50496703560.0,100.0,145104251706.0
2019-10-14,Z305GNBQ,ST4000DM000,4000787030016,0,120.0,240260768.0,96.0,0.0,100.0,4.0,100.0,0.0,88.0,678091486.0,63.0,32851.0,100.0,0.0,100.0,4.0,98.0,2.0,100.0,0.0,100.0,0.0,100.0,0.0,100.0,0.0,78.0,22.0,100.0,0.0,100.0,0.0,96.0,8628.0,22.0,22.0,100.0,0.0,100.0,0.0,200.0,0.0,100.0,32766.0,100.0,50517847640.0,100.0,145416198990.0
2019-10-15,Z305GNBQ,ST4000DM000,4000787030016,0,120.0,236366360.0,96.0,0.0,100.0,4.0,100.0,0.0,88.0,683181011.0,63.0,32899.0,100.0,0.0,100.0,4.0,98.0,2.0,100.0,0.0,100.0,0.0,100.0,0.0,100.0,0.0,79.0,21.0,100.0,0.0,100.0,0.0,96.0,8628.0,21.0,21.0,100.0,0.0,100.0,0.0,200.0,0.0,100.0,32814.0,100.0,50564528440.0,100.0,145822081987.0
2019-10-16,Z305GNBQ,ST4000DM000,4000787030016,0,120.0,236366360.0,96.0,0.0,100.0,4.0,100.0,0.0,88.0,683181011.0,63.0,32899.0,100.0,0.0,100.0,4.0,98.0,2.0,100.0,0.0,100.0,0.0,100.0,0.0,100.0,0.0,79.0,21.0,100.0,0.0,100.0,0.0,96.0,8628.0,21.0,21.0,100.0,0.0,100.0,0.0,200.0,0.0,100.0,32814.0,100.0,50564528440.0,100.0,145822081987.0
2019-10-17,Z305GNBQ,ST4000DM000,4000787030016,0,114.0,81030000.0,96.0,0.0,100.0,4.0,100.0,0.0,88.0,685090521.0,63.0,32923.0,100.0,0.0,100.0,4.0,98.0,2.0,100.0,0.0,100.0,0.0,100.0,0.0,100.0,0.0,78.0,22.0,100.0,0.0,100.0,0.0,96.0,8628.0,22.0,22.0,100.0,0.0,100.0,0.0,200.0,0.0,100.0,32838.0,100.0,50584003424.0,100.0,146091608932.0
2019-10-18,Z305GNBQ,ST4000DM000,4000787030016,0,108.0,18766992.0,96.0,0.0,100.0,4.0,100.0,0.0,88.0,686973989.0,63.0,32947.0,100.0,0.0,100.0,4.0,98.0,2.0,100.0,0.0,100.0,0.0,100.0,0.0,100.0,0.0,79.0,21.0,100.0,0.0,100.0,0.0,96.0,8628.0,21.0,21.0,100.0,0.0,100.0,0.0,200.0,0.0,100.0,32862.0,100.0,50604456512.0,100.0,146349983961.0
2019-10-19,Z305GNBQ,ST4000DM000,4000787030016,0,118.0,198976648.0,96.0,0.0,100.0,4.0,100.0,0.0,88.0,689298847.0,63.0,32971.0,100.0,0.0,100.0,4.0,98.0,2.0,100.0,0.0,100.0,0.0,100.0,0.0,100.0,0.0,78.0,22.0,100.0,0.0,100.0,0.0,96.0,8628.0,22.0,22.0,100.0,0.0,100.0,0.0,200.0,0.0,100.0,32886.0,100.0,50631399648.0,100.0,146503623209.0
2019-10-20,Z305GNBQ,ST4000DM000,4000787030016,0,115.0,98027272.0,96.0,0.0,100.0,4.0,100.0,0.0,88.0,690919436.0,63.0,32995.0,100.0,0.0,100.0,4.0,98.0,2.0,100.0,0.0,100.0,0.0,100.0,0.0,100.0,0.0,78.0,22.0,100.0,0.0,100.0,0.0,96.0,8628.0,22.0,22.0,100.0,0.0,100.0,0.0,200.0,0.0,100.0,32909.0,100.0,50652505640.0,100.0,146737575609.0
2019-10-21,Z305GNBQ,ST4000DM000,4000787030016,0,117.0,146718440.0,96.0,0.0,100.0,4.0,100.0,0.0,88.0,692695121.0,63.0,33019.0,100.0,0.0,100.0,4.0,98.0,2.0,100.0,0.0,100.0,0.0,100.0,0.0,100.0,0.0,78.0,22.0,100.0,0.0,100.0,0.0,96.0,8628.0,22.0,22.0,100.0,0.0,100.0,0.0,200.0,0.0,100.0,32933.0,100.0,50667422872.0,100.0,146974123020.0
2019-10-22,Z305GNBQ,ST4000DM000,4000787030016,0,117.0,138463256.0,96.0,0.0,100.0,4.0,100.0,0.0,88.0,694774995.0,63.0,33042.0,100.0,0.0,100.0,4.0,98.0,2.0,100.0,0.0,100.0,0.0,100.0,0.0,100.0,0.0,78.0,22.0,100.0,0.0,100.0,0.0,96.0,8628.0,22.0,22.0,100.0,0.0,100.0,0.0,200.0,0.0,100.0,32957.0,100.0,50690981872.0,100.0,147085068740.0
2019-10-23,Z305GNBQ,ST4000DM000,4000787030016,0,117.0,135223152.0,96.0,0.0,100.0,4.0,100.0,0.0,88.0,696057973.0,63.0,33066.0,100.0,0.0,100.0,4.0,98.0,2.0,100.0,0.0,100.0,0.0,100.0,0.0,100.0,0.0,78.0,22.0,100.0,0.0,100.0,0.0,96.0,8628.0,22.0,22.0,100.0,0.0,100.0,0.0,200.0,0.0,100.0,32981.0,100.0,50705837072.0,100.0,147244331481.0
2019-10-24,Z305GNBQ,ST4000DM000,4000787030016,0,119.0,234058456.0,96.0,0.0,100.0,4.0,100.0,0.0,88.0,697234437.0,63.0,33090.0,100.0,0.0,100.0,4.0,98.0,2.0,100.0,0.0,100.0,0.0,100.0,0.0,100.0,0.0,78.0,22.0,100.0,0.0,100.0,0.0,96.0,8628.0,22.0,22.0,100.0,0.0,100.0,0.0,200.0,0.0,100.0,33005.0,100.0,50721482752.0,100.0,147376955634.0
2019-10-25,Z305GNBQ,ST4000DM000,4000787030016,0,118.0,183670888.0,96.0,0.0,100.0,4.0,100.0,0.0,88.0,699027519.0,63.0,33114.0,100.0,0.0,100.0,4.0,98.0,2.0,100.0,0.0,100.0,0.0,100.0,0.0,100.0,0.0,78.0,22.0,100.0,0.0,100.0,0.0,96.0,8628.0,22.0,22.0,100.0,0.0,100.0,0.0,200.0,0.0,100.0,33029.0,100.0,50737815464.0,100.0,147589438116.0
2019-10-26,Z305GNBQ,ST4000DM000,4000787030016,0,118.0,191169656.0,96.0,0.0,100.0,4.0,100.0,0.0,88.0,701164385.0,63.0,33138.0,100.0,0.0,100.0,4.0,98.0,2.0,100.0,0.0,100.0,0.0,100.0,0.0,100.0,0.0,78.0,22.0,100.0,0.0,100.0,0.0,96.0,8628.0,22.0,22.0,100.0,0.0,100.0,0.0,200.0,0.0,100.0,33053.0,100.0,50749506992.0,100.0,147730136831.0
2019-10-27,Z305GNBQ,ST4000DM000,4000787030016,0,117.0,160089544.0,96.0,0.0,100.0,4.0,100.0,0.0,88.0,702317577.0,63.0,33162.0,100.0,0.0,100.0,4.0,98.0,2.0,100.0,0.0,100.0,0.0,100.0,0.0,100.0,0.0,78.0,22.0,100.0,0.0,100.0,0.0,96.0,8628.0,22.0,22.0,100.0,0.0,100.0,0.0,200.0,0.0,100.0,33077.0,100.0,50757384704.0,100.0,147842912674.0
2019-10-28,Z305GNBQ,ST4000DM000,4000787030016,0,115.0,99208608.0,96.0,0.0,100.0,4.0,100.0,0.0,88.0,703321208.0,63.0,33186.0,100.0,0.0,100.0,4.0,98.0,2.0,100.0,0.0,100.0,0.0,100.0,0.0,100.0,0.0,79.0,21.0,100.0,0.0,100.0,0.0,96.0,8628.0,21.0,21.0,100.0,0.0,100.0,0.0,200.0,0.0,100.0,33101.0,100.0,50765088680.0,100.0,147975847779.0
2019-10-29,Z305GNBQ,ST4000DM000,4000787030016,0,117.0,165339080.0,96.0,0.0,100.0,4.0,100.0,0.0,88.0,705578922.0,63.0,33210.0,100.0,0.0,100.0,4.0,98.0,2.0,100.0,0.0,100.0,0.0,100.0,0.0,100.0,0.0,79.0,21.0,100.0,0.0,100.0,0.0,96.0,8628.0,21.0,21.0,100.0,0.0,100.0,0.0,200.0,0.0,100.0,33124.0,100.0,50782028048.0,100.0,148099027164.0
2019-10-30,Z305GNBQ,ST4000DM000,4000787030016,0,117.0,163174200.0,96.0,0.0,100.0,4.0,100.0,0.0,88.0,708094587.0,63.0,33233.0,100.0,0.0,100.0,4.0,98.0,2.0,100.0,0.0,100.0,0.0,100.0,0.0,100.0,0.0,78.0,22.0,100.0,0.0,100.0,0.0,96.0,8628.0,22.0,22.0,100.0,0.0,100.0,0.0,200.0,0.0,100.0,33148.0,100.0,50789373976.0,100.0,148256542197.0
2019-10-31,Z305GNBQ,ST4000DM000,4000787030016,0,118.0,178763616.0,96.0,0.0,100.0,4.0,100.0,0.0,88.0,709538128.0,63.0,33257.0,100.0,0.0,100.0,4.0,98.0,2.0,100.0,0.0,100.0,0.0,100.0,0.0,100.0,0.0,78.0,22.0,100.0,0.0,100.0,0.0,96.0,8628.0,22.0,22.0,100.0,0.0,100.0,0.0,200.0,0.0,100.0,33172.0,100.0,50803569456.0,100.0,148430574280.0
2019-11-01,Z305GNBQ,ST4000DM000,4000787030016,0,108.0,17837920.0,96.0,0.0,100.0,4.0,100.0,0.0,88.0,710781478.0,63.0,33281.0,100.0,0.0,100.0,4.0,98.0,2.0,100.0,0.0,100.0,0.0,100.0,0.0,100.0,0.0,78.0,22.0,100.0,0.0,100.0,0.0,96.0,8628.0,22.0,22.0,100.0,0.0,100.0,0.0,200.0,0.0,100.0,33196.0,100.0,50808491984.0,100.0,148647987900.0
2019-11-02,Z305GNBQ,ST4000DM000,4000787030016,0,117.0,143172552.0,96.0,0.0,100.0,4.0,100.0,0.0,88.0,712817188.0,62.0,33305.0,100.0,0.0,100.0,4.0,98.0,2.0,100.0,0.0,100.0,0.0,100.0,0.0,100.0,0.0,78.0,22.0,100.0,0.0,100.0,0.0,96.0,8628.0,22.0,22.0,100.0,0.0,100.0,0.0,200.0,0.0,100.0,33220.0,100.0,50813564776.0,100.0,148823497703.0
2019-11-03,Z305GNBQ,ST4000DM000,4000787030016,0,116.0,102218448.0,96.0,0.0,100.0,4.0,100.0,0.0,88.0,713857511.0,62.0,33329.0,100.0,0.0,100.0,4.0,98.0,2.0,100.0,0.0,100.0,0.0,100.0,0.0,100.0,0.0,78.0,22.0,100.0,0.0,100.0,0.0,96.0,8628.0,22.0,22.0,100.0,0.0,100.0,0.0,200.0,0.0,100.0,33244.0,100.0,50818797408.0,100.0,148995193017.0
2019-11-04,Z305GNBQ,ST4000DM000,4000787030016,0,119.0,213690024.0,96.0,0.0,100.0,4.0,100.0,0.0,88.0,715297280.0,62.0,33353.0,100.0,0.0,100.0,4.0,98.0,2.0,100.0,0.0,100.0,0.0,100.0,0.0,100.0,0.0,77.0,23.0,100.0,0.0,100.0,0.0,96.0,8628.0,23.0,23.0,100.0,0.0,100.0,0.0,200.0,0.0,100.0,33268.0,100.0,50823831568.0,100.0,149227685948.0
2019-11-06,Z305GNBQ,ST4000DM000,4000787030016,0,117.0,127217288.0,96.0,0.0,100.0,4.0,100.0,0.0,88.0,718302621.0,62.0,33401.0,100.0,0.0,100.0,4.0,98.0,2.0,100.0,0.0,100.0,0.0,100.0,0.0,100.0,0.0,78.0,22.0,100.0,0.0,100.0,0.0,96.0,8628.0,22.0,22.0,100.0,0.0,100.0,0.0,200.0,0.0,100.0,33315.0,100.0,50834595064.0,100.0,149525102492.0
2019-11-07,Z305GNBQ,ST4000DM000,4000787030016,0,118.0,172939704.0,96.0,0.0,100.0,4.0,100.0,0.0,88.0,719486426.0,62.0,33425.0,100.0,0.0,100.0,4.0,98.0,2.0,100.0,0.0,100.0,0.0,100.0,0.0,100.0,0.0,78.0,22.0,100.0,0.0,100.0,0.0,96.0,8628.0,22.0,22.0,100.0,0.0,100.0,0.0,200.0,0.0,100.0,33339.0,100.0,50842773232.0,100.0,149710481729.0
2019-11-08,Z305GNBQ,ST4000DM000,4000787030016,0,119.0,223610184.0,96.0,0.0,100.0,4.0,100.0,0.0,88.0,720926255.0,62.0,33449.0,100.0,0.0,100.0,4.0,98.0,2.0,100.0,0.0,100.0,0.0,100.0,0.0,100.0,0.0,77.0,23.0,100.0,0.0,100.0,0.0,96.0,8628.0,23.0,23.0,100.0,0.0,100.0,0.0,200.0,0.0,100.0,33363.0,100.0,50848993896.0,100.0,149949644350.0
2019-11-09,Z305GNBQ,ST4000DM000,4000787030016,0,113.0,53842648.0,96.0,0.0,100.0,4.0,100.0,0.0,88.0,722894542.0,62.0,33473.0,100.0,0.0,100.0,4.0,98.0,2.0,100.0,0.0,100.0,0.0,100.0,0.0,100.0,0.0,79.0,21.0,100.0,0.0,100.0,0.0,96.0,8628.0,21.0,21.0,100.0,0.0,100.0,0.0,200.0,0.0,100.0,33387.0,100.0,50854697720.0,100.0,150145582304.0
2019-11-10,Z305GNBQ,ST4000DM000,4000787030016,0,119.0,229545336.0,96.0,0.0,100.0,4.0,100.0,0.0,88.0,724839226.0,62.0,33496.0,100.0,0.0,100.0,4.0,98.0,2.0,100.0,0.0,100.0,0.0,100.0,0.0,100.0,0.0,79.0,21.0,100.0,0.0,100.0,0.0,96.0,8628.0,21.0,21.0,100.0,0.0,100.0,0.0,200.0,0.0,100.0,33411.0,100.0,50859116840.0,100.0,150401543660.0
2019-11-11,Z305GNBQ,ST4000DM000,4000787030016,0,117.0,125357440.0,96.0,0.0,100.0,4.0,100.0,0.0,88.0,726243504.0,62.0,33520.0,100.0,0.0,100.0,4.0,98.0,2.0,100.0,0.0,100.0,0.0,100.0,0.0,100.0,0.0,78.0,22.0,100.0,0.0,100.0,0.0,96.0,8628.0,22.0,22.0,100.0,0.0,100.0,0.0,200.0,0.0,100.0,33435.0,100.0,50864590760.0,100.0,150648844366.0
2019-11-12,Z305GNBQ,ST4000DM000,4000787030016,0,111.0,31537728.0,96.0,0.0,100.0,4.0,100.0,0.0,88.0,729223097.0,62.0,33544.0,100.0,0.0,100.0,4.0,98.0,2.0,100.0,0.0,100.0,0.0,100.0,0.0,100.0,0.0,79.0,21.0,100.0,0.0,100.0,0.0,96.0,8628.0,21.0,21.0,100.0,0.0,100.0,0.0,200.0,0.0,100.0,33459.0,100.0,50869034208.0,100.0,150805627786.0
2019-11-13,Z305GNBQ,ST4000DM000,4000787030016,0,117.0,125285744.0,96.0,0.0,100.0,4.0,100.0,0.0,88.0,730263581.0,62.0,33568.0,100.0,0.0,100.0,4.0,98.0,2.0,100.0,0.0,100.0,0.0,100.0,0.0,100.0,0.0,79.0,21.0,100.0,0.0,100.0,0.0,96.0,8628.0,21.0,21.0,100.0,0.0,100.0,0.0,200.0,0.0,100.0,33483.0,100.0,50873205456.0,100.0,151050093527.0
2019-11-14,Z305GNBQ,ST4000DM000,4000787030016,0,117.0,125815312.0,96.0,0.0,100.0,4.0,100.0,0.0,88.0,731141651.0,62.0,33592.0,100.0,0.0,100.0,4.0,98.0,2.0,100.0,0.0,100.0,0.0,100.0,0.0,100.0,0.0,78.0,22.0,100.0,0.0,100.0,0.0,96.0,8628.0,22.0,22.0,100.0,0.0,100.0,0.0,200.0,0.0,100.0,33506.0,100.0,50878408944.0,100.0,151336193661.0
2019-11-15,Z305GNBQ,ST4000DM000,4000787030016,0,117.0,127855488.0,96.0,0.0,100.0,4.0,100.0,0.0,88.0,731867527.0,62.0,33616.0,100.0,0.0,100.0,4.0,98.0,2.0,100.0,0.0,100.0,0.0,100.0,0.0,100.0,0.0,78.0,22.0,100.0,0.0,100.0,0.0,96.0,8628.0,22.0,22.0,100.0,0.0,100.0,0.0,200.0,0.0,100.0,33530.0,100.0,50885439352.0,100.0,151659785224.0
2019-11-16,Z305GNBQ,ST4000DM000,4000787030016,0,117.0,162083808.0,96.0,0.0,100.0,4.0,100.0,0.0,88.0,733870645.0,62.0,33640.0,100.0,0.0,100.0,4.0,98.0,2.0,100.0,0.0,100.0,0.0,100.0,0.0,100.0,0.0,78.0,22.0,100.0,0.0,100.0,0.0,96.0,8628.0,22.0,22.0,100.0,0.0,100.0,0.0,200.0,0.0,100.0,33554.0,100.0,50894741496.0,100.0,152002987840.0
2019-11-17,Z305GNBQ,ST4000DM000,4000787030016,0,114.0,73774096.0,96.0,0.0,100.0,4.0,100.0,0.0,88.0,736450505.0,62.0,33663.0,100.0,0.0,100.0,4.0,98.0,2.0,100.0,0.0,100.0,0.0,100.0,0.0,100.0,0.0,78.0,22.0,100.0,0.0,100.0,0.0,96.0,8628.0,22.0,22.0,100.0,0.0,100.0,0.0,200.0,0.0,100.0,33578.0,100.0,50903699728.0,100.0,152321780244.0
2019-11-18,Z305GNBQ,ST4000DM000,4000787030016,0,119.0,218252744.0,96.0,0.0,100.0,4.0,100.0,0.0,88.0,738458333.0,62.0,33687.0,100.0,0.0,100.0,4.0,98.0,2.0,100.0,0.0,100.0,0.0,100.0,0.0,100.0,0.0,78.0,22.0,100.0,0.0,100.0,0.0,96.0,8628.0,22.0,22.0,100.0,0.0,100.0,0.0,200.0,0.0,100.0,33602.0,100.0,50925656432.0,100.0,152635008363.0
2019-11-19,Z305GNBQ,ST4000DM000,4000787030016,0,116.0,112316416.0,96.0,0.0,100.0,4.0,100.0,0.0,88.0,740501315.0,62.0,33711.0,100.0,0.0,100.0,4.0,98.0,2.0,100.0,0.0,100.0,0.0,100.0,0.0,100.0,0.0,78.0,22.0,100.0,0.0,100.0,0.0,96.0,8628.0,22.0,22.0,100.0,0.0,100.0,0.0,200.0,0.0,100.0,33626.0,100.0,50934368752.0,100.0,152799655267.0
2019-11-20,Z305GNBQ,ST4000DM000,4000787030016,0,119.0,204584368.0,96.0,0.0,100.0,4.0,100.0,0.0,88.0,743060239.0,62.0,33747.0,100.0,0.0,100.0,4.0,98.0,2.0,100.0,0.0,100.0,0.0,100.0,0.0,100.0,0.0,78.0,22.0,100.0,0.0,100.0,0.0,96.0,8628.0,22.0,22.0,100.0,0.0,100.0,0.0,200.0,0.0,100.0,33662.0,100.0,50946454648.0,100.0,153190267574.0
2019-11-21,Z305GNBQ,ST4000DM000,4000787030016,0,119.0,219002272.0,96.0,0.0,100.0,4.0,100.0,0.0,88.0,744396641.0,62.0,33771.0,100.0,0.0,100.0,4.0,98.0,2.0,100.0,0.0,100.0,0.0,100.0,0.0,100.0,0.0,79.0,21.0,100.0,0.0,100.0,0.0,96.0,8628.0,21.0,21.0,100.0,0.0,100.0,0.0,200.0,0.0,100.0,33686.0,100.0,50952327088.0,100.0,153415343183.0
2019-11-22,Z305GNBQ,ST4000DM000,4000787030016,0,116.0,114812832.0,96.0,0.0,100.0,4.0,100.0,0.0,88.0,746175158.0,62.0,33795.0,100.0,0.0,100.0,4.0,98.0,2.0,100.0,0.0,100.0,0.0,100.0,0.0,100.0,0.0,75.0,25.0,100.0,0.0,100.0,0.0,96.0,8628.0,25.0,25.0,100.0,0.0,100.0,0.0,200.0,0.0,100.0,33710.0,100.0,50959775432.0,100.0,153687187766.0
2019-11-23,Z305GNBQ,ST4000DM000,4000787030016,0,120.0,242277304.0,96.0,0.0,100.0,4.0,100.0,0.0,88.0,749527224.0,62.0,33819.0,100.0,0.0,100.0,4.0,98.0,2.0,100.0,0.0,100.0,0.0,100.0,0.0,100.0,0.0,78.0,22.0,100.0,0.0,100.0,0.0,96.0,8628.0,22.0,22.0,100.0,0.0,100.0,0.0,200.0,0.0,100.0,33734.0,100.0,50970404160.0,100.0,153881590366.0
2019-11-24,Z305GNBQ,ST4000DM000,4000787030016,0,115.0,84808152.0,96.0,0.0,100.0,4.0,100.0,0.0,88.0,750755492.0,62.0,33843.0,100.0,0.0,100.0,4.0,98.0,2.0,100.0,0.0,100.0,0.0,100.0,0.0,100.0,0.0,78.0,22.0,100.0,0.0,100.0,0.0,96.0,8628.0,22.0,22.0,100.0,0.0,100.0,0.0,200.0,0.0,100.0,33758.0,100.0,50979717928.0,100.0,154041540542.0
2019-11-25,Z305GNBQ,ST4000DM000,4000787030016,0,117.0,121396168.0,96.0,0.0,100.0,4.0,100.0,0.0,88.0,752171088.0,62.0,33867.0,100.0,0.0,100.0,4.0,98.0,2.0,100.0,0.0,100.0,0.0,100.0,0.0,100.0,0.0,79.0,21.0,100.0,0.0,100.0,0.0,96.0,8628.0,21.0,21.0,100.0,0.0,100.0,0.0,200.0,0.0,100.0,33782.0,100.0,50993098016.0,100.0,154135983726.0
2019-11-26,Z305GNBQ,ST4000DM000,4000787030016,0,118.0,171777952.0,96.0,0.0,100.0,4.0,100.0,0.0,88.0,754064893.0,62.0,33891.0,100.0,0.0,100.0,4.0,98.0,2.0,100.0,0.0,100.0,0.0,100.0,0.0,100.0,0.0,78.0,22.0,100.0,0.0,100.0,0.0,96.0,8628.0,22.0,22.0,100.0,0.0,100.0,0.0,200.0,0.0,100.0,33806.0,100.0,51006985960.0,100.0,154321535127.0
2019-11-27,Z305GNBQ,ST4000DM000,4000787030016,0,104.0,6772560.0,96.0,0.0,100.0,4.0,100.0,0.0,88.0,754780967.0,62.0,33903.0,100.0,0.0,100.0,4.0,98.0,2.0,100.0,0.0,100.0,0.0,100.0,0.0,100.0,0.0,78.0,22.0,100.0,0.0,100.0,0.0,96.0,8628.0,22.0,22.0,100.0,0.0,100.0,0.0,200.0,0.0,100.0,33818.0,100.0,51012686600.0,100.0,154407908669.0
2019-11-28,Z305GNBQ,ST4000DM000,4000787030016,0,116.0,114380160.0,96.0,0.0,100.0,4.0,100.0,0.0,88.0,755802147.0,62.0,33927.0,100.0,0.0,100.0,4.0,98.0,2.0,100.0,0.0,100.0,0.0,100.0,0.0,100.0,0.0,78.0,22.0,100.0,0.0,100.0,0.0,96.0,8628.0,22.0,22.0,100.0,0.0,100.0,0.0,200.0,0.0,100.0,33842.0,100.0,51037749584.0,100.0,154540737706.0
2019-11-29,Z305GNBQ,ST4000DM000,4000787030016,0,115.0,93353640.0,96.0,0.0,100.0,4.0,100.0,0.0,88.0,756794651.0,62.0,33951.0,100.0,0.0,100.0,4.0,98.0,2.0,100.0,0.0,100.0,0.0,100.0,0.0,100.0,0.0,78.0,22.0,100.0,0.0,100.0,0.0,96.0,8628.0,22.0,22.0,100.0,0.0,100.0,0.0,200.0,0.0,100.0,33866.0,100.0,51048038344.0,100.0,154654860763.0
2019-11-30,Z305GNBQ,ST4000DM000,4000787030016,0,119.0,213408744.0,96.0,0.0,100.0,4.0,100.0,0.0,88.0,758436731.0,62.0,33975.0,100.0,0.0,100.0,4.0,98.0,2.0,100.0,0.0,100.0,0.0,100.0,0.0,100.0,0.0,78.0,22.0,100.0,0.0,100.0,0.0,96.0,8628.0,22.0,22.0,100.0,0.0,100.0,0.0,200.0,0.0,100.0,33890.0,100.0,51057690176.0,100.0,154819924314.0
2019-12-01,Z305GNBQ,ST4000DM000,4000787030016,0,109.0,23436888.0,96.0,0.0,100.0,4.0,100.0,0.0,88.0,760929935.0,62.0,34000.0,100.0,0.0,100.0,4.0,98.0,2.0,100.0,0.0,100.0,0.0,100.0,0.0,100.0,0.0,78.0,22.0,100.0,0.0,100.0,0.0,96.0,8628.0,22.0,22.0,100.0,0.0,100.0,0.0,200.0,0.0,100.0,33914.0,100.0,51063315432.0,100.0,154995497971.0
2019-12-02,Z305GNBQ,ST4000DM000,4000787030016,0,112.0,44347800.0,96.0,0.0,100.0,4.0,100.0,0.0,88.0,761636663.0,62.0,34024.0,100.0,0.0,100.0,4.0,98.0,2.0,100.0,0.0,100.0,0.0,100.0,0.0,100.0,0.0,78.0,22.0,100.0,0.0,100.0,0.0,96.0,8628.0,22.0,22.0,100.0,0.0,100.0,0.0,200.0,0.0,100.0,33938.0,100.0,51073902832.0,100.0,155133311220.0
2019-12-03,Z305GNBQ,ST4000DM000,4000787030016,0,115.0,84931904.0,96.0,0.0,100.0,4.0,100.0,0.0,88.0,763508499.0,62.0,34048.0,100.0,0.0,100.0,4.0,98.0,2.0,100.0,0.0,100.0,0.0,100.0,0.0,100.0,0.0,78.0,22.0,100.0,0.0,100.0,0.0,96.0,8628.0,22.0,22.0,100.0,0.0,100.0,0.0,200.0,0.0,100.0,33962.0,100.0,51083372968.0,100.0,155274560463.0
2019-12-04,Z305GNBQ,ST4000DM000,4000787030016,0,117.0,154904784.0,96.0,0.0,100.0,4.0,100.0,0.0,88.0,764756193.0,62.0,34072.0,100.0,0.0,100.0,4.0,98.0,2.0,100.0,0.0,100.0,0.0,100.0,0.0,100.0,0.0,78.0,22.0,100.0,0.0,100.0,0.0,96.0,8628.0,22.0,22.0,100.0,0.0,100.0,0.0,200.0,0.0,100.0,33986.0,100.0,51091722568.0,100.0,155490549892.0
2019-12-05,Z305GNBQ,ST4000DM000,4000787030016,0,118.0,196737136.0,96.0,0.0,100.0,4.0,100.0,0.0,88.0,765374064.0,62.0,34095.0,100.0,0.0,100.0,4.0,98.0,2.0,100.0,0.0,100.0,0.0,100.0,0.0,100.0,0.0,78.0,22.0,100.0,0.0,100.0,0.0,96.0,8628.0,22.0,22.0,100.0,0.0,100.0,0.0,200.0,0.0,100.0,34010.0,100.0,51097984104.0,100.0,155613921772.0
2019-12-06,Z305GNBQ,ST4000DM000,4000787030016,0,117.0,130419832.0,96.0,0.0,100.0,4.0,100.0,0.0,88.0,766625469.0,62.0,34119.0,100.0,0.0,100.0,4.0,98.0,2.0,100.0,0.0,100.0,0.0,100.0,0.0,100.0,0.0,78.0,22.0,100.0,0.0,100.0,0.0,96.0,8628.0,22.0,22.0,100.0,0.0,100.0,0.0,200.0,0.0,100.0,34034.0,100.0,51108350992.0,100.0,155840321059.0
2019-12-07,Z305GNBQ,ST4000DM000,4000787030016,0,120.0,237144808.0,96.0,0.0,100.0,4.0,100.0,0.0,88.0,768733038.0,62.0,34144.0,100.0,0.0,100.0,4.0,98.0,2.0,100.0,0.0,100.0,0.0,100.0,0.0,100.0,0.0,78.0,22.0,100.0,0.0,100.0,0.0,96.0,8628.0,22.0,22.0,100.0,0.0,100.0,0.0,200.0,0.0,100.0,34058.0,100.0,51122026928.0,100.0,156056943480.0
2019-12-08,Z305GNBQ,ST4000DM000,4000787030016,0,114.0,66318920.0,96.0,0.0,100.0,4.0,100.0,0.0,88.0,771970084.0,61.0,34168.0,100.0,0.0,100.0,4.0,98.0,2.0,100.0,0.0,100.0,0.0,100.0,0.0,100.0,0.0,78.0,22.0,100.0,0.0,100.0,0.0,96.0,8628.0,22.0,22.0,100.0,0.0,100.0,0.0,200.0,0.0,100.0,34082.0,100.0,51135161664.0,100.0,156258724191.0
2019-12-09,Z305GNBQ,ST4000DM000,4000787030016,0,114.0,78795240.0,96.0,0.0,100.0,4.0,100.0,0.0,88.0,773111888.0,61.0,34192.0,100.0,0.0,100.0,4.0,98.0,2.0,100.0,0.0,100.0,0.0,100.0,0.0,100.0,0.0,78.0,22.0,100.0,0.0,100.0,0.0,96.0,8628.0,22.0,22.0,100.0,0.0,100.0,0.0,200.0,0.0,100.0,34106.0,100.0,51145447056.0,100.0,156439023945.0
2019-12-10,Z305GNBQ,ST4000DM000,4000787030016,0,119.0,229692656.0,96.0,0.0,100.0,4.0,100.0,0.0,88.0,775098551.0,61.0,34216.0,100.0,0.0,100.0,4.0,98.0,2.0,100.0,0.0,100.0,0.0,100.0,0.0,100.0,0.0,78.0,22.0,100.0,0.0,100.0,0.0,96.0,8628.0,22.0,22.0,100.0,0.0,100.0,0.0,200.0,0.0,100.0,34131.0,100.0,51152490920.0,100.0,156584820611.0
2019-12-11,Z305GNBQ,ST4000DM000,4000787030016,0,117.0,129235320.0,96.0,0.0,100.0,4.0,100.0,0.0,88.0,776449514.0,61.0,34240.0,100.0,0.0,100.0,4.0,98.0,2.0,100.0,0.0,100.0,0.0,100.0,0.0,100.0,0.0,78.0,22.0,100.0,0.0,100.0,0.0,96.0,8628.0,22.0,22.0,100.0,0.0,100.0,0.0,200.0,0.0,100.0,34155.0,100.0,51165914032.0,100.0,156788690838.0
2019-12-12,Z305GNBQ,ST4000DM000,4000787030016,0,115.0,94085600.0,96.0,0.0,100.0,4.0,100.0,0.0,88.0,777883772.0,61.0,34264.0,100.0,0.0,100.0,4.0,98.0,2.0,100.0,0.0,100.0,0.0,100.0,0.0,100.0,0.0,78.0,22.0,100.0,0.0,100.0,0.0,96.0,8628.0,22.0,22.0,100.0,0.0,100.0,0.0,200.0,0.0,100.0,34178.0,100.0,51179310928.0,100.0,157029589885.0
2019-12-13,Z305GNBQ,ST4000DM000,4000787030016,0,118.0,187771624.0,96.0,0.0,100.0,4.0,100.0,0.0,88.0,779264550.0,61.0,34288.0,100.0,0.0,100.0,4.0,98.0,2.0,100.0,0.0,100.0,0.0,100.0,0.0,100.0,0.0,78.0,22.0,100.0,0.0,100.0,0.0,96.0,8628.0,22.0,22.0,100.0,0.0,100.0,0.0,200.0,0.0,100.0,34202.0,100.0,51188301528.0,100.0,157264726803.0
2019-12-14,Z305GNBQ,ST4000DM000,4000787030016,0,118.0,175513624.0,96.0,0.0,100.0,4.0,100.0,0.0,88.0,781607119.0,61.0,34311.0,100.0,0.0,100.0,4.0,98.0,2.0,100.0,0.0,100.0,0.0,100.0,0.0,100.0,0.0,78.0,22.0,100.0,0.0,100.0,0.0,96.0,8628.0,22.0,22.0,100.0,0.0,100.0,0.0,200.0,0.0,100.0,34226.0,100.0,51198103464.0,100.0,157548052255.0
2019-12-15,Z305GNBQ,ST4000DM000,4000787030016,0,120.0,235737416.0,96.0,0.0,100.0,4.0,100.0,0.0,88.0,783119680.0,61.0,34335.0,100.0,0.0,100.0,4.0,98.0,2.0,100.0,0.0,100.0,0.0,100.0,0.0,100.0,0.0,78.0,22.0,100.0,0.0,100.0,0.0,96.0,8628.0,22.0,22.0,100.0,0.0,100.0,0.0,200.0,0.0,100.0,34250.0,100.0,51208882368.0,100.0,157815143528.0
2019-12-16,Z305GNBQ,ST4000DM000,4000787030016,0,120.0,243130576.0,96.0,0.0,100.0,4.0,100.0,0.0,88.0,784005451.0,61.0,34359.0,100.0,0.0,100.0,4.0,98.0,2.0,100.0,0.0,100.0,0.0,100.0,0.0,100.0,0.0,78.0,22.0,100.0,0.0,100.0,0.0,96.0,8628.0,22.0,22.0,100.0,0.0,100.0,0.0,200.0,0.0,100.0,34274.0,100.0,51217928904.0,100.0,158118838760.0
2019-12-17,Z305GNBQ,ST4000DM000,4000787030016,0,118.0,170296912.0,96.0,0.0,100.0,4.0,100.0,0.0,88.0,785697157.0,61.0,34383.0,100.0,0.0,100.0,4.0,98.0,2.0,100.0,0.0,100.0,0.0,100.0,0.0,100.0,0.0,78.0,22.0,100.0,0.0,100.0,0.0,96.0,8628.0,22.0,22.0,100.0,0.0,100.0,0.0,200.0,0.0,100.0,34298.0,100.0,51229144952.0,100.0,158328279184.0
2019-12-18,Z305GNBQ,ST4000DM000,4000787030016,0,120.0,237064568.0,96.0,0.0,100.0,4.0,100.0,0.0,88.0,787597595.0,61.0,34419.0,100.0,0.0,100.0,4.0,98.0,2.0,100.0,0.0,100.0,0.0,100.0,0.0,100.0,0.0,78.0,22.0,100.0,0.0,100.0,0.0,96.0,8628.0,22.0,22.0,100.0,0.0,100.0,0.0,200.0,0.0,100.0,34333.0,100.0,51256825488.0,100.0,158791654217.0
2019-12-19,Z305GNBQ,ST4000DM000,4000787030016,0,116.0,115668976.0,96.0,0.0,100.0,4.0,100.0,0.0,88.0,789776562.0,61.0,34443.0,100.0,0.0,100.0,4.0,98.0,2.0,100.0,0.0,100.0,0.0,100.0,0.0,100.0,0.0,78.0,22.0,100.0,0.0,100.0,0.0,96.0,8628.0,22.0,22.0,100.0,0.0,100.0,0.0,200.0,0.0,100.0,34357.0,100.0,51277910528.0,100.0,159118892406.0
2019-12-20,Z305GNBQ,ST4000DM000,4000787030016,0,114.0,60850112.0,96.0,0.0,100.0,4.0,100.0,0.0,88.0,791020247.0,61.0,34455.0,100.0,0.0,100.0,4.0,98.0,2.0,100.0,0.0,100.0,0.0,100.0,0.0,100.0,0.0,78.0,22.0,100.0,0.0,100.0,0.0,96.0,8628.0,22.0,22.0,100.0,0.0,100.0,0.0,200.0,0.0,100.0,34369.0,100.0,51288348664.0,100.0,159291052114.0
2019-12-21,Z305GNBQ,ST4000DM000,4000787030016,0,111.0,32911440.0,96.0,0.0,100.0,4.0,100.0,0.0,88.0,793063302.0,61.0,34479.0,100.0,0.0,100.0,4.0,98.0,2.0,100.0,0.0,100.0,0.0,100.0,0.0,100.0,0.0,78.0,22.0,100.0,0.0,100.0,0.0,96.0,8628.0,22.0,22.0,100.0,0.0,100.0,0.0,200.0,0.0,100.0,34393.0,100.0,51300534928.0,100.0,159549340848.0
2019-12-22,Z305GNBQ,ST4000DM000,4000787030016,0,119.0,213185304.0,96.0,0.0,100.0,4.0,100.0,0.0,88.0,795263079.0,61.0,34503.0,100.0,0.0,100.0,4.0,98.0,2.0,100.0,0.0,100.0,0.0,100.0,0.0,100.0,0.0,78.0,22.0,100.0,0.0,100.0,0.0,96.0,8628.0,22.0,22.0,100.0,0.0,100.0,0.0,200.0,0.0,100.0,34417.0,100.0,51314156840.0,100.0,159825196811.0
2019-12-23,Z305GNBQ,ST4000DM000,4000787030016,0,111.0,29752992.0,96.0,0.0,100.0,4.0,100.0,0.0,88.0,796970736.0,61.0,34527.0,100.0,0.0,100.0,4.0,98.0,2.0,100.0,0.0,100.0,0.0,100.0,0.0,100.0,0.0,78.0,22.0,100.0,0.0,100.0,0.0,96.0,8628.0,22.0,22.0,100.0,0.0,100.0,0.0,200.0,0.0,100.0,34442.0,100.0,51325785360.0,100.0,160070964368.0
2019-12-24,Z305GNBQ,ST4000DM000,4000787030016,0,119.0,201488952.0,96.0,0.0,100.0,4.0,100.0,0.0,88.0,800017247.0,61.0,34551.0,100.0,0.0,100.0,4.0,98.0,2.0,100.0,0.0,100.0,0.0,100.0,0.0,100.0,0.0,78.0,22.0,100.0,0.0,100.0,0.0,96.0,8628.0,22.0,22.0,100.0,0.0,100.0,0.0,200.0,0.0,100.0,34466.0,100.0,51339770024.0,100.0,160222092895.0
2019-12-25,Z305GNBQ,ST4000DM000,4000787030016,0,117.0,131860544.0,96.0,0.0,100.0,4.0,100.0,0.0,88.0,801872420.0,61.0,34575.0,100.0,0.0,100.0,4.0,98.0,2.0,100.0,0.0,100.0,0.0,100.0,0.0,100.0,0.0,78.0,22.0,100.0,0.0,100.0,0.0,96.0,8628.0,22.0,22.0,100.0,0.0,100.0,0.0,200.0,0.0,100.0,34490.0,100.0,51357755448.0,100.0,160496496533.0
2019-12-26,Z305GNBQ,ST4000DM000,4000787030016,0,118.0,194511888.0,96.0,0.0,100.0,4.0,100.0,0.0,88.0,803167656.0,61.0,34599.0,100.0,0.0,100.0,4.0,98.0,2.0,100.0,0.0,100.0,0.0,100.0,0.0,100.0,0.0,78.0,22.0,100.0,0.0,100.0,0.0,96.0,8628.0,22.0,22.0,100.0,0.0,100.0,0.0,200.0,0.0,100.0,34513.0,100.0,51376242808.0,100.0,160680355060.0
2019-12-27,Z305GNBQ,ST4000DM000,4000787030016,0,113.0,50711104.0,96.0,0.0,100.0,4.0,100.0,0.0,88.0,804317970.0,61.0,34623.0,100.0,0.0,100.0,4.0,98.0,2.0,100.0,0.0,100.0,0.0,100.0,0.0,100.0,0.0,78.0,22.0,100.0,0.0,100.0,0.0,96.0,8628.0,22.0,22.0,100.0,0.0,100.0,0.0,200.0,0.0,100.0,34537.0,100.0,51392849400.0,100.0,160819228930.0
2019-12-28,Z305GNBQ,ST4000DM000,4000787030016,0,115.0,97580064.0,96.0,0.0,100.0,4.0,100.0,0.0,89.0,806405845.0,61.0,34647.0,100.0,0.0,100.0,4.0,98.0,2.0,100.0,0.0,100.0,0.0,100.0,0.0,100.0,0.0,78.0,22.0,100.0,0.0,100.0,0.0,96.0,8628.0,22.0,22.0,100.0,0.0,100.0,0.0,200.0,0.0,100.0,34561.0,100.0,51405760712.0,100.0,161009796133.0
2019-12-29,Z305GNBQ,ST4000DM000,4000787030016,0,119.0,216252280.0,96.0,0.0,100.0,4.0,100.0,0.0,89.0,808375719.0,61.0,34671.0,100.0,0.0,100.0,4.0,98.0,2.0,100.0,0.0,100.0,0.0,100.0,0.0,100.0,0.0,78.0,22.0,100.0,0.0,100.0,0.0,96.0,8628.0,22.0,22.0,100.0,0.0,100.0,0.0,200.0,0.0,100.0,34585.0,100.0,51424254712.0,100.0,161194286438.0
2019-12-30,Z305GNBQ,ST4000DM000,4000787030016,0,117.0,166713672.0,96.0,0.0,100.0,4.0,100.0,0.0,89.0,809332680.0,61.0,34694.0,100.0,0.0,100.0,4.0,98.0,2.0,100.0,0.0,100.0,0.0,100.0,0.0,100.0,0.0,78.0,22.0,100.0,0.0,100.0,0.0,96.0,8628.0,22.0,22.0,100.0,0.0,100.0,0.0,200.0,0.0,100.0,34609.0,100.0,51435282904.0,100.0,161303024736.0
2019-12-31,Z305GNBQ,ST4000DM000,4000787030016,0,111.0,32488264.0,96.0,0.0,100.0,4.0,100.0,0.0,89.0,811130036.0,61.0,34718.0,100.0,0.0,100.0,4.0,98.0,2.0,100.0,0.0,100.0,0.0,100.0,0.0,100.0,0.0,78.0,22.0,100.0,0.0,100.0,0.0,96.0,8628.0,22.0,22.0,100.0,0.0,100.0,0.0,200.0,0.0,100.0,34633.0,100.0,51446664360.0,100.0,161386651805.0
