2019-01-01,Z305D5GE,ST4000DM000,4000787030016,0,111,36285144,96.0,0.0,100.0,4.0,100.0,0.0,81.0,134762715.0,72,25370,100.0,0.0,100,4,100.0,0.0,100.0,0.0,100.0,0.0,100.0,0.0,100.0,0.0,70.0,30.0,100.0,0.0,100.0,0.0,95.0,10468.0,30,30,100.0,0.0,100.0,0.0,200.0,0.0,100.0,25279.0,100.0,41610720520.0,100.0,104946409142.0
2019-01-02,Z305D5GE,ST4000DM000,4000787030016,0,115,91529408,96.0,0.0,100.0,4.0,100.0,0.0,81.0,135317488.0,72,25395,100.0,0.0,100,4,100.0,0.0,100.0,0.0,100.0,0.0,100.0,0.0,100.0,0.0,69.0,31.0,100.0,0.0,100.0,0.0,95.0,10468.0,31,31,100.0,0.0,100.0,0.0,200.0,0.0,100.0,25303.0,100.0,41630081632.0,100.0,104979969028.0
2019-01-03,Z305D5GE,ST4000DM000,4000787030016,0,115.0,88544488.0,96.0,0.0,100.0,4.0,100.0,0.0,81.0,136538040.0,71.0,25418.0,100.0,0.0,100.0,4.0,100.0,0.0,100.0,0.0,100.0,0.0,100.0,0.0,100.0,0.0,68.0,32.0,100.0,0.0,100.0,0.0,95.0,10468.0,32.0,32.0,100.0,0.0,100.0,0.0,200.0,0.0,100.0,25326.0,100.0,41653910800.0,100.0,105084742252.0
2019-01-04,Z305D5GE,ST4000DM000,4000787030016,0,117,164023576,96.0,0.0,100.0,4.0,100.0,0.0,81.0,137975575.0,71,25443,100.0,0.0,100,4,100.0,0.0,100.0,0.0,100.0,0.0,100.0,0.0,100.0,0.0,70.0,30.0,100.0,0.0,100.0,0.0,95.0,10468.0,30,30,100.0,0.0,100.0,0.0,200.0,0.0,100.0,25352.0,100.0,41673927056.0,100.0,105210914741.0
2019-01-05,Z305D5GE,ST4000DM000,4000787030016,0,118,174748688,96.0,0.0,100.0,4.0,100.0,0.0,81.0,138600039.0,71,25467,100.0,0.0,100,4,100.0,0.0,100.0,0.0,100.0,0.0,100.0,0.0,100.0,0.0,70.0,30.0,100.0,0.0,100.0,0.0,95.0,10468.0,30,30,100.0,0.0,100.0,0.0,200.0,0.0,100.0,25375.0,100.0,41684545856.0,100.0,105292592911.0
2019-01-06,Z305D5GE,ST4000DM000,4000787030016,0,118,187622760,96.0,0.0,100.0,4.0,100.0,0.0,81.0,139286480.0,71,25491,100.0,0.0,100,4,100.0,0.0,100.0,0.0,100.0,0.0,100.0,0.0,100.0,0.0,70.0,30.0,100.0,0.0,100.0,0.0,95.0,10468.0,30,30,100.0,0.0,100.0,0.0,200.0,0.0,100.0,25399.0,100.0,41698924592.0,100.0,105357507975.0
2019-01-07,Z305D5GE,ST4000DM000,4000787030016,0,119,234704768,96.0,0.0,100.0,4.0,100.0,0.0,81.0,139840668.0,71,25514,100.0,0.0,100,4,100.0,0.0,100.0,0.0,100.0,0.0,100.0,0.0,100.0,0.0,70.0,30.0,100.0,0.0,100.0,0.0,95.0,10468.0,30,30,100.0,0.0,100.0,0.0,200.0,0.0,100.0,25422.0,100.0,41716701016.0,100.0,105397253766.0
2019-01-08,Z305D5GE,ST4000DM000,4000787030016,0,117,144524248,96.0,0.0,100.0,4.0,100.0,0.0,81.0,141945236.0,71,25539,100.0,0.0,100,4,100.0,0.0,100.0,0.0,100.0,0.0,100.0,0.0,100.0,0.0,68.0,32.0,100.0,0.0,100.0,0.0,95.0,10468.0,32,32,100.0,0.0,100.0,0.0,200.0,0.0,100.0,25447.0,100.0,41739922264.0,100.0,105530396246.0
2019-01-09,Z305D5GE,ST4000DM000,4000787030016,0,120,237361488,96.0,0.0,100.0,4.0,100.0,0.0,81.0,142835854.0,71,25562,100.0,0.0,100,4,100.0,0.0,100.0,0.0,100.0,0.0,100.0,0.0,100.0,0.0,69.0,31.0,100.0,0.0,100.0,0.0,95.0,10468.0,31,31,100.0,0.0,100.0,0.0,200.0,0.0,100.0,25470.0,100.0,41766523816.0,100.0,105614120135.0
2019-01-10,Z305D5GE,ST4000DM000,4000787030016,0,118,188562688,96.0,0.0,100.0,4.0,100.0,0.0,81.0,143414170.0,71,25583,100.0,0.0,100,4,100.0,0.0,100.0,0.0,100.0,0.0,100.0,0.0,100.0,0.0,69.0,31.0,100.0,0.0,100.0,0.0,95.0,10468.0,31,31,100.0,0.0,100.0,0.0,200.0,0.0,100.0,25492.0,100.0,41781646896.0,100.0,105669349453.0
2019-01-11,Z305D5GE,ST4000DM000,4000787030016,0,116.0,113087776.0,96.0,0.0,100.0,4.0,100.0,0.0,81.0,144612514.0,71.0,25597.0,100.0,0.0,100.0,4.0,100.0,0.0,100.0,0.0,100.0,0.0,100.0,0.0,100.0,0.0,68.0,32.0,100.0,0.0,100.0,0.0,95.0,10468.0,32.0,32.0,100.0,0.0,100.0,0.0,200.0,0.0,100.0,25505.0,100.0,41796222544.0,100.0,105713275398.0
2019-01-12,Z305D5GE,ST4000DM000,4000787030016,0,116,116301600,96.0,0.0,100.0,4.0,100.0,0.0,81.0,145876845.0,71,25629,100.0,0.0,100,4,100.0,0.0,100.0,0.0,100.0,0.0,100.0,0.0,100.0,0.0,70.0,30.0,100.0,0.0,100.0,0.0,95.0,10468.0,30,30,100.0,0.0,100.0,0.0,200.0,0.0,100.0,25537.0,100.0,41814377240.0,100.0,105876558429.0
2019-01-13,Z305D5GE,ST4000DM000,4000787030016,0,119,233302296,96.0,0.0,100.0,4.0,100.0,0.0,81.0,146502836.0,71,25645,100.0,0.0,100,4,100.0,0.0,100.0,0.0,100.0,0.0,100.0,0.0,100.0,0.0,70.0,30.0,100.0,0.0,100.0,0.0,95.0,10468.0,30,30,100.0,0.0,100.0,0.0,200.0,0.0,100.0,25553.0,100.0,41825191032.0,100.0,105964189124.0
2019-01-14,Z305D5GE,ST4000DM000,4000787030016,0,112,44750688,96.0,0.0,100.0,4.0,100.0,0.0,81.0,147565121.0,71,25676,100.0,0.0,100,4,100.0,0.0,100.0,0.0,100.0,0.0,100.0,0.0,100.0,0.0,70.0,30.0,100.0,0.0,100.0,0.0,95.0,10468.0,30,30,100.0,0.0,100.0,0.0,200.0,0.0,100.0,25585.0,100.0,41852412560.0,100.0,106078190822.0
2019-01-15,Z305D5GE,ST4000DM000,4000787030016,0,117.0,165834256.0,96.0,0.0,100.0,4.0,100.0,0.0,81.0,148136084.0,71.0,25692.0,100.0,0.0,100.0,4.0,100.0,0.0,100.0,0.0,100.0,0.0,100.0,0.0,100.0,0.0,70.0,30.0,100.0,0.0,100.0,0.0,95.0,10468.0,30.0,30.0,100.0,0.0,100.0,0.0,200.0,0.0,100.0,25600.0,100.0,41870894656.0,100.0,106139624447.0
2019-01-16,Z305D5GE,ST4000DM000,4000787030016,0,117,142117032,96.0,0.0,100.0,4.0,100.0,0.0,81.0,151442458.0,71,25724,100.0,0.0,100,4,100.0,0.0,100.0,0.0,100.0,0.0,100.0,0.0,100.0,0.0,69.0,31.0,100.0,0.0,100,0,95.0,10468.0,31,31,100.0,0.0,100.0,0.0,200.0,0.0,100.0,25632.0,100.0,41897326376.0,100.0,106317842364.0
2019-01-17,Z305D5GE,ST4000DM000,4000787030016,0,111,30727352,96.0,0.0,100.0,4.0,100.0,0.0,81.0,152231909.0,71,25740,100.0,0.0,100,4,100.0,0.0,100.0,0.0,100.0,0.0,100.0,0.0,100.0,0.0,68.0,32.0,100.0,0.0,100,0,95.0,10468.0,32,32,100.0,0.0,100.0,0.0,200.0,0.0,100.0,25648.0,100.0,41915414968.0,100.0,106404828831.0
2019-01-18,Z305D5GE,ST4000DM000,4000787030016,0,115,88249712,96.0,0.0,100.0,4.0,100.0,0.0,81.0,154311290.0,71,25771,100.0,0.0,100,4,100.0,0.0,100.0,0.0,100.0,0.0,100.0,0.0,100.0,0.0,69.0,31.0,100.0,0.0,100,0,95.0,10468.0,31,31,100.0,0.0,100.0,0.0,200.0,0.0,100.0,25680.0,100.0,41944720264.0,100.0,106517120010.0
2019-01-19,Z305D5GE,ST4000DM000,4000787030016,0,120,242846616,96.0,0.0,100.0,4.0,100.0,0.0,81.0,154969692.0,71,25787,100.0,0.0,100,4,100.0,0.0,100.0,0.0,100.0,0.0,100.0,0.0,100.0,0.0,70.0,30.0,100.0,0.0,100,0,95.0,10468.0,30,30,100.0,0.0,100.0,0.0,200.0,0.0,100.0,25696.0,100.0,41967426000.0,100.0,106566016832.0
2019-01-20,Z305D5GE,ST4000DM000,4000787030016,0,117,141733720,96.0,0.0,100.0,4.0,100.0,0.0,81.0,155801723.0,71,25819,100.0,0.0,100,4,100.0,0.0,100.0,0.0,100.0,0.0,100.0,0.0,100.0,0.0,69.0,31.0,100.0,0.0,100,0,95.0,10468.0,31,31,100.0,0.0,100.0,0.0,200.0,0.0,100.0,25727.0,100.0,41991260296.0,100.0,106627792761.0
2019-01-21,Z305D5GE,ST4000DM000,4000787030016,0,116,112269272,96.0,0.0,100.0,4.0,100.0,0.0,81.0,156287515.0,71,25835,100.0,0.0,100,4,100.0,0.0,100.0,0.0,100.0,0.0,100.0,0.0,100.0,0.0,68.0,32.0,100.0,0.0,100,0,95.0,10468.0,32,32,100.0,0.0,100.0,0.0,200.0,0.0,100.0,25743.0,100.0,42004172456.0,100.0,106671871366.0
2019-01-22,Z305D5GE,ST4000DM000,4000787030016,0,119.0,1519880.0,96.0,0.0,100.0,4.0,100.0,0.0,81.0,158195507.0,71.0,25867.0,100.0,0.0,100.0,4.0,100.0,0.0,100.0,0.0,100.0,0.0,100.0,0.0,100.0,0.0,70.0,30.0,100.0,0.0,100.0,0.0,95.0,10468.0,30.0,30.0,100.0,0.0,100.0,0.0,200.0,0.0,100.0,25775.0,100.0,42026023672.0,100.0,106814958499.0
2019-01-23,Z305D5GE,ST4000DM000,4000787030016,0,118.0,190818624.0,96.0,0.0,100.0,4.0,100.0,0.0,81.0,159595531.0,71.0,25898.0,100.0,0.0,100.0,4.0,100.0,0.0,100.0,0.0,100.0,0.0,100.0,0.0,100.0,0.0,70.0,30.0,100.0,0.0,100.0,0.0,95.0,10468.0,30.0,30.0,100.0,0.0,100.0,0.0,200.0,0.0,100.0,25807.0,100.0,42048291480.0,100.0,106941834036.0
2019-01-24,Z305D5GE,ST4000DM000,4000787030016,0,117.0,158516152.0,96.0,0.0,100.0,4.0,100.0,0.0,81.0,160262167.0,71.0,25914.0,100.0,0.0,100.0,4.0,100.0,0.0,100.0,0.0,100.0,0.0,100.0,0.0,100.0,0.0,70.0,30.0,100.0,0.0,100.0,0.0,95.0,10468.0,30.0,30.0,100.0,0.0,100.0,0.0,200.0,0.0,100.0,25822.0,100.0,42062461664.0,100.0,107031349143.0
2019-01-25,Z305D5GE,ST4000DM000,4000787030016,0,117,142262376,96.0,0.0,100.0,4.0,100.0,0.0,81.0,162103149.0,71,25946,100.0,0.0,100,4,100.0,0.0,100.0,0.0,100.0,0.0,100.0,0.0,100.0,0.0,70.0,30.0,100.0,0.0,100,0,95.0,10468.0,30,30,100.0,0.0,100.0,0.0,200.0,0.0,100.0,25854.0,100.0,42089159688.0,100.0,107157668635.0
2019-01-26,Z305D5GE,ST4000DM000,4000787030016,0,116,104171800,96.0,0.0,100.0,4.0,100.0,0.0,81.0,162352386.0,71,25962,100.0,0.0,100,4,100.0,0.0,100.0,0.0,100.0,0.0,100.0,0.0,100.0,0.0,70.0,30.0,100.0,0.0,100,0,95.0,10468.0,30,30,100.0,0.0,100.0,0.0,200.0,0.0,100.0,25870.0,100.0,42096305520.0,100.0,107173527772.0
2019-01-27,Z305D5GE,ST4000DM000,4000787030016,0,114,78509416,96.0,0.0,100.0,4.0,100.0,0.0,81.0,164242329.0,71,25993,100.0,0.0,100,4,100.0,0.0,100.0,0.0,100.0,0.0,100.0,0.0,100.0,0.0,69.0,31.0,100.0,0.0,100,0,95.0,10468.0,31,31,100.0,0.0,100.0,0.0,200.0,0.0,100.0,25902.0,100.0,42138512200.0,100.0,107287794138.0
2019-01-28,Z305D5GE,ST4000DM000,4000787030016,0,116,104813304,96.0,0.0,100.0,4.0,100.0,0.0,81.0,164740316.0,71,26009,100.0,0.0,100,4,100.0,0.0,100.0,0.0,100.0,0.0,100.0,0.0,100.0,0.0,70.0,30.0,100.0,0.0,100,0,95.0,10468.0,30,30,100.0,0.0,100.0,0.0,200.0,0.0,100.0,25918.0,100.0,42151493240.0,100.0,107319288123.0
2019-01-29,Z305D5GE,ST4000DM000,4000787030016,0,114,68939408,96.0,0.0,100.0,4.0,100.0,0.0,81.0,167110078.0,71,26041,100.0,0.0,100,4,100.0,0.0,100.0,0.0,100.0,0.0,100.0,0.0,100.0,0.0,68.0,32.0,100.0,0.0,100,0,95.0,10468.0,32,32,100.0,0.0,100.0,0.0,200.0,0.0,100.0,25949.0,100.0,42179917840.0,100.0,107418908969.0
2019-01-30,Z305D5GE,ST4000DM000,4000787030016,0,114,64646792,96.0,0.0,100.0,4.0,100.0,0.0,81.0,167662905.0,71,26057,100.0,0.0,100,4,100.0,0.0,100.0,0.0,100.0,0.0,100.0,0.0,100.0,0.0,70.0,30.0,100.0,0.0,100,0,95.0,10468.0,30,30,100.0,0.0,100.0,0.0,200.0,0.0,100.0,25965.0,100.0,42198169192.0,100.0,107504450407.0
2019-01-31,Z305D5GE,ST4000DM000,4000787030016,0,117,135773312,96.0,0.0,100.0,4.0,100.0,0.0,82.0,168517139.0,71,26089,100.0,0.0,100,4,100.0,0.0,100.0,0.0,100.0,0.0,100.0,0.0,100.0,0.0,69.0,31.0,100.0,0.0,100,0,95.0,10468.0,31,31,100.0,0.0,100.0,0.0,200.0,0.0,100.0,25997.0,100.0,42216024712.0,100.0,107626119554.0
2019-02-01,Z305D5GE,ST4000DM000,4000787030016,0,118,198279424,96.0,0.0,100.0,4.0,100.0,0.0,82.0,170005759.0,71,26104,100.0,0.0,100,4,100.0,0.0,100.0,0.0,100.0,0.0,100.0,0.0,100.0,0.0,70.0,30.0,100.0,0.0,100,0,95.0,10468.0,30,30,100.0,0.0,100.0,0.0,200.0,0.0,100.0,26013.0,100.0,42228005656.0,100.0,107723211524.0
2019-02-02,Z305D5GE,ST4000DM000,4000787030016,0,117.0,122256432.0,96.0,0.0,100.0,4.0,100.0,0.0,82.0,170955621.0,71.0,26136.0,100.0,0.0,100.0,4.0,100.0,0.0,100.0,0.0,100.0,0.0,100.0,0.0,100.0,0.0,68.0,32.0,100.0,0.0,100.0,0.0,95.0,10468.0,32.0,32.0,100.0,0.0,100.0,0.0,200.0,0.0,100.0,26044.0,100.0,42246205568.0,100.0,107863943433.0
2019-02-03,Z305D5GE,ST4000DM000,4000787030016,0,117,161771960,96.0,0.0,100.0,4.0,100.0,0.0,82.0,171389353.0,71,26151,100.0,0.0,100,4,100.0,0.0,100.0,0.0,100.0,0.0,100.0,0.0,100.0,0.0,68.0,32.0,100.0,0.0,100,0,95.0,10468.0,32,32,100.0,0.0,100.0,0.0,200.0,0.0,100.0,26060.0,100.0,42253817176.0,100.0,107982682504.0
2019-02-04,Z305D5GE,ST4000DM000,4000787030016,0,118,175977288,96.0,0.0,100.0,4.0,100.0,0.0,82.0,172229374.0,71,26183,100.0,0.0,100,4,100.0,0.0,100.0,0.0,100.0,0.0,100.0,0.0,100.0,0.0,69.0,31.0,100.0,0.0,100,0,95.0,10468.0,31,31,100.0,0.0,100.0,0.0,200.0,0.0,100.0,26091.0,100.0,42277859568.0,100.0,108164315374.0
2019-02-05,Z305D5GE,ST4000DM000,4000787030016,0,120.0,236511584.0,96.0,0.0,100.0,4.0,100.0,0.0,82.0,172847054.0,71.0,26199.0,100.0,0.0,100.0,4.0,100.0,0.0,100.0,0.0,100.0,0.0,100.0,0.0,100.0,0.0,68.0,32.0,100.0,0.0,100.0,0.0,95.0,10468.0,32.0,32.0,100.0,0.0,100.0,0.0,200.0,0.0,100.0,26107.0,100.0,42294179032.0,100.0,108251602172.0
2019-02-06,Z305D5GE,ST4000DM000,4000787030016,0,115,97381456,96.0,0.0,100.0,4.0,100.0,0.0,82.0,174557360.0,71,26230,100.0,0.0,100,4,100.0,0.0,100.0,0.0,100.0,0.0,100.0,0.0,100.0,0.0,70.0,30.0,100.0,0.0,100,0,95.0,10468.0,30,30,100.0,0.0,100.0,0.0,200.0,0.0,100.0,26139.0,100.0,42333208672.0,100.0,108464523594.0
2019-02-07,Z305D5GE,ST4000DM000,4000787030016,0,117.0,138305040.0,96.0,0.0,100.0,4.0,100.0,0.0,82.0,175020529.0,71.0,26246.0,100.0,0.0,100.0,4.0,100.0,0.0,100.0,0.0,100.0,0.0,100.0,0.0,100.0,0.0,70.0,30.0,100.0,0.0,100.0,0.0,95.0,10468.0,30.0,30.0,100.0,0.0,100.0,0.0,200.0,0.0,100.0,26154.0,100.0,42354904640.0,100.0,108572667350.0
2019-02-08,Z305D5GE,ST4000DM000,4000787030016,0,111,35169576,96.0,0.0,100.0,4.0,100.0,0.0,82.0,176989735.0,71,26278,100.0,0.0,100,4,100.0,0.0,100.0,0.0,100.0,0.0,100.0,0.0,100.0,0.0,70.0,30.0,100.0,0.0,100,0,95.0,10468.0,30,30,100.0,0.0,100.0,0.0,200.0,0.0,100.0,26186.0,100.0,42387572392.0,100.0,108723066695.0
2019-02-09,Z305D5GE,ST4000DM000,4000787030016,0,115.0,87641408.0,96.0,0.0,100.0,4.0,100.0,0.0,82.0,177370563.0,70.0,26293.0,100.0,0.0,100.0,4.0,100.0,0.0,100.0,0.0,100.0,0.0,100.0,0.0,100.0,0.0,70.0,30.0,100.0,0.0,100.0,0.0,95.0,10468.0,30.0,30.0,100.0,0.0,100.0,0.0,200.0,0.0,100.0,26202.0,100.0,42395696984.0,100.0,108819268869.0
2019-02-10,Z305D5GE,ST4000DM000,4000787030016,0,119,231853904,96.0,0.0,100.0,4.0,100.0,0.0,82.0,179541937.0,70,26325,100.0,0.0,100,4,100.0,0.0,100.0,0.0,100.0,0.0,100.0,0.0,100.0,0.0,70.0,30.0,100.0,0.0,100,0,95.0,10468.0,30,30,100.0,0.0,100.0,0.0,200.0,0.0,100.0,26233.0,100.0,42425403160.0,100.0,109060736435.0
2019-02-11,Z305D5GE,ST4000DM000,4000787030016,0,113,54320912,96.0,0.0,100.0,4.0,100.0,0.0,82.0,180059344.0,70,26341,100.0,0.0,100,4,100.0,0.0,100.0,0.0,100.0,0.0,100.0,0.0,100.0,0.0,70.0,30.0,100.0,0.0,100,0,95.0,10468.0,30,30,100.0,0.0,100.0,0.0,200.0,0.0,100.0,26249.0,100.0,42437224024.0,100.0,109159118933.0
2019-02-12,Z305D5GE,ST4000DM000,4000787030016,0,118.0,171427096.0,96.0,0.0,100.0,4.0,100.0,0.0,82.0,182247661.0,70.0,26372.0,100.0,0.0,100.0,4.0,100.0,0.0,100.0,0.0,100.0,0.0,100.0,0.0,100.0,0.0,70.0,30.0,100.0,0.0,100.0,0.0,95.0,10468.0,30.0,30.0,100.0,0.0,100.0,0.0,200.0,0.0,100.0,26280.0,100.0,42467737368.0,100.0,109384458763.0
2019-02-13,Z305D5GE,ST4000DM000,4000787030016,0,114,75591152,96.0,0.0,100.0,4.0,100.0,0.0,82.0,183647449.0,70,26404,100.0,0.0,100,4,100.0,0.0,100.0,0.0,100.0,0.0,100.0,0.0,100.0,0.0,70.0,30.0,100.0,0.0,100,0,95.0,10468.0,30,30,100.0,0.0,100.0,0.0,200.0,0.0,100.0,26312.0,100.0,42490807224.0,100.0,109586475983.0
2019-02-14,Z305D5GE,ST4000DM000,4000787030016,0,115,99550984,96.0,0.0,100.0,4.0,100.0,0.0,82.0,184557328.0,70,26420,100.0,0.0,100,4,100.0,0.0,100.0,0.0,100.0,0.0,100.0,0.0,100.0,0.0,69.0,31.0,100.0,0.0,100,0,95.0,10468.0,31,31,100.0,0.0,100.0,0.0,200.0,0.0,100.0,26328.0,100.0,42498399664.0,100.0,109702286674.0
2019-02-15,Z305D5GE,ST4000DM000,4000787030016,0,118.0,182931472.0,96.0,0.0,100.0,4.0,100.0,0.0,82.0,186575680.0,70.0,26451.0,100.0,0.0,100.0,4.0,100.0,0.0,100.0,0.0,100.0,0.0,100.0,0.0,100.0,0.0,69.0,31.0,100.0,0.0,100.0,0.0,95.0,10468.0,31.0,31.0,100.0,0.0,100.0,0.0,200.0,0.0,100.0,26359.0,100.0,42519395544.0,100.0,109860050575.0
2019-02-16,Z305D5GE,ST4000DM000,4000787030016,0,114.0,74031496.0,96.0,0.0,100.0,4.0,100.0,0.0,82.0,188143966.0,70.0,26467.0,100.0,0.0,100.0,4.0,100.0,0.0,100.0,0.0,100.0,0.0,100.0,0.0,100.0,0.0,70.0,30.0,100.0,0.0,100.0,0.0,95.0,10468.0,30.0,30.0,100.0,0.0,100.0,0.0,200.0,0.0,100.0,26375.0,100.0,42538630088.0,100.0,109963319961.0
2019-02-17,Z305D5GE,ST4000DM000,4000787030016,0,104,7176168,96.0,0.0,100.0,4.0,100.0,0.0,82.0,189420829.0,70,26498,100.0,0.0,100,4,100.0,0.0,100.0,0.0,100.0,0.0,100.0,0.0,100.0,0.0,70.0,30.0,100.0,0.0,100,0,95.0,10468.0,30,30,100.0,0.0,100.0,0.0,200.0,0.0,100.0,26407.0,100.0,42576742656.0,100.0,110151385798.0
2019-02-18,Z305D5GE,ST4000DM000,4000787030016,0,119,214834192,96.0,0.0,100.0,4.0,100.0,0.0,82.0,189914528.0,70,26514,100.0,0.0,100,4,100.0,0.0,100.0,0.0,100.0,0.0,100.0,0.0,100.0,0.0,69.0,31.0,100.0,0.0,100,0,95.0,10468.0,31,31,100.0,0.0,100.0,0.0,200.0,0.0,100.0,26422.0,100.0,42598220856.0,100.0,110192270749.0
2019-02-19,Z305D5GE,ST4000DM000,4000787030016,0,120,242431520,96.0,0.0,100.0,4.0,100.0,0.0,82.0,192317802.0,70,26546,100.0,0.0,100,4,100.0,0.0,100.0,0.0,100.0,0.0,100.0,0.0,100.0,0.0,70.0,30.0,100.0,0.0,100,0,95.0,10468.0,30,30,100.0,0.0,100.0,0.0,200.0,0.0,100.0,26454.0,100.0,42648813240.0,100.0,110363045428.0
2019-02-20,Z305D5GE,ST4000DM000,4000787030016,0,115.0,99505952.0,96.0,0.0,100.0,4.0,100.0,0.0,82.0,193006869.0,70.0,26561.0,100.0,0.0,100.0,4.0,100.0,0.0,100.0,0.0,100.0,0.0,100.0,0.0,100.0,0.0,69.0,31.0,100.0,0.0,100.0,0.0,95.0,10468.0,31.0,31.0,100.0,0.0,100.0,0.0,200.0,0.0,100.0,26470.0,100.0,42671763560.0,100.0,110449451430.0
2019-02-21,Z305D5GE,ST4000DM000,4000787030016,0,114,66275392,96.0,0.0,100.0,4.0,100.0,0.0,82.0,193794869.0,70,26577,100.0,0.0,100,4,100.0,0.0,100.0,0.0,100.0,0.0,100.0,0.0,100.0,0.0,70.0,30.0,100.0,0.0,100,0,95.0,10468.0,30,30,100.0,0.0,100.0,0.0,200.0,0.0,100.0,26486.0,100.0,42685619144.0,100.0,110558117036.0
2019-02-22,Z305D5GE,ST4000DM000,4000787030016,0,103,5557728,96.0,0.0,100.0,4.0,100.0,0.0,82.0,196080505.0,70,26609,100.0,0.0,100,4,100.0,0.0,100.0,0.0,100.0,0.0,100.0,0.0,100.0,0.0,69.0,31.0,100.0,0.0,100,0,95.0,10468.0,31,31,100.0,0.0,100.0,0.0,200.0,0.0,100.0,26517.0,100.0,42713351072.0,100.0,110742126475.0
2019-02-23,Z305D5GE,ST4000DM000,4000787030016,0,119.0,212262576.0,96.0,0.0,100.0,4.0,100.0,0.0,82.0,196823096.0,70.0,26624.0,100.0,0.0,100.0,4.0,100.0,0.0,100.0,0.0,100.0,0.0,100.0,0.0,100.0,0.0,70.0,30.0,100.0,0.0,100.0,0.0,95.0,10468.0,30.0,30.0,100.0,0.0,100.0,0.0,200.0,0.0,100.0,26533.0,100.0,42721756408.0,100.0,110853917719.0
2019-02-24,Z305D5GE,ST4000DM000,4000787030016,0,114,79671112,96.0,0.0,100.0,4.0,100.0,0.0,82.0,197958218.0,70,26656,100.0,0.0,100,4,100.0,0.0,100.0,0.0,100.0,0.0,100.0,0.0,100.0,0.0,69.0,31.0,100.0,0.0,100,0,95.0,10468.0,31,31,100.0,0.0,100.0,0.0,200.0,0.0,100.0,26564.0,100.0,42732435448.0,100.0,111004717629.0
2019-02-25,Z305D5GE,ST4000DM000,4000787030016,0,116,104282320,96.0,0.0,100.0,4.0,100.0,0.0,82.0,198561944.0,70,26672,100.0,0.0,100,4,100.0,0.0,100.0,0.0,100.0,0.0,100.0,0.0,100.0,0.0,70.0,30.0,100.0,0.0,100,0,95.0,10468.0,30,30,100.0,0.0,100.0,0.0,200.0,0.0,100.0,26580.0,100.0,42739141016.0,100.0,111107241692.0
2019-02-26,Z305D5GE,ST4000DM000,4000787030016,0,112,44729400,96.0,0.0,100.0,4.0,100.0,0.0,82.0,199883166.0,70,26703,100.0,0.0,100,4,100.0,0.0,100.0,0.0,100.0,0.0,100.0,0.0,100.0,0.0,70.0,30.0,100.0,0.0,100,0,95.0,10468.0,30,30,100.0,0.0,100.0,0.0,200.0,0.0,100.0,26612.0,100.0,42754335152.0,100.0,111236126126.0
2019-02-27,Z305D5GE,ST4000DM000,4000787030016,0,117.0,152352416.0,96.0,0.0,100.0,4.0,100.0,0.0,83.0,201798437.0,70.0,26719.0,100.0,0.0,100.0,4.0,100.0,0.0,100.0,0.0,100.0,0.0,100.0,0.0,100.0,0.0,70.0,30.0,100.0,0.0,100.0,0.0,95.0,10468.0,30.0,30.0,100.0,0.0,100.0,0.0,200.0,0.0,100.0,26628.0,100.0,42767514360.0,100.0,111309157673.0
2019-02-28,Z305D5GE,ST4000DM000,4000787030016,0,108,15206256,96.0,0.0,100.0,4.0,100.0,0.0,83.0,202983098.0,70,26751,100.0,0.0,100,4,100.0,0.0,100.0,0.0,100.0,0.0,100.0,0.0,100.0,0.0,69.0,31.0,100.0,0.0,100,0,95.0,10468.0,31,31,100.0,0.0,100.0,0.0,200.0,0.0,100.0,26659.0,100.0,42782363712.0,100.0,111497301189.0
2019-03-01,Z305D5GE,ST4000DM000,4000787030016,0,114.0,80263960.0,96.0,0.0,100.0,4.0,100.0,0.0,83.0,204459616.0,70.0,26767.0,100.0,0.0,100.0,4.0,100.0,0.0,100.0,0.0,100.0,0.0,100.0,0.0,100.0,0.0,69.0,31.0,100.0,0.0,100.0,0.0,95.0,10468.0,31.0,31.0,100.0,0.0,100.0,0.0,200.0,0.0,100.0,26675.0,100.0,42797010640.0,100.0,111578041100.0
2019-03-02,Z305D5GE,ST4000DM000,4000787030016,0,114.0,77380320.0,96.0,0.0,100.0,4.0,100.0,0.0,83.0,205322506.0,70.0,26799.0,100.0,0.0,100.0,4.0,100.0,0.0,100.0,0.0,100.0,0.0,100.0,0.0,100.0,0.0,71.0,29.0,100.0,0.0,100.0,0.0,95.0,10468.0,29.0,29.0,100.0,0.0,100.0,0.0,200.0,0.0,100.0,26707.0,100.0,42818962016.0,100.0,111678821652.0
2019-03-03,Z305D5GE,ST4000DM000,4000787030016,0,118.0,186940144.0,96.0,0.0,100.0,4.0,100.0,0.0,83.0,205776456.0,70.0,26830.0,100.0,0.0,100.0,4.0,100.0,0.0,100.0,0.0,100.0,0.0,100.0,0.0,100.0,0.0,69.0,31.0,100.0,0.0,100.0,0.0,95.0,10468.0,31.0,31.0,100.0,0.0,100.0,0.0,200.0,0.0,100.0,26739.0,100.0,42833134968.0,100.0,111718743983.0
2019-03-04,Z305D5GE,ST4000DM000,4000787030016,0,117,138906112,96.0,0.0,100.0,4.0,100.0,0.0,83.0,206366339.0,70,26846,100.0,0.0,100,4,100.0,0.0,100.0,0.0,100.0,0.0,100.0,0.0,100.0,0.0,70.0,30.0,100.0,0.0,100,0,95.0,10468.0,30,30,100.0,0.0,100.0,0.0,200.0,0.0,100.0,26754.0,100.0,42841281088.0,100.0,111810599858.0
2019-03-05,Z305D5GE,ST4000DM000,4000787030016,0,115.0,86240184.0,96.0,0.0,100.0,4.0,100.0,0.0,83.0,208396461.0,70.0,26878.0,100.0,0.0,100.0,4.0,100.0,0.0,100.0,0.0,100.0,0.0,100.0,0.0,100.0,0.0,69.0,31.0,100.0,0.0,100.0,0.0,95.0,10468.0,31.0,31.0,100.0,0.0,100.0,0.0,200.0,0.0,100.0,26786.0,100.0,42861407648.0,100.0,111946786633.0
2019-03-06,Z305D5GE,ST4000DM000,4000787030016,0,109.0,21094712.0,96.0,0.0,100.0,4.0,100.0,0.0,83.0,208806385.0,70.0,26893.0,100.0,0.0,100.0,4.0,100.0,0.0,100.0,0.0,100.0,0.0,100.0,0.0,100.0,0.0,69.0,31.0,100.0,0.0,100.0,0.0,95.0,10468.0,31.0,31.0,100.0,0.0,100.0,0.0,200.0,0.0,100.0,26802.0,100.0,42869689600.0,100.0,111984097225.0
2019-03-07,Z305D5GE,ST4000DM000,4000787030016,0,114.0,63437752.0,96.0,0.0,100.0,4.0,100.0,0.0,83.0,210083782.0,70.0,26925.0,100.0,0.0,100.0,4.0,100.0,0.0,100.0,0.0,100.0,0.0,100.0,0.0,100.0,0.0,69.0,31.0,100.0,0.0,100.0,0.0,95.0,10468.0,31.0,31.0,100.0,0.0,100.0,0.0,200.0,0.0,100.0,26834.0,100.0,42889519888.0,100.0,112141526548.0
2019-03-08,Z305D5GE,ST4000DM000,4000787030016,0,117.0,133561248.0,96.0,0.0,100.0,4.0,100.0,0.0,83.0,211538780.0,70.0,26941.0,100.0,0.0,100.0,4.0,100.0,0.0,100.0,0.0,100.0,0.0,100.0,0.0,100.0,0.0,70.0,30.0,100.0,0.0,100.0,0.0,95.0,10468.0,30.0,30.0,100.0,0.0,100.0,0.0,200.0,0.0,100.0,26849.0,100.0,42906252744.0,100.0,112208093473.0
2019-03-09,Z305D5GE,ST4000DM000,4000787030016,0,117.0,125173888.0,96.0,0.0,100.0,4.0,100.0,0.0,83.0,212403856.0,70.0,26973.0,100.0,0.0,100.0,4.0,100.0,0.0,100.0,0.0,100.0,0.0,100.0,0.0,100.0,0.0,71.0,29.0,100.0,0.0,100.0,0.0,95.0,10468.0,29.0,29.0,100.0,0.0,100.0,0.0,200.0,0.0,100.0,26881.0,100.0,42920234128.0,100.0,112304470189.0
2019-03-10,Z305D5GE,ST4000DM000,4000787030016,0,120.0,239366880.0,96.0,0.0,100.0,4.0,100.0,0.0,83.0,212764037.0,70.0,26989.0,100.0,0.0,100.0,4.0,100.0,0.0,100.0,0.0,100.0,0.0,100.0,0.0,100.0,0.0,70.0,30.0,100.0,0.0,100.0,0.0,95.0,10468.0,30.0,30.0,100.0,0.0,100.0,0.0,200.0,0.0,100.0,26897.0,100.0,42927546760.0,100.0,112342084223.0
2019-03-11,Z305D5GE,ST4000DM000,4000787030016,0,112.0,41991608.0,96.0,0.0,100.0,4.0,100.0,0.0,83.0,213918132.0,70.0,27020.0,100.0,0.0,100.0,4.0,100.0,0.0,100.0,0.0,100.0,0.0,100.0,0.0,100.0,0.0,71.0,29.0,100.0,0.0,100.0,0.0,95.0,10468.0,29.0,29.0,100.0,0.0,100.0,0.0,200.0,0.0,100.0,26929.0,100.0,42954903344.0,100.0,112455568498.0
2019-03-12,Z305D5GE,ST4000DM000,4000787030016,0,120.0,243064808.0,96.0,0.0,100.0,4.0,100.0,0.0,83.0,214543948.0,70.0,27036.0,100.0,0.0,100.0,4.0,100.0,0.0,100.0,0.0,100.0,0.0,100.0,0.0,100.0,0.0,70.0,30.0,100.0,0.0,100.0,0.0,95.0,10468.0,30.0,30.0,100.0,0.0,100.0,0.0,200.0,0.0,100.0,26945.0,100.0,42974348720.0,100.0,112514057649.0
2019-03-13,Z305D5GE,ST4000DM000,4000787030016,0,117.0,148920088.0,96.0,0.0,100.0,4.0,100.0,0.0,83.0,216623974.0,70.0,27068.0,100.0,0.0,100.0,4.0,100.0,0.0,100.0,0.0,100.0,0.0,100.0,0.0,100.0,0.0,70.0,30.0,100.0,0.0,100.0,0.0,95.0,10468.0,30.0,30.0,100.0,0.0,100.0,0.0,200.0,0.0,100.0,26976.0,100.0,43008145912.0,100.0,112632716787.0
2019-03-14,Z305D5GE,ST4000DM000,4000787030016,0,100.0,2957000.0,96.0,0.0,100.0,4.0,100.0,0.0,83.0,218354603.0,70.0,27099.0,100.0,0.0,100.0,4.0,100.0,0.0,100.0,0.0,100.0,0.0,100.0,0.0,100.0,0.0,69.0,31.0,100.0,0.0,100.0,0.0,95.0,10468.0,31.0,31.0,100.0,0.0,100.0,0.0,200.0,0.0,100.0,27008.0,100.0,43036820528.0,100.0,112783424334.0
2019-03-15,Z305D5GE,ST4000DM000,4000787030016,0,117.0,119201520.0,96.0,0.0,100.0,4.0,100.0,0.0,83.0,219058634.0,70.0,27115.0,100.0,0.0,100.0,4.0,100.0,0.0,100.0,0.0,100.0,0.0,100.0,0.0,100.0,0.0,70.0,30.0,100.0,0.0,100.0,0.0,95.0,10468.0,30.0,30.0,100.0,0.0,100.0,0.0,200.0,0.0,100.0,27024.0,100.0,43051892384.0,100.0,112813617210.0
2019-03-16,Z305D5GE,ST4000DM000,4000787030016,0,117.0,146950696.0,96.0,0.0,100.0,4.0,100.0,0.0,83.0,220386344.0,70.0,27147.0,100.0,0.0,100.0,4.0,100.0,0.0,100.0,0.0,100.0,0.0,100.0,0.0,100.0,0.0,71.0,29.0,100.0,0.0,100.0,0.0,95.0,10468.0,29.0,29.0,100.0,0.0,100.0,0.0,200.0,0.0,100.0,27055.0,100.0,43073693560.0,100.0,112993519335.0
2019-03-17,Z305D5GE,ST4000DM000,4000787030016,0,118.0,177685744.0,96.0,0.0,100.0,4.0,100.0,0.0,83.0,222414626.0,69.0,27163.0,100.0,0.0,100.0,4.0,100.0,0.0,100.0,0.0,100.0,0.0,100.0,0.0,100.0,0.0,72.0,28.0,100.0,0.0,100.0,0.0,95.0,10468.0,28.0,28.0,100.0,0.0,100.0,0.0,200.0,0.0,100.0,27071.0,100.0,43088706440.0,100.0,113062022058.0
2019-03-18,Z305D5GE,ST4000DM000,4000787030016,0,117.0,161634704.0,96.0,0.0,100.0,4.0,100.0,0.0,83.0,223723820.0,69.0,27194.0,100.0,0.0,100.0,4.0,100.0,0.0,100.0,0.0,100.0,0.0,100.0,0.0,100.0,0.0,70.0,30.0,100.0,0.0,100.0,0.0,95.0,10468.0,30.0,30.0,100.0,0.0,100.0,0.0,200.0,0.0,100.0,27103.0,100.0,43109348904.0,100.0,113202865908.0
2019-03-19,Z305D5GE,ST4000DM000,4000787030016,0,115.0,99065352.0,96.0,0.0,100.0,4.0,100.0,0.0,83.0,225244697.0,69.0,27210.0,100.0,0.0,100.0,4.0,100.0,0.0,100.0,0.0,100.0,0.0,100.0,0.0,100.0,0.0,71.0,29.0,100.0,0.0,100.0,0.0,95.0,10468.0,29.0,29.0,100.0,0.0,100.0,0.0,200.0,0.0,100.0,27119.0,100.0,43124376552.0,100.0,113284972716.0
2019-03-20,Z305D5GE,ST4000DM000,4000787030016,0,119.0,229965776.0,96.0,0.0,100.0,4.0,100.0,0.0,83.0,226228511.0,69.0,27242.0,100.0,0.0,100.0,4.0,100.0,0.0,100.0,0.0,100.0,0.0,100.0,0.0,100.0,0.0,69.0,31.0,100.0,0.0,100.0,0.0,95.0,10468.0,31.0,31.0,100.0,0.0,100.0,0.0,200.0,0.0,100.0,27150.0,100.0,43148718960.0,100.0,113351518656.0
2019-03-21,Z305D5GE,ST4000DM000,4000787030016,0,117.0,123169720.0,96.0,0.0,100.0,4.0,100.0,0.0,83.0,226523697.0,69.0,27258.0,100.0,0.0,100.0,4.0,100.0,0.0,100.0,0.0,100.0,0.0,100.0,0.0,100.0,0.0,70.0,30.0,100.0,0.0,100.0,0.0,95.0,10468.0,30.0,30.0,100.0,0.0,100.0,0.0,200.0,0.0,100.0,27166.0,100.0,43156908952.0,100.0,113374061864.0
2019-03-22,Z305D5GE,ST4000DM000,4000787030016,0,117.0,128348432.0,96.0,0.0,100.0,4.0,100.0,0.0,83.0,228509585.0,69.0,27289.0,100.0,0.0,100.0,4.0,100.0,0.0,100.0,0.0,100.0,0.0,100.0,0.0,100.0,0.0,71.0,29.0,100.0,0.0,100.0,0.0,95.0,10468.0,29.0,29.0,100.0,0.0,100.0,0.0,200.0,0.0,100.0,27198.0,100.0,43182153584.0,100.0,113502172413.0
2019-03-23,Z305D5GE,ST4000DM000,4000787030016,0,107.0,13432296.0,96.0,0.0,100.0,4.0,100.0,0.0,83.0,228905499.0,69.0,27305.0,100.0,0.0,100.0,4.0,100.0,0.0,100.0,0.0,100.0,0.0,100.0,0.0,100.0,0.0,71.0,29.0,100.0,0.0,100.0,0.0,95.0,10468.0,29.0,29.0,100.0,0.0,100.0,0.0,200.0,0.0,100.0,27214.0,100.0,43193368568.0,100.0,113544316825.0
2019-03-24,Z305D5GE,ST4000DM000,4000787030016,0,115.0,89474512.0,96.0,0.0,100.0,4.0,100.0,0.0,83.0,230304560.0,69.0,27337.0,100.0,0.0,100.0,4.0,100.0,0.0,100.0,0.0,100.0,0.0,100.0,0.0,100.0,0.0,71.0,29.0,100.0,0.0,100.0,0.0,95.0,10468.0,29.0,29.0,100.0,0.0,100.0,0.0,200.0,0.0,100.0,27245.0,100.0,43219097760.0,100.0,113708190088.0
2019-03-25,Z305D5GE,ST4000DM000,4000787030016,0,119.0,229544600.0,96.0,0.0,100.0,4.0,100.0,0.0,83.0,230992253.0,69.0,27353.0,100.0,0.0,100.0,4.0,100.0,0.0,100.0,0.0,100.0,0.0,100.0,0.0,100.0,0.0,71.0,29.0,100.0,0.0,100.0,0.0,95.0,10468.0,29.0,29.0,100.0,0.0,100.0,0.0,200.0,0.0,100.0,27261.0,100.0,43226875480.0,100.0,113773845045.0
2019-03-26,Z305D5GE,ST4000DM000,4000787030016,0,109.0,24257400.0,96.0,0.0,100.0,4.0,100.0,0.0,83.0,232849696.0,69.0,27384.0,100.0,0.0,100.0,4.0,100.0,0.0,100.0,0.0,100.0,0.0,100.0,0.0,100.0,0.0,69.0,31.0,100.0,0.0,100.0,0.0,95.0,10468.0,31.0,31.0,100.0,0.0,100.0,0.0,200.0,0.0,100.0,27293.0,100.0,43263290680.0,100.0,113859709141.0
2019-03-27,Z305D5GE,ST4000DM000,4000787030016,0,115.0,85242408.0,96.0,0.0,100.0,4.0,100.0,0.0,83.0,233955276.0,69.0,27400.0,100.0,0.0,100.0,4.0,100.0,0.0,100.0,0.0,100.0,0.0,100.0,0.0,100.0,0.0,70.0,30.0,100.0,0.0,100.0,0.0,95.0,10468.0,30.0,30.0,100.0,0.0,100.0,0.0,200.0,0.0,100.0,27309.0,100.0,43275434968.0,100.0,113928722863.0
2019-03-28,Z305D5GE,ST4000DM000,4000787030016,0,118.0,191747576.0,96.0,0.0,100.0,4.0,100.0,0.0,84.0,235156266.0,69.0,27432.0,100.0,0.0,100.0,4.0,100.0,0.0,100.0,0.0,100.0,0.0,100.0,0.0,100.0,0.0,70.0,30.0,100.0,0.0,100.0,0.0,95.0,10468.0,30.0,30.0,100.0,0.0,100.0,0.0,200.0,0.0,100.0,27340.0,100.0,43301546832.0,100.0,114028171908.0
2019-03-29,Z305D5GE,ST4000DM000,4000787030016,0,118.0,176754728.0,96.0,0.0,100.0,4.0,100.0,0.0,84.0,236666934.0,69.0,27447.0,100.0,0.0,100.0,4.0,100.0,0.0,100.0,0.0,100.0,0.0,100.0,0.0,100.0,0.0,70.0,30.0,100.0,0.0,100.0,0.0,95.0,10468.0,30.0,30.0,100.0,0.0,100.0,0.0,200.0,0.0,100.0,27356.0,100.0,43323160616.0,100.0,114103783174.0
2019-03-30,Z305D5GE,ST4000DM000,4000787030016,0,114.0,68553720.0,96.0,0.0,100.0,4.0,100.0,0.0,84.0,237478229.0,69.0,27479.0,100.0,0.0,100.0,4.0,100.0,0.0,100.0,0.0,100.0,0.0,100.0,0.0,100.0,0.0,71.0,29.0,100.0,0.0,100.0,0.0,95.0,10468.0,29.0,29.0,100.0,0.0,100.0,0.0,200.0,0.0,100.0,27387.0,100.0,43357605872.0,100.0,114181577318.0
2019-03-31,Z305D5GE,ST4000DM000,4000787030016,0,112.0,45989208.0,96.0,0.0,100.0,4.0,100.0,0.0,84.0,237951592.0,69.0,27495.0,100.0,0.0,100.0,4.0,100.0,0.0,100.0,0.0,100.0,0.0,100.0,0.0,100.0,0.0,71.0,29.0,100.0,0.0,100.0,0.0,95.0,10468.0,29.0,29.0,100.0,0.0,100.0,0.0,200.0,0.0,100.0,27403.0,100.0,43368269912.0,100.0,114263719561.0
2019-04-01,Z305D5GE,ST4000DM000,4000787030016,0,119.0,234758040.0,96.0,0.0,100.0,4.0,100.0,0.0,84.0,238748635.0,69.0,27526.0,100.0,0.0,100.0,4.0,100.0,0.0,100.0,0.0,100.0,0.0,100.0,0.0,100.0,0.0,72.0,28.0,100.0,0.0,100.0,0.0,95.0,10468.0,28.0,28.0,100.0,0.0,100.0,0.0,200.0,0.0,100.0,27435.0,100.0,43398883672.0,100.0,114373993797.0
2019-04-02,Z305D5GE,ST4000DM000,4000787030016,0,111.0,35777672.0,96.0,0.0,100.0,4.0,100.0,0.0,84.0,239346128.0,69.0,27542.0,100.0,0.0,100.0,4.0,100.0,0.0,100.0,0.0,100.0,0.0,100.0,0.0,100.0,0.0,70.0,30.0,100.0,0.0,100.0,0.0,95.0,10468.0,30.0,30.0,100.0,0.0,100.0,0.0,200.0,0.0,100.0,27450.0,100.0,43409432160.0,100.0,114446842410.0
2019-04-03,Z305D5GE,ST4000DM000,4000787030016,0,117.0,123324304.0,96.0,0.0,100.0,4.0,100.0,0.0,84.0,241305196.0,69.0,27574.0,100.0,0.0,100.0,4.0,100.0,0.0,100.0,0.0,100.0,0.0,100.0,0.0,100.0,0.0,69.0,31.0,100.0,0.0,100.0,0.0,95.0,10468.0,31.0,31.0,100.0,0.0,100.0,0.0,200.0,0.0,100.0,27482.0,100.0,43438179536.0,100.0,114678207229.0
2019-04-04,Z305D5GE,ST4000DM000,4000787030016,0,111.0,31329080.0,96.0,0.0,100.0,4.0,100.0,0.0,84.0,243055602.0,69.0,27590.0,100.0,0.0,100.0,4.0,100.0,0.0,100.0,0.0,100.0,0.0,100.0,0.0,100.0,0.0,70.0,30.0,100.0,0.0,100.0,0.0,95.0,10468.0,30.0,30.0,100.0,0.0,100.0,0.0,200.0,0.0,100.0,27498.0,100.0,43455082064.0,100.0,114779788647.0
2019-04-05,Z305D5GE,ST4000DM000,4000787030016,0,117.0,132106392.0,96.0,0.0,100.0,4.0,100.0,0.0,84.0,245080222.0,69.0,27621.0,100.0,0.0,100.0,4.0,100.0,0.0,100.0,0.0,100.0,0.0,100.0,0.0,100.0,0.0,70.0,30.0,100.0,0.0,100.0,0.0,95.0,10468.0,30.0,30.0,100.0,0.0,100.0,0.0,200.0,0.0,100.0,27530.0,100.0,43481112984.0,100.0,114939116950.0
2019-04-06,Z305D5GE,ST4000DM000,4000787030016,0,117.0,146176312.0,96.0,0.0,100.0,4.0,100.0,0.0,84.0,245442037.0,69.0,27637.0,100.0,0.0,100.0,4.0,100.0,0.0,100.0,0.0,100.0,0.0,100.0,0.0,100.0,0.0,71.0,29.0,100.0,0.0,100.0,0.0,95.0,10468.0,29.0,29.0,100.0,0.0,100.0,0.0,200.0,0.0,100.0,27545.0,100.0,43489230112.0,100.0,115020191330.0
2019-04-07,Z305D5GE,ST4000DM000,4000787030016,0,109.0,21491328.0,96.0,0.0,100.0,4.0,100.0,0.0,84.0,246215851.0,69.0,27669.0,100.0,0.0,100.0,4.0,100.0,0.0,100.0,0.0,100.0,0.0,100.0,0.0,100.0,0.0,71.0,29.0,100.0,0.0,100.0,0.0,95.0,10468.0,29.0,29.0,100.0,0.0,100.0,0.0,200.0,0.0,100.0,27577.0,100.0,43507064744.0,100.0,115217156802.0
2019-04-08,Z305D5GE,ST4000DM000,4000787030016,0,114.0,67097736.0,96.0,0.0,100.0,4.0,100.0,0.0,84.0,246610789.0,69.0,27685.0,100.0,0.0,100.0,4.0,100.0,0.0,100.0,0.0,100.0,0.0,100.0,0.0,100.0,0.0,70.0,30.0,100.0,0.0,100.0,0.0,95.0,10468.0,30.0,30.0,100.0,0.0,100.0,0.0,200.0,0.0,100.0,27593.0,100.0,43521091392.0,100.0,115320049480.0
2019-04-09,Z305D5GE,ST4000DM000,4000787030016,0,119.0,232868592.0,96.0,0.0,100.0,4.0,100.0,0.0,84.0,248426566.0,69.0,27716.0,100.0,0.0,100.0,4.0,100.0,0.0,100.0,0.0,100.0,0.0,100.0,0.0,100.0,0.0,70.0,30.0,100.0,0.0,100.0,0.0,95.0,10468.0,30.0,30.0,100.0,0.0,100.0,0.0,200.0,0.0,100.0,27624.0,100.0,43564543088.0,100.0,115555630806.0
2019-04-10,Z305D5GE,ST4000DM000,4000787030016,0,114.0,74855384.0,96.0,0.0,100.0,4.0,100.0,0.0,84.0,248979192.0,69.0,27732.0,100.0,0.0,100.0,4.0,100.0,0.0,100.0,0.0,100.0,0.0,100.0,0.0,100.0,0.0,70.0,30.0,100.0,0.0,100.0,0.0,95.0,10468.0,30.0,30.0,100.0,0.0,100.0,0.0,200.0,0.0,100.0,27640.0,100.0,43573322944.0,100.0,115666840221.0
2019-04-11,Z305D5GE,ST4000DM000,4000787030016,0,114.0,73029920.0,96.0,0.0,100.0,4.0,100.0,0.0,84.0,250169066.0,69.0,27764.0,100.0,0.0,100.0,4.0,100.0,0.0,100.0,0.0,100.0,0.0,100.0,0.0,100.0,0.0,71.0,29.0,100.0,0.0,100.0,0.0,95.0,10468.0,29.0,29.0,100.0,0.0,100.0,0.0,200.0,0.0,100.0,27672.0,100.0,43592790808.0,100.0,115870102039.0
2019-04-12,Z305D5GE,ST4000DM000,4000787030016,0,117.0,154988536.0,96.0,0.0,100.0,4.0,100.0,0.0,84.0,251578599.0,69.0,27780.0,100.0,0.0,100.0,4.0,100.0,0.0,100.0,0.0,100.0,0.0,100.0,0.0,100.0,0.0,71.0,29.0,100.0,0.0,100.0,0.0,95.0,10468.0,29.0,29.0,100.0,0.0,100.0,0.0,200.0,0.0,100.0,27688.0,100.0,43614000296.0,100.0,115924851104.0
2019-04-13,Z305D5GE,ST4000DM000,4000787030016,0,116.0,112532200.0,96.0,0.0,100.0,4.0,100.0,0.0,84.0,252927843.0,69.0,27811.0,100.0,0.0,100.0,4.0,100.0,0.0,100.0,0.0,100.0,0.0,100.0,0.0,100.0,0.0,70.0,30.0,100.0,0.0,100.0,0.0,95.0,10468.0,30.0,30.0,100.0,0.0,100.0,0.0,200.0,0.0,100.0,27719.0,100.0,43630122904.0,100.0,116152752894.0
2019-04-14,Z305D5GE,ST4000DM000,4000787030016,0,119.0,217177376.0,96.0,0.0,100.0,4.0,100.0,0.0,84.0,253537953.0,69.0,27827.0,100.0,0.0,100.0,4.0,100.0,0.0,100.0,0.0,100.0,0.0,100.0,0.0,100.0,0.0,72.0,28.0,100.0,0.0,100.0,0.0,95.0,10468.0,28.0,28.0,100.0,0.0,100.0,0.0,200.0,0.0,100.0,27735.0,100.0,43641037080.0,100.0,116217840050.0
2019-04-15,Z305D5GE,ST4000DM000,4000787030016,0,116.0,114399592.0,96.0,0.0,100.0,4.0,100.0,0.0,84.0,255009391.0,69.0,27859.0,100.0,0.0,100.0,4.0,100.0,0.0,100.0,0.0,100.0,0.0,100.0,0.0,100.0,0.0,71.0,29.0,100.0,0.0,100.0,0.0,95.0,10468.0,29.0,29.0,100.0,0.0,100.0,0.0,200.0,0.0,100.0,27767.0,100.0,43663575496.0,100.0,116397333293.0
2019-04-16,Z305D5GE,ST4000DM000,4000787030016,0,117.0,149311544.0,96.0,0.0,100.0,4.0,100.0,0.0,84.0,256601504.0,69.0,27874.0,100.0,0.0,100.0,4.0,100.0,0.0,100.0,0.0,100.0,0.0,100.0,0.0,100.0,0.0,70.0,30.0,100.0,0.0,100.0,0.0,95.0,10468.0,30.0,30.0,100.0,0.0,100.0,0.0,200.0,0.0,100.0,27783.0,100.0,43669972104.0,100.0,116511996880.0
2019-04-17,Z305D5GE,ST4000DM000,4000787030016,0,119.0,202467640.0,96.0,0.0,100.0,4.0,100.0,0.0,84.0,259408178.0,69.0,27906.0,100.0,0.0,100.0,4.0,100.0,0.0,100.0,0.0,100.0,0.0,100.0,0.0,100.0,0.0,70.0,30.0,100.0,0.0,100.0,0.0,95.0,10468.0,30.0,30.0,100.0,0.0,100.0,0.0,200.0,0.0,100.0,27814.0,100.0,43691909912.0,100.0,116722341771.0
2019-04-18,Z305D5GE,ST4000DM000,4000787030016,0,115.0,90267480.0,96.0,0.0,100.0,4.0,100.0,0.0,84.0,260407645.0,69.0,27937.0,100.0,0.0,100.0,4.0,100.0,0.0,100.0,0.0,100.0,0.0,100.0,0.0,100.0,0.0,70.0,30.0,100.0,0.0,100.0,0.0,95.0,10468.0,30.0,30.0,100.0,0.0,100.0,0.0,200.0,0.0,100.0,27845.0,100.0,43704683360.0,100.0,116842640227.0
2019-04-19,Z305D5GE,ST4000DM000,4000787030016,0,120.0,243595584.0,96.0,0.0,100.0,4.0,100.0,0.0,84.0,261644148.0,69.0,27953.0,100.0,0.0,100.0,4.0,100.0,0.0,100.0,0.0,100.0,0.0,100.0,0.0,100.0,0.0,70.0,30.0,100.0,0.0,100.0,0.0,95.0,10468.0,30.0,30.0,100.0,0.0,100.0,0.0,200.0,0.0,100.0,27861.0,100.0,43717344648.0,100.0,116914147966.0
2019-04-20,Z305D5GE,ST4000DM000,4000787030016,0,117.0,128429000.0,96.0,0.0,100.0,4.0,100.0,0.0,84.0,262623069.0,69.0,27984.0,100.0,0.0,100.0,4.0,100.0,0.0,100.0,0.0,100.0,0.0,100.0,0.0,100.0,0.0,69.0,31.0,100.0,0.0,100.0,0.0,95.0,10468.0,31.0,31.0,100.0,0.0,100.0,0.0,200.0,0.0,100.0,27893.0,100.0,43730442016.0,100.0,117059032556.0
2019-04-21,Z305D5GE,ST4000DM000,4000787030016,0,117.0,161821424.0,96.0,0.0,100.0,4.0,100.0,0.0,84.0,263163975.0,69.0,28000.0,100.0,0.0,100.0,4.0,100.0,0.0,100.0,0.0,100.0,0.0,100.0,0.0,100.0,0.0,69.0,31.0,100.0,0.0,100.0,0.0,95.0,10468.0,31.0,31.0,100.0,0.0,100.0,0.0,200.0,0.0,100.0,27908.0,100.0,43735106368.0,100.0,117146532735.0
2019-04-22,Z305D5GE,ST4000DM000,4000787030016,0,119.0,212331872.0,96.0,0.0,100.0,4.0,100.0,0.0,84.0,264543148.0,69.0,28031.0,100.0,0.0,100.0,4.0,100.0,0.0,100.0,0.0,100.0,0.0,100.0,0.0,100.0,0.0,70.0,30.0,100.0,0.0,100.0,0.0,95.0,10468.0,30.0,30.0,100.0,0.0,100.0,0.0,200.0,0.0,100.0,27940.0,100.0,43753013352.0,100.0,117318580366.0
2019-04-23,Z305D5GE,ST4000DM000,4000787030016,0,112.0,49807368.0,96.0,0.0,100.0,4.0,100.0,0.0,84.0,265564569.0,68.0,28047.0,100.0,0.0,100.0,4.0,100.0,0.0,100.0,0.0,100.0,0.0,100.0,0.0,100.0,0.0,72.0,28.0,100.0,0.0,100.0,0.0,95.0,10468.0,28.0,28.0,100.0,0.0,100.0,0.0,200.0,0.0,100.0,27955.0,100.0,43762767168.0,100.0,117429884598.0
2019-04-24,Z305D5GE,ST4000DM000,4000787030016,0,117.0,165865696.0,96.0,0.0,100.0,4.0,100.0,0.0,84.0,267538067.0,68.0,28078.0,100.0,0.0,100.0,4.0,100.0,0.0,100.0,0.0,100.0,0.0,100.0,0.0,100.0,0.0,74.0,26.0,100.0,0.0,100.0,0.0,95.0,10468.0,26.0,26.0,100.0,0.0,100.0,0.0,200.0,0.0,100.0,27987.0,100.0,43794618000.0,100.0,117569106131.0
2019-04-25,Z305D5GE,ST4000DM000,4000787030016,0,118.0,181189096.0,96.0,0.0,100.0,4.0,100.0,0.0,84.0,268158774.0,68.0,28094.0,100.0,0.0,100.0,4.0,100.0,0.0,100.0,0.0,100.0,0.0,100.0,0.0,100.0,0.0,70.0,30.0,100.0,0.0,100.0,0.0,95.0,10468.0,30.0,30.0,100.0,0.0,100.0,0.0,200.0,0.0,100.0,28002.0,100.0,43815255640.0,100.0,117649066512.0
2019-04-26,Z305D5GE,ST4000DM000,4000787030016,0,119.0,233819800.0,96.0,0.0,100.0,4.0,100.0,0.0,84.0,270174884.0,68.0,28126.0,100.0,0.0,100.0,4.0,100.0,0.0,100.0,0.0,100.0,0.0,100.0,0.0,100.0,0.0,74.0,26.0,100.0,0.0,100.0,0.0,95.0,10468.0,26.0,26.0,100.0,0.0,100.0,0.0,200.0,0.0,100.0,28034.0,100.0,43849385472.0,100.0,117779931089.0
2019-04-27,Z305D5GE,ST4000DM000,4000787030016,0,118.0,197721152.0,96.0,0.0,100.0,4.0,100.0,0.0,84.0,270899182.0,68.0,28141.0,100.0,0.0,100.0,4.0,100.0,0.0,100.0,0.0,100.0,0.0,100.0,0.0,100.0,0.0,70.0,30.0,100.0,0.0,100.0,0.0,95.0,10468.0,30.0,30.0,100.0,0.0,100.0,0.0,200.0,0.0,100.0,28050.0,100.0,43863860000.0,100.0,117888118274.0
2019-04-28,Z305D5GE,ST4000DM000,4000787030016,0,118.0,188562544.0,96.0,0.0,100.0,4.0,100.0,0.0,84.0,271907831.0,68.0,28173.0,100.0,0.0,100.0,4.0,100.0,0.0,100.0,0.0,100.0,0.0,100.0,0.0,100.0,0.0,71.0,29.0,100.0,0.0,100.0,0.0,95.0,10468.0,29.0,29.0,100.0,0.0,100.0,0.0,200.0,0.0,100.0,28081.0,100.0,43875346952.0,100.0,118024160101.0
2019-04-29,Z305D5GE,ST4000DM000,4000787030016,0,117.0,147440264.0,96.0,0.0,100.0,4.0,100.0,0.0,84.0,272080916.0,68.0,28189.0,100.0,0.0,100.0,4.0,100.0,0.0,100.0,0.0,100.0,0.0,100.0,0.0,100.0,0.0,70.0,30.0,100.0,0.0,100.0,0.0,95.0,10468.0,30.0,30.0,100.0,0.0,100.0,0.0,200.0,0.0,100.0,28097.0,100.0,43880769360.0,100.0,118035387326.0
2019-04-30,Z305D5GE,ST4000DM000,4000787030016,0,116.0,108121840.0,96.0,0.0,100.0,4.0,100.0,0.0,84.0,274507141.0,68.0,28220.0,100.0,0.0,100.0,4.0,100.0,0.0,100.0,0.0,100.0,0.0,100.0,0.0,100.0,0.0,69.0,31.0,100.0,0.0,100.0,0.0,95.0,10468.0,31.0,31.0,100.0,0.0,100.0,0.0,200.0,0.0,100.0,28129.0,100.0,43901312088.0,100.0,118167140584.0
2019-05-01,Z305D5GE,ST4000DM000,4000787030016,0,114.0,79150832.0,96.0,0.0,100.0,4.0,100.0,0.0,84.0,275084064.0,68.0,28236.0,100.0,0.0,100.0,4.0,100.0,0.0,100.0,0.0,100.0,0.0,100.0,0.0,100.0,0.0,71.0,29.0,100.0,0.0,100.0,0.0,95.0,10468.0,29.0,29.0,100.0,0.0,100.0,0.0,200.0,0.0,100.0,28144.0,100.0,43913221608.0,100.0,118230918605.0
2019-05-02,Z305D5GE,ST4000DM000,4000787030016,0,117.0,129224920.0,96.0,0.0,100.0,4.0,100.0,0.0,84.0,276308973.0,68.0,28268.0,100.0,0.0,100.0,4.0,100.0,0.0,100.0,0.0,100.0,0.0,100.0,0.0,100.0,0.0,71.0,29.0,100.0,0.0,100.0,0.0,95.0,10468.0,29.0,29.0,100.0,0.0,100.0,0.0,200.0,0.0,100.0,28176.0,100.0,43944050568.0,100.0,118355689075.0
2019-05-03,Z305D5GE,ST4000DM000,4000787030016,0,115.0,91766776.0,96.0,0.0,100.0,4.0,100.0,0.0,84.0,277688233.0,68.0,28284.0,100.0,0.0,100.0,4.0,100.0,0.0,100.0,0.0,100.0,0.0,100.0,0.0,100.0,0.0,71.0,29.0,100.0,0.0,100.0,0.0,95.0,10468.0,29.0,29.0,100.0,0.0,100.0,0.0,200.0,0.0,100.0,28192.0,100.0,43960144296.0,100.0,118402490812.0
2019-05-04,Z305D5GE,ST4000DM000,4000787030016,0,107.0,12667040.0,96.0,0.0,100.0,4.0,100.0,0.0,84.0,278670231.0,68.0,28315.0,100.0,0.0,100.0,4.0,100.0,0.0,100.0,0.0,100.0,0.0,100.0,0.0,100.0,0.0,72.0,28.0,100.0,0.0,100.0,0.0,95.0,10468.0,28.0,28.0,100.0,0.0,100.0,0.0,200.0,0.0,100.0,28223.0,100.0,43979187656.0,100.0,118505170448.0
2019-05-05,Z305D5GE,ST4000DM000,4000787030016,0,119.0,213530216.0,96.0,0.0,100.0,4.0,100.0,0.0,84.0,279574088.0,68.0,28331.0,100.0,0.0,100.0,4.0,100.0,0.0,100.0,0.0,100.0,0.0,100.0,0.0,100.0,0.0,71.0,29.0,100.0,0.0,100.0,0.0,95.0,10468.0,29.0,29.0,100.0,0.0,100.0,0.0,200.0,0.0,100.0,28239.0,100.0,43993686704.0,100.0,118607851302.0
2019-05-06,Z305D5GE,ST4000DM000,4000787030016,0,111.0,39481416.0,96.0,0.0,100.0,4.0,100.0,0.0,84.0,280423316.0,68.0,28363.0,100.0,0.0,100.0,4.0,100.0,0.0,100.0,0.0,100.0,0.0,100.0,0.0,100.0,0.0,70.0,30.0,100.0,0.0,100.0,0.0,95.0,10468.0,30.0,30.0,100.0,0.0,100.0,0.0,200.0,0.0,100.0,28271.0,100.0,44014992368.0,100.0,118694523309.0
2019-05-07,Z305D5GE,ST4000DM000,4000787030016,0,118.0,195204560.0,96.0,0.0,100.0,4.0,100.0,0.0,84.0,280776018.0,68.0,28379.0,100.0,0.0,100.0,4.0,100.0,0.0,100.0,0.0,100.0,0.0,100.0,0.0,100.0,0.0,69.0,31.0,100.0,0.0,100.0,0.0,95.0,10468.0,31.0,31.0,100.0,0.0,100.0,0.0,200.0,0.0,100.0,28287.0,100.0,44021464728.0,100.0,118733822300.0
2019-05-08,Z305D5GE,ST4000DM000,4000787030016,0,113.0,51924592.0,96.0,0.0,100.0,4.0,100.0,0.0,84.0,282972588.0,68.0,28410.0,100.0,0.0,100.0,4.0,100.0,0.0,100.0,0.0,100.0,0.0,100.0,0.0,100.0,0.0,70.0,30.0,100.0,0.0,100.0,0.0,95.0,10468.0,30.0,30.0,100.0,0.0,100.0,0.0,200.0,0.0,100.0,28319.0,100.0,44048947480.0,100.0,118866122158.0
2019-05-09,Z305D5GE,ST4000DM000,4000787030016,0,116.0,111167424.0,96.0,0.0,100.0,4.0,100.0,0.0,84.0,283931209.0,68.0,28441.0,100.0,0.0,100.0,4.0,100.0,0.0,100.0,0.0,100.0,0.0,100.0,0.0,100.0,0.0,70.0,30.0,100.0,0.0,100.0,0.0,95.0,10468.0,30.0,30.0,100.0,0.0,100.0,0.0,200.0,0.0,100.0,28350.0,100.0,44074947808.0,100.0,118939972475.0
2019-05-10,Z305D5GE,ST4000DM000,4000787030016,0,118.0,183402656.0,96.0,0.0,100.0,4.0,100.0,0.0,84.0,285262880.0,68.0,28457.0,100.0,0.0,100.0,4.0,100.0,0.0,100.0,0.0,100.0,0.0,100.0,0.0,100.0,0.0,71.0,29.0,100.0,0.0,100.0,0.0,95.0,10468.0,29.0,29.0,100.0,0.0,100.0,0.0,200.0,0.0,100.0,28365.0,100.0,44085217080.0,100.0,119006514643.0
2019-05-11,Z305D5GE,ST4000DM000,4000787030016,0,119.0,208820248.0,96.0,0.0,100.0,4.0,100.0,0.0,84.0,286040023.0,68.0,28489.0,100.0,0.0,100.0,4.0,100.0,0.0,100.0,0.0,100.0,0.0,100.0,0.0,100.0,0.0,70.0,30.0,100.0,0.0,100.0,0.0,95.0,10468.0,30.0,30.0,100.0,0.0,100.0,0.0,200.0,0.0,100.0,28397.0,100.0,44111049112.0,100.0,119084929902.0
2019-05-12,Z305D5GE,ST4000DM000,4000787030016,0,119.0,206365504.0,96.0,0.0,100.0,4.0,100.0,0.0,84.0,286550524.0,68.0,28504.0,100.0,0.0,100.0,4.0,100.0,0.0,100.0,0.0,100.0,0.0,100.0,0.0,100.0,0.0,70.0,30.0,100.0,0.0,100.0,0.0,95.0,10468.0,30.0,30.0,100.0,0.0,100.0,0.0,200.0,0.0,100.0,28413.0,100.0,44118944584.0,100.0,119146204443.0
2019-05-13,Z305D5GE,ST4000DM000,4000787030016,0,117.0,152173400.0,96.0,0.0,100.0,4.0,100.0,0.0,84.0,287679747.0,68.0,28536.0,100.0,0.0,100.0,4.0,100.0,0.0,100.0,0.0,100.0,0.0,100.0,0.0,100.0,0.0,70.0,30.0,100.0,0.0,100.0,0.0,95.0,10468.0,30.0,30.0,100.0,0.0,100.0,0.0,200.0,0.0,100.0,28444.0,100.0,44132137024.0,100.0,119300503122.0
2019-05-14,Z305D5GE,ST4000DM000,4000787030016,0,111.0,38767040.0,96.0,0.0,100.0,4.0,100.0,0.0,84.0,288615175.0,68.0,28551.0,100.0,0.0,100.0,4.0,100.0,0.0,100.0,0.0,100.0,0.0,100.0,0.0,100.0,0.0,70.0,30.0,100.0,0.0,100.0,0.0,95.0,10468.0,30.0,30.0,100.0,0.0,100.0,0.0,200.0,0.0,100.0,28460.0,100.0,44140740624.0,100.0,119378304293.0
2019-05-15,Z305D5GE,ST4000DM000,4000787030016,0,118.0,190603320.0,96.0,0.0,100.0,4.0,100.0,0.0,84.0,290428244.0,68.0,28583.0,100.0,0.0,100.0,4.0,100.0,0.0,100.0,0.0,100.0,0.0,100.0,0.0,100.0,0.0,71.0,29.0,100.0,0.0,100.0,0.0,95.0,10468.0,29.0,29.0,100.0,0.0,100.0,0.0,200.0,0.0,100.0,28491.0,100.0,44160913184.0,100.0,119497851648.0
2019-05-16,Z305D5GE,ST4000DM000,4000787030016,0,117.0,131140424.0,96.0,0.0,100.0,4.0,100.0,0.0,84.0,290891488.0,68.0,28599.0,100.0,0.0,100.0,4.0,100.0,0.0,100.0,0.0,100.0,0.0,100.0,0.0,100.0,0.0,71.0,29.0,100.0,0.0,100.0,0.0,95.0,10468.0,29.0,29.0,100.0,0.0,100.0,0.0,200.0,0.0,100.0,28507.0,100.0,44172703800.0,100.0,119551540766.0
2019-05-17,Z305D5GE,ST4000DM000,4000787030016,0,117.0,119062752.0,96.0,0.0,100.0,4.0,100.0,0.0,84.0,292682356.0,68.0,28630.0,100.0,0.0,100.0,4.0,100.0,0.0,100.0,0.0,100.0,0.0,100.0,0.0,100.0,0.0,70.0,30.0,100.0,0.0,100.0,0.0,95.0,10468.0,30.0,30.0,100.0,0.0,100.0,0.0,200.0,0.0,100.0,28539.0,100.0,44190605848.0,100.0,119640491703.0
2019-05-18,Z305D5GE,ST4000DM000,4000787030016,0,117.0,162184744.0,96.0,0.0,100.0,4.0,100.0,0.0,84.0,293038937.0,68.0,28646.0,100.0,0.0,100.0,4.0,100.0,0.0,100.0,0.0,100.0,0.0,100.0,0.0,100.0,0.0,69.0,31.0,100.0,0.0,100.0,0.0,95.0,10468.0,31.0,31.0,100.0,0.0,100.0,0.0,200.0,0.0,100.0,28554.0,100.0,44201804376.0,100.0,119673659422.0
2019-05-19,Z305D5GE,ST4000DM000,4000787030016,0,120.0,241601904.0,96.0,0.0,100.0,4.0,100.0,0.0,84.0,295388158.0,68.0,28678.0,100.0,0.0,100.0,4.0,100.0,0.0,100.0,0.0,100.0,0.0,100.0,0.0,100.0,0.0,71.0,29.0,100.0,0.0,100.0,0.0,95.0,10468.0,29.0,29.0,100.0,0.0,100.0,0.0,200.0,0.0,100.0,28586.0,100.0,44220764584.0,100.0,119778581159.0
2019-05-20,Z305D5GE,ST4000DM000,4000787030016,0,113.0,58506080.0,96.0,0.0,100.0,4.0,100.0,0.0,84.0,296099143.0,68.0,28694.0,100.0,0.0,100.0,4.0,100.0,0.0,100.0,0.0,100.0,0.0,100.0,0.0,100.0,0.0,69.0,31.0,100.0,0.0,100.0,0.0,95.0,10468.0,31.0,31.0,100.0,0.0,100.0,0.0,200.0,0.0,100.0,28602.0,100.0,44228285792.0,100.0,119873663545.0
2019-05-21,Z305D5GE,ST4000DM000,4000787030016,0,112.0,47543280.0,96.0,0.0,100.0,4.0,100.0,0.0,84.0,298733193.0,68.0,28725.0,100.0,0.0,100.0,4.0,100.0,0.0,100.0,0.0,100.0,0.0,100.0,0.0,100.0,0.0,72.0,28.0,100.0,0.0,100.0,0.0,95.0,10468.0,28.0,28.0,100.0,0.0,100.0,0.0,200.0,0.0,100.0,28634.0,100.0,44255041576.0,100.0,120045098488.0
2019-05-22,Z305D5GE,ST4000DM000,4000787030016,0,120.0,241188016.0,96.0,0.0,100.0,4.0,100.0,0.0,84.0,299130585.0,68.0,28741.0,100.0,0.0,100.0,4.0,100.0,0.0,100.0,0.0,100.0,0.0,100.0,0.0,100.0,0.0,70.0,30.0,100.0,0.0,100.0,0.0,95.0,10468.0,30.0,30.0,100.0,0.0,100.0,0.0,200.0,0.0,100.0,28649.0,100.0,44266288136.0,100.0,120080981670.0
2019-05-23,Z305D5GE,ST4000DM000,4000787030016,0,120.0,236462832.0,96.0,0.0,100.0,4.0,100.0,0.0,84.0,300070954.0,68.0,28773.0,100.0,0.0,100.0,4.0,100.0,0.0,100.0,0.0,100.0,0.0,100.0,0.0,100.0,0.0,70.0,30.0,100.0,0.0,100.0,0.0,95.0,10468.0,30.0,30.0,100.0,0.0,100.0,0.0,200.0,0.0,100.0,28681.0,100.0,44284841976.0,100.0,120178395216.0
2019-05-24,Z305D5GE,ST4000DM000,4000787030016,0,117.0,121032376.0,96.0,0.0,100.0,4.0,100.0,0.0,84.0,302140412.0,68.0,28788.0,100.0,0.0,100.0,4.0,100.0,0.0,100.0,0.0,100.0,0.0,100.0,0.0,100.0,0.0,70.0,30.0,100.0,0.0,100.0,0.0,95.0,10468.0,30.0,30.0,100.0,0.0,100.0,0.0,200.0,0.0,100.0,28697.0,100.0,44297861928.0,100.0,120257077076.0
2019-05-25,Z305D5GE,ST4000DM000,4000787030016,0,118.0,190430200.0,96.0,0.0,100.0,4.0,100.0,0.0,84.0,302782375.0,68.0,28820.0,100.0,0.0,100.0,4.0,100.0,0.0,100.0,0.0,100.0,0.0,100.0,0.0,100.0,0.0,71.0,29.0,100.0,0.0,100.0,0.0,95.0,10468.0,29.0,29.0,100.0,0.0,100.0,0.0,200.0,0.0,100.0,28728.0,100.0,44318438144.0,100.0,120322215350.0
2019-05-26,Z305D5GE,ST4000DM000,4000787030016,0,114.0,73649064.0,96.0,0.0,100.0,4.0,100.0,0.0,84.0,303051357.0,68.0,28836.0,100.0,0.0,100.0,4.0,100.0,0.0,100.0,0.0,100.0,0.0,100.0,0.0,100.0,0.0,70.0,30.0,100.0,0.0,100.0,0.0,95.0,10468.0,30.0,30.0,100.0,0.0,100.0,0.0,200.0,0.0,100.0,28744.0,100.0,44325804744.0,100.0,120346700668.0
2019-05-27,Z305D5GE,ST4000DM000,4000787030016,0,117.0,167012760.0,96.0,0.0,100.0,4.0,100.0,0.0,84.0,303811864.0,68.0,28867.0,100.0,0.0,100.0,4.0,100.0,0.0,100.0,0.0,100.0,0.0,100.0,0.0,100.0,0.0,71.0,29.0,100.0,0.0,100.0,0.0,95.0,10468.0,29.0,29.0,100.0,0.0,100.0,0.0,200.0,0.0,100.0,28775.0,100.0,44342090768.0,100.0,120473700108.0
2019-05-28,Z305D5GE,ST4000DM000,4000787030016,0,119.0,206325984.0,96.0,0.0,100.0,4.0,100.0,0.0,84.0,304108971.0,68.0,28883.0,100.0,0.0,100.0,4.0,100.0,0.0,100.0,0.0,100.0,0.0,100.0,0.0,100.0,0.0,71.0,29.0,100.0,0.0,100.0,0.0,95.0,10468.0,29.0,29.0,100.0,0.0,100.0,0.0,200.0,0.0,100.0,28791.0,100.0,44347139960.0,100.0,120516824446.0
2019-05-29,Z305D5GE,ST4000DM000,4000787030016,0,112.0,42306240.0,96.0,0.0,100.0,4.0,100.0,0.0,84.0,305954275.0,67.0,28914.0,100.0,0.0,100.0,4.0,100.0,0.0,100.0,0.0,100.0,0.0,100.0,0.0,100.0,0.0,70.0,30.0,100.0,0.0,100.0,0.0,95.0,10468.0,30.0,30.0,100.0,0.0,100.0,0.0,200.0,0.0,100.0,28823.0,100.0,44365080672.0,100.0,120703495646.0
2019-05-30,Z305D5GE,ST4000DM000,4000787030016,0,117.0,146855960.0,96.0,0.0,100.0,4.0,100.0,0.0,84.0,306279770.0,67.0,28930.0,100.0,0.0,100.0,4.0,100.0,0.0,100.0,0.0,100.0,0.0,100.0,0.0,100.0,0.0,69.0,31.0,100.0,0.0,100.0,0.0,95.0,10468.0,31.0,31.0,100.0,0.0,100.0,0.0,200.0,0.0,100.0,28838.0,100.0,44371046720.0,100.0,120805368330.0
2019-05-31,Z305D5GE,ST4000DM000,4000787030016,0,109.0,23148600.0,96.0,0.0,100.0,4.0,100.0,0.0,84.0,307123454.0,67.0,28961.0,100.0,0.0,100.0,4.0,100.0,0.0,100.0,0.0,100.0,0.0,100.0,0.0,100.0,0.0,71.0,29.0,100.0,0.0,100.0,0.0,95.0,10468.0,29.0,29.0,100.0,0.0,100.0,0.0,200.0,0.0,100.0,28870.0,100.0,44384006320.0,100.0,120960153066.0
2019-06-01,Z305D5GE,ST4000DM000,4000787030016,0,118.0,196666376.0,96.0,0.0,100.0,4.0,100.0,0.0,84.0,307421365.0,67.0,28977.0,100.0,0.0,100.0,4.0,100.0,0.0,100.0,0.0,100.0,0.0,100.0,0.0,100.0,0.0,70.0,30.0,100.0,0.0,100.0,0.0,95.0,10468.0,30.0,30.0,100.0,0.0,100.0,0.0,200.0,0.0,100.0,28885.0,100.0,44393248008.0,100.0,121032977174.0
2019-06-02,Z305D5GE,ST4000DM000,4000787030016,0,118.0,180836128.0,96.0,0.0,100.0,4.0,100.0,0.0,84.0,308308684.0,67.0,29008.0,100.0,0.0,100.0,4.0,100.0,0.0,100.0,0.0,100.0,0.0,100.0,0.0,100.0,0.0,71.0,29.0,100.0,0.0,100.0,0.0,95.0,10468.0,29.0,29.0,100.0,0.0,100.0,0.0,200.0,0.0,100.0,28917.0,100.0,44421545112.0,100.0,121232456024.0
2019-06-03,Z305D5GE,ST4000DM000,4000787030016,0,116.0,107829952.0,96.0,0.0,100.0,4.0,100.0,0.0,84.0,309935458.0,67.0,29040.0,100.0,0.0,100.0,4.0,100.0,0.0,100.0,0.0,100.0,0.0,100.0,0.0,100.0,0.0,69.0,31.0,100.0,0.0,100.0,0.0,95.0,10468.0,31.0,31.0,100.0,0.0,100.0,0.0,200.0,0.0,100.0,28948.0,100.0,44439365672.0,100.0,121458412596.0
2019-06-04,Z305D5GE,ST4000DM000,4000787030016,0,109.0,22526048.0,96.0,0.0,100.0,4.0,100.0,0.0,84.0,310598559.0,67.0,29055.0,100.0,0.0,100.0,4.0,100.0,0.0,100.0,0.0,100.0,0.0,100.0,0.0,100.0,0.0,70.0,30.0,100.0,0.0,100.0,0.0,95.0,10468.0,30.0,30.0,100.0,0.0,100.0,0.0,200.0,0.0,100.0,28964.0,100.0,44448876928.0,100.0,121571509175.0
2019-06-05,Z305D5GE,ST4000DM000,4000787030016,0,118.0,192993640.0,96.0,0.0,100.0,4.0,100.0,0.0,84.0,312237466.0,67.0,29087.0,100.0,0.0,100.0,4.0,100.0,0.0,100.0,0.0,100.0,0.0,100.0,0.0,100.0,0.0,73.0,27.0,100.0,0.0,100.0,0.0,95.0,10468.0,27.0,27.0,100.0,0.0,100.0,0.0,200.0,0.0,100.0,28995.0,100.0,44472084744.0,100.0,121792878955.0
2019-06-06,Z305D5GE,ST4000DM000,4000787030016,0,109.0,22537288.0,96.0,0.0,100.0,4.0,100.0,0.0,84.0,312832708.0,67.0,29103.0,100.0,0.0,100.0,4.0,100.0,0.0,100.0,0.0,100.0,0.0,100.0,0.0,100.0,0.0,72.0,28.0,100.0,0.0,100.0,0.0,95.0,10468.0,28.0,28.0,100.0,0.0,100.0,0.0,200.0,0.0,100.0,29011.0,100.0,44479405024.0,100.0,121897411197.0
2019-06-07,Z305D5GE,ST4000DM000,4000787030016,0,114.0,70324912.0,96.0,0.0,100.0,4.0,100.0,0.0,84.0,314893500.0,67.0,29134.0,100.0,0.0,100.0,4.0,100.0,0.0,100.0,0.0,100.0,0.0,100.0,0.0,100.0,0.0,71.0,29.0,100.0,0.0,100.0,0.0,95.0,10468.0,29.0,29.0,100.0,0.0,100.0,0.0,200.0,0.0,100.0,29042.0,100.0,44502291224.0,100.0,122083854598.0
2019-06-08,Z305D5GE,ST4000DM000,4000787030016,0,117.0,160250096.0,96.0,0.0,100.0,4.0,100.0,0.0,84.0,315657073.0,67.0,29150.0,100.0,0.0,100.0,4.0,100.0,0.0,100.0,0.0,100.0,0.0,100.0,0.0,100.0,0.0,70.0,30.0,100.0,0.0,100.0,0.0,95.0,10468.0,30.0,30.0,100.0,0.0,100.0,0.0,200.0,0.0,100.0,29058.0,100.0,44510401864.0,100.0,122211471218.0
2019-06-09,Z305D5GE,ST4000DM000,4000787030016,0,119.0,216003952.0,96.0,0.0,100.0,4.0,100.0,0.0,84.0,317064474.0,67.0,29181.0,100.0,0.0,100.0,4.0,100.0,0.0,100.0,0.0,100.0,0.0,100.0,0.0,100.0,0.0,74.0,26.0,100.0,0.0,100.0,0.0,95.0,10468.0,26.0,26.0,100.0,0.0,100.0,0.0,200.0,0.0,100.0,29090.0,100.0,44531973320.0,100.0,122380949429.0
2019-06-10,Z305D5GE,ST4000DM000,4000787030016,0,116.0,109628704.0,96.0,0.0,100.0,4.0,100.0,0.0,84.0,319088583.0,67.0,29213.0,100.0,0.0,100.0,4.0,100.0,0.0,100.0,0.0,100.0,0.0,100.0,0.0,100.0,0.0,70.0,30.0,100.0,0.0,100.0,0.0,95.0,10468.0,30.0,30.0,100.0,0.0,100.0,0.0,200.0,0.0,100.0,29121.0,100.0,44543876664.0,100.0,122559281813.0
2019-06-11,Z305D5GE,ST4000DM000,4000787030016,0,114.0,80893536.0,96.0,0.0,100.0,4.0,100.0,0.0,84.0,320703878.0,67.0,29228.0,100.0,0.0,100.0,4.0,100.0,0.0,100.0,0.0,100.0,0.0,100.0,0.0,100.0,0.0,74.0,26.0,100.0,0.0,100.0,0.0,95.0,10468.0,26.0,26.0,100.0,0.0,100.0,0.0,200.0,0.0,100.0,29137.0,100.0,44556021144.0,100.0,122670593150.0
2019-06-12,Z305D5GE,ST4000DM000,4000787030016,0,117.0,139348512.0,96.0,0.0,100.0,4.0,100.0,0.0,84.0,321627226.0,67.0,29260.0,100.0,0.0,100.0,4.0,100.0,0.0,100.0,0.0,100.0,0.0,100.0,0.0,100.0,0.0,73.0,27.0,100.0,0.0,100.0,0.0,95.0,10468.0,27.0,27.0,100.0,0.0,100.0,0.0,200.0,0.0,100.0,29168.0,100.0,44579775320.0,100.0,122808792632.0
2019-06-13,Z305D5GE,ST4000DM000,4000787030016,0,117.0,121272920.0,96.0,0.0,100.0,4.0,100.0,0.0,84.0,322123069.0,67.0,29276.0,100.0,0.0,100.0,4.0,100.0,0.0,100.0,0.0,100.0,0.0,100.0,0.0,100.0,0.0,73.0,27.0,100.0,0.0,100.0,0.0,95.0,10468.0,27.0,27.0,100.0,0.0,100.0,0.0,200.0,0.0,100.0,29184.0,100.0,44591733640.0,100.0,122887817400.0
2019-06-14,Z305D5GE,ST4000DM000,4000787030016,0,116.0,114194456.0,96.0,0.0,100.0,4.0,100.0,0.0,84.0,324151294.0,67.0,29307.0,100.0,0.0,100.0,4.0,100.0,0.0,100.0,0.0,100.0,0.0,100.0,0.0,100.0,0.0,70.0,30.0,100.0,0.0,100.0,0.0,95.0,10468.0,30.0,30.0,100.0,0.0,100.0,0.0,200.0,0.0,100.0,29215.0,100.0,44623930288.0,100.0,123017462895.0
2019-06-15,Z305D5GE,ST4000DM000,4000787030016,0,119.0,209365752.0,96.0,0.0,100.0,4.0,100.0,0.0,84.0,324810223.0,67.0,29323.0,100.0,0.0,100.0,4.0,100.0,0.0,100.0,0.0,100.0,0.0,100.0,0.0,100.0,0.0,73.0,27.0,100.0,0.0,100.0,0.0,95.0,10468.0,27.0,27.0,100.0,0.0,100.0,0.0,200.0,0.0,100.0,29231.0,100.0,44631052568.0,100.0,123117715246.0
2019-06-16,Z305D5GE,ST4000DM000,4000787030016,0,119.0,234718144.0,96.0,0.0,100.0,4.0,100.0,0.0,84.0,326227624.0,67.0,29355.0,100.0,0.0,100.0,4.0,100.0,0.0,100.0,0.0,100.0,0.0,100.0,0.0,100.0,0.0,70.0,30.0,100.0,0.0,100.0,0.0,95.0,10468.0,30.0,30.0,100.0,0.0,100.0,0.0,200.0,0.0,100.0,29263.0,100.0,44643224648.0,100.0,123301457232.0
2019-06-17,Z305D5GE,ST4000DM000,4000787030016,0,118.0,181095040.0,96.0,0.0,100.0,4.0,100.0,0.0,84.0,326958797.0,67.0,29370.0,100.0,0.0,100.0,4.0,100.0,0.0,100.0,0.0,100.0,0.0,100.0,0.0,100.0,0.0,71.0,29.0,100.0,0.0,100.0,0.0,95.0,10468.0,29.0,29.0,100.0,0.0,100.0,0.0,200.0,0.0,100.0,29279.0,100.0,44651152264.0,100.0,123418516143.0
2019-06-18,Z305D5GE,ST4000DM000,4000787030016,0,117.0,162803008.0,96.0,0.0,100.0,4.0,100.0,0.0,84.0,329001012.0,67.0,29402.0,100.0,0.0,100.0,4.0,100.0,0.0,100.0,0.0,100.0,0.0,100.0,0.0,100.0,0.0,71.0,29.0,100.0,0.0,100.0,0.0,95.0,10468.0,29.0,29.0,100.0,0.0,100.0,0.0,200.0,0.0,100.0,29310.0,100.0,44675780352.0,100.0,123560073775.0
2019-06-19,Z305D5GE,ST4000DM000,4000787030016,0,117.0,162291488.0,96.0,0.0,100.0,4.0,100.0,0.0,84.0,329429554.0,67.0,29418.0,100.0,0.0,100.0,4.0,100.0,0.0,100.0,0.0,100.0,0.0,100.0,0.0,100.0,0.0,73.0,27.0,100.0,0.0,100.0,0.0,95.0,10468.0,27.0,27.0,100.0,0.0,100.0,0.0,200.0,0.0,100.0,29326.0,100.0,44691876632.0,100.0,123612875413.0
2019-06-20,Z305D5GE,ST4000DM000,4000787030016,0,118.0,172469680.0,96.0,0.0,100.0,4.0,100.0,0.0,84.0,330103402.0,67.0,29434.0,100.0,0.0,100.0,4.0,100.0,0.0,100.0,0.0,100.0,0.0,100.0,0.0,100.0,0.0,70.0,30.0,100.0,0.0,100.0,0.0,95.0,10468.0,30.0,30.0,100.0,0.0,100.0,0.0,200.0,0.0,100.0,29342.0,100.0,44704985072.0,100.0,123702235131.0
2019-06-21,Z305D5GE,ST4000DM000,4000787030016,0,117.0,166929832.0,96.0,0.0,100.0,4.0,100.0,0.0,84.0,332294659.0,67.0,29465.0,100.0,0.0,100.0,4.0,100.0,0.0,100.0,0.0,100.0,0.0,100.0,0.0,100.0,0.0,69.0,31.0,100.0,0.0,100.0,0.0,95.0,10468.0,31.0,31.0,100.0,0.0,100.0,0.0,200.0,0.0,100.0,29373.0,100.0,44719119264.0,100.0,123895817652.0
2019-06-22,Z305D5GE,ST4000DM000,4000787030016,0,115.0,90570320.0,96.0,0.0,100.0,4.0,100.0,0.0,84.0,332992177.0,67.0,29481.0,100.0,0.0,100.0,4.0,100.0,0.0,100.0,0.0,100.0,0.0,100.0,0.0,100.0,0.0,69.0,31.0,100.0,0.0,100.0,0.0,95.0,10468.0,31.0,31.0,100.0,0.0,100.0,0.0,200.0,0.0,100.0,29389.0,100.0,44723866552.0,100.0,124012940479.0
2019-06-23,Z305D5GE,ST4000DM000,4000787030016,0,117.0,129965088.0,96.0,0.0,100.0,4.0,100.0,0.0,84.0,333676656.0,67.0,29512.0,100.0,0.0,100.0,4.0,100.0,0.0,100.0,0.0,100.0,0.0,100.0,0.0,100.0,0.0,74.0,26.0,100.0,0.0,100.0,0.0,95.0,10468.0,26.0,26.0,100.0,0.0,100.0,0.0,200.0,0.0,100.0,29420.0,100.0,44738149216.0,100.0,124086319922.0
2019-06-24,Z305D5GE,ST4000DM000,4000787030016,0,116.0,109767640.0,96.0,0.0,100.0,4.0,100.0,0.0,84.0,333933945.0,67.0,29528.0,100.0,0.0,100.0,4.0,100.0,0.0,100.0,0.0,100.0,0.0,100.0,0.0,100.0,0.0,70.0,30.0,100.0,0.0,100.0,0.0,95.0,10468.0,30.0,30.0,100.0,0.0,100.0,0.0,200.0,0.0,100.0,29436.0,100.0,44746664000.0,100.0,124106070109.0
2019-06-25,Z305D5GE,ST4000DM000,4000787030016,0,117.0,150007688.0,96.0,0.0,100.0,4.0,100.0,0.0,84.0,335297991.0,67.0,29559.0,100.0,0.0,100.0,4.0,100.0,0.0,100.0,0.0,100.0,0.0,100.0,0.0,100.0,0.0,71.0,29.0,100.0,0.0,100.0,0.0,95.0,10468.0,29.0,29.0,100.0,0.0,100.0,0.0,200.0,0.0,100.0,29467.0,100.0,44766278944.0,100.0,124251929356.0
2019-06-26,Z305D5GE,ST4000DM000,4000787030016,0,111.0,29499304.0,96.0,0.0,100.0,4.0,100.0,0.0,85.0,338721227.0,67.0,29590.0,100.0,0.0,100.0,4.0,100.0,0.0,100.0,0.0,100.0,0.0,100.0,0.0,100.0,0.0,74.0,26.0,100.0,0.0,100.0,0.0,95.0,10468.0,26.0,26.0,100.0,0.0,100.0,0.0,200.0,0.0,100.0,29499.0,100.0,44784117640.0,100.0,124404701384.0
2019-06-27,Z305D5GE,ST4000DM000,4000787030016,0,115.0,99367496.0,96.0,0.0,100.0,4.0,100.0,0.0,85.0,339558094.0,67.0,29606.0,100.0,0.0,100.0,4.0,100.0,0.0,100.0,0.0,100.0,0.0,100.0,0.0,100.0,0.0,69.0,31.0,100.0,0.0,100.0,0.0,95.0,10468.0,31.0,31.0,100.0,0.0,100.0,0.0,200.0,0.0,100.0,29514.0,100.0,44792006984.0,100.0,124516348512.0
2019-06-28,Z305D5GE,ST4000DM000,4000787030016,0,115.0,93994568.0,96.0,0.0,100.0,4.0,100.0,0.0,85.0,342046916.0,67.0,29638.0,100.0,0.0,100.0,4.0,100.0,0.0,100.0,0.0,100.0,0.0,100.0,0.0,100.0,0.0,72.0,28.0,100.0,0.0,100.0,0.0,95.0,10468.0,28.0,28.0,100.0,0.0,100.0,0.0,200.0,0.0,100.0,29546.0,100.0,44812602928.0,100.0,124742803980.0
2019-06-29,Z305D5GE,ST4000DM000,4000787030016,0,112.0,49666696.0,96.0,0.0,100.0,4.0,100.0,0.0,85.0,342380073.0,67.0,29654.0,100.0,0.0,100.0,4.0,100.0,0.0,100.0,0.0,100.0,0.0,100.0,0.0,100.0,0.0,70.0,30.0,100.0,0.0,100.0,0.0,95.0,10468.0,30.0,30.0,100.0,0.0,100.0,0.0,200.0,0.0,100.0,29562.0,100.0,44816396408.0,100.0,124781992084.0
2019-06-30,Z305D5GE,ST4000DM000,4000787030016,0,119.0,216629464.0,96.0,0.0,100.0,4.0,100.0,0.0,85.0,343945997.0,67.0,29686.0,100.0,0.0,100.0,4.0,100.0,0.0,100.0,0.0,100.0,0.0,100.0,0.0,100.0,0.0,74.0,26.0,100.0,0.0,100.0,0.0,95.0,10468.0,26.0,26.0,100.0,0.0,100.0,0.0,200.0,0.0,100.0,29594.0,100.0,44828599144.0,100.0,124983703615.0
2019-07-01,Z305D5GE,ST4000DM000,4000787030016,0,117.0,152282056.0,96.0,0.0,100.0,4.0,100.0,0.0,85.0,344805080.0,67.0,29701.0,100.0,0.0,100.0,4.0,100.0,0.0,100.0,0.0,100.0,0.0,100.0,0.0,100.0,0.0,70.0,30.0,100.0,0.0,100.0,0.0,95.0,10468.0,30.0,30.0,100.0,0.0,100.0,0.0,200.0,0.0,100.0,29610.0,100.0,44831949936.0,100.0,125121471623.0
2019-07-02,Z305D5GE,ST4000DM000,4000787030016,0,119.0,213244592.0,96.0,0.0,100.0,4.0,100.0,0.0,85.0,347288479.0,67.0,29733.0,100.0,0.0,100.0,4.0,100.0,0.0,100.0,0.0,100.0,0.0,100.0,0.0,100.0,0.0,73.0,27.0,100.0,0.0,100.0,0.0,95.0,10468.0,27.0,27.0,100.0,0.0,100.0,0.0,200.0,0.0,100.0,29641.0,100.0,44850104464.0,100.0,125394118612.0
2019-07-03,Z305D5GE,ST4000DM000,4000787030016,0,110.0,29080912.0,96.0,0.0,100.0,4.0,100.0,0.0,85.0,348606307.0,67.0,29749.0,100.0,0.0,100.0,4.0,100.0,0.0,100.0,0.0,100.0,0.0,100.0,0.0,100.0,0.0,70.0,30.0,100.0,0.0,100.0,0.0,95.0,10468.0,30.0,30.0,100.0,0.0,100.0,0.0,200.0,0.0,100.0,29657.0,100.0,44862288456.0,100.0,125469412655.0
2019-07-04,Z305D5GE,ST4000DM000,4000787030016,0,112.0,47436752.0,96.0,0.0,100.0,4.0,100.0,0.0,85.0,349975337.0,67.0,29781.0,100.0,0.0,100.0,4.0,100.0,0.0,100.0,0.0,100.0,0.0,100.0,0.0,100.0,0.0,73.0,27.0,100.0,0.0,100.0,0.0,95.0,10468.0,27.0,27.0,100.0,0.0,100.0,0.0,200.0,0.0,100.0,29689.0,100.0,44872689712.0,100.0,125668140844.0
2019-07-05,Z305D5GE,ST4000DM000,4000787030016,0,116.0,104978832.0,96.0,0.0,100.0,4.0,100.0,0.0,85.0,351879299.0,66.0,29797.0,100.0,0.0,100.0,4.0,100.0,0.0,100.0,0.0,100.0,0.0,100.0,0.0,100.0,0.0,70.0,30.0,100.0,0.0,100.0,0.0,95.0,10468.0,30.0,30.0,100.0,0.0,100.0,0.0,200.0,0.0,100.0,29705.0,100.0,44885495584.0,100.0,125768069102.0
2019-07-06,Z305D5GE,ST4000DM000,4000787030016,0,118.0,188452720.0,96.0,0.0,100.0,4.0,100.0,0.0,85.0,353687586.0,66.0,29828.0,100.0,0.0,100.0,4.0,100.0,0.0,100.0,0.0,100.0,0.0,100.0,0.0,100.0,0.0,73.0,27.0,100.0,0.0,100.0,0.0,95.0,10468.0,27.0,27.0,100.0,0.0,100.0,0.0,200.0,0.0,100.0,29737.0,100.0,44897185184.0,100.0,125921158607.0
2019-07-07,Z305D5GE,ST4000DM000,4000787030016,0,117.0,149377224.0,96.0,0.0,100.0,4.0,100.0,0.0,85.0,354159947.0,66.0,29844.0,100.0,0.0,100.0,4.0,100.0,0.0,100.0,0.0,100.0,0.0,100.0,0.0,100.0,0.0,70.0,30.0,100.0,0.0,100.0,0.0,95.0,10468.0,30.0,30.0,100.0,0.0,100.0,0.0,200.0,0.0,100.0,29753.0,100.0,44915206664.0,100.0,125974013968.0
2019-07-08,Z305D5GE,ST4000DM000,4000787030016,0,118.0,189608432.0,96.0,0.0,100.0,4.0,100.0,0.0,85.0,355483826.0,66.0,29876.0,100.0,0.0,100.0,4.0,100.0,0.0,100.0,0.0,100.0,0.0,100.0,0.0,100.0,0.0,73.0,27.0,100.0,0.0,100.0,0.0,95.0,10468.0,27.0,27.0,100.0,0.0,100.0,0.0,200.0,0.0,100.0,29784.0,100.0,44930549512.0,100.0,126212345846.0
2019-07-09,Z305D5GE,ST4000DM000,4000787030016,0,113.0,51077920.0,96.0,0.0,100.0,4.0,100.0,0.0,85.0,356158351.0,66.0,29892.0,100.0,0.0,100.0,4.0,100.0,0.0,100.0,0.0,100.0,0.0,100.0,0.0,100.0,0.0,69.0,31.0,100.0,0.0,100.0,0.0,95.0,10468.0,31.0,31.0,100.0,0.0,100.0,0.0,200.0,0.0,100.0,29800.0,100.0,44937082856.0,100.0,126421801827.0
2019-07-10,Z305D5GE,ST4000DM000,4000787030016,0,119.0,213933976.0,96.0,0.0,100.0,4.0,100.0,0.0,85.0,358396323.0,66.0,29923.0,100.0,0.0,100.0,4.0,100.0,0.0,100.0,0.0,100.0,0.0,100.0,0.0,100.0,0.0,71.0,29.0,100.0,0.0,100.0,0.0,95.0,10468.0,29.0,29.0,100.0,0.0,100.0,0.0,200.0,0.0,100.0,29832.0,100.0,44954483928.0,100.0,126771243033.0
2019-07-11,Z305D5GE,ST4000DM000,4000787030016,0,119.0,207070840.0,96.0,0.0,100.0,4.0,100.0,0.0,85.0,359972537.0,66.0,29955.0,100.0,0.0,100.0,4.0,100.0,0.0,100.0,0.0,100.0,0.0,100.0,0.0,100.0,0.0,70.0,30.0,100.0,0.0,100.0,0.0,95.0,10468.0,30.0,30.0,100.0,0.0,100.0,0.0,200.0,0.0,100.0,29863.0,100.0,44969148984.0,100.0,127155017739.0
2019-07-12,Z305D5GE,ST4000DM000,4000787030016,0,115.0,96795352.0,96.0,0.0,100.0,4.0,100.0,0.0,85.0,361134825.0,66.0,29971.0,100.0,0.0,100.0,4.0,100.0,0.0,100.0,0.0,100.0,0.0,100.0,0.0,100.0,0.0,73.0,27.0,100.0,0.0,100.0,0.0,95.0,10468.0,27.0,27.0,100.0,0.0,100.0,0.0,200.0,0.0,100.0,29879.0,100.0,44982230984.0,100.0,127311743462.0
2019-07-13,Z305D5GE,ST4000DM000,4000787030016,0,116.0,107998360.0,96.0,0.0,100.0,4.0,100.0,0.0,85.0,363167967.0,66.0,30003.0,100.0,0.0,100.0,4.0,100.0,0.0,100.0,0.0,100.0,0.0,100.0,0.0,100.0,0.0,71.0,29.0,100.0,0.0,100.0,0.0,95.0,10468.0,29.0,29.0,100.0,0.0,100.0,0.0,200.0,0.0,100.0,29911.0,100.0,44995705248.0,100.0,127747033817.0
2019-07-14,Z305D5GE,ST4000DM000,4000787030016,0,119.0,215842648.0,96.0,0.0,100.0,4.0,100.0,0.0,85.0,364422177.0,66.0,30019.0,100.0,0.0,100.0,4.0,100.0,0.0,100.0,0.0,100.0,0.0,100.0,0.0,100.0,0.0,73.0,27.0,100.0,0.0,100.0,0.0,95.0,10468.0,27.0,27.0,100.0,0.0,100.0,0.0,200.0,0.0,100.0,29927.0,100.0,45000865272.0,100.0,127917610729.0
2019-07-15,Z305D5GE,ST4000DM000,4000787030016,0,118.0,174826696.0,96.0,0.0,100.0,4.0,100.0,0.0,85.0,367218620.0,66.0,30051.0,100.0,0.0,100.0,4.0,100.0,0.0,100.0,0.0,100.0,0.0,100.0,0.0,100.0,0.0,71.0,29.0,100.0,0.0,100.0,0.0,95.0,10468.0,29.0,29.0,100.0,0.0,100.0,0.0,200.0,0.0,100.0,29959.0,100.0,45011179040.0,100.0,128267548983.0
2019-07-16,Z305D5GE,ST4000DM000,4000787030016,0,112.0,50331600.0,96.0,0.0,100.0,4.0,100.0,0.0,85.0,368357169.0,66.0,30067.0,100.0,0.0,100.0,4.0,100.0,0.0,100.0,0.0,100.0,0.0,100.0,0.0,100.0,0.0,72.0,28.0,100.0,0.0,100.0,0.0,95.0,10468.0,28.0,28.0,100.0,0.0,100.0,0.0,200.0,0.0,100.0,29975.0,100.0,45016952056.0,100.0,128387192962.0
2019-07-17,Z305D5GE,ST4000DM000,4000787030016,0,118.0,185035872.0,96.0,0.0,100.0,4.0,100.0,0.0,85.0,371186144.0,66.0,30098.0,100.0,0.0,100.0,4.0,100.0,0.0,100.0,0.0,100.0,0.0,100.0,0.0,100.0,0.0,69.0,31.0,100.0,0.0,100.0,0.0,95.0,10468.0,31.0,31.0,100.0,0.0,100.0,0.0,200.0,0.0,100.0,30007.0,100.0,45034701360.0,100.0,128734023936.0
2019-07-18,Z305D5GE,ST4000DM000,4000787030016,0,116.0,115432680.0,96.0,0.0,100.0,4.0,100.0,0.0,85.0,372148371.0,66.0,30114.0,100.0,0.0,100.0,4.0,100.0,0.0,100.0,0.0,100.0,0.0,100.0,0.0,100.0,0.0,72.0,28.0,100.0,0.0,100.0,0.0,95.0,10468.0,28.0,28.0,100.0,0.0,100.0,0.0,200.0,0.0,100.0,30022.0,100.0,45041155936.0,100.0,128898000053.0
2019-07-19,Z305D5GE,ST4000DM000,4000787030016,0,117.0,127074032.0,96.0,0.0,100.0,4.0,100.0,0.0,85.0,375512757.0,66.0,30146.0,100.0,0.0,100.0,4.0,100.0,0.0,100.0,0.0,100.0,0.0,100.0,0.0,100.0,0.0,68.0,32.0,100.0,0.0,100.0,0.0,95.0,10468.0,32.0,32.0,100.0,0.0,100.0,0.0,200.0,0.0,100.0,30054.0,100.0,45060483488.0,100.0,129101707438.0
2019-07-20,Z305D5GE,ST4000DM000,4000787030016,0,112.0,44051736.0,96.0,0.0,100.0,4.0,100.0,0.0,85.0,376459156.0,66.0,30162.0,100.0,0.0,100.0,4.0,100.0,0.0,100.0,0.0,100.0,0.0,100.0,0.0,100.0,0.0,72.0,28.0,100.0,0.0,100.0,0.0,95.0,10468.0,28.0,28.0,100.0,0.0,100.0,0.0,200.0,0.0,100.0,30070.0,100.0,45073191552.0,100.0,129255628069.0
2019-07-21,Z305D5GE,ST4000DM000,4000787030016,0,118.0,196162592.0,96.0,0.0,100.0,4.0,100.0,0.0,85.0,377694271.0,66.0,30194.0,100.0,0.0,100.0,4.0,100.0,0.0,100.0,0.0,100.0,0.0,100.0,0.0,100.0,0.0,70.0,30.0,100.0,0.0,100.0,0.0,95.0,10468.0,30.0,30.0,100.0,0.0,100.0,0.0,200.0,0.0,100.0,30102.0,100.0,45088357760.0,100.0,129431587305.0
2019-07-22,Z305D5GE,ST4000DM000,4000787030016,0,114.0,71126992.0,96.0,0.0,100.0,4.0,100.0,0.0,85.0,378594087.0,66.0,30210.0,100.0,0.0,100.0,4.0,100.0,0.0,100.0,0.0,100.0,0.0,100.0,0.0,100.0,0.0,73.0,27.0,100.0,0.0,100.0,0.0,95.0,10468.0,27.0,27.0,100.0,0.0,100.0,0.0,200.0,0.0,100.0,30118.0,100.0,45096841896.0,100.0,129580107827.0
2019-07-23,Z305D5GE,ST4000DM000,4000787030016,0,118.0,189813624.0,96.0,0.0,100.0,4.0,100.0,0.0,85.0,381331469.0,66.0,30241.0,100.0,0.0,100.0,4.0,100.0,0.0,100.0,0.0,100.0,0.0,100.0,0.0,100.0,0.0,73.0,27.0,100.0,0.0,100.0,0.0,95.0,10468.0,27.0,27.0,100.0,0.0,100.0,0.0,200.0,0.0,100.0,30150.0,100.0,45119162088.0,100.0,129816371772.0
2019-07-24,Z305D5GE,ST4000DM000,4000787030016,0,118.0,196330936.0,96.0,0.0,100.0,4.0,100.0,0.0,85.0,382091180.0,66.0,30257.0,100.0,0.0,100.0,4.0,100.0,0.0,100.0,0.0,100.0,0.0,100.0,0.0,100.0,0.0,73.0,27.0,100.0,0.0,100.0,0.0,95.0,10468.0,27.0,27.0,100.0,0.0,100.0,0.0,200.0,0.0,100.0,30166.0,100.0,45126128112.0,100.0,129923453679.0
2019-07-25,Z305D5GE,ST4000DM000,4000787030016,0,117.0,139011424.0,96.0,0.0,100.0,4.0,100.0,0.0,85.0,382712983.0,66.0,30273.0,100.0,0.0,100.0,4.0,100.0,0.0,100.0,0.0,100.0,0.0,100.0,0.0,100.0,0.0,70.0,30.0,100.0,0.0,100.0,0.0,95.0,10468.0,30.0,30.0,100.0,0.0,100.0,0.0,200.0,0.0,100.0,30182.0,100.0,45135621776.0,100.0,130019476087.0
2019-07-26,Z305D5GE,ST4000DM000,4000787030016,0,116.0,107702016.0,96.0,0.0,100.0,4.0,100.0,0.0,85.0,384650411.0,66.0,30305.0,100.0,0.0,100.0,4.0,100.0,0.0,100.0,0.0,100.0,0.0,100.0,0.0,100.0,0.0,73.0,27.0,100.0,0.0,100.0,0.0,95.0,10468.0,27.0,27.0,100.0,0.0,100.0,0.0,200.0,0.0,100.0,30214.0,100.0,45152166048.0,100.0,130154413225.0
2019-07-27,Z305D5GE,ST4000DM000,4000787030016,0,104.0,6798416.0,96.0,0.0,100.0,4.0,100.0,0.0,85.0,386332872.0,66.0,30337.0,100.0,0.0,100.0,4.0,100.0,0.0,100.0,0.0,100.0,0.0,100.0,0.0,100.0,0.0,74.0,26.0,100.0,0.0,100.0,0.0,95.0,10468.0,26.0,26.0,100.0,0.0,100.0,0.0,200.0,0.0,100.0,30245.0,100.0,45172165408.0,100.0,130344257656.0
2019-07-28,Z305D5GE,ST4000DM000,4000787030016,0,120.0,237926920.0,96.0,0.0,100.0,4.0,100.0,0.0,85.0,387334307.0,66.0,30353.0,100.0,0.0,100.0,4.0,100.0,0.0,100.0,0.0,100.0,0.0,100.0,0.0,100.0,0.0,73.0,27.0,100.0,0.0,100.0,0.0,95.0,10468.0,27.0,27.0,100.0,0.0,100.0,0.0,200.0,0.0,100.0,30261.0,100.0,45181995040.0,100.0,130487800779.0
2019-07-29,Z305D5GE,ST4000DM000,4000787030016,0,118.0,185046272.0,96.0,0.0,100.0,4.0,100.0,0.0,85.0,389233598.0,66.0,30385.0,100.0,0.0,100.0,4.0,100.0,0.0,100.0,0.0,100.0,0.0,100.0,0.0,100.0,0.0,73.0,27.0,100.0,0.0,100.0,0.0,95.0,10468.0,27.0,27.0,100.0,0.0,100.0,0.0,200.0,0.0,100.0,30293.0,100.0,45197382704.0,100.0,130710628945.0
2019-07-30,Z305D5GE,ST4000DM000,4000787030016,0,117.0,143951368.0,96.0,0.0,100.0,4.0,100.0,0.0,85.0,390168534.0,66.0,30401.0,100.0,0.0,100.0,4.0,100.0,0.0,100.0,0.0,100.0,0.0,100.0,0.0,100.0,0.0,73.0,27.0,100.0,0.0,100.0,0.0,95.0,10468.0,27.0,27.0,100.0,0.0,100.0,0.0,200.0,0.0,100.0,30309.0,100.0,45208495968.0,100.0,130773038992.0
2019-07-31,Z305D5GE,ST4000DM000,4000787030016,0,119.0,214359104.0,96.0,0.0,100.0,4.0,100.0,0.0,85.0,391801875.0,66.0,30416.0,100.0,0.0,100.0,4.0,100.0,0.0,100.0,0.0,100.0,0.0,100.0,0.0,100.0,0.0,70.0,30.0,100.0,0.0,100.0,0.0,95.0,10468.0,30.0,30.0,100.0,0.0,100.0,0.0,200.0,0.0,100.0,30325.0,100.0,45227774288.0,100.0,130906514341.0
2019-08-01,Z305D5GE,ST4000DM000,4000787030016,0,117.0,144670248.0,96.0,0.0,100.0,4.0,100.0,0.0,85.0,393602089.0,66.0,30448.0,100.0,0.0,100.0,4.0,100.0,0.0,100.0,0.0,100.0,0.0,100.0,0.0,100.0,0.0,70.0,30.0,100.0,0.0,100.0,0.0,95.0,10468.0,30.0,30.0,100.0,0.0,100.0,0.0,200.0,0.0,100.0,30356.0,100.0,45246526264.0,100.0,131140927109.0
2019-08-02,Z305D5GE,ST4000DM000,4000787030016,0,111.0,33902568.0,96.0,0.0,100.0,4.0,100.0,0.0,85.0,394432922.0,66.0,30464.0,100.0,0.0,100.0,4.0,100.0,0.0,100.0,0.0,100.0,0.0,100.0,0.0,100.0,0.0,68.0,32.0,100.0,0.0,100.0,0.0,95.0,10468.0,32.0,32.0,100.0,0.0,100.0,0.0,200.0,0.0,100.0,30372.0,100.0,45253773824.0,100.0,131186785686.0
2019-08-03,Z305D5GE,ST4000DM000,4000787030016,0,117.0,152270392.0,96.0,0.0,100.0,4.0,100.0,0.0,85.0,396701261.0,66.0,30496.0,100.0,0.0,100.0,4.0,100.0,0.0,100.0,0.0,100.0,0.0,100.0,0.0,100.0,0.0,69.0,31.0,100.0,0.0,100.0,0.0,95.0,10468.0,31.0,31.0,100.0,0.0,100.0,0.0,200.0,0.0,100.0,30404.0,100.0,45276312936.0,100.0,131320543089.0
2019-08-04,Z305D5GE,ST4000DM000,4000787030016,0,114.0,79795320.0,96.0,0.0,100.0,4.0,100.0,0.0,85.0,397265530.0,66.0,30512.0,100.0,0.0,100.0,4.0,100.0,0.0,100.0,0.0,100.0,0.0,100.0,0.0,100.0,0.0,68.0,32.0,100.0,0.0,100.0,0.0,95.0,10468.0,32.0,32.0,100.0,0.0,100.0,0.0,200.0,0.0,100.0,30420.0,100.0,45284848048.0,100.0,131431646278.0
2019-08-05,Z305D5GE,ST4000DM000,4000787030016,0,116.0,115464024.0,96.0,0.0,100.0,4.0,100.0,0.0,85.0,398580786.0,66.0,30544.0,100.0,0.0,100.0,4.0,100.0,0.0,100.0,0.0,100.0,0.0,100.0,0.0,100.0,0.0,71.0,29.0,100.0,0.0,100.0,0.0,95.0,10468.0,29.0,29.0,100.0,0.0,100.0,0.0,200.0,0.0,100.0,30452.0,100.0,45311919432.0,100.0,131695282007.0
2019-08-06,Z305D5GE,ST4000DM000,4000787030016,0,117.0,122782544.0,96.0,0.0,100.0,4.0,100.0,0.0,85.0,399209329.0,66.0,30560.0,100.0,0.0,100.0,4.0,100.0,0.0,100.0,0.0,100.0,0.0,100.0,0.0,100.0,0.0,68.0,32.0,100.0,0.0,100.0,0.0,95.0,10468.0,32.0,32.0,100.0,0.0,100.0,0.0,200.0,0.0,100.0,30468.0,100.0,45327396920.0,100.0,131869920820.0
2019-08-07,Z305D5GE,ST4000DM000,4000787030016,0,111.0,33069344.0,96.0,0.0,100.0,4.0,100.0,0.0,86.0,403372917.0,66.0,30591.0,100.0,0.0,100.0,4.0,100.0,0.0,100.0,0.0,100.0,0.0,100.0,0.0,100.0,0.0,69.0,31.0,100.0,0.0,100.0,0.0,95.0,10468.0,31.0,31.0,100.0,0.0,100.0,0.0,200.0,0.0,100.0,30500.0,100.0,45365632200.0,100.0,132297779387.0
2019-08-08,Z305D5GE,ST4000DM000,4000787030016,0,116.0,112408128.0,96.0,0.0,100.0,4.0,100.0,0.0,86.0,404750871.0,66.0,30623.0,100.0,0.0,100.0,4.0,100.0,0.0,100.0,0.0,100.0,0.0,100.0,0.0,100.0,0.0,72.0,28.0,100.0,0.0,100.0,0.0,95.0,10468.0,28.0,28.0,100.0,0.0,100.0,0.0,200.0,0.0,100.0,30531.0,100.0,45398042744.0,100.0,132720655943.0
2019-08-09,Z305D5GE,ST4000DM000,4000787030016,0,119.0,224932744.0,96.0,0.0,100.0,4.0,100.0,0.0,86.0,406392731.0,66.0,30639.0,100.0,0.0,100.0,4.0,100.0,0.0,100.0,0.0,100.0,0.0,100.0,0.0,100.0,0.0,69.0,31.0,100.0,0.0,100.0,0.0,95.0,10468.0,31.0,31.0,100.0,0.0,100.0,0.0,200.0,0.0,100.0,30547.0,100.0,45414052792.0,100.0,132815527121.0
2019-08-10,Z305D5GE,ST4000DM000,4000787030016,0,111.0,33110240.0,96.0,0.0,100.0,4.0,100.0,0.0,86.0,408844667.0,65.0,30671.0,100.0,0.0,100.0,4.0,100.0,0.0,100.0,0.0,100.0,0.0,100.0,0.0,100.0,0.0,72.0,28.0,100.0,0.0,100.0,0.0,95.0,10468.0,28.0,28.0,100.0,0.0,100.0,0.0,200.0,0.0,100.0,30579.0,100.0,45430972248.0,100.0,133218488191.0
2019-08-11,Z305D5GE,ST4000DM000,4000787030016,0,118.0,193240864.0,96.0,0.0,100.0,4.0,100.0,0.0,86.0,410496006.0,65.0,30687.0,100.0,0.0,100.0,4.0,100.0,0.0,100.0,0.0,100.0,0.0,100.0,0.0,100.0,0.0,69.0,31.0,100.0,0.0,100.0,0.0,95.0,10468.0,31.0,31.0,100.0,0.0,100.0,0.0,200.0,0.0,100.0,30595.0,100.0,45440518264.0,100.0,133410436853.0
2019-08-12,Z305D5GE,ST4000DM000,4000787030016,0,114.0,60482352.0,96.0,0.0,100.0,4.0,100.0,0.0,86.0,412568577.0,65.0,30718.0,100.0,0.0,100.0,4.0,100.0,0.0,100.0,0.0,100.0,0.0,100.0,0.0,100.0,0.0,72.0,28.0,100.0,0.0,100.0,0.0,95.0,10468.0,28.0,28.0,100.0,0.0,100.0,0.0,200.0,0.0,100.0,30627.0,100.0,45465844944.0,100.0,133689997149.0
2019-08-13,Z305D5GE,ST4000DM000,4000787030016,0,118.0,178409328.0,96.0,0.0,100.0,4.0,100.0,0.0,86.0,415851380.0,65.0,30750.0,100.0,0.0,100.0,4.0,100.0,0.0,100.0,0.0,100.0,0.0,100.0,0.0,100.0,0.0,69.0,31.0,100.0,0.0,100.0,0.0,95.0,10468.0,31.0,31.0,100.0,0.0,100.0,0.0,200.0,0.0,100.0,30658.0,100.0,45493086760.0,100.0,134042381807.0
2019-08-14,Z305D5GE,ST4000DM000,4000787030016,0,115.0,97204576.0,96.0,0.0,100.0,4.0,100.0,0.0,86.0,416914363.0,65.0,30766.0,100.0,0.0,100.0,4.0,100.0,0.0,100.0,0.0,100.0,0.0,100.0,0.0,100.0,0.0,72.0,28.0,100.0,0.0,100.0,0.0,95.0,10468.0,28.0,28.0,100.0,0.0,100.0,0.0,200.0,0.0,100.0,30674.0,100.0,45507589504.0,100.0,134203436169.0
2019-08-15,Z305D5GE,ST4000DM000,4000787030016,0,114.0,76776296.0,96.0,0.0,100.0,4.0,100.0,0.0,86.0,417680191.0,65.0,30781.0,100.0,0.0,100.0,4.0,100.0,0.0,100.0,0.0,100.0,0.0,100.0,0.0,100.0,0.0,69.0,31.0,100.0,0.0,100.0,0.0,95.0,10468.0,31.0,31.0,100.0,0.0,100.0,0.0,200.0,0.0,100.0,30690.0,100.0,45518470368.0,100.0,134313739806.0
2019-08-16,Z305D5GE,ST4000DM000,4000787030016,0,118.0,194954176.0,96.0,0.0,100.0,4.0,100.0,0.0,86.0,420143224.0,65.0,30813.0,100.0,0.0,100.0,4.0,100.0,0.0,100.0,0.0,100.0,0.0,100.0,0.0,100.0,0.0,71.0,29.0,100.0,0.0,100.0,0.0,95.0,10468.0,29.0,29.0,100.0,0.0,100.0,0.0,200.0,0.0,100.0,30722.0,100.0,45553424264.0,100.0,134503493669.0
2019-08-17,Z305D5GE,ST4000DM000,4000787030016,0,118.0,171666272.0,96.0,0.0,100.0,4.0,100.0,0.0,86.0,421407871.0,65.0,30829.0,100.0,0.0,100.0,4.0,100.0,0.0,100.0,0.0,100.0,0.0,100.0,0.0,100.0,0.0,71.0,29.0,100.0,0.0,100.0,0.0,95.0,10468.0,29.0,29.0,100.0,0.0,100.0,0.0,200.0,0.0,100.0,30738.0,100.0,45569590488.0,100.0,134716488858.0
2019-08-18,Z305D5GE,ST4000DM000,4000787030016,0,114.0,69627160.0,96.0,0.0,100.0,4.0,100.0,0.0,86.0,422700894.0,65.0,30861.0,100.0,0.0,100.0,4.0,100.0,0.0,100.0,0.0,100.0,0.0,100.0,0.0,100.0,0.0,72.0,28.0,100.0,0.0,100.0,0.0,95.0,10468.0,28.0,28.0,100.0,0.0,100.0,0.0,200.0,0.0,100.0,30769.0,100.0,45595770200.0,100.0,134875049482.0
2019-08-19,Z305D5GE,ST4000DM000,4000787030016,0,115.0,85415560.0,96.0,0.0,100.0,4.0,100.0,0.0,86.0,423641623.0,65.0,30877.0,100.0,0.0,100.0,4.0,100.0,0.0,100.0,0.0,100.0,0.0,100.0,0.0,100.0,0.0,69.0,31.0,100.0,0.0,100.0,0.0,95.0,10468.0,31.0,31.0,100.0,0.0,100.0,0.0,200.0,0.0,100.0,30785.0,100.0,45610986736.0,100.0,134984096883.0
2019-08-20,Z305D5GE,ST4000DM000,4000787030016,0,102.0,4227752.0,96.0,0.0,100.0,4.0,100.0,0.0,86.0,426523762.0,65.0,30909.0,100.0,0.0,100.0,4.0,100.0,0.0,100.0,0.0,100.0,0.0,100.0,0.0,100.0,0.0,72.0,28.0,100.0,0.0,100.0,0.0,95.0,10468.0,28.0,28.0,100.0,0.0,100.0,0.0,200.0,0.0,100.0,30817.0,100.0,45646494248.0,100.0,135236970370.0
2019-08-21,Z305D5GE,ST4000DM000,4000787030016,0,117.0,124477992.0,96.0,0.0,100.0,4.0,100.0,0.0,86.0,427355748.0,65.0,30925.0,100.0,0.0,100.0,4.0,100.0,0.0,100.0,0.0,100.0,0.0,100.0,0.0,100.0,0.0,69.0,31.0,100.0,0.0,100.0,0.0,95.0,10468.0,31.0,31.0,100.0,0.0,100.0,0.0,200.0,0.0,100.0,30833.0,100.0,45661043144.0,100.0,135318066320.0
2019-08-22,Z305D5GE,ST4000DM000,4000787030016,0,117.0,156645776.0,96.0,0.0,100.0,4.0,100.0,0.0,86.0,429062021.0,65.0,30957.0,100.0,0.0,100.0,4.0,100.0,0.0,100.0,0.0,100.0,0.0,100.0,0.0,100.0,0.0,72.0,28.0,100.0,0.0,100.0,0.0,95.0,10468.0,28.0,28.0,100.0,0.0,100.0,0.0,200.0,0.0,100.0,30865.0,100.0,45691596280.0,100.0,135530610321.0
2019-08-23,Z305D5GE,ST4000DM000,4000787030016,0,114.0,69480176.0,96.0,0.0,100.0,4.0,100.0,0.0,86.0,430792516.0,65.0,30973.0,100.0,0.0,100.0,4.0,100.0,0.0,100.0,0.0,100.0,0.0,100.0,0.0,100.0,0.0,69.0,31.0,100.0,0.0,100.0,0.0,95.0,10468.0,31.0,31.0,100.0,0.0,100.0,0.0,200.0,0.0,100.0,30881.0,100.0,45716774280.0,100.0,135605917098.0
2019-08-24,Z305D5GE,ST4000DM000,4000787030016,0,103.0,5735600.0,96.0,0.0,100.0,4.0,100.0,0.0,86.0,432493509.0,65.0,31004.0,100.0,0.0,100.0,4.0,100.0,0.0,100.0,0.0,100.0,0.0,100.0,0.0,100.0,0.0,71.0,29.0,100.0,0.0,100.0,0.0,95.0,10468.0,29.0,29.0,100.0,0.0,100.0,0.0,200.0,0.0,100.0,30913.0,100.0,45745650120.0,100.0,135828961912.0
2019-08-25,Z305D5GE,ST4000DM000,4000787030016,0,114.0,76801352.0,96.0,0.0,100.0,4.0,100.0,0.0,86.0,433684948.0,65.0,31020.0,100.0,0.0,100.0,4.0,100.0,0.0,100.0,0.0,100.0,0.0,100.0,0.0,100.0,0.0,69.0,31.0,100.0,0.0,100.0,0.0,95.0,10468.0,31.0,31.0,100.0,0.0,100.0,0.0,200.0,0.0,100.0,30929.0,100.0,45760373168.0,100.0,135975521163.0
2019-08-26,Z305D5GE,ST4000DM000,4000787030016,0,117.0,152293232.0,96.0,0.0,100.0,4.0,100.0,0.0,86.0,435829330.0,65.0,31068.0,100.0,0.0,100.0,4.0,100.0,0.0,100.0,0.0,100.0,0.0,100.0,0.0,100.0,0.0,70.0,30.0,100.0,0.0,100.0,0.0,95.0,10468.0,30.0,30.0,100.0,0.0,100.0,0.0,200.0,0.0,100.0,30977.0,100.0,45815949296.0,100.0,136206883143.0
2019-08-27,Z305D5GE,ST4000DM000,4000787030016,0,117.0,152293232.0,96.0,0.0,100.0,4.0,100.0,0.0,86.0,435829330.0,65.0,31068.0,100.0,0.0,100.0,4.0,100.0,0.0,100.0,0.0,100.0,0.0,100.0,0.0,100.0,0.0,70.0,30.0,100.0,0.0,100.0,0.0,95.0,10468.0,30.0,30.0,100.0,0.0,100.0,0.0,200.0,0.0,100.0,30977.0,100.0,45815949296.0,100.0,136206883143.0
2019-08-28,Z305D5GE,ST4000DM000,4000787030016,0,119.0,220922216.0,96.0,0.0,100.0,4.0,100.0,0.0,86.0,438968957.0,65.0,31100.0,100.0,0.0,100.0,4.0,100.0,0.0,100.0,0.0,100.0,0.0,100.0,0.0,100.0,0.0,71.0,29.0,100.0,0.0,100.0,0.0,95.0,10468.0,29.0,29.0,100.0,0.0,100.0,0.0,200.0,0.0,100.0,31009.0,100.0,45856251488.0,100.0,136450225603.0
2019-08-29,Z305D5GE,ST4000DM000,4000787030016,0,118.0,173275072.0,96.0,0.0,100.0,4.0,100.0,0.0,86.0,440349060.0,65.0,31116.0,100.0,0.0,100.0,4.0,100.0,0.0,100.0,0.0,100.0,0.0,100.0,0.0,100.0,0.0,69.0,31.0,100.0,0.0,100.0,0.0,95.0,10468.0,31.0,31.0,100.0,0.0,100.0,0.0,200.0,0.0,100.0,31025.0,100.0,45872731504.0,100.0,136540305631.0
2019-08-30,Z305D5GE,ST4000DM000,4000787030016,0,117.0,151527584.0,96.0,0.0,100.0,4.0,100.0,0.0,86.0,442307090.0,65.0,31148.0,100.0,0.0,100.0,4.0,100.0,0.0,100.0,0.0,100.0,0.0,100.0,0.0,100.0,0.0,72.0,28.0,100.0,0.0,100.0,0.0,95.0,10468.0,28.0,28.0,100.0,0.0,100.0,0.0,200.0,0.0,100.0,31056.0,100.0,45911092712.0,100.0,136658623612.0
2019-08-31,Z305D5GE,ST4000DM000,4000787030016,0,119.0,231109104.0,96.0,0.0,100.0,4.0,100.0,0.0,86.0,443531334.0,65.0,31164.0,100.0,0.0,100.0,4.0,100.0,0.0,100.0,0.0,100.0,0.0,100.0,0.0,100.0,0.0,70.0,30.0,100.0,0.0,100.0,0.0,95.0,10468.0,30.0,30.0,100.0,0.0,100.0,0.0,200.0,0.0,100.0,31072.0,100.0,45927191232.0,100.0,136784824788.0
2019-09-01,Z305D5GE,ST4000DM000,4000787030016,0,114.0,83801536.0,96.0,0.0,100.0,4.0,100.0,0.0,86.0,446206265.0,65.0,31196.0,100.0,0.0,100.0,4.0,100.0,0.0,100.0,0.0,100.0,0.0,100.0,0.0,100.0,0.0,71.0,29.0,100.0,0.0,100.0,0.0,95.0,10468.0,29.0,29.0,100.0,0.0,100.0,0.0,200.0,0.0,100.0,31104.0,100.0,45958304768.0,100.0,137103157650.0
2019-09-02,Z305D5GE,ST4000DM000,4000787030016,0,119.0,229647984.0,96.0,0.0,100.0,4.0,100.0,0.0,86.0,446869341.0,65.0,31212.0,100.0,0.0,100.0,4.0,100.0,0.0,100.0,0.0,100.0,0.0,100.0,0.0,100.0,0.0,70.0,30.0,100.0,0.0,100.0,0.0,95.0,10468.0,30.0,30.0,100.0,0.0,100.0,0.0,200.0,0.0,100.0,31120.0,100.0,45986455904.0,100.0,137264313604.0
2019-09-03,Z305D5GE,ST4000DM000,4000787030016,0,105.0,8967064.0,96.0,0.0,100.0,4.0,100.0,0.0,86.0,449052224.0,65.0,31243.0,100.0,0.0,100.0,4.0,100.0,0.0,100.0,0.0,100.0,0.0,100.0,0.0,100.0,0.0,71.0,29.0,100.0,0.0,100.0,0.0,95.0,10468.0,29.0,29.0,100.0,0.0,100.0,0.0,200.0,0.0,100.0,31152.0,100.0,46029053272.0,100.0,137675164924.0
2019-09-04,Z305D5GE,ST4000DM000,4000787030016,0,115.0,93129984.0,96.0,0.0,100.0,4.0,100.0,0.0,86.0,450077298.0,65.0,31259.0,100.0,0.0,100.0,4.0,100.0,0.0,100.0,0.0,100.0,0.0,100.0,0.0,100.0,0.0,70.0,30.0,100.0,0.0,100.0,0.0,95.0,10468.0,30.0,30.0,100.0,0.0,100.0,0.0,200.0,0.0,100.0,31168.0,100.0,46042428104.0,100.0,137896889082.0
2019-09-05,Z305D5GE,ST4000DM000,4000787030016,0,118.0,183697232.0,96.0,0.0,100.0,4.0,100.0,0.0,86.0,452362150.0,65.0,31291.0,100.0,0.0,100.0,4.0,100.0,0.0,100.0,0.0,100.0,0.0,100.0,0.0,100.0,0.0,70.0,30.0,100.0,0.0,100.0,0.0,95.0,10468.0,30.0,30.0,100.0,0.0,100.0,0.0,200.0,0.0,100.0,31199.0,100.0,46067078880.0,100.0,138289177267.0
2019-09-06,Z305D5GE,ST4000DM000,4000787030016,0,113.0,56636144.0,96.0,0.0,100.0,4.0,100.0,0.0,86.0,453936251.0,65.0,31307.0,100.0,0.0,100.0,4.0,100.0,0.0,100.0,0.0,100.0,0.0,100.0,0.0,100.0,0.0,69.0,31.0,100.0,0.0,100.0,0.0,95.0,10468.0,31.0,31.0,100.0,0.0,100.0,0.0,200.0,0.0,100.0,31215.0,100.0,46084499464.0,100.0,138523213082.0
2019-09-07,Z305D5GE,ST4000DM000,4000787030016,0,118.0,182714072.0,96.0,0.0,100.0,4.0,100.0,0.0,86.0,456901536.0,65.0,31339.0,100.0,0.0,100.0,4.0,100.0,0.0,100.0,0.0,100.0,0.0,100.0,0.0,100.0,0.0,72.0,28.0,100.0,0.0,100.0,0.0,95.0,10468.0,28.0,28.0,100.0,0.0,100.0,0.0,200.0,0.0,100.0,31247.0,100.0,46124495968.0,100.0,138874180848.0
2019-09-08,Z305D5GE,ST4000DM000,4000787030016,0,108.0,19863864.0,96.0,0.0,100.0,4.0,100.0,0.0,86.0,457756578.0,65.0,31354.0,100.0,0.0,100.0,4.0,100.0,0.0,100.0,0.0,100.0,0.0,100.0,0.0,100.0,0.0,70.0,30.0,100.0,0.0,100.0,0.0,95.0,10468.0,30.0,30.0,100.0,0.0,100.0,0.0,200.0,0.0,100.0,31263.0,100.0,46150442720.0,100.0,139019218460.0
2019-09-09,Z305D5GE,ST4000DM000,4000787030016,0,117.0,160465120.0,96.0,0.0,100.0,4.0,100.0,0.0,86.0,459727647.0,65.0,31386.0,100.0,0.0,100.0,4.0,100.0,0.0,100.0,0.0,100.0,0.0,100.0,0.0,100.0,0.0,71.0,29.0,100.0,0.0,100.0,0.0,95.0,10468.0,29.0,29.0,100.0,0.0,100.0,0.0,200.0,0.0,100.0,31294.0,100.0,46186572960.0,100.0,139318599652.0
2019-09-10,Z305D5GE,ST4000DM000,4000787030016,0,118.0,192225928.0,96.0,0.0,100.0,4.0,100.0,0.0,86.0,460988045.0,65.0,31402.0,100.0,0.0,100.0,4.0,100.0,0.0,100.0,0.0,100.0,0.0,100.0,0.0,100.0,0.0,70.0,30.0,100.0,0.0,100.0,0.0,95.0,10468.0,30.0,30.0,100.0,0.0,100.0,0.0,200.0,0.0,100.0,31310.0,100.0,46202460336.0,100.0,139479168473.0
2019-09-11,Z305D5GE,ST4000DM000,4000787030016,0,117.0,137682400.0,96.0,0.0,100.0,4.0,100.0,0.0,86.0,464093220.0,65.0,31433.0,100.0,0.0,100.0,4.0,100.0,0.0,100.0,0.0,100.0,0.0,100.0,0.0,100.0,0.0,70.0,30.0,100.0,0.0,100.0,0.0,95.0,10468.0,30.0,30.0,100.0,0.0,100.0,0.0,200.0,0.0,100.0,31342.0,100.0,46244736440.0,100.0,139771405144.0
2019-09-12,Z305D5GE,ST4000DM000,4000787030016,0,115.0,100618336.0,96.0,0.0,100.0,4.0,100.0,0.0,86.0,466730966.0,65.0,31465.0,100.0,0.0,100.0,4.0,100.0,0.0,100.0,0.0,100.0,0.0,100.0,0.0,100.0,0.0,72.0,28.0,100.0,0.0,100.0,0.0,95.0,10468.0,28.0,28.0,100.0,0.0,100.0,0.0,200.0,0.0,100.0,31374.0,100.0,46292125280.0,100.0,140153759296.0
2019-09-13,Z305D5GE,ST4000DM000,4000787030016,0,118.0,198079120.0,96.0,0.0,100.0,4.0,100.0,0.0,86.0,468275717.0,65.0,31481.0,100.0,0.0,100.0,4.0,100.0,0.0,100.0,0.0,100.0,0.0,100.0,0.0,100.0,0.0,72.0,28.0,100.0,0.0,100.0,0.0,95.0,10468.0,28.0,28.0,100.0,0.0,100.0,0.0,200.0,0.0,100.0,31390.0,100.0,46320303944.0,100.0,140193921236.0
2019-09-14,Z305D5GE,ST4000DM000,4000787030016,0,116.0,108717200.0,96.0,0.0,100.0,4.0,100.0,0.0,86.0,469715536.0,65.0,31513.0,100.0,0.0,100.0,4.0,100.0,0.0,100.0,0.0,100.0,0.0,100.0,0.0,100.0,0.0,72.0,28.0,100.0,0.0,100.0,0.0,95.0,10468.0,28.0,28.0,100.0,0.0,100.0,0.0,200.0,0.0,100.0,31421.0,100.0,46362410376.0,100.0,140377067120.0
2019-09-15,Z305D5GE,ST4000DM000,4000787030016,0,117.0,163431576.0,96.0,0.0,100.0,4.0,100.0,0.0,87.0,470586330.0,65.0,31529.0,100.0,0.0,100.0,4.0,100.0,0.0,100.0,0.0,100.0,0.0,100.0,0.0,100.0,0.0,70.0,30.0,100.0,0.0,100.0,0.0,95.0,10468.0,30.0,30.0,100.0,0.0,100.0,0.0,200.0,0.0,100.0,31437.0,100.0,46382967512.0,100.0,140466079557.0
2019-09-16,Z305D5GE,ST4000DM000,4000787030016,0,111.0,33384656.0,96.0,0.0,100.0,4.0,100.0,0.0,87.0,472287304.0,64.0,31561.0,100.0,0.0,100.0,4.0,100.0,0.0,100.0,0.0,100.0,0.0,100.0,0.0,100.0,0.0,69.0,31.0,100.0,0.0,100.0,0.0,95.0,10468.0,31.0,31.0,100.0,0.0,100.0,0.0,200.0,0.0,100.0,31469.0,100.0,46419698696.0,100.0,140679227214.0
2019-09-17,Z305D5GE,ST4000DM000,4000787030016,0,111.0,38138712.0,96.0,0.0,100.0,4.0,100.0,0.0,87.0,473375741.0,64.0,31577.0,100.0,0.0,100.0,4.0,100.0,0.0,100.0,0.0,100.0,0.0,100.0,0.0,100.0,0.0,69.0,31.0,100.0,0.0,100.0,0.0,95.0,10468.0,31.0,31.0,100.0,0.0,100.0,0.0,200.0,0.0,100.0,31485.0,100.0,46436880520.0,100.0,140768978595.0
2019-09-18,Z305D5GE,ST4000DM000,4000787030016,0,117.0,150781960.0,96.0,0.0,100.0,4.0,100.0,0.0,87.0,476045330.0,64.0,31608.0,100.0,0.0,100.0,4.0,100.0,0.0,100.0,0.0,100.0,0.0,100.0,0.0,100.0,0.0,70.0,30.0,100.0,0.0,100.0,0.0,95.0,10468.0,30.0,30.0,100.0,0.0,100.0,0.0,200.0,0.0,100.0,31517.0,100.0,46472228264.0,100.0,140974245007.0
2019-09-19,Z305D5GE,ST4000DM000,4000787030016,0,116.0,112189528.0,96.0,0.0,100.0,4.0,100.0,0.0,87.0,477386562.0,64.0,31624.0,100.0,0.0,100.0,4.0,100.0,0.0,100.0,0.0,100.0,0.0,100.0,0.0,100.0,0.0,69.0,31.0,100.0,0.0,100.0,0.0,95.0,10468.0,31.0,31.0,100.0,0.0,100.0,0.0,200.0,0.0,100.0,31532.0,100.0,46500500640.0,100.0,141166790536.0
2019-09-20,Z305D5GE,ST4000DM000,4000787030016,0,119.0,228874688.0,96.0,0.0,100.0,4.0,100.0,0.0,87.0,480285776.0,64.0,31656.0,100.0,0.0,100.0,4.0,100.0,0.0,100.0,0.0,100.0,0.0,100.0,0.0,100.0,0.0,70.0,30.0,100.0,0.0,100.0,0.0,95.0,10468.0,30.0,30.0,100.0,0.0,100.0,0.0,200.0,0.0,100.0,31564.0,100.0,46553752512.0,100.0,141382725848.0
2019-09-21,Z305D5GE,ST4000DM000,4000787030016,0,119.0,216252736.0,96.0,0.0,100.0,4.0,100.0,0.0,87.0,481448038.0,64.0,31672.0,100.0,0.0,100.0,4.0,100.0,0.0,100.0,0.0,100.0,0.0,100.0,0.0,100.0,0.0,71.0,29.0,100.0,0.0,100.0,0.0,95.0,10468.0,29.0,29.0,100.0,0.0,100.0,0.0,200.0,0.0,100.0,31580.0,100.0,46574002536.0,100.0,141499056583.0
2019-09-22,Z305D5GE,ST4000DM000,4000787030016,0,120.0,240244408.0,96.0,0.0,100.0,4.0,100.0,0.0,87.0,483035583.0,64.0,31704.0,100.0,0.0,100.0,4.0,100.0,0.0,100.0,0.0,100.0,0.0,100.0,0.0,100.0,0.0,71.0,29.0,100.0,0.0,100.0,0.0,95.0,10468.0,29.0,29.0,100.0,0.0,100.0,0.0,200.0,0.0,100.0,31612.0,100.0,46623864264.0,100.0,141651819397.0
2019-09-23,Z305D5GE,ST4000DM000,4000787030016,0,119.0,216823560.0,96.0,0.0,100.0,4.0,100.0,0.0,87.0,484163304.0,64.0,31720.0,100.0,0.0,100.0,4.0,100.0,0.0,100.0,0.0,100.0,0.0,100.0,0.0,100.0,0.0,72.0,28.0,100.0,0.0,100.0,0.0,95.0,10468.0,28.0,28.0,100.0,0.0,100.0,0.0,200.0,0.0,100.0,31628.0,100.0,46672211280.0,100.0,141796921336.0
2019-09-24,Z305D5GE,ST4000DM000,4000787030016,0,109.0,21643288.0,96.0,0.0,100.0,4.0,100.0,0.0,87.0,487056243.0,64.0,31751.0,100.0,0.0,100.0,4.0,100.0,0.0,100.0,0.0,100.0,0.0,100.0,0.0,100.0,0.0,70.0,30.0,100.0,0.0,100.0,0.0,95.0,10468.0,30.0,30.0,100.0,0.0,100.0,0.0,200.0,0.0,100.0,31660.0,100.0,46707407344.0,100.0,141980014005.0
2019-09-25,Z305D5GE,ST4000DM000,4000787030016,0,112.0,50259680.0,96.0,0.0,100.0,4.0,100.0,0.0,87.0,488132331.0,64.0,31767.0,100.0,0.0,100.0,4.0,100.0,0.0,100.0,0.0,100.0,0.0,100.0,0.0,100.0,0.0,71.0,29.0,100.0,0.0,100.0,0.0,95.0,10468.0,29.0,29.0,100.0,0.0,100.0,0.0,200.0,0.0,100.0,31675.0,100.0,46716428968.0,100.0,142054711066.0
2019-09-26,Z305D5GE,ST4000DM000,4000787030016,0,111.0,35187408.0,96.0,0.0,100.0,4.0,100.0,0.0,87.0,489139078.0,64.0,31783.0,100.0,0.0,100.0,4.0,100.0,0.0,100.0,0.0,100.0,0.0,100.0,0.0,100.0,0.0,68.0,32.0,100.0,0.0,100.0,0.0,95.0,10468.0,32.0,32.0,100.0,0.0,100.0,0.0,200.0,0.0,100.0,31691.0,100.0,46725118304.0,100.0,142244032094.0
2019-09-27,Z305D5GE,ST4000DM000,4000787030016,0,115.0,83967048.0,96.0,0.0,100.0,4.0,100.0,0.0,87.0,491341010.0,64.0,31815.0,100.0,0.0,100.0,4.0,100.0,0.0,100.0,0.0,100.0,0.0,100.0,0.0,100.0,0.0,69.0,31.0,100.0,0.0,100.0,0.0,95.0,10468.0,31.0,31.0,100.0,0.0,100.0,0.0,200.0,0.0,100.0,31723.0,100.0,46748188216.0,100.0,142425664602.0
2019-09-28,Z305D5GE,ST4000DM000,4000787030016,0,118.0,196450112.0,96.0,0.0,100.0,4.0,100.0,0.0,87.0,494466600.0,64.0,31846.0,100.0,0.0,100.0,4.0,100.0,0.0,100.0,0.0,100.0,0.0,100.0,0.0,100.0,0.0,68.0,32.0,100.0,0.0,100.0,0.0,95.0,10468.0,32.0,32.0,100.0,0.0,100.0,0.0,200.0,0.0,100.0,31755.0,100.0,46778166208.0,100.0,142756424039.0
2019-09-29,Z305D5GE,ST4000DM000,4000787030016,0,118.0,198253056.0,96.0,0.0,100.0,4.0,100.0,0.0,87.0,494955899.0,64.0,31862.0,100.0,0.0,100.0,4.0,100.0,0.0,100.0,0.0,100.0,0.0,100.0,0.0,100.0,0.0,68.0,32.0,100.0,0.0,100.0,0.0,95.0,10468.0,32.0,32.0,100.0,0.0,100.0,0.0,200.0,0.0,100.0,31770.0,100.0,46786584816.0,100.0,142906407511.0
2019-09-30,Z305D5GE,ST4000DM000,4000787030016,0,115.0,85126024.0,96.0,0.0,100.0,4.0,100.0,0.0,87.0,496005502.0,64.0,31894.0,100.0,0.0,100.0,4.0,100.0,0.0,100.0,0.0,100.0,0.0,100.0,0.0,100.0,0.0,70.0,30.0,100.0,0.0,100.0,0.0,95.0,10468.0,30.0,30.0,100.0,0.0,100.0,0.0,200.0,0.0,100.0,31802.0,100.0,46804117432.0,100.0,143291906312.0
2019-10-01,Z305D5GE,ST4000DM000,4000787030016,0,112.0,48440680.0,96.0,0.0,100.0,4.0,100.0,0.0,87.0,496771840.0,64.0,31910.0,100.0,0.0,100.0,4.0,100.0,0.0,100.0,0.0,100.0,0.0,100.0,0.0,100.0,0.0,68.0,32.0,100.0,0.0,100.0,0.0,95.0,10468.0,32.0,32.0,100.0,0.0,100.0,0.0,200.0,0.0,100.0,31818.0,100.0,46814662464.0,100.0,143504944881.0
2019-10-02,Z305D5GE,ST4000DM000,4000787030016,0,113.0,56005112.0,96.0,0.0,100.0,4.0,100.0,0.0,87.0,500439124.0,64.0,31942.0,100.0,0.0,100.0,4.0,100.0,0.0,100.0,0.0,100.0,0.0,100.0,0.0,100.0,0.0,69.0,31.0,100.0,0.0,100.0,0.0,95.0,10468.0,31.0,31.0,100.0,0.0,100.0,0.0,200.0,0.0,100.0,31850.0,100.0,46855433896.0,100.0,143923730007.0
2019-10-03,Z305D5GE,ST4000DM000,4000787030016,0,115.0,88476888.0,96.0,0.0,100.0,4.0,100.0,0.0,87.0,501769291.0,64.0,31958.0,100.0,0.0,100.0,4.0,100.0,0.0,100.0,0.0,100.0,0.0,100.0,0.0,100.0,0.0,70.0,30.0,100.0,0.0,100.0,0.0,95.0,10468.0,30.0,30.0,100.0,0.0,100.0,0.0,200.0,0.0,100.0,31866.0,100.0,46870635976.0,100.0,144104140139.0
2019-10-04,Z305D5GE,ST4000DM000,4000787030016,0,119.0,223064088.0,96.0,0.0,100.0,4.0,100.0,0.0,87.0,505437745.0,64.0,31989.0,100.0,0.0,100.0,4.0,100.0,0.0,100.0,0.0,100.0,0.0,100.0,0.0,100.0,0.0,69.0,31.0,100.0,0.0,100.0,0.0,95.0,10468.0,31.0,31.0,100.0,0.0,100.0,0.0,200.0,0.0,100.0,31898.0,100.0,46912814072.0,100.0,144382284386.0
2019-10-05,Z305D5GE,ST4000DM000,4000787030016,0,119.0,208126760.0,96.0,0.0,100.0,4.0,100.0,0.0,87.0,506181396.0,64.0,32005.0,100.0,0.0,100.0,4.0,100.0,0.0,100.0,0.0,100.0,0.0,100.0,0.0,100.0,0.0,69.0,31.0,100.0,0.0,100.0,0.0,95.0,10468.0,31.0,31.0,100.0,0.0,100.0,0.0,200.0,0.0,100.0,31913.0,100.0,46925781480.0,100.0,144499574776.0
2019-10-06,Z305D5GE,ST4000DM000,4000787030016,0,119.0,211434184.0,96.0,0.0,100.0,4.0,100.0,0.0,87.0,508380453.0,64.0,32037.0,100.0,0.0,100.0,4.0,100.0,0.0,100.0,0.0,100.0,0.0,100.0,0.0,100.0,0.0,69.0,31.0,100.0,0.0,100.0,0.0,95.0,10468.0,31.0,31.0,100.0,0.0,100.0,0.0,200.0,0.0,100.0,31945.0,100.0,46974926248.0,100.0,144809036449.0
2019-10-07,Z305D5GE,ST4000DM000,4000787030016,0,118.0,183838648.0,96.0,0.0,100.0,4.0,100.0,0.0,87.0,509693657.0,64.0,32053.0,100.0,0.0,100.0,4.0,100.0,0.0,100.0,0.0,100.0,0.0,100.0,0.0,100.0,0.0,70.0,30.0,100.0,0.0,100.0,0.0,95.0,10468.0,30.0,30.0,100.0,0.0,100.0,0.0,200.0,0.0,100.0,31961.0,100.0,47001125136.0,100.0,144972239953.0
2019-10-08,Z305D5GE,ST4000DM000,4000787030016,0,114.0,68486312.0,96.0,0.0,100.0,4.0,100.0,0.0,87.0,512522700.0,64.0,32084.0,100.0,0.0,100.0,4.0,100.0,0.0,100.0,0.0,100.0,0.0,100.0,0.0,100.0,0.0,72.0,28.0,100.0,0.0,100.0,0.0,95.0,10468.0,28.0,28.0,100.0,0.0,100.0,0.0,200.0,0.0,100.0,31993.0,100.0,47060120296.0,100.0,145249952035.0
2019-10-09,Z305D5GE,ST4000DM000,4000787030016,0,117.0,143125456.0,96.0,0.0,100.0,4.0,100.0,0.0,87.0,514215219.0,64.0,32100.0,100.0,0.0,100.0,4.0,100.0,0.0,100.0,0.0,100.0,0.0,100.0,0.0,100.0,0.0,68.0,32.0,100.0,0.0,100.0,0.0,95.0,10468.0,32.0,32.0,100.0,0.0,100.0,0.0,200.0,0.0,100.0,32009.0,100.0,47080030136.0,100.0,145459002857.0
2019-10-10,Z305D5GE,ST4000DM000,4000787030016,0,117.0,136752472.0,96.0,0.0,100.0,4.0,100.0,0.0,87.0,515436862.0,64.0,32132.0,100.0,0.0,100.0,4.0,100.0,0.0,100.0,0.0,100.0,0.0,100.0,0.0,100.0,0.0,68.0,32.0,100.0,0.0,100.0,0.0,95.0,10468.0,32.0,32.0,100.0,0.0,100.0,0.0,200.0,0.0,100.0,32040.0,100.0,47119465312.0,100.0,145591261692.0
2019-10-11,Z305D5GE,ST4000DM000,4000787030016,0,115.0,92455408.0,96.0,0.0,100.0,4.0,100.0,0.0,87.0,518135179.0,64.0,32164.0,100.0,0.0,100.0,4.0,100.0,0.0,100.0,0.0,100.0,0.0,100.0,0.0,100.0,0.0,67.0,33.0,100.0,0.0,100.0,0.0,95.0,10468.0,33.0,33.0,100.0,0.0,100.0,0.0,200.0,0.0,100.0,32072.0,100.0,47148162688.0,100.0,145809527580.0
2019-10-12,Z305D5GE,ST4000DM000,4000787030016,0,120.0,235524496.0,96.0,0.0,100.0,4.0,100.0,0.0,87.0,518821878.0,64.0,32180.0,100.0,0.0,100.0,4.0,100.0,0.0,100.0,0.0,100.0,0.0,100.0,0.0,100.0,0.0,70.0,30.0,100.0,0.0,100.0,0.0,95.0,10468.0,30.0,30.0,100.0,0.0,100.0,0.0,200.0,0.0,100.0,32088.0,100.0,47160530064.0,100.0,145883986232.0
2019-10-13,Z305D5GE,ST4000DM000,4000787030016,0,119.0,221998904.0,96.0,0.0,100.0,4.0,100.0,0.0,87.0,520504101.0,64.0,32211.0,100.0,0.0,100.0,4.0,100.0,0.0,100.0,0.0,100.0,0.0,100.0,0.0,100.0,0.0,68.0,32.0,100.0,0.0,100.0,0.0,95.0,10468.0,32.0,32.0,100.0,0.0,100.0,0.0,200.0,0.0,100.0,32120.0,100.0,47174951888.0,100.0,146125542364.0
2019-10-14,Z305D5GE,ST4000DM000,4000787030016,0,119.0,206968952.0,96.0,0.0,100.0,4.0,100.0,0.0,87.0,520993721.0,64.0,32227.0,100.0,0.0,100.0,4.0,100.0,0.0,100.0,0.0,100.0,0.0,100.0,0.0,100.0,0.0,69.0,31.0,100.0,0.0,100.0,0.0,95.0,10468.0,31.0,31.0,100.0,0.0,100.0,0.0,200.0,0.0,100.0,32136.0,100.0,47183004464.0,100.0,146176316079.0
2019-10-15,Z305D5GE,ST4000DM000,4000787030016,0,111.0,39747768.0,96.0,0.0,100.0,4.0,100.0,0.0,87.0,525157629.0,64.0,32275.0,100.0,0.0,100.0,4.0,100.0,0.0,100.0,0.0,100.0,0.0,100.0,0.0,100.0,0.0,68.0,32.0,100.0,0.0,100.0,0.0,95.0,10468.0,32.0,32.0,100.0,0.0,100.0,0.0,200.0,0.0,100.0,32183.0,100.0,47226587224.0,100.0,146550215733.0
2019-10-16,Z305D5GE,ST4000DM000,4000787030016,0,111.0,39747768.0,96.0,0.0,100.0,4.0,100.0,0.0,87.0,525157629.0,64.0,32275.0,100.0,0.0,100.0,4.0,100.0,0.0,100.0,0.0,100.0,0.0,100.0,0.0,100.0,0.0,68.0,32.0,100.0,0.0,100.0,0.0,95.0,10468.0,32.0,32.0,100.0,0.0,100.0,0.0,200.0,0.0,100.0,32183.0,100.0,47226587224.0,100.0,146550215733.0
2019-10-17,Z305D5GE,ST4000DM000,4000787030016,0,118.0,170354440.0,96.0,0.0,100.0,4.0,100.0,0.0,87.0,526194753.0,64.0,32291.0,100.0,0.0,100.0,4.0,100.0,0.0,100.0,0.0,100.0,0.0,100.0,0.0,100.0,0.0,68.0,32.0,100.0,0.0,100.0,0.0,95.0,10468.0,32.0,32.0,100.0,0.0,100.0,0.0,200.0,0.0,100.0,32199.0,100.0,47238760736.0,100.0,146677178114.0
2019-10-18,Z305D5GE,ST4000DM000,4000787030016,0,117.0,125490264.0,96.0,0.0,100.0,4.0,100.0,0.0,87.0,529332099.0,64.0,32323.0,100.0,0.0,100.0,4.0,100.0,0.0,100.0,0.0,100.0,0.0,100.0,0.0,100.0,0.0,68.0,32.0,100.0,0.0,100.0,0.0,95.0,10468.0,32.0,32.0,100.0,0.0,100.0,0.0,200.0,0.0,100.0,32231.0,100.0,47273829744.0,100.0,146885396528.0
2019-10-19,Z305D5GE,ST4000DM000,4000787030016,0,119.0,218217480.0,96.0,0.0,100.0,4.0,100.0,0.0,87.0,530023069.0,64.0,32338.0,100.0,0.0,100.0,4.0,100.0,0.0,100.0,0.0,100.0,0.0,100.0,0.0,100.0,0.0,68.0,32.0,100.0,0.0,100.0,0.0,95.0,10468.0,32.0,32.0,100.0,0.0,100.0,0.0,200.0,0.0,100.0,32247.0,100.0,47297998432.0,100.0,146938201537.0
2019-10-20,Z305D5GE,ST4000DM000,4000787030016,0,118.0,200585512.0,96.0,0.0,100.0,4.0,100.0,0.0,87.0,531920213.0,64.0,32370.0,100.0,0.0,100.0,4.0,100.0,0.0,100.0,0.0,100.0,0.0,100.0,0.0,100.0,0.0,69.0,31.0,100.0,0.0,100.0,0.0,95.0,10468.0,31.0,31.0,100.0,0.0,100.0,0.0,200.0,0.0,100.0,32278.0,100.0,47332550288.0,100.0,147163635120.0
2019-10-21,Z305D5GE,ST4000DM000,4000787030016,0,117.0,154246792.0,96.0,0.0,100.0,4.0,100.0,0.0,87.0,533607840.0,64.0,32402.0,100.0,0.0,100.0,4.0,100.0,0.0,100.0,0.0,100.0,0.0,100.0,0.0,100.0,0.0,68.0,32.0,100.0,0.0,100.0,0.0,95.0,10468.0,32.0,32.0,100.0,0.0,100.0,0.0,200.0,0.0,100.0,32310.0,100.0,47364318864.0,100.0,147329119574.0
2019-10-22,Z305D5GE,ST4000DM000,4000787030016,0,117.0,154246792.0,96.0,0.0,100.0,4.0,100.0,0.0,87.0,533607840.0,64.0,32402.0,100.0,0.0,100.0,4.0,100.0,0.0,100.0,0.0,100.0,0.0,100.0,0.0,100.0,0.0,68.0,32.0,100.0,0.0,100.0,0.0,95.0,10468.0,32.0,32.0,100.0,0.0,100.0,0.0,200.0,0.0,100.0,32310.0,100.0,47364318864.0,100.0,147329119574.0
2019-10-23,Z305D5GE,ST4000DM000,4000787030016,0,119.0,214090344.0,96.0,0.0,100.0,4.0,100.0,0.0,87.0,535866154.0,63.0,32434.0,100.0,0.0,100.0,4.0,100.0,0.0,100.0,0.0,100.0,0.0,100.0,0.0,100.0,0.0,69.0,31.0,100.0,0.0,100.0,0.0,95.0,10468.0,31.0,31.0,100.0,0.0,100.0,0.0,200.0,0.0,100.0,32342.0,100.0,47398322864.0,100.0,147520962368.0
2019-10-24,Z305D5GE,ST4000DM000,4000787030016,0,119.0,225014032.0,96.0,0.0,100.0,4.0,100.0,0.0,87.0,538314681.0,63.0,32465.0,100.0,0.0,100.0,4.0,100.0,0.0,100.0,0.0,100.0,0.0,100.0,0.0,100.0,0.0,68.0,32.0,100.0,0.0,100.0,0.0,95.0,10468.0,32.0,32.0,100.0,0.0,100.0,0.0,200.0,0.0,100.0,32374.0,100.0,47423120280.0,100.0,147755943386.0
2019-10-25,Z305D5GE,ST4000DM000,4000787030016,0,118.0,193978776.0,96.0,0.0,100.0,4.0,100.0,0.0,87.0,540011101.0,63.0,32481.0,100.0,0.0,100.0,4.0,100.0,0.0,100.0,0.0,100.0,0.0,100.0,0.0,100.0,0.0,68.0,32.0,100.0,0.0,100.0,0.0,95.0,10468.0,32.0,32.0,100.0,0.0,100.0,0.0,200.0,0.0,100.0,32390.0,100.0,47433982248.0,100.0,147883563352.0
2019-10-26,Z305D5GE,ST4000DM000,4000787030016,0,116.0,106915776.0,96.0,0.0,100.0,4.0,100.0,0.0,87.0,541268978.0,63.0,32513.0,100.0,0.0,100.0,4.0,100.0,0.0,100.0,0.0,100.0,0.0,100.0,0.0,100.0,0.0,69.0,31.0,100.0,0.0,100.0,0.0,95.0,10468.0,31.0,31.0,100.0,0.0,100.0,0.0,200.0,0.0,100.0,32421.0,100.0,47451984440.0,100.0,148188336974.0
2019-10-27,Z305D5GE,ST4000DM000,4000787030016,0,117.0,141982736.0,96.0,0.0,100.0,4.0,100.0,0.0,87.0,541974567.0,63.0,32529.0,100.0,0.0,100.0,4.0,100.0,0.0,100.0,0.0,100.0,0.0,100.0,0.0,100.0,0.0,68.0,32.0,100.0,0.0,100.0,0.0,95.0,10468.0,32.0,32.0,100.0,0.0,100.0,0.0,200.0,0.0,100.0,32437.0,100.0,47468542256.0,100.0,148400442007.0
2019-10-28,Z305D5GE,ST4000DM000,4000787030016,0,117.0,134204616.0,96.0,0.0,100.0,4.0,100.0,0.0,87.0,543233633.0,63.0,32561.0,100.0,0.0,100.0,4.0,100.0,0.0,100.0,0.0,100.0,0.0,100.0,0.0,100.0,0.0,67.0,33.0,100.0,0.0,100.0,0.0,95.0,10468.0,33.0,33.0,100.0,0.0,100.0,0.0,200.0,0.0,100.0,32469.0,100.0,47489544456.0,100.0,148789921051.0
2019-10-29,Z305D5GE,ST4000DM000,4000787030016,0,108.0,15030856.0,96.0,0.0,100.0,4.0,100.0,0.0,87.0,544364523.0,63.0,32577.0,100.0,0.0,100.0,4.0,100.0,0.0,100.0,0.0,100.0,0.0,100.0,0.0,100.0,0.0,66.0,34.0,100.0,0.0,100.0,0.0,95.0,10468.0,34.0,34.0,100.0,0.0,100.0,0.0,200.0,0.0,100.0,32485.0,100.0,47500453240.0,100.0,149016153971.0
2019-10-30,Z305D5GE,ST4000DM000,4000787030016,0,104.0,7261352.0,96.0,0.0,100.0,4.0,100.0,0.0,87.0,548695039.0,63.0,32608.0,100.0,0.0,100.0,4.0,100.0,0.0,100.0,0.0,100.0,0.0,100.0,0.0,100.0,0.0,68.0,32.0,100.0,0.0,100.0,0.0,95.0,10468.0,32.0,32.0,100.0,0.0,100.0,0.0,200.0,0.0,100.0,32517.0,100.0,47519857160.0,100.0,149379275403.0
2019-10-31,Z305D5GE,ST4000DM000,4000787030016,0,117.0,136443840.0,96.0,0.0,100.0,4.0,100.0,0.0,87.0,550362312.0,63.0,32640.0,100.0,0.0,100.0,4.0,100.0,0.0,100.0,0.0,100.0,0.0,100.0,0.0,100.0,0.0,67.0,33.0,100.0,0.0,100.0,0.0,95.0,10468.0,33.0,33.0,100.0,0.0,100.0,0.0,200.0,0.0,100.0,32548.0,100.0,47534219472.0,100.0,149658962132.0
2019-11-01,Z305D5GE,ST4000DM000,4000787030016,0,118.0,194707480.0,96.0,0.0,100.0,4.0,100.0,0.0,87.0,551776333.0,63.0,32656.0,100.0,0.0,100.0,4.0,100.0,0.0,100.0,0.0,100.0,0.0,100.0,0.0,100.0,0.0,69.0,31.0,100.0,0.0,100.0,0.0,95.0,10468.0,31.0,31.0,100.0,0.0,100.0,0.0,200.0,0.0,100.0,32564.0,100.0,47538580872.0,100.0,149733167004.0
2019-11-02,Z305D5GE,ST4000DM000,4000787030016,0,118.0,174919432.0,96.0,0.0,100.0,4.0,100.0,0.0,87.0,553575173.0,63.0,32688.0,100.0,0.0,100.0,4.0,100.0,0.0,100.0,0.0,100.0,0.0,100.0,0.0,100.0,0.0,68.0,32.0,100.0,0.0,100.0,0.0,95.0,10468.0,32.0,32.0,100.0,0.0,100.0,0.0,200.0,0.0,100.0,32596.0,100.0,47543284720.0,100.0,150047913233.0
2019-11-03,Z305D5GE,ST4000DM000,4000787030016,0,115.0,92323936.0,96.0,0.0,100.0,4.0,100.0,0.0,87.0,554605862.0,63.0,32704.0,100.0,0.0,100.0,4.0,100.0,0.0,100.0,0.0,100.0,0.0,100.0,0.0,100.0,0.0,70.0,30.0,100.0,0.0,100.0,0.0,95.0,10468.0,30.0,30.0,100.0,0.0,100.0,0.0,200.0,0.0,100.0,32612.0,100.0,47547092512.0,100.0,150214303939.0
2019-11-04,Z305D5GE,ST4000DM000,4000787030016,0,107.0,13219088.0,96.0,0.0,100.0,4.0,100.0,0.0,87.0,556076899.0,63.0,32736.0,100.0,0.0,100.0,4.0,100.0,0.0,100.0,0.0,100.0,0.0,100.0,0.0,100.0,0.0,67.0,33.0,100.0,0.0,100.0,0.0,95.0,10468.0,33.0,33.0,100.0,0.0,100.0,0.0,200.0,0.0,100.0,32644.0,100.0,47554954512.0,100.0,150468670171.0
2019-11-06,Z305D5GE,ST4000DM000,4000787030016,0,117.0,140628992.0,96.0,0.0,100.0,4.0,100.0,0.0,87.0,559146769.0,63.0,32783.0,100.0,0.0,100.0,4.0,100.0,0.0,100.0,0.0,100.0,0.0,100.0,0.0,100.0,0.0,67.0,33.0,100.0,0.0,100.0,0.0,95.0,10468.0,33.0,33.0,100.0,0.0,100.0,0.0,200.0,0.0,100.0,32692.0,100.0,47569626192.0,100.0,150789674014.0
2019-11-07,Z305D5GE,ST4000DM000,4000787030016,0,111.0,35304288.0,96.0,0.0,100.0,4.0,100.0,0.0,87.0,559759262.0,63.0,32799.0,100.0,0.0,100.0,4.0,100.0,0.0,100.0,0.0,100.0,0.0,100.0,0.0,100.0,0.0,69.0,31.0,100.0,0.0,100.0,0.0,95.0,10468.0,31.0,31.0,100.0,0.0,100.0,0.0,200.0,0.0,100.0,32707.0,100.0,47575585512.0,100.0,150867129611.0
2019-11-08,Z305D5GE,ST4000DM000,4000787030016,0,104.0,6663608.0,96.0,0.0,100.0,4.0,100.0,0.0,87.0,561969630.0,63.0,32831.0,100.0,0.0,100.0,4.0,100.0,0.0,100.0,0.0,100.0,0.0,100.0,0.0,100.0,0.0,66.0,34.0,100.0,0.0,100.0,0.0,95.0,10468.0,34.0,34.0,100.0,0.0,100.0,0.0,200.0,0.0,100.0,32739.0,100.0,47583204704.0,100.0,151068292789.0
2019-11-09,Z305D5GE,ST4000DM000,4000787030016,0,117.0,161137056.0,96.0,0.0,100.0,4.0,100.0,0.0,87.0,562494901.0,63.0,32847.0,100.0,0.0,100.0,4.0,100.0,0.0,100.0,0.0,100.0,0.0,100.0,0.0,100.0,0.0,68.0,32.0,100.0,0.0,100.0,0.0,95.0,10468.0,32.0,32.0,100.0,0.0,100.0,0.0,200.0,0.0,100.0,32755.0,100.0,47587434456.0,100.0,151135598058.0
2019-11-10,Z305D5GE,ST4000DM000,4000787030016,0,115.0,85218976.0,96.0,0.0,100.0,4.0,100.0,0.0,87.0,563931776.0,63.0,32879.0,100.0,0.0,100.0,4.0,100.0,0.0,100.0,0.0,100.0,0.0,100.0,0.0,100.0,0.0,66.0,34.0,100.0,0.0,100.0,0.0,95.0,10468.0,34.0,34.0,100.0,0.0,100.0,0.0,200.0,0.0,100.0,32787.0,100.0,47597785312.0,100.0,151311734460.0
2019-11-11,Z305D5GE,ST4000DM000,4000787030016,0,117.0,143632064.0,96.0,0.0,100.0,4.0,100.0,0.0,87.0,564679160.0,63.0,32894.0,100.0,0.0,100.0,4.0,100.0,0.0,100.0,0.0,100.0,0.0,100.0,0.0,100.0,0.0,68.0,32.0,100.0,0.0,100.0,0.0,95.0,10468.0,32.0,32.0,100.0,0.0,100.0,0.0,200.0,0.0,100.0,32803.0,100.0,47601600896.0,100.0,151431336162.0
2019-11-12,Z305D5GE,ST4000DM000,4000787030016,0,119.0,207922024.0,96.0,0.0,100.0,4.0,100.0,0.0,87.0,567692492.0,63.0,32926.0,100.0,0.0,100.0,4.0,100.0,0.0,100.0,0.0,100.0,0.0,100.0,0.0,100.0,0.0,67.0,33.0,100.0,0.0,100.0,0.0,95.0,10468.0,33.0,33.0,100.0,0.0,100.0,0.0,200.0,0.0,100.0,32834.0,100.0,47613999592.0,100.0,151700845479.0
2019-11-13,Z305D5GE,ST4000DM000,4000787030016,0,119.0,218950848.0,96.0,0.0,100.0,4.0,100.0,0.0,87.0,568246748.0,63.0,32942.0,100.0,0.0,100.0,4.0,100.0,0.0,100.0,0.0,100.0,0.0,100.0,0.0,100.0,0.0,66.0,34.0,100.0,0.0,100.0,0.0,95.0,10468.0,34.0,34.0,100.0,0.0,100.0,0.0,200.0,0.0,100.0,32850.0,100.0,47619178496.0,100.0,151763427048.0
2019-11-14,Z305D5GE,ST4000DM000,4000787030016,0,118.0,178242224.0,96.0,0.0,100.0,4.0,100.0,0.0,87.0,570731602.0,63.0,32974.0,100.0,0.0,100.0,4.0,100.0,0.0,100.0,0.0,100.0,0.0,100.0,0.0,100.0,0.0,67.0,33.0,100.0,0.0,100.0,0.0,95.0,10468.0,33.0,33.0,100.0,0.0,100.0,0.0,200.0,0.0,100.0,32882.0,100.0,47638465400.0,100.0,151963867267.0
2019-11-15,Z305D5GE,ST4000DM000,4000787030016,0,117.0,138398968.0,96.0,0.0,100.0,4.0,100.0,0.0,87.0,571821945.0,63.0,32990.0,100.0,0.0,100.0,4.0,100.0,0.0,100.0,0.0,100.0,0.0,100.0,0.0,100.0,0.0,67.0,33.0,100.0,0.0,100.0,0.0,95.0,10468.0,33.0,33.0,100.0,0.0,100.0,0.0,200.0,0.0,100.0,32898.0,100.0,47649461968.0,100.0,152098354422.0
2019-11-16,Z305D5GE,ST4000DM000,4000787030016,0,117.0,132653576.0,96.0,0.0,100.0,4.0,100.0,0.0,87.0,573278720.0,63.0,33022.0,100.0,0.0,100.0,4.0,100.0,0.0,100.0,0.0,100.0,0.0,100.0,0.0,100.0,0.0,67.0,33.0,100.0,0.0,100.0,0.0,95.0,10468.0,33.0,33.0,100.0,0.0,100.0,0.0,200.0,0.0,100.0,32930.0,100.0,47658365816.0,100.0,152220434521.0
2019-11-17,Z305D5GE,ST4000DM000,4000787030016,0,118.0,196130640.0,96.0,0.0,100.0,4.0,100.0,0.0,87.0,573692669.0,63.0,33038.0,100.0,0.0,100.0,4.0,100.0,0.0,100.0,0.0,100.0,0.0,100.0,0.0,100.0,0.0,67.0,33.0,100.0,0.0,100.0,0.0,95.0,10468.0,33.0,33.0,100.0,0.0,100.0,0.0,200.0,0.0,100.0,32946.0,100.0,47663100240.0,100.0,152303147304.0
2019-11-18,Z305D5GE,ST4000DM000,4000787030016,0,120.0,243739568.0,96.0,0.0,100.0,4.0,100.0,0.0,87.0,574888607.0,63.0,33069.0,100.0,0.0,100.0,4.0,100.0,0.0,100.0,0.0,100.0,0.0,100.0,0.0,100.0,0.0,67.0,33.0,100.0,0.0,100.0,0.0,95.0,10468.0,33.0,33.0,100.0,0.0,100.0,0.0,200.0,0.0,100.0,32978.0,100.0,47684011912.0,100.0,152533261256.0
2019-11-19,Z305D5GE,ST4000DM000,4000787030016,0,114.0,68096680.0,96.0,0.0,100.0,4.0,100.0,0.0,87.0,575488880.0,63.0,33085.0,100.0,0.0,100.0,4.0,100.0,0.0,100.0,0.0,100.0,0.0,100.0,0.0,100.0,0.0,67.0,33.0,100.0,0.0,100.0,0.0,95.0,10468.0,33.0,33.0,100.0,0.0,100.0,0.0,200.0,0.0,100.0,32993.0,100.0,47691755792.0,100.0,152718747760.0
2019-11-20,Z305D5GE,ST4000DM000,4000787030016,0,117.0,158690424.0,96.0,0.0,100.0,4.0,100.0,0.0,87.0,577614901.0,63.0,33117.0,100.0,0.0,100.0,4.0,100.0,0.0,100.0,0.0,100.0,0.0,100.0,0.0,100.0,0.0,66.0,34.0,100.0,0.0,100.0,0.0,95.0,10468.0,34.0,34.0,100.0,0.0,100.0,0.0,200.0,0.0,100.0,33025.0,100.0,47708721248.0,100.0,153107121426.0
2019-11-21,Z305D5GE,ST4000DM000,4000787030016,0,119.0,219360632.0,96.0,0.0,100.0,4.0,100.0,0.0,87.0,578123108.0,63.0,33133.0,100.0,0.0,100.0,4.0,100.0,0.0,100.0,0.0,100.0,0.0,100.0,0.0,100.0,0.0,66.0,34.0,100.0,0.0,100.0,0.0,95.0,10468.0,34.0,34.0,100.0,0.0,100.0,0.0,200.0,0.0,100.0,33041.0,100.0,47714491776.0,100.0,153294939024.0
2019-11-22,Z305D5GE,ST4000DM000,4000787030016,0,111.0,36676328.0,96.0,0.0,100.0,4.0,100.0,0.0,87.0,580227304.0,63.0,33164.0,100.0,0.0,100.0,4.0,100.0,0.0,100.0,0.0,100.0,0.0,100.0,0.0,100.0,0.0,67.0,33.0,100.0,0.0,100.0,0.0,95.0,10468.0,33.0,33.0,100.0,0.0,100.0,0.0,200.0,0.0,100.0,33073.0,100.0,47730043416.0,100.0,153626404475.0
2019-11-23,Z305D5GE,ST4000DM000,4000787030016,0,103.0,6153952.0,96.0,0.0,100.0,4.0,100.0,0.0,87.0,581320328.0,63.0,33180.0,100.0,0.0,100.0,4.0,100.0,0.0,100.0,0.0,100.0,0.0,100.0,0.0,100.0,0.0,67.0,33.0,100.0,0.0,100.0,0.0,95.0,10468.0,33.0,33.0,100.0,0.0,100.0,0.0,200.0,0.0,100.0,33089.0,100.0,47734984248.0,100.0,153833936547.0
2019-11-24,Z305D5GE,ST4000DM000,4000787030016,0,118.0,193833120.0,96.0,0.0,100.0,4.0,100.0,0.0,87.0,584187719.0,63.0,33212.0,100.0,0.0,100.0,4.0,100.0,0.0,100.0,0.0,100.0,0.0,100.0,0.0,100.0,0.0,67.0,33.0,100.0,0.0,100.0,0.0,95.0,10468.0,33.0,33.0,100.0,0.0,100.0,0.0,200.0,0.0,100.0,33120.0,100.0,47748311768.0,100.0,154168300706.0
2019-11-25,Z305D5GE,ST4000DM000,4000787030016,0,117.0,129011712.0,96.0,0.0,100.0,4.0,100.0,0.0,87.0,584837469.0,63.0,33228.0,100.0,0.0,100.0,4.0,100.0,0.0,100.0,0.0,100.0,0.0,100.0,0.0,100.0,0.0,66.0,34.0,100.0,0.0,100.0,0.0,95.0,10468.0,34.0,34.0,100.0,0.0,100.0,0.0,200.0,0.0,100.0,33136.0,100.0,47753927944.0,100.0,154295845432.0
2019-11-26,Z305D5GE,ST4000DM000,4000787030016,0,119.0,232155560.0,96.0,0.0,100.0,4.0,100.0,0.0,87.0,587367680.0,63.0,33259.0,100.0,0.0,100.0,4.0,100.0,0.0,100.0,0.0,100.0,0.0,100.0,0.0,100.0,0.0,66.0,34.0,100.0,0.0,100.0,0.0,95.0,10468.0,34.0,34.0,100.0,0.0,100.0,0.0,200.0,0.0,100.0,33168.0,100.0,47764453936.0,100.0,154619397405.0
2019-11-27,Z305D5GE,ST4000DM000,4000787030016,0,118.0,199145768.0,96.0,0.0,100.0,4.0,100.0,0.0,87.0,588841311.0,63.0,33275.0,100.0,0.0,100.0,4.0,100.0,0.0,100.0,0.0,100.0,0.0,100.0,0.0,100.0,0.0,66.0,34.0,100.0,0.0,100.0,0.0,95.0,10468.0,34.0,34.0,100.0,0.0,100.0,0.0,200.0,0.0,100.0,33184.0,100.0,47772655856.0,100.0,154774365082.0
2019-11-28,Z305D5GE,ST4000DM000,4000787030016,0,114.0,83270384.0,96.0,0.0,100.0,4.0,100.0,0.0,87.0,590263452.0,62.0,33307.0,100.0,0.0,100.0,4.0,100.0,0.0,100.0,0.0,100.0,0.0,100.0,0.0,100.0,0.0,67.0,33.0,100.0,0.0,100.0,0.0,95.0,10468.0,33.0,33.0,100.0,0.0,100.0,0.0,200.0,0.0,100.0,33215.0,100.0,47786246560.0,100.0,155034570013.0
2019-11-29,Z305D5GE,ST4000DM000,4000787030016,0,111.0,32909360.0,96.0,0.0,100.0,4.0,100.0,0.0,87.0,591829464.0,62.0,33323.0,100.0,0.0,100.0,4.0,100.0,0.0,100.0,0.0,100.0,0.0,100.0,0.0,100.0,0.0,66.0,34.0,100.0,0.0,100.0,0.0,95.0,10468.0,34.0,34.0,100.0,0.0,100.0,0.0,200.0,0.0,100.0,33231.0,100.0,47799570800.0,100.0,155138194020.0
2019-11-30,Z305D5GE,ST4000DM000,4000787030016,0,111.0,39224624.0,96.0,0.0,100.0,4.0,100.0,0.0,87.0,593087030.0,62.0,33355.0,100.0,0.0,100.0,4.0,100.0,0.0,100.0,0.0,100.0,0.0,100.0,0.0,100.0,0.0,66.0,34.0,100.0,0.0,100.0,0.0,95.0,10468.0,34.0,34.0,100.0,0.0,100.0,0.0,200.0,0.0,100.0,33263.0,100.0,47810818328.0,100.0,155317535975.0
2019-12-01,Z305D5GE,ST4000DM000,4000787030016,0,116.0,105323448.0,96.0,0.0,100.0,4.0,100.0,0.0,87.0,593921722.0,62.0,33371.0,100.0,0.0,100.0,4.0,100.0,0.0,100.0,0.0,100.0,0.0,100.0,0.0,100.0,0.0,66.0,34.0,100.0,0.0,100.0,0.0,95.0,10468.0,34.0,34.0,100.0,0.0,100.0,0.0,200.0,0.0,100.0,33279.0,100.0,47817002256.0,100.0,155446234980.0
2019-12-02,Z305D5GE,ST4000DM000,4000787030016,0,117.0,147447104.0,96.0,0.0,100.0,4.0,100.0,0.0,87.0,595396933.0,62.0,33402.0,100.0,0.0,100.0,4.0,100.0,0.0,100.0,0.0,100.0,0.0,100.0,0.0,100.0,0.0,67.0,33.0,100.0,0.0,100.0,0.0,95.0,10468.0,33.0,33.0,100.0,0.0,100.0,0.0,200.0,0.0,100.0,33311.0,100.0,47830915920.0,100.0,155660250316.0
2019-12-03,Z305D5GE,ST4000DM000,4000787030016,0,119.0,211831408.0,96.0,0.0,100.0,4.0,100.0,0.0,87.0,595947934.0,62.0,33418.0,100.0,0.0,100.0,4.0,100.0,0.0,100.0,0.0,100.0,0.0,100.0,0.0,100.0,0.0,66.0,34.0,100.0,0.0,100.0,0.0,95.0,10468.0,34.0,34.0,100.0,0.0,100.0,0.0,200.0,0.0,100.0,33326.0,100.0,47843719880.0,100.0,155732866779.0
2019-12-04,Z305D5GE,ST4000DM000,4000787030016,0,108.0,19410368.0,96.0,0.0,100.0,4.0,100.0,0.0,87.0,598434571.0,62.0,33450.0,100.0,0.0,100.0,4.0,100.0,0.0,100.0,0.0,100.0,0.0,100.0,0.0,100.0,0.0,67.0,33.0,100.0,0.0,100.0,0.0,95.0,10468.0,33.0,33.0,100.0,0.0,100.0,0.0,200.0,0.0,100.0,33358.0,100.0,47853693416.0,100.0,155928909680.0
2019-12-05,Z305D5GE,ST4000DM000,4000787030016,0,116.0,108669328.0,96.0,0.0,100.0,4.0,100.0,0.0,87.0,598970702.0,62.0,33465.0,100.0,0.0,100.0,4.0,100.0,0.0,100.0,0.0,100.0,0.0,100.0,0.0,100.0,0.0,67.0,33.0,100.0,0.0,100.0,0.0,95.0,10468.0,33.0,33.0,100.0,0.0,100.0,0.0,200.0,0.0,100.0,33374.0,100.0,47859975584.0,100.0,156026873572.0
2019-12-06,Z305D5GE,ST4000DM000,4000787030016,0,112.0,47869912.0,96.0,0.0,100.0,4.0,100.0,0.0,87.0,602863561.0,62.0,33497.0,100.0,0.0,100.0,4.0,100.0,0.0,100.0,0.0,100.0,0.0,100.0,0.0,100.0,0.0,66.0,34.0,100.0,0.0,100.0,0.0,95.0,10468.0,34.0,34.0,100.0,0.0,100.0,0.0,200.0,0.0,100.0,33405.0,100.0,47896948808.0,100.0,156254287768.0
2019-12-07,Z305D5GE,ST4000DM000,4000787030016,0,118.0,191620448.0,96.0,0.0,100.0,4.0,100.0,0.0,87.0,603959661.0,62.0,33513.0,100.0,0.0,100.0,4.0,100.0,0.0,100.0,0.0,100.0,0.0,100.0,0.0,100.0,0.0,66.0,34.0,100.0,0.0,100.0,0.0,95.0,10468.0,34.0,34.0,100.0,0.0,100.0,0.0,200.0,0.0,100.0,33421.0,100.0,47903164872.0,100.0,156393362757.0
2019-12-08,Z305D5GE,ST4000DM000,4000787030016,0,111.0,30318888.0,96.0,0.0,100.0,4.0,100.0,0.0,87.0,605016907.0,62.0,33545.0,100.0,0.0,100.0,4.0,100.0,0.0,100.0,0.0,100.0,0.0,100.0,0.0,100.0,0.0,67.0,33.0,100.0,0.0,100.0,0.0,95.0,10468.0,33.0,33.0,100.0,0.0,100.0,0.0,200.0,0.0,100.0,33453.0,100.0,47915413248.0,100.0,156514081838.0
2019-12-09,Z305D5GE,ST4000DM000,4000787030016,0,119.0,202157360.0,96.0,0.0,100.0,4.0,100.0,0.0,87.0,605622725.0,62.0,33560.0,100.0,0.0,100.0,4.0,100.0,0.0,100.0,0.0,100.0,0.0,100.0,0.0,100.0,0.0,67.0,33.0,100.0,0.0,100.0,0.0,95.0,10468.0,33.0,33.0,100.0,0.0,100.0,0.0,200.0,0.0,100.0,33469.0,100.0,47926141448.0,100.0,156605099917.0
2019-12-10,Z305D5GE,ST4000DM000,4000787030016,0,117.0,155716432.0,96.0,0.0,100.0,4.0,100.0,0.0,87.0,607346849.0,62.0,33592.0,100.0,0.0,100.0,4.0,100.0,0.0,100.0,0.0,100.0,0.0,100.0,0.0,100.0,0.0,66.0,34.0,100.0,0.0,100.0,0.0,95.0,10468.0,34.0,34.0,100.0,0.0,100.0,0.0,200.0,0.0,100.0,33500.0,100.0,47947599472.0,100.0,156802603630.0
2019-12-11,Z305D5GE,ST4000DM000,4000787030016,0,114.0,69428616.0,96.0,0.0,100.0,4.0,100.0,0.0,87.0,609529660.0,62.0,33608.0,100.0,0.0,100.0,4.0,100.0,0.0,100.0,0.0,100.0,0.0,100.0,0.0,100.0,0.0,67.0,33.0,100.0,0.0,100.0,0.0,95.0,10468.0,33.0,33.0,100.0,0.0,100.0,0.0,200.0,0.0,100.0,33516.0,100.0,47955296040.0,100.0,156906500625.0
2019-12-12,Z305D5GE,ST4000DM000,4000787030016,0,119.0,229220768.0,96.0,0.0,100.0,4.0,100.0,0.0,87.0,610580763.0,62.0,33639.0,100.0,0.0,100.0,4.0,100.0,0.0,100.0,0.0,100.0,0.0,100.0,0.0,100.0,0.0,67.0,33.0,100.0,0.0,100.0,0.0,95.0,10468.0,33.0,33.0,100.0,0.0,100.0,0.0,200.0,0.0,100.0,33548.0,100.0,47970500992.0,100.0,157119560880.0
2019-12-13,Z305D5GE,ST4000DM000,4000787030016,0,112.0,45099184.0,96.0,0.0,100.0,4.0,100.0,0.0,87.0,612539026.0,62.0,33671.0,100.0,0.0,100.0,4.0,100.0,0.0,100.0,0.0,100.0,0.0,100.0,0.0,100.0,0.0,66.0,34.0,100.0,0.0,100.0,0.0,95.0,10468.0,34.0,34.0,100.0,0.0,100.0,0.0,200.0,0.0,100.0,33579.0,100.0,47995069840.0,100.0,157296807859.0
2019-12-14,Z305D5GE,ST4000DM000,4000787030016,0,118.0,183368560.0,96.0,0.0,100.0,4.0,100.0,0.0,87.0,613060320.0,62.0,33687.0,100.0,0.0,100.0,4.0,100.0,0.0,100.0,0.0,100.0,0.0,100.0,0.0,100.0,0.0,67.0,33.0,100.0,0.0,100.0,0.0,95.0,10468.0,33.0,33.0,100.0,0.0,100.0,0.0,200.0,0.0,100.0,33595.0,100.0,48000130608.0,100.0,157486439281.0
2019-12-15,Z305D5GE,ST4000DM000,4000787030016,0,118.0,184242216.0,96.0,0.0,100.0,4.0,100.0,0.0,87.0,614007340.0,62.0,33719.0,100.0,0.0,100.0,4.0,100.0,0.0,100.0,0.0,100.0,0.0,100.0,0.0,100.0,0.0,66.0,34.0,100.0,0.0,100.0,0.0,95.0,10468.0,34.0,34.0,100.0,0.0,100.0,0.0,200.0,0.0,100.0,33627.0,100.0,48013054240.0,100.0,157834422496.0
2019-12-16,Z305D5GE,ST4000DM000,4000787030016,0,118.0,184025592.0,96.0,0.0,100.0,4.0,100.0,0.0,87.0,614473542.0,62.0,33734.0,100.0,0.0,100.0,4.0,100.0,0.0,100.0,0.0,100.0,0.0,100.0,0.0,100.0,0.0,66.0,34.0,100.0,0.0,100.0,0.0,95.0,10468.0,34.0,34.0,100.0,0.0,100.0,0.0,200.0,0.0,100.0,33643.0,100.0,48021474608.0,100.0,158028622459.0
2019-12-17,Z305D5GE,ST4000DM000,4000787030016,0,119.0,2363904.0,96.0,0.0,100.0,4.0,100.0,0.0,87.0,617385241.0,62.0,33766.0,100.0,0.0,100.0,4.0,100.0,0.0,100.0,0.0,100.0,0.0,100.0,0.0,100.0,0.0,66.0,34.0,100.0,0.0,100.0,0.0,95.0,10468.0,34.0,34.0,100.0,0.0,100.0,0.0,200.0,0.0,100.0,33674.0,100.0,48047135168.0,100.0,158465976987.0
2019-12-18,Z305D5GE,ST4000DM000,4000787030016,0,117.0,154345712.0,96.0,0.0,100.0,4.0,100.0,0.0,87.0,619443522.0,62.0,33798.0,100.0,0.0,100.0,4.0,100.0,0.0,100.0,0.0,100.0,0.0,100.0,0.0,100.0,0.0,66.0,34.0,100.0,0.0,100.0,0.0,95.0,10468.0,34.0,34.0,100.0,0.0,100.0,0.0,200.0,0.0,100.0,33706.0,100.0,48063394016.0,100.0,158777498389.0
2019-12-19,Z305D5GE,ST4000DM000,4000787030016,0,115.0,93194408.0,96.0,0.0,100.0,4.0,100.0,0.0,87.0,621092045.0,62.0,33813.0,100.0,0.0,100.0,4.0,100.0,0.0,100.0,0.0,100.0,0.0,100.0,0.0,100.0,0.0,66.0,34.0,100.0,0.0,100.0,0.0,95.0,10468.0,34.0,34.0,100.0,0.0,100.0,0.0,200.0,0.0,100.0,33722.0,100.0,48068309800.0,100.0,158951139678.0
2019-12-20,Z305D5GE,ST4000DM000,4000787030016,0,118.0,183192128.0,96.0,0.0,100.0,4.0,100.0,0.0,87.0,622619793.0,62.0,33829.0,100.0,0.0,100.0,4.0,100.0,0.0,100.0,0.0,100.0,0.0,100.0,0.0,100.0,0.0,66.0,34.0,100.0,0.0,100.0,0.0,95.0,10468.0,34.0,34.0,100.0,0.0,100.0,0.0,200.0,0.0,100.0,33738.0,100.0,48069953928.0,100.0,159025094064.0
2019-12-21,Z305D5GE,ST4000DM000,4000787030016,0,102.0,3687656.0,96.0,0.0,100.0,4.0,100.0,0.0,87.0,623959428.0,62.0,33861.0,100.0,0.0,100.0,4.0,100.0,0.0,100.0,0.0,100.0,0.0,100.0,0.0,100.0,0.0,66.0,34.0,100.0,0.0,100.0,0.0,95.0,10468.0,34.0,34.0,100.0,0.0,100.0,0.0,200.0,0.0,100.0,33769.0,100.0,48092608776.0,100.0,159270282135.0
2019-12-22,Z305D5GE,ST4000DM000,4000787030016,0,117.0,159030384.0,96.0,0.0,100.0,4.0,100.0,0.0,87.0,625089234.0,62.0,33877.0,100.0,0.0,100.0,4.0,100.0,0.0,100.0,0.0,100.0,0.0,100.0,0.0,100.0,0.0,66.0,34.0,100.0,0.0,100.0,0.0,95.0,10468.0,34.0,34.0,100.0,0.0,100.0,0.0,200.0,0.0,100.0,33785.0,100.0,48101373176.0,100.0,159459246236.0
2019-12-23,Z305D5GE,ST4000DM000,4000787030016,0,117.0,141009752.0,96.0,0.0,100.0,4.0,100.0,0.0,87.0,626766198.0,62.0,33909.0,100.0,0.0,100.0,4.0,100.0,0.0,100.0,0.0,100.0,0.0,100.0,0.0,100.0,0.0,66.0,34.0,100.0,0.0,100.0,0.0,95.0,10468.0,34.0,34.0,100.0,0.0,100.0,0.0,200.0,0.0,100.0,33817.0,100.0,48116749032.0,100.0,159735511404.0
2019-12-24,Z305D5GE,ST4000DM000,4000787030016,0,115.0,99024112.0,96.0,0.0,100.0,4.0,100.0,0.0,87.0,627750943.0,62.0,33925.0,100.0,0.0,100.0,4.0,100.0,0.0,100.0,0.0,100.0,0.0,100.0,0.0,100.0,0.0,66.0,34.0,100.0,0.0,100.0,0.0,95.0,10468.0,34.0,34.0,100.0,0.0,100.0,0.0,200.0,0.0,100.0,33833.0,100.0,48125164040.0,100.0,159912757122.0
2019-12-25,Z305D5GE,ST4000DM000,4000787030016,0,115.0,84042848.0,96.0,0.0,100.0,4.0,100.0,0.0,87.0,629920898.0,62.0,33956.0,100.0,0.0,100.0,4.0,100.0,0.0,100.0,0.0,100.0,0.0,100.0,0.0,100.0,0.0,66.0,34.0,100.0,0.0,100.0,0.0,95.0,10468.0,34.0,34.0,100.0,0.0,100.0,0.0,200.0,0.0,100.0,33865.0,100.0,48146470384.0,100.0,160086197344.0
2019-12-26,Z305D5GE,ST4000DM000,4000787030016,0,116.0,100986256.0,96.0,0.0,100.0,4.0,100.0,0.0,87.0,630699167.0,62.0,33972.0,100.0,0.0,100.0,4.0,100.0,0.0,100.0,0.0,100.0,0.0,100.0,0.0,100.0,0.0,66.0,34.0,100.0,0.0,100.0,0.0,95.0,10468.0,34.0,34.0,100.0,0.0,100.0,0.0,200.0,0.0,100.0,33880.0,100.0,48156047304.0,100.0,160203960160.0
2019-12-27,Z305D5GE,ST4000DM000,4000787030016,0,113.0,53138968.0,96.0,0.0,100.0,4.0,100.0,0.0,87.0,632380734.0,62.0,34004.0,100.0,0.0,100.0,4.0,100.0,0.0,100.0,0.0,100.0,0.0,100.0,0.0,100.0,0.0,66.0,34.0,100.0,0.0,100.0,0.0,95.0,10468.0,34.0,34.0,100.0,0.0,100.0,0.0,200.0,0.0,100.0,33912.0,100.0,48174287448.0,100.0,160290889174.0
2019-12-28,Z305D5GE,ST4000DM000,4000787030016,0,117.0,162110104.0,96.0,0.0,100.0,4.0,100.0,0.0,87.0,633203179.0,62.0,34020.0,100.0,0.0,100.0,4.0,100.0,0.0,100.0,0.0,100.0,0.0,100.0,0.0,100.0,0.0,67.0,33.0,100.0,0.0,100.0,0.0,95.0,10468.0,33.0,33.0,100.0,0.0,100.0,0.0,200.0,0.0,100.0,33928.0,100.0,48180787112.0,100.0,160422450056.0
2019-12-29,Z305D5GE,ST4000DM000,4000787030016,0,117.0,154335440.0,96.0,0.0,100.0,4.0,100.0,0.0,87.0,634465416.0,62.0,34052.0,100.0,0.0,100.0,4.0,100.0,0.0,100.0,0.0,100.0,0.0,100.0,0.0,100.0,0.0,66.0,34.0,100.0,0.0,100.0,0.0,95.0,10468.0,34.0,34.0,100.0,0.0,100.0,0.0,200.0,0.0,100.0,33960.0,100.0,48202012568.0,100.0,160582960665.0
2019-12-30,Z305D5GE,ST4000DM000,4000787030016,0,116.0,116423176.0,96.0,0.0,100.0,4.0,100.0,0.0,87.0,635201530.0,62.0,34068.0,100.0,0.0,100.0,4.0,100.0,0.0,100.0,0.0,100.0,0.0,100.0,0.0,100.0,0.0,66.0,34.0,100.0,0.0,100.0,0.0,95.0,10468.0,34.0,34.0,100.0,0.0,100.0,0.0,200.0,0.0,100.0,33976.0,100.0,48210120944.0,100.0,160675916845.0
2019-12-31,Z305D5GE,ST4000DM000,4000787030016,0,117.0,165391912.0,96.0,0.0,100.0,4.0,100.0,0.0,87.0,637098543.0,62.0,34099.0,100.0,0.0,100.0,4.0,100.0,0.0,100.0,0.0,100.0,0.0,100.0,0.0,100.0,0.0,66.0,34.0,100.0,0.0,100.0,0.0,95.0,10468.0,34.0,34.0,100.0,0.0,100.0,0.0,200.0,0.0,100.0,34008.0,100.0,48229155336.0,100.0,160924417640.0
