2019-01-01,ZCH06N91,ST12000NM0007,12000138625024,0,82,149416592,98.0,0.0,100.0,2.0,100.0,0.0,86.0,393607245.0,89,10330,100.0,0.0,100,1,,,,,100.0,0.0,100.0,0.0,,,77.0,23.0,,,100.0,113.0,100.0,515.0,23,23,100.0,0.0,100.0,0.0,200.0,0.0,100.0,10255.0,100.0,55859545952.0,100.0,92483333534.0
2019-01-02,ZCH06N91,ST12000NM0007,12000138625024,0,82,142952968,98.0,0.0,100.0,2.0,100.0,0.0,86.0,396899560.0,89,10353,100.0,0.0,100,1,,,,,100.0,0.0,100.0,0.0,,,77.0,23.0,,,100.0,114.0,100.0,516.0,23,23,100.0,0.0,100.0,0.0,200.0,0.0,100.0,10278.0,100.0,55915818256.0,100.0,92664738518.0
2019-01-03,ZCH06N91,ST12000NM0007,12000138625024,0,80.0,90928240.0,98.0,0.0,100.0,2.0,100.0,0.0,86.0,399785909.0,89.0,10378.0,100.0,0.0,100.0,1.0,,,,,100.0,0.0,100.0,0.0,,,72.0,28.0,,,100.0,114.0,100.0,517.0,28.0,28.0,100.0,0.0,100.0,0.0,200.0,0.0,100.0,10303.0,100.0,55986648272.0,100.0,92786024430.0
2019-01-04,ZCH06N91,ST12000NM0007,12000138625024,0,79,71323536,98.0,0.0,100.0,2.0,100.0,0.0,86.0,402816708.0,89,10402,100.0,0.0,100,1,,,,,100.0,0.0,100.0,0.0,,,75.0,25.0,,,100.0,115.0,100.0,518.0,25,25,100.0,0.0,100.0,0.0,200.0,0.0,100.0,10327.0,100.0,56062446432.0,100.0,92934762446.0
2019-01-05,ZCH06N91,ST12000NM0007,12000138625024,0,76,37320248,98.0,0.0,100.0,2.0,100.0,0.0,86.0,405274726.0,89,10425,100.0,0.0,100,1,,,,,100.0,0.0,100.0,0.0,,,74.0,26.0,,,100.0,116.0,100.0,519.0,26,26,100.0,0.0,100.0,0.0,200.0,0.0,100.0,10350.0,100.0,56126868968.0,100.0,93080477366.0
2019-01-06,ZCH06N91,ST12000NM0007,12000138625024,0,73,19567832,98.0,0.0,100.0,2.0,100.0,0.0,86.0,408035377.0,89,10448,100.0,0.0,100,1,,,,,100.0,0.0,100.0,0.0,,,76.0,24.0,,,100.0,117.0,100.0,520.0,24,24,100.0,0.0,100.0,0.0,200.0,0.0,100.0,10373.0,100.0,56202204736.0,100.0,93231529814.0
2019-01-07,ZCH06N91,ST12000NM0007,12000138625024,0,81,122733976,98.0,0.0,100.0,2.0,100.0,0.0,86.0,412503611.0,89,10474,100.0,0.0,100,1,,,,,100.0,0.0,100.0,0.0,,,75.0,25.0,,,100.0,117.0,100.0,521.0,25,25,100.0,0.0,100.0,0.0,200.0,0.0,100.0,10399.0,100.0,56300851024.0,100.0,93480190358.0
2019-01-08,ZCH06N91,ST12000NM0007,12000138625024,0,81,128360160,98.0,0.0,100.0,2.0,100.0,0.0,86.0,415456159.0,89,10497,100.0,0.0,100,1,,,,,100.0,0.0,100.0,0.0,,,77.0,23.0,,,100.0,117.0,100.0,522.0,23,23,100.0,0.0,100.0,0.0,200.0,0.0,100.0,10422.0,100.0,56383404592.0,100.0,93647403638.0
2019-01-09,ZCH06N91,ST12000NM0007,12000138625024,0,82,157616552,98.0,0.0,100.0,2.0,100.0,0.0,86.0,418996013.0,88,10521,100.0,0.0,100,1,,,,,100.0,0.0,100.0,0.0,,,77.0,23.0,,,100.0,118.0,100.0,523.0,23,23,100.0,0.0,100.0,0.0,200.0,0.0,100.0,10446.0,100.0,56453124992.0,100.0,93851080414.0
2019-01-10,ZCH06N91,ST12000NM0007,12000138625024,0,81,118639888,98.0,0.0,100.0,2.0,100.0,0.0,86.0,422384061.0,88,10546,100.0,0.0,100,1,,,,,100.0,0.0,100.0,0.0,,,77.0,23.0,,,100.0,119.0,100.0,524.0,23,23,100.0,0.0,100.0,0.0,200.0,0.0,100.0,10470.0,100.0,56535776144.0,100.0,93973593398.0
2019-01-11,ZCH06N91,ST12000NM0007,12000138625024,0,83.0,179664152.0,98.0,0.0,100.0,2.0,100.0,0.0,86.0,423121382.0,88.0,10552.0,100.0,0.0,100.0,1.0,,,,,100.0,0.0,100.0,0.0,,,77.0,23.0,,,100.0,119.0,100.0,524.0,23.0,23.0,100.0,0.0,100.0,0.0,200.0,0.0,100.0,10476.0,100.0,56554111184.0,100.0,94016282622.0
2019-01-12,ZCH06N91,ST12000NM0007,12000138625024,0,64,2443096,98.0,0.0,100.0,2.0,100.0,0.0,86.0,426849978.0,88,10584,100.0,0.0,100,1,,,,,100.0,0.0,100.0,0.0,,,77.0,23.0,,,100.0,121.0,100.0,526.0,23,23,100.0,0.0,100.0,0.0,200.0,0.0,100.0,10508.0,100.0,56647434728.0,100.0,94234019350.0
2019-01-13,ZCH06N91,ST12000NM0007,12000138625024,0,82,171948736,98.0,0.0,100.0,2.0,100.0,0.0,86.0,428971312.0,88,10599,100.0,0.0,100,1,,,,,100.0,0.0,100.0,0.0,,,76.0,24.0,,,100.0,121.0,100.0,526.0,24,24,100.0,0.0,100.0,0.0,200.0,0.0,100.0,10524.0,100.0,56697266440.0,100.0,94353693278.0
2019-01-14,ZCH06N91,ST12000NM0007,12000138625024,0,78,63926112,98.0,0.0,100.0,2.0,100.0,0.0,86.0,433924379.0,88,10631,100.0,0.0,100,1,,,,,100.0,0.0,100.0,0.0,,,77.0,23.0,,,100.0,122.0,100.0,528.0,23,23,100.0,0.0,100.0,0.0,200.0,0.0,100.0,10555.0,100.0,56817673216.0,100.0,94613545462.0
2019-01-15,ZCH06N91,ST12000NM0007,12000138625024,0,75.0,34119160.0,98.0,0.0,100.0,2.0,100.0,0.0,86.0,437830701.0,88.0,10647.0,100.0,0.0,100.0,1.0,,,,,100.0,0.0,100.0,0.0,,,75.0,25.0,,,100.0,122.0,100.0,528.0,25.0,25.0,100.0,0.0,100.0,0.0,200.0,0.0,100.0,10571.0,100.0,56861604712.0,100.0,94783948430.0
2019-01-16,ZCH06N91,ST12000NM0007,12000138625024,0,79,75611680,98.0,0.0,100.0,2.0,100.0,0.0,86.0,441736762.0,88,10678,100.0,0.0,100,1,,,,,100.0,0.0,100.0,0.0,,,77.0,23.0,,,100,122,100.0,530.0,23,23,100.0,0.0,100.0,0.0,200.0,0.0,100.0,10602.0,100.0,56952958480.0,100.0,94978228078.0
2019-01-17,ZCH06N91,ST12000NM0007,12000138625024,0,83,214642280,98.0,0.0,100.0,2.0,100.0,0.0,86.0,444564934.0,88,10694,100.0,0.0,100,1,,,,,100.0,0.0,100.0,0.0,,,77.0,23.0,,,100,122,100.0,530.0,23,23,100.0,0.0,100.0,0.0,200.0,0.0,100.0,10618.0,100.0,57007787600.0,100.0,95062429558.0
2019-01-18,ZCH06N91,ST12000NM0007,12000138625024,0,83,186961632,98.0,0.0,100.0,2.0,100.0,0.0,87.0,447925537.0,88,10726,100.0,0.0,100,1,,,,,100.0,0.0,100.0,0.0,,,77.0,23.0,,,100,124,100.0,532.0,23,23,100.0,0.0,100.0,0.0,200.0,0.0,100.0,10650.0,100.0,57097878968.0,100.0,95188798318.0
2019-01-19,ZCH06N91,ST12000NM0007,12000138625024,0,79,83449984,98.0,0.0,100.0,2.0,100.0,0.0,87.0,449692772.0,88,10742,100.0,0.0,100,1,,,,,100.0,0.0,100.0,0.0,,,77.0,23.0,,,100,124,100.0,532.0,23,23,100.0,0.0,100.0,0.0,200.0,0.0,100.0,10665.0,100.0,57149508720.0,100.0,95277797710.0
2019-01-20,ZCH06N91,ST12000NM0007,12000138625024,0,80,104924144,98.0,0.0,100.0,2.0,100.0,0.0,87.0,453252157.0,88,10774,100.0,0.0,100,1,,,,,100.0,0.0,100.0,0.0,,,78.0,22.0,,,100,126,100.0,534.0,22,22,100.0,0.0,100.0,0.0,200.0,0.0,100.0,10697.0,100.0,57244375096.0,100.0,95448546206.0
2019-01-21,ZCH06N91,ST12000NM0007,12000138625024,0,83,222461096,98.0,0.0,100.0,2.0,100.0,0.0,87.0,454935735.0,88,10789,100.0,0.0,100,1,,,,,100.0,0.0,100.0,0.0,,,77.0,23.0,,,100,126,100.0,534.0,23,23,100.0,0.0,100.0,0.0,200.0,0.0,100.0,10713.0,100.0,57285464896.0,100.0,95524993358.0
2019-01-22,ZCH06N91,ST12000NM0007,12000138625024,0,76.0,43582616.0,98.0,0.0,100.0,2.0,100.0,0.0,87.0,459641286.0,88.0,10821.0,100.0,0.0,100.0,1.0,,,,,100.0,0.0,100.0,0.0,,,77.0,23.0,,,100.0,127.0,100.0,536.0,23.0,23.0,100.0,0.0,100.0,0.0,200.0,0.0,100.0,10744.0,100.0,57395935336.0,100.0,95723925878.0
2019-01-23,ZCH06N91,ST12000NM0007,12000138625024,0,83.0,195644536.0,98.0,0.0,100.0,2.0,100.0,0.0,87.0,461566256.0,88.0,10837.0,100.0,0.0,100.0,1.0,,,,,100.0,0.0,100.0,0.0,,,75.0,25.0,,,100.0,127.0,100.0,536.0,25.0,25.0,100.0,0.0,100.0,0.0,200.0,0.0,100.0,10760.0,100.0,57438720816.0,100.0,95833202318.0
2019-01-24,ZCH06N91,ST12000NM0007,12000138625024,0,84.0,230430720.0,98.0,0.0,100.0,2.0,100.0,0.0,87.0,468126619.0,88.0,10869.0,100.0,0.0,100.0,1.0,,,,,100.0,0.0,100.0,0.0,,,75.0,25.0,,,100.0,129.0,100.0,538.0,25.0,25.0,100.0,0.0,100.0,0.0,200.0,0.0,100.0,10792.0,100.0,57533820232.0,100.0,96017029838.0
2019-01-25,ZCH06N91,ST12000NM0007,12000138625024,0,83,179959488,98.0,0.0,100.0,2.0,100.0,0.0,87.0,470309131.0,88,10885,100.0,0.0,100,1,,,,,100.0,0.0,100.0,0.0,,,75.0,25.0,,,100,129,100.0,538.0,25,25,100.0,0.0,100.0,0.0,200.0,0.0,100.0,10808.0,100.0,57594194192.0,100.0,96150325294.0
2019-01-26,ZCH06N91,ST12000NM0007,12000138625024,0,75,33497880,98.0,0.0,100.0,2.0,100.0,0.0,87.0,474733318.0,88,10916,100.0,0.0,100,1,,,,,100.0,0.0,100.0,0.0,,,76.0,24.0,,,100,129,100.0,540.0,24,24,100.0,0.0,100.0,0.0,200.0,0.0,100.0,10839.0,100.0,57713853480.0,100.0,96372485726.0
2019-01-27,ZCH06N91,ST12000NM0007,12000138625024,0,83,197013184,98.0,0.0,100.0,2.0,100.0,0.0,87.0,477092035.0,88,10932,100.0,0.0,100,1,,,,,100.0,0.0,100.0,0.0,,,77.0,23.0,,,100,129,100.0,540.0,23,23,100.0,0.0,100.0,0.0,200.0,0.0,100.0,10855.0,100.0,57778220288.0,100.0,96471634222.0
2019-01-28,ZCH06N91,ST12000NM0007,12000138625024,0,72,16638896,98.0,0.0,100.0,2.0,100.0,0.0,87.0,481051586.0,88,10964,100.0,0.0,100,1,,,,,100.0,0.0,100.0,0.0,,,76.0,24.0,,,100,130,100.0,542.0,24,24,100.0,0.0,100.0,0.0,200.0,0.0,100.0,10886.0,100.0,57890611224.0,100.0,96667150886.0
2019-01-29,ZCH06N91,ST12000NM0007,12000138625024,0,82,164282672,98.0,0.0,100.0,2.0,100.0,0.0,87.0,486563170.0,88,10996,100.0,0.0,100,1,,,,,100.0,0.0,100.0,0.0,,,78.0,22.0,,,100,130,100.0,543.0,22,22,100.0,0.0,100.0,0.0,200.0,0.0,100.0,10918.0,100.0,58000452720.0,100.0,96949093854.0
2019-01-30,ZCH06N91,ST12000NM0007,12000138625024,0,79,84596296,98.0,0.0,100.0,2.0,100.0,0.0,87.0,488580616.0,88,11011,100.0,0.0,100,1,,,,,100.0,0.0,100.0,0.0,,,77.0,23.0,,,100,131,100.0,544.0,23,23,100.0,0.0,100.0,0.0,200.0,0.0,100.0,10934.0,100.0,58047130136.0,100.0,97066871094.0
2019-01-31,ZCH06N91,ST12000NM0007,12000138625024,0,82,163579984,98.0,0.0,100.0,2.0,100.0,0.0,87.0,493518783.0,88,11043,100.0,0.0,100,1,,,,,100.0,0.0,100.0,0.0,,,78.0,22.0,,,100,131,100.0,545.0,22,22,100.0,0.0,100.0,0.0,200.0,0.0,100.0,10965.0,100.0,58143088984.0,100.0,97294036606.0
2019-02-01,ZCH06N91,ST12000NM0007,12000138625024,0,79,78563280,98.0,0.0,100.0,2.0,100.0,0.0,87.0,496312302.0,88,11059,100.0,0.0,100,1,,,,,100.0,0.0,100.0,0.0,,,77.0,23.0,,,100,131,100.0,546.0,23,23,100.0,0.0,100.0,0.0,200.0,0.0,100.0,10981.0,100.0,58197768184.0,100.0,97398481366.0
2019-02-02,ZCH06N91,ST12000NM0007,12000138625024,0,83.0,180097272.0,98.0,0.0,100.0,2.0,100.0,0.0,87.0,502219841.0,88.0,11091.0,100.0,0.0,100.0,1.0,,,,,100.0,0.0,100.0,0.0,,,77.0,23.0,,,100.0,132.0,100.0,547.0,23.0,23.0,100.0,0.0,100.0,0.0,200.0,0.0,100.0,11013.0,100.0,58312165096.0,100.0,97629759110.0
2019-02-03,ZCH06N91,ST12000NM0007,12000138625024,0,79,73626336,98.0,0.0,100.0,2.0,100.0,0.0,87.0,504055357.0,88,11107,100.0,0.0,100,1,,,,,100.0,0.0,100.0,0.0,,,77.0,23.0,,,100,132,100.0,548.0,23,23,100.0,0.0,100.0,0.0,200.0,0.0,100.0,11028.0,100.0,58376139656.0,100.0,97703454294.0
2019-02-04,ZCH06N91,ST12000NM0007,12000138625024,0,81,131270480,98.0,0.0,100.0,2.0,100.0,0.0,87.0,508644380.0,88,11138,100.0,0.0,100,1,,,,,100.0,0.0,100.0,0.0,,,77.0,23.0,,,100,132,100.0,549.0,23,23,100.0,0.0,100.0,0.0,200.0,0.0,100.0,11060.0,100.0,58468721392.0,100.0,97912657510.0
2019-02-05,ZCH06N91,ST12000NM0007,12000138625024,0,69.0,7477952.0,98.0,0.0,100.0,2.0,100.0,0.0,87.0,510249698.0,88.0,11154.0,100.0,0.0,100.0,1.0,,,,,100.0,0.0,100.0,0.0,,,77.0,23.0,,,100.0,132.0,100.0,550.0,23.0,23.0,100.0,0.0,100.0,0.0,200.0,0.0,100.0,11076.0,100.0,58506300296.0,100.0,97995426870.0
2019-02-06,ZCH06N91,ST12000NM0007,12000138625024,0,68,6593352,98.0,0.0,100.0,2.0,100.0,0.0,87.0,513766073.0,88,11186,100.0,0.0,100,1,,,,,100.0,0.0,100.0,0.0,,,76.0,24.0,,,100,133,100.0,551.0,24,24,100.0,0.0,100.0,0.0,200.0,0.0,100.0,11108.0,100.0,58596898992.0,100.0,98148084302.0
2019-02-07,ZCH06N91,ST12000NM0007,12000138625024,0,78.0,56975608.0,98.0,0.0,100.0,2.0,100.0,0.0,87.0,518411916.0,88.0,11218.0,100.0,0.0,100.0,1.0,,,,,100.0,0.0,100.0,0.0,,,75.0,25.0,,,100.0,134.0,100.0,552.0,25.0,25.0,100.0,0.0,100.0,0.0,200.0,0.0,100.0,11139.0,100.0,58695429400.0,100.0,98344076798.0
2019-02-08,ZCH06N91,ST12000NM0007,12000138625024,0,82,171186472,98.0,0.0,100.0,2.0,100.0,0.0,87.0,520028181.0,88,11233,100.0,0.0,100,1,,,,,100.0,0.0,100.0,0.0,,,76.0,24.0,,,100,135,100.0,553.0,24,24,100.0,0.0,100.0,0.0,200.0,0.0,100.0,11155.0,100.0,58745450360.0,100.0,98408266702.0
2019-02-09,ZCH06N91,ST12000NM0007,12000138625024,0,72.0,14995384.0,98.0,0.0,100.0,2.0,100.0,0.0,87.0,524102015.0,88.0,11265.0,100.0,0.0,100.0,1.0,,,,,100.0,0.0,100.0,0.0,,,75.0,25.0,,,100.0,135.0,100.0,554.0,25.0,25.0,100.0,0.0,100.0,0.0,200.0,0.0,100.0,11186.0,100.0,58847045112.0,100.0,98638762550.0
2019-02-10,ZCH06N91,ST12000NM0007,12000138625024,0,82,149129392,98.0,0.0,100.0,2.0,100.0,0.0,87.0,525902768.0,88,11281,100.0,0.0,100,1,,,,,100.0,0.0,100.0,0.0,,,76.0,24.0,,,100,135,100.0,555.0,24,24,100.0,0.0,100.0,0.0,200.0,0.0,100.0,11202.0,100.0,58890209712.0,100.0,98729731958.0
2019-02-11,ZCH06N91,ST12000NM0007,12000138625024,0,84,233264280,98.0,0.0,100.0,2.0,100.0,0.0,87.0,531101729.0,88,11313,100.0,0.0,100,1,,,,,100.0,0.0,100.0,0.0,,,76.0,24.0,,,100,136,100.0,556.0,24,24,100.0,0.0,100.0,0.0,200.0,0.0,100.0,11234.0,100.0,58990312224.0,100.0,98957905094.0
2019-02-12,ZCH06N91,ST12000NM0007,12000138625024,0,81.0,120069976.0,98.0,0.0,100.0,2.0,100.0,0.0,87.0,533031257.0,88.0,11329.0,100.0,0.0,100.0,1.0,,,,,100.0,0.0,100.0,0.0,,,75.0,25.0,,,100.0,136.0,100.0,557.0,25.0,25.0,100.0,0.0,100.0,0.0,200.0,0.0,100.0,11249.0,100.0,59037027112.0,100.0,99042136590.0
2019-02-13,ZCH06N91,ST12000NM0007,12000138625024,0,80,110094304,98.0,0.0,100.0,2.0,100.0,0.0,87.0,536711325.0,88,11360,100.0,0.0,100,1,,,,,100.0,0.0,100.0,0.0,,,76.0,24.0,,,100,137,100.0,558.0,24,24,100.0,0.0,100.0,0.0,200.0,0.0,100.0,11281.0,100.0,59127378104.0,100.0,99185950718.0
2019-02-14,ZCH06N91,ST12000NM0007,12000138625024,0,84,240212992,98.0,0.0,100.0,2.0,100.0,0.0,87.0,539153332.0,88,11376,100.0,0.0,100,1,,,,,100.0,0.0,100.0,0.0,,,77.0,23.0,,,100,137,100.0,559.0,23,23,100.0,0.0,100.0,0.0,200.0,0.0,100.0,11297.0,100.0,59171824608.0,100.0,99271622902.0
2019-02-15,ZCH06N91,ST12000NM0007,12000138625024,0,66.0,3784872.0,98.0,0.0,100.0,2.0,100.0,0.0,87.0,542951862.0,87.0,11408.0,100.0,0.0,100.0,1.0,,,,,100.0,0.0,100.0,0.0,,,77.0,23.0,,,100.0,138.0,100.0,560.0,23.0,23.0,100.0,0.0,100.0,0.0,200.0,0.0,100.0,11328.0,100.0,59275895200.0,100.0,99419405822.0
2019-02-16,ZCH06N91,ST12000NM0007,12000138625024,0,81.0,122003112.0,98.0,0.0,100.0,2.0,100.0,0.0,87.0,545800202.0,87.0,11424.0,100.0,0.0,100.0,1.0,,,,,100.0,0.0,100.0,0.0,,,77.0,23.0,,,100.0,139.0,100.0,561.0,23.0,23.0,100.0,0.0,100.0,0.0,200.0,0.0,100.0,11344.0,100.0,59326901376.0,100.0,99486617886.0
2019-02-17,ZCH06N91,ST12000NM0007,12000138625024,0,81,119144456,98.0,0.0,100.0,2.0,100.0,0.0,87.0,549900150.0,87,11455,100.0,0.0,100,1,,,,,100.0,0.0,100.0,0.0,,,77.0,23.0,,,100,140,100.0,562.0,23,23,100.0,0.0,100.0,0.0,200.0,0.0,100.0,11376.0,100.0,59395441128.0,100.0,99659360214.0
2019-02-18,ZCH06N91,ST12000NM0007,12000138625024,0,71,13005904,98.0,0.0,100.0,2.0,100.0,0.0,87.0,552331266.0,87,11471,100.0,0.0,100,1,,,,,100.0,0.0,100.0,0.0,,,76.0,24.0,,,100,141,100.0,563.0,24,24,100.0,0.0,100.0,0.0,200.0,0.0,100.0,11391.0,100.0,59438301552.0,100.0,99754501870.0
2019-02-19,ZCH06N91,ST12000NM0007,12000138625024,0,75,33469416,98.0,0.0,100.0,2.0,100.0,0.0,87.0,557796822.0,87,11503,100.0,0.0,100,1,,,,,100.0,0.0,100.0,0.0,,,75.0,25.0,,,100,141,100.0,564.0,25,25,100.0,0.0,100.0,0.0,200.0,0.0,100.0,11423.0,100.0,59527197000.0,100.0,99930210942.0
2019-02-20,ZCH06N91,ST12000NM0007,12000138625024,0,81.0,138834664.0,98.0,0.0,100.0,2.0,100.0,0.0,87.0,559438669.0,87.0,11519.0,100.0,0.0,100.0,1.0,,,,,100.0,0.0,100.0,0.0,,,75.0,25.0,,,100.0,142.0,100.0,565.0,25.0,25.0,100.0,0.0,100.0,0.0,200.0,0.0,100.0,11439.0,100.0,59572232176.0,100.0,99990541014.0
2019-02-21,ZCH06N91,ST12000NM0007,12000138625024,0,72,15276592,98.0,0.0,100.0,2.0,100.0,0.0,87.0,562227777.0,87,11535,100.0,0.0,100,1,,,,,100.0,0.0,100.0,0.0,,,77.0,23.0,,,100,142,100.0,565.0,23,23,100.0,0.0,100.0,0.0,200.0,0.0,100.0,11454.0,100.0,59617425384.0,100.0,100065930366.0
2019-02-22,ZCH06N91,ST12000NM0007,12000138625024,0,83,188916472,98.0,0.0,100.0,2.0,100.0,0.0,88.0,564952929.0,87,11566,100.0,0.0,100,1,,,,,100.0,0.0,100.0,0.0,,,76.0,24.0,,,100,143,100.0,567.0,24,24,100.0,0.0,100.0,0.0,200.0,0.0,100.0,11486.0,100.0,59663393808.0,100.0,100193601822.0
2019-02-23,ZCH06N91,ST12000NM0007,12000138625024,0,82.0,141642616.0,98.0,0.0,100.0,2.0,100.0,0.0,88.0,567781211.0,87.0,11598.0,100.0,0.0,100.0,1.0,,,,,100.0,0.0,100.0,0.0,,,77.0,23.0,,,100.0,143.0,100.0,568.0,23.0,23.0,100.0,0.0,100.0,0.0,200.0,0.0,100.0,11517.0,100.0,59710898952.0,100.0,100342963510.0
2019-02-24,ZCH06N91,ST12000NM0007,12000138625024,0,83,211402024,98.0,0.0,100.0,2.0,100.0,0.0,88.0,568888068.0,87,11614,100.0,0.0,100,1,,,,,100.0,0.0,100.0,0.0,,,75.0,25.0,,,100,143,100.0,569.0,25,25,100.0,0.0,100.0,0.0,200.0,0.0,100.0,11533.0,100.0,59731519528.0,100.0,100392102342.0
2019-02-25,ZCH06N91,ST12000NM0007,12000138625024,0,82,174128552,98.0,0.0,100.0,2.0,100.0,0.0,88.0,572729783.0,87,11645,100.0,0.0,100,1,,,,,100.0,0.0,100.0,0.0,,,77.0,23.0,,,100,144,100.0,570.0,23,23,100.0,0.0,100.0,0.0,200.0,0.0,100.0,11565.0,100.0,59788320360.0,100.0,100542168710.0
2019-02-26,ZCH06N91,ST12000NM0007,12000138625024,0,84,242138984,98.0,0.0,100.0,2.0,100.0,0.0,88.0,573882846.0,87,11661,100.0,0.0,100,1,,,,,100.0,0.0,100.0,0.0,,,76.0,24.0,,,100,144,100.0,571.0,24,24,100.0,0.0,100.0,0.0,200.0,0.0,100.0,11580.0,100.0,59809079536.0,100.0,100589419966.0
2019-02-27,ZCH06N91,ST12000NM0007,12000138625024,0,81.0,136633584.0,98.0,0.0,100.0,2.0,100.0,0.0,88.0,576347537.0,87.0,11693.0,100.0,0.0,100.0,1.0,,,,,100.0,0.0,100.0,0.0,,,78.0,22.0,,,100.0,145.0,100.0,572.0,22.0,22.0,100.0,0.0,100.0,0.0,200.0,0.0,100.0,11612.0,100.0,59864967648.0,100.0,100672167294.0
2019-02-28,ZCH06N91,ST12000NM0007,12000138625024,0,84,236717280,98.0,0.0,100.0,2.0,100.0,0.0,88.0,578714524.0,87,11709,100.0,0.0,100,1,,,,,100.0,0.0,100.0,0.0,,,77.0,23.0,,,100,146,100.0,573.0,23,23,100.0,0.0,100.0,0.0,200.0,0.0,100.0,11628.0,100.0,59892873872.0,100.0,100744344766.0
2019-03-01,ZCH06N91,ST12000NM0007,12000138625024,0,83.0,193328528.0,98.0,0.0,100.0,2.0,100.0,0.0,88.0,581624127.0,87.0,11740.0,100.0,0.0,100.0,1.0,,,,,100.0,0.0,100.0,0.0,,,77.0,23.0,,,100.0,147.0,100.0,574.0,23.0,23.0,100.0,0.0,100.0,0.0,200.0,0.0,100.0,11659.0,100.0,59955057712.0,100.0,100882912822.0
2019-03-02,ZCH06N91,ST12000NM0007,12000138625024,0,78.0,66453576.0,98.0,0.0,100.0,2.0,100.0,0.0,88.0,583187014.0,87.0,11756.0,100.0,0.0,100.0,1.0,,,,,100.0,0.0,100.0,0.0,,,77.0,23.0,,,100.0,148.0,100.0,575.0,23.0,23.0,100.0,0.0,100.0,0.0,200.0,0.0,100.0,11675.0,100.0,59992624544.0,100.0,100962611814.0
2019-03-03,ZCH06N91,ST12000NM0007,12000138625024,0,80.0,101330328.0,98.0,0.0,100.0,2.0,100.0,0.0,88.0,586476541.0,87.0,11788.0,100.0,0.0,100.0,1.0,,,,,100.0,0.0,100.0,0.0,,,77.0,23.0,,,100.0,148.0,100.0,576.0,23.0,23.0,100.0,0.0,100.0,0.0,200.0,0.0,100.0,11707.0,100.0,60043794792.0,100.0,101190458982.0
2019-03-04,ZCH06N91,ST12000NM0007,12000138625024,0,100,724496,98.0,0.0,100.0,2.0,100.0,0.0,88.0,588180272.0,87,11804,100.0,0.0,100,1,,,,,100.0,0.0,100.0,0.0,,,77.0,23.0,,,100,149,100.0,577.0,23,23,100.0,0.0,100.0,0.0,200.0,0.0,100.0,11722.0,100.0,60076153080.0,100.0,101301635518.0
2019-03-05,ZCH06N91,ST12000NM0007,12000138625024,0,82.0,175462832.0,98.0,0.0,100.0,2.0,100.0,0.0,88.0,592087457.0,87.0,11835.0,100.0,0.0,100.0,1.0,,,,,100.0,0.0,100.0,0.0,,,78.0,22.0,,,100.0,149.0,100.0,578.0,22.0,22.0,100.0,0.0,100.0,0.0,200.0,0.0,100.0,11754.0,100.0,60143290064.0,100.0,101409236870.0
2019-03-06,ZCH06N91,ST12000NM0007,12000138625024,0,67.0,4948432.0,98.0,0.0,100.0,2.0,100.0,0.0,88.0,593332662.0,87.0,11851.0,100.0,0.0,100.0,1.0,,,,,100.0,0.0,100.0,0.0,,,77.0,23.0,,,100.0,150.0,100.0,579.0,23.0,23.0,100.0,0.0,100.0,0.0,200.0,0.0,100.0,11770.0,100.0,60172030912.0,100.0,101454122278.0
2019-03-07,ZCH06N91,ST12000NM0007,12000138625024,0,75.0,28449352.0,98.0,0.0,100.0,2.0,100.0,0.0,88.0,598393883.0,87.0,11883.0,100.0,0.0,100.0,1.0,,,,,100.0,0.0,100.0,0.0,,,77.0,23.0,,,100.0,151.0,100.0,580.0,23.0,23.0,100.0,0.0,100.0,0.0,200.0,0.0,100.0,11802.0,100.0,60241109944.0,100.0,101652684862.0
2019-03-08,ZCH06N91,ST12000NM0007,12000138625024,0,82.0,141784192.0,98.0,0.0,100.0,2.0,100.0,0.0,88.0,599791009.0,87.0,11899.0,100.0,0.0,100.0,1.0,,,,,100.0,0.0,100.0,0.0,,,77.0,23.0,,,100.0,152.0,100.0,581.0,23.0,23.0,100.0,0.0,100.0,0.0,200.0,0.0,100.0,11817.0,100.0,60270806032.0,100.0,101736323614.0
2019-03-09,ZCH06N91,ST12000NM0007,12000138625024,0,81.0,115822256.0,98.0,0.0,100.0,2.0,100.0,0.0,88.0,602558703.0,87.0,11930.0,100.0,0.0,100.0,1.0,,,,,100.0,0.0,100.0,0.0,,,77.0,23.0,,,100.0,152.0,100.0,582.0,23.0,23.0,100.0,0.0,100.0,0.0,200.0,0.0,100.0,11848.0,100.0,60333526872.0,100.0,101891781518.0
2019-03-10,ZCH06N91,ST12000NM0007,12000138625024,0,84.0,241080272.0,98.0,0.0,100.0,2.0,100.0,0.0,88.0,604030457.0,87.0,11946.0,100.0,0.0,100.0,1.0,,,,,100.0,0.0,100.0,0.0,,,76.0,24.0,,,100.0,153.0,100.0,583.0,24.0,24.0,100.0,0.0,100.0,0.0,200.0,0.0,100.0,11864.0,100.0,60369730064.0,100.0,101980836342.0
2019-03-11,ZCH06N91,ST12000NM0007,12000138625024,0,79.0,87465224.0,98.0,0.0,100.0,2.0,100.0,0.0,88.0,608365079.0,87.0,11978.0,100.0,0.0,100.0,1.0,,,,,100.0,0.0,100.0,0.0,,,77.0,23.0,,,100.0,154.0,100.0,584.0,23.0,23.0,100.0,0.0,100.0,0.0,200.0,0.0,100.0,11895.0,100.0,60469333624.0,100.0,102215899086.0
2019-03-12,ZCH06N91,ST12000NM0007,12000138625024,0,81.0,133214264.0,98.0,0.0,100.0,2.0,100.0,0.0,88.0,611867091.0,87.0,12010.0,100.0,0.0,100.0,1.0,,,,,100.0,0.0,100.0,0.0,,,76.0,24.0,,,100.0,155.0,100.0,585.0,24.0,24.0,100.0,0.0,100.0,0.0,200.0,0.0,100.0,11927.0,100.0,60591946320.0,100.0,102383176134.0
2019-03-13,ZCH06N91,ST12000NM0007,12000138625024,0,78.0,58146600.0,98.0,0.0,100.0,2.0,100.0,0.0,88.0,613514903.0,87.0,12025.0,100.0,0.0,100.0,1.0,,,,,100.0,0.0,100.0,0.0,,,78.0,22.0,,,100.0,155.0,100.0,586.0,22.0,22.0,100.0,0.0,100.0,0.0,200.0,0.0,100.0,11943.0,100.0,60627218984.0,100.0,102516976734.0
2019-03-14,ZCH06N91,ST12000NM0007,12000138625024,0,78.0,67738096.0,98.0,0.0,100.0,2.0,100.0,0.0,88.0,617884531.0,87.0,12057.0,100.0,0.0,100.0,1.0,,,,,100.0,0.0,100.0,0.0,,,77.0,23.0,,,100.0,155.0,100.0,587.0,23.0,23.0,100.0,0.0,100.0,0.0,200.0,0.0,100.0,11974.0,100.0,60708476280.0,100.0,102689451646.0
2019-03-15,ZCH06N91,ST12000NM0007,12000138625024,0,83.0,192974008.0,98.0,0.0,100.0,2.0,100.0,0.0,88.0,619623014.0,87.0,12073.0,100.0,0.0,100.0,1.0,,,,,100.0,0.0,100.0,0.0,,,78.0,22.0,,,100.0,156.0,100.0,588.0,22.0,22.0,100.0,0.0,100.0,0.0,200.0,0.0,100.0,11990.0,100.0,60751095944.0,100.0,102772067894.0
2019-03-16,ZCH06N91,ST12000NM0007,12000138625024,0,78.0,67215776.0,98.0,0.0,100.0,2.0,100.0,0.0,88.0,623710965.0,87.0,12105.0,100.0,0.0,100.0,1.0,,,,,100.0,0.0,100.0,0.0,,,78.0,22.0,,,100.0,157.0,100.0,589.0,22.0,22.0,100.0,0.0,100.0,0.0,200.0,0.0,100.0,12022.0,100.0,60849502520.0,100.0,103036184718.0
2019-03-17,ZCH06N91,ST12000NM0007,12000138625024,0,83.0,185871848.0,98.0,0.0,100.0,2.0,100.0,0.0,88.0,625286522.0,87.0,12120.0,100.0,0.0,100.0,1.0,,,,,100.0,0.0,100.0,0.0,,,78.0,22.0,,,100.0,157.0,100.0,590.0,22.0,22.0,100.0,0.0,100.0,0.0,200.0,0.0,100.0,12037.0,100.0,60890578976.0,100.0,103113764334.0
2019-03-18,ZCH06N91,ST12000NM0007,12000138625024,0,72.0,14883560.0,98.0,0.0,100.0,2.0,100.0,0.0,88.0,630161635.0,87.0,12152.0,100.0,0.0,100.0,1.0,,,,,100.0,0.0,100.0,0.0,,,77.0,23.0,,,100.0,158.0,100.0,591.0,23.0,23.0,100.0,0.0,100.0,0.0,200.0,0.0,100.0,12069.0,100.0,60969996200.0,100.0,103351640430.0
2019-03-19,ZCH06N91,ST12000NM0007,12000138625024,0,82.0,158426768.0,98.0,0.0,100.0,2.0,100.0,0.0,88.0,632048721.0,87.0,12168.0,100.0,0.0,100.0,1.0,,,,,100.0,0.0,100.0,0.0,,,78.0,22.0,,,100.0,158.0,100.0,592.0,22.0,22.0,100.0,0.0,100.0,0.0,200.0,0.0,100.0,12084.0,100.0,61015009120.0,100.0,103450170718.0
2019-03-20,ZCH06N91,ST12000NM0007,12000138625024,0,84.0,229780672.0,98.0,0.0,100.0,2.0,100.0,0.0,88.0,635687971.0,87.0,12199.0,100.0,0.0,100.0,1.0,,,,,100.0,0.0,100.0,0.0,,,78.0,22.0,,,100.0,159.0,100.0,593.0,22.0,22.0,100.0,0.0,100.0,0.0,200.0,0.0,100.0,12116.0,100.0,61100854896.0,100.0,103679819478.0
2019-03-21,ZCH06N91,ST12000NM0007,12000138625024,0,81.0,112504376.0,98.0,0.0,100.0,2.0,100.0,0.0,88.0,638408159.0,87.0,12215.0,100.0,0.0,100.0,1.0,,,,,100.0,0.0,100.0,0.0,,,77.0,23.0,,,100.0,160.0,100.0,594.0,23.0,23.0,100.0,0.0,100.0,0.0,200.0,0.0,100.0,12132.0,100.0,61134050584.0,100.0,103773488126.0
2019-03-22,ZCH06N91,ST12000NM0007,12000138625024,0,81.0,136961072.0,98.0,0.0,100.0,2.0,100.0,0.0,88.0,641470625.0,87.0,12247.0,100.0,0.0,100.0,1.0,,,,,100.0,0.0,100.0,0.0,,,77.0,23.0,,,100.0,160.0,100.0,595.0,23.0,23.0,100.0,0.0,100.0,0.0,200.0,0.0,100.0,12163.0,100.0,61218695832.0,100.0,103957440446.0
2019-03-23,ZCH06N91,ST12000NM0007,12000138625024,0,74.0,23996992.0,98.0,0.0,100.0,2.0,100.0,0.0,88.0,643107735.0,87.0,12263.0,100.0,0.0,100.0,1.0,,,,,100.0,0.0,100.0,0.0,,,77.0,23.0,,,100.0,161.0,100.0,596.0,23.0,23.0,100.0,0.0,100.0,0.0,200.0,0.0,100.0,12179.0,100.0,61265678112.0,100.0,104041634942.0
2019-03-24,ZCH06N91,ST12000NM0007,12000138625024,0,73.0,18463600.0,98.0,0.0,100.0,2.0,100.0,0.0,88.0,646291922.0,86.0,12295.0,100.0,0.0,100.0,1.0,,,,,100.0,0.0,100.0,0.0,,,75.0,25.0,,,100.0,162.0,100.0,597.0,25.0,25.0,100.0,0.0,100.0,0.0,200.0,0.0,100.0,12211.0,100.0,61346769176.0,100.0,104199151350.0
2019-03-25,ZCH06N91,ST12000NM0007,12000138625024,0,83.0,180860064.0,98.0,0.0,100.0,2.0,100.0,0.0,88.0,648605838.0,86.0,12310.0,100.0,0.0,100.0,1.0,,,,,100.0,0.0,100.0,0.0,,,77.0,23.0,,,100.0,162.0,100.0,598.0,23.0,23.0,100.0,0.0,100.0,0.0,200.0,0.0,100.0,12227.0,100.0,61401187904.0,100.0,104307129086.0
2019-03-26,ZCH06N91,ST12000NM0007,12000138625024,0,83.0,197360048.0,98.0,0.0,100.0,2.0,100.0,0.0,88.0,652548990.0,86.0,12342.0,100.0,0.0,100.0,1.0,,,,,100.0,0.0,100.0,0.0,,,78.0,22.0,,,100.0,162.0,100.0,599.0,22.0,22.0,100.0,0.0,100.0,0.0,200.0,0.0,100.0,12258.0,100.0,61496935328.0,100.0,104472022566.0
2019-03-27,ZCH06N91,ST12000NM0007,12000138625024,0,81.0,117857272.0,98.0,0.0,100.0,2.0,100.0,0.0,88.0,656106906.0,86.0,12358.0,100.0,0.0,100.0,1.0,,,,,100.0,0.0,100.0,0.0,,,77.0,23.0,,,100.0,162.0,100.0,600.0,23.0,23.0,100.0,0.0,100.0,0.0,200.0,0.0,100.0,12274.0,100.0,61545593232.0,100.0,104588002518.0
2019-03-28,ZCH06N91,ST12000NM0007,12000138625024,0,82.0,143385656.0,98.0,0.0,100.0,2.0,100.0,0.0,88.0,660492484.0,86.0,12390.0,100.0,0.0,100.0,1.0,,,,,100.0,0.0,100.0,0.0,,,77.0,23.0,,,100.0,163.0,100.0,601.0,23.0,23.0,100.0,0.0,100.0,0.0,200.0,0.0,100.0,12305.0,100.0,61639363952.0,100.0,104763900814.0
2019-03-29,ZCH06N91,ST12000NM0007,12000138625024,0,77.0,46222760.0,98.0,0.0,100.0,2.0,100.0,0.0,88.0,662211533.0,86.0,12406.0,100.0,0.0,100.0,1.0,,,,,100.0,0.0,100.0,0.0,,,77.0,23.0,,,100.0,164.0,100.0,602.0,23.0,23.0,100.0,0.0,100.0,0.0,200.0,0.0,100.0,12321.0,100.0,61684230040.0,100.0,104866012550.0
2019-03-30,ZCH06N91,ST12000NM0007,12000138625024,0,79.0,75239232.0,98.0,0.0,100.0,2.0,100.0,0.0,88.0,665706012.0,86.0,12437.0,100.0,0.0,100.0,1.0,,,,,100.0,0.0,100.0,0.0,,,77.0,23.0,,,100.0,164.0,100.0,603.0,23.0,23.0,100.0,0.0,100.0,0.0,200.0,0.0,100.0,12352.0,100.0,61770426632.0,100.0,105052973078.0
2019-03-31,ZCH06N91,ST12000NM0007,12000138625024,0,84.0,239366912.0,98.0,0.0,100.0,2.0,100.0,0.0,88.0,667585251.0,86.0,12453.0,100.0,0.0,100.0,1.0,,,,,100.0,0.0,100.0,0.0,,,77.0,23.0,,,100.0,165.0,100.0,604.0,23.0,23.0,100.0,0.0,100.0,0.0,200.0,0.0,100.0,12368.0,100.0,61814202136.0,100.0,105173325254.0
2019-04-01,ZCH06N91,ST12000NM0007,12000138625024,0,79.0,87168896.0,98.0,0.0,100.0,2.0,100.0,0.0,88.0,672639890.0,86.0,12485.0,100.0,0.0,100.0,1.0,,,,,100.0,0.0,100.0,0.0,,,78.0,22.0,,,100.0,165.0,100.0,605.0,22.0,22.0,100.0,0.0,100.0,0.0,200.0,0.0,100.0,12399.0,100.0,61891486552.0,100.0,105432124294.0
2019-04-02,ZCH06N91,ST12000NM0007,12000138625024,0,84.0,231367120.0,98.0,0.0,100.0,2.0,100.0,0.0,88.0,674471414.0,86.0,12501.0,100.0,0.0,100.0,1.0,,,,,100.0,0.0,100.0,0.0,,,78.0,22.0,,,100.0,165.0,100.0,606.0,22.0,22.0,100.0,0.0,100.0,0.0,200.0,0.0,100.0,12415.0,100.0,61927928168.0,100.0,105539880902.0
2019-04-03,ZCH06N91,ST12000NM0007,12000138625024,0,65.0,3238832.0,98.0,0.0,100.0,2.0,100.0,0.0,88.0,677520052.0,86.0,12532.0,100.0,0.0,100.0,1.0,,,,,100.0,0.0,100.0,0.0,,,78.0,22.0,,,100.0,166.0,100.0,607.0,22.0,22.0,100.0,0.0,100.0,0.0,200.0,0.0,100.0,12447.0,100.0,62019321560.0,100.0,105708640710.0
2019-04-04,ZCH06N91,ST12000NM0007,12000138625024,0,82.0,146205768.0,98.0,0.0,100.0,2.0,100.0,0.0,88.0,680214547.0,86.0,12548.0,100.0,0.0,100.0,1.0,,,,,100.0,0.0,100.0,0.0,,,77.0,23.0,,,100.0,167.0,100.0,608.0,23.0,23.0,100.0,0.0,100.0,0.0,200.0,0.0,100.0,12463.0,100.0,62061425000.0,100.0,105809504206.0
2019-04-05,ZCH06N91,ST12000NM0007,12000138625024,0,82.0,156648120.0,98.0,0.0,100.0,2.0,100.0,0.0,88.0,683334689.0,86.0,12580.0,100.0,0.0,100.0,1.0,,,,,100.0,0.0,100.0,0.0,,,78.0,22.0,,,100.0,168.0,100.0,609.0,22.0,22.0,100.0,0.0,100.0,0.0,200.0,0.0,100.0,12494.0,100.0,62125229744.0,100.0,106000282550.0
2019-04-06,ZCH06N91,ST12000NM0007,12000138625024,0,75.0,33721744.0,98.0,0.0,100.0,2.0,100.0,0.0,88.0,684593982.0,86.0,12596.0,100.0,0.0,100.0,1.0,,,,,100.0,0.0,100.0,0.0,,,78.0,22.0,,,100.0,168.0,100.0,610.0,22.0,22.0,100.0,0.0,100.0,0.0,200.0,0.0,100.0,12510.0,100.0,62157555352.0,100.0,106089171302.0
2019-04-07,ZCH06N91,ST12000NM0007,12000138625024,0,76.0,44255296.0,98.0,0.0,100.0,2.0,100.0,0.0,88.0,687279819.0,86.0,12627.0,100.0,0.0,100.0,1.0,,,,,100.0,0.0,100.0,0.0,,,78.0,22.0,,,100.0,169.0,100.0,611.0,22.0,22.0,100.0,0.0,100.0,0.0,200.0,0.0,100.0,12541.0,100.0,62231234064.0,100.0,106270167014.0
2019-04-08,ZCH06N91,ST12000NM0007,12000138625024,0,82.0,171402208.0,98.0,0.0,100.0,2.0,100.0,0.0,88.0,688593614.0,86.0,12643.0,100.0,0.0,100.0,1.0,,,,,100.0,0.0,100.0,0.0,,,77.0,23.0,,,100.0,170.0,100.0,612.0,23.0,23.0,100.0,0.0,100.0,0.0,200.0,0.0,100.0,12557.0,100.0,62269453048.0,100.0,106359094942.0
2019-04-09,ZCH06N91,ST12000NM0007,12000138625024,0,83.0,187160408.0,98.0,0.0,100.0,2.0,100.0,0.0,88.0,692349447.0,86.0,12675.0,100.0,0.0,100.0,1.0,,,,,100.0,0.0,100.0,0.0,,,78.0,22.0,,,100.0,171.0,100.0,613.0,22.0,22.0,100.0,0.0,100.0,0.0,200.0,0.0,100.0,12589.0,100.0,62327868168.0,100.0,106560578678.0
2019-04-10,ZCH06N91,ST12000NM0007,12000138625024,0,83.0,223825520.0,98.0,0.0,100.0,2.0,100.0,0.0,88.0,697460548.0,86.0,12707.0,100.0,0.0,100.0,1.0,,,,,100.0,0.0,100.0,0.0,,,77.0,23.0,,,100.0,171.0,100.0,614.0,23.0,23.0,100.0,0.0,100.0,0.0,200.0,0.0,100.0,12621.0,100.0,62391041328.0,100.0,106778211342.0
2019-04-11,ZCH06N91,ST12000NM0007,12000138625024,0,80.0,92551008.0,98.0,0.0,100.0,2.0,100.0,0.0,88.0,698741085.0,86.0,12723.0,100.0,0.0,100.0,1.0,,,,,100.0,0.0,100.0,0.0,,,78.0,22.0,,,100.0,172.0,100.0,615.0,22.0,22.0,100.0,0.0,100.0,0.0,200.0,0.0,100.0,12636.0,100.0,62413645376.0,100.0,106868473534.0
2019-04-12,ZCH06N91,ST12000NM0007,12000138625024,0,83.0,212757192.0,98.0,0.0,100.0,2.0,100.0,0.0,88.0,700094864.0,86.0,12739.0,100.0,0.0,100.0,1.0,,,,,100.0,0.0,100.0,0.0,,,77.0,23.0,,,100.0,172.0,100.0,616.0,23.0,23.0,100.0,0.0,100.0,0.0,200.0,0.0,100.0,12652.0,100.0,62438788832.0,100.0,106963536262.0
2019-04-13,ZCH06N91,ST12000NM0007,12000138625024,0,83.0,217856696.0,98.0,0.0,100.0,2.0,100.0,0.0,88.0,703005392.0,86.0,12770.0,100.0,0.0,100.0,1.0,,,,,100.0,0.0,100.0,0.0,,,79.0,21.0,,,100.0,173.0,100.0,617.0,21.0,21.0,100.0,0.0,100.0,0.0,200.0,0.0,100.0,12684.0,100.0,62484342872.0,100.0,107167222382.0
2019-04-14,ZCH06N91,ST12000NM0007,12000138625024,0,79.0,85989128.0,98.0,0.0,100.0,2.0,100.0,0.0,88.0,704196261.0,86.0,12786.0,100.0,0.0,100.0,1.0,,,,,100.0,0.0,100.0,0.0,,,77.0,23.0,,,100.0,174.0,100.0,618.0,23.0,23.0,100.0,0.0,100.0,0.0,200.0,0.0,100.0,12699.0,100.0,62512727232.0,100.0,107251111230.0
2019-04-15,ZCH06N91,ST12000NM0007,12000138625024,0,81.0,132282416.0,98.0,0.0,100.0,2.0,100.0,0.0,89.0,707948745.0,86.0,12818.0,100.0,0.0,100.0,1.0,,,,,100.0,0.0,100.0,0.0,,,79.0,21.0,,,100.0,174.0,100.0,619.0,21.0,21.0,100.0,0.0,100.0,0.0,200.0,0.0,100.0,12731.0,100.0,62586004528.0,100.0,107468268030.0
2019-04-16,ZCH06N91,ST12000NM0007,12000138625024,0,74.0,26011464.0,98.0,0.0,100.0,2.0,100.0,0.0,89.0,709278451.0,86.0,12834.0,100.0,0.0,100.0,1.0,,,,,100.0,0.0,100.0,0.0,,,78.0,22.0,,,100.0,175.0,100.0,620.0,22.0,22.0,100.0,0.0,100.0,0.0,200.0,0.0,100.0,12747.0,100.0,62621483384.0,100.0,107570659030.0
2019-04-17,ZCH06N91,ST12000NM0007,12000138625024,0,76.0,35972448.0,98.0,0.0,100.0,2.0,100.0,0.0,89.0,711673998.0,86.0,12865.0,100.0,0.0,100.0,1.0,,,,,100.0,0.0,100.0,0.0,,,78.0,22.0,,,100.0,175.0,100.0,621.0,22.0,22.0,100.0,0.0,100.0,0.0,200.0,0.0,100.0,12778.0,100.0,62673519216.0,100.0,107772724942.0
2019-04-18,ZCH06N91,ST12000NM0007,12000138625024,0,82.0,174774992.0,98.0,0.0,100.0,2.0,100.0,0.0,89.0,714155538.0,86.0,12881.0,100.0,0.0,100.0,1.0,,,,,100.0,0.0,100.0,0.0,,,76.0,24.0,,,100.0,176.0,100.0,622.0,24.0,24.0,100.0,0.0,100.0,0.0,200.0,0.0,100.0,12794.0,100.0,62689098192.0,100.0,107895948510.0
2019-04-19,ZCH06N91,ST12000NM0007,12000138625024,0,82.0,152083856.0,98.0,0.0,100.0,2.0,100.0,0.0,89.0,716385893.0,86.0,12913.0,100.0,0.0,100.0,1.0,,,,,100.0,0.0,100.0,0.0,,,79.0,21.0,,,100.0,177.0,100.0,623.0,21.0,21.0,100.0,0.0,100.0,0.0,200.0,0.0,100.0,12826.0,100.0,62720169352.0,100.0,108086326982.0
2019-04-20,ZCH06N91,ST12000NM0007,12000138625024,0,74.0,26674072.0,98.0,0.0,100.0,2.0,100.0,0.0,89.0,717577279.0,86.0,12929.0,100.0,0.0,100.0,1.0,,,,,100.0,0.0,100.0,0.0,,,78.0,22.0,,,100.0,178.0,100.0,624.0,22.0,22.0,100.0,0.0,100.0,0.0,200.0,0.0,100.0,12841.0,100.0,62744125368.0,100.0,108181101982.0
2019-04-21,ZCH06N91,ST12000NM0007,12000138625024,0,74.0,22897936.0,98.0,0.0,100.0,2.0,100.0,0.0,89.0,720182664.0,86.0,12961.0,100.0,0.0,100.0,1.0,,,,,100.0,0.0,100.0,0.0,,,78.0,22.0,,,100.0,179.0,100.0,625.0,22.0,22.0,100.0,0.0,100.0,0.0,200.0,0.0,100.0,12873.0,100.0,62789720912.0,100.0,108375870958.0
2019-04-22,ZCH06N91,ST12000NM0007,12000138625024,0,79.0,77679008.0,98.0,0.0,100.0,2.0,100.0,0.0,89.0,724293982.0,86.0,12992.0,100.0,0.0,100.0,1.0,,,,,100.0,0.0,100.0,0.0,,,78.0,22.0,,,100.0,180.0,100.0,626.0,22.0,22.0,100.0,0.0,100.0,0.0,200.0,0.0,100.0,12905.0,100.0,62851091928.0,100.0,108613421646.0
2019-04-23,ZCH06N91,ST12000NM0007,12000138625024,0,83.0,211043296.0,98.0,0.0,100.0,2.0,100.0,0.0,89.0,725736861.0,86.0,13008.0,100.0,0.0,100.0,1.0,,,,,100.0,0.0,100.0,0.0,,,79.0,21.0,,,100.0,181.0,100.0,627.0,21.0,21.0,100.0,0.0,100.0,0.0,200.0,0.0,100.0,12920.0,100.0,62891960800.0,100.0,108705917062.0
2019-04-24,ZCH06N91,ST12000NM0007,12000138625024,0,74.0,22816376.0,98.0,0.0,100.0,2.0,100.0,0.0,89.0,728963392.0,86.0,13040.0,100.0,0.0,100.0,1.0,,,,,100.0,0.0,100.0,0.0,,,79.0,21.0,,,100.0,182.0,100.0,629.0,21.0,21.0,100.0,0.0,100.0,0.0,200.0,0.0,100.0,12952.0,100.0,62949987968.0,100.0,108947944342.0
2019-04-25,ZCH06N91,ST12000NM0007,12000138625024,0,82.0,142632928.0,98.0,0.0,100.0,2.0,100.0,0.0,89.0,731451400.0,86.0,13056.0,100.0,0.0,100.0,1.0,,,,,100.0,0.0,100.0,0.0,,,79.0,21.0,,,100.0,182.0,100.0,629.0,21.0,21.0,100.0,0.0,100.0,0.0,200.0,0.0,100.0,12967.0,100.0,62979296120.0,100.0,109038452742.0
2019-04-26,ZCH06N91,ST12000NM0007,12000138625024,0,82.0,155027152.0,98.0,0.0,100.0,2.0,100.0,0.0,89.0,734316242.0,86.0,13087.0,100.0,0.0,100.0,1.0,,,,,100.0,0.0,100.0,0.0,,,79.0,21.0,,,100.0,184.0,100.0,631.0,21.0,21.0,100.0,0.0,100.0,0.0,200.0,0.0,100.0,12998.0,100.0,63019485016.0,100.0,109254798806.0
2019-04-27,ZCH06N91,ST12000NM0007,12000138625024,0,77.0,48724680.0,98.0,0.0,100.0,2.0,100.0,0.0,89.0,735795614.0,86.0,13103.0,100.0,0.0,100.0,1.0,,,,,100.0,0.0,100.0,0.0,,,79.0,21.0,,,100.0,184.0,100.0,631.0,21.0,21.0,100.0,0.0,100.0,0.0,200.0,0.0,100.0,13014.0,100.0,63043518232.0,100.0,109368603910.0
2019-04-28,ZCH06N91,ST12000NM0007,12000138625024,0,79.0,72104760.0,98.0,0.0,100.0,2.0,100.0,0.0,89.0,738451690.0,86.0,13135.0,100.0,0.0,100.0,1.0,,,,,100.0,0.0,100.0,0.0,,,79.0,21.0,,,100.0,185.0,100.0,633.0,21.0,21.0,100.0,0.0,100.0,0.0,200.0,0.0,100.0,13046.0,100.0,63086773056.0,100.0,109592869966.0
2019-04-29,ZCH06N91,ST12000NM0007,12000138625024,0,84.0,239497424.0,98.0,0.0,100.0,2.0,100.0,0.0,89.0,740553740.0,85.0,13151.0,100.0,0.0,100.0,1.0,,,,,100.0,0.0,100.0,0.0,,,78.0,22.0,,,100.0,185.0,100.0,633.0,22.0,22.0,100.0,0.0,100.0,0.0,200.0,0.0,100.0,13062.0,100.0,63114659736.0,100.0,109732375950.0
2019-04-30,ZCH06N91,ST12000NM0007,12000138625024,0,78.0,62155664.0,98.0,0.0,100.0,2.0,100.0,0.0,89.0,745962955.0,85.0,13182.0,100.0,0.0,100.0,1.0,,,,,100.0,0.0,100.0,0.0,,,79.0,21.0,,,100.0,187.0,100.0,635.0,21.0,21.0,100.0,0.0,100.0,0.0,200.0,0.0,100.0,13093.0,100.0,63175036960.0,100.0,109982938302.0
2019-05-01,ZCH06N91,ST12000NM0007,12000138625024,0,82.0,173850800.0,98.0,0.0,100.0,2.0,100.0,0.0,89.0,747437006.0,85.0,13198.0,100.0,0.0,100.0,1.0,,,,,100.0,0.0,100.0,0.0,,,78.0,22.0,,,100.0,187.0,100.0,635.0,22.0,22.0,100.0,0.0,100.0,0.0,200.0,0.0,100.0,13109.0,100.0,63207551888.0,100.0,110062118510.0
2019-05-02,ZCH06N91,ST12000NM0007,12000138625024,0,83.0,193329160.0,98.0,0.0,100.0,2.0,100.0,0.0,89.0,751974555.0,85.0,13230.0,100.0,0.0,100.0,1.0,,,,,100.0,0.0,100.0,0.0,,,78.0,22.0,,,100.0,188.0,100.0,637.0,22.0,22.0,100.0,0.0,100.0,0.0,200.0,0.0,100.0,13140.0,100.0,63274488192.0,100.0,110258801222.0
2019-05-03,ZCH06N91,ST12000NM0007,12000138625024,0,76.0,44586360.0,98.0,0.0,100.0,2.0,100.0,0.0,89.0,753448931.0,85.0,13246.0,100.0,0.0,100.0,1.0,,,,,100.0,0.0,100.0,0.0,,,78.0,22.0,,,100.0,188.0,100.0,637.0,22.0,22.0,100.0,0.0,100.0,0.0,200.0,0.0,100.0,13156.0,100.0,63309818648.0,100.0,110318868718.0
2019-05-04,ZCH06N91,ST12000NM0007,12000138625024,0,78.0,61349960.0,98.0,0.0,100.0,2.0,100.0,0.0,89.0,756274657.0,85.0,13277.0,100.0,0.0,100.0,1.0,,,,,100.0,0.0,100.0,0.0,,,78.0,22.0,,,100.0,189.0,100.0,639.0,22.0,22.0,100.0,0.0,100.0,0.0,200.0,0.0,100.0,13187.0,100.0,63365189176.0,100.0,110524402526.0
2019-05-05,ZCH06N91,ST12000NM0007,12000138625024,0,83.0,204974600.0,98.0,0.0,100.0,2.0,100.0,0.0,89.0,757658558.0,85.0,13293.0,100.0,0.0,100.0,1.0,,,,,100.0,0.0,100.0,0.0,,,78.0,22.0,,,100.0,189.0,100.0,639.0,22.0,22.0,100.0,0.0,100.0,0.0,200.0,0.0,100.0,13203.0,100.0,63393071864.0,100.0,110640144478.0
2019-05-06,ZCH06N91,ST12000NM0007,12000138625024,0,70.0,10957608.0,98.0,0.0,100.0,2.0,100.0,0.0,89.0,761603127.0,85.0,13325.0,100.0,0.0,100.0,1.0,,,,,100.0,0.0,100.0,0.0,,,78.0,22.0,,,100.0,190.0,100.0,641.0,22.0,22.0,100.0,0.0,100.0,0.0,200.0,0.0,100.0,13235.0,100.0,63444643800.0,100.0,110882838182.0
2019-05-07,ZCH06N91,ST12000NM0007,12000138625024,0,82.0,162615504.0,98.0,0.0,100.0,2.0,100.0,0.0,89.0,763058956.0,85.0,13341.0,100.0,0.0,100.0,1.0,,,,,100.0,0.0,100.0,0.0,,,78.0,22.0,,,100.0,190.0,100.0,641.0,22.0,22.0,100.0,0.0,100.0,0.0,200.0,0.0,100.0,13251.0,100.0,63488776992.0,100.0,110990362886.0
2019-05-08,ZCH06N91,ST12000NM0007,12000138625024,0,71.0,11890936.0,98.0,0.0,100.0,2.0,100.0,0.0,89.0,766280000.0,85.0,13373.0,100.0,0.0,100.0,1.0,,,,,100.0,0.0,100.0,0.0,,,79.0,21.0,,,100.0,190.0,100.0,643.0,21.0,21.0,100.0,0.0,100.0,0.0,200.0,0.0,100.0,13282.0,100.0,63540348464.0,100.0,111276348358.0
2019-05-09,ZCH06N91,ST12000NM0007,12000138625024,0,82.0,142249528.0,98.0,0.0,100.0,2.0,100.0,0.0,89.0,769171930.0,85.0,13389.0,100.0,0.0,100.0,1.0,,,,,100.0,0.0,100.0,0.0,,,78.0,22.0,,,100.0,190.0,100.0,643.0,22.0,22.0,100.0,0.0,100.0,0.0,200.0,0.0,100.0,13298.0,100.0,63575243720.0,100.0,111371811694.0
2019-05-10,ZCH06N91,ST12000NM0007,12000138625024,0,78.0,61082080.0,98.0,0.0,100.0,2.0,100.0,0.0,89.0,770821138.0,85.0,13404.0,100.0,0.0,100.0,1.0,,,,,100.0,0.0,100.0,0.0,,,78.0,22.0,,,100.0,191.0,100.0,644.0,22.0,22.0,100.0,0.0,100.0,0.0,200.0,0.0,100.0,13314.0,100.0,63593534728.0,100.0,111516493870.0
2019-05-11,ZCH06N91,ST12000NM0007,12000138625024,0,79.0,72249176.0,98.0,0.0,100.0,2.0,100.0,0.0,89.0,773588567.0,85.0,13436.0,100.0,0.0,100.0,1.0,,,,,100.0,0.0,100.0,0.0,,,78.0,22.0,,,100.0,192.0,100.0,645.0,22.0,22.0,100.0,0.0,100.0,0.0,200.0,0.0,100.0,13345.0,100.0,63647310744.0,100.0,111718025646.0
2019-05-12,ZCH06N91,ST12000NM0007,12000138625024,0,78.0,58376424.0,98.0,0.0,100.0,2.0,100.0,0.0,89.0,775924823.0,85.0,13467.0,100.0,0.0,100.0,1.0,,,,,100.0,0.0,100.0,0.0,,,79.0,21.0,,,100.0,194.0,100.0,647.0,21.0,21.0,100.0,0.0,100.0,0.0,200.0,0.0,100.0,13376.0,100.0,63691478624.0,100.0,111904125806.0
2019-05-13,ZCH06N91,ST12000NM0007,12000138625024,0,83.0,198908200.0,98.0,0.0,100.0,2.0,100.0,0.0,89.0,777362877.0,85.0,13483.0,100.0,0.0,100.0,1.0,,,,,100.0,0.0,100.0,0.0,,,78.0,22.0,,,100.0,194.0,100.0,647.0,22.0,22.0,100.0,0.0,100.0,0.0,200.0,0.0,100.0,13392.0,100.0,63724656344.0,100.0,112011479862.0
2019-05-14,ZCH06N91,ST12000NM0007,12000138625024,0,64.0,2524936.0,98.0,0.0,100.0,2.0,100.0,0.0,89.0,781799593.0,85.0,13515.0,100.0,0.0,100.0,1.0,,,,,100.0,0.0,100.0,0.0,,,79.0,21.0,,,100.0,195.0,100.0,649.0,21.0,21.0,100.0,0.0,100.0,0.0,200.0,0.0,100.0,13424.0,100.0,63779882560.0,100.0,112248152006.0
2019-05-15,ZCH06N91,ST12000NM0007,12000138625024,0,82.0,142495856.0,98.0,0.0,100.0,2.0,100.0,0.0,89.0,783201896.0,85.0,13531.0,100.0,0.0,100.0,1.0,,,,,100.0,0.0,100.0,0.0,,,77.0,23.0,,,100.0,195.0,100.0,649.0,23.0,23.0,100.0,0.0,100.0,0.0,200.0,0.0,100.0,13439.0,100.0,63812348784.0,100.0,112355656702.0
2019-05-16,ZCH06N91,ST12000NM0007,12000138625024,0,81.0,121751368.0,98.0,0.0,100.0,2.0,100.0,0.0,89.0,787472679.0,85.0,13563.0,100.0,0.0,100.0,1.0,,,,,100.0,0.0,100.0,0.0,,,79.0,21.0,,,100.0,197.0,100.0,652.0,21.0,21.0,100.0,0.0,100.0,0.0,200.0,0.0,100.0,13471.0,100.0,63867608480.0,100.0,112523793270.0
2019-05-17,ZCH06N91,ST12000NM0007,12000138625024,0,84.0,236096728.0,98.0,0.0,100.0,2.0,100.0,0.0,89.0,789052491.0,85.0,13578.0,100.0,0.0,100.0,1.0,,,,,100.0,0.0,100.0,0.0,,,78.0,22.0,,,100.0,197.0,100.0,652.0,22.0,22.0,100.0,0.0,100.0,0.0,200.0,0.0,100.0,13487.0,100.0,63902066648.0,100.0,112603680462.0
2019-05-18,ZCH06N91,ST12000NM0007,12000138625024,0,71.0,11611088.0,97.0,0.0,100.0,3.0,100.0,0.0,89.0,792122544.0,85.0,13610.0,100.0,0.0,100.0,2.0,,,,,100.0,0.0,100.0,0.0,,,77.0,23.0,,,100.0,198.0,100.0,656.0,23.0,23.0,100.0,0.0,100.0,0.0,200.0,0.0,100.0,13518.0,100.0,63969683936.0,100.0,112799858976.0
2019-05-19,ZCH06N91,ST12000NM0007,12000138625024,0,82.0,162570696.0,97.0,0.0,100.0,3.0,100.0,0.0,89.0,793661435.0,85.0,13626.0,100.0,0.0,100.0,2.0,,,,,100.0,0.0,100.0,0.0,,,77.0,23.0,,,100.0,198.0,100.0,656.0,23.0,23.0,100.0,0.0,100.0,0.0,200.0,0.0,100.0,13533.0,100.0,64002807632.0,100.0,112917694888.0
2019-05-20,ZCH06N91,ST12000NM0007,12000138625024,0,83.0,213197336.0,97.0,0.0,100.0,3.0,100.0,0.0,89.0,796828254.0,85.0,13657.0,100.0,0.0,100.0,2.0,,,,,100.0,0.0,100.0,0.0,,,77.0,23.0,,,100.0,198.0,100.0,658.0,23.0,23.0,100.0,0.0,100.0,0.0,200.0,0.0,100.0,13565.0,100.0,64066670112.0,100.0,113148599992.0
2019-05-21,ZCH06N91,ST12000NM0007,12000138625024,0,81.0,116671336.0,97.0,0.0,100.0,3.0,100.0,0.0,89.0,799558790.0,85.0,13673.0,100.0,0.0,100.0,2.0,,,,,100.0,0.0,100.0,0.0,,,77.0,23.0,,,100.0,198.0,100.0,658.0,23.0,23.0,100.0,0.0,100.0,0.0,200.0,0.0,100.0,13581.0,100.0,64097062952.0,100.0,113265821784.0
2019-05-22,ZCH06N91,ST12000NM0007,12000138625024,0,83.0,202381264.0,97.0,0.0,100.0,3.0,100.0,0.0,89.0,805136897.0,85.0,13705.0,100.0,0.0,100.0,2.0,,,,,100.0,0.0,100.0,0.0,,,77.0,23.0,,,100.0,199.0,100.0,660.0,23.0,23.0,100.0,0.0,100.0,0.0,200.0,0.0,100.0,13612.0,100.0,64168131168.0,100.0,113524604128.0
2019-05-23,ZCH06N91,ST12000NM0007,12000138625024,0,100.0,1317176.0,97.0,0.0,100.0,3.0,100.0,0.0,89.0,809799312.0,85.0,13737.0,100.0,0.0,100.0,2.0,,,,,100.0,0.0,100.0,0.0,,,78.0,22.0,,,100.0,200.0,100.0,661.0,22.0,22.0,100.0,0.0,100.0,0.0,200.0,0.0,100.0,13644.0,100.0,64268766888.0,100.0,113711185608.0
2019-05-24,ZCH06N91,ST12000NM0007,12000138625024,0,81.0,113532336.0,97.0,0.0,100.0,3.0,100.0,0.0,89.0,811280939.0,85.0,13753.0,100.0,0.0,100.0,2.0,,,,,100.0,0.0,100.0,0.0,,,79.0,21.0,,,100.0,201.0,100.0,662.0,21.0,21.0,100.0,0.0,100.0,0.0,200.0,0.0,100.0,13660.0,100.0,64307127112.0,100.0,113785040544.0
2019-05-25,ZCH06N91,ST12000NM0007,12000138625024,0,79.0,75784936.0,97.0,0.0,100.0,3.0,100.0,0.0,89.0,813814931.0,85.0,13784.0,100.0,0.0,100.0,2.0,,,,,100.0,0.0,100.0,0.0,,,78.0,22.0,,,100.0,202.0,100.0,663.0,22.0,22.0,100.0,0.0,100.0,0.0,200.0,0.0,100.0,13691.0,100.0,64363860168.0,100.0,113934701008.0
2019-05-26,ZCH06N91,ST12000NM0007,12000138625024,0,83.0,209014000.0,97.0,0.0,100.0,3.0,100.0,0.0,89.0,815327195.0,85.0,13800.0,100.0,0.0,100.0,2.0,,,,,100.0,0.0,100.0,0.0,,,79.0,21.0,,,100.0,203.0,100.0,664.0,21.0,21.0,100.0,0.0,100.0,0.0,200.0,0.0,100.0,13707.0,100.0,64393096744.0,100.0,114038693496.0
2019-05-27,ZCH06N91,ST12000NM0007,12000138625024,0,83.0,218742064.0,97.0,0.0,100.0,3.0,100.0,0.0,89.0,819551887.0,85.0,13832.0,100.0,0.0,100.0,2.0,,,,,100.0,0.0,100.0,0.0,,,78.0,22.0,,,100.0,203.0,100.0,665.0,22.0,22.0,100.0,0.0,100.0,0.0,200.0,0.0,100.0,13739.0,100.0,64470205488.0,100.0,114215453728.0
2019-05-28,ZCH06N91,ST12000NM0007,12000138625024,0,79.0,79978552.0,97.0,0.0,100.0,3.0,100.0,0.0,89.0,820863813.0,85.0,13848.0,100.0,0.0,100.0,2.0,,,,,100.0,0.0,100.0,0.0,,,79.0,21.0,,,100.0,204.0,100.0,666.0,21.0,21.0,100.0,0.0,100.0,0.0,200.0,0.0,100.0,13755.0,100.0,64503685512.0,100.0,114287350912.0
2019-05-29,ZCH06N91,ST12000NM0007,12000138625024,0,78.0,59127992.0,97.0,0.0,100.0,3.0,100.0,0.0,89.0,823751075.0,85.0,13879.0,100.0,0.0,100.0,2.0,,,,,100.0,0.0,100.0,0.0,,,78.0,22.0,,,100.0,205.0,100.0,667.0,22.0,22.0,100.0,0.0,100.0,0.0,200.0,0.0,100.0,13786.0,100.0,64586561480.0,100.0,114427765104.0
2019-05-30,ZCH06N91,ST12000NM0007,12000138625024,0,82.0,158164464.0,97.0,0.0,100.0,3.0,100.0,0.0,89.0,826385638.0,85.0,13895.0,100.0,0.0,100.0,2.0,,,,,100.0,0.0,100.0,0.0,,,78.0,22.0,,,100.0,206.0,100.0,668.0,22.0,22.0,100.0,0.0,100.0,0.0,200.0,0.0,100.0,13802.0,100.0,64624473328.0,100.0,114488889728.0
2019-05-31,ZCH06N91,ST12000NM0007,12000138625024,0,82.0,157412384.0,97.0,0.0,100.0,3.0,100.0,0.0,89.0,829665098.0,85.0,13927.0,100.0,0.0,100.0,2.0,,,,,100.0,0.0,100.0,0.0,,,78.0,22.0,,,100.0,206.0,100.0,670.0,22.0,22.0,100.0,0.0,100.0,0.0,200.0,0.0,100.0,13834.0,100.0,64703666896.0,100.0,114653084952.0
2019-06-01,ZCH06N91,ST12000NM0007,12000138625024,0,75.0,29585960.0,97.0,0.0,100.0,3.0,100.0,0.0,89.0,831124695.0,85.0,13943.0,100.0,0.0,100.0,2.0,,,,,100.0,0.0,100.0,0.0,,,78.0,22.0,,,100.0,206.0,100.0,670.0,22.0,22.0,100.0,0.0,100.0,0.0,200.0,0.0,100.0,13849.0,100.0,64738845152.0,100.0,114734220904.0
2019-06-02,ZCH06N91,ST12000NM0007,12000138625024,0,79.0,73637680.0,97.0,0.0,100.0,3.0,100.0,0.0,89.0,834465327.0,85.0,13974.0,100.0,0.0,100.0,2.0,,,,,100.0,0.0,100.0,0.0,,,79.0,21.0,,,100.0,207.0,100.0,672.0,21.0,21.0,100.0,0.0,100.0,0.0,200.0,0.0,100.0,13881.0,100.0,64824426184.0,100.0,114936832384.0
2019-06-03,ZCH06N91,ST12000NM0007,12000138625024,0,83.0,215390664.0,97.0,0.0,100.0,3.0,100.0,0.0,89.0,836097198.0,85.0,13990.0,100.0,0.0,100.0,2.0,,,,,100.0,0.0,100.0,0.0,,,78.0,22.0,,,100.0,207.0,100.0,672.0,22.0,22.0,100.0,0.0,100.0,0.0,200.0,0.0,100.0,13897.0,100.0,64856829160.0,100.0,115046182392.0
2019-06-04,ZCH06N91,ST12000NM0007,12000138625024,0,77.0,44762320.0,97.0,0.0,100.0,3.0,100.0,0.0,89.0,840766866.0,84.0,14022.0,100.0,0.0,100.0,2.0,,,,,100.0,0.0,100.0,0.0,,,79.0,21.0,,,100.0,209.0,100.0,674.0,21.0,21.0,100.0,0.0,100.0,0.0,200.0,0.0,100.0,13928.0,100.0,64939133320.0,100.0,115281531416.0
2019-06-05,ZCH06N91,ST12000NM0007,12000138625024,0,83.0,185659656.0,97.0,0.0,100.0,3.0,100.0,0.0,89.0,842368200.0,84.0,14038.0,100.0,0.0,100.0,2.0,,,,,100.0,0.0,100.0,0.0,,,78.0,22.0,,,100.0,209.0,100.0,674.0,22.0,22.0,100.0,0.0,100.0,0.0,200.0,0.0,100.0,13944.0,100.0,64967377744.0,100.0,115394184328.0
2019-06-06,ZCH06N91,ST12000NM0007,12000138625024,0,82.0,148091136.0,97.0,0.0,100.0,3.0,100.0,0.0,89.0,844889580.0,84.0,14054.0,100.0,0.0,100.0,2.0,,,,,100.0,0.0,100.0,0.0,,,79.0,21.0,,,100.0,210.0,100.0,676.0,21.0,21.0,100.0,0.0,100.0,0.0,200.0,0.0,100.0,13959.0,100.0,65009500968.0,100.0,115558633440.0
2019-06-07,ZCH06N91,ST12000NM0007,12000138625024,0,83.0,179846920.0,97.0,0.0,100.0,3.0,100.0,0.0,89.0,848668445.0,84.0,14085.0,100.0,0.0,100.0,2.0,,,,,100.0,0.0,100.0,0.0,,,79.0,21.0,,,100.0,211.0,100.0,677.0,21.0,21.0,100.0,0.0,100.0,0.0,200.0,0.0,100.0,13991.0,100.0,65080302472.0,100.0,115763728688.0
2019-06-08,ZCH06N91,ST12000NM0007,12000138625024,0,83.0,220144248.0,97.0,0.0,100.0,3.0,100.0,0.0,89.0,851802954.0,84.0,14117.0,100.0,0.0,100.0,2.0,,,,,100.0,0.0,100.0,0.0,,,79.0,21.0,,,100.0,212.0,100.0,678.0,21.0,21.0,100.0,0.0,100.0,0.0,200.0,0.0,100.0,14023.0,100.0,65166426288.0,100.0,115962042936.0
2019-06-09,ZCH06N91,ST12000NM0007,12000138625024,0,81.0,120620096.0,97.0,0.0,100.0,3.0,100.0,0.0,89.0,853422199.0,84.0,14133.0,100.0,0.0,100.0,2.0,,,,,100.0,0.0,100.0,0.0,,,79.0,21.0,,,100.0,213.0,100.0,679.0,21.0,21.0,100.0,0.0,100.0,0.0,200.0,0.0,100.0,14039.0,100.0,65204436416.0,100.0,116068649320.0
2019-06-10,ZCH06N91,ST12000NM0007,12000138625024,0,69.0,7845096.0,97.0,0.0,100.0,3.0,100.0,0.0,89.0,859290304.0,84.0,14165.0,100.0,0.0,100.0,2.0,,,,,100.0,0.0,100.0,0.0,,,79.0,21.0,,,100.0,214.0,100.0,680.0,21.0,21.0,100.0,0.0,100.0,0.0,200.0,0.0,100.0,14070.0,100.0,65290869432.0,100.0,116357722728.0
2019-06-11,ZCH06N91,ST12000NM0007,12000138625024,0,82.0,156629672.0,97.0,0.0,100.0,3.0,100.0,0.0,89.0,860860962.0,84.0,14181.0,100.0,0.0,100.0,2.0,,,,,100.0,0.0,100.0,0.0,,,79.0,21.0,,,100.0,214.0,100.0,681.0,21.0,21.0,100.0,0.0,100.0,0.0,200.0,0.0,100.0,14086.0,100.0,65329478840.0,100.0,116467897896.0
2019-06-12,ZCH06N91,ST12000NM0007,12000138625024,0,83.0,212875664.0,97.0,0.0,100.0,3.0,100.0,0.0,89.0,864083087.0,84.0,14212.0,100.0,0.0,100.0,2.0,,,,,100.0,0.0,100.0,0.0,,,79.0,21.0,,,100.0,215.0,100.0,683.0,21.0,21.0,100.0,0.0,100.0,0.0,200.0,0.0,100.0,14118.0,100.0,65416478928.0,100.0,116681284432.0
2019-06-13,ZCH06N91,ST12000NM0007,12000138625024,0,81.0,139821616.0,97.0,0.0,100.0,3.0,100.0,0.0,89.0,867364894.0,84.0,14228.0,100.0,0.0,100.0,2.0,,,,,100.0,0.0,100.0,0.0,,,79.0,21.0,,,100.0,215.0,100.0,683.0,21.0,21.0,100.0,0.0,100.0,0.0,200.0,0.0,100.0,14134.0,100.0,65480163672.0,100.0,116788686272.0
2019-06-14,ZCH06N91,ST12000NM0007,12000138625024,0,83.0,201296960.0,97.0,0.0,100.0,3.0,100.0,0.0,89.0,870660037.0,84.0,14260.0,100.0,0.0,100.0,2.0,,,,,100.0,0.0,100.0,0.0,,,79.0,21.0,,,100.0,217.0,100.0,685.0,21.0,21.0,100.0,0.0,100.0,0.0,200.0,0.0,100.0,14165.0,100.0,65578926072.0,100.0,116995539968.0
2019-06-15,ZCH06N91,ST12000NM0007,12000138625024,0,80.0,101845256.0,97.0,0.0,100.0,3.0,100.0,0.0,89.0,872327042.0,84.0,14276.0,100.0,0.0,100.0,2.0,,,,,100.0,0.0,100.0,0.0,,,79.0,21.0,,,100.0,217.0,100.0,685.0,21.0,21.0,100.0,0.0,100.0,0.0,200.0,0.0,100.0,14181.0,100.0,65615784872.0,100.0,117103370416.0
2019-06-16,ZCH06N91,ST12000NM0007,12000138625024,0,83.0,185804272.0,97.0,0.0,100.0,3.0,100.0,0.0,89.0,875828129.0,84.0,14308.0,100.0,0.0,100.0,2.0,,,,,100.0,0.0,100.0,0.0,,,79.0,21.0,,,100.0,218.0,100.0,686.0,21.0,21.0,100.0,0.0,100.0,0.0,200.0,0.0,100.0,14213.0,100.0,65717425616.0,100.0,117329829320.0
2019-06-17,ZCH06N91,ST12000NM0007,12000138625024,0,81.0,113862704.0,97.0,0.0,100.0,3.0,100.0,0.0,89.0,877531422.0,84.0,14324.0,100.0,0.0,100.0,2.0,,,,,100.0,0.0,100.0,0.0,,,78.0,22.0,,,100.0,218.0,100.0,687.0,22.0,22.0,100.0,0.0,100.0,0.0,200.0,0.0,100.0,14228.0,100.0,65758325760.0,100.0,117461128416.0
2019-06-18,ZCH06N91,ST12000NM0007,12000138625024,0,83.0,199562372.0,95.0,0.0,100.0,4.0,100.0,0.0,89.0,882322966.0,84.0,14355.0,100.0,0.0,100.0,3.0,,,,,100.0,0.0,100.0,0.0,,,79.0,21.0,,,100.0,218.0,100.0,690.0,21.0,21.0,100.0,0.0,100.0,0.0,200.0,0.0,100.0,14260.0,100.0,65840288872.0,100.0,117709005620.0
2019-06-19,ZCH06N91,ST12000NM0007,12000138625024,0,82.0,144221496.0,95.0,0.0,100.0,4.0,100.0,0.0,89.0,884206814.0,84.0,14371.0,100.0,0.0,100.0,3.0,,,,,100.0,0.0,100.0,0.0,,,79.0,21.0,,,100.0,218.0,100.0,691.0,21.0,21.0,100.0,0.0,100.0,0.0,200.0,0.0,100.0,14276.0,100.0,65898067856.0,100.0,117840026508.0
2019-06-20,ZCH06N91,ST12000NM0007,12000138625024,0,83.0,203275832.0,95.0,0.0,100.0,4.0,100.0,0.0,89.0,888788036.0,84.0,14403.0,100.0,0.0,100.0,3.0,,,,,100.0,0.0,100.0,0.0,,,79.0,21.0,,,100.0,219.0,100.0,692.0,21.0,21.0,100.0,0.0,100.0,0.0,200.0,0.0,100.0,14307.0,100.0,65995117696.0,100.0,118046171828.0
2019-06-21,ZCH06N91,ST12000NM0007,12000138625024,0,81.0,125833056.0,95.0,0.0,100.0,4.0,100.0,0.0,89.0,890493071.0,84.0,14419.0,100.0,0.0,100.0,3.0,,,,,100.0,0.0,100.0,0.0,,,79.0,21.0,,,100.0,219.0,100.0,693.0,21.0,21.0,100.0,0.0,100.0,0.0,200.0,0.0,100.0,14323.0,100.0,66046468192.0,100.0,118161519372.0
2019-06-22,ZCH06N91,ST12000NM0007,12000138625024,0,83.0,205548026.0,94.0,0.0,100.0,5.0,100.0,0.0,90.0,893708594.0,84.0,14451.0,100.0,0.0,100.0,4.0,,,,,100.0,0.0,100.0,0.0,,,79.0,21.0,,,100.0,219.0,100.0,696.0,21.0,21.0,100.0,0.0,100.0,0.0,200.0,0.0,100.0,14355.0,100.0,66136076640.0,100.0,118395766522.0
2019-06-23,ZCH06N91,ST12000NM0007,12000138625024,0,80.0,110310856.0,94.0,0.0,100.0,5.0,100.0,0.0,90.0,895155742.0,84.0,14466.0,100.0,0.0,100.0,4.0,,,,,100.0,0.0,100.0,0.0,,,79.0,21.0,,,100.0,220.0,100.0,697.0,21.0,21.0,100.0,0.0,100.0,0.0,200.0,0.0,100.0,14371.0,100.0,66175139392.0,100.0,118505607282.0
2019-06-24,ZCH06N91,ST12000NM0007,12000138625024,0,81.0,136908472.0,94.0,0.0,100.0,5.0,100.0,0.0,90.0,898730967.0,84.0,14498.0,100.0,0.0,100.0,4.0,,,,,100.0,0.0,100.0,0.0,,,78.0,22.0,,,100.0,221.0,100.0,698.0,22.0,22.0,100.0,0.0,100.0,0.0,200.0,0.0,100.0,14402.0,100.0,66244701760.0,100.0,118706783242.0
2019-06-25,ZCH06N91,ST12000NM0007,12000138625024,0,73.0,21768888.0,94.0,0.0,100.0,5.0,100.0,0.0,90.0,901039896.0,84.0,14514.0,100.0,0.0,100.0,4.0,,,,,100.0,0.0,100.0,0.0,,,79.0,21.0,,,100.0,221.0,100.0,698.0,21.0,21.0,100.0,0.0,100.0,0.0,200.0,0.0,100.0,14418.0,100.0,66286525208.0,100.0,118793960938.0
2019-06-26,ZCH06N91,ST12000NM0007,12000138625024,0,75.0,29671384.0,94.0,0.0,100.0,5.0,100.0,0.0,90.0,904461751.0,84.0,14546.0,100.0,0.0,100.0,4.0,,,,,100.0,0.0,100.0,0.0,,,79.0,21.0,,,100.0,223.0,100.0,700.0,21.0,21.0,100.0,0.0,100.0,0.0,200.0,0.0,100.0,14450.0,100.0,66384547984.0,100.0,118947981442.0
2019-06-27,ZCH06N91,ST12000NM0007,12000138625024,0,80.0,100956360.0,94.0,0.0,100.0,5.0,100.0,0.0,90.0,909146008.0,84.0,14577.0,100.0,0.0,100.0,4.0,,,,,100.0,0.0,100.0,0.0,,,79.0,21.0,,,100.0,224.0,100.0,701.0,21.0,21.0,100.0,0.0,100.0,0.0,200.0,0.0,100.0,14481.0,100.0,66474551536.0,100.0,119173404010.0
2019-06-28,ZCH06N91,ST12000NM0007,12000138625024,0,75.0,32919728.0,94.0,0.0,100.0,5.0,100.0,0.0,90.0,910890467.0,84.0,14593.0,100.0,0.0,100.0,4.0,,,,,100.0,0.0,100.0,0.0,,,79.0,21.0,,,100.0,224.0,100.0,702.0,21.0,21.0,100.0,0.0,100.0,0.0,200.0,0.0,100.0,14497.0,100.0,66526237160.0,100.0,119297822450.0
2019-06-29,ZCH06N91,ST12000NM0007,12000138625024,0,83.0,195117826.0,94.0,0.0,100.0,5.0,100.0,0.0,90.0,914648779.0,84.0,14625.0,100.0,0.0,100.0,4.0,,,,,100.0,0.0,100.0,0.0,,,79.0,21.0,,,100.0,224.0,100.0,703.0,21.0,21.0,100.0,0.0,100.0,0.0,200.0,0.0,100.0,14528.0,100.0,66628568800.0,100.0,119601829900.0
2019-06-30,ZCH06N91,ST12000NM0007,12000138625024,0,82.0,149136416.0,94.0,0.0,100.0,5.0,100.0,0.0,90.0,916379727.0,84.0,14641.0,100.0,0.0,100.0,4.0,,,,,100.0,0.0,100.0,0.0,,,79.0,21.0,,,100.0,225.0,100.0,704.0,21.0,21.0,100.0,0.0,100.0,0.0,200.0,0.0,100.0,14544.0,100.0,66668364664.0,100.0,119760193260.0
2019-07-01,ZCH06N91,ST12000NM0007,12000138625024,0,83.0,178755968.0,94.0,0.0,100.0,5.0,100.0,0.0,90.0,923987585.0,84.0,14672.0,100.0,0.0,100.0,4.0,,,,,100.0,0.0,100.0,0.0,,,79.0,21.0,,,100.0,225.0,100.0,705.0,21.0,21.0,100.0,0.0,100.0,0.0,200.0,0.0,100.0,14575.0,100.0,66784754944.0,100.0,120161704236.0
2019-07-02,ZCH06N91,ST12000NM0007,12000138625024,0,82.0,168045480.0,94.0,0.0,100.0,5.0,100.0,0.0,90.0,925943089.0,84.0,14688.0,100.0,0.0,100.0,4.0,,,,,100.0,0.0,100.0,0.0,,,79.0,21.0,,,100.0,226.0,100.0,706.0,21.0,21.0,100.0,0.0,100.0,0.0,200.0,0.0,100.0,14591.0,100.0,66852959328.0,100.0,120326930116.0
2019-07-03,ZCH06N91,ST12000NM0007,12000138625024,0,82.0,157321320.0,94.0,0.0,100.0,5.0,100.0,0.0,90.0,929964132.0,84.0,14719.0,100.0,0.0,100.0,4.0,,,,,100.0,0.0,100.0,0.0,,,79.0,21.0,,,100.0,226.0,100.0,707.0,21.0,21.0,100.0,0.0,100.0,0.0,200.0,0.0,100.0,14622.0,100.0,66965358784.0,100.0,120692088204.0
2019-07-04,ZCH06N91,ST12000NM0007,12000138625024,0,81.0,126954880.0,94.0,0.0,100.0,5.0,100.0,0.0,90.0,931821530.0,84.0,14735.0,100.0,0.0,100.0,4.0,,,,,100.0,0.0,100.0,0.0,,,78.0,22.0,,,100.0,227.0,100.0,708.0,22.0,22.0,100.0,0.0,100.0,0.0,200.0,0.0,100.0,14638.0,100.0,67010671704.0,100.0,120860549748.0
2019-07-05,ZCH06N91,ST12000NM0007,12000138625024,0,81.0,129666128.0,94.0,0.0,100.0,5.0,100.0,0.0,90.0,936135008.0,84.0,14767.0,100.0,0.0,100.0,4.0,,,,,100.0,0.0,100.0,0.0,,,79.0,21.0,,,100.0,227.0,100.0,709.0,21.0,21.0,100.0,0.0,100.0,0.0,200.0,0.0,100.0,14670.0,100.0,67141782648.0,100.0,121220431748.0
2019-07-06,ZCH06N91,ST12000NM0007,12000138625024,0,81.0,129666128.0,94.0,0.0,100.0,5.0,100.0,0.0,90.0,936135008.0,84.0,14767.0,100.0,0.0,100.0,4.0,,,,,100.0,0.0,100.0,0.0,,,79.0,21.0,,,100.0,227.0,100.0,709.0,21.0,21.0,100.0,0.0,100.0,0.0,200.0,0.0,100.0,14670.0,100.0,67141782648.0,100.0,121220431748.0
2019-07-07,ZCH06N91,ST12000NM0007,12000138625024,0,81.0,129446064.0,91.0,0.0,100.0,7.0,100.0,0.0,90.0,944211224.0,84.0,14808.0,100.0,0.0,100.0,6.0,,,,,100.0,0.0,100.0,0.0,,,77.0,23.0,,,100.0,227.0,100.0,727.0,23.0,23.0,100.0,0.0,100.0,0.0,200.0,0.0,100.0,14703.0,100.0,67268102896.0,100.0,122802876830.0
2019-07-08,ZCH06N91,ST12000NM0007,12000138625024,0,82.0,144317760.0,91.0,0.0,100.0,7.0,100.0,0.0,90.0,948064135.0,84.0,14824.0,100.0,0.0,100.0,6.0,,,,,100.0,0.0,100.0,0.0,,,78.0,22.0,,,100.0,227.0,100.0,727.0,22.0,22.0,100.0,0.0,100.0,0.0,200.0,0.0,100.0,14719.0,100.0,67314794448.0,100.0,123747620014.0
2019-07-09,ZCH06N91,ST12000NM0007,12000138625024,0,82.0,150406368.0,91.0,0.0,100.0,7.0,100.0,0.0,90.0,956088238.0,84.0,14856.0,100.0,0.0,100.0,6.0,,,,,100.0,0.0,100.0,0.0,,,78.0,22.0,,,100.0,227.0,100.0,729.0,22.0,22.0,100.0,0.0,100.0,0.0,200.0,0.0,100.0,14751.0,100.0,67390170368.0,100.0,125143177342.0
2019-07-10,ZCH06N91,ST12000NM0007,12000138625024,0,82.0,168713768.0,91.0,0.0,100.0,7.0,100.0,0.0,90.0,963677672.0,84.0,14887.0,100.0,0.0,100.0,6.0,,,,,100.0,0.0,100.0,0.0,,,79.0,21.0,,,100.0,227.0,100.0,730.0,21.0,21.0,100.0,0.0,100.0,0.0,200.0,0.0,100.0,14782.0,100.0,67515081856.0,100.0,126989699366.0
2019-07-11,ZCH06N91,ST12000NM0007,12000138625024,0,77.0,48191752.0,91.0,0.0,100.0,7.0,100.0,0.0,90.0,966985000.0,83.0,14903.0,100.0,0.0,100.0,6.0,,,,,100.0,0.0,100.0,0.0,,,78.0,22.0,,,100.0,228.0,100.0,731.0,22.0,22.0,100.0,0.0,100.0,0.0,200.0,0.0,100.0,14798.0,100.0,67564229064.0,100.0,127064171006.0
2019-07-12,ZCH06N91,ST12000NM0007,12000138625024,0,79.0,78176192.0,89.0,0.0,100.0,8.0,100.0,0.0,90.0,975190033.0,83.0,14935.0,100.0,0.0,100.0,7.0,,,,,100.0,0.0,100.0,0.0,,,78.0,22.0,,,100.0,228.0,100.0,733.0,22.0,22.0,100.0,0.0,100.0,0.0,200.0,0.0,100.0,14830.0,100.0,67659147480.0,100.0,128708222714.0
2019-07-13,ZCH06N91,ST12000NM0007,12000138625024,0,79.0,87942608.0,89.0,0.0,100.0,8.0,100.0,0.0,90.0,980091877.0,83.0,14951.0,100.0,0.0,100.0,7.0,,,,,100.0,0.0,100.0,0.0,,,78.0,22.0,,,100.0,228.0,100.0,734.0,22.0,22.0,100.0,0.0,100.0,0.0,200.0,0.0,100.0,14846.0,100.0,67709028648.0,100.0,129400530202.0
2019-07-14,ZCH06N91,ST12000NM0007,12000138625024,0,81.0,114638872.0,89.0,0.0,100.0,8.0,100.0,0.0,90.0,989213691.0,83.0,14983.0,100.0,0.0,100.0,7.0,,,,,100.0,0.0,100.0,0.0,,,78.0,22.0,,,100.0,228.0,100.0,735.0,22.0,22.0,100.0,0.0,100.0,0.0,200.0,0.0,100.0,14877.0,100.0,67770121912.0,100.0,130586836962.0
2019-07-15,ZCH06N91,ST12000NM0007,12000138625024,0,83.0,218846232.0,89.0,0.0,100.0,8.0,100.0,0.0,90.0,993353330.0,83.0,14999.0,100.0,0.0,100.0,7.0,,,,,100.0,0.0,100.0,0.0,,,78.0,22.0,,,100.0,228.0,100.0,735.0,22.0,22.0,100.0,0.0,100.0,0.0,200.0,0.0,100.0,14893.0,100.0,67801669848.0,100.0,131147778426.0
2019-07-16,ZCH06N91,ST12000NM0007,12000138625024,0,81.0,124303152.0,89.0,0.0,100.0,8.0,100.0,0.0,63.0,2025737.0,83.0,15030.0,100.0,0.0,100.0,7.0,,,,,100.0,0.0,100.0,0.0,,,78.0,22.0,,,100.0,229.0,100.0,737.0,22.0,22.0,100.0,0.0,100.0,0.0,200.0,0.0,100.0,14925.0,100.0,67866920664.0,100.0,131964547514.0
2019-07-17,ZCH06N91,ST12000NM0007,12000138625024,0,84.0,238742264.0,89.0,0.0,100.0,8.0,100.0,0.0,68.0,6581246.0,83.0,15046.0,100.0,0.0,100.0,7.0,,,,,100.0,0.0,100.0,0.0,,,77.0,23.0,,,100.0,229.0,100.0,738.0,23.0,23.0,100.0,0.0,100.0,0.0,200.0,0.0,100.0,14941.0,100.0,67921239784.0,100.0,132512949122.0
2019-07-18,ZCH06N91,ST12000NM0007,12000138625024,0,79.0,88718728.0,89.0,0.0,100.0,8.0,100.0,0.0,70.0,9851568.0,83.0,15062.0,100.0,0.0,100.0,7.0,,,,,100.0,0.0,100.0,0.0,,,78.0,22.0,,,100.0,229.0,100.0,738.0,22.0,22.0,100.0,0.0,100.0,0.0,200.0,0.0,100.0,14957.0,100.0,67973139584.0,100.0,132799307322.0
2019-07-19,ZCH06N91,ST12000NM0007,12000138625024,0,83.0,187677672.0,89.0,0.0,100.0,8.0,100.0,0.0,73.0,18381295.0,83.0,15094.0,100.0,0.0,100.0,7.0,,,,,100.0,0.0,100.0,0.0,,,77.0,23.0,,,100.0,230.0,100.0,740.0,23.0,23.0,100.0,0.0,100.0,0.0,200.0,0.0,100.0,14988.0,100.0,68080171384.0,100.0,133523656658.0
2019-07-20,ZCH06N91,ST12000NM0007,12000138625024,0,80.0,111291272.0,89.0,0.0,100.0,8.0,100.0,0.0,74.0,23069418.0,83.0,15110.0,100.0,0.0,100.0,7.0,,,,,100.0,0.0,100.0,0.0,,,78.0,22.0,,,100.0,230.0,100.0,740.0,22.0,22.0,100.0,0.0,100.0,0.0,200.0,0.0,100.0,15004.0,100.0,68149053952.0,100.0,134110810346.0
2019-07-21,ZCH06N91,ST12000NM0007,12000138625024,0,83.0,179433080.0,89.0,0.0,100.0,8.0,100.0,0.0,75.0,32491453.0,83.0,15141.0,100.0,0.0,100.0,7.0,,,,,100.0,0.0,100.0,0.0,,,73.0,27.0,,,100.0,230.0,100.0,742.0,27.0,27.0,100.0,0.0,100.0,0.0,200.0,0.0,100.0,15036.0,100.0,68238068992.0,100.0,135310640754.0
2019-07-22,ZCH06N91,ST12000NM0007,12000138625024,0,78.0,64867992.0,89.0,0.0,100.0,8.0,100.0,0.0,76.0,37362558.0,83.0,15157.0,100.0,0.0,100.0,7.0,,,,,100.0,0.0,100.0,0.0,,,78.0,22.0,,,100.0,230.0,100.0,742.0,22.0,22.0,100.0,0.0,100.0,0.0,200.0,0.0,100.0,15051.0,100.0,68274959672.0,100.0,135891607018.0
2019-07-23,ZCH06N91,ST12000NM0007,12000138625024,0,66.0,3896784.0,89.0,0.0,100.0,8.0,100.0,0.0,77.0,46889742.0,83.0,15189.0,100.0,0.0,100.0,7.0,,,,,100.0,0.0,100.0,0.0,,,78.0,22.0,,,100.0,231.0,100.0,744.0,22.0,22.0,100.0,0.0,100.0,0.0,200.0,0.0,100.0,15083.0,100.0,68352093888.0,100.0,136974205474.0
2019-07-24,ZCH06N91,ST12000NM0007,12000138625024,0,79.0,84305352.0,89.0,0.0,100.0,8.0,100.0,0.0,77.0,51611315.0,83.0,15205.0,100.0,0.0,100.0,7.0,,,,,100.0,0.0,100.0,0.0,,,78.0,22.0,,,100.0,231.0,100.0,744.0,22.0,22.0,100.0,0.0,100.0,0.0,200.0,0.0,100.0,15099.0,100.0,68394879248.0,100.0,137500110154.0
2019-07-25,ZCH06N91,ST12000NM0007,12000138625024,0,83.0,189919808.0,89.0,0.0,100.0,8.0,100.0,0.0,78.0,59336026.0,83.0,15236.0,100.0,0.0,100.0,7.0,,,,,100.0,0.0,100.0,0.0,,,78.0,22.0,,,100.0,231.0,100.0,746.0,22.0,22.0,100.0,0.0,100.0,0.0,200.0,0.0,100.0,15130.0,100.0,68468422960.0,100.0,138264602962.0
2019-07-26,ZCH06N91,ST12000NM0007,12000138625024,0,77.0,46678064.0,89.0,0.0,100.0,8.0,100.0,0.0,78.0,67907396.0,83.0,15268.0,100.0,0.0,100.0,7.0,,,,,100.0,0.0,100.0,0.0,,,78.0,22.0,,,100.0,231.0,100.0,747.0,22.0,22.0,100.0,0.0,100.0,0.0,200.0,0.0,100.0,15162.0,100.0,68529110104.0,100.0,139037236770.0
2019-07-27,ZCH06N91,ST12000NM0007,12000138625024,0,77.0,45277680.0,89.0,0.0,100.0,8.0,100.0,0.0,79.0,71842301.0,83.0,15284.0,100.0,0.0,100.0,7.0,,,,,100.0,0.0,100.0,0.0,,,78.0,22.0,,,100.0,231.0,100.0,748.0,22.0,22.0,100.0,0.0,100.0,0.0,200.0,0.0,100.0,15178.0,100.0,68572262704.0,100.0,139480965250.0
2019-07-28,ZCH06N91,ST12000NM0007,12000138625024,0,83.0,195724888.0,89.0,0.0,100.0,8.0,100.0,0.0,79.0,79668404.0,83.0,15316.0,100.0,0.0,100.0,7.0,,,,,100.0,0.0,100.0,0.0,,,78.0,22.0,,,100.0,231.0,100.0,749.0,22.0,22.0,100.0,0.0,100.0,0.0,200.0,0.0,100.0,15209.0,100.0,68654128592.0,100.0,140281968642.0
2019-07-29,ZCH06N91,ST12000NM0007,12000138625024,0,83.0,205498824.0,89.0,0.0,100.0,8.0,100.0,0.0,79.0,83320309.0,83.0,15332.0,100.0,0.0,100.0,7.0,,,,,100.0,0.0,100.0,0.0,,,78.0,22.0,,,100.0,231.0,100.0,749.0,22.0,22.0,100.0,0.0,100.0,0.0,200.0,0.0,100.0,15225.0,100.0,68703859272.0,100.0,140730293578.0
2019-07-30,ZCH06N91,ST12000NM0007,12000138625024,0,82.0,164811768.0,89.0,0.0,100.0,8.0,100.0,0.0,80.0,92315794.0,83.0,15364.0,100.0,0.0,100.0,7.0,,,,,100.0,0.0,100.0,0.0,,,78.0,22.0,,,100.0,231.0,100.0,751.0,22.0,22.0,100.0,0.0,100.0,0.0,200.0,0.0,100.0,15257.0,100.0,68768965344.0,100.0,141601063338.0
2019-07-31,ZCH06N91,ST12000NM0007,12000138625024,0,82.0,176278496.0,89.0,0.0,100.0,8.0,100.0,0.0,80.0,96252166.0,83.0,15379.0,100.0,0.0,100.0,7.0,,,,,100.0,0.0,100.0,0.0,,,78.0,22.0,,,100.0,231.0,100.0,752.0,22.0,22.0,100.0,0.0,100.0,0.0,200.0,0.0,100.0,15272.0,100.0,68809194896.0,100.0,142060581978.0
2019-08-01,ZCH06N91,ST12000NM0007,12000138625024,0,79.0,88608904.0,89.0,0.0,100.0,8.0,100.0,0.0,80.0,103876444.0,83.0,15411.0,100.0,0.0,100.0,7.0,,,,,100.0,0.0,100.0,0.0,,,78.0,22.0,,,100.0,231.0,100.0,753.0,22.0,22.0,100.0,0.0,100.0,0.0,200.0,0.0,100.0,15304.0,100.0,68888604424.0,100.0,142625925130.0
2019-08-02,ZCH06N91,ST12000NM0007,12000138625024,0,81.0,140181376.0,89.0,0.0,100.0,8.0,100.0,0.0,80.0,107699964.0,83.0,15427.0,100.0,0.0,100.0,7.0,,,,,100.0,0.0,100.0,0.0,,,78.0,22.0,,,100.0,231.0,100.0,753.0,22.0,22.0,100.0,0.0,100.0,0.0,200.0,0.0,100.0,15320.0,100.0,68932859192.0,100.0,143121524290.0
2019-08-03,ZCH06N91,ST12000NM0007,12000138625024,0,100.0,155560.0,89.0,0.0,100.0,8.0,100.0,0.0,81.0,115578225.0,83.0,15458.0,100.0,0.0,100.0,7.0,,,,,100.0,0.0,100.0,0.0,,,77.0,23.0,,,100.0,232.0,100.0,755.0,23.0,23.0,100.0,0.0,100.0,0.0,200.0,0.0,100.0,15351.0,100.0,69003458896.0,100.0,144131602266.0
2019-08-04,ZCH06N91,ST12000NM0007,12000138625024,0,75.0,31932632.0,89.0,0.0,100.0,8.0,100.0,0.0,81.0,119685926.0,83.0,15474.0,100.0,0.0,100.0,7.0,,,,,100.0,0.0,100.0,0.0,,,77.0,23.0,,,100.0,232.0,100.0,755.0,23.0,23.0,100.0,0.0,100.0,0.0,200.0,0.0,100.0,15367.0,100.0,69036406608.0,100.0,144618713346.0
2019-08-05,ZCH06N91,ST12000NM0007,12000138625024,0,80.0,94237768.0,89.0,0.0,100.0,8.0,100.0,0.0,81.0,127986690.0,83.0,15506.0,100.0,0.0,100.0,7.0,,,,,100.0,0.0,100.0,0.0,,,77.0,23.0,,,100.0,232.0,100.0,757.0,23.0,23.0,100.0,0.0,100.0,0.0,200.0,0.0,100.0,15399.0,100.0,69134289720.0,100.0,145559698442.0
2019-08-06,ZCH06N91,ST12000NM0007,12000138625024,0,78.0,62738160.0,89.0,0.0,100.0,8.0,100.0,0.0,81.0,133068897.0,83.0,15522.0,100.0,0.0,100.0,7.0,,,,,100.0,0.0,100.0,0.0,,,78.0,22.0,,,100.0,232.0,100.0,757.0,22.0,22.0,100.0,0.0,100.0,0.0,200.0,0.0,100.0,15414.0,100.0,69174649640.0,100.0,145976120402.0
2019-08-07,ZCH06N91,ST12000NM0007,12000138625024,0,80.0,108483552.0,89.0,0.0,100.0,8.0,100.0,0.0,81.0,139360104.0,83.0,15553.0,100.0,0.0,100.0,7.0,,,,,100.0,0.0,100.0,0.0,,,78.0,22.0,,,100.0,232.0,100.0,759.0,22.0,22.0,100.0,0.0,100.0,0.0,200.0,0.0,100.0,15446.0,100.0,69330415936.0,100.0,146598521786.0
2019-08-08,ZCH06N91,ST12000NM0007,12000138625024,0,80.0,103214368.0,89.0,0.0,100.0,8.0,100.0,0.0,82.0,143232973.0,83.0,15569.0,100.0,0.0,100.0,7.0,,,,,100.0,0.0,100.0,0.0,,,78.0,22.0,,,100.0,232.0,100.0,759.0,22.0,22.0,100.0,0.0,100.0,0.0,200.0,0.0,100.0,15462.0,100.0,69371653760.0,100.0,146796155482.0
2019-08-09,ZCH06N91,ST12000NM0007,12000138625024,0,79.0,74073312.0,89.0,0.0,100.0,8.0,100.0,0.0,82.0,147712712.0,83.0,15601.0,100.0,0.0,100.0,7.0,,,,,100.0,0.0,100.0,0.0,,,78.0,22.0,,,100.0,232.0,100.0,761.0,22.0,22.0,100.0,0.0,100.0,0.0,200.0,0.0,100.0,15493.0,100.0,69437043136.0,100.0,147189906498.0
2019-08-10,ZCH06N91,ST12000NM0007,12000138625024,0,83.0,213197216.0,89.0,0.0,100.0,8.0,100.0,0.0,82.0,151881182.0,83.0,15633.0,100.0,0.0,100.0,7.0,,,,,100.0,0.0,100.0,0.0,,,79.0,21.0,,,100.0,232.0,100.0,762.0,21.0,21.0,100.0,0.0,100.0,0.0,200.0,0.0,100.0,15525.0,100.0,69513232400.0,100.0,147496981778.0
2019-08-11,ZCH06N91,ST12000NM0007,12000138625024,0,80.0,108826512.0,89.0,0.0,100.0,8.0,100.0,0.0,82.0,153331794.0,83.0,15649.0,100.0,0.0,100.0,7.0,,,,,100.0,0.0,100.0,0.0,,,79.0,21.0,,,100.0,233.0,100.0,763.0,21.0,21.0,100.0,0.0,100.0,0.0,200.0,0.0,100.0,15541.0,100.0,69541994264.0,100.0,147607989850.0
2019-08-12,ZCH06N91,ST12000NM0007,12000138625024,0,78.0,65152296.0,89.0,0.0,100.0,8.0,100.0,0.0,82.0,158791355.0,83.0,15680.0,100.0,0.0,100.0,7.0,,,,,100.0,0.0,100.0,0.0,,,78.0,22.0,,,100.0,234.0,100.0,764.0,22.0,22.0,100.0,0.0,100.0,0.0,200.0,0.0,100.0,15572.0,100.0,69665766072.0,100.0,147928825322.0
2019-08-13,ZCH06N91,ST12000NM0007,12000138625024,0,65.0,3131936.0,89.0,0.0,100.0,8.0,100.0,0.0,82.0,160689361.0,83.0,15696.0,100.0,0.0,100.0,7.0,,,,,100.0,0.0,100.0,0.0,,,79.0,21.0,,,100.0,234.0,100.0,765.0,21.0,21.0,100.0,0.0,100.0,0.0,200.0,0.0,100.0,15588.0,100.0,69700477440.0,100.0,148076234562.0
2019-08-14,ZCH06N91,ST12000NM0007,12000138625024,0,83.0,204454864.0,89.0,0.0,100.0,8.0,100.0,0.0,82.0,162487605.0,83.0,15712.0,100.0,0.0,100.0,7.0,,,,,100.0,0.0,100.0,0.0,,,79.0,21.0,,,100.0,234.0,100.0,765.0,21.0,21.0,100.0,0.0,100.0,0.0,200.0,0.0,100.0,15604.0,100.0,69738944200.0,100.0,148239090730.0
2019-08-15,ZCH06N91,ST12000NM0007,12000138625024,0,84.0,225502408.0,89.0,0.0,100.0,8.0,100.0,0.0,82.0,167573826.0,83.0,15744.0,100.0,0.0,100.0,7.0,,,,,100.0,0.0,100.0,0.0,,,78.0,22.0,,,100.0,234.0,100.0,767.0,22.0,22.0,100.0,0.0,100.0,0.0,200.0,0.0,100.0,15635.0,100.0,69828234360.0,100.0,148659129738.0
2019-08-16,ZCH06N91,ST12000NM0007,12000138625024,0,84.0,231058736.0,89.0,0.0,100.0,8.0,100.0,0.0,82.0,169968362.0,83.0,15759.0,100.0,0.0,100.0,7.0,,,,,100.0,0.0,100.0,0.0,,,79.0,21.0,,,100.0,234.0,100.0,768.0,21.0,21.0,100.0,0.0,100.0,0.0,200.0,0.0,100.0,15651.0,100.0,69871826192.0,100.0,148865234986.0
2019-08-17,ZCH06N91,ST12000NM0007,12000138625024,0,82.0,164344432.0,89.0,0.0,100.0,8.0,100.0,0.0,82.0,173677799.0,82.0,15791.0,100.0,0.0,100.0,7.0,,,,,100.0,0.0,100.0,0.0,,,78.0,22.0,,,100.0,234.0,100.0,769.0,22.0,22.0,100.0,0.0,100.0,0.0,200.0,0.0,100.0,15683.0,100.0,69952819168.0,100.0,149205809266.0
2019-08-18,ZCH06N91,ST12000NM0007,12000138625024,0,82.0,173155096.0,89.0,0.0,100.0,8.0,100.0,0.0,82.0,175737250.0,82.0,15807.0,100.0,0.0,100.0,7.0,,,,,100.0,0.0,100.0,0.0,,,79.0,21.0,,,100.0,235.0,100.0,770.0,21.0,21.0,100.0,0.0,100.0,0.0,200.0,0.0,100.0,15698.0,100.0,69994787712.0,100.0,149416792266.0
2019-08-19,ZCH06N91,ST12000NM0007,12000138625024,0,82.0,148206840.0,89.0,0.0,100.0,8.0,100.0,0.0,83.0,179534016.0,82.0,15838.0,100.0,0.0,100.0,7.0,,,,,100.0,0.0,100.0,0.0,,,79.0,21.0,,,100.0,235.0,100.0,771.0,21.0,21.0,100.0,0.0,100.0,0.0,200.0,0.0,100.0,15730.0,100.0,70082044648.0,100.0,149792869314.0
2019-08-20,ZCH06N91,ST12000NM0007,12000138625024,0,82.0,172096688.0,89.0,0.0,100.0,8.0,100.0,0.0,83.0,187225963.0,82.0,15870.0,100.0,0.0,100.0,7.0,,,,,100.0,0.0,100.0,0.0,,,79.0,21.0,,,100.0,236.0,100.0,773.0,21.0,21.0,100.0,0.0,100.0,0.0,200.0,0.0,100.0,15761.0,100.0,70165036288.0,100.0,150222048930.0
2019-08-21,ZCH06N91,ST12000NM0007,12000138625024,0,82.0,142129528.0,89.0,0.0,100.0,8.0,100.0,0.0,83.0,188881821.0,82.0,15886.0,100.0,0.0,100.0,7.0,,,,,100.0,0.0,100.0,0.0,,,79.0,21.0,,,100.0,236.0,100.0,773.0,21.0,21.0,100.0,0.0,100.0,0.0,200.0,0.0,100.0,15777.0,100.0,70198871000.0,100.0,150402387786.0
2019-08-22,ZCH06N91,ST12000NM0007,12000138625024,0,76.0,36959376.0,89.0,0.0,100.0,8.0,100.0,0.0,83.0,194643801.0,82.0,15918.0,100.0,0.0,100.0,7.0,,,,,100.0,0.0,100.0,0.0,,,79.0,21.0,,,100.0,237.0,100.0,775.0,21.0,21.0,100.0,0.0,100.0,0.0,200.0,0.0,100.0,15808.0,100.0,70261078896.0,100.0,150723291242.0
2019-08-23,ZCH06N91,ST12000NM0007,12000138625024,0,74.0,23364768.0,89.0,0.0,100.0,8.0,100.0,0.0,83.0,196900574.0,82.0,15933.0,100.0,0.0,100.0,7.0,,,,,100.0,0.0,100.0,0.0,,,79.0,21.0,,,100.0,237.0,100.0,775.0,21.0,21.0,100.0,0.0,100.0,0.0,200.0,0.0,100.0,15824.0,100.0,70293661208.0,100.0,150921255138.0
2019-08-24,ZCH06N91,ST12000NM0007,12000138625024,0,84.0,225132656.0,89.0,0.0,100.0,8.0,100.0,0.0,83.0,200331325.0,82.0,15965.0,100.0,0.0,100.0,7.0,,,,,100.0,0.0,100.0,0.0,,,79.0,21.0,,,100.0,238.0,100.0,777.0,21.0,21.0,100.0,0.0,100.0,0.0,200.0,0.0,100.0,15856.0,100.0,70355795944.0,100.0,151305028962.0
2019-08-25,ZCH06N91,ST12000NM0007,12000138625024,0,83.0,215954832.0,89.0,0.0,100.0,8.0,100.0,0.0,83.0,202251410.0,82.0,15981.0,100.0,0.0,100.0,7.0,,,,,100.0,0.0,100.0,0.0,,,79.0,21.0,,,100.0,238.0,100.0,777.0,21.0,21.0,100.0,0.0,100.0,0.0,200.0,0.0,100.0,15872.0,100.0,70402852600.0,100.0,151492935194.0
2019-08-26,ZCH06N91,ST12000NM0007,12000138625024,0,77.0,51156984.0,89.0,0.0,100.0,8.0,100.0,0.0,83.0,210537041.0,82.0,16028.0,100.0,0.0,100.0,7.0,,,,,100.0,0.0,100.0,0.0,,,79.0,21.0,,,100.0,239.0,100.0,779.0,21.0,21.0,100.0,0.0,100.0,0.0,200.0,0.0,100.0,15919.0,100.0,70575666176.0,100.0,152131886650.0
2019-08-27,ZCH06N91,ST12000NM0007,12000138625024,0,77.0,51156984.0,89.0,0.0,100.0,8.0,100.0,0.0,83.0,210537041.0,82.0,16028.0,100.0,0.0,100.0,7.0,,,,,100.0,0.0,100.0,0.0,,,79.0,21.0,,,100.0,239.0,100.0,779.0,21.0,21.0,100.0,0.0,100.0,0.0,200.0,0.0,100.0,15919.0,100.0,70575666176.0,100.0,152131886650.0
2019-08-28,ZCH06N91,ST12000NM0007,12000138625024,0,77.0,55838240.0,89.0,0.0,100.0,8.0,100.0,0.0,83.0,214669677.0,82.0,16060.0,100.0,0.0,100.0,7.0,,,,,100.0,0.0,100.0,0.0,,,79.0,21.0,,,100.0,239.0,100.0,781.0,21.0,21.0,100.0,0.0,100.0,0.0,200.0,0.0,100.0,15950.0,100.0,70674598744.0,100.0,152525916818.0
2019-08-29,ZCH06N91,ST12000NM0007,12000138625024,0,84.0,229196240.0,89.0,0.0,100.0,8.0,100.0,0.0,83.0,218260199.0,82.0,16076.0,100.0,0.0,100.0,7.0,,,,,100.0,0.0,100.0,0.0,,,79.0,21.0,,,100.0,239.0,100.0,781.0,21.0,21.0,100.0,0.0,100.0,0.0,200.0,0.0,100.0,15966.0,100.0,70724018064.0,100.0,152649855498.0
2019-08-30,ZCH06N91,ST12000NM0007,12000138625024,0,83.0,204457688.0,89.0,0.0,100.0,8.0,100.0,0.0,83.0,221858381.0,82.0,16108.0,100.0,0.0,100.0,7.0,,,,,100.0,0.0,100.0,0.0,,,79.0,21.0,,,100.0,239.0,100.0,783.0,21.0,21.0,100.0,0.0,100.0,0.0,200.0,0.0,100.0,15998.0,100.0,70799899608.0,100.0,153037516954.0
2019-08-31,ZCH06N91,ST12000NM0007,12000138625024,0,83.0,189077304.0,89.0,0.0,100.0,8.0,100.0,0.0,83.0,223697689.0,82.0,16123.0,100.0,0.0,100.0,7.0,,,,,100.0,0.0,100.0,0.0,,,79.0,21.0,,,100.0,239.0,100.0,783.0,21.0,21.0,100.0,0.0,100.0,0.0,200.0,0.0,100.0,16013.0,100.0,70839333320.0,100.0,153226843706.0
2019-09-01,ZCH06N91,ST12000NM0007,12000138625024,0,82.0,170876944.0,89.0,0.0,100.0,8.0,100.0,0.0,84.0,227187152.0,82.0,16155.0,100.0,0.0,100.0,7.0,,,,,100.0,0.0,100.0,0.0,,,79.0,21.0,,,100.0,239.0,100.0,785.0,21.0,21.0,100.0,0.0,100.0,0.0,200.0,0.0,100.0,16045.0,100.0,70896524952.0,100.0,153639733362.0
2019-09-02,ZCH06N91,ST12000NM0007,12000138625024,0,82.0,149290528.0,89.0,0.0,100.0,8.0,100.0,0.0,84.0,228792676.0,82.0,16171.0,100.0,0.0,100.0,7.0,,,,,100.0,0.0,100.0,0.0,,,79.0,21.0,,,100.0,239.0,100.0,785.0,21.0,21.0,100.0,0.0,100.0,0.0,200.0,0.0,100.0,16061.0,100.0,70923604128.0,100.0,153835208850.0
2019-09-03,ZCH06N91,ST12000NM0007,12000138625024,0,81.0,119258976.0,89.0,0.0,100.0,8.0,100.0,0.0,84.0,233792606.0,82.0,16203.0,100.0,0.0,100.0,7.0,,,,,100.0,0.0,100.0,0.0,,,79.0,21.0,,,100.0,240.0,100.0,787.0,21.0,21.0,100.0,0.0,100.0,0.0,200.0,0.0,100.0,16092.0,100.0,70991318760.0,100.0,154225744202.0
2019-09-04,ZCH06N91,ST12000NM0007,12000138625024,0,79.0,74314504.0,89.0,0.0,100.0,8.0,100.0,0.0,84.0,235292310.0,82.0,16219.0,100.0,0.0,100.0,7.0,,,,,100.0,0.0,100.0,0.0,,,79.0,21.0,,,100.0,240.0,100.0,787.0,21.0,21.0,100.0,0.0,100.0,0.0,200.0,0.0,100.0,16108.0,100.0,71021125088.0,100.0,154395134178.0
2019-09-05,ZCH06N91,ST12000NM0007,12000138625024,0,82.0,156848008.0,89.0,0.0,100.0,8.0,100.0,0.0,84.0,239986156.0,82.0,16250.0,100.0,0.0,100.0,7.0,,,,,100.0,0.0,100.0,0.0,,,79.0,21.0,,,100.0,241.0,100.0,789.0,21.0,21.0,100.0,0.0,100.0,0.0,200.0,0.0,100.0,16139.0,100.0,71074675640.0,100.0,154668257962.0
2019-09-06,ZCH06N91,ST12000NM0007,12000138625024,0,80.0,90565496.0,89.0,0.0,100.0,8.0,100.0,0.0,84.0,244949469.0,82.0,16282.0,100.0,0.0,100.0,7.0,,,,,100.0,0.0,100.0,0.0,,,79.0,21.0,,,100.0,241.0,100.0,790.0,21.0,21.0,100.0,0.0,100.0,0.0,200.0,0.0,100.0,16171.0,100.0,71121412248.0,100.0,155043520338.0
2019-09-07,ZCH06N91,ST12000NM0007,12000138625024,0,79.0,73978040.0,89.0,0.0,100.0,8.0,100.0,0.0,84.0,247426067.0,82.0,16298.0,100.0,0.0,100.0,7.0,,,,,100.0,0.0,100.0,0.0,,,78.0,22.0,,,100.0,242.0,100.0,791.0,22.0,22.0,100.0,0.0,100.0,0.0,200.0,0.0,100.0,16187.0,100.0,71152295664.0,100.0,155240190122.0
2019-09-08,ZCH06N91,ST12000NM0007,12000138625024,0,71.0,12475976.0,89.0,0.0,100.0,8.0,100.0,0.0,84.0,251599338.0,82.0,16329.0,100.0,0.0,100.0,7.0,,,,,100.0,0.0,100.0,0.0,,,78.0,22.0,,,100.0,242.0,100.0,792.0,22.0,22.0,100.0,0.0,100.0,0.0,200.0,0.0,100.0,16218.0,100.0,71204044248.0,100.0,155615220930.0
2019-09-09,ZCH06N91,ST12000NM0007,12000138625024,0,78.0,56395840.0,89.0,0.0,100.0,8.0,100.0,0.0,84.0,254909077.0,82.0,16345.0,100.0,0.0,100.0,7.0,,,,,100.0,0.0,100.0,0.0,,,78.0,22.0,,,100.0,242.0,100.0,793.0,22.0,22.0,100.0,0.0,100.0,0.0,200.0,0.0,100.0,16234.0,100.0,71265790184.0,100.0,155841535746.0
2019-09-10,ZCH06N91,ST12000NM0007,12000138625024,0,84.0,228907400.0,89.0,0.0,100.0,8.0,100.0,0.0,84.0,258814365.0,82.0,16377.0,100.0,0.0,100.0,7.0,,,,,100.0,0.0,100.0,0.0,,,79.0,21.0,,,100.0,243.0,100.0,794.0,21.0,21.0,100.0,0.0,100.0,0.0,200.0,0.0,100.0,16266.0,100.0,71322613872.0,100.0,156201364274.0
2019-09-11,ZCH06N91,ST12000NM0007,12000138625024,0,83.0,203078344.0,89.0,0.0,100.0,8.0,100.0,0.0,84.0,260706919.0,82.0,16393.0,100.0,0.0,100.0,7.0,,,,,100.0,0.0,100.0,0.0,,,79.0,21.0,,,100.0,244.0,100.0,795.0,21.0,21.0,100.0,0.0,100.0,0.0,200.0,0.0,100.0,16281.0,100.0,71372018232.0,100.0,156370271706.0
2019-09-12,ZCH06N91,ST12000NM0007,12000138625024,0,82.0,146817488.0,89.0,0.0,100.0,8.0,100.0,0.0,84.0,265768876.0,82.0,16424.0,100.0,0.0,100.0,7.0,,,,,100.0,0.0,100.0,0.0,,,79.0,21.0,,,100.0,244.0,100.0,797.0,21.0,21.0,100.0,0.0,100.0,0.0,200.0,0.0,100.0,16313.0,100.0,71435898592.0,100.0,156738411786.0
2019-09-13,ZCH06N91,ST12000NM0007,12000138625024,0,81.0,126133896.0,89.0,0.0,100.0,8.0,100.0,0.0,84.0,267627403.0,82.0,16440.0,100.0,0.0,100.0,7.0,,,,,100.0,0.0,100.0,0.0,,,79.0,21.0,,,100.0,244.0,100.0,798.0,21.0,21.0,100.0,0.0,100.0,0.0,200.0,0.0,100.0,16328.0,100.0,71456559416.0,100.0,156941208034.0
2019-09-14,ZCH06N91,ST12000NM0007,12000138625024,0,78.0,62964864.0,89.0,0.0,100.0,8.0,100.0,0.0,84.0,271785939.0,82.0,16471.0,100.0,0.0,100.0,7.0,,,,,100.0,0.0,100.0,0.0,,,79.0,21.0,,,100.0,245.0,100.0,799.0,21.0,21.0,100.0,0.0,100.0,0.0,200.0,0.0,100.0,16360.0,100.0,71518827736.0,100.0,157304052050.0
2019-09-15,ZCH06N91,ST12000NM0007,12000138625024,0,68.0,6083280.0,89.0,0.0,100.0,8.0,100.0,0.0,84.0,273638007.0,82.0,16487.0,100.0,0.0,100.0,7.0,,,,,100.0,0.0,100.0,0.0,,,79.0,21.0,,,100.0,245.0,100.0,800.0,21.0,21.0,100.0,0.0,100.0,0.0,200.0,0.0,100.0,16375.0,100.0,71549021720.0,100.0,157461117210.0
2019-09-16,ZCH06N91,ST12000NM0007,12000138625024,0,82.0,166907800.0,89.0,0.0,100.0,8.0,100.0,0.0,84.0,279060121.0,82.0,16519.0,100.0,0.0,100.0,7.0,,,,,100.0,0.0,100.0,0.0,,,79.0,21.0,,,100.0,245.0,100.0,801.0,21.0,21.0,100.0,0.0,100.0,0.0,200.0,0.0,100.0,16406.0,100.0,71597021512.0,100.0,157818082722.0
2019-09-17,ZCH06N91,ST12000NM0007,12000138625024,0,80.0,94054112.0,89.0,0.0,100.0,8.0,100.0,0.0,84.0,280730936.0,82.0,16535.0,100.0,0.0,100.0,7.0,,,,,100.0,0.0,100.0,0.0,,,79.0,21.0,,,100.0,245.0,100.0,802.0,21.0,21.0,100.0,0.0,100.0,0.0,200.0,0.0,100.0,16422.0,100.0,71614940672.0,100.0,157971450706.0
2019-09-18,ZCH06N91,ST12000NM0007,12000138625024,0,82.0,156186704.0,89.0,0.0,100.0,8.0,100.0,0.0,85.0,284521033.0,82.0,16566.0,100.0,0.0,100.0,7.0,,,,,100.0,0.0,100.0,0.0,,,78.0,22.0,,,100.0,246.0,100.0,803.0,22.0,22.0,100.0,0.0,100.0,0.0,200.0,0.0,100.0,16454.0,100.0,71665387736.0,100.0,158227276914.0
2019-09-19,ZCH06N91,ST12000NM0007,12000138625024,0,75.0,33926112.0,89.0,0.0,100.0,8.0,100.0,0.0,85.0,287975088.0,82.0,16582.0,100.0,0.0,100.0,7.0,,,,,100.0,0.0,100.0,0.0,,,79.0,21.0,,,100.0,246.0,100.0,804.0,21.0,21.0,100.0,0.0,100.0,0.0,200.0,0.0,100.0,16469.0,100.0,71701341448.0,100.0,158313203242.0
2019-09-20,ZCH06N91,ST12000NM0007,12000138625024,0,81.0,114140280.0,89.0,0.0,100.0,8.0,100.0,0.0,85.0,292436761.0,82.0,16614.0,100.0,0.0,100.0,7.0,,,,,100.0,0.0,100.0,0.0,,,79.0,21.0,,,100.0,247.0,100.0,805.0,21.0,21.0,100.0,0.0,100.0,0.0,200.0,0.0,100.0,16501.0,100.0,71753118208.0,100.0,158585781290.0
2019-09-21,ZCH06N91,ST12000NM0007,12000138625024,0,77.0,55112576.0,89.0,0.0,100.0,8.0,100.0,0.0,85.0,294550717.0,82.0,16630.0,100.0,0.0,100.0,7.0,,,,,100.0,0.0,100.0,0.0,,,78.0,22.0,,,100.0,247.0,100.0,806.0,22.0,22.0,100.0,0.0,100.0,0.0,200.0,0.0,100.0,16517.0,100.0,71783802752.0,100.0,158740209818.0
2019-09-22,ZCH06N91,ST12000NM0007,12000138625024,0,82.0,176680880.0,89.0,0.0,100.0,8.0,100.0,0.0,85.0,300912975.0,81.0,16661.0,100.0,0.0,100.0,7.0,,,,,100.0,0.0,100.0,0.0,,,79.0,21.0,,,100.0,247.0,100.0,807.0,21.0,21.0,100.0,0.0,100.0,0.0,200.0,0.0,100.0,16548.0,100.0,71836903336.0,100.0,159052818362.0
2019-09-23,ZCH06N91,ST12000NM0007,12000138625024,0,79.0,77008720.0,89.0,0.0,100.0,8.0,100.0,0.0,85.0,302756764.0,81.0,16677.0,100.0,0.0,100.0,7.0,,,,,100.0,0.0,100.0,0.0,,,78.0,22.0,,,100.0,248.0,100.0,808.0,22.0,22.0,100.0,0.0,100.0,0.0,200.0,0.0,100.0,16564.0,100.0,71856002928.0,100.0,159178187466.0
2019-09-24,ZCH06N91,ST12000NM0007,12000138625024,0,82.0,146634664.0,89.0,0.0,100.0,8.0,100.0,0.0,85.0,307191016.0,81.0,16709.0,100.0,0.0,100.0,7.0,,,,,100.0,0.0,100.0,0.0,,,79.0,21.0,,,100.0,248.0,100.0,809.0,21.0,21.0,100.0,0.0,100.0,0.0,200.0,0.0,100.0,16595.0,100.0,71890657104.0,100.0,159457299978.0
2019-09-25,ZCH06N91,ST12000NM0007,12000138625024,0,77.0,54881728.0,89.0,0.0,100.0,8.0,100.0,0.0,85.0,308827979.0,81.0,16725.0,100.0,0.0,100.0,7.0,,,,,100.0,0.0,100.0,0.0,,,79.0,21.0,,,100.0,248.0,100.0,810.0,21.0,21.0,100.0,0.0,100.0,0.0,200.0,0.0,100.0,16611.0,100.0,71907766776.0,100.0,159592578074.0
2019-09-26,ZCH06N91,ST12000NM0007,12000138625024,0,79.0,76535520.0,89.0,0.0,100.0,8.0,100.0,0.0,85.0,313999443.0,81.0,16756.0,100.0,0.0,100.0,7.0,,,,,100.0,0.0,100.0,0.0,,,79.0,21.0,,,100.0,249.0,100.0,811.0,21.0,21.0,100.0,0.0,100.0,0.0,200.0,0.0,100.0,16642.0,100.0,71955191760.0,100.0,159810947754.0
2019-09-27,ZCH06N91,ST12000NM0007,12000138625024,0,83.0,207229456.0,89.0,0.0,100.0,8.0,100.0,0.0,85.0,315728760.0,81.0,16772.0,100.0,0.0,100.0,7.0,,,,,100.0,0.0,100.0,0.0,,,79.0,21.0,,,100.0,249.0,100.0,812.0,21.0,21.0,100.0,0.0,100.0,0.0,200.0,0.0,100.0,16658.0,100.0,71975309632.0,100.0,159921523818.0
2019-09-28,ZCH06N91,ST12000NM0007,12000138625024,0,82.0,172452192.0,89.0,0.0,100.0,8.0,100.0,0.0,85.0,318486076.0,81.0,16804.0,100.0,0.0,100.0,7.0,,,,,100.0,0.0,100.0,0.0,,,79.0,21.0,,,100.0,250.0,100.0,813.0,21.0,21.0,100.0,0.0,100.0,0.0,200.0,0.0,100.0,16690.0,100.0,72013696784.0,100.0,160092500266.0
2019-09-29,ZCH06N91,ST12000NM0007,12000138625024,0,76.0,43308816.0,89.0,0.0,100.0,8.0,100.0,0.0,85.0,319797609.0,81.0,16819.0,100.0,0.0,100.0,7.0,,,,,100.0,0.0,100.0,0.0,,,80.0,20.0,,,100.0,250.0,100.0,814.0,20.0,20.0,100.0,0.0,100.0,0.0,200.0,0.0,100.0,16705.0,100.0,72031096792.0,100.0,160190097538.0
2019-09-30,ZCH06N91,ST12000NM0007,12000138625024,0,79.0,72336968.0,89.0,0.0,100.0,8.0,100.0,0.0,85.0,324237093.0,81.0,16851.0,100.0,0.0,100.0,7.0,,,,,100.0,0.0,100.0,0.0,,,78.0,22.0,,,100.0,250.0,100.0,815.0,22.0,22.0,100.0,0.0,100.0,0.0,200.0,0.0,100.0,16737.0,100.0,72061842592.0,100.0,160432520530.0
2019-10-01,ZCH06N91,ST12000NM0007,12000138625024,0,83.0,194353336.0,89.0,0.0,100.0,8.0,100.0,0.0,85.0,325541702.0,81.0,16867.0,100.0,0.0,100.0,7.0,,,,,100.0,0.0,100.0,0.0,,,80.0,20.0,,,100.0,251.0,100.0,816.0,20.0,20.0,100.0,0.0,100.0,0.0,200.0,0.0,100.0,16752.0,100.0,72072859856.0,100.0,160543519634.0
2019-10-02,ZCH06N91,ST12000NM0007,12000138625024,0,83.0,210735288.0,89.0,0.0,100.0,8.0,100.0,0.0,85.0,328291809.0,81.0,16898.0,100.0,0.0,100.0,7.0,,,,,100.0,0.0,100.0,0.0,,,79.0,21.0,,,100.0,252.0,100.0,817.0,21.0,21.0,100.0,0.0,100.0,0.0,200.0,0.0,100.0,16784.0,100.0,72089520472.0,100.0,160787381762.0
2019-10-03,ZCH06N91,ST12000NM0007,12000138625024,0,77.0,55652872.0,89.0,0.0,100.0,8.0,100.0,0.0,85.0,330819071.0,81.0,16914.0,100.0,0.0,100.0,7.0,,,,,100.0,0.0,100.0,0.0,,,79.0,21.0,,,100.0,253.0,100.0,818.0,21.0,21.0,100.0,0.0,100.0,0.0,200.0,0.0,100.0,16799.0,100.0,72099011144.0,100.0,160866949306.0
2019-10-04,ZCH06N91,ST12000NM0007,12000138625024,0,73.0,21041992.0,89.0,0.0,100.0,8.0,100.0,0.0,85.0,333779823.0,81.0,16946.0,100.0,0.0,100.0,7.0,,,,,100.0,0.0,100.0,0.0,,,79.0,21.0,,,100.0,253.0,100.0,819.0,21.0,21.0,100.0,0.0,100.0,0.0,200.0,0.0,100.0,16831.0,100.0,72168059856.0,100.0,161007430466.0
2019-10-05,ZCH06N91,ST12000NM0007,12000138625024,0,78.0,62233640.0,89.0,0.0,100.0,8.0,100.0,0.0,85.0,334639867.0,81.0,16961.0,100.0,0.0,100.0,7.0,,,,,100.0,0.0,100.0,0.0,,,79.0,21.0,,,100.0,253.0,100.0,820.0,21.0,21.0,100.0,0.0,100.0,0.0,200.0,0.0,100.0,16846.0,100.0,72175665192.0,100.0,161041016778.0
2019-10-06,ZCH06N91,ST12000NM0007,12000138625024,0,84.0,229985880.0,89.0,0.0,100.0,8.0,100.0,0.0,85.0,337272256.0,81.0,16993.0,100.0,0.0,100.0,7.0,,,,,100.0,0.0,100.0,0.0,,,79.0,21.0,,,100.0,253.0,100.0,821.0,21.0,21.0,100.0,0.0,100.0,0.0,200.0,0.0,100.0,16878.0,100.0,72216051096.0,100.0,161168383114.0
2019-10-07,ZCH06N91,ST12000NM0007,12000138625024,0,76.0,42041728.0,89.0,0.0,100.0,8.0,100.0,0.0,85.0,338442811.0,81.0,17009.0,100.0,0.0,100.0,7.0,,,,,100.0,0.0,100.0,0.0,,,79.0,21.0,,,100.0,254.0,100.0,822.0,21.0,21.0,100.0,0.0,100.0,0.0,200.0,0.0,100.0,16894.0,100.0,72234598688.0,100.0,161206032154.0
2019-10-08,ZCH06N91,ST12000NM0007,12000138625024,0,84.0,229766736.0,89.0,0.0,100.0,8.0,100.0,0.0,85.0,342717347.0,81.0,17041.0,100.0,0.0,100.0,7.0,,,,,100.0,0.0,100.0,0.0,,,79.0,21.0,,,100.0,255.0,100.0,823.0,21.0,21.0,100.0,0.0,100.0,0.0,200.0,0.0,100.0,16925.0,100.0,72279020528.0,100.0,161349335322.0
2019-10-09,ZCH06N91,ST12000NM0007,12000138625024,0,77.0,55724368.0,89.0,0.0,100.0,8.0,100.0,0.0,85.0,343909465.0,81.0,17057.0,100.0,0.0,100.0,7.0,,,,,100.0,0.0,100.0,0.0,,,79.0,21.0,,,100.0,255.0,100.0,824.0,21.0,21.0,100.0,0.0,100.0,0.0,200.0,0.0,100.0,16941.0,100.0,72296404776.0,100.0,161402049386.0
2019-10-10,ZCH06N91,ST12000NM0007,12000138625024,0,73.0,18349408.0,89.0,0.0,100.0,8.0,100.0,0.0,85.0,348631185.0,81.0,17088.0,100.0,0.0,100.0,7.0,,,,,100.0,0.0,100.0,0.0,,,79.0,21.0,,,100.0,255.0,100.0,825.0,21.0,21.0,100.0,0.0,100.0,0.0,200.0,0.0,100.0,16973.0,100.0,72359957144.0,100.0,161545262794.0
2019-10-11,ZCH06N91,ST12000NM0007,12000138625024,0,81.0,114122552.0,89.0,0.0,100.0,8.0,100.0,0.0,85.0,350026642.0,81.0,17104.0,100.0,0.0,100.0,7.0,,,,,100.0,0.0,100.0,0.0,,,79.0,21.0,,,100.0,255.0,100.0,826.0,21.0,21.0,100.0,0.0,100.0,0.0,200.0,0.0,100.0,16989.0,100.0,72381989104.0,100.0,161619003978.0
2019-10-12,ZCH06N91,ST12000NM0007,12000138625024,0,76.0,37854208.0,89.0,0.0,100.0,8.0,100.0,0.0,85.0,352468447.0,81.0,17136.0,100.0,0.0,100.0,7.0,,,,,100.0,0.0,100.0,0.0,,,79.0,21.0,,,100.0,256.0,100.0,827.0,21.0,21.0,100.0,0.0,100.0,0.0,200.0,0.0,100.0,17020.0,100.0,72421162664.0,100.0,161747702770.0
2019-10-13,ZCH06N91,ST12000NM0007,12000138625024,0,81.0,113485824.0,89.0,0.0,100.0,8.0,100.0,0.0,85.0,353593138.0,81.0,17151.0,100.0,0.0,100.0,7.0,,,,,100.0,0.0,100.0,0.0,,,79.0,21.0,,,100.0,257.0,100.0,828.0,21.0,21.0,100.0,0.0,100.0,0.0,200.0,0.0,100.0,17036.0,100.0,72434025064.0,100.0,161810471986.0
2019-10-14,ZCH06N91,ST12000NM0007,12000138625024,0,71.0,11587448.0,89.0,0.0,100.0,8.0,100.0,0.0,86.0,355741991.0,81.0,17183.0,100.0,0.0,100.0,7.0,,,,,100.0,0.0,100.0,0.0,,,79.0,21.0,,,100.0,257.0,100.0,829.0,21.0,21.0,100.0,0.0,100.0,0.0,200.0,0.0,100.0,17067.0,100.0,72458988968.0,100.0,161927750506.0
2019-10-15,ZCH06N91,ST12000NM0007,12000138625024,0,83.0,204400408.0,89.0,0.0,100.0,8.0,100.0,0.0,86.0,359598308.0,81.0,17230.0,100.0,0.0,100.0,7.0,,,,,100.0,0.0,100.0,0.0,,,79.0,21.0,,,100.0,259.0,100.0,831.0,21.0,21.0,100.0,0.0,100.0,0.0,200.0,0.0,100.0,17114.0,100.0,72478338192.0,100.0,162101214242.0
2019-10-16,ZCH06N91,ST12000NM0007,12000138625024,0,83.0,204400408.0,89.0,0.0,100.0,8.0,100.0,0.0,86.0,359598308.0,81.0,17230.0,100.0,0.0,100.0,7.0,,,,,100.0,0.0,100.0,0.0,,,79.0,21.0,,,100.0,259.0,100.0,831.0,21.0,21.0,100.0,0.0,100.0,0.0,200.0,0.0,100.0,17114.0,100.0,72478338192.0,100.0,162101214242.0
2019-10-17,ZCH06N91,ST12000NM0007,12000138625024,0,80.0,111126520.0,89.0,0.0,100.0,8.0,100.0,0.0,86.0,361739249.0,81.0,17262.0,100.0,0.0,100.0,7.0,,,,,100.0,0.0,100.0,0.0,,,79.0,21.0,,,100.0,260.0,100.0,832.0,21.0,21.0,100.0,0.0,100.0,0.0,200.0,0.0,100.0,17145.0,100.0,72485581480.0,100.0,162244837738.0
2019-10-18,ZCH06N91,ST12000NM0007,12000138625024,0,82.0,158739304.0,89.0,0.0,100.0,8.0,100.0,0.0,86.0,362324262.0,81.0,17277.0,100.0,0.0,100.0,7.0,,,,,100.0,0.0,100.0,0.0,,,79.0,21.0,,,100.0,261.0,100.0,833.0,21.0,21.0,100.0,0.0,100.0,0.0,200.0,0.0,100.0,17161.0,100.0,72489405224.0,100.0,162288626778.0
2019-10-19,ZCH06N91,ST12000NM0007,12000138625024,0,80.0,103192912.0,89.0,0.0,100.0,8.0,100.0,0.0,86.0,366973265.0,81.0,17309.0,100.0,0.0,100.0,7.0,,,,,100.0,0.0,100.0,0.0,,,79.0,21.0,,,100.0,262.0,100.0,835.0,21.0,21.0,100.0,0.0,100.0,0.0,200.0,0.0,100.0,17192.0,100.0,72505475136.0,100.0,162461151170.0
2019-10-20,ZCH06N91,ST12000NM0007,12000138625024,0,83.0,186486768.0,89.0,0.0,100.0,8.0,100.0,0.0,86.0,368331844.0,81.0,17325.0,100.0,0.0,100.0,7.0,,,,,100.0,0.0,100.0,0.0,,,79.0,21.0,,,100.0,262.0,100.0,835.0,21.0,21.0,100.0,0.0,100.0,0.0,200.0,0.0,100.0,17208.0,100.0,72521704336.0,100.0,162528215834.0
2019-10-21,ZCH06N91,ST12000NM0007,12000138625024,0,83.0,222198560.0,89.0,0.0,100.0,8.0,100.0,0.0,86.0,372452552.0,81.0,17356.0,100.0,0.0,100.0,7.0,,,,,100.0,0.0,100.0,0.0,,,78.0,22.0,,,100.0,262.0,100.0,837.0,22.0,22.0,100.0,0.0,100.0,0.0,200.0,0.0,100.0,17240.0,100.0,72567981728.0,100.0,162761790914.0
2019-10-22,ZCH06N91,ST12000NM0007,12000138625024,0,79.0,72745512.0,89.0,0.0,100.0,8.0,100.0,0.0,86.0,375497947.0,81.0,17372.0,100.0,0.0,100.0,7.0,,,,,100.0,0.0,100.0,0.0,,,79.0,21.0,,,100.0,262.0,100.0,837.0,21.0,21.0,100.0,0.0,100.0,0.0,200.0,0.0,100.0,17255.0,100.0,72586052928.0,100.0,162838407458.0
2019-10-23,ZCH06N91,ST12000NM0007,12000138625024,0,74.0,26863584.0,89.0,0.0,100.0,8.0,100.0,0.0,86.0,378443415.0,81.0,17404.0,100.0,0.0,100.0,7.0,,,,,100.0,0.0,100.0,0.0,,,79.0,21.0,,,100.0,262.0,100.0,840.0,21.0,21.0,100.0,0.0,100.0,0.0,200.0,0.0,100.0,17286.0,100.0,72609519232.0,100.0,163013199874.0
2019-10-24,ZCH06N91,ST12000NM0007,12000138625024,0,81.0,122417152.0,89.0,0.0,100.0,8.0,100.0,0.0,86.0,381667440.0,81.0,17420.0,100.0,0.0,100.0,7.0,,,,,100.0,0.0,100.0,0.0,,,79.0,21.0,,,100.0,262.0,100.0,840.0,21.0,21.0,100.0,0.0,100.0,0.0,200.0,0.0,100.0,17302.0,100.0,72623393000.0,100.0,163094879674.0
2019-10-25,ZCH06N91,ST12000NM0007,12000138625024,0,78.0,60180082.0,89.0,0.0,100.0,8.0,100.0,0.0,86.0,384397608.0,81.0,17451.0,100.0,0.0,100.0,7.0,,,,,100.0,0.0,100.0,0.0,,,79.0,21.0,,,100.0,262.0,100.0,842.0,21.0,21.0,100.0,0.0,100.0,0.0,200.0,0.0,100.0,17334.0,100.0,72647840408.0,100.0,163252336028.0
2019-10-26,ZCH06N91,ST12000NM0007,12000138625024,0,82.0,149552634.0,89.0,0.0,100.0,8.0,100.0,0.0,86.0,385686241.0,81.0,17467.0,100.0,0.0,100.0,7.0,,,,,100.0,0.0,100.0,0.0,,,79.0,21.0,,,100.0,262.0,100.0,842.0,21.0,21.0,100.0,0.0,100.0,0.0,200.0,0.0,100.0,17350.0,100.0,72663452136.0,100.0,163326096852.0
2019-10-27,ZCH06N91,ST12000NM0007,12000138625024,0,79.0,79358184.0,89.0,0.0,100.0,8.0,100.0,0.0,86.0,388087389.0,81.0,17499.0,100.0,0.0,100.0,7.0,,,,,100.0,0.0,100.0,0.0,,,79.0,21.0,,,100.0,264.0,100.0,844.0,21.0,21.0,100.0,0.0,100.0,0.0,200.0,0.0,100.0,17381.0,100.0,72692025720.0,100.0,163471469460.0
2019-10-28,ZCH06N91,ST12000NM0007,12000138625024,0,82.0,157936776.0,89.0,0.0,100.0,8.0,100.0,0.0,86.0,389225117.0,81.0,17514.0,100.0,0.0,100.0,7.0,,,,,100.0,0.0,100.0,0.0,,,79.0,21.0,,,100.0,264.0,100.0,844.0,21.0,21.0,100.0,0.0,100.0,0.0,200.0,0.0,100.0,17397.0,100.0,72704768344.0,100.0,163537305428.0
2019-10-29,ZCH06N91,ST12000NM0007,12000138625024,0,71.0,12033640.0,89.0,0.0,100.0,8.0,100.0,0.0,86.0,391855908.0,80.0,17530.0,100.0,0.0,100.0,7.0,,,,,100.0,0.0,100.0,0.0,,,78.0,22.0,,,100.0,265.0,100.0,845.0,22.0,22.0,100.0,0.0,100.0,0.0,200.0,0.0,100.0,17412.0,100.0,72717652328.0,100.0,163622659060.0
2019-10-30,ZCH06N91,ST12000NM0007,12000138625024,0,83.0,183672608.0,89.0,0.0,100.0,8.0,100.0,0.0,86.0,395124272.0,80.0,17562.0,100.0,0.0,100.0,7.0,,,,,100.0,0.0,100.0,0.0,,,79.0,21.0,,,100.0,266.0,100.0,846.0,21.0,21.0,100.0,0.0,100.0,0.0,200.0,0.0,100.0,17444.0,100.0,72759602528.0,100.0,163752347828.0
2019-10-31,ZCH06N91,ST12000NM0007,12000138625024,0,82.0,152751248.0,89.0,0.0,100.0,8.0,100.0,0.0,86.0,398499448.0,80.0,17594.0,100.0,0.0,100.0,7.0,,,,,100.0,0.0,100.0,0.0,,,78.0,22.0,,,100.0,267.0,100.0,848.0,22.0,22.0,100.0,0.0,100.0,0.0,200.0,0.0,100.0,17475.0,100.0,72788530592.0,100.0,163936639172.0
2019-11-01,ZCH06N91,ST12000NM0007,12000138625024,0,77.0,46247992.0,89.0,0.0,100.0,8.0,100.0,0.0,86.0,399927433.0,80.0,17609.0,100.0,0.0,100.0,7.0,,,,,100.0,0.0,100.0,0.0,,,78.0,22.0,,,100.0,267.0,100.0,848.0,22.0,22.0,100.0,0.0,100.0,0.0,200.0,0.0,100.0,17491.0,100.0,72801325672.0,100.0,164061481684.0
2019-11-02,ZCH06N91,ST12000NM0007,12000138625024,0,81.0,129492392.0,89.0,0.0,100.0,8.0,100.0,0.0,86.0,403305601.0,80.0,17641.0,100.0,0.0,100.0,7.0,,,,,100.0,0.0,100.0,0.0,,,77.0,23.0,,,100.0,269.0,100.0,850.0,23.0,23.0,100.0,0.0,100.0,0.0,200.0,0.0,100.0,17523.0,100.0,72824788248.0,100.0,164365404404.0
2019-11-03,ZCH06N91,ST12000NM0007,12000138625024,0,78.0,63315024.0,89.0,0.0,100.0,8.0,100.0,0.0,86.0,405059032.0,80.0,17657.0,100.0,0.0,100.0,7.0,,,,,100.0,0.0,100.0,0.0,,,78.0,22.0,,,100.0,269.0,100.0,850.0,22.0,22.0,100.0,0.0,100.0,0.0,200.0,0.0,100.0,17538.0,100.0,72842119736.0,100.0,164526036252.0
2019-11-04,ZCH06N91,ST12000NM0007,12000138625024,0,83.0,182155184.0,89.0,0.0,100.0,8.0,100.0,0.0,86.0,410901376.0,80.0,17688.0,100.0,0.0,100.0,7.0,,,,,100.0,0.0,100.0,0.0,,,78.0,22.0,,,100.0,269.0,100.0,852.0,22.0,22.0,100.0,0.0,100.0,0.0,200.0,0.0,100.0,17570.0,100.0,72864365992.0,100.0,164866770884.0
2019-11-06,ZCH06N91,ST12000NM0007,12000138625024,0,82.0,158751200.0,89.0,0.0,100.0,8.0,100.0,0.0,86.0,416575454.0,80.0,17736.0,100.0,0.0,100.0,7.0,,,,,100.0,0.0,100.0,0.0,,,79.0,21.0,,,100.0,271.0,100.0,854.0,21.0,21.0,100.0,0.0,100.0,0.0,200.0,0.0,100.0,17617.0,100.0,72908183184.0,100.0,165287831004.0
2019-11-07,ZCH06N91,ST12000NM0007,12000138625024,0,79.0,72887920.0,89.0,0.0,100.0,8.0,100.0,0.0,86.0,419747820.0,80.0,17752.0,100.0,0.0,100.0,7.0,,,,,100.0,0.0,100.0,0.0,,,79.0,21.0,,,100.0,271.0,100.0,854.0,21.0,21.0,100.0,0.0,100.0,0.0,200.0,0.0,100.0,17633.0,100.0,72924619736.0,100.0,165429671804.0
2019-11-08,ZCH06N91,ST12000NM0007,12000138625024,0,82.0,168105144.0,89.0,0.0,100.0,8.0,100.0,0.0,86.0,423012676.0,80.0,17783.0,100.0,0.0,100.0,7.0,,,,,100.0,0.0,100.0,0.0,,,79.0,21.0,,,100.0,271.0,100.0,856.0,21.0,21.0,100.0,0.0,100.0,0.0,200.0,0.0,100.0,17665.0,100.0,72942556168.0,100.0,165751093372.0
2019-11-09,ZCH06N91,ST12000NM0007,12000138625024,0,80.0,108603848.0,89.0,0.0,100.0,8.0,100.0,0.0,86.0,424813701.0,80.0,17799.0,100.0,0.0,100.0,7.0,,,,,100.0,0.0,100.0,0.0,,,79.0,21.0,,,100.0,271.0,100.0,856.0,21.0,21.0,100.0,0.0,100.0,0.0,200.0,0.0,100.0,17680.0,100.0,72954550696.0,100.0,165923738420.0
2019-11-10,ZCH06N91,ST12000NM0007,12000138625024,0,84.0,233708240.0,89.0,0.0,100.0,8.0,100.0,0.0,86.0,428382810.0,80.0,17831.0,100.0,0.0,100.0,7.0,,,,,100.0,0.0,100.0,0.0,,,79.0,21.0,,,100.0,271.0,100.0,858.0,21.0,21.0,100.0,0.0,100.0,0.0,200.0,0.0,100.0,17712.0,100.0,72983069304.0,100.0,166264464844.0
2019-11-11,ZCH06N91,ST12000NM0007,12000138625024,0,81.0,136064800.0,89.0,0.0,100.0,8.0,100.0,0.0,86.0,429830352.0,80.0,17847.0,100.0,0.0,100.0,7.0,,,,,100.0,0.0,100.0,0.0,,,79.0,21.0,,,100.0,271.0,100.0,858.0,21.0,21.0,100.0,0.0,100.0,0.0,200.0,0.0,100.0,17728.0,100.0,72991577816.0,100.0,166402453788.0
2019-11-12,ZCH06N91,ST12000NM0007,12000138625024,0,84.0,224833096.0,89.0,0.0,100.0,8.0,100.0,0.0,86.0,434897745.0,80.0,17878.0,100.0,0.0,100.0,7.0,,,,,100.0,0.0,100.0,0.0,,,79.0,21.0,,,100.0,271.0,100.0,860.0,21.0,21.0,100.0,0.0,100.0,0.0,200.0,0.0,100.0,17759.0,100.0,73032867416.0,100.0,166694073236.0
2019-11-13,ZCH06N91,ST12000NM0007,12000138625024,0,80.0,91515520.0,89.0,0.0,100.0,8.0,100.0,0.0,86.0,438459235.0,80.0,17910.0,100.0,0.0,100.0,7.0,,,,,100.0,0.0,100.0,0.0,,,78.0,22.0,,,100.0,271.0,100.0,861.0,22.0,22.0,100.0,0.0,100.0,0.0,200.0,0.0,100.0,17790.0,100.0,73077601968.0,100.0,167004302620.0
2019-11-14,ZCH06N91,ST12000NM0007,12000138625024,0,83.0,213417914.0,90.0,0.0,100.0,9.0,100.0,0.0,86.0,441563193.0,80.0,17926.0,100.0,0.0,100.0,7.0,,,,,100.0,0.0,100.0,0.0,,,78.0,22.0,,,100.0,272.0,100.0,864.0,22.0,22.0,100.0,0.0,100.0,0.0,200.0,0.0,100.0,17806.0,100.0,73095728424.0,100.0,167108078558.0
2019-11-15,ZCH06N91,ST12000NM0007,12000138625024,0,79.0,70890576.0,90.0,0.0,100.0,9.0,100.0,0.0,86.0,445080189.0,80.0,17957.0,100.0,0.0,100.0,7.0,,,,,100.0,0.0,100.0,0.0,,,79.0,21.0,,,100.0,273.0,100.0,865.0,21.0,21.0,100.0,0.0,100.0,0.0,200.0,0.0,100.0,17837.0,100.0,73132829008.0,100.0,167416732158.0
2019-11-16,ZCH06N91,ST12000NM0007,12000138625024,0,84.0,224014752.0,90.0,0.0,100.0,9.0,100.0,0.0,87.0,446723439.0,80.0,17973.0,100.0,0.0,100.0,7.0,,,,,100.0,0.0,100.0,0.0,,,79.0,21.0,,,100.0,273.0,100.0,865.0,21.0,21.0,100.0,0.0,100.0,0.0,200.0,0.0,100.0,17853.0,100.0,73139051032.0,100.0,167563634310.0
2019-11-17,ZCH06N91,ST12000NM0007,12000138625024,0,79.0,77634976.0,90.0,0.0,100.0,9.0,100.0,0.0,87.0,450202284.0,80.0,18004.0,100.0,0.0,100.0,7.0,,,,,100.0,0.0,100.0,0.0,,,74.0,26.0,,,100.0,274.0,100.0,867.0,26.0,26.0,100.0,0.0,100.0,0.0,200.0,0.0,100.0,17884.0,100.0,73169632264.0,100.0,167874954686.0
2019-11-18,ZCH06N91,ST12000NM0007,12000138625024,0,74.0,23159528.0,90.0,0.0,100.0,9.0,100.0,0.0,87.0,452127685.0,80.0,18020.0,100.0,0.0,100.0,7.0,,,,,100.0,0.0,100.0,0.0,,,78.0,22.0,,,100.0,274.0,100.0,867.0,22.0,22.0,100.0,0.0,100.0,0.0,200.0,0.0,100.0,17900.0,100.0,73182560840.0,100.0,168051691294.0
2019-11-19,ZCH06N91,ST12000NM0007,12000138625024,0,83.0,203934296.0,90.0,0.0,100.0,9.0,100.0,0.0,87.0,457925112.0,80.0,18052.0,100.0,0.0,100.0,7.0,,,,,100.0,0.0,100.0,0.0,,,78.0,22.0,,,100.0,274.0,100.0,869.0,22.0,22.0,100.0,0.0,100.0,0.0,200.0,0.0,100.0,17932.0,100.0,73240926488.0,100.0,168418241054.0
2019-11-20,ZCH06N91,ST12000NM0007,12000138625024,0,81.0,136764736.0,90.0,0.0,100.0,9.0,100.0,0.0,87.0,459720055.0,80.0,18068.0,100.0,0.0,100.0,7.0,,,,,100.0,0.0,100.0,0.0,,,78.0,22.0,,,100.0,274.0,100.0,869.0,22.0,22.0,100.0,0.0,100.0,0.0,200.0,0.0,100.0,17947.0,100.0,73258368872.0,100.0,168577769862.0
2019-11-21,ZCH06N91,ST12000NM0007,12000138625024,0,81.0,134638280.0,90.0,0.0,100.0,9.0,100.0,0.0,87.0,463655905.0,80.0,18099.0,100.0,0.0,100.0,7.0,,,,,100.0,0.0,100.0,0.0,,,78.0,22.0,,,100.0,274.0,100.0,871.0,22.0,22.0,100.0,0.0,100.0,0.0,200.0,0.0,100.0,17979.0,100.0,73287066376.0,100.0,168791086534.0
2019-11-22,ZCH06N91,ST12000NM0007,12000138625024,0,74.0,28088816.0,90.0,0.0,100.0,9.0,100.0,0.0,87.0,464875600.0,80.0,18115.0,100.0,0.0,100.0,7.0,,,,,100.0,0.0,100.0,0.0,,,79.0,21.0,,,100.0,274.0,100.0,872.0,21.0,21.0,100.0,0.0,100.0,0.0,200.0,0.0,100.0,17994.0,100.0,73310808024.0,100.0,168904936166.0
2019-11-23,ZCH06N91,ST12000NM0007,12000138625024,0,84.0,241839048.0,90.0,0.0,100.0,9.0,100.0,0.0,87.0,466888597.0,80.0,18147.0,100.0,0.0,100.0,7.0,,,,,100.0,0.0,100.0,0.0,,,79.0,21.0,,,100.0,274.0,100.0,873.0,21.0,21.0,100.0,0.0,100.0,0.0,200.0,0.0,100.0,18026.0,100.0,73316043664.0,100.0,169113450758.0
2019-11-24,ZCH06N91,ST12000NM0007,12000138625024,0,81.0,137060400.0,90.0,0.0,100.0,9.0,100.0,0.0,87.0,468057135.0,80.0,18162.0,100.0,0.0,100.0,7.0,,,,,100.0,0.0,100.0,0.0,,,78.0,22.0,,,100.0,275.0,100.0,874.0,22.0,22.0,100.0,0.0,100.0,0.0,200.0,0.0,100.0,18041.0,100.0,73316212224.0,100.0,169252644366.0
2019-11-25,ZCH06N91,ST12000NM0007,12000138625024,0,84.0,232409208.0,90.0,0.0,100.0,9.0,100.0,0.0,87.0,472177867.0,80.0,18194.0,100.0,0.0,100.0,7.0,,,,,100.0,0.0,100.0,0.0,,,78.0,22.0,,,100.0,276.0,100.0,875.0,22.0,22.0,100.0,0.0,100.0,0.0,200.0,0.0,100.0,18073.0,100.0,73316581576.0,100.0,169591764534.0
2019-11-26,ZCH06N91,ST12000NM0007,12000138625024,0,83.0,180860504.0,90.0,0.0,100.0,9.0,100.0,0.0,87.0,473783314.0,80.0,18210.0,100.0,0.0,100.0,7.0,,,,,100.0,0.0,100.0,0.0,,,79.0,21.0,,,100.0,277.0,100.0,876.0,21.0,21.0,100.0,0.0,100.0,0.0,200.0,0.0,100.0,18089.0,100.0,73317038568.0,100.0,169783899526.0
2019-11-27,ZCH06N91,ST12000NM0007,12000138625024,0,83.0,217106448.0,90.0,0.0,100.0,9.0,100.0,0.0,87.0,475950697.0,80.0,18241.0,100.0,0.0,100.0,7.0,,,,,100.0,0.0,100.0,0.0,,,79.0,21.0,,,100.0,278.0,100.0,877.0,21.0,21.0,100.0,0.0,100.0,0.0,200.0,0.0,100.0,18120.0,100.0,73317443256.0,100.0,170063881478.0
2019-11-28,ZCH06N91,ST12000NM0007,12000138625024,0,78.0,70700448.0,90.0,0.0,100.0,9.0,100.0,0.0,87.0,479785319.0,80.0,18273.0,100.0,0.0,100.0,7.0,,,,,100.0,0.0,100.0,0.0,,,79.0,21.0,,,100.0,279.0,100.0,879.0,21.0,21.0,100.0,0.0,100.0,0.0,200.0,0.0,100.0,18151.0,100.0,73317721592.0,100.0,170405478646.0
2019-11-29,ZCH06N91,ST12000NM0007,12000138625024,0,83.0,219833528.0,90.0,0.0,100.0,9.0,100.0,0.0,87.0,480889875.0,80.0,18289.0,100.0,0.0,100.0,7.0,,,,,100.0,0.0,100.0,0.0,,,79.0,21.0,,,100.0,279.0,100.0,879.0,21.0,21.0,100.0,0.0,100.0,0.0,200.0,0.0,100.0,18167.0,100.0,73317891064.0,100.0,170554442254.0
2019-11-30,ZCH06N91,ST12000NM0007,12000138625024,0,75.0,33172320.0,90.0,0.0,100.0,9.0,100.0,0.0,87.0,483351174.0,80.0,18321.0,100.0,0.0,100.0,7.0,,,,,100.0,0.0,100.0,0.0,,,79.0,21.0,,,100.0,280.0,100.0,881.0,21.0,21.0,100.0,0.0,100.0,0.0,200.0,0.0,100.0,18199.0,100.0,73318229672.0,100.0,170855723942.0
2019-12-01,ZCH06N91,ST12000NM0007,12000138625024,0,82.0,171152096.0,90.0,0.0,100.0,9.0,100.0,0.0,87.0,484508378.0,80.0,18336.0,100.0,0.0,100.0,7.0,,,,,100.0,0.0,100.0,0.0,,,78.0,22.0,,,100.0,280.0,100.0,881.0,22.0,22.0,100.0,0.0,100.0,0.0,200.0,0.0,100.0,18215.0,100.0,73318398880.0,100.0,170993534510.0
2019-12-02,ZCH06N91,ST12000NM0007,12000138625024,0,83.0,212221536.0,90.0,0.0,100.0,9.0,100.0,0.0,87.0,488651474.0,80.0,18368.0,100.0,0.0,100.0,7.0,,,,,100.0,0.0,100.0,0.0,,,79.0,21.0,,,100.0,282.0,100.0,883.0,21.0,21.0,100.0,0.0,100.0,0.0,200.0,0.0,100.0,18246.0,100.0,73318737104.0,100.0,171278406486.0
2019-12-03,ZCH06N91,ST12000NM0007,12000138625024,0,79.0,82400712.0,90.0,0.0,100.0,9.0,100.0,0.0,87.0,489645026.0,80.0,18384.0,100.0,0.0,100.0,7.0,,,,,100.0,0.0,100.0,0.0,,,79.0,21.0,,,100.0,282.0,100.0,883.0,21.0,21.0,100.0,0.0,100.0,0.0,200.0,0.0,100.0,18262.0,100.0,73318905328.0,100.0,171392558166.0
2019-12-04,ZCH06N91,ST12000NM0007,12000138625024,0,82.0,147633608.0,90.0,0.0,100.0,9.0,100.0,0.0,87.0,492472646.0,79.0,18415.0,100.0,0.0,100.0,7.0,,,,,100.0,0.0,100.0,0.0,,,79.0,21.0,,,100.0,282.0,100.0,885.0,21.0,21.0,100.0,0.0,100.0,0.0,200.0,0.0,100.0,18293.0,100.0,73319233024.0,100.0,171701604150.0
2019-12-05,ZCH06N91,ST12000NM0007,12000138625024,0,73.0,18546264.0,90.0,0.0,100.0,9.0,100.0,0.0,87.0,494949617.0,79.0,18431.0,100.0,0.0,100.0,7.0,,,,,100.0,0.0,100.0,0.0,,,79.0,21.0,,,100.0,282.0,100.0,885.0,21.0,21.0,100.0,0.0,100.0,0.0,200.0,0.0,100.0,18309.0,100.0,73319344160.0,100.0,171816546366.0
2019-12-06,ZCH06N91,ST12000NM0007,12000138625024,0,80.0,100492920.0,90.0,0.0,100.0,9.0,100.0,0.0,87.0,497463344.0,79.0,18463.0,100.0,0.0,100.0,7.0,,,,,100.0,0.0,100.0,0.0,,,78.0,22.0,,,100.0,282.0,100.0,887.0,22.0,22.0,100.0,0.0,100.0,0.0,200.0,0.0,100.0,18341.0,100.0,73319683312.0,100.0,172142294774.0
2019-12-07,ZCH06N91,ST12000NM0007,12000138625024,0,84.0,243756024.0,90.0,0.0,100.0,9.0,100.0,0.0,87.0,498699817.0,79.0,18479.0,100.0,0.0,100.0,7.0,,,,,100.0,0.0,100.0,0.0,,,79.0,21.0,,,100.0,282.0,100.0,887.0,21.0,21.0,100.0,0.0,100.0,0.0,200.0,0.0,100.0,18356.0,100.0,73319852840.0,100.0,172285388350.0
2019-12-08,ZCH06N91,ST12000NM0007,12000138625024,0,76.0,37360648.0,90.0,0.0,100.0,9.0,100.0,0.0,87.0,501339965.0,79.0,18510.0,100.0,0.0,100.0,7.0,,,,,100.0,0.0,100.0,0.0,,,79.0,21.0,,,100.0,282.0,100.0,889.0,21.0,21.0,100.0,0.0,100.0,0.0,200.0,0.0,100.0,18388.0,100.0,73320191136.0,100.0,172566936230.0
2019-12-09,ZCH06N91,ST12000NM0007,12000138625024,0,84.0,237890872.0,90.0,0.0,100.0,9.0,100.0,0.0,87.0,503426878.0,79.0,18526.0,100.0,0.0,100.0,7.0,,,,,100.0,0.0,100.0,0.0,,,78.0,22.0,,,100.0,282.0,100.0,889.0,22.0,22.0,100.0,0.0,100.0,0.0,200.0,0.0,100.0,18404.0,100.0,73320361544.0,100.0,172767296046.0
2019-12-10,ZCH06N91,ST12000NM0007,12000138625024,0,78.0,61467024.0,90.0,0.0,100.0,9.0,100.0,0.0,87.0,507125010.0,79.0,18558.0,100.0,0.0,100.0,7.0,,,,,100.0,0.0,100.0,0.0,,,79.0,21.0,,,100.0,282.0,100.0,891.0,21.0,21.0,100.0,0.0,100.0,0.0,200.0,0.0,100.0,18435.0,100.0,73320703864.0,100.0,173078811198.0
2019-12-11,ZCH06N91,ST12000NM0007,12000138625024,0,84.0,228961280.0,90.0,0.0,100.0,9.0,100.0,0.0,87.0,508491158.0,79.0,18574.0,100.0,0.0,100.0,7.0,,,,,100.0,0.0,100.0,0.0,,,79.0,21.0,,,100.0,282.0,100.0,891.0,21.0,21.0,100.0,0.0,100.0,0.0,200.0,0.0,100.0,18451.0,100.0,73320874728.0,100.0,173246134590.0
2019-12-12,ZCH06N91,ST12000NM0007,12000138625024,0,84.0,240791720.0,90.0,0.0,100.0,9.0,100.0,0.0,87.0,512064937.0,79.0,18606.0,100.0,0.0,100.0,7.0,,,,,100.0,0.0,100.0,0.0,,,79.0,21.0,,,100.0,283.0,100.0,893.0,21.0,21.0,100.0,0.0,100.0,0.0,200.0,0.0,100.0,18483.0,100.0,73324313808.0,100.0,173498666694.0
2019-12-13,ZCH06N91,ST12000NM0007,12000138625024,0,80.0,89927856.0,90.0,0.0,100.0,9.0,100.0,0.0,87.0,512754645.0,79.0,18622.0,100.0,0.0,100.0,7.0,,,,,100.0,0.0,100.0,0.0,,,80.0,20.0,,,100.0,283.0,100.0,893.0,20.0,20.0,100.0,0.0,100.0,0.0,200.0,0.0,100.0,18499.0,100.0,73324642744.0,100.0,173591614798.0
2019-12-14,ZCH06N91,ST12000NM0007,12000138625024,0,80.0,105003584.0,90.0,0.0,100.0,9.0,100.0,0.0,87.0,514627557.0,79.0,18654.0,100.0,0.0,100.0,7.0,,,,,100.0,0.0,100.0,0.0,,,79.0,21.0,,,100.0,285.0,100.0,895.0,21.0,21.0,100.0,0.0,100.0,0.0,200.0,0.0,100.0,18531.0,100.0,73325061384.0,100.0,173850412574.0
2019-12-15,ZCH06N91,ST12000NM0007,12000138625024,0,84.0,238717984.0,90.0,0.0,100.0,9.0,100.0,0.0,87.0,515543129.0,79.0,18669.0,100.0,0.0,100.0,7.0,,,,,100.0,0.0,100.0,0.0,,,79.0,21.0,,,100.0,285.0,100.0,895.0,21.0,21.0,100.0,0.0,100.0,0.0,200.0,0.0,100.0,18546.0,100.0,73325439216.0,100.0,173983749142.0
2019-12-16,ZCH06N91,ST12000NM0007,12000138625024,0,83.0,194195032.0,90.0,0.0,100.0,9.0,100.0,0.0,87.0,518659898.0,79.0,18701.0,100.0,0.0,100.0,7.0,,,,,100.0,0.0,100.0,0.0,,,79.0,21.0,,,100.0,286.0,100.0,897.0,21.0,21.0,100.0,0.0,100.0,0.0,200.0,0.0,100.0,18578.0,100.0,73326789920.0,100.0,174182016158.0
2019-12-17,ZCH06N91,ST12000NM0007,12000138625024,0,80.0,98474416.0,90.0,0.0,100.0,9.0,100.0,0.0,87.0,519714210.0,79.0,18717.0,100.0,0.0,100.0,7.0,,,,,100.0,0.0,100.0,0.0,,,79.0,21.0,,,100.0,286.0,100.0,897.0,21.0,21.0,100.0,0.0,100.0,0.0,200.0,0.0,100.0,18594.0,100.0,73326982864.0,100.0,174330243254.0
2019-12-18,ZCH06N91,ST12000NM0007,12000138625024,0,80.0,102586568.0,90.0,0.0,100.0,9.0,100.0,0.0,87.0,521500023.0,79.0,18748.0,100.0,0.0,100.0,7.0,,,,,100.0,0.0,100.0,0.0,,,79.0,21.0,,,100.0,286.0,100.0,898.0,21.0,21.0,100.0,0.0,100.0,0.0,200.0,0.0,100.0,18625.0,100.0,73327382880.0,100.0,174578096214.0
2019-12-19,ZCH06N91,ST12000NM0007,12000138625024,0,83.0,205026450.0,90.0,0.0,100.0,9.0,100.0,0.0,87.0,522300702.0,79.0,18764.0,100.0,0.0,100.0,7.0,,,,,100.0,0.0,100.0,0.0,,,79.0,21.0,,,100.0,287.0,100.0,900.0,21.0,21.0,100.0,0.0,100.0,0.0,200.0,0.0,100.0,18641.0,100.0,73327720928.0,100.0,174680198048.0
2019-12-20,ZCH06N91,ST12000NM0007,12000138625024,0,70.0,9716824.0,90.0,0.0,100.0,9.0,100.0,0.0,87.0,524396057.0,79.0,18796.0,100.0,0.0,100.0,7.0,,,,,100.0,0.0,100.0,0.0,,,79.0,21.0,,,100.0,287.0,100.0,901.0,21.0,21.0,100.0,0.0,100.0,0.0,200.0,0.0,100.0,18672.0,100.0,73328104928.0,100.0,174972785800.0
2019-12-21,ZCH06N91,ST12000NM0007,12000138625024,0,81.0,112570704.0,90.0,0.0,100.0,9.0,100.0,0.0,87.0,525124632.0,79.0,18812.0,100.0,0.0,100.0,7.0,,,,,100.0,0.0,100.0,0.0,,,80.0,20.0,,,100.0,288.0,100.0,902.0,20.0,20.0,100.0,0.0,100.0,0.0,200.0,0.0,100.0,18688.0,100.0,73328296840.0,100.0,175075447768.0
2019-12-22,ZCH06N91,ST12000NM0007,12000138625024,0,77.0,47589040.0,90.0,0.0,100.0,9.0,100.0,0.0,87.0,526480663.0,79.0,18844.0,100.0,0.0,100.0,7.0,,,,,100.0,0.0,100.0,0.0,,,79.0,21.0,,,100.0,289.0,100.0,903.0,21.0,21.0,100.0,0.0,100.0,0.0,200.0,0.0,100.0,18719.0,100.0,73328700592.0,100.0,175254203016.0
2019-12-23,ZCH06N91,ST12000NM0007,12000138625024,0,83.0,212576112.0,90.0,0.0,100.0,9.0,100.0,0.0,87.0,527806628.0,79.0,18860.0,100.0,0.0,100.0,7.0,,,,,100.0,0.0,100.0,0.0,,,79.0,21.0,,,100.0,289.0,100.0,903.0,21.0,21.0,100.0,0.0,100.0,0.0,200.0,0.0,100.0,18735.0,100.0,73328891560.0,100.0,175418999120.0
2019-12-24,ZCH06N91,ST12000NM0007,12000138625024,0,82.0,164396048.0,90.0,0.0,100.0,9.0,100.0,0.0,87.0,529491589.0,79.0,18891.0,100.0,0.0,100.0,7.0,,,,,100.0,0.0,100.0,0.0,,,80.0,20.0,,,100.0,290.0,100.0,905.0,20.0,20.0,100.0,0.0,100.0,0.0,200.0,0.0,100.0,18767.0,100.0,73329271568.0,100.0,175614579680.0
2019-12-25,ZCH06N91,ST12000NM0007,12000138625024,0,84.0,228956136.0,90.0,0.0,100.0,9.0,100.0,0.0,87.0,530070330.0,79.0,18907.0,100.0,0.0,100.0,7.0,,,,,100.0,0.0,100.0,0.0,,,79.0,21.0,,,100.0,291.0,100.0,906.0,21.0,21.0,100.0,0.0,100.0,0.0,200.0,0.0,100.0,18782.0,100.0,73329460256.0,100.0,175678951080.0
2019-12-26,ZCH06N91,ST12000NM0007,12000138625024,0,84.0,224181160.0,90.0,0.0,100.0,9.0,100.0,0.0,87.0,532174145.0,79.0,18939.0,100.0,0.0,100.0,7.0,,,,,100.0,0.0,100.0,0.0,,,79.0,21.0,,,100.0,291.0,100.0,907.0,21.0,21.0,100.0,0.0,100.0,0.0,200.0,0.0,100.0,18814.0,100.0,73329838000.0,100.0,175917939040.0
2019-12-27,ZCH06N91,ST12000NM0007,12000138625024,0,78.0,67731224.0,90.0,0.0,100.0,9.0,100.0,0.0,87.0,533007477.0,79.0,18954.0,100.0,0.0,100.0,7.0,,,,,100.0,0.0,100.0,0.0,,,79.0,21.0,,,100.0,291.0,100.0,907.0,21.0,21.0,100.0,0.0,100.0,0.0,200.0,0.0,100.0,18830.0,100.0,73330027552.0,100.0,176005440360.0
2019-12-28,ZCH06N91,ST12000NM0007,12000138625024,0,79.0,78246976.0,90.0,0.0,100.0,9.0,100.0,0.0,87.0,535123440.0,79.0,18986.0,100.0,0.0,100.0,7.0,,,,,100.0,0.0,100.0,0.0,,,79.0,21.0,,,100.0,291.0,100.0,909.0,21.0,21.0,100.0,0.0,100.0,0.0,200.0,0.0,100.0,18861.0,100.0,73330405744.0,100.0,176259718576.0
2019-12-29,ZCH06N91,ST12000NM0007,12000138625024,0,73.0,19893632.0,90.0,0.0,100.0,9.0,100.0,0.0,87.0,536597485.0,79.0,19002.0,100.0,0.0,100.0,7.0,,,,,100.0,0.0,100.0,0.0,,,79.0,21.0,,,100.0,291.0,100.0,909.0,21.0,21.0,100.0,0.0,100.0,0.0,200.0,0.0,100.0,18876.0,100.0,73330592304.0,100.0,176445319336.0
2019-12-30,ZCH06N91,ST12000NM0007,12000138625024,0,84.0,226301096.0,90.0,0.0,100.0,9.0,100.0,0.0,87.0,538332887.0,79.0,19033.0,100.0,0.0,100.0,7.0,,,,,100.0,0.0,100.0,0.0,,,79.0,21.0,,,100.0,292.0,100.0,911.0,21.0,21.0,100.0,0.0,100.0,0.0,200.0,0.0,100.0,18908.0,100.0,73330990176.0,100.0,176651328928.0
2019-12-31,ZCH06N91,ST12000NM0007,12000138625024,0,79.0,74197696.0,90.0,0.0,100.0,9.0,100.0,0.0,87.0,538975000.0,79.0,19049.0,100.0,0.0,100.0,7.0,,,,,100.0,0.0,100.0,0.0,,,79.0,21.0,,,100.0,292.0,100.0,911.0,21.0,21.0,100.0,0.0,100.0,0.0,200.0,0.0,100.0,18924.0,100.0,73331298664.0,100.0,176743057848.0
