2019-01-01,ZCH07XC6,ST12000NM0007,12000138625024,0,84,228885104,95.0,0.0,100.0,4.0,100.0,0.0,90.0,894912629.0,89,9998,100.0,0.0,100,3,,,,,100.0,0.0,100.0,0.0,,,66.0,34.0,,,100.0,142.0,99.0,2867.0,34,34,100.0,0.0,100.0,0.0,200.0,0.0,100.0,9056.0,100.0,48995179568.0,100.0,53040691088.0
2019-01-02,ZCH07XC6,ST12000NM0007,12000138625024,0,79,71532680,95.0,0.0,100.0,4.0,100.0,0.0,90.0,898341969.0,89,10023,100.0,0.0,100,3,,,,,100.0,0.0,100.0,0.0,,,66.0,34.0,,,100.0,142.0,99.0,2868.0,34,34,100.0,0.0,100.0,0.0,200.0,0.0,100.0,9080.0,100.0,49082070104.0,100.0,53284729672.0
2019-01-03,ZCH07XC6,ST12000NM0007,12000138625024,0,78.0,59652112.0,95.0,0.0,100.0,4.0,100.0,0.0,90.0,900631873.0,89.0,10047.0,100.0,0.0,100.0,3.0,,,,,100.0,0.0,100.0,0.0,,,67.0,33.0,,,100.0,143.0,99.0,2869.0,33.0,33.0,100.0,0.0,100.0,0.0,200.0,0.0,100.0,9105.0,100.0,49158827608.0,100.0,53440232688.0
2019-01-04,ZCH07XC6,ST12000NM0007,12000138625024,0,80,89164768,95.0,0.0,100.0,4.0,100.0,0.0,90.0,904140524.0,89,10070,100.0,0.0,100,3,,,,,100.0,0.0,100.0,0.0,,,66.0,34.0,,,100.0,143.0,99.0,2870.0,34,34,100.0,0.0,100.0,0.0,200.0,0.0,100.0,9127.0,100.0,49287627360.0,100.0,53585086248.0
2019-01-05,ZCH07XC6,ST12000NM0007,12000138625024,0,80,104421464,95.0,0.0,100.0,4.0,100.0,0.0,90.0,906619142.0,89,10094,100.0,0.0,100,3,,,,,100.0,0.0,100.0,0.0,,,66.0,34.0,,,100.0,143.0,99.0,2871.0,34,34,100.0,0.0,100.0,0.0,200.0,0.0,100.0,9152.0,100.0,49365288328.0,100.0,53766822688.0
2019-01-06,ZCH07XC6,ST12000NM0007,12000138625024,0,80,108646696,95.0,0.0,100.0,4.0,100.0,0.0,90.0,908733095.0,89,10119,100.0,0.0,100,3,,,,,100.0,0.0,100.0,0.0,,,65.0,35.0,,,100.0,143.0,99.0,2872.0,35,35,100.0,0.0,100.0,0.0,200.0,0.0,100.0,9176.0,100.0,49442294592.0,100.0,53938182488.0
2019-01-07,ZCH07XC6,ST12000NM0007,12000138625024,0,82,160802896,95.0,0.0,100.0,4.0,100.0,0.0,90.0,911203548.0,89,10143,100.0,0.0,100,3,,,,,100.0,0.0,100.0,0.0,,,66.0,34.0,,,100.0,143.0,99.0,2873.0,34,34,100.0,0.0,100.0,0.0,200.0,0.0,100.0,9200.0,100.0,49545183344.0,100.0,54131590632.0
2019-01-08,ZCH07XC6,ST12000NM0007,12000138625024,0,66,3559488,95.0,0.0,100.0,4.0,100.0,0.0,90.0,914162203.0,89,10166,100.0,0.0,100,3,,,,,100.0,0.0,100.0,0.0,,,65.0,35.0,,,100.0,143.0,99.0,2874.0,35,35,100.0,0.0,100.0,0.0,200.0,0.0,100.0,9223.0,100.0,49622759144.0,100.0,54385052888.0
2019-01-09,ZCH07XC6,ST12000NM0007,12000138625024,0,80,98247800,95.0,0.0,100.0,4.0,100.0,0.0,90.0,917622749.0,89,10190,100.0,0.0,100,3,,,,,100.0,0.0,100.0,0.0,,,66.0,34.0,,,100.0,144.0,99.0,2875.0,34,34,100.0,0.0,100.0,0.0,200.0,0.0,100.0,9247.0,100.0,49718173424.0,100.0,54628467760.0
2019-01-10,ZCH07XC6,ST12000NM0007,12000138625024,0,77,56148440,95.0,0.0,100.0,4.0,100.0,0.0,90.0,919478146.0,89,10208,100.0,0.0,100,3,,,,,100.0,0.0,100.0,0.0,,,65.0,35.0,,,100.0,144.0,99.0,2875.0,35,35,100.0,0.0,100.0,0.0,200.0,0.0,100.0,9265.0,100.0,49819872640.0,100.0,54728810160.0
2019-01-11,ZCH07XC6,ST12000NM0007,12000138625024,0,76.0,44365648.0,95.0,0.0,100.0,4.0,100.0,0.0,90.0,921739873.0,89.0,10231.0,100.0,0.0,100.0,3.0,,,,,100.0,0.0,100.0,0.0,,,66.0,34.0,,,100.0,145.0,99.0,2876.0,34.0,34.0,100.0,0.0,100.0,0.0,200.0,0.0,100.0,9288.0,100.0,49906185776.0,100.0,54874854888.0
2019-01-12,ZCH07XC6,ST12000NM0007,12000138625024,0,77,49678512,95.0,0.0,100.0,4.0,100.0,0.0,90.0,924486011.0,89,10247,100.0,0.0,100,3,,,,,100.0,0.0,100.0,0.0,,,66.0,34.0,,,100.0,145.0,99.0,2877.0,34,34,100.0,0.0,100.0,0.0,200.0,0.0,100.0,9304.0,100.0,49996533016.0,100.0,55033961336.0
2019-01-13,ZCH07XC6,ST12000NM0007,12000138625024,0,83,178456048,95.0,0.0,100.0,4.0,100.0,0.0,90.0,927699884.0,89,10279,100.0,0.0,100,3,,,,,100.0,0.0,100.0,0.0,,,67.0,33.0,,,100.0,145.0,99.0,2878.0,33,33,100.0,0.0,100.0,0.0,200.0,0.0,100.0,9335.0,100.0,50118804488.0,100.0,55284608152.0
2019-01-14,ZCH07XC6,ST12000NM0007,12000138625024,0,80,97860360,95.0,0.0,100.0,4.0,100.0,0.0,90.0,929274218.0,89,10295,100.0,0.0,100,3,,,,,100.0,0.0,100.0,0.0,,,66.0,34.0,,,100.0,145.0,99.0,2879.0,34,34,100.0,0.0,100.0,0.0,200.0,0.0,100.0,9351.0,100.0,50176467416.0,100.0,55390490408.0
2019-01-15,ZCH07XC6,ST12000NM0007,12000138625024,0,73.0,21880120.0,95.0,0.0,100.0,4.0,100.0,0.0,90.0,932798621.0,89.0,10326.0,100.0,0.0,100.0,3.0,,,,,100.0,0.0,100.0,0.0,,,64.0,36.0,,,100.0,146.0,99.0,2880.0,36.0,36.0,100.0,0.0,100.0,0.0,200.0,0.0,100.0,9383.0,100.0,50299964576.0,100.0,55679294928.0
2019-01-16,ZCH07XC6,ST12000NM0007,12000138625024,0,83,198747536,95.0,0.0,100.0,4.0,100.0,0.0,90.0,934743094.0,89,10342,100.0,0.0,100,3,,,,,100.0,0.0,100.0,0.0,,,64.0,36.0,,,100,147,99.0,2881.0,36,36,100.0,0.0,100.0,0.0,200.0,0.0,100.0,9398.0,100.0,50364368728.0,100.0,55791758192.0
2019-01-17,ZCH07XC6,ST12000NM0007,12000138625024,0,84,224222856,95.0,0.0,100.0,4.0,100.0,0.0,90.0,937677817.0,89,10374,100.0,0.0,100,3,,,,,100.0,0.0,100.0,0.0,,,64.0,36.0,,,100,148,99.0,2882.0,36,36,100.0,0.0,100.0,0.0,200.0,0.0,100.0,9430.0,100.0,50481808120.0,100.0,55943934824.0
2019-01-18,ZCH07XC6,ST12000NM0007,12000138625024,0,82,164041328,95.0,0.0,100.0,4.0,100.0,0.0,90.0,941945094.0,89,10406,100.0,0.0,100,3,,,,,100.0,0.0,100.0,0.0,,,64.0,36.0,,,100,150,99.0,2884.0,36,36,100.0,0.0,100.0,0.0,200.0,0.0,100.0,9461.0,100.0,50617578864.0,100.0,56236264168.0
2019-01-19,ZCH07XC6,ST12000NM0007,12000138625024,0,79,81191584,95.0,0.0,100.0,4.0,100.0,0.0,90.0,943461545.0,89,10421,100.0,0.0,100,3,,,,,100.0,0.0,100.0,0.0,,,64.0,36.0,,,100,150,99.0,2884.0,36,36,100.0,0.0,100.0,0.0,200.0,0.0,100.0,9477.0,100.0,50669329128.0,100.0,56345805072.0
2019-01-20,ZCH07XC6,ST12000NM0007,12000138625024,0,83,221611096,95.0,0.0,100.0,4.0,100.0,0.0,90.0,946983825.0,89,10453,100.0,0.0,100,3,,,,,100.0,0.0,100.0,0.0,,,64.0,36.0,,,100,151,99.0,2886.0,36,36,100.0,0.0,100.0,0.0,200.0,0.0,100.0,9509.0,100.0,50766521656.0,100.0,56633172688.0
2019-01-21,ZCH07XC6,ST12000NM0007,12000138625024,0,82,144678512,95.0,0.0,100.0,4.0,100.0,0.0,90.0,948125020.0,89,10469,100.0,0.0,100,3,,,,,100.0,0.0,100.0,0.0,,,63.0,37.0,,,100,151,99.0,2886.0,37,37,100.0,0.0,100.0,0.0,200.0,0.0,100.0,9525.0,100.0,50804166328.0,100.0,56762736152.0
2019-01-22,ZCH07XC6,ST12000NM0007,12000138625024,0,71.0,13450672.0,95.0,0.0,100.0,4.0,100.0,0.0,90.0,951107001.0,89.0,10501.0,100.0,0.0,100.0,3.0,,,,,100.0,0.0,100.0,0.0,,,63.0,37.0,,,100.0,152.0,99.0,2888.0,37.0,37.0,100.0,0.0,100.0,0.0,200.0,0.0,100.0,9556.0,100.0,50910062936.0,100.0,57013893288.0
2019-01-23,ZCH07XC6,ST12000NM0007,12000138625024,0,76.0,39942192.0,95.0,0.0,100.0,4.0,100.0,0.0,90.0,953682351.0,88.0,10517.0,100.0,0.0,100.0,3.0,,,,,100.0,0.0,100.0,0.0,,,63.0,37.0,,,100.0,152.0,99.0,2888.0,37.0,37.0,100.0,0.0,100.0,0.0,200.0,0.0,100.0,9572.0,100.0,50989853824.0,100.0,57204734728.0
2019-01-24,ZCH07XC6,ST12000NM0007,12000138625024,0,80.0,108524488.0,95.0,0.0,100.0,4.0,100.0,0.0,90.0,956904902.0,88.0,10548.0,100.0,0.0,100.0,3.0,,,,,100.0,0.0,100.0,0.0,,,63.0,37.0,,,100.0,153.0,99.0,2890.0,37.0,37.0,100.0,0.0,100.0,0.0,200.0,0.0,100.0,9603.0,100.0,51104114704.0,100.0,57403196832.0
2019-01-25,ZCH07XC6,ST12000NM0007,12000138625024,0,66,3983608,95.0,0.0,100.0,4.0,100.0,0.0,90.0,958436175.0,88,10564,100.0,0.0,100,3,,,,,100.0,0.0,100.0,0.0,,,63.0,37.0,,,100,153,99.0,2890.0,37,37,100.0,0.0,100.0,0.0,200.0,0.0,100.0,9619.0,100.0,51163359544.0,100.0,57483551960.0
2019-01-26,ZCH07XC6,ST12000NM0007,12000138625024,0,82,170344024,95.0,0.0,100.0,4.0,100.0,0.0,90.0,963217608.0,88,10596,100.0,0.0,100,3,,,,,100.0,0.0,100.0,0.0,,,63.0,37.0,,,100,154,99.0,2892.0,37,37,100.0,0.0,100.0,0.0,200.0,0.0,100.0,9651.0,100.0,51316051184.0,100.0,57741361576.0
2019-01-27,ZCH07XC6,ST12000NM0007,12000138625024,0,80,95130712,95.0,0.0,100.0,4.0,100.0,0.0,90.0,964890425.0,88,10612,100.0,0.0,100,3,,,,,100.0,0.0,100.0,0.0,,,63.0,37.0,,,100,154,99.0,2892.0,37,37,100.0,0.0,100.0,0.0,200.0,0.0,100.0,9667.0,100.0,51374342368.0,100.0,57851997712.0
2019-01-28,ZCH07XC6,ST12000NM0007,12000138625024,0,84,228449184,95.0,0.0,100.0,4.0,100.0,0.0,90.0,968365366.0,88,10643,100.0,0.0,100,3,,,,,100.0,0.0,100.0,0.0,,,63.0,37.0,,,100,154,99.0,2894.0,37,37,100.0,0.0,100.0,0.0,200.0,0.0,100.0,9698.0,100.0,51477299216.0,100.0,58126499984.0
2019-01-29,ZCH07XC6,ST12000NM0007,12000138625024,0,81,135278792,95.0,0.0,100.0,4.0,100.0,0.0,90.0,969977124.0,88,10659,100.0,0.0,100,3,,,,,100.0,0.0,100.0,0.0,,,63.0,37.0,,,100,154,99.0,2894.0,37,37,100.0,0.0,100.0,0.0,200.0,0.0,100.0,9714.0,100.0,51528111800.0,100.0,58226657680.0
2019-01-30,ZCH07XC6,ST12000NM0007,12000138625024,0,80,91328464,95.0,0.0,100.0,4.0,100.0,0.0,90.0,974729729.0,88,10691,100.0,0.0,100,3,,,,,100.0,0.0,100.0,0.0,,,63.0,37.0,,,100,154,99.0,2896.0,37,37,100.0,0.0,100.0,0.0,200.0,0.0,100.0,9746.0,100.0,51673467944.0,100.0,58525632552.0
2019-01-31,ZCH07XC6,ST12000NM0007,12000138625024,0,77,52087352,95.0,0.0,100.0,4.0,100.0,0.0,90.0,976380431.0,88,10707,100.0,0.0,100,3,,,,,100.0,0.0,100.0,0.0,,,63.0,37.0,,,100,154,99.0,2896.0,37,37,100.0,0.0,100.0,0.0,200.0,0.0,100.0,9761.0,100.0,51744023632.0,100.0,58659976384.0
2019-02-01,ZCH07XC6,ST12000NM0007,12000138625024,0,83,218604544,95.0,0.0,100.0,4.0,100.0,0.0,90.0,980056570.0,88,10738,100.0,0.0,100,3,,,,,100.0,0.0,100.0,0.0,,,62.0,38.0,,,100,154,99.0,2898.0,38,38,100.0,0.0,100.0,0.0,200.0,0.0,100.0,9792.0,100.0,51870611848.0,100.0,58944046208.0
2019-02-02,ZCH07XC6,ST12000NM0007,12000138625024,0,83.0,181035384.0,95.0,0.0,100.0,4.0,100.0,0.0,90.0,981867369.0,88.0,10754.0,100.0,0.0,100.0,3.0,,,,,100.0,0.0,100.0,0.0,,,63.0,37.0,,,100.0,154.0,99.0,2898.0,37.0,37.0,100.0,0.0,100.0,0.0,200.0,0.0,100.0,9808.0,100.0,51925200856.0,100.0,59096028672.0
2019-02-03,ZCH07XC6,ST12000NM0007,12000138625024,0,77,54182512,95.0,0.0,100.0,4.0,100.0,0.0,90.0,984542514.0,88,10786,100.0,0.0,100,3,,,,,100.0,0.0,100.0,0.0,,,63.0,37.0,,,100,156,99.0,2900.0,37,37,100.0,0.0,100.0,0.0,200.0,0.0,100.0,9840.0,100.0,52004877152.0,100.0,59377785576.0
2019-02-04,ZCH07XC6,ST12000NM0007,12000138625024,0,83,201011648,95.0,0.0,100.0,4.0,100.0,0.0,90.0,985981884.0,88,10802,100.0,0.0,100,3,,,,,100.0,0.0,100.0,0.0,,,64.0,36.0,,,100,156,99.0,2900.0,36,36,100.0,0.0,100.0,0.0,200.0,0.0,100.0,9856.0,100.0,52050906136.0,100.0,59478585728.0
2019-02-05,ZCH07XC6,ST12000NM0007,12000138625024,0,79.0,77301032.0,95.0,0.0,100.0,4.0,100.0,0.0,90.0,989058810.0,88.0,10833.0,100.0,0.0,100.0,3.0,,,,,100.0,0.0,100.0,0.0,,,64.0,36.0,,,100.0,157.0,99.0,2902.0,36.0,36.0,100.0,0.0,100.0,0.0,200.0,0.0,100.0,9887.0,100.0,52159728376.0,100.0,59734334312.0
2019-02-06,ZCH07XC6,ST12000NM0007,12000138625024,0,81,124022400,95.0,0.0,100.0,4.0,100.0,0.0,90.0,991765816.0,88,10849,100.0,0.0,100,3,,,,,100.0,0.0,100.0,0.0,,,62.0,38.0,,,100,157,99.0,2902.0,38,38,100.0,0.0,100.0,0.0,200.0,0.0,100.0,9903.0,100.0,52247224144.0,100.0,59937700544.0
2019-02-07,ZCH07XC6,ST12000NM0007,12000138625024,0,84.0,240253312.0,95.0,0.0,100.0,4.0,100.0,0.0,90.0,994946781.0,88.0,10881.0,100.0,0.0,100.0,3.0,,,,,100.0,0.0,100.0,0.0,,,63.0,37.0,,,100.0,158.0,99.0,2904.0,37.0,37.0,100.0,0.0,100.0,0.0,200.0,0.0,100.0,9934.0,100.0,52365129816.0,100.0,60180166448.0
2019-02-08,ZCH07XC6,ST12000NM0007,12000138625024,0,83,192012400,95.0,0.0,100.0,4.0,100.0,0.0,90.0,997219114.0,88,10896,100.0,0.0,100,3,,,,,100.0,0.0,100.0,0.0,,,63.0,37.0,,,100,158,99.0,2904.0,37,37,100.0,0.0,100.0,0.0,200.0,0.0,100.0,9949.0,100.0,52412922040.0,100.0,60328274272.0
2019-02-09,ZCH07XC6,ST12000NM0007,12000138625024,0,78.0,63566536.0,95.0,0.0,100.0,4.0,100.0,0.0,61.0,1176866.0,88.0,10928.0,100.0,0.0,100.0,3.0,,,,,100.0,0.0,100.0,0.0,,,63.0,37.0,,,100.0,159.0,99.0,2906.0,37.0,37.0,100.0,0.0,100.0,0.0,200.0,0.0,100.0,9981.0,100.0,52518137200.0,100.0,60582894760.0
2019-02-10,ZCH07XC6,ST12000NM0007,12000138625024,0,84,243770680,95.0,0.0,100.0,4.0,100.0,0.0,64.0,2683741.0,88,10944,100.0,0.0,100,3,,,,,100.0,0.0,100.0,0.0,,,63.0,37.0,,,100,159,99.0,2906.0,37,37,100.0,0.0,100.0,0.0,200.0,0.0,100.0,9997.0,100.0,52562605520.0,100.0,60718630584.0
2019-02-11,ZCH07XC6,ST12000NM0007,12000138625024,0,81,122242992,95.0,0.0,100.0,4.0,100.0,0.0,68.0,5860390.0,88,10976,100.0,0.0,100,3,,,,,100.0,0.0,100.0,0.0,,,62.0,38.0,,,100,159,99.0,2908.0,38,38,100.0,0.0,100.0,0.0,200.0,0.0,100.0,10028.0,100.0,52672860336.0,100.0,60975129616.0
2019-02-12,ZCH07XC6,ST12000NM0007,12000138625024,0,76.0,39723800.0,95.0,0.0,100.0,4.0,100.0,0.0,70.0,9500802.0,88.0,11007.0,100.0,0.0,100.0,3.0,,,,,100.0,0.0,100.0,0.0,,,63.0,37.0,,,100.0,160.0,99.0,2909.0,37.0,37.0,100.0,0.0,100.0,0.0,200.0,0.0,100.0,10059.0,100.0,52784910272.0,100.0,61268841856.0
2019-02-13,ZCH07XC6,ST12000NM0007,12000138625024,0,76,36755896,95.0,0.0,100.0,4.0,100.0,0.0,71.0,12284508.0,88,11023,100.0,0.0,100,3,,,,,100.0,0.0,100.0,0.0,,,62.0,38.0,,,100,161,99.0,2910.0,38,38,100.0,0.0,100.0,0.0,200.0,0.0,100.0,10075.0,100.0,52859745688.0,100.0,61435179272.0
2019-02-14,ZCH07XC6,ST12000NM0007,12000138625024,0,82,142385064,95.0,0.0,100.0,4.0,100.0,0.0,72.0,15444803.0,88,11055,100.0,0.0,100,3,,,,,100.0,0.0,100.0,0.0,,,63.0,37.0,,,100,162,99.0,2911.0,37,37,100.0,0.0,100.0,0.0,200.0,0.0,100.0,10107.0,100.0,52966131864.0,100.0,61678563112.0
2019-02-15,ZCH07XC6,ST12000NM0007,12000138625024,0,76.0,43540432.0,95.0,0.0,100.0,4.0,100.0,0.0,72.0,16722629.0,88.0,11071.0,100.0,0.0,100.0,3.0,,,,,100.0,0.0,100.0,0.0,,,63.0,37.0,,,100.0,163.0,99.0,2912.0,37.0,37.0,100.0,0.0,100.0,0.0,200.0,0.0,100.0,10122.0,100.0,53007627384.0,100.0,61782363696.0
2019-02-16,ZCH07XC6,ST12000NM0007,12000138625024,0,83.0,202414848.0,95.0,0.0,100.0,4.0,100.0,0.0,73.0,21387229.0,88.0,11102.0,100.0,0.0,100.0,3.0,,,,,100.0,0.0,100.0,0.0,,,63.0,37.0,,,100.0,164.0,99.0,2913.0,37.0,37.0,100.0,0.0,100.0,0.0,200.0,0.0,100.0,10154.0,100.0,53135623264.0,100.0,62057382864.0
2019-02-17,ZCH07XC6,ST12000NM0007,12000138625024,0,80,94601088,95.0,0.0,100.0,4.0,100.0,0.0,74.0,22468957.0,88,11118,100.0,0.0,100,3,,,,,100.0,0.0,100.0,0.0,,,63.0,37.0,,,100,164,99.0,2913.0,37,37,100.0,0.0,100.0,0.0,200.0,0.0,100.0,10170.0,100.0,53165439672.0,100.0,62163893400.0
2019-02-18,ZCH07XC6,ST12000NM0007,12000138625024,0,82,171991000,95.0,0.0,100.0,4.0,100.0,0.0,74.0,25129684.0,88,11150,100.0,0.0,100,3,,,,,100.0,0.0,100.0,0.0,,,63.0,37.0,,,100,165,99.0,2915.0,37,37,100.0,0.0,100.0,0.0,200.0,0.0,100.0,10201.0,100.0,53297629560.0,100.0,62353234456.0
2019-02-19,ZCH07XC6,ST12000NM0007,12000138625024,0,79,84935688,95.0,0.0,100.0,4.0,100.0,0.0,74.0,26357735.0,88,11166,100.0,0.0,100,3,,,,,100.0,0.0,100.0,0.0,,,63.0,37.0,,,100,165,99.0,2915.0,37,37,100.0,0.0,100.0,0.0,200.0,0.0,100.0,10217.0,100.0,53340811808.0,100.0,62467137640.0
2019-02-20,ZCH07XC6,ST12000NM0007,12000138625024,0,84.0,230218384.0,95.0,0.0,100.0,4.0,100.0,0.0,75.0,30543459.0,88.0,11197.0,100.0,0.0,100.0,3.0,,,,,100.0,0.0,100.0,0.0,,,63.0,37.0,,,100.0,167.0,99.0,2917.0,37.0,37.0,100.0,0.0,100.0,0.0,200.0,0.0,100.0,10248.0,100.0,53465738592.0,100.0,62731635344.0
2019-02-21,ZCH07XC6,ST12000NM0007,12000138625024,0,81,135381440,95.0,0.0,100.0,4.0,100.0,0.0,75.0,31964085.0,88,11213,100.0,0.0,100,3,,,,,100.0,0.0,100.0,0.0,,,63.0,37.0,,,100,167,99.0,2917.0,37,37,100.0,0.0,100.0,0.0,200.0,0.0,100.0,10264.0,100.0,53520121352.0,100.0,62826556520.0
2019-02-22,ZCH07XC6,ST12000NM0007,12000138625024,0,77,54289248,95.0,0.0,100.0,4.0,100.0,0.0,75.0,33540389.0,88,11229,100.0,0.0,100,3,,,,,100.0,0.0,100.0,0.0,,,63.0,37.0,,,100,168,99.0,2919.0,37,37,100.0,0.0,100.0,0.0,200.0,0.0,100.0,10279.0,100.0,53574314264.0,100.0,62935412048.0
2019-02-23,ZCH07XC6,ST12000NM0007,12000138625024,0,82.0,175388992.0,95.0,0.0,100.0,4.0,100.0,0.0,76.0,37678081.0,88.0,11260.0,100.0,0.0,100.0,3.0,,,,,100.0,0.0,100.0,0.0,,,62.0,38.0,,,100.0,168.0,99.0,2920.0,38.0,38.0,100.0,0.0,100.0,0.0,200.0,0.0,100.0,10311.0,100.0,53693591656.0,100.0,63181375072.0
2019-02-24,ZCH07XC6,ST12000NM0007,12000138625024,0,81,138678776,95.0,0.0,100.0,4.0,100.0,0.0,76.0,39777245.0,88,11276,100.0,0.0,100,3,,,,,100.0,0.0,100.0,0.0,,,62.0,38.0,,,100,169,99.0,2921.0,38,38,100.0,0.0,100.0,0.0,200.0,0.0,100.0,10326.0,100.0,53751803944.0,100.0,63330593424.0
2019-02-25,ZCH07XC6,ST12000NM0007,12000138625024,0,65,3532280,95.0,0.0,100.0,4.0,100.0,0.0,76.0,43345412.0,88,11308,100.0,0.0,100,3,,,,,100.0,0.0,100.0,0.0,,,63.0,37.0,,,100,169,99.0,2922.0,37,37,100.0,0.0,100.0,0.0,200.0,0.0,100.0,10357.0,100.0,53839341448.0,100.0,63596190928.0
2019-02-26,ZCH07XC6,ST12000NM0007,12000138625024,0,83,178584952,95.0,0.0,100.0,4.0,100.0,0.0,77.0,44962622.0,88,11324,100.0,0.0,100,3,,,,,100.0,0.0,100.0,0.0,,,63.0,37.0,,,100,169,99.0,2923.0,37,37,100.0,0.0,100.0,0.0,200.0,0.0,100.0,10373.0,100.0,53888459784.0,100.0,63722125264.0
2019-02-27,ZCH07XC6,ST12000NM0007,12000138625024,0,79.0,86611488.0,95.0,0.0,100.0,4.0,100.0,0.0,77.0,49431585.0,88.0,11355.0,100.0,0.0,100.0,3.0,,,,,100.0,0.0,100.0,0.0,,,63.0,37.0,,,100.0,169.0,99.0,2924.0,37.0,37.0,100.0,0.0,100.0,0.0,200.0,0.0,100.0,10405.0,100.0,54001399896.0,100.0,64005493376.0
2019-02-28,ZCH07XC6,ST12000NM0007,12000138625024,0,70,9101288,95.0,0.0,100.0,4.0,100.0,0.0,77.0,51047706.0,88,11371,100.0,0.0,100,3,,,,,100.0,0.0,100.0,0.0,,,62.0,38.0,,,100,169,99.0,2925.0,38,38,100.0,0.0,100.0,0.0,200.0,0.0,100.0,10421.0,100.0,54057561128.0,100.0,64115962616.0
2019-03-01,ZCH07XC6,ST12000NM0007,12000138625024,0,81.0,123962952.0,95.0,0.0,100.0,4.0,100.0,0.0,77.0,54489916.0,87.0,11403.0,100.0,0.0,100.0,3.0,,,,,100.0,0.0,100.0,0.0,,,62.0,38.0,,,100.0,169.0,99.0,2926.0,38.0,38.0,100.0,0.0,100.0,0.0,200.0,0.0,100.0,10452.0,100.0,54168735872.0,100.0,64363790328.0
2019-03-02,ZCH07XC6,ST12000NM0007,12000138625024,0,81.0,117680984.0,95.0,0.0,100.0,4.0,100.0,0.0,78.0,57436527.0,87.0,11418.0,100.0,0.0,100.0,3.0,,,,,100.0,0.0,100.0,0.0,,,62.0,38.0,,,100.0,170.0,99.0,2927.0,38.0,38.0,100.0,0.0,100.0,0.0,200.0,0.0,100.0,10468.0,100.0,54257890808.0,100.0,64512494056.0
2019-03-03,ZCH07XC6,ST12000NM0007,12000138625024,0,82.0,172599104.0,95.0,0.0,100.0,4.0,100.0,0.0,78.0,60417058.0,87.0,11450.0,100.0,0.0,100.0,3.0,,,,,100.0,0.0,100.0,0.0,,,62.0,38.0,,,100.0,170.0,99.0,2928.0,38.0,38.0,100.0,0.0,100.0,0.0,200.0,0.0,100.0,10500.0,100.0,54368599736.0,100.0,64700843904.0
2019-03-04,ZCH07XC6,ST12000NM0007,12000138625024,0,79,82846024,95.0,0.0,100.0,4.0,100.0,0.0,78.0,61771708.0,87,11466,100.0,0.0,100,3,,,,,100.0,0.0,100.0,0.0,,,62.0,38.0,,,100,170,99.0,2929.0,38,38,100.0,0.0,100.0,0.0,200.0,0.0,100.0,10515.0,100.0,54416706800.0,100.0,64807124448.0
2019-03-05,ZCH07XC6,ST12000NM0007,12000138625024,0,75.0,34009704.0,95.0,0.0,100.0,4.0,100.0,0.0,78.0,65254587.0,87.0,11498.0,100.0,0.0,100.0,3.0,,,,,100.0,0.0,100.0,0.0,,,62.0,38.0,,,100.0,170.0,99.0,2930.0,38.0,38.0,100.0,0.0,100.0,0.0,200.0,0.0,100.0,10547.0,100.0,54571024928.0,100.0,65092251728.0
2019-03-06,ZCH07XC6,ST12000NM0007,12000138625024,0,83.0,211464320.0,95.0,0.0,100.0,4.0,100.0,0.0,78.0,66859038.0,87.0,11514.0,100.0,0.0,100.0,3.0,,,,,100.0,0.0,100.0,0.0,,,62.0,38.0,,,100.0,170.0,99.0,2931.0,38.0,38.0,100.0,0.0,100.0,0.0,200.0,0.0,100.0,10562.0,100.0,54632414200.0,100.0,65208317072.0
2019-03-07,ZCH07XC6,ST12000NM0007,12000138625024,0,84.0,231630016.0,95.0,0.0,100.0,4.0,100.0,0.0,79.0,72335593.0,87.0,11545.0,100.0,0.0,100.0,3.0,,,,,100.0,0.0,100.0,0.0,,,63.0,37.0,,,100.0,171.0,99.0,2932.0,37.0,37.0,100.0,0.0,100.0,0.0,200.0,0.0,100.0,10594.0,100.0,54758143040.0,100.0,65591035216.0
2019-03-08,ZCH07XC6,ST12000NM0007,12000138625024,0,81.0,137890336.0,95.0,0.0,100.0,4.0,100.0,0.0,79.0,75978745.0,87.0,11577.0,100.0,0.0,100.0,3.0,,,,,100.0,0.0,100.0,0.0,,,61.0,39.0,,,100.0,172.0,99.0,2934.0,39.0,39.0,100.0,0.0,100.0,0.0,200.0,0.0,100.0,10625.0,100.0,54879110392.0,100.0,65864609888.0
2019-03-09,ZCH07XC6,ST12000NM0007,12000138625024,0,80.0,89637480.0,95.0,0.0,100.0,4.0,100.0,0.0,79.0,78484067.0,87.0,11593.0,100.0,0.0,100.0,3.0,,,,,100.0,0.0,100.0,0.0,,,62.0,38.0,,,100.0,172.0,99.0,2934.0,38.0,38.0,100.0,0.0,100.0,0.0,200.0,0.0,100.0,10641.0,100.0,54954029560.0,100.0,65985578576.0
2019-03-10,ZCH07XC6,ST12000NM0007,12000138625024,0,83.0,206260992.0,95.0,0.0,100.0,4.0,100.0,0.0,79.0,82100922.0,87.0,11624.0,100.0,0.0,100.0,3.0,,,,,100.0,0.0,100.0,0.0,,,63.0,37.0,,,100.0,174.0,99.0,2936.0,37.0,37.0,100.0,0.0,100.0,0.0,200.0,0.0,100.0,10673.0,100.0,55054427824.0,100.0,66245944624.0
2019-03-11,ZCH07XC6,ST12000NM0007,12000138625024,0,81.0,129015432.0,95.0,0.0,100.0,4.0,100.0,0.0,79.0,83721177.0,87.0,11640.0,100.0,0.0,100.0,3.0,,,,,100.0,0.0,100.0,0.0,,,62.0,38.0,,,100.0,174.0,99.0,2936.0,38.0,38.0,100.0,0.0,100.0,0.0,200.0,0.0,100.0,10688.0,100.0,55098606488.0,100.0,66368661952.0
2019-03-12,ZCH07XC6,ST12000NM0007,12000138625024,0,84.0,231453792.0,95.0,0.0,100.0,4.0,100.0,0.0,79.0,87065103.0,87.0,11672.0,100.0,0.0,100.0,3.0,,,,,100.0,0.0,100.0,0.0,,,62.0,38.0,,,100.0,175.0,99.0,2938.0,38.0,38.0,100.0,0.0,100.0,0.0,200.0,0.0,100.0,10720.0,100.0,55191593192.0,100.0,66622254256.0
2019-03-13,ZCH07XC6,ST12000NM0007,12000138625024,0,83.0,181625200.0,95.0,0.0,100.0,4.0,100.0,0.0,80.0,89132342.0,87.0,11687.0,100.0,0.0,100.0,3.0,,,,,100.0,0.0,100.0,0.0,,,62.0,38.0,,,100.0,175.0,99.0,2938.0,38.0,38.0,100.0,0.0,100.0,0.0,200.0,0.0,100.0,10736.0,100.0,55245768160.0,100.0,66762391368.0
2019-03-14,ZCH07XC6,ST12000NM0007,12000138625024,0,73.0,21047600.0,95.0,0.0,100.0,4.0,100.0,0.0,80.0,92461627.0,87.0,11719.0,100.0,0.0,100.0,3.0,,,,,100.0,0.0,100.0,0.0,,,66.0,34.0,,,100.0,175.0,99.0,2940.0,34.0,34.0,100.0,0.0,100.0,0.0,200.0,0.0,100.0,10767.0,100.0,55337161136.0,100.0,66998702264.0
2019-03-15,ZCH07XC6,ST12000NM0007,12000138625024,0,83.0,206275144.0,95.0,0.0,100.0,4.0,100.0,0.0,80.0,94106007.0,87.0,11735.0,100.0,0.0,100.0,3.0,,,,,100.0,0.0,100.0,0.0,,,66.0,34.0,,,100.0,175.0,99.0,2940.0,34.0,34.0,100.0,0.0,100.0,0.0,200.0,0.0,100.0,10783.0,100.0,55394695488.0,100.0,67126395456.0
2019-03-16,ZCH07XC6,ST12000NM0007,12000138625024,0,82.0,175808984.0,95.0,0.0,100.0,4.0,100.0,0.0,80.0,98807478.0,87.0,11767.0,100.0,0.0,100.0,3.0,,,,,100.0,0.0,100.0,0.0,,,66.0,34.0,,,100.0,176.0,99.0,2942.0,34.0,34.0,100.0,0.0,100.0,0.0,200.0,0.0,100.0,10814.0,100.0,55551715032.0,100.0,67427191304.0
2019-03-17,ZCH07XC6,ST12000NM0007,12000138625024,0,80.0,89372840.0,95.0,0.0,100.0,4.0,100.0,0.0,80.0,102323341.0,87.0,11798.0,100.0,0.0,100.0,3.0,,,,,100.0,0.0,100.0,0.0,,,66.0,34.0,,,100.0,176.0,99.0,2943.0,34.0,34.0,100.0,0.0,100.0,0.0,200.0,0.0,100.0,10846.0,100.0,55667019024.0,100.0,67713732568.0
2019-03-18,ZCH07XC6,ST12000NM0007,12000138625024,0,79.0,71119960.0,95.0,0.0,100.0,4.0,100.0,0.0,80.0,105047779.0,87.0,11814.0,100.0,0.0,100.0,3.0,,,,,100.0,0.0,100.0,0.0,,,68.0,32.0,,,100.0,176.0,99.0,2944.0,32.0,32.0,100.0,0.0,100.0,0.0,200.0,0.0,100.0,10862.0,100.0,55727823312.0,100.0,67878816176.0
2019-03-19,ZCH07XC6,ST12000NM0007,12000138625024,0,83.0,203625688.0,95.0,0.0,100.0,4.0,100.0,0.0,80.0,108753828.0,87.0,11846.0,100.0,0.0,100.0,3.0,,,,,100.0,0.0,100.0,0.0,,,70.0,30.0,,,100.0,176.0,99.0,2945.0,30.0,30.0,100.0,0.0,100.0,0.0,200.0,0.0,100.0,10893.0,100.0,55859691200.0,100.0,68123594872.0
2019-03-20,ZCH07XC6,ST12000NM0007,12000138625024,0,83.0,210692232.0,95.0,0.0,100.0,4.0,100.0,0.0,80.0,111905088.0,87.0,11862.0,100.0,0.0,100.0,3.0,,,,,100.0,0.0,100.0,0.0,,,67.0,33.0,,,100.0,176.0,99.0,2945.0,33.0,33.0,100.0,0.0,100.0,0.0,200.0,0.0,100.0,10909.0,100.0,55952289392.0,100.0,68282204688.0
2019-03-21,ZCH07XC6,ST12000NM0007,12000138625024,0,81.0,113607288.0,95.0,0.0,100.0,4.0,100.0,0.0,81.0,115634850.0,87.0,11893.0,100.0,0.0,100.0,3.0,,,,,100.0,0.0,100.0,0.0,,,70.0,30.0,,,100.0,176.0,99.0,2947.0,30.0,30.0,100.0,0.0,100.0,0.0,200.0,0.0,100.0,10940.0,100.0,56071646672.0,100.0,68554043784.0
2019-03-22,ZCH07XC6,ST12000NM0007,12000138625024,0,75.0,35104240.0,95.0,0.0,100.0,4.0,100.0,0.0,81.0,117292303.0,87.0,11909.0,100.0,0.0,100.0,3.0,,,,,100.0,0.0,100.0,0.0,,,67.0,33.0,,,100.0,176.0,99.0,2947.0,33.0,33.0,100.0,0.0,100.0,0.0,200.0,0.0,100.0,10956.0,100.0,56113864408.0,100.0,68677463640.0
2019-03-23,ZCH07XC6,ST12000NM0007,12000138625024,0,83.0,185021432.0,95.0,0.0,100.0,4.0,100.0,0.0,81.0,122122930.0,87.0,11941.0,100.0,0.0,100.0,3.0,,,,,100.0,0.0,100.0,0.0,,,66.0,34.0,,,100.0,177.0,99.0,2949.0,34.0,34.0,100.0,0.0,100.0,0.0,200.0,0.0,100.0,10988.0,100.0,56253551920.0,100.0,68931834048.0
2019-03-24,ZCH07XC6,ST12000NM0007,12000138625024,0,81.0,118783480.0,95.0,0.0,100.0,4.0,100.0,0.0,81.0,123883690.0,87.0,11957.0,100.0,0.0,100.0,3.0,,,,,100.0,0.0,100.0,0.0,,,66.0,34.0,,,100.0,177.0,99.0,2949.0,34.0,34.0,100.0,0.0,100.0,0.0,200.0,0.0,100.0,11003.0,100.0,56315130760.0,100.0,69048157928.0
2019-03-25,ZCH07XC6,ST12000NM0007,12000138625024,0,84.0,224441808.0,95.0,0.0,100.0,4.0,100.0,0.0,81.0,127401412.0,87.0,11988.0,100.0,0.0,100.0,3.0,,,,,100.0,0.0,100.0,0.0,,,67.0,33.0,,,100.0,178.0,99.0,2951.0,33.0,33.0,100.0,0.0,100.0,0.0,200.0,0.0,100.0,11035.0,100.0,56407251704.0,100.0,69305836016.0
2019-03-26,ZCH07XC6,ST12000NM0007,12000138625024,0,82.0,157718800.0,95.0,0.0,100.0,4.0,100.0,0.0,81.0,129048385.0,87.0,12004.0,100.0,0.0,100.0,3.0,,,,,100.0,0.0,100.0,0.0,,,67.0,33.0,,,100.0,178.0,99.0,2951.0,33.0,33.0,100.0,0.0,100.0,0.0,200.0,0.0,100.0,11051.0,100.0,56465127224.0,100.0,69425378128.0
2019-03-27,ZCH07XC6,ST12000NM0007,12000138625024,0,80.0,106959768.0,95.0,0.0,100.0,4.0,100.0,0.0,81.0,133916669.0,87.0,12036.0,100.0,0.0,100.0,3.0,,,,,100.0,0.0,100.0,0.0,,,66.0,34.0,,,100.0,178.0,99.0,2953.0,34.0,34.0,100.0,0.0,100.0,0.0,200.0,0.0,100.0,11082.0,100.0,56592282544.0,100.0,69735745376.0
2019-03-28,ZCH07XC6,ST12000NM0007,12000138625024,0,76.0,38000256.0,95.0,0.0,100.0,4.0,100.0,0.0,81.0,135539865.0,87.0,12052.0,100.0,0.0,100.0,3.0,,,,,100.0,0.0,100.0,0.0,,,67.0,33.0,,,100.0,178.0,99.0,2953.0,33.0,33.0,100.0,0.0,100.0,0.0,200.0,0.0,100.0,11098.0,100.0,56644315584.0,100.0,69858893560.0
2019-03-29,ZCH07XC6,ST12000NM0007,12000138625024,0,82.0,163871784.0,95.0,0.0,100.0,4.0,100.0,0.0,81.0,139615475.0,87.0,12083.0,100.0,0.0,100.0,3.0,,,,,100.0,0.0,100.0,0.0,,,66.0,34.0,,,100.0,180.0,99.0,2955.0,34.0,34.0,100.0,0.0,100.0,0.0,200.0,0.0,100.0,11129.0,100.0,56774701560.0,100.0,70098519888.0
2019-03-30,ZCH07XC6,ST12000NM0007,12000138625024,0,79.0,78656248.0,95.0,0.0,100.0,4.0,100.0,0.0,82.0,141566135.0,87.0,12099.0,100.0,0.0,100.0,3.0,,,,,100.0,0.0,100.0,0.0,,,67.0,33.0,,,100.0,180.0,99.0,2955.0,33.0,33.0,100.0,0.0,100.0,0.0,200.0,0.0,100.0,11145.0,100.0,56835020424.0,100.0,70197126224.0
2019-03-31,ZCH07XC6,ST12000NM0007,12000138625024,0,83.0,190922400.0,95.0,0.0,100.0,4.0,100.0,0.0,82.0,145050229.0,87.0,12131.0,100.0,0.0,100.0,3.0,,,,,100.0,0.0,100.0,0.0,,,66.0,34.0,,,100.0,181.0,99.0,2957.0,34.0,34.0,100.0,0.0,100.0,0.0,200.0,0.0,100.0,11176.0,100.0,56955268016.0,100.0,70433285528.0
2019-04-01,ZCH07XC6,ST12000NM0007,12000138625024,0,80.0,107101368.0,95.0,0.0,100.0,4.0,100.0,0.0,82.0,146655885.0,87.0,12147.0,100.0,0.0,100.0,3.0,,,,,100.0,0.0,100.0,0.0,,,67.0,33.0,,,100.0,181.0,99.0,2957.0,33.0,33.0,100.0,0.0,100.0,0.0,200.0,0.0,100.0,11192.0,100.0,57015800416.0,100.0,70533072904.0
2019-04-02,ZCH07XC6,ST12000NM0007,12000138625024,0,79.0,81765824.0,95.0,0.0,100.0,4.0,100.0,0.0,82.0,151629282.0,87.0,12179.0,100.0,0.0,100.0,3.0,,,,,100.0,0.0,100.0,0.0,,,66.0,34.0,,,100.0,181.0,99.0,2959.0,34.0,34.0,100.0,0.0,100.0,0.0,200.0,0.0,100.0,11224.0,100.0,57163381296.0,100.0,70848438416.0
2019-04-03,ZCH07XC6,ST12000NM0007,12000138625024,0,81.0,123254672.0,95.0,0.0,100.0,4.0,100.0,0.0,82.0,154733364.0,87.0,12194.0,100.0,0.0,100.0,3.0,,,,,100.0,0.0,100.0,0.0,,,66.0,34.0,,,100.0,181.0,99.0,2959.0,34.0,34.0,100.0,0.0,100.0,0.0,200.0,0.0,100.0,11240.0,100.0,57241298624.0,100.0,71056150568.0
2019-04-04,ZCH07XC6,ST12000NM0007,12000138625024,0,78.0,62459504.0,95.0,0.0,100.0,4.0,100.0,0.0,82.0,156626334.0,87.0,12210.0,100.0,0.0,100.0,3.0,,,,,100.0,0.0,100.0,0.0,,,66.0,34.0,,,100.0,181.0,99.0,2960.0,34.0,34.0,100.0,0.0,100.0,0.0,200.0,0.0,100.0,11256.0,100.0,57293859944.0,100.0,71186934896.0
2019-04-05,ZCH07XC6,ST12000NM0007,12000138625024,0,83.0,178400540.0,94.0,0.0,100.0,5.0,100.0,0.0,82.0,160204425.0,87.0,12242.0,100.0,0.0,100.0,4.0,,,,,100.0,0.0,100.0,0.0,,,67.0,33.0,,,100.0,181.0,99.0,2964.0,33.0,33.0,100.0,0.0,100.0,0.0,200.0,0.0,100.0,11287.0,100.0,57417046480.0,100.0,71423830038.0
2019-04-06,ZCH07XC6,ST12000NM0007,12000138625024,0,82.0,148645784.0,94.0,0.0,100.0,5.0,100.0,0.0,82.0,163248746.0,87.0,12258.0,100.0,0.0,100.0,4.0,,,,,100.0,0.0,100.0,0.0,,,67.0,33.0,,,100.0,181.0,99.0,2964.0,33.0,33.0,100.0,0.0,100.0,0.0,200.0,0.0,100.0,11303.0,100.0,57509135640.0,100.0,71546126806.0
2019-04-07,ZCH07XC6,ST12000NM0007,12000138625024,0,72.0,16491616.0,94.0,0.0,100.0,5.0,100.0,0.0,82.0,166242915.0,86.0,12290.0,100.0,0.0,100.0,4.0,,,,,100.0,0.0,100.0,0.0,,,67.0,33.0,,,100.0,183.0,99.0,2966.0,33.0,33.0,100.0,0.0,100.0,0.0,200.0,0.0,100.0,11334.0,100.0,57610918728.0,100.0,71800471094.0
2019-04-08,ZCH07XC6,ST12000NM0007,12000138625024,0,82.0,168587752.0,94.0,0.0,100.0,5.0,100.0,0.0,82.0,169600449.0,86.0,12322.0,100.0,0.0,100.0,4.0,,,,,100.0,0.0,100.0,0.0,,,67.0,33.0,,,100.0,183.0,99.0,2967.0,33.0,33.0,100.0,0.0,100.0,0.0,200.0,0.0,100.0,11366.0,100.0,57744239552.0,100.0,72063387422.0
2019-04-09,ZCH07XC6,ST12000NM0007,12000138625024,0,82.0,154345120.0,94.0,0.0,100.0,5.0,100.0,0.0,82.0,171461737.0,86.0,12337.0,100.0,0.0,100.0,4.0,,,,,100.0,0.0,100.0,0.0,,,67.0,33.0,,,100.0,184.0,99.0,2968.0,33.0,33.0,100.0,0.0,100.0,0.0,200.0,0.0,100.0,11382.0,100.0,57820575712.0,100.0,72216949310.0
2019-04-10,ZCH07XC6,ST12000NM0007,12000138625024,0,80.0,106632008.0,94.0,0.0,100.0,5.0,100.0,0.0,82.0,176364464.0,86.0,12369.0,100.0,0.0,100.0,4.0,,,,,100.0,0.0,100.0,0.0,,,68.0,32.0,,,100.0,184.0,99.0,2969.0,32.0,32.0,100.0,0.0,100.0,0.0,200.0,0.0,100.0,11414.0,100.0,57981272168.0,100.0,72496821542.0
2019-04-11,ZCH07XC6,ST12000NM0007,12000138625024,0,77.0,52124232.0,94.0,0.0,100.0,5.0,100.0,0.0,83.0,178103042.0,86.0,12385.0,100.0,0.0,100.0,4.0,,,,,100.0,0.0,100.0,0.0,,,66.0,34.0,,,100.0,184.0,99.0,2970.0,34.0,34.0,100.0,0.0,100.0,0.0,200.0,0.0,100.0,11429.0,100.0,58046226136.0,100.0,72621500478.0
2019-04-12,ZCH07XC6,ST12000NM0007,12000138625024,0,83.0,200868176.0,94.0,0.0,100.0,5.0,100.0,0.0,83.0,181865908.0,86.0,12417.0,100.0,0.0,100.0,4.0,,,,,100.0,0.0,100.0,0.0,,,68.0,32.0,,,100.0,184.0,99.0,2971.0,32.0,32.0,100.0,0.0,100.0,0.0,200.0,0.0,100.0,11461.0,100.0,58165960672.0,100.0,72894650718.0
2019-04-13,ZCH07XC6,ST12000NM0007,12000138625024,0,82.0,165076920.0,94.0,0.0,100.0,5.0,100.0,0.0,83.0,184469767.0,86.0,12433.0,100.0,0.0,100.0,4.0,,,,,100.0,0.0,100.0,0.0,,,66.0,34.0,,,100.0,185.0,99.0,2972.0,34.0,34.0,100.0,0.0,100.0,0.0,200.0,0.0,100.0,11476.0,100.0,58228954800.0,100.0,73040006038.0
2019-04-14,ZCH07XC6,ST12000NM0007,12000138625024,0,83.0,200081256.0,94.0,0.0,100.0,5.0,100.0,0.0,83.0,187247749.0,86.0,12464.0,100.0,0.0,100.0,4.0,,,,,100.0,0.0,100.0,0.0,,,69.0,31.0,,,100.0,186.0,99.0,2973.0,31.0,31.0,100.0,0.0,100.0,0.0,200.0,0.0,100.0,11508.0,100.0,58312498560.0,100.0,73235607534.0
2019-04-15,ZCH07XC6,ST12000NM0007,12000138625024,0,80.0,94142728.0,94.0,0.0,100.0,5.0,100.0,0.0,83.0,188835384.0,86.0,12480.0,100.0,0.0,100.0,4.0,,,,,100.0,0.0,100.0,0.0,,,70.0,30.0,,,100.0,186.0,99.0,2974.0,30.0,30.0,100.0,0.0,100.0,0.0,200.0,0.0,100.0,11524.0,100.0,58370312152.0,100.0,73315996062.0
2019-04-16,ZCH07XC6,ST12000NM0007,12000138625024,0,84.0,228923896.0,94.0,0.0,100.0,5.0,100.0,0.0,83.0,192251407.0,86.0,12512.0,100.0,0.0,100.0,4.0,,,,,100.0,0.0,100.0,0.0,,,69.0,31.0,,,100.0,187.0,99.0,2975.0,31.0,31.0,100.0,0.0,100.0,0.0,200.0,0.0,100.0,11555.0,100.0,58488284448.0,100.0,73576945758.0
2019-04-17,ZCH07XC6,ST12000NM0007,12000138625024,0,83.0,201557680.0,94.0,0.0,100.0,5.0,100.0,0.0,83.0,194623770.0,86.0,12528.0,100.0,0.0,100.0,4.0,,,,,100.0,0.0,100.0,0.0,,,69.0,31.0,,,100.0,188.0,99.0,2976.0,31.0,31.0,100.0,0.0,100.0,0.0,200.0,0.0,100.0,11571.0,100.0,58566286536.0,100.0,73715718150.0
2019-04-18,ZCH07XC6,ST12000NM0007,12000138625024,0,83.0,197303520.0,94.0,0.0,100.0,5.0,100.0,0.0,83.0,200096627.0,86.0,12559.0,100.0,0.0,100.0,4.0,,,,,100.0,0.0,100.0,0.0,,,69.0,31.0,,,100.0,188.0,99.0,2977.0,31.0,31.0,100.0,0.0,100.0,0.0,200.0,0.0,100.0,11602.0,100.0,58689883088.0,100.0,74076148926.0
2019-04-19,ZCH07XC6,ST12000NM0007,12000138625024,0,81.0,121734088.0,94.0,0.0,100.0,5.0,100.0,0.0,83.0,201639546.0,86.0,12575.0,100.0,0.0,100.0,4.0,,,,,100.0,0.0,100.0,0.0,,,70.0,30.0,,,100.0,188.0,99.0,2978.0,30.0,30.0,100.0,0.0,100.0,0.0,200.0,0.0,100.0,11618.0,100.0,58732504720.0,100.0,74202099406.0
2019-04-20,ZCH07XC6,ST12000NM0007,12000138625024,0,84.0,244078304.0,94.0,0.0,100.0,5.0,100.0,0.0,83.0,205874298.0,86.0,12606.0,100.0,0.0,100.0,4.0,,,,,100.0,0.0,100.0,0.0,,,68.0,32.0,,,100.0,189.0,99.0,2979.0,32.0,32.0,100.0,0.0,100.0,0.0,200.0,0.0,100.0,11649.0,100.0,58852950760.0,100.0,74448138214.0
2019-04-21,ZCH07XC6,ST12000NM0007,12000138625024,0,83.0,179796552.0,94.0,0.0,100.0,5.0,100.0,0.0,83.0,207387873.0,86.0,12622.0,100.0,0.0,100.0,4.0,,,,,100.0,0.0,100.0,0.0,,,67.0,33.0,,,100.0,190.0,99.0,2980.0,33.0,33.0,100.0,0.0,100.0,0.0,200.0,0.0,100.0,11665.0,100.0,58895041064.0,100.0,74585906814.0
2019-04-22,ZCH07XC6,ST12000NM0007,12000138625024,0,81.0,118191168.0,94.0,0.0,100.0,5.0,100.0,0.0,83.0,210599624.0,86.0,12654.0,100.0,0.0,100.0,4.0,,,,,100.0,0.0,100.0,0.0,,,67.0,33.0,,,100.0,190.0,99.0,2981.0,33.0,33.0,100.0,0.0,100.0,0.0,200.0,0.0,100.0,11697.0,100.0,59017949680.0,100.0,74889674334.0
2019-04-23,ZCH07XC6,ST12000NM0007,12000138625024,0,77.0,55040472.0,94.0,0.0,100.0,5.0,100.0,0.0,83.0,212167752.0,86.0,12670.0,100.0,0.0,100.0,4.0,,,,,100.0,0.0,100.0,0.0,,,70.0,30.0,,,100.0,191.0,99.0,2982.0,30.0,30.0,100.0,0.0,100.0,0.0,200.0,0.0,100.0,11712.0,100.0,59062763728.0,100.0,75025850222.0
2019-04-24,ZCH07XC6,ST12000NM0007,12000138625024,0,83.0,215373488.0,94.0,0.0,100.0,5.0,100.0,0.0,83.0,216609443.0,86.0,12701.0,100.0,0.0,100.0,4.0,,,,,100.0,0.0,100.0,0.0,,,69.0,31.0,,,100.0,191.0,99.0,2983.0,31.0,31.0,100.0,0.0,100.0,0.0,200.0,0.0,100.0,11744.0,100.0,59195142448.0,100.0,75297945254.0
2019-04-25,ZCH07XC6,ST12000NM0007,12000138625024,0,81.0,132381640.0,94.0,0.0,100.0,5.0,100.0,0.0,83.0,218050650.0,86.0,12717.0,100.0,0.0,100.0,4.0,,,,,100.0,0.0,100.0,0.0,,,71.0,29.0,,,100.0,191.0,99.0,2984.0,29.0,29.0,100.0,0.0,100.0,0.0,200.0,0.0,100.0,11760.0,100.0,59245799824.0,100.0,75408436718.0
2019-04-26,ZCH07XC6,ST12000NM0007,12000138625024,0,75.0,32148904.0,94.0,0.0,100.0,5.0,100.0,0.0,83.0,221225395.0,86.0,12749.0,100.0,0.0,100.0,4.0,,,,,100.0,0.0,100.0,0.0,,,68.0,32.0,,,100.0,192.0,99.0,2985.0,32.0,32.0,100.0,0.0,100.0,0.0,200.0,0.0,100.0,11791.0,100.0,59355447440.0,100.0,75686837830.0
2019-04-27,ZCH07XC6,ST12000NM0007,12000138625024,0,84.0,239585600.0,94.0,0.0,100.0,5.0,100.0,0.0,84.0,224592543.0,86.0,12765.0,100.0,0.0,100.0,4.0,,,,,100.0,0.0,100.0,0.0,,,70.0,30.0,,,100.0,192.0,99.0,2986.0,30.0,30.0,100.0,0.0,100.0,0.0,200.0,0.0,100.0,11807.0,100.0,59443827376.0,100.0,75805894590.0
2019-04-28,ZCH07XC6,ST12000NM0007,12000138625024,0,80.0,106701632.0,94.0,0.0,100.0,5.0,100.0,0.0,84.0,228269654.0,86.0,12797.0,100.0,0.0,100.0,4.0,,,,,100.0,0.0,100.0,0.0,,,67.0,33.0,,,100.0,193.0,99.0,2987.0,33.0,33.0,100.0,0.0,100.0,0.0,200.0,0.0,100.0,11839.0,100.0,59562399096.0,100.0,76042720278.0
2019-04-29,ZCH07XC6,ST12000NM0007,12000138625024,0,74.0,25702992.0,94.0,0.0,100.0,5.0,100.0,0.0,84.0,230134289.0,86.0,12812.0,100.0,0.0,100.0,4.0,,,,,100.0,0.0,100.0,0.0,,,70.0,30.0,,,100.0,194.0,99.0,2988.0,30.0,30.0,100.0,0.0,100.0,0.0,200.0,0.0,100.0,11854.0,100.0,59605077232.0,100.0,76163184254.0
2019-04-30,ZCH07XC6,ST12000NM0007,12000138625024,0,82.0,147324360.0,94.0,0.0,100.0,5.0,100.0,0.0,84.0,235017675.0,86.0,12844.0,100.0,0.0,100.0,4.0,,,,,100.0,0.0,100.0,0.0,,,69.0,31.0,,,100.0,194.0,99.0,2989.0,31.0,31.0,100.0,0.0,100.0,0.0,200.0,0.0,100.0,11886.0,100.0,59695524608.0,100.0,76438498918.0
2019-05-01,ZCH07XC6,ST12000NM0007,12000138625024,0,79.0,73404440.0,94.0,0.0,100.0,5.0,100.0,0.0,84.0,239723429.0,86.0,12876.0,100.0,0.0,100.0,4.0,,,,,100.0,0.0,100.0,0.0,,,69.0,31.0,,,100.0,196.0,99.0,2991.0,31.0,31.0,100.0,0.0,100.0,0.0,200.0,0.0,100.0,11918.0,100.0,59831600400.0,100.0,76716784606.0
2019-05-02,ZCH07XC6,ST12000NM0007,12000138625024,0,84.0,224137424.0,94.0,0.0,100.0,5.0,100.0,0.0,84.0,241238288.0,86.0,12892.0,100.0,0.0,100.0,4.0,,,,,100.0,0.0,100.0,0.0,,,70.0,30.0,,,100.0,196.0,99.0,2991.0,30.0,30.0,100.0,0.0,100.0,0.0,200.0,0.0,100.0,11933.0,100.0,59886196176.0,100.0,76812921814.0
2019-05-03,ZCH07XC6,ST12000NM0007,12000138625024,0,76.0,37018752.0,94.0,0.0,100.0,5.0,100.0,0.0,84.0,244921799.0,86.0,12923.0,100.0,0.0,100.0,4.0,,,,,100.0,0.0,100.0,0.0,,,69.0,31.0,,,100.0,196.0,99.0,2993.0,31.0,31.0,100.0,0.0,100.0,0.0,200.0,0.0,100.0,11965.0,100.0,59993874552.0,100.0,77006406278.0
2019-05-04,ZCH07XC6,ST12000NM0007,12000138625024,0,83.0,203192856.0,94.0,0.0,100.0,5.0,100.0,0.0,84.0,247029523.0,86.0,12939.0,100.0,0.0,100.0,4.0,,,,,100.0,0.0,100.0,0.0,,,69.0,31.0,,,100.0,196.0,99.0,2993.0,31.0,31.0,100.0,0.0,100.0,0.0,200.0,0.0,100.0,11981.0,100.0,60042292216.0,100.0,77124162718.0
2019-05-05,ZCH07XC6,ST12000NM0007,12000138625024,0,83.0,211928336.0,94.0,0.0,100.0,5.0,100.0,0.0,84.0,249551649.0,86.0,12971.0,100.0,0.0,100.0,4.0,,,,,100.0,0.0,100.0,0.0,,,69.0,31.0,,,100.0,198.0,99.0,2995.0,31.0,31.0,100.0,0.0,100.0,0.0,200.0,0.0,100.0,12012.0,100.0,60111332680.0,100.0,77307998542.0
2019-05-06,ZCH07XC6,ST12000NM0007,12000138625024,0,81.0,119967728.0,94.0,0.0,100.0,5.0,100.0,0.0,84.0,250894726.0,86.0,12986.0,100.0,0.0,100.0,4.0,,,,,100.0,0.0,100.0,0.0,,,69.0,31.0,,,100.0,198.0,99.0,2995.0,31.0,31.0,100.0,0.0,100.0,0.0,200.0,0.0,100.0,12028.0,100.0,60147627096.0,100.0,77423884150.0
2019-05-07,ZCH07XC6,ST12000NM0007,12000138625024,0,81.0,140448112.0,94.0,0.0,100.0,5.0,100.0,0.0,84.0,253632146.0,86.0,13018.0,100.0,0.0,100.0,4.0,,,,,100.0,0.0,100.0,0.0,,,69.0,31.0,,,100.0,199.0,99.0,2997.0,31.0,31.0,100.0,0.0,100.0,0.0,200.0,0.0,100.0,12059.0,100.0,60226893680.0,100.0,77609238846.0
2019-05-08,ZCH07XC6,ST12000NM0007,12000138625024,0,81.0,125633352.0,94.0,0.0,100.0,5.0,100.0,0.0,84.0,256023945.0,86.0,13034.0,100.0,0.0,100.0,4.0,,,,,100.0,0.0,100.0,0.0,,,69.0,31.0,,,100.0,199.0,99.0,2997.0,31.0,31.0,100.0,0.0,100.0,0.0,200.0,0.0,100.0,12075.0,100.0,60294210840.0,100.0,77771247590.0
2019-05-09,ZCH07XC6,ST12000NM0007,12000138625024,0,74.0,25194040.0,94.0,0.0,100.0,5.0,100.0,0.0,84.0,259371013.0,86.0,13065.0,100.0,0.0,100.0,4.0,,,,,100.0,0.0,100.0,0.0,,,70.0,30.0,,,100.0,199.0,99.0,2998.0,30.0,30.0,100.0,0.0,100.0,0.0,200.0,0.0,100.0,12107.0,100.0,60393453432.0,100.0,78059847158.0
2019-05-10,ZCH07XC6,ST12000NM0007,12000138625024,0,82.0,162329048.0,94.0,0.0,100.0,5.0,100.0,0.0,84.0,260661976.0,86.0,13081.0,100.0,0.0,100.0,4.0,,,,,100.0,0.0,100.0,0.0,,,70.0,30.0,,,100.0,199.0,99.0,2999.0,30.0,30.0,100.0,0.0,100.0,0.0,200.0,0.0,100.0,12122.0,100.0,60426606976.0,100.0,78163828622.0
2019-05-11,ZCH07XC6,ST12000NM0007,12000138625024,0,79.0,71234152.0,94.0,0.0,100.0,5.0,100.0,0.0,84.0,265184144.0,86.0,13113.0,100.0,0.0,100.0,4.0,,,,,100.0,0.0,100.0,0.0,,,69.0,31.0,,,100.0,199.0,99.0,3000.0,31.0,31.0,100.0,0.0,100.0,0.0,200.0,0.0,100.0,12154.0,100.0,60518173384.0,100.0,78469448862.0
2019-05-12,ZCH07XC6,ST12000NM0007,12000138625024,0,75.0,35013728.0,94.0,0.0,100.0,5.0,100.0,0.0,84.0,267173869.0,86.0,13129.0,100.0,0.0,100.0,4.0,,,,,100.0,0.0,100.0,0.0,,,69.0,31.0,,,100.0,200.0,99.0,3001.0,31.0,31.0,100.0,0.0,100.0,0.0,200.0,0.0,100.0,12170.0,100.0,60560328144.0,100.0,78635214374.0
2019-05-13,ZCH07XC6,ST12000NM0007,12000138625024,0,83.0,183880728.0,94.0,0.0,100.0,5.0,100.0,0.0,84.0,271267646.0,85.0,13161.0,100.0,0.0,100.0,4.0,,,,,100.0,0.0,100.0,0.0,,,68.0,32.0,,,100.0,201.0,99.0,3002.0,32.0,32.0,100.0,0.0,100.0,0.0,200.0,0.0,100.0,12201.0,100.0,60660632344.0,100.0,78927918038.0
2019-05-14,ZCH07XC6,ST12000NM0007,12000138625024,0,82.0,147052016.0,94.0,0.0,100.0,5.0,100.0,0.0,84.0,273164640.0,85.0,13177.0,100.0,0.0,100.0,4.0,,,,,100.0,0.0,100.0,0.0,,,69.0,31.0,,,100.0,201.0,99.0,3003.0,31.0,31.0,100.0,0.0,100.0,0.0,200.0,0.0,100.0,12217.0,100.0,60705318400.0,100.0,79090543950.0
2019-05-15,ZCH07XC6,ST12000NM0007,12000138625024,0,80.0,110807472.0,94.0,0.0,100.0,5.0,100.0,0.0,84.0,278124695.0,85.0,13208.0,100.0,0.0,100.0,4.0,,,,,100.0,0.0,100.0,0.0,,,68.0,32.0,,,100.0,202.0,99.0,3005.0,32.0,32.0,100.0,0.0,100.0,0.0,200.0,0.0,100.0,12249.0,100.0,60817334720.0,100.0,79430564606.0
2019-05-16,ZCH07XC6,ST12000NM0007,12000138625024,0,75.0,32164352.0,94.0,0.0,100.0,5.0,100.0,0.0,84.0,279634938.0,85.0,13224.0,100.0,0.0,100.0,4.0,,,,,100.0,0.0,100.0,0.0,,,69.0,31.0,,,100.0,202.0,99.0,3005.0,31.0,31.0,100.0,0.0,100.0,0.0,200.0,0.0,100.0,12265.0,100.0,60843040032.0,100.0,79570356814.0
2019-05-17,ZCH07XC6,ST12000NM0007,12000138625024,0,81.0,119863352.0,94.0,0.0,100.0,5.0,100.0,0.0,85.0,283019655.0,85.0,13256.0,100.0,0.0,100.0,4.0,,,,,100.0,0.0,100.0,0.0,,,68.0,32.0,,,100.0,204.0,99.0,3007.0,32.0,32.0,100.0,0.0,100.0,0.0,200.0,0.0,100.0,12296.0,100.0,60951239568.0,100.0,79793997110.0
2019-05-18,ZCH07XC6,ST12000NM0007,12000138625024,0,74.0,26639672.0,94.0,0.0,100.0,5.0,100.0,0.0,85.0,285451948.0,85.0,13272.0,100.0,0.0,100.0,4.0,,,,,100.0,0.0,100.0,0.0,,,69.0,31.0,,,100.0,204.0,99.0,3007.0,31.0,31.0,100.0,0.0,100.0,0.0,200.0,0.0,100.0,12312.0,100.0,60997534032.0,100.0,79898619694.0
2019-05-19,ZCH07XC6,ST12000NM0007,12000138625024,0,81.0,130724488.0,94.0,0.0,100.0,5.0,100.0,0.0,85.0,288594803.0,85.0,13304.0,100.0,0.0,100.0,4.0,,,,,100.0,0.0,100.0,0.0,,,68.0,32.0,,,100.0,204.0,99.0,3009.0,32.0,32.0,100.0,0.0,100.0,0.0,200.0,0.0,100.0,12344.0,100.0,61084840216.0,100.0,80159538990.0
2019-05-20,ZCH07XC6,ST12000NM0007,12000138625024,0,72.0,17747984.0,94.0,0.0,100.0,5.0,100.0,0.0,85.0,290072926.0,85.0,13320.0,100.0,0.0,100.0,4.0,,,,,100.0,0.0,100.0,0.0,,,70.0,30.0,,,100.0,204.0,99.0,3009.0,30.0,30.0,100.0,0.0,100.0,0.0,200.0,0.0,100.0,12359.0,100.0,61124192256.0,100.0,80251351398.0
2019-05-21,ZCH07XC6,ST12000NM0007,12000138625024,0,81.0,120531152.0,94.0,0.0,100.0,5.0,100.0,0.0,85.0,293163078.0,85.0,13352.0,100.0,0.0,100.0,4.0,,,,,100.0,0.0,100.0,0.0,,,69.0,31.0,,,100.0,204.0,99.0,3011.0,31.0,31.0,100.0,0.0,100.0,0.0,200.0,0.0,100.0,12391.0,100.0,61211729376.0,100.0,80510738534.0
2019-05-22,ZCH07XC6,ST12000NM0007,12000138625024,0,81.0,120814040.0,94.0,0.0,100.0,5.0,100.0,0.0,85.0,295683819.0,85.0,13367.0,100.0,0.0,100.0,4.0,,,,,100.0,0.0,100.0,0.0,,,69.0,31.0,,,100.0,204.0,99.0,3011.0,31.0,31.0,100.0,0.0,100.0,0.0,200.0,0.0,100.0,12407.0,100.0,61279936344.0,100.0,80686955190.0
2019-05-23,ZCH07XC6,ST12000NM0007,12000138625024,0,66.0,3992192.0,94.0,0.0,100.0,5.0,100.0,0.0,85.0,299771082.0,85.0,13399.0,100.0,0.0,100.0,4.0,,,,,100.0,0.0,100.0,0.0,,,69.0,31.0,,,100.0,206.0,99.0,3013.0,31.0,31.0,100.0,0.0,100.0,0.0,200.0,0.0,100.0,12439.0,100.0,61381815952.0,100.0,80956535134.0
2019-05-24,ZCH07XC6,ST12000NM0007,12000138625024,0,83.0,182903688.0,94.0,0.0,100.0,5.0,100.0,0.0,85.0,301157994.0,85.0,13415.0,100.0,0.0,100.0,4.0,,,,,100.0,0.0,100.0,0.0,,,70.0,30.0,,,100.0,206.0,99.0,3013.0,30.0,30.0,100.0,0.0,100.0,0.0,200.0,0.0,100.0,12455.0,100.0,61425142424.0,100.0,81092120158.0
2019-05-25,ZCH07XC6,ST12000NM0007,12000138625024,0,79.0,77681592.0,94.0,0.0,100.0,5.0,100.0,0.0,85.0,305397715.0,85.0,13447.0,100.0,0.0,100.0,4.0,,,,,100.0,0.0,100.0,0.0,,,69.0,31.0,,,100.0,206.0,99.0,3015.0,31.0,31.0,100.0,0.0,100.0,0.0,200.0,0.0,100.0,12486.0,100.0,61567974976.0,100.0,81332346854.0
2019-05-26,ZCH07XC6,ST12000NM0007,12000138625024,0,84.0,242153608.0,94.0,0.0,100.0,5.0,100.0,0.0,85.0,306949848.0,85.0,13463.0,100.0,0.0,100.0,4.0,,,,,100.0,0.0,100.0,0.0,,,70.0,30.0,,,100.0,206.0,99.0,3015.0,30.0,30.0,100.0,0.0,100.0,0.0,200.0,0.0,100.0,12502.0,100.0,61618161520.0,100.0,81446632326.0
2019-05-27,ZCH07XC6,ST12000NM0007,12000138625024,0,80.0,106922240.0,94.0,0.0,100.0,5.0,100.0,0.0,85.0,310225461.0,85.0,13494.0,100.0,0.0,100.0,4.0,,,,,100.0,0.0,100.0,0.0,,,68.0,32.0,,,100.0,206.0,99.0,3017.0,32.0,32.0,100.0,0.0,100.0,0.0,200.0,0.0,100.0,12533.0,100.0,61698769904.0,100.0,81719073990.0
2019-05-28,ZCH07XC6,ST12000NM0007,12000138625024,0,84.0,234787088.0,94.0,0.0,100.0,5.0,100.0,0.0,85.0,314704962.0,85.0,13526.0,100.0,0.0,100.0,4.0,,,,,100.0,0.0,100.0,0.0,,,69.0,31.0,,,100.0,206.0,99.0,3018.0,31.0,31.0,100.0,0.0,100.0,0.0,200.0,0.0,100.0,12565.0,100.0,61776348976.0,100.0,82013500470.0
2019-05-29,ZCH07XC6,ST12000NM0007,12000138625024,0,67.0,4873176.0,94.0,0.0,100.0,5.0,100.0,0.0,85.0,318011344.0,85.0,13542.0,100.0,0.0,100.0,4.0,,,,,100.0,0.0,100.0,0.0,,,69.0,31.0,,,100.0,206.0,99.0,3019.0,31.0,31.0,100.0,0.0,100.0,0.0,200.0,0.0,100.0,12581.0,100.0,61841397792.0,100.0,82206819246.0
2019-05-30,ZCH07XC6,ST12000NM0007,12000138625024,0,82.0,153345096.0,94.0,0.0,100.0,5.0,100.0,0.0,85.0,319559889.0,85.0,13558.0,100.0,0.0,100.0,4.0,,,,,100.0,0.0,100.0,0.0,,,70.0,30.0,,,100.0,206.0,99.0,3019.0,30.0,30.0,100.0,0.0,100.0,0.0,200.0,0.0,100.0,12597.0,100.0,61873758496.0,100.0,82322930462.0
2019-05-31,ZCH07XC6,ST12000NM0007,12000138625024,0,75.0,34517480.0,94.0,0.0,100.0,5.0,100.0,0.0,85.0,322479863.0,85.0,13589.0,100.0,0.0,100.0,4.0,,,,,100.0,0.0,100.0,0.0,,,68.0,32.0,,,100.0,206.0,99.0,3021.0,32.0,32.0,100.0,0.0,100.0,0.0,200.0,0.0,100.0,12628.0,100.0,61942244808.0,100.0,82623898446.0
2019-06-01,ZCH07XC6,ST12000NM0007,12000138625024,0,81.0,127962352.0,94.0,0.0,100.0,5.0,100.0,0.0,85.0,326662867.0,85.0,13621.0,100.0,0.0,100.0,4.0,,,,,100.0,0.0,100.0,0.0,,,68.0,32.0,,,100.0,206.0,99.0,3023.0,32.0,32.0,100.0,0.0,100.0,0.0,200.0,0.0,100.0,12660.0,100.0,62038617952.0,100.0,82865111126.0
2019-06-02,ZCH07XC6,ST12000NM0007,12000138625024,0,77.0,54076088.0,94.0,0.0,100.0,5.0,100.0,0.0,85.0,328196047.0,85.0,13637.0,100.0,0.0,100.0,4.0,,,,,100.0,0.0,100.0,0.0,,,68.0,32.0,,,100.0,206.0,99.0,3023.0,32.0,32.0,100.0,0.0,100.0,0.0,200.0,0.0,100.0,12675.0,100.0,62070315392.0,100.0,83003668094.0
2019-06-03,ZCH07XC6,ST12000NM0007,12000138625024,0,83.0,202884024.0,94.0,0.0,100.0,5.0,100.0,0.0,85.0,331673273.0,85.0,13669.0,100.0,0.0,100.0,4.0,,,,,100.0,0.0,100.0,0.0,,,68.0,32.0,,,100.0,207.0,99.0,3025.0,32.0,32.0,100.0,0.0,100.0,0.0,200.0,0.0,100.0,12707.0,100.0,62174432528.0,100.0,83292499646.0
2019-06-04,ZCH07XC6,ST12000NM0007,12000138625024,0,82.0,152307536.0,94.0,0.0,100.0,5.0,100.0,0.0,85.0,333509182.0,85.0,13684.0,100.0,0.0,100.0,4.0,,,,,100.0,0.0,100.0,0.0,,,68.0,32.0,,,100.0,207.0,99.0,3025.0,32.0,32.0,100.0,0.0,100.0,0.0,200.0,0.0,100.0,12723.0,100.0,62221664472.0,100.0,83438831942.0
2019-06-05,ZCH07XC6,ST12000NM0007,12000138625024,0,82.0,164126920.0,94.0,0.0,100.0,5.0,100.0,0.0,85.0,338837617.0,85.0,13716.0,100.0,0.0,100.0,4.0,,,,,100.0,0.0,100.0,0.0,,,67.0,33.0,,,100.0,208.0,99.0,3027.0,33.0,33.0,100.0,0.0,100.0,0.0,200.0,0.0,100.0,12754.0,100.0,62346115688.0,100.0,83814481574.0
2019-06-06,ZCH07XC6,ST12000NM0007,12000138625024,0,79.0,81182962.0,93.0,0.0,100.0,6.0,100.0,0.0,85.0,340365117.0,85.0,13732.0,100.0,0.0,100.0,5.0,,,,,100.0,0.0,100.0,0.0,,,67.0,33.0,,,100.0,208.0,99.0,3029.0,33.0,33.0,100.0,0.0,100.0,0.0,200.0,0.0,100.0,12770.0,100.0,62387066312.0,100.0,83934727952.0
2019-06-07,ZCH07XC6,ST12000NM0007,12000138625024,0,68.0,7010544.0,93.0,0.0,100.0,6.0,100.0,0.0,85.0,341961536.0,85.0,13748.0,100.0,0.0,100.0,5.0,,,,,100.0,0.0,100.0,0.0,,,68.0,32.0,,,100.0,208.0,99.0,3029.0,32.0,32.0,100.0,0.0,100.0,0.0,200.0,0.0,100.0,12786.0,100.0,62430215288.0,100.0,84061547272.0
2019-06-08,ZCH07XC6,ST12000NM0007,12000138625024,0,80.0,89128472.0,93.0,0.0,100.0,6.0,100.0,0.0,85.0,346287872.0,85.0,13779.0,100.0,0.0,100.0,5.0,,,,,100.0,0.0,100.0,0.0,,,67.0,33.0,,,100.0,209.0,99.0,3031.0,33.0,33.0,100.0,0.0,100.0,0.0,200.0,0.0,100.0,12817.0,100.0,62547031080.0,100.0,84270990168.0
2019-06-09,ZCH07XC6,ST12000NM0007,12000138625024,0,73.0,19715208.0,93.0,0.0,100.0,6.0,100.0,0.0,85.0,347999320.0,85.0,13795.0,100.0,0.0,100.0,5.0,,,,,100.0,0.0,100.0,0.0,,,68.0,32.0,,,100.0,209.0,99.0,3031.0,32.0,32.0,100.0,0.0,100.0,0.0,200.0,0.0,100.0,12833.0,100.0,62586754744.0,100.0,84405994024.0
2019-06-10,ZCH07XC6,ST12000NM0007,12000138625024,0,81.0,114908096.0,93.0,0.0,100.0,6.0,100.0,0.0,85.0,351217525.0,85.0,13827.0,100.0,0.0,100.0,5.0,,,,,100.0,0.0,100.0,0.0,,,67.0,33.0,,,100.0,209.0,99.0,3033.0,33.0,33.0,100.0,0.0,100.0,0.0,200.0,0.0,100.0,12865.0,100.0,62669037144.0,100.0,84663045320.0
2019-06-11,ZCH07XC6,ST12000NM0007,12000138625024,0,76.0,37999568.0,93.0,0.0,100.0,6.0,100.0,0.0,85.0,352970369.0,85.0,13843.0,100.0,0.0,100.0,5.0,,,,,100.0,0.0,100.0,0.0,,,68.0,32.0,,,100.0,209.0,99.0,3033.0,32.0,32.0,100.0,0.0,100.0,0.0,200.0,0.0,100.0,12881.0,100.0,62720018128.0,100.0,84779296440.0
2019-06-12,ZCH07XC6,ST12000NM0007,12000138625024,0,83.0,181162400.0,93.0,0.0,100.0,6.0,100.0,0.0,86.0,358509851.0,85.0,13874.0,100.0,0.0,100.0,5.0,,,,,100.0,0.0,100.0,0.0,,,66.0,34.0,,,100.0,210.0,99.0,3035.0,34.0,34.0,100.0,0.0,100.0,0.0,200.0,0.0,100.0,12912.0,100.0,62935891384.0,100.0,85194867672.0
2019-06-13,ZCH07XC6,ST12000NM0007,12000138625024,0,80.0,104803000.0,93.0,0.0,100.0,6.0,100.0,0.0,86.0,360615673.0,85.0,13890.0,100.0,0.0,100.0,5.0,,,,,100.0,0.0,100.0,0.0,,,68.0,32.0,,,100.0,210.0,99.0,3035.0,32.0,32.0,100.0,0.0,100.0,0.0,200.0,0.0,100.0,12928.0,100.0,62970564896.0,100.0,85327975520.0
2019-06-14,ZCH07XC6,ST12000NM0007,12000138625024,0,83.0,207040736.0,93.0,0.0,100.0,6.0,100.0,0.0,86.0,364093698.0,85.0,13922.0,100.0,0.0,100.0,5.0,,,,,100.0,0.0,100.0,0.0,,,66.0,34.0,,,100.0,210.0,99.0,3037.0,34.0,34.0,100.0,0.0,100.0,0.0,200.0,0.0,100.0,12960.0,100.0,63057739408.0,100.0,85587179608.0
2019-06-15,ZCH07XC6,ST12000NM0007,12000138625024,0,82.0,174812824.0,93.0,0.0,100.0,6.0,100.0,0.0,86.0,367340378.0,85.0,13938.0,100.0,0.0,100.0,5.0,,,,,100.0,0.0,100.0,0.0,,,68.0,32.0,,,100.0,210.0,99.0,3037.0,32.0,32.0,100.0,0.0,100.0,0.0,200.0,0.0,100.0,12975.0,100.0,63135811576.0,100.0,85721020240.0
2019-06-16,ZCH07XC6,ST12000NM0007,12000138625024,0,83.0,217529904.0,93.0,0.0,100.0,6.0,100.0,0.0,86.0,370681100.0,85.0,13970.0,100.0,0.0,100.0,5.0,,,,,100.0,0.0,100.0,0.0,,,67.0,33.0,,,100.0,211.0,99.0,3039.0,33.0,33.0,100.0,0.0,100.0,0.0,200.0,0.0,100.0,13007.0,100.0,63216189976.0,100.0,85927499824.0
2019-06-17,ZCH07XC6,ST12000NM0007,12000138625024,0,75.0,30497664.0,93.0,0.0,100.0,6.0,100.0,0.0,86.0,373950379.0,85.0,14001.0,100.0,0.0,100.0,5.0,,,,,100.0,0.0,100.0,0.0,,,65.0,35.0,,,100.0,211.0,99.0,3040.0,35.0,35.0,100.0,0.0,100.0,0.0,200.0,0.0,100.0,13039.0,100.0,63290514944.0,100.0,86154424200.0
2019-06-18,ZCH07XC6,ST12000NM0007,12000138625024,0,83.0,180571504.0,93.0,0.0,100.0,6.0,100.0,0.0,86.0,375599184.0,84.0,14017.0,100.0,0.0,100.0,5.0,,,,,100.0,0.0,100.0,0.0,,,66.0,34.0,,,100.0,212.0,99.0,3041.0,34.0,34.0,100.0,0.0,100.0,0.0,200.0,0.0,100.0,13054.0,100.0,63325603568.0,100.0,86269409416.0
2019-06-19,ZCH07XC6,ST12000NM0007,12000138625024,0,82.0,167516746.0,91.0,0.0,100.0,7.0,100.0,0.0,86.0,380550944.0,84.0,14049.0,100.0,0.0,100.0,6.0,,,,,100.0,0.0,100.0,0.0,,,67.0,33.0,,,100.0,213.0,99.0,3045.0,33.0,33.0,100.0,0.0,100.0,0.0,200.0,0.0,100.0,13086.0,100.0,63453307528.0,100.0,86616932170.0
2019-06-20,ZCH07XC6,ST12000NM0007,12000138625024,0,82.0,145394320.0,91.0,0.0,100.0,7.0,100.0,0.0,86.0,383457298.0,84.0,14065.0,100.0,0.0,100.0,6.0,,,,,100.0,0.0,100.0,0.0,,,68.0,32.0,,,100.0,213.0,99.0,3045.0,32.0,32.0,100.0,0.0,100.0,0.0,200.0,0.0,100.0,13101.0,100.0,63505727728.0,100.0,86786530170.0
2019-06-21,ZCH07XC6,ST12000NM0007,12000138625024,0,76.0,38996512.0,91.0,0.0,100.0,7.0,100.0,0.0,86.0,386946233.0,84.0,14096.0,100.0,0.0,100.0,6.0,,,,,100.0,0.0,100.0,0.0,,,66.0,34.0,,,100.0,213.0,99.0,3047.0,34.0,34.0,100.0,0.0,100.0,0.0,200.0,0.0,100.0,13133.0,100.0,63612932312.0,100.0,87061209346.0
2019-06-22,ZCH07XC6,ST12000NM0007,12000138625024,0,84.0,223903304.0,91.0,0.0,100.0,7.0,100.0,0.0,86.0,389719195.0,84.0,14112.0,100.0,0.0,100.0,6.0,,,,,100.0,0.0,100.0,0.0,,,68.0,32.0,,,100.0,213.0,99.0,3047.0,32.0,32.0,100.0,0.0,100.0,0.0,200.0,0.0,100.0,13149.0,100.0,63675925568.0,100.0,87183122882.0
2019-06-23,ZCH07XC6,ST12000NM0007,12000138625024,0,79.0,82176864.0,91.0,0.0,100.0,7.0,100.0,0.0,86.0,392989794.0,84.0,14144.0,100.0,0.0,100.0,6.0,,,,,100.0,0.0,100.0,0.0,,,67.0,33.0,,,100.0,215.0,99.0,3049.0,33.0,33.0,100.0,0.0,100.0,0.0,200.0,0.0,100.0,13180.0,100.0,63761844800.0,100.0,87443765834.0
2019-06-24,ZCH07XC6,ST12000NM0007,12000138625024,0,84.0,233583328.0,91.0,0.0,100.0,7.0,100.0,0.0,86.0,394437105.0,84.0,14159.0,100.0,0.0,100.0,6.0,,,,,100.0,0.0,100.0,0.0,,,68.0,32.0,,,100.0,215.0,99.0,3049.0,32.0,32.0,100.0,0.0,100.0,0.0,200.0,0.0,100.0,13196.0,100.0,63800044624.0,100.0,87556972474.0
2019-06-25,ZCH07XC6,ST12000NM0007,12000138625024,0,80.0,93276896.0,91.0,0.0,100.0,7.0,100.0,0.0,86.0,397572478.0,84.0,14191.0,100.0,0.0,100.0,6.0,,,,,100.0,0.0,100.0,0.0,,,67.0,33.0,,,100.0,216.0,99.0,3050.0,33.0,33.0,100.0,0.0,100.0,0.0,200.0,0.0,100.0,13228.0,100.0,63910052040.0,100.0,87794940378.0
2019-06-26,ZCH07XC6,ST12000NM0007,12000138625024,0,80.0,90709840.0,91.0,0.0,100.0,7.0,100.0,0.0,86.0,399779889.0,84.0,14207.0,100.0,0.0,100.0,6.0,,,,,100.0,0.0,100.0,0.0,,,67.0,33.0,,,100.0,217.0,99.0,3051.0,33.0,33.0,100.0,0.0,100.0,0.0,200.0,0.0,100.0,13243.0,100.0,63981381904.0,100.0,87965184210.0
2019-06-27,ZCH07XC6,ST12000NM0007,12000138625024,0,77.0,48177128.0,91.0,0.0,100.0,7.0,100.0,0.0,86.0,404055677.0,84.0,14239.0,100.0,0.0,100.0,6.0,,,,,100.0,0.0,100.0,0.0,,,66.0,34.0,,,100.0,217.0,99.0,3053.0,34.0,34.0,100.0,0.0,100.0,0.0,200.0,0.0,100.0,13275.0,100.0,64097218248.0,100.0,88295096858.0
2019-06-28,ZCH07XC6,ST12000NM0007,12000138625024,0,79.0,73396304.0,91.0,0.0,100.0,7.0,100.0,0.0,86.0,405736714.0,84.0,14254.0,100.0,0.0,100.0,6.0,,,,,100.0,0.0,100.0,0.0,,,67.0,33.0,,,100.0,218.0,99.0,3054.0,33.0,33.0,100.0,0.0,100.0,0.0,200.0,0.0,100.0,13291.0,100.0,64132146112.0,100.0,88529528946.0
2019-06-29,ZCH07XC6,ST12000NM0007,12000138625024,0,81.0,114214320.0,91.0,0.0,100.0,7.0,100.0,0.0,86.0,411063702.0,84.0,14286.0,100.0,0.0,100.0,6.0,,,,,100.0,0.0,100.0,0.0,,,65.0,35.0,,,100.0,218.0,99.0,3055.0,35.0,35.0,100.0,0.0,100.0,0.0,200.0,0.0,100.0,13322.0,100.0,64266121576.0,100.0,88924652850.0
2019-06-30,ZCH07XC6,ST12000NM0007,12000138625024,0,81.0,129771264.0,91.0,0.0,100.0,7.0,100.0,0.0,86.0,412697592.0,84.0,14302.0,100.0,0.0,100.0,6.0,,,,,100.0,0.0,100.0,0.0,,,67.0,33.0,,,100.0,219.0,99.0,3056.0,33.0,33.0,100.0,0.0,100.0,0.0,200.0,0.0,100.0,13338.0,100.0,64303921480.0,100.0,89146550626.0
2019-07-01,ZCH07XC6,ST12000NM0007,12000138625024,0,83.0,183737400.0,91.0,0.0,100.0,7.0,100.0,0.0,86.0,416001749.0,84.0,14334.0,100.0,0.0,100.0,6.0,,,,,100.0,0.0,100.0,0.0,,,66.0,34.0,,,100.0,219.0,99.0,3057.0,34.0,34.0,100.0,0.0,100.0,0.0,200.0,0.0,100.0,13370.0,100.0,64383802184.0,100.0,89608917906.0
2019-07-02,ZCH07XC6,ST12000NM0007,12000138625024,0,82.0,167143952.0,91.0,0.0,100.0,7.0,100.0,0.0,86.0,417711239.0,84.0,14350.0,100.0,0.0,100.0,6.0,,,,,100.0,0.0,100.0,0.0,,,67.0,33.0,,,100.0,220.0,99.0,3058.0,33.0,33.0,100.0,0.0,100.0,0.0,200.0,0.0,100.0,13385.0,100.0,64423774024.0,100.0,89796493250.0
2019-07-03,ZCH07XC6,ST12000NM0007,12000138625024,0,78.0,68998560.0,91.0,0.0,100.0,7.0,100.0,0.0,86.0,422726706.0,84.0,14381.0,100.0,0.0,100.0,6.0,,,,,100.0,0.0,100.0,0.0,,,64.0,36.0,,,100.0,220.0,99.0,3059.0,36.0,36.0,100.0,0.0,100.0,0.0,200.0,0.0,100.0,13417.0,100.0,64558945472.0,100.0,90295598738.0
2019-07-04,ZCH07XC6,ST12000NM0007,12000138625024,0,77.0,54221384.0,91.0,0.0,100.0,7.0,100.0,0.0,86.0,424623879.0,84.0,14397.0,100.0,0.0,100.0,6.0,,,,,100.0,0.0,100.0,0.0,,,68.0,32.0,,,100.0,221.0,99.0,3060.0,32.0,32.0,100.0,0.0,100.0,0.0,200.0,0.0,100.0,13432.0,100.0,64597785232.0,100.0,90486122642.0
2019-07-05,ZCH07XC6,ST12000NM0007,12000138625024,0,69.0,7187544.0,91.0,0.0,100.0,7.0,100.0,0.0,86.0,427811933.0,84.0,14429.0,100.0,0.0,100.0,6.0,,,,,100.0,0.0,100.0,0.0,,,66.0,34.0,,,100.0,221.0,99.0,3061.0,34.0,34.0,100.0,0.0,100.0,0.0,200.0,0.0,100.0,13464.0,100.0,64675859440.0,100.0,90849296066.0
2019-07-06,ZCH07XC6,ST12000NM0007,12000138625024,0,83.0,209727064.0,91.0,0.0,100.0,7.0,100.0,0.0,86.0,431064365.0,84.0,14445.0,100.0,0.0,100.0,6.0,,,,,100.0,0.0,100.0,0.0,,,67.0,33.0,,,100.0,221.0,99.0,3062.0,33.0,33.0,100.0,0.0,100.0,0.0,200.0,0.0,100.0,13480.0,100.0,64742440480.0,100.0,90985254546.0
2019-07-07,ZCH07XC6,ST12000NM0007,12000138625024,0,82.0,165152264.0,91.0,0.0,100.0,7.0,100.0,0.0,86.0,434564981.0,84.0,14476.0,100.0,0.0,100.0,6.0,,,,,100.0,0.0,100.0,0.0,,,66.0,34.0,,,100.0,221.0,99.0,3063.0,34.0,34.0,100.0,0.0,100.0,0.0,200.0,0.0,100.0,13511.0,100.0,64831691232.0,100.0,91339710802.0
2019-07-08,ZCH07XC6,ST12000NM0007,12000138625024,0,81.0,132436488.0,91.0,0.0,100.0,7.0,100.0,0.0,86.0,436316940.0,84.0,14492.0,100.0,0.0,100.0,6.0,,,,,100.0,0.0,100.0,0.0,,,67.0,33.0,,,100.0,221.0,99.0,3064.0,33.0,33.0,100.0,0.0,100.0,0.0,200.0,0.0,100.0,13527.0,100.0,64884224808.0,100.0,91498602106.0
2019-07-09,ZCH07XC6,ST12000NM0007,12000138625024,0,83.0,202193688.0,91.0,0.0,100.0,7.0,100.0,0.0,86.0,440401966.0,84.0,14524.0,100.0,0.0,100.0,6.0,,,,,100.0,0.0,100.0,0.0,,,66.0,34.0,,,100.0,221.0,99.0,3065.0,34.0,34.0,100.0,0.0,100.0,0.0,200.0,0.0,100.0,13558.0,100.0,65000104528.0,100.0,91940762810.0
2019-07-10,ZCH07XC6,ST12000NM0007,12000138625024,0,83.0,185281960.0,91.0,0.0,100.0,7.0,100.0,0.0,86.0,446404949.0,84.0,14555.0,100.0,0.0,100.0,6.0,,,,,100.0,0.0,100.0,0.0,,,65.0,35.0,,,100.0,221.0,99.0,3068.0,35.0,35.0,100.0,0.0,100.0,0.0,200.0,0.0,100.0,13590.0,100.0,65136274424.0,100.0,92520103906.0
2019-07-11,ZCH07XC6,ST12000NM0007,12000138625024,0,84.0,240236344.0,91.0,0.0,100.0,7.0,100.0,0.0,87.0,448582869.0,84.0,14571.0,100.0,0.0,100.0,6.0,,,,,100.0,0.0,100.0,0.0,,,66.0,34.0,,,100.0,221.0,99.0,3068.0,34.0,34.0,100.0,0.0,100.0,0.0,200.0,0.0,100.0,13606.0,100.0,65187488832.0,100.0,92767984762.0
2019-07-12,ZCH07XC6,ST12000NM0007,12000138625024,0,81.0,125776496.0,91.0,0.0,100.0,7.0,100.0,0.0,87.0,454861152.0,84.0,14603.0,100.0,0.0,100.0,6.0,,,,,100.0,0.0,100.0,0.0,,,65.0,35.0,,,100.0,221.0,99.0,3070.0,35.0,35.0,100.0,0.0,100.0,0.0,200.0,0.0,100.0,13637.0,100.0,65299666272.0,100.0,93273769722.0
2019-07-13,ZCH07XC6,ST12000NM0007,12000138625024,0,77.0,52738168.0,91.0,0.0,100.0,7.0,100.0,0.0,87.0,457634968.0,84.0,14619.0,100.0,0.0,100.0,6.0,,,,,100.0,0.0,100.0,0.0,,,65.0,35.0,,,100.0,221.0,99.0,3070.0,35.0,35.0,100.0,0.0,100.0,0.0,200.0,0.0,100.0,13653.0,100.0,65351144368.0,100.0,93393394010.0
2019-07-14,ZCH07XC6,ST12000NM0007,12000138625024,0,79.0,81600344.0,91.0,0.0,100.0,7.0,100.0,0.0,87.0,461704714.0,84.0,14651.0,100.0,0.0,100.0,6.0,,,,,100.0,0.0,100.0,0.0,,,64.0,36.0,,,100.0,222.0,99.0,3072.0,36.0,36.0,100.0,0.0,100.0,0.0,200.0,0.0,100.0,13684.0,100.0,65433669080.0,100.0,93828012930.0
2019-07-15,ZCH07XC6,ST12000NM0007,12000138625024,0,81.0,122445344.0,91.0,0.0,100.0,7.0,100.0,0.0,87.0,463905952.0,84.0,14667.0,100.0,0.0,100.0,6.0,,,,,100.0,0.0,100.0,0.0,,,65.0,35.0,,,100.0,222.0,99.0,3072.0,35.0,35.0,100.0,0.0,100.0,0.0,200.0,0.0,100.0,13700.0,100.0,65484164504.0,100.0,94062503290.0
2019-07-16,ZCH07XC6,ST12000NM0007,12000138625024,0,83.0,191401296.0,91.0,0.0,100.0,7.0,100.0,0.0,87.0,468118103.0,84.0,14698.0,100.0,0.0,100.0,6.0,,,,,100.0,0.0,100.0,0.0,,,63.0,37.0,,,100.0,224.0,99.0,3074.0,37.0,37.0,100.0,0.0,100.0,0.0,200.0,0.0,100.0,13732.0,100.0,65599549824.0,100.0,94504355946.0
2019-07-17,ZCH07XC6,ST12000NM0007,12000138625024,0,77.0,51719232.0,91.0,0.0,100.0,7.0,100.0,0.0,87.0,471216338.0,84.0,14714.0,100.0,0.0,100.0,6.0,,,,,100.0,0.0,100.0,0.0,,,64.0,36.0,,,100.0,224.0,99.0,3074.0,36.0,36.0,100.0,0.0,100.0,0.0,200.0,0.0,100.0,13748.0,100.0,65688098128.0,100.0,94764406858.0
2019-07-18,ZCH07XC6,ST12000NM0007,12000138625024,0,82.0,147195096.0,91.0,0.0,100.0,7.0,100.0,0.0,87.0,476486437.0,84.0,14746.0,100.0,0.0,100.0,6.0,,,,,100.0,0.0,100.0,0.0,,,65.0,35.0,,,100.0,224.0,99.0,3076.0,35.0,35.0,100.0,0.0,100.0,0.0,200.0,0.0,100.0,13779.0,100.0,65797172920.0,100.0,95239089738.0
2019-07-19,ZCH07XC6,ST12000NM0007,12000138625024,0,83.0,193377968.0,91.0,0.0,100.0,7.0,100.0,0.0,87.0,478683391.0,84.0,14762.0,100.0,0.0,100.0,6.0,,,,,100.0,0.0,100.0,0.0,,,66.0,34.0,,,100.0,225.0,99.0,3077.0,34.0,34.0,100.0,0.0,100.0,0.0,200.0,0.0,100.0,13795.0,100.0,65854111768.0,100.0,95472474866.0
2019-07-20,ZCH07XC6,ST12000NM0007,12000138625024,0,83.0,187066976.0,91.0,0.0,100.0,7.0,100.0,0.0,87.0,484317463.0,84.0,14793.0,100.0,0.0,100.0,6.0,,,,,100.0,0.0,100.0,0.0,,,65.0,35.0,,,100.0,226.0,99.0,3079.0,35.0,35.0,100.0,0.0,100.0,0.0,200.0,0.0,100.0,13827.0,100.0,65967825088.0,100.0,95840731930.0
2019-07-21,ZCH07XC6,ST12000NM0007,12000138625024,0,100.0,1460792.0,91.0,0.0,100.0,7.0,100.0,0.0,87.0,486530378.0,84.0,14809.0,100.0,0.0,100.0,6.0,,,,,100.0,0.0,100.0,0.0,,,66.0,34.0,,,100.0,226.0,99.0,3079.0,34.0,34.0,100.0,0.0,100.0,0.0,200.0,0.0,100.0,13842.0,100.0,66017608504.0,100.0,96093623794.0
2019-07-22,ZCH07XC6,ST12000NM0007,12000138625024,0,81.0,133697000.0,91.0,0.0,100.0,7.0,100.0,0.0,87.0,491179741.0,84.0,14841.0,100.0,0.0,100.0,6.0,,,,,100.0,0.0,100.0,0.0,,,64.0,36.0,,,100.0,226.0,99.0,3081.0,36.0,36.0,100.0,0.0,100.0,0.0,200.0,0.0,100.0,13874.0,100.0,66118514296.0,100.0,96613235626.0
2019-07-23,ZCH07XC6,ST12000NM0007,12000138625024,0,81.0,134217576.0,91.0,0.0,100.0,7.0,100.0,0.0,87.0,493227985.0,84.0,14857.0,100.0,0.0,100.0,6.0,,,,,100.0,0.0,100.0,0.0,,,65.0,35.0,,,100.0,226.0,99.0,3081.0,35.0,35.0,100.0,0.0,100.0,0.0,200.0,0.0,100.0,13890.0,100.0,66170309656.0,100.0,96806101786.0
2019-07-24,ZCH07XC6,ST12000NM0007,12000138625024,0,82.0,161731024.0,91.0,0.0,100.0,7.0,100.0,0.0,87.0,495486649.0,84.0,14873.0,100.0,0.0,100.0,6.0,,,,,100.0,0.0,100.0,0.0,,,67.0,33.0,,,100.0,226.0,99.0,3082.0,33.0,33.0,100.0,0.0,100.0,0.0,200.0,0.0,100.0,13906.0,100.0,66232719424.0,100.0,97015346210.0
2019-07-25,ZCH07XC6,ST12000NM0007,12000138625024,0,76.0,42562552.0,91.0,0.0,100.0,7.0,100.0,0.0,87.0,501158327.0,83.0,14904.0,100.0,0.0,100.0,6.0,,,,,100.0,0.0,100.0,0.0,,,66.0,34.0,,,100.0,226.0,99.0,3083.0,34.0,34.0,100.0,0.0,100.0,0.0,200.0,0.0,100.0,13937.0,100.0,66347259288.0,100.0,97514060018.0
2019-07-26,ZCH07XC6,ST12000NM0007,12000138625024,0,77.0,49456448.0,91.0,0.0,100.0,7.0,100.0,0.0,87.0,503322232.0,83.0,14920.0,100.0,0.0,100.0,6.0,,,,,100.0,0.0,100.0,0.0,,,66.0,34.0,,,100.0,226.0,99.0,3084.0,34.0,34.0,100.0,0.0,100.0,0.0,200.0,0.0,100.0,13953.0,100.0,66384517040.0,100.0,97727837002.0
2019-07-27,ZCH07XC6,ST12000NM0007,12000138625024,0,73.0,20946864.0,91.0,0.0,100.0,7.0,100.0,0.0,87.0,508952797.0,83.0,14952.0,100.0,0.0,100.0,6.0,,,,,100.0,0.0,100.0,0.0,,,65.0,35.0,,,100.0,226.0,99.0,3085.0,35.0,35.0,100.0,0.0,100.0,0.0,200.0,0.0,100.0,13984.0,100.0,66497186688.0,100.0,98074939442.0
2019-07-28,ZCH07XC6,ST12000NM0007,12000138625024,0,83.0,205957816.0,91.0,0.0,100.0,7.0,100.0,0.0,87.0,512865526.0,83.0,14984.0,100.0,0.0,100.0,6.0,,,,,100.0,0.0,100.0,0.0,,,63.0,37.0,,,100.0,228.0,99.0,3087.0,37.0,37.0,100.0,0.0,100.0,0.0,200.0,0.0,100.0,14016.0,100.0,66578118576.0,100.0,98423159258.0
2019-07-29,ZCH07XC6,ST12000NM0007,12000138625024,0,67.0,5136176.0,91.0,0.0,100.0,7.0,100.0,0.0,87.0,515090590.0,83.0,14999.0,100.0,0.0,100.0,6.0,,,,,100.0,0.0,100.0,0.0,,,66.0,34.0,,,100.0,228.0,99.0,3087.0,34.0,34.0,100.0,0.0,100.0,0.0,200.0,0.0,100.0,14032.0,100.0,66615970808.0,100.0,98672767058.0
2019-07-30,ZCH07XC6,ST12000NM0007,12000138625024,0,83.0,210674536.0,91.0,0.0,100.0,7.0,100.0,0.0,87.0,519258879.0,83.0,15031.0,100.0,0.0,100.0,6.0,,,,,100.0,0.0,100.0,0.0,,,64.0,36.0,,,100.0,229.0,99.0,3089.0,36.0,36.0,100.0,0.0,100.0,0.0,200.0,0.0,100.0,14063.0,100.0,66704525872.0,100.0,99033891162.0
2019-07-31,ZCH07XC6,ST12000NM0007,12000138625024,0,84.0,226347752.0,91.0,0.0,100.0,7.0,100.0,0.0,87.0,521566855.0,83.0,15047.0,100.0,0.0,100.0,6.0,,,,,100.0,0.0,100.0,0.0,,,65.0,35.0,,,100.0,229.0,99.0,3089.0,35.0,35.0,100.0,0.0,100.0,0.0,200.0,0.0,100.0,14079.0,100.0,66738369952.0,100.0,99259861690.0
2019-08-01,ZCH07XC6,ST12000NM0007,12000138625024,0,76.0,36662880.0,91.0,0.0,100.0,7.0,100.0,0.0,87.0,526354346.0,83.0,15079.0,100.0,0.0,100.0,6.0,,,,,100.0,0.0,100.0,0.0,,,66.0,34.0,,,100.0,230.0,99.0,3091.0,34.0,34.0,100.0,0.0,100.0,0.0,200.0,0.0,100.0,14111.0,100.0,66789767264.0,100.0,99751201634.0
2019-08-02,ZCH07XC6,ST12000NM0007,12000138625024,0,84.0,237828096.0,91.0,0.0,100.0,7.0,100.0,0.0,87.0,527932721.0,83.0,15095.0,100.0,0.0,100.0,6.0,,,,,100.0,0.0,100.0,0.0,,,67.0,33.0,,,100.0,230.0,99.0,3091.0,33.0,33.0,100.0,0.0,100.0,0.0,200.0,0.0,100.0,14127.0,100.0,66803119288.0,100.0,99939014826.0
2019-08-03,ZCH07XC6,ST12000NM0007,12000138625024,0,82.0,150574024.0,91.0,0.0,100.0,7.0,100.0,0.0,87.0,532616436.0,83.0,15126.0,100.0,0.0,100.0,6.0,,,,,100.0,0.0,100.0,0.0,,,64.0,36.0,,,100.0,230.0,99.0,3093.0,36.0,36.0,100.0,0.0,100.0,0.0,200.0,0.0,100.0,14158.0,100.0,66855990968.0,100.0,100287170570.0
2019-08-04,ZCH07XC6,ST12000NM0007,12000138625024,0,82.0,152926192.0,91.0,0.0,100.0,7.0,100.0,0.0,87.0,537749495.0,83.0,15158.0,100.0,0.0,100.0,6.0,,,,,100.0,0.0,100.0,0.0,,,66.0,34.0,,,100.0,230.0,99.0,3094.0,34.0,34.0,100.0,0.0,100.0,0.0,200.0,0.0,100.0,14190.0,100.0,66890964392.0,100.0,100742830954.0
2019-08-05,ZCH07XC6,ST12000NM0007,12000138625024,0,81.0,136224824.0,91.0,0.0,100.0,7.0,100.0,0.0,87.0,539675555.0,83.0,15174.0,100.0,0.0,100.0,6.0,,,,,100.0,0.0,100.0,0.0,,,64.0,36.0,,,100.0,231.0,99.0,3095.0,36.0,36.0,100.0,0.0,100.0,0.0,200.0,0.0,100.0,14206.0,100.0,66920509288.0,100.0,100940725474.0
2019-08-06,ZCH07XC6,ST12000NM0007,12000138625024,0,76.0,40179528.0,91.0,0.0,100.0,7.0,100.0,0.0,87.0,543081850.0,83.0,15206.0,100.0,0.0,100.0,6.0,,,,,100.0,0.0,100.0,0.0,,,66.0,34.0,,,100.0,231.0,99.0,3096.0,34.0,34.0,100.0,0.0,100.0,0.0,200.0,0.0,100.0,14237.0,100.0,66952580096.0,100.0,101300891138.0
2019-08-07,ZCH07XC6,ST12000NM0007,12000138625024,0,79.0,72825192.0,91.0,0.0,100.0,7.0,100.0,0.0,87.0,545763328.0,83.0,15222.0,100.0,0.0,100.0,6.0,,,,,100.0,0.0,100.0,0.0,,,66.0,34.0,,,100.0,232.0,99.0,3097.0,34.0,34.0,100.0,0.0,100.0,0.0,200.0,0.0,100.0,14253.0,100.0,66991967184.0,100.0,101538290626.0
2019-08-08,ZCH07XC6,ST12000NM0007,12000138625024,0,80.0,99524944.0,91.0,0.0,100.0,7.0,100.0,0.0,87.0,547956021.0,83.0,15237.0,100.0,0.0,100.0,6.0,,,,,100.0,0.0,100.0,0.0,,,67.0,33.0,,,100.0,232.0,99.0,3098.0,33.0,33.0,100.0,0.0,100.0,0.0,200.0,0.0,100.0,14269.0,100.0,67018228640.0,100.0,101782869562.0
2019-08-09,ZCH07XC6,ST12000NM0007,12000138625024,0,82.0,166252024.0,91.0,0.0,100.0,7.0,100.0,0.0,87.0,551702296.0,83.0,15269.0,100.0,0.0,100.0,6.0,,,,,100.0,0.0,100.0,0.0,,,65.0,35.0,,,100.0,233.0,99.0,3099.0,35.0,35.0,100.0,0.0,100.0,0.0,200.0,0.0,100.0,14301.0,100.0,67044116408.0,100.0,102311990322.0
2019-08-10,ZCH07XC6,ST12000NM0007,12000138625024,0,80.0,96291976.0,91.0,0.0,100.0,7.0,100.0,0.0,87.0,554808075.0,83.0,15285.0,100.0,0.0,100.0,6.0,,,,,100.0,0.0,100.0,0.0,,,66.0,34.0,,,100.0,233.0,99.0,3100.0,34.0,34.0,100.0,0.0,100.0,0.0,200.0,0.0,100.0,14316.0,100.0,67082317072.0,100.0,102447970242.0
2019-08-11,ZCH07XC6,ST12000NM0007,12000138625024,0,74.0,27742344.0,91.0,0.0,100.0,7.0,100.0,0.0,87.0,558194911.0,83.0,15317.0,100.0,0.0,100.0,6.0,,,,,100.0,0.0,100.0,0.0,,,67.0,33.0,,,100.0,234.0,99.0,3101.0,33.0,33.0,100.0,0.0,100.0,0.0,200.0,0.0,100.0,14348.0,100.0,67109114808.0,100.0,102840904506.0
2019-08-12,ZCH07XC6,ST12000NM0007,12000138625024,0,72.0,14637512.0,91.0,0.0,100.0,7.0,100.0,0.0,87.0,560002280.0,83.0,15333.0,100.0,0.0,100.0,6.0,,,,,100.0,0.0,100.0,0.0,,,67.0,33.0,,,100.0,234.0,99.0,3102.0,33.0,33.0,100.0,0.0,100.0,0.0,200.0,0.0,100.0,14364.0,100.0,67122056848.0,100.0,103058998402.0
2019-08-13,ZCH07XC6,ST12000NM0007,12000138625024,0,83.0,186773440.0,91.0,0.0,100.0,7.0,100.0,0.0,88.0,563383715.0,83.0,15364.0,100.0,0.0,100.0,6.0,,,,,100.0,0.0,100.0,0.0,,,66.0,34.0,,,100.0,235.0,99.0,3103.0,34.0,34.0,100.0,0.0,100.0,0.0,200.0,0.0,100.0,14395.0,100.0,67145324112.0,100.0,103452007882.0
2019-08-14,ZCH07XC6,ST12000NM0007,12000138625024,0,83.0,211152488.0,91.0,0.0,100.0,7.0,100.0,0.0,88.0,568698045.0,83.0,15396.0,100.0,0.0,100.0,6.0,,,,,100.0,0.0,100.0,0.0,,,66.0,34.0,,,100.0,236.0,99.0,3105.0,34.0,34.0,100.0,0.0,100.0,0.0,200.0,0.0,100.0,14427.0,100.0,67204793240.0,100.0,103905199418.0
2019-08-15,ZCH07XC6,ST12000NM0007,12000138625024,0,75.0,30401640.0,91.0,0.0,100.0,7.0,100.0,0.0,88.0,571094937.0,83.0,15412.0,100.0,0.0,100.0,6.0,,,,,100.0,0.0,100.0,0.0,,,67.0,33.0,,,100.0,236.0,99.0,3106.0,33.0,33.0,100.0,0.0,100.0,0.0,200.0,0.0,100.0,14443.0,100.0,67222397312.0,100.0,104195126098.0
2019-08-16,ZCH07XC6,ST12000NM0007,12000138625024,0,73.0,21014064.0,91.0,0.0,100.0,7.0,100.0,0.0,88.0,575185149.0,83.0,15444.0,100.0,0.0,100.0,6.0,,,,,100.0,0.0,100.0,0.0,,,67.0,33.0,,,100.0,236.0,99.0,3107.0,33.0,33.0,100.0,0.0,100.0,0.0,200.0,0.0,100.0,14474.0,100.0,67272388712.0,100.0,104624028410.0
2019-08-17,ZCH07XC6,ST12000NM0007,12000138625024,0,83.0,212061592.0,91.0,0.0,100.0,7.0,100.0,0.0,88.0,578121715.0,83.0,15460.0,100.0,0.0,100.0,6.0,,,,,100.0,0.0,100.0,0.0,,,67.0,33.0,,,100.0,236.0,99.0,3108.0,33.0,33.0,100.0,0.0,100.0,0.0,200.0,0.0,100.0,14490.0,100.0,67303914384.0,100.0,104783550266.0
2019-08-18,ZCH07XC6,ST12000NM0007,12000138625024,0,83.0,194389032.0,91.0,0.0,100.0,7.0,100.0,0.0,88.0,581424643.0,83.0,15491.0,100.0,0.0,100.0,6.0,,,,,100.0,0.0,100.0,0.0,,,64.0,36.0,,,100.0,236.0,99.0,3109.0,36.0,36.0,100.0,0.0,100.0,0.0,200.0,0.0,100.0,14522.0,100.0,67332524856.0,100.0,105225548626.0
2019-08-19,ZCH07XC6,ST12000NM0007,12000138625024,0,82.0,151092512.0,91.0,0.0,100.0,7.0,100.0,0.0,88.0,583110650.0,83.0,15507.0,100.0,0.0,100.0,6.0,,,,,100.0,0.0,100.0,0.0,,,64.0,36.0,,,100.0,236.0,99.0,3110.0,36.0,36.0,100.0,0.0,100.0,0.0,200.0,0.0,100.0,14537.0,100.0,67350487088.0,100.0,105408430538.0
2019-08-20,ZCH07XC6,ST12000NM0007,12000138625024,0,79.0,84703896.0,90.0,0.0,100.0,8.0,100.0,0.0,88.0,586849857.0,83.0,15539.0,100.0,0.0,100.0,7.0,,,,,100.0,0.0,100.0,0.0,,,64.0,36.0,,,100.0,236.0,99.0,3113.0,36.0,36.0,100.0,0.0,100.0,0.0,200.0,0.0,100.0,14569.0,100.0,67400473864.0,100.0,105780336692.0
2019-08-21,ZCH07XC6,ST12000NM0007,12000138625024,0,78.0,70424184.0,90.0,0.0,100.0,8.0,100.0,0.0,88.0,589263477.0,83.0,15555.0,100.0,0.0,100.0,7.0,,,,,100.0,0.0,100.0,0.0,,,63.0,37.0,,,100.0,236.0,99.0,3113.0,37.0,37.0,100.0,0.0,100.0,0.0,200.0,0.0,100.0,14585.0,100.0,67435668576.0,100.0,105975002900.0
2019-08-22,ZCH07XC6,ST12000NM0007,12000138625024,0,73.0,19867920.0,90.0,0.0,100.0,9.0,100.0,0.0,88.0,593202323.0,83.0,15587.0,100.0,0.0,100.0,8.0,,,,,100.0,0.0,100.0,0.0,,,63.0,37.0,,,100.0,236.0,99.0,3117.0,37.0,37.0,100.0,0.0,100.0,0.0,200.0,0.0,100.0,14616.0,100.0,67472480952.0,100.0,106375915720.0
2019-08-23,ZCH07XC6,ST12000NM0007,12000138625024,0,83.0,190925328.0,90.0,0.0,100.0,9.0,100.0,0.0,88.0,594830386.0,83.0,15603.0,100.0,0.0,100.0,8.0,,,,,100.0,0.0,100.0,0.0,,,63.0,37.0,,,100.0,236.0,99.0,3118.0,37.0,37.0,100.0,0.0,100.0,0.0,200.0,0.0,100.0,14632.0,100.0,67485480408.0,100.0,106533973672.0
2019-08-24,ZCH07XC6,ST12000NM0007,12000138625024,0,81.0,137571944.0,90.0,0.0,100.0,9.0,100.0,0.0,88.0,600114832.0,83.0,15635.0,100.0,0.0,100.0,8.0,,,,,100.0,0.0,100.0,0.0,,,63.0,37.0,,,100.0,237.0,99.0,3119.0,37.0,37.0,100.0,0.0,100.0,0.0,200.0,0.0,100.0,14664.0,100.0,67543007704.0,100.0,106911374392.0
2019-08-25,ZCH07XC6,ST12000NM0007,12000138625024,0,82.0,155527072.0,90.0,0.0,100.0,9.0,100.0,0.0,88.0,602507243.0,83.0,15651.0,100.0,0.0,100.0,8.0,,,,,100.0,0.0,100.0,0.0,,,64.0,36.0,,,100.0,237.0,99.0,3119.0,36.0,36.0,100.0,0.0,100.0,0.0,200.0,0.0,100.0,14680.0,100.0,67568430240.0,100.0,107148047616.0
2019-08-26,ZCH07XC6,ST12000NM0007,12000138625024,0,80.0,107518072.0,90.0,0.0,100.0,9.0,100.0,0.0,88.0,608557821.0,83.0,15698.0,100.0,0.0,100.0,8.0,,,,,100.0,0.0,100.0,0.0,,,62.0,38.0,,,100.0,238.0,99.0,3121.0,38.0,38.0,100.0,0.0,100.0,0.0,200.0,0.0,100.0,14727.0,100.0,67636164984.0,100.0,107764726056.0
2019-08-27,ZCH07XC6,ST12000NM0007,12000138625024,0,80.0,107518072.0,90.0,0.0,100.0,9.0,100.0,0.0,88.0,608557821.0,83.0,15698.0,100.0,0.0,100.0,8.0,,,,,100.0,0.0,100.0,0.0,,,62.0,38.0,,,100.0,238.0,99.0,3121.0,38.0,38.0,100.0,0.0,100.0,0.0,200.0,0.0,100.0,14727.0,100.0,67636164984.0,100.0,107764726056.0
2019-08-28,ZCH07XC6,ST12000NM0007,12000138625024,0,83.0,195121184.0,90.0,0.0,100.0,9.0,100.0,0.0,88.0,615323808.0,83.0,15730.0,100.0,0.0,100.0,8.0,,,,,100.0,0.0,100.0,0.0,,,62.0,38.0,,,100.0,238.0,99.0,3123.0,38.0,38.0,100.0,0.0,100.0,0.0,200.0,0.0,100.0,14759.0,100.0,67707311704.0,100.0,108269464096.0
2019-08-29,ZCH07XC6,ST12000NM0007,12000138625024,0,83.0,193335480.0,90.0,0.0,100.0,9.0,100.0,0.0,88.0,616863415.0,83.0,15746.0,100.0,0.0,100.0,8.0,,,,,100.0,0.0,100.0,0.0,,,64.0,36.0,,,100.0,238.0,99.0,3123.0,36.0,36.0,100.0,0.0,100.0,0.0,200.0,0.0,100.0,14775.0,100.0,67729886608.0,100.0,108489244144.0
2019-08-30,ZCH07XC6,ST12000NM0007,12000138625024,0,82.0,160384464.0,90.0,0.0,100.0,9.0,100.0,0.0,88.0,620211209.0,82.0,15778.0,100.0,0.0,100.0,8.0,,,,,100.0,0.0,100.0,0.0,,,63.0,37.0,,,100.0,239.0,99.0,3125.0,37.0,37.0,100.0,0.0,100.0,0.0,200.0,0.0,100.0,14806.0,100.0,67789235888.0,100.0,108885225680.0
2019-08-31,ZCH07XC6,ST12000NM0007,12000138625024,0,81.0,129271984.0,90.0,0.0,100.0,9.0,100.0,0.0,88.0,622628307.0,82.0,15794.0,100.0,0.0,100.0,8.0,,,,,100.0,0.0,100.0,0.0,,,64.0,36.0,,,100.0,239.0,99.0,3125.0,36.0,36.0,100.0,0.0,100.0,0.0,200.0,0.0,100.0,14822.0,100.0,67819453328.0,100.0,109068036496.0
2019-09-01,ZCH07XC6,ST12000NM0007,12000138625024,0,73.0,22147776.0,90.0,0.0,100.0,9.0,100.0,0.0,88.0,624946515.0,82.0,15825.0,100.0,0.0,100.0,8.0,,,,,100.0,0.0,100.0,0.0,,,64.0,36.0,,,100.0,239.0,99.0,3127.0,36.0,36.0,100.0,0.0,100.0,0.0,200.0,0.0,100.0,14854.0,100.0,67854262416.0,100.0,109414385096.0
2019-09-02,ZCH07XC6,ST12000NM0007,12000138625024,0,74.0,24637336.0,90.0,0.0,100.0,9.0,100.0,0.0,88.0,626263981.0,82.0,15841.0,100.0,0.0,100.0,8.0,,,,,100.0,0.0,100.0,0.0,,,64.0,36.0,,,100.0,239.0,99.0,3127.0,36.0,36.0,100.0,0.0,100.0,0.0,200.0,0.0,100.0,14870.0,100.0,67882835144.0,100.0,109632442768.0
2019-09-03,ZCH07XC6,ST12000NM0007,12000138625024,0,100.0,693312.0,90.0,0.0,100.0,9.0,100.0,0.0,88.0,628913665.0,82.0,15873.0,100.0,0.0,100.0,8.0,,,,,100.0,0.0,100.0,0.0,,,63.0,37.0,,,100.0,240.0,99.0,3129.0,37.0,37.0,100.0,0.0,100.0,0.0,200.0,0.0,100.0,14901.0,100.0,67921783104.0,100.0,110057832448.0
2019-09-04,ZCH07XC6,ST12000NM0007,12000138625024,0,79.0,83478800.0,90.0,0.0,100.0,9.0,100.0,0.0,88.0,631262122.0,82.0,15889.0,100.0,0.0,100.0,8.0,,,,,100.0,0.0,100.0,0.0,,,64.0,36.0,,,100.0,240.0,99.0,3129.0,36.0,36.0,100.0,0.0,100.0,0.0,200.0,0.0,100.0,14917.0,100.0,67973645064.0,100.0,110332896640.0
2019-09-05,ZCH07XC6,ST12000NM0007,12000138625024,0,78.0,60160960.0,90.0,0.0,100.0,9.0,100.0,0.0,88.0,634543304.0,82.0,15921.0,100.0,0.0,100.0,8.0,,,,,100.0,0.0,100.0,0.0,,,63.0,37.0,,,100.0,240.0,99.0,3132.0,37.0,37.0,100.0,0.0,100.0,0.0,200.0,0.0,100.0,14948.0,100.0,68014295416.0,100.0,110757209936.0
2019-09-06,ZCH07XC6,ST12000NM0007,12000138625024,0,76.0,37441872.0,90.0,0.0,100.0,9.0,100.0,0.0,88.0,636124979.0,82.0,15937.0,100.0,0.0,100.0,8.0,,,,,100.0,0.0,100.0,0.0,,,64.0,36.0,,,100.0,240.0,99.0,3132.0,36.0,36.0,100.0,0.0,100.0,0.0,200.0,0.0,100.0,14964.0,100.0,68034071776.0,100.0,110958855208.0
2019-09-07,ZCH07XC6,ST12000NM0007,12000138625024,0,83.0,205129336.0,90.0,0.0,100.0,9.0,100.0,0.0,88.0,640378678.0,82.0,15968.0,100.0,0.0,100.0,8.0,,,,,100.0,0.0,100.0,0.0,,,63.0,37.0,,,100.0,240.0,99.0,3134.0,37.0,37.0,100.0,0.0,100.0,0.0,200.0,0.0,100.0,14996.0,100.0,68096969200.0,100.0,111307785880.0
2019-09-08,ZCH07XC6,ST12000NM0007,12000138625024,0,82.0,174772192.0,90.0,0.0,100.0,9.0,100.0,0.0,88.0,641844665.0,82.0,15984.0,100.0,0.0,100.0,8.0,,,,,100.0,0.0,100.0,0.0,,,64.0,36.0,,,100.0,240.0,99.0,3134.0,36.0,36.0,100.0,0.0,100.0,0.0,200.0,0.0,100.0,15012.0,100.0,68116681400.0,100.0,111501857184.0
2019-09-09,ZCH07XC6,ST12000NM0007,12000138625024,0,81.0,116888616.0,90.0,0.0,100.0,9.0,100.0,0.0,88.0,644532385.0,82.0,16016.0,100.0,0.0,100.0,8.0,,,,,100.0,0.0,100.0,0.0,,,64.0,36.0,,,100.0,241.0,99.0,3136.0,36.0,36.0,100.0,0.0,100.0,0.0,200.0,0.0,100.0,15043.0,100.0,68160237720.0,100.0,111888698808.0
2019-09-10,ZCH07XC6,ST12000NM0007,12000138625024,0,78.0,65146888.0,90.0,0.0,100.0,9.0,100.0,0.0,88.0,645939632.0,82.0,16032.0,100.0,0.0,100.0,8.0,,,,,100.0,0.0,100.0,0.0,,,65.0,35.0,,,100.0,241.0,99.0,3136.0,35.0,35.0,100.0,0.0,100.0,0.0,200.0,0.0,100.0,15059.0,100.0,68182301168.0,100.0,112059034752.0
2019-09-11,ZCH07XC6,ST12000NM0007,12000138625024,0,79.0,79629864.0,90.0,0.0,100.0,9.0,100.0,0.0,88.0,650857724.0,82.0,16064.0,100.0,0.0,100.0,8.0,,,,,100.0,0.0,100.0,0.0,,,64.0,36.0,,,100.0,241.0,99.0,3138.0,36.0,36.0,100.0,0.0,100.0,0.0,200.0,0.0,100.0,15091.0,100.0,68267719936.0,100.0,112476380328.0
2019-09-12,ZCH07XC6,ST12000NM0007,12000138625024,0,75.0,33973024.0,90.0,0.0,100.0,9.0,100.0,0.0,88.0,652451545.0,82.0,16080.0,100.0,0.0,100.0,8.0,,,,,100.0,0.0,100.0,0.0,,,65.0,35.0,,,100.0,241.0,99.0,3139.0,35.0,35.0,100.0,0.0,100.0,0.0,200.0,0.0,100.0,15107.0,100.0,68291499576.0,100.0,112651084504.0
2019-09-13,ZCH07XC6,ST12000NM0007,12000138625024,0,84.0,239723408.0,90.0,0.0,100.0,9.0,100.0,0.0,88.0,655535545.0,82.0,16111.0,100.0,0.0,100.0,8.0,,,,,100.0,0.0,100.0,0.0,,,64.0,36.0,,,100.0,241.0,99.0,3140.0,36.0,36.0,100.0,0.0,100.0,0.0,200.0,0.0,100.0,15138.0,100.0,68343986032.0,100.0,113048489256.0
2019-09-14,ZCH07XC6,ST12000NM0007,12000138625024,0,84.0,224458928.0,90.0,0.0,100.0,9.0,100.0,0.0,88.0,658807953.0,82.0,16127.0,100.0,0.0,100.0,8.0,,,,,100.0,0.0,100.0,0.0,,,65.0,35.0,,,100.0,241.0,99.0,3141.0,35.0,35.0,100.0,0.0,100.0,0.0,200.0,0.0,100.0,15154.0,100.0,68395081848.0,100.0,113226269976.0
2019-09-15,ZCH07XC6,ST12000NM0007,12000138625024,0,78.0,57882000.0,90.0,0.0,100.0,9.0,100.0,0.0,88.0,662623502.0,82.0,16159.0,100.0,0.0,100.0,8.0,,,,,100.0,0.0,100.0,0.0,,,64.0,36.0,,,100.0,242.0,99.0,3142.0,36.0,36.0,100.0,0.0,100.0,0.0,200.0,0.0,100.0,15186.0,100.0,68458251520.0,100.0,113728945736.0
2019-09-16,ZCH07XC6,ST12000NM0007,12000138625024,0,79.0,83532256.0,90.0,0.0,100.0,9.0,100.0,0.0,88.0,664471455.0,82.0,16175.0,100.0,0.0,100.0,8.0,,,,,100.0,0.0,100.0,0.0,,,65.0,35.0,,,100.0,242.0,99.0,3143.0,35.0,35.0,100.0,0.0,100.0,0.0,200.0,0.0,100.0,15202.0,100.0,68481504568.0,100.0,113975483784.0
2019-09-17,ZCH07XC6,ST12000NM0007,12000138625024,0,79.0,89113496.0,90.0,0.0,100.0,9.0,100.0,0.0,88.0,669713295.0,82.0,16207.0,100.0,0.0,100.0,8.0,,,,,100.0,0.0,100.0,0.0,,,64.0,36.0,,,100.0,243.0,99.0,3144.0,36.0,36.0,100.0,0.0,100.0,0.0,200.0,0.0,100.0,15233.0,100.0,68539251160.0,100.0,114411599904.0
2019-09-18,ZCH07XC6,ST12000NM0007,12000138625024,0,80.0,105893360.0,90.0,0.0,100.0,9.0,100.0,0.0,88.0,672133095.0,82.0,16223.0,100.0,0.0,100.0,8.0,,,,,100.0,0.0,100.0,0.0,,,65.0,35.0,,,100.0,243.0,99.0,3145.0,35.0,35.0,100.0,0.0,100.0,0.0,200.0,0.0,100.0,15249.0,100.0,68592126864.0,100.0,114619644824.0
2019-09-19,ZCH07XC6,ST12000NM0007,12000138625024,0,80.0,110248312.0,90.0,0.0,100.0,9.0,100.0,0.0,88.0,677092519.0,82.0,16255.0,100.0,0.0,100.0,8.0,,,,,100.0,0.0,100.0,0.0,,,64.0,36.0,,,100.0,243.0,99.0,3146.0,36.0,36.0,100.0,0.0,100.0,0.0,200.0,0.0,100.0,15281.0,100.0,68649963984.0,100.0,115054444040.0
2019-09-20,ZCH07XC6,ST12000NM0007,12000138625024,0,82.0,143519192.0,90.0,0.0,100.0,9.0,100.0,0.0,88.0,679051952.0,82.0,16271.0,100.0,0.0,100.0,8.0,,,,,100.0,0.0,100.0,0.0,,,65.0,35.0,,,100.0,243.0,99.0,3147.0,35.0,35.0,100.0,0.0,100.0,0.0,200.0,0.0,100.0,15296.0,100.0,68684528672.0,100.0,115297290912.0
2019-09-21,ZCH07XC6,ST12000NM0007,12000138625024,0,81.0,114582992.0,90.0,0.0,100.0,9.0,100.0,0.0,88.0,684125656.0,82.0,16302.0,100.0,0.0,100.0,8.0,,,,,100.0,0.0,100.0,0.0,,,65.0,35.0,,,100.0,244.0,99.0,3148.0,35.0,35.0,100.0,0.0,100.0,0.0,200.0,0.0,100.0,15328.0,100.0,68791428544.0,100.0,115649736368.0
2019-09-22,ZCH07XC6,ST12000NM0007,12000138625024,0,80.0,93060344.0,90.0,0.0,100.0,9.0,100.0,0.0,88.0,685886960.0,82.0,16318.0,100.0,0.0,100.0,8.0,,,,,100.0,0.0,100.0,0.0,,,66.0,34.0,,,100.0,244.0,99.0,3149.0,34.0,34.0,100.0,0.0,100.0,0.0,200.0,0.0,100.0,15344.0,100.0,68834396976.0,100.0,115829386040.0
2019-09-23,ZCH07XC6,ST12000NM0007,12000138625024,0,80.0,103728464.0,90.0,0.0,100.0,9.0,100.0,0.0,88.0,689150369.0,82.0,16350.0,100.0,0.0,100.0,8.0,,,,,100.0,0.0,100.0,0.0,,,65.0,35.0,,,100.0,244.0,99.0,3150.0,35.0,35.0,100.0,0.0,100.0,0.0,200.0,0.0,100.0,15375.0,100.0,68890517120.0,100.0,116272215440.0
2019-09-24,ZCH07XC6,ST12000NM0007,12000138625024,0,81.0,130886784.0,90.0,0.0,100.0,9.0,100.0,0.0,88.0,690975521.0,82.0,16366.0,100.0,0.0,100.0,8.0,,,,,100.0,0.0,100.0,0.0,,,66.0,34.0,,,100.0,244.0,99.0,3151.0,34.0,34.0,100.0,0.0,100.0,0.0,200.0,0.0,100.0,15391.0,100.0,68919857880.0,100.0,116514173744.0
2019-09-25,ZCH07XC6,ST12000NM0007,12000138625024,0,74.0,24110872.0,90.0,0.0,100.0,9.0,100.0,0.0,88.0,696244869.0,82.0,16398.0,100.0,0.0,100.0,8.0,,,,,100.0,0.0,100.0,0.0,,,65.0,35.0,,,100.0,244.0,99.0,3152.0,35.0,35.0,100.0,0.0,100.0,0.0,200.0,0.0,100.0,15423.0,100.0,69005920216.0,100.0,117053757544.0
2019-09-26,ZCH07XC6,ST12000NM0007,12000138625024,0,73.0,21630784.0,90.0,0.0,100.0,9.0,100.0,0.0,88.0,698139565.0,82.0,16414.0,100.0,0.0,100.0,8.0,,,,,100.0,0.0,100.0,0.0,,,66.0,34.0,,,100.0,244.0,99.0,3154.0,34.0,34.0,100.0,0.0,100.0,0.0,200.0,0.0,100.0,15439.0,100.0,69031072064.0,100.0,117270266248.0
2019-09-27,ZCH07XC6,ST12000NM0007,12000138625024,0,75.0,33784384.0,90.0,0.0,100.0,9.0,100.0,0.0,88.0,701638181.0,82.0,16446.0,100.0,0.0,100.0,8.0,,,,,100.0,0.0,100.0,0.0,,,65.0,35.0,,,100.0,244.0,99.0,3155.0,35.0,35.0,100.0,0.0,100.0,0.0,200.0,0.0,100.0,15471.0,100.0,69077339472.0,100.0,117724434024.0
2019-09-28,ZCH07XC6,ST12000NM0007,12000138625024,0,72.0,14759480.0,90.0,0.0,100.0,9.0,100.0,0.0,88.0,704901633.0,82.0,16462.0,100.0,0.0,100.0,8.0,,,,,100.0,0.0,100.0,0.0,,,66.0,34.0,,,100.0,245.0,99.0,3156.0,34.0,34.0,100.0,0.0,100.0,0.0,200.0,0.0,100.0,15486.0,100.0,69151089264.0,100.0,117875800056.0
2019-09-29,ZCH07XC6,ST12000NM0007,12000138625024,0,83.0,193628176.0,90.0,0.0,100.0,9.0,100.0,0.0,89.0,708387441.0,82.0,16493.0,100.0,0.0,100.0,8.0,,,,,100.0,0.0,100.0,0.0,,,65.0,35.0,,,100.0,245.0,99.0,3157.0,35.0,35.0,100.0,0.0,100.0,0.0,200.0,0.0,100.0,15518.0,100.0,69202894392.0,100.0,118247004296.0
2019-09-30,ZCH07XC6,ST12000NM0007,12000138625024,0,83.0,184996096.0,90.0,0.0,100.0,9.0,100.0,0.0,89.0,710192207.0,82.0,16509.0,100.0,0.0,100.0,8.0,,,,,100.0,0.0,100.0,0.0,,,66.0,34.0,,,100.0,246.0,99.0,3158.0,34.0,34.0,100.0,0.0,100.0,0.0,200.0,0.0,100.0,15534.0,100.0,69233357824.0,100.0,118452049504.0
2019-10-01,ZCH07XC6,ST12000NM0007,12000138625024,0,83.0,215394064.0,90.0,0.0,100.0,9.0,100.0,0.0,89.0,714028025.0,82.0,16541.0,100.0,0.0,100.0,8.0,,,,,100.0,0.0,100.0,0.0,,,65.0,35.0,,,100.0,247.0,99.0,3159.0,35.0,35.0,100.0,0.0,100.0,0.0,200.0,0.0,100.0,15565.0,100.0,69301410208.0,100.0,118902676640.0
2019-10-02,ZCH07XC6,ST12000NM0007,12000138625024,0,83.0,207807560.0,90.0,0.0,100.0,9.0,100.0,0.0,89.0,716128283.0,82.0,16557.0,100.0,0.0,100.0,8.0,,,,,100.0,0.0,100.0,0.0,,,66.0,34.0,,,100.0,248.0,99.0,3160.0,34.0,34.0,100.0,0.0,100.0,0.0,200.0,0.0,100.0,15581.0,100.0,69337122824.0,100.0,119103518256.0
2019-10-03,ZCH07XC6,ST12000NM0007,12000138625024,0,79.0,81498320.0,90.0,0.0,100.0,9.0,100.0,0.0,89.0,720633497.0,82.0,16589.0,100.0,0.0,100.0,8.0,,,,,100.0,0.0,100.0,0.0,,,66.0,34.0,,,100.0,248.0,99.0,3162.0,34.0,34.0,100.0,0.0,100.0,0.0,200.0,0.0,100.0,15612.0,100.0,69407633584.0,100.0,119394979832.0
2019-10-04,ZCH07XC6,ST12000NM0007,12000138625024,0,83.0,203714072.0,90.0,0.0,100.0,9.0,100.0,0.0,89.0,721717652.0,82.0,16605.0,100.0,0.0,100.0,8.0,,,,,100.0,0.0,100.0,0.0,,,67.0,33.0,,,100.0,248.0,99.0,3163.0,33.0,33.0,100.0,0.0,100.0,0.0,200.0,0.0,100.0,15628.0,100.0,69439198040.0,100.0,119485631128.0
2019-10-05,ZCH07XC6,ST12000NM0007,12000138625024,0,75.0,34109664.0,90.0,0.0,100.0,9.0,100.0,0.0,89.0,726199034.0,82.0,16636.0,100.0,0.0,100.0,8.0,,,,,100.0,0.0,100.0,0.0,,,65.0,35.0,,,100.0,249.0,99.0,3164.0,35.0,35.0,100.0,0.0,100.0,0.0,200.0,0.0,100.0,15660.0,100.0,69524174768.0,100.0,119719331552.0
2019-10-06,ZCH07XC6,ST12000NM0007,12000138625024,0,82.0,149468112.0,90.0,0.0,100.0,9.0,100.0,0.0,89.0,728004758.0,81.0,16652.0,100.0,0.0,100.0,8.0,,,,,100.0,0.0,100.0,0.0,,,66.0,34.0,,,100.0,250.0,99.0,3165.0,34.0,34.0,100.0,0.0,100.0,0.0,200.0,0.0,100.0,15676.0,100.0,69551563360.0,100.0,119807301408.0
2019-10-07,ZCH07XC6,ST12000NM0007,12000138625024,0,81.0,123418768.0,90.0,0.0,100.0,9.0,100.0,0.0,89.0,730620722.0,81.0,16684.0,100.0,0.0,100.0,8.0,,,,,100.0,0.0,100.0,0.0,,,65.0,35.0,,,100.0,250.0,99.0,3166.0,35.0,35.0,100.0,0.0,100.0,0.0,200.0,0.0,100.0,15708.0,100.0,69607391552.0,100.0,119969564528.0
2019-10-08,ZCH07XC6,ST12000NM0007,12000138625024,0,76.0,38852760.0,90.0,0.0,100.0,9.0,100.0,0.0,89.0,732078241.0,81.0,16700.0,100.0,0.0,100.0,8.0,,,,,100.0,0.0,100.0,0.0,,,67.0,33.0,,,100.0,251.0,99.0,3167.0,33.0,33.0,100.0,0.0,100.0,0.0,200.0,0.0,100.0,15724.0,100.0,69637680136.0,100.0,120098850840.0
2019-10-09,ZCH07XC6,ST12000NM0007,12000138625024,0,81.0,122944736.0,90.0,0.0,100.0,9.0,100.0,0.0,89.0,736625525.0,81.0,16732.0,100.0,0.0,100.0,8.0,,,,,100.0,0.0,100.0,0.0,,,65.0,35.0,,,100.0,251.0,99.0,3168.0,35.0,35.0,100.0,0.0,100.0,0.0,200.0,0.0,100.0,15755.0,100.0,69742216480.0,100.0,120322547104.0
2019-10-10,ZCH07XC6,ST12000NM0007,12000138625024,0,80.0,91802552.0,90.0,0.0,100.0,9.0,100.0,0.0,89.0,739427910.0,81.0,16763.0,100.0,0.0,100.0,8.0,,,,,100.0,0.0,100.0,0.0,,,66.0,34.0,,,100.0,252.0,99.0,3170.0,34.0,34.0,100.0,0.0,100.0,0.0,200.0,0.0,100.0,15787.0,100.0,69822649792.0,100.0,120455112288.0
2019-10-11,ZCH07XC6,ST12000NM0007,12000138625024,0,83.0,198896712.0,90.0,0.0,100.0,9.0,100.0,0.0,89.0,740503975.0,81.0,16779.0,100.0,0.0,100.0,8.0,,,,,100.0,0.0,100.0,0.0,,,66.0,34.0,,,100.0,252.0,99.0,3170.0,34.0,34.0,100.0,0.0,100.0,0.0,200.0,0.0,100.0,15803.0,100.0,69856877600.0,100.0,120527978640.0
2019-10-12,ZCH07XC6,ST12000NM0007,12000138625024,0,75.0,31640088.0,90.0,0.0,100.0,9.0,100.0,0.0,89.0,744846048.0,81.0,16811.0,100.0,0.0,100.0,8.0,,,,,100.0,0.0,100.0,0.0,,,66.0,34.0,,,100.0,254.0,99.0,3172.0,34.0,34.0,100.0,0.0,100.0,0.0,200.0,0.0,100.0,15834.0,100.0,69975565160.0,100.0,120730315776.0
2019-10-13,ZCH07XC6,ST12000NM0007,12000138625024,0,82.0,148043816.0,90.0,0.0,100.0,9.0,100.0,0.0,89.0,746078988.0,81.0,16827.0,100.0,0.0,100.0,8.0,,,,,100.0,0.0,100.0,0.0,,,66.0,34.0,,,100.0,254.0,99.0,3172.0,34.0,34.0,100.0,0.0,100.0,0.0,200.0,0.0,100.0,15850.0,100.0,70015664632.0,100.0,120806620032.0
2019-10-14,ZCH07XC6,ST12000NM0007,12000138625024,0,82.0,159580728.0,90.0,0.0,100.0,9.0,100.0,0.0,89.0,748550054.0,81.0,16859.0,100.0,0.0,100.0,8.0,,,,,100.0,0.0,100.0,0.0,,,66.0,34.0,,,100.0,255.0,99.0,3174.0,34.0,34.0,100.0,0.0,100.0,0.0,200.0,0.0,100.0,15882.0,100.0,70088096496.0,100.0,120989865712.0
2019-10-15,ZCH07XC6,ST12000NM0007,12000138625024,0,81.0,120970632.0,90.0,0.0,100.0,9.0,100.0,0.0,89.0,750863727.0,81.0,16891.0,100.0,0.0,100.0,8.0,,,,,100.0,0.0,100.0,0.0,,,66.0,34.0,,,100.0,255.0,99.0,3175.0,34.0,34.0,100.0,0.0,100.0,0.0,200.0,0.0,100.0,15913.0,100.0,70154722048.0,100.0,121128770848.0
2019-10-16,ZCH07XC6,ST12000NM0007,12000138625024,0,81.0,120970632.0,90.0,0.0,100.0,9.0,100.0,0.0,89.0,750863727.0,81.0,16891.0,100.0,0.0,100.0,8.0,,,,,100.0,0.0,100.0,0.0,,,66.0,34.0,,,100.0,255.0,99.0,3175.0,34.0,34.0,100.0,0.0,100.0,0.0,200.0,0.0,100.0,15913.0,100.0,70154722048.0,100.0,121128770848.0
2019-10-17,ZCH07XC6,ST12000NM0007,12000138625024,0,84.0,232382600.0,90.0,0.0,100.0,9.0,100.0,0.0,89.0,755501339.0,81.0,16923.0,100.0,0.0,100.0,8.0,,,,,100.0,0.0,100.0,0.0,,,66.0,34.0,,,100.0,255.0,99.0,3177.0,34.0,34.0,100.0,0.0,100.0,0.0,200.0,0.0,100.0,15945.0,100.0,70267092672.0,100.0,121371952840.0
2019-10-18,ZCH07XC6,ST12000NM0007,12000138625024,0,82.0,166067856.0,90.0,0.0,100.0,9.0,100.0,0.0,89.0,761083001.0,81.0,16954.0,100.0,0.0,100.0,8.0,,,,,100.0,0.0,100.0,0.0,,,65.0,35.0,,,100.0,256.0,99.0,3179.0,35.0,35.0,100.0,0.0,100.0,0.0,200.0,0.0,100.0,15977.0,100.0,70358266320.0,100.0,121702745866.0
2019-10-19,ZCH07XC6,ST12000NM0007,12000138625024,0,81.0,118386584.0,90.0,0.0,100.0,9.0,100.0,0.0,89.0,763970724.0,81.0,16970.0,100.0,0.0,100.0,8.0,,,,,100.0,0.0,100.0,0.0,,,65.0,35.0,,,100.0,256.0,99.0,3179.0,35.0,35.0,100.0,0.0,100.0,0.0,200.0,0.0,100.0,15993.0,100.0,70396154400.0,100.0,121861317146.0
2019-10-20,ZCH07XC6,ST12000NM0007,12000138625024,0,83.0,186374752.0,90.0,0.0,100.0,9.0,100.0,0.0,89.0,768547591.0,81.0,17002.0,100.0,0.0,100.0,8.0,,,,,100.0,0.0,100.0,0.0,,,65.0,35.0,,,100.0,256.0,99.0,3181.0,35.0,35.0,100.0,0.0,100.0,0.0,200.0,0.0,100.0,16024.0,100.0,70486844968.0,100.0,122326896562.0
2019-10-21,ZCH07XC6,ST12000NM0007,12000138625024,0,82.0,174477264.0,90.0,0.0,100.0,9.0,100.0,0.0,89.0,770587369.0,81.0,17018.0,100.0,0.0,100.0,8.0,,,,,100.0,0.0,100.0,0.0,,,66.0,34.0,,,100.0,256.0,99.0,3181.0,34.0,34.0,100.0,0.0,100.0,0.0,200.0,0.0,100.0,16040.0,100.0,70536444624.0,100.0,122509540082.0
2019-10-22,ZCH07XC6,ST12000NM0007,12000138625024,0,82.0,173179040.0,90.0,0.0,100.0,9.0,100.0,0.0,89.0,774819953.0,81.0,17050.0,100.0,0.0,100.0,8.0,,,,,100.0,0.0,100.0,0.0,,,66.0,34.0,,,100.0,257.0,99.0,3183.0,34.0,34.0,100.0,0.0,100.0,0.0,200.0,0.0,100.0,16071.0,100.0,70633489448.0,100.0,122899478586.0
2019-10-23,ZCH07XC6,ST12000NM0007,12000138625024,0,81.0,120601824.0,90.0,0.0,100.0,9.0,100.0,0.0,89.0,777366129.0,81.0,17066.0,100.0,0.0,100.0,8.0,,,,,100.0,0.0,100.0,0.0,,,66.0,34.0,,,100.0,257.0,99.0,3183.0,34.0,34.0,100.0,0.0,100.0,0.0,200.0,0.0,100.0,16087.0,100.0,70672824304.0,100.0,123051707314.0
2019-10-24,ZCH07XC6,ST12000NM0007,12000138625024,0,78.0,67397184.0,90.0,0.0,100.0,9.0,100.0,0.0,89.0,780258346.0,81.0,17097.0,100.0,0.0,100.0,8.0,,,,,100.0,0.0,100.0,0.0,,,66.0,34.0,,,100.0,257.0,99.0,3186.0,34.0,34.0,100.0,0.0,100.0,0.0,200.0,0.0,100.0,16119.0,100.0,70747433160.0,100.0,123168034586.0
2019-10-25,ZCH07XC6,ST12000NM0007,12000138625024,0,83.0,183220656.0,90.0,0.0,100.0,9.0,100.0,0.0,89.0,781530614.0,81.0,17113.0,100.0,0.0,100.0,8.0,,,,,100.0,0.0,100.0,0.0,,,66.0,34.0,,,100.0,257.0,99.0,3186.0,34.0,34.0,100.0,0.0,100.0,0.0,200.0,0.0,100.0,16135.0,100.0,70786261504.0,100.0,123245029714.0
2019-10-26,ZCH07XC6,ST12000NM0007,12000138625024,0,83.0,196630472.0,90.0,0.0,100.0,9.0,100.0,0.0,89.0,785583677.0,81.0,17145.0,100.0,0.0,100.0,8.0,,,,,100.0,0.0,100.0,0.0,,,66.0,34.0,,,100.0,258.0,99.0,3188.0,34.0,34.0,100.0,0.0,100.0,0.0,200.0,0.0,100.0,16166.0,100.0,70839551520.0,100.0,123449290170.0
2019-10-27,ZCH07XC6,ST12000NM0007,12000138625024,0,79.0,87023720.0,90.0,0.0,100.0,9.0,100.0,0.0,89.0,786944384.0,81.0,17161.0,100.0,0.0,100.0,8.0,,,,,100.0,0.0,100.0,0.0,,,67.0,33.0,,,100.0,258.0,99.0,3188.0,33.0,33.0,100.0,0.0,100.0,0.0,200.0,0.0,100.0,16182.0,100.0,70886063064.0,100.0,123537312546.0
2019-10-28,ZCH07XC6,ST12000NM0007,12000138625024,0,78.0,59317272.0,90.0,0.0,100.0,9.0,100.0,0.0,89.0,789500816.0,81.0,17193.0,100.0,0.0,100.0,8.0,,,,,100.0,0.0,100.0,0.0,,,65.0,35.0,,,100.0,260.0,99.0,3190.0,35.0,35.0,100.0,0.0,100.0,0.0,200.0,0.0,100.0,16213.0,100.0,70976192976.0,100.0,123663616826.0
2019-10-29,ZCH07XC6,ST12000NM0007,12000138625024,0,82.0,167217656.0,90.0,0.0,100.0,9.0,100.0,0.0,89.0,790786777.0,81.0,17209.0,100.0,0.0,100.0,8.0,,,,,100.0,0.0,100.0,0.0,,,67.0,33.0,,,100.0,260.0,99.0,3190.0,33.0,33.0,100.0,0.0,100.0,0.0,200.0,0.0,100.0,16229.0,100.0,71009862928.0,100.0,123737847258.0
2019-10-30,ZCH07XC6,ST12000NM0007,12000138625024,0,83.0,208802224.0,90.0,0.0,100.0,9.0,100.0,0.0,89.0,794401724.0,81.0,17240.0,100.0,0.0,100.0,8.0,,,,,100.0,0.0,100.0,0.0,,,65.0,35.0,,,100.0,261.0,99.0,3192.0,35.0,35.0,100.0,0.0,100.0,0.0,200.0,0.0,100.0,16261.0,100.0,71074276392.0,100.0,123959159106.0
2019-10-31,ZCH07XC6,ST12000NM0007,12000138625024,0,81.0,114145224.0,90.0,0.0,100.0,9.0,100.0,0.0,89.0,796768016.0,81.0,17256.0,100.0,0.0,100.0,8.0,,,,,100.0,0.0,100.0,0.0,,,66.0,34.0,,,100.0,261.0,99.0,3192.0,34.0,34.0,100.0,0.0,100.0,0.0,200.0,0.0,100.0,16276.0,100.0,71119187528.0,100.0,124063732458.0
2019-11-01,ZCH07XC6,ST12000NM0007,12000138625024,0,83.0,190148856.0,90.0,0.0,100.0,9.0,100.0,0.0,89.0,802620836.0,81.0,17288.0,100.0,0.0,100.0,8.0,,,,,100.0,0.0,100.0,0.0,,,64.0,36.0,,,100.0,261.0,99.0,3194.0,36.0,36.0,100.0,0.0,100.0,0.0,200.0,0.0,100.0,16308.0,100.0,71227165904.0,100.0,124520039402.0
2019-11-02,ZCH07XC6,ST12000NM0007,12000138625024,0,80.0,102272248.0,90.0,0.0,100.0,9.0,100.0,0.0,89.0,805522901.0,81.0,17304.0,100.0,0.0,100.0,8.0,,,,,100.0,0.0,100.0,0.0,,,65.0,35.0,,,100.0,261.0,99.0,3194.0,35.0,35.0,100.0,0.0,100.0,0.0,200.0,0.0,100.0,16324.0,100.0,71279878536.0,100.0,124623590834.0
2019-11-03,ZCH07XC6,ST12000NM0007,12000138625024,0,77.0,51427608.0,90.0,0.0,100.0,9.0,100.0,0.0,89.0,809385875.0,81.0,17336.0,100.0,0.0,100.0,8.0,,,,,100.0,0.0,100.0,0.0,,,64.0,36.0,,,100.0,262.0,99.0,3196.0,36.0,36.0,100.0,0.0,100.0,0.0,200.0,0.0,100.0,16356.0,100.0,71353668824.0,100.0,124987237330.0
2019-11-04,ZCH07XC6,ST12000NM0007,12000138625024,0,76.0,40056560.0,90.0,0.0,100.0,9.0,100.0,0.0,89.0,811048133.0,81.0,17352.0,100.0,0.0,100.0,8.0,,,,,100.0,0.0,100.0,0.0,,,65.0,35.0,,,100.0,262.0,99.0,3196.0,35.0,35.0,100.0,0.0,100.0,0.0,200.0,0.0,100.0,16372.0,100.0,71377991240.0,100.0,125195684842.0
2019-11-05,ZCH07XC6,ST12000NM0007,12000138625024,0,80.0,93328728.0,90.0,0.0,100.0,9.0,100.0,0.0,89.0,815094101.0,81.0,17383.0,100.0,0.0,100.0,8.0,,,,,100.0,0.0,100.0,0.0,,,63.0,37.0,,,100.0,264.0,99.0,3198.0,37.0,37.0,100.0,0.0,100.0,0.0,200.0,0.0,100.0,16403.0,100.0,71427940424.0,100.0,125687289362.0
2019-11-06,ZCH07XC6,ST12000NM0007,12000138625024,0,81.0,112677328.0,90.0,0.0,100.0,9.0,100.0,0.0,89.0,817242988.0,81.0,17399.0,100.0,0.0,100.0,8.0,,,,,100.0,0.0,100.0,0.0,,,63.0,37.0,,,100.0,264.0,99.0,3198.0,37.0,37.0,100.0,0.0,100.0,0.0,200.0,0.0,100.0,16419.0,100.0,71452335816.0,100.0,125926383258.0
2019-11-07,ZCH07XC6,ST12000NM0007,12000138625024,0,82.0,161599120.0,90.0,0.0,100.0,9.0,100.0,0.0,89.0,821452570.0,81.0,17431.0,100.0,0.0,100.0,8.0,,,,,100.0,0.0,100.0,0.0,,,62.0,38.0,,,100.0,264.0,99.0,3200.0,38.0,38.0,100.0,0.0,100.0,0.0,200.0,0.0,100.0,16450.0,100.0,71525010928.0,100.0,126390911818.0
2019-11-08,ZCH07XC6,ST12000NM0007,12000138625024,0,82.0,168146304.0,90.0,0.0,100.0,9.0,100.0,0.0,89.0,823398657.0,81.0,17447.0,100.0,0.0,100.0,8.0,,,,,100.0,0.0,100.0,0.0,,,63.0,37.0,,,100.0,264.0,99.0,3201.0,37.0,37.0,100.0,0.0,100.0,0.0,200.0,0.0,100.0,16466.0,100.0,71549760640.0,100.0,126616849954.0
2019-11-09,ZCH07XC6,ST12000NM0007,12000138625024,0,83.0,212114080.0,90.0,0.0,100.0,9.0,100.0,0.0,89.0,827257788.0,81.0,17479.0,100.0,0.0,100.0,8.0,,,,,100.0,0.0,100.0,0.0,,,63.0,37.0,,,100.0,265.0,99.0,3202.0,37.0,37.0,100.0,0.0,100.0,0.0,200.0,0.0,100.0,16498.0,100.0,71613261560.0,100.0,126841457634.0
2019-11-10,ZCH07XC6,ST12000NM0007,12000138625024,0,83.0,189059000.0,90.0,0.0,100.0,9.0,100.0,0.0,89.0,829896293.0,81.0,17494.0,100.0,0.0,100.0,8.0,,,,,100.0,0.0,100.0,0.0,,,63.0,37.0,,,100.0,265.0,99.0,3203.0,37.0,37.0,100.0,0.0,100.0,0.0,200.0,0.0,100.0,16513.0,100.0,71669108296.0,100.0,127006696450.0
2019-11-11,ZCH07XC6,ST12000NM0007,12000138625024,0,84.0,238728016.0,90.0,0.0,100.0,9.0,100.0,0.0,89.0,834120252.0,80.0,17526.0,100.0,0.0,100.0,8.0,,,,,100.0,0.0,100.0,0.0,,,62.0,38.0,,,100.0,265.0,99.0,3204.0,38.0,38.0,100.0,0.0,100.0,0.0,200.0,0.0,100.0,16545.0,100.0,71770670480.0,100.0,127443084858.0
2019-11-12,ZCH07XC6,ST12000NM0007,12000138625024,0,84.0,233883656.0,90.0,0.0,100.0,9.0,100.0,0.0,89.0,835993204.0,80.0,17542.0,100.0,0.0,100.0,8.0,,,,,100.0,0.0,100.0,0.0,,,63.0,37.0,,,100.0,265.0,99.0,3205.0,37.0,37.0,100.0,0.0,100.0,0.0,200.0,0.0,100.0,16561.0,100.0,71817883200.0,100.0,127635168554.0
2019-11-13,ZCH07XC6,ST12000NM0007,12000138625024,0,83.0,179107424.0,90.0,0.0,100.0,9.0,100.0,0.0,89.0,840788182.0,80.0,17574.0,100.0,0.0,100.0,8.0,,,,,100.0,0.0,100.0,0.0,,,62.0,38.0,,,100.0,265.0,99.0,3206.0,38.0,38.0,100.0,0.0,100.0,0.0,200.0,0.0,100.0,16592.0,100.0,71914556024.0,100.0,127972000826.0
2019-11-14,ZCH07XC6,ST12000NM0007,12000138625024,0,80.0,92805328.0,90.0,0.0,100.0,9.0,100.0,0.0,89.0,842505767.0,80.0,17590.0,100.0,0.0,100.0,8.0,,,,,100.0,0.0,100.0,0.0,,,64.0,36.0,,,100.0,265.0,99.0,3208.0,36.0,36.0,100.0,0.0,100.0,0.0,200.0,0.0,100.0,16608.0,100.0,71959882352.0,100.0,128084513178.0
2019-11-15,ZCH07XC6,ST12000NM0007,12000138625024,0,82.0,170435488.0,90.0,0.0,100.0,9.0,100.0,0.0,89.0,845106945.0,80.0,17621.0,100.0,0.0,100.0,8.0,,,,,100.0,0.0,100.0,0.0,,,63.0,37.0,,,100.0,266.0,99.0,3209.0,37.0,37.0,100.0,0.0,100.0,0.0,200.0,0.0,100.0,16639.0,100.0,72042144688.0,100.0,128324021634.0
2019-11-16,ZCH07XC6,ST12000NM0007,12000138625024,0,79.0,79913688.0,90.0,0.0,100.0,9.0,100.0,0.0,89.0,848041938.0,80.0,17637.0,100.0,0.0,100.0,8.0,,,,,100.0,0.0,100.0,0.0,,,64.0,36.0,,,100.0,267.0,99.0,3210.0,36.0,36.0,100.0,0.0,100.0,0.0,200.0,0.0,100.0,16655.0,100.0,72080939880.0,100.0,128438846146.0
2019-11-17,ZCH07XC6,ST12000NM0007,12000138625024,0,83.0,215706416.0,90.0,0.0,100.0,9.0,100.0,0.0,89.0,849369543.0,80.0,17669.0,100.0,0.0,100.0,8.0,,,,,100.0,0.0,100.0,0.0,,,64.0,36.0,,,100.0,268.0,99.0,3211.0,36.0,36.0,100.0,0.0,100.0,0.0,200.0,0.0,100.0,16686.0,100.0,72093484080.0,100.0,128562094674.0
2019-11-18,ZCH07XC6,ST12000NM0007,12000138625024,0,79.0,73611120.0,90.0,0.0,100.0,9.0,100.0,0.0,89.0,850148870.0,80.0,17685.0,100.0,0.0,100.0,8.0,,,,,100.0,0.0,100.0,0.0,,,64.0,36.0,,,100.0,268.0,99.0,3212.0,36.0,36.0,100.0,0.0,100.0,0.0,200.0,0.0,100.0,16702.0,100.0,72095451352.0,100.0,128662173058.0
2019-11-19,ZCH07XC6,ST12000NM0007,12000138625024,0,81.0,128478680.0,90.0,0.0,100.0,9.0,100.0,0.0,89.0,852501021.0,80.0,17716.0,100.0,0.0,100.0,8.0,,,,,100.0,0.0,100.0,0.0,,,63.0,37.0,,,100.0,269.0,99.0,3213.0,37.0,37.0,100.0,0.0,100.0,0.0,200.0,0.0,100.0,16734.0,100.0,72105782248.0,100.0,128950850418.0
2019-11-20,ZCH07XC6,ST12000NM0007,12000138625024,0,76.0,39930360.0,90.0,0.0,100.0,9.0,100.0,0.0,89.0,853727427.0,80.0,17732.0,100.0,0.0,100.0,8.0,,,,,100.0,0.0,100.0,0.0,,,64.0,36.0,,,100.0,269.0,99.0,3214.0,36.0,36.0,100.0,0.0,100.0,0.0,200.0,0.0,100.0,16750.0,100.0,72111963936.0,100.0,129100261066.0
2019-11-21,ZCH07XC6,ST12000NM0007,12000138625024,0,79.0,88213744.0,90.0,0.0,100.0,9.0,100.0,0.0,89.0,856251976.0,80.0,17764.0,100.0,0.0,100.0,8.0,,,,,100.0,0.0,100.0,0.0,,,64.0,36.0,,,100.0,269.0,99.0,3216.0,36.0,36.0,100.0,0.0,100.0,0.0,200.0,0.0,100.0,16781.0,100.0,72171304232.0,100.0,129333344882.0
2019-11-22,ZCH07XC6,ST12000NM0007,12000138625024,0,84.0,237650072.0,90.0,0.0,100.0,9.0,100.0,0.0,89.0,857688940.0,80.0,17780.0,100.0,0.0,100.0,8.0,,,,,100.0,0.0,100.0,0.0,,,63.0,37.0,,,100.0,269.0,99.0,3217.0,37.0,37.0,100.0,0.0,100.0,0.0,200.0,0.0,100.0,16797.0,100.0,72219556856.0,100.0,129434528586.0
2019-11-23,ZCH07XC6,ST12000NM0007,12000138625024,0,66.0,3575248.0,90.0,0.0,100.0,9.0,100.0,0.0,89.0,861178796.0,80.0,17812.0,100.0,0.0,100.0,8.0,,,,,100.0,0.0,100.0,0.0,,,63.0,37.0,,,100.0,269.0,99.0,3218.0,37.0,37.0,100.0,0.0,100.0,0.0,200.0,0.0,100.0,16829.0,100.0,72257887552.0,100.0,129650404706.0
2019-11-24,ZCH07XC6,ST12000NM0007,12000138625024,0,80.0,101595992.0,90.0,0.0,100.0,9.0,100.0,0.0,89.0,862015614.0,80.0,17828.0,100.0,0.0,100.0,8.0,,,,,100.0,0.0,100.0,0.0,,,63.0,37.0,,,100.0,270.0,99.0,3219.0,37.0,37.0,100.0,0.0,100.0,0.0,200.0,0.0,100.0,16845.0,100.0,72260956512.0,100.0,129745356490.0
2019-11-25,ZCH07XC6,ST12000NM0007,12000138625024,0,74.0,27607792.0,90.0,0.0,100.0,9.0,100.0,0.0,89.0,863434032.0,80.0,17860.0,100.0,0.0,100.0,8.0,,,,,100.0,0.0,100.0,0.0,,,62.0,38.0,,,100.0,270.0,99.0,3220.0,38.0,38.0,100.0,0.0,100.0,0.0,200.0,0.0,100.0,16876.0,100.0,72264074048.0,100.0,129912391650.0
2019-11-26,ZCH07XC6,ST12000NM0007,12000138625024,0,82.0,161514936.0,90.0,0.0,100.0,9.0,100.0,0.0,89.0,864330303.0,80.0,17875.0,100.0,0.0,100.0,8.0,,,,,100.0,0.0,100.0,0.0,,,62.0,38.0,,,100.0,271.0,99.0,3221.0,38.0,38.0,100.0,0.0,100.0,0.0,200.0,0.0,100.0,16892.0,100.0,72265509328.0,100.0,130044863514.0
2019-11-27,ZCH07XC6,ST12000NM0007,12000138625024,0,83.0,180456968.0,90.0,0.0,100.0,9.0,100.0,0.0,89.0,867630100.0,80.0,17907.0,100.0,0.0,100.0,8.0,,,,,100.0,0.0,100.0,0.0,,,62.0,38.0,,,100.0,271.0,99.0,3222.0,38.0,38.0,100.0,0.0,100.0,0.0,200.0,0.0,100.0,16924.0,100.0,72268518664.0,100.0,130304936898.0
2019-11-28,ZCH07XC6,ST12000NM0007,12000138625024,0,80.0,94217264.0,90.0,0.0,100.0,9.0,100.0,0.0,89.0,868650158.0,80.0,17939.0,100.0,0.0,100.0,8.0,,,,,100.0,0.0,100.0,0.0,,,63.0,37.0,,,100.0,271.0,99.0,3224.0,37.0,37.0,100.0,0.0,100.0,0.0,200.0,0.0,100.0,16955.0,100.0,72269249432.0,100.0,130462107066.0
2019-11-29,ZCH07XC6,ST12000NM0007,12000138625024,0,82.0,171723520.0,90.0,0.0,100.0,9.0,100.0,0.0,89.0,869253437.0,80.0,17955.0,100.0,0.0,100.0,8.0,,,,,100.0,0.0,100.0,0.0,,,64.0,36.0,,,100.0,271.0,99.0,3224.0,36.0,36.0,100.0,0.0,100.0,0.0,200.0,0.0,100.0,16971.0,100.0,72269473136.0,100.0,130539389618.0
2019-11-30,ZCH07XC6,ST12000NM0007,12000138625024,0,81.0,139475920.0,90.0,0.0,100.0,9.0,100.0,0.0,89.0,872204368.0,80.0,17987.0,100.0,0.0,100.0,8.0,,,,,100.0,0.0,100.0,0.0,,,62.0,38.0,,,100.0,273.0,99.0,3226.0,38.0,38.0,100.0,0.0,100.0,0.0,200.0,0.0,100.0,17003.0,100.0,72269841936.0,100.0,130750914082.0
2019-12-01,ZCH07XC6,ST12000NM0007,12000138625024,0,83.0,212005992.0,90.0,0.0,100.0,9.0,100.0,0.0,89.0,872814419.0,80.0,18003.0,100.0,0.0,100.0,8.0,,,,,100.0,0.0,100.0,0.0,,,62.0,38.0,,,100.0,273.0,99.0,3226.0,38.0,38.0,100.0,0.0,100.0,0.0,200.0,0.0,100.0,17019.0,100.0,72270068576.0,100.0,130823217514.0
2019-12-02,ZCH07XC6,ST12000NM0007,12000138625024,0,83.0,219176952.0,90.0,0.0,100.0,9.0,100.0,0.0,89.0,874520902.0,80.0,18034.0,100.0,0.0,100.0,8.0,,,,,100.0,0.0,100.0,0.0,,,62.0,38.0,,,100.0,275.0,99.0,3228.0,38.0,38.0,100.0,0.0,100.0,0.0,200.0,0.0,100.0,17050.0,100.0,72270614592.0,100.0,131073983186.0
2019-12-03,ZCH07XC6,ST12000NM0007,12000138625024,0,80.0,107530272.0,90.0,0.0,100.0,9.0,100.0,0.0,89.0,875497065.0,80.0,18050.0,100.0,0.0,100.0,8.0,,,,,100.0,0.0,100.0,0.0,,,62.0,38.0,,,100.0,275.0,99.0,3228.0,38.0,38.0,100.0,0.0,100.0,0.0,200.0,0.0,100.0,17066.0,100.0,72271838456.0,100.0,131205253306.0
2019-12-04,ZCH07XC6,ST12000NM0007,12000138625024,0,81.0,125372648.0,90.0,0.0,100.0,9.0,100.0,0.0,89.0,878788709.0,80.0,18082.0,100.0,0.0,100.0,8.0,,,,,100.0,0.0,100.0,0.0,,,63.0,37.0,,,100.0,276.0,99.0,3231.0,37.0,37.0,100.0,0.0,100.0,0.0,200.0,0.0,100.0,17097.0,100.0,72272295464.0,100.0,131466779330.0
2019-12-05,ZCH07XC6,ST12000NM0007,12000138625024,0,83.0,201644776.0,90.0,0.0,100.0,9.0,100.0,0.0,89.0,879347144.0,80.0,18098.0,100.0,0.0,100.0,8.0,,,,,100.0,0.0,100.0,0.0,,,63.0,37.0,,,100.0,276.0,99.0,3231.0,37.0,37.0,100.0,0.0,100.0,0.0,200.0,0.0,100.0,17113.0,100.0,72272527152.0,100.0,131542819770.0
2019-12-06,ZCH07XC6,ST12000NM0007,12000138625024,0,83.0,214438120.0,90.0,0.0,100.0,9.0,100.0,0.0,89.0,881656839.0,80.0,18130.0,100.0,0.0,100.0,8.0,,,,,100.0,0.0,100.0,0.0,,,63.0,37.0,,,100.0,278.0,99.0,3233.0,37.0,37.0,100.0,0.0,100.0,0.0,200.0,0.0,100.0,17145.0,100.0,72272952488.0,100.0,131799328466.0
2019-12-07,ZCH07XC6,ST12000NM0007,12000138625024,0,79.0,84448816.0,90.0,0.0,100.0,9.0,100.0,0.0,89.0,883346098.0,80.0,18146.0,100.0,0.0,100.0,8.0,,,,,100.0,0.0,100.0,0.0,,,64.0,36.0,,,100.0,278.0,99.0,3233.0,36.0,36.0,100.0,0.0,100.0,0.0,200.0,0.0,100.0,17161.0,100.0,72273115368.0,100.0,131913316914.0
2019-12-08,ZCH07XC6,ST12000NM0007,12000138625024,0,76.0,38614160.0,90.0,0.0,100.0,9.0,100.0,0.0,89.0,884212709.0,80.0,18178.0,100.0,0.0,100.0,8.0,,,,,100.0,0.0,100.0,0.0,,,63.0,37.0,,,100.0,280.0,99.0,3235.0,37.0,37.0,100.0,0.0,100.0,0.0,200.0,0.0,100.0,17192.0,100.0,72273577816.0,100.0,132111160442.0
2019-12-09,ZCH07XC6,ST12000NM0007,12000138625024,0,81.0,134273640.0,90.0,0.0,100.0,9.0,100.0,0.0,89.0,884657733.0,80.0,18194.0,100.0,0.0,100.0,8.0,,,,,100.0,0.0,100.0,0.0,,,63.0,37.0,,,100.0,280.0,99.0,3235.0,37.0,37.0,100.0,0.0,100.0,0.0,200.0,0.0,100.0,17208.0,100.0,72273808376.0,100.0,132206589362.0
2019-12-10,ZCH07XC6,ST12000NM0007,12000138625024,0,80.0,95207416.0,90.0,0.0,100.0,9.0,100.0,0.0,89.0,885562892.0,80.0,18225.0,100.0,0.0,100.0,8.0,,,,,100.0,0.0,100.0,0.0,,,64.0,36.0,,,100.0,282.0,99.0,3237.0,36.0,36.0,100.0,0.0,100.0,0.0,200.0,0.0,100.0,17240.0,100.0,72274303904.0,100.0,132411168418.0
2019-12-11,ZCH07XC6,ST12000NM0007,12000138625024,0,84.0,242855344.0,90.0,0.0,100.0,9.0,100.0,0.0,89.0,887309038.0,80.0,18241.0,100.0,0.0,100.0,8.0,,,,,100.0,0.0,100.0,0.0,,,64.0,36.0,,,100.0,282.0,99.0,3237.0,36.0,36.0,100.0,0.0,100.0,0.0,200.0,0.0,100.0,17256.0,100.0,72274533240.0,100.0,132558587010.0
2019-12-12,ZCH07XC6,ST12000NM0007,12000138625024,0,79.0,79443408.0,90.0,0.0,100.0,9.0,100.0,0.0,89.0,888107297.0,80.0,18257.0,100.0,0.0,100.0,8.0,,,,,100.0,0.0,100.0,0.0,,,64.0,36.0,,,100.0,283.0,99.0,3238.0,36.0,36.0,100.0,0.0,100.0,0.0,200.0,0.0,100.0,17271.0,100.0,72274772200.0,100.0,132639077754.0
2019-12-13,ZCH07XC6,ST12000NM0007,12000138625024,0,74.0,23490120.0,90.0,0.0,100.0,9.0,100.0,0.0,89.0,888927410.0,80.0,18289.0,100.0,0.0,100.0,8.0,,,,,100.0,0.0,100.0,0.0,,,64.0,36.0,,,100.0,284.0,99.0,3239.0,36.0,36.0,100.0,0.0,100.0,0.0,200.0,0.0,100.0,17303.0,100.0,72275239536.0,100.0,132826797866.0
2019-12-14,ZCH07XC6,ST12000NM0007,12000138625024,0,82.0,152146880.0,90.0,0.0,100.0,9.0,100.0,0.0,89.0,891040861.0,80.0,18305.0,100.0,0.0,100.0,8.0,,,,,100.0,0.0,100.0,0.0,,,64.0,36.0,,,100.0,285.0,99.0,3240.0,36.0,36.0,100.0,0.0,100.0,0.0,200.0,0.0,100.0,17319.0,100.0,72275393368.0,100.0,132955300794.0
2019-12-15,ZCH07XC6,ST12000NM0007,12000138625024,0,78.0,66623608.0,90.0,0.0,100.0,9.0,100.0,0.0,90.0,891828769.0,80.0,18337.0,100.0,0.0,100.0,8.0,,,,,100.0,0.0,100.0,0.0,,,64.0,36.0,,,100.0,286.0,99.0,3241.0,36.0,36.0,100.0,0.0,100.0,0.0,200.0,0.0,100.0,17351.0,100.0,72277005832.0,100.0,133112305762.0
2019-12-16,ZCH07XC6,ST12000NM0007,12000138625024,0,81.0,114339936.0,90.0,0.0,100.0,9.0,100.0,0.0,90.0,892186317.0,80.0,18352.0,100.0,0.0,100.0,8.0,,,,,100.0,0.0,100.0,0.0,,,64.0,36.0,,,100.0,287.0,99.0,3242.0,36.0,36.0,100.0,0.0,100.0,0.0,200.0,0.0,100.0,17367.0,100.0,72277235160.0,100.0,133159792762.0
2019-12-17,ZCH07XC6,ST12000NM0007,12000138625024,0,73.0,18080632.0,90.0,0.0,100.0,9.0,100.0,0.0,90.0,892941024.0,80.0,18384.0,100.0,0.0,100.0,8.0,,,,,100.0,0.0,100.0,0.0,,,64.0,36.0,,,100.0,288.0,99.0,3243.0,36.0,36.0,100.0,0.0,100.0,0.0,200.0,0.0,100.0,17398.0,100.0,72277709296.0,100.0,133307200154.0
2019-12-18,ZCH07XC6,ST12000NM0007,12000138625024,0,84.0,227376968.0,90.0,0.0,100.0,9.0,100.0,0.0,90.0,895434961.0,79.0,18416.0,100.0,0.0,100.0,8.0,,,,,100.0,0.0,100.0,0.0,,,64.0,36.0,,,100.0,290.0,99.0,3245.0,36.0,36.0,100.0,0.0,100.0,0.0,200.0,0.0,100.0,17430.0,100.0,72278168368.0,100.0,133516037418.0
2019-12-19,ZCH07XC6,ST12000NM0007,12000138625024,0,80.0,96292936.0,90.0,0.0,100.0,9.0,100.0,0.0,90.0,895910410.0,79.0,18432.0,100.0,0.0,100.0,8.0,,,,,100.0,0.0,100.0,0.0,,,64.0,36.0,,,100.0,290.0,99.0,3246.0,36.0,36.0,100.0,0.0,100.0,0.0,200.0,0.0,100.0,17445.0,100.0,72278414848.0,100.0,133628847538.0
2019-12-20,ZCH07XC6,ST12000NM0007,12000138625024,0,84.0,240440554.0,90.0,0.0,100.0,9.0,100.0,0.0,90.0,896583420.0,79.0,18464.0,100.0,0.0,100.0,8.0,,,,,100.0,0.0,100.0,0.0,,,63.0,37.0,,,100.0,291.0,99.0,3248.0,37.0,37.0,100.0,0.0,100.0,0.0,200.0,0.0,100.0,17477.0,100.0,72278873152.0,100.0,133772536852.0
2019-12-21,ZCH07XC6,ST12000NM0007,12000138625024,0,80.0,100215192.0,90.0,0.0,100.0,9.0,100.0,0.0,90.0,896990351.0,79.0,18480.0,100.0,0.0,100.0,8.0,,,,,100.0,0.0,100.0,0.0,,,63.0,37.0,,,100.0,291.0,99.0,3248.0,37.0,37.0,100.0,0.0,100.0,0.0,200.0,0.0,100.0,17493.0,100.0,72279106240.0,100.0,133876219084.0
2019-12-22,ZCH07XC6,ST12000NM0007,12000138625024,0,73.0,20128072.0,90.0,0.0,100.0,9.0,100.0,0.0,90.0,897705540.0,79.0,18511.0,100.0,0.0,100.0,8.0,,,,,100.0,0.0,100.0,0.0,,,64.0,36.0,,,100.0,293.0,99.0,3250.0,36.0,36.0,100.0,0.0,100.0,0.0,200.0,0.0,100.0,17524.0,100.0,72279561352.0,100.0,134039817596.0
2019-12-23,ZCH07XC6,ST12000NM0007,12000138625024,0,82.0,156391936.0,90.0,0.0,100.0,9.0,100.0,0.0,90.0,898225145.0,79.0,18527.0,100.0,0.0,100.0,8.0,,,,,100.0,0.0,100.0,0.0,,,64.0,36.0,,,100.0,293.0,99.0,3250.0,36.0,36.0,100.0,0.0,100.0,0.0,200.0,0.0,100.0,17540.0,100.0,72279797160.0,100.0,134175845652.0
2019-12-24,ZCH07XC6,ST12000NM0007,12000138625024,0,77.0,48012232.0,90.0,0.0,100.0,9.0,100.0,0.0,90.0,898881981.0,79.0,18559.0,100.0,0.0,100.0,8.0,,,,,100.0,0.0,100.0,0.0,,,63.0,37.0,,,100.0,295.0,99.0,3252.0,37.0,37.0,100.0,0.0,100.0,0.0,200.0,0.0,100.0,17572.0,100.0,72280260800.0,100.0,134311143172.0
2019-12-25,ZCH07XC6,ST12000NM0007,12000138625024,0,81.0,125297096.0,90.0,0.0,100.0,9.0,100.0,0.0,90.0,899254265.0,79.0,18575.0,100.0,0.0,100.0,8.0,,,,,100.0,0.0,100.0,0.0,,,63.0,37.0,,,100.0,295.0,99.0,3252.0,37.0,37.0,100.0,0.0,100.0,0.0,200.0,0.0,100.0,17588.0,100.0,72280494160.0,100.0,134388194676.0
2019-12-26,ZCH07XC6,ST12000NM0007,12000138625024,0,75.0,30174896.0,90.0,0.0,100.0,9.0,100.0,0.0,90.0,899882142.0,79.0,18607.0,100.0,0.0,100.0,8.0,,,,,100.0,0.0,100.0,0.0,,,64.0,36.0,,,100.0,296.0,99.0,3254.0,36.0,36.0,100.0,0.0,100.0,0.0,200.0,0.0,100.0,17619.0,100.0,72280954088.0,100.0,134536753556.0
2019-12-27,ZCH07XC6,ST12000NM0007,12000138625024,0,81.0,117022352.0,90.0,0.0,100.0,9.0,100.0,0.0,90.0,900246089.0,79.0,18623.0,100.0,0.0,100.0,8.0,,,,,100.0,0.0,100.0,0.0,,,64.0,36.0,,,100.0,296.0,99.0,3254.0,36.0,36.0,100.0,0.0,100.0,0.0,200.0,0.0,100.0,17635.0,100.0,72281180672.0,100.0,134623374428.0
2019-12-28,ZCH07XC6,ST12000NM0007,12000138625024,0,78.0,68497296.0,90.0,0.0,100.0,9.0,100.0,0.0,90.0,901506811.0,79.0,18654.0,100.0,0.0,100.0,8.0,,,,,100.0,0.0,100.0,0.0,,,63.0,37.0,,,100.0,298.0,99.0,3256.0,37.0,37.0,100.0,0.0,100.0,0.0,200.0,0.0,100.0,17667.0,100.0,72281650496.0,100.0,134818520244.0
2019-12-29,ZCH07XC6,ST12000NM0007,12000138625024,0,81.0,130181352.0,90.0,0.0,100.0,9.0,100.0,0.0,90.0,901830854.0,79.0,18670.0,100.0,0.0,100.0,8.0,,,,,100.0,0.0,100.0,0.0,,,64.0,36.0,,,100.0,298.0,99.0,3256.0,36.0,36.0,100.0,0.0,100.0,0.0,200.0,0.0,100.0,17683.0,100.0,72281880208.0,100.0,134879974588.0
2019-12-30,ZCH07XC6,ST12000NM0007,12000138625024,0,76.0,35967568.0,90.0,0.0,100.0,9.0,100.0,0.0,90.0,902514052.0,79.0,18702.0,100.0,0.0,100.0,8.0,,,,,100.0,0.0,100.0,0.0,,,64.0,36.0,,,100.0,300.0,99.0,3258.0,36.0,36.0,100.0,0.0,100.0,0.0,200.0,0.0,100.0,17714.0,100.0,72282351520.0,100.0,135029430348.0
2019-12-31,ZCH07XC6,ST12000NM0007,12000138625024,0,83.0,186491762.0,90.0,0.0,100.0,10.0,100.0,0.0,90.0,903164032.0,79.0,18734.0,100.0,0.0,100.0,9.0,,,,,100.0,0.0,100.0,0.0,,,64.0,36.0,,,100.0,302.0,99.0,3261.0,36.0,36.0,100.0,0.0,100.0,0.0,200.0,0.0,100.0,17746.0,100.0,72282832024.0,100.0,135179474038.0
