2019-01-01,ZCH0C5JQ,ST12000NM0007,12000138625024,0,81,139028944,95.0,0.0,100.0,4.0,100.0,0.0,89.0,733580851.0,92,7204,100.0,0.0,100,3,,,,,100.0,0.0,100.0,0.0,,,77.0,23.0,,,100.0,118.0,100.0,512.0,23,23,100.0,0.0,100.0,0.0,200.0,0.0,100.0,7068.0,100.0,39110599312.0,100.0,57708283760.0
2019-01-02,ZCH0C5JQ,ST12000NM0007,12000138625024,0,81,128937640,95.0,0.0,100.0,4.0,100.0,0.0,89.0,736498424.0,92,7228,100.0,0.0,100,3,,,,,100.0,0.0,100.0,0.0,,,77.0,23.0,,,100.0,118.0,100.0,513.0,23,23,100.0,0.0,100.0,0.0,200.0,0.0,100.0,7093.0,100.0,39184930312.0,100.0,57868002104.0
2019-01-03,ZCH0C5JQ,ST12000NM0007,12000138625024,0,78.0,65292224.0,95.0,0.0,100.0,4.0,100.0,0.0,89.0,738532640.0,92.0,7253.0,100.0,0.0,100.0,3.0,,,,,100.0,0.0,100.0,0.0,,,76.0,24.0,,,100.0,119.0,100.0,514.0,24.0,24.0,100.0,0.0,100.0,0.0,200.0,0.0,100.0,7117.0,100.0,39253289488.0,100.0,57980138224.0
2019-01-04,ZCH0C5JQ,ST12000NM0007,12000138625024,0,79,73626520,95.0,0.0,100.0,4.0,100.0,0.0,89.0,741885832.0,92,7275,100.0,0.0,100,3,,,,,100.0,0.0,100.0,0.0,,,76.0,24.0,,,100.0,120.0,100.0,515.0,24,24,100.0,0.0,100.0,0.0,200.0,0.0,100.0,7139.0,100.0,39323698984.0,100.0,58162203880.0
2019-01-05,ZCH0C5JQ,ST12000NM0007,12000138625024,0,80,91148568,95.0,0.0,100.0,4.0,100.0,0.0,89.0,744566331.0,92,7300,100.0,0.0,100,3,,,,,100.0,0.0,100.0,0.0,,,76.0,24.0,,,100.0,121.0,100.0,516.0,24,24,100.0,0.0,100.0,0.0,200.0,0.0,100.0,7164.0,100.0,39406396200.0,100.0,58341169416.0
2019-01-06,ZCH0C5JQ,ST12000NM0007,12000138625024,0,82,163409456,95.0,0.0,100.0,4.0,100.0,0.0,89.0,748456902.0,92,7324,100.0,0.0,100,3,,,,,100.0,0.0,100.0,0.0,,,76.0,24.0,,,100.0,121.0,100.0,517.0,24,24,100.0,0.0,100.0,0.0,200.0,0.0,100.0,7188.0,100.0,39509729912.0,100.0,58554237456.0
2019-01-07,ZCH0C5JQ,ST12000NM0007,12000138625024,0,82,163033472,95.0,0.0,100.0,4.0,100.0,0.0,89.0,751295445.0,92,7348,100.0,0.0,100,3,,,,,100.0,0.0,100.0,0.0,,,76.0,24.0,,,100.0,121.0,100.0,518.0,24,24,100.0,0.0,100.0,0.0,200.0,0.0,100.0,7212.0,100.0,39598689128.0,100.0,58709043072.0
2019-01-08,ZCH0C5JQ,ST12000NM0007,12000138625024,0,83,185358360,95.0,0.0,100.0,4.0,100.0,0.0,89.0,754098304.0,92,7372,100.0,0.0,100,3,,,,,100.0,0.0,100.0,0.0,,,76.0,24.0,,,100.0,121.0,100.0,519.0,24,24,100.0,0.0,100.0,0.0,200.0,0.0,100.0,7236.0,100.0,39704179040.0,100.0,58870019048.0
2019-01-09,ZCH0C5JQ,ST12000NM0007,12000138625024,0,83,220497400,95.0,0.0,100.0,4.0,100.0,0.0,89.0,757797423.0,92,7397,100.0,0.0,100,3,,,,,100.0,0.0,100.0,0.0,,,76.0,24.0,,,100.0,121.0,100.0,520.0,24,24,100.0,0.0,100.0,0.0,200.0,0.0,100.0,7260.0,100.0,39827004408.0,100.0,59026473496.0
2019-01-10,ZCH0C5JQ,ST12000NM0007,12000138625024,0,82,156691864,95.0,0.0,100.0,4.0,100.0,0.0,89.0,759499389.0,92,7417,100.0,0.0,100,3,,,,,100.0,0.0,100.0,0.0,,,76.0,24.0,,,100.0,121.0,100.0,521.0,24,24,100.0,0.0,100.0,0.0,200.0,0.0,100.0,7281.0,100.0,39888223408.0,100.0,59145589640.0
2019-01-11,ZCH0C5JQ,ST12000NM0007,12000138625024,0,84.0,231858704.0,95.0,0.0,100.0,4.0,100.0,0.0,89.0,760267912.0,92.0,7431.0,100.0,0.0,100.0,3.0,,,,,100.0,0.0,100.0,0.0,,,77.0,23.0,,,100.0,121.0,100.0,521.0,23.0,23.0,100.0,0.0,100.0,0.0,200.0,0.0,100.0,7295.0,100.0,39899427792.0,100.0,59209552096.0
2019-01-12,ZCH0C5JQ,ST12000NM0007,12000138625024,0,83,192124432,95.0,0.0,100.0,4.0,100.0,0.0,89.0,762649479.0,92,7463,100.0,0.0,100,3,,,,,100.0,0.0,100.0,0.0,,,77.0,23.0,,,100.0,122.0,100.0,522.0,23,23,100.0,0.0,100.0,0.0,200.0,0.0,100.0,7326.0,100.0,39950539368.0,100.0,59362846960.0
2019-01-13,ZCH0C5JQ,ST12000NM0007,12000138625024,0,77,47027368,95.0,0.0,100.0,4.0,100.0,0.0,89.0,763668433.0,92,7479,100.0,0.0,100,3,,,,,100.0,0.0,100.0,0.0,,,77.0,23.0,,,100.0,123.0,100.0,523.0,23,23,100.0,0.0,100.0,0.0,200.0,0.0,100.0,7342.0,100.0,39968300496.0,100.0,59444129400.0
2019-01-14,ZCH0C5JQ,ST12000NM0007,12000138625024,0,79,71238240,95.0,0.0,100.0,4.0,100.0,0.0,89.0,768449477.0,92,7511,100.0,0.0,100,3,,,,,100.0,0.0,100.0,0.0,,,76.0,24.0,,,100.0,124.0,100.0,524.0,24,24,100.0,0.0,100.0,0.0,200.0,0.0,100.0,7374.0,100.0,40028943448.0,100.0,59651837976.0
2019-01-15,ZCH0C5JQ,ST12000NM0007,12000138625024,0,82.0,166704568.0,95.0,0.0,100.0,4.0,100.0,0.0,89.0,769950856.0,92.0,7526.0,100.0,0.0,100.0,3.0,,,,,100.0,0.0,100.0,0.0,,,77.0,23.0,,,100.0,124.0,100.0,525.0,23.0,23.0,100.0,0.0,100.0,0.0,200.0,0.0,100.0,7389.0,100.0,40063421424.0,100.0,59712826328.0
2019-01-16,ZCH0C5JQ,ST12000NM0007,12000138625024,0,82,177502336,95.0,0.0,100.0,4.0,100.0,0.0,89.0,773856393.0,92,7558,100.0,0.0,100,3,,,,,100.0,0.0,100.0,0.0,,,77.0,23.0,,,100,124,100.0,526.0,23,23,100.0,0.0,100.0,0.0,200.0,0.0,100.0,7421.0,100.0,40148952048.0,100.0,59882234112.0
2019-01-17,ZCH0C5JQ,ST12000NM0007,12000138625024,0,76,36328728,95.0,0.0,100.0,4.0,100.0,0.0,89.0,775042575.0,92,7574,100.0,0.0,100,3,,,,,100.0,0.0,100.0,0.0,,,77.0,23.0,,,100,124,100.0,527.0,23,23,100.0,0.0,100.0,0.0,200.0,0.0,100.0,7437.0,100.0,40174182048.0,100.0,59959971208.0
2019-01-18,ZCH0C5JQ,ST12000NM0007,12000138625024,0,77,47704160,95.0,0.0,100.0,4.0,100.0,0.0,89.0,777817197.0,92,7606,100.0,0.0,100,3,,,,,100.0,0.0,100.0,0.0,,,76.0,24.0,,,100,124,100.0,528.0,24,24,100.0,0.0,100.0,0.0,200.0,0.0,100.0,7469.0,100.0,40234585552.0,100.0,60155083880.0
2019-01-19,ZCH0C5JQ,ST12000NM0007,12000138625024,0,76,43470240,95.0,0.0,100.0,4.0,100.0,0.0,89.0,780238480.0,92,7637,100.0,0.0,100,3,,,,,100.0,0.0,100.0,0.0,,,76.0,24.0,,,100,126,100.0,530.0,24,24,100.0,0.0,100.0,0.0,200.0,0.0,100.0,7500.0,100.0,40304466520.0,100.0,60325109672.0
2019-01-20,ZCH0C5JQ,ST12000NM0007,12000138625024,0,82,175249880,95.0,0.0,100.0,4.0,100.0,0.0,89.0,781483947.0,92,7653,100.0,0.0,100,3,,,,,100.0,0.0,100.0,0.0,,,76.0,24.0,,,100,126,100.0,530.0,24,24,100.0,0.0,100.0,0.0,200.0,0.0,100.0,7516.0,100.0,40335062696.0,100.0,60426293136.0
2019-01-21,ZCH0C5JQ,ST12000NM0007,12000138625024,0,84,241657368,95.0,0.0,100.0,4.0,100.0,0.0,89.0,785146664.0,92,7685,100.0,0.0,100,3,,,,,100.0,0.0,100.0,0.0,,,76.0,24.0,,,100,126,100.0,532.0,24,24,100.0,0.0,100.0,0.0,200.0,0.0,100.0,7547.0,100.0,40421728760.0,100.0,60650175360.0
2019-01-22,ZCH0C5JQ,ST12000NM0007,12000138625024,0,82.0,146300128.0,95.0,0.0,100.0,4.0,100.0,0.0,89.0,786483280.0,92.0,7701.0,100.0,0.0,100.0,3.0,,,,,100.0,0.0,100.0,0.0,,,76.0,24.0,,,100.0,126.0,100.0,532.0,24.0,24.0,100.0,0.0,100.0,0.0,200.0,0.0,100.0,7563.0,100.0,40464019168.0,100.0,60756668712.0
2019-01-23,ZCH0C5JQ,ST12000NM0007,12000138625024,0,83.0,215875680.0,95.0,0.0,100.0,4.0,100.0,0.0,89.0,790342289.0,92.0,7732.0,100.0,0.0,100.0,3.0,,,,,100.0,0.0,100.0,0.0,,,77.0,23.0,,,100.0,127.0,100.0,534.0,23.0,23.0,100.0,0.0,100.0,0.0,200.0,0.0,100.0,7595.0,100.0,40553755904.0,100.0,60980648272.0
2019-01-24,ZCH0C5JQ,ST12000NM0007,12000138625024,0,81.0,125584704.0,95.0,0.0,100.0,4.0,100.0,0.0,89.0,792888438.0,92.0,7748.0,100.0,0.0,100.0,3.0,,,,,100.0,0.0,100.0,0.0,,,76.0,24.0,,,100.0,127.0,100.0,534.0,24.0,24.0,100.0,0.0,100.0,0.0,200.0,0.0,100.0,7610.0,100.0,40581749208.0,100.0,61106504736.0
2019-01-25,ZCH0C5JQ,ST12000NM0007,12000138625024,0,83,194588712,95.0,0.0,100.0,4.0,100.0,0.0,89.0,795769578.0,92,7780,100.0,0.0,100,3,,,,,100.0,0.0,100.0,0.0,,,76.0,24.0,,,100,129,100.0,536.0,24,24,100.0,0.0,100.0,0.0,200.0,0.0,100.0,7642.0,100.0,40643570336.0,100.0,61357828344.0
2019-01-26,ZCH0C5JQ,ST12000NM0007,12000138625024,0,77,45200392,95.0,0.0,100.0,4.0,100.0,0.0,89.0,796278236.0,92,7796,100.0,0.0,100,3,,,,,100.0,0.0,100.0,0.0,,,77.0,23.0,,,100,129,100.0,536.0,23,23,100.0,0.0,100.0,0.0,200.0,0.0,100.0,7658.0,100.0,40645202368.0,100.0,61450949024.0
2019-01-27,ZCH0C5JQ,ST12000NM0007,12000138625024,0,79,84347216,95.0,0.0,100.0,4.0,100.0,0.0,89.0,799484599.0,92,7828,100.0,0.0,100,3,,,,,100.0,0.0,100.0,0.0,,,76.0,24.0,,,100,129,100.0,538.0,24,24,100.0,0.0,100.0,0.0,200.0,0.0,100.0,7689.0,100.0,40714338000.0,100.0,61665100848.0
2019-01-28,ZCH0C5JQ,ST12000NM0007,12000138625024,0,84,238940440,95.0,0.0,100.0,4.0,100.0,0.0,89.0,800978341.0,92,7843,100.0,0.0,100,3,,,,,100.0,0.0,100.0,0.0,,,75.0,25.0,,,100,129,100.0,538.0,25,25,100.0,0.0,100.0,0.0,200.0,0.0,100.0,7705.0,100.0,40767857984.0,100.0,61766174088.0
2019-01-29,ZCH0C5JQ,ST12000NM0007,12000138625024,0,100,1405544,95.0,0.0,100.0,4.0,100.0,0.0,89.0,803758674.0,92,7875,100.0,0.0,100,3,,,,,100.0,0.0,100.0,0.0,,,76.0,24.0,,,100,129,100.0,540.0,24,24,100.0,0.0,100.0,0.0,200.0,0.0,100.0,7737.0,100.0,40835612728.0,100.0,61949165968.0
2019-01-30,ZCH0C5JQ,ST12000NM0007,12000138625024,0,82,142473104,95.0,0.0,100.0,4.0,100.0,0.0,89.0,806049133.0,91,7891,100.0,0.0,100,3,,,,,100.0,0.0,100.0,0.0,,,76.0,24.0,,,100,129,100.0,540.0,24,24,100.0,0.0,100.0,0.0,200.0,0.0,100.0,7752.0,100.0,40868194712.0,100.0,62057651544.0
2019-01-31,ZCH0C5JQ,ST12000NM0007,12000138625024,0,83,223463704,95.0,0.0,100.0,4.0,100.0,0.0,89.0,809233464.0,91,7923,100.0,0.0,100,3,,,,,100.0,0.0,100.0,0.0,,,76.0,24.0,,,100,130,100.0,542.0,24,24,100.0,0.0,100.0,0.0,200.0,0.0,100.0,7784.0,100.0,40955785656.0,100.0,62295192072.0
2019-02-01,ZCH0C5JQ,ST12000NM0007,12000138625024,0,81,127003984,95.0,0.0,100.0,4.0,100.0,0.0,89.0,810717013.0,91,7939,100.0,0.0,100,3,,,,,100.0,0.0,100.0,0.0,,,76.0,24.0,,,100,130,100.0,542.0,24,24,100.0,0.0,100.0,0.0,200.0,0.0,100.0,7800.0,100.0,40995865824.0,100.0,62402792880.0
2019-02-02,ZCH0C5JQ,ST12000NM0007,12000138625024,0,84.0,243576968.0,95.0,0.0,100.0,4.0,100.0,0.0,89.0,814400552.0,91.0,7971.0,100.0,0.0,100.0,3.0,,,,,100.0,0.0,100.0,0.0,,,75.0,25.0,,,100.0,131.0,100.0,544.0,25.0,25.0,100.0,0.0,100.0,0.0,200.0,0.0,100.0,7832.0,100.0,41122151280.0,100.0,62637221184.0
2019-02-03,ZCH0C5JQ,ST12000NM0007,12000138625024,0,83,184308712,95.0,0.0,100.0,4.0,100.0,0.0,89.0,816678662.0,91,7986,100.0,0.0,100,3,,,,,100.0,0.0,100.0,0.0,,,75.0,25.0,,,100,131,100.0,544.0,25,25,100.0,0.0,100.0,0.0,200.0,0.0,100.0,7848.0,100.0,41203130576.0,100.0,62741114416.0
2019-02-04,ZCH0C5JQ,ST12000NM0007,12000138625024,0,82,142468064,95.0,0.0,100.0,4.0,100.0,0.0,89.0,823311909.0,91,8018,100.0,0.0,100,3,,,,,100.0,0.0,100.0,0.0,,,75.0,25.0,,,100,131,100.0,546.0,25,25,100.0,0.0,100.0,0.0,200.0,0.0,100.0,7879.0,100.0,41361773280.0,100.0,63028912464.0
2019-02-05,ZCH0C5JQ,ST12000NM0007,12000138625024,0,80.0,112014608.0,95.0,0.0,100.0,4.0,100.0,0.0,89.0,825611435.0,91.0,8034.0,100.0,0.0,100.0,3.0,,,,,100.0,0.0,100.0,0.0,,,75.0,25.0,,,100.0,131.0,100.0,546.0,25.0,25.0,100.0,0.0,100.0,0.0,200.0,0.0,100.0,7895.0,100.0,41466579176.0,100.0,63137793856.0
2019-02-06,ZCH0C5JQ,ST12000NM0007,12000138625024,0,83,211478344,95.0,0.0,100.0,4.0,100.0,0.0,89.0,830244249.0,91,8066,100.0,0.0,100,3,,,,,100.0,0.0,100.0,0.0,,,76.0,24.0,,,100,131,100.0,548.0,24,24,100.0,0.0,100.0,0.0,200.0,0.0,100.0,7927.0,100.0,41571360456.0,100.0,63376617216.0
2019-02-07,ZCH0C5JQ,ST12000NM0007,12000138625024,0,81.0,125228888.0,95.0,0.0,100.0,4.0,100.0,0.0,89.0,832103276.0,91.0,8082.0,100.0,0.0,100.0,3.0,,,,,100.0,0.0,100.0,0.0,,,77.0,23.0,,,100.0,131.0,100.0,548.0,23.0,23.0,100.0,0.0,100.0,0.0,200.0,0.0,100.0,7943.0,100.0,41623083824.0,100.0,63482785144.0
2019-02-08,ZCH0C5JQ,ST12000NM0007,12000138625024,0,82,151185968,95.0,0.0,100.0,4.0,100.0,0.0,89.0,834708615.0,91,8114,100.0,0.0,100,3,,,,,100.0,0.0,100.0,0.0,,,77.0,23.0,,,100,133,100.0,550.0,23,23,100.0,0.0,100.0,0.0,200.0,0.0,100.0,7975.0,100.0,41685451296.0,100.0,63690515480.0
2019-02-09,ZCH0C5JQ,ST12000NM0007,12000138625024,0,76.0,39761848.0,95.0,0.0,100.0,4.0,100.0,0.0,89.0,835824148.0,91.0,8130.0,100.0,0.0,100.0,3.0,,,,,100.0,0.0,100.0,0.0,,,77.0,23.0,,,100.0,133.0,100.0,550.0,23.0,23.0,100.0,0.0,100.0,0.0,200.0,0.0,100.0,7991.0,100.0,41709477464.0,100.0,63799206064.0
2019-02-10,ZCH0C5JQ,ST12000NM0007,12000138625024,0,80,91752312,95.0,0.0,100.0,4.0,100.0,0.0,89.0,838975141.0,91,8162,100.0,0.0,100,3,,,,,100.0,0.0,100.0,0.0,,,77.0,23.0,,,100,135,100.0,552.0,23,23,100.0,0.0,100.0,0.0,200.0,0.0,100.0,8022.0,100.0,41755817696.0,100.0,64048997272.0
2019-02-11,ZCH0C5JQ,ST12000NM0007,12000138625024,0,83,197536264,95.0,0.0,100.0,4.0,100.0,0.0,89.0,839912739.0,91,8178,100.0,0.0,100,3,,,,,100.0,0.0,100.0,0.0,,,77.0,23.0,,,100,135,100.0,552.0,23,23,100.0,0.0,100.0,0.0,200.0,0.0,100.0,8038.0,100.0,41781351072.0,100.0,64129247848.0
2019-02-12,ZCH0C5JQ,ST12000NM0007,12000138625024,0,83.0,200725880.0,95.0,0.0,100.0,4.0,100.0,0.0,89.0,841906733.0,91.0,8209.0,100.0,0.0,100.0,3.0,,,,,100.0,0.0,100.0,0.0,,,76.0,24.0,,,100.0,136.0,100.0,554.0,24.0,24.0,100.0,0.0,100.0,0.0,200.0,0.0,100.0,8070.0,100.0,41817912768.0,100.0,64340016608.0
2019-02-13,ZCH0C5JQ,ST12000NM0007,12000138625024,0,76,36300216,95.0,0.0,100.0,4.0,100.0,0.0,89.0,845684140.0,91,8241,100.0,0.0,100,3,,,,,100.0,0.0,100.0,0.0,,,76.0,24.0,,,100,136,100.0,555.0,24,24,100.0,0.0,100.0,0.0,200.0,0.0,100.0,8101.0,100.0,41884859008.0,100.0,64596926024.0
2019-02-14,ZCH0C5JQ,ST12000NM0007,12000138625024,0,82,169375704,95.0,0.0,100.0,4.0,100.0,0.0,89.0,846986509.0,91,8257,100.0,0.0,100,3,,,,,100.0,0.0,100.0,0.0,,,76.0,24.0,,,100,137,100.0,556.0,24,24,100.0,0.0,100.0,0.0,200.0,0.0,100.0,8117.0,100.0,41911951344.0,100.0,64702909176.0
2019-02-15,ZCH0C5JQ,ST12000NM0007,12000138625024,0,77.0,51704776.0,95.0,0.0,100.0,4.0,100.0,0.0,89.0,851360851.0,91.0,8289.0,100.0,0.0,100.0,3.0,,,,,100.0,0.0,100.0,0.0,,,76.0,24.0,,,100.0,137.0,100.0,557.0,24.0,24.0,100.0,0.0,100.0,0.0,200.0,0.0,100.0,8148.0,100.0,41989315136.0,100.0,64996156024.0
2019-02-16,ZCH0C5JQ,ST12000NM0007,12000138625024,0,83.0,203623080.0,95.0,0.0,100.0,4.0,100.0,0.0,89.0,853036317.0,91.0,8305.0,100.0,0.0,100.0,3.0,,,,,100.0,0.0,100.0,0.0,,,76.0,24.0,,,100.0,137.0,100.0,558.0,24.0,24.0,100.0,0.0,100.0,0.0,200.0,0.0,100.0,8164.0,100.0,42035106600.0,100.0,65102282864.0
2019-02-17,ZCH0C5JQ,ST12000NM0007,12000138625024,0,74,26656800,95.0,0.0,100.0,4.0,100.0,0.0,89.0,856577505.0,91,8337,100.0,0.0,100,3,,,,,100.0,0.0,100.0,0.0,,,76.0,24.0,,,100,138,100.0,559.0,24,24,100.0,0.0,100.0,0.0,200.0,0.0,100.0,8196.0,100.0,42103441176.0,100.0,65345263608.0
2019-02-18,ZCH0C5JQ,ST12000NM0007,12000138625024,0,82,162345968,95.0,0.0,100.0,4.0,100.0,0.0,89.0,857819371.0,91,8352,100.0,0.0,100,3,,,,,100.0,0.0,100.0,0.0,,,76.0,24.0,,,100,138,100.0,560.0,24,24,100.0,0.0,100.0,0.0,200.0,0.0,100.0,8212.0,100.0,42135772856.0,100.0,65448621096.0
2019-02-19,ZCH0C5JQ,ST12000NM0007,12000138625024,0,83,208742784,95.0,0.0,100.0,4.0,100.0,0.0,89.0,860754948.0,91,8384,100.0,0.0,100,3,,,,,100.0,0.0,100.0,0.0,,,76.0,24.0,,,100,138,100.0,561.0,24,24,100.0,0.0,100.0,0.0,200.0,0.0,100.0,8244.0,100.0,42209260936.0,100.0,65665670696.0
2019-02-20,ZCH0C5JQ,ST12000NM0007,12000138625024,0,81.0,132452384.0,95.0,0.0,100.0,4.0,100.0,0.0,89.0,863245119.0,91.0,8400.0,100.0,0.0,100.0,3.0,,,,,100.0,0.0,100.0,0.0,,,76.0,24.0,,,100.0,139.0,100.0,562.0,24.0,24.0,100.0,0.0,100.0,0.0,200.0,0.0,100.0,8259.0,100.0,42252375248.0,100.0,65790406616.0
2019-02-21,ZCH0C5JQ,ST12000NM0007,12000138625024,0,76,41818320,95.0,0.0,100.0,4.0,100.0,0.0,89.0,864749429.0,91,8416,100.0,0.0,100,3,,,,,100.0,0.0,100.0,0.0,,,77.0,23.0,,,100,139,100.0,562.0,23,23,100.0,0.0,100.0,0.0,200.0,0.0,100.0,8275.0,100.0,42291224400.0,100.0,65905064048.0
2019-02-22,ZCH0C5JQ,ST12000NM0007,12000138625024,0,78,64783728,95.0,0.0,100.0,4.0,100.0,0.0,89.0,867570780.0,91,8448,100.0,0.0,100,3,,,,,100.0,0.0,100.0,0.0,,,76.0,24.0,,,100,139,100.0,564.0,24,24,100.0,0.0,100.0,0.0,200.0,0.0,100.0,8307.0,100.0,42369291880.0,100.0,66094102824.0
2019-02-23,ZCH0C5JQ,ST12000NM0007,12000138625024,0,83.0,185257568.0,95.0,0.0,100.0,4.0,100.0,0.0,89.0,868995277.0,91.0,8464.0,100.0,0.0,100.0,3.0,,,,,100.0,0.0,100.0,0.0,,,77.0,23.0,,,100.0,139.0,100.0,564.0,23.0,23.0,100.0,0.0,100.0,0.0,200.0,0.0,100.0,8323.0,100.0,42408583552.0,100.0,66175284992.0
2019-02-24,ZCH0C5JQ,ST12000NM0007,12000138625024,0,83,192163680,95.0,0.0,100.0,4.0,100.0,0.0,89.0,872233953.0,91,8495,100.0,0.0,100,3,,,,,100.0,0.0,100.0,0.0,,,76.0,24.0,,,100,139,100.0,566.0,24,24,100.0,0.0,100.0,0.0,200.0,0.0,100.0,8354.0,100.0,42487664792.0,100.0,66347250800.0
2019-02-25,ZCH0C5JQ,ST12000NM0007,12000138625024,0,77,55794984,95.0,0.0,100.0,4.0,100.0,0.0,89.0,874170266.0,91,8511,100.0,0.0,100,3,,,,,100.0,0.0,100.0,0.0,,,77.0,23.0,,,100,139,100.0,566.0,23,23,100.0,0.0,100.0,0.0,200.0,0.0,100.0,8370.0,100.0,42516292808.0,100.0,66426394840.0
2019-02-26,ZCH0C5JQ,ST12000NM0007,12000138625024,0,80,94486568,95.0,0.0,100.0,4.0,100.0,0.0,89.0,877467209.0,91,8543,100.0,0.0,100,3,,,,,100.0,0.0,100.0,0.0,,,76.0,24.0,,,100,139,100.0,568.0,24,24,100.0,0.0,100.0,0.0,200.0,0.0,100.0,8402.0,100.0,42595969568.0,100.0,66629550336.0
2019-02-27,ZCH0C5JQ,ST12000NM0007,12000138625024,0,65.0,3059328.0,95.0,0.0,100.0,4.0,100.0,0.0,89.0,880122037.0,91.0,8559.0,100.0,0.0,100.0,3.0,,,,,100.0,0.0,100.0,0.0,,,76.0,24.0,,,100.0,139.0,100.0,568.0,24.0,24.0,100.0,0.0,100.0,0.0,200.0,0.0,100.0,8418.0,100.0,42649079336.0,100.0,66729153960.0
2019-02-28,ZCH0C5JQ,ST12000NM0007,12000138625024,0,80,91092760,95.0,0.0,100.0,4.0,100.0,0.0,89.0,884968347.0,91,8591,100.0,0.0,100,3,,,,,100.0,0.0,100.0,0.0,,,76.0,24.0,,,100,140,100.0,570.0,24,24,100.0,0.0,100.0,0.0,200.0,0.0,100.0,8449.0,100.0,42738337224.0,100.0,66972070312.0
2019-03-01,ZCH0C5JQ,ST12000NM0007,12000138625024,0,79.0,72527768.0,95.0,0.0,100.0,4.0,100.0,0.0,89.0,887860485.0,91.0,8622.0,100.0,0.0,100.0,3.0,,,,,100.0,0.0,100.0,0.0,,,76.0,24.0,,,100.0,140.0,100.0,571.0,24.0,24.0,100.0,0.0,100.0,0.0,200.0,0.0,100.0,8481.0,100.0,42815883752.0,100.0,67120099432.0
2019-03-02,ZCH0C5JQ,ST12000NM0007,12000138625024,0,83.0,184282264.0,95.0,0.0,100.0,4.0,100.0,0.0,89.0,889307830.0,91.0,8638.0,100.0,0.0,100.0,3.0,,,,,100.0,0.0,100.0,0.0,,,76.0,24.0,,,100.0,140.0,100.0,572.0,24.0,24.0,100.0,0.0,100.0,0.0,200.0,0.0,100.0,8497.0,100.0,42857627752.0,100.0,67190109928.0
2019-03-03,ZCH0C5JQ,ST12000NM0007,12000138625024,0,84.0,238529840.0,95.0,0.0,100.0,4.0,100.0,0.0,90.0,893750981.0,91.0,8670.0,100.0,0.0,100.0,3.0,,,,,100.0,0.0,100.0,0.0,,,77.0,23.0,,,100.0,141.0,100.0,573.0,23.0,23.0,100.0,0.0,100.0,0.0,200.0,0.0,100.0,8528.0,100.0,42950389232.0,100.0,67395736752.0
2019-03-04,ZCH0C5JQ,ST12000NM0007,12000138625024,0,81,121061936,95.0,0.0,100.0,4.0,100.0,0.0,90.0,895386314.0,91,8686,100.0,0.0,100,3,,,,,100.0,0.0,100.0,0.0,,,76.0,24.0,,,100,141,100.0,574.0,24,24,100.0,0.0,100.0,0.0,200.0,0.0,100.0,8544.0,100.0,42995395616.0,100.0,67477403144.0
2019-03-05,ZCH0C5JQ,ST12000NM0007,12000138625024,0,81.0,134671136.0,95.0,0.0,100.0,4.0,100.0,0.0,90.0,898869026.0,91.0,8718.0,100.0,0.0,100.0,3.0,,,,,100.0,0.0,100.0,0.0,,,76.0,24.0,,,100.0,141.0,100.0,575.0,24.0,24.0,100.0,0.0,100.0,0.0,200.0,0.0,100.0,8576.0,100.0,43098486376.0,100.0,67632062552.0
2019-03-06,ZCH0C5JQ,ST12000NM0007,12000138625024,0,77.0,51270904.0,95.0,0.0,100.0,4.0,100.0,0.0,90.0,901577254.0,91.0,8734.0,100.0,0.0,100.0,3.0,,,,,100.0,0.0,100.0,0.0,,,76.0,24.0,,,100.0,142.0,100.0,576.0,24.0,24.0,100.0,0.0,100.0,0.0,200.0,0.0,100.0,8592.0,100.0,43143537672.0,100.0,67747751904.0
2019-03-07,ZCH0C5JQ,ST12000NM0007,12000138625024,0,81.0,140855640.0,95.0,0.0,100.0,4.0,100.0,0.0,90.0,904536053.0,90.0,8765.0,100.0,0.0,100.0,3.0,,,,,100.0,0.0,100.0,0.0,,,76.0,24.0,,,100.0,143.0,100.0,577.0,24.0,24.0,100.0,0.0,100.0,0.0,200.0,0.0,100.0,8624.0,100.0,43215568160.0,100.0,68009447160.0
2019-03-08,ZCH0C5JQ,ST12000NM0007,12000138625024,0,77.0,47146144.0,95.0,0.0,100.0,4.0,100.0,0.0,90.0,905817614.0,90.0,8781.0,100.0,0.0,100.0,3.0,,,,,100.0,0.0,100.0,0.0,,,76.0,24.0,,,100.0,144.0,100.0,578.0,24.0,24.0,100.0,0.0,100.0,0.0,200.0,0.0,100.0,8639.0,100.0,43246693600.0,100.0,68128752856.0
2019-03-09,ZCH0C5JQ,ST12000NM0007,12000138625024,0,77.0,49361424.0,95.0,0.0,100.0,4.0,100.0,0.0,90.0,908461426.0,90.0,8813.0,100.0,0.0,100.0,3.0,,,,,100.0,0.0,100.0,0.0,,,76.0,24.0,,,100.0,144.0,100.0,579.0,24.0,24.0,100.0,0.0,100.0,0.0,200.0,0.0,100.0,8671.0,100.0,43306213904.0,100.0,68315588488.0
2019-03-10,ZCH0C5JQ,ST12000NM0007,12000138625024,0,83.0,222636576.0,95.0,0.0,100.0,4.0,100.0,0.0,90.0,910181135.0,90.0,8829.0,100.0,0.0,100.0,3.0,,,,,100.0,0.0,100.0,0.0,,,76.0,24.0,,,100.0,144.0,100.0,580.0,24.0,24.0,100.0,0.0,100.0,0.0,200.0,0.0,100.0,8687.0,100.0,43363855888.0,100.0,68431221656.0
2019-03-11,ZCH0C5JQ,ST12000NM0007,12000138625024,0,78.0,65178472.0,95.0,0.0,100.0,4.0,100.0,0.0,90.0,914549033.0,90.0,8861.0,100.0,0.0,100.0,3.0,,,,,100.0,0.0,100.0,0.0,,,75.0,25.0,,,100.0,144.0,100.0,581.0,25.0,25.0,100.0,0.0,100.0,0.0,200.0,0.0,100.0,8718.0,100.0,43468154128.0,100.0,68657746672.0
2019-03-12,ZCH0C5JQ,ST12000NM0007,12000138625024,0,100.0,2015152.0,95.0,0.0,100.0,4.0,100.0,0.0,90.0,916420893.0,90.0,8876.0,100.0,0.0,100.0,3.0,,,,,100.0,0.0,100.0,0.0,,,74.0,26.0,,,100.0,144.0,100.0,582.0,26.0,26.0,100.0,0.0,100.0,0.0,200.0,0.0,100.0,8734.0,100.0,43510924152.0,100.0,68795954048.0
2019-03-13,ZCH0C5JQ,ST12000NM0007,12000138625024,0,82.0,149987896.0,95.0,0.0,100.0,4.0,100.0,0.0,90.0,922610511.0,90.0,8908.0,100.0,0.0,100.0,3.0,,,,,100.0,0.0,100.0,0.0,,,76.0,24.0,,,100.0,145.0,100.0,583.0,24.0,24.0,100.0,0.0,100.0,0.0,200.0,0.0,100.0,8765.0,100.0,43639008952.0,100.0,69059982816.0
2019-03-14,ZCH0C5JQ,ST12000NM0007,12000138625024,0,76.0,36731040.0,95.0,0.0,100.0,4.0,100.0,0.0,90.0,924593216.0,90.0,8924.0,100.0,0.0,100.0,3.0,,,,,100.0,0.0,100.0,0.0,,,76.0,24.0,,,100.0,146.0,100.0,584.0,24.0,24.0,100.0,0.0,100.0,0.0,200.0,0.0,100.0,8781.0,100.0,43697974744.0,100.0,69131901072.0
2019-03-15,ZCH0C5JQ,ST12000NM0007,12000138625024,0,84.0,229195840.0,95.0,0.0,100.0,4.0,100.0,0.0,90.0,927055320.0,90.0,8956.0,100.0,0.0,100.0,3.0,,,,,100.0,0.0,100.0,0.0,,,76.0,24.0,,,100.0,147.0,100.0,585.0,24.0,24.0,100.0,0.0,100.0,0.0,200.0,0.0,100.0,8813.0,100.0,43751795384.0,100.0,69270545232.0
2019-03-16,ZCH0C5JQ,ST12000NM0007,12000138625024,0,79.0,73426832.0,95.0,0.0,100.0,4.0,100.0,0.0,90.0,928062128.0,90.0,8972.0,100.0,0.0,100.0,3.0,,,,,100.0,0.0,100.0,0.0,,,76.0,24.0,,,100.0,148.0,100.0,586.0,24.0,24.0,100.0,0.0,100.0,0.0,200.0,0.0,100.0,8828.0,100.0,43773153152.0,100.0,69337559152.0
2019-03-17,ZCH0C5JQ,ST12000NM0007,12000138625024,0,82.0,160482600.0,95.0,0.0,100.0,4.0,100.0,0.0,90.0,932254960.0,90.0,9003.0,100.0,0.0,100.0,3.0,,,,,100.0,0.0,100.0,0.0,,,76.0,24.0,,,100.0,148.0,100.0,587.0,24.0,24.0,100.0,0.0,100.0,0.0,200.0,0.0,100.0,8860.0,100.0,43863130112.0,100.0,69578778968.0
2019-03-18,ZCH0C5JQ,ST12000NM0007,12000138625024,0,76.0,35564800.0,95.0,0.0,100.0,4.0,100.0,0.0,90.0,933355552.0,90.0,9019.0,100.0,0.0,100.0,3.0,,,,,100.0,0.0,100.0,0.0,,,76.0,24.0,,,100.0,149.0,100.0,588.0,24.0,24.0,100.0,0.0,100.0,0.0,200.0,0.0,100.0,8875.0,100.0,43881084176.0,100.0,69680047832.0
2019-03-19,ZCH0C5JQ,ST12000NM0007,12000138625024,0,80.0,99998680.0,95.0,0.0,100.0,4.0,100.0,0.0,90.0,936521175.0,90.0,9051.0,100.0,0.0,100.0,3.0,,,,,100.0,0.0,100.0,0.0,,,76.0,24.0,,,100.0,150.0,100.0,589.0,24.0,24.0,100.0,0.0,100.0,0.0,200.0,0.0,100.0,8907.0,100.0,43949597912.0,100.0,69920108640.0
2019-03-20,ZCH0C5JQ,ST12000NM0007,12000138625024,0,75.0,34019632.0,95.0,0.0,100.0,4.0,100.0,0.0,90.0,939454777.0,90.0,9067.0,100.0,0.0,100.0,3.0,,,,,100.0,0.0,100.0,0.0,,,75.0,25.0,,,100.0,150.0,100.0,590.0,25.0,25.0,100.0,0.0,100.0,0.0,200.0,0.0,100.0,8922.0,100.0,43999901800.0,100.0,70047966352.0
2019-03-21,ZCH0C5JQ,ST12000NM0007,12000138625024,0,79.0,71528792.0,95.0,0.0,100.0,4.0,100.0,0.0,90.0,942352079.0,90.0,9099.0,100.0,0.0,100.0,3.0,,,,,100.0,0.0,100.0,0.0,,,76.0,24.0,,,100.0,151.0,100.0,591.0,24.0,24.0,100.0,0.0,100.0,0.0,200.0,0.0,100.0,8954.0,100.0,44056921352.0,100.0,70272596824.0
2019-03-22,ZCH0C5JQ,ST12000NM0007,12000138625024,0,83.0,198892760.0,95.0,0.0,100.0,4.0,100.0,0.0,90.0,943546125.0,90.0,9114.0,100.0,0.0,100.0,3.0,,,,,100.0,0.0,100.0,0.0,,,76.0,24.0,,,100.0,152.0,100.0,592.0,24.0,24.0,100.0,0.0,100.0,0.0,200.0,0.0,100.0,8970.0,100.0,44070996960.0,100.0,70385885184.0
2019-03-23,ZCH0C5JQ,ST12000NM0007,12000138625024,0,81.0,122066080.0,95.0,0.0,100.0,4.0,100.0,0.0,90.0,945970124.0,90.0,9146.0,100.0,0.0,100.0,3.0,,,,,100.0,0.0,100.0,0.0,,,76.0,24.0,,,100.0,153.0,100.0,593.0,24.0,24.0,100.0,0.0,100.0,0.0,200.0,0.0,100.0,9001.0,100.0,44112250920.0,100.0,70511945256.0
2019-03-24,ZCH0C5JQ,ST12000NM0007,12000138625024,0,84.0,230995456.0,95.0,0.0,100.0,4.0,100.0,0.0,90.0,947139533.0,90.0,9162.0,100.0,0.0,100.0,3.0,,,,,100.0,0.0,100.0,0.0,,,76.0,24.0,,,100.0,154.0,100.0,594.0,24.0,24.0,100.0,0.0,100.0,0.0,200.0,0.0,100.0,9017.0,100.0,44134233496.0,100.0,70598892056.0
2019-03-25,ZCH0C5JQ,ST12000NM0007,12000138625024,0,79.0,82186304.0,95.0,0.0,100.0,4.0,100.0,0.0,90.0,952301465.0,90.0,9194.0,100.0,0.0,100.0,3.0,,,,,100.0,0.0,100.0,0.0,,,76.0,24.0,,,100.0,155.0,100.0,595.0,24.0,24.0,100.0,0.0,100.0,0.0,200.0,0.0,100.0,9049.0,100.0,44183923672.0,100.0,70888673992.0
2019-03-26,ZCH0C5JQ,ST12000NM0007,12000138625024,0,84.0,230311216.0,95.0,0.0,100.0,4.0,100.0,0.0,90.0,953583882.0,90.0,9209.0,100.0,0.0,100.0,3.0,,,,,100.0,0.0,100.0,0.0,,,76.0,24.0,,,100.0,155.0,100.0,595.0,24.0,24.0,100.0,0.0,100.0,0.0,200.0,0.0,100.0,9064.0,100.0,44207118248.0,100.0,71013604328.0
2019-03-27,ZCH0C5JQ,ST12000NM0007,12000138625024,0,84.0,242778376.0,95.0,0.0,100.0,4.0,100.0,0.0,90.0,956714866.0,90.0,9241.0,100.0,0.0,100.0,3.0,,,,,100.0,0.0,100.0,0.0,,,76.0,24.0,,,100.0,156.0,100.0,597.0,24.0,24.0,100.0,0.0,100.0,0.0,200.0,0.0,100.0,9096.0,100.0,44246716064.0,100.0,71230614336.0
2019-03-28,ZCH0C5JQ,ST12000NM0007,12000138625024,0,81.0,113693256.0,95.0,0.0,100.0,4.0,100.0,0.0,90.0,957578464.0,90.0,9257.0,100.0,0.0,100.0,3.0,,,,,100.0,0.0,100.0,0.0,,,76.0,24.0,,,100.0,156.0,100.0,597.0,24.0,24.0,100.0,0.0,100.0,0.0,200.0,0.0,100.0,9112.0,100.0,44260857784.0,100.0,71331528216.0
2019-03-29,ZCH0C5JQ,ST12000NM0007,12000138625024,0,83.0,191840160.0,95.0,0.0,100.0,4.0,100.0,0.0,90.0,960106518.0,90.0,9289.0,100.0,0.0,100.0,3.0,,,,,100.0,0.0,100.0,0.0,,,76.0,24.0,,,100.0,157.0,100.0,599.0,24.0,24.0,100.0,0.0,100.0,0.0,200.0,0.0,100.0,9144.0,100.0,44328914648.0,100.0,71585759104.0
2019-03-30,ZCH0C5JQ,ST12000NM0007,12000138625024,0,79.0,87886832.0,95.0,0.0,100.0,4.0,100.0,0.0,90.0,961353636.0,90.0,9304.0,100.0,0.0,100.0,3.0,,,,,100.0,0.0,100.0,0.0,,,76.0,24.0,,,100.0,157.0,100.0,599.0,24.0,24.0,100.0,0.0,100.0,0.0,200.0,0.0,100.0,9159.0,100.0,44355746328.0,100.0,71699114736.0
2019-03-31,ZCH0C5JQ,ST12000NM0007,12000138625024,0,81.0,130267640.0,95.0,0.0,100.0,4.0,100.0,0.0,90.0,963968344.0,90.0,9336.0,100.0,0.0,100.0,3.0,,,,,100.0,0.0,100.0,0.0,,,75.0,25.0,,,100.0,158.0,100.0,601.0,25.0,25.0,100.0,0.0,100.0,0.0,200.0,0.0,100.0,9191.0,100.0,44398936208.0,100.0,71942446632.0
2019-04-01,ZCH0C5JQ,ST12000NM0007,12000138625024,0,75.0,29750688.0,95.0,0.0,100.0,4.0,100.0,0.0,90.0,966011900.0,90.0,9352.0,100.0,0.0,100.0,3.0,,,,,100.0,0.0,100.0,0.0,,,76.0,24.0,,,100.0,158.0,100.0,601.0,24.0,24.0,100.0,0.0,100.0,0.0,200.0,0.0,100.0,9206.0,100.0,44421258192.0,100.0,72063748328.0
2019-04-02,ZCH0C5JQ,ST12000NM0007,12000138625024,0,78.0,63609544.0,95.0,0.0,100.0,4.0,100.0,0.0,90.0,968419950.0,90.0,9383.0,100.0,0.0,100.0,3.0,,,,,100.0,0.0,100.0,0.0,,,77.0,23.0,,,100.0,160.0,100.0,603.0,23.0,23.0,100.0,0.0,100.0,0.0,200.0,0.0,100.0,9238.0,100.0,44467843104.0,100.0,72295162944.0
2019-04-03,ZCH0C5JQ,ST12000NM0007,12000138625024,0,83.0,217576936.0,95.0,0.0,100.0,4.0,100.0,0.0,90.0,970880006.0,90.0,9399.0,100.0,0.0,100.0,3.0,,,,,100.0,0.0,100.0,0.0,,,76.0,24.0,,,100.0,160.0,100.0,603.0,24.0,24.0,100.0,0.0,100.0,0.0,200.0,0.0,100.0,9254.0,100.0,44497586448.0,100.0,72419386992.0
2019-04-04,ZCH0C5JQ,ST12000NM0007,12000138625024,0,76.0,42453240.0,95.0,0.0,100.0,4.0,100.0,0.0,90.0,974100690.0,90.0,9431.0,100.0,0.0,100.0,3.0,,,,,100.0,0.0,100.0,0.0,,,76.0,24.0,,,100.0,160.0,100.0,605.0,24.0,24.0,100.0,0.0,100.0,0.0,200.0,0.0,100.0,9285.0,100.0,44562886728.0,100.0,72667244560.0
2019-04-05,ZCH0C5JQ,ST12000NM0007,12000138625024,0,84.0,235746968.0,95.0,0.0,100.0,4.0,100.0,0.0,90.0,976500702.0,90.0,9463.0,100.0,0.0,100.0,3.0,,,,,100.0,0.0,100.0,0.0,,,76.0,24.0,,,100.0,161.0,100.0,606.0,24.0,24.0,100.0,0.0,100.0,0.0,200.0,0.0,100.0,9316.0,100.0,44616249160.0,100.0,72807175856.0
2019-04-06,ZCH0C5JQ,ST12000NM0007,12000138625024,0,79.0,77794056.0,95.0,0.0,100.0,4.0,100.0,0.0,90.0,977750227.0,90.0,9478.0,100.0,0.0,100.0,3.0,,,,,100.0,0.0,100.0,0.0,,,76.0,24.0,,,100.0,161.0,100.0,607.0,24.0,24.0,100.0,0.0,100.0,0.0,200.0,0.0,100.0,9332.0,100.0,44646944888.0,100.0,72862667856.0
2019-04-07,ZCH0C5JQ,ST12000NM0007,12000138625024,0,83.0,213488064.0,95.0,0.0,100.0,4.0,100.0,0.0,90.0,983308132.0,90.0,9510.0,100.0,0.0,100.0,3.0,,,,,100.0,0.0,100.0,0.0,,,76.0,24.0,,,100.0,162.0,100.0,608.0,24.0,24.0,100.0,0.0,100.0,0.0,200.0,0.0,100.0,9364.0,100.0,44726942192.0,100.0,73162505408.0
2019-04-08,ZCH0C5JQ,ST12000NM0007,12000138625024,0,81.0,122032896.0,95.0,0.0,100.0,4.0,100.0,0.0,90.0,984487841.0,90.0,9526.0,100.0,0.0,100.0,3.0,,,,,100.0,0.0,100.0,0.0,,,77.0,23.0,,,100.0,163.0,100.0,609.0,23.0,23.0,100.0,0.0,100.0,0.0,200.0,0.0,100.0,9379.0,100.0,44752867424.0,100.0,73289265704.0
2019-04-09,ZCH0C5JQ,ST12000NM0007,12000138625024,0,83.0,197276312.0,95.0,0.0,100.0,4.0,100.0,0.0,90.0,987102630.0,90.0,9558.0,100.0,0.0,100.0,3.0,,,,,100.0,0.0,100.0,0.0,,,76.0,24.0,,,100.0,163.0,100.0,610.0,24.0,24.0,100.0,0.0,100.0,0.0,200.0,0.0,100.0,9411.0,100.0,44816766008.0,100.0,73544751480.0
2019-04-10,ZCH0C5JQ,ST12000NM0007,12000138625024,0,80.0,108081360.0,95.0,0.0,100.0,4.0,100.0,0.0,90.0,989607327.0,90.0,9574.0,100.0,0.0,100.0,3.0,,,,,100.0,0.0,100.0,0.0,,,76.0,24.0,,,100.0,163.0,100.0,611.0,24.0,24.0,100.0,0.0,100.0,0.0,200.0,0.0,100.0,9427.0,100.0,44851689592.0,100.0,73664773744.0
2019-04-11,ZCH0C5JQ,ST12000NM0007,12000138625024,0,69.0,7178360.0,95.0,0.0,100.0,4.0,100.0,0.0,90.0,990828132.0,90.0,9590.0,100.0,0.0,100.0,3.0,,,,,100.0,0.0,100.0,0.0,,,77.0,23.0,,,100.0,163.0,100.0,611.0,23.0,23.0,100.0,0.0,100.0,0.0,200.0,0.0,100.0,9443.0,100.0,44878760176.0,100.0,73780940864.0
2019-04-12,ZCH0C5JQ,ST12000NM0007,12000138625024,0,84.0,228223824.0,95.0,0.0,100.0,4.0,100.0,0.0,90.0,993035554.0,90.0,9621.0,100.0,0.0,100.0,3.0,,,,,100.0,0.0,100.0,0.0,,,76.0,24.0,,,100.0,165.0,100.0,613.0,24.0,24.0,100.0,0.0,100.0,0.0,200.0,0.0,100.0,9474.0,100.0,44921949528.0,100.0,73958796976.0
2019-04-13,ZCH0C5JQ,ST12000NM0007,12000138625024,0,81.0,119222576.0,95.0,0.0,100.0,4.0,100.0,0.0,90.0,994452269.0,89.0,9637.0,100.0,0.0,100.0,3.0,,,,,100.0,0.0,100.0,0.0,,,77.0,23.0,,,100.0,165.0,100.0,613.0,23.0,23.0,100.0,0.0,100.0,0.0,200.0,0.0,100.0,9490.0,100.0,44944918696.0,100.0,74070967208.0
2019-04-14,ZCH0C5JQ,ST12000NM0007,12000138625024,0,83.0,194853008.0,95.0,0.0,100.0,4.0,100.0,0.0,90.0,997139802.0,89.0,9669.0,100.0,0.0,100.0,3.0,,,,,100.0,0.0,100.0,0.0,,,76.0,24.0,,,100.0,166.0,100.0,615.0,24.0,24.0,100.0,0.0,100.0,0.0,200.0,0.0,100.0,9521.0,100.0,45012598584.0,100.0,74323058528.0
2019-04-15,ZCH0C5JQ,ST12000NM0007,12000138625024,0,82.0,177688128.0,95.0,0.0,100.0,4.0,100.0,0.0,90.0,10756.0,89.0,9685.0,100.0,0.0,100.0,3.0,,,,,100.0,0.0,100.0,0.0,,,76.0,24.0,,,100.0,166.0,100.0,615.0,24.0,24.0,100.0,0.0,100.0,0.0,200.0,0.0,100.0,9537.0,100.0,45058738128.0,100.0,74503895440.0
2019-04-16,ZCH0C5JQ,ST12000NM0007,12000138625024,0,83.0,207219792.0,95.0,0.0,100.0,4.0,100.0,0.0,64.0,2730253.0,89.0,9717.0,100.0,0.0,100.0,3.0,,,,,100.0,0.0,100.0,0.0,,,76.0,24.0,,,100.0,168.0,100.0,617.0,24.0,24.0,100.0,0.0,100.0,0.0,200.0,0.0,100.0,9569.0,100.0,45122270768.0,100.0,74714035144.0
2019-04-17,ZCH0C5JQ,ST12000NM0007,12000138625024,0,70.0,11017120.0,95.0,0.0,100.0,4.0,100.0,0.0,68.0,6485586.0,89.0,9748.0,100.0,0.0,100.0,3.0,,,,,100.0,0.0,100.0,0.0,,,76.0,24.0,,,100.0,169.0,100.0,618.0,24.0,24.0,100.0,0.0,100.0,0.0,200.0,0.0,100.0,9601.0,100.0,45196040992.0,100.0,74932343512.0
2019-04-18,ZCH0C5JQ,ST12000NM0007,12000138625024,0,81.0,140858136.0,95.0,0.0,100.0,4.0,100.0,0.0,69.0,7967864.0,89.0,9764.0,100.0,0.0,100.0,3.0,,,,,100.0,0.0,100.0,0.0,,,76.0,24.0,,,100.0,169.0,100.0,619.0,24.0,24.0,100.0,0.0,100.0,0.0,200.0,0.0,100.0,9616.0,100.0,45238164320.0,100.0,75020061200.0
2019-04-19,ZCH0C5JQ,ST12000NM0007,12000138625024,0,82.0,166490640.0,95.0,0.0,100.0,4.0,100.0,0.0,70.0,11168308.0,89.0,9796.0,100.0,0.0,100.0,3.0,,,,,100.0,0.0,100.0,0.0,,,76.0,24.0,,,100.0,169.0,100.0,620.0,24.0,24.0,100.0,0.0,100.0,0.0,200.0,0.0,100.0,9647.0,100.0,45322034448.0,100.0,75205964504.0
2019-04-20,ZCH0C5JQ,ST12000NM0007,12000138625024,0,81.0,138281800.0,95.0,0.0,100.0,4.0,100.0,0.0,72.0,14640230.0,89.0,9812.0,100.0,0.0,100.0,3.0,,,,,100.0,0.0,100.0,0.0,,,76.0,24.0,,,100.0,169.0,100.0,621.0,24.0,24.0,100.0,0.0,100.0,0.0,200.0,0.0,100.0,9663.0,100.0,45396140592.0,100.0,75347790984.0
2019-04-21,ZCH0C5JQ,ST12000NM0007,12000138625024,0,82.0,177109008.0,95.0,0.0,100.0,4.0,100.0,0.0,73.0,18280763.0,89.0,9844.0,100.0,0.0,100.0,3.0,,,,,100.0,0.0,100.0,0.0,,,76.0,24.0,,,100.0,170.0,100.0,622.0,24.0,24.0,100.0,0.0,100.0,0.0,200.0,0.0,100.0,9695.0,100.0,45470832496.0,100.0,75556067072.0
2019-04-22,ZCH0C5JQ,ST12000NM0007,12000138625024,0,78.0,60086904.0,95.0,0.0,100.0,4.0,100.0,0.0,73.0,19380016.0,89.0,9860.0,100.0,0.0,100.0,3.0,,,,,100.0,0.0,100.0,0.0,,,76.0,24.0,,,100.0,171.0,100.0,623.0,24.0,24.0,100.0,0.0,100.0,0.0,200.0,0.0,100.0,9711.0,100.0,45491786104.0,100.0,75662232008.0
2019-04-23,ZCH0C5JQ,ST12000NM0007,12000138625024,0,74.0,26279944.0,95.0,0.0,100.0,4.0,100.0,0.0,73.0,22070187.0,89.0,9891.0,100.0,0.0,100.0,3.0,,,,,100.0,0.0,100.0,0.0,,,76.0,24.0,,,100.0,172.0,100.0,624.0,24.0,24.0,100.0,0.0,100.0,0.0,200.0,0.0,100.0,9742.0,100.0,45548974944.0,100.0,75815376840.0
2019-04-24,ZCH0C5JQ,ST12000NM0007,12000138625024,0,82.0,147680520.0,95.0,0.0,100.0,4.0,100.0,0.0,74.0,24277034.0,89.0,9907.0,100.0,0.0,100.0,3.0,,,,,100.0,0.0,100.0,0.0,,,76.0,24.0,,,100.0,172.0,100.0,625.0,24.0,24.0,100.0,0.0,100.0,0.0,200.0,0.0,100.0,9758.0,100.0,45571940704.0,100.0,75913811656.0
2019-04-25,ZCH0C5JQ,ST12000NM0007,12000138625024,0,71.0,12319920.0,95.0,0.0,100.0,4.0,100.0,0.0,74.0,25432791.0,89.0,9923.0,100.0,0.0,100.0,3.0,,,,,100.0,0.0,100.0,0.0,,,76.0,24.0,,,100.0,172.0,100.0,626.0,24.0,24.0,100.0,0.0,100.0,0.0,200.0,0.0,100.0,9774.0,100.0,45595266928.0,100.0,75999265800.0
2019-04-26,ZCH0C5JQ,ST12000NM0007,12000138625024,0,66.0,4147944.0,95.0,0.0,100.0,4.0,100.0,0.0,74.0,27821171.0,89.0,9955.0,100.0,0.0,100.0,3.0,,,,,100.0,0.0,100.0,0.0,,,76.0,24.0,,,100.0,173.0,100.0,627.0,24.0,24.0,100.0,0.0,100.0,0.0,200.0,0.0,100.0,9806.0,100.0,45645100584.0,100.0,76185400824.0
2019-04-27,ZCH0C5JQ,ST12000NM0007,12000138625024,0,80.0,90685560.0,95.0,0.0,100.0,4.0,100.0,0.0,75.0,30948446.0,89.0,9987.0,100.0,0.0,100.0,3.0,,,,,100.0,0.0,100.0,0.0,,,76.0,24.0,,,100.0,174.0,100.0,629.0,24.0,24.0,100.0,0.0,100.0,0.0,200.0,0.0,100.0,9837.0,100.0,45703119968.0,100.0,76458059736.0
2019-04-28,ZCH0C5JQ,ST12000NM0007,12000138625024,0,72.0,14147040.0,95.0,0.0,100.0,4.0,100.0,0.0,75.0,32614585.0,89.0,10003.0,100.0,0.0,100.0,3.0,,,,,100.0,0.0,100.0,0.0,,,76.0,24.0,,,100.0,174.0,100.0,629.0,24.0,24.0,100.0,0.0,100.0,0.0,200.0,0.0,100.0,9853.0,100.0,45761283936.0,100.0,76567498080.0
2019-04-29,ZCH0C5JQ,ST12000NM0007,12000138625024,0,79.0,86159680.0,95.0,0.0,100.0,4.0,100.0,0.0,76.0,36660554.0,89.0,10034.0,100.0,0.0,100.0,3.0,,,,,100.0,0.0,100.0,0.0,,,76.0,24.0,,,100.0,174.0,100.0,630.0,24.0,24.0,100.0,0.0,100.0,0.0,200.0,0.0,100.0,9885.0,100.0,45827041048.0,100.0,76817894264.0
2019-04-30,ZCH0C5JQ,ST12000NM0007,12000138625024,0,74.0,24041504.0,95.0,0.0,100.0,4.0,100.0,0.0,76.0,38259492.0,89.0,10050.0,100.0,0.0,100.0,3.0,,,,,100.0,0.0,100.0,0.0,,,76.0,24.0,,,100.0,175.0,100.0,631.0,24.0,24.0,100.0,0.0,100.0,0.0,200.0,0.0,100.0,9900.0,100.0,45865620424.0,100.0,76961337648.0
2019-05-01,ZCH0C5JQ,ST12000NM0007,12000138625024,0,80.0,90876360.0,95.0,0.0,100.0,4.0,100.0,0.0,76.0,42415200.0,89.0,10082.0,100.0,0.0,100.0,3.0,,,,,100.0,0.0,100.0,0.0,,,77.0,23.0,,,100.0,176.0,100.0,632.0,23.0,23.0,100.0,0.0,100.0,0.0,200.0,0.0,100.0,9932.0,100.0,45948815072.0,100.0,77189118488.0
2019-05-02,ZCH0C5JQ,ST12000NM0007,12000138625024,0,83.0,209713352.0,95.0,0.0,100.0,4.0,100.0,0.0,76.0,43876882.0,89.0,10097.0,100.0,0.0,100.0,3.0,,,,,100.0,0.0,100.0,0.0,,,76.0,24.0,,,100.0,177.0,100.0,633.0,24.0,24.0,100.0,0.0,100.0,0.0,200.0,0.0,100.0,9947.0,100.0,45986550832.0,100.0,77270219720.0
2019-05-03,ZCH0C5JQ,ST12000NM0007,12000138625024,0,78.0,63238248.0,95.0,0.0,100.0,4.0,100.0,0.0,77.0,49477728.0,89.0,10129.0,100.0,0.0,100.0,3.0,,,,,100.0,0.0,100.0,0.0,,,76.0,24.0,,,100.0,178.0,100.0,634.0,24.0,24.0,100.0,0.0,100.0,0.0,200.0,0.0,100.0,9979.0,100.0,46083373120.0,100.0,77515203920.0
2019-05-04,ZCH0C5JQ,ST12000NM0007,12000138625024,0,82.0,165507528.0,95.0,0.0,100.0,4.0,100.0,0.0,77.0,50864369.0,89.0,10145.0,100.0,0.0,100.0,3.0,,,,,100.0,0.0,100.0,0.0,,,77.0,23.0,,,100.0,179.0,100.0,635.0,23.0,23.0,100.0,0.0,100.0,0.0,200.0,0.0,100.0,9995.0,100.0,46114847776.0,100.0,77585998544.0
2019-05-05,ZCH0C5JQ,ST12000NM0007,12000138625024,0,83.0,207346528.0,95.0,0.0,100.0,4.0,100.0,0.0,77.0,54821005.0,89.0,10177.0,100.0,0.0,100.0,3.0,,,,,100.0,0.0,100.0,0.0,,,76.0,24.0,,,100.0,180.0,100.0,636.0,24.0,24.0,100.0,0.0,100.0,0.0,200.0,0.0,100.0,10026.0,100.0,46196515624.0,100.0,77790310336.0
2019-05-06,ZCH0C5JQ,ST12000NM0007,12000138625024,0,81.0,116478296.0,95.0,0.0,100.0,4.0,100.0,0.0,78.0,57232028.0,89.0,10192.0,100.0,0.0,100.0,3.0,,,,,100.0,0.0,100.0,0.0,,,76.0,24.0,,,100.0,181.0,100.0,637.0,24.0,24.0,100.0,0.0,100.0,0.0,200.0,0.0,100.0,10042.0,100.0,46253800216.0,100.0,77886298360.0
2019-05-07,ZCH0C5JQ,ST12000NM0007,12000138625024,0,82.0,148336824.0,95.0,0.0,100.0,4.0,100.0,0.0,78.0,60738687.0,89.0,10224.0,100.0,0.0,100.0,3.0,,,,,100.0,0.0,100.0,0.0,,,76.0,24.0,,,100.0,181.0,100.0,638.0,24.0,24.0,100.0,0.0,100.0,0.0,200.0,0.0,100.0,10073.0,100.0,46349929816.0,100.0,78066167968.0
2019-05-08,ZCH0C5JQ,ST12000NM0007,12000138625024,0,79.0,77189200.0,95.0,0.0,100.0,4.0,100.0,0.0,78.0,63691172.0,89.0,10240.0,100.0,0.0,100.0,3.0,,,,,100.0,0.0,100.0,0.0,,,76.0,24.0,,,100.0,182.0,100.0,639.0,24.0,24.0,100.0,0.0,100.0,0.0,200.0,0.0,100.0,10089.0,100.0,46400900312.0,100.0,78188190480.0
2019-05-09,ZCH0C5JQ,ST12000NM0007,12000138625024,0,78.0,57433616.0,95.0,0.0,100.0,4.0,100.0,0.0,78.0,66434529.0,89.0,10272.0,100.0,0.0,100.0,3.0,,,,,100.0,0.0,100.0,0.0,,,76.0,24.0,,,100.0,183.0,100.0,640.0,24.0,24.0,100.0,0.0,100.0,0.0,200.0,0.0,100.0,10120.0,100.0,46463868128.0,100.0,78349607736.0
2019-05-10,ZCH0C5JQ,ST12000NM0007,12000138625024,0,82.0,166297856.0,95.0,0.0,100.0,4.0,100.0,0.0,78.0,67589885.0,89.0,10288.0,100.0,0.0,100.0,3.0,,,,,100.0,0.0,100.0,0.0,,,76.0,24.0,,,100.0,184.0,100.0,641.0,24.0,24.0,100.0,0.0,100.0,0.0,200.0,0.0,100.0,10136.0,100.0,46490333448.0,100.0,78432006656.0
2019-05-11,ZCH0C5JQ,ST12000NM0007,12000138625024,0,82.0,144224552.0,95.0,0.0,100.0,4.0,100.0,0.0,78.0,69851653.0,89.0,10319.0,100.0,0.0,100.0,3.0,,,,,100.0,0.0,100.0,0.0,,,76.0,24.0,,,100.0,185.0,100.0,642.0,24.0,24.0,100.0,0.0,100.0,0.0,200.0,0.0,100.0,10168.0,100.0,46536119312.0,100.0,78608288192.0
2019-05-12,ZCH0C5JQ,ST12000NM0007,12000138625024,0,83.0,184803560.0,95.0,0.0,100.0,4.0,100.0,0.0,79.0,73604623.0,89.0,10351.0,100.0,0.0,100.0,3.0,,,,,100.0,0.0,100.0,0.0,,,77.0,23.0,,,100.0,186.0,100.0,644.0,23.0,23.0,100.0,0.0,100.0,0.0,200.0,0.0,100.0,10199.0,100.0,46587587992.0,100.0,78841542112.0
2019-05-13,ZCH0C5JQ,ST12000NM0007,12000138625024,0,79.0,79265000.0,95.0,0.0,100.0,4.0,100.0,0.0,79.0,74800293.0,89.0,10367.0,100.0,0.0,100.0,3.0,,,,,100.0,0.0,100.0,0.0,,,76.0,24.0,,,100.0,186.0,100.0,644.0,24.0,24.0,100.0,0.0,100.0,0.0,200.0,0.0,100.0,10215.0,100.0,46612338288.0,100.0,78955397640.0
2019-05-14,ZCH0C5JQ,ST12000NM0007,12000138625024,0,82.0,150385768.0,95.0,0.0,100.0,4.0,100.0,0.0,79.0,77659187.0,89.0,10398.0,100.0,0.0,100.0,3.0,,,,,100.0,0.0,100.0,0.0,,,76.0,24.0,,,100.0,187.0,100.0,646.0,24.0,24.0,100.0,0.0,100.0,0.0,200.0,0.0,100.0,10246.0,100.0,46680350928.0,100.0,79202646416.0
2019-05-15,ZCH0C5JQ,ST12000NM0007,12000138625024,0,77.0,44794576.0,95.0,0.0,100.0,4.0,100.0,0.0,79.0,80322594.0,89.0,10414.0,100.0,0.0,100.0,3.0,,,,,100.0,0.0,100.0,0.0,,,77.0,23.0,,,100.0,187.0,100.0,646.0,23.0,23.0,100.0,0.0,100.0,0.0,200.0,0.0,100.0,10262.0,100.0,46715120496.0,100.0,79306426312.0
2019-05-16,ZCH0C5JQ,ST12000NM0007,12000138625024,0,77.0,46903880.0,95.0,0.0,100.0,4.0,100.0,0.0,79.0,83042486.0,89.0,10445.0,100.0,0.0,100.0,3.0,,,,,100.0,0.0,100.0,0.0,,,76.0,24.0,,,100.0,188.0,100.0,648.0,24.0,24.0,100.0,0.0,100.0,0.0,200.0,0.0,100.0,10293.0,100.0,46772131032.0,100.0,79495665768.0
2019-05-17,ZCH0C5JQ,ST12000NM0007,12000138625024,0,82.0,162567752.0,95.0,0.0,100.0,4.0,100.0,0.0,79.0,84359197.0,89.0,10461.0,100.0,0.0,100.0,3.0,,,,,100.0,0.0,100.0,0.0,,,76.0,24.0,,,100.0,188.0,100.0,648.0,24.0,24.0,100.0,0.0,100.0,0.0,200.0,0.0,100.0,10309.0,100.0,46820063992.0,100.0,79563396680.0
2019-05-18,ZCH0C5JQ,ST12000NM0007,12000138625024,0,82.0,147383096.0,95.0,0.0,100.0,4.0,100.0,0.0,79.0,86855463.0,89.0,10493.0,100.0,0.0,100.0,3.0,,,,,100.0,0.0,100.0,0.0,,,77.0,23.0,,,100.0,189.0,100.0,650.0,23.0,23.0,100.0,0.0,100.0,0.0,200.0,0.0,100.0,10340.0,100.0,46885538184.0,100.0,79726878536.0
2019-05-19,ZCH0C5JQ,ST12000NM0007,12000138625024,0,76.0,39795160.0,95.0,0.0,100.0,4.0,100.0,0.0,79.0,87985679.0,89.0,10509.0,100.0,0.0,100.0,3.0,,,,,100.0,0.0,100.0,0.0,,,77.0,23.0,,,100.0,189.0,100.0,650.0,23.0,23.0,100.0,0.0,100.0,0.0,200.0,0.0,100.0,10356.0,100.0,46910412408.0,100.0,79838557168.0
2019-05-20,ZCH0C5JQ,ST12000NM0007,12000138625024,0,82.0,156157232.0,95.0,0.0,100.0,4.0,100.0,0.0,80.0,92991978.0,88.0,10541.0,100.0,0.0,100.0,3.0,,,,,100.0,0.0,100.0,0.0,,,77.0,23.0,,,100.0,190.0,100.0,652.0,23.0,23.0,100.0,0.0,100.0,0.0,200.0,0.0,100.0,10388.0,100.0,46967357584.0,100.0,80142114936.0
2019-05-21,ZCH0C5JQ,ST12000NM0007,12000138625024,0,78.0,66168440.0,95.0,0.0,100.0,4.0,100.0,0.0,80.0,94189505.0,88.0,10557.0,100.0,0.0,100.0,3.0,,,,,100.0,0.0,100.0,0.0,,,76.0,24.0,,,100.0,190.0,100.0,652.0,24.0,24.0,100.0,0.0,100.0,0.0,200.0,0.0,100.0,10404.0,100.0,47004829752.0,100.0,80258794704.0
2019-05-22,ZCH0C5JQ,ST12000NM0007,12000138625024,0,82.0,148099784.0,95.0,0.0,100.0,4.0,100.0,0.0,80.0,98189524.0,88.0,10588.0,100.0,0.0,100.0,3.0,,,,,100.0,0.0,100.0,0.0,,,77.0,23.0,,,100.0,191.0,100.0,654.0,23.0,23.0,100.0,0.0,100.0,0.0,200.0,0.0,100.0,10435.0,100.0,47097759912.0,100.0,80491937024.0
2019-05-23,ZCH0C5JQ,ST12000NM0007,12000138625024,0,75.0,28979816.0,95.0,0.0,100.0,4.0,100.0,0.0,80.0,99447149.0,88.0,10604.0,100.0,0.0,100.0,3.0,,,,,100.0,0.0,100.0,0.0,,,76.0,24.0,,,100.0,191.0,100.0,654.0,24.0,24.0,100.0,0.0,100.0,0.0,200.0,0.0,100.0,10451.0,100.0,47134127824.0,100.0,80580589824.0
2019-05-24,ZCH0C5JQ,ST12000NM0007,12000138625024,0,81.0,114193960.0,95.0,0.0,100.0,4.0,100.0,0.0,80.0,102207744.0,88.0,10636.0,100.0,0.0,100.0,3.0,,,,,100.0,0.0,100.0,0.0,,,77.0,23.0,,,100.0,192.0,100.0,656.0,23.0,23.0,100.0,0.0,100.0,0.0,200.0,0.0,100.0,10482.0,100.0,47205418488.0,100.0,80838654112.0
2019-05-25,ZCH0C5JQ,ST12000NM0007,12000138625024,0,83.0,208413384.0,95.0,0.0,100.0,4.0,100.0,0.0,80.0,103068046.0,88.0,10652.0,100.0,0.0,100.0,3.0,,,,,100.0,0.0,100.0,0.0,,,77.0,23.0,,,100.0,192.0,100.0,656.0,23.0,23.0,100.0,0.0,100.0,0.0,200.0,0.0,100.0,10498.0,100.0,47222704968.0,100.0,80915587056.0
2019-05-26,ZCH0C5JQ,ST12000NM0007,12000138625024,0,75.0,34966608.0,95.0,0.0,100.0,4.0,100.0,0.0,80.0,106919249.0,88.0,10683.0,100.0,0.0,100.0,3.0,,,,,100.0,0.0,100.0,0.0,,,76.0,24.0,,,100.0,193.0,100.0,658.0,24.0,24.0,100.0,0.0,100.0,0.0,200.0,0.0,100.0,10530.0,100.0,47275796192.0,100.0,81177330760.0
2019-05-27,ZCH0C5JQ,ST12000NM0007,12000138625024,0,82.0,168255152.0,95.0,0.0,100.0,4.0,100.0,0.0,80.0,108269301.0,88.0,10699.0,100.0,0.0,100.0,3.0,,,,,100.0,0.0,100.0,0.0,,,77.0,23.0,,,100.0,193.0,100.0,658.0,23.0,23.0,100.0,0.0,100.0,0.0,200.0,0.0,100.0,10546.0,100.0,47310340976.0,100.0,81276074520.0
2019-05-28,ZCH0C5JQ,ST12000NM0007,12000138625024,0,84.0,237274496.0,95.0,0.0,100.0,4.0,100.0,0.0,80.0,110975201.0,88.0,10731.0,100.0,0.0,100.0,3.0,,,,,100.0,0.0,100.0,0.0,,,76.0,24.0,,,100.0,193.0,100.0,659.0,24.0,24.0,100.0,0.0,100.0,0.0,200.0,0.0,100.0,10577.0,100.0,47378879064.0,100.0,81520696416.0
2019-05-29,ZCH0C5JQ,ST12000NM0007,12000138625024,0,82.0,169276144.0,95.0,0.0,100.0,4.0,100.0,0.0,81.0,113838308.0,88.0,10747.0,100.0,0.0,100.0,3.0,,,,,100.0,0.0,100.0,0.0,,,76.0,24.0,,,100.0,194.0,100.0,660.0,24.0,24.0,100.0,0.0,100.0,0.0,200.0,0.0,100.0,10593.0,100.0,47420923456.0,100.0,81654794304.0
2019-05-30,ZCH0C5JQ,ST12000NM0007,12000138625024,0,78.0,58125984.0,95.0,0.0,100.0,4.0,100.0,0.0,81.0,115164291.0,88.0,10763.0,100.0,0.0,100.0,3.0,,,,,100.0,0.0,100.0,0.0,,,77.0,23.0,,,100.0,194.0,100.0,661.0,23.0,23.0,100.0,0.0,100.0,0.0,200.0,0.0,100.0,10608.0,100.0,47451331632.0,100.0,81757376696.0
2019-05-31,ZCH0C5JQ,ST12000NM0007,12000138625024,0,79.0,82874112.0,95.0,0.0,100.0,4.0,100.0,0.0,81.0,117365700.0,88.0,10794.0,100.0,0.0,100.0,3.0,,,,,100.0,0.0,100.0,0.0,,,77.0,23.0,,,100.0,194.0,100.0,662.0,23.0,23.0,100.0,0.0,100.0,0.0,200.0,0.0,100.0,10640.0,100.0,47488189904.0,100.0,81989407264.0
2019-06-01,ZCH0C5JQ,ST12000NM0007,12000138625024,0,79.0,76642712.0,95.0,0.0,100.0,4.0,100.0,0.0,81.0,119813884.0,88.0,10826.0,100.0,0.0,100.0,3.0,,,,,100.0,0.0,100.0,0.0,,,76.0,24.0,,,100.0,195.0,100.0,664.0,24.0,24.0,100.0,0.0,100.0,0.0,200.0,0.0,100.0,10672.0,100.0,47534228608.0,100.0,82181277912.0
2019-06-02,ZCH0C5JQ,ST12000NM0007,12000138625024,0,83.0,221408736.0,95.0,0.0,100.0,4.0,100.0,0.0,81.0,122539362.0,88.0,10842.0,100.0,0.0,100.0,3.0,,,,,100.0,0.0,100.0,0.0,,,77.0,23.0,,,100.0,195.0,100.0,664.0,23.0,23.0,100.0,0.0,100.0,0.0,200.0,0.0,100.0,10687.0,100.0,47558135000.0,100.0,82302137544.0
2019-06-03,ZCH0C5JQ,ST12000NM0007,12000138625024,0,73.0,19189464.0,95.0,0.0,100.0,4.0,100.0,0.0,81.0,126248711.0,88.0,10874.0,100.0,0.0,100.0,3.0,,,,,100.0,0.0,100.0,0.0,,,76.0,24.0,,,100.0,197.0,100.0,666.0,24.0,24.0,100.0,0.0,100.0,0.0,200.0,0.0,100.0,10719.0,100.0,47634412104.0,100.0,82511922552.0
2019-06-04,ZCH0C5JQ,ST12000NM0007,12000138625024,0,78.0,64730144.0,95.0,0.0,100.0,4.0,100.0,0.0,81.0,129103130.0,88.0,10905.0,100.0,0.0,100.0,3.0,,,,,100.0,0.0,100.0,0.0,,,77.0,23.0,,,100.0,197.0,100.0,667.0,23.0,23.0,100.0,0.0,100.0,0.0,200.0,0.0,100.0,10750.0,100.0,47703609344.0,100.0,82732406792.0
2019-06-05,ZCH0C5JQ,ST12000NM0007,12000138625024,0,66.0,4147184.0,95.0,0.0,100.0,4.0,100.0,0.0,81.0,131298929.0,88.0,10921.0,100.0,0.0,100.0,3.0,,,,,100.0,0.0,100.0,0.0,,,76.0,24.0,,,100.0,197.0,100.0,667.0,24.0,24.0,100.0,0.0,100.0,0.0,200.0,0.0,100.0,10766.0,100.0,47733312456.0,100.0,82886261408.0
2019-06-06,ZCH0C5JQ,ST12000NM0007,12000138625024,0,83.0,207400720.0,95.0,0.0,100.0,4.0,100.0,0.0,81.0,132991171.0,88.0,10937.0,100.0,0.0,100.0,3.0,,,,,100.0,0.0,100.0,0.0,,,77.0,23.0,,,100.0,197.0,100.0,669.0,23.0,23.0,100.0,0.0,100.0,0.0,200.0,0.0,100.0,10782.0,100.0,47772765088.0,100.0,83050062312.0
2019-06-07,ZCH0C5JQ,ST12000NM0007,12000138625024,0,74.0,26354496.0,95.0,0.0,100.0,4.0,100.0,0.0,81.0,136009412.0,88.0,10969.0,100.0,0.0,100.0,3.0,,,,,100.0,0.0,100.0,0.0,,,77.0,23.0,,,100.0,197.0,100.0,670.0,23.0,23.0,100.0,0.0,100.0,0.0,200.0,0.0,100.0,10813.0,100.0,47845344656.0,100.0,83284717992.0
2019-06-08,ZCH0C5JQ,ST12000NM0007,12000138625024,0,82.0,151682648.0,95.0,0.0,100.0,4.0,100.0,0.0,81.0,137324068.0,88.0,10985.0,100.0,0.0,100.0,3.0,,,,,100.0,0.0,100.0,0.0,,,77.0,23.0,,,100.0,197.0,100.0,671.0,23.0,23.0,100.0,0.0,100.0,0.0,200.0,0.0,100.0,10829.0,100.0,47869734656.0,100.0,83385656144.0
2019-06-09,ZCH0C5JQ,ST12000NM0007,12000138625024,0,83.0,207289088.0,95.0,0.0,100.0,4.0,100.0,0.0,81.0,140526220.0,88.0,11016.0,100.0,0.0,100.0,3.0,,,,,100.0,0.0,100.0,0.0,,,77.0,23.0,,,100.0,198.0,100.0,672.0,23.0,23.0,100.0,0.0,100.0,0.0,200.0,0.0,100.0,10861.0,100.0,47915617208.0,100.0,83639520840.0
2019-06-10,ZCH0C5JQ,ST12000NM0007,12000138625024,0,80.0,107316304.0,95.0,0.0,100.0,4.0,100.0,0.0,82.0,142588107.0,88.0,11032.0,100.0,0.0,100.0,3.0,,,,,100.0,0.0,100.0,0.0,,,77.0,23.0,,,100.0,199.0,100.0,673.0,23.0,23.0,100.0,0.0,100.0,0.0,200.0,0.0,100.0,10876.0,100.0,47945869960.0,100.0,83753436680.0
2019-06-11,ZCH0C5JQ,ST12000NM0007,12000138625024,0,83.0,184555992.0,95.0,0.0,100.0,4.0,100.0,0.0,82.0,145257663.0,88.0,11064.0,100.0,0.0,100.0,3.0,,,,,100.0,0.0,100.0,0.0,,,75.0,25.0,,,100.0,200.0,100.0,674.0,25.0,25.0,100.0,0.0,100.0,0.0,200.0,0.0,100.0,10908.0,100.0,47999045416.0,100.0,84021641584.0
2019-06-12,ZCH0C5JQ,ST12000NM0007,12000138625024,0,81.0,116250200.0,95.0,0.0,100.0,4.0,100.0,0.0,82.0,148140756.0,88.0,11080.0,100.0,0.0,100.0,3.0,,,,,100.0,0.0,100.0,0.0,,,76.0,24.0,,,100.0,201.0,100.0,675.0,24.0,24.0,100.0,0.0,100.0,0.0,200.0,0.0,100.0,10924.0,100.0,48031351816.0,100.0,84165170096.0
2019-06-13,ZCH0C5JQ,ST12000NM0007,12000138625024,0,81.0,115527296.0,95.0,0.0,100.0,4.0,100.0,0.0,82.0,150299040.0,88.0,11112.0,100.0,0.0,100.0,3.0,,,,,100.0,0.0,100.0,0.0,,,75.0,25.0,,,100.0,201.0,100.0,676.0,25.0,25.0,100.0,0.0,100.0,0.0,200.0,0.0,100.0,10956.0,100.0,48060344992.0,100.0,84379594904.0
2019-06-14,ZCH0C5JQ,ST12000NM0007,12000138625024,0,74.0,25144928.0,95.0,0.0,100.0,4.0,100.0,0.0,82.0,151392108.0,88.0,11128.0,100.0,0.0,100.0,3.0,,,,,100.0,0.0,100.0,0.0,,,77.0,23.0,,,100.0,201.0,100.0,677.0,23.0,23.0,100.0,0.0,100.0,0.0,200.0,0.0,100.0,10972.0,100.0,48075773168.0,100.0,84517925112.0
2019-06-15,ZCH0C5JQ,ST12000NM0007,12000138625024,0,78.0,70406624.0,95.0,0.0,100.0,4.0,100.0,0.0,82.0,153293311.0,88.0,11159.0,100.0,0.0,100.0,3.0,,,,,100.0,0.0,100.0,0.0,,,77.0,23.0,,,100.0,202.0,100.0,678.0,23.0,23.0,100.0,0.0,100.0,0.0,200.0,0.0,100.0,11003.0,100.0,48095815192.0,100.0,84787285416.0
2019-06-16,ZCH0C5JQ,ST12000NM0007,12000138625024,0,71.0,11832632.0,95.0,0.0,100.0,4.0,100.0,0.0,82.0,156291077.0,88.0,11175.0,100.0,0.0,100.0,3.0,,,,,100.0,0.0,100.0,0.0,,,77.0,23.0,,,100.0,203.0,100.0,679.0,23.0,23.0,100.0,0.0,100.0,0.0,200.0,0.0,100.0,11019.0,100.0,48115188256.0,100.0,84953478992.0
2019-06-17,ZCH0C5JQ,ST12000NM0007,12000138625024,0,83.0,217350880.0,95.0,0.0,100.0,4.0,100.0,0.0,82.0,159399364.0,88.0,11207.0,100.0,0.0,100.0,3.0,,,,,100.0,0.0,100.0,0.0,,,77.0,23.0,,,100.0,203.0,100.0,680.0,23.0,23.0,100.0,0.0,100.0,0.0,200.0,0.0,100.0,11051.0,100.0,48137712704.0,100.0,85136472792.0
2019-06-18,ZCH0C5JQ,ST12000NM0007,12000138625024,0,79.0,87240352.0,95.0,0.0,100.0,4.0,100.0,0.0,82.0,160354294.0,88.0,11223.0,100.0,0.0,100.0,3.0,,,,,100.0,0.0,100.0,0.0,,,78.0,22.0,,,100.0,204.0,100.0,681.0,22.0,22.0,100.0,0.0,100.0,0.0,200.0,0.0,100.0,11066.0,100.0,48146511792.0,100.0,85241703832.0
2019-06-19,ZCH0C5JQ,ST12000NM0007,12000138625024,0,82.0,145229352.0,95.0,0.0,100.0,4.0,100.0,0.0,82.0,164340126.0,88.0,11255.0,100.0,0.0,100.0,3.0,,,,,100.0,0.0,100.0,0.0,,,76.0,24.0,,,100.0,204.0,100.0,682.0,24.0,24.0,100.0,0.0,100.0,0.0,200.0,0.0,100.0,11098.0,100.0,48201070840.0,100.0,85489274440.0
2019-06-20,ZCH0C5JQ,ST12000NM0007,12000138625024,0,82.0,163508176.0,95.0,0.0,100.0,4.0,100.0,0.0,82.0,166777579.0,88.0,11286.0,100.0,0.0,100.0,3.0,,,,,100.0,0.0,100.0,0.0,,,78.0,22.0,,,100.0,205.0,100.0,684.0,22.0,22.0,100.0,0.0,100.0,0.0,200.0,0.0,100.0,11129.0,100.0,48241735664.0,100.0,85711029160.0
2019-06-21,ZCH0C5JQ,ST12000NM0007,12000138625024,0,100.0,1658488.0,95.0,0.0,100.0,4.0,100.0,0.0,82.0,167719660.0,88.0,11302.0,100.0,0.0,100.0,3.0,,,,,100.0,0.0,100.0,0.0,,,77.0,23.0,,,100.0,205.0,100.0,684.0,23.0,23.0,100.0,0.0,100.0,0.0,200.0,0.0,100.0,11145.0,100.0,48262607448.0,100.0,85772448496.0
2019-06-22,ZCH0C5JQ,ST12000NM0007,12000138625024,0,84.0,242873840.0,95.0,0.0,100.0,4.0,100.0,0.0,82.0,169948064.0,88.0,11334.0,100.0,0.0,100.0,3.0,,,,,100.0,0.0,100.0,0.0,,,78.0,22.0,,,100.0,206.0,100.0,686.0,22.0,22.0,100.0,0.0,100.0,0.0,200.0,0.0,100.0,11176.0,100.0,48300144560.0,100.0,85976126736.0
2019-06-23,ZCH0C5JQ,ST12000NM0007,12000138625024,0,81.0,113407760.0,95.0,0.0,100.0,4.0,100.0,0.0,82.0,171174823.0,88.0,11349.0,100.0,0.0,100.0,3.0,,,,,100.0,0.0,100.0,0.0,,,77.0,23.0,,,100.0,206.0,100.0,686.0,23.0,23.0,100.0,0.0,100.0,0.0,200.0,0.0,100.0,11192.0,100.0,48317933200.0,100.0,86073012696.0
2019-06-24,ZCH0C5JQ,ST12000NM0007,12000138625024,0,81.0,122420616.0,95.0,0.0,100.0,4.0,100.0,0.0,82.0,174991787.0,88.0,11381.0,100.0,0.0,100.0,3.0,,,,,100.0,0.0,100.0,0.0,,,76.0,24.0,,,100.0,208.0,100.0,688.0,24.0,24.0,100.0,0.0,100.0,0.0,200.0,0.0,100.0,11224.0,100.0,48368163040.0,100.0,86275936376.0
2019-06-25,ZCH0C5JQ,ST12000NM0007,12000138625024,0,73.0,19763032.0,95.0,0.0,100.0,4.0,100.0,0.0,82.0,176386109.0,87.0,11397.0,100.0,0.0,100.0,3.0,,,,,100.0,0.0,100.0,0.0,,,77.0,23.0,,,100.0,208.0,100.0,688.0,23.0,23.0,100.0,0.0,100.0,0.0,200.0,0.0,100.0,11239.0,100.0,48397644496.0,100.0,86387938072.0
2019-06-26,ZCH0C5JQ,ST12000NM0007,12000138625024,0,76.0,42668744.0,95.0,0.0,100.0,4.0,100.0,0.0,83.0,180180103.0,87.0,11428.0,100.0,0.0,100.0,3.0,,,,,100.0,0.0,100.0,0.0,,,77.0,23.0,,,100.0,208.0,100.0,689.0,23.0,23.0,100.0,0.0,100.0,0.0,200.0,0.0,100.0,11271.0,100.0,48440272712.0,100.0,86612356392.0
2019-06-27,ZCH0C5JQ,ST12000NM0007,12000138625024,0,84.0,234226880.0,95.0,0.0,100.0,4.0,100.0,0.0,83.0,181346924.0,87.0,11444.0,100.0,0.0,100.0,3.0,,,,,100.0,0.0,100.0,0.0,,,77.0,23.0,,,100.0,209.0,100.0,690.0,23.0,23.0,100.0,0.0,100.0,0.0,200.0,0.0,100.0,11286.0,100.0,48452628512.0,100.0,86791558728.0
2019-06-28,ZCH0C5JQ,ST12000NM0007,12000138625024,0,83.0,217018584.0,95.0,0.0,100.0,4.0,100.0,0.0,83.0,184314664.0,87.0,11475.0,100.0,0.0,100.0,3.0,,,,,100.0,0.0,100.0,0.0,,,77.0,23.0,,,100.0,210.0,100.0,692.0,23.0,23.0,100.0,0.0,100.0,0.0,200.0,0.0,100.0,11318.0,100.0,48500466968.0,100.0,87214793584.0
2019-06-29,ZCH0C5JQ,ST12000NM0007,12000138625024,0,81.0,117014808.0,95.0,0.0,100.0,4.0,100.0,0.0,83.0,185413299.0,87.0,11491.0,100.0,0.0,100.0,3.0,,,,,100.0,0.0,100.0,0.0,,,77.0,23.0,,,100.0,210.0,100.0,692.0,23.0,23.0,100.0,0.0,100.0,0.0,200.0,0.0,100.0,11333.0,100.0,48513496232.0,100.0,87345901408.0
2019-06-30,ZCH0C5JQ,ST12000NM0007,12000138625024,0,74.0,27630120.0,95.0,0.0,100.0,4.0,100.0,0.0,83.0,189329487.0,87.0,11523.0,100.0,0.0,100.0,3.0,,,,,100.0,0.0,100.0,0.0,,,76.0,24.0,,,100.0,210.0,100.0,694.0,24.0,24.0,100.0,0.0,100.0,0.0,200.0,0.0,100.0,11365.0,100.0,48550980416.0,100.0,87707316936.0
2019-07-01,ZCH0C5JQ,ST12000NM0007,12000138625024,0,68.0,6757680.0,95.0,0.0,100.0,4.0,100.0,0.0,83.0,190780870.0,87.0,11538.0,100.0,0.0,100.0,3.0,,,,,100.0,0.0,100.0,0.0,,,77.0,23.0,,,100.0,210.0,100.0,694.0,23.0,23.0,100.0,0.0,100.0,0.0,200.0,0.0,100.0,11380.0,100.0,48569545984.0,100.0,87912019568.0
2019-07-02,ZCH0C5JQ,ST12000NM0007,12000138625024,0,82.0,171109680.0,95.0,0.0,100.0,4.0,100.0,0.0,83.0,194415283.0,87.0,11570.0,100.0,0.0,100.0,3.0,,,,,100.0,0.0,100.0,0.0,,,76.0,24.0,,,100.0,211.0,100.0,695.0,24.0,24.0,100.0,0.0,100.0,0.0,200.0,0.0,100.0,11411.0,100.0,48615597032.0,100.0,88274461176.0
2019-07-03,ZCH0C5JQ,ST12000NM0007,12000138625024,0,80.0,90972688.0,95.0,0.0,100.0,4.0,100.0,0.0,83.0,198045533.0,87.0,11586.0,100.0,0.0,100.0,3.0,,,,,100.0,0.0,100.0,0.0,,,77.0,23.0,,,100.0,211.0,100.0,696.0,23.0,23.0,100.0,0.0,100.0,0.0,200.0,0.0,100.0,11427.0,100.0,48633390256.0,100.0,88420671672.0
2019-07-04,ZCH0C5JQ,ST12000NM0007,12000138625024,0,83.0,189628320.0,95.0,0.0,100.0,4.0,100.0,0.0,83.0,201177158.0,87.0,11617.0,100.0,0.0,100.0,3.0,,,,,100.0,0.0,100.0,0.0,,,76.0,24.0,,,100.0,211.0,100.0,697.0,24.0,24.0,100.0,0.0,100.0,0.0,200.0,0.0,100.0,11459.0,100.0,48679396616.0,100.0,88717461616.0
2019-07-05,ZCH0C5JQ,ST12000NM0007,12000138625024,0,82.0,156380392.0,95.0,0.0,100.0,4.0,100.0,0.0,83.0,202451873.0,87.0,11633.0,100.0,0.0,100.0,3.0,,,,,100.0,0.0,100.0,0.0,,,78.0,22.0,,,100.0,211.0,100.0,698.0,22.0,22.0,100.0,0.0,100.0,0.0,200.0,0.0,100.0,11474.0,100.0,48698809192.0,100.0,88908941760.0
2019-07-06,ZCH0C5JQ,ST12000NM0007,12000138625024,0,78.0,69270360.0,95.0,0.0,100.0,4.0,100.0,0.0,83.0,205002610.0,87.0,11665.0,100.0,0.0,100.0,3.0,,,,,100.0,0.0,100.0,0.0,,,76.0,24.0,,,100.0,212.0,100.0,699.0,24.0,24.0,100.0,0.0,100.0,0.0,200.0,0.0,100.0,11506.0,100.0,48725161784.0,100.0,89283760656.0
2019-07-07,ZCH0C5JQ,ST12000NM0007,12000138625024,0,65.0,2887928.0,95.0,0.0,100.0,4.0,100.0,0.0,83.0,206205477.0,87.0,11680.0,100.0,0.0,100.0,3.0,,,,,100.0,0.0,100.0,0.0,,,77.0,23.0,,,100.0,212.0,100.0,700.0,23.0,23.0,100.0,0.0,100.0,0.0,200.0,0.0,100.0,11521.0,100.0,48742766856.0,100.0,89443913968.0
2019-07-08,ZCH0C5JQ,ST12000NM0007,12000138625024,0,79.0,79375184.0,95.0,0.0,100.0,4.0,100.0,0.0,83.0,209932178.0,87.0,11712.0,100.0,0.0,100.0,3.0,,,,,100.0,0.0,100.0,0.0,,,77.0,23.0,,,100.0,213.0,100.0,701.0,23.0,23.0,100.0,0.0,100.0,0.0,200.0,0.0,100.0,11553.0,100.0,48787090496.0,100.0,89720218360.0
2019-07-09,ZCH0C5JQ,ST12000NM0007,12000138625024,0,84.0,240963856.0,95.0,0.0,100.0,4.0,100.0,0.0,83.0,211057743.0,87.0,11728.0,100.0,0.0,100.0,3.0,,,,,100.0,0.0,100.0,0.0,,,77.0,23.0,,,100.0,214.0,100.0,702.0,23.0,23.0,100.0,0.0,100.0,0.0,200.0,0.0,100.0,11569.0,100.0,48799986488.0,100.0,89868911040.0
2019-07-10,ZCH0C5JQ,ST12000NM0007,12000138625024,0,78.0,65620968.0,95.0,0.0,100.0,4.0,100.0,0.0,83.0,214975695.0,87.0,11759.0,100.0,0.0,100.0,3.0,,,,,100.0,0.0,100.0,0.0,,,76.0,24.0,,,100.0,215.0,100.0,703.0,24.0,24.0,100.0,0.0,100.0,0.0,200.0,0.0,100.0,11600.0,100.0,48834855128.0,100.0,90146981000.0
2019-07-11,ZCH0C5JQ,ST12000NM0007,12000138625024,0,70.0,9373408.0,95.0,0.0,100.0,4.0,100.0,0.0,83.0,218607913.0,87.0,11791.0,100.0,0.0,100.0,3.0,,,,,100.0,0.0,100.0,0.0,,,76.0,24.0,,,100.0,215.0,100.0,705.0,24.0,24.0,100.0,0.0,100.0,0.0,200.0,0.0,100.0,11632.0,100.0,48898216176.0,100.0,90515654320.0
2019-07-12,ZCH0C5JQ,ST12000NM0007,12000138625024,0,83.0,189532928.0,95.0,0.0,100.0,4.0,100.0,0.0,83.0,220184507.0,87.0,11807.0,100.0,0.0,100.0,3.0,,,,,100.0,0.0,100.0,0.0,,,76.0,24.0,,,100.0,215.0,100.0,705.0,24.0,24.0,100.0,0.0,100.0,0.0,200.0,0.0,100.0,11647.0,100.0,48924623088.0,100.0,90669406928.0
2019-07-13,ZCH0C5JQ,ST12000NM0007,12000138625024,0,76.0,39105096.0,95.0,0.0,100.0,4.0,100.0,0.0,83.0,222972091.0,87.0,11838.0,100.0,0.0,100.0,3.0,,,,,100.0,0.0,100.0,0.0,,,76.0,24.0,,,100.0,215.0,100.0,707.0,24.0,24.0,100.0,0.0,100.0,0.0,200.0,0.0,100.0,11678.0,100.0,48973227952.0,100.0,90958655664.0
2019-07-14,ZCH0C5JQ,ST12000NM0007,12000138625024,0,64.0,2760680.0,95.0,0.0,100.0,4.0,100.0,0.0,84.0,224604388.0,87.0,11854.0,100.0,0.0,100.0,3.0,,,,,100.0,0.0,100.0,0.0,,,75.0,25.0,,,100.0,215.0,100.0,707.0,25.0,25.0,100.0,0.0,100.0,0.0,200.0,0.0,100.0,11694.0,100.0,49000376400.0,100.0,91139303440.0
2019-07-15,ZCH0C5JQ,ST12000NM0007,12000138625024,0,82.0,157001080.0,95.0,0.0,100.0,4.0,100.0,0.0,84.0,228612619.0,87.0,11885.0,100.0,0.0,100.0,3.0,,,,,100.0,0.0,100.0,0.0,,,76.0,24.0,,,100.0,217.0,100.0,709.0,24.0,24.0,100.0,0.0,100.0,0.0,200.0,0.0,100.0,11726.0,100.0,49037767560.0,100.0,91500293480.0
2019-07-16,ZCH0C5JQ,ST12000NM0007,12000138625024,0,80.0,89367168.0,95.0,0.0,100.0,4.0,100.0,0.0,84.0,229957351.0,87.0,11901.0,100.0,0.0,100.0,3.0,,,,,100.0,0.0,100.0,0.0,,,76.0,24.0,,,100.0,217.0,100.0,709.0,24.0,24.0,100.0,0.0,100.0,0.0,200.0,0.0,100.0,11741.0,100.0,49067170008.0,100.0,91647397872.0
2019-07-17,ZCH0C5JQ,ST12000NM0007,12000138625024,0,73.0,19632904.0,95.0,0.0,100.0,4.0,100.0,0.0,84.0,232173528.0,87.0,11917.0,100.0,0.0,100.0,3.0,,,,,100.0,0.0,100.0,0.0,,,76.0,24.0,,,100.0,217.0,100.0,710.0,24.0,24.0,100.0,0.0,100.0,0.0,200.0,0.0,100.0,11757.0,100.0,49098163824.0,100.0,91790810432.0
2019-07-18,ZCH0C5JQ,ST12000NM0007,12000138625024,0,82.0,156578640.0,95.0,0.0,100.0,4.0,100.0,0.0,84.0,236846197.0,87.0,11948.0,100.0,0.0,100.0,3.0,,,,,100.0,0.0,100.0,0.0,,,76.0,24.0,,,100.0,218.0,100.0,711.0,24.0,24.0,100.0,0.0,100.0,0.0,200.0,0.0,100.0,11788.0,100.0,49135699584.0,100.0,92134361064.0
2019-07-19,ZCH0C5JQ,ST12000NM0007,12000138625024,0,75.0,33788856.0,95.0,0.0,100.0,4.0,100.0,0.0,84.0,239661912.0,87.0,11980.0,100.0,0.0,100.0,3.0,,,,,100.0,0.0,100.0,0.0,,,76.0,24.0,,,100.0,219.0,100.0,713.0,24.0,24.0,100.0,0.0,100.0,0.0,200.0,0.0,100.0,11820.0,100.0,49188900152.0,100.0,92446652304.0
2019-07-20,ZCH0C5JQ,ST12000NM0007,12000138625024,0,65.0,3167136.0,95.0,0.0,100.0,4.0,100.0,0.0,84.0,241244032.0,87.0,11996.0,100.0,0.0,100.0,3.0,,,,,100.0,0.0,100.0,0.0,,,76.0,24.0,,,100.0,219.0,100.0,713.0,24.0,24.0,100.0,0.0,100.0,0.0,200.0,0.0,100.0,11836.0,100.0,49214775608.0,100.0,92634296216.0
2019-07-21,ZCH0C5JQ,ST12000NM0007,12000138625024,0,83.0,198821736.0,95.0,0.0,100.0,4.0,100.0,0.0,84.0,245609231.0,87.0,12027.0,100.0,0.0,100.0,3.0,,,,,100.0,0.0,100.0,0.0,,,75.0,25.0,,,100.0,220.0,100.0,715.0,25.0,25.0,100.0,0.0,100.0,0.0,200.0,0.0,100.0,11867.0,100.0,49254976856.0,100.0,93033890376.0
2019-07-22,ZCH0C5JQ,ST12000NM0007,12000138625024,0,70.0,10911072.0,95.0,0.0,100.0,4.0,100.0,0.0,84.0,248098089.0,87.0,12043.0,100.0,0.0,100.0,3.0,,,,,100.0,0.0,100.0,0.0,,,76.0,24.0,,,100.0,220.0,100.0,715.0,24.0,24.0,100.0,0.0,100.0,0.0,200.0,0.0,100.0,11883.0,100.0,49311341568.0,100.0,93277896600.0
2019-07-23,ZCH0C5JQ,ST12000NM0007,12000138625024,0,83.0,220805272.0,95.0,0.0,100.0,4.0,100.0,0.0,84.0,251521614.0,87.0,12075.0,100.0,0.0,100.0,3.0,,,,,100.0,0.0,100.0,0.0,,,75.0,25.0,,,100.0,220.0,100.0,717.0,25.0,25.0,100.0,0.0,100.0,0.0,200.0,0.0,100.0,11914.0,100.0,49362320848.0,100.0,93680952280.0
2019-07-24,ZCH0C5JQ,ST12000NM0007,12000138625024,0,82.0,147132136.0,95.0,0.0,100.0,4.0,100.0,0.0,84.0,254424189.0,87.0,12091.0,100.0,0.0,100.0,3.0,,,,,100.0,0.0,100.0,0.0,,,77.0,23.0,,,100.0,220.0,100.0,717.0,23.0,23.0,100.0,0.0,100.0,0.0,200.0,0.0,100.0,11930.0,100.0,49387272272.0,100.0,93826469096.0
2019-07-25,ZCH0C5JQ,ST12000NM0007,12000138625024,0,72.0,14398736.0,95.0,0.0,100.0,4.0,100.0,0.0,84.0,258053701.0,87.0,12122.0,100.0,0.0,100.0,3.0,,,,,100.0,0.0,100.0,0.0,,,75.0,25.0,,,100.0,221.0,100.0,719.0,25.0,25.0,100.0,0.0,100.0,0.0,200.0,0.0,100.0,11961.0,100.0,49454882544.0,100.0,94114406824.0
2019-07-26,ZCH0C5JQ,ST12000NM0007,12000138625024,0,100.0,1219032.0,95.0,0.0,100.0,4.0,100.0,0.0,84.0,259799198.0,87.0,12138.0,100.0,0.0,100.0,3.0,,,,,100.0,0.0,100.0,0.0,,,77.0,23.0,,,100.0,221.0,100.0,719.0,23.0,23.0,100.0,0.0,100.0,0.0,200.0,0.0,100.0,11977.0,100.0,49470781000.0,100.0,94329469336.0
2019-07-27,ZCH0C5JQ,ST12000NM0007,12000138625024,0,80.0,109017048.0,95.0,0.0,100.0,4.0,100.0,0.0,84.0,262952094.0,87.0,12169.0,100.0,0.0,100.0,3.0,,,,,100.0,0.0,100.0,0.0,,,75.0,25.0,,,100.0,222.0,100.0,721.0,25.0,25.0,100.0,0.0,100.0,0.0,200.0,0.0,100.0,12008.0,100.0,49514023008.0,100.0,94638165984.0
2019-07-28,ZCH0C5JQ,ST12000NM0007,12000138625024,0,77.0,51704376.0,95.0,0.0,100.0,4.0,100.0,0.0,84.0,264677177.0,87.0,12185.0,100.0,0.0,100.0,3.0,,,,,100.0,0.0,100.0,0.0,,,76.0,24.0,,,100.0,222.0,100.0,721.0,24.0,24.0,100.0,0.0,100.0,0.0,200.0,0.0,100.0,12024.0,100.0,49547704472.0,100.0,94791312576.0
2019-07-29,ZCH0C5JQ,ST12000NM0007,12000138625024,0,65.0,3298872.0,95.0,0.0,100.0,4.0,100.0,0.0,84.0,269461266.0,87.0,12216.0,100.0,0.0,100.0,3.0,,,,,100.0,0.0,100.0,0.0,,,75.0,25.0,,,100.0,223.0,100.0,723.0,25.0,25.0,100.0,0.0,100.0,0.0,200.0,0.0,100.0,12055.0,100.0,49617966904.0,100.0,95160926568.0
2019-07-30,ZCH0C5JQ,ST12000NM0007,12000138625024,0,84.0,242869592.0,95.0,0.0,100.0,4.0,100.0,0.0,84.0,271475493.0,87.0,12232.0,100.0,0.0,100.0,3.0,,,,,100.0,0.0,100.0,0.0,,,76.0,24.0,,,100.0,223.0,100.0,723.0,24.0,24.0,100.0,0.0,100.0,0.0,200.0,0.0,100.0,12071.0,100.0,49677129856.0,100.0,95341334336.0
2019-07-31,ZCH0C5JQ,ST12000NM0007,12000138625024,0,81.0,122753912.0,95.0,0.0,100.0,4.0,100.0,0.0,84.0,275919062.0,86.0,12264.0,100.0,0.0,100.0,3.0,,,,,100.0,0.0,100.0,0.0,,,76.0,24.0,,,100.0,223.0,100.0,725.0,24.0,24.0,100.0,0.0,100.0,0.0,200.0,0.0,100.0,12102.0,100.0,49738759952.0,100.0,95647869864.0
2019-08-01,ZCH0C5JQ,ST12000NM0007,12000138625024,0,76.0,43031672.0,95.0,0.0,100.0,4.0,100.0,0.0,84.0,277530128.0,86.0,12279.0,100.0,0.0,100.0,3.0,,,,,100.0,0.0,100.0,0.0,,,76.0,24.0,,,100.0,223.0,100.0,726.0,24.0,24.0,100.0,0.0,100.0,0.0,200.0,0.0,100.0,12118.0,100.0,49773536512.0,100.0,95777511904.0
2019-08-02,ZCH0C5JQ,ST12000NM0007,12000138625024,0,81.0,140589848.0,95.0,0.0,100.0,4.0,100.0,0.0,84.0,281288363.0,86.0,12311.0,100.0,0.0,100.0,3.0,,,,,100.0,0.0,100.0,0.0,,,75.0,25.0,,,100.0,224.0,100.0,727.0,25.0,25.0,100.0,0.0,100.0,0.0,200.0,0.0,100.0,12149.0,100.0,49850806304.0,100.0,96041941040.0
2019-08-03,ZCH0C5JQ,ST12000NM0007,12000138625024,0,81.0,127306616.0,95.0,0.0,100.0,4.0,100.0,0.0,85.0,283072410.0,86.0,12327.0,100.0,0.0,100.0,3.0,,,,,100.0,0.0,100.0,0.0,,,76.0,24.0,,,100.0,225.0,100.0,728.0,24.0,24.0,100.0,0.0,100.0,0.0,200.0,0.0,100.0,12165.0,100.0,49885762288.0,100.0,96237842656.0
2019-08-04,ZCH0C5JQ,ST12000NM0007,12000138625024,0,82.0,160608256.0,95.0,0.0,100.0,4.0,100.0,0.0,85.0,286969302.0,86.0,12358.0,100.0,0.0,100.0,3.0,,,,,100.0,0.0,100.0,0.0,,,75.0,25.0,,,100.0,226.0,100.0,729.0,25.0,25.0,100.0,0.0,100.0,0.0,200.0,0.0,100.0,12196.0,100.0,49983127288.0,100.0,96662061296.0
2019-08-05,ZCH0C5JQ,ST12000NM0007,12000138625024,0,83.0,202789416.0,95.0,0.0,100.0,4.0,100.0,0.0,85.0,290406535.0,86.0,12374.0,100.0,0.0,100.0,3.0,,,,,100.0,0.0,100.0,0.0,,,76.0,24.0,,,100.0,226.0,100.0,730.0,24.0,24.0,100.0,0.0,100.0,0.0,200.0,0.0,100.0,12212.0,100.0,50041230232.0,100.0,96890280216.0
2019-08-06,ZCH0C5JQ,ST12000NM0007,12000138625024,0,83.0,220399920.0,95.0,0.0,100.0,4.0,100.0,0.0,85.0,294137793.0,86.0,12406.0,100.0,0.0,100.0,3.0,,,,,100.0,0.0,100.0,0.0,,,76.0,24.0,,,100.0,226.0,100.0,731.0,24.0,24.0,100.0,0.0,100.0,0.0,200.0,0.0,100.0,12244.0,100.0,50121535672.0,100.0,97315866640.0
2019-08-07,ZCH0C5JQ,ST12000NM0007,12000138625024,0,72.0,16587632.0,95.0,0.0,100.0,4.0,100.0,0.0,85.0,301630152.0,86.0,12437.0,100.0,0.0,100.0,3.0,,,,,100.0,0.0,100.0,0.0,,,76.0,24.0,,,100.0,228.0,100.0,733.0,24.0,24.0,100.0,0.0,100.0,0.0,200.0,0.0,100.0,12275.0,100.0,50237652880.0,100.0,97728359184.0
2019-08-08,ZCH0C5JQ,ST12000NM0007,12000138625024,0,75.0,31545656.0,95.0,0.0,100.0,4.0,100.0,0.0,85.0,304074614.0,86.0,12453.0,100.0,0.0,100.0,3.0,,,,,100.0,0.0,100.0,0.0,,,76.0,24.0,,,100.0,228.0,100.0,733.0,24.0,24.0,100.0,0.0,100.0,0.0,200.0,0.0,100.0,12291.0,100.0,50295813528.0,100.0,97929297320.0
2019-08-09,ZCH0C5JQ,ST12000NM0007,12000138625024,0,84.0,229358552.0,95.0,0.0,100.0,4.0,100.0,0.0,85.0,308408847.0,86.0,12485.0,100.0,0.0,100.0,3.0,,,,,100.0,0.0,100.0,0.0,,,75.0,25.0,,,100.0,229.0,100.0,735.0,25.0,25.0,100.0,0.0,100.0,0.0,200.0,0.0,100.0,12322.0,100.0,50394127328.0,100.0,98272937384.0
2019-08-10,ZCH0C5JQ,ST12000NM0007,12000138625024,0,84.0,235970696.0,95.0,0.0,100.0,4.0,100.0,0.0,85.0,310552696.0,86.0,12501.0,100.0,0.0,100.0,3.0,,,,,100.0,0.0,100.0,0.0,,,76.0,24.0,,,100.0,229.0,100.0,735.0,24.0,24.0,100.0,0.0,100.0,0.0,200.0,0.0,100.0,12338.0,100.0,50445691776.0,100.0,98472126000.0
2019-08-11,ZCH0C5JQ,ST12000NM0007,12000138625024,0,82.0,170037424.0,95.0,0.0,100.0,4.0,100.0,0.0,85.0,316306431.0,86.0,12532.0,100.0,0.0,100.0,3.0,,,,,100.0,0.0,100.0,0.0,,,75.0,25.0,,,100.0,230.0,100.0,737.0,25.0,25.0,100.0,0.0,100.0,0.0,200.0,0.0,100.0,12370.0,100.0,50598127056.0,100.0,98986179624.0
2019-08-12,ZCH0C5JQ,ST12000NM0007,12000138625024,0,79.0,85179120.0,95.0,0.0,100.0,4.0,100.0,0.0,85.0,319980184.0,86.0,12548.0,100.0,0.0,100.0,3.0,,,,,100.0,0.0,100.0,0.0,,,76.0,24.0,,,100.0,230.0,100.0,737.0,24.0,24.0,100.0,0.0,100.0,0.0,200.0,0.0,100.0,12386.0,100.0,50697570576.0,100.0,99290159448.0
2019-08-13,ZCH0C5JQ,ST12000NM0007,12000138625024,0,100.0,21240.0,95.0,0.0,100.0,4.0,100.0,0.0,85.0,325263233.0,86.0,12580.0,100.0,0.0,100.0,3.0,,,,,100.0,0.0,100.0,0.0,,,75.0,25.0,,,100.0,230.0,100.0,739.0,25.0,25.0,100.0,0.0,100.0,0.0,200.0,0.0,100.0,12417.0,100.0,50866838616.0,100.0,99768155936.0
2019-08-14,ZCH0C5JQ,ST12000NM0007,12000138625024,0,84.0,227123168.0,95.0,0.0,100.0,4.0,100.0,0.0,85.0,328821513.0,86.0,12596.0,100.0,0.0,100.0,3.0,,,,,100.0,0.0,100.0,0.0,,,76.0,24.0,,,100.0,230.0,100.0,739.0,24.0,24.0,100.0,0.0,100.0,0.0,200.0,0.0,100.0,12433.0,100.0,50934950960.0,100.0,99927145520.0
2019-08-15,ZCH0C5JQ,ST12000NM0007,12000138625024,0,82.0,149181088.0,95.0,0.0,100.0,4.0,100.0,0.0,85.0,333552219.0,86.0,12627.0,100.0,0.0,100.0,3.0,,,,,100.0,0.0,100.0,0.0,,,74.0,26.0,,,100.0,231.0,100.0,741.0,26.0,26.0,100.0,0.0,100.0,0.0,200.0,0.0,100.0,12464.0,100.0,51000855624.0,100.0,100271580216.0
2019-08-16,ZCH0C5JQ,ST12000NM0007,12000138625024,0,81.0,136092008.0,95.0,0.0,100.0,4.0,100.0,0.0,85.0,335858373.0,86.0,12643.0,100.0,0.0,100.0,3.0,,,,,100.0,0.0,100.0,0.0,,,75.0,25.0,,,100.0,231.0,100.0,741.0,25.0,25.0,100.0,0.0,100.0,0.0,200.0,0.0,100.0,12480.0,100.0,51021659240.0,100.0,100481828152.0
2019-08-17,ZCH0C5JQ,ST12000NM0007,12000138625024,0,84.0,233603008.0,95.0,0.0,100.0,4.0,100.0,0.0,85.0,340099289.0,86.0,12675.0,100.0,0.0,100.0,3.0,,,,,100.0,0.0,100.0,0.0,,,74.0,26.0,,,100.0,231.0,100.0,742.0,26.0,26.0,100.0,0.0,100.0,0.0,200.0,0.0,100.0,12512.0,100.0,51090838544.0,100.0,100754300536.0
2019-08-18,ZCH0C5JQ,ST12000NM0007,12000138625024,0,80.0,104934168.0,95.0,0.0,100.0,4.0,100.0,0.0,85.0,342051455.0,86.0,12691.0,100.0,0.0,100.0,3.0,,,,,100.0,0.0,100.0,0.0,,,76.0,24.0,,,100.0,231.0,100.0,743.0,24.0,24.0,100.0,0.0,100.0,0.0,200.0,0.0,100.0,12527.0,100.0,51135038216.0,100.0,100825572728.0
2019-08-19,ZCH0C5JQ,ST12000NM0007,12000138625024,0,80.0,91123584.0,95.0,0.0,100.0,4.0,100.0,0.0,85.0,347753004.0,86.0,12722.0,100.0,0.0,100.0,3.0,,,,,100.0,0.0,100.0,0.0,,,76.0,24.0,,,100.0,231.0,100.0,744.0,24.0,24.0,100.0,0.0,100.0,0.0,200.0,0.0,100.0,12559.0,100.0,51206073264.0,100.0,101229008904.0
2019-08-20,ZCH0C5JQ,ST12000NM0007,12000138625024,0,80.0,89351720.0,95.0,0.0,100.0,4.0,100.0,0.0,85.0,350019595.0,86.0,12738.0,100.0,0.0,100.0,3.0,,,,,100.0,0.0,100.0,0.0,,,76.0,24.0,,,100.0,231.0,100.0,745.0,24.0,24.0,100.0,0.0,100.0,0.0,200.0,0.0,100.0,12575.0,100.0,51260163712.0,100.0,101417287360.0
2019-08-21,ZCH0C5JQ,ST12000NM0007,12000138625024,0,84.0,228263464.0,95.0,0.0,100.0,4.0,100.0,0.0,86.0,355378747.0,86.0,12770.0,100.0,0.0,100.0,3.0,,,,,100.0,0.0,100.0,0.0,,,76.0,24.0,,,100.0,231.0,100.0,747.0,24.0,24.0,100.0,0.0,100.0,0.0,200.0,0.0,100.0,12606.0,100.0,51347474632.0,100.0,101713029088.0
2019-08-22,ZCH0C5JQ,ST12000NM0007,12000138625024,0,82.0,169993832.0,95.0,0.0,100.0,4.0,100.0,0.0,86.0,357482392.0,86.0,12786.0,100.0,0.0,100.0,3.0,,,,,100.0,0.0,100.0,0.0,,,76.0,24.0,,,100.0,231.0,100.0,747.0,24.0,24.0,100.0,0.0,100.0,0.0,200.0,0.0,100.0,12622.0,100.0,51380088848.0,100.0,101866285944.0
2019-08-23,ZCH0C5JQ,ST12000NM0007,12000138625024,0,80.0,110962464.0,95.0,0.0,100.0,4.0,100.0,0.0,86.0,361246246.0,86.0,12817.0,100.0,0.0,100.0,3.0,,,,,100.0,0.0,100.0,0.0,,,74.0,26.0,,,100.0,232.0,100.0,749.0,26.0,26.0,100.0,0.0,100.0,0.0,200.0,0.0,100.0,12653.0,100.0,51451249528.0,100.0,102224375496.0
2019-08-24,ZCH0C5JQ,ST12000NM0007,12000138625024,0,82.0,169118264.0,95.0,0.0,100.0,4.0,100.0,0.0,86.0,363707921.0,86.0,12833.0,100.0,0.0,100.0,3.0,,,,,100.0,0.0,100.0,0.0,,,76.0,24.0,,,100.0,232.0,100.0,749.0,24.0,24.0,100.0,0.0,100.0,0.0,200.0,0.0,100.0,12669.0,100.0,51520364600.0,100.0,102457556952.0
2019-08-25,ZCH0C5JQ,ST12000NM0007,12000138625024,0,83.0,197499408.0,95.0,0.0,100.0,4.0,100.0,0.0,86.0,368116035.0,86.0,12865.0,100.0,0.0,100.0,3.0,,,,,100.0,0.0,100.0,0.0,,,75.0,25.0,,,100.0,234.0,100.0,751.0,25.0,25.0,100.0,0.0,100.0,0.0,200.0,0.0,100.0,12701.0,100.0,51605262224.0,100.0,102889321952.0
2019-08-26,ZCH0C5JQ,ST12000NM0007,12000138625024,0,84.0,240863888.0,95.0,0.0,100.0,4.0,100.0,0.0,86.0,375479533.0,86.0,12912.0,100.0,0.0,100.0,3.0,,,,,100.0,0.0,100.0,0.0,,,74.0,26.0,,,100.0,234.0,100.0,752.0,26.0,26.0,100.0,0.0,100.0,0.0,200.0,0.0,100.0,12748.0,100.0,51743032080.0,100.0,103527339144.0
2019-08-27,ZCH0C5JQ,ST12000NM0007,12000138625024,0,84.0,240863888.0,95.0,0.0,100.0,4.0,100.0,0.0,86.0,375479533.0,86.0,12912.0,100.0,0.0,100.0,3.0,,,,,100.0,0.0,100.0,0.0,,,74.0,26.0,,,100.0,234.0,100.0,752.0,26.0,26.0,100.0,0.0,100.0,0.0,200.0,0.0,100.0,12748.0,100.0,51743032080.0,100.0,103527339144.0
2019-08-28,ZCH0C5JQ,ST12000NM0007,12000138625024,0,84.0,230088760.0,95.0,0.0,100.0,4.0,100.0,0.0,86.0,382046345.0,86.0,12944.0,100.0,0.0,100.0,3.0,,,,,100.0,0.0,100.0,0.0,,,76.0,24.0,,,100.0,235.0,100.0,754.0,24.0,24.0,100.0,0.0,100.0,0.0,200.0,0.0,100.0,12779.0,100.0,51823388168.0,100.0,103924489520.0
2019-08-29,ZCH0C5JQ,ST12000NM0007,12000138625024,0,77.0,48144632.0,95.0,0.0,100.0,4.0,100.0,0.0,86.0,384580295.0,86.0,12960.0,100.0,0.0,100.0,3.0,,,,,100.0,0.0,100.0,0.0,,,75.0,25.0,,,100.0,235.0,100.0,755.0,25.0,25.0,100.0,0.0,100.0,0.0,200.0,0.0,100.0,12795.0,100.0,51888654488.0,100.0,104165560360.0
2019-08-30,ZCH0C5JQ,ST12000NM0007,12000138625024,0,81.0,130495648.0,95.0,0.0,100.0,4.0,100.0,0.0,86.0,388626444.0,86.0,12991.0,100.0,0.0,100.0,3.0,,,,,100.0,0.0,100.0,0.0,,,76.0,24.0,,,100.0,235.0,100.0,756.0,24.0,24.0,100.0,0.0,100.0,0.0,200.0,0.0,100.0,12827.0,100.0,51955351944.0,100.0,104669495800.0
2019-08-31,ZCH0C5JQ,ST12000NM0007,12000138625024,0,83.0,199410480.0,95.0,0.0,100.0,4.0,100.0,0.0,86.0,390992116.0,86.0,13007.0,100.0,0.0,100.0,3.0,,,,,100.0,0.0,100.0,0.0,,,75.0,25.0,,,100.0,235.0,100.0,757.0,25.0,25.0,100.0,0.0,100.0,0.0,200.0,0.0,100.0,12843.0,100.0,52004694160.0,100.0,104933209264.0
2019-09-01,ZCH0C5JQ,ST12000NM0007,12000138625024,0,80.0,110196432.0,95.0,0.0,100.0,4.0,100.0,0.0,86.0,396862704.0,86.0,13039.0,100.0,0.0,100.0,3.0,,,,,100.0,0.0,100.0,0.0,,,75.0,25.0,,,100.0,235.0,100.0,758.0,25.0,25.0,100.0,0.0,100.0,0.0,200.0,0.0,100.0,12874.0,100.0,52112375320.0,100.0,105468736368.0
2019-09-02,ZCH0C5JQ,ST12000NM0007,12000138625024,0,81.0,140588344.0,95.0,0.0,100.0,4.0,100.0,0.0,86.0,399410104.0,86.0,13055.0,100.0,0.0,100.0,3.0,,,,,100.0,0.0,100.0,0.0,,,75.0,25.0,,,100.0,235.0,100.0,759.0,25.0,25.0,100.0,0.0,100.0,0.0,200.0,0.0,100.0,12890.0,100.0,52179244168.0,100.0,105676400168.0
2019-09-03,ZCH0C5JQ,ST12000NM0007,12000138625024,0,81.0,113605440.0,95.0,0.0,100.0,4.0,100.0,0.0,86.0,403114986.0,86.0,13087.0,100.0,0.0,100.0,3.0,,,,,100.0,0.0,100.0,0.0,,,76.0,24.0,,,100.0,235.0,100.0,760.0,24.0,24.0,100.0,0.0,100.0,0.0,200.0,0.0,100.0,12922.0,100.0,52259580128.0,100.0,106057363016.0
2019-09-04,ZCH0C5JQ,ST12000NM0007,12000138625024,0,79.0,71872776.0,95.0,0.0,100.0,4.0,100.0,0.0,86.0,406493692.0,86.0,13103.0,100.0,0.0,100.0,3.0,,,,,100.0,0.0,100.0,0.0,,,76.0,24.0,,,100.0,235.0,100.0,761.0,24.0,24.0,100.0,0.0,100.0,0.0,200.0,0.0,100.0,12937.0,100.0,52300282088.0,100.0,106219069232.0
2019-09-05,ZCH0C5JQ,ST12000NM0007,12000138625024,0,81.0,138933368.0,95.0,0.0,100.0,4.0,100.0,0.0,86.0,410843702.0,86.0,13118.0,100.0,0.0,100.0,3.0,,,,,100.0,0.0,100.0,0.0,,,76.0,24.0,,,100.0,235.0,100.0,761.0,24.0,24.0,100.0,0.0,100.0,0.0,200.0,0.0,100.0,12953.0,100.0,52354485888.0,100.0,106476066864.0
2019-09-06,ZCH0C5JQ,ST12000NM0007,12000138625024,0,81.0,129313488.0,95.0,0.0,100.0,4.0,100.0,0.0,86.0,414949371.0,85.0,13150.0,100.0,0.0,100.0,3.0,,,,,100.0,0.0,100.0,0.0,,,76.0,24.0,,,100.0,235.0,100.0,763.0,24.0,24.0,100.0,0.0,100.0,0.0,200.0,0.0,100.0,12984.0,100.0,52422072536.0,100.0,106887141704.0
2019-09-07,ZCH0C5JQ,ST12000NM0007,12000138625024,0,79.0,85406104.0,95.0,0.0,100.0,4.0,100.0,0.0,86.0,416946943.0,85.0,13166.0,100.0,0.0,100.0,3.0,,,,,100.0,0.0,100.0,0.0,,,76.0,24.0,,,100.0,235.0,100.0,764.0,24.0,24.0,100.0,0.0,100.0,0.0,200.0,0.0,100.0,13000.0,100.0,52459048240.0,100.0,107050399272.0
2019-09-08,ZCH0C5JQ,ST12000NM0007,12000138625024,0,73.0,18515280.0,95.0,0.0,100.0,4.0,100.0,0.0,86.0,421261865.0,85.0,13197.0,100.0,0.0,100.0,3.0,,,,,100.0,0.0,100.0,0.0,,,76.0,24.0,,,100.0,235.0,100.0,765.0,24.0,24.0,100.0,0.0,100.0,0.0,200.0,0.0,100.0,13032.0,100.0,52544487168.0,100.0,107386351464.0
2019-09-09,ZCH0C5JQ,ST12000NM0007,12000138625024,0,79.0,88997240.0,95.0,0.0,100.0,4.0,100.0,0.0,86.0,425511400.0,85.0,13213.0,100.0,0.0,100.0,3.0,,,,,100.0,0.0,100.0,0.0,,,76.0,24.0,,,100.0,235.0,100.0,766.0,24.0,24.0,100.0,0.0,100.0,0.0,200.0,0.0,100.0,13047.0,100.0,52595345928.0,100.0,107650115304.0
2019-09-10,ZCH0C5JQ,ST12000NM0007,12000138625024,0,84.0,242901960.0,95.0,0.0,100.0,4.0,100.0,0.0,86.0,429049140.0,85.0,13245.0,100.0,0.0,100.0,3.0,,,,,100.0,0.0,100.0,0.0,,,77.0,23.0,,,100.0,235.0,100.0,767.0,23.0,23.0,100.0,0.0,100.0,0.0,200.0,0.0,100.0,13079.0,100.0,52649970400.0,100.0,107993536336.0
2019-09-11,ZCH0C5JQ,ST12000NM0007,12000138625024,0,79.0,76032328.0,95.0,0.0,100.0,4.0,100.0,0.0,86.0,434977020.0,85.0,13276.0,100.0,0.0,100.0,3.0,,,,,100.0,0.0,100.0,0.0,,,75.0,25.0,,,100.0,235.0,100.0,768.0,25.0,25.0,100.0,0.0,100.0,0.0,200.0,0.0,100.0,13111.0,100.0,52762699800.0,100.0,108446359512.0
2019-09-12,ZCH0C5JQ,ST12000NM0007,12000138625024,0,81.0,131262160.0,95.0,0.0,100.0,4.0,100.0,0.0,86.0,437518547.0,85.0,13292.0,100.0,0.0,100.0,3.0,,,,,100.0,0.0,100.0,0.0,,,76.0,24.0,,,100.0,235.0,100.0,769.0,24.0,24.0,100.0,0.0,100.0,0.0,200.0,0.0,100.0,13126.0,100.0,52817590200.0,100.0,108690840040.0
2019-09-13,ZCH0C5JQ,ST12000NM0007,12000138625024,0,74.0,27905728.0,95.0,0.0,100.0,4.0,100.0,0.0,86.0,441445429.0,85.0,13324.0,100.0,0.0,100.0,3.0,,,,,100.0,0.0,100.0,0.0,,,76.0,24.0,,,100.0,235.0,100.0,770.0,24.0,24.0,100.0,0.0,100.0,0.0,200.0,0.0,100.0,13158.0,100.0,52884573112.0,100.0,109008782016.0
2019-09-14,ZCH0C5JQ,ST12000NM0007,12000138625024,0,72.0,17124384.0,95.0,0.0,100.0,4.0,100.0,0.0,86.0,443420186.0,85.0,13339.0,100.0,0.0,100.0,3.0,,,,,100.0,0.0,100.0,0.0,,,76.0,24.0,,,100.0,235.0,100.0,771.0,24.0,24.0,100.0,0.0,100.0,0.0,200.0,0.0,100.0,13173.0,100.0,52912722200.0,100.0,109213992416.0
2019-09-15,ZCH0C5JQ,ST12000NM0007,12000138625024,0,83.0,191466992.0,95.0,0.0,100.0,4.0,100.0,0.0,87.0,449104035.0,85.0,13371.0,100.0,0.0,100.0,3.0,,,,,100.0,0.0,100.0,0.0,,,75.0,25.0,,,100.0,235.0,100.0,772.0,25.0,25.0,100.0,0.0,100.0,0.0,200.0,0.0,100.0,13205.0,100.0,53063578688.0,100.0,109725759856.0
2019-09-16,ZCH0C5JQ,ST12000NM0007,12000138625024,0,76.0,43638264.0,95.0,0.0,100.0,4.0,100.0,0.0,87.0,452748787.0,85.0,13387.0,100.0,0.0,100.0,3.0,,,,,100.0,0.0,100.0,0.0,,,76.0,24.0,,,100.0,235.0,100.0,773.0,24.0,24.0,100.0,0.0,100.0,0.0,200.0,0.0,100.0,13221.0,100.0,53148289696.0,100.0,109981501912.0
2019-09-17,ZCH0C5JQ,ST12000NM0007,12000138625024,0,70.0,11169448.0,95.0,0.0,100.0,4.0,100.0,0.0,87.0,456633980.0,85.0,13419.0,100.0,0.0,100.0,3.0,,,,,100.0,0.0,100.0,0.0,,,76.0,24.0,,,100.0,235.0,100.0,774.0,24.0,24.0,100.0,0.0,100.0,0.0,200.0,0.0,100.0,13252.0,100.0,53215929104.0,100.0,110369675072.0
2019-09-18,ZCH0C5JQ,ST12000NM0007,12000138625024,0,83.0,193294528.0,95.0,0.0,100.0,4.0,100.0,0.0,87.0,459665617.0,85.0,13435.0,100.0,0.0,100.0,3.0,,,,,100.0,0.0,100.0,0.0,,,76.0,24.0,,,100.0,235.0,100.0,775.0,24.0,24.0,100.0,0.0,100.0,0.0,200.0,0.0,100.0,13268.0,100.0,53261323336.0,100.0,110506405920.0
2019-09-19,ZCH0C5JQ,ST12000NM0007,12000138625024,0,83.0,203270808.0,95.0,0.0,100.0,4.0,100.0,0.0,87.0,464722062.0,85.0,13466.0,100.0,0.0,100.0,3.0,,,,,100.0,0.0,100.0,0.0,,,75.0,25.0,,,100.0,235.0,100.0,776.0,25.0,25.0,100.0,0.0,100.0,0.0,200.0,0.0,100.0,13299.0,100.0,53316882928.0,100.0,110949104232.0
2019-09-20,ZCH0C5JQ,ST12000NM0007,12000138625024,0,83.0,199426176.0,95.0,0.0,100.0,4.0,100.0,0.0,87.0,466797885.0,85.0,13482.0,100.0,0.0,100.0,3.0,,,,,100.0,0.0,100.0,0.0,,,75.0,25.0,,,100.0,235.0,100.0,777.0,25.0,25.0,100.0,0.0,100.0,0.0,200.0,0.0,100.0,13315.0,100.0,53358362840.0,100.0,111147920464.0
2019-09-21,ZCH0C5JQ,ST12000NM0007,12000138625024,0,69.0,7427872.0,95.0,0.0,100.0,4.0,100.0,0.0,87.0,471033579.0,85.0,13514.0,100.0,0.0,100.0,3.0,,,,,100.0,0.0,100.0,0.0,,,76.0,24.0,,,100.0,235.0,100.0,778.0,24.0,24.0,100.0,0.0,100.0,0.0,200.0,0.0,100.0,13347.0,100.0,53458706232.0,100.0,111588000976.0
2019-09-22,ZCH0C5JQ,ST12000NM0007,12000138625024,0,83.0,221725064.0,95.0,0.0,100.0,4.0,100.0,0.0,87.0,472887224.0,85.0,13530.0,100.0,0.0,100.0,3.0,,,,,100.0,0.0,100.0,0.0,,,77.0,23.0,,,100.0,235.0,100.0,779.0,23.0,23.0,100.0,0.0,100.0,0.0,200.0,0.0,100.0,13362.0,100.0,53498177528.0,100.0,111762826872.0
2019-09-23,ZCH0C5JQ,ST12000NM0007,12000138625024,0,83.0,191021800.0,95.0,0.0,100.0,4.0,100.0,0.0,87.0,478131012.0,85.0,13561.0,100.0,0.0,100.0,3.0,,,,,100.0,0.0,100.0,0.0,,,75.0,25.0,,,100.0,235.0,100.0,780.0,25.0,25.0,100.0,0.0,100.0,0.0,200.0,0.0,100.0,13394.0,100.0,53567135272.0,100.0,112151447256.0
2019-09-24,ZCH0C5JQ,ST12000NM0007,12000138625024,0,84.0,235363856.0,95.0,0.0,100.0,4.0,100.0,0.0,87.0,480041285.0,85.0,13577.0,100.0,0.0,100.0,3.0,,,,,100.0,0.0,100.0,0.0,,,76.0,24.0,,,100.0,236.0,100.0,781.0,24.0,24.0,100.0,0.0,100.0,0.0,200.0,0.0,100.0,13410.0,100.0,53598571464.0,100.0,112408493768.0
2019-09-25,ZCH0C5JQ,ST12000NM0007,12000138625024,0,81.0,139380112.0,95.0,0.0,100.0,4.0,100.0,0.0,87.0,485299518.0,85.0,13609.0,100.0,0.0,100.0,3.0,,,,,100.0,0.0,100.0,0.0,,,75.0,25.0,,,100.0,236.0,100.0,783.0,25.0,25.0,100.0,0.0,100.0,0.0,200.0,0.0,100.0,13441.0,100.0,53671562680.0,100.0,112727800208.0
2019-09-26,ZCH0C5JQ,ST12000NM0007,12000138625024,0,81.0,138771072.0,95.0,0.0,100.0,4.0,100.0,0.0,87.0,487665069.0,85.0,13625.0,100.0,0.0,100.0,3.0,,,,,100.0,0.0,100.0,0.0,,,76.0,24.0,,,100.0,236.0,100.0,783.0,24.0,24.0,100.0,0.0,100.0,0.0,200.0,0.0,100.0,13457.0,100.0,53695981752.0,100.0,112946912728.0
2019-09-27,ZCH0C5JQ,ST12000NM0007,12000138625024,0,82.0,150702848.0,95.0,0.0,100.0,4.0,100.0,0.0,87.0,491321454.0,85.0,13656.0,100.0,0.0,100.0,3.0,,,,,100.0,0.0,100.0,0.0,,,76.0,24.0,,,100.0,236.0,100.0,785.0,24.0,24.0,100.0,0.0,100.0,0.0,200.0,0.0,100.0,13489.0,100.0,53744301696.0,100.0,113398805928.0
2019-09-28,ZCH0C5JQ,ST12000NM0007,12000138625024,0,82.0,156740144.0,95.0,0.0,100.0,4.0,100.0,0.0,87.0,493364359.0,85.0,13672.0,100.0,0.0,100.0,3.0,,,,,100.0,0.0,100.0,0.0,,,74.0,26.0,,,100.0,236.0,100.0,785.0,26.0,26.0,100.0,0.0,100.0,0.0,200.0,0.0,100.0,13504.0,100.0,53776643320.0,100.0,113616642344.0
2019-09-29,ZCH0C5JQ,ST12000NM0007,12000138625024,0,70.0,9692168.0,95.0,0.0,100.0,4.0,100.0,0.0,87.0,497877211.0,85.0,13704.0,100.0,0.0,100.0,3.0,,,,,100.0,0.0,100.0,0.0,,,73.0,27.0,,,100.0,237.0,100.0,787.0,27.0,27.0,100.0,0.0,100.0,0.0,200.0,0.0,100.0,13536.0,100.0,53860227224.0,100.0,114118432728.0
2019-09-30,ZCH0C5JQ,ST12000NM0007,12000138625024,0,83.0,223796296.0,95.0,0.0,100.0,4.0,100.0,0.0,87.0,503655862.0,85.0,13736.0,100.0,0.0,100.0,3.0,,,,,100.0,0.0,100.0,0.0,,,73.0,27.0,,,100.0,237.0,100.0,788.0,27.0,27.0,100.0,0.0,100.0,0.0,200.0,0.0,100.0,13568.0,100.0,53972198608.0,100.0,114464706328.0
2019-10-01,ZCH0C5JQ,ST12000NM0007,12000138625024,0,84.0,226969328.0,95.0,0.0,100.0,4.0,100.0,0.0,87.0,505851446.0,85.0,13751.0,100.0,0.0,100.0,3.0,,,,,100.0,0.0,100.0,0.0,,,73.0,27.0,,,100.0,238.0,100.0,789.0,27.0,27.0,100.0,0.0,100.0,0.0,200.0,0.0,100.0,13583.0,100.0,53997283712.0,100.0,114686934920.0
2019-10-02,ZCH0C5JQ,ST12000NM0007,12000138625024,0,83.0,200085728.0,95.0,0.0,100.0,4.0,100.0,0.0,87.0,508967945.0,85.0,13767.0,100.0,0.0,100.0,3.0,,,,,100.0,0.0,100.0,0.0,,,73.0,27.0,,,100.0,238.0,100.0,789.0,27.0,27.0,100.0,0.0,100.0,0.0,200.0,0.0,100.0,13599.0,100.0,54025554344.0,100.0,114875921480.0
2019-10-03,ZCH0C5JQ,ST12000NM0007,12000138625024,0,83.0,217893450.0,94.0,0.0,100.0,5.0,100.0,0.0,87.0,512272959.0,85.0,13799.0,100.0,0.0,100.0,4.0,,,,,100.0,0.0,100.0,0.0,,,74.0,26.0,,,100.0,238.0,100.0,793.0,26.0,26.0,100.0,0.0,100.0,0.0,200.0,0.0,100.0,13631.0,100.0,54083796168.0,100.0,115079628258.0
2019-10-04,ZCH0C5JQ,ST12000NM0007,12000138625024,0,81.0,119456488.0,94.0,0.0,100.0,5.0,100.0,0.0,87.0,516087803.0,85.0,13815.0,100.0,0.0,100.0,4.0,,,,,100.0,0.0,100.0,0.0,,,73.0,27.0,,,100.0,238.0,100.0,793.0,27.0,27.0,100.0,0.0,100.0,0.0,200.0,0.0,100.0,13647.0,100.0,54110362008.0,100.0,115198766090.0
2019-10-05,ZCH0C5JQ,ST12000NM0007,12000138625024,0,76.0,36350168.0,94.0,0.0,100.0,5.0,100.0,0.0,87.0,518539966.0,85.0,13847.0,100.0,0.0,100.0,4.0,,,,,100.0,0.0,100.0,0.0,,,73.0,27.0,,,100.0,238.0,100.0,795.0,27.0,27.0,100.0,0.0,100.0,0.0,200.0,0.0,100.0,13678.0,100.0,54143292864.0,100.0,115326869642.0
2019-10-06,ZCH0C5JQ,ST12000NM0007,12000138625024,0,82.0,154954440.0,94.0,0.0,100.0,5.0,100.0,0.0,87.0,519954405.0,85.0,13862.0,100.0,0.0,100.0,4.0,,,,,100.0,0.0,100.0,0.0,,,73.0,27.0,,,100.0,239.0,100.0,796.0,27.0,27.0,100.0,0.0,100.0,0.0,200.0,0.0,100.0,13694.0,100.0,54159242480.0,100.0,115429524298.0
2019-10-07,ZCH0C5JQ,ST12000NM0007,12000138625024,0,82.0,169461384.0,94.0,0.0,100.0,5.0,100.0,0.0,87.0,524676880.0,85.0,13894.0,100.0,0.0,100.0,4.0,,,,,100.0,0.0,100.0,0.0,,,73.0,27.0,,,100.0,240.0,100.0,797.0,27.0,27.0,100.0,0.0,100.0,0.0,200.0,0.0,100.0,13725.0,100.0,54192358296.0,100.0,115655056346.0
2019-10-08,ZCH0C5JQ,ST12000NM0007,12000138625024,0,78.0,63265184.0,94.0,0.0,100.0,5.0,100.0,0.0,87.0,526434098.0,85.0,13910.0,100.0,0.0,100.0,4.0,,,,,100.0,0.0,100.0,0.0,,,73.0,27.0,,,100.0,241.0,100.0,798.0,27.0,27.0,100.0,0.0,100.0,0.0,200.0,0.0,100.0,13741.0,100.0,54221925568.0,100.0,115763433570.0
2019-10-09,ZCH0C5JQ,ST12000NM0007,12000138625024,0,80.0,97009368.0,94.0,0.0,100.0,5.0,100.0,0.0,87.0,531393691.0,85.0,13942.0,100.0,0.0,100.0,4.0,,,,,100.0,0.0,100.0,0.0,,,72.0,28.0,,,100.0,241.0,100.0,799.0,28.0,28.0,100.0,0.0,100.0,0.0,200.0,0.0,100.0,13773.0,100.0,54303761696.0,100.0,115959482946.0
2019-10-10,ZCH0C5JQ,ST12000NM0007,12000138625024,0,80.0,106397280.0,94.0,0.0,100.0,5.0,100.0,0.0,87.0,534854530.0,85.0,13973.0,100.0,0.0,100.0,4.0,,,,,100.0,0.0,100.0,0.0,,,74.0,26.0,,,100.0,243.0,100.0,801.0,26.0,26.0,100.0,0.0,100.0,0.0,200.0,0.0,100.0,13804.0,100.0,54352105968.0,100.0,116164667226.0
2019-10-11,ZCH0C5JQ,ST12000NM0007,12000138625024,0,84.0,229118568.0,94.0,0.0,100.0,5.0,100.0,0.0,87.0,536046043.0,85.0,13989.0,100.0,0.0,100.0,4.0,,,,,100.0,0.0,100.0,0.0,,,74.0,26.0,,,100.0,243.0,100.0,801.0,26.0,26.0,100.0,0.0,100.0,0.0,200.0,0.0,100.0,13820.0,100.0,54365069920.0,100.0,116274424562.0
2019-10-12,ZCH0C5JQ,ST12000NM0007,12000138625024,0,82.0,166242448.0,94.0,0.0,100.0,5.0,100.0,0.0,87.0,537796911.0,84.0,14021.0,100.0,0.0,100.0,4.0,,,,,100.0,0.0,100.0,0.0,,,74.0,26.0,,,100.0,244.0,100.0,803.0,26.0,26.0,100.0,0.0,100.0,0.0,200.0,0.0,100.0,13851.0,100.0,54384901616.0,100.0,116435857578.0
2019-10-13,ZCH0C5JQ,ST12000NM0007,12000138625024,0,71.0,12344432.0,94.0,0.0,100.0,5.0,100.0,0.0,87.0,538562489.0,84.0,14037.0,100.0,0.0,100.0,4.0,,,,,100.0,0.0,100.0,0.0,,,75.0,25.0,,,100.0,244.0,100.0,803.0,25.0,25.0,100.0,0.0,100.0,0.0,200.0,0.0,100.0,13867.0,100.0,54393466712.0,100.0,116517535218.0
2019-10-14,ZCH0C5JQ,ST12000NM0007,12000138625024,0,84.0,240797424.0,94.0,0.0,100.0,5.0,100.0,0.0,87.0,542554683.0,84.0,14069.0,100.0,0.0,100.0,4.0,,,,,100.0,0.0,100.0,0.0,,,73.0,27.0,,,100.0,244.0,100.0,804.0,27.0,27.0,100.0,0.0,100.0,0.0,200.0,0.0,100.0,13899.0,100.0,54417891080.0,100.0,116721563842.0
2019-10-15,ZCH0C5JQ,ST12000NM0007,12000138625024,0,78.0,63649480.0,94.0,0.0,100.0,5.0,100.0,0.0,87.0,547381334.0,84.0,14116.0,100.0,0.0,100.0,4.0,,,,,100.0,0.0,100.0,0.0,,,74.0,26.0,,,100.0,246.0,100.0,806.0,26.0,26.0,100.0,0.0,100.0,0.0,200.0,0.0,100.0,13946.0,100.0,54455015920.0,100.0,116995572362.0
2019-10-16,ZCH0C5JQ,ST12000NM0007,12000138625024,0,78.0,63649480.0,94.0,0.0,100.0,5.0,100.0,0.0,87.0,547381334.0,84.0,14116.0,100.0,0.0,100.0,4.0,,,,,100.0,0.0,100.0,0.0,,,74.0,26.0,,,100.0,246.0,100.0,806.0,26.0,26.0,100.0,0.0,100.0,0.0,200.0,0.0,100.0,13946.0,100.0,54455015920.0,100.0,116995572362.0
2019-10-17,ZCH0C5JQ,ST12000NM0007,12000138625024,0,82.0,161568000.0,94.0,0.0,100.0,5.0,100.0,0.0,87.0,548334082.0,84.0,14132.0,100.0,0.0,100.0,4.0,,,,,100.0,0.0,100.0,0.0,,,75.0,25.0,,,100.0,246.0,100.0,808.0,25.0,25.0,100.0,0.0,100.0,0.0,200.0,0.0,100.0,13961.0,100.0,54468980040.0,100.0,117079526762.0
2019-10-18,ZCH0C5JQ,ST12000NM0007,12000138625024,0,79.0,87075480.0,94.0,0.0,100.0,5.0,100.0,0.0,87.0,550201238.0,84.0,14163.0,100.0,0.0,100.0,4.0,,,,,100.0,0.0,100.0,0.0,,,74.0,26.0,,,100.0,247.0,100.0,809.0,26.0,26.0,100.0,0.0,100.0,0.0,200.0,0.0,100.0,13993.0,100.0,54493657192.0,100.0,117224497778.0
2019-10-19,ZCH0C5JQ,ST12000NM0007,12000138625024,0,82.0,174142856.0,94.0,0.0,100.0,5.0,100.0,0.0,87.0,551220784.0,84.0,14179.0,100.0,0.0,100.0,4.0,,,,,100.0,0.0,100.0,0.0,,,74.0,26.0,,,100.0,248.0,100.0,810.0,26.0,26.0,100.0,0.0,100.0,0.0,200.0,0.0,100.0,14009.0,100.0,54506124264.0,100.0,117299098082.0
2019-10-20,ZCH0C5JQ,ST12000NM0007,12000138625024,0,82.0,150530208.0,94.0,0.0,100.0,5.0,100.0,0.0,87.0,554728167.0,84.0,14211.0,100.0,0.0,100.0,4.0,,,,,100.0,0.0,100.0,0.0,,,73.0,27.0,,,100.0,249.0,100.0,811.0,27.0,27.0,100.0,0.0,100.0,0.0,200.0,0.0,100.0,14041.0,100.0,54546207096.0,100.0,117479543418.0
2019-10-21,ZCH0C5JQ,ST12000NM0007,12000138625024,0,70.0,9723296.0,94.0,0.0,100.0,5.0,100.0,0.0,87.0,556789098.0,84.0,14227.0,100.0,0.0,100.0,4.0,,,,,100.0,0.0,100.0,0.0,,,74.0,26.0,,,100.0,250.0,100.0,812.0,26.0,26.0,100.0,0.0,100.0,0.0,200.0,0.0,100.0,14056.0,100.0,54569394704.0,100.0,117559689674.0
2019-10-22,ZCH0C5JQ,ST12000NM0007,12000138625024,0,83.0,188109200.0,94.0,0.0,100.0,5.0,100.0,0.0,87.0,559095475.0,84.0,14258.0,100.0,0.0,100.0,4.0,,,,,100.0,0.0,100.0,0.0,,,74.0,26.0,,,100.0,251.0,100.0,813.0,26.0,26.0,100.0,0.0,100.0,0.0,200.0,0.0,100.0,14088.0,100.0,54617965488.0,100.0,117689504794.0
2019-10-23,ZCH0C5JQ,ST12000NM0007,12000138625024,0,78.0,69255480.0,94.0,0.0,100.0,5.0,100.0,0.0,87.0,562171573.0,84.0,14274.0,100.0,0.0,100.0,4.0,,,,,100.0,0.0,100.0,0.0,,,74.0,26.0,,,100.0,251.0,100.0,814.0,26.0,26.0,100.0,0.0,100.0,0.0,200.0,0.0,100.0,14103.0,100.0,54658714360.0,100.0,117774042986.0
2019-10-24,ZCH0C5JQ,ST12000NM0007,12000138625024,0,80.0,106112648.0,94.0,0.0,100.0,5.0,100.0,0.0,88.0,566956022.0,84.0,14305.0,100.0,0.0,100.0,4.0,,,,,100.0,0.0,100.0,0.0,,,73.0,27.0,,,100.0,251.0,100.0,815.0,27.0,27.0,100.0,0.0,100.0,0.0,200.0,0.0,100.0,14135.0,100.0,54707443888.0,100.0,118006311266.0
2019-10-25,ZCH0C5JQ,ST12000NM0007,12000138625024,0,83.0,222345736.0,94.0,0.0,100.0,5.0,100.0,0.0,88.0,568162780.0,84.0,14321.0,100.0,0.0,100.0,4.0,,,,,100.0,0.0,100.0,0.0,,,73.0,27.0,,,100.0,251.0,100.0,815.0,27.0,27.0,100.0,0.0,100.0,0.0,200.0,0.0,100.0,14150.0,100.0,54726625968.0,100.0,118103362274.0
2019-10-26,ZCH0C5JQ,ST12000NM0007,12000138625024,0,75.0,35406624.0,94.0,0.0,100.0,5.0,100.0,0.0,88.0,570770463.0,84.0,14353.0,100.0,0.0,100.0,4.0,,,,,100.0,0.0,100.0,0.0,,,74.0,26.0,,,100.0,253.0,100.0,818.0,26.0,26.0,100.0,0.0,100.0,0.0,200.0,0.0,100.0,14182.0,100.0,54767769016.0,100.0,118363561548.0
2019-10-27,ZCH0C5JQ,ST12000NM0007,12000138625024,0,82.0,162552440.0,94.0,0.0,100.0,5.0,100.0,0.0,88.0,572256791.0,84.0,14368.0,100.0,0.0,100.0,4.0,,,,,100.0,0.0,100.0,0.0,,,73.0,27.0,,,100.0,253.0,100.0,818.0,27.0,27.0,100.0,0.0,100.0,0.0,200.0,0.0,100.0,14197.0,100.0,54795531984.0,100.0,118462944396.0
2019-10-28,ZCH0C5JQ,ST12000NM0007,12000138625024,0,83.0,218380528.0,94.0,0.0,100.0,5.0,100.0,0.0,88.0,576577670.0,84.0,14400.0,100.0,0.0,100.0,4.0,,,,,100.0,0.0,100.0,0.0,,,74.0,26.0,,,100.0,254.0,100.0,820.0,26.0,26.0,100.0,0.0,100.0,0.0,200.0,0.0,100.0,14228.0,100.0,54837908648.0,100.0,118720536668.0
2019-10-29,ZCH0C5JQ,ST12000NM0007,12000138625024,0,82.0,174630352.0,94.0,0.0,100.0,5.0,100.0,0.0,88.0,578066290.0,84.0,14416.0,100.0,0.0,100.0,4.0,,,,,100.0,0.0,100.0,0.0,,,74.0,26.0,,,100.0,254.0,100.0,820.0,26.0,26.0,100.0,0.0,100.0,0.0,200.0,0.0,100.0,14244.0,100.0,54856244840.0,100.0,118902591116.0
2019-10-30,ZCH0C5JQ,ST12000NM0007,12000138625024,0,84.0,244064040.0,94.0,0.0,100.0,5.0,100.0,0.0,88.0,582528765.0,84.0,14447.0,100.0,0.0,100.0,4.0,,,,,100.0,0.0,100.0,0.0,,,73.0,27.0,,,100.0,255.0,100.0,822.0,27.0,27.0,100.0,0.0,100.0,0.0,200.0,0.0,100.0,14275.0,100.0,54900573896.0,100.0,119171836612.0
2019-10-31,ZCH0C5JQ,ST12000NM0007,12000138625024,0,83.0,221916304.0,94.0,0.0,100.0,5.0,100.0,0.0,88.0,584192082.0,84.0,14463.0,100.0,0.0,100.0,4.0,,,,,100.0,0.0,100.0,0.0,,,73.0,27.0,,,100.0,255.0,100.0,822.0,27.0,27.0,100.0,0.0,100.0,0.0,200.0,0.0,100.0,14291.0,100.0,54942613288.0,100.0,119351796460.0
2019-11-01,ZCH0C5JQ,ST12000NM0007,12000138625024,0,82.0,162793216.0,94.0,0.0,100.0,5.0,100.0,0.0,88.0,587391956.0,84.0,14494.0,100.0,0.0,100.0,4.0,,,,,100.0,0.0,100.0,0.0,,,73.0,27.0,,,100.0,256.0,100.0,824.0,27.0,27.0,100.0,0.0,100.0,0.0,200.0,0.0,100.0,14323.0,100.0,54987385152.0,100.0,119736182948.0
2019-11-02,ZCH0C5JQ,ST12000NM0007,12000138625024,0,80.0,107063576.0,94.0,0.0,100.0,5.0,100.0,0.0,88.0,590464844.0,84.0,14526.0,100.0,0.0,100.0,4.0,,,,,100.0,0.0,100.0,0.0,,,73.0,27.0,,,100.0,256.0,100.0,825.0,27.0,27.0,100.0,0.0,100.0,0.0,200.0,0.0,100.0,14354.0,100.0,55048808112.0,100.0,120107312548.0
2019-11-03,ZCH0C5JQ,ST12000NM0007,12000138625024,0,79.0,79035512.0,94.0,0.0,100.0,5.0,100.0,0.0,88.0,592111114.0,84.0,14542.0,100.0,0.0,100.0,4.0,,,,,100.0,0.0,100.0,0.0,,,72.0,28.0,,,100.0,256.0,100.0,826.0,28.0,28.0,100.0,0.0,100.0,0.0,200.0,0.0,100.0,14370.0,100.0,55074628680.0,100.0,120297604676.0
2019-11-04,ZCH0C5JQ,ST12000NM0007,12000138625024,0,84.0,241702696.0,94.0,0.0,100.0,5.0,100.0,0.0,88.0,596760053.0,84.0,14574.0,100.0,0.0,100.0,4.0,,,,,100.0,0.0,100.0,0.0,,,72.0,28.0,,,100.0,256.0,100.0,827.0,28.0,28.0,100.0,0.0,100.0,0.0,200.0,0.0,100.0,14402.0,100.0,55124732672.0,100.0,120654308516.0
2019-11-05,ZCH0C5JQ,ST12000NM0007,12000138625024,0,81.0,136449848.0,94.0,0.0,100.0,5.0,100.0,0.0,88.0,597974725.0,84.0,14589.0,100.0,0.0,100.0,4.0,,,,,100.0,0.0,100.0,0.0,,,73.0,27.0,,,100.0,256.0,100.0,827.0,27.0,27.0,100.0,0.0,100.0,0.0,200.0,0.0,100.0,14417.0,100.0,55146792128.0,100.0,120771137180.0
2019-11-06,ZCH0C5JQ,ST12000NM0007,12000138625024,0,80.0,105716032.0,94.0,0.0,100.0,5.0,100.0,0.0,88.0,600443946.0,84.0,14605.0,100.0,0.0,100.0,4.0,,,,,100.0,0.0,100.0,0.0,,,73.0,27.0,,,100.0,257.0,100.0,828.0,27.0,27.0,100.0,0.0,100.0,0.0,200.0,0.0,100.0,14433.0,100.0,55174351808.0,100.0,120956984452.0
2019-11-07,ZCH0C5JQ,ST12000NM0007,12000138625024,0,83.0,200047576.0,94.0,0.0,100.0,5.0,100.0,0.0,88.0,604122554.0,84.0,14637.0,100.0,0.0,100.0,4.0,,,,,100.0,0.0,100.0,0.0,,,73.0,27.0,,,100.0,258.0,100.0,829.0,27.0,27.0,100.0,0.0,100.0,0.0,200.0,0.0,100.0,14464.0,100.0,55233455256.0,100.0,121236353180.0
2019-11-08,ZCH0C5JQ,ST12000NM0007,12000138625024,0,82.0,153063224.0,94.0,0.0,100.0,5.0,100.0,0.0,88.0,605753618.0,84.0,14653.0,100.0,0.0,100.0,4.0,,,,,100.0,0.0,100.0,0.0,,,73.0,27.0,,,100.0,259.0,100.0,830.0,27.0,27.0,100.0,0.0,100.0,0.0,200.0,0.0,100.0,14480.0,100.0,55257651056.0,100.0,121409313708.0
2019-11-09,ZCH0C5JQ,ST12000NM0007,12000138625024,0,78.0,56859944.0,94.0,0.0,100.0,5.0,100.0,0.0,88.0,609211590.0,84.0,14684.0,100.0,0.0,100.0,4.0,,,,,100.0,0.0,100.0,0.0,,,72.0,28.0,,,100.0,260.0,100.0,831.0,28.0,28.0,100.0,0.0,100.0,0.0,200.0,0.0,100.0,14512.0,100.0,55326065920.0,100.0,121732977460.0
2019-11-10,ZCH0C5JQ,ST12000NM0007,12000138625024,0,75.0,33585088.0,94.0,0.0,100.0,5.0,100.0,0.0,88.0,610798934.0,84.0,14700.0,100.0,0.0,100.0,4.0,,,,,100.0,0.0,100.0,0.0,,,74.0,26.0,,,100.0,260.0,100.0,832.0,26.0,26.0,100.0,0.0,100.0,0.0,200.0,0.0,100.0,14527.0,100.0,55347174520.0,100.0,121932734700.0
2019-11-11,ZCH0C5JQ,ST12000NM0007,12000138625024,0,82.0,141512456.0,94.0,0.0,100.0,5.0,100.0,0.0,88.0,613668274.0,84.0,14732.0,100.0,0.0,100.0,4.0,,,,,100.0,0.0,100.0,0.0,,,73.0,27.0,,,100.0,260.0,100.0,833.0,27.0,27.0,100.0,0.0,100.0,0.0,200.0,0.0,100.0,14559.0,100.0,55381019568.0,100.0,122250957780.0
2019-11-12,ZCH0C5JQ,ST12000NM0007,12000138625024,0,79.0,80261704.0,94.0,0.0,100.0,5.0,100.0,0.0,88.0,615182729.0,84.0,14748.0,100.0,0.0,100.0,4.0,,,,,100.0,0.0,100.0,0.0,,,73.0,27.0,,,100.0,260.0,100.0,834.0,27.0,27.0,100.0,0.0,100.0,0.0,200.0,0.0,100.0,14575.0,100.0,55402350352.0,100.0,122412517116.0
2019-11-13,ZCH0C5JQ,ST12000NM0007,12000138625024,0,83.0,215443320.0,94.0,0.0,100.0,5.0,100.0,0.0,88.0,620336531.0,84.0,14779.0,100.0,0.0,100.0,4.0,,,,,100.0,0.0,100.0,0.0,,,72.0,28.0,,,100.0,261.0,100.0,835.0,28.0,28.0,100.0,0.0,100.0,0.0,200.0,0.0,100.0,14606.0,100.0,55440835208.0,100.0,122753354684.0
2019-11-14,ZCH0C5JQ,ST12000NM0007,12000138625024,0,81.0,113448336.0,94.0,0.0,100.0,5.0,100.0,0.0,88.0,624165530.0,84.0,14811.0,100.0,0.0,100.0,4.0,,,,,100.0,0.0,100.0,0.0,,,74.0,26.0,,,100.0,261.0,100.0,837.0,26.0,26.0,100.0,0.0,100.0,0.0,200.0,0.0,100.0,14637.0,100.0,55498374552.0,100.0,123082102236.0
2019-11-15,ZCH0C5JQ,ST12000NM0007,12000138625024,0,79.0,83444168.0,94.0,0.0,100.0,5.0,100.0,0.0,88.0,625476077.0,84.0,14827.0,100.0,0.0,100.0,4.0,,,,,100.0,0.0,100.0,0.0,,,74.0,26.0,,,100.0,261.0,100.0,837.0,26.0,26.0,100.0,0.0,100.0,0.0,200.0,0.0,100.0,14653.0,100.0,55512326736.0,100.0,123282286644.0
2019-11-16,ZCH0C5JQ,ST12000NM0007,12000138625024,0,84.0,225924688.0,94.0,0.0,100.0,5.0,100.0,0.0,88.0,628305969.0,84.0,14859.0,100.0,0.0,100.0,4.0,,,,,100.0,0.0,100.0,0.0,,,74.0,26.0,,,100.0,262.0,100.0,839.0,26.0,26.0,100.0,0.0,100.0,0.0,200.0,0.0,100.0,14685.0,100.0,55534913568.0,100.0,123646320964.0
2019-11-17,ZCH0C5JQ,ST12000NM0007,12000138625024,0,83.0,222684160.0,94.0,0.0,100.0,5.0,100.0,0.0,88.0,630801341.0,84.0,14874.0,100.0,0.0,100.0,4.0,,,,,100.0,0.0,100.0,0.0,,,73.0,27.0,,,100.0,262.0,100.0,839.0,27.0,27.0,100.0,0.0,100.0,0.0,200.0,0.0,100.0,14701.0,100.0,55542755184.0,100.0,123879379564.0
2019-11-18,ZCH0C5JQ,ST12000NM0007,12000138625024,0,83.0,185886512.0,94.0,0.0,100.0,5.0,100.0,0.0,88.0,636500232.0,83.0,14906.0,100.0,0.0,100.0,4.0,,,,,100.0,0.0,100.0,0.0,,,73.0,27.0,,,100.0,262.0,100.0,841.0,27.0,27.0,100.0,0.0,100.0,0.0,200.0,0.0,100.0,14732.0,100.0,55573299448.0,100.0,124300319124.0
2019-11-19,ZCH0C5JQ,ST12000NM0007,12000138625024,0,80.0,94824552.0,94.0,0.0,100.0,5.0,100.0,0.0,88.0,637901380.0,83.0,14922.0,100.0,0.0,100.0,4.0,,,,,100.0,0.0,100.0,0.0,,,74.0,26.0,,,100.0,262.0,100.0,841.0,26.0,26.0,100.0,0.0,100.0,0.0,200.0,0.0,100.0,14747.0,100.0,55586461080.0,100.0,124440236276.0
2019-11-20,ZCH0C5JQ,ST12000NM0007,12000138625024,0,83.0,190042888.0,94.0,0.0,100.0,5.0,100.0,0.0,88.0,642616570.0,83.0,14953.0,100.0,0.0,100.0,4.0,,,,,100.0,0.0,100.0,0.0,,,73.0,27.0,,,100.0,263.0,100.0,843.0,27.0,27.0,100.0,0.0,100.0,0.0,200.0,0.0,100.0,14779.0,100.0,55629549424.0,100.0,124736507012.0
2019-11-21,ZCH0C5JQ,ST12000NM0007,12000138625024,0,81.0,133221776.0,94.0,0.0,100.0,5.0,100.0,0.0,88.0,643689378.0,83.0,14969.0,100.0,0.0,100.0,4.0,,,,,100.0,0.0,100.0,0.0,,,74.0,26.0,,,100.0,263.0,100.0,843.0,26.0,26.0,100.0,0.0,100.0,0.0,200.0,0.0,100.0,14794.0,100.0,55638780752.0,100.0,124914595292.0
2019-11-22,ZCH0C5JQ,ST12000NM0007,12000138625024,0,83.0,207681272.0,94.0,0.0,100.0,5.0,100.0,0.0,88.0,645517393.0,83.0,15000.0,100.0,0.0,100.0,4.0,,,,,100.0,0.0,100.0,0.0,,,74.0,26.0,,,100.0,264.0,100.0,845.0,26.0,26.0,100.0,0.0,100.0,0.0,200.0,0.0,100.0,14826.0,100.0,55662803736.0,100.0,125209172796.0
2019-11-23,ZCH0C5JQ,ST12000NM0007,12000138625024,0,81.0,137568776.0,94.0,0.0,100.0,5.0,100.0,0.0,88.0,646545824.0,83.0,15016.0,100.0,0.0,100.0,4.0,,,,,100.0,0.0,100.0,0.0,,,74.0,26.0,,,100.0,264.0,100.0,845.0,26.0,26.0,100.0,0.0,100.0,0.0,200.0,0.0,100.0,14842.0,100.0,55663996784.0,100.0,125382008252.0
2019-11-24,ZCH0C5JQ,ST12000NM0007,12000138625024,0,84.0,227266000.0,94.0,0.0,100.0,5.0,100.0,0.0,88.0,648703440.0,83.0,15048.0,100.0,0.0,100.0,4.0,,,,,100.0,0.0,100.0,0.0,,,73.0,27.0,,,100.0,265.0,100.0,847.0,27.0,27.0,100.0,0.0,100.0,0.0,200.0,0.0,100.0,14873.0,100.0,55665146400.0,100.0,125714696508.0
2019-11-25,ZCH0C5JQ,ST12000NM0007,12000138625024,0,82.0,175855960.0,94.0,0.0,100.0,5.0,100.0,0.0,88.0,650819636.0,83.0,15063.0,100.0,0.0,100.0,4.0,,,,,100.0,0.0,100.0,0.0,,,74.0,26.0,,,100.0,265.0,100.0,847.0,26.0,26.0,100.0,0.0,100.0,0.0,200.0,0.0,100.0,14889.0,100.0,55665350616.0,100.0,125907223244.0
2019-11-26,ZCH0C5JQ,ST12000NM0007,12000138625024,0,77.0,50311960.0,94.0,0.0,100.0,5.0,100.0,0.0,88.0,652480871.0,83.0,15095.0,100.0,0.0,100.0,4.0,,,,,100.0,0.0,100.0,0.0,,,74.0,26.0,,,100.0,266.0,100.0,849.0,26.0,26.0,100.0,0.0,100.0,0.0,200.0,0.0,100.0,14920.0,100.0,55666885960.0,100.0,126268425228.0
2019-11-27,ZCH0C5JQ,ST12000NM0007,12000138625024,0,81.0,136895336.0,94.0,0.0,100.0,5.0,100.0,0.0,88.0,655616971.0,83.0,15127.0,100.0,0.0,100.0,4.0,,,,,100.0,0.0,100.0,0.0,,,74.0,26.0,,,100.0,267.0,100.0,851.0,26.0,26.0,100.0,0.0,100.0,0.0,200.0,0.0,100.0,14951.0,100.0,55667209208.0,100.0,126598826100.0
2019-11-28,ZCH0C5JQ,ST12000NM0007,12000138625024,0,79.0,81228264.0,94.0,0.0,100.0,5.0,100.0,0.0,88.0,656411067.0,83.0,15142.0,100.0,0.0,100.0,4.0,,,,,100.0,0.0,100.0,0.0,,,75.0,25.0,,,100.0,267.0,100.0,851.0,25.0,25.0,100.0,0.0,100.0,0.0,200.0,0.0,100.0,14967.0,100.0,55667401008.0,100.0,126787108036.0
2019-11-29,ZCH0C5JQ,ST12000NM0007,12000138625024,0,82.0,148707560.0,94.0,0.0,100.0,5.0,100.0,0.0,88.0,657880438.0,83.0,15174.0,100.0,0.0,100.0,4.0,,,,,100.0,0.0,100.0,0.0,,,75.0,25.0,,,100.0,268.0,100.0,853.0,25.0,25.0,100.0,0.0,100.0,0.0,200.0,0.0,100.0,14998.0,100.0,55667784256.0,100.0,127098344900.0
2019-11-30,ZCH0C5JQ,ST12000NM0007,12000138625024,0,81.0,123434736.0,94.0,0.0,100.0,5.0,100.0,0.0,88.0,658994913.0,83.0,15190.0,100.0,0.0,100.0,4.0,,,,,100.0,0.0,100.0,0.0,,,74.0,26.0,,,100.0,268.0,100.0,853.0,26.0,26.0,100.0,0.0,100.0,0.0,200.0,0.0,100.0,15014.0,100.0,55667976912.0,100.0,127317020140.0
2019-12-01,ZCH0C5JQ,ST12000NM0007,12000138625024,0,81.0,115993376.0,94.0,0.0,100.0,5.0,100.0,0.0,88.0,662850841.0,83.0,15222.0,100.0,0.0,100.0,4.0,,,,,100.0,0.0,100.0,0.0,,,75.0,25.0,,,100.0,268.0,100.0,855.0,25.0,25.0,100.0,0.0,100.0,0.0,200.0,0.0,100.0,15046.0,100.0,55668578088.0,100.0,127797258964.0
2019-12-02,ZCH0C5JQ,ST12000NM0007,12000138625024,0,78.0,68122608.0,94.0,0.0,100.0,5.0,100.0,0.0,88.0,663820218.0,83.0,15238.0,100.0,0.0,100.0,4.0,,,,,100.0,0.0,100.0,0.0,,,75.0,25.0,,,100.0,268.0,100.0,855.0,25.0,25.0,100.0,0.0,100.0,0.0,200.0,0.0,100.0,15062.0,100.0,55669597728.0,100.0,127992509324.0
2019-12-03,ZCH0C5JQ,ST12000NM0007,12000138625024,0,83.0,197276704.0,94.0,0.0,100.0,5.0,100.0,0.0,88.0,665618626.0,83.0,15270.0,100.0,0.0,100.0,4.0,,,,,100.0,0.0,100.0,0.0,,,74.0,26.0,,,100.0,268.0,100.0,857.0,26.0,26.0,100.0,0.0,100.0,0.0,200.0,0.0,100.0,15093.0,100.0,55669984208.0,100.0,128365417708.0
2019-12-04,ZCH0C5JQ,ST12000NM0007,12000138625024,0,81.0,135605656.0,94.0,0.0,100.0,5.0,100.0,0.0,88.0,668132425.0,83.0,15285.0,100.0,0.0,100.0,4.0,,,,,100.0,0.0,100.0,0.0,,,74.0,26.0,,,100.0,268.0,100.0,857.0,26.0,26.0,100.0,0.0,100.0,0.0,200.0,0.0,100.0,15109.0,100.0,55670093040.0,100.0,128547778460.0
2019-12-05,ZCH0C5JQ,ST12000NM0007,12000138625024,0,84.0,240386832.0,94.0,0.0,100.0,5.0,100.0,0.0,88.0,669910325.0,83.0,15317.0,100.0,0.0,100.0,4.0,,,,,100.0,0.0,100.0,0.0,,,74.0,26.0,,,100.0,268.0,100.0,860.0,26.0,26.0,100.0,0.0,100.0,0.0,200.0,0.0,100.0,15141.0,100.0,55670478520.0,100.0,128896314980.0
2019-12-06,ZCH0C5JQ,ST12000NM0007,12000138625024,0,83.0,187950464.0,94.0,0.0,100.0,5.0,100.0,0.0,88.0,670888955.0,83.0,15333.0,100.0,0.0,100.0,4.0,,,,,100.0,0.0,100.0,0.0,,,74.0,26.0,,,100.0,268.0,100.0,860.0,26.0,26.0,100.0,0.0,100.0,0.0,200.0,0.0,100.0,15156.0,100.0,55670670936.0,100.0,129087826852.0
2019-12-07,ZCH0C5JQ,ST12000NM0007,12000138625024,0,78.0,67744752.0,94.0,0.0,100.0,5.0,100.0,0.0,88.0,672668916.0,83.0,15365.0,100.0,0.0,100.0,4.0,,,,,100.0,0.0,100.0,0.0,,,74.0,26.0,,,100.0,269.0,100.0,862.0,26.0,26.0,100.0,0.0,100.0,0.0,200.0,0.0,100.0,15188.0,100.0,55671200072.0,100.0,129455373556.0
2019-12-08,ZCH0C5JQ,ST12000NM0007,12000138625024,0,74.0,22504408.0,94.0,0.0,100.0,5.0,100.0,0.0,88.0,673553050.0,83.0,15381.0,100.0,0.0,100.0,4.0,,,,,100.0,0.0,100.0,0.0,,,74.0,26.0,,,100.0,269.0,100.0,862.0,26.0,26.0,100.0,0.0,100.0,0.0,200.0,0.0,100.0,15204.0,100.0,55671392448.0,100.0,129654081556.0
2019-12-09,ZCH0C5JQ,ST12000NM0007,12000138625024,0,82.0,174081200.0,94.0,0.0,100.0,5.0,100.0,0.0,88.0,677079181.0,83.0,15412.0,100.0,0.0,100.0,4.0,,,,,100.0,0.0,100.0,0.0,,,74.0,26.0,,,100.0,269.0,100.0,864.0,26.0,26.0,100.0,0.0,100.0,0.0,200.0,0.0,100.0,15235.0,100.0,55671774576.0,100.0,130049416876.0
2019-12-10,ZCH0C5JQ,ST12000NM0007,12000138625024,0,81.0,116183496.0,94.0,0.0,100.0,5.0,100.0,0.0,88.0,678044819.0,83.0,15428.0,100.0,0.0,100.0,4.0,,,,,100.0,0.0,100.0,0.0,,,74.0,26.0,,,100.0,269.0,100.0,864.0,26.0,26.0,100.0,0.0,100.0,0.0,200.0,0.0,100.0,15251.0,100.0,55671965072.0,100.0,130235469676.0
2019-12-11,ZCH0C5JQ,ST12000NM0007,12000138625024,0,84.0,230150952.0,94.0,0.0,100.0,5.0,100.0,0.0,88.0,681509271.0,83.0,15459.0,100.0,0.0,100.0,4.0,,,,,100.0,0.0,100.0,0.0,,,74.0,26.0,,,100.0,270.0,100.0,866.0,26.0,26.0,100.0,0.0,100.0,0.0,200.0,0.0,100.0,15282.0,100.0,55672264024.0,100.0,130593279084.0
2019-12-12,ZCH0C5JQ,ST12000NM0007,12000138625024,0,83.0,204914456.0,94.0,0.0,100.0,5.0,100.0,0.0,88.0,682494852.0,83.0,15475.0,100.0,0.0,100.0,4.0,,,,,100.0,0.0,100.0,0.0,,,74.0,26.0,,,100.0,270.0,100.0,866.0,26.0,26.0,100.0,0.0,100.0,0.0,200.0,0.0,100.0,15298.0,100.0,55672458328.0,100.0,130811988972.0
2019-12-13,ZCH0C5JQ,ST12000NM0007,12000138625024,0,82.0,157228128.0,94.0,0.0,100.0,5.0,100.0,0.0,88.0,684391341.0,83.0,15507.0,100.0,0.0,100.0,4.0,,,,,100.0,0.0,100.0,0.0,,,74.0,26.0,,,100.0,272.0,100.0,868.0,26.0,26.0,100.0,0.0,100.0,0.0,200.0,0.0,100.0,15329.0,100.0,55672840248.0,100.0,131252202260.0
2019-12-14,ZCH0C5JQ,ST12000NM0007,12000138625024,0,81.0,136490056.0,94.0,0.0,100.0,5.0,100.0,0.0,88.0,685353725.0,83.0,15522.0,100.0,0.0,100.0,4.0,,,,,100.0,0.0,100.0,0.0,,,74.0,26.0,,,100.0,272.0,100.0,868.0,26.0,26.0,100.0,0.0,100.0,0.0,200.0,0.0,100.0,15345.0,100.0,55673031080.0,100.0,131475413996.0
2019-12-15,ZCH0C5JQ,ST12000NM0007,12000138625024,0,78.0,58477280.0,94.0,0.0,100.0,5.0,100.0,0.0,88.0,688344593.0,83.0,15554.0,100.0,0.0,100.0,4.0,,,,,100.0,0.0,100.0,0.0,,,73.0,27.0,,,100.0,273.0,100.0,870.0,27.0,27.0,100.0,0.0,100.0,0.0,200.0,0.0,100.0,15376.0,100.0,55673415632.0,100.0,131885298276.0
2019-12-16,ZCH0C5JQ,ST12000NM0007,12000138625024,0,74.0,28089752.0,94.0,0.0,100.0,5.0,100.0,0.0,88.0,690632096.0,83.0,15570.0,100.0,0.0,100.0,4.0,,,,,100.0,0.0,100.0,0.0,,,75.0,25.0,,,100.0,273.0,100.0,870.0,25.0,25.0,100.0,0.0,100.0,0.0,200.0,0.0,100.0,15392.0,100.0,55673609096.0,100.0,132098857940.0
2019-12-17,ZCH0C5JQ,ST12000NM0007,12000138625024,0,82.0,142233832.0,94.0,0.0,100.0,5.0,100.0,0.0,88.0,692445820.0,83.0,15602.0,100.0,0.0,100.0,4.0,,,,,100.0,0.0,100.0,0.0,,,75.0,25.0,,,100.0,273.0,100.0,872.0,25.0,25.0,100.0,0.0,100.0,0.0,200.0,0.0,100.0,15424.0,100.0,55673995384.0,100.0,132456756828.0
2019-12-18,ZCH0C5JQ,ST12000NM0007,12000138625024,0,78.0,62591672.0,94.0,0.0,100.0,5.0,100.0,0.0,88.0,694896378.0,83.0,15618.0,100.0,0.0,100.0,4.0,,,,,100.0,0.0,100.0,0.0,,,75.0,25.0,,,100.0,273.0,100.0,872.0,25.0,25.0,100.0,0.0,100.0,0.0,200.0,0.0,100.0,15440.0,100.0,55674105624.0,100.0,132621145060.0
2019-12-19,ZCH0C5JQ,ST12000NM0007,12000138625024,0,84.0,234407810.0,94.0,0.0,100.0,5.0,100.0,0.0,88.0,696597341.0,83.0,15650.0,100.0,0.0,100.0,4.0,,,,,100.0,0.0,100.0,0.0,,,75.0,25.0,,,100.0,274.0,100.0,875.0,25.0,25.0,100.0,0.0,100.0,0.0,200.0,0.0,100.0,15471.0,100.0,55674490264.0,100.0,133036717326.0
2019-12-20,ZCH0C5JQ,ST12000NM0007,12000138625024,0,81.0,135000248.0,94.0,0.0,100.0,5.0,100.0,0.0,88.0,697351491.0,83.0,15665.0,100.0,0.0,100.0,4.0,,,,,100.0,0.0,100.0,0.0,,,75.0,25.0,,,100.0,274.0,100.0,875.0,25.0,25.0,100.0,0.0,100.0,0.0,200.0,0.0,100.0,15487.0,100.0,55674681880.0,100.0,133181259022.0
2019-12-21,ZCH0C5JQ,ST12000NM0007,12000138625024,0,83.0,222087968.0,94.0,0.0,100.0,5.0,100.0,0.0,88.0,698940276.0,83.0,15697.0,100.0,0.0,100.0,4.0,,,,,100.0,0.0,100.0,0.0,,,75.0,25.0,,,100.0,275.0,100.0,877.0,25.0,25.0,100.0,0.0,100.0,0.0,200.0,0.0,100.0,15518.0,100.0,55675065000.0,100.0,133512104750.0
2019-12-22,ZCH0C5JQ,ST12000NM0007,12000138625024,0,82.0,167960472.0,94.0,0.0,100.0,5.0,100.0,0.0,88.0,699853768.0,83.0,15713.0,100.0,0.0,100.0,4.0,,,,,100.0,0.0,100.0,0.0,,,75.0,25.0,,,100.0,275.0,100.0,877.0,25.0,25.0,100.0,0.0,100.0,0.0,200.0,0.0,100.0,15534.0,100.0,55675255216.0,100.0,133701927718.0
2019-12-23,ZCH0C5JQ,ST12000NM0007,12000138625024,0,77.0,53629184.0,94.0,0.0,100.0,5.0,100.0,0.0,88.0,701534354.0,83.0,15744.0,100.0,0.0,100.0,4.0,,,,,100.0,0.0,100.0,0.0,,,75.0,25.0,,,100.0,277.0,100.0,879.0,25.0,25.0,100.0,0.0,100.0,0.0,200.0,0.0,100.0,15565.0,100.0,55675635496.0,100.0,134075497502.0
2019-12-24,ZCH0C5JQ,ST12000NM0007,12000138625024,0,84.0,229197504.0,94.0,0.0,100.0,5.0,100.0,0.0,88.0,702334916.0,83.0,15760.0,100.0,0.0,100.0,4.0,,,,,100.0,0.0,100.0,0.0,,,75.0,25.0,,,100.0,277.0,100.0,879.0,25.0,25.0,100.0,0.0,100.0,0.0,200.0,0.0,100.0,15581.0,100.0,55675825192.0,100.0,134250876126.0
2019-12-25,ZCH0C5JQ,ST12000NM0007,12000138625024,0,78.0,64733392.0,94.0,0.0,100.0,5.0,100.0,0.0,88.0,703741418.0,82.0,15791.0,100.0,0.0,100.0,4.0,,,,,100.0,0.0,100.0,0.0,,,74.0,26.0,,,100.0,279.0,100.0,881.0,26.0,26.0,100.0,0.0,100.0,0.0,200.0,0.0,100.0,15612.0,100.0,55676206296.0,100.0,134574312334.0
2019-12-26,ZCH0C5JQ,ST12000NM0007,12000138625024,0,84.0,234460528.0,94.0,0.0,100.0,5.0,100.0,0.0,88.0,704558642.0,82.0,15807.0,100.0,0.0,100.0,4.0,,,,,100.0,0.0,100.0,0.0,,,74.0,26.0,,,100.0,279.0,100.0,881.0,26.0,26.0,100.0,0.0,100.0,0.0,200.0,0.0,100.0,15628.0,100.0,55676395920.0,100.0,134743849846.0
2019-12-27,ZCH0C5JQ,ST12000NM0007,12000138625024,0,84.0,232070552.0,94.0,0.0,100.0,5.0,100.0,0.0,88.0,705952186.0,82.0,15838.0,100.0,0.0,100.0,4.0,,,,,100.0,0.0,100.0,0.0,,,74.0,26.0,,,100.0,281.0,100.0,883.0,26.0,26.0,100.0,0.0,100.0,0.0,200.0,0.0,100.0,15659.0,100.0,55676779408.0,100.0,134985217230.0
2019-12-28,ZCH0C5JQ,ST12000NM0007,12000138625024,0,84.0,227739552.0,94.0,0.0,100.0,5.0,100.0,0.0,88.0,707067317.0,82.0,15854.0,100.0,0.0,100.0,4.0,,,,,100.0,0.0,100.0,0.0,,,74.0,26.0,,,100.0,281.0,100.0,883.0,26.0,26.0,100.0,0.0,100.0,0.0,200.0,0.0,100.0,15675.0,100.0,55679223288.0,100.0,135222583214.0
2019-12-29,ZCH0C5JQ,ST12000NM0007,12000138625024,0,83.0,189803040.0,94.0,0.0,100.0,5.0,100.0,0.0,89.0,708184616.0,82.0,15886.0,100.0,0.0,100.0,4.0,,,,,100.0,0.0,100.0,0.0,,,74.0,26.0,,,100.0,283.0,100.0,885.0,26.0,26.0,100.0,0.0,100.0,0.0,200.0,0.0,100.0,15706.0,100.0,55679605280.0,100.0,135428405374.0
2019-12-30,ZCH0C5JQ,ST12000NM0007,12000138625024,0,79.0,76692768.0,94.0,0.0,100.0,5.0,100.0,0.0,89.0,708859180.0,82.0,15901.0,100.0,0.0,100.0,4.0,,,,,100.0,0.0,100.0,0.0,,,74.0,26.0,,,100.0,283.0,100.0,885.0,26.0,26.0,100.0,0.0,100.0,0.0,200.0,0.0,100.0,15722.0,100.0,55679797368.0,100.0,135559243686.0
2019-12-31,ZCH0C5JQ,ST12000NM0007,12000138625024,0,82.0,146466840.0,94.0,0.0,100.0,5.0,100.0,0.0,89.0,710328518.0,82.0,15933.0,100.0,0.0,100.0,4.0,,,,,100.0,0.0,100.0,0.0,,,74.0,26.0,,,100.0,285.0,100.0,887.0,26.0,26.0,100.0,0.0,100.0,0.0,200.0,0.0,100.0,15753.0,100.0,55680181704.0,100.0,135872774254.0
