2019-01-01,ZJV1CG43,ST12000NM0007,12000138625024,0,79,86667104,99.0,0.0,100.0,1.0,100.0,0.0,77.0,46723824.0,100,750,100.0,0.0,100,1,,,,,100.0,0.0,100.0,0.0,,,69.0,31.0,,,100.0,14.0,100.0,339.0,31,31,100.0,0.0,100.0,0.0,200.0,0.0,100.0,606.0,100.0,4978148000.0,100.0,2921087468.0
2019-01-02,ZJV1CG43,ST12000NM0007,12000138625024,0,82,157119984,99.0,0.0,100.0,1.0,100.0,0.0,77.0,50530472.0,100,773,100.0,0.0,100,1,,,,,100.0,0.0,100.0,0.0,,,69.0,31.0,,,100.0,14.0,100.0,340.0,31,31,100.0,0.0,100.0,0.0,200.0,0.0,100.0,629.0,100.0,5345046920.0,100.0,3112922996.0
2019-01-03,ZJV1CG43,ST12000NM0007,12000138625024,0,83.0,198448680.0,99.0,0.0,100.0,1.0,100.0,0.0,77.0,53989139.0,100.0,798.0,100.0,0.0,100.0,1.0,,,,,100.0,0.0,100.0,0.0,,,69.0,31.0,,,100.0,14.0,100.0,341.0,31.0,31.0,100.0,0.0,100.0,0.0,200.0,0.0,100.0,654.0,100.0,5641056408.0,100.0,3346523660.0
2019-01-04,ZJV1CG43,ST12000NM0007,12000138625024,0,71,11536432,99.0,0.0,100.0,1.0,100.0,0.0,78.0,57594828.0,100,822,100.0,0.0,100,1,,,,,100.0,0.0,100.0,0.0,,,70.0,30.0,,,100.0,14.0,100.0,342.0,30,30,100.0,0.0,100.0,0.0,200.0,0.0,100.0,678.0,100.0,5948105264.0,100.0,3584984860.0
2019-01-05,ZJV1CG43,ST12000NM0007,12000138625024,0,79,80327448,99.0,0.0,100.0,1.0,100.0,0.0,78.0,61507055.0,100,846,100.0,0.0,100,1,,,,,100.0,0.0,100.0,0.0,,,70.0,30.0,,,100.0,14.0,100.0,343.0,30,30,100.0,0.0,100.0,0.0,200.0,0.0,100.0,702.0,100.0,6277111888.0,100.0,3813050596.0
2019-01-06,ZJV1CG43,ST12000NM0007,12000138625024,0,82,146932832,99.0,0.0,100.0,1.0,100.0,0.0,78.0,65504745.0,100,870,100.0,0.0,100,1,,,,,100.0,0.0,100.0,0.0,,,70.0,30.0,,,100.0,14.0,100.0,344.0,30,30,100.0,0.0,100.0,0.0,200.0,0.0,100.0,726.0,100.0,6589395272.0,100.0,4055655036.0
2019-01-07,ZJV1CG43,ST12000NM0007,12000138625024,0,82,162175360,99.0,0.0,100.0,1.0,100.0,0.0,78.0,69079367.0,99,894,100.0,0.0,100,1,,,,,100.0,0.0,100.0,0.0,,,70.0,30.0,,,100.0,14.0,100.0,345.0,30,30,100.0,0.0,100.0,0.0,200.0,0.0,100.0,749.0,100.0,6873785960.0,100.0,4274788540.0
2019-01-08,ZJV1CG43,ST12000NM0007,12000138625024,0,82,142218472,99.0,0.0,100.0,1.0,100.0,0.0,79.0,72506580.0,99,918,100.0,0.0,100,1,,,,,100.0,0.0,100.0,0.0,,,73.0,27.0,,,100.0,14.0,100.0,346.0,27,27,100.0,0.0,100.0,0.0,200.0,0.0,100.0,772.0,100.0,7149253208.0,100.0,4467646004.0
2019-01-09,ZJV1CG43,ST12000NM0007,12000138625024,0,65,3435952,99.0,0.0,100.0,1.0,100.0,0.0,79.0,76574903.0,99,942,100.0,0.0,100,1,,,,,100.0,0.0,100.0,0.0,,,73.0,27.0,,,100.0,14.0,100.0,347.0,27,27,100.0,0.0,100.0,0.0,200.0,0.0,100.0,797.0,100.0,7522447136.0,100.0,4688092092.0
2019-01-10,ZJV1CG43,ST12000NM0007,12000138625024,0,83,215693480,99.0,0.0,100.0,1.0,100.0,0.0,79.0,79837185.0,99,963,100.0,0.0,100,1,,,,,100.0,0.0,100.0,0.0,,,73.0,27.0,,,100.0,15.0,100.0,348.0,27,27,100.0,0.0,100.0,0.0,200.0,0.0,100.0,818.0,100.0,7780705328.0,100.0,4886232220.0
2019-01-11,ZJV1CG43,ST12000NM0007,12000138625024,0,83.0,198117008.0,99.0,0.0,100.0,1.0,100.0,0.0,79.0,84783419.0,99.0,993.0,100.0,0.0,100.0,1.0,,,,,100.0,0.0,100.0,0.0,,,73.0,27.0,,,100.0,15.0,100.0,349.0,27.0,27.0,100.0,0.0,100.0,0.0,200.0,0.0,100.0,848.0,100.0,8212056048.0,100.0,5169727196.0
2019-01-12,ZJV1CG43,ST12000NM0007,12000138625024,0,77,44805248,99.0,0.0,100.0,1.0,100.0,0.0,79.0,87217758.0,99,1009,100.0,0.0,100,1,,,,,100.0,0.0,100.0,0.0,,,72.0,28.0,,,100.0,15.0,100.0,350.0,28,28,100.0,0.0,100.0,0.0,200.0,0.0,100.0,863.0,100.0,8412459080.0,100.0,5304294076.0
2019-01-13,ZJV1CG43,ST12000NM0007,12000138625024,0,77,46167440,99.0,0.0,100.0,1.0,100.0,0.0,80.0,92525495.0,99,1041,100.0,0.0,100,1,,,,,100.0,0.0,100.0,0.0,,,71.0,29.0,,,100.0,15.0,100.0,351.0,29,29,100.0,0.0,100.0,0.0,200.0,0.0,100.0,895.0,100.0,8834875768.0,100.0,5615662164.0
2019-01-14,ZJV1CG43,ST12000NM0007,12000138625024,0,83,182547192,99.0,0.0,100.0,1.0,100.0,0.0,80.0,95122417.0,99,1056,100.0,0.0,100,1,,,,,100.0,0.0,100.0,0.0,,,71.0,29.0,,,100.0,15.0,100.0,352.0,29,29,100.0,0.0,100.0,0.0,200.0,0.0,100.0,911.0,100.0,9078452280.0,100.0,5752606220.0
2019-01-15,ZJV1CG43,ST12000NM0007,12000138625024,0,78.0,58931352.0,99.0,0.0,100.0,1.0,100.0,0.0,80.0,99166329.0,99.0,1088.0,100.0,0.0,100.0,1.0,,,,,100.0,0.0,100.0,0.0,,,70.0,30.0,,,100.0,15.0,100.0,353.0,30.0,30.0,100.0,0.0,100.0,0.0,200.0,0.0,100.0,942.0,100.0,9366973176.0,100.0,6072891908.0
2019-01-16,ZJV1CG43,ST12000NM0007,12000138625024,0,80,92578088,99.0,0.0,100.0,1.0,100.0,0.0,80.0,101310672.0,99,1104,100.0,0.0,100,1,,,,,100.0,0.0,100.0,0.0,,,70.0,30.0,,,100,15,100.0,354.0,30,30,100.0,0.0,100.0,0.0,200.0,0.0,100.0,958.0,100.0,9525616224.0,100.0,6192036460.0
2019-01-17,ZJV1CG43,ST12000NM0007,12000138625024,0,78,64080720,99.0,0.0,100.0,1.0,100.0,0.0,80.0,106425896.0,99,1136,100.0,0.0,100,1,,,,,100.0,0.0,100.0,0.0,,,70.0,30.0,,,100,15,100.0,355.0,30,30,100.0,0.0,100.0,0.0,200.0,0.0,100.0,990.0,100.0,9980799992.0,100.0,6440778068.0
2019-01-18,ZJV1CG43,ST12000NM0007,12000138625024,0,81,136579344,99.0,0.0,100.0,1.0,100.0,0.0,80.0,108786991.0,99,1152,100.0,0.0,100,1,,,,,100.0,0.0,100.0,0.0,,,70.0,30.0,,,100,15,100.0,356.0,30,30,100.0,0.0,100.0,0.0,200.0,0.0,100.0,1006.0,100.0,10176605664.0,100.0,6561612444.0
2019-01-19,ZJV1CG43,ST12000NM0007,12000138625024,0,78,57632672,99.0,0.0,100.0,1.0,100.0,0.0,81.0,113717132.0,99,1183,100.0,0.0,100,1,,,,,100.0,0.0,100.0,0.0,,,71.0,29.0,,,100,15,100.0,357.0,29,29,100.0,0.0,100.0,0.0,200.0,0.0,100.0,1037.0,100.0,10542237368.0,100.0,6849456268.0
2019-01-20,ZJV1CG43,ST12000NM0007,12000138625024,0,81,134071072,99.0,0.0,100.0,1.0,100.0,0.0,81.0,116016380.0,99,1199,100.0,0.0,100,1,,,,,100.0,0.0,100.0,0.0,,,71.0,29.0,,,100,15,100.0,358.0,29,29,100.0,0.0,100.0,0.0,200.0,0.0,100.0,1053.0,100.0,10713707240.0,100.0,6998565612.0
2019-01-21,ZJV1CG43,ST12000NM0007,12000138625024,0,74,24749688,99.0,0.0,100.0,1.0,100.0,0.0,81.0,120538930.0,99,1231,100.0,0.0,100,1,,,,,100.0,0.0,100.0,0.0,,,70.0,30.0,,,100,16,100.0,359.0,30,30,100.0,0.0,100.0,0.0,200.0,0.0,100.0,1084.0,100.0,11077195904.0,100.0,7258177740.0
2019-01-22,ZJV1CG43,ST12000NM0007,12000138625024,0,80.0,109654112.0,99.0,0.0,100.0,1.0,100.0,0.0,81.0,122947338.0,99.0,1247.0,100.0,0.0,100.0,1.0,,,,,100.0,0.0,100.0,0.0,,,69.0,31.0,,,100.0,16.0,100.0,360.0,31.0,31.0,100.0,0.0,100.0,0.0,200.0,0.0,100.0,1100.0,100.0,11280613344.0,100.0,7383805508.0
2019-01-23,ZJV1CG43,ST12000NM0007,12000138625024,0,75.0,29698680.0,99.0,0.0,100.0,1.0,100.0,0.0,81.0,127769131.0,99.0,1279.0,100.0,0.0,100.0,1.0,,,,,100.0,0.0,100.0,0.0,,,69.0,31.0,,,100.0,17.0,100.0,361.0,31.0,31.0,100.0,0.0,100.0,0.0,200.0,0.0,100.0,1132.0,100.0,11696042720.0,100.0,7620843084.0
2019-01-24,ZJV1CG43,ST12000NM0007,12000138625024,0,83.0,194430240.0,99.0,0.0,100.0,1.0,100.0,0.0,81.0,130438806.0,99.0,1294.0,100.0,0.0,100.0,1.0,,,,,100.0,0.0,100.0,0.0,,,69.0,31.0,,,100.0,17.0,100.0,362.0,31.0,31.0,100.0,0.0,100.0,0.0,200.0,0.0,100.0,1148.0,100.0,11975955104.0,100.0,7749802908.0
2019-01-25,ZJV1CG43,ST12000NM0007,12000138625024,0,68,6480552,99.0,0.0,100.0,1.0,100.0,0.0,81.0,135880963.0,99,1326,100.0,0.0,100,1,,,,,100.0,0.0,100.0,0.0,,,69.0,31.0,,,100,17,100.0,363.0,31,31,100.0,0.0,100.0,0.0,200.0,0.0,100.0,1179.0,100.0,12471312016.0,100.0,8043060828.0
2019-01-26,ZJV1CG43,ST12000NM0007,12000138625024,0,81,123141792,99.0,0.0,100.0,1.0,100.0,0.0,81.0,138515011.0,99,1342,100.0,0.0,100,1,,,,,100.0,0.0,100.0,0.0,,,68.0,32.0,,,100,17,100.0,364.0,32,32,100.0,0.0,100.0,0.0,200.0,0.0,100.0,1195.0,100.0,12704718048.0,100.0,8170456676.0
2019-01-27,ZJV1CG43,ST12000NM0007,12000138625024,0,75,35216568,99.0,0.0,100.0,1.0,100.0,0.0,82.0,143694270.0,99,1374,100.0,0.0,100,1,,,,,100.0,0.0,100.0,0.0,,,70.0,30.0,,,100,17,100.0,365.0,30,30,100.0,0.0,100.0,0.0,200.0,0.0,100.0,1227.0,100.0,13063533664.0,100.0,8456138132.0
2019-01-28,ZJV1CG43,ST12000NM0007,12000138625024,0,82,172482248,99.0,0.0,100.0,1.0,100.0,0.0,82.0,144841711.0,99,1390,100.0,0.0,100,1,,,,,100.0,0.0,100.0,0.0,,,70.0,30.0,,,100,18,100.0,366.0,30,30,100.0,0.0,100.0,0.0,200.0,0.0,100.0,1242.0,100.0,13072454648.0,100.0,8584482828.0
2019-01-29,ZJV1CG43,ST12000NM0007,12000138625024,0,82,170800480,99.0,0.0,100.0,1.0,100.0,0.0,82.0,150188441.0,99,1421,100.0,0.0,100,1,,,,,100.0,0.0,100.0,0.0,,,71.0,29.0,,,100,18,100.0,367.0,29,29,100.0,0.0,100.0,0.0,200.0,0.0,100.0,1274.0,100.0,13492767048.0,100.0,8894912044.0
2019-01-30,ZJV1CG43,ST12000NM0007,12000138625024,0,64,2489088,99.0,0.0,100.0,1.0,100.0,0.0,82.0,152830151.0,99,1437,100.0,0.0,100,1,,,,,100.0,0.0,100.0,0.0,,,71.0,29.0,,,100,18,100.0,368.0,29,29,100.0,0.0,100.0,0.0,200.0,0.0,100.0,1290.0,100.0,13689862944.0,100.0,9017786764.0
2019-01-31,ZJV1CG43,ST12000NM0007,12000138625024,0,82,168251264,99.0,0.0,100.0,1.0,100.0,0.0,82.0,157773551.0,99,1469,100.0,0.0,100,1,,,,,100.0,0.0,100.0,0.0,,,71.0,29.0,,,100,18,100.0,369.0,29,29,100.0,0.0,100.0,0.0,200.0,0.0,100.0,1321.0,100.0,14069833240.0,100.0,9291860260.0
2019-02-01,ZJV1CG43,ST12000NM0007,12000138625024,0,72,15809032,99.0,0.0,100.0,1.0,100.0,0.0,82.0,160258892.0,99,1485,100.0,0.0,100,1,,,,,100.0,0.0,100.0,0.0,,,71.0,29.0,,,100,18,100.0,370.0,29,29,100.0,0.0,100.0,0.0,200.0,0.0,100.0,1337.0,100.0,14282103608.0,100.0,9415429284.0
2019-02-02,ZJV1CG43,ST12000NM0007,12000138625024,0,84.0,225915024.0,99.0,0.0,100.0,1.0,100.0,0.0,82.0,165532280.0,99.0,1517.0,100.0,0.0,100.0,1.0,,,,,100.0,0.0,100.0,0.0,,,70.0,30.0,,,100.0,18.0,100.0,371.0,30.0,30.0,100.0,0.0,100.0,0.0,200.0,0.0,100.0,1369.0,100.0,14741379408.0,100.0,9654541108.0
2019-02-03,ZJV1CG43,ST12000NM0007,12000138625024,0,76,36912360,99.0,0.0,100.0,1.0,100.0,0.0,82.0,167809033.0,99,1532,100.0,0.0,100,1,,,,,100.0,0.0,100.0,0.0,,,70.0,30.0,,,100,18,100.0,372.0,30,30,100.0,0.0,100.0,0.0,200.0,0.0,100.0,1384.0,100.0,14883132464.0,100.0,9812066764.0
2019-02-04,ZJV1CG43,ST12000NM0007,12000138625024,0,80,95636544,99.0,0.0,100.0,1.0,100.0,0.0,82.0,173322971.0,99,1564,100.0,0.0,100,1,,,,,100.0,0.0,100.0,0.0,,,70.0,30.0,,,100,18,100.0,373.0,30,30,100.0,0.0,100.0,0.0,200.0,0.0,100.0,1416.0,100.0,15386240248.0,100.0,10100106892.0
2019-02-05,ZJV1CG43,ST12000NM0007,12000138625024,0,66.0,4037280.0,99.0,0.0,100.0,1.0,100.0,0.0,82.0,176208527.0,99.0,1580.0,100.0,0.0,100.0,1.0,,,,,100.0,0.0,100.0,0.0,,,70.0,30.0,,,100.0,18.0,100.0,374.0,30.0,30.0,100.0,0.0,100.0,0.0,200.0,0.0,100.0,1432.0,100.0,15615981584.0,100.0,10267047668.0
2019-02-06,ZJV1CG43,ST12000NM0007,12000138625024,0,83,195183512,99.0,0.0,100.0,1.0,100.0,0.0,83.0,181386764.0,99,1612,100.0,0.0,100,1,,,,,100.0,0.0,100.0,0.0,,,70.0,30.0,,,100,18,100.0,375.0,30,30,100.0,0.0,100.0,0.0,200.0,0.0,100.0,1463.0,100.0,16048107760.0,100.0,10514349364.0
2019-02-07,ZJV1CG43,ST12000NM0007,12000138625024,0,77.0,52526800.0,99.0,0.0,100.0,1.0,100.0,0.0,83.0,184015336.0,99.0,1628.0,100.0,0.0,100.0,1.0,,,,,100.0,0.0,100.0,0.0,,,69.0,31.0,,,100.0,18.0,100.0,375.0,31.0,31.0,100.0,0.0,100.0,0.0,200.0,0.0,100.0,1479.0,100.0,16234323224.0,100.0,10673759116.0
2019-02-08,ZJV1CG43,ST12000NM0007,12000138625024,0,83,193338496,99.0,0.0,100.0,1.0,100.0,0.0,83.0,188956852.0,99,1659,100.0,0.0,100,1,,,,,100.0,0.0,100.0,0.0,,,70.0,30.0,,,100,18,100.0,377.0,30,30,100.0,0.0,100.0,0.0,200.0,0.0,100.0,1511.0,100.0,16588095496.0,100.0,10949080036.0
2019-02-09,ZJV1CG43,ST12000NM0007,12000138625024,0,76.0,36567160.0,99.0,0.0,100.0,1.0,100.0,0.0,83.0,191403885.0,99.0,1675.0,100.0,0.0,100.0,1.0,,,,,100.0,0.0,100.0,0.0,,,69.0,31.0,,,100.0,18.0,100.0,377.0,31.0,31.0,100.0,0.0,100.0,0.0,200.0,0.0,100.0,1526.0,100.0,16790087640.0,100.0,11078598100.0
2019-02-10,ZJV1CG43,ST12000NM0007,12000138625024,0,83,211330992,99.0,0.0,100.0,1.0,100.0,0.0,83.0,196536275.0,99,1707,100.0,0.0,100,1,,,,,100.0,0.0,100.0,0.0,,,70.0,30.0,,,100,18,100.0,379.0,30,30,100.0,0.0,100.0,0.0,200.0,0.0,100.0,1558.0,100.0,17135512208.0,100.0,11396218740.0
2019-02-11,ZJV1CG43,ST12000NM0007,12000138625024,0,79,80858952,99.0,0.0,100.0,1.0,100.0,0.0,83.0,199224015.0,99,1723,100.0,0.0,100,1,,,,,100.0,0.0,100.0,0.0,,,70.0,30.0,,,100,18,100.0,379.0,30,30,100.0,0.0,100.0,0.0,200.0,0.0,100.0,1574.0,100.0,17339555712.0,100.0,11549985548.0
2019-02-12,ZJV1CG43,ST12000NM0007,12000138625024,0,76.0,43456048.0,99.0,0.0,100.0,1.0,100.0,0.0,83.0,204808483.0,98.0,1754.0,100.0,0.0,100.0,1.0,,,,,100.0,0.0,100.0,0.0,,,69.0,31.0,,,100.0,18.0,100.0,381.0,31.0,31.0,100.0,0.0,100.0,0.0,200.0,0.0,100.0,1605.0,100.0,17710476464.0,100.0,11874084124.0
2019-02-13,ZJV1CG43,ST12000NM0007,12000138625024,0,80,106870536,99.0,0.0,100.0,1.0,100.0,0.0,83.0,207394883.0,98,1770,100.0,0.0,100,1,,,,,100.0,0.0,100.0,0.0,,,68.0,32.0,,,100,18,100.0,381.0,32,32,100.0,0.0,100.0,0.0,200.0,0.0,100.0,1621.0,100.0,17869102464.0,100.0,12023013412.0
2019-02-14,ZJV1CG43,ST12000NM0007,12000138625024,0,81,120081856,99.0,0.0,100.0,1.0,100.0,0.0,83.0,212701351.0,98,1802,100.0,0.0,100,1,,,,,100.0,0.0,100.0,0.0,,,69.0,31.0,,,100,18,100.0,383.0,31,31,100.0,0.0,100.0,0.0,200.0,0.0,100.0,1653.0,100.0,18315039888.0,100.0,12322709740.0
2019-02-15,ZJV1CG43,ST12000NM0007,12000138625024,0,83.0,220934984.0,99.0,0.0,100.0,1.0,100.0,0.0,83.0,215260054.0,98.0,1818.0,100.0,0.0,100.0,1.0,,,,,100.0,0.0,100.0,0.0,,,69.0,31.0,,,100.0,18.0,100.0,383.0,31.0,31.0,100.0,0.0,100.0,0.0,200.0,0.0,100.0,1668.0,100.0,18516693536.0,100.0,12466049980.0
2019-02-16,ZJV1CG43,ST12000NM0007,12000138625024,0,82.0,143257920.0,99.0,0.0,100.0,1.0,100.0,0.0,83.0,220367141.0,98.0,1849.0,100.0,0.0,100.0,1.0,,,,,100.0,0.0,100.0,0.0,,,69.0,31.0,,,100.0,19.0,100.0,385.0,31.0,31.0,100.0,0.0,100.0,0.0,200.0,0.0,100.0,1700.0,100.0,18871458208.0,100.0,12766030524.0
2019-02-17,ZJV1CG43,ST12000NM0007,12000138625024,0,72,15753792,99.0,0.0,100.0,1.0,100.0,0.0,83.0,223267076.0,98,1865,100.0,0.0,100,1,,,,,100.0,0.0,100.0,0.0,,,68.0,32.0,,,100,19,100.0,385.0,32,32,100.0,0.0,100.0,0.0,200.0,0.0,100.0,1716.0,100.0,19055444112.0,100.0,12942822188.0
2019-02-18,ZJV1CG43,ST12000NM0007,12000138625024,0,84,225940728,99.0,0.0,100.0,1.0,100.0,0.0,84.0,228638531.0,98,1897,100.0,0.0,100,1,,,,,100.0,0.0,100.0,0.0,,,69.0,31.0,,,100,19,100.0,387.0,31,31,100.0,0.0,100.0,0.0,200.0,0.0,100.0,1747.0,100.0,19440659512.0,100.0,13256075500.0
2019-02-19,ZJV1CG43,ST12000NM0007,12000138625024,0,76,43182696,99.0,0.0,100.0,1.0,100.0,0.0,84.0,231115285.0,98,1913,100.0,0.0,100,1,,,,,100.0,0.0,100.0,0.0,,,68.0,32.0,,,100,19,100.0,387.0,32,32,100.0,0.0,100.0,0.0,200.0,0.0,100.0,1763.0,100.0,19615939280.0,100.0,13386319244.0
2019-02-20,ZJV1CG43,ST12000NM0007,12000138625024,0,82.0,166888456.0,99.0,0.0,100.0,1.0,100.0,0.0,84.0,236122938.0,98.0,1944.0,100.0,0.0,100.0,1.0,,,,,100.0,0.0,100.0,0.0,,,69.0,31.0,,,100.0,20.0,100.0,389.0,31.0,31.0,100.0,0.0,100.0,0.0,200.0,0.0,100.0,1795.0,100.0,19991168264.0,100.0,13623077348.0
2019-02-21,ZJV1CG43,ST12000NM0007,12000138625024,0,84,238530040,99.0,0.0,100.0,1.0,100.0,0.0,84.0,238655575.0,98,1960,100.0,0.0,100,1,,,,,100.0,0.0,100.0,0.0,,,70.0,30.0,,,100,20,100.0,389.0,30,30,100.0,0.0,100.0,0.0,200.0,0.0,100.0,1811.0,100.0,20169629208.0,100.0,13760398684.0
2019-02-22,ZJV1CG43,ST12000NM0007,12000138625024,0,82,169228536,99.0,0.0,100.0,1.0,100.0,0.0,84.0,244001546.0,98,1992,100.0,0.0,100,1,,,,,100.0,0.0,100.0,0.0,,,71.0,29.0,,,100,21,100.0,391.0,29,29,100.0,0.0,100.0,0.0,200.0,0.0,100.0,1842.0,100.0,20556730280.0,100.0,14036418588.0
2019-02-23,ZJV1CG43,ST12000NM0007,12000138625024,0,83.0,220676024.0,99.0,0.0,100.0,1.0,100.0,0.0,84.0,246594834.0,98.0,2008.0,100.0,0.0,100.0,1.0,,,,,100.0,0.0,100.0,0.0,,,71.0,29.0,,,100.0,21.0,100.0,391.0,29.0,29.0,100.0,0.0,100.0,0.0,200.0,0.0,100.0,1858.0,100.0,20717881976.0,100.0,14170855332.0
2019-02-24,ZJV1CG43,ST12000NM0007,12000138625024,0,81,137323312,99.0,0.0,100.0,1.0,100.0,0.0,84.0,251935331.0,98,2040,100.0,0.0,100,1,,,,,100.0,0.0,100.0,0.0,,,71.0,29.0,,,100,22,100.0,393.0,29,29,100.0,0.0,100.0,0.0,200.0,0.0,100.0,1889.0,100.0,21107493968.0,100.0,14430313172.0
2019-02-25,ZJV1CG43,ST12000NM0007,12000138625024,0,83,189494760,99.0,0.0,100.0,1.0,100.0,0.0,84.0,254425124.0,98,2055,100.0,0.0,100,1,,,,,100.0,0.0,100.0,0.0,,,71.0,29.0,,,100,22,100.0,393.0,29,29,100.0,0.0,100.0,0.0,200.0,0.0,100.0,1905.0,100.0,21289264848.0,100.0,14544854412.0
2019-02-26,ZJV1CG43,ST12000NM0007,12000138625024,0,80,92438672,99.0,0.0,100.0,1.0,100.0,0.0,84.0,259660353.0,98,2087,100.0,0.0,100,1,,,,,100.0,0.0,100.0,0.0,,,70.0,30.0,,,100,22,100.0,395.0,30,30,100.0,0.0,100.0,0.0,200.0,0.0,100.0,1937.0,100.0,21633698952.0,100.0,14835786604.0
2019-02-27,ZJV1CG43,ST12000NM0007,12000138625024,0,82.0,155786976.0,99.0,0.0,100.0,1.0,100.0,0.0,84.0,262578920.0,98.0,2103.0,100.0,0.0,100.0,1.0,,,,,100.0,0.0,100.0,0.0,,,71.0,29.0,,,100.0,22.0,100.0,395.0,29.0,29.0,100.0,0.0,100.0,0.0,200.0,0.0,100.0,1953.0,100.0,21792376352.0,100.0,14984598260.0
2019-02-28,ZJV1CG43,ST12000NM0007,12000138625024,0,83,215674880,99.0,0.0,100.0,1.0,100.0,0.0,84.0,267566902.0,98,2135,100.0,0.0,100,1,,,,,100.0,0.0,100.0,0.0,,,71.0,29.0,,,100,23,100.0,397.0,29,29,100.0,0.0,100.0,0.0,200.0,0.0,100.0,1984.0,100.0,22111426840.0,100.0,15213717060.0
2019-03-01,ZJV1CG43,ST12000NM0007,12000138625024,0,76.0,36510384.0,99.0,0.0,100.0,1.0,100.0,0.0,84.0,272434375.0,98.0,2166.0,100.0,0.0,100.0,1.0,,,,,100.0,0.0,100.0,0.0,,,70.0,30.0,,,100.0,24.0,100.0,398.0,30.0,30.0,100.0,0.0,100.0,0.0,200.0,0.0,100.0,2016.0,100.0,22432513472.0,100.0,15445888628.0
2019-03-02,ZJV1CG43,ST12000NM0007,12000138625024,0,79.0,71501352.0,99.0,0.0,100.0,1.0,100.0,0.0,84.0,274859640.0,98.0,2182.0,100.0,0.0,100.0,1.0,,,,,100.0,0.0,100.0,0.0,,,71.0,29.0,,,100.0,24.0,100.0,399.0,29.0,29.0,100.0,0.0,100.0,0.0,200.0,0.0,100.0,2031.0,100.0,22573418128.0,100.0,15584115772.0
2019-03-03,ZJV1CG43,ST12000NM0007,12000138625024,0,83.0,189047912.0,99.0,0.0,100.0,1.0,100.0,0.0,84.0,280110401.0,98.0,2214.0,100.0,0.0,100.0,1.0,,,,,100.0,0.0,100.0,0.0,,,70.0,30.0,,,100.0,24.0,100.0,400.0,30.0,30.0,100.0,0.0,100.0,0.0,200.0,0.0,100.0,2063.0,100.0,22906977664.0,100.0,15856384604.0
2019-03-04,ZJV1CG43,ST12000NM0007,12000138625024,0,84,233240552,99.0,0.0,100.0,1.0,100.0,0.0,85.0,282675689.0,98,2229,100.0,0.0,100,1,,,,,100.0,0.0,100.0,0.0,,,71.0,29.0,,,100,24,100.0,401.0,29,29,100.0,0.0,100.0,0.0,200.0,0.0,100.0,2079.0,100.0,23082153424.0,100.0,15969542212.0
2019-03-05,ZJV1CG43,ST12000NM0007,12000138625024,0,82.0,173212952.0,99.0,0.0,100.0,1.0,100.0,0.0,85.0,288169569.0,98.0,2261.0,100.0,0.0,100.0,1.0,,,,,100.0,0.0,100.0,0.0,,,70.0,30.0,,,100.0,24.0,100.0,402.0,30.0,30.0,100.0,0.0,100.0,0.0,200.0,0.0,100.0,2110.0,100.0,23437232056.0,100.0,16286858332.0
2019-03-06,ZJV1CG43,ST12000NM0007,12000138625024,0,83.0,187606088.0,99.0,0.0,100.0,1.0,100.0,0.0,85.0,290606626.0,98.0,2277.0,100.0,0.0,100.0,1.0,,,,,100.0,0.0,100.0,0.0,,,70.0,30.0,,,100.0,24.0,100.0,403.0,30.0,30.0,100.0,0.0,100.0,0.0,200.0,0.0,100.0,2126.0,100.0,23580356832.0,100.0,16402267436.0
2019-03-07,ZJV1CG43,ST12000NM0007,12000138625024,0,74.0,24476432.0,99.0,0.0,100.0,1.0,100.0,0.0,85.0,295429323.0,98.0,2309.0,100.0,0.0,100.0,1.0,,,,,100.0,0.0,100.0,0.0,,,70.0,30.0,,,100.0,25.0,100.0,404.0,30.0,30.0,100.0,0.0,100.0,0.0,200.0,0.0,100.0,2158.0,100.0,23863721896.0,100.0,16688196084.0
2019-03-08,ZJV1CG43,ST12000NM0007,12000138625024,0,78.0,59662432.0,99.0,0.0,100.0,1.0,100.0,0.0,85.0,297842668.0,98.0,2325.0,100.0,0.0,100.0,1.0,,,,,100.0,0.0,100.0,0.0,,,70.0,30.0,,,100.0,25.0,100.0,405.0,30.0,30.0,100.0,0.0,100.0,0.0,200.0,0.0,100.0,2173.0,100.0,24025463368.0,100.0,16805782364.0
2019-03-09,ZJV1CG43,ST12000NM0007,12000138625024,0,82.0,142905664.0,99.0,0.0,100.0,1.0,100.0,0.0,85.0,302850328.0,98.0,2356.0,100.0,0.0,100.0,1.0,,,,,100.0,0.0,100.0,0.0,,,70.0,30.0,,,100.0,25.0,100.0,406.0,30.0,30.0,100.0,0.0,100.0,0.0,200.0,0.0,100.0,2205.0,100.0,24341810536.0,100.0,17060959868.0
2019-03-10,ZJV1CG43,ST12000NM0007,12000138625024,0,83.0,193266592.0,99.0,0.0,100.0,1.0,100.0,0.0,85.0,305497554.0,98.0,2372.0,100.0,0.0,100.0,1.0,,,,,100.0,0.0,100.0,0.0,,,69.0,31.0,,,100.0,25.0,100.0,406.0,31.0,31.0,100.0,0.0,100.0,0.0,200.0,0.0,100.0,2221.0,100.0,24511565288.0,100.0,17185706708.0
2019-03-11,ZJV1CG43,ST12000NM0007,12000138625024,0,81.0,113740312.0,99.0,0.0,100.0,1.0,100.0,0.0,85.0,310659187.0,98.0,2404.0,100.0,0.0,100.0,1.0,,,,,100.0,0.0,100.0,0.0,,,70.0,30.0,,,100.0,25.0,100.0,408.0,30.0,30.0,100.0,0.0,100.0,0.0,200.0,0.0,100.0,2252.0,100.0,24844356184.0,100.0,17505812300.0
2019-03-12,ZJV1CG43,ST12000NM0007,12000138625024,0,84.0,224874848.0,99.0,0.0,100.0,1.0,100.0,0.0,85.0,313693883.0,98.0,2420.0,100.0,0.0,100.0,1.0,,,,,100.0,0.0,100.0,0.0,,,71.0,29.0,,,100.0,25.0,100.0,408.0,29.0,29.0,100.0,0.0,100.0,0.0,200.0,0.0,100.0,2268.0,100.0,25032308592.0,100.0,17673135148.0
2019-03-13,ZJV1CG43,ST12000NM0007,12000138625024,0,80.0,102527976.0,99.0,0.0,100.0,1.0,100.0,0.0,85.0,319062751.0,98.0,2451.0,100.0,0.0,100.0,1.0,,,,,100.0,0.0,100.0,0.0,,,72.0,28.0,,,100.0,25.0,100.0,410.0,28.0,28.0,100.0,0.0,100.0,0.0,200.0,0.0,100.0,2300.0,100.0,25362740600.0,100.0,17952779116.0
2019-03-14,ZJV1CG43,ST12000NM0007,12000138625024,0,83.0,207992456.0,99.0,0.0,100.0,1.0,100.0,0.0,85.0,321894948.0,98.0,2467.0,100.0,0.0,100.0,1.0,,,,,100.0,0.0,100.0,0.0,,,71.0,29.0,,,100.0,25.0,100.0,410.0,29.0,29.0,100.0,0.0,100.0,0.0,200.0,0.0,100.0,2316.0,100.0,25544738184.0,100.0,18120386780.0
2019-03-15,ZJV1CG43,ST12000NM0007,12000138625024,0,66.0,3630560.0,99.0,0.0,100.0,1.0,100.0,0.0,85.0,326849016.0,98.0,2499.0,100.0,0.0,100.0,1.0,,,,,100.0,0.0,100.0,0.0,,,72.0,28.0,,,100.0,25.0,100.0,412.0,28.0,28.0,100.0,0.0,100.0,0.0,200.0,0.0,100.0,2347.0,100.0,25838526184.0,100.0,18354659100.0
2019-03-16,ZJV1CG43,ST12000NM0007,12000138625024,0,100.0,1652224.0,99.0,0.0,100.0,1.0,100.0,0.0,85.0,329252704.0,98.0,2515.0,100.0,0.0,100.0,1.0,,,,,100.0,0.0,100.0,0.0,,,71.0,29.0,,,100.0,25.0,100.0,412.0,29.0,29.0,100.0,0.0,100.0,0.0,200.0,0.0,100.0,2363.0,100.0,25967637272.0,100.0,18467710356.0
2019-03-17,ZJV1CG43,ST12000NM0007,12000138625024,0,81.0,114461784.0,99.0,0.0,100.0,1.0,100.0,0.0,85.0,334714801.0,98.0,2547.0,100.0,0.0,100.0,1.0,,,,,100.0,0.0,100.0,0.0,,,72.0,28.0,,,100.0,25.0,100.0,414.0,28.0,28.0,100.0,0.0,100.0,0.0,200.0,0.0,100.0,2394.0,100.0,26273635728.0,100.0,18762803204.0
2019-03-18,ZJV1CG43,ST12000NM0007,12000138625024,0,82.0,146128712.0,99.0,0.0,100.0,1.0,100.0,0.0,85.0,337207099.0,98.0,2562.0,100.0,0.0,100.0,1.0,,,,,100.0,0.0,100.0,0.0,,,71.0,29.0,,,100.0,25.0,100.0,414.0,29.0,29.0,100.0,0.0,100.0,0.0,200.0,0.0,100.0,2410.0,100.0,26415668512.0,100.0,18896578228.0
2019-03-19,ZJV1CG43,ST12000NM0007,12000138625024,0,83.0,211040008.0,99.0,0.0,100.0,1.0,100.0,0.0,85.0,342533852.0,98.0,2594.0,100.0,0.0,100.0,1.0,,,,,100.0,0.0,100.0,0.0,,,72.0,28.0,,,100.0,25.0,100.0,416.0,28.0,28.0,100.0,0.0,100.0,0.0,200.0,0.0,100.0,2441.0,100.0,26702494304.0,100.0,19162945716.0
2019-03-20,ZJV1CG43,ST12000NM0007,12000138625024,0,71.0,11275152.0,99.0,0.0,100.0,1.0,100.0,0.0,85.0,345832780.0,98.0,2610.0,100.0,0.0,100.0,1.0,,,,,100.0,0.0,100.0,0.0,,,72.0,28.0,,,100.0,25.0,100.0,416.0,28.0,28.0,100.0,0.0,100.0,0.0,200.0,0.0,100.0,2457.0,100.0,26852394592.0,100.0,19301561980.0
2019-03-21,ZJV1CG43,ST12000NM0007,12000138625024,0,84.0,235825960.0,99.0,0.0,100.0,1.0,100.0,0.0,85.0,350838186.0,97.0,2641.0,100.0,0.0,100.0,1.0,,,,,100.0,0.0,100.0,0.0,,,72.0,28.0,,,100.0,25.0,100.0,418.0,28.0,28.0,100.0,0.0,100.0,0.0,200.0,0.0,100.0,2489.0,100.0,27069848792.0,100.0,19552799324.0
2019-03-22,ZJV1CG43,ST12000NM0007,12000138625024,0,83.0,189830896.0,99.0,0.0,100.0,1.0,100.0,0.0,85.0,353061679.0,97.0,2657.0,100.0,0.0,100.0,1.0,,,,,100.0,0.0,100.0,0.0,,,72.0,28.0,,,100.0,25.0,100.0,418.0,28.0,28.0,100.0,0.0,100.0,0.0,200.0,0.0,100.0,2505.0,100.0,27144890456.0,100.0,19675903356.0
2019-03-23,ZJV1CG43,ST12000NM0007,12000138625024,0,81.0,132503064.0,99.0,0.0,100.0,1.0,100.0,0.0,86.0,357695568.0,97.0,2689.0,100.0,0.0,100.0,1.0,,,,,100.0,0.0,100.0,0.0,,,72.0,28.0,,,100.0,26.0,100.0,420.0,28.0,28.0,100.0,0.0,100.0,0.0,200.0,0.0,100.0,2536.0,100.0,27348461216.0,100.0,19903286540.0
2019-03-24,ZJV1CG43,ST12000NM0007,12000138625024,0,80.0,94263448.0,99.0,0.0,100.0,1.0,100.0,0.0,86.0,360018201.0,97.0,2705.0,100.0,0.0,100.0,1.0,,,,,100.0,0.0,100.0,0.0,,,72.0,28.0,,,100.0,26.0,100.0,420.0,28.0,28.0,100.0,0.0,100.0,0.0,200.0,0.0,100.0,2552.0,100.0,27462575976.0,100.0,19995072796.0
2019-03-25,ZJV1CG43,ST12000NM0007,12000138625024,0,84.0,242834984.0,99.0,0.0,100.0,1.0,100.0,0.0,86.0,364076769.0,97.0,2736.0,100.0,0.0,100.0,1.0,,,,,100.0,0.0,100.0,0.0,,,73.0,27.0,,,100.0,28.0,100.0,422.0,27.0,27.0,100.0,0.0,100.0,0.0,200.0,0.0,100.0,2584.0,100.0,27617843160.0,100.0,20232518252.0
2019-03-26,ZJV1CG43,ST12000NM0007,12000138625024,0,83.0,220301992.0,99.0,0.0,100.0,1.0,100.0,0.0,86.0,366005025.0,97.0,2752.0,100.0,0.0,100.0,1.0,,,,,100.0,0.0,100.0,0.0,,,72.0,28.0,,,100.0,28.0,100.0,422.0,28.0,28.0,100.0,0.0,100.0,0.0,200.0,0.0,100.0,2599.0,100.0,27705240992.0,100.0,20366728156.0
2019-03-27,ZJV1CG43,ST12000NM0007,12000138625024,0,83.0,191967376.0,99.0,0.0,100.0,1.0,100.0,0.0,86.0,371064800.0,97.0,2784.0,100.0,0.0,100.0,1.0,,,,,100.0,0.0,100.0,0.0,,,71.0,29.0,,,100.0,29.0,100.0,424.0,29.0,29.0,100.0,0.0,100.0,0.0,200.0,0.0,100.0,2631.0,100.0,27923884088.0,100.0,20608031940.0
2019-03-28,ZJV1CG43,ST12000NM0007,12000138625024,0,80.0,89258920.0,99.0,0.0,100.0,1.0,100.0,0.0,86.0,375262002.0,97.0,2816.0,100.0,0.0,100.0,1.0,,,,,100.0,0.0,100.0,0.0,,,71.0,29.0,,,100.0,29.0,100.0,426.0,29.0,29.0,100.0,0.0,100.0,0.0,200.0,0.0,100.0,2662.0,100.0,28114152816.0,100.0,20803336444.0
2019-03-29,ZJV1CG43,ST12000NM0007,12000138625024,0,64.0,2725152.0,99.0,0.0,100.0,1.0,100.0,0.0,86.0,377076584.0,97.0,2832.0,100.0,0.0,100.0,1.0,,,,,100.0,0.0,100.0,0.0,,,71.0,29.0,,,100.0,29.0,100.0,426.0,29.0,29.0,100.0,0.0,100.0,0.0,200.0,0.0,100.0,2678.0,100.0,28196432912.0,100.0,20878663260.0
2019-03-30,ZJV1CG43,ST12000NM0007,12000138625024,0,81.0,113706272.0,99.0,0.0,100.0,1.0,100.0,0.0,86.0,380765925.0,97.0,2863.0,100.0,0.0,100.0,1.0,,,,,100.0,0.0,100.0,0.0,,,71.0,29.0,,,100.0,30.0,100.0,428.0,29.0,29.0,100.0,0.0,100.0,0.0,200.0,0.0,100.0,2709.0,100.0,28361333720.0,100.0,21068884228.0
2019-03-31,ZJV1CG43,ST12000NM0007,12000138625024,0,77.0,55308576.0,99.0,0.0,100.0,1.0,100.0,0.0,86.0,382822710.0,97.0,2879.0,100.0,0.0,100.0,1.0,,,,,100.0,0.0,100.0,0.0,,,70.0,30.0,,,100.0,30.0,100.0,428.0,30.0,30.0,100.0,0.0,100.0,0.0,200.0,0.0,100.0,2725.0,100.0,28440336416.0,100.0,21175624468.0
2019-04-01,ZJV1CG43,ST12000NM0007,12000138625024,0,83.0,218597264.0,99.0,0.0,100.0,1.0,100.0,0.0,86.0,387357430.0,97.0,2910.0,100.0,0.0,100.0,1.0,,,,,100.0,0.0,100.0,0.0,,,71.0,29.0,,,100.0,31.0,100.0,430.0,29.0,29.0,100.0,0.0,100.0,0.0,200.0,0.0,100.0,2756.0,100.0,28611254688.0,100.0,21412135580.0
2019-04-02,ZJV1CG43,ST12000NM0007,12000138625024,0,82.0,169926616.0,99.0,0.0,100.0,1.0,100.0,0.0,86.0,389800405.0,97.0,2926.0,100.0,0.0,100.0,1.0,,,,,100.0,0.0,100.0,0.0,,,72.0,28.0,,,100.0,31.0,100.0,430.0,28.0,28.0,100.0,0.0,100.0,0.0,200.0,0.0,100.0,2772.0,100.0,28685984256.0,100.0,21532876172.0
2019-04-03,ZJV1CG43,ST12000NM0007,12000138625024,0,77.0,47031776.0,99.0,0.0,100.0,1.0,100.0,0.0,86.0,394142816.0,97.0,2958.0,100.0,0.0,100.0,1.0,,,,,100.0,0.0,100.0,0.0,,,72.0,28.0,,,100.0,32.0,100.0,432.0,28.0,28.0,100.0,0.0,100.0,0.0,200.0,0.0,100.0,2804.0,100.0,28860371320.0,100.0,21723875932.0
2019-04-04,ZJV1CG43,ST12000NM0007,12000138625024,0,83.0,217106792.0,99.0,0.0,100.0,1.0,100.0,0.0,86.0,396098953.0,97.0,2974.0,100.0,0.0,100.0,1.0,,,,,100.0,0.0,100.0,0.0,,,73.0,27.0,,,100.0,32.0,100.0,432.0,27.0,27.0,100.0,0.0,100.0,0.0,200.0,0.0,100.0,2820.0,100.0,28948257152.0,100.0,21806065116.0
2019-04-05,ZJV1CG43,ST12000NM0007,12000138625024,0,82.0,167536456.0,99.0,0.0,100.0,1.0,100.0,0.0,86.0,398263280.0,97.0,2990.0,100.0,0.0,100.0,1.0,,,,,100.0,0.0,100.0,0.0,,,72.0,28.0,,,100.0,33.0,100.0,433.0,28.0,28.0,100.0,0.0,100.0,0.0,200.0,0.0,100.0,2835.0,100.0,29042421728.0,100.0,21906470892.0
2019-04-06,ZJV1CG43,ST12000NM0007,12000138625024,0,82.0,167131376.0,99.0,0.0,100.0,1.0,100.0,0.0,86.0,401303702.0,97.0,3021.0,100.0,0.0,100.0,1.0,,,,,100.0,0.0,100.0,0.0,,,72.0,28.0,,,100.0,34.0,100.0,434.0,28.0,28.0,100.0,0.0,100.0,0.0,200.0,0.0,100.0,2867.0,100.0,29110169784.0,100.0,22082463972.0
2019-04-07,ZJV1CG43,ST12000NM0007,12000138625024,0,80.0,108268520.0,99.0,0.0,100.0,1.0,100.0,0.0,86.0,403372691.0,97.0,3037.0,100.0,0.0,100.0,1.0,,,,,100.0,0.0,100.0,0.0,,,72.0,28.0,,,100.0,34.0,100.0,435.0,28.0,28.0,100.0,0.0,100.0,0.0,200.0,0.0,100.0,2883.0,100.0,29195289256.0,100.0,22182622276.0
2019-04-08,ZJV1CG43,ST12000NM0007,12000138625024,0,77.0,55341328.0,99.0,0.0,100.0,1.0,100.0,0.0,86.0,408334727.0,97.0,3069.0,100.0,0.0,100.0,1.0,,,,,100.0,0.0,100.0,0.0,,,72.0,28.0,,,100.0,34.0,100.0,436.0,28.0,28.0,100.0,0.0,100.0,0.0,200.0,0.0,100.0,2914.0,100.0,29395861848.0,100.0,22417404004.0
2019-04-09,ZJV1CG43,ST12000NM0007,12000138625024,0,83.0,182676416.0,99.0,0.0,100.0,1.0,100.0,0.0,86.0,412563104.0,97.0,3100.0,100.0,0.0,100.0,1.0,,,,,100.0,0.0,100.0,0.0,,,73.0,27.0,,,100.0,34.0,100.0,438.0,27.0,27.0,100.0,0.0,100.0,0.0,200.0,0.0,100.0,2946.0,100.0,29550730872.0,100.0,22634011188.0
2019-04-10,ZJV1CG43,ST12000NM0007,12000138625024,0,81.0,129723880.0,99.0,0.0,100.0,1.0,100.0,0.0,86.0,415435104.0,97.0,3116.0,100.0,0.0,100.0,1.0,,,,,100.0,0.0,100.0,0.0,,,72.0,28.0,,,100.0,34.0,100.0,438.0,28.0,28.0,100.0,0.0,100.0,0.0,200.0,0.0,100.0,2961.0,100.0,29623791808.0,100.0,22752138348.0
2019-04-11,ZJV1CG43,ST12000NM0007,12000138625024,0,72.0,16061528.0,99.0,0.0,100.0,1.0,100.0,0.0,86.0,419367305.0,97.0,3148.0,100.0,0.0,100.0,1.0,,,,,100.0,0.0,100.0,0.0,,,72.0,28.0,,,100.0,36.0,100.0,440.0,28.0,28.0,100.0,0.0,100.0,0.0,200.0,0.0,100.0,2993.0,100.0,29780816248.0,100.0,22969733140.0
2019-04-12,ZJV1CG43,ST12000NM0007,12000138625024,0,83.0,183357688.0,99.0,0.0,100.0,1.0,100.0,0.0,86.0,421304178.0,97.0,3164.0,100.0,0.0,100.0,1.0,,,,,100.0,0.0,100.0,0.0,,,72.0,28.0,,,100.0,36.0,100.0,440.0,28.0,28.0,100.0,0.0,100.0,0.0,200.0,0.0,100.0,3009.0,100.0,29854605712.0,100.0,23063239836.0
2019-04-13,ZJV1CG43,ST12000NM0007,12000138625024,0,80.0,108028600.0,99.0,0.0,100.0,1.0,100.0,0.0,86.0,425886546.0,97.0,3195.0,100.0,0.0,100.0,1.0,,,,,100.0,0.0,100.0,0.0,,,72.0,28.0,,,100.0,36.0,100.0,442.0,28.0,28.0,100.0,0.0,100.0,0.0,200.0,0.0,100.0,3040.0,100.0,30027739640.0,100.0,23303058180.0
2019-04-14,ZJV1CG43,ST12000NM0007,12000138625024,0,80.0,108593232.0,99.0,0.0,100.0,1.0,100.0,0.0,86.0,428355704.0,97.0,3211.0,100.0,0.0,100.0,1.0,,,,,100.0,0.0,100.0,0.0,,,72.0,28.0,,,100.0,36.0,100.0,442.0,28.0,28.0,100.0,0.0,100.0,0.0,200.0,0.0,100.0,3056.0,100.0,30137635248.0,100.0,23437867924.0
2019-04-15,ZJV1CG43,ST12000NM0007,12000138625024,0,84.0,235578824.0,99.0,0.0,100.0,1.0,100.0,0.0,86.0,432551473.0,97.0,3243.0,100.0,0.0,100.0,1.0,,,,,100.0,0.0,100.0,0.0,,,72.0,28.0,,,100.0,37.0,100.0,444.0,28.0,28.0,100.0,0.0,100.0,0.0,200.0,0.0,100.0,3088.0,100.0,30277689208.0,100.0,23668940268.0
2019-04-16,ZJV1CG43,ST12000NM0007,12000138625024,0,82.0,146626584.0,99.0,0.0,100.0,1.0,100.0,0.0,86.0,434302810.0,97.0,3259.0,100.0,0.0,100.0,1.0,,,,,100.0,0.0,100.0,0.0,,,72.0,28.0,,,100.0,37.0,100.0,444.0,28.0,28.0,100.0,0.0,100.0,0.0,200.0,0.0,100.0,3103.0,100.0,30324064720.0,100.0,23777753308.0
2019-04-17,ZJV1CG43,ST12000NM0007,12000138625024,0,74.0,28132912.0,99.0,0.0,100.0,1.0,100.0,0.0,86.0,438897768.0,97.0,3290.0,100.0,0.0,100.0,1.0,,,,,100.0,0.0,100.0,0.0,,,71.0,29.0,,,100.0,37.0,100.0,446.0,29.0,29.0,100.0,0.0,100.0,0.0,200.0,0.0,100.0,3135.0,100.0,30475446944.0,100.0,23996159292.0
2019-04-18,ZJV1CG43,ST12000NM0007,12000138625024,0,83.0,216572792.0,99.0,0.0,100.0,1.0,100.0,0.0,86.0,441005299.0,97.0,3306.0,100.0,0.0,100.0,1.0,,,,,100.0,0.0,100.0,0.0,,,71.0,29.0,,,100.0,37.0,100.0,446.0,29.0,29.0,100.0,0.0,100.0,0.0,200.0,0.0,100.0,3151.0,100.0,30545575136.0,100.0,24114470980.0
2019-04-19,ZJV1CG43,ST12000NM0007,12000138625024,0,80.0,104858488.0,99.0,0.0,100.0,1.0,100.0,0.0,86.0,446563852.0,97.0,3338.0,100.0,0.0,100.0,1.0,,,,,100.0,0.0,100.0,0.0,,,71.0,29.0,,,100.0,38.0,100.0,448.0,29.0,29.0,100.0,0.0,100.0,0.0,200.0,0.0,100.0,3182.0,100.0,30678914448.0,100.0,24357699604.0
2019-04-20,ZJV1CG43,ST12000NM0007,12000138625024,0,78.0,56385928.0,99.0,0.0,100.0,1.0,100.0,0.0,87.0,448685788.0,97.0,3354.0,100.0,0.0,100.0,1.0,,,,,100.0,0.0,100.0,0.0,,,70.0,30.0,,,100.0,38.0,100.0,448.0,30.0,30.0,100.0,0.0,100.0,0.0,200.0,0.0,100.0,3198.0,100.0,30768564800.0,100.0,24463717436.0
2019-04-21,ZJV1CG43,ST12000NM0007,12000138625024,0,83.0,194987096.0,99.0,0.0,100.0,1.0,100.0,0.0,87.0,452822959.0,97.0,3385.0,100.0,0.0,100.0,1.0,,,,,100.0,0.0,100.0,0.0,,,71.0,29.0,,,100.0,39.0,100.0,449.0,29.0,29.0,100.0,0.0,100.0,0.0,200.0,0.0,100.0,3229.0,100.0,30930479400.0,100.0,24684545292.0
2019-04-22,ZJV1CG43,ST12000NM0007,12000138625024,0,81.0,118956928.0,99.0,0.0,100.0,1.0,100.0,0.0,87.0,454593848.0,97.0,3401.0,100.0,0.0,100.0,1.0,,,,,100.0,0.0,100.0,0.0,,,70.0,30.0,,,100.0,40.0,100.0,450.0,30.0,30.0,100.0,0.0,100.0,0.0,200.0,0.0,100.0,3245.0,100.0,30989934760.0,100.0,24793200420.0
2019-04-23,ZJV1CG43,ST12000NM0007,12000138625024,0,84.0,231982248.0,99.0,0.0,100.0,1.0,100.0,0.0,87.0,458504546.0,97.0,3433.0,100.0,0.0,100.0,1.0,,,,,100.0,0.0,100.0,0.0,,,71.0,29.0,,,100.0,40.0,100.0,451.0,29.0,29.0,100.0,0.0,100.0,0.0,200.0,0.0,100.0,3277.0,100.0,31132699720.0,100.0,25007601444.0
2019-04-24,ZJV1CG43,ST12000NM0007,12000138625024,0,78.0,65006144.0,99.0,0.0,100.0,1.0,100.0,0.0,87.0,462154514.0,97.0,3465.0,100.0,0.0,100.0,1.0,,,,,100.0,0.0,100.0,0.0,,,72.0,28.0,,,100.0,42.0,100.0,454.0,28.0,28.0,100.0,0.0,100.0,0.0,200.0,0.0,100.0,3309.0,100.0,31210487976.0,100.0,25251118556.0
2019-04-25,ZJV1CG43,ST12000NM0007,12000138625024,0,83.0,205605624.0,99.0,0.0,100.0,1.0,100.0,0.0,87.0,463649174.0,97.0,3481.0,100.0,0.0,100.0,1.0,,,,,100.0,0.0,100.0,0.0,,,71.0,29.0,,,100.0,42.0,100.0,454.0,29.0,29.0,100.0,0.0,100.0,0.0,200.0,0.0,100.0,3325.0,100.0,31247711696.0,100.0,25354494316.0
2019-04-26,ZJV1CG43,ST12000NM0007,12000138625024,0,84.0,226352584.0,99.0,0.0,100.0,1.0,100.0,0.0,87.0,466673290.0,96.0,3513.0,100.0,0.0,100.0,1.0,,,,,100.0,0.0,100.0,0.0,,,71.0,29.0,,,100.0,44.0,100.0,456.0,29.0,29.0,100.0,0.0,100.0,0.0,200.0,0.0,100.0,3356.0,100.0,31338868528.0,100.0,25528225556.0
2019-04-27,ZJV1CG43,ST12000NM0007,12000138625024,0,81.0,138586200.0,99.0,0.0,100.0,1.0,100.0,0.0,87.0,469177852.0,96.0,3528.0,100.0,0.0,100.0,1.0,,,,,100.0,0.0,100.0,0.0,,,71.0,29.0,,,100.0,44.0,100.0,456.0,29.0,29.0,100.0,0.0,100.0,0.0,200.0,0.0,100.0,3372.0,100.0,31382981432.0,100.0,25640486908.0
2019-04-28,ZJV1CG43,ST12000NM0007,12000138625024,0,84.0,238825688.0,99.0,0.0,100.0,1.0,100.0,0.0,87.0,473648258.0,96.0,3560.0,100.0,0.0,100.0,1.0,,,,,100.0,0.0,100.0,0.0,,,71.0,29.0,,,100.0,44.0,100.0,458.0,29.0,29.0,100.0,0.0,100.0,0.0,200.0,0.0,100.0,3404.0,100.0,31540310392.0,100.0,25827538164.0
2019-04-29,ZJV1CG43,ST12000NM0007,12000138625024,0,81.0,131766024.0,99.0,0.0,100.0,1.0,100.0,0.0,87.0,475219694.0,96.0,3576.0,100.0,0.0,100.0,1.0,,,,,100.0,0.0,100.0,0.0,,,71.0,29.0,,,100.0,44.0,100.0,458.0,29.0,29.0,100.0,0.0,100.0,0.0,200.0,0.0,100.0,3420.0,100.0,31585012360.0,100.0,25919917316.0
2019-04-30,ZJV1CG43,ST12000NM0007,12000138625024,0,83.0,190198496.0,99.0,0.0,100.0,1.0,100.0,0.0,87.0,478453361.0,96.0,3608.0,100.0,0.0,100.0,1.0,,,,,100.0,0.0,100.0,0.0,,,72.0,28.0,,,100.0,45.0,100.0,460.0,28.0,28.0,100.0,0.0,100.0,0.0,200.0,0.0,100.0,3451.0,100.0,31693009600.0,100.0,26114493188.0
2019-05-01,ZJV1CG43,ST12000NM0007,12000138625024,0,80.0,104794216.0,99.0,0.0,100.0,1.0,100.0,0.0,87.0,480752816.0,96.0,3624.0,100.0,0.0,100.0,1.0,,,,,100.0,0.0,100.0,0.0,,,72.0,28.0,,,100.0,45.0,100.0,460.0,28.0,28.0,100.0,0.0,100.0,0.0,200.0,0.0,100.0,3467.0,100.0,31746300096.0,100.0,26219939252.0
2019-05-02,ZJV1CG43,ST12000NM0007,12000138625024,0,82.0,170241216.0,99.0,0.0,100.0,1.0,100.0,0.0,87.0,484535434.0,96.0,3656.0,100.0,0.0,100.0,1.0,,,,,100.0,0.0,100.0,0.0,,,71.0,29.0,,,100.0,46.0,100.0,462.0,29.0,29.0,100.0,0.0,100.0,0.0,200.0,0.0,100.0,3498.0,100.0,31846144328.0,100.0,26429682652.0
2019-05-03,ZJV1CG43,ST12000NM0007,12000138625024,0,79.0,71523904.0,99.0,0.0,100.0,1.0,100.0,0.0,87.0,486487683.0,96.0,3671.0,100.0,0.0,100.0,1.0,,,,,100.0,0.0,100.0,0.0,,,72.0,28.0,,,100.0,46.0,100.0,462.0,28.0,28.0,100.0,0.0,100.0,0.0,200.0,0.0,100.0,3514.0,100.0,31904400528.0,100.0,26516849908.0
2019-05-04,ZJV1CG43,ST12000NM0007,12000138625024,0,80.0,96340328.0,99.0,0.0,100.0,1.0,100.0,0.0,87.0,490077240.0,96.0,3703.0,100.0,0.0,100.0,1.0,,,,,100.0,0.0,100.0,0.0,,,72.0,28.0,,,100.0,46.0,100.0,464.0,28.0,28.0,100.0,0.0,100.0,0.0,200.0,0.0,100.0,3546.0,100.0,32024831464.0,100.0,26665376236.0
2019-05-05,ZJV1CG43,ST12000NM0007,12000138625024,0,74.0,24561376.0,99.0,0.0,100.0,1.0,100.0,0.0,87.0,492308846.0,96.0,3719.0,100.0,0.0,100.0,1.0,,,,,100.0,0.0,100.0,0.0,,,71.0,29.0,,,100.0,46.0,100.0,464.0,29.0,29.0,100.0,0.0,100.0,0.0,200.0,0.0,100.0,3562.0,100.0,32089798616.0,100.0,26772771028.0
2019-05-06,ZJV1CG43,ST12000NM0007,12000138625024,0,79.0,80403968.0,99.0,0.0,100.0,1.0,100.0,0.0,87.0,496963100.0,96.0,3751.0,100.0,0.0,100.0,1.0,,,,,100.0,0.0,100.0,0.0,,,72.0,28.0,,,100.0,48.0,100.0,466.0,28.0,28.0,100.0,0.0,100.0,0.0,200.0,0.0,100.0,3593.0,100.0,32183362424.0,100.0,26979190612.0
2019-05-07,ZJV1CG43,ST12000NM0007,12000138625024,0,83.0,220466488.0,99.0,0.0,100.0,1.0,100.0,0.0,87.0,498819050.0,96.0,3767.0,100.0,0.0,100.0,1.0,,,,,100.0,0.0,100.0,0.0,,,72.0,28.0,,,100.0,48.0,100.0,466.0,28.0,28.0,100.0,0.0,100.0,0.0,200.0,0.0,100.0,3609.0,100.0,32237845712.0,100.0,27064769844.0
2019-05-08,ZJV1CG43,ST12000NM0007,12000138625024,0,73.0,21961896.0,99.0,0.0,100.0,1.0,100.0,0.0,87.0,502661758.0,96.0,3799.0,100.0,0.0,100.0,1.0,,,,,100.0,0.0,100.0,0.0,,,72.0,28.0,,,100.0,50.0,100.0,468.0,28.0,28.0,100.0,0.0,100.0,0.0,200.0,0.0,100.0,3641.0,100.0,32319787248.0,100.0,27272605300.0
2019-05-09,ZJV1CG43,ST12000NM0007,12000138625024,0,82.0,159117984.0,99.0,0.0,100.0,1.0,100.0,0.0,87.0,504091443.0,96.0,3814.0,100.0,0.0,100.0,1.0,,,,,100.0,0.0,100.0,0.0,,,72.0,28.0,,,100.0,50.0,100.0,468.0,28.0,28.0,100.0,0.0,100.0,0.0,200.0,0.0,100.0,3656.0,100.0,32348292344.0,100.0,27381256292.0
2019-05-10,ZJV1CG43,ST12000NM0007,12000138625024,0,82.0,160939768.0,99.0,0.0,100.0,1.0,100.0,0.0,87.0,506681156.0,96.0,3846.0,100.0,0.0,100.0,1.0,,,,,100.0,0.0,100.0,0.0,,,72.0,28.0,,,100.0,52.0,100.0,470.0,28.0,28.0,100.0,0.0,100.0,0.0,200.0,0.0,100.0,3688.0,100.0,32391865408.0,100.0,27583645900.0
2019-05-11,ZJV1CG43,ST12000NM0007,12000138625024,0,79.0,87012504.0,99.0,0.0,100.0,1.0,100.0,0.0,87.0,508355333.0,96.0,3862.0,100.0,0.0,100.0,1.0,,,,,100.0,0.0,100.0,0.0,,,71.0,29.0,,,100.0,52.0,100.0,470.0,29.0,29.0,100.0,0.0,100.0,0.0,200.0,0.0,100.0,3704.0,100.0,32416355064.0,100.0,27729369732.0
2019-05-12,ZJV1CG43,ST12000NM0007,12000138625024,0,81.0,141035192.0,99.0,0.0,100.0,1.0,100.0,0.0,87.0,512585495.0,96.0,3894.0,100.0,0.0,100.0,1.0,,,,,100.0,0.0,100.0,0.0,,,71.0,29.0,,,100.0,52.0,100.0,472.0,29.0,29.0,100.0,0.0,100.0,0.0,200.0,0.0,100.0,3735.0,100.0,32489668976.0,100.0,27954219236.0
2019-05-13,ZJV1CG43,ST12000NM0007,12000138625024,0,77.0,45780408.0,99.0,0.0,100.0,1.0,100.0,0.0,87.0,514421632.0,96.0,3910.0,100.0,0.0,100.0,1.0,,,,,100.0,0.0,100.0,0.0,,,71.0,29.0,,,100.0,52.0,100.0,472.0,29.0,29.0,100.0,0.0,100.0,0.0,200.0,0.0,100.0,3751.0,100.0,32528224168.0,100.0,28064549908.0
2019-05-14,ZJV1CG43,ST12000NM0007,12000138625024,0,81.0,129524368.0,99.0,0.0,100.0,1.0,100.0,0.0,87.0,518622297.0,96.0,3941.0,100.0,0.0,100.0,1.0,,,,,100.0,0.0,100.0,0.0,,,70.0,30.0,,,100.0,54.0,100.0,474.0,30.0,30.0,100.0,0.0,100.0,0.0,200.0,0.0,100.0,3783.0,100.0,32596538760.0,100.0,28324120004.0
2019-05-15,ZJV1CG43,ST12000NM0007,12000138625024,0,74.0,26811128.0,99.0,0.0,100.0,1.0,100.0,0.0,87.0,520847762.0,96.0,3957.0,100.0,0.0,100.0,1.0,,,,,100.0,0.0,100.0,0.0,,,70.0,30.0,,,100.0,54.0,100.0,474.0,30.0,30.0,100.0,0.0,100.0,0.0,200.0,0.0,100.0,3799.0,100.0,32627700872.0,100.0,28434385356.0
2019-05-16,ZJV1CG43,ST12000NM0007,12000138625024,0,80.0,89712000.0,99.0,0.0,100.0,1.0,100.0,0.0,87.0,523815931.0,96.0,3989.0,100.0,0.0,100.0,1.0,,,,,100.0,0.0,100.0,0.0,,,70.0,30.0,,,100.0,55.0,100.0,476.0,30.0,30.0,100.0,0.0,100.0,0.0,200.0,0.0,100.0,3830.0,100.0,32690530688.0,100.0,28678597132.0
2019-05-17,ZJV1CG43,ST12000NM0007,12000138625024,0,67.0,4669456.0,99.0,0.0,100.0,1.0,100.0,0.0,87.0,525344181.0,96.0,4005.0,100.0,0.0,100.0,1.0,,,,,100.0,0.0,100.0,0.0,,,70.0,30.0,,,100.0,55.0,100.0,476.0,30.0,30.0,100.0,0.0,100.0,0.0,200.0,0.0,100.0,3846.0,100.0,32724819384.0,100.0,28803406532.0
2019-05-18,ZJV1CG43,ST12000NM0007,12000138625024,0,80.0,107759760.0,99.0,0.0,100.0,1.0,100.0,0.0,87.0,528766137.0,96.0,4037.0,100.0,0.0,100.0,1.0,,,,,100.0,0.0,100.0,0.0,,,71.0,29.0,,,100.0,56.0,100.0,478.0,29.0,29.0,100.0,0.0,100.0,0.0,200.0,0.0,100.0,3878.0,100.0,32813397152.0,100.0,29062059820.0
2019-05-19,ZJV1CG43,ST12000NM0007,12000138625024,0,73.0,18851328.0,99.0,0.0,100.0,1.0,100.0,0.0,87.0,530403393.0,96.0,4053.0,100.0,0.0,100.0,1.0,,,,,100.0,0.0,100.0,0.0,,,70.0,30.0,,,100.0,56.0,100.0,478.0,30.0,30.0,100.0,0.0,100.0,0.0,200.0,0.0,100.0,3894.0,100.0,32843802624.0,100.0,29186886724.0
2019-05-20,ZJV1CG43,ST12000NM0007,12000138625024,0,81.0,140853776.0,99.0,0.0,100.0,1.0,100.0,0.0,87.0,534554992.0,96.0,4084.0,100.0,0.0,100.0,1.0,,,,,100.0,0.0,100.0,0.0,,,71.0,29.0,,,100.0,57.0,100.0,480.0,29.0,29.0,100.0,0.0,100.0,0.0,200.0,0.0,100.0,3925.0,100.0,32935822920.0,100.0,29461009708.0
2019-05-21,ZJV1CG43,ST12000NM0007,12000138625024,0,77.0,48270728.0,99.0,0.0,100.0,1.0,100.0,0.0,87.0,536192539.0,96.0,4100.0,100.0,0.0,100.0,1.0,,,,,100.0,0.0,100.0,0.0,,,70.0,30.0,,,100.0,57.0,100.0,480.0,30.0,30.0,100.0,0.0,100.0,0.0,200.0,0.0,100.0,3941.0,100.0,32970287888.0,100.0,29578102492.0
2019-05-22,ZJV1CG43,ST12000NM0007,12000138625024,0,81.0,125126232.0,99.0,0.0,100.0,1.0,100.0,0.0,87.0,540229044.0,96.0,4132.0,100.0,0.0,100.0,1.0,,,,,100.0,0.0,100.0,0.0,,,71.0,29.0,,,100.0,58.0,100.0,482.0,29.0,29.0,100.0,0.0,100.0,0.0,200.0,0.0,100.0,3973.0,100.0,33078496456.0,100.0,29790890292.0
2019-05-23,ZJV1CG43,ST12000NM0007,12000138625024,0,84.0,239590856.0,99.0,0.0,100.0,1.0,100.0,0.0,87.0,541663393.0,96.0,4148.0,100.0,0.0,100.0,1.0,,,,,100.0,0.0,100.0,0.0,,,71.0,29.0,,,100.0,58.0,100.0,482.0,29.0,29.0,100.0,0.0,100.0,0.0,200.0,0.0,100.0,3989.0,100.0,33120981696.0,100.0,29862869676.0
2019-05-24,ZJV1CG43,ST12000NM0007,12000138625024,0,78.0,57996152.0,99.0,0.0,100.0,1.0,100.0,0.0,87.0,545863105.0,96.0,4180.0,100.0,0.0,100.0,1.0,,,,,100.0,0.0,100.0,0.0,,,69.0,31.0,,,100.0,59.0,100.0,484.0,31.0,31.0,100.0,0.0,100.0,0.0,200.0,0.0,100.0,4020.0,100.0,33183529824.0,100.0,30107008244.0
2019-05-25,ZJV1CG43,ST12000NM0007,12000138625024,0,83.0,205116840.0,99.0,0.0,100.0,1.0,100.0,0.0,87.0,547301708.0,96.0,4195.0,100.0,0.0,100.0,1.0,,,,,100.0,0.0,100.0,0.0,,,69.0,31.0,,,100.0,59.0,100.0,484.0,31.0,31.0,100.0,0.0,100.0,0.0,200.0,0.0,100.0,4036.0,100.0,33213187136.0,100.0,30224471620.0
2019-05-26,ZJV1CG43,ST12000NM0007,12000138625024,0,75.0,29050344.0,99.0,0.0,100.0,1.0,100.0,0.0,87.0,550776174.0,96.0,4227.0,100.0,0.0,100.0,1.0,,,,,100.0,0.0,100.0,0.0,,,69.0,31.0,,,100.0,60.0,100.0,486.0,31.0,31.0,100.0,0.0,100.0,0.0,200.0,0.0,100.0,4068.0,100.0,33284075824.0,100.0,30465798180.0
2019-05-27,ZJV1CG43,ST12000NM0007,12000138625024,0,83.0,189527336.0,99.0,0.0,100.0,1.0,100.0,0.0,87.0,552327356.0,96.0,4243.0,100.0,0.0,100.0,1.0,,,,,100.0,0.0,100.0,0.0,,,69.0,31.0,,,100.0,60.0,100.0,486.0,31.0,31.0,100.0,0.0,100.0,0.0,200.0,0.0,100.0,4084.0,100.0,33320825840.0,100.0,30589525156.0
2019-05-28,ZJV1CG43,ST12000NM0007,12000138625024,0,84.0,229994200.0,99.0,0.0,100.0,1.0,100.0,0.0,87.0,555123347.0,96.0,4275.0,100.0,0.0,100.0,1.0,,,,,100.0,0.0,100.0,0.0,,,69.0,31.0,,,100.0,60.0,100.0,488.0,31.0,31.0,100.0,0.0,100.0,0.0,200.0,0.0,100.0,4115.0,100.0,33372678488.0,100.0,30822280220.0
2019-05-29,ZJV1CG43,ST12000NM0007,12000138625024,0,82.0,145936888.0,99.0,0.0,100.0,1.0,100.0,0.0,87.0,557483025.0,96.0,4291.0,100.0,0.0,100.0,1.0,,,,,100.0,0.0,100.0,0.0,,,69.0,31.0,,,100.0,60.0,100.0,488.0,31.0,31.0,100.0,0.0,100.0,0.0,200.0,0.0,100.0,4131.0,100.0,33411750592.0,100.0,30943291644.0
2019-05-30,ZJV1CG43,ST12000NM0007,12000138625024,0,83.0,182337024.0,99.0,0.0,100.0,1.0,100.0,0.0,87.0,560457232.0,96.0,4322.0,100.0,0.0,100.0,1.0,,,,,100.0,0.0,100.0,0.0,,,70.0,30.0,,,100.0,60.0,100.0,490.0,30.0,30.0,100.0,0.0,100.0,0.0,200.0,0.0,100.0,4163.0,100.0,33466861992.0,100.0,31168721388.0
2019-05-31,ZJV1CG43,ST12000NM0007,12000138625024,0,83.0,185107176.0,99.0,0.0,100.0,1.0,100.0,0.0,88.0,563330621.0,96.0,4354.0,100.0,0.0,100.0,1.0,,,,,100.0,0.0,100.0,0.0,,,70.0,30.0,,,100.0,60.0,100.0,492.0,30.0,30.0,100.0,0.0,100.0,0.0,200.0,0.0,100.0,4194.0,100.0,33527991584.0,100.0,31354502580.0
2019-06-01,ZJV1CG43,ST12000NM0007,12000138625024,0,77.0,47782032.0,99.0,0.0,100.0,1.0,100.0,0.0,88.0,564597056.0,96.0,4370.0,100.0,0.0,100.0,1.0,,,,,100.0,0.0,100.0,0.0,,,69.0,31.0,,,100.0,60.0,100.0,492.0,31.0,31.0,100.0,0.0,100.0,0.0,200.0,0.0,100.0,4210.0,100.0,33552429472.0,100.0,31436880220.0
2019-06-02,ZJV1CG43,ST12000NM0007,12000138625024,0,81.0,129651136.0,99.0,0.0,100.0,1.0,100.0,0.0,88.0,568784354.0,95.0,4402.0,100.0,0.0,100.0,1.0,,,,,100.0,0.0,100.0,0.0,,,69.0,31.0,,,100.0,61.0,100.0,494.0,31.0,31.0,100.0,0.0,100.0,0.0,200.0,0.0,100.0,4241.0,100.0,33637623816.0,100.0,31677695612.0
2019-06-03,ZJV1CG43,ST12000NM0007,12000138625024,0,80.0,101210400.0,99.0,0.0,100.0,1.0,100.0,0.0,88.0,572020403.0,95.0,4418.0,100.0,0.0,100.0,1.0,,,,,100.0,0.0,100.0,0.0,,,69.0,31.0,,,100.0,61.0,100.0,494.0,31.0,31.0,100.0,0.0,100.0,0.0,200.0,0.0,100.0,4257.0,100.0,33708230800.0,100.0,31822788892.0
2019-06-04,ZJV1CG43,ST12000NM0007,12000138625024,0,84.0,230856912.0,99.0,0.0,100.0,1.0,100.0,0.0,88.0,576373825.0,95.0,4450.0,100.0,0.0,100.0,1.0,,,,,100.0,0.0,100.0,0.0,,,69.0,31.0,,,100.0,61.0,100.0,496.0,31.0,31.0,100.0,0.0,100.0,0.0,200.0,0.0,100.0,4289.0,100.0,33825990848.0,100.0,32078816212.0
2019-06-05,ZJV1CG43,ST12000NM0007,12000138625024,0,80.0,91061536.0,99.0,0.0,100.0,1.0,100.0,0.0,88.0,578333072.0,95.0,4466.0,100.0,0.0,100.0,1.0,,,,,100.0,0.0,100.0,0.0,,,70.0,30.0,,,100.0,61.0,100.0,496.0,30.0,30.0,100.0,0.0,100.0,0.0,200.0,0.0,100.0,4305.0,100.0,33861390088.0,100.0,32147762228.0
2019-06-06,ZJV1CG43,ST12000NM0007,12000138625024,0,100.0,2430280.0,99.0,0.0,100.0,1.0,100.0,0.0,88.0,580149098.0,95.0,4482.0,100.0,0.0,100.0,1.0,,,,,100.0,0.0,100.0,0.0,,,69.0,31.0,,,100.0,62.0,100.0,498.0,31.0,31.0,100.0,0.0,100.0,0.0,200.0,0.0,100.0,4321.0,100.0,33912360976.0,100.0,32252301124.0
2019-06-07,ZJV1CG43,ST12000NM0007,12000138625024,0,80.0,98163104.0,99.0,0.0,100.0,1.0,100.0,0.0,88.0,583764425.0,95.0,4513.0,100.0,0.0,100.0,1.0,,,,,100.0,0.0,100.0,0.0,,,70.0,30.0,,,100.0,62.0,100.0,499.0,30.0,30.0,100.0,0.0,100.0,0.0,200.0,0.0,100.0,4352.0,100.0,34016752088.0,100.0,32487783476.0
2019-06-08,ZJV1CG43,ST12000NM0007,12000138625024,0,84.0,234231256.0,99.0,0.0,100.0,1.0,100.0,0.0,88.0,585679611.0,95.0,4529.0,100.0,0.0,100.0,1.0,,,,,100.0,0.0,100.0,0.0,,,69.0,31.0,,,100.0,62.0,100.0,500.0,31.0,31.0,100.0,0.0,100.0,0.0,200.0,0.0,100.0,4368.0,100.0,34060112672.0,100.0,32580491044.0
2019-06-09,ZJV1CG43,ST12000NM0007,12000138625024,0,84.0,236850816.0,99.0,0.0,100.0,1.0,100.0,0.0,88.0,589588161.0,95.0,4561.0,100.0,0.0,100.0,1.0,,,,,100.0,0.0,100.0,0.0,,,69.0,31.0,,,100.0,62.0,100.0,501.0,31.0,31.0,100.0,0.0,100.0,0.0,200.0,0.0,100.0,4400.0,100.0,34137357016.0,100.0,32750007060.0
2019-06-10,ZJV1CG43,ST12000NM0007,12000138625024,0,82.0,157970264.0,99.0,0.0,100.0,1.0,100.0,0.0,88.0,591791263.0,95.0,4577.0,100.0,0.0,100.0,1.0,,,,,100.0,0.0,100.0,0.0,,,70.0,30.0,,,100.0,62.0,100.0,502.0,30.0,30.0,100.0,0.0,100.0,0.0,200.0,0.0,100.0,4416.0,100.0,34168137384.0,100.0,32884486772.0
2019-06-11,ZJV1CG43,ST12000NM0007,12000138625024,0,82.0,147361832.0,99.0,0.0,100.0,1.0,100.0,0.0,88.0,594583164.0,95.0,4609.0,100.0,0.0,100.0,1.0,,,,,100.0,0.0,100.0,0.0,,,70.0,30.0,,,100.0,62.0,100.0,503.0,30.0,30.0,100.0,0.0,100.0,0.0,200.0,0.0,100.0,4447.0,100.0,34216263160.0,100.0,33069893460.0
2019-06-12,ZJV1CG43,ST12000NM0007,12000138625024,0,78.0,68204680.0,99.0,0.0,100.0,1.0,100.0,0.0,88.0,597087591.0,95.0,4625.0,100.0,0.0,100.0,1.0,,,,,100.0,0.0,100.0,0.0,,,70.0,30.0,,,100.0,62.0,100.0,504.0,30.0,30.0,100.0,0.0,100.0,0.0,200.0,0.0,100.0,4463.0,100.0,34267170200.0,100.0,33183969972.0
2019-06-13,ZJV1CG43,ST12000NM0007,12000138625024,0,79.0,70998440.0,99.0,0.0,100.0,1.0,100.0,0.0,88.0,601077078.0,95.0,4657.0,100.0,0.0,100.0,1.0,,,,,100.0,0.0,100.0,0.0,,,70.0,30.0,,,100.0,62.0,100.0,505.0,30.0,30.0,100.0,0.0,100.0,0.0,200.0,0.0,100.0,4495.0,100.0,34318714928.0,100.0,33379360244.0
2019-06-14,ZJV1CG43,ST12000NM0007,12000138625024,0,82.0,177793320.0,99.0,0.0,100.0,1.0,100.0,0.0,88.0,602422007.0,95.0,4673.0,100.0,0.0,100.0,1.0,,,,,100.0,0.0,100.0,0.0,,,69.0,31.0,,,100.0,62.0,100.0,506.0,31.0,31.0,100.0,0.0,100.0,0.0,200.0,0.0,100.0,4511.0,100.0,34337799576.0,100.0,33467070476.0
2019-06-15,ZJV1CG43,ST12000NM0007,12000138625024,0,82.0,165082096.0,99.0,0.0,100.0,1.0,100.0,0.0,88.0,605321116.0,95.0,4705.0,100.0,0.0,100.0,1.0,,,,,100.0,0.0,100.0,0.0,,,70.0,30.0,,,100.0,63.0,100.0,507.0,30.0,30.0,100.0,0.0,100.0,0.0,200.0,0.0,100.0,4543.0,100.0,34391151008.0,100.0,33645148644.0
2019-06-16,ZJV1CG43,ST12000NM0007,12000138625024,0,66.0,4010256.0,99.0,0.0,100.0,1.0,100.0,0.0,88.0,606499345.0,95.0,4721.0,100.0,0.0,100.0,1.0,,,,,100.0,0.0,100.0,0.0,,,70.0,30.0,,,100.0,63.0,100.0,508.0,30.0,30.0,100.0,0.0,100.0,0.0,200.0,0.0,100.0,4559.0,100.0,34409208040.0,100.0,33710160444.0
2019-06-17,ZJV1CG43,ST12000NM0007,12000138625024,0,83.0,211837600.0,99.0,0.0,100.0,1.0,100.0,0.0,88.0,609924715.0,95.0,4752.0,100.0,0.0,100.0,1.0,,,,,100.0,0.0,100.0,0.0,,,69.0,31.0,,,100.0,63.0,100.0,509.0,31.0,31.0,100.0,0.0,100.0,0.0,200.0,0.0,100.0,4590.0,100.0,34445922720.0,100.0,33881273108.0
2019-06-18,ZJV1CG43,ST12000NM0007,12000138625024,0,79.0,83033232.0,99.0,0.0,100.0,1.0,100.0,0.0,88.0,611243274.0,95.0,4768.0,100.0,0.0,100.0,1.0,,,,,100.0,0.0,100.0,0.0,,,70.0,30.0,,,100.0,63.0,100.0,510.0,30.0,30.0,100.0,0.0,100.0,0.0,200.0,0.0,100.0,4606.0,100.0,34465241624.0,100.0,33977290644.0
2019-06-19,ZJV1CG43,ST12000NM0007,12000138625024,0,79.0,83162496.0,99.0,0.0,100.0,1.0,100.0,0.0,88.0,615193499.0,95.0,4800.0,100.0,0.0,100.0,1.0,,,,,100.0,0.0,100.0,0.0,,,68.0,32.0,,,100.0,64.0,100.0,511.0,32.0,32.0,100.0,0.0,100.0,0.0,200.0,0.0,100.0,4638.0,100.0,34524741544.0,100.0,34162060700.0
2019-06-20,ZJV1CG43,ST12000NM0007,12000138625024,0,77.0,55231112.0,99.0,0.0,100.0,1.0,100.0,0.0,88.0,617952655.0,95.0,4832.0,100.0,0.0,100.0,1.0,,,,,100.0,0.0,100.0,0.0,,,70.0,30.0,,,100.0,65.0,100.0,513.0,30.0,30.0,100.0,0.0,100.0,0.0,200.0,0.0,100.0,4669.0,100.0,34568231680.0,100.0,34334780196.0
2019-06-21,ZJV1CG43,ST12000NM0007,12000138625024,0,82.0,165346744.0,99.0,0.0,100.0,1.0,100.0,0.0,88.0,619335543.0,95.0,4848.0,100.0,0.0,100.0,1.0,,,,,100.0,0.0,100.0,0.0,,,70.0,30.0,,,100.0,65.0,100.0,513.0,30.0,30.0,100.0,0.0,100.0,0.0,200.0,0.0,100.0,4685.0,100.0,34595873096.0,100.0,34417254412.0
2019-06-22,ZJV1CG43,ST12000NM0007,12000138625024,0,82.0,167724216.0,99.0,0.0,100.0,1.0,100.0,0.0,88.0,622568183.0,95.0,4879.0,100.0,0.0,100.0,1.0,,,,,100.0,0.0,100.0,0.0,,,69.0,31.0,,,100.0,65.0,100.0,514.0,31.0,31.0,100.0,0.0,100.0,0.0,200.0,0.0,100.0,4717.0,100.0,34696906264.0,100.0,34562739548.0
2019-06-23,ZJV1CG43,ST12000NM0007,12000138625024,0,82.0,145301112.0,99.0,0.0,100.0,1.0,100.0,0.0,88.0,625549825.0,95.0,4895.0,100.0,0.0,100.0,1.0,,,,,100.0,0.0,100.0,0.0,,,68.0,32.0,,,100.0,66.0,100.0,515.0,32.0,32.0,100.0,0.0,100.0,0.0,200.0,0.0,100.0,4732.0,100.0,34729914864.0,100.0,34751448652.0
2019-06-24,ZJV1CG43,ST12000NM0007,12000138625024,0,84.0,231984600.0,99.0,0.0,100.0,1.0,100.0,0.0,88.0,629808363.0,95.0,4927.0,100.0,0.0,100.0,1.0,,,,,100.0,0.0,100.0,0.0,,,68.0,32.0,,,100.0,67.0,100.0,517.0,32.0,32.0,100.0,0.0,100.0,0.0,200.0,0.0,100.0,4764.0,100.0,34841230512.0,100.0,34970957156.0
2019-06-25,ZJV1CG43,ST12000NM0007,12000138625024,0,81.0,116259752.0,99.0,0.0,100.0,1.0,100.0,0.0,88.0,631370916.0,95.0,4943.0,100.0,0.0,100.0,1.0,,,,,100.0,0.0,100.0,0.0,,,69.0,31.0,,,100.0,67.0,100.0,517.0,31.0,31.0,100.0,0.0,100.0,0.0,200.0,0.0,100.0,4780.0,100.0,34880792168.0,100.0,35059811404.0
2019-06-26,ZJV1CG43,ST12000NM0007,12000138625024,0,81.0,137922192.0,99.0,0.0,100.0,1.0,100.0,0.0,88.0,635199934.0,95.0,4975.0,100.0,0.0,100.0,1.0,,,,,100.0,0.0,100.0,0.0,,,69.0,31.0,,,100.0,69.0,100.0,519.0,31.0,31.0,100.0,0.0,100.0,0.0,200.0,0.0,100.0,4812.0,100.0,34966740528.0,100.0,35239666116.0
2019-06-27,ZJV1CG43,ST12000NM0007,12000138625024,0,81.0,121861688.0,99.0,0.0,100.0,1.0,100.0,0.0,88.0,636986019.0,95.0,4991.0,100.0,0.0,100.0,1.0,,,,,100.0,0.0,100.0,0.0,,,69.0,31.0,,,100.0,69.0,100.0,519.0,31.0,31.0,100.0,0.0,100.0,0.0,200.0,0.0,100.0,4827.0,100.0,34994018432.0,100.0,35440468340.0
2019-06-28,ZJV1CG43,ST12000NM0007,12000138625024,0,79.0,73557328.0,99.0,0.0,100.0,1.0,100.0,0.0,88.0,641025115.0,95.0,5022.0,100.0,0.0,100.0,1.0,,,,,100.0,0.0,100.0,0.0,,,69.0,31.0,,,100.0,69.0,100.0,520.0,31.0,31.0,100.0,0.0,100.0,0.0,200.0,0.0,100.0,4859.0,100.0,35100700128.0,100.0,35773763772.0
2019-06-29,ZJV1CG43,ST12000NM0007,12000138625024,0,83.0,223523080.0,99.0,0.0,100.0,1.0,100.0,0.0,88.0,642749337.0,95.0,5038.0,100.0,0.0,100.0,1.0,,,,,100.0,0.0,100.0,0.0,,,69.0,31.0,,,100.0,70.0,100.0,521.0,31.0,31.0,100.0,0.0,100.0,0.0,200.0,0.0,100.0,4875.0,100.0,35156490192.0,100.0,35867939460.0
2019-06-30,ZJV1CG43,ST12000NM0007,12000138625024,0,83.0,197635640.0,99.0,0.0,100.0,1.0,100.0,0.0,88.0,647707999.0,95.0,5070.0,100.0,0.0,100.0,1.0,,,,,100.0,0.0,100.0,0.0,,,69.0,31.0,,,100.0,71.0,100.0,522.0,31.0,31.0,100.0,0.0,100.0,0.0,200.0,0.0,100.0,4906.0,100.0,35289528608.0,100.0,36197295164.0
2019-07-01,ZJV1CG43,ST12000NM0007,12000138625024,0,79.0,80112376.0,99.0,0.0,100.0,1.0,100.0,0.0,88.0,649230622.0,95.0,5086.0,100.0,0.0,100.0,1.0,,,,,100.0,0.0,100.0,0.0,,,69.0,31.0,,,100.0,72.0,100.0,523.0,31.0,31.0,100.0,0.0,100.0,0.0,200.0,0.0,100.0,4922.0,100.0,35310437576.0,100.0,36303003804.0
2019-07-02,ZJV1CG43,ST12000NM0007,12000138625024,0,82.0,165149672.0,99.0,0.0,100.0,1.0,100.0,0.0,88.0,652729061.0,95.0,5118.0,100.0,0.0,100.0,1.0,,,,,100.0,0.0,100.0,0.0,,,68.0,32.0,,,100.0,72.0,100.0,524.0,32.0,32.0,100.0,0.0,100.0,0.0,200.0,0.0,100.0,4954.0,100.0,35357009768.0,100.0,36585609668.0
2019-07-03,ZJV1CG43,ST12000NM0007,12000138625024,0,81.0,114719344.0,99.0,0.0,100.0,1.0,100.0,0.0,88.0,655255433.0,95.0,5133.0,100.0,0.0,100.0,1.0,,,,,100.0,0.0,100.0,0.0,,,69.0,31.0,,,100.0,72.0,100.0,525.0,31.0,31.0,100.0,0.0,100.0,0.0,200.0,0.0,100.0,4970.0,100.0,35391583712.0,100.0,36744746060.0
2019-07-04,ZJV1CG43,ST12000NM0007,12000138625024,0,84.0,241764352.0,99.0,0.0,100.0,1.0,100.0,0.0,88.0,658691904.0,95.0,5165.0,100.0,0.0,100.0,1.0,,,,,100.0,0.0,100.0,0.0,,,68.0,32.0,,,100.0,72.0,100.0,526.0,32.0,32.0,100.0,0.0,100.0,0.0,200.0,0.0,100.0,5001.0,100.0,35495006296.0,100.0,37012509132.0
2019-07-05,ZJV1CG43,ST12000NM0007,12000138625024,0,83.0,222764976.0,99.0,0.0,100.0,1.0,100.0,0.0,88.0,660944325.0,95.0,5181.0,100.0,0.0,100.0,1.0,,,,,100.0,0.0,100.0,0.0,,,69.0,31.0,,,100.0,73.0,100.0,527.0,31.0,31.0,100.0,0.0,100.0,0.0,200.0,0.0,100.0,5017.0,100.0,35519946272.0,100.0,37212710460.0
2019-07-06,ZJV1CG43,ST12000NM0007,12000138625024,0,81.0,129382976.0,99.0,0.0,100.0,1.0,100.0,0.0,88.0,665478537.0,95.0,5212.0,100.0,0.0,100.0,1.0,,,,,100.0,0.0,100.0,0.0,,,68.0,32.0,,,100.0,74.0,100.0,529.0,32.0,32.0,100.0,0.0,100.0,0.0,200.0,0.0,100.0,5048.0,100.0,35566021768.0,100.0,37561534372.0
2019-07-07,ZJV1CG43,ST12000NM0007,12000138625024,0,78.0,56430864.0,99.0,0.0,100.0,1.0,100.0,0.0,88.0,668240892.0,95.0,5228.0,100.0,0.0,100.0,1.0,,,,,100.0,0.0,100.0,0.0,,,69.0,31.0,,,100.0,74.0,100.0,529.0,31.0,31.0,100.0,0.0,100.0,0.0,200.0,0.0,100.0,5064.0,100.0,35594199992.0,100.0,37704544772.0
2019-07-08,ZJV1CG43,ST12000NM0007,12000138625024,0,83.0,200599288.0,99.0,0.0,100.0,1.0,100.0,0.0,88.0,672729421.0,94.0,5260.0,100.0,0.0,100.0,1.0,,,,,100.0,0.0,100.0,0.0,,,69.0,31.0,,,100.0,74.0,100.0,530.0,31.0,31.0,100.0,0.0,100.0,0.0,200.0,0.0,100.0,5096.0,100.0,35674469864.0,100.0,38012584004.0
2019-07-09,ZJV1CG43,ST12000NM0007,12000138625024,0,82.0,151603928.0,99.0,0.0,100.0,1.0,100.0,0.0,88.0,674518529.0,94.0,5276.0,100.0,0.0,100.0,1.0,,,,,100.0,0.0,100.0,0.0,,,69.0,31.0,,,100.0,74.0,100.0,531.0,31.0,31.0,100.0,0.0,100.0,0.0,200.0,0.0,100.0,5112.0,100.0,35698841560.0,100.0,38183357588.0
2019-07-10,ZJV1CG43,ST12000NM0007,12000138625024,0,78.0,57042856.0,99.0,0.0,100.0,1.0,100.0,0.0,88.0,679101723.0,94.0,5307.0,100.0,0.0,100.0,1.0,,,,,100.0,0.0,100.0,0.0,,,68.0,32.0,,,100.0,75.0,100.0,532.0,32.0,32.0,100.0,0.0,100.0,0.0,200.0,0.0,100.0,5143.0,100.0,35757617904.0,100.0,38518301460.0
2019-07-11,ZJV1CG43,ST12000NM0007,12000138625024,0,80.0,97722616.0,99.0,0.0,100.0,1.0,100.0,0.0,88.0,681528709.0,94.0,5323.0,100.0,0.0,100.0,1.0,,,,,100.0,0.0,100.0,0.0,,,69.0,31.0,,,100.0,75.0,100.0,533.0,31.0,31.0,100.0,0.0,100.0,0.0,200.0,0.0,100.0,5158.0,100.0,35825411288.0,100.0,38735328564.0
2019-07-12,ZJV1CG43,ST12000NM0007,12000138625024,0,82.0,171913616.0,99.0,0.0,100.0,1.0,100.0,0.0,88.0,686028911.0,94.0,5355.0,100.0,0.0,100.0,1.0,,,,,100.0,0.0,100.0,0.0,,,68.0,32.0,,,100.0,76.0,100.0,535.0,32.0,32.0,100.0,0.0,100.0,0.0,200.0,0.0,100.0,5190.0,100.0,35920472784.0,100.0,39202739572.0
2019-07-13,ZJV1CG43,ST12000NM0007,12000138625024,0,82.0,171896304.0,99.0,0.0,100.0,1.0,100.0,0.0,88.0,688056466.0,94.0,5371.0,100.0,0.0,100.0,1.0,,,,,100.0,0.0,100.0,0.0,,,68.0,32.0,,,100.0,76.0,100.0,535.0,32.0,32.0,100.0,0.0,100.0,0.0,200.0,0.0,100.0,5206.0,100.0,35984212160.0,100.0,39383123740.0
2019-07-14,ZJV1CG43,ST12000NM0007,12000138625024,0,71.0,13582256.0,99.0,0.0,100.0,1.0,100.0,0.0,88.0,693131670.0,94.0,5402.0,100.0,0.0,100.0,1.0,,,,,100.0,0.0,100.0,0.0,,,67.0,33.0,,,100.0,76.0,100.0,536.0,33.0,33.0,100.0,0.0,100.0,0.0,200.0,0.0,100.0,5237.0,100.0,36075363528.0,100.0,39866080532.0
2019-07-15,ZJV1CG43,ST12000NM0007,12000138625024,0,77.0,45231608.0,99.0,0.0,100.0,1.0,100.0,0.0,88.0,696617713.0,94.0,5434.0,100.0,0.0,100.0,1.0,,,,,100.0,0.0,100.0,0.0,,,69.0,31.0,,,100.0,76.0,100.0,538.0,31.0,31.0,100.0,0.0,100.0,0.0,200.0,0.0,100.0,5269.0,100.0,36127635432.0,100.0,40333739756.0
2019-07-16,ZJV1CG43,ST12000NM0007,12000138625024,0,79.0,77147600.0,99.0,0.0,100.0,1.0,100.0,0.0,88.0,698410815.0,94.0,5450.0,100.0,0.0,100.0,1.0,,,,,100.0,0.0,100.0,0.0,,,68.0,32.0,,,100.0,76.0,100.0,538.0,32.0,32.0,100.0,0.0,100.0,0.0,200.0,0.0,100.0,5284.0,100.0,36159631336.0,100.0,40577800484.0
2019-07-17,ZJV1CG43,ST12000NM0007,12000138625024,0,77.0,53992496.0,99.0,0.0,100.0,1.0,100.0,0.0,88.0,701007755.0,94.0,5465.0,100.0,0.0,100.0,1.0,,,,,100.0,0.0,100.0,0.0,,,68.0,32.0,,,100.0,76.0,100.0,539.0,32.0,32.0,100.0,0.0,100.0,0.0,200.0,0.0,100.0,5300.0,100.0,36189835016.0,100.0,40768582484.0
2019-07-18,ZJV1CG43,ST12000NM0007,12000138625024,0,79.0,84083456.0,99.0,0.0,100.0,1.0,100.0,0.0,88.0,704723976.0,94.0,5497.0,100.0,0.0,100.0,1.0,,,,,100.0,0.0,100.0,0.0,,,68.0,32.0,,,100.0,77.0,100.0,540.0,32.0,32.0,100.0,0.0,100.0,0.0,200.0,0.0,100.0,5331.0,100.0,36250661176.0,100.0,41226128636.0
2019-07-19,ZJV1CG43,ST12000NM0007,12000138625024,0,81.0,114903080.0,99.0,0.0,100.0,1.0,100.0,0.0,88.0,706614863.0,94.0,5513.0,100.0,0.0,100.0,1.0,,,,,100.0,0.0,100.0,0.0,,,68.0,32.0,,,100.0,77.0,100.0,541.0,32.0,32.0,100.0,0.0,100.0,0.0,200.0,0.0,100.0,5347.0,100.0,36302182536.0,100.0,41449568276.0
2019-07-20,ZJV1CG43,ST12000NM0007,12000138625024,0,83.0,185575480.0,99.0,0.0,100.0,1.0,100.0,0.0,89.0,710206854.0,94.0,5544.0,100.0,0.0,100.0,1.0,,,,,100.0,0.0,100.0,0.0,,,69.0,31.0,,,100.0,77.0,100.0,542.0,31.0,31.0,100.0,0.0,100.0,0.0,200.0,0.0,100.0,5378.0,100.0,36379989520.0,100.0,41930715556.0
2019-07-21,ZJV1CG43,ST12000NM0007,12000138625024,0,83.0,189830960.0,99.0,0.0,100.0,1.0,100.0,0.0,89.0,711760317.0,94.0,5560.0,100.0,0.0,100.0,1.0,,,,,100.0,0.0,100.0,0.0,,,68.0,32.0,,,100.0,78.0,100.0,543.0,32.0,32.0,100.0,0.0,100.0,0.0,200.0,0.0,100.0,5394.0,100.0,36400322408.0,100.0,42158779108.0
2019-07-22,ZJV1CG43,ST12000NM0007,12000138625024,0,76.0,36759360.0,99.0,0.0,100.0,1.0,100.0,0.0,89.0,716925864.0,94.0,5592.0,100.0,0.0,100.0,1.0,,,,,100.0,0.0,100.0,0.0,,,69.0,31.0,,,100.0,78.0,100.0,544.0,31.0,31.0,100.0,0.0,100.0,0.0,200.0,0.0,100.0,5425.0,100.0,36499978048.0,100.0,42638473860.0
2019-07-23,ZJV1CG43,ST12000NM0007,12000138625024,0,79.0,80132928.0,99.0,0.0,100.0,1.0,100.0,0.0,89.0,718683622.0,94.0,5607.0,100.0,0.0,100.0,1.0,,,,,100.0,0.0,100.0,0.0,,,68.0,32.0,,,100.0,78.0,100.0,545.0,32.0,32.0,100.0,0.0,100.0,0.0,200.0,0.0,100.0,5441.0,100.0,36539384416.0,100.0,42886581796.0
2019-07-24,ZJV1CG43,ST12000NM0007,12000138625024,0,82.0,164376176.0,99.0,0.0,100.0,1.0,100.0,0.0,89.0,722541296.0,94.0,5639.0,100.0,0.0,100.0,1.0,,,,,100.0,0.0,100.0,0.0,,,68.0,32.0,,,100.0,79.0,100.0,546.0,32.0,32.0,100.0,0.0,100.0,0.0,200.0,0.0,100.0,5472.0,100.0,36611274656.0,100.0,43143075468.0
2019-07-25,ZJV1CG43,ST12000NM0007,12000138625024,0,83.0,187589160.0,99.0,0.0,100.0,1.0,100.0,0.0,89.0,724884781.0,94.0,5655.0,100.0,0.0,100.0,1.0,,,,,100.0,0.0,100.0,0.0,,,68.0,32.0,,,100.0,79.0,100.0,548.0,32.0,32.0,100.0,0.0,100.0,0.0,200.0,0.0,100.0,5488.0,100.0,36679096864.0,100.0,43342606924.0
2019-07-26,ZJV1CG43,ST12000NM0007,12000138625024,0,80.0,93383200.0,99.0,0.0,100.0,1.0,100.0,0.0,89.0,728421098.0,94.0,5687.0,100.0,0.0,100.0,1.0,,,,,100.0,0.0,100.0,0.0,,,67.0,33.0,,,100.0,79.0,100.0,549.0,33.0,33.0,100.0,0.0,100.0,0.0,200.0,0.0,100.0,5520.0,100.0,36742195592.0,100.0,43673583716.0
2019-07-27,ZJV1CG43,ST12000NM0007,12000138625024,0,81.0,126578800.0,99.0,0.0,100.0,1.0,100.0,0.0,89.0,732496579.0,94.0,5719.0,100.0,0.0,100.0,1.0,,,,,100.0,0.0,100.0,0.0,,,68.0,32.0,,,100.0,80.0,100.0,551.0,32.0,32.0,100.0,0.0,100.0,0.0,200.0,0.0,100.0,5551.0,100.0,36835613672.0,100.0,44101642660.0
2019-07-28,ZJV1CG43,ST12000NM0007,12000138625024,0,83.0,190815792.0,99.0,0.0,100.0,1.0,100.0,0.0,89.0,734629156.0,94.0,5735.0,100.0,0.0,100.0,1.0,,,,,100.0,0.0,100.0,0.0,,,67.0,33.0,,,100.0,80.0,100.0,551.0,33.0,33.0,100.0,0.0,100.0,0.0,200.0,0.0,100.0,5567.0,100.0,36885821736.0,100.0,44359812372.0
2019-07-29,ZJV1CG43,ST12000NM0007,12000138625024,0,84.0,226580488.0,99.0,0.0,100.0,1.0,100.0,0.0,89.0,739284399.0,94.0,5766.0,100.0,0.0,100.0,1.0,,,,,100.0,0.0,100.0,0.0,,,67.0,33.0,,,100.0,81.0,100.0,553.0,33.0,33.0,100.0,0.0,100.0,0.0,200.0,0.0,100.0,5599.0,100.0,36971519064.0,100.0,44798161564.0
2019-07-30,ZJV1CG43,ST12000NM0007,12000138625024,0,78.0,57482384.0,99.0,0.0,100.0,1.0,100.0,0.0,89.0,741718410.0,94.0,5782.0,100.0,0.0,100.0,1.0,,,,,100.0,0.0,100.0,0.0,,,68.0,32.0,,,100.0,81.0,100.0,553.0,32.0,32.0,100.0,0.0,100.0,0.0,200.0,0.0,100.0,5615.0,100.0,37060998040.0,100.0,45027866244.0
2019-07-31,ZJV1CG43,ST12000NM0007,12000138625024,0,83.0,219919920.0,99.0,0.0,100.0,1.0,100.0,0.0,89.0,746290384.0,94.0,5814.0,100.0,0.0,100.0,1.0,,,,,100.0,0.0,100.0,0.0,,,68.0,32.0,,,100.0,81.0,100.0,555.0,32.0,32.0,100.0,0.0,100.0,0.0,200.0,0.0,100.0,5646.0,100.0,37183462824.0,100.0,45311979636.0
2019-08-01,ZJV1CG43,ST12000NM0007,12000138625024,0,84.0,234509680.0,99.0,0.0,100.0,1.0,100.0,0.0,89.0,748568302.0,94.0,5830.0,100.0,0.0,100.0,1.0,,,,,100.0,0.0,100.0,0.0,,,69.0,31.0,,,100.0,81.0,100.0,555.0,31.0,31.0,100.0,0.0,100.0,0.0,200.0,0.0,100.0,5662.0,100.0,37254049464.0,100.0,45500123420.0
2019-08-02,ZJV1CG43,ST12000NM0007,12000138625024,0,72.0,15993456.0,99.0,0.0,100.0,1.0,100.0,0.0,89.0,753289547.0,94.0,5861.0,100.0,0.0,100.0,1.0,,,,,100.0,0.0,100.0,0.0,,,69.0,31.0,,,100.0,81.0,100.0,557.0,31.0,31.0,100.0,0.0,100.0,0.0,200.0,0.0,100.0,5693.0,100.0,37369284800.0,100.0,45898794028.0
2019-08-03,ZJV1CG43,ST12000NM0007,12000138625024,0,84.0,234548416.0,99.0,0.0,100.0,1.0,100.0,0.0,89.0,755114167.0,94.0,5877.0,100.0,0.0,100.0,1.0,,,,,100.0,0.0,100.0,0.0,,,70.0,30.0,,,100.0,81.0,100.0,557.0,30.0,30.0,100.0,0.0,100.0,0.0,200.0,0.0,100.0,5709.0,100.0,37411861480.0,100.0,46074772308.0
2019-08-04,ZJV1CG43,ST12000NM0007,12000138625024,0,82.0,152753024.0,99.0,0.0,100.0,1.0,100.0,0.0,89.0,760785897.0,94.0,5909.0,100.0,0.0,100.0,1.0,,,,,100.0,0.0,100.0,0.0,,,68.0,32.0,,,100.0,82.0,100.0,559.0,32.0,32.0,100.0,0.0,100.0,0.0,200.0,0.0,100.0,5740.0,100.0,37583261176.0,100.0,46553999620.0
2019-08-05,ZJV1CG43,ST12000NM0007,12000138625024,0,74.0,26407512.0,99.0,0.0,100.0,1.0,100.0,0.0,89.0,763807196.0,94.0,5925.0,100.0,0.0,100.0,1.0,,,,,100.0,0.0,100.0,0.0,,,69.0,31.0,,,100.0,82.0,100.0,559.0,31.0,31.0,100.0,0.0,100.0,0.0,200.0,0.0,100.0,5756.0,100.0,37676739168.0,100.0,46822462604.0
2019-08-06,ZJV1CG43,ST12000NM0007,12000138625024,0,81.0,124505648.0,99.0,0.0,100.0,1.0,100.0,0.0,89.0,768404803.0,94.0,5956.0,100.0,0.0,100.0,1.0,,,,,100.0,0.0,100.0,0.0,,,68.0,32.0,,,100.0,82.0,100.0,561.0,32.0,32.0,100.0,0.0,100.0,0.0,200.0,0.0,100.0,5788.0,100.0,37810376656.0,100.0,47275204764.0
2019-08-07,ZJV1CG43,ST12000NM0007,12000138625024,0,79.0,74613976.0,99.0,0.0,100.0,1.0,100.0,0.0,89.0,770795207.0,94.0,5972.0,100.0,0.0,100.0,1.0,,,,,100.0,0.0,100.0,0.0,,,68.0,32.0,,,100.0,82.0,100.0,561.0,32.0,32.0,100.0,0.0,100.0,0.0,200.0,0.0,100.0,5804.0,100.0,37889022624.0,100.0,47390807820.0
2019-08-08,ZJV1CG43,ST12000NM0007,12000138625024,0,77.0,45487864.0,99.0,0.0,100.0,1.0,100.0,0.0,89.0,777115093.0,94.0,6004.0,100.0,0.0,100.0,1.0,,,,,100.0,0.0,100.0,0.0,,,67.0,33.0,,,100.0,83.0,100.0,563.0,33.0,33.0,100.0,0.0,100.0,0.0,200.0,0.0,100.0,5835.0,100.0,38029356096.0,100.0,47709629604.0
2019-08-09,ZJV1CG43,ST12000NM0007,12000138625024,0,67.0,5103192.0,99.0,0.0,100.0,1.0,100.0,0.0,89.0,779480535.0,94.0,6020.0,100.0,0.0,100.0,1.0,,,,,100.0,0.0,100.0,0.0,,,70.0,30.0,,,100.0,83.0,100.0,563.0,30.0,30.0,100.0,0.0,100.0,0.0,200.0,0.0,100.0,5851.0,100.0,38098636096.0,100.0,47844105596.0
2019-08-10,ZJV1CG43,ST12000NM0007,12000138625024,0,77.0,48205032.0,99.0,0.0,100.0,1.0,100.0,0.0,89.0,784817970.0,94.0,6051.0,100.0,0.0,100.0,1.0,,,,,100.0,0.0,100.0,0.0,,,69.0,31.0,,,100.0,84.0,100.0,565.0,31.0,31.0,100.0,0.0,100.0,0.0,200.0,0.0,100.0,5882.0,100.0,38225546032.0,100.0,48248578964.0
2019-08-11,ZJV1CG43,ST12000NM0007,12000138625024,0,79.0,82099680.0,99.0,0.0,100.0,1.0,100.0,0.0,89.0,787288974.0,94.0,6067.0,100.0,0.0,100.0,1.0,,,,,100.0,0.0,100.0,0.0,,,70.0,30.0,,,100.0,84.0,100.0,565.0,30.0,30.0,100.0,0.0,100.0,0.0,200.0,0.0,100.0,5898.0,100.0,38281778720.0,100.0,48470381732.0
2019-08-12,ZJV1CG43,ST12000NM0007,12000138625024,0,83.0,183228840.0,99.0,0.0,100.0,1.0,100.0,0.0,89.0,793014495.0,94.0,6099.0,100.0,0.0,100.0,1.0,,,,,100.0,0.0,100.0,0.0,,,68.0,32.0,,,100.0,84.0,100.0,567.0,32.0,32.0,100.0,0.0,100.0,0.0,200.0,0.0,100.0,5930.0,100.0,38400765944.0,100.0,48940805116.0
2019-08-13,ZJV1CG43,ST12000NM0007,12000138625024,0,83.0,182822360.0,99.0,0.0,100.0,1.0,100.0,0.0,89.0,796025002.0,94.0,6115.0,100.0,0.0,100.0,1.0,,,,,100.0,0.0,100.0,0.0,,,69.0,31.0,,,100.0,84.0,100.0,567.0,31.0,31.0,100.0,0.0,100.0,0.0,200.0,0.0,100.0,5946.0,100.0,38486570384.0,100.0,49098734828.0
2019-08-14,ZJV1CG43,ST12000NM0007,12000138625024,0,81.0,125647400.0,99.0,0.0,100.0,1.0,100.0,0.0,89.0,802065239.0,93.0,6146.0,100.0,0.0,100.0,1.0,,,,,100.0,0.0,100.0,0.0,,,68.0,32.0,,,100.0,84.0,100.0,569.0,32.0,32.0,100.0,0.0,100.0,0.0,200.0,0.0,100.0,5978.0,100.0,38616290192.0,100.0,49400121556.0
2019-08-15,ZJV1CG43,ST12000NM0007,12000138625024,0,77.0,54992208.0,99.0,0.0,100.0,1.0,100.0,0.0,89.0,804028139.0,93.0,6162.0,100.0,0.0,100.0,1.0,,,,,100.0,0.0,100.0,0.0,,,69.0,31.0,,,100.0,84.0,100.0,569.0,31.0,31.0,100.0,0.0,100.0,0.0,200.0,0.0,100.0,5993.0,100.0,38644770688.0,100.0,49545126500.0
2019-08-16,ZJV1CG43,ST12000NM0007,12000138625024,0,83.0,185107752.0,99.0,0.0,100.0,1.0,100.0,0.0,89.0,808575708.0,93.0,6194.0,100.0,0.0,100.0,1.0,,,,,100.0,0.0,100.0,0.0,,,67.0,33.0,,,100.0,84.0,100.0,571.0,33.0,33.0,100.0,0.0,100.0,0.0,200.0,0.0,100.0,6025.0,100.0,38706583480.0,100.0,49857569924.0
2019-08-17,ZJV1CG43,ST12000NM0007,12000138625024,0,80.0,100967176.0,99.0,0.0,100.0,1.0,100.0,0.0,89.0,810201659.0,93.0,6210.0,100.0,0.0,100.0,1.0,,,,,100.0,0.0,100.0,0.0,,,69.0,31.0,,,100.0,84.0,100.0,571.0,31.0,31.0,100.0,0.0,100.0,0.0,200.0,0.0,100.0,6041.0,100.0,38730862448.0,100.0,49993291020.0
2019-08-18,ZJV1CG43,ST12000NM0007,12000138625024,0,81.0,124707960.0,99.0,0.0,100.0,1.0,100.0,0.0,89.0,814340912.0,93.0,6242.0,100.0,0.0,100.0,1.0,,,,,100.0,0.0,100.0,0.0,,,68.0,32.0,,,100.0,85.0,100.0,573.0,32.0,32.0,100.0,0.0,100.0,0.0,200.0,0.0,100.0,6073.0,100.0,38795178696.0,100.0,50440996972.0
2019-08-19,ZJV1CG43,ST12000NM0007,12000138625024,0,82.0,144500000.0,99.0,0.0,100.0,1.0,100.0,0.0,89.0,816714388.0,93.0,6258.0,100.0,0.0,100.0,1.0,,,,,100.0,0.0,100.0,0.0,,,69.0,31.0,,,100.0,85.0,100.0,573.0,31.0,31.0,100.0,0.0,100.0,0.0,200.0,0.0,100.0,6089.0,100.0,38820093672.0,100.0,50680014796.0
2019-08-20,ZJV1CG43,ST12000NM0007,12000138625024,0,82.0,173540160.0,99.0,0.0,100.0,1.0,100.0,0.0,89.0,820609764.0,93.0,6289.0,100.0,0.0,100.0,1.0,,,,,100.0,0.0,100.0,0.0,,,68.0,32.0,,,100.0,85.0,100.0,575.0,32.0,32.0,100.0,0.0,100.0,0.0,200.0,0.0,100.0,6120.0,100.0,38903276000.0,100.0,51114154252.0
2019-08-21,ZJV1CG43,ST12000NM0007,12000138625024,0,100.0,1958824.0,99.0,0.0,100.0,1.0,100.0,0.0,89.0,824911373.0,93.0,6321.0,100.0,0.0,100.0,1.0,,,,,100.0,0.0,100.0,0.0,,,67.0,33.0,,,100.0,85.0,100.0,576.0,33.0,33.0,100.0,0.0,100.0,0.0,200.0,0.0,100.0,6152.0,100.0,38967594624.0,100.0,51366535620.0
2019-08-22,ZJV1CG43,ST12000NM0007,12000138625024,0,82.0,176755704.0,99.0,0.0,100.0,1.0,100.0,0.0,89.0,826799068.0,93.0,6337.0,100.0,0.0,100.0,1.0,,,,,100.0,0.0,100.0,0.0,,,68.0,32.0,,,100.0,86.0,100.0,577.0,32.0,32.0,100.0,0.0,100.0,0.0,200.0,0.0,100.0,6168.0,100.0,38997973080.0,100.0,51510954044.0
2019-08-23,ZJV1CG43,ST12000NM0007,12000138625024,0,83.0,183737496.0,99.0,0.0,100.0,1.0,100.0,0.0,89.0,830869204.0,93.0,6369.0,100.0,0.0,100.0,1.0,,,,,100.0,0.0,100.0,0.0,,,67.0,33.0,,,100.0,86.0,100.0,578.0,33.0,33.0,100.0,0.0,100.0,0.0,200.0,0.0,100.0,6200.0,100.0,39075080624.0,100.0,51929110028.0
2019-08-24,ZJV1CG43,ST12000NM0007,12000138625024,0,83.0,219084520.0,99.0,0.0,100.0,1.0,100.0,0.0,89.0,832707598.0,93.0,6385.0,100.0,0.0,100.0,1.0,,,,,100.0,0.0,100.0,0.0,,,68.0,32.0,,,100.0,87.0,100.0,579.0,32.0,32.0,100.0,0.0,100.0,0.0,200.0,0.0,100.0,6215.0,100.0,39100052592.0,100.0,52183625844.0
2019-08-25,ZJV1CG43,ST12000NM0007,12000138625024,0,75.0,30665512.0,99.0,0.0,100.0,1.0,100.0,0.0,89.0,837311022.0,93.0,6417.0,100.0,0.0,100.0,1.0,,,,,100.0,0.0,100.0,0.0,,,69.0,31.0,,,100.0,87.0,100.0,580.0,31.0,31.0,100.0,0.0,100.0,0.0,200.0,0.0,100.0,6247.0,100.0,39149985368.0,100.0,52677696172.0
2019-08-26,ZJV1CG43,ST12000NM0007,12000138625024,0,81.0,122691560.0,99.0,0.0,100.0,1.0,100.0,0.0,89.0,842695403.0,93.0,6464.0,100.0,0.0,100.0,1.0,,,,,100.0,0.0,100.0,0.0,,,69.0,31.0,,,100.0,88.0,100.0,582.0,31.0,31.0,100.0,0.0,100.0,0.0,200.0,0.0,100.0,6294.0,100.0,39246652672.0,100.0,53405476964.0
2019-08-27,ZJV1CG43,ST12000NM0007,12000138625024,0,81.0,122691560.0,99.0,0.0,100.0,1.0,100.0,0.0,89.0,842695403.0,93.0,6464.0,100.0,0.0,100.0,1.0,,,,,100.0,0.0,100.0,0.0,,,69.0,31.0,,,100.0,88.0,100.0,582.0,31.0,31.0,100.0,0.0,100.0,0.0,200.0,0.0,100.0,6294.0,100.0,39246652672.0,100.0,53405476964.0
2019-08-28,ZJV1CG43,ST12000NM0007,12000138625024,0,77.0,47454192.0,99.0,0.0,100.0,1.0,100.0,0.0,89.0,845243210.0,93.0,6480.0,100.0,0.0,100.0,1.0,,,,,100.0,0.0,100.0,0.0,,,68.0,32.0,,,100.0,88.0,100.0,583.0,32.0,32.0,100.0,0.0,100.0,0.0,200.0,0.0,100.0,6310.0,100.0,39280186536.0,100.0,53540846404.0
2019-08-29,ZJV1CG43,ST12000NM0007,12000138625024,0,82.0,151077888.0,99.0,0.0,100.0,1.0,100.0,0.0,89.0,849661116.0,93.0,6512.0,100.0,0.0,100.0,1.0,,,,,100.0,0.0,100.0,0.0,,,68.0,32.0,,,100.0,88.0,100.0,584.0,32.0,32.0,100.0,0.0,100.0,0.0,200.0,0.0,100.0,6342.0,100.0,39363760344.0,100.0,54049177836.0
2019-08-30,ZJV1CG43,ST12000NM0007,12000138625024,0,83.0,198836112.0,99.0,0.0,100.0,1.0,100.0,0.0,89.0,852965431.0,93.0,6528.0,100.0,0.0,100.0,1.0,,,,,100.0,0.0,100.0,0.0,,,68.0,32.0,,,100.0,88.0,100.0,585.0,32.0,32.0,100.0,0.0,100.0,0.0,200.0,0.0,100.0,6358.0,100.0,39400256688.0,100.0,54304580484.0
2019-08-31,ZJV1CG43,ST12000NM0007,12000138625024,0,78.0,69979496.0,99.0,0.0,100.0,1.0,100.0,0.0,89.0,857141980.0,93.0,6559.0,100.0,0.0,100.0,1.0,,,,,100.0,0.0,100.0,0.0,,,69.0,31.0,,,100.0,88.0,100.0,586.0,31.0,31.0,100.0,0.0,100.0,0.0,200.0,0.0,100.0,6389.0,100.0,39469341000.0,100.0,54839061892.0
2019-09-01,ZJV1CG43,ST12000NM0007,12000138625024,0,81.0,120137064.0,99.0,0.0,100.0,1.0,100.0,0.0,89.0,859194396.0,93.0,6575.0,100.0,0.0,100.0,1.0,,,,,100.0,0.0,100.0,0.0,,,68.0,32.0,,,100.0,88.0,100.0,586.0,32.0,32.0,100.0,0.0,100.0,0.0,200.0,0.0,100.0,6405.0,100.0,39499468616.0,100.0,55103232500.0
2019-09-02,ZJV1CG43,ST12000NM0007,12000138625024,0,83.0,193040344.0,99.0,0.0,100.0,1.0,100.0,0.0,89.0,864317065.0,93.0,6607.0,100.0,0.0,100.0,1.0,,,,,100.0,0.0,100.0,0.0,,,68.0,32.0,,,100.0,88.0,100.0,588.0,32.0,32.0,100.0,0.0,100.0,0.0,200.0,0.0,100.0,6436.0,100.0,39574293216.0,100.0,55589592900.0
2019-09-03,ZJV1CG43,ST12000NM0007,12000138625024,0,83.0,219441648.0,99.0,0.0,100.0,1.0,100.0,0.0,89.0,866321900.0,93.0,6623.0,100.0,0.0,100.0,1.0,,,,,100.0,0.0,100.0,0.0,,,68.0,32.0,,,100.0,88.0,100.0,588.0,32.0,32.0,100.0,0.0,100.0,0.0,200.0,0.0,100.0,6452.0,100.0,39609281512.0,100.0,55825146724.0
2019-09-04,ZJV1CG43,ST12000NM0007,12000138625024,0,83.0,201935272.0,99.0,0.0,100.0,1.0,100.0,0.0,89.0,870887142.0,93.0,6654.0,100.0,0.0,100.0,1.0,,,,,100.0,0.0,100.0,0.0,,,69.0,31.0,,,100.0,89.0,100.0,590.0,31.0,31.0,100.0,0.0,100.0,0.0,200.0,0.0,100.0,6483.0,100.0,39670185432.0,100.0,56235017996.0
2019-09-05,ZJV1CG43,ST12000NM0007,12000138625024,0,65.0,3414096.0,99.0,0.0,100.0,1.0,100.0,0.0,89.0,872908571.0,93.0,6670.0,100.0,0.0,100.0,1.0,,,,,100.0,0.0,100.0,0.0,,,69.0,31.0,,,100.0,89.0,100.0,590.0,31.0,31.0,100.0,0.0,100.0,0.0,200.0,0.0,100.0,6499.0,100.0,39710456856.0,100.0,56484507276.0
2019-09-06,ZJV1CG43,ST12000NM0007,12000138625024,0,80.0,91880264.0,99.0,0.0,100.0,1.0,100.0,0.0,89.0,876537969.0,93.0,6702.0,100.0,0.0,100.0,1.0,,,,,100.0,0.0,100.0,0.0,,,69.0,31.0,,,100.0,89.0,100.0,592.0,31.0,31.0,100.0,0.0,100.0,0.0,200.0,0.0,100.0,6531.0,100.0,39769343688.0,100.0,56758227244.0
2019-09-07,ZJV1CG43,ST12000NM0007,12000138625024,0,76.0,41082264.0,99.0,0.0,100.0,1.0,100.0,0.0,89.0,878673563.0,93.0,6718.0,100.0,0.0,100.0,1.0,,,,,100.0,0.0,100.0,0.0,,,68.0,32.0,,,100.0,89.0,100.0,592.0,32.0,32.0,100.0,0.0,100.0,0.0,200.0,0.0,100.0,6547.0,100.0,39793322872.0,100.0,56927590692.0
2019-09-08,ZJV1CG43,ST12000NM0007,12000138625024,0,82.0,156774264.0,99.0,0.0,100.0,1.0,100.0,0.0,89.0,883671141.0,93.0,6750.0,100.0,0.0,100.0,1.0,,,,,100.0,0.0,100.0,0.0,,,67.0,33.0,,,100.0,91.0,100.0,594.0,33.0,33.0,100.0,0.0,100.0,0.0,200.0,0.0,100.0,6578.0,100.0,39857432400.0,100.0,57223313820.0
2019-09-09,ZJV1CG43,ST12000NM0007,12000138625024,0,83.0,187719392.0,99.0,0.0,100.0,1.0,100.0,0.0,89.0,885826016.0,93.0,6766.0,100.0,0.0,100.0,1.0,,,,,100.0,0.0,100.0,0.0,,,68.0,32.0,,,100.0,91.0,100.0,594.0,32.0,32.0,100.0,0.0,100.0,0.0,200.0,0.0,100.0,6594.0,100.0,39887674168.0,100.0,57468158004.0
2019-09-10,ZJV1CG43,ST12000NM0007,12000138625024,0,84.0,234668440.0,99.0,0.0,100.0,1.0,100.0,0.0,89.0,889286116.0,93.0,6798.0,100.0,0.0,100.0,1.0,,,,,100.0,0.0,100.0,0.0,,,69.0,31.0,,,100.0,91.0,100.0,596.0,31.0,31.0,100.0,0.0,100.0,0.0,200.0,0.0,100.0,6626.0,100.0,39940807064.0,100.0,57950255468.0
2019-09-11,ZJV1CG43,ST12000NM0007,12000138625024,0,83.0,205689224.0,99.0,0.0,100.0,1.0,100.0,0.0,90.0,892066819.0,93.0,6814.0,100.0,0.0,100.0,1.0,,,,,100.0,0.0,100.0,0.0,,,68.0,32.0,,,100.0,91.0,100.0,596.0,32.0,32.0,100.0,0.0,100.0,0.0,200.0,0.0,100.0,6642.0,100.0,39973447136.0,100.0,58132776860.0
2019-09-12,ZJV1CG43,ST12000NM0007,12000138625024,0,78.0,57990304.0,99.0,0.0,100.0,1.0,100.0,0.0,90.0,896455674.0,93.0,6845.0,100.0,0.0,100.0,1.0,,,,,100.0,0.0,100.0,0.0,,,69.0,31.0,,,100.0,92.0,100.0,598.0,31.0,31.0,100.0,0.0,100.0,0.0,200.0,0.0,100.0,6673.0,100.0,40072425608.0,100.0,58618521860.0
2019-09-13,ZJV1CG43,ST12000NM0007,12000138625024,0,80.0,89846672.0,99.0,0.0,100.0,1.0,100.0,0.0,90.0,898440521.0,93.0,6861.0,100.0,0.0,100.0,1.0,,,,,100.0,0.0,100.0,0.0,,,69.0,31.0,,,100.0,93.0,100.0,599.0,31.0,31.0,100.0,0.0,100.0,0.0,200.0,0.0,100.0,6689.0,100.0,40100913536.0,100.0,58866030932.0
2019-09-14,ZJV1CG43,ST12000NM0007,12000138625024,0,83.0,181995792.0,99.0,0.0,100.0,1.0,100.0,0.0,90.0,902404768.0,93.0,6893.0,100.0,0.0,100.0,1.0,,,,,100.0,0.0,100.0,0.0,,,68.0,32.0,,,100.0,93.0,100.0,600.0,32.0,32.0,100.0,0.0,100.0,0.0,200.0,0.0,100.0,6720.0,100.0,40196364752.0,100.0,59351010284.0
2019-09-15,ZJV1CG43,ST12000NM0007,12000138625024,0,67.0,5318408.0,99.0,0.0,100.0,1.0,100.0,0.0,90.0,904576867.0,93.0,6908.0,100.0,0.0,100.0,1.0,,,,,100.0,0.0,100.0,0.0,,,68.0,32.0,,,100.0,93.0,100.0,601.0,32.0,32.0,100.0,0.0,100.0,0.0,200.0,0.0,100.0,6736.0,100.0,40261210944.0,100.0,59597769548.0
2019-09-16,ZJV1CG43,ST12000NM0007,12000138625024,0,81.0,141140408.0,99.0,0.0,100.0,1.0,100.0,0.0,90.0,910331216.0,93.0,6940.0,100.0,0.0,100.0,1.0,,,,,100.0,0.0,100.0,0.0,,,69.0,31.0,,,100.0,93.0,100.0,602.0,31.0,31.0,100.0,0.0,100.0,0.0,200.0,0.0,100.0,6767.0,100.0,40379925304.0,100.0,60103158580.0
2019-09-17,ZJV1CG43,ST12000NM0007,12000138625024,0,83.0,187751040.0,99.0,0.0,100.0,1.0,100.0,0.0,90.0,912595121.0,93.0,6956.0,100.0,0.0,100.0,1.0,,,,,100.0,0.0,100.0,0.0,,,69.0,31.0,,,100.0,93.0,100.0,603.0,31.0,31.0,100.0,0.0,100.0,0.0,200.0,0.0,100.0,6783.0,100.0,40421393664.0,100.0,60352441508.0
2019-09-18,ZJV1CG43,ST12000NM0007,12000138625024,0,82.0,173977440.0,99.0,0.0,100.0,1.0,100.0,0.0,90.0,917762531.0,93.0,6987.0,100.0,0.0,100.0,1.0,,,,,100.0,0.0,100.0,0.0,,,68.0,32.0,,,100.0,94.0,100.0,604.0,32.0,32.0,100.0,0.0,100.0,0.0,200.0,0.0,100.0,6814.0,100.0,40487705984.0,100.0,60760636948.0
2019-09-19,ZJV1CG43,ST12000NM0007,12000138625024,0,83.0,203254280.0,99.0,0.0,100.0,1.0,100.0,0.0,90.0,920249794.0,93.0,7003.0,100.0,0.0,100.0,1.0,,,,,100.0,0.0,100.0,0.0,,,68.0,32.0,,,100.0,95.0,100.0,605.0,32.0,32.0,100.0,0.0,100.0,0.0,200.0,0.0,100.0,6830.0,100.0,40510614584.0,100.0,61011145876.0
2019-09-20,ZJV1CG43,ST12000NM0007,12000138625024,0,84.0,243868464.0,99.0,0.0,100.0,1.0,100.0,0.0,90.0,926356292.0,92.0,7035.0,100.0,0.0,100.0,1.0,,,,,100.0,0.0,100.0,0.0,,,67.0,33.0,,,100.0,95.0,100.0,606.0,33.0,33.0,100.0,0.0,100.0,0.0,200.0,0.0,100.0,6861.0,100.0,40590497696.0,100.0,61460158636.0
2019-09-21,ZJV1CG43,ST12000NM0007,12000138625024,0,78.0,70372680.0,99.0,0.0,100.0,1.0,100.0,0.0,90.0,929164422.0,92.0,7051.0,100.0,0.0,100.0,1.0,,,,,100.0,0.0,100.0,0.0,,,68.0,32.0,,,100.0,95.0,100.0,607.0,32.0,32.0,100.0,0.0,100.0,0.0,200.0,0.0,100.0,6877.0,100.0,40649946736.0,100.0,61715495796.0
2019-09-22,ZJV1CG43,ST12000NM0007,12000138625024,0,81.0,140263984.0,99.0,0.0,100.0,1.0,100.0,0.0,90.0,933636019.0,92.0,7082.0,100.0,0.0,100.0,1.0,,,,,100.0,0.0,100.0,0.0,,,68.0,32.0,,,100.0,96.0,100.0,608.0,32.0,32.0,100.0,0.0,100.0,0.0,200.0,0.0,100.0,6908.0,100.0,40710596416.0,100.0,62213018740.0
2019-09-23,ZJV1CG43,ST12000NM0007,12000138625024,0,83.0,204524536.0,99.0,0.0,100.0,1.0,100.0,0.0,90.0,938240674.0,92.0,7114.0,100.0,0.0,100.0,1.0,,,,,100.0,0.0,100.0,0.0,,,68.0,32.0,,,100.0,97.0,100.0,610.0,32.0,32.0,100.0,0.0,100.0,0.0,200.0,0.0,100.0,6940.0,100.0,40767229200.0,100.0,62708928436.0
2019-09-24,ZJV1CG43,ST12000NM0007,12000138625024,0,82.0,165470288.0,99.0,0.0,100.0,1.0,100.0,0.0,90.0,939676598.0,92.0,7130.0,100.0,0.0,100.0,1.0,,,,,100.0,0.0,100.0,0.0,,,72.0,28.0,,,100.0,97.0,100.0,622.0,28.0,28.0,100.0,0.0,100.0,0.0,200.0,0.0,100.0,6953.0,100.0,40787612808.0,100.0,62893631364.0
2019-09-25,ZJV1CG43,ST12000NM0007,12000138625024,0,81.0,112517962.0,98.0,0.0,100.0,2.0,100.0,0.0,90.0,942839122.0,92.0,7147.0,100.0,0.0,100.0,2.0,,,,,100.0,0.0,100.0,0.0,,,67.0,33.0,,,100.0,97.0,100.0,635.0,33.0,33.0,100.0,0.0,100.0,0.0,200.0,0.0,100.0,6968.0,100.0,40816716864.0,100.0,63055715762.0
2019-09-26,ZJV1CG43,ST12000NM0007,12000138625024,0,81.0,127501856.0,98.0,0.0,100.0,2.0,100.0,0.0,90.0,946646761.0,92.0,7178.0,100.0,0.0,100.0,2.0,,,,,100.0,0.0,100.0,0.0,,,66.0,34.0,,,100.0,97.0,100.0,636.0,34.0,34.0,100.0,0.0,100.0,0.0,200.0,0.0,100.0,6999.0,100.0,40874619280.0,100.0,63501078698.0
2019-09-27,ZJV1CG43,ST12000NM0007,12000138625024,0,82.0,161410256.0,98.0,0.0,100.0,2.0,100.0,0.0,90.0,948501276.0,92.0,7194.0,100.0,0.0,100.0,2.0,,,,,100.0,0.0,100.0,0.0,,,67.0,33.0,,,100.0,97.0,100.0,637.0,33.0,33.0,100.0,0.0,100.0,0.0,200.0,0.0,100.0,7015.0,100.0,40906945848.0,100.0,63746801258.0
2019-09-28,ZJV1CG43,ST12000NM0007,12000138625024,0,78.0,66966448.0,98.0,0.0,100.0,2.0,100.0,0.0,90.0,953100329.0,92.0,7226.0,100.0,0.0,100.0,2.0,,,,,100.0,0.0,100.0,0.0,,,66.0,34.0,,,100.0,97.0,100.0,638.0,34.0,34.0,100.0,0.0,100.0,0.0,200.0,0.0,100.0,7046.0,100.0,41038933288.0,100.0,64252792330.0
2019-09-29,ZJV1CG43,ST12000NM0007,12000138625024,0,81.0,117739232.0,98.0,0.0,100.0,2.0,100.0,0.0,90.0,955047892.0,92.0,7242.0,100.0,0.0,100.0,2.0,,,,,100.0,0.0,100.0,0.0,,,67.0,33.0,,,100.0,98.0,100.0,639.0,33.0,33.0,100.0,0.0,100.0,0.0,200.0,0.0,100.0,7062.0,100.0,41062692344.0,100.0,64523946858.0
2019-09-30,ZJV1CG43,ST12000NM0007,12000138625024,0,83.0,215128728.0,98.0,0.0,100.0,2.0,100.0,0.0,90.0,960113035.0,92.0,7273.0,100.0,0.0,100.0,2.0,,,,,100.0,0.0,100.0,0.0,,,66.0,34.0,,,100.0,99.0,100.0,640.0,34.0,34.0,100.0,0.0,100.0,0.0,200.0,0.0,100.0,7093.0,100.0,41138224552.0,100.0,65034085594.0
2019-10-01,ZJV1CG43,ST12000NM0007,12000138625024,0,76.0,39620960.0,98.0,0.0,100.0,2.0,100.0,0.0,90.0,962257568.0,92.0,7289.0,100.0,0.0,100.0,2.0,,,,,100.0,0.0,100.0,0.0,,,66.0,34.0,,,100.0,100.0,100.0,641.0,34.0,34.0,100.0,0.0,100.0,0.0,200.0,0.0,100.0,7109.0,100.0,41183304304.0,100.0,65301779466.0
2019-10-02,ZJV1CG43,ST12000NM0007,12000138625024,0,84.0,236690560.0,98.0,0.0,100.0,2.0,100.0,0.0,90.0,966743727.0,92.0,7321.0,100.0,0.0,100.0,2.0,,,,,100.0,0.0,100.0,0.0,,,67.0,33.0,,,100.0,100.0,100.0,642.0,33.0,33.0,100.0,0.0,100.0,0.0,200.0,0.0,100.0,7140.0,100.0,41221181944.0,100.0,65705112154.0
2019-10-03,ZJV1CG43,ST12000NM0007,12000138625024,0,68.0,6380304.0,98.0,0.0,100.0,2.0,100.0,0.0,90.0,969183909.0,92.0,7352.0,100.0,0.0,100.0,2.0,,,,,100.0,0.0,100.0,0.0,,,67.0,33.0,,,100.0,101.0,100.0,644.0,33.0,33.0,100.0,0.0,100.0,0.0,200.0,0.0,100.0,7171.0,100.0,41243510416.0,100.0,65940754818.0
2019-10-04,ZJV1CG43,ST12000NM0007,12000138625024,0,81.0,119558832.0,98.0,0.0,100.0,2.0,100.0,0.0,90.0,970224778.0,92.0,7368.0,100.0,0.0,100.0,2.0,,,,,100.0,0.0,100.0,0.0,,,67.0,33.0,,,100.0,101.0,100.0,644.0,33.0,33.0,100.0,0.0,100.0,0.0,200.0,0.0,100.0,7187.0,100.0,41254002824.0,100.0,66043440938.0
2019-10-05,ZJV1CG43,ST12000NM0007,12000138625024,0,83.0,194336952.0,98.0,0.0,100.0,2.0,100.0,0.0,90.0,971259193.0,92.0,7383.0,100.0,0.0,100.0,2.0,,,,,100.0,0.0,100.0,0.0,,,67.0,33.0,,,100.0,102.0,100.0,646.0,33.0,33.0,100.0,0.0,100.0,0.0,200.0,0.0,100.0,7203.0,100.0,41264525912.0,100.0,66107695970.0
2019-10-06,ZJV1CG43,ST12000NM0007,12000138625024,0,84.0,234964088.0,98.0,0.0,100.0,2.0,100.0,0.0,90.0,974328864.0,92.0,7415.0,100.0,0.0,100.0,2.0,,,,,100.0,0.0,100.0,0.0,,,66.0,34.0,,,100.0,102.0,100.0,647.0,34.0,34.0,100.0,0.0,100.0,0.0,200.0,0.0,100.0,7234.0,100.0,41317796800.0,100.0,66339193034.0
2019-10-07,ZJV1CG43,ST12000NM0007,12000138625024,0,76.0,40823504.0,98.0,0.0,100.0,2.0,100.0,0.0,90.0,979800768.0,92.0,7447.0,100.0,0.0,100.0,2.0,,,,,100.0,0.0,100.0,0.0,,,67.0,33.0,,,100.0,103.0,100.0,649.0,33.0,33.0,100.0,0.0,100.0,0.0,200.0,0.0,100.0,7265.0,100.0,41357913840.0,100.0,66593216674.0
2019-10-08,ZJV1CG43,ST12000NM0007,12000138625024,0,82.0,150534536.0,98.0,0.0,100.0,2.0,100.0,0.0,90.0,981008537.0,92.0,7462.0,100.0,0.0,100.0,2.0,,,,,100.0,0.0,100.0,0.0,,,67.0,33.0,,,100.0,103.0,100.0,649.0,33.0,33.0,100.0,0.0,100.0,0.0,200.0,0.0,100.0,7281.0,100.0,41376274880.0,100.0,66684566666.0
2019-10-09,ZJV1CG43,ST12000NM0007,12000138625024,0,82.0,141813440.0,98.0,0.0,100.0,2.0,100.0,0.0,90.0,984559503.0,92.0,7494.0,100.0,0.0,100.0,2.0,,,,,100.0,0.0,100.0,0.0,,,66.0,34.0,,,100.0,104.0,100.0,651.0,34.0,34.0,100.0,0.0,100.0,0.0,200.0,0.0,100.0,7312.0,100.0,41427367088.0,100.0,66868894234.0
2019-10-10,ZJV1CG43,ST12000NM0007,12000138625024,0,74.0,25219088.0,98.0,0.0,100.0,2.0,100.0,0.0,90.0,985835353.0,92.0,7510.0,100.0,0.0,100.0,2.0,,,,,100.0,0.0,100.0,0.0,,,67.0,33.0,,,100.0,104.0,100.0,651.0,33.0,33.0,100.0,0.0,100.0,0.0,200.0,0.0,100.0,7328.0,100.0,41448110808.0,100.0,66975697098.0
2019-10-11,ZJV1CG43,ST12000NM0007,12000138625024,0,72.0,14985896.0,98.0,0.0,100.0,2.0,100.0,0.0,90.0,988278399.0,92.0,7541.0,100.0,0.0,100.0,2.0,,,,,100.0,0.0,100.0,0.0,,,67.0,33.0,,,100.0,105.0,100.0,652.0,33.0,33.0,100.0,0.0,100.0,0.0,200.0,0.0,100.0,7359.0,100.0,41515319568.0,100.0,67142395938.0
2019-10-12,ZJV1CG43,ST12000NM0007,12000138625024,0,79.0,72630464.0,98.0,0.0,100.0,2.0,100.0,0.0,90.0,988989651.0,92.0,7557.0,100.0,0.0,100.0,2.0,,,,,100.0,0.0,100.0,0.0,,,67.0,33.0,,,100.0,106.0,100.0,653.0,33.0,33.0,100.0,0.0,100.0,0.0,200.0,0.0,100.0,7375.0,100.0,41530692648.0,100.0,67184667426.0
2019-10-13,ZJV1CG43,ST12000NM0007,12000138625024,0,80.0,105775312.0,98.0,0.0,100.0,2.0,100.0,0.0,90.0,992243421.0,92.0,7588.0,100.0,0.0,100.0,2.0,,,,,100.0,0.0,100.0,0.0,,,66.0,34.0,,,100.0,107.0,100.0,654.0,34.0,34.0,100.0,0.0,100.0,0.0,200.0,0.0,100.0,7406.0,100.0,41569930584.0,100.0,67422715002.0
2019-10-14,ZJV1CG43,ST12000NM0007,12000138625024,0,79.0,77150856.0,98.0,0.0,100.0,2.0,100.0,0.0,90.0,993681022.0,92.0,7604.0,100.0,0.0,100.0,2.0,,,,,100.0,0.0,100.0,0.0,,,66.0,34.0,,,100.0,108.0,100.0,655.0,34.0,34.0,100.0,0.0,100.0,0.0,200.0,0.0,100.0,7422.0,100.0,41591830488.0,100.0,67616331282.0
2019-10-15,ZJV1CG43,ST12000NM0007,12000138625024,0,78.0,58383688.0,98.0,0.0,100.0,2.0,100.0,0.0,90.0,999691879.0,92.0,7651.0,100.0,0.0,100.0,2.0,,,,,100.0,0.0,100.0,0.0,,,66.0,34.0,,,100.0,108.0,100.0,657.0,34.0,34.0,100.0,0.0,100.0,0.0,200.0,0.0,100.0,7469.0,100.0,41664846336.0,100.0,68256970482.0
2019-10-16,ZJV1CG43,ST12000NM0007,12000138625024,0,78.0,58383688.0,98.0,0.0,100.0,2.0,100.0,0.0,90.0,999691879.0,92.0,7651.0,100.0,0.0,100.0,2.0,,,,,100.0,0.0,100.0,0.0,,,66.0,34.0,,,100.0,108.0,100.0,657.0,34.0,34.0,100.0,0.0,100.0,0.0,200.0,0.0,100.0,7469.0,100.0,41664846336.0,100.0,68256970482.0
2019-10-17,ZJV1CG43,ST12000NM0007,12000138625024,0,78.0,59684832.0,98.0,0.0,100.0,2.0,100.0,0.0,65.0,3133508.0,92.0,7682.0,100.0,0.0,100.0,2.0,,,,,100.0,0.0,100.0,0.0,,,65.0,35.0,,,100.0,109.0,100.0,658.0,35.0,35.0,100.0,0.0,100.0,0.0,200.0,0.0,100.0,7500.0,100.0,41704114080.0,100.0,68707285290.0
2019-10-18,ZJV1CG43,ST12000NM0007,12000138625024,0,75.0,32287608.0,98.0,0.0,100.0,2.0,100.0,0.0,68.0,6239227.0,92.0,7714.0,100.0,0.0,100.0,2.0,,,,,100.0,0.0,100.0,0.0,,,65.0,35.0,,,100.0,110.0,100.0,660.0,35.0,35.0,100.0,0.0,100.0,0.0,200.0,0.0,100.0,7531.0,100.0,41745246928.0,100.0,69127036610.0
2019-10-19,ZJV1CG43,ST12000NM0007,12000138625024,0,76.0,36645944.0,98.0,0.0,100.0,2.0,100.0,0.0,69.0,8130333.0,92.0,7729.0,100.0,0.0,100.0,2.0,,,,,100.0,0.0,100.0,0.0,,,65.0,35.0,,,100.0,110.0,100.0,660.0,35.0,35.0,100.0,0.0,100.0,0.0,200.0,0.0,100.0,7547.0,100.0,41769328192.0,100.0,69351454466.0
2019-10-20,ZJV1CG43,ST12000NM0007,12000138625024,0,75.0,32667688.0,98.0,0.0,100.0,2.0,100.0,0.0,70.0,9894228.0,92.0,7745.0,100.0,0.0,100.0,2.0,,,,,100.0,0.0,100.0,0.0,,,65.0,35.0,,,100.0,110.0,100.0,661.0,35.0,35.0,100.0,0.0,100.0,0.0,200.0,0.0,100.0,7562.0,100.0,41801587232.0,100.0,69559357890.0
2019-10-21,ZJV1CG43,ST12000NM0007,12000138625024,0,80.0,106414104.0,98.0,0.0,100.0,2.0,100.0,0.0,72.0,16226022.0,92.0,7777.0,100.0,0.0,100.0,2.0,,,,,100.0,0.0,100.0,0.0,,,65.0,35.0,,,100.0,110.0,100.0,662.0,35.0,35.0,100.0,0.0,100.0,0.0,200.0,0.0,100.0,7594.0,100.0,41855534696.0,100.0,70067438234.0
2019-10-22,ZJV1CG43,ST12000NM0007,12000138625024,0,79.0,84975368.0,98.0,0.0,100.0,2.0,100.0,0.0,73.0,17971296.0,92.0,7792.0,100.0,0.0,100.0,2.0,,,,,100.0,0.0,100.0,0.0,,,65.0,35.0,,,100.0,110.0,100.0,663.0,35.0,35.0,100.0,0.0,100.0,0.0,200.0,0.0,100.0,7609.0,100.0,41879717240.0,100.0,70265957722.0
2019-10-23,ZJV1CG43,ST12000NM0007,12000138625024,0,79.0,87477808.0,98.0,0.0,100.0,2.0,100.0,0.0,74.0,22703451.0,92.0,7824.0,100.0,0.0,100.0,2.0,,,,,100.0,0.0,100.0,0.0,,,66.0,34.0,,,100.0,110.0,100.0,664.0,34.0,34.0,100.0,0.0,100.0,0.0,200.0,0.0,100.0,7641.0,100.0,41947028248.0,100.0,70689430578.0
2019-10-24,ZJV1CG43,ST12000NM0007,12000138625024,0,80.0,102298576.0,98.0,0.0,100.0,2.0,100.0,0.0,74.0,26182203.0,92.0,7855.0,100.0,0.0,100.0,2.0,,,,,100.0,0.0,100.0,0.0,,,66.0,34.0,,,100.0,110.0,100.0,665.0,34.0,34.0,100.0,0.0,100.0,0.0,200.0,0.0,100.0,7672.0,100.0,41994169952.0,100.0,71145390906.0
2019-10-25,ZJV1CG43,ST12000NM0007,12000138625024,0,80.0,99601362.0,98.0,0.0,100.0,2.0,100.0,0.0,74.0,27871608.0,92.0,7871.0,100.0,0.0,100.0,2.0,,,,,100.0,0.0,100.0,0.0,,,66.0,34.0,,,100.0,110.0,100.0,667.0,34.0,34.0,100.0,0.0,100.0,0.0,200.0,0.0,100.0,7688.0,100.0,42028353432.0,100.0,71352650868.0
2019-10-26,ZJV1CG43,ST12000NM0007,12000138625024,0,81.0,130408368.0,98.0,0.0,100.0,2.0,100.0,0.0,75.0,29809378.0,91.0,7887.0,100.0,0.0,100.0,2.0,,,,,100.0,0.0,100.0,0.0,,,66.0,34.0,,,100.0,110.0,100.0,667.0,34.0,34.0,100.0,0.0,100.0,0.0,200.0,0.0,100.0,7704.0,100.0,42066602608.0,100.0,71589349380.0
2019-10-27,ZJV1CG43,ST12000NM0007,12000138625024,0,82.0,155395656.0,98.0,0.0,100.0,2.0,100.0,0.0,75.0,33300241.0,91.0,7919.0,100.0,0.0,100.0,2.0,,,,,100.0,0.0,100.0,0.0,,,67.0,33.0,,,100.0,112.0,100.0,669.0,33.0,33.0,100.0,0.0,100.0,0.0,200.0,0.0,100.0,7735.0,100.0,42114544576.0,100.0,72054676036.0
2019-10-28,ZJV1CG43,ST12000NM0007,12000138625024,0,83.0,179824272.0,98.0,0.0,100.0,2.0,100.0,0.0,76.0,36186638.0,91.0,7934.0,100.0,0.0,100.0,2.0,,,,,100.0,0.0,100.0,0.0,,,68.0,32.0,,,100.0,112.0,100.0,669.0,32.0,32.0,100.0,0.0,100.0,0.0,200.0,0.0,100.0,7751.0,100.0,42145823192.0,100.0,72291966708.0
2019-10-29,ZJV1CG43,ST12000NM0007,12000138625024,0,83.0,221078128.0,98.0,0.0,100.0,2.0,100.0,0.0,76.0,39655082.0,91.0,7966.0,100.0,0.0,100.0,2.0,,,,,100.0,0.0,100.0,0.0,,,68.0,32.0,,,100.0,114.0,100.0,671.0,32.0,32.0,100.0,0.0,100.0,0.0,200.0,0.0,100.0,7782.0,100.0,42206151576.0,100.0,72761173572.0
2019-10-30,ZJV1CG43,ST12000NM0007,12000138625024,0,83.0,196716120.0,98.0,0.0,100.0,2.0,100.0,0.0,76.0,42401506.0,91.0,7982.0,100.0,0.0,100.0,2.0,,,,,100.0,0.0,100.0,0.0,,,68.0,32.0,,,100.0,114.0,100.0,671.0,32.0,32.0,100.0,0.0,100.0,0.0,200.0,0.0,100.0,7798.0,100.0,42249217672.0,100.0,72937886316.0
2019-10-31,ZJV1CG43,ST12000NM0007,12000138625024,0,84.0,229825160.0,98.0,0.0,100.0,2.0,100.0,0.0,77.0,46398623.0,91.0,8013.0,100.0,0.0,100.0,2.0,,,,,100.0,0.0,100.0,0.0,,,67.0,33.0,,,100.0,114.0,100.0,673.0,33.0,33.0,100.0,0.0,100.0,0.0,200.0,0.0,100.0,7830.0,100.0,42329073648.0,100.0,73379421092.0
2019-11-01,ZJV1CG43,ST12000NM0007,12000138625024,0,84.0,231627176.0,98.0,0.0,100.0,2.0,100.0,0.0,77.0,48419364.0,91.0,8029.0,100.0,0.0,100.0,2.0,,,,,100.0,0.0,100.0,0.0,,,68.0,32.0,,,100.0,114.0,100.0,673.0,32.0,32.0,100.0,0.0,100.0,0.0,200.0,0.0,100.0,7845.0,100.0,42366074768.0,100.0,73588362620.0
2019-11-02,ZJV1CG43,ST12000NM0007,12000138625024,0,77.0,46536488.0,98.0,0.0,100.0,2.0,100.0,0.0,77.0,51995600.0,91.0,8061.0,100.0,0.0,100.0,2.0,,,,,100.0,0.0,100.0,0.0,,,69.0,31.0,,,100.0,116.0,100.0,675.0,31.0,31.0,100.0,0.0,100.0,0.0,200.0,0.0,100.0,7877.0,100.0,42442998200.0,100.0,74058770476.0
2019-11-03,ZJV1CG43,ST12000NM0007,12000138625024,0,81.0,121651672.0,98.0,0.0,100.0,2.0,100.0,0.0,78.0,56429791.0,91.0,8092.0,100.0,0.0,100.0,2.0,,,,,100.0,0.0,100.0,0.0,,,68.0,32.0,,,100.0,116.0,100.0,676.0,32.0,32.0,100.0,0.0,100.0,0.0,200.0,0.0,100.0,7908.0,100.0,42480038328.0,100.0,74585126900.0
2019-11-04,ZJV1CG43,ST12000NM0007,12000138625024,0,81.0,141033624.0,98.0,0.0,100.0,2.0,100.0,0.0,78.0,58162303.0,91.0,8108.0,100.0,0.0,100.0,2.0,,,,,100.0,0.0,100.0,0.0,,,68.0,32.0,,,100.0,117.0,100.0,677.0,32.0,32.0,100.0,0.0,100.0,0.0,200.0,0.0,100.0,7924.0,100.0,42498043616.0,100.0,74830644428.0
2019-11-05,ZJV1CG43,ST12000NM0007,12000138625024,0,82.0,167652352.0,98.0,0.0,100.0,2.0,100.0,0.0,78.0,61248830.0,91.0,8140.0,100.0,0.0,100.0,2.0,,,,,100.0,0.0,100.0,0.0,,,67.0,33.0,,,100.0,117.0,100.0,678.0,33.0,33.0,100.0,0.0,100.0,0.0,200.0,0.0,100.0,7955.0,100.0,42539625440.0,100.0,75303964268.0
2019-11-06,ZJV1CG43,ST12000NM0007,12000138625024,0,81.0,113614632.0,98.0,0.0,100.0,2.0,100.0,0.0,78.0,63816594.0,91.0,8155.0,100.0,0.0,100.0,2.0,,,,,100.0,0.0,100.0,0.0,,,67.0,33.0,,,100.0,117.0,100.0,679.0,33.0,33.0,100.0,0.0,100.0,0.0,200.0,0.0,100.0,7971.0,100.0,42562178696.0,100.0,75471513988.0
2019-11-07,ZJV1CG43,ST12000NM0007,12000138625024,0,83.0,223314984.0,98.0,0.0,100.0,2.0,100.0,0.0,78.0,69069260.0,91.0,8187.0,100.0,0.0,100.0,2.0,,,,,100.0,0.0,100.0,0.0,,,66.0,34.0,,,100.0,118.0,100.0,680.0,34.0,34.0,100.0,0.0,100.0,0.0,200.0,0.0,100.0,8003.0,100.0,42634304448.0,100.0,75997370212.0
2019-11-08,ZJV1CG43,ST12000NM0007,12000138625024,0,74.0,24445248.0,98.0,0.0,100.0,2.0,100.0,0.0,78.0,70713924.0,91.0,8203.0,100.0,0.0,100.0,2.0,,,,,100.0,0.0,100.0,0.0,,,67.0,33.0,,,100.0,118.0,100.0,681.0,33.0,33.0,100.0,0.0,100.0,0.0,200.0,0.0,100.0,8018.0,100.0,42656426952.0,100.0,76264659604.0
2019-11-09,ZJV1CG43,ST12000NM0007,12000138625024,0,79.0,78074432.0,98.0,0.0,100.0,2.0,100.0,0.0,79.0,74216773.0,91.0,8235.0,100.0,0.0,100.0,2.0,,,,,100.0,0.0,100.0,0.0,,,66.0,34.0,,,100.0,118.0,100.0,682.0,34.0,34.0,100.0,0.0,100.0,0.0,200.0,0.0,100.0,8050.0,100.0,42707403632.0,100.0,76755593972.0
2019-11-10,ZJV1CG43,ST12000NM0007,12000138625024,0,79.0,83373176.0,98.0,0.0,100.0,2.0,100.0,0.0,79.0,75712813.0,91.0,8250.0,100.0,0.0,100.0,2.0,,,,,100.0,0.0,100.0,0.0,,,67.0,33.0,,,100.0,118.0,100.0,683.0,33.0,33.0,100.0,0.0,100.0,0.0,200.0,0.0,100.0,8066.0,100.0,42726189464.0,100.0,76986247788.0
2019-11-11,ZJV1CG43,ST12000NM0007,12000138625024,0,83.0,180103432.0,98.0,0.0,100.0,2.0,100.0,0.0,79.0,80383013.0,91.0,8282.0,100.0,0.0,100.0,2.0,,,,,100.0,0.0,100.0,0.0,,,67.0,33.0,,,100.0,119.0,100.0,684.0,33.0,33.0,100.0,0.0,100.0,0.0,200.0,0.0,100.0,8097.0,100.0,42779865920.0,100.0,77517583084.0
2019-11-12,ZJV1CG43,ST12000NM0007,12000138625024,0,83.0,213757640.0,98.0,0.0,100.0,2.0,100.0,0.0,79.0,82013624.0,91.0,8298.0,100.0,0.0,100.0,2.0,,,,,100.0,0.0,100.0,0.0,,,67.0,33.0,,,100.0,119.0,100.0,685.0,33.0,33.0,100.0,0.0,100.0,0.0,200.0,0.0,100.0,8113.0,100.0,42801914592.0,100.0,77773329340.0
2019-11-13,ZJV1CG43,ST12000NM0007,12000138625024,0,82.0,175970600.0,98.0,0.0,100.0,2.0,100.0,0.0,79.0,86838729.0,91.0,8330.0,100.0,0.0,100.0,2.0,,,,,100.0,0.0,100.0,0.0,,,67.0,33.0,,,100.0,120.0,100.0,686.0,33.0,33.0,100.0,0.0,100.0,0.0,200.0,0.0,100.0,8145.0,100.0,42845620872.0,100.0,78180117388.0
2019-11-14,ZJV1CG43,ST12000NM0007,12000138625024,0,82.0,149419416.0,98.0,0.0,100.0,2.0,100.0,0.0,79.0,89051765.0,91.0,8345.0,100.0,0.0,100.0,2.0,,,,,100.0,0.0,100.0,0.0,,,67.0,33.0,,,100.0,120.0,100.0,687.0,33.0,33.0,100.0,0.0,100.0,0.0,200.0,0.0,100.0,8160.0,100.0,42874421456.0,100.0,78368906452.0
2019-11-15,ZJV1CG43,ST12000NM0007,12000138625024,0,72.0,16573144.0,98.0,0.0,100.0,2.0,100.0,0.0,80.0,93558893.0,91.0,8377.0,100.0,0.0,100.0,2.0,,,,,100.0,0.0,100.0,0.0,,,67.0,33.0,,,100.0,121.0,100.0,688.0,33.0,33.0,100.0,0.0,100.0,0.0,200.0,0.0,100.0,8192.0,100.0,42918117768.0,100.0,78924788740.0
2019-11-16,ZJV1CG43,ST12000NM0007,12000138625024,0,76.0,43699920.0,98.0,0.0,100.0,2.0,100.0,0.0,80.0,95126388.0,91.0,8393.0,100.0,0.0,100.0,2.0,,,,,100.0,0.0,100.0,0.0,,,67.0,33.0,,,100.0,121.0,100.0,689.0,33.0,33.0,100.0,0.0,100.0,0.0,200.0,0.0,100.0,8207.0,100.0,42947773640.0,100.0,79166400444.0
2019-11-17,ZJV1CG43,ST12000NM0007,12000138625024,0,83.0,195772168.0,98.0,0.0,100.0,2.0,100.0,0.0,80.0,99760595.0,91.0,8425.0,100.0,0.0,100.0,2.0,,,,,100.0,0.0,100.0,0.0,,,66.0,34.0,,,100.0,121.0,100.0,690.0,34.0,34.0,100.0,0.0,100.0,0.0,200.0,0.0,100.0,8239.0,100.0,43020041088.0,100.0,79734486956.0
2019-11-18,ZJV1CG43,ST12000NM0007,12000138625024,0,100.0,1450200.0,98.0,0.0,100.0,2.0,100.0,0.0,80.0,102734910.0,91.0,8440.0,100.0,0.0,100.0,2.0,,,,,100.0,0.0,100.0,0.0,,,67.0,33.0,,,100.0,121.0,100.0,691.0,33.0,33.0,100.0,0.0,100.0,0.0,200.0,0.0,100.0,8255.0,100.0,43040168024.0,100.0,80008319868.0
2019-11-19,ZJV1CG43,ST12000NM0007,12000138625024,0,76.0,38046872.0,98.0,0.0,100.0,2.0,100.0,0.0,80.0,105810219.0,91.0,8472.0,100.0,0.0,100.0,2.0,,,,,100.0,0.0,100.0,0.0,,,67.0,33.0,,,100.0,121.0,100.0,692.0,33.0,33.0,100.0,0.0,100.0,0.0,200.0,0.0,100.0,8286.0,100.0,43083547824.0,100.0,80489818156.0
2019-11-20,ZJV1CG43,ST12000NM0007,12000138625024,0,71.0,11288224.0,98.0,0.0,100.0,2.0,100.0,0.0,80.0,108267515.0,91.0,8488.0,100.0,0.0,100.0,2.0,,,,,100.0,0.0,100.0,0.0,,,67.0,33.0,,,100.0,121.0,100.0,692.0,33.0,33.0,100.0,0.0,100.0,0.0,200.0,0.0,100.0,8302.0,100.0,43111896456.0,100.0,80678851756.0
2019-11-21,ZJV1CG43,ST12000NM0007,12000138625024,0,83.0,218405976.0,98.0,0.0,100.0,2.0,100.0,0.0,80.0,110532984.0,91.0,8519.0,100.0,0.0,100.0,2.0,,,,,100.0,0.0,100.0,0.0,,,67.0,33.0,,,100.0,122.0,100.0,695.0,33.0,33.0,100.0,0.0,100.0,0.0,200.0,0.0,100.0,8333.0,100.0,43138274504.0,100.0,81103732164.0
2019-11-22,ZJV1CG43,ST12000NM0007,12000138625024,0,82.0,157053912.0,98.0,0.0,100.0,2.0,100.0,0.0,81.0,119067259.0,91.0,8551.0,100.0,0.0,100.0,2.0,,,,,100.0,0.0,100.0,0.0,,,67.0,33.0,,,100.0,122.0,100.0,696.0,33.0,33.0,100.0,0.0,100.0,0.0,200.0,0.0,100.0,8364.0,100.0,43170364776.0,100.0,81498571268.0
2019-11-23,ZJV1CG43,ST12000NM0007,12000138625024,0,80.0,108894064.0,98.0,0.0,100.0,2.0,100.0,0.0,81.0,122489585.0,91.0,8567.0,100.0,0.0,100.0,2.0,,,,,100.0,0.0,100.0,0.0,,,68.0,32.0,,,100.0,122.0,100.0,696.0,32.0,32.0,100.0,0.0,100.0,0.0,200.0,0.0,100.0,8380.0,100.0,43170600744.0,100.0,81694316300.0
2019-11-24,ZJV1CG43,ST12000NM0007,12000138625024,0,80.0,97260352.0,98.0,0.0,100.0,2.0,100.0,0.0,81.0,125735569.0,91.0,8598.0,100.0,0.0,100.0,2.0,,,,,100.0,0.0,100.0,0.0,,,68.0,32.0,,,100.0,123.0,100.0,698.0,32.0,32.0,100.0,0.0,100.0,0.0,200.0,0.0,100.0,8411.0,100.0,43171363936.0,100.0,82170201004.0
2019-11-25,ZJV1CG43,ST12000NM0007,12000138625024,0,79.0,84679288.0,98.0,0.0,100.0,2.0,100.0,0.0,81.0,126775492.0,91.0,8614.0,100.0,0.0,100.0,2.0,,,,,100.0,0.0,100.0,0.0,,,68.0,32.0,,,100.0,123.0,100.0,698.0,32.0,32.0,100.0,0.0,100.0,0.0,200.0,0.0,100.0,8427.0,100.0,43172747032.0,100.0,82400377492.0
2019-11-26,ZJV1CG43,ST12000NM0007,12000138625024,0,78.0,65579600.0,98.0,0.0,100.0,2.0,100.0,0.0,81.0,128857022.0,91.0,8646.0,100.0,0.0,100.0,2.0,,,,,100.0,0.0,100.0,0.0,,,67.0,33.0,,,100.0,124.0,100.0,700.0,33.0,33.0,100.0,0.0,100.0,0.0,200.0,0.0,100.0,8458.0,100.0,43175357352.0,100.0,82866948900.0
2019-11-27,ZJV1CG43,ST12000NM0007,12000138625024,0,69.0,8463856.0,98.0,0.0,100.0,2.0,100.0,0.0,81.0,130931897.0,91.0,8661.0,100.0,0.0,100.0,2.0,,,,,100.0,0.0,100.0,0.0,,,67.0,33.0,,,100.0,124.0,100.0,700.0,33.0,33.0,100.0,0.0,100.0,0.0,200.0,0.0,100.0,8474.0,100.0,43175478968.0,100.0,83053852268.0
2019-11-28,ZJV1CG43,ST12000NM0007,12000138625024,0,83.0,200635120.0,98.0,0.0,100.0,2.0,100.0,0.0,81.0,132759486.0,91.0,8693.0,100.0,0.0,100.0,2.0,,,,,100.0,0.0,100.0,0.0,,,69.0,31.0,,,100.0,125.0,100.0,703.0,31.0,31.0,100.0,0.0,100.0,0.0,200.0,0.0,100.0,8505.0,100.0,43175833304.0,100.0,83489810116.0
2019-11-29,ZJV1CG43,ST12000NM0007,12000138625024,0,82.0,177220576.0,98.0,0.0,100.0,2.0,100.0,0.0,81.0,133678265.0,91.0,8709.0,100.0,0.0,100.0,2.0,,,,,100.0,0.0,100.0,0.0,,,67.0,33.0,,,100.0,125.0,100.0,703.0,33.0,33.0,100.0,0.0,100.0,0.0,200.0,0.0,100.0,8521.0,100.0,43176028448.0,100.0,83710341172.0
2019-11-30,ZJV1CG43,ST12000NM0007,12000138625024,0,83.0,187567808.0,98.0,0.0,100.0,2.0,100.0,0.0,81.0,136129072.0,91.0,8741.0,100.0,0.0,100.0,2.0,,,,,100.0,0.0,100.0,0.0,,,67.0,33.0,,,100.0,125.0,100.0,705.0,33.0,33.0,100.0,0.0,100.0,0.0,200.0,0.0,100.0,8552.0,100.0,43176860096.0,100.0,84208138292.0
2019-12-01,ZJV1CG43,ST12000NM0007,12000138625024,0,82.0,159528872.0,98.0,0.0,100.0,2.0,100.0,0.0,81.0,137061041.0,91.0,8757.0,100.0,0.0,100.0,2.0,,,,,100.0,0.0,100.0,0.0,,,67.0,33.0,,,100.0,125.0,100.0,705.0,33.0,33.0,100.0,0.0,100.0,0.0,200.0,0.0,100.0,8568.0,100.0,43177029520.0,100.0,84424070732.0
2019-12-02,ZJV1CG43,ST12000NM0007,12000138625024,0,83.0,184700904.0,98.0,0.0,100.0,2.0,100.0,0.0,81.0,140475635.0,90.0,8788.0,100.0,0.0,100.0,2.0,,,,,100.0,0.0,100.0,0.0,,,66.0,34.0,,,100.0,125.0,100.0,707.0,34.0,34.0,100.0,0.0,100.0,0.0,200.0,0.0,100.0,8600.0,100.0,43180442160.0,100.0,84934111548.0
2019-12-03,ZJV1CG43,ST12000NM0007,12000138625024,0,83.0,179725608.0,98.0,0.0,100.0,2.0,100.0,0.0,82.0,141479148.0,90.0,8804.0,100.0,0.0,100.0,2.0,,,,,100.0,0.0,100.0,0.0,,,67.0,33.0,,,100.0,125.0,100.0,707.0,33.0,33.0,100.0,0.0,100.0,0.0,200.0,0.0,100.0,8616.0,100.0,43181855104.0,100.0,85171865308.0
2019-12-04,ZJV1CG43,ST12000NM0007,12000138625024,0,80.0,108622840.0,98.0,0.0,100.0,2.0,100.0,0.0,82.0,144588235.0,90.0,8836.0,100.0,0.0,100.0,2.0,,,,,100.0,0.0,100.0,0.0,,,67.0,33.0,,,100.0,126.0,100.0,709.0,33.0,33.0,100.0,0.0,100.0,0.0,200.0,0.0,100.0,8647.0,100.0,43182341888.0,100.0,85588557316.0
2019-12-05,ZJV1CG43,ST12000NM0007,12000138625024,0,79.0,81126120.0,98.0,0.0,100.0,2.0,100.0,0.0,82.0,145510768.0,90.0,8852.0,100.0,0.0,100.0,2.0,,,,,100.0,0.0,100.0,0.0,,,67.0,33.0,,,100.0,126.0,100.0,709.0,33.0,33.0,100.0,0.0,100.0,0.0,200.0,0.0,100.0,8663.0,100.0,43182512112.0,100.0,85805031076.0
2019-12-06,ZJV1CG43,ST12000NM0007,12000138625024,0,77.0,50561120.0,98.0,0.0,100.0,2.0,100.0,0.0,82.0,147464997.0,90.0,8883.0,100.0,0.0,100.0,2.0,,,,,100.0,0.0,100.0,0.0,,,67.0,33.0,,,100.0,127.0,100.0,711.0,33.0,33.0,100.0,0.0,100.0,0.0,200.0,0.0,100.0,8694.0,100.0,43184135776.0,100.0,86261123940.0
2019-12-07,ZJV1CG43,ST12000NM0007,12000138625024,0,76.0,40960528.0,98.0,0.0,100.0,2.0,100.0,0.0,82.0,148466747.0,90.0,8899.0,100.0,0.0,100.0,2.0,,,,,100.0,0.0,100.0,0.0,,,67.0,33.0,,,100.0,127.0,100.0,711.0,33.0,33.0,100.0,0.0,100.0,0.0,200.0,0.0,100.0,8710.0,100.0,43184695672.0,100.0,86495104268.0
2019-12-08,ZJV1CG43,ST12000NM0007,12000138625024,0,73.0,20213864.0,98.0,0.0,100.0,2.0,100.0,0.0,82.0,151702403.0,90.0,8931.0,100.0,0.0,100.0,2.0,,,,,100.0,0.0,100.0,0.0,,,67.0,33.0,,,100.0,128.0,100.0,713.0,33.0,33.0,100.0,0.0,100.0,0.0,200.0,0.0,100.0,8742.0,100.0,43185023664.0,100.0,86962311052.0
2019-12-09,ZJV1CG43,ST12000NM0007,12000138625024,0,84.0,232873128.0,98.0,0.0,100.0,2.0,100.0,0.0,82.0,153605435.0,90.0,8962.0,100.0,0.0,100.0,2.0,,,,,100.0,0.0,100.0,0.0,,,69.0,31.0,,,100.0,129.0,100.0,716.0,31.0,31.0,100.0,0.0,100.0,0.0,200.0,0.0,100.0,8773.0,100.0,43185363496.0,100.0,87418771300.0
2019-12-10,ZJV1CG43,ST12000NM0007,12000138625024,0,84.0,229820452.0,96.0,0.0,100.0,3.0,100.0,0.0,82.0,154616891.0,90.0,8979.0,100.0,0.0,100.0,3.0,,,,,100.0,0.0,100.0,0.0,,,66.0,34.0,,,100.0,129.0,100.0,719.0,34.0,34.0,100.0,0.0,100.0,0.0,200.0,0.0,100.0,8789.0,100.0,43185533432.0,100.0,87659689344.0
2019-12-11,ZJV1CG43,ST12000NM0007,12000138625024,0,81.0,126103888.0,96.0,0.0,100.0,3.0,100.0,0.0,82.0,157734068.0,90.0,9010.0,100.0,0.0,100.0,3.0,,,,,100.0,0.0,100.0,0.0,,,66.0,34.0,,,100.0,129.0,100.0,721.0,34.0,34.0,100.0,0.0,100.0,0.0,200.0,0.0,100.0,8820.0,100.0,43188293432.0,100.0,88041494120.0
2019-12-12,ZJV1CG43,ST12000NM0007,12000138625024,0,100.0,1134360.0,96.0,0.0,100.0,3.0,100.0,0.0,82.0,158299410.0,90.0,9026.0,100.0,0.0,100.0,3.0,,,,,100.0,0.0,100.0,0.0,,,66.0,34.0,,,100.0,129.0,100.0,721.0,34.0,34.0,100.0,0.0,100.0,0.0,200.0,0.0,100.0,8836.0,100.0,43188461888.0,100.0,88160496904.0
2019-12-13,ZJV1CG43,ST12000NM0007,12000138625024,0,82.0,145515672.0,96.0,0.0,100.0,3.0,100.0,0.0,82.0,159931771.0,90.0,9058.0,100.0,0.0,100.0,3.0,,,,,100.0,0.0,100.0,0.0,,,65.0,35.0,,,100.0,131.0,100.0,723.0,35.0,35.0,100.0,0.0,100.0,0.0,200.0,0.0,100.0,8867.0,100.0,43188796400.0,100.0,88548684344.0
2019-12-14,ZJV1CG43,ST12000NM0007,12000138625024,0,75.0,31198672.0,96.0,0.0,100.0,3.0,100.0,0.0,82.0,160514274.0,90.0,9074.0,100.0,0.0,100.0,3.0,,,,,100.0,0.0,100.0,0.0,,,66.0,34.0,,,100.0,131.0,100.0,723.0,34.0,34.0,100.0,0.0,100.0,0.0,200.0,0.0,100.0,8883.0,100.0,43188965744.0,100.0,88678338752.0
2019-12-15,ZJV1CG43,ST12000NM0007,12000138625024,0,74.0,22686672.0,96.0,0.0,100.0,3.0,100.0,0.0,82.0,164448037.0,90.0,9105.0,100.0,0.0,100.0,3.0,,,,,100.0,0.0,100.0,0.0,,,66.0,34.0,,,100.0,132.0,100.0,725.0,34.0,34.0,100.0,0.0,100.0,0.0,200.0,0.0,100.0,8915.0,100.0,43189334616.0,100.0,89157739312.0
2019-12-16,ZJV1CG43,ST12000NM0007,12000138625024,0,83.0,187554240.0,96.0,0.0,100.0,3.0,100.0,0.0,82.0,165343603.0,90.0,9121.0,100.0,0.0,100.0,3.0,,,,,100.0,0.0,100.0,0.0,,,66.0,34.0,,,100.0,133.0,100.0,726.0,34.0,34.0,100.0,0.0,100.0,0.0,200.0,0.0,100.0,8930.0,100.0,43189504152.0,100.0,89322437344.0
2019-12-17,ZJV1CG43,ST12000NM0007,12000138625024,0,79.0,75547312.0,96.0,0.0,100.0,3.0,100.0,0.0,82.0,167060581.0,90.0,9153.0,100.0,0.0,100.0,3.0,,,,,100.0,0.0,100.0,0.0,,,65.0,35.0,,,100.0,134.0,100.0,727.0,35.0,35.0,100.0,0.0,100.0,0.0,200.0,0.0,100.0,8962.0,100.0,43189828952.0,100.0,89698387064.0
2019-12-18,ZJV1CG43,ST12000NM0007,12000138625024,0,83.0,192371624.0,96.0,0.0,100.0,3.0,100.0,0.0,82.0,168760426.0,90.0,9169.0,100.0,0.0,100.0,3.0,,,,,100.0,0.0,100.0,0.0,,,65.0,35.0,,,100.0,134.0,100.0,727.0,35.0,35.0,100.0,0.0,100.0,0.0,200.0,0.0,100.0,8978.0,100.0,43189956392.0,100.0,89815083936.0
2019-12-19,ZJV1CG43,ST12000NM0007,12000138625024,0,82.0,166830656.0,96.0,0.0,100.0,3.0,100.0,0.0,82.0,169669395.0,90.0,9185.0,100.0,0.0,100.0,3.0,,,,,100.0,0.0,100.0,0.0,,,66.0,34.0,,,100.0,135.0,100.0,729.0,34.0,34.0,100.0,0.0,100.0,0.0,200.0,0.0,100.0,8994.0,100.0,43190125136.0,100.0,90033515008.0
2019-12-20,ZJV1CG43,ST12000NM0007,12000138625024,0,84.0,235328368.0,96.0,0.0,100.0,3.0,100.0,0.0,82.0,171009983.0,90.0,9217.0,100.0,0.0,100.0,3.0,,,,,100.0,0.0,100.0,0.0,,,66.0,34.0,,,100.0,136.0,100.0,731.0,34.0,34.0,100.0,0.0,100.0,0.0,200.0,0.0,100.0,9025.0,100.0,43190465752.0,100.0,90345812826.0
2019-12-21,ZJV1CG43,ST12000NM0007,12000138625024,0,83.0,214391184.0,96.0,0.0,100.0,3.0,100.0,0.0,82.0,171965372.0,90.0,9232.0,100.0,0.0,100.0,3.0,,,,,100.0,0.0,100.0,0.0,,,66.0,34.0,,,100.0,136.0,100.0,731.0,34.0,34.0,100.0,0.0,100.0,0.0,200.0,0.0,100.0,9041.0,100.0,43190634360.0,100.0,90568847698.0
2019-12-22,ZJV1CG43,ST12000NM0007,12000138625024,0,74.0,26742008.0,96.0,0.0,100.0,3.0,100.0,0.0,82.0,173294403.0,90.0,9264.0,100.0,0.0,100.0,3.0,,,,,100.0,0.0,100.0,0.0,,,66.0,34.0,,,100.0,136.0,100.0,733.0,34.0,34.0,100.0,0.0,100.0,0.0,200.0,0.0,100.0,9072.0,100.0,43190968768.0,100.0,90869145402.0
2019-12-23,ZJV1CG43,ST12000NM0007,12000138625024,0,73.0,21882384.0,96.0,0.0,100.0,3.0,100.0,0.0,82.0,174292328.0,90.0,9280.0,100.0,0.0,100.0,3.0,,,,,100.0,0.0,100.0,0.0,,,66.0,34.0,,,100.0,136.0,100.0,733.0,34.0,34.0,100.0,0.0,100.0,0.0,200.0,0.0,100.0,9088.0,100.0,43191136816.0,100.0,91108258506.0
2019-12-24,ZJV1CG43,ST12000NM0007,12000138625024,0,79.0,72765288.0,96.0,0.0,100.0,3.0,100.0,0.0,82.0,175580852.0,90.0,9311.0,100.0,0.0,100.0,3.0,,,,,100.0,0.0,100.0,0.0,,,66.0,34.0,,,100.0,137.0,100.0,735.0,34.0,34.0,100.0,0.0,100.0,0.0,200.0,0.0,100.0,9119.0,100.0,43191472832.0,100.0,91402946162.0
2019-12-25,ZJV1CG43,ST12000NM0007,12000138625024,0,78.0,59560584.0,96.0,0.0,100.0,3.0,100.0,0.0,82.0,176555774.0,90.0,9327.0,100.0,0.0,100.0,3.0,,,,,100.0,0.0,100.0,0.0,,,66.0,34.0,,,100.0,137.0,100.0,735.0,34.0,34.0,100.0,0.0,100.0,0.0,200.0,0.0,100.0,9135.0,100.0,43191641152.0,100.0,91633713842.0
2019-12-26,ZJV1CG43,ST12000NM0007,12000138625024,0,81.0,116878616.0,96.0,0.0,100.0,3.0,100.0,0.0,83.0,177902434.0,90.0,9359.0,100.0,0.0,100.0,3.0,,,,,100.0,0.0,100.0,0.0,,,66.0,34.0,,,100.0,138.0,100.0,737.0,34.0,34.0,100.0,0.0,100.0,0.0,200.0,0.0,100.0,9166.0,100.0,43191977704.0,100.0,91934836218.0
2019-12-27,ZJV1CG43,ST12000NM0007,12000138625024,0,79.0,76740632.0,96.0,0.0,100.0,3.0,100.0,0.0,83.0,178711188.0,90.0,9374.0,100.0,0.0,100.0,3.0,,,,,100.0,0.0,100.0,0.0,,,66.0,34.0,,,100.0,138.0,100.0,737.0,34.0,34.0,100.0,0.0,100.0,0.0,200.0,0.0,100.0,9182.0,100.0,43192134840.0,100.0,92138681898.0
2019-12-28,ZJV1CG43,ST12000NM0007,12000138625024,0,82.0,147699200.0,96.0,0.0,100.0,3.0,100.0,0.0,83.0,180072108.0,90.0,9406.0,100.0,0.0,100.0,3.0,,,,,100.0,0.0,100.0,0.0,,,66.0,34.0,,,100.0,140.0,100.0,739.0,34.0,34.0,100.0,0.0,100.0,0.0,200.0,0.0,100.0,9213.0,100.0,43192472264.0,100.0,92453443690.0
2019-12-29,ZJV1CG43,ST12000NM0007,12000138625024,0,80.0,109325784.0,96.0,0.0,100.0,3.0,100.0,0.0,83.0,180917174.0,90.0,9422.0,100.0,0.0,100.0,3.0,,,,,100.0,0.0,100.0,0.0,,,66.0,34.0,,,100.0,140.0,100.0,739.0,34.0,34.0,100.0,0.0,100.0,0.0,200.0,0.0,100.0,9229.0,100.0,43192639696.0,100.0,92659043482.0
2019-12-30,ZJV1CG43,ST12000NM0007,12000138625024,0,83.0,196797240.0,96.0,0.0,100.0,3.0,100.0,0.0,83.0,182448789.0,90.0,9453.0,100.0,0.0,100.0,3.0,,,,,100.0,0.0,100.0,0.0,,,66.0,34.0,,,100.0,140.0,100.0,740.0,34.0,34.0,100.0,0.0,100.0,0.0,200.0,0.0,100.0,9260.0,100.0,43192974256.0,100.0,92990321082.0
2019-12-31,ZJV1CG43,ST12000NM0007,12000138625024,0,82.0,144080088.0,96.0,0.0,100.0,3.0,100.0,0.0,83.0,183291817.0,90.0,9469.0,100.0,0.0,100.0,3.0,,,,,100.0,0.0,100.0,0.0,,,66.0,34.0,,,100.0,140.0,100.0,741.0,34.0,34.0,100.0,0.0,100.0,0.0,200.0,0.0,100.0,9276.0,100.0,43193142656.0,100.0,93181576250.0
