2019-01-01,ZJV1CT5H,ST12000NM0007,12000138625024,0,80,102983160,99.0,0.0,100.0,1.0,100.0,0.0,77.0,48315599.0,100,774,100.0,0.0,100,1,,,,,100.0,0.0,100.0,0.0,,,76.0,24.0,,,100.0,14.0,100.0,382.0,24,24,100.0,0.0,100.0,0.0,200.0,0.0,100.0,607.0,100.0,5422096224.0,100.0,2981771948.0
2019-01-02,ZJV1CT5H,ST12000NM0007,12000138625024,0,84,223898600,99.0,0.0,100.0,1.0,100.0,0.0,77.0,52120780.0,100,798,100.0,0.0,100,1,,,,,100.0,0.0,100.0,0.0,,,77.0,23.0,,,100.0,14.0,100.0,383.0,23,23,100.0,0.0,100.0,0.0,200.0,0.0,100.0,632.0,100.0,5822257792.0,100.0,3190807140.0
2019-01-03,ZJV1CT5H,ST12000NM0007,12000138625024,0,83.0,212331760.0,99.0,0.0,100.0,1.0,100.0,0.0,77.0,55071193.0,100.0,822.0,100.0,0.0,100.0,1.0,,,,,100.0,0.0,100.0,0.0,,,77.0,23.0,,,100.0,14.0,100.0,384.0,23.0,23.0,100.0,0.0,100.0,0.0,200.0,0.0,100.0,655.0,100.0,6044645992.0,100.0,3445133660.0
2019-01-04,ZJV1CT5H,ST12000NM0007,12000138625024,0,69,7612712,99.0,0.0,100.0,1.0,100.0,0.0,78.0,58292578.0,100,845,100.0,0.0,100,1,,,,,100.0,0.0,100.0,0.0,,,77.0,23.0,,,100.0,14.0,100.0,385.0,23,23,100.0,0.0,100.0,0.0,200.0,0.0,100.0,678.0,100.0,6314414848.0,100.0,3703068100.0
2019-01-05,ZJV1CT5H,ST12000NM0007,12000138625024,0,76,42670832,99.0,0.0,100.0,1.0,100.0,0.0,78.0,61669856.0,100,870,100.0,0.0,100,1,,,,,100.0,0.0,100.0,0.0,,,77.0,23.0,,,100.0,14.0,100.0,386.0,23,23,100.0,0.0,100.0,0.0,200.0,0.0,100.0,703.0,100.0,6604433896.0,100.0,3936389364.0
2019-01-06,ZJV1CT5H,ST12000NM0007,12000138625024,0,79,82271720,99.0,0.0,100.0,1.0,100.0,0.0,78.0,65050023.0,99,894,100.0,0.0,100,1,,,,,100.0,0.0,100.0,0.0,,,77.0,23.0,,,100.0,14.0,100.0,387.0,23,23,100.0,0.0,100.0,0.0,200.0,0.0,100.0,727.0,100.0,6911717536.0,100.0,4156989132.0
2019-01-07,ZJV1CT5H,ST12000NM0007,12000138625024,0,81,117222288,99.0,0.0,100.0,1.0,100.0,0.0,78.0,68522799.0,99,918,100.0,0.0,100,1,,,,,100.0,0.0,100.0,0.0,,,77.0,23.0,,,100.0,15.0,100.0,388.0,23,23,100.0,0.0,100.0,0.0,200.0,0.0,100.0,751.0,100.0,7227617504.0,100.0,4364321220.0
2019-01-08,ZJV1CT5H,ST12000NM0007,12000138625024,0,83,189623776,99.0,0.0,100.0,1.0,100.0,0.0,79.0,72188119.0,99,942,100.0,0.0,100,1,,,,,100.0,0.0,100.0,0.0,,,76.0,24.0,,,100.0,15.0,100.0,389.0,24,24,100.0,0.0,100.0,0.0,200.0,0.0,100.0,775.0,100.0,7569298408.0,100.0,4583323572.0
2019-01-09,ZJV1CT5H,ST12000NM0007,12000138625024,0,76,35624168,99.0,0.0,100.0,1.0,100.0,0.0,79.0,75901147.0,99,966,100.0,0.0,100,1,,,,,100.0,0.0,100.0,0.0,,,76.0,24.0,,,100.0,15.0,100.0,390.0,24,24,100.0,0.0,100.0,0.0,200.0,0.0,100.0,799.0,100.0,7918014032.0,100.0,4813030724.0
2019-01-10,ZJV1CT5H,ST12000NM0007,12000138625024,0,72,16465416,99.0,0.0,100.0,1.0,100.0,0.0,79.0,78976610.0,99,987,100.0,0.0,100,1,,,,,100.0,0.0,100.0,0.0,,,76.0,24.0,,,100.0,15.0,100.0,391.0,24,24,100.0,0.0,100.0,0.0,200.0,0.0,100.0,820.0,100.0,8202473904.0,100.0,4997693588.0
2019-01-11,ZJV1CT5H,ST12000NM0007,12000138625024,0,78.0,64490760.0,99.0,0.0,100.0,1.0,100.0,0.0,79.0,80801678.0,99.0,999.0,100.0,0.0,100.0,1.0,,,,,100.0,0.0,100.0,0.0,,,77.0,23.0,,,100.0,15.0,100.0,392.0,23.0,23.0,100.0,0.0,100.0,0.0,200.0,0.0,100.0,832.0,100.0,8368744192.0,100.0,5123589276.0
2019-01-12,ZJV1CT5H,ST12000NM0007,12000138625024,0,81,127586144,99.0,0.0,100.0,1.0,100.0,0.0,79.0,85672928.0,99,1031,100.0,0.0,100,1,,,,,100.0,0.0,100.0,0.0,,,75.0,25.0,,,100.0,15.0,100.0,393.0,25,25,100.0,0.0,100.0,0.0,200.0,0.0,100.0,863.0,100.0,8858801368.0,100.0,5429049836.0
2019-01-13,ZJV1CT5H,ST12000NM0007,12000138625024,0,74,22907400,99.0,0.0,100.0,1.0,100.0,0.0,79.0,88183820.0,99,1047,100.0,0.0,100,1,,,,,100.0,0.0,100.0,0.0,,,77.0,23.0,,,100.0,15.0,100.0,394.0,23,23,100.0,0.0,100.0,0.0,200.0,0.0,100.0,879.0,100.0,9104093464.0,100.0,5567360444.0
2019-01-14,ZJV1CT5H,ST12000NM0007,12000138625024,0,76,39164576,99.0,0.0,100.0,1.0,100.0,0.0,80.0,93117151.0,99,1079,100.0,0.0,100,1,,,,,100.0,0.0,100.0,0.0,,,77.0,23.0,,,100.0,15.0,100.0,395.0,23,23,100.0,0.0,100.0,0.0,200.0,0.0,100.0,911.0,100.0,9516680200.0,100.0,5903453396.0
2019-01-15,ZJV1CT5H,ST12000NM0007,12000138625024,0,82.0,155742112.0,99.0,0.0,100.0,1.0,100.0,0.0,80.0,95547889.0,99.0,1094.0,100.0,0.0,100.0,1.0,,,,,100.0,0.0,100.0,0.0,,,77.0,23.0,,,100.0,15.0,100.0,396.0,23.0,23.0,100.0,0.0,100.0,0.0,200.0,0.0,100.0,926.0,100.0,9724379992.0,100.0,6056471972.0
2019-01-16,ZJV1CT5H,ST12000NM0007,12000138625024,0,80,99450272,99.0,0.0,100.0,1.0,100.0,0.0,80.0,100079617.0,99,1126,100.0,0.0,100,1,,,,,100.0,0.0,100.0,0.0,,,77.0,23.0,,,100,15,100.0,397.0,23,23,100.0,0.0,100.0,0.0,200.0,0.0,100.0,958.0,100.0,10131846488.0,100.0,6325135908.0
2019-01-17,ZJV1CT5H,ST12000NM0007,12000138625024,0,83,186884312,99.0,0.0,100.0,1.0,100.0,0.0,80.0,102432000.0,99,1142,100.0,0.0,100,1,,,,,100.0,0.0,100.0,0.0,,,76.0,24.0,,,100,15,100.0,398.0,24,24,100.0,0.0,100.0,0.0,200.0,0.0,100.0,974.0,100.0,10325219328.0,100.0,6463337924.0
2019-01-18,ZJV1CT5H,ST12000NM0007,12000138625024,0,79,79803768,99.0,0.0,100.0,1.0,100.0,0.0,80.0,106810097.0,99,1174,100.0,0.0,100,1,,,,,100.0,0.0,100.0,0.0,,,76.0,24.0,,,100,15,100.0,399.0,24,24,100.0,0.0,100.0,0.0,200.0,0.0,100.0,1005.0,100.0,10690011952.0,100.0,6723887028.0
2019-01-19,ZJV1CT5H,ST12000NM0007,12000138625024,0,82,153275264,99.0,0.0,100.0,1.0,100.0,0.0,80.0,109061161.0,99,1190,100.0,0.0,100,1,,,,,100.0,0.0,100.0,0.0,,,77.0,23.0,,,100,15,100.0,400.0,23,23,100.0,0.0,100.0,0.0,200.0,0.0,100.0,1021.0,100.0,10878289392.0,100.0,6853221748.0
2019-01-20,ZJV1CT5H,ST12000NM0007,12000138625024,0,84,238816560,99.0,0.0,100.0,1.0,100.0,0.0,81.0,113085559.0,99,1221,100.0,0.0,100,1,,,,,100.0,0.0,100.0,0.0,,,76.0,24.0,,,100,16,100.0,401.0,24,24,100.0,0.0,100.0,0.0,200.0,0.0,100.0,1053.0,100.0,11179910432.0,100.0,7125423428.0
2019-01-21,ZJV1CT5H,ST12000NM0007,12000138625024,0,76,39664968,99.0,0.0,100.0,1.0,100.0,0.0,81.0,115087988.0,99,1237,100.0,0.0,100,1,,,,,100.0,0.0,100.0,0.0,,,76.0,24.0,,,100,16,100.0,402.0,24,24,100.0,0.0,100.0,0.0,200.0,0.0,100.0,1068.0,100.0,11332738296.0,100.0,7261725532.0
2019-01-22,ZJV1CT5H,ST12000NM0007,12000138625024,0,79.0,79730528.0,99.0,0.0,100.0,1.0,100.0,0.0,81.0,118679064.0,99.0,1269.0,100.0,0.0,100.0,1.0,,,,,100.0,0.0,100.0,0.0,,,76.0,24.0,,,100.0,16.0,100.0,403.0,24.0,24.0,100.0,0.0,100.0,0.0,200.0,0.0,100.0,1100.0,100.0,11573619656.0,100.0,7549191244.0
2019-01-23,ZJV1CT5H,ST12000NM0007,12000138625024,0,83.0,184204704.0,99.0,0.0,100.0,1.0,100.0,0.0,81.0,122723778.0,99.0,1301.0,100.0,0.0,100.0,1.0,,,,,100.0,0.0,100.0,0.0,,,75.0,25.0,,,100.0,16.0,100.0,404.0,25.0,25.0,100.0,0.0,100.0,0.0,200.0,0.0,100.0,1132.0,100.0,11895226120.0,100.0,7820341004.0
2019-01-24,ZJV1CT5H,ST12000NM0007,12000138625024,0,78.0,67744888.0,99.0,0.0,100.0,1.0,100.0,0.0,81.0,125239297.0,99.0,1317.0,100.0,0.0,100.0,1.0,,,,,100.0,0.0,100.0,0.0,,,75.0,25.0,,,100.0,16.0,100.0,405.0,25.0,25.0,100.0,0.0,100.0,0.0,200.0,0.0,100.0,1148.0,100.0,12135505272.0,100.0,7951883580.0
2019-01-25,ZJV1CT5H,ST12000NM0007,12000138625024,0,79,77678552,99.0,0.0,100.0,1.0,100.0,0.0,81.0,130362016.0,99,1348,100.0,0.0,100,1,,,,,100.0,0.0,100.0,0.0,,,75.0,25.0,,,100,16,100.0,406.0,25,25,100.0,0.0,100.0,0.0,200.0,0.0,100.0,1179.0,100.0,12605540152.0,100.0,8224204484.0
2019-01-26,ZJV1CT5H,ST12000NM0007,12000138625024,0,82,173179928,99.0,0.0,100.0,1.0,100.0,0.0,81.0,132720971.0,99,1364,100.0,0.0,100,1,,,,,100.0,0.0,100.0,0.0,,,75.0,25.0,,,100,17,100.0,407.0,25,25,100.0,0.0,100.0,0.0,200.0,0.0,100.0,1195.0,100.0,12806914664.0,100.0,8362472068.0
2019-01-27,ZJV1CT5H,ST12000NM0007,12000138625024,0,76,41824624,99.0,0.0,100.0,1.0,100.0,0.0,81.0,135200138.0,99,1380,100.0,0.0,100,1,,,,,100.0,0.0,100.0,0.0,,,75.0,25.0,,,100,17,100.0,408.0,25,25,100.0,0.0,100.0,0.0,200.0,0.0,100.0,1211.0,100.0,13014840160.0,100.0,8511473100.0
2019-01-28,ZJV1CT5H,ST12000NM0007,12000138625024,0,82,143363984,89.0,0.0,100.0,22.0,100.0,0.0,81.0,137710991.0,99,1406,100.0,0.0,100,22,,,,,100.0,0.0,100.0,0.0,,,73.0,27.0,,,100,21,100.0,444.0,27,27,100.0,0.0,100.0,0.0,200.0,0.0,100.0,1228.0,100.0,13247411560.0,100.0,8624581794.0
2019-01-29,ZJV1CT5H,ST12000NM0007,12000138625024,0,84,237357682,89.0,0.0,100.0,22.0,100.0,0.0,81.0,140442468.0,99,1422,100.0,0.0,100,22,,,,,100.0,0.0,100.0,0.0,,,73.0,27.0,,,100,21,100.0,444.0,27,27,100.0,0.0,100.0,0.0,200.0,0.0,100.0,1244.0,100.0,13527115128.0,100.0,8683012868.0
2019-01-30,ZJV1CT5H,ST12000NM0007,12000138625024,0,83,218351624,89.0,0.0,100.0,22.0,100.0,0.0,82.0,145741059.0,99,1454,100.0,0.0,100,22,,,,,100.0,0.0,100.0,0.0,,,73.0,27.0,,,100,22,100.0,446.0,27,27,100.0,0.0,100.0,0.0,200.0,0.0,100.0,1275.0,100.0,13979697848.0,100.0,8943846180.0
2019-01-31,ZJV1CT5H,ST12000NM0007,12000138625024,0,79,80612872,89.0,0.0,100.0,22.0,100.0,0.0,82.0,148534607.0,99,1470,100.0,0.0,100,22,,,,,100.0,0.0,100.0,0.0,,,74.0,26.0,,,100,22,100.0,446.0,26,26,100.0,0.0,100.0,0.0,200.0,0.0,100.0,1291.0,100.0,14174673784.0,100.0,9099413468.0
2019-02-01,ZJV1CT5H,ST12000NM0007,12000138625024,0,83,202088600,89.0,0.0,100.0,22.0,100.0,0.0,82.0,151225081.0,99,1485,100.0,0.0,100,22,,,,,100.0,0.0,100.0,0.0,,,74.0,26.0,,,100,22,100.0,447.0,26,26,100.0,0.0,100.0,0.0,200.0,0.0,100.0,1307.0,100.0,14397453568.0,100.0,9242250116.0
2019-02-02,ZJV1CT5H,ST12000NM0007,12000138625024,0,83.0,191838344.0,89.0,0.0,100.0,22.0,100.0,0.0,82.0,156311296.0,99.0,1517.0,100.0,0.0,100.0,22.0,,,,,100.0,0.0,100.0,0.0,,,73.0,27.0,,,100.0,22.0,100.0,448.0,27.0,27.0,100.0,0.0,100.0,0.0,200.0,0.0,100.0,1338.0,100.0,14801044784.0,100.0,9560831188.0
2019-02-03,ZJV1CT5H,ST12000NM0007,12000138625024,0,82,161435888,89.0,0.0,100.0,22.0,100.0,0.0,82.0,161460154.0,99,1549,100.0,0.0,100,22,,,,,100.0,0.0,100.0,0.0,,,74.0,26.0,,,100,22,100.0,450.0,26,26,100.0,0.0,100.0,0.0,200.0,0.0,100.0,1370.0,100.0,15211010064.0,100.0,9852885788.0
2019-02-04,ZJV1CT5H,ST12000NM0007,12000138625024,0,77,52101984,89.0,0.0,100.0,22.0,100.0,0.0,82.0,164128244.0,99,1565,100.0,0.0,100,22,,,,,100.0,0.0,100.0,0.0,,,74.0,26.0,,,100,22,100.0,450.0,26,26,100.0,0.0,100.0,0.0,200.0,0.0,100.0,1386.0,100.0,15453292280.0,100.0,9989551028.0
2019-02-05,ZJV1CT5H,ST12000NM0007,12000138625024,0,66.0,4411992.0,89.0,0.0,100.0,22.0,100.0,0.0,82.0,169182876.0,99.0,1596.0,100.0,0.0,100.0,22.0,,,,,100.0,0.0,100.0,0.0,,,74.0,26.0,,,100.0,23.0,100.0,452.0,26.0,26.0,100.0,0.0,100.0,0.0,200.0,0.0,100.0,1417.0,100.0,15860332104.0,100.0,10267243572.0
2019-02-06,ZJV1CT5H,ST12000NM0007,12000138625024,0,80,106706880,89.0,0.0,100.0,22.0,100.0,0.0,82.0,171748436.0,99,1612,100.0,0.0,100,22,,,,,100.0,0.0,100.0,0.0,,,74.0,26.0,,,100,23,100.0,452.0,26,26,100.0,0.0,100.0,0.0,200.0,0.0,100.0,1433.0,100.0,16068641192.0,100.0,10405370004.0
2019-02-07,ZJV1CT5H,ST12000NM0007,12000138625024,0,75.0,29191256.0,89.0,0.0,100.0,22.0,100.0,0.0,82.0,176845420.0,99.0,1644.0,100.0,0.0,100.0,22.0,,,,,100.0,0.0,100.0,0.0,,,74.0,26.0,,,100.0,25.0,100.0,454.0,26.0,26.0,100.0,0.0,100.0,0.0,200.0,0.0,100.0,1465.0,100.0,16437257760.0,100.0,10691660436.0
2019-02-08,ZJV1CT5H,ST12000NM0007,12000138625024,0,80,95231504,89.0,0.0,100.0,22.0,100.0,0.0,83.0,179304263.0,99,1659,100.0,0.0,100,22,,,,,100.0,0.0,100.0,0.0,,,75.0,25.0,,,100,25,100.0,454.0,25,25,100.0,0.0,100.0,0.0,200.0,0.0,100.0,1480.0,100.0,16624200064.0,100.0,10814899228.0
2019-02-09,ZJV1CT5H,ST12000NM0007,12000138625024,0,84.0,238643952.0,89.0,0.0,100.0,22.0,100.0,0.0,83.0,184124076.0,99.0,1691.0,100.0,0.0,100.0,22.0,,,,,100.0,0.0,100.0,0.0,,,73.0,27.0,,,100.0,25.0,100.0,456.0,27.0,27.0,100.0,0.0,100.0,0.0,200.0,0.0,100.0,1512.0,100.0,16981552344.0,100.0,11089240716.0
2019-02-10,ZJV1CT5H,ST12000NM0007,12000138625024,0,78,61875960,89.0,0.0,100.0,22.0,100.0,0.0,83.0,186592532.0,99,1707,100.0,0.0,100,22,,,,,100.0,0.0,100.0,0.0,,,74.0,26.0,,,100,25,100.0,456.0,26,26,100.0,0.0,100.0,0.0,200.0,0.0,100.0,1528.0,100.0,17151926464.0,100.0,11230380004.0
2019-02-11,ZJV1CT5H,ST12000NM0007,12000138625024,0,83,182452080,89.0,0.0,100.0,22.0,100.0,0.0,83.0,191560479.0,99,1739,100.0,0.0,100,22,,,,,100.0,0.0,100.0,0.0,,,74.0,26.0,,,100,25,100.0,458.0,26,26,100.0,0.0,100.0,0.0,200.0,0.0,100.0,1559.0,100.0,17484569192.0,100.0,11506595444.0
2019-02-12,ZJV1CT5H,ST12000NM0007,12000138625024,0,84.0,240836368.0,89.0,0.0,100.0,22.0,100.0,0.0,83.0,194121684.0,98.0,1754.0,100.0,0.0,100.0,22.0,,,,,100.0,0.0,100.0,0.0,,,75.0,25.0,,,100.0,25.0,100.0,458.0,25.0,25.0,100.0,0.0,100.0,0.0,200.0,0.0,100.0,1575.0,100.0,17647646296.0,100.0,11646043460.0
2019-02-13,ZJV1CT5H,ST12000NM0007,12000138625024,0,80,110142608,89.0,0.0,100.0,22.0,100.0,0.0,83.0,199072678.0,98,1786,100.0,0.0,100,22,,,,,100.0,0.0,100.0,0.0,,,74.0,26.0,,,100,25,100.0,460.0,26,26,100.0,0.0,100.0,0.0,200.0,0.0,100.0,1606.0,100.0,17971648880.0,100.0,11923769604.0
2019-02-14,ZJV1CT5H,ST12000NM0007,12000138625024,0,75,29613744,89.0,0.0,100.0,22.0,100.0,0.0,83.0,201941466.0,98,1802,100.0,0.0,100,22,,,,,100.0,0.0,100.0,0.0,,,74.0,26.0,,,100,25,100.0,460.0,26,26,100.0,0.0,100.0,0.0,200.0,0.0,100.0,1622.0,100.0,18190963952.0,100.0,12112208324.0
2019-02-15,ZJV1CT5H,ST12000NM0007,12000138625024,0,83.0,201370408.0,89.0,0.0,100.0,22.0,100.0,0.0,83.0,207189085.0,98.0,1833.0,100.0,0.0,100.0,22.0,,,,,100.0,0.0,100.0,0.0,,,73.0,27.0,,,100.0,25.0,100.0,462.0,27.0,27.0,100.0,0.0,100.0,0.0,200.0,0.0,100.0,1653.0,100.0,18547711360.0,100.0,12415498932.0
2019-02-16,ZJV1CT5H,ST12000NM0007,12000138625024,0,75.0,30288184.0,89.0,0.0,100.0,22.0,100.0,0.0,83.0,209720492.0,98.0,1849.0,100.0,0.0,100.0,22.0,,,,,100.0,0.0,100.0,0.0,,,74.0,26.0,,,100.0,25.0,100.0,462.0,26.0,26.0,100.0,0.0,100.0,0.0,200.0,0.0,100.0,1669.0,100.0,18715615560.0,100.0,12564794108.0
2019-02-17,ZJV1CT5H,ST12000NM0007,12000138625024,0,83,222353776,89.0,0.0,100.0,22.0,100.0,0.0,83.0,214929488.0,98,1881,100.0,0.0,100,22,,,,,100.0,0.0,100.0,0.0,,,74.0,26.0,,,100,25,100.0,464.0,26,26,100.0,0.0,100.0,0.0,200.0,0.0,100.0,1700.0,100.0,19071656192.0,100.0,12889101644.0
2019-02-18,ZJV1CT5H,ST12000NM0007,12000138625024,0,79,81052272,89.0,0.0,100.0,22.0,100.0,0.0,83.0,217572820.0,98,1897,100.0,0.0,100,22,,,,,100.0,0.0,100.0,0.0,,,74.0,26.0,,,100,25,100.0,464.0,26,26,100.0,0.0,100.0,0.0,200.0,0.0,100.0,1716.0,100.0,19262381264.0,100.0,13045356444.0
2019-02-19,ZJV1CT5H,ST12000NM0007,12000138625024,0,79,76005792,89.0,0.0,100.0,22.0,100.0,0.0,83.0,222956884.0,98,1928,100.0,0.0,100,22,,,,,100.0,0.0,100.0,0.0,,,73.0,27.0,,,100,25,100.0,466.0,27,27,100.0,0.0,100.0,0.0,200.0,0.0,100.0,1747.0,100.0,19667499368.0,100.0,13367614700.0
2019-02-20,ZJV1CT5H,ST12000NM0007,12000138625024,0,82.0,147613440.0,89.0,0.0,100.0,22.0,100.0,0.0,84.0,225479361.0,98.0,1944.0,100.0,0.0,100.0,22.0,,,,,100.0,0.0,100.0,0.0,,,74.0,26.0,,,100.0,25.0,100.0,466.0,26.0,26.0,100.0,0.0,100.0,0.0,200.0,0.0,100.0,1763.0,100.0,19813360176.0,100.0,13537502388.0
2019-02-21,ZJV1CT5H,ST12000NM0007,12000138625024,0,74,23080488,89.0,0.0,100.0,22.0,100.0,0.0,84.0,230560527.0,98,1977,100.0,0.0,100,22,,,,,100.0,0.0,100.0,0.0,,,74.0,26.0,,,100,26,100.0,468.0,26,26,100.0,0.0,100.0,0.0,200.0,0.0,100.0,1795.0,100.0,20134840640.0,100.0,13823912076.0
2019-02-22,ZJV1CT5H,ST12000NM0007,12000138625024,0,80,89552248,89.0,0.0,100.0,22.0,100.0,0.0,84.0,233143474.0,98,1993,100.0,0.0,100,22,,,,,100.0,0.0,100.0,0.0,,,74.0,26.0,,,100,26,100.0,468.0,26,26,100.0,0.0,100.0,0.0,200.0,0.0,100.0,1812.0,100.0,20312535944.0,100.0,13956829164.0
2019-02-23,ZJV1CT5H,ST12000NM0007,12000138625024,0,78.0,59336200.0,89.0,0.0,100.0,22.0,100.0,0.0,84.0,238565094.0,98.0,2024.0,100.0,0.0,100.0,22.0,,,,,100.0,0.0,100.0,0.0,,,74.0,26.0,,,100.0,27.0,100.0,470.0,26.0,26.0,100.0,0.0,100.0,0.0,200.0,0.0,100.0,1843.0,100.0,20692247288.0,100.0,14279324220.0
2019-02-24,ZJV1CT5H,ST12000NM0007,12000138625024,0,81,124374880,89.0,0.0,100.0,22.0,100.0,0.0,84.0,241175187.0,98,2040,100.0,0.0,100,22,,,,,100.0,0.0,100.0,0.0,,,75.0,25.0,,,100,27,100.0,470.0,25,25,100.0,0.0,100.0,0.0,200.0,0.0,100.0,1859.0,100.0,20871642008.0,100.0,14409108820.0
2019-02-25,ZJV1CT5H,ST12000NM0007,12000138625024,0,66,3745704,89.0,0.0,100.0,22.0,100.0,0.0,84.0,246463043.0,98,2072,100.0,0.0,100,22,,,,,100.0,0.0,100.0,0.0,,,75.0,25.0,,,100,27,100.0,472.0,25,25,100.0,0.0,100.0,0.0,200.0,0.0,100.0,1890.0,100.0,21208593640.0,100.0,14683950204.0
2019-02-26,ZJV1CT5H,ST12000NM0007,12000138625024,0,79,75547248,89.0,0.0,100.0,22.0,100.0,0.0,84.0,249196028.0,98,2088,100.0,0.0,100,22,,,,,100.0,0.0,100.0,0.0,,,75.0,25.0,,,100,27,100.0,472.0,25,25,100.0,0.0,100.0,0.0,200.0,0.0,100.0,1906.0,100.0,21371826280.0,100.0,14836660156.0
2019-02-27,ZJV1CT5H,ST12000NM0007,12000138625024,0,83.0,212127296.0,89.0,0.0,100.0,22.0,100.0,0.0,84.0,254519121.0,98.0,2119.0,100.0,0.0,100.0,22.0,,,,,100.0,0.0,100.0,0.0,,,74.0,26.0,,,100.0,28.0,100.0,474.0,26.0,26.0,100.0,0.0,100.0,0.0,200.0,0.0,100.0,1938.0,100.0,21733383656.0,100.0,15099964252.0
2019-02-28,ZJV1CT5H,ST12000NM0007,12000138625024,0,76,38864088,89.0,0.0,100.0,22.0,100.0,0.0,84.0,257179425.0,98,2135,100.0,0.0,100,22,,,,,100.0,0.0,100.0,0.0,,,75.0,25.0,,,100,28,100.0,474.0,25,25,100.0,0.0,100.0,0.0,200.0,0.0,100.0,1954.0,100.0,21934146920.0,100.0,15214219996.0
2019-03-01,ZJV1CT5H,ST12000NM0007,12000138625024,0,82.0,150218376.0,89.0,0.0,100.0,22.0,100.0,0.0,84.0,262228730.0,98.0,2167.0,100.0,0.0,100.0,22.0,,,,,100.0,0.0,100.0,0.0,,,75.0,25.0,,,100.0,29.0,100.0,476.0,25.0,25.0,100.0,0.0,100.0,0.0,200.0,0.0,100.0,1985.0,100.0,22273290856.0,100.0,15474712108.0
2019-03-02,ZJV1CT5H,ST12000NM0007,12000138625024,0,83.0,223292176.0,89.0,0.0,100.0,22.0,100.0,0.0,84.0,264870325.0,98.0,2183.0,100.0,0.0,100.0,22.0,,,,,100.0,0.0,100.0,0.0,,,75.0,25.0,,,100.0,29.0,100.0,477.0,25.0,25.0,100.0,0.0,100.0,0.0,200.0,0.0,100.0,2001.0,100.0,22437491144.0,100.0,15627726484.0
2019-03-03,ZJV1CT5H,ST12000NM0007,12000138625024,0,82.0,143215568.0,89.0,0.0,100.0,22.0,100.0,0.0,84.0,270393540.0,98.0,2215.0,100.0,0.0,100.0,22.0,,,,,100.0,0.0,100.0,0.0,,,75.0,25.0,,,100.0,29.0,100.0,478.0,25.0,25.0,100.0,0.0,100.0,0.0,200.0,0.0,100.0,2033.0,100.0,22770776888.0,100.0,15946786580.0
2019-03-04,ZJV1CT5H,ST12000NM0007,12000138625024,0,84,226368640,89.0,0.0,100.0,22.0,100.0,0.0,84.0,273103538.0,98,2231,100.0,0.0,100,22,,,,,100.0,0.0,100.0,0.0,,,75.0,25.0,,,100,29,100.0,479.0,25,25,100.0,0.0,100.0,0.0,200.0,0.0,100.0,2048.0,100.0,22962082128.0,100.0,16082775052.0
2019-03-05,ZJV1CT5H,ST12000NM0007,12000138625024,0,81.0,125084160.0,89.0,0.0,100.0,22.0,100.0,0.0,84.0,278232834.0,98.0,2262.0,100.0,0.0,100.0,22.0,,,,,100.0,0.0,100.0,0.0,,,75.0,25.0,,,100.0,29.0,100.0,480.0,25.0,25.0,100.0,0.0,100.0,0.0,200.0,0.0,100.0,2080.0,100.0,23291910544.0,100.0,16384084716.0
2019-03-06,ZJV1CT5H,ST12000NM0007,12000138625024,0,83.0,203187040.0,89.0,0.0,100.0,22.0,100.0,0.0,84.0,280846641.0,98.0,2278.0,100.0,0.0,100.0,22.0,,,,,100.0,0.0,100.0,0.0,,,75.0,25.0,,,100.0,29.0,100.0,481.0,25.0,25.0,100.0,0.0,100.0,0.0,200.0,0.0,100.0,2095.0,100.0,23470794712.0,100.0,16527444260.0
2019-03-07,ZJV1CT5H,ST12000NM0007,12000138625024,0,79.0,87487800.0,89.0,0.0,100.0,22.0,100.0,0.0,85.0,286273862.0,98.0,2310.0,100.0,0.0,100.0,22.0,,,,,100.0,0.0,100.0,0.0,,,75.0,25.0,,,100.0,30.0,100.0,482.0,25.0,25.0,100.0,0.0,100.0,0.0,200.0,0.0,100.0,2127.0,100.0,23738714816.0,100.0,16876247164.0
2019-03-08,ZJV1CT5H,ST12000NM0007,12000138625024,0,81.0,118432800.0,89.0,0.0,100.0,22.0,100.0,0.0,85.0,288638058.0,98.0,2326.0,100.0,0.0,100.0,22.0,,,,,100.0,0.0,100.0,0.0,,,76.0,24.0,,,100.0,30.0,100.0,483.0,24.0,24.0,100.0,0.0,100.0,0.0,200.0,0.0,100.0,2143.0,100.0,23888833288.0,100.0,17001214468.0
2019-03-09,ZJV1CT5H,ST12000NM0007,12000138625024,0,84.0,241884344.0,89.0,0.0,100.0,22.0,100.0,0.0,85.0,293845512.0,98.0,2358.0,100.0,0.0,100.0,22.0,,,,,100.0,0.0,100.0,0.0,,,76.0,24.0,,,100.0,30.0,100.0,484.0,24.0,24.0,100.0,0.0,100.0,0.0,200.0,0.0,100.0,2175.0,100.0,24213914816.0,100.0,17287866004.0
2019-03-10,ZJV1CT5H,ST12000NM0007,12000138625024,0,79.0,76718480.0,89.0,0.0,100.0,22.0,100.0,0.0,85.0,296654156.0,98.0,2374.0,100.0,0.0,100.0,22.0,,,,,100.0,0.0,100.0,0.0,,,76.0,24.0,,,100.0,30.0,100.0,485.0,24.0,24.0,100.0,0.0,100.0,0.0,200.0,0.0,100.0,2191.0,100.0,24375658088.0,100.0,17449238220.0
2019-03-11,ZJV1CT5H,ST12000NM0007,12000138625024,0,83.0,178895336.0,89.0,0.0,100.0,22.0,100.0,0.0,85.0,301579744.0,98.0,2406.0,100.0,0.0,100.0,22.0,,,,,100.0,0.0,100.0,0.0,,,75.0,25.0,,,100.0,30.0,100.0,486.0,25.0,25.0,100.0,0.0,100.0,0.0,200.0,0.0,100.0,2222.0,100.0,24693852264.0,100.0,17721502212.0
2019-03-12,ZJV1CT5H,ST12000NM0007,12000138625024,0,72.0,15273544.0,89.0,0.0,100.0,22.0,100.0,0.0,85.0,304192326.0,98.0,2422.0,100.0,0.0,100.0,22.0,,,,,100.0,0.0,100.0,0.0,,,76.0,24.0,,,100.0,31.0,100.0,487.0,24.0,24.0,100.0,0.0,100.0,0.0,200.0,0.0,100.0,2238.0,100.0,24841445168.0,100.0,17898569084.0
2019-03-13,ZJV1CT5H,ST12000NM0007,12000138625024,0,82.0,144803744.0,89.0,0.0,100.0,22.0,100.0,0.0,85.0,309510559.0,98.0,2454.0,100.0,0.0,100.0,22.0,,,,,100.0,0.0,100.0,0.0,,,75.0,25.0,,,100.0,31.0,100.0,488.0,25.0,25.0,100.0,0.0,100.0,0.0,200.0,0.0,100.0,2270.0,100.0,25187707168.0,100.0,18170118676.0
2019-03-14,ZJV1CT5H,ST12000NM0007,12000138625024,0,84.0,225407800.0,89.0,0.0,100.0,22.0,100.0,0.0,85.0,312200459.0,98.0,2469.0,100.0,0.0,100.0,22.0,,,,,100.0,0.0,100.0,0.0,,,76.0,24.0,,,100.0,31.0,100.0,489.0,24.0,24.0,100.0,0.0,100.0,0.0,200.0,0.0,100.0,2286.0,100.0,25346265504.0,100.0,18336305268.0
2019-03-15,ZJV1CT5H,ST12000NM0007,12000138625024,0,79.0,83197016.0,89.0,0.0,100.0,22.0,100.0,0.0,85.0,317617446.0,98.0,2501.0,100.0,0.0,100.0,22.0,,,,,100.0,0.0,100.0,0.0,,,75.0,25.0,,,100.0,31.0,100.0,490.0,25.0,25.0,100.0,0.0,100.0,0.0,200.0,0.0,100.0,2317.0,100.0,25672451232.0,100.0,18600331212.0
2019-03-16,ZJV1CT5H,ST12000NM0007,12000138625024,0,80.0,99532912.0,89.0,0.0,100.0,22.0,100.0,0.0,85.0,320260849.0,98.0,2517.0,100.0,0.0,100.0,22.0,,,,,100.0,0.0,100.0,0.0,,,76.0,24.0,,,100.0,31.0,100.0,491.0,24.0,24.0,100.0,0.0,100.0,0.0,200.0,0.0,100.0,2333.0,100.0,25813733048.0,100.0,18719526132.0
2019-03-17,ZJV1CT5H,ST12000NM0007,12000138625024,0,82.0,166429128.0,89.0,0.0,100.0,22.0,100.0,0.0,85.0,325931776.0,98.0,2549.0,100.0,0.0,100.0,22.0,,,,,100.0,0.0,100.0,0.0,,,75.0,25.0,,,100.0,32.0,100.0,492.0,25.0,25.0,100.0,0.0,100.0,0.0,200.0,0.0,100.0,2365.0,100.0,26072291584.0,100.0,19016145108.0
2019-03-18,ZJV1CT5H,ST12000NM0007,12000138625024,0,83.0,196779680.0,89.0,0.0,100.0,22.0,100.0,0.0,85.0,331267542.0,98.0,2580.0,100.0,0.0,100.0,22.0,,,,,100.0,0.0,100.0,0.0,,,75.0,25.0,,,100.0,33.0,100.0,494.0,25.0,25.0,100.0,0.0,100.0,0.0,200.0,0.0,100.0,2396.0,100.0,26311456440.0,100.0,19295612404.0
2019-03-19,ZJV1CT5H,ST12000NM0007,12000138625024,0,70.0,9246600.0,89.0,0.0,100.0,22.0,100.0,0.0,85.0,334328916.0,98.0,2597.0,100.0,0.0,100.0,22.0,,,,,100.0,0.0,100.0,0.0,,,75.0,25.0,,,100.0,33.0,100.0,494.0,25.0,25.0,100.0,0.0,100.0,0.0,200.0,0.0,100.0,2412.0,100.0,26444564256.0,100.0,19463253516.0
2019-03-20,ZJV1CT5H,ST12000NM0007,12000138625024,0,77.0,49207656.0,89.0,0.0,100.0,22.0,100.0,0.0,85.0,337384306.0,98.0,2613.0,100.0,0.0,100.0,22.0,,,,,100.0,0.0,100.0,0.0,,,75.0,25.0,,,100.0,34.0,100.0,495.0,25.0,25.0,100.0,0.0,100.0,0.0,200.0,0.0,100.0,2428.0,100.0,26607559408.0,100.0,19584360284.0
2019-03-21,ZJV1CT5H,ST12000NM0007,12000138625024,0,69.0,7993608.0,89.0,0.0,100.0,22.0,100.0,0.0,85.0,342062169.0,97.0,2645.0,100.0,0.0,100.0,22.0,,,,,100.0,0.0,100.0,0.0,,,74.0,26.0,,,100.0,34.0,100.0,496.0,26.0,26.0,100.0,0.0,100.0,0.0,200.0,0.0,100.0,2460.0,100.0,26842819312.0,100.0,19796167932.0
2019-03-22,ZJV1CT5H,ST12000NM0007,12000138625024,0,82.0,173522704.0,89.0,0.0,100.0,22.0,100.0,0.0,85.0,347303681.0,97.0,2676.0,100.0,0.0,100.0,22.0,,,,,100.0,0.0,100.0,0.0,,,75.0,25.0,,,100.0,34.0,100.0,498.0,25.0,25.0,100.0,0.0,100.0,0.0,200.0,0.0,100.0,2492.0,100.0,27023311880.0,100.0,20025345340.0
2019-03-23,ZJV1CT5H,ST12000NM0007,12000138625024,0,82.0,162767256.0,89.0,0.0,100.0,22.0,100.0,0.0,85.0,349713339.0,97.0,2692.0,100.0,0.0,100.0,22.0,,,,,100.0,0.0,100.0,0.0,,,75.0,25.0,,,100.0,34.0,100.0,498.0,25.0,25.0,100.0,0.0,100.0,0.0,200.0,0.0,100.0,2508.0,100.0,27115427688.0,100.0,20166614892.0
2019-03-24,ZJV1CT5H,ST12000NM0007,12000138625024,0,81.0,126824144.0,89.0,0.0,100.0,22.0,100.0,0.0,85.0,354334426.0,97.0,2724.0,100.0,0.0,100.0,22.0,,,,,100.0,0.0,100.0,0.0,,,75.0,25.0,,,100.0,35.0,100.0,500.0,25.0,25.0,100.0,0.0,100.0,0.0,200.0,0.0,100.0,2539.0,100.0,27326227000.0,100.0,20408154244.0
2019-03-25,ZJV1CT5H,ST12000NM0007,12000138625024,0,77.0,50908968.0,89.0,0.0,100.0,22.0,100.0,0.0,86.0,356123548.0,97.0,2740.0,100.0,0.0,100.0,22.0,,,,,100.0,0.0,100.0,0.0,,,75.0,25.0,,,100.0,35.0,100.0,500.0,25.0,25.0,100.0,0.0,100.0,0.0,200.0,0.0,100.0,2555.0,100.0,27388802320.0,100.0,20513804876.0
2019-03-26,ZJV1CT5H,ST12000NM0007,12000138625024,0,82.0,152273800.0,89.0,0.0,100.0,22.0,100.0,0.0,86.0,360461703.0,97.0,2772.0,100.0,0.0,100.0,22.0,,,,,100.0,0.0,100.0,0.0,,,75.0,25.0,,,100.0,37.0,100.0,502.0,25.0,25.0,100.0,0.0,100.0,0.0,200.0,0.0,100.0,2587.0,100.0,27513845592.0,100.0,20734267516.0
2019-03-27,ZJV1CT5H,ST12000NM0007,12000138625024,0,81.0,128886232.0,89.0,0.0,100.0,22.0,100.0,0.0,86.0,362630095.0,97.0,2788.0,100.0,0.0,100.0,22.0,,,,,100.0,0.0,100.0,0.0,,,75.0,25.0,,,100.0,37.0,100.0,502.0,25.0,25.0,100.0,0.0,100.0,0.0,200.0,0.0,100.0,2603.0,100.0,27624814896.0,100.0,20844051308.0
2019-03-28,ZJV1CT5H,ST12000NM0007,12000138625024,0,76.0,41121512.0,89.0,0.0,100.0,22.0,100.0,0.0,86.0,366909082.0,97.0,2820.0,100.0,0.0,100.0,22.0,,,,,100.0,0.0,100.0,0.0,,,75.0,25.0,,,100.0,37.0,100.0,504.0,25.0,25.0,100.0,0.0,100.0,0.0,200.0,0.0,100.0,2634.0,100.0,27815307856.0,100.0,21054075348.0
2019-03-29,ZJV1CT5H,ST12000NM0007,12000138625024,0,83.0,210972880.0,89.0,0.0,100.0,22.0,100.0,0.0,86.0,368922072.0,97.0,2836.0,100.0,0.0,100.0,22.0,,,,,100.0,0.0,100.0,0.0,,,75.0,25.0,,,100.0,37.0,100.0,504.0,25.0,25.0,100.0,0.0,100.0,0.0,200.0,0.0,100.0,2650.0,100.0,27892244168.0,100.0,21146990404.0
2019-03-30,ZJV1CT5H,ST12000NM0007,12000138625024,0,81.0,130975536.0,89.0,0.0,100.0,22.0,100.0,0.0,86.0,373404774.0,97.0,2867.0,100.0,0.0,100.0,22.0,,,,,100.0,0.0,100.0,0.0,,,75.0,25.0,,,100.0,38.0,100.0,506.0,25.0,25.0,100.0,0.0,100.0,0.0,200.0,0.0,100.0,2682.0,100.0,28070118936.0,100.0,21377400188.0
2019-03-31,ZJV1CT5H,ST12000NM0007,12000138625024,0,78.0,67845808.0,89.0,0.0,100.0,22.0,100.0,0.0,86.0,375400717.0,97.0,2883.0,100.0,0.0,100.0,22.0,,,,,100.0,0.0,100.0,0.0,,,75.0,25.0,,,100.0,38.0,100.0,506.0,25.0,25.0,100.0,0.0,100.0,0.0,200.0,0.0,100.0,2698.0,100.0,28144696128.0,100.0,21483835380.0
2019-04-01,ZJV1CT5H,ST12000NM0007,12000138625024,0,69.0,7239760.0,89.0,0.0,100.0,22.0,100.0,0.0,86.0,379543579.0,97.0,2915.0,100.0,0.0,100.0,22.0,,,,,100.0,0.0,100.0,0.0,,,75.0,25.0,,,100.0,38.0,100.0,508.0,25.0,25.0,100.0,0.0,100.0,0.0,200.0,0.0,100.0,2729.0,100.0,28314437800.0,100.0,21741769084.0
2019-04-02,ZJV1CT5H,ST12000NM0007,12000138625024,0,83.0,192786968.0,89.0,0.0,100.0,22.0,100.0,0.0,86.0,381781030.0,97.0,2931.0,100.0,0.0,100.0,22.0,,,,,100.0,0.0,100.0,0.0,,,75.0,25.0,,,100.0,38.0,100.0,508.0,25.0,25.0,100.0,0.0,100.0,0.0,200.0,0.0,100.0,2745.0,100.0,28380322904.0,100.0,21861431188.0
2019-04-03,ZJV1CT5H,ST12000NM0007,12000138625024,0,79.0,78913152.0,89.0,0.0,100.0,22.0,100.0,0.0,86.0,386080314.0,97.0,2962.0,100.0,0.0,100.0,22.0,,,,,100.0,0.0,100.0,0.0,,,75.0,25.0,,,100.0,39.0,100.0,510.0,25.0,25.0,100.0,0.0,100.0,0.0,200.0,0.0,100.0,2776.0,100.0,28567210368.0,100.0,22048951468.0
2019-04-04,ZJV1CT5H,ST12000NM0007,12000138625024,0,76.0,37985608.0,89.0,0.0,100.0,22.0,100.0,0.0,86.0,388419666.0,97.0,2978.0,100.0,0.0,100.0,22.0,,,,,100.0,0.0,100.0,0.0,,,76.0,24.0,,,100.0,39.0,100.0,510.0,24.0,24.0,100.0,0.0,100.0,0.0,200.0,0.0,100.0,2792.0,100.0,28686632880.0,100.0,22132742132.0
2019-04-05,ZJV1CT5H,ST12000NM0007,12000138625024,0,82.0,169546864.0,89.0,0.0,100.0,22.0,100.0,0.0,86.0,392728819.0,97.0,3010.0,100.0,0.0,100.0,22.0,,,,,100.0,0.0,100.0,0.0,,,76.0,24.0,,,100.0,39.0,100.0,512.0,24.0,24.0,100.0,0.0,100.0,0.0,200.0,0.0,100.0,2823.0,100.0,28886272600.0,100.0,22308804612.0
2019-04-06,ZJV1CT5H,ST12000NM0007,12000138625024,0,79.0,77535400.0,89.0,0.0,100.0,22.0,100.0,0.0,86.0,394562073.0,97.0,3026.0,100.0,0.0,100.0,22.0,,,,,100.0,0.0,100.0,0.0,,,77.0,23.0,,,100.0,39.0,100.0,512.0,23.0,23.0,100.0,0.0,100.0,0.0,200.0,0.0,100.0,2839.0,100.0,28899499944.0,100.0,22447706540.0
2019-04-07,ZJV1CT5H,ST12000NM0007,12000138625024,0,83.0,181755608.0,89.0,0.0,100.0,22.0,100.0,0.0,86.0,398081617.0,97.0,3057.0,100.0,0.0,100.0,22.0,,,,,100.0,0.0,100.0,0.0,,,76.0,24.0,,,100.0,40.0,100.0,514.0,24.0,24.0,100.0,0.0,100.0,0.0,200.0,0.0,100.0,2871.0,100.0,29019004080.0,100.0,22676563684.0
2019-04-08,ZJV1CT5H,ST12000NM0007,12000138625024,0,81.0,113837016.0,89.0,0.0,100.0,22.0,100.0,0.0,86.0,399923651.0,97.0,3073.0,100.0,0.0,100.0,22.0,,,,,100.0,0.0,100.0,0.0,,,76.0,24.0,,,100.0,40.0,100.0,514.0,24.0,24.0,100.0,0.0,100.0,0.0,200.0,0.0,100.0,2887.0,100.0,29091263816.0,100.0,22780526100.0
2019-04-09,ZJV1CT5H,ST12000NM0007,12000138625024,0,84.0,224344216.0,89.0,0.0,100.0,22.0,100.0,0.0,86.0,405309544.0,97.0,3105.0,100.0,0.0,100.0,22.0,,,,,100.0,0.0,100.0,0.0,,,75.0,25.0,,,100.0,41.0,100.0,515.0,25.0,25.0,100.0,0.0,100.0,0.0,200.0,0.0,100.0,2918.0,100.0,29197225200.0,100.0,23029212548.0
2019-04-10,ZJV1CT5H,ST12000NM0007,12000138625024,0,81.0,137692208.0,89.0,0.0,100.0,22.0,100.0,0.0,86.0,407944325.0,97.0,3121.0,100.0,0.0,100.0,22.0,,,,,100.0,0.0,100.0,0.0,,,76.0,24.0,,,100.0,42.0,100.0,516.0,24.0,24.0,100.0,0.0,100.0,0.0,200.0,0.0,100.0,2934.0,100.0,29242940312.0,100.0,23140986108.0
2019-04-11,ZJV1CT5H,ST12000NM0007,12000138625024,0,72.0,15244232.0,89.0,0.0,100.0,22.0,100.0,0.0,86.0,411919774.0,97.0,3153.0,100.0,0.0,100.0,22.0,,,,,100.0,0.0,100.0,0.0,,,75.0,25.0,,,100.0,43.0,100.0,517.0,25.0,25.0,100.0,0.0,100.0,0.0,200.0,0.0,100.0,2966.0,100.0,29358623480.0,100.0,23391136540.0
2019-04-12,ZJV1CT5H,ST12000NM0007,12000138625024,0,82.0,159104200.0,89.0,0.0,100.0,22.0,100.0,0.0,86.0,416105128.0,97.0,3184.0,100.0,0.0,100.0,22.0,,,,,100.0,0.0,100.0,0.0,,,75.0,25.0,,,100.0,44.0,100.0,519.0,25.0,25.0,100.0,0.0,100.0,0.0,200.0,0.0,100.0,2997.0,100.0,29527964456.0,100.0,23609796204.0
2019-04-13,ZJV1CT5H,ST12000NM0007,12000138625024,0,82.0,148712024.0,89.0,0.0,100.0,22.0,100.0,0.0,86.0,418696861.0,97.0,3200.0,100.0,0.0,100.0,22.0,,,,,100.0,0.0,100.0,0.0,,,75.0,25.0,,,100.0,44.0,100.0,519.0,25.0,25.0,100.0,0.0,100.0,0.0,200.0,0.0,100.0,3013.0,100.0,29617026880.0,100.0,23754482260.0
2019-04-14,ZJV1CT5H,ST12000NM0007,12000138625024,0,81.0,119039920.0,89.0,0.0,100.0,22.0,100.0,0.0,86.0,423530542.0,97.0,3232.0,100.0,0.0,100.0,22.0,,,,,100.0,0.0,100.0,0.0,,,75.0,25.0,,,100.0,45.0,100.0,521.0,25.0,25.0,100.0,0.0,100.0,0.0,200.0,0.0,100.0,3044.0,100.0,29820228776.0,100.0,24009889692.0
2019-04-15,ZJV1CT5H,ST12000NM0007,12000138625024,0,79.0,82266912.0,89.0,0.0,100.0,22.0,100.0,0.0,86.0,425660684.0,97.0,3248.0,100.0,0.0,100.0,22.0,,,,,100.0,0.0,100.0,0.0,,,75.0,25.0,,,100.0,45.0,100.0,521.0,25.0,25.0,100.0,0.0,100.0,0.0,200.0,0.0,100.0,3060.0,100.0,29909992328.0,100.0,24127493764.0
2019-04-16,ZJV1CT5H,ST12000NM0007,12000138625024,0,84.0,236542544.0,89.0,0.0,100.0,22.0,100.0,0.0,86.0,430281428.0,97.0,3279.0,100.0,0.0,100.0,22.0,,,,,100.0,0.0,100.0,0.0,,,75.0,25.0,,,100.0,45.0,100.0,523.0,25.0,25.0,100.0,0.0,100.0,0.0,200.0,0.0,100.0,3092.0,100.0,30084536936.0,100.0,24351365540.0
2019-04-17,ZJV1CT5H,ST12000NM0007,12000138625024,0,83.0,181308056.0,89.0,0.0,100.0,22.0,100.0,0.0,86.0,433398453.0,97.0,3295.0,100.0,0.0,100.0,22.0,,,,,100.0,0.0,100.0,0.0,,,75.0,25.0,,,100.0,45.0,100.0,523.0,25.0,25.0,100.0,0.0,100.0,0.0,200.0,0.0,100.0,3108.0,100.0,30148250904.0,100.0,24476557780.0
2019-04-18,ZJV1CT5H,ST12000NM0007,12000138625024,0,77.0,50496960.0,89.0,0.0,100.0,22.0,100.0,0.0,86.0,438144501.0,97.0,3327.0,100.0,0.0,100.0,22.0,,,,,100.0,0.0,100.0,0.0,,,75.0,25.0,,,100.0,46.0,100.0,526.0,25.0,25.0,100.0,0.0,100.0,0.0,200.0,0.0,100.0,3139.0,100.0,30280294064.0,100.0,24701985228.0
2019-04-19,ZJV1CT5H,ST12000NM0007,12000138625024,0,84.0,236138840.0,89.0,0.0,100.0,22.0,100.0,0.0,86.0,440103399.0,97.0,3343.0,100.0,0.0,100.0,22.0,,,,,100.0,0.0,100.0,0.0,,,74.0,26.0,,,100.0,46.0,100.0,526.0,26.0,26.0,100.0,0.0,100.0,0.0,200.0,0.0,100.0,3155.0,100.0,30352172984.0,100.0,24815748188.0
2019-04-20,ZJV1CT5H,ST12000NM0007,12000138625024,0,81.0,136101080.0,89.0,0.0,100.0,22.0,100.0,0.0,86.0,445267758.0,97.0,3375.0,100.0,0.0,100.0,22.0,,,,,100.0,0.0,100.0,0.0,,,75.0,25.0,,,100.0,46.0,100.0,528.0,25.0,25.0,100.0,0.0,100.0,0.0,200.0,0.0,100.0,3186.0,100.0,30500620912.0,100.0,25055543988.0
2019-04-21,ZJV1CT5H,ST12000NM0007,12000138625024,0,77.0,51582696.0,89.0,0.0,100.0,22.0,100.0,0.0,87.0,446862980.0,97.0,3390.0,100.0,0.0,100.0,22.0,,,,,100.0,0.0,100.0,0.0,,,75.0,25.0,,,100.0,46.0,100.0,528.0,25.0,25.0,100.0,0.0,100.0,0.0,200.0,0.0,100.0,3202.0,100.0,30550389816.0,100.0,25165397788.0
2019-04-22,ZJV1CT5H,ST12000NM0007,12000138625024,0,82.0,159224440.0,89.0,0.0,100.0,22.0,100.0,0.0,87.0,450676503.0,97.0,3422.0,100.0,0.0,100.0,22.0,,,,,100.0,0.0,100.0,0.0,,,75.0,25.0,,,100.0,47.0,100.0,530.0,25.0,25.0,100.0,0.0,100.0,0.0,200.0,0.0,100.0,3234.0,100.0,30658079072.0,100.0,25409491220.0
2019-04-23,ZJV1CT5H,ST12000NM0007,12000138625024,0,78.0,69385776.0,89.0,0.0,100.0,22.0,100.0,0.0,87.0,452179110.0,97.0,3438.0,100.0,0.0,100.0,22.0,,,,,100.0,0.0,100.0,0.0,,,75.0,25.0,,,100.0,47.0,100.0,530.0,25.0,25.0,100.0,0.0,100.0,0.0,200.0,0.0,100.0,3249.0,100.0,30710004792.0,100.0,25511867524.0
2019-04-24,ZJV1CT5H,ST12000NM0007,12000138625024,0,84.0,236726760.0,89.0,0.0,100.0,22.0,100.0,0.0,87.0,453845147.0,97.0,3454.0,100.0,0.0,100.0,22.0,,,,,100.0,0.0,100.0,0.0,,,75.0,25.0,,,100.0,48.0,100.0,531.0,25.0,25.0,100.0,0.0,100.0,0.0,200.0,0.0,100.0,3265.0,100.0,30779717704.0,100.0,25609495596.0
2019-04-25,ZJV1CT5H,ST12000NM0007,12000138625024,0,76.0,41535608.0,89.0,0.0,100.0,22.0,100.0,0.0,87.0,456908242.0,97.0,3486.0,100.0,0.0,100.0,22.0,,,,,100.0,0.0,100.0,0.0,,,75.0,25.0,,,100.0,49.0,100.0,533.0,25.0,25.0,100.0,0.0,100.0,0.0,200.0,0.0,100.0,3297.0,100.0,30874796024.0,100.0,25807507524.0
2019-04-26,ZJV1CT5H,ST12000NM0007,12000138625024,0,80.0,97420536.0,89.0,0.0,100.0,22.0,100.0,0.0,87.0,460258703.0,96.0,3517.0,100.0,0.0,100.0,22.0,,,,,100.0,0.0,100.0,0.0,,,74.0,26.0,,,100.0,49.0,100.0,534.0,26.0,26.0,100.0,0.0,100.0,0.0,200.0,0.0,100.0,3328.0,100.0,30981327336.0,100.0,26001001900.0
2019-04-27,ZJV1CT5H,ST12000NM0007,12000138625024,0,73.0,19837016.0,89.0,0.0,100.0,22.0,100.0,0.0,87.0,462530930.0,96.0,3533.0,100.0,0.0,100.0,22.0,,,,,100.0,0.0,100.0,0.0,,,75.0,25.0,,,100.0,49.0,100.0,535.0,25.0,25.0,100.0,0.0,100.0,0.0,200.0,0.0,100.0,3344.0,100.0,31030462584.0,100.0,26118423820.0
2019-04-28,ZJV1CT5H,ST12000NM0007,12000138625024,0,79.0,84059792.0,89.0,0.0,100.0,22.0,100.0,0.0,87.0,466665267.0,96.0,3565.0,100.0,0.0,100.0,22.0,,,,,100.0,0.0,100.0,0.0,,,75.0,25.0,,,100.0,50.0,100.0,536.0,25.0,25.0,100.0,0.0,100.0,0.0,200.0,0.0,100.0,3375.0,100.0,31140981944.0,100.0,26316268108.0
2019-04-29,ZJV1CT5H,ST12000NM0007,12000138625024,0,68.0,6470224.0,89.0,0.0,100.0,22.0,100.0,0.0,87.0,468388329.0,96.0,3581.0,100.0,0.0,100.0,22.0,,,,,100.0,0.0,100.0,0.0,,,74.0,26.0,,,100.0,50.0,100.0,537.0,26.0,26.0,100.0,0.0,100.0,0.0,200.0,0.0,100.0,3391.0,100.0,31206319024.0,100.0,26417482340.0
2019-04-30,ZJV1CT5H,ST12000NM0007,12000138625024,0,79.0,83905640.0,89.0,0.0,100.0,22.0,100.0,0.0,87.0,472344567.0,96.0,3612.0,100.0,0.0,100.0,22.0,,,,,100.0,0.0,100.0,0.0,,,75.0,25.0,,,100.0,50.0,100.0,538.0,25.0,25.0,100.0,0.0,100.0,0.0,200.0,0.0,100.0,3423.0,100.0,31331817216.0,100.0,26613560196.0
2019-05-01,ZJV1CT5H,ST12000NM0007,12000138625024,0,83.0,217588800.0,89.0,0.0,100.0,22.0,100.0,0.0,87.0,473979941.0,96.0,3628.0,100.0,0.0,100.0,22.0,,,,,100.0,0.0,100.0,0.0,,,75.0,25.0,,,100.0,50.0,100.0,539.0,25.0,25.0,100.0,0.0,100.0,0.0,200.0,0.0,100.0,3438.0,100.0,31387104280.0,100.0,26691956292.0
2019-05-02,ZJV1CT5H,ST12000NM0007,12000138625024,0,70.0,9124968.0,89.0,0.0,100.0,22.0,100.0,0.0,87.0,477332170.0,96.0,3660.0,100.0,0.0,100.0,22.0,,,,,100.0,0.0,100.0,0.0,,,74.0,26.0,,,100.0,50.0,100.0,541.0,26.0,26.0,100.0,0.0,100.0,0.0,200.0,0.0,100.0,3470.0,100.0,31495720472.0,100.0,26863157644.0
2019-05-03,ZJV1CT5H,ST12000NM0007,12000138625024,0,79.0,86296928.0,89.0,0.0,100.0,22.0,100.0,0.0,87.0,481154133.0,96.0,3691.0,100.0,0.0,100.0,22.0,,,,,100.0,0.0,100.0,0.0,,,75.0,25.0,,,100.0,50.0,100.0,542.0,25.0,25.0,100.0,0.0,100.0,0.0,200.0,0.0,100.0,3501.0,100.0,31630092080.0,100.0,27050098916.0
2019-05-04,ZJV1CT5H,ST12000NM0007,12000138625024,0,84.0,242426240.0,89.0,0.0,100.0,22.0,100.0,0.0,87.0,483591764.0,96.0,3707.0,100.0,0.0,100.0,22.0,,,,,100.0,0.0,100.0,0.0,,,75.0,25.0,,,100.0,50.0,100.0,542.0,25.0,25.0,100.0,0.0,100.0,0.0,200.0,0.0,100.0,3517.0,100.0,31682587432.0,100.0,27153732876.0
2019-05-05,ZJV1CT5H,ST12000NM0007,12000138625024,0,81.0,114908400.0,89.0,0.0,100.0,22.0,100.0,0.0,87.0,487908937.0,96.0,3739.0,100.0,0.0,100.0,22.0,,,,,100.0,0.0,100.0,0.0,,,75.0,25.0,,,100.0,51.0,100.0,544.0,25.0,25.0,100.0,0.0,100.0,0.0,200.0,0.0,100.0,3549.0,100.0,31867229800.0,100.0,27329854412.0
2019-05-06,ZJV1CT5H,ST12000NM0007,12000138625024,0,75.0,30101360.0,89.0,0.0,100.0,22.0,100.0,0.0,87.0,489912589.0,96.0,3755.0,100.0,0.0,100.0,22.0,,,,,100.0,0.0,100.0,0.0,,,75.0,25.0,,,100.0,51.0,100.0,544.0,25.0,25.0,100.0,0.0,100.0,0.0,200.0,0.0,100.0,3564.0,100.0,31933124176.0,100.0,27423295108.0
2019-05-07,ZJV1CT5H,ST12000NM0007,12000138625024,0,79.0,83324808.0,89.0,0.0,100.0,22.0,100.0,0.0,87.0,494215571.0,96.0,3786.0,100.0,0.0,100.0,22.0,,,,,100.0,0.0,100.0,0.0,,,75.0,25.0,,,100.0,53.0,100.0,546.0,25.0,25.0,100.0,0.0,100.0,0.0,200.0,0.0,100.0,3596.0,100.0,32038850952.0,100.0,27614932588.0
2019-05-08,ZJV1CT5H,ST12000NM0007,12000138625024,0,75.0,31659752.0,89.0,0.0,100.0,22.0,100.0,0.0,87.0,496918463.0,96.0,3802.0,100.0,0.0,100.0,22.0,,,,,100.0,0.0,100.0,0.0,,,75.0,25.0,,,100.0,53.0,100.0,546.0,25.0,25.0,100.0,0.0,100.0,0.0,200.0,0.0,100.0,3612.0,100.0,32096998296.0,100.0,27749260924.0
2019-05-09,ZJV1CT5H,ST12000NM0007,12000138625024,0,79.0,78518040.0,89.0,0.0,100.0,22.0,100.0,0.0,87.0,500008252.0,96.0,3834.0,100.0,0.0,100.0,22.0,,,,,100.0,0.0,100.0,0.0,,,75.0,25.0,,,100.0,54.0,100.0,548.0,25.0,25.0,100.0,0.0,100.0,0.0,200.0,0.0,100.0,3643.0,100.0,32161557216.0,100.0,27975700948.0
2019-05-10,ZJV1CT5H,ST12000NM0007,12000138625024,0,83.0,201431152.0,89.0,0.0,100.0,22.0,100.0,0.0,87.0,501371103.0,96.0,3850.0,100.0,0.0,100.0,22.0,,,,,100.0,0.0,100.0,0.0,,,75.0,25.0,,,100.0,54.0,100.0,548.0,25.0,25.0,100.0,0.0,100.0,0.0,200.0,0.0,100.0,3659.0,100.0,32190826872.0,100.0,28069344404.0
2019-05-11,ZJV1CT5H,ST12000NM0007,12000138625024,0,76.0,44168136.0,89.0,0.0,100.0,22.0,100.0,0.0,87.0,505529457.0,96.0,3882.0,100.0,0.0,100.0,22.0,,,,,100.0,0.0,100.0,0.0,,,75.0,25.0,,,100.0,54.0,100.0,550.0,25.0,25.0,100.0,0.0,100.0,0.0,200.0,0.0,100.0,3691.0,100.0,32256261992.0,100.0,28334927716.0
2019-05-12,ZJV1CT5H,ST12000NM0007,12000138625024,0,82.0,174719600.0,89.0,0.0,100.0,22.0,100.0,0.0,87.0,506973981.0,96.0,3897.0,100.0,0.0,100.0,22.0,,,,,100.0,0.0,100.0,0.0,,,75.0,25.0,,,100.0,54.0,100.0,550.0,25.0,25.0,100.0,0.0,100.0,0.0,200.0,0.0,100.0,3707.0,100.0,32285238384.0,100.0,28436502788.0
2019-05-13,ZJV1CT5H,ST12000NM0007,12000138625024,0,76.0,36414752.0,89.0,0.0,100.0,22.0,100.0,0.0,87.0,511099304.0,96.0,3929.0,100.0,0.0,100.0,22.0,,,,,100.0,0.0,100.0,0.0,,,75.0,25.0,,,100.0,54.0,100.0,552.0,25.0,25.0,100.0,0.0,100.0,0.0,200.0,0.0,100.0,3738.0,100.0,32385678416.0,100.0,28686039692.0
2019-05-14,ZJV1CT5H,ST12000NM0007,12000138625024,0,83.0,183493632.0,89.0,0.0,100.0,22.0,100.0,0.0,87.0,512867515.0,96.0,3945.0,100.0,0.0,100.0,22.0,,,,,100.0,0.0,100.0,0.0,,,74.0,26.0,,,100.0,54.0,100.0,552.0,26.0,26.0,100.0,0.0,100.0,0.0,200.0,0.0,100.0,3754.0,100.0,32420119440.0,100.0,28798677548.0
2019-05-15,ZJV1CT5H,ST12000NM0007,12000138625024,0,71.0,13874712.0,89.0,0.0,100.0,22.0,100.0,0.0,87.0,516144312.0,96.0,3977.0,100.0,0.0,100.0,22.0,,,,,100.0,0.0,100.0,0.0,,,74.0,26.0,,,100.0,55.0,100.0,554.0,26.0,26.0,100.0,0.0,100.0,0.0,200.0,0.0,100.0,3786.0,100.0,32500759440.0,100.0,29036699916.0
2019-05-16,ZJV1CT5H,ST12000NM0007,12000138625024,0,83.0,183033752.0,89.0,0.0,100.0,22.0,100.0,0.0,87.0,519925113.0,96.0,3992.0,100.0,0.0,100.0,22.0,,,,,100.0,0.0,100.0,0.0,,,71.0,29.0,,,100.0,55.0,100.0,554.0,29.0,29.0,100.0,0.0,100.0,0.0,200.0,0.0,100.0,3801.0,100.0,32530237224.0,100.0,29176381172.0
2019-05-17,ZJV1CT5H,ST12000NM0007,12000138625024,0,71.0,12658760.0,89.0,0.0,100.0,22.0,100.0,0.0,87.0,525084487.0,96.0,4024.0,100.0,0.0,100.0,22.0,,,,,100.0,0.0,100.0,0.0,,,73.0,27.0,,,100.0,57.0,100.0,556.0,27.0,27.0,100.0,0.0,100.0,0.0,200.0,0.0,100.0,3833.0,100.0,32585141896.0,100.0,29439382852.0
2019-05-18,ZJV1CT5H,ST12000NM0007,12000138625024,0,73.0,18653496.0,89.0,0.0,100.0,22.0,100.0,0.0,87.0,528724709.0,96.0,4040.0,100.0,0.0,100.0,22.0,,,,,100.0,0.0,100.0,0.0,,,73.0,27.0,,,100.0,57.0,100.0,556.0,27.0,27.0,100.0,0.0,100.0,0.0,200.0,0.0,100.0,3849.0,100.0,32636368104.0,100.0,29638292732.0
2019-05-19,ZJV1CT5H,ST12000NM0007,12000138625024,0,76.0,43374288.0,89.0,0.0,100.0,22.0,100.0,0.0,87.0,531660541.0,96.0,4072.0,100.0,0.0,100.0,22.0,,,,,100.0,0.0,100.0,0.0,,,73.0,27.0,,,100.0,58.0,100.0,558.0,27.0,27.0,100.0,0.0,100.0,0.0,200.0,0.0,100.0,3880.0,100.0,32677955120.0,100.0,29865567268.0
2019-05-20,ZJV1CT5H,ST12000NM0007,12000138625024,0,82.0,176573136.0,89.0,0.0,100.0,22.0,100.0,0.0,87.0,533087201.0,96.0,4088.0,100.0,0.0,100.0,22.0,,,,,100.0,0.0,100.0,0.0,,,74.0,26.0,,,100.0,58.0,100.0,558.0,26.0,26.0,100.0,0.0,100.0,0.0,200.0,0.0,100.0,3896.0,100.0,32700484744.0,100.0,29976236492.0
2019-05-21,ZJV1CT5H,ST12000NM0007,12000138625024,0,83.0,217704616.0,89.0,0.0,100.0,22.0,100.0,0.0,87.0,537070071.0,96.0,4120.0,100.0,0.0,100.0,22.0,,,,,100.0,0.0,100.0,0.0,,,73.0,27.0,,,100.0,59.0,100.0,560.0,27.0,27.0,100.0,0.0,100.0,0.0,200.0,0.0,100.0,3928.0,100.0,32785673120.0,100.0,30176320228.0
2019-05-22,ZJV1CT5H,ST12000NM0007,12000138625024,0,81.0,115001024.0,89.0,0.0,100.0,22.0,100.0,0.0,87.0,538617838.0,96.0,4135.0,100.0,0.0,100.0,22.0,,,,,100.0,0.0,100.0,0.0,,,74.0,26.0,,,100.0,59.0,100.0,560.0,26.0,26.0,100.0,0.0,100.0,0.0,200.0,0.0,100.0,3944.0,100.0,32819214112.0,100.0,30284216468.0
2019-05-23,ZJV1CT5H,ST12000NM0007,12000138625024,0,83.0,181742800.0,89.0,0.0,100.0,22.0,100.0,0.0,87.0,542030567.0,96.0,4167.0,100.0,0.0,100.0,22.0,,,,,100.0,0.0,100.0,0.0,,,73.0,27.0,,,100.0,59.0,100.0,563.0,27.0,27.0,100.0,0.0,100.0,0.0,200.0,0.0,100.0,3975.0,100.0,32895848248.0,100.0,30518464852.0
2019-05-24,ZJV1CT5H,ST12000NM0007,12000138625024,0,79.0,89099744.0,89.0,0.0,100.0,22.0,100.0,0.0,87.0,543631115.0,96.0,4183.0,100.0,0.0,100.0,22.0,,,,,100.0,0.0,100.0,0.0,,,73.0,27.0,,,100.0,59.0,100.0,563.0,27.0,27.0,100.0,0.0,100.0,0.0,200.0,0.0,100.0,3991.0,100.0,32936152440.0,100.0,30629658540.0
2019-05-25,ZJV1CT5H,ST12000NM0007,12000138625024,0,83.0,187838440.0,89.0,0.0,100.0,22.0,100.0,0.0,87.0,547738715.0,96.0,4215.0,100.0,0.0,100.0,22.0,,,,,100.0,0.0,100.0,0.0,,,71.0,29.0,,,100.0,60.0,100.0,565.0,29.0,29.0,100.0,0.0,100.0,0.0,200.0,0.0,100.0,4022.0,100.0,33002832640.0,100.0,30905857772.0
2019-05-26,ZJV1CT5H,ST12000NM0007,12000138625024,0,80.0,98357608.0,89.0,0.0,100.0,22.0,100.0,0.0,87.0,549237880.0,96.0,4230.0,100.0,0.0,100.0,22.0,,,,,100.0,0.0,100.0,0.0,,,71.0,29.0,,,100.0,60.0,100.0,565.0,29.0,29.0,100.0,0.0,100.0,0.0,200.0,0.0,100.0,4038.0,100.0,33029221632.0,100.0,31034128748.0
2019-05-27,ZJV1CT5H,ST12000NM0007,12000138625024,0,82.0,150171720.0,89.0,0.0,100.0,22.0,100.0,0.0,87.0,552699424.0,96.0,4262.0,100.0,0.0,100.0,22.0,,,,,100.0,0.0,100.0,0.0,,,71.0,29.0,,,100.0,60.0,100.0,567.0,29.0,29.0,100.0,0.0,100.0,0.0,200.0,0.0,100.0,4070.0,100.0,33095547568.0,100.0,31263758500.0
2019-05-28,ZJV1CT5H,ST12000NM0007,12000138625024,0,77.0,54607664.0,89.0,0.0,100.0,22.0,100.0,0.0,87.0,554475379.0,96.0,4278.0,100.0,0.0,100.0,22.0,,,,,100.0,0.0,100.0,0.0,,,71.0,29.0,,,100.0,60.0,100.0,567.0,29.0,29.0,100.0,0.0,100.0,0.0,200.0,0.0,100.0,4085.0,100.0,33131211584.0,100.0,31376671148.0
2019-05-29,ZJV1CT5H,ST12000NM0007,12000138625024,0,82.0,149341856.0,89.0,0.0,100.0,22.0,100.0,0.0,87.0,558908413.0,96.0,4309.0,100.0,0.0,100.0,22.0,,,,,100.0,0.0,100.0,0.0,,,71.0,29.0,,,100.0,61.0,100.0,569.0,29.0,29.0,100.0,0.0,100.0,0.0,200.0,0.0,100.0,4117.0,100.0,33214388480.0,100.0,31632369492.0
2019-05-30,ZJV1CT5H,ST12000NM0007,12000138625024,0,77.0,50020392.0,89.0,0.0,100.0,22.0,100.0,0.0,87.0,560320017.0,96.0,4325.0,100.0,0.0,100.0,22.0,,,,,100.0,0.0,100.0,0.0,,,71.0,29.0,,,100.0,61.0,100.0,569.0,29.0,29.0,100.0,0.0,100.0,0.0,200.0,0.0,100.0,4132.0,100.0,33241636968.0,100.0,31749940180.0
2019-05-31,ZJV1CT5H,ST12000NM0007,12000138625024,0,79.0,84001488.0,89.0,0.0,100.0,22.0,100.0,0.0,88.0,563481660.0,96.0,4357.0,100.0,0.0,100.0,22.0,,,,,100.0,0.0,100.0,0.0,,,71.0,29.0,,,100.0,61.0,100.0,571.0,29.0,29.0,100.0,0.0,100.0,0.0,200.0,0.0,100.0,4163.0,100.0,33325930008.0,100.0,31943768940.0
2019-06-01,ZJV1CT5H,ST12000NM0007,12000138625024,0,84.0,228302320.0,89.0,0.0,100.0,22.0,100.0,0.0,88.0,565786569.0,96.0,4373.0,100.0,0.0,100.0,22.0,,,,,100.0,0.0,100.0,0.0,,,71.0,29.0,,,100.0,61.0,100.0,572.0,29.0,29.0,100.0,0.0,100.0,0.0,200.0,0.0,100.0,4179.0,100.0,33359755320.0,100.0,32054244460.0
2019-06-02,ZJV1CT5H,ST12000NM0007,12000138625024,0,75.0,30269072.0,89.0,0.0,100.0,22.0,100.0,0.0,88.0,569075198.0,95.0,4404.0,100.0,0.0,100.0,22.0,,,,,100.0,0.0,100.0,0.0,,,71.0,29.0,,,100.0,62.0,100.0,573.0,29.0,29.0,100.0,0.0,100.0,0.0,200.0,0.0,100.0,4211.0,100.0,33453765544.0,100.0,32250482404.0
2019-06-03,ZJV1CT5H,ST12000NM0007,12000138625024,0,82.0,173896472.0,89.0,0.0,100.0,22.0,100.0,0.0,88.0,570767799.0,95.0,4420.0,100.0,0.0,100.0,22.0,,,,,100.0,0.0,100.0,0.0,,,71.0,29.0,,,100.0,63.0,100.0,574.0,29.0,29.0,100.0,0.0,100.0,0.0,200.0,0.0,100.0,4227.0,100.0,33499018496.0,100.0,32348856852.0
2019-06-04,ZJV1CT5H,ST12000NM0007,12000138625024,0,75.0,34271192.0,89.0,0.0,100.0,22.0,100.0,0.0,88.0,575074458.0,95.0,4452.0,100.0,0.0,100.0,22.0,,,,,100.0,0.0,100.0,0.0,,,70.0,30.0,,,100.0,63.0,100.0,575.0,30.0,30.0,100.0,0.0,100.0,0.0,200.0,0.0,100.0,4258.0,100.0,33626004552.0,100.0,32570527492.0
2019-06-05,ZJV1CT5H,ST12000NM0007,12000138625024,0,83.0,188271168.0,89.0,0.0,100.0,22.0,100.0,0.0,88.0,576735645.0,95.0,4468.0,100.0,0.0,100.0,22.0,,,,,100.0,0.0,100.0,0.0,,,71.0,29.0,,,100.0,64.0,100.0,576.0,29.0,29.0,100.0,0.0,100.0,0.0,200.0,0.0,100.0,4274.0,100.0,33696692008.0,100.0,32653840012.0
2019-06-06,ZJV1CT5H,ST12000NM0007,12000138625024,0,83.0,216829800.0,89.0,0.0,100.0,22.0,100.0,0.0,88.0,580070224.0,95.0,4499.0,100.0,0.0,100.0,22.0,,,,,100.0,0.0,100.0,0.0,,,70.0,30.0,,,100.0,65.0,100.0,578.0,30.0,30.0,100.0,0.0,100.0,0.0,200.0,0.0,100.0,4305.0,100.0,33799028680.0,100.0,32824202884.0
2019-06-07,ZJV1CT5H,ST12000NM0007,12000138625024,0,82.0,151164472.0,89.0,0.0,100.0,22.0,100.0,0.0,88.0,582167335.0,95.0,4515.0,100.0,0.0,100.0,22.0,,,,,100.0,0.0,100.0,0.0,,,71.0,29.0,,,100.0,66.0,100.0,579.0,29.0,29.0,100.0,0.0,100.0,0.0,200.0,0.0,100.0,4321.0,100.0,33887650664.0,100.0,32914056468.0
2019-06-08,ZJV1CT5H,ST12000NM0007,12000138625024,0,78.0,68930512.0,89.0,0.0,100.0,22.0,100.0,0.0,88.0,588114101.0,95.0,4547.0,100.0,0.0,100.0,22.0,,,,,100.0,0.0,100.0,0.0,,,71.0,29.0,,,100.0,66.0,100.0,580.0,29.0,29.0,100.0,0.0,100.0,0.0,200.0,0.0,100.0,4353.0,100.0,34035889808.0,100.0,33171864956.0
2019-06-09,ZJV1CT5H,ST12000NM0007,12000138625024,0,83.0,185307696.0,89.0,0.0,100.0,22.0,100.0,0.0,88.0,589560351.0,95.0,4563.0,100.0,0.0,100.0,22.0,,,,,100.0,0.0,100.0,0.0,,,72.0,28.0,,,100.0,67.0,100.0,581.0,28.0,28.0,100.0,0.0,100.0,0.0,200.0,0.0,100.0,4368.0,100.0,34071623096.0,100.0,33252508852.0
2019-06-10,ZJV1CT5H,ST12000NM0007,12000138625024,0,83.0,197210624.0,89.0,0.0,100.0,22.0,100.0,0.0,88.0,592383590.0,95.0,4594.0,100.0,0.0,100.0,22.0,,,,,100.0,0.0,100.0,0.0,,,71.0,29.0,,,100.0,68.0,100.0,582.0,29.0,29.0,100.0,0.0,100.0,0.0,200.0,0.0,100.0,4400.0,100.0,34125994072.0,100.0,33454181436.0
2019-06-11,ZJV1CT5H,ST12000NM0007,12000138625024,0,78.0,68132704.0,89.0,0.0,100.0,22.0,100.0,0.0,88.0,594345750.0,95.0,4610.0,100.0,0.0,100.0,22.0,,,,,100.0,0.0,100.0,0.0,,,71.0,29.0,,,100.0,68.0,100.0,583.0,29.0,29.0,100.0,0.0,100.0,0.0,200.0,0.0,100.0,4416.0,100.0,34153890488.0,100.0,33541347796.0
2019-06-12,ZJV1CT5H,ST12000NM0007,12000138625024,0,77.0,54795912.0,89.0,0.0,100.0,22.0,100.0,0.0,88.0,599595820.0,95.0,4642.0,100.0,0.0,100.0,22.0,,,,,100.0,0.0,100.0,0.0,,,69.0,31.0,,,100.0,68.0,100.0,584.0,31.0,31.0,100.0,0.0,100.0,0.0,200.0,0.0,100.0,4447.0,100.0,34194940424.0,100.0,34219383316.0
2019-06-13,ZJV1CT5H,ST12000NM0007,12000138625024,0,75.0,34668128.0,89.0,0.0,100.0,22.0,100.0,0.0,88.0,605669065.0,95.0,4658.0,100.0,0.0,100.0,22.0,,,,,100.0,0.0,100.0,0.0,,,71.0,29.0,,,100.0,68.0,100.0,585.0,29.0,29.0,100.0,0.0,100.0,0.0,200.0,0.0,100.0,4463.0,100.0,34203713400.0,100.0,35411186540.0
2019-06-14,ZJV1CT5H,ST12000NM0007,12000138625024,0,84.0,229518368.0,89.0,0.0,100.0,22.0,100.0,0.0,88.0,616623128.0,95.0,4690.0,100.0,0.0,100.0,22.0,,,,,100.0,0.0,100.0,0.0,,,69.0,31.0,,,100.0,68.0,100.0,586.0,31.0,31.0,100.0,0.0,100.0,0.0,200.0,0.0,100.0,4495.0,100.0,34227250568.0,100.0,37535625588.0
2019-06-15,ZJV1CT5H,ST12000NM0007,12000138625024,0,82.0,158003800.0,89.0,0.0,100.0,22.0,100.0,0.0,88.0,621196461.0,95.0,4705.0,100.0,0.0,100.0,22.0,,,,,100.0,0.0,100.0,0.0,,,70.0,30.0,,,100.0,69.0,100.0,587.0,30.0,30.0,100.0,0.0,100.0,0.0,200.0,0.0,100.0,4510.0,100.0,34240794256.0,100.0,38427130388.0
2019-06-16,ZJV1CT5H,ST12000NM0007,12000138625024,0,80.0,91811960.0,89.0,0.0,100.0,22.0,100.0,0.0,88.0,631735398.0,95.0,4737.0,100.0,0.0,100.0,22.0,,,,,100.0,0.0,100.0,0.0,,,70.0,30.0,,,100.0,69.0,100.0,588.0,30.0,30.0,100.0,0.0,100.0,0.0,200.0,0.0,100.0,4542.0,100.0,34265499624.0,100.0,39801077748.0
2019-06-17,ZJV1CT5H,ST12000NM0007,12000138625024,0,74.0,22773448.0,89.0,0.0,100.0,22.0,100.0,0.0,88.0,636510941.0,95.0,4753.0,100.0,0.0,100.0,22.0,,,,,100.0,0.0,100.0,0.0,,,70.0,30.0,,,100.0,69.0,100.0,589.0,30.0,30.0,100.0,0.0,100.0,0.0,200.0,0.0,100.0,4558.0,100.0,34277035312.0,100.0,40452925636.0
2019-06-18,ZJV1CT5H,ST12000NM0007,12000138625024,0,81.0,139831272.0,89.0,0.0,100.0,22.0,100.0,0.0,88.0,648563983.0,95.0,4785.0,100.0,0.0,100.0,22.0,,,,,100.0,0.0,100.0,0.0,,,70.0,30.0,,,100.0,69.0,100.0,590.0,30.0,30.0,100.0,0.0,100.0,0.0,200.0,0.0,100.0,4589.0,100.0,34298592424.0,100.0,43233974836.0
2019-06-19,ZJV1CT5H,ST12000NM0007,12000138625024,0,81.0,139278656.0,89.0,0.0,100.0,22.0,100.0,0.0,88.0,654489431.0,95.0,4800.0,100.0,0.0,100.0,22.0,,,,,100.0,0.0,100.0,0.0,,,71.0,29.0,,,100.0,69.0,100.0,591.0,29.0,29.0,100.0,0.0,100.0,0.0,200.0,0.0,100.0,4605.0,100.0,34308374944.0,100.0,44688484412.0
2019-06-20,ZJV1CT5H,ST12000NM0007,12000138625024,0,71.0,13909256.0,89.0,0.0,100.0,22.0,100.0,0.0,88.0,661054892.0,95.0,4832.0,100.0,0.0,100.0,22.0,,,,,100.0,0.0,100.0,0.0,,,71.0,29.0,,,100.0,70.0,100.0,592.0,29.0,29.0,100.0,0.0,100.0,0.0,200.0,0.0,100.0,4636.0,100.0,34346500160.0,100.0,45989834420.0
2019-06-21,ZJV1CT5H,ST12000NM0007,12000138625024,0,80.0,100275672.0,89.0,0.0,100.0,22.0,100.0,0.0,88.0,663172239.0,95.0,4848.0,100.0,0.0,100.0,22.0,,,,,100.0,0.0,100.0,0.0,,,71.0,29.0,,,100.0,70.0,100.0,593.0,29.0,29.0,100.0,0.0,100.0,0.0,200.0,0.0,100.0,4652.0,100.0,34370705080.0,100.0,46296136692.0
2019-06-22,ZJV1CT5H,ST12000NM0007,12000138625024,0,71.0,13188016.0,89.0,0.0,100.0,22.0,100.0,0.0,88.0,667963353.0,95.0,4880.0,100.0,0.0,100.0,22.0,,,,,100.0,0.0,100.0,0.0,,,72.0,28.0,,,100.0,71.0,100.0,594.0,28.0,28.0,100.0,0.0,100.0,0.0,200.0,0.0,100.0,4684.0,100.0,34437929824.0,100.0,46874246588.0
2019-06-23,ZJV1CT5H,ST12000NM0007,12000138625024,0,78.0,64955448.0,89.0,0.0,100.0,22.0,100.0,0.0,88.0,669958514.0,95.0,4896.0,100.0,0.0,100.0,22.0,,,,,100.0,0.0,100.0,0.0,,,72.0,28.0,,,100.0,71.0,100.0,595.0,28.0,28.0,100.0,0.0,100.0,0.0,200.0,0.0,100.0,4700.0,100.0,34462368968.0,100.0,47145715596.0
2019-06-24,ZJV1CT5H,ST12000NM0007,12000138625024,0,83.0,192886304.0,89.0,0.0,100.0,22.0,100.0,0.0,88.0,674215444.0,95.0,4927.0,100.0,0.0,100.0,22.0,,,,,100.0,0.0,100.0,0.0,,,72.0,28.0,,,100.0,71.0,100.0,596.0,28.0,28.0,100.0,0.0,100.0,0.0,200.0,0.0,100.0,4731.0,100.0,34529609696.0,100.0,47694687220.0
2019-06-25,ZJV1CT5H,ST12000NM0007,12000138625024,0,74.0,23311264.0,89.0,0.0,100.0,22.0,100.0,0.0,88.0,677145635.0,95.0,4943.0,100.0,0.0,100.0,22.0,,,,,100.0,0.0,100.0,0.0,,,72.0,28.0,,,100.0,72.0,100.0,597.0,28.0,28.0,100.0,0.0,100.0,0.0,200.0,0.0,100.0,4747.0,100.0,34569139184.0,100.0,47973864252.0
2019-06-26,ZJV1CT5H,ST12000NM0007,12000138625024,0,83.0,179415640.0,89.0,0.0,100.0,22.0,100.0,0.0,88.0,681673624.0,95.0,4975.0,100.0,0.0,100.0,22.0,,,,,100.0,0.0,100.0,0.0,,,71.0,29.0,,,100.0,73.0,100.0,598.0,29.0,29.0,100.0,0.0,100.0,0.0,200.0,0.0,100.0,4778.0,100.0,34634503568.0,100.0,48552885748.0
2019-06-27,ZJV1CT5H,ST12000NM0007,12000138625024,0,78.0,58522224.0,89.0,0.0,100.0,22.0,100.0,0.0,88.0,685982239.0,95.0,4990.0,100.0,0.0,100.0,22.0,,,,,100.0,0.0,100.0,0.0,,,72.0,28.0,,,100.0,74.0,100.0,599.0,28.0,28.0,100.0,0.0,100.0,0.0,200.0,0.0,100.0,4794.0,100.0,34658422016.0,100.0,49384637116.0
2019-06-28,ZJV1CT5H,ST12000NM0007,12000138625024,0,82.0,148763584.0,89.0,0.0,100.0,22.0,100.0,0.0,88.0,697051971.0,95.0,5022.0,100.0,0.0,100.0,22.0,,,,,100.0,0.0,100.0,0.0,,,71.0,29.0,,,100.0,74.0,100.0,600.0,29.0,29.0,100.0,0.0,100.0,0.0,200.0,0.0,100.0,4826.0,100.0,34677184760.0,100.0,51409241492.0
2019-06-29,ZJV1CT5H,ST12000NM0007,12000138625024,0,84.0,237534144.0,89.0,0.0,100.0,22.0,100.0,0.0,88.0,702077042.0,95.0,5038.0,100.0,0.0,100.0,22.0,,,,,100.0,0.0,100.0,0.0,,,71.0,29.0,,,100.0,74.0,100.0,601.0,29.0,29.0,100.0,0.0,100.0,0.0,200.0,0.0,100.0,4841.0,100.0,34685203024.0,100.0,52466556980.0
2019-06-30,ZJV1CT5H,ST12000NM0007,12000138625024,0,80.0,93291608.0,89.0,0.0,100.0,22.0,100.0,0.0,89.0,713229197.0,95.0,5070.0,100.0,0.0,100.0,22.0,,,,,100.0,0.0,100.0,0.0,,,71.0,29.0,,,100.0,74.0,100.0,602.0,29.0,29.0,100.0,0.0,100.0,0.0,200.0,0.0,100.0,4873.0,100.0,34700777448.0,100.0,54259866340.0
2019-07-01,ZJV1CT5H,ST12000NM0007,12000138625024,0,83.0,206354936.0,89.0,0.0,100.0,22.0,100.0,0.0,89.0,718747472.0,95.0,5085.0,100.0,0.0,100.0,22.0,,,,,100.0,0.0,100.0,0.0,,,71.0,29.0,,,100.0,75.0,100.0,603.0,29.0,29.0,100.0,0.0,100.0,0.0,200.0,0.0,100.0,4889.0,100.0,34706596552.0,100.0,55099532828.0
2019-07-02,ZJV1CT5H,ST12000NM0007,12000138625024,0,73.0,20184200.0,89.0,0.0,100.0,22.0,100.0,0.0,89.0,728917826.0,95.0,5117.0,100.0,0.0,100.0,22.0,,,,,100.0,0.0,100.0,0.0,,,70.0,30.0,,,100.0,75.0,100.0,604.0,30.0,30.0,100.0,0.0,100.0,0.0,200.0,0.0,100.0,4920.0,100.0,34719555512.0,100.0,56609388612.0
2019-07-03,ZJV1CT5H,ST12000NM0007,12000138625024,0,75.0,28245200.0,89.0,0.0,100.0,22.0,100.0,0.0,89.0,737694153.0,95.0,5149.0,100.0,0.0,100.0,22.0,,,,,100.0,0.0,100.0,0.0,,,71.0,29.0,,,100.0,76.0,100.0,605.0,29.0,29.0,100.0,0.0,100.0,0.0,200.0,0.0,100.0,4952.0,100.0,34735659712.0,100.0,57822049124.0
2019-07-04,ZJV1CT5H,ST12000NM0007,12000138625024,0,82.0,174973360.0,89.0,0.0,100.0,22.0,100.0,0.0,89.0,739235836.0,95.0,5165.0,100.0,0.0,100.0,22.0,,,,,100.0,0.0,100.0,0.0,,,72.0,28.0,,,100.0,76.0,100.0,606.0,28.0,28.0,100.0,0.0,100.0,0.0,200.0,0.0,100.0,4968.0,100.0,34762408048.0,100.0,57942028948.0
2019-07-05,ZJV1CT5H,ST12000NM0007,12000138625024,0,77.0,54812304.0,89.0,0.0,100.0,22.0,100.0,0.0,89.0,742813965.0,95.0,5196.0,100.0,0.0,100.0,22.0,,,,,100.0,0.0,100.0,0.0,,,71.0,29.0,,,100.0,76.0,100.0,607.0,29.0,29.0,100.0,0.0,100.0,0.0,200.0,0.0,100.0,4999.0,100.0,34837198040.0,100.0,58235359732.0
2019-07-06,ZJV1CT5H,ST12000NM0007,12000138625024,0,83.0,191378128.0,89.0,0.0,100.0,22.0,100.0,0.0,89.0,744989885.0,95.0,5212.0,100.0,0.0,100.0,22.0,,,,,100.0,0.0,100.0,0.0,,,72.0,28.0,,,100.0,76.0,100.0,608.0,28.0,28.0,100.0,0.0,100.0,0.0,200.0,0.0,100.0,5015.0,100.0,34864402408.0,100.0,58344721188.0
2019-07-07,ZJV1CT5H,ST12000NM0007,12000138625024,0,80.0,98063760.0,89.0,0.0,100.0,22.0,100.0,0.0,89.0,748546581.0,95.0,5244.0,100.0,0.0,100.0,22.0,,,,,100.0,0.0,100.0,0.0,,,70.0,30.0,,,100.0,77.0,100.0,609.0,30.0,30.0,100.0,0.0,100.0,0.0,200.0,0.0,100.0,5047.0,100.0,34959577088.0,100.0,58644513580.0
2019-07-08,ZJV1CT5H,ST12000NM0007,12000138625024,0,81.0,113062344.0,89.0,0.0,100.0,22.0,100.0,0.0,89.0,750671584.0,94.0,5260.0,100.0,0.0,100.0,22.0,,,,,100.0,0.0,100.0,0.0,,,71.0,29.0,,,100.0,78.0,100.0,610.0,29.0,29.0,100.0,0.0,100.0,0.0,200.0,0.0,100.0,5062.0,100.0,35014088824.0,100.0,58849141300.0
2019-07-09,ZJV1CT5H,ST12000NM0007,12000138625024,0,80.0,98701392.0,89.0,0.0,100.0,22.0,100.0,0.0,89.0,755051750.0,94.0,5291.0,100.0,0.0,100.0,22.0,,,,,100.0,0.0,100.0,0.0,,,71.0,29.0,,,100.0,79.0,100.0,611.0,29.0,29.0,100.0,0.0,100.0,0.0,200.0,0.0,100.0,5094.0,100.0,35081088120.0,100.0,59256062332.0
2019-07-10,ZJV1CT5H,ST12000NM0007,12000138625024,0,78.0,65920624.0,89.0,0.0,100.0,22.0,100.0,0.0,89.0,757061377.0,94.0,5307.0,100.0,0.0,100.0,22.0,,,,,100.0,0.0,100.0,0.0,,,71.0,29.0,,,100.0,79.0,100.0,612.0,29.0,29.0,100.0,0.0,100.0,0.0,200.0,0.0,100.0,5110.0,100.0,35105765128.0,100.0,59442745332.0
2019-07-11,ZJV1CT5H,ST12000NM0007,12000138625024,0,80.0,105480560.0,89.0,0.0,100.0,22.0,100.0,0.0,89.0,761502170.0,94.0,5339.0,100.0,0.0,100.0,22.0,,,,,100.0,0.0,100.0,0.0,,,70.0,30.0,,,100.0,79.0,100.0,613.0,30.0,30.0,100.0,0.0,100.0,0.0,200.0,0.0,100.0,5141.0,100.0,35217405400.0,100.0,59858946476.0
2019-07-12,ZJV1CT5H,ST12000NM0007,12000138625024,0,81.0,128016760.0,89.0,0.0,100.0,22.0,100.0,0.0,89.0,763787560.0,94.0,5355.0,100.0,0.0,100.0,22.0,,,,,100.0,0.0,100.0,0.0,,,71.0,29.0,,,100.0,79.0,100.0,614.0,29.0,29.0,100.0,0.0,100.0,0.0,200.0,0.0,100.0,5157.0,100.0,35279922520.0,100.0,60063106308.0
2019-07-13,ZJV1CT5H,ST12000NM0007,12000138625024,0,83.0,186456232.0,89.0,0.0,100.0,22.0,100.0,0.0,89.0,769990402.0,94.0,5387.0,100.0,0.0,100.0,22.0,,,,,100.0,0.0,100.0,0.0,,,70.0,30.0,,,100.0,79.0,100.0,615.0,30.0,30.0,100.0,0.0,100.0,0.0,200.0,0.0,100.0,5189.0,100.0,35375025416.0,100.0,60514724244.0
2019-07-14,ZJV1CT5H,ST12000NM0007,12000138625024,0,84.0,239372344.0,89.0,0.0,100.0,22.0,100.0,0.0,89.0,772068375.0,94.0,5402.0,100.0,0.0,100.0,22.0,,,,,100.0,0.0,100.0,0.0,,,71.0,29.0,,,100.0,79.0,100.0,616.0,29.0,29.0,100.0,0.0,100.0,0.0,200.0,0.0,100.0,5204.0,100.0,35419111624.0,100.0,60767694852.0
2019-07-15,ZJV1CT5H,ST12000NM0007,12000138625024,0,79.0,75697000.0,89.0,0.0,100.0,22.0,100.0,0.0,89.0,775489321.0,94.0,5434.0,100.0,0.0,100.0,22.0,,,,,100.0,0.0,100.0,0.0,,,70.0,30.0,,,100.0,79.0,100.0,617.0,30.0,30.0,100.0,0.0,100.0,0.0,200.0,0.0,100.0,5236.0,100.0,35457540424.0,100.0,61298013060.0
2019-07-16,ZJV1CT5H,ST12000NM0007,12000138625024,0,77.0,51825720.0,89.0,0.0,100.0,22.0,100.0,0.0,89.0,777908837.0,94.0,5450.0,100.0,0.0,100.0,22.0,,,,,100.0,0.0,100.0,0.0,,,71.0,29.0,,,100.0,80.0,100.0,618.0,29.0,29.0,100.0,0.0,100.0,0.0,200.0,0.0,100.0,5252.0,100.0,35482037528.0,100.0,61493785372.0
2019-07-17,ZJV1CT5H,ST12000NM0007,12000138625024,0,79.0,82840896.0,89.0,0.0,100.0,22.0,100.0,0.0,89.0,781426778.0,94.0,5482.0,100.0,0.0,100.0,22.0,,,,,100.0,0.0,100.0,0.0,,,71.0,29.0,,,100.0,81.0,100.0,619.0,29.0,29.0,100.0,0.0,100.0,0.0,200.0,0.0,100.0,5283.0,100.0,35548700680.0,100.0,61946419044.0
2019-07-18,ZJV1CT5H,ST12000NM0007,12000138625024,0,79.0,75385576.0,89.0,0.0,100.0,22.0,100.0,0.0,89.0,783230548.0,94.0,5498.0,100.0,0.0,100.0,22.0,,,,,100.0,0.0,100.0,0.0,,,71.0,29.0,,,100.0,81.0,100.0,620.0,29.0,29.0,100.0,0.0,100.0,0.0,200.0,0.0,100.0,5299.0,100.0,35576844216.0,100.0,62154960948.0
2019-07-19,ZJV1CT5H,ST12000NM0007,12000138625024,0,82.0,170979712.0,89.0,0.0,100.0,22.0,100.0,0.0,89.0,787238875.0,94.0,5529.0,100.0,0.0,100.0,22.0,,,,,100.0,0.0,100.0,0.0,,,71.0,29.0,,,100.0,81.0,100.0,621.0,29.0,29.0,100.0,0.0,100.0,0.0,200.0,0.0,100.0,5331.0,100.0,35674650392.0,100.0,62641030372.0
2019-07-20,ZJV1CT5H,ST12000NM0007,12000138625024,0,84.0,231739384.0,89.0,0.0,100.0,22.0,100.0,0.0,89.0,789390315.0,94.0,5545.0,100.0,0.0,100.0,22.0,,,,,100.0,0.0,100.0,0.0,,,70.0,30.0,,,100.0,81.0,100.0,622.0,30.0,30.0,100.0,0.0,100.0,0.0,200.0,0.0,100.0,5346.0,100.0,35707036192.0,100.0,62913545060.0
2019-07-21,ZJV1CT5H,ST12000NM0007,12000138625024,0,71.0,11261240.0,89.0,0.0,100.0,22.0,100.0,0.0,89.0,793537428.0,94.0,5577.0,100.0,0.0,100.0,22.0,,,,,100.0,0.0,100.0,0.0,,,71.0,29.0,,,100.0,82.0,100.0,623.0,29.0,29.0,100.0,0.0,100.0,0.0,200.0,0.0,100.0,5378.0,100.0,35759523024.0,100.0,63373002108.0
2019-07-22,ZJV1CT5H,ST12000NM0007,12000138625024,0,79.0,71476384.0,89.0,0.0,100.0,22.0,100.0,0.0,89.0,795642919.0,94.0,5593.0,100.0,0.0,100.0,22.0,,,,,100.0,0.0,100.0,0.0,,,70.0,30.0,,,100.0,82.0,100.0,624.0,30.0,30.0,100.0,0.0,100.0,0.0,200.0,0.0,100.0,5394.0,100.0,35826779416.0,100.0,63610101596.0
2019-07-23,ZJV1CT5H,ST12000NM0007,12000138625024,0,81.0,118172008.0,89.0,0.0,100.0,22.0,100.0,0.0,89.0,799877816.0,94.0,5624.0,100.0,0.0,100.0,22.0,,,,,100.0,0.0,100.0,0.0,,,70.0,30.0,,,100.0,83.0,100.0,625.0,30.0,30.0,100.0,0.0,100.0,0.0,200.0,0.0,100.0,5425.0,100.0,35889876272.0,100.0,64081981740.0
2019-07-24,ZJV1CT5H,ST12000NM0007,12000138625024,0,64.0,2658424.0,89.0,0.0,100.0,22.0,100.0,0.0,89.0,804575142.0,94.0,5656.0,100.0,0.0,100.0,22.0,,,,,100.0,0.0,100.0,0.0,,,70.0,30.0,,,100.0,84.0,100.0,627.0,30.0,30.0,100.0,0.0,100.0,0.0,200.0,0.0,100.0,5457.0,100.0,36030557952.0,100.0,64558208932.0
2019-07-25,ZJV1CT5H,ST12000NM0007,12000138625024,0,84.0,244001128.0,89.0,0.0,100.0,22.0,100.0,0.0,89.0,806700808.0,94.0,5672.0,100.0,0.0,100.0,22.0,,,,,100.0,0.0,100.0,0.0,,,71.0,29.0,,,100.0,84.0,100.0,628.0,29.0,29.0,100.0,0.0,100.0,0.0,200.0,0.0,100.0,5472.0,100.0,36082191592.0,100.0,64747917996.0
2019-07-26,ZJV1CT5H,ST12000NM0007,12000138625024,0,83.0,203338624.0,89.0,0.0,100.0,22.0,100.0,0.0,89.0,808687999.0,94.0,5688.0,100.0,0.0,100.0,22.0,,,,,100.0,0.0,100.0,0.0,,,71.0,29.0,,,100.0,84.0,100.0,629.0,29.0,29.0,100.0,0.0,100.0,0.0,200.0,0.0,100.0,5488.0,100.0,36114342048.0,100.0,64919245980.0
2019-07-27,ZJV1CT5H,ST12000NM0007,12000138625024,0,76.0,42607080.0,89.0,0.0,100.0,22.0,100.0,0.0,89.0,813694615.0,94.0,5719.0,100.0,0.0,100.0,22.0,,,,,100.0,0.0,100.0,0.0,,,70.0,30.0,,,100.0,85.0,100.0,630.0,30.0,30.0,100.0,0.0,100.0,0.0,200.0,0.0,100.0,5520.0,100.0,36172315920.0,100.0,65432962956.0
2019-07-28,ZJV1CT5H,ST12000NM0007,12000138625024,0,83.0,212162416.0,89.0,0.0,100.0,22.0,100.0,0.0,89.0,816968698.0,94.0,5735.0,100.0,0.0,100.0,22.0,,,,,100.0,0.0,100.0,0.0,,,71.0,29.0,,,100.0,85.0,100.0,631.0,29.0,29.0,100.0,0.0,100.0,0.0,200.0,0.0,100.0,5535.0,100.0,36238624072.0,100.0,65780350908.0
2019-07-29,ZJV1CT5H,ST12000NM0007,12000138625024,0,79.0,81443728.0,89.0,0.0,100.0,22.0,100.0,0.0,89.0,820816413.0,94.0,5767.0,100.0,0.0,100.0,22.0,,,,,100.0,0.0,100.0,0.0,,,70.0,30.0,,,100.0,85.0,100.0,632.0,30.0,30.0,100.0,0.0,100.0,0.0,200.0,0.0,100.0,5567.0,100.0,36329052328.0,100.0,66291626380.0
2019-07-30,ZJV1CT5H,ST12000NM0007,12000138625024,0,80.0,103184440.0,89.0,0.0,100.0,22.0,100.0,0.0,89.0,823627773.0,94.0,5783.0,100.0,0.0,100.0,22.0,,,,,100.0,0.0,100.0,0.0,,,70.0,30.0,,,100.0,85.0,100.0,633.0,30.0,30.0,100.0,0.0,100.0,0.0,200.0,0.0,100.0,5583.0,100.0,36387460872.0,100.0,66499099244.0
2019-07-31,ZJV1CT5H,ST12000NM0007,12000138625024,0,83.0,200534944.0,89.0,0.0,100.0,22.0,100.0,0.0,89.0,827835466.0,94.0,5815.0,100.0,0.0,100.0,22.0,,,,,100.0,0.0,100.0,0.0,,,70.0,30.0,,,100.0,85.0,100.0,634.0,30.0,30.0,100.0,0.0,100.0,0.0,200.0,0.0,100.0,5614.0,100.0,36493422656.0,100.0,66978769412.0
2019-08-01,ZJV1CT5H,ST12000NM0007,12000138625024,0,73.0,21511312.0,89.0,0.0,100.0,22.0,100.0,0.0,89.0,832278833.0,94.0,5846.0,100.0,0.0,100.0,22.0,,,,,100.0,0.0,100.0,0.0,,,71.0,29.0,,,100.0,85.0,100.0,635.0,29.0,29.0,100.0,0.0,100.0,0.0,200.0,0.0,100.0,5646.0,100.0,36597882912.0,100.0,67427708076.0
2019-08-02,ZJV1CT5H,ST12000NM0007,12000138625024,0,77.0,54748144.0,89.0,0.0,100.0,22.0,100.0,0.0,89.0,834652061.0,94.0,5862.0,100.0,0.0,100.0,22.0,,,,,100.0,0.0,100.0,0.0,,,71.0,29.0,,,100.0,85.0,100.0,636.0,29.0,29.0,100.0,0.0,100.0,0.0,200.0,0.0,100.0,5661.0,100.0,36670815472.0,100.0,67632153148.0
2019-08-03,ZJV1CT5H,ST12000NM0007,12000138625024,0,70.0,10617200.0,89.0,0.0,100.0,22.0,100.0,0.0,89.0,839950446.0,94.0,5894.0,100.0,0.0,100.0,22.0,,,,,100.0,0.0,100.0,0.0,,,70.0,30.0,,,100.0,86.0,100.0,637.0,30.0,30.0,100.0,0.0,100.0,0.0,200.0,0.0,100.0,5693.0,100.0,36787300496.0,100.0,68203959404.0
2019-08-04,ZJV1CT5H,ST12000NM0007,12000138625024,0,80.0,110849704.0,89.0,0.0,100.0,22.0,100.0,0.0,89.0,842385742.0,94.0,5909.0,100.0,0.0,100.0,22.0,,,,,100.0,0.0,100.0,0.0,,,71.0,29.0,,,100.0,87.0,100.0,638.0,29.0,29.0,100.0,0.0,100.0,0.0,200.0,0.0,100.0,5709.0,100.0,36868058168.0,100.0,68467575060.0
2019-08-05,ZJV1CT5H,ST12000NM0007,12000138625024,0,72.0,16232128.0,89.0,0.0,100.0,22.0,100.0,0.0,89.0,847555555.0,94.0,5941.0,100.0,0.0,100.0,22.0,,,,,100.0,0.0,100.0,0.0,,,71.0,29.0,,,100.0,87.0,100.0,639.0,29.0,29.0,100.0,0.0,100.0,0.0,200.0,0.0,100.0,5740.0,100.0,37054026072.0,100.0,68919411548.0
2019-08-06,ZJV1CT5H,ST12000NM0007,12000138625024,0,75.0,33112016.0,89.0,0.0,100.0,22.0,100.0,0.0,89.0,850186340.0,94.0,5957.0,100.0,0.0,100.0,22.0,,,,,100.0,0.0,100.0,0.0,,,72.0,28.0,,,100.0,87.0,100.0,640.0,28.0,28.0,100.0,0.0,100.0,0.0,200.0,0.0,100.0,5756.0,100.0,37106567808.0,100.0,69127891100.0
2019-08-07,ZJV1CT5H,ST12000NM0007,12000138625024,0,70.0,8982184.0,89.0,0.0,100.0,22.0,100.0,0.0,89.0,855267636.0,94.0,5989.0,100.0,0.0,100.0,22.0,,,,,100.0,0.0,100.0,0.0,,,71.0,29.0,,,100.0,87.0,100.0,642.0,29.0,29.0,100.0,0.0,100.0,0.0,200.0,0.0,100.0,5788.0,100.0,37255252600.0,100.0,69687498524.0
2019-08-08,ZJV1CT5H,ST12000NM0007,12000138625024,0,80.0,92534640.0,89.0,0.0,100.0,22.0,100.0,0.0,89.0,858106205.0,94.0,6005.0,100.0,0.0,100.0,22.0,,,,,100.0,0.0,100.0,0.0,,,72.0,28.0,,,100.0,87.0,100.0,642.0,28.0,28.0,100.0,0.0,100.0,0.0,200.0,0.0,100.0,5804.0,100.0,37345704312.0,100.0,69924739908.0
2019-08-09,ZJV1CT5H,ST12000NM0007,12000138625024,0,79.0,85178776.0,89.0,0.0,100.0,22.0,100.0,0.0,89.0,862929742.0,94.0,6037.0,100.0,0.0,100.0,22.0,,,,,100.0,0.0,100.0,0.0,,,72.0,28.0,,,100.0,87.0,100.0,644.0,28.0,28.0,100.0,0.0,100.0,0.0,200.0,0.0,100.0,5835.0,100.0,37430589320.0,100.0,70320780532.0
2019-08-10,ZJV1CT5H,ST12000NM0007,12000138625024,0,81.0,133074576.0,89.0,0.0,100.0,22.0,100.0,0.0,89.0,865873544.0,94.0,6053.0,100.0,0.0,100.0,22.0,,,,,100.0,0.0,100.0,0.0,,,72.0,28.0,,,100.0,87.0,100.0,644.0,28.0,28.0,100.0,0.0,100.0,0.0,200.0,0.0,100.0,5852.0,100.0,37505976472.0,100.0,70537429812.0
2019-08-11,ZJV1CT5H,ST12000NM0007,12000138625024,0,75.0,30380680.0,89.0,0.0,100.0,22.0,100.0,0.0,89.0,871548901.0,94.0,6085.0,100.0,0.0,100.0,22.0,,,,,100.0,0.0,100.0,0.0,,,71.0,29.0,,,100.0,87.0,100.0,645.0,29.0,29.0,100.0,0.0,100.0,0.0,200.0,0.0,100.0,5883.0,100.0,37607670928.0,100.0,71065463748.0
2019-08-12,ZJV1CT5H,ST12000NM0007,12000138625024,0,79.0,70830976.0,89.0,0.0,100.0,22.0,100.0,0.0,89.0,873825346.0,94.0,6101.0,100.0,0.0,100.0,22.0,,,,,100.0,0.0,100.0,0.0,,,72.0,28.0,,,100.0,88.0,100.0,646.0,28.0,28.0,100.0,0.0,100.0,0.0,200.0,0.0,100.0,5899.0,100.0,37665609192.0,100.0,71292116452.0
2019-08-13,ZJV1CT5H,ST12000NM0007,12000138625024,0,83.0,209608416.0,89.0,0.0,100.0,22.0,100.0,0.0,89.0,879934061.0,93.0,6132.0,100.0,0.0,100.0,22.0,,,,,100.0,0.0,100.0,0.0,,,70.0,30.0,,,100.0,88.0,100.0,647.0,30.0,30.0,100.0,0.0,100.0,0.0,200.0,0.0,100.0,5930.0,100.0,37859829792.0,100.0,71724955164.0
2019-08-14,ZJV1CT5H,ST12000NM0007,12000138625024,0,78.0,69892032.0,89.0,0.0,100.0,22.0,100.0,0.0,89.0,882599800.0,93.0,6148.0,100.0,0.0,100.0,22.0,,,,,100.0,0.0,100.0,0.0,,,71.0,29.0,,,100.0,88.0,100.0,648.0,29.0,29.0,100.0,0.0,100.0,0.0,200.0,0.0,100.0,5946.0,100.0,37925279592.0,100.0,72008070572.0
2019-08-15,ZJV1CT5H,ST12000NM0007,12000138625024,0,79.0,84199496.0,89.0,0.0,100.0,22.0,100.0,0.0,89.0,887213294.0,93.0,6180.0,100.0,0.0,100.0,22.0,,,,,100.0,0.0,100.0,0.0,,,69.0,31.0,,,100.0,88.0,100.0,650.0,31.0,31.0,100.0,0.0,100.0,0.0,200.0,0.0,100.0,5978.0,100.0,37999717352.0,100.0,72436223148.0
2019-08-16,ZJV1CT5H,ST12000NM0007,12000138625024,0,78.0,61270808.0,89.0,0.0,100.0,22.0,100.0,0.0,89.0,889491595.0,93.0,6196.0,100.0,0.0,100.0,22.0,,,,,100.0,0.0,100.0,0.0,,,71.0,29.0,,,100.0,88.0,100.0,651.0,29.0,29.0,100.0,0.0,100.0,0.0,200.0,0.0,100.0,5993.0,100.0,38023693112.0,100.0,72633459484.0
2019-08-17,ZJV1CT5H,ST12000NM0007,12000138625024,0,80.0,108243800.0,89.0,0.0,100.0,22.0,100.0,0.0,90.0,894457735.0,93.0,6227.0,100.0,0.0,100.0,22.0,,,,,100.0,0.0,100.0,0.0,,,70.0,30.0,,,100.0,88.0,100.0,652.0,30.0,30.0,100.0,0.0,100.0,0.0,200.0,0.0,100.0,6025.0,100.0,38085313904.0,100.0,73107093052.0
2019-08-18,ZJV1CT5H,ST12000NM0007,12000138625024,0,80.0,108709176.0,89.0,0.0,100.0,22.0,100.0,0.0,90.0,896183433.0,93.0,6243.0,100.0,0.0,100.0,22.0,,,,,100.0,0.0,100.0,0.0,,,71.0,29.0,,,100.0,89.0,100.0,653.0,29.0,29.0,100.0,0.0,100.0,0.0,200.0,0.0,100.0,6040.0,100.0,38110991000.0,100.0,73326022116.0
2019-08-19,ZJV1CT5H,ST12000NM0007,12000138625024,0,84.0,236696792.0,89.0,0.0,100.0,22.0,100.0,0.0,90.0,901216366.0,93.0,6275.0,100.0,0.0,100.0,22.0,,,,,100.0,0.0,100.0,0.0,,,71.0,29.0,,,100.0,89.0,100.0,654.0,29.0,29.0,100.0,0.0,100.0,0.0,200.0,0.0,100.0,6072.0,100.0,38163565320.0,100.0,73889716852.0
2019-08-20,ZJV1CT5H,ST12000NM0007,12000138625024,0,71.0,11646992.0,89.0,0.0,100.0,22.0,100.0,0.0,90.0,904391137.0,93.0,6291.0,100.0,0.0,100.0,22.0,,,,,100.0,0.0,100.0,0.0,,,72.0,28.0,,,100.0,89.0,100.0,655.0,28.0,28.0,100.0,0.0,100.0,0.0,200.0,0.0,100.0,6088.0,100.0,38221962592.0,100.0,74094551324.0
2019-08-21,ZJV1CT5H,ST12000NM0007,12000138625024,0,78.0,60821736.0,89.0,0.0,100.0,22.0,100.0,0.0,90.0,908089392.0,93.0,6322.0,100.0,0.0,100.0,22.0,,,,,100.0,0.0,100.0,0.0,,,71.0,29.0,,,100.0,90.0,100.0,656.0,29.0,29.0,100.0,0.0,100.0,0.0,200.0,0.0,100.0,6119.0,100.0,38289496760.0,100.0,74564473164.0
2019-08-22,ZJV1CT5H,ST12000NM0007,12000138625024,0,76.0,42894512.0,89.0,0.0,100.0,22.0,100.0,0.0,90.0,910100956.0,93.0,6338.0,100.0,0.0,100.0,22.0,,,,,100.0,0.0,100.0,0.0,,,72.0,28.0,,,100.0,90.0,100.0,657.0,28.0,28.0,100.0,0.0,100.0,0.0,200.0,0.0,100.0,6135.0,100.0,38316379256.0,100.0,74763804164.0
2019-08-23,ZJV1CT5H,ST12000NM0007,12000138625024,0,75.0,34117488.0,89.0,0.0,100.0,22.0,100.0,0.0,90.0,914226566.0,93.0,6370.0,100.0,0.0,100.0,22.0,,,,,100.0,0.0,100.0,0.0,,,71.0,29.0,,,100.0,90.0,100.0,658.0,29.0,29.0,100.0,0.0,100.0,0.0,200.0,0.0,100.0,6167.0,100.0,38391259568.0,100.0,75168428276.0
2019-08-24,ZJV1CT5H,ST12000NM0007,12000138625024,0,81.0,129016616.0,89.0,0.0,100.0,22.0,100.0,0.0,90.0,916602336.0,93.0,6386.0,100.0,0.0,100.0,22.0,,,,,100.0,0.0,100.0,0.0,,,71.0,29.0,,,100.0,90.0,100.0,659.0,29.0,29.0,100.0,0.0,100.0,0.0,200.0,0.0,100.0,6182.0,100.0,38432891144.0,100.0,75465836556.0
2019-08-25,ZJV1CT5H,ST12000NM0007,12000138625024,0,83.0,194304216.0,89.0,0.0,100.0,22.0,100.0,0.0,90.0,921341956.0,93.0,6418.0,100.0,0.0,100.0,22.0,,,,,100.0,0.0,100.0,0.0,,,71.0,29.0,,,100.0,91.0,100.0,660.0,29.0,29.0,100.0,0.0,100.0,0.0,200.0,0.0,100.0,6214.0,100.0,38494259872.0,100.0,75958036732.0
2019-08-26,ZJV1CT5H,ST12000NM0007,12000138625024,0,82.0,177211608.0,89.0,0.0,100.0,22.0,100.0,0.0,90.0,927923688.0,93.0,6465.0,100.0,0.0,100.0,22.0,,,,,100.0,0.0,100.0,0.0,,,71.0,29.0,,,100.0,92.0,100.0,662.0,29.0,29.0,100.0,0.0,100.0,0.0,200.0,0.0,100.0,6261.0,100.0,38605496456.0,100.0,76562129908.0
2019-08-27,ZJV1CT5H,ST12000NM0007,12000138625024,0,82.0,177211608.0,89.0,0.0,100.0,22.0,100.0,0.0,90.0,927923688.0,93.0,6465.0,100.0,0.0,100.0,22.0,,,,,100.0,0.0,100.0,0.0,,,71.0,29.0,,,100.0,92.0,100.0,662.0,29.0,29.0,100.0,0.0,100.0,0.0,200.0,0.0,100.0,6261.0,100.0,38605496456.0,100.0,76562129908.0
2019-08-28,ZJV1CT5H,ST12000NM0007,12000138625024,0,83.0,198720072.0,89.0,0.0,100.0,22.0,100.0,0.0,90.0,929377901.0,93.0,6481.0,100.0,0.0,100.0,22.0,,,,,100.0,0.0,100.0,0.0,,,70.0,30.0,,,100.0,92.0,100.0,663.0,30.0,30.0,100.0,0.0,100.0,0.0,200.0,0.0,100.0,6277.0,100.0,38608695208.0,100.0,76824580436.0
2019-08-29,ZJV1CT5H,ST12000NM0007,12000138625024,0,69.0,8587488.0,89.0,0.0,100.0,22.0,100.0,0.0,90.0,934578686.0,93.0,6512.0,100.0,0.0,100.0,22.0,,,,,100.0,0.0,100.0,0.0,,,71.0,29.0,,,100.0,93.0,100.0,664.0,29.0,29.0,100.0,0.0,100.0,0.0,200.0,0.0,100.0,6309.0,100.0,38664244352.0,100.0,77311320932.0
2019-08-30,ZJV1CT5H,ST12000NM0007,12000138625024,0,78.0,58924928.0,89.0,0.0,100.0,22.0,100.0,0.0,90.0,937188678.0,93.0,6528.0,100.0,0.0,100.0,22.0,,,,,100.0,0.0,100.0,0.0,,,72.0,28.0,,,100.0,93.0,100.0,665.0,28.0,28.0,100.0,0.0,100.0,0.0,200.0,0.0,100.0,6324.0,100.0,38693686848.0,100.0,77576356956.0
2019-08-31,ZJV1CT5H,ST12000NM0007,12000138625024,0,79.0,88358696.0,89.0,0.0,100.0,22.0,100.0,0.0,90.0,939205433.0,93.0,6544.0,100.0,0.0,100.0,22.0,,,,,100.0,0.0,100.0,0.0,,,72.0,28.0,,,100.0,93.0,100.0,665.0,28.0,28.0,100.0,0.0,100.0,0.0,200.0,0.0,100.0,6340.0,100.0,38735242576.0,100.0,77808375684.0
2019-09-01,ZJV1CT5H,ST12000NM0007,12000138625024,0,75.0,29211512.0,89.0,0.0,100.0,22.0,100.0,0.0,90.0,946522245.0,93.0,6592.0,100.0,0.0,100.0,22.0,,,,,100.0,0.0,100.0,0.0,,,71.0,29.0,,,100.0,94.0,100.0,668.0,29.0,29.0,100.0,0.0,100.0,0.0,200.0,0.0,100.0,6387.0,100.0,38803655144.0,100.0,78657379228.0
2019-09-02,ZJV1CT5H,ST12000NM0007,12000138625024,0,79.0,79722560.0,89.0,0.0,100.0,22.0,100.0,0.0,90.0,948637427.0,93.0,6607.0,100.0,0.0,100.0,22.0,,,,,100.0,0.0,100.0,0.0,,,71.0,29.0,,,100.0,94.0,100.0,668.0,29.0,29.0,100.0,0.0,100.0,0.0,200.0,0.0,100.0,6403.0,100.0,38829892328.0,100.0,78925793916.0
2019-09-03,ZJV1CT5H,ST12000NM0007,12000138625024,0,82.0,161798808.0,89.0,0.0,100.0,22.0,100.0,0.0,90.0,953661234.0,93.0,6639.0,100.0,0.0,100.0,22.0,,,,,100.0,0.0,100.0,0.0,,,71.0,29.0,,,100.0,94.0,100.0,669.0,29.0,29.0,100.0,0.0,100.0,0.0,200.0,0.0,100.0,6435.0,100.0,38898810888.0,100.0,79183092356.0
2019-09-04,ZJV1CT5H,ST12000NM0007,12000138625024,0,82.0,169232592.0,89.0,0.0,100.0,22.0,100.0,0.0,90.0,955612479.0,93.0,6655.0,100.0,0.0,100.0,22.0,,,,,100.0,0.0,100.0,0.0,,,72.0,28.0,,,100.0,94.0,100.0,670.0,28.0,28.0,100.0,0.0,100.0,0.0,200.0,0.0,100.0,6450.0,100.0,38931394800.0,100.0,79402082948.0
2019-09-05,ZJV1CT5H,ST12000NM0007,12000138625024,0,84.0,241132632.0,89.0,0.0,100.0,22.0,100.0,0.0,90.0,957693732.0,93.0,6671.0,100.0,0.0,100.0,22.0,,,,,100.0,0.0,100.0,0.0,,,71.0,29.0,,,100.0,94.0,100.0,671.0,29.0,29.0,100.0,0.0,100.0,0.0,200.0,0.0,100.0,6466.0,100.0,38977826952.0,100.0,79671691524.0
2019-09-06,ZJV1CT5H,ST12000NM0007,12000138625024,0,83.0,191627416.0,89.0,0.0,100.0,22.0,100.0,0.0,90.0,961795118.0,93.0,6703.0,100.0,0.0,100.0,22.0,,,,,100.0,0.0,100.0,0.0,,,71.0,29.0,,,100.0,94.0,100.0,672.0,29.0,29.0,100.0,0.0,100.0,0.0,200.0,0.0,100.0,6498.0,100.0,39038323536.0,100.0,80049971076.0
2019-09-07,ZJV1CT5H,ST12000NM0007,12000138625024,0,79.0,85838672.0,89.0,0.0,100.0,22.0,100.0,0.0,90.0,964531328.0,93.0,6719.0,100.0,0.0,100.0,22.0,,,,,100.0,0.0,100.0,0.0,,,71.0,29.0,,,100.0,95.0,100.0,673.0,29.0,29.0,100.0,0.0,100.0,0.0,200.0,0.0,100.0,6514.0,100.0,39061019472.0,100.0,80165627268.0
2019-09-08,ZJV1CT5H,ST12000NM0007,12000138625024,0,80.0,97281088.0,89.0,0.0,100.0,22.0,100.0,0.0,90.0,970223061.0,93.0,6750.0,100.0,0.0,100.0,22.0,,,,,100.0,0.0,100.0,0.0,,,72.0,28.0,,,100.0,95.0,100.0,674.0,28.0,28.0,100.0,0.0,100.0,0.0,200.0,0.0,100.0,6545.0,100.0,39128074408.0,100.0,80598296236.0
2019-09-09,ZJV1CT5H,ST12000NM0007,12000138625024,0,82.0,142499672.0,89.0,0.0,100.0,22.0,100.0,0.0,90.0,972408182.0,93.0,6766.0,100.0,0.0,100.0,22.0,,,,,100.0,0.0,100.0,0.0,,,72.0,28.0,,,100.0,96.0,100.0,675.0,28.0,28.0,100.0,0.0,100.0,0.0,200.0,0.0,100.0,6561.0,100.0,39181101232.0,100.0,80834628748.0
2019-09-10,ZJV1CT5H,ST12000NM0007,12000138625024,0,81.0,131133560.0,89.0,0.0,100.0,22.0,100.0,0.0,90.0,977930391.0,93.0,6798.0,100.0,0.0,100.0,22.0,,,,,100.0,0.0,100.0,0.0,,,72.0,28.0,,,100.0,97.0,100.0,676.0,28.0,28.0,100.0,0.0,100.0,0.0,200.0,0.0,100.0,6593.0,100.0,39293830992.0,100.0,81198814172.0
2019-09-11,ZJV1CT5H,ST12000NM0007,12000138625024,0,82.0,170172064.0,89.0,0.0,100.0,22.0,100.0,0.0,90.0,981527568.0,93.0,6830.0,100.0,0.0,100.0,22.0,,,,,100.0,0.0,100.0,0.0,,,72.0,28.0,,,100.0,98.0,100.0,677.0,28.0,28.0,100.0,0.0,100.0,0.0,200.0,0.0,100.0,6625.0,100.0,39366161416.0,100.0,81653804172.0
2019-09-12,ZJV1CT5H,ST12000NM0007,12000138625024,0,74.0,27557000.0,89.0,0.0,100.0,22.0,100.0,0.0,90.0,984547191.0,93.0,6846.0,100.0,0.0,100.0,22.0,,,,,100.0,0.0,100.0,0.0,,,72.0,28.0,,,100.0,98.0,100.0,678.0,28.0,28.0,100.0,0.0,100.0,0.0,200.0,0.0,100.0,6640.0,100.0,39425325688.0,100.0,81940306628.0
2019-09-13,ZJV1CT5H,ST12000NM0007,12000138625024,0,81.0,114333264.0,89.0,0.0,100.0,22.0,100.0,0.0,90.0,988700347.0,93.0,6877.0,100.0,0.0,100.0,22.0,,,,,100.0,0.0,100.0,0.0,,,71.0,29.0,,,100.0,99.0,100.0,679.0,29.0,29.0,100.0,0.0,100.0,0.0,200.0,0.0,100.0,6672.0,100.0,39488934688.0,100.0,82451755428.0
2019-09-14,ZJV1CT5H,ST12000NM0007,12000138625024,0,82.0,173615928.0,89.0,0.0,100.0,22.0,100.0,0.0,90.0,990742658.0,93.0,6893.0,100.0,0.0,100.0,22.0,,,,,100.0,0.0,100.0,0.0,,,72.0,28.0,,,100.0,100.0,100.0,680.0,28.0,28.0,100.0,0.0,100.0,0.0,200.0,0.0,100.0,6688.0,100.0,39522425376.0,100.0,82721688444.0
2019-09-15,ZJV1CT5H,ST12000NM0007,12000138625024,0,78.0,61994600.0,89.0,0.0,100.0,22.0,100.0,0.0,90.0,996805150.0,93.0,6926.0,100.0,0.0,100.0,22.0,,,,,100.0,0.0,100.0,0.0,,,70.0,30.0,,,100.0,100.0,100.0,681.0,30.0,30.0,100.0,0.0,100.0,0.0,200.0,0.0,100.0,6720.0,100.0,39631049048.0,100.0,83233865764.0
2019-09-16,ZJV1CT5H,ST12000NM0007,12000138625024,0,81.0,129296480.0,89.0,0.0,100.0,22.0,100.0,0.0,90.0,998988950.0,93.0,6942.0,100.0,0.0,100.0,22.0,,,,,100.0,0.0,100.0,0.0,,,73.0,27.0,,,100.0,100.0,100.0,682.0,27.0,27.0,100.0,0.0,100.0,0.0,200.0,0.0,100.0,6736.0,100.0,39670420160.0,100.0,83505937228.0
2019-09-17,ZJV1CT5H,ST12000NM0007,12000138625024,0,82.0,165006712.0,89.0,0.0,100.0,22.0,100.0,0.0,66.0,3897519.0,93.0,6973.0,100.0,0.0,100.0,22.0,,,,,100.0,0.0,100.0,0.0,,,71.0,29.0,,,100.0,101.0,100.0,683.0,29.0,29.0,100.0,0.0,100.0,0.0,200.0,0.0,100.0,6767.0,100.0,39717786464.0,100.0,83738421788.0
2019-09-18,ZJV1CT5H,ST12000NM0007,12000138625024,0,83.0,189315720.0,89.0,0.0,100.0,22.0,100.0,0.0,68.0,5986452.0,93.0,6989.0,100.0,0.0,100.0,22.0,,,,,100.0,0.0,100.0,0.0,,,72.0,28.0,,,100.0,101.0,100.0,684.0,28.0,28.0,100.0,0.0,100.0,0.0,200.0,0.0,100.0,6783.0,100.0,39756377368.0,100.0,83968280764.0
2019-09-19,ZJV1CT5H,ST12000NM0007,12000138625024,0,82.0,172630080.0,89.0,0.0,100.0,22.0,100.0,0.0,70.0,10051442.0,92.0,7021.0,100.0,0.0,100.0,22.0,,,,,100.0,0.0,100.0,0.0,,,71.0,29.0,,,100.0,101.0,100.0,685.0,29.0,29.0,100.0,0.0,100.0,0.0,200.0,0.0,100.0,6814.0,100.0,39802630104.0,100.0,84393623852.0
2019-09-20,ZJV1CT5H,ST12000NM0007,12000138625024,0,83.0,208960176.0,89.0,0.0,100.0,22.0,100.0,0.0,71.0,11862516.0,92.0,7036.0,100.0,0.0,100.0,22.0,,,,,100.0,0.0,100.0,0.0,,,72.0,28.0,,,100.0,101.0,100.0,686.0,28.0,28.0,100.0,0.0,100.0,0.0,200.0,0.0,100.0,6830.0,100.0,39829127600.0,100.0,84647597140.0
2019-09-21,ZJV1CT5H,ST12000NM0007,12000138625024,0,77.0,49397408.0,89.0,0.0,100.0,22.0,100.0,0.0,72.0,16686895.0,92.0,7068.0,100.0,0.0,100.0,22.0,,,,,100.0,0.0,100.0,0.0,,,71.0,29.0,,,100.0,102.0,100.0,688.0,29.0,29.0,100.0,0.0,100.0,0.0,200.0,0.0,100.0,6862.0,100.0,39897130912.0,100.0,85152453412.0
2019-09-22,ZJV1CT5H,ST12000NM0007,12000138625024,0,80.0,91166688.0,89.0,0.0,100.0,22.0,100.0,0.0,73.0,18751467.0,92.0,7084.0,100.0,0.0,100.0,22.0,,,,,100.0,0.0,100.0,0.0,,,72.0,28.0,,,100.0,102.0,100.0,688.0,28.0,28.0,100.0,0.0,100.0,0.0,200.0,0.0,100.0,6877.0,100.0,39927311584.0,100.0,85408182932.0
2019-09-23,ZJV1CT5H,ST12000NM0007,12000138625024,0,83.0,184293040.0,89.0,0.0,100.0,22.0,100.0,0.0,74.0,23208085.0,92.0,7115.0,100.0,0.0,100.0,22.0,,,,,100.0,0.0,100.0,0.0,,,71.0,29.0,,,100.0,102.0,100.0,689.0,29.0,29.0,100.0,0.0,100.0,0.0,200.0,0.0,100.0,6909.0,100.0,40020551912.0,100.0,85896350436.0
2019-09-24,ZJV1CT5H,ST12000NM0007,12000138625024,0,81.0,118318232.0,89.0,0.0,100.0,22.0,100.0,0.0,74.0,25925350.0,92.0,7131.0,100.0,0.0,100.0,22.0,,,,,100.0,0.0,100.0,0.0,,,71.0,29.0,,,100.0,103.0,100.0,690.0,29.0,29.0,100.0,0.0,100.0,0.0,200.0,0.0,100.0,6925.0,100.0,40052128784.0,100.0,86042939492.0
2019-09-25,ZJV1CT5H,ST12000NM0007,12000138625024,0,83.0,179180984.0,89.0,0.0,100.0,22.0,100.0,0.0,75.0,29389745.0,92.0,7163.0,100.0,0.0,100.0,22.0,,,,,100.0,0.0,100.0,0.0,,,71.0,29.0,,,100.0,103.0,100.0,691.0,29.0,29.0,100.0,0.0,100.0,0.0,200.0,0.0,100.0,6956.0,100.0,40099982528.0,100.0,86544230036.0
2019-09-26,ZJV1CT5H,ST12000NM0007,12000138625024,0,83.0,190145688.0,89.0,0.0,100.0,22.0,100.0,0.0,75.0,31771336.0,92.0,7179.0,100.0,0.0,100.0,22.0,,,,,100.0,0.0,100.0,0.0,,,72.0,28.0,,,100.0,103.0,100.0,693.0,28.0,28.0,100.0,0.0,100.0,0.0,200.0,0.0,100.0,6972.0,100.0,40130876120.0,100.0,86768441780.0
2019-09-27,ZJV1CT5H,ST12000NM0007,12000138625024,0,72.0,16560448.0,89.0,0.0,100.0,22.0,100.0,0.0,76.0,37566040.0,92.0,7210.0,100.0,0.0,100.0,22.0,,,,,100.0,0.0,100.0,0.0,,,71.0,29.0,,,100.0,103.0,100.0,694.0,29.0,29.0,100.0,0.0,100.0,0.0,200.0,0.0,100.0,7004.0,100.0,40201750728.0,100.0,87256404284.0
2019-09-28,ZJV1CT5H,ST12000NM0007,12000138625024,0,81.0,114235792.0,89.0,0.0,100.0,22.0,100.0,0.0,76.0,40188831.0,92.0,7226.0,100.0,0.0,100.0,22.0,,,,,100.0,0.0,100.0,0.0,,,71.0,29.0,,,100.0,103.0,100.0,695.0,29.0,29.0,100.0,0.0,100.0,0.0,200.0,0.0,100.0,7019.0,100.0,40270132120.0,100.0,87529839004.0
2019-09-29,ZJV1CT5H,ST12000NM0007,12000138625024,0,83.0,203709944.0,89.0,0.0,100.0,22.0,100.0,0.0,77.0,45525730.0,92.0,7258.0,100.0,0.0,100.0,22.0,,,,,100.0,0.0,100.0,0.0,,,72.0,28.0,,,100.0,104.0,100.0,696.0,28.0,28.0,100.0,0.0,100.0,0.0,200.0,0.0,100.0,7051.0,100.0,40351643288.0,100.0,88026083300.0
2019-09-30,ZJV1CT5H,ST12000NM0007,12000138625024,0,76.0,37366240.0,89.0,0.0,100.0,22.0,100.0,0.0,77.0,47915741.0,92.0,7274.0,100.0,0.0,100.0,22.0,,,,,100.0,0.0,100.0,0.0,,,72.0,28.0,,,100.0,104.0,100.0,697.0,28.0,28.0,100.0,0.0,100.0,0.0,200.0,0.0,100.0,7067.0,100.0,40396579384.0,100.0,88303085092.0
2019-10-01,ZJV1CT5H,ST12000NM0007,12000138625024,0,79.0,72648536.0,89.0,0.0,100.0,22.0,100.0,0.0,77.0,53638594.0,92.0,7306.0,100.0,0.0,100.0,22.0,,,,,100.0,0.0,100.0,0.0,,,72.0,28.0,,,100.0,105.0,100.0,698.0,28.0,28.0,100.0,0.0,100.0,0.0,200.0,0.0,100.0,7098.0,100.0,40513404336.0,100.0,88709823812.0
2019-10-02,ZJV1CT5H,ST12000NM0007,12000138625024,0,81.0,122891440.0,89.0,0.0,100.0,22.0,100.0,0.0,78.0,57616832.0,92.0,7337.0,100.0,0.0,100.0,22.0,,,,,100.0,0.0,100.0,0.0,,,72.0,28.0,,,100.0,105.0,100.0,700.0,28.0,28.0,100.0,0.0,100.0,0.0,200.0,0.0,100.0,7130.0,100.0,40580101664.0,100.0,89181650852.0
2019-10-03,ZJV1CT5H,ST12000NM0007,12000138625024,0,83.0,201654240.0,89.0,0.0,100.0,22.0,100.0,0.0,78.0,58615622.0,92.0,7353.0,100.0,0.0,100.0,22.0,,,,,100.0,0.0,100.0,0.0,,,71.0,29.0,,,100.0,105.0,100.0,700.0,29.0,29.0,100.0,0.0,100.0,0.0,200.0,0.0,100.0,7146.0,100.0,40592083224.0,100.0,89248432092.0
2019-10-04,ZJV1CT5H,ST12000NM0007,12000138625024,0,82.0,150906848.0,89.0,0.0,100.0,22.0,100.0,0.0,78.0,60876905.0,92.0,7385.0,100.0,0.0,100.0,22.0,,,,,100.0,0.0,100.0,0.0,,,71.0,29.0,,,100.0,106.0,100.0,702.0,29.0,29.0,100.0,0.0,100.0,0.0,200.0,0.0,100.0,7177.0,100.0,40614531312.0,100.0,89419377252.0
2019-10-05,ZJV1CT5H,ST12000NM0007,12000138625024,0,77.0,53908808.0,89.0,0.0,100.0,22.0,100.0,0.0,78.0,63538998.0,92.0,7401.0,100.0,0.0,100.0,22.0,,,,,100.0,0.0,100.0,0.0,,,71.0,29.0,,,100.0,106.0,100.0,703.0,29.0,29.0,100.0,0.0,100.0,0.0,200.0,0.0,100.0,7193.0,100.0,40632005576.0,100.0,89549045796.0
2019-10-06,ZJV1CT5H,ST12000NM0007,12000138625024,0,75.0,31760664.0,89.0,0.0,100.0,22.0,100.0,0.0,78.0,66284573.0,92.0,7432.0,100.0,0.0,100.0,22.0,,,,,100.0,0.0,100.0,0.0,,,71.0,29.0,,,100.0,106.0,100.0,704.0,29.0,29.0,100.0,0.0,100.0,0.0,200.0,0.0,100.0,7224.0,100.0,40657343352.0,100.0,89745700612.0
2019-10-07,ZJV1CT5H,ST12000NM0007,12000138625024,0,82.0,148597176.0,89.0,0.0,100.0,22.0,100.0,0.0,78.0,67594490.0,92.0,7448.0,100.0,0.0,100.0,22.0,,,,,100.0,0.0,100.0,0.0,,,71.0,29.0,,,100.0,106.0,100.0,705.0,29.0,29.0,100.0,0.0,100.0,0.0,200.0,0.0,100.0,7240.0,100.0,40686576024.0,100.0,89833304452.0
2019-10-08,ZJV1CT5H,ST12000NM0007,12000138625024,0,82.0,168933400.0,89.0,0.0,100.0,22.0,100.0,0.0,79.0,71335960.0,92.0,7480.0,100.0,0.0,100.0,22.0,,,,,100.0,0.0,100.0,0.0,,,71.0,29.0,,,100.0,107.0,100.0,706.0,29.0,29.0,100.0,0.0,100.0,0.0,200.0,0.0,100.0,7272.0,100.0,40739815776.0,100.0,90044541620.0
2019-10-09,ZJV1CT5H,ST12000NM0007,12000138625024,0,74.0,24238136.0,89.0,0.0,100.0,22.0,100.0,0.0,79.0,72393369.0,92.0,7496.0,100.0,0.0,100.0,22.0,,,,,100.0,0.0,100.0,0.0,,,71.0,29.0,,,100.0,108.0,100.0,707.0,29.0,29.0,100.0,0.0,100.0,0.0,200.0,0.0,100.0,7287.0,100.0,40755974744.0,100.0,90127828068.0
2019-10-10,ZJV1CT5H,ST12000NM0007,12000138625024,0,82.0,156570360.0,89.0,0.0,100.0,22.0,100.0,0.0,79.0,73513784.0,92.0,7511.0,100.0,0.0,100.0,22.0,,,,,100.0,0.0,100.0,0.0,,,71.0,29.0,,,100.0,108.0,100.0,708.0,29.0,29.0,100.0,0.0,100.0,0.0,200.0,0.0,100.0,7303.0,100.0,40778465000.0,100.0,90237670036.0
2019-10-11,ZJV1CT5H,ST12000NM0007,12000138625024,0,83.0,184333296.0,89.0,0.0,100.0,22.0,100.0,0.0,79.0,75811708.0,92.0,7543.0,100.0,0.0,100.0,22.0,,,,,100.0,0.0,100.0,0.0,,,74.0,26.0,,,100.0,108.0,100.0,709.0,26.0,26.0,100.0,0.0,100.0,0.0,200.0,0.0,100.0,7335.0,100.0,40816676088.0,100.0,90471362652.0
2019-10-12,ZJV1CT5H,ST12000NM0007,12000138625024,0,71.0,13701960.0,89.0,0.0,100.0,22.0,100.0,0.0,79.0,76890741.0,92.0,7559.0,100.0,0.0,100.0,22.0,,,,,100.0,0.0,100.0,0.0,,,73.0,27.0,,,100.0,108.0,100.0,710.0,27.0,27.0,100.0,0.0,100.0,0.0,200.0,0.0,100.0,7351.0,100.0,40831917312.0,100.0,90529630876.0
2019-10-13,ZJV1CT5H,ST12000NM0007,12000138625024,0,77.0,52627232.0,89.0,0.0,100.0,22.0,100.0,0.0,79.0,81212516.0,92.0,7591.0,100.0,0.0,100.0,22.0,,,,,100.0,0.0,100.0,0.0,,,73.0,27.0,,,100.0,109.0,100.0,711.0,27.0,27.0,100.0,0.0,100.0,0.0,200.0,0.0,100.0,7382.0,100.0,40881398232.0,100.0,90763215932.0
2019-10-14,ZJV1CT5H,ST12000NM0007,12000138625024,0,74.0,23538184.0,89.0,0.0,100.0,22.0,100.0,0.0,79.0,82587217.0,92.0,7607.0,100.0,0.0,100.0,22.0,,,,,100.0,0.0,100.0,0.0,,,72.0,28.0,,,100.0,109.0,100.0,712.0,28.0,28.0,100.0,0.0,100.0,0.0,200.0,0.0,100.0,7398.0,100.0,40900471000.0,100.0,90959194852.0
2019-10-15,ZJV1CT5H,ST12000NM0007,12000138625024,0,67.0,4734824.0,89.0,0.0,100.0,22.0,100.0,0.0,80.0,90311010.0,92.0,7670.0,100.0,0.0,100.0,22.0,,,,,100.0,0.0,100.0,0.0,,,72.0,28.0,,,100.0,110.0,100.0,715.0,28.0,28.0,100.0,0.0,100.0,0.0,200.0,0.0,100.0,7461.0,100.0,40999376960.0,100.0,91818048212.0
2019-10-16,ZJV1CT5H,ST12000NM0007,12000138625024,0,67.0,4734824.0,89.0,0.0,100.0,22.0,100.0,0.0,80.0,90311010.0,92.0,7670.0,100.0,0.0,100.0,22.0,,,,,100.0,0.0,100.0,0.0,,,72.0,28.0,,,100.0,110.0,100.0,715.0,28.0,28.0,100.0,0.0,100.0,0.0,200.0,0.0,100.0,7461.0,100.0,40999376960.0,100.0,91818048212.0
2019-10-17,ZJV1CT5H,ST12000NM0007,12000138625024,0,76.0,42123856.0,89.0,0.0,100.0,22.0,100.0,0.0,80.0,92287564.0,92.0,7686.0,100.0,0.0,100.0,22.0,,,,,100.0,0.0,100.0,0.0,,,72.0,28.0,,,100.0,110.0,100.0,715.0,28.0,28.0,100.0,0.0,100.0,0.0,200.0,0.0,100.0,7477.0,100.0,41023030928.0,100.0,92075923988.0
2019-10-18,ZJV1CT5H,ST12000NM0007,12000138625024,0,78.0,60983288.0,89.0,0.0,100.0,22.0,100.0,0.0,80.0,95810139.0,92.0,7718.0,100.0,0.0,100.0,22.0,,,,,100.0,0.0,100.0,0.0,,,72.0,28.0,,,100.0,111.0,100.0,717.0,28.0,28.0,100.0,0.0,100.0,0.0,200.0,0.0,100.0,7508.0,100.0,41083921176.0,100.0,92522174668.0
2019-10-19,ZJV1CT5H,ST12000NM0007,12000138625024,0,80.0,93616560.0,89.0,0.0,100.0,22.0,100.0,0.0,80.0,98169445.0,92.0,7733.0,100.0,0.0,100.0,22.0,,,,,100.0,0.0,100.0,0.0,,,71.0,29.0,,,100.0,111.0,100.0,717.0,29.0,29.0,100.0,0.0,100.0,0.0,200.0,0.0,100.0,7524.0,100.0,41113157208.0,100.0,92769712668.0
2019-10-20,ZJV1CT5H,ST12000NM0007,12000138625024,0,79.0,88701984.0,89.0,0.0,100.0,22.0,100.0,0.0,80.0,102246760.0,92.0,7765.0,100.0,0.0,100.0,22.0,,,,,100.0,0.0,100.0,0.0,,,71.0,29.0,,,100.0,111.0,100.0,718.0,29.0,29.0,100.0,0.0,100.0,0.0,200.0,0.0,100.0,7556.0,100.0,41189413424.0,100.0,93176823364.0
2019-10-21,ZJV1CT5H,ST12000NM0007,12000138625024,0,79.0,81727912.0,89.0,0.0,100.0,22.0,100.0,0.0,80.0,103645577.0,92.0,7781.0,100.0,0.0,100.0,22.0,,,,,100.0,0.0,100.0,0.0,,,71.0,29.0,,,100.0,111.0,100.0,719.0,29.0,29.0,100.0,0.0,100.0,0.0,200.0,0.0,100.0,7571.0,100.0,41209255280.0,100.0,93394148156.0
2019-10-22,ZJV1CT5H,ST12000NM0007,12000138625024,0,79.0,85638688.0,89.0,0.0,100.0,22.0,100.0,0.0,80.0,108198366.0,92.0,7812.0,100.0,0.0,100.0,22.0,,,,,100.0,0.0,100.0,0.0,,,71.0,29.0,,,100.0,112.0,100.0,720.0,29.0,29.0,100.0,0.0,100.0,0.0,200.0,0.0,100.0,7603.0,100.0,41262555384.0,100.0,93833040140.0
2019-10-23,ZJV1CT5H,ST12000NM0007,12000138625024,0,79.0,87455592.0,89.0,0.0,100.0,22.0,100.0,0.0,80.0,110084099.0,92.0,7828.0,100.0,0.0,100.0,22.0,,,,,100.0,0.0,100.0,0.0,,,70.0,30.0,,,100.0,112.0,100.0,721.0,30.0,30.0,100.0,0.0,100.0,0.0,200.0,0.0,100.0,7619.0,100.0,41304682776.0,100.0,94036870284.0
2019-10-24,ZJV1CT5H,ST12000NM0007,12000138625024,0,80.0,93936080.0,89.0,0.0,100.0,22.0,100.0,0.0,81.0,113269778.0,92.0,7860.0,100.0,0.0,100.0,22.0,,,,,100.0,0.0,100.0,0.0,,,70.0,30.0,,,100.0,112.0,100.0,722.0,30.0,30.0,100.0,0.0,100.0,0.0,200.0,0.0,100.0,7650.0,100.0,41366299808.0,100.0,94470015204.0
2019-10-25,ZJV1CT5H,ST12000NM0007,12000138625024,0,80.0,94477440.0,89.0,0.0,100.0,22.0,100.0,0.0,81.0,114831901.0,92.0,7876.0,100.0,0.0,100.0,22.0,,,,,100.0,0.0,100.0,0.0,,,71.0,29.0,,,100.0,112.0,100.0,723.0,29.0,29.0,100.0,0.0,100.0,0.0,200.0,0.0,100.0,7666.0,100.0,41389677000.0,100.0,94691320084.0
2019-10-26,ZJV1CT5H,ST12000NM0007,12000138625024,0,82.0,171299112.0,89.0,0.0,100.0,22.0,100.0,0.0,81.0,119983427.0,91.0,7908.0,100.0,0.0,100.0,22.0,,,,,100.0,0.0,100.0,0.0,,,71.0,29.0,,,100.0,112.0,100.0,726.0,29.0,29.0,100.0,0.0,100.0,0.0,200.0,0.0,100.0,7698.0,100.0,41442099088.0,100.0,95204001166.0
2019-10-27,ZJV1CT5H,ST12000NM0007,12000138625024,0,83.0,179409904.0,89.0,0.0,100.0,22.0,100.0,0.0,81.0,121936662.0,91.0,7924.0,100.0,0.0,100.0,22.0,,,,,100.0,0.0,100.0,0.0,,,71.0,29.0,,,100.0,112.0,100.0,726.0,29.0,29.0,100.0,0.0,100.0,0.0,200.0,0.0,100.0,7714.0,100.0,41476652048.0,100.0,95421699782.0
2019-10-28,ZJV1CT5H,ST12000NM0007,12000138625024,0,83.0,214446976.0,89.0,0.0,100.0,22.0,100.0,0.0,81.0,125659987.0,91.0,7955.0,100.0,0.0,100.0,22.0,,,,,100.0,0.0,100.0,0.0,,,71.0,29.0,,,100.0,113.0,100.0,728.0,29.0,29.0,100.0,0.0,100.0,0.0,200.0,0.0,100.0,7745.0,100.0,41549896096.0,100.0,95871774182.0
2019-10-29,ZJV1CT5H,ST12000NM0007,12000138625024,0,83.0,203655032.0,89.0,0.0,100.0,22.0,100.0,0.0,81.0,129852126.0,91.0,7971.0,100.0,0.0,100.0,22.0,,,,,100.0,0.0,100.0,0.0,,,71.0,29.0,,,100.0,113.0,100.0,728.0,29.0,29.0,100.0,0.0,100.0,0.0,200.0,0.0,100.0,7761.0,100.0,41585215904.0,100.0,96069803222.0
2019-10-30,ZJV1CT5H,ST12000NM0007,12000138625024,0,74.0,26749888.0,89.0,0.0,100.0,22.0,100.0,0.0,81.0,133653429.0,91.0,8003.0,100.0,0.0,100.0,22.0,,,,,100.0,0.0,100.0,0.0,,,70.0,30.0,,,100.0,113.0,100.0,730.0,30.0,30.0,100.0,0.0,100.0,0.0,200.0,0.0,100.0,7792.0,100.0,41663548312.0,100.0,96546987918.0
2019-10-31,ZJV1CT5H,ST12000NM0007,12000138625024,0,74.0,26398008.0,89.0,0.0,100.0,22.0,100.0,0.0,81.0,135333017.0,91.0,8019.0,100.0,0.0,100.0,22.0,,,,,100.0,0.0,100.0,0.0,,,70.0,30.0,,,100.0,113.0,100.0,730.0,30.0,30.0,100.0,0.0,100.0,0.0,200.0,0.0,100.0,7808.0,100.0,41698778592.0,100.0,96755546494.0
2019-11-01,ZJV1CT5H,ST12000NM0007,12000138625024,0,76.0,38416040.0,89.0,0.0,100.0,22.0,100.0,0.0,81.0,139540196.0,91.0,8050.0,100.0,0.0,100.0,22.0,,,,,100.0,0.0,100.0,0.0,,,72.0,28.0,,,100.0,113.0,100.0,732.0,28.0,28.0,100.0,0.0,100.0,0.0,200.0,0.0,100.0,7840.0,100.0,41781323480.0,100.0,97173301222.0
2019-11-02,ZJV1CT5H,ST12000NM0007,12000138625024,0,80.0,98579080.0,89.0,0.0,100.0,22.0,100.0,0.0,82.0,141849580.0,91.0,8066.0,100.0,0.0,100.0,22.0,,,,,100.0,0.0,100.0,0.0,,,71.0,29.0,,,100.0,113.0,100.0,732.0,29.0,29.0,100.0,0.0,100.0,0.0,200.0,0.0,100.0,7855.0,100.0,41816846496.0,100.0,97442082014.0
2019-11-03,ZJV1CT5H,ST12000NM0007,12000138625024,0,81.0,130350984.0,89.0,0.0,100.0,22.0,100.0,0.0,82.0,146066799.0,91.0,8098.0,100.0,0.0,100.0,22.0,,,,,100.0,0.0,100.0,0.0,,,71.0,29.0,,,100.0,114.0,100.0,734.0,29.0,29.0,100.0,0.0,100.0,0.0,200.0,0.0,100.0,7886.0,100.0,41861691360.0,100.0,97917290814.0
2019-11-04,ZJV1CT5H,ST12000NM0007,12000138625024,0,82.0,159125296.0,89.0,0.0,100.0,22.0,100.0,0.0,82.0,147831901.0,91.0,8114.0,100.0,0.0,100.0,22.0,,,,,100.0,0.0,100.0,0.0,,,71.0,29.0,,,100.0,114.0,100.0,734.0,29.0,29.0,100.0,0.0,100.0,0.0,200.0,0.0,100.0,7902.0,100.0,41877800520.0,100.0,98174096934.0
2019-11-05,ZJV1CT5H,ST12000NM0007,12000138625024,0,81.0,130470464.0,89.0,0.0,100.0,22.0,100.0,0.0,82.0,152013583.0,91.0,8145.0,100.0,0.0,100.0,22.0,,,,,100.0,0.0,100.0,0.0,,,71.0,29.0,,,100.0,114.0,100.0,735.0,29.0,29.0,100.0,0.0,100.0,0.0,200.0,0.0,100.0,7934.0,100.0,41926377352.0,100.0,98585147046.0
2019-11-06,ZJV1CT5H,ST12000NM0007,12000138625024,0,82.0,171990912.0,89.0,0.0,100.0,22.0,100.0,0.0,82.0,153681932.0,91.0,8161.0,100.0,0.0,100.0,22.0,,,,,100.0,0.0,100.0,0.0,,,71.0,29.0,,,100.0,114.0,100.0,736.0,29.0,29.0,100.0,0.0,100.0,0.0,200.0,0.0,100.0,7949.0,100.0,41945400312.0,100.0,98851785286.0
2019-11-07,ZJV1CT5H,ST12000NM0007,12000138625024,0,78.0,61196936.0,89.0,0.0,100.0,22.0,100.0,0.0,82.0,156589016.0,91.0,8193.0,100.0,0.0,100.0,22.0,,,,,100.0,0.0,100.0,0.0,,,70.0,30.0,,,100.0,114.0,100.0,738.0,30.0,30.0,100.0,0.0,100.0,0.0,200.0,0.0,100.0,7980.0,100.0,41990696256.0,100.0,99183977102.0
2019-11-08,ZJV1CT5H,ST12000NM0007,12000138625024,0,80.0,101812416.0,89.0,0.0,100.0,22.0,100.0,0.0,82.0,158219893.0,91.0,8209.0,100.0,0.0,100.0,22.0,,,,,100.0,0.0,100.0,0.0,,,70.0,30.0,,,100.0,114.0,100.0,739.0,30.0,30.0,100.0,0.0,100.0,0.0,200.0,0.0,100.0,7996.0,100.0,42024880000.0,100.0,99434549542.0
2019-11-09,ZJV1CT5H,ST12000NM0007,12000138625024,0,83.0,198192336.0,89.0,0.0,100.0,22.0,100.0,0.0,82.0,162828501.0,91.0,8240.0,100.0,0.0,100.0,22.0,,,,,100.0,0.0,100.0,0.0,,,70.0,30.0,,,100.0,115.0,100.0,740.0,30.0,30.0,100.0,0.0,100.0,0.0,200.0,0.0,100.0,8028.0,100.0,42065389408.0,100.0,99978701598.0
2019-11-10,ZJV1CT5H,ST12000NM0007,12000138625024,0,84.0,229287968.0,89.0,0.0,100.0,22.0,100.0,0.0,82.0,164496118.0,91.0,8256.0,100.0,0.0,100.0,22.0,,,,,100.0,0.0,100.0,0.0,,,72.0,28.0,,,100.0,115.0,100.0,741.0,28.0,28.0,100.0,0.0,100.0,0.0,200.0,0.0,100.0,8043.0,100.0,42085479976.0,100.0,100233847294.0
2019-11-11,ZJV1CT5H,ST12000NM0007,12000138625024,0,84.0,237279952.0,89.0,0.0,100.0,22.0,100.0,0.0,82.0,167517806.0,91.0,8288.0,100.0,0.0,100.0,22.0,,,,,100.0,0.0,100.0,0.0,,,72.0,28.0,,,100.0,115.0,100.0,742.0,28.0,28.0,100.0,0.0,100.0,0.0,200.0,0.0,100.0,8074.0,100.0,42125786896.0,100.0,100689813798.0
2019-11-12,ZJV1CT5H,ST12000NM0007,12000138625024,0,84.0,225045368.0,89.0,0.0,100.0,22.0,100.0,0.0,82.0,170100882.0,91.0,8304.0,100.0,0.0,100.0,22.0,,,,,100.0,0.0,100.0,0.0,,,72.0,28.0,,,100.0,116.0,100.0,743.0,28.0,28.0,100.0,0.0,100.0,0.0,200.0,0.0,100.0,8090.0,100.0,42150022360.0,100.0,100897485046.0
2019-11-13,ZJV1CT5H,ST12000NM0007,12000138625024,0,75.0,34073024.0,89.0,0.0,100.0,22.0,100.0,0.0,82.0,173849851.0,91.0,8335.0,100.0,0.0,100.0,22.0,,,,,100.0,0.0,100.0,0.0,,,70.0,30.0,,,100.0,117.0,100.0,744.0,30.0,30.0,100.0,0.0,100.0,0.0,200.0,0.0,100.0,8122.0,100.0,42190193552.0,100.0,101398764646.0
2019-11-14,ZJV1CT5H,ST12000NM0007,12000138625024,0,80.0,97620696.0,89.0,0.0,100.0,22.0,100.0,0.0,83.0,178423961.0,91.0,8367.0,100.0,0.0,100.0,22.0,,,,,100.0,0.0,100.0,0.0,,,71.0,29.0,,,100.0,117.0,100.0,746.0,29.0,29.0,100.0,0.0,100.0,0.0,200.0,0.0,100.0,8153.0,100.0,42244138384.0,100.0,101896648942.0
2019-11-15,ZJV1CT5H,ST12000NM0007,12000138625024,0,82.0,154163856.0,89.0,0.0,100.0,22.0,100.0,0.0,83.0,180681155.0,91.0,8383.0,100.0,0.0,100.0,22.0,,,,,100.0,0.0,100.0,0.0,,,71.0,29.0,,,100.0,117.0,100.0,746.0,29.0,29.0,100.0,0.0,100.0,0.0,200.0,0.0,100.0,8169.0,100.0,42275583936.0,100.0,102165887590.0
2019-11-16,ZJV1CT5H,ST12000NM0007,12000138625024,0,80.0,100995288.0,89.0,0.0,100.0,22.0,100.0,0.0,83.0,187863874.0,91.0,8414.0,100.0,0.0,100.0,22.0,,,,,100.0,0.0,100.0,0.0,,,71.0,29.0,,,100.0,117.0,100.0,748.0,29.0,29.0,100.0,0.0,100.0,0.0,200.0,0.0,100.0,8200.0,100.0,42336578248.0,100.0,102784147142.0
2019-11-17,ZJV1CT5H,ST12000NM0007,12000138625024,0,82.0,142459120.0,89.0,0.0,100.0,22.0,100.0,0.0,83.0,189860125.0,91.0,8430.0,100.0,0.0,100.0,22.0,,,,,100.0,0.0,100.0,0.0,,,71.0,29.0,,,100.0,117.0,100.0,748.0,29.0,29.0,100.0,0.0,100.0,0.0,200.0,0.0,100.0,8216.0,100.0,42361699416.0,100.0,103044630518.0
2019-11-18,ZJV1CT5H,ST12000NM0007,12000138625024,0,82.0,177578632.0,89.0,0.0,100.0,22.0,100.0,0.0,83.0,194199288.0,91.0,8462.0,100.0,0.0,100.0,22.0,,,,,100.0,0.0,100.0,0.0,,,72.0,28.0,,,100.0,118.0,100.0,750.0,28.0,28.0,100.0,0.0,100.0,0.0,200.0,0.0,100.0,8248.0,100.0,42411147232.0,100.0,103518584446.0
2019-11-19,ZJV1CT5H,ST12000NM0007,12000138625024,0,83.0,185484464.0,89.0,0.0,100.0,22.0,100.0,0.0,83.0,195946588.0,91.0,8478.0,100.0,0.0,100.0,22.0,,,,,100.0,0.0,100.0,0.0,,,71.0,29.0,,,100.0,118.0,100.0,750.0,29.0,29.0,100.0,0.0,100.0,0.0,200.0,0.0,100.0,8264.0,100.0,42425158032.0,100.0,103756620222.0
2019-11-20,ZJV1CT5H,ST12000NM0007,12000138625024,0,83.0,210368680.0,89.0,0.0,100.0,22.0,100.0,0.0,83.0,198652323.0,91.0,8510.0,100.0,0.0,100.0,22.0,,,,,100.0,0.0,100.0,0.0,,,72.0,28.0,,,100.0,119.0,100.0,752.0,28.0,28.0,100.0,0.0,100.0,0.0,200.0,0.0,100.0,8295.0,100.0,42455648520.0,100.0,104239295366.0
2019-11-21,ZJV1CT5H,ST12000NM0007,12000138625024,0,83.0,218988152.0,89.0,0.0,100.0,22.0,100.0,0.0,83.0,199824388.0,91.0,8526.0,100.0,0.0,100.0,22.0,,,,,100.0,0.0,100.0,0.0,,,71.0,29.0,,,100.0,119.0,100.0,752.0,29.0,29.0,100.0,0.0,100.0,0.0,200.0,0.0,100.0,8311.0,100.0,42475604816.0,100.0,104472099502.0
2019-11-22,ZJV1CT5H,ST12000NM0007,12000138625024,0,84.0,235137984.0,89.0,0.0,100.0,22.0,100.0,0.0,83.0,202355343.0,91.0,8557.0,100.0,0.0,100.0,22.0,,,,,100.0,0.0,100.0,0.0,,,71.0,29.0,,,100.0,121.0,100.0,754.0,29.0,29.0,100.0,0.0,100.0,0.0,200.0,0.0,100.0,8342.0,100.0,42526965896.0,100.0,104925169910.0
2019-11-23,ZJV1CT5H,ST12000NM0007,12000138625024,0,74.0,25300600.0,89.0,0.0,100.0,22.0,100.0,0.0,83.0,204760489.0,91.0,8573.0,100.0,0.0,100.0,22.0,,,,,100.0,0.0,100.0,0.0,,,72.0,28.0,,,100.0,121.0,100.0,754.0,28.0,28.0,100.0,0.0,100.0,0.0,200.0,0.0,100.0,8358.0,100.0,42527224752.0,100.0,105203355078.0
2019-11-24,ZJV1CT5H,ST12000NM0007,12000138625024,0,67.0,4822752.0,89.0,0.0,100.0,22.0,100.0,0.0,83.0,206820449.0,91.0,8605.0,100.0,0.0,100.0,22.0,,,,,100.0,0.0,100.0,0.0,,,72.0,28.0,,,100.0,122.0,100.0,756.0,28.0,28.0,100.0,0.0,100.0,0.0,200.0,0.0,100.0,8389.0,100.0,42527636760.0,100.0,105670746830.0
2019-11-25,ZJV1CT5H,ST12000NM0007,12000138625024,0,83.0,194412752.0,89.0,0.0,100.0,22.0,100.0,0.0,83.0,207692523.0,91.0,8621.0,100.0,0.0,100.0,22.0,,,,,100.0,0.0,100.0,0.0,,,72.0,28.0,,,100.0,122.0,100.0,756.0,28.0,28.0,100.0,0.0,100.0,0.0,200.0,0.0,100.0,8405.0,100.0,42527827784.0,100.0,105860145806.0
2019-11-26,ZJV1CT5H,ST12000NM0007,12000138625024,0,81.0,137754904.0,89.0,0.0,100.0,22.0,100.0,0.0,83.0,210696565.0,91.0,8652.0,100.0,0.0,100.0,22.0,,,,,100.0,0.0,100.0,0.0,,,72.0,28.0,,,100.0,123.0,100.0,758.0,28.0,28.0,100.0,0.0,100.0,0.0,200.0,0.0,100.0,8436.0,100.0,42530404408.0,100.0,106289192870.0
2019-11-27,ZJV1CT5H,ST12000NM0007,12000138625024,0,80.0,98571288.0,89.0,0.0,100.0,22.0,100.0,0.0,83.0,212686192.0,91.0,8684.0,100.0,0.0,100.0,22.0,,,,,100.0,0.0,100.0,0.0,,,72.0,28.0,,,100.0,124.0,100.0,760.0,28.0,28.0,100.0,0.0,100.0,0.0,200.0,0.0,100.0,8467.0,100.0,42532200568.0,100.0,106736494870.0
2019-11-28,ZJV1CT5H,ST12000NM0007,12000138625024,0,78.0,61498912.0,89.0,0.0,100.0,22.0,100.0,0.0,83.0,213551797.0,91.0,8700.0,100.0,0.0,100.0,22.0,,,,,100.0,0.0,100.0,0.0,,,73.0,27.0,,,100.0,124.0,100.0,760.0,27.0,27.0,100.0,0.0,100.0,0.0,200.0,0.0,100.0,8483.0,100.0,42532394824.0,100.0,106943368926.0
2019-11-29,ZJV1CT5H,ST12000NM0007,12000138625024,0,76.0,43075872.0,89.0,0.0,100.0,22.0,100.0,0.0,83.0,215571093.0,91.0,8731.0,100.0,0.0,100.0,22.0,,,,,100.0,0.0,100.0,0.0,,,73.0,27.0,,,100.0,125.0,100.0,762.0,27.0,27.0,100.0,0.0,100.0,0.0,200.0,0.0,100.0,8514.0,100.0,42532802824.0,100.0,107412819406.0
2019-11-30,ZJV1CT5H,ST12000NM0007,12000138625024,0,80.0,96884208.0,89.0,0.0,100.0,22.0,100.0,0.0,83.0,218262337.0,91.0,8747.0,100.0,0.0,100.0,22.0,,,,,100.0,0.0,100.0,0.0,,,73.0,27.0,,,100.0,125.0,100.0,762.0,27.0,27.0,100.0,0.0,100.0,0.0,200.0,0.0,100.0,8530.0,100.0,42533008248.0,100.0,107710562966.0
2019-12-01,ZJV1CT5H,ST12000NM0007,12000138625024,0,77.0,50272840.0,89.0,0.0,100.0,22.0,100.0,0.0,83.0,220274738.0,90.0,8779.0,100.0,0.0,100.0,22.0,,,,,100.0,0.0,100.0,0.0,,,74.0,26.0,,,100.0,126.0,100.0,764.0,26.0,26.0,100.0,0.0,100.0,0.0,200.0,0.0,100.0,8561.0,100.0,42533406928.0,100.0,108151834470.0
2019-12-02,ZJV1CT5H,ST12000NM0007,12000138625024,0,76.0,40275216.0,89.0,0.0,100.0,22.0,100.0,0.0,83.0,221265983.0,90.0,8795.0,100.0,0.0,100.0,22.0,,,,,100.0,0.0,100.0,0.0,,,74.0,26.0,,,100.0,126.0,100.0,764.0,26.0,26.0,100.0,0.0,100.0,0.0,200.0,0.0,100.0,8577.0,100.0,42533652528.0,100.0,108385731982.0
2019-12-03,ZJV1CT5H,ST12000NM0007,12000138625024,0,83.0,217765920.0,89.0,0.0,100.0,22.0,100.0,0.0,84.0,224245044.0,90.0,8826.0,100.0,0.0,100.0,22.0,,,,,100.0,0.0,100.0,0.0,,,73.0,27.0,,,100.0,126.0,100.0,766.0,27.0,27.0,100.0,0.0,100.0,0.0,200.0,0.0,100.0,8609.0,100.0,42533998832.0,100.0,108807017014.0
2019-12-04,ZJV1CT5H,ST12000NM0007,12000138625024,0,83.0,193877112.0,89.0,0.0,100.0,22.0,100.0,0.0,84.0,225218639.0,90.0,8842.0,100.0,0.0,100.0,22.0,,,,,100.0,0.0,100.0,0.0,,,72.0,28.0,,,100.0,126.0,100.0,766.0,28.0,28.0,100.0,0.0,100.0,0.0,200.0,0.0,100.0,8625.0,100.0,42534204320.0,100.0,109027063414.0
2019-12-05,ZJV1CT5H,ST12000NM0007,12000138625024,0,82.0,149710712.0,89.0,0.0,100.0,22.0,100.0,0.0,84.0,227176482.0,90.0,8874.0,100.0,0.0,100.0,22.0,,,,,100.0,0.0,100.0,0.0,,,73.0,27.0,,,100.0,126.0,100.0,768.0,27.0,27.0,100.0,0.0,100.0,0.0,200.0,0.0,100.0,8656.0,100.0,42534626112.0,100.0,109470756702.0
2019-12-06,ZJV1CT5H,ST12000NM0007,12000138625024,0,82.0,142145520.0,89.0,0.0,100.0,22.0,100.0,0.0,84.0,228175445.0,90.0,8890.0,100.0,0.0,100.0,22.0,,,,,100.0,0.0,100.0,0.0,,,72.0,28.0,,,100.0,126.0,100.0,768.0,28.0,28.0,100.0,0.0,100.0,0.0,200.0,0.0,100.0,8672.0,100.0,42534830656.0,100.0,109707127646.0
2019-12-07,ZJV1CT5H,ST12000NM0007,12000138625024,0,82.0,141456792.0,89.0,0.0,100.0,22.0,100.0,0.0,84.0,231444109.0,90.0,8921.0,100.0,0.0,100.0,22.0,,,,,100.0,0.0,100.0,0.0,,,72.0,28.0,,,100.0,126.0,100.0,770.0,28.0,28.0,100.0,0.0,100.0,0.0,200.0,0.0,100.0,8703.0,100.0,42536819072.0,100.0,110192732238.0
2019-12-08,ZJV1CT5H,ST12000NM0007,12000138625024,0,80.0,97715448.0,89.0,0.0,100.0,22.0,100.0,0.0,84.0,232296417.0,90.0,8937.0,100.0,0.0,100.0,22.0,,,,,100.0,0.0,100.0,0.0,,,73.0,27.0,,,100.0,126.0,100.0,770.0,27.0,27.0,100.0,0.0,100.0,0.0,200.0,0.0,100.0,8719.0,100.0,42537226296.0,100.0,110392724334.0
2019-12-09,ZJV1CT5H,ST12000NM0007,12000138625024,0,76.0,41431312.0,89.0,0.0,100.0,22.0,100.0,0.0,84.0,235323549.0,90.0,8969.0,100.0,0.0,100.0,22.0,,,,,100.0,0.0,100.0,0.0,,,73.0,27.0,,,100.0,128.0,100.0,772.0,27.0,27.0,100.0,0.0,100.0,0.0,200.0,0.0,100.0,8750.0,100.0,42538010672.0,100.0,110823937230.0
2019-12-10,ZJV1CT5H,ST12000NM0007,12000138625024,0,75.0,32711856.0,89.0,0.0,100.0,22.0,100.0,0.0,84.0,236339594.0,90.0,8985.0,100.0,0.0,100.0,22.0,,,,,100.0,0.0,100.0,0.0,,,73.0,27.0,,,100.0,128.0,100.0,772.0,27.0,27.0,100.0,0.0,100.0,0.0,200.0,0.0,100.0,8766.0,100.0,42538216080.0,100.0,111059153006.0
2019-12-11,ZJV1CT5H,ST12000NM0007,12000138625024,0,70.0,9617832.0,89.0,0.0,100.0,22.0,100.0,0.0,84.0,237349780.0,90.0,9001.0,100.0,0.0,100.0,22.0,,,,,100.0,0.0,100.0,0.0,,,73.0,27.0,,,100.0,128.0,100.0,773.0,27.0,27.0,100.0,0.0,100.0,0.0,200.0,0.0,100.0,8782.0,100.0,42538422064.0,100.0,111279994022.0
2019-12-12,ZJV1CT5H,ST12000NM0007,12000138625024,0,83.0,195219424.0,89.0,0.0,100.0,22.0,100.0,0.0,84.0,239182487.0,90.0,9032.0,100.0,0.0,100.0,22.0,,,,,100.0,0.0,100.0,0.0,,,73.0,27.0,,,100.0,128.0,100.0,774.0,27.0,27.0,100.0,0.0,100.0,0.0,200.0,0.0,100.0,8814.0,100.0,42538821896.0,100.0,111709336854.0
2019-12-13,ZJV1CT5H,ST12000NM0007,12000138625024,0,83.0,192620952.0,89.0,0.0,100.0,22.0,100.0,0.0,84.0,240213403.0,90.0,9048.0,100.0,0.0,100.0,22.0,,,,,100.0,0.0,100.0,0.0,,,72.0,28.0,,,100.0,128.0,100.0,775.0,28.0,28.0,100.0,0.0,100.0,0.0,200.0,0.0,100.0,8829.0,100.0,42539026064.0,100.0,111950674918.0
2019-12-14,ZJV1CT5H,ST12000NM0007,12000138625024,0,83.0,190238696.0,89.0,0.0,100.0,22.0,100.0,0.0,84.0,243388453.0,90.0,9080.0,100.0,0.0,100.0,22.0,,,,,100.0,0.0,100.0,0.0,,,72.0,28.0,,,100.0,129.0,100.0,776.0,28.0,28.0,100.0,0.0,100.0,0.0,200.0,0.0,100.0,8861.0,100.0,42539436680.0,100.0,112436163518.0
2019-12-15,ZJV1CT5H,ST12000NM0007,12000138625024,0,82.0,153874504.0,89.0,0.0,100.0,22.0,100.0,0.0,84.0,244385447.0,90.0,9096.0,100.0,0.0,100.0,22.0,,,,,100.0,0.0,100.0,0.0,,,72.0,28.0,,,100.0,130.0,100.0,777.0,28.0,28.0,100.0,0.0,100.0,0.0,200.0,0.0,100.0,8876.0,100.0,42539629248.0,100.0,112643747518.0
2019-12-16,ZJV1CT5H,ST12000NM0007,12000138625024,0,83.0,196501480.0,89.0,0.0,100.0,22.0,100.0,0.0,84.0,247308699.0,90.0,9127.0,100.0,0.0,100.0,22.0,,,,,100.0,0.0,100.0,0.0,,,74.0,26.0,,,100.0,130.0,100.0,778.0,26.0,26.0,100.0,0.0,100.0,0.0,200.0,0.0,100.0,8908.0,100.0,42540038672.0,100.0,113174246494.0
2019-12-17,ZJV1CT5H,ST12000NM0007,12000138625024,0,82.0,145543912.0,89.0,0.0,100.0,22.0,100.0,0.0,84.0,249340921.0,90.0,9143.0,100.0,0.0,100.0,22.0,,,,,100.0,0.0,100.0,0.0,,,74.0,26.0,,,100.0,131.0,100.0,779.0,26.0,26.0,100.0,0.0,100.0,0.0,200.0,0.0,100.0,8924.0,100.0,42540174784.0,100.0,113367293598.0
2019-12-18,ZJV1CT5H,ST12000NM0007,12000138625024,0,79.0,83801016.0,89.0,0.0,100.0,22.0,100.0,0.0,84.0,251192018.0,90.0,9175.0,100.0,0.0,100.0,22.0,,,,,100.0,0.0,100.0,0.0,,,74.0,26.0,,,100.0,131.0,100.0,780.0,26.0,26.0,100.0,0.0,100.0,0.0,200.0,0.0,100.0,8956.0,100.0,42540573344.0,100.0,113793433694.0
2019-12-19,ZJV1CT5H,ST12000NM0007,12000138625024,0,78.0,58013016.0,89.0,0.0,100.0,22.0,100.0,0.0,84.0,253156216.0,90.0,9206.0,100.0,0.0,100.0,22.0,,,,,100.0,0.0,100.0,0.0,,,74.0,26.0,,,100.0,132.0,100.0,781.0,26.0,26.0,100.0,0.0,100.0,0.0,200.0,0.0,100.0,8987.0,100.0,42540981352.0,100.0,114255519238.0
2019-12-20,ZJV1CT5H,ST12000NM0007,12000138625024,0,75.0,35065032.0,89.0,0.0,100.0,22.0,100.0,0.0,84.0,254099068.0,90.0,9222.0,100.0,0.0,100.0,22.0,,,,,100.0,0.0,100.0,0.0,,,74.0,26.0,,,100.0,132.0,100.0,782.0,26.0,26.0,100.0,0.0,100.0,0.0,200.0,0.0,100.0,9003.0,100.0,42541187328.0,100.0,114476505950.0
2019-12-21,ZJV1CT5H,ST12000NM0007,12000138625024,0,83.0,214387320.0,89.0,0.0,100.0,22.0,100.0,0.0,84.0,255953578.0,90.0,9254.0,100.0,0.0,100.0,22.0,,,,,100.0,0.0,100.0,0.0,,,73.0,27.0,,,100.0,132.0,100.0,785.0,27.0,27.0,100.0,0.0,100.0,0.0,200.0,0.0,100.0,9034.0,100.0,42541583184.0,100.0,114899573664.0
2019-12-22,ZJV1CT5H,ST12000NM0007,12000138625024,0,83.0,201110896.0,89.0,0.0,100.0,22.0,100.0,0.0,84.0,256907089.0,90.0,9270.0,100.0,0.0,100.0,22.0,,,,,100.0,0.0,100.0,0.0,,,73.0,27.0,,,100.0,132.0,100.0,785.0,27.0,27.0,100.0,0.0,100.0,0.0,200.0,0.0,100.0,9050.0,100.0,42541788760.0,100.0,115130232336.0
2019-12-23,ZJV1CT5H,ST12000NM0007,12000138625024,0,82.0,173341528.0,89.0,0.0,100.0,22.0,100.0,0.0,84.0,258880358.0,90.0,9302.0,100.0,0.0,100.0,22.0,,,,,100.0,0.0,100.0,0.0,,,73.0,27.0,,,100.0,132.0,100.0,787.0,27.0,27.0,100.0,0.0,100.0,0.0,200.0,0.0,100.0,9081.0,100.0,42542199312.0,100.0,115590334216.0
2019-12-24,ZJV1CT5H,ST12000NM0007,12000138625024,0,82.0,168436624.0,89.0,0.0,100.0,22.0,100.0,0.0,84.0,259847064.0,90.0,9317.0,100.0,0.0,100.0,22.0,,,,,100.0,0.0,100.0,0.0,,,74.0,26.0,,,100.0,132.0,100.0,787.0,26.0,26.0,100.0,0.0,100.0,0.0,200.0,0.0,100.0,9097.0,100.0,42542404168.0,100.0,115829365296.0
2019-12-25,ZJV1CT5H,ST12000NM0007,12000138625024,0,80.0,98636120.0,89.0,0.0,100.0,22.0,100.0,0.0,84.0,261599134.0,90.0,9349.0,100.0,0.0,100.0,22.0,,,,,100.0,0.0,100.0,0.0,,,72.0,28.0,,,100.0,134.0,100.0,789.0,28.0,28.0,100.0,0.0,100.0,0.0,200.0,0.0,100.0,9129.0,100.0,42542802080.0,100.0,116247448240.0
2019-12-26,ZJV1CT5H,ST12000NM0007,12000138625024,0,79.0,88982456.0,89.0,0.0,100.0,22.0,100.0,0.0,84.0,262586909.0,90.0,9365.0,100.0,0.0,100.0,22.0,,,,,100.0,0.0,100.0,0.0,,,73.0,27.0,,,100.0,134.0,100.0,789.0,27.0,27.0,100.0,0.0,100.0,0.0,200.0,0.0,100.0,9145.0,100.0,42543006856.0,100.0,116481730672.0
2019-12-27,ZJV1CT5H,ST12000NM0007,12000138625024,0,75.0,29073672.0,89.0,0.0,100.0,22.0,100.0,0.0,84.0,264411447.0,90.0,9396.0,100.0,0.0,100.0,22.0,,,,,100.0,0.0,100.0,0.0,,,72.0,28.0,,,100.0,136.0,100.0,791.0,28.0,28.0,100.0,0.0,100.0,0.0,200.0,0.0,100.0,9176.0,100.0,42543403728.0,100.0,116909706520.0
2019-12-28,ZJV1CT5H,ST12000NM0007,12000138625024,0,83.0,222826864.0,89.0,0.0,100.0,22.0,100.0,0.0,84.0,265267398.0,90.0,9412.0,100.0,0.0,100.0,22.0,,,,,100.0,0.0,100.0,0.0,,,73.0,27.0,,,100.0,136.0,100.0,791.0,27.0,27.0,100.0,0.0,100.0,0.0,200.0,0.0,100.0,9192.0,100.0,42543607656.0,100.0,117103255784.0
2019-12-29,ZJV1CT5H,ST12000NM0007,12000138625024,0,83.0,215577288.0,89.0,0.0,100.0,22.0,100.0,0.0,84.0,267254014.0,90.0,9444.0,100.0,0.0,100.0,22.0,,,,,100.0,0.0,100.0,0.0,,,72.0,28.0,,,100.0,136.0,100.0,792.0,28.0,28.0,100.0,0.0,100.0,0.0,200.0,0.0,100.0,9223.0,100.0,42544017792.0,100.0,117583877656.0
2019-12-30,ZJV1CT5H,ST12000NM0007,12000138625024,0,83.0,182544128.0,89.0,0.0,100.0,22.0,100.0,0.0,84.0,268194255.0,90.0,9460.0,100.0,0.0,100.0,22.0,,,,,100.0,0.0,100.0,0.0,,,72.0,28.0,,,100.0,136.0,100.0,793.0,28.0,28.0,100.0,0.0,100.0,0.0,200.0,0.0,100.0,9239.0,100.0,42544223480.0,100.0,117794779520.0
2019-12-31,ZJV1CT5H,ST12000NM0007,12000138625024,0,81.0,123252928.0,89.0,0.0,100.0,22.0,100.0,0.0,84.0,269995525.0,90.0,9491.0,100.0,0.0,100.0,22.0,,,,,100.0,0.0,100.0,0.0,,,72.0,28.0,,,100.0,137.0,100.0,794.0,28.0,28.0,100.0,0.0,100.0,0.0,200.0,0.0,100.0,9270.0,100.0,42544621008.0,100.0,118223372512.0
