2019-01-01,ZCH027QT,ST12000NM0007,12000138625024,0,80,92093800,99.0,0.0,100.0,1.0,100.0,0.0,75.0,30995289.0,100,418,100.0,0.0,100,1,,,,,100.0,0.0,100.0,0.0,,,68.0,32.0,,,100.0,3.0,100.0,224.0,32,32,100.0,0.0,100.0,0.0,200.0,0.0,100.0,338.0,100.0,4374367104.0,100.0,356425058.0
2019-01-02,ZCH027QT,ST12000NM0007,12000138625024,0,83,215678768,99.0,0.0,100.0,1.0,100.0,0.0,75.0,33702768.0,100,441,100.0,0.0,100,1,,,,,100.0,0.0,100.0,0.0,,,68.0,32.0,,,100.0,3.0,100.0,225.0,32,32,100.0,0.0,100.0,0.0,200.0,0.0,100.0,361.0,100.0,4727323424.0,100.0,371194426.0
2019-01-03,ZCH027QT,ST12000NM0007,12000138625024,0,80.0,89254616.0,99.0,0.0,100.0,1.0,100.0,0.0,76.0,36510924.0,100.0,465.0,100.0,0.0,100.0,1.0,,,,,100.0,0.0,100.0,0.0,,,68.0,32.0,,,100.0,3.0,100.0,226.0,32.0,32.0,100.0,0.0,100.0,0.0,200.0,0.0,100.0,385.0,100.0,5079424208.0,100.0,380951930.0
2019-01-04,ZCH027QT,ST12000NM0007,12000138625024,0,69,8575856,99.0,0.0,100.0,1.0,100.0,0.0,76.0,40057834.0,100,489,100.0,0.0,100,1,,,,,100.0,0.0,100.0,0.0,,,67.0,33.0,,,100.0,3.0,100.0,227.0,33,33,100.0,0.0,100.0,0.0,200.0,0.0,100.0,409.0,100.0,5442288416.0,100.0,425690634.0
2019-01-05,ZCH027QT,ST12000NM0007,12000138625024,0,81,121555592,99.0,0.0,100.0,1.0,100.0,0.0,76.0,42856123.0,100,513,100.0,0.0,100,1,,,,,100.0,0.0,100.0,0.0,,,67.0,33.0,,,100.0,3.0,100.0,228.0,33,33,100.0,0.0,100.0,0.0,200.0,0.0,100.0,432.0,100.0,5789357376.0,100.0,435742626.0
2019-01-06,ZCH027QT,ST12000NM0007,12000138625024,0,75,33965640,99.0,0.0,100.0,1.0,100.0,0.0,77.0,45962208.0,100,537,100.0,0.0,100,1,,,,,100.0,0.0,100.0,0.0,,,68.0,32.0,,,100.0,3.0,100.0,229.0,32,32,100.0,0.0,100.0,0.0,200.0,0.0,100.0,456.0,100.0,6143217584.0,100.0,482574874.0
2019-01-07,ZCH027QT,ST12000NM0007,12000138625024,0,77,47702688,99.0,0.0,100.0,1.0,100.0,0.0,77.0,46182147.0,100,561,100.0,0.0,100,1,,,,,100.0,0.0,100.0,0.0,,,69.0,31.0,,,100.0,4.0,100.0,230.0,31,31,100.0,0.0,100.0,0.0,200.0,0.0,100.0,481.0,100.0,6146753952.0,100.0,492775554.0
2019-01-08,ZCH027QT,ST12000NM0007,12000138625024,0,82,157640288,99.0,0.0,100.0,1.0,100.0,0.0,77.0,47189791.0,100,585,100.0,0.0,100,1,,,,,100.0,0.0,100.0,0.0,,,67.0,33.0,,,100.0,4.0,100.0,231.0,33,33,100.0,0.0,100.0,0.0,200.0,0.0,100.0,504.0,100.0,6247057352.0,100.0,502409754.0
2019-01-09,ZCH027QT,ST12000NM0007,12000138625024,0,100,1954120,99.0,0.0,100.0,1.0,100.0,0.0,77.0,50066464.0,100,609,100.0,0.0,100,1,,,,,100.0,0.0,100.0,0.0,,,66.0,34.0,,,100.0,4.0,100.0,232.0,34,34,100.0,0.0,100.0,0.0,200.0,0.0,100.0,528.0,100.0,6563479520.0,100.0,518583098.0
2019-01-10,ZCH027QT,ST12000NM0007,12000138625024,0,79,78982056,99.0,0.0,100.0,1.0,100.0,0.0,77.0,53011286.0,100,633,100.0,0.0,100,1,,,,,100.0,0.0,100.0,0.0,,,67.0,33.0,,,100.0,4.0,100.0,233.0,33,33,100.0,0.0,100.0,0.0,200.0,0.0,100.0,552.0,100.0,6872023472.0,100.0,531208018.0
2019-01-11,ZCH027QT,ST12000NM0007,12000138625024,0,79.0,87545072.0,99.0,0.0,100.0,1.0,100.0,0.0,77.0,55289090.0,100.0,651.0,100.0,0.0,100.0,1.0,,,,,100.0,0.0,100.0,0.0,,,67.0,33.0,,,100.0,4.0,100.0,233.0,33.0,33.0,100.0,0.0,100.0,0.0,200.0,0.0,100.0,570.0,100.0,7104122792.0,100.0,551812770.0
2019-01-12,ZCH027QT,ST12000NM0007,12000138625024,0,78,70666968,99.0,0.0,100.0,1.0,100.0,0.0,78.0,57544752.0,100,667,100.0,0.0,100,1,,,,,100.0,0.0,100.0,0.0,,,67.0,33.0,,,100.0,4.0,100.0,234.0,33,33,100.0,0.0,100.0,0.0,200.0,0.0,100.0,586.0,100.0,7313756888.0,100.0,569441650.0
2019-01-13,ZCH027QT,ST12000NM0007,12000138625024,0,77,50112256,99.0,0.0,100.0,1.0,100.0,0.0,78.0,61800947.0,100,699,100.0,0.0,100,1,,,,,100.0,0.0,100.0,0.0,,,68.0,32.0,,,100.0,4.0,100.0,235.0,32,32,100.0,0.0,100.0,0.0,200.0,0.0,100.0,618.0,100.0,7726816128.0,100.0,624108994.0
2019-01-14,ZCH027QT,ST12000NM0007,12000138625024,0,78,57306216,99.0,0.0,100.0,1.0,100.0,0.0,78.0,61928259.0,100,715,100.0,0.0,100,1,,,,,100.0,0.0,100.0,0.0,,,68.0,32.0,,,100.0,5.0,100.0,251.0,32,32,100.0,0.0,100.0,0.0,200.0,0.0,100.0,631.0,100.0,7728070328.0,100.0,630048754.0
2019-01-15,ZCH027QT,ST12000NM0007,12000138625024,0,80.0,109277304.0,99.0,0.0,100.0,1.0,100.0,0.0,78.0,62444948.0,100.0,746.0,100.0,0.0,100.0,1.0,,,,,100.0,0.0,100.0,0.0,,,65.0,35.0,,,100.0,5.0,100.0,416.0,35.0,35.0,100.0,0.0,100.0,0.0,200.0,0.0,100.0,640.0,100.0,7770899232.0,100.0,639190938.0
2019-01-16,ZCH027QT,ST12000NM0007,12000138625024,0,79,86757184,99.0,0.0,100.0,1.0,100.0,0.0,78.0,64353633.0,100,762,100.0,0.0,100,1,,,,,100.0,0.0,100.0,0.0,,,65.0,35.0,,,100,5,100.0,416.0,35,35,100.0,0.0,100.0,0.0,200.0,0.0,100.0,656.0,100.0,7986204240.0,100.0,645506530.0
2019-01-17,ZCH027QT,ST12000NM0007,12000138625024,0,77,55029744,99.0,0.0,100.0,1.0,100.0,0.0,78.0,68343314.0,100,794,100.0,0.0,100,1,,,,,100.0,0.0,100.0,0.0,,,65.0,35.0,,,100,6,100.0,418.0,35,35,100.0,0.0,100.0,0.0,200.0,0.0,100.0,687.0,100.0,8424071048.0,100.0,664194770.0
2019-01-18,ZCH027QT,ST12000NM0007,12000138625024,0,81,116234256,99.0,0.0,100.0,1.0,100.0,0.0,79.0,70932703.0,100,809,100.0,0.0,100,1,,,,,100.0,0.0,100.0,0.0,,,66.0,34.0,,,100,6,100.0,418.0,34,34,100.0,0.0,100.0,0.0,200.0,0.0,100.0,703.0,100.0,8673922792.0,100.0,719688714.0
2019-01-19,ZCH027QT,ST12000NM0007,12000138625024,0,80,90862344,99.0,0.0,100.0,1.0,100.0,0.0,79.0,74839970.0,100,841,100.0,0.0,100,1,,,,,100.0,0.0,100.0,0.0,,,66.0,34.0,,,100,7,100.0,420.0,34,34,100.0,0.0,100.0,0.0,200.0,0.0,100.0,734.0,100.0,9113116896.0,100.0,743404770.0
2019-01-20,ZCH027QT,ST12000NM0007,12000138625024,0,79,74456680,99.0,0.0,100.0,1.0,100.0,0.0,79.0,76715617.0,100,857,100.0,0.0,100,1,,,,,100.0,0.0,100.0,0.0,,,64.0,36.0,,,100,7,100.0,420.0,36,36,100.0,0.0,100.0,0.0,200.0,0.0,100.0,750.0,100.0,9332185480.0,100.0,752071242.0
2019-01-21,ZCH027QT,ST12000NM0007,12000138625024,0,81,131448720,99.0,0.0,100.0,1.0,100.0,0.0,79.0,81235480.0,99,889,100.0,0.0,100,1,,,,,100.0,0.0,100.0,0.0,,,63.0,37.0,,,100,7,100.0,421.0,37,37,100.0,0.0,100.0,0.0,200.0,0.0,100.0,782.0,100.0,9809789032.0,100.0,819741586.0
2019-01-22,ZCH027QT,ST12000NM0007,12000138625024,0,83.0,213935344.0,99.0,0.0,100.0,1.0,100.0,0.0,79.0,82096871.0,99.0,905.0,100.0,0.0,100.0,1.0,,,,,100.0,0.0,100.0,0.0,,,65.0,35.0,,,100.0,7.0,100.0,422.0,35.0,35.0,100.0,0.0,100.0,0.0,200.0,0.0,100.0,798.0,100.0,9868100960.0,100.0,843916282.0
2019-01-23,ZCH027QT,ST12000NM0007,12000138625024,0,81.0,126748128.0,99.0,0.0,100.0,1.0,100.0,0.0,79.0,85570389.0,99.0,936.0,100.0,0.0,100.0,1.0,,,,,100.0,0.0,100.0,0.0,,,64.0,36.0,,,100.0,7.0,100.0,423.0,36.0,36.0,100.0,0.0,100.0,0.0,200.0,0.0,100.0,829.0,100.0,10726268184.0,100.0,875126042.0
2019-01-24,ZCH027QT,ST12000NM0007,12000138625024,0,80.0,110853512.0,99.0,0.0,100.0,1.0,100.0,0.0,80.0,89634724.0,99.0,968.0,100.0,0.0,100.0,1.0,,,,,100.0,0.0,100.0,0.0,,,62.0,38.0,,,100.0,7.0,100.0,425.0,38.0,38.0,100.0,0.0,100.0,0.0,200.0,0.0,100.0,861.0,100.0,11660998736.0,100.0,901065922.0
2019-01-25,ZCH027QT,ST12000NM0007,12000138625024,0,78,60189936,99.0,0.0,100.0,1.0,100.0,0.0,80.0,92243853.0,99,984,100.0,0.0,100,1,,,,,100.0,0.0,100.0,0.0,,,62.0,38.0,,,100,7,100.0,436.0,38,38,100.0,0.0,100.0,0.0,200.0,0.0,100.0,875.0,100.0,12015660800.0,100.0,984021730.0
2019-01-26,ZCH027QT,ST12000NM0007,12000138625024,0,84,243044696,99.0,0.0,100.0,1.0,100.0,0.0,80.0,96220289.0,99,1015,100.0,0.0,100,1,,,,,100.0,0.0,100.0,0.0,,,64.0,36.0,,,100,7,100.0,437.0,36,36,100.0,0.0,100.0,0.0,200.0,0.0,100.0,907.0,100.0,12677009744.0,100.0,993809962.0
2019-01-27,ZCH027QT,ST12000NM0007,12000138625024,0,81,118944296,99.0,0.0,100.0,1.0,100.0,0.0,80.0,98530009.0,99,1031,100.0,0.0,100,1,,,,,100.0,0.0,100.0,0.0,,,65.0,35.0,,,100,8,100.0,438.0,35,35,100.0,0.0,100.0,0.0,200.0,0.0,100.0,922.0,100.0,13007494792.0,100.0,1027506346.0
2019-01-28,ZCH027QT,ST12000NM0007,12000138625024,0,82,143195384,99.0,0.0,100.0,1.0,100.0,0.0,80.0,103306635.0,99,1063,100.0,0.0,100,1,,,,,100.0,0.0,100.0,0.0,,,64.0,36.0,,,100,8,100.0,439.0,36,36,100.0,0.0,100.0,0.0,200.0,0.0,100.0,954.0,100.0,13680946728.0,100.0,1110728666.0
2019-01-29,ZCH027QT,ST12000NM0007,12000138625024,0,84,225247376,99.0,0.0,100.0,1.0,100.0,0.0,80.0,105032287.0,99,1078,100.0,0.0,100,1,,,,,100.0,0.0,100.0,0.0,,,65.0,35.0,,,100,8,100.0,439.0,35,35,100.0,0.0,100.0,0.0,200.0,0.0,100.0,970.0,100.0,13994683040.0,100.0,1123185650.0
2019-01-30,ZCH027QT,ST12000NM0007,12000138625024,0,74,23661728,99.0,0.0,100.0,1.0,100.0,0.0,80.0,105599984.0,99,1110,100.0,0.0,100,1,,,,,100.0,0.0,100.0,0.0,,,66.0,34.0,,,100,8,100.0,444.0,34,34,100.0,0.0,100.0,0.0,200.0,0.0,100.0,1001.0,100.0,14010205592.0,100.0,1150218082.0
2019-01-31,ZCH027QT,ST12000NM0007,12000138625024,0,76,38435448,99.0,0.0,100.0,1.0,100.0,0.0,80.0,105792272.0,99,1126,100.0,0.0,100,1,,,,,100.0,0.0,100.0,0.0,,,65.0,35.0,,,100,8,100.0,447.0,35,35,100.0,0.0,100.0,0.0,200.0,0.0,100.0,1016.0,100.0,14013689792.0,100.0,1161507602.0
2019-02-01,ZCH027QT,ST12000NM0007,12000138625024,0,83,180515008,99.0,0.0,100.0,1.0,100.0,0.0,80.0,107621312.0,99,1158,100.0,0.0,100,1,,,,,100.0,0.0,100.0,0.0,,,65.0,35.0,,,100,8,100.0,453.0,35,35,100.0,0.0,100.0,0.0,200.0,0.0,100.0,1047.0,100.0,14089459616.0,100.0,1227817338.0
2019-02-02,ZCH027QT,ST12000NM0007,12000138625024,0,84.0,224016744.0,99.0,0.0,100.0,1.0,100.0,0.0,80.0,108111208.0,99.0,1174.0,100.0,0.0,100.0,1.0,,,,,100.0,0.0,100.0,0.0,,,65.0,35.0,,,100.0,8.0,100.0,460.0,35.0,35.0,100.0,0.0,100.0,0.0,200.0,0.0,100.0,1062.0,100.0,14126985096.0,100.0,1233793594.0
2019-02-03,ZCH027QT,ST12000NM0007,12000138625024,0,84,234897464,99.0,0.0,100.0,1.0,100.0,0.0,80.0,111124466.0,99,1205,100.0,0.0,100,1,,,,,100.0,0.0,100.0,0.0,,,66.0,34.0,,,100,8,100.0,463.0,34,34,100.0,0.0,100.0,0.0,200.0,0.0,100.0,1093.0,100.0,14287134856.0,100.0,1328665874.0
2019-02-04,ZCH027QT,ST12000NM0007,12000138625024,0,77,52000232,99.0,0.0,100.0,1.0,100.0,0.0,80.0,111854744.0,99,1221,100.0,0.0,100,1,,,,,100.0,0.0,100.0,0.0,,,66.0,34.0,,,100,8,100.0,463.0,34,34,100.0,0.0,100.0,0.0,200.0,0.0,100.0,1109.0,100.0,14341405288.0,100.0,1335639154.0
2019-02-05,ZCH027QT,ST12000NM0007,12000138625024,0,82.0,160734496.0,99.0,0.0,100.0,1.0,100.0,0.0,81.0,113149688.0,99.0,1253.0,100.0,0.0,100.0,1.0,,,,,100.0,0.0,100.0,0.0,,,67.0,33.0,,,100.0,8.0,100.0,544.0,33.0,33.0,100.0,0.0,100.0,0.0,200.0,0.0,100.0,1129.0,100.0,14436020648.0,100.0,1349758058.0
2019-02-06,ZCH027QT,ST12000NM0007,12000138625024,0,83,223624024,99.0,0.0,100.0,1.0,100.0,0.0,81.0,113816305.0,99,1269,100.0,0.0,100,1,,,,,100.0,0.0,100.0,0.0,,,67.0,33.0,,,100,8,100.0,552.0,33,33,100.0,0.0,100.0,0.0,200.0,0.0,100.0,1144.0,100.0,14490403352.0,100.0,1358264882.0
2019-02-07,ZCH027QT,ST12000NM0007,12000138625024,0,80.0,92625424.0,99.0,0.0,100.0,1.0,100.0,0.0,81.0,115083645.0,99.0,1300.0,100.0,0.0,100.0,1.0,,,,,100.0,0.0,100.0,0.0,,,68.0,32.0,,,100.0,8.0,100.0,612.0,32.0,32.0,100.0,0.0,100.0,0.0,200.0,0.0,100.0,1167.0,100.0,14593332256.0,100.0,1368478058.0
2019-02-08,ZCH027QT,ST12000NM0007,12000138625024,0,75,28396872,99.0,0.0,100.0,1.0,100.0,0.0,81.0,117204469.0,99,1316,100.0,0.0,100,1,,,,,100.0,0.0,100.0,0.0,,,68.0,32.0,,,100,8,100.0,645.0,32,32,100.0,0.0,100.0,0.0,200.0,0.0,100.0,1177.0,100.0,14700390776.0,100.0,1441331714.0
2019-02-09,ZCH027QT,ST12000NM0007,12000138625024,0,82.0,170992768.0,99.0,0.0,100.0,1.0,100.0,0.0,81.0,119165550.0,99.0,1348.0,100.0,0.0,100.0,1.0,,,,,100.0,0.0,100.0,0.0,,,67.0,33.0,,,100.0,8.0,100.0,737.0,33.0,33.0,100.0,0.0,100.0,0.0,200.0,0.0,100.0,1195.0,100.0,14801674888.0,100.0,1482643498.0
2019-02-10,ZCH027QT,ST12000NM0007,12000138625024,0,82,160007600,99.0,0.0,100.0,1.0,100.0,0.0,81.0,121064605.0,99,1363,100.0,0.0,100,1,,,,,100.0,0.0,100.0,0.0,,,67.0,33.0,,,100,8,100.0,737.0,33,33,100.0,0.0,100.0,0.0,200.0,0.0,100.0,1210.0,100.0,15027823360.0,100.0,1489650970.0
2019-02-11,ZCH027QT,ST12000NM0007,12000138625024,0,77,49034912,99.0,0.0,100.0,1.0,100.0,0.0,81.0,126206682.0,99,1395,100.0,0.0,100,1,,,,,100.0,0.0,100.0,0.0,,,67.0,33.0,,,100,8,100.0,739.0,33,33,100.0,0.0,100.0,0.0,200.0,0.0,100.0,1242.0,100.0,15540940400.0,100.0,1597984106.0
2019-02-12,ZCH027QT,ST12000NM0007,12000138625024,0,79.0,85131832.0,99.0,0.0,100.0,1.0,100.0,0.0,81.0,128661169.0,99.0,1413.0,100.0,0.0,100.0,1.0,,,,,100.0,0.0,100.0,0.0,,,67.0,33.0,,,100.0,8.0,100.0,739.0,33.0,33.0,100.0,0.0,100.0,0.0,200.0,0.0,100.0,1260.0,100.0,15814621192.0,100.0,1604541090.0
2019-02-13,ZCH027QT,ST12000NM0007,12000138625024,0,80,111723240,99.0,0.0,100.0,1.0,100.0,0.0,81.0,132867332.0,99,1445,100.0,0.0,100,1,,,,,100.0,0.0,100.0,0.0,,,67.0,33.0,,,100,8,100.0,741.0,33,33,100.0,0.0,100.0,0.0,200.0,0.0,100.0,1291.0,100.0,16320727816.0,100.0,1613308106.0
2019-02-14,ZCH027QT,ST12000NM0007,12000138625024,0,81,140937576,99.0,0.0,100.0,1.0,100.0,0.0,81.0,133147922.0,99,1460,100.0,0.0,100,1,,,,,100.0,0.0,100.0,0.0,,,68.0,32.0,,,100,8,100.0,814.0,32,32,100.0,0.0,100.0,0.0,200.0,0.0,100.0,1295.0,100.0,16349100816.0,100.0,1614149442.0
2019-02-15,ZCH027QT,ST12000NM0007,12000138625024,0,77.0,49050352.0,99.0,0.0,100.0,1.0,100.0,0.0,81.0,138368882.0,99.0,1492.0,100.0,0.0,100.0,1.0,,,,,100.0,0.0,100.0,0.0,,,67.0,33.0,,,100.0,8.0,100.0,815.0,33.0,33.0,100.0,0.0,100.0,0.0,200.0,0.0,100.0,1327.0,100.0,16853339624.0,100.0,1750447226.0
2019-02-16,ZCH027QT,ST12000NM0007,12000138625024,0,77.0,45305552.0,99.0,0.0,100.0,1.0,100.0,0.0,81.0,140374224.0,99.0,1508.0,100.0,0.0,100.0,1.0,,,,,100.0,0.0,100.0,0.0,,,67.0,33.0,,,100.0,9.0,100.0,816.0,33.0,33.0,100.0,0.0,100.0,0.0,200.0,0.0,100.0,1343.0,100.0,17079078304.0,100.0,1765104810.0
2019-02-17,ZCH027QT,ST12000NM0007,12000138625024,0,81,116416520,99.0,0.0,100.0,1.0,100.0,0.0,82.0,145107935.0,99,1540,100.0,0.0,100,1,,,,,100.0,0.0,100.0,0.0,,,66.0,34.0,,,100,9,100.0,817.0,34,34,100.0,0.0,100.0,0.0,200.0,0.0,100.0,1374.0,100.0,17554543808.0,100.0,1849032314.0
2019-02-18,ZCH027QT,ST12000NM0007,12000138625024,0,83,187385624,99.0,0.0,100.0,1.0,100.0,0.0,82.0,147751702.0,99,1556,100.0,0.0,100,1,,,,,100.0,0.0,100.0,0.0,,,67.0,33.0,,,100,9,100.0,817.0,33,33,100.0,0.0,100.0,0.0,200.0,0.0,100.0,1390.0,100.0,17797339808.0,100.0,1921346050.0
2019-02-19,ZCH027QT,ST12000NM0007,12000138625024,0,82,161449416,99.0,0.0,100.0,1.0,100.0,0.0,82.0,151281083.0,99,1587,100.0,0.0,100,1,,,,,100.0,0.0,100.0,0.0,,,67.0,33.0,,,100,9,100.0,819.0,33,33,100.0,0.0,100.0,0.0,200.0,0.0,100.0,1421.0,100.0,18237062256.0,100.0,1943969074.0
2019-02-20,ZCH027QT,ST12000NM0007,12000138625024,0,83.0,182322160.0,99.0,0.0,100.0,1.0,100.0,0.0,82.0,153074324.0,99.0,1603.0,100.0,0.0,100.0,1.0,,,,,100.0,0.0,100.0,0.0,,,67.0,33.0,,,100.0,9.0,100.0,819.0,33.0,33.0,100.0,0.0,100.0,0.0,200.0,0.0,100.0,1437.0,100.0,18482810016.0,100.0,1963235226.0
2019-02-21,ZCH027QT,ST12000NM0007,12000138625024,0,82,158815648,99.0,0.0,100.0,1.0,100.0,0.0,82.0,154965094.0,99,1635,100.0,0.0,100,1,,,,,100.0,0.0,100.0,0.0,,,67.0,33.0,,,100,9,100.0,821.0,33,33,100.0,0.0,100.0,0.0,200.0,0.0,100.0,1468.0,100.0,18673304336.0,100.0,1993375682.0
2019-02-22,ZCH027QT,ST12000NM0007,12000138625024,0,79,87937240,99.0,0.0,100.0,1.0,100.0,0.0,82.0,158181735.0,99,1650,100.0,0.0,100,1,,,,,100.0,0.0,100.0,0.0,,,67.0,33.0,,,100,9,100.0,822.0,33,33,100.0,0.0,100.0,0.0,200.0,0.0,100.0,1484.0,100.0,18995398376.0,100.0,2088684938.0
2019-02-23,ZCH027QT,ST12000NM0007,12000138625024,0,78.0,56413560.0,99.0,0.0,100.0,1.0,100.0,0.0,82.0,163457724.0,99.0,1682.0,100.0,0.0,100.0,1.0,,,,,100.0,0.0,100.0,0.0,,,68.0,32.0,,,100.0,10.0,100.0,823.0,32.0,32.0,100.0,0.0,100.0,0.0,200.0,0.0,100.0,1516.0,100.0,19597230576.0,100.0,2187751074.0
2019-02-24,ZCH027QT,ST12000NM0007,12000138625024,0,81,123086392,99.0,0.0,100.0,1.0,100.0,0.0,82.0,165749599.0,99,1698,100.0,0.0,100,1,,,,,100.0,0.0,100.0,0.0,,,69.0,31.0,,,100,10,100.0,824.0,31,31,100.0,0.0,100.0,0.0,200.0,0.0,100.0,1532.0,100.0,19891945552.0,100.0,2203849642.0
2019-02-25,ZCH027QT,ST12000NM0007,12000138625024,0,74,24043112,99.0,0.0,100.0,1.0,100.0,0.0,82.0,172132369.0,99,1730,100.0,0.0,100,1,,,,,100.0,0.0,100.0,0.0,,,68.0,32.0,,,100,10,100.0,825.0,32,32,100.0,0.0,100.0,0.0,200.0,0.0,100.0,1563.0,100.0,20541934568.0,100.0,2431382226.0
2019-02-26,ZCH027QT,ST12000NM0007,12000138625024,0,83,204780024,99.0,0.0,100.0,1.0,100.0,0.0,82.0,173504191.0,99,1746,100.0,0.0,100,1,,,,,100.0,0.0,100.0,0.0,,,69.0,31.0,,,100,10,100.0,853.0,31,31,100.0,0.0,100.0,0.0,200.0,0.0,100.0,1575.0,100.0,20715965416.0,100.0,2438088290.0
2019-02-27,ZCH027QT,ST12000NM0007,12000138625024,0,79.0,75066392.0,99.0,0.0,100.0,1.0,100.0,0.0,83.0,177859275.0,98.0,1777.0,100.0,0.0,100.0,1.0,,,,,100.0,0.0,100.0,0.0,,,68.0,32.0,,,100.0,10.0,100.0,854.0,32.0,32.0,100.0,0.0,100.0,0.0,200.0,0.0,100.0,1607.0,100.0,21306316128.0,100.0,2450446874.0
2019-02-28,ZCH027QT,ST12000NM0007,12000138625024,0,83,214535416,99.0,0.0,100.0,1.0,100.0,0.0,83.0,182638058.0,98,1810,100.0,0.0,100,1,,,,,100.0,0.0,100.0,0.0,,,68.0,32.0,,,100,10,100.0,855.0,32,32,100.0,0.0,100.0,0.0,200.0,0.0,100.0,1639.0,100.0,21917084392.0,100.0,2467428938.0
2019-03-01,ZCH027QT,ST12000NM0007,12000138625024,0,66.0,3841472.0,99.0,0.0,100.0,1.0,100.0,0.0,83.0,186309899.0,98.0,1826.0,100.0,0.0,100.0,1.0,,,,,100.0,0.0,100.0,0.0,,,67.0,33.0,,,100.0,10.0,100.0,856.0,33.0,33.0,100.0,0.0,100.0,0.0,200.0,0.0,100.0,1655.0,100.0,22285470656.0,100.0,2620772130.0
2019-03-02,ZCH027QT,ST12000NM0007,12000138625024,0,80.0,96483240.0,99.0,0.0,100.0,1.0,100.0,0.0,83.0,190525867.0,98.0,1857.0,100.0,0.0,100.0,1.0,,,,,100.0,0.0,100.0,0.0,,,69.0,31.0,,,100.0,10.0,100.0,868.0,31.0,31.0,100.0,0.0,100.0,0.0,200.0,0.0,100.0,1685.0,100.0,22770307992.0,100.0,2716858282.0
2019-03-03,ZCH027QT,ST12000NM0007,12000138625024,0,79.0,82084136.0,99.0,0.0,100.0,1.0,100.0,0.0,83.0,192520049.0,98.0,1873.0,100.0,0.0,100.0,1.0,,,,,100.0,0.0,100.0,0.0,,,68.0,32.0,,,100.0,10.0,100.0,882.0,32.0,32.0,100.0,0.0,100.0,0.0,200.0,0.0,100.0,1699.0,100.0,22963382576.0,100.0,2753525306.0
2019-03-04,ZCH027QT,ST12000NM0007,12000138625024,0,84,237676776,99.0,0.0,100.0,1.0,100.0,0.0,83.0,199063067.0,98,1904,100.0,0.0,100,1,,,,,100.0,0.0,100.0,0.0,,,67.0,33.0,,,100,10,100.0,883.0,33,33,100.0,0.0,100.0,0.0,200.0,0.0,100.0,1731.0,100.0,23409320264.0,100.0,2951462234.0
2019-03-05,ZCH027QT,ST12000NM0007,12000138625024,0,84.0,238762280.0,99.0,0.0,100.0,1.0,100.0,0.0,83.0,201803341.0,98.0,1921.0,100.0,0.0,100.0,1.0,,,,,100.0,0.0,100.0,0.0,,,67.0,33.0,,,100.0,10.0,100.0,884.0,33.0,33.0,100.0,0.0,100.0,0.0,200.0,0.0,100.0,1747.0,100.0,23617989120.0,100.0,2988019826.0
2019-03-06,ZCH027QT,ST12000NM0007,12000138625024,0,84.0,226812736.0,99.0,0.0,100.0,1.0,100.0,0.0,83.0,204216757.0,98.0,1937.0,100.0,0.0,100.0,1.0,,,,,100.0,0.0,100.0,0.0,,,68.0,32.0,,,100.0,10.0,100.0,885.0,32.0,32.0,100.0,0.0,100.0,0.0,200.0,0.0,100.0,1763.0,100.0,23831080432.0,100.0,3007119602.0
2019-03-07,ZCH027QT,ST12000NM0007,12000138625024,0,83.0,189383192.0,99.0,0.0,100.0,1.0,100.0,0.0,83.0,209293107.0,98.0,1970.0,100.0,0.0,100.0,1.0,,,,,100.0,0.0,100.0,0.0,,,66.0,34.0,,,100.0,10.0,100.0,886.0,34.0,34.0,100.0,0.0,100.0,0.0,200.0,0.0,100.0,1796.0,100.0,24241879744.0,100.0,3047173714.0
2019-03-08,ZCH027QT,ST12000NM0007,12000138625024,0,83.0,220485040.0,99.0,0.0,100.0,1.0,100.0,0.0,83.0,216462746.0,98.0,2002.0,100.0,0.0,100.0,1.0,,,,,100.0,0.0,100.0,0.0,,,68.0,32.0,,,100.0,11.0,100.0,887.0,32.0,32.0,100.0,0.0,100.0,0.0,200.0,0.0,100.0,1828.0,100.0,24759461104.0,100.0,3293116418.0
2019-03-09,ZCH027QT,ST12000NM0007,12000138625024,0,83.0,211138216.0,99.0,0.0,100.0,1.0,100.0,0.0,83.0,218325292.0,98.0,2018.0,100.0,0.0,100.0,1.0,,,,,100.0,0.0,100.0,0.0,,,68.0,32.0,,,100.0,11.0,100.0,888.0,32.0,32.0,100.0,0.0,100.0,0.0,200.0,0.0,100.0,1843.0,100.0,24988615072.0,100.0,3298756290.0
2019-03-10,ZCH027QT,ST12000NM0007,12000138625024,0,82.0,170985232.0,99.0,0.0,100.0,1.0,100.0,0.0,83.0,221384674.0,98.0,2049.0,100.0,0.0,100.0,1.0,,,,,100.0,0.0,100.0,0.0,,,68.0,32.0,,,100.0,11.0,100.0,967.0,32.0,32.0,100.0,0.0,100.0,0.0,200.0,0.0,100.0,1863.0,100.0,25059517152.0,100.0,3431842050.0
2019-03-11,ZCH027QT,ST12000NM0007,12000138625024,0,67.0,4809968.0,99.0,0.0,100.0,1.0,100.0,0.0,83.0,222887210.0,98.0,2065.0,100.0,0.0,100.0,1.0,,,,,100.0,0.0,100.0,0.0,,,69.0,31.0,,,100.0,11.0,100.0,1029.0,31.0,31.0,100.0,0.0,100.0,0.0,200.0,0.0,100.0,1869.0,100.0,25075373976.0,100.0,3493950730.0
2019-03-12,ZCH027QT,ST12000NM0007,12000138625024,0,72.0,14495776.0,99.0,0.0,100.0,1.0,100.0,0.0,84.0,225375914.0,98.0,2097.0,100.0,0.0,100.0,1.0,,,,,100.0,0.0,100.0,0.0,,,68.0,32.0,,,100.0,11.0,100.0,1131.0,32.0,32.0,100.0,0.0,100.0,0.0,200.0,0.0,100.0,1888.0,100.0,25295566128.0,100.0,3527585306.0
2019-03-13,ZCH027QT,ST12000NM0007,12000138625024,0,69.0,7798320.0,99.0,0.0,100.0,1.0,100.0,0.0,84.0,227590164.0,98.0,2112.0,100.0,0.0,100.0,1.0,,,,,100.0,0.0,100.0,0.0,,,67.0,33.0,,,100.0,11.0,100.0,1132.0,33.0,33.0,100.0,0.0,100.0,0.0,200.0,0.0,100.0,1903.0,100.0,25530230264.0,100.0,3530364474.0
2019-03-14,ZCH027QT,ST12000NM0007,12000138625024,0,100.0,2367456.0,99.0,0.0,100.0,1.0,100.0,0.0,84.0,232302278.0,98.0,2144.0,100.0,0.0,100.0,1.0,,,,,100.0,0.0,100.0,0.0,,,69.0,31.0,,,100.0,11.0,100.0,1133.0,31.0,31.0,100.0,0.0,100.0,0.0,200.0,0.0,100.0,1935.0,100.0,26006569496.0,100.0,3536875882.0
2019-03-15,ZCH027QT,ST12000NM0007,12000138625024,0,82.0,173788176.0,99.0,0.0,100.0,1.0,100.0,0.0,84.0,235992264.0,98.0,2160.0,100.0,0.0,100.0,1.0,,,,,100.0,0.0,100.0,0.0,,,68.0,32.0,,,100.0,11.0,100.0,1134.0,32.0,32.0,100.0,0.0,100.0,0.0,200.0,0.0,100.0,1951.0,100.0,26285107104.0,100.0,3673899778.0
2019-03-16,ZCH027QT,ST12000NM0007,12000138625024,0,78.0,56700104.0,99.0,0.0,100.0,1.0,100.0,0.0,84.0,242439468.0,98.0,2192.0,100.0,0.0,100.0,1.0,,,,,100.0,0.0,100.0,0.0,,,67.0,33.0,,,100.0,11.0,100.0,1135.0,33.0,33.0,100.0,0.0,100.0,0.0,200.0,0.0,100.0,1983.0,100.0,26781183008.0,100.0,3793158242.0
2019-03-17,ZCH027QT,ST12000NM0007,12000138625024,0,77.0,51961792.0,99.0,0.0,100.0,1.0,100.0,0.0,84.0,245188747.0,98.0,2209.0,100.0,0.0,100.0,1.0,,,,,100.0,0.0,100.0,0.0,,,68.0,32.0,,,100.0,11.0,100.0,1147.0,32.0,32.0,100.0,0.0,100.0,0.0,200.0,0.0,100.0,1998.0,100.0,26965228080.0,100.0,3848515490.0
2019-03-18,ZCH027QT,ST12000NM0007,12000138625024,0,83.0,217874056.0,99.0,0.0,100.0,1.0,100.0,0.0,84.0,248221476.0,98.0,2241.0,100.0,0.0,100.0,1.0,,,,,100.0,0.0,100.0,0.0,,,68.0,32.0,,,100.0,11.0,100.0,1278.0,32.0,32.0,100.0,0.0,100.0,0.0,200.0,0.0,100.0,2015.0,100.0,27014393936.0,100.0,3965261898.0
2019-03-19,ZCH027QT,ST12000NM0007,12000138625024,0,84.0,231946208.0,99.0,0.0,100.0,1.0,100.0,0.0,84.0,248429203.0,98.0,2256.0,100.0,0.0,100.0,1.0,,,,,100.0,0.0,100.0,0.0,,,69.0,31.0,,,100.0,11.0,100.0,1359.0,31.0,31.0,100.0,0.0,100.0,0.0,200.0,0.0,100.0,2020.0,100.0,27018194560.0,100.0,3975533426.0
2019-03-20,ZCH027QT,ST12000NM0007,12000138625024,0,71.0,12300920.0,99.0,0.0,100.0,1.0,100.0,0.0,84.0,249111054.0,98.0,2288.0,100.0,0.0,100.0,1.0,,,,,100.0,0.0,100.0,0.0,,,67.0,33.0,,,100.0,11.0,100.0,1531.0,33.0,33.0,100.0,0.0,100.0,0.0,200.0,0.0,100.0,2028.0,100.0,27025197712.0,100.0,3993025642.0
2019-03-21,ZCH027QT,ST12000NM0007,12000138625024,0,71.0,12824856.0,99.0,0.0,100.0,1.0,100.0,0.0,84.0,249127825.0,98.0,2304.0,100.0,0.0,100.0,1.0,,,,,100.0,0.0,100.0,0.0,,,67.0,33.0,,,100.0,11.0,100.0,1615.0,33.0,33.0,100.0,0.0,100.0,0.0,200.0,0.0,100.0,2032.0,100.0,27025291256.0,100.0,3993456034.0
2019-03-22,ZCH027QT,ST12000NM0007,12000138625024,0,82.0,147275624.0,99.0,0.0,100.0,1.0,100.0,0.0,84.0,251413056.0,98.0,2320.0,100.0,0.0,100.0,1.0,,,,,100.0,0.0,100.0,0.0,,,66.0,34.0,,,100.0,11.0,100.0,1679.0,34.0,34.0,100.0,0.0,100.0,0.0,200.0,0.0,100.0,2039.0,100.0,27083745024.0,100.0,4069453034.0
2019-03-23,ZCH027QT,ST12000NM0007,12000138625024,0,84.0,226705456.0,99.0,0.0,100.0,1.0,100.0,0.0,84.0,253361578.0,98.0,2352.0,100.0,0.0,100.0,1.0,,,,,100.0,0.0,100.0,0.0,,,66.0,34.0,,,100.0,11.0,100.0,1827.0,34.0,34.0,100.0,0.0,100.0,0.0,200.0,0.0,100.0,2046.0,100.0,27104941232.0,100.0,4127686658.0
2019-03-24,ZCH027QT,ST12000NM0007,12000138625024,0,84.0,230180888.0,99.0,0.0,100.0,1.0,100.0,0.0,84.0,253420838.0,98.0,2367.0,100.0,0.0,100.0,1.0,,,,,100.0,0.0,100.0,0.0,,,68.0,32.0,,,100.0,11.0,100.0,1888.0,32.0,32.0,100.0,0.0,100.0,0.0,200.0,0.0,100.0,2052.0,100.0,27105266032.0,100.0,4130837290.0
2019-03-25,ZCH027QT,ST12000NM0007,12000138625024,0,83.0,180659408.0,99.0,0.0,100.0,1.0,100.0,0.0,84.0,258877387.0,98.0,2400.0,100.0,0.0,100.0,1.0,,,,,100.0,0.0,100.0,0.0,,,67.0,33.0,,,100.0,11.0,100.0,1933.0,33.0,33.0,100.0,0.0,100.0,0.0,200.0,0.0,100.0,2077.0,100.0,27424700232.0,100.0,4250162954.0
2019-03-26,ZCH027QT,ST12000NM0007,12000138625024,0,83.0,178217304.0,99.0,0.0,100.0,1.0,100.0,0.0,84.0,260712294.0,98.0,2416.0,100.0,0.0,100.0,1.0,,,,,100.0,0.0,100.0,0.0,,,67.0,33.0,,,100.0,11.0,100.0,1934.0,33.0,33.0,100.0,0.0,100.0,0.0,200.0,0.0,100.0,2093.0,100.0,27662667472.0,100.0,4253894242.0
2019-03-27,ZCH027QT,ST12000NM0007,12000138625024,0,83.0,205940120.0,99.0,0.0,100.0,1.0,100.0,0.0,84.0,265304909.0,98.0,2447.0,100.0,0.0,100.0,1.0,,,,,100.0,0.0,100.0,0.0,,,67.0,33.0,,,100.0,11.0,100.0,1935.0,33.0,33.0,100.0,0.0,100.0,0.0,200.0,0.0,100.0,2125.0,100.0,28155829480.0,100.0,4276737490.0
2019-03-28,ZCH027QT,ST12000NM0007,12000138625024,0,84.0,231675696.0,99.0,0.0,100.0,1.0,100.0,0.0,84.0,269502803.0,98.0,2479.0,100.0,0.0,100.0,1.0,,,,,100.0,0.0,100.0,0.0,,,67.0,33.0,,,100.0,12.0,100.0,1936.0,33.0,33.0,100.0,0.0,100.0,0.0,200.0,0.0,100.0,2156.0,100.0,28643104456.0,100.0,4303479594.0
2019-03-29,ZCH027QT,ST12000NM0007,12000138625024,0,83.0,192783640.0,99.0,0.0,100.0,1.0,100.0,0.0,84.0,273717815.0,98.0,2495.0,100.0,0.0,100.0,1.0,,,,,100.0,0.0,100.0,0.0,,,66.0,34.0,,,100.0,13.0,100.0,1937.0,34.0,34.0,100.0,0.0,100.0,0.0,200.0,0.0,100.0,2173.0,100.0,28992958656.0,100.0,4403014618.0
2019-03-30,ZCH027QT,ST12000NM0007,12000138625024,0,81.0,114440896.0,99.0,0.0,100.0,1.0,100.0,0.0,84.0,277320720.0,98.0,2528.0,100.0,0.0,100.0,1.0,,,,,100.0,0.0,100.0,0.0,,,66.0,34.0,,,100.0,14.0,100.0,1944.0,34.0,34.0,100.0,0.0,100.0,0.0,200.0,0.0,100.0,2204.0,100.0,29084359944.0,100.0,4477411226.0
2019-03-31,ZCH027QT,ST12000NM0007,12000138625024,0,83.0,188553296.0,99.0,0.0,100.0,1.0,100.0,0.0,84.0,278383413.0,98.0,2544.0,100.0,0.0,100.0,1.0,,,,,100.0,0.0,100.0,0.0,,,67.0,33.0,,,100.0,15.0,100.0,1945.0,33.0,33.0,100.0,0.0,100.0,0.0,200.0,0.0,100.0,2220.0,100.0,29116131048.0,100.0,4519752522.0
2019-04-01,ZCH027QT,ST12000NM0007,12000138625024,0,80.0,105721304.0,99.0,0.0,100.0,1.0,100.0,0.0,85.0,282297911.0,98.0,2576.0,100.0,0.0,100.0,1.0,,,,,100.0,0.0,100.0,0.0,,,66.0,34.0,,,100.0,15.0,100.0,1946.0,34.0,34.0,100.0,0.0,100.0,0.0,200.0,0.0,100.0,2252.0,100.0,29176985088.0,100.0,4620207154.0
2019-04-02,ZCH027QT,ST12000NM0007,12000138625024,0,82.0,141681656.0,99.0,0.0,100.0,1.0,100.0,0.0,85.0,283379942.0,98.0,2592.0,100.0,0.0,100.0,1.0,,,,,100.0,0.0,100.0,0.0,,,68.0,32.0,,,100.0,16.0,100.0,1947.0,32.0,32.0,100.0,0.0,100.0,0.0,200.0,0.0,100.0,2267.0,100.0,29190357664.0,100.0,4642794930.0
2019-04-03,ZCH027QT,ST12000NM0007,12000138625024,0,83.0,181917184.0,99.0,0.0,100.0,1.0,100.0,0.0,85.0,284114910.0,98.0,2623.0,100.0,0.0,100.0,1.0,,,,,100.0,0.0,100.0,0.0,,,65.0,35.0,,,100.0,16.0,100.0,1950.0,35.0,35.0,100.0,0.0,100.0,0.0,200.0,0.0,100.0,2299.0,100.0,29201221560.0,100.0,4672166562.0
2019-04-04,ZCH027QT,ST12000NM0007,12000138625024,0,83.0,203403064.0,99.0,0.0,100.0,1.0,100.0,0.0,85.0,284528358.0,97.0,2639.0,100.0,0.0,100.0,1.0,,,,,100.0,0.0,100.0,0.0,,,66.0,34.0,,,100.0,16.0,100.0,1951.0,34.0,34.0,100.0,0.0,100.0,0.0,200.0,0.0,100.0,2315.0,100.0,29207018112.0,100.0,4687855890.0
2019-04-05,ZCH027QT,ST12000NM0007,12000138625024,0,80.0,98152312.0,99.0,0.0,100.0,1.0,100.0,0.0,85.0,286856352.0,97.0,2656.0,100.0,0.0,100.0,1.0,,,,,100.0,0.0,100.0,0.0,,,65.0,35.0,,,100.0,17.0,100.0,1952.0,35.0,35.0,100.0,0.0,100.0,0.0,200.0,0.0,100.0,2330.0,100.0,29269472784.0,100.0,4764291196.0
2019-04-06,ZCH027QT,ST12000NM0007,12000138625024,0,84.0,231846904.0,99.0,0.0,100.0,1.0,100.0,0.0,85.0,289955788.0,97.0,2687.0,100.0,0.0,100.0,1.0,,,,,100.0,0.0,100.0,0.0,,,66.0,34.0,,,100.0,18.0,100.0,1953.0,34.0,34.0,100.0,0.0,100.0,0.0,200.0,0.0,100.0,2362.0,100.0,29321951816.0,100.0,4845506756.0
2019-04-07,ZCH027QT,ST12000NM0007,12000138625024,0,82.0,167392144.0,99.0,0.0,100.0,1.0,100.0,0.0,85.0,291773467.0,97.0,2703.0,100.0,0.0,100.0,1.0,,,,,100.0,0.0,100.0,0.0,,,66.0,34.0,,,100.0,18.0,100.0,1954.0,34.0,34.0,100.0,0.0,100.0,0.0,200.0,0.0,100.0,2378.0,100.0,29391301328.0,100.0,4955843980.0
2019-04-08,ZCH027QT,ST12000NM0007,12000138625024,0,82.0,155373832.0,99.0,0.0,100.0,1.0,100.0,0.0,85.0,298357521.0,97.0,2735.0,100.0,0.0,100.0,1.0,,,,,100.0,0.0,100.0,0.0,,,66.0,34.0,,,100.0,19.0,100.0,1955.0,34.0,34.0,100.0,0.0,100.0,0.0,200.0,0.0,100.0,2410.0,100.0,29585904112.0,100.0,5237504188.0
2019-04-09,ZCH027QT,ST12000NM0007,12000138625024,0,80.0,98320960.0,99.0,0.0,100.0,1.0,100.0,0.0,85.0,300009959.0,97.0,2751.0,100.0,0.0,100.0,1.0,,,,,100.0,0.0,100.0,0.0,,,66.0,34.0,,,100.0,19.0,100.0,1956.0,34.0,34.0,100.0,0.0,100.0,0.0,200.0,0.0,100.0,2425.0,100.0,29656637072.0,100.0,5353859132.0
2019-04-10,ZCH027QT,ST12000NM0007,12000138625024,0,83.0,197123872.0,99.0,0.0,100.0,1.0,100.0,0.0,85.0,303091288.0,97.0,2783.0,100.0,0.0,100.0,1.0,,,,,100.0,0.0,100.0,0.0,,,65.0,35.0,,,100.0,19.0,100.0,1957.0,35.0,35.0,100.0,0.0,100.0,0.0,200.0,0.0,100.0,2457.0,100.0,29789981728.0,100.0,5563458468.0
2019-04-11,ZCH027QT,ST12000NM0007,12000138625024,0,83.0,220681432.0,99.0,0.0,100.0,1.0,100.0,0.0,85.0,305830062.0,97.0,2814.0,100.0,0.0,100.0,1.0,,,,,100.0,0.0,100.0,0.0,,,65.0,35.0,,,100.0,20.0,100.0,1958.0,35.0,35.0,100.0,0.0,100.0,0.0,200.0,0.0,100.0,2489.0,100.0,29897111096.0,100.0,5724027524.0
2019-04-12,ZCH027QT,ST12000NM0007,12000138625024,0,73.0,18889920.0,99.0,0.0,100.0,1.0,100.0,0.0,85.0,309515520.0,97.0,2830.0,100.0,0.0,100.0,1.0,,,,,100.0,0.0,100.0,0.0,,,65.0,35.0,,,100.0,20.0,100.0,1959.0,35.0,35.0,100.0,0.0,100.0,0.0,200.0,0.0,100.0,2505.0,100.0,30022067600.0,100.0,5885561020.0
2019-04-13,ZCH027QT,ST12000NM0007,12000138625024,0,82.0,164999656.0,99.0,0.0,100.0,1.0,100.0,0.0,85.0,314744938.0,97.0,2862.0,100.0,0.0,100.0,1.0,,,,,100.0,0.0,100.0,0.0,,,66.0,34.0,,,100.0,21.0,100.0,1960.0,34.0,34.0,100.0,0.0,100.0,0.0,200.0,0.0,100.0,2536.0,100.0,30173321080.0,100.0,6124558356.0
2019-04-14,ZCH027QT,ST12000NM0007,12000138625024,0,78.0,62180336.0,99.0,0.0,100.0,1.0,100.0,0.0,85.0,316265390.0,97.0,2878.0,100.0,0.0,100.0,1.0,,,,,100.0,0.0,100.0,0.0,,,67.0,33.0,,,100.0,22.0,100.0,1961.0,33.0,33.0,100.0,0.0,100.0,0.0,200.0,0.0,100.0,2552.0,100.0,30232234224.0,100.0,6206966660.0
2019-04-15,ZCH027QT,ST12000NM0007,12000138625024,0,79.0,75112016.0,99.0,0.0,100.0,1.0,100.0,0.0,85.0,323114572.0,97.0,2910.0,100.0,0.0,100.0,1.0,,,,,100.0,0.0,100.0,0.0,,,65.0,35.0,,,100.0,23.0,100.0,1962.0,35.0,35.0,100.0,0.0,100.0,0.0,200.0,0.0,100.0,2584.0,100.0,30451219040.0,100.0,6489195620.0
2019-04-16,ZCH027QT,ST12000NM0007,12000138625024,0,84.0,236082640.0,99.0,0.0,100.0,1.0,100.0,0.0,85.0,324632247.0,97.0,2926.0,100.0,0.0,100.0,1.0,,,,,100.0,0.0,100.0,0.0,,,66.0,34.0,,,100.0,24.0,100.0,1963.0,34.0,34.0,100.0,0.0,100.0,0.0,200.0,0.0,100.0,2600.0,100.0,30505084048.0,100.0,6596301236.0
2019-04-17,ZCH027QT,ST12000NM0007,12000138625024,0,69.0,7356832.0,99.0,0.0,100.0,1.0,100.0,0.0,85.0,327453885.0,97.0,2957.0,100.0,0.0,100.0,1.0,,,,,100.0,0.0,100.0,0.0,,,66.0,34.0,,,100.0,24.0,100.0,1964.0,34.0,34.0,100.0,0.0,100.0,0.0,200.0,0.0,100.0,2631.0,100.0,30618025864.0,100.0,6742915004.0
2019-04-18,ZCH027QT,ST12000NM0007,12000138625024,0,82.0,163920224.0,99.0,0.0,100.0,1.0,100.0,0.0,85.0,328891372.0,97.0,2973.0,100.0,0.0,100.0,1.0,,,,,100.0,0.0,100.0,0.0,,,67.0,33.0,,,100.0,25.0,100.0,1965.0,33.0,33.0,100.0,0.0,100.0,0.0,200.0,0.0,100.0,2647.0,100.0,30679369968.0,100.0,6838134292.0
2019-04-19,ZCH027QT,ST12000NM0007,12000138625024,0,71.0,12507824.0,99.0,0.0,100.0,1.0,100.0,0.0,85.0,335960979.0,97.0,3005.0,100.0,0.0,100.0,1.0,,,,,100.0,0.0,100.0,0.0,,,66.0,34.0,,,100.0,26.0,100.0,1966.0,34.0,34.0,100.0,0.0,100.0,0.0,200.0,0.0,100.0,2679.0,100.0,30911358168.0,100.0,7187155700.0
2019-04-20,ZCH027QT,ST12000NM0007,12000138625024,0,83.0,188915072.0,99.0,0.0,100.0,1.0,100.0,0.0,85.0,338338314.0,97.0,3021.0,100.0,0.0,100.0,1.0,,,,,100.0,0.0,100.0,0.0,,,65.0,35.0,,,100.0,26.0,100.0,1967.0,35.0,35.0,100.0,0.0,100.0,0.0,200.0,0.0,100.0,2694.0,100.0,30985318112.0,100.0,7289603004.0
2019-04-21,ZCH027QT,ST12000NM0007,12000138625024,0,80.0,106120480.0,99.0,0.0,100.0,1.0,100.0,0.0,85.0,343089126.0,97.0,3052.0,100.0,0.0,100.0,1.0,,,,,100.0,0.0,100.0,0.0,,,65.0,35.0,,,100.0,26.0,100.0,1968.0,35.0,35.0,100.0,0.0,100.0,0.0,200.0,0.0,100.0,2726.0,100.0,31170200136.0,100.0,7510208540.0
2019-04-22,ZCH027QT,ST12000NM0007,12000138625024,0,79.0,87989928.0,99.0,0.0,100.0,1.0,100.0,0.0,85.0,347568859.0,97.0,3068.0,100.0,0.0,100.0,1.0,,,,,100.0,0.0,100.0,0.0,,,67.0,33.0,,,100.0,26.0,100.0,1969.0,33.0,33.0,100.0,0.0,100.0,0.0,200.0,0.0,100.0,2742.0,100.0,31264427632.0,100.0,7641992348.0
2019-04-23,ZCH027QT,ST12000NM0007,12000138625024,0,81.0,115114472.0,99.0,0.0,100.0,1.0,100.0,0.0,85.0,350991756.0,97.0,3100.0,100.0,0.0,100.0,1.0,,,,,100.0,0.0,100.0,0.0,,,66.0,34.0,,,100.0,27.0,100.0,1970.0,34.0,34.0,100.0,0.0,100.0,0.0,200.0,0.0,100.0,2773.0,100.0,31385527416.0,100.0,7792157860.0
2019-04-24,ZCH027QT,ST12000NM0007,12000138625024,0,84.0,241754296.0,99.0,0.0,100.0,1.0,100.0,0.0,85.0,352421992.0,97.0,3116.0,100.0,0.0,100.0,1.0,,,,,100.0,0.0,100.0,0.0,,,67.0,33.0,,,100.0,27.0,100.0,1971.0,33.0,33.0,100.0,0.0,100.0,0.0,200.0,0.0,100.0,2789.0,100.0,31456647032.0,100.0,7847678068.0
2019-04-25,ZCH027QT,ST12000NM0007,12000138625024,0,76.0,40672128.0,99.0,0.0,100.0,1.0,100.0,0.0,86.0,355456175.0,97.0,3147.0,100.0,0.0,100.0,1.0,,,,,100.0,0.0,100.0,0.0,,,66.0,34.0,,,100.0,27.0,100.0,1972.0,34.0,34.0,100.0,0.0,100.0,0.0,200.0,0.0,100.0,2821.0,100.0,31569373024.0,100.0,8022151932.0
2019-04-26,ZCH027QT,ST12000NM0007,12000138625024,0,78.0,62121008.0,99.0,0.0,100.0,1.0,100.0,0.0,86.0,358792875.0,97.0,3163.0,100.0,0.0,100.0,1.0,,,,,100.0,0.0,100.0,0.0,,,66.0,34.0,,,100.0,28.0,100.0,1973.0,34.0,34.0,100.0,0.0,100.0,0.0,200.0,0.0,100.0,2836.0,100.0,31678070288.0,100.0,8179044180.0
2019-04-27,ZCH027QT,ST12000NM0007,12000138625024,0,83.0,207555416.0,99.0,0.0,100.0,1.0,100.0,0.0,86.0,364346733.0,97.0,3195.0,100.0,0.0,100.0,1.0,,,,,100.0,0.0,100.0,0.0,,,67.0,33.0,,,100.0,28.0,100.0,1974.0,33.0,33.0,100.0,0.0,100.0,0.0,200.0,0.0,100.0,2868.0,100.0,31817974856.0,100.0,8428714684.0
2019-04-28,ZCH027QT,ST12000NM0007,12000138625024,0,80.0,95947488.0,99.0,0.0,100.0,1.0,100.0,0.0,86.0,369997101.0,97.0,3227.0,100.0,0.0,100.0,1.0,,,,,100.0,0.0,100.0,0.0,,,66.0,34.0,,,100.0,28.0,100.0,1976.0,34.0,34.0,100.0,0.0,100.0,0.0,200.0,0.0,100.0,2900.0,100.0,31991719472.0,100.0,8631643556.0
2019-04-29,ZCH027QT,ST12000NM0007,12000138625024,0,83.0,193586248.0,99.0,0.0,100.0,1.0,100.0,0.0,86.0,371869071.0,97.0,3243.0,100.0,0.0,100.0,1.0,,,,,100.0,0.0,100.0,0.0,,,67.0,33.0,,,100.0,28.0,100.0,1976.0,33.0,33.0,100.0,0.0,100.0,0.0,200.0,0.0,100.0,2915.0,100.0,32043315528.0,100.0,8677686260.0
2019-04-30,ZCH027QT,ST12000NM0007,12000138625024,0,84.0,227609304.0,99.0,0.0,100.0,1.0,100.0,0.0,86.0,375136973.0,97.0,3274.0,100.0,0.0,100.0,1.0,,,,,100.0,0.0,100.0,0.0,,,67.0,33.0,,,100.0,29.0,100.0,1978.0,33.0,33.0,100.0,0.0,100.0,0.0,200.0,0.0,100.0,2947.0,100.0,32164640144.0,100.0,8834525844.0
2019-05-01,ZCH027QT,ST12000NM0007,12000138625024,0,82.0,146119664.0,99.0,0.0,100.0,1.0,100.0,0.0,86.0,376724568.0,97.0,3290.0,100.0,0.0,100.0,1.0,,,,,100.0,0.0,100.0,0.0,,,66.0,34.0,,,100.0,29.0,100.0,1978.0,34.0,34.0,100.0,0.0,100.0,0.0,200.0,0.0,100.0,2963.0,100.0,32224698808.0,100.0,8937118180.0
2019-05-02,ZCH027QT,ST12000NM0007,12000138625024,0,79.0,71815200.0,99.0,0.0,100.0,1.0,100.0,0.0,86.0,378388273.0,97.0,3306.0,100.0,0.0,100.0,1.0,,,,,100.0,0.0,100.0,0.0,,,66.0,34.0,,,100.0,29.0,100.0,1979.0,34.0,34.0,100.0,0.0,100.0,0.0,200.0,0.0,100.0,2979.0,100.0,32295848720.0,100.0,9035804476.0
2019-05-03,ZCH027QT,ST12000NM0007,12000138625024,0,80.0,94323248.0,99.0,0.0,100.0,1.0,100.0,0.0,86.0,384959302.0,97.0,3338.0,100.0,0.0,100.0,1.0,,,,,100.0,0.0,100.0,0.0,,,67.0,33.0,,,100.0,29.0,100.0,1980.0,33.0,33.0,100.0,0.0,100.0,0.0,200.0,0.0,100.0,3010.0,100.0,32475209072.0,100.0,9367233620.0
2019-05-04,ZCH027QT,ST12000NM0007,12000138625024,0,84.0,231932360.0,99.0,0.0,100.0,1.0,100.0,0.0,86.0,386781689.0,97.0,3354.0,100.0,0.0,100.0,1.0,,,,,100.0,0.0,100.0,0.0,,,66.0,34.0,,,100.0,29.0,100.0,1981.0,34.0,34.0,100.0,0.0,100.0,0.0,200.0,0.0,100.0,3026.0,100.0,32519688816.0,100.0,9460362988.0
2019-05-05,ZCH027QT,ST12000NM0007,12000138625024,0,80.0,103806512.0,99.0,0.0,100.0,1.0,100.0,0.0,86.0,390583703.0,97.0,3385.0,100.0,0.0,100.0,1.0,,,,,100.0,0.0,100.0,0.0,,,66.0,34.0,,,100.0,29.0,100.0,1982.0,34.0,34.0,100.0,0.0,100.0,0.0,200.0,0.0,100.0,3058.0,100.0,32649021016.0,100.0,9691186212.0
2019-05-06,ZCH027QT,ST12000NM0007,12000138625024,0,73.0,19137672.0,99.0,0.0,100.0,1.0,100.0,0.0,86.0,396401679.0,97.0,3417.0,100.0,0.0,100.0,1.0,,,,,100.0,0.0,100.0,0.0,,,66.0,34.0,,,100.0,30.0,100.0,1983.0,34.0,34.0,100.0,0.0,100.0,0.0,200.0,0.0,100.0,3089.0,100.0,32812774512.0,100.0,9931045372.0
2019-05-07,ZCH027QT,ST12000NM0007,12000138625024,0,82.0,152949704.0,99.0,0.0,100.0,1.0,100.0,0.0,86.0,397752781.0,97.0,3433.0,100.0,0.0,100.0,1.0,,,,,100.0,0.0,100.0,0.0,,,66.0,34.0,,,100.0,31.0,100.0,1984.0,34.0,34.0,100.0,0.0,100.0,0.0,200.0,0.0,100.0,3105.0,100.0,32859159864.0,100.0,10018472052.0
2019-05-08,ZCH027QT,ST12000NM0007,12000138625024,0,74.0,26734680.0,99.0,0.0,100.0,1.0,100.0,0.0,86.0,399213640.0,97.0,3449.0,100.0,0.0,100.0,1.0,,,,,100.0,0.0,100.0,0.0,,,66.0,34.0,,,100.0,32.0,100.0,1985.0,34.0,34.0,100.0,0.0,100.0,0.0,200.0,0.0,100.0,3121.0,100.0,32920125528.0,100.0,10075432036.0
2019-05-09,ZCH027QT,ST12000NM0007,12000138625024,0,81.0,115382760.0,99.0,0.0,100.0,1.0,100.0,0.0,86.0,402669780.0,97.0,3481.0,100.0,0.0,100.0,1.0,,,,,100.0,0.0,100.0,0.0,,,66.0,34.0,,,100.0,33.0,100.0,1986.0,34.0,34.0,100.0,0.0,100.0,0.0,200.0,0.0,100.0,3152.0,100.0,33038183632.0,100.0,10290162724.0
2019-05-10,ZCH027QT,ST12000NM0007,12000138625024,0,80.0,106783216.0,99.0,0.0,100.0,1.0,100.0,0.0,86.0,409351776.0,96.0,3512.0,100.0,0.0,100.0,1.0,,,,,100.0,0.0,100.0,0.0,,,67.0,33.0,,,100.0,33.0,100.0,1987.0,33.0,33.0,100.0,0.0,100.0,0.0,200.0,0.0,100.0,3184.0,100.0,33226507736.0,100.0,10581520340.0
2019-05-11,ZCH027QT,ST12000NM0007,12000138625024,0,71.0,12512432.0,99.0,0.0,100.0,1.0,100.0,0.0,86.0,410847155.0,96.0,3528.0,100.0,0.0,100.0,1.0,,,,,100.0,0.0,100.0,0.0,,,66.0,34.0,,,100.0,34.0,100.0,1988.0,34.0,34.0,100.0,0.0,100.0,0.0,200.0,0.0,100.0,3200.0,100.0,33292705072.0,100.0,10665192956.0
2019-05-12,ZCH027QT,ST12000NM0007,12000138625024,0,83.0,194629728.0,99.0,0.0,100.0,1.0,100.0,0.0,86.0,416203131.0,96.0,3560.0,100.0,0.0,100.0,1.0,,,,,100.0,0.0,100.0,0.0,,,66.0,34.0,,,100.0,35.0,100.0,1989.0,34.0,34.0,100.0,0.0,100.0,0.0,200.0,0.0,100.0,3231.0,100.0,33476083560.0,100.0,10908072468.0
2019-05-13,ZCH027QT,ST12000NM0007,12000138625024,0,81.0,126662432.0,99.0,0.0,100.0,1.0,100.0,0.0,86.0,418869296.0,96.0,3576.0,100.0,0.0,100.0,1.0,,,,,100.0,0.0,100.0,0.0,,,66.0,34.0,,,100.0,35.0,100.0,1990.0,34.0,34.0,100.0,0.0,100.0,0.0,200.0,0.0,100.0,3247.0,100.0,33542025208.0,100.0,11018304156.0
2019-05-14,ZCH027QT,ST12000NM0007,12000138625024,0,100.0,1037928.0,99.0,0.0,100.0,1.0,100.0,0.0,86.0,422009596.0,96.0,3607.0,100.0,0.0,100.0,1.0,,,,,100.0,0.0,100.0,0.0,,,66.0,34.0,,,100.0,35.0,100.0,1991.0,34.0,34.0,100.0,0.0,100.0,0.0,200.0,0.0,100.0,3278.0,100.0,33660510448.0,100.0,11262476180.0
2019-05-15,ZCH027QT,ST12000NM0007,12000138625024,0,82.0,166300792.0,99.0,0.0,100.0,1.0,100.0,0.0,86.0,423606252.0,96.0,3623.0,100.0,0.0,100.0,1.0,,,,,100.0,0.0,100.0,0.0,,,66.0,34.0,,,100.0,35.0,100.0,1992.0,34.0,34.0,100.0,0.0,100.0,0.0,200.0,0.0,100.0,3294.0,100.0,33712991464.0,100.0,11375258028.0
2019-05-16,ZCH027QT,ST12000NM0007,12000138625024,0,68.0,6615904.0,99.0,0.0,100.0,1.0,100.0,0.0,86.0,427145118.0,96.0,3655.0,100.0,0.0,100.0,1.0,,,,,100.0,0.0,100.0,0.0,,,65.0,35.0,,,100.0,36.0,100.0,1993.0,35.0,35.0,100.0,0.0,100.0,0.0,200.0,0.0,100.0,3326.0,100.0,33836471592.0,100.0,11580374580.0
2019-05-17,ZCH027QT,ST12000NM0007,12000138625024,0,78.0,67313376.0,99.0,0.0,100.0,1.0,100.0,0.0,86.0,431315491.0,96.0,3671.0,100.0,0.0,100.0,1.0,,,,,100.0,0.0,100.0,0.0,,,67.0,33.0,,,100.0,37.0,100.0,1994.0,33.0,33.0,100.0,0.0,100.0,0.0,200.0,0.0,100.0,3342.0,100.0,33957000232.0,100.0,11764684108.0
2019-05-18,ZCH027QT,ST12000NM0007,12000138625024,0,83.0,182670680.0,99.0,0.0,100.0,1.0,100.0,0.0,86.0,435965152.0,96.0,3703.0,100.0,0.0,100.0,1.0,,,,,100.0,0.0,100.0,0.0,,,66.0,34.0,,,100.0,37.0,100.0,1995.0,34.0,34.0,100.0,0.0,100.0,0.0,200.0,0.0,100.0,3373.0,100.0,34089647064.0,100.0,11991535236.0
2019-05-19,ZCH027QT,ST12000NM0007,12000138625024,0,80.0,89840784.0,99.0,0.0,100.0,1.0,100.0,0.0,86.0,437801146.0,96.0,3718.0,100.0,0.0,100.0,1.0,,,,,100.0,0.0,100.0,0.0,,,64.0,36.0,,,100.0,37.0,100.0,1996.0,36.0,36.0,100.0,0.0,100.0,0.0,200.0,0.0,100.0,3389.0,100.0,34161018264.0,100.0,12071474788.0
2019-05-20,ZCH027QT,ST12000NM0007,12000138625024,0,84.0,225787656.0,99.0,0.0,100.0,1.0,100.0,0.0,86.0,443698967.0,96.0,3750.0,100.0,0.0,100.0,1.0,,,,,100.0,0.0,100.0,0.0,,,65.0,35.0,,,100.0,38.0,100.0,1997.0,35.0,35.0,100.0,0.0,100.0,0.0,200.0,0.0,100.0,3421.0,100.0,34314701080.0,100.0,12297879476.0
2019-05-21,ZCH027QT,ST12000NM0007,12000138625024,0,81.0,136768784.0,99.0,0.0,100.0,1.0,100.0,0.0,86.0,445047635.0,96.0,3766.0,100.0,0.0,100.0,1.0,,,,,100.0,0.0,100.0,0.0,,,65.0,35.0,,,100.0,39.0,100.0,1998.0,35.0,35.0,100.0,0.0,100.0,0.0,200.0,0.0,100.0,3437.0,100.0,34366690648.0,100.0,12401011820.0
2019-05-22,ZCH027QT,ST12000NM0007,12000138625024,0,83.0,197755672.0,99.0,0.0,100.0,1.0,100.0,0.0,87.0,448316552.0,96.0,3798.0,100.0,0.0,100.0,1.0,,,,,100.0,0.0,100.0,0.0,,,65.0,35.0,,,100.0,40.0,100.0,1999.0,35.0,35.0,100.0,0.0,100.0,0.0,200.0,0.0,100.0,3468.0,100.0,34493244040.0,100.0,12579586204.0
2019-05-23,ZCH027QT,ST12000NM0007,12000138625024,0,79.0,80899296.0,99.0,0.0,100.0,1.0,100.0,0.0,87.0,449621548.0,96.0,3814.0,100.0,0.0,100.0,1.0,,,,,100.0,0.0,100.0,0.0,,,65.0,35.0,,,100.0,40.0,99.0,2000.0,35.0,35.0,100.0,0.0,100.0,0.0,200.0,0.0,100.0,3484.0,100.0,34552250840.0,100.0,12647864116.0
2019-05-24,ZCH027QT,ST12000NM0007,12000138625024,0,81.0,115804896.0,99.0,0.0,100.0,1.0,100.0,0.0,87.0,456217029.0,96.0,3846.0,100.0,0.0,100.0,1.0,,,,,100.0,0.0,100.0,0.0,,,65.0,35.0,,,100.0,40.0,99.0,2001.0,35.0,35.0,100.0,0.0,100.0,0.0,200.0,0.0,100.0,3516.0,100.0,34722733760.0,100.0,13000568628.0
2019-05-25,ZCH027QT,ST12000NM0007,12000138625024,0,74.0,25177872.0,99.0,0.0,100.0,1.0,100.0,0.0,87.0,457991319.0,96.0,3861.0,100.0,0.0,100.0,1.0,,,,,100.0,0.0,100.0,0.0,,,66.0,34.0,,,100.0,41.0,99.0,2002.0,34.0,34.0,100.0,0.0,100.0,0.0,200.0,0.0,100.0,3531.0,100.0,34768613416.0,100.0,13108202580.0
2019-05-26,ZCH027QT,ST12000NM0007,12000138625024,0,83.0,213408944.0,99.0,0.0,100.0,1.0,100.0,0.0,87.0,462557730.0,96.0,3893.0,100.0,0.0,100.0,1.0,,,,,100.0,0.0,100.0,0.0,,,67.0,33.0,,,100.0,41.0,99.0,2003.0,33.0,33.0,100.0,0.0,100.0,0.0,200.0,0.0,100.0,3563.0,100.0,34920793376.0,100.0,13388394364.0
2019-05-27,ZCH027QT,ST12000NM0007,12000138625024,0,82.0,155638456.0,99.0,0.0,100.0,1.0,100.0,0.0,87.0,466127952.0,96.0,3909.0,100.0,0.0,100.0,1.0,,,,,100.0,0.0,100.0,0.0,,,68.0,32.0,,,100.0,42.0,99.0,2004.0,32.0,32.0,100.0,0.0,100.0,0.0,200.0,0.0,100.0,3578.0,100.0,35000820792.0,100.0,13494737092.0
2019-05-28,ZCH027QT,ST12000NM0007,12000138625024,0,84.0,228325952.0,99.0,0.0,100.0,1.0,100.0,0.0,87.0,469224365.0,96.0,3941.0,100.0,0.0,100.0,1.0,,,,,100.0,0.0,100.0,0.0,,,69.0,31.0,,,100.0,42.0,99.0,2005.0,31.0,31.0,100.0,0.0,100.0,0.0,200.0,0.0,100.0,3610.0,100.0,35146727280.0,100.0,13665658884.0
2019-05-29,ZCH027QT,ST12000NM0007,12000138625024,0,81.0,119204408.0,99.0,0.0,100.0,1.0,100.0,0.0,87.0,470516108.0,96.0,3957.0,100.0,0.0,100.0,1.0,,,,,100.0,0.0,100.0,0.0,,,67.0,33.0,,,100.0,43.0,99.0,2006.0,33.0,33.0,100.0,0.0,100.0,0.0,200.0,0.0,100.0,3626.0,100.0,35198844888.0,100.0,13748560452.0
2019-05-30,ZCH027QT,ST12000NM0007,12000138625024,0,75.0,31105176.0,99.0,0.0,100.0,1.0,100.0,0.0,87.0,473553867.0,96.0,3988.0,100.0,0.0,100.0,1.0,,,,,100.0,0.0,100.0,0.0,,,68.0,32.0,,,100.0,44.0,99.0,2008.0,32.0,32.0,100.0,0.0,100.0,0.0,200.0,0.0,100.0,3657.0,100.0,35324803472.0,100.0,14022784340.0
2019-05-31,ZCH027QT,ST12000NM0007,12000138625024,0,76.0,40807504.0,99.0,0.0,100.0,1.0,100.0,0.0,87.0,476986289.0,96.0,4004.0,100.0,0.0,100.0,1.0,,,,,100.0,0.0,100.0,0.0,,,67.0,33.0,,,100.0,44.0,99.0,2009.0,33.0,33.0,100.0,0.0,100.0,0.0,200.0,0.0,100.0,3673.0,100.0,35427119672.0,100.0,14174311100.0
2019-06-01,ZCH027QT,ST12000NM0007,12000138625024,0,83.0,179378576.0,99.0,0.0,100.0,1.0,100.0,0.0,87.0,481686100.0,96.0,4036.0,100.0,0.0,100.0,1.0,,,,,100.0,0.0,100.0,0.0,,,67.0,33.0,,,100.0,44.0,99.0,2010.0,33.0,33.0,100.0,0.0,100.0,0.0,200.0,0.0,100.0,3704.0,100.0,35560383392.0,100.0,14423759300.0
2019-06-02,ZCH027QT,ST12000NM0007,12000138625024,0,80.0,101869376.0,99.0,0.0,100.0,1.0,100.0,0.0,87.0,483328460.0,96.0,4052.0,100.0,0.0,100.0,1.0,,,,,100.0,0.0,100.0,0.0,,,68.0,32.0,,,100.0,44.0,99.0,2011.0,32.0,32.0,100.0,0.0,100.0,0.0,200.0,0.0,100.0,3720.0,100.0,35625268808.0,100.0,14525505492.0
2019-06-03,ZCH027QT,ST12000NM0007,12000138625024,0,79.0,75813648.0,99.0,0.0,100.0,1.0,100.0,0.0,87.0,490011798.0,96.0,4083.0,100.0,0.0,100.0,1.0,,,,,100.0,0.0,100.0,0.0,,,68.0,32.0,,,100.0,44.0,99.0,2012.0,32.0,32.0,100.0,0.0,100.0,0.0,200.0,0.0,100.0,3752.0,100.0,35855245528.0,100.0,14757755292.0
2019-06-04,ZCH027QT,ST12000NM0007,12000138625024,0,83.0,203737072.0,99.0,0.0,100.0,1.0,100.0,0.0,87.0,491302996.0,96.0,4099.0,100.0,0.0,100.0,1.0,,,,,100.0,0.0,100.0,0.0,,,67.0,33.0,,,100.0,45.0,99.0,2013.0,33.0,33.0,100.0,0.0,100.0,0.0,200.0,0.0,100.0,3768.0,100.0,35903286296.0,100.0,14837637948.0
2019-06-05,ZCH027QT,ST12000NM0007,12000138625024,0,79.0,73852480.0,99.0,0.0,100.0,1.0,100.0,0.0,87.0,495085500.0,96.0,4131.0,100.0,0.0,100.0,1.0,,,,,100.0,0.0,100.0,0.0,,,66.0,34.0,,,100.0,46.0,99.0,2014.0,34.0,34.0,100.0,0.0,100.0,0.0,200.0,0.0,100.0,3799.0,100.0,36037457088.0,100.0,15061864492.0
2019-06-06,ZCH027QT,ST12000NM0007,12000138625024,0,73.0,19534016.0,99.0,0.0,100.0,1.0,100.0,0.0,87.0,496781696.0,96.0,4147.0,100.0,0.0,100.0,1.0,,,,,100.0,0.0,100.0,0.0,,,67.0,33.0,,,100.0,46.0,99.0,2015.0,33.0,33.0,100.0,0.0,100.0,0.0,200.0,0.0,100.0,3815.0,100.0,36097393128.0,100.0,15191750820.0
2019-06-07,ZCH027QT,ST12000NM0007,12000138625024,0,76.0,37913264.0,99.0,0.0,100.0,1.0,100.0,0.0,87.0,503401927.0,96.0,4178.0,100.0,0.0,100.0,1.0,,,,,100.0,0.0,100.0,0.0,,,67.0,33.0,,,100.0,46.0,99.0,2016.0,33.0,33.0,100.0,0.0,100.0,0.0,200.0,0.0,100.0,3846.0,100.0,36290440632.0,100.0,15505363828.0
2019-06-08,ZCH027QT,ST12000NM0007,12000138625024,0,67.0,4789904.0,99.0,0.0,100.0,1.0,100.0,0.0,87.0,504985736.0,96.0,4194.0,100.0,0.0,100.0,1.0,,,,,100.0,0.0,100.0,0.0,,,68.0,32.0,,,100.0,47.0,99.0,2017.0,32.0,32.0,100.0,0.0,100.0,0.0,200.0,0.0,100.0,3862.0,100.0,36380250808.0,100.0,15626570948.0
2019-06-09,ZCH027QT,ST12000NM0007,12000138625024,0,81.0,129714680.0,99.0,0.0,100.0,1.0,100.0,0.0,87.0,508795689.0,96.0,4226.0,100.0,0.0,100.0,1.0,,,,,100.0,0.0,100.0,0.0,,,67.0,33.0,,,100.0,48.0,99.0,2018.0,33.0,33.0,100.0,0.0,100.0,0.0,200.0,0.0,100.0,3893.0,100.0,36508419456.0,100.0,15867467836.0
2019-06-10,ZCH027QT,ST12000NM0007,12000138625024,0,81.0,126039800.0,99.0,0.0,100.0,1.0,100.0,0.0,87.0,513148284.0,96.0,4242.0,100.0,0.0,100.0,1.0,,,,,100.0,0.0,100.0,0.0,,,67.0,33.0,,,100.0,48.0,99.0,2019.0,33.0,33.0,100.0,0.0,100.0,0.0,200.0,0.0,100.0,3909.0,100.0,36610663808.0,100.0,16005689428.0
2019-06-11,ZCH027QT,ST12000NM0007,12000138625024,0,84.0,241696960.0,99.0,0.0,100.0,1.0,100.0,0.0,87.0,516205143.0,96.0,4273.0,100.0,0.0,100.0,1.0,,,,,100.0,0.0,100.0,0.0,,,67.0,33.0,,,100.0,48.0,99.0,2020.0,33.0,33.0,100.0,0.0,100.0,0.0,200.0,0.0,100.0,3940.0,100.0,36725367096.0,100.0,16250784188.0
2019-06-12,ZCH027QT,ST12000NM0007,12000138625024,0,83.0,187001472.0,99.0,0.0,100.0,1.0,100.0,0.0,87.0,518293480.0,96.0,4289.0,100.0,0.0,100.0,1.0,,,,,100.0,0.0,100.0,0.0,,,67.0,33.0,,,100.0,49.0,99.0,2021.0,33.0,33.0,100.0,0.0,100.0,0.0,200.0,0.0,100.0,3956.0,100.0,36798305984.0,100.0,16367290476.0
2019-06-13,ZCH027QT,ST12000NM0007,12000138625024,0,79.0,70809440.0,99.0,0.0,100.0,1.0,100.0,0.0,87.0,521408870.0,96.0,4321.0,100.0,0.0,100.0,1.0,,,,,100.0,0.0,100.0,0.0,,,66.0,34.0,,,100.0,49.0,99.0,2022.0,34.0,34.0,100.0,0.0,100.0,0.0,200.0,0.0,100.0,3987.0,100.0,36922272968.0,100.0,16615413068.0
2019-06-14,ZCH027QT,ST12000NM0007,12000138625024,0,81.0,113725352.0,99.0,0.0,100.0,1.0,100.0,0.0,87.0,524087572.0,96.0,4337.0,100.0,0.0,100.0,1.0,,,,,100.0,0.0,100.0,0.0,,,65.0,35.0,,,100.0,49.0,99.0,2023.0,35.0,35.0,100.0,0.0,100.0,0.0,200.0,0.0,100.0,4003.0,100.0,37024621928.0,100.0,16800120724.0
2019-06-15,ZCH027QT,ST12000NM0007,12000138625024,0,78.0,67882672.0,99.0,0.0,100.0,1.0,100.0,0.0,87.0,530287715.0,96.0,4368.0,100.0,0.0,100.0,1.0,,,,,100.0,0.0,100.0,0.0,,,68.0,32.0,,,100.0,49.0,99.0,2024.0,32.0,32.0,100.0,0.0,100.0,0.0,200.0,0.0,100.0,4035.0,100.0,37192925640.0,100.0,17074255596.0
2019-06-16,ZCH027QT,ST12000NM0007,12000138625024,0,83.0,222533952.0,99.0,0.0,100.0,1.0,100.0,0.0,87.0,531971971.0,95.0,4384.0,100.0,0.0,100.0,1.0,,,,,100.0,0.0,100.0,0.0,,,67.0,33.0,,,100.0,49.0,99.0,2025.0,33.0,33.0,100.0,0.0,100.0,0.0,200.0,0.0,100.0,4050.0,100.0,37241478168.0,100.0,17180354348.0
2019-06-17,ZCH027QT,ST12000NM0007,12000138625024,0,82.0,153344584.0,99.0,0.0,100.0,1.0,100.0,0.0,87.0,538390721.0,95.0,4416.0,100.0,0.0,100.0,1.0,,,,,100.0,0.0,100.0,0.0,,,69.0,31.0,,,100.0,50.0,99.0,2026.0,31.0,31.0,100.0,0.0,100.0,0.0,200.0,0.0,100.0,4082.0,100.0,37405563472.0,100.0,17435360988.0
2019-06-18,ZCH027QT,ST12000NM0007,12000138625024,0,74.0,23579264.0,99.0,0.0,100.0,1.0,100.0,0.0,87.0,539754709.0,95.0,4432.0,100.0,0.0,100.0,1.0,,,,,100.0,0.0,100.0,0.0,,,68.0,32.0,,,100.0,51.0,99.0,2027.0,32.0,32.0,100.0,0.0,100.0,0.0,200.0,0.0,100.0,4098.0,100.0,37466002560.0,100.0,17489297212.0
2019-06-19,ZCH027QT,ST12000NM0007,12000138625024,0,80.0,106322376.0,99.0,0.0,100.0,1.0,100.0,0.0,87.0,542668132.0,95.0,4463.0,100.0,0.0,100.0,1.0,,,,,100.0,0.0,100.0,0.0,,,67.0,33.0,,,100.0,52.0,99.0,2028.0,33.0,33.0,100.0,0.0,100.0,0.0,200.0,0.0,100.0,4129.0,100.0,37592539832.0,100.0,17689643692.0
2019-06-20,ZCH027QT,ST12000NM0007,12000138625024,0,83.0,213124560.0,99.0,0.0,100.0,1.0,100.0,0.0,87.0,546850254.0,95.0,4495.0,100.0,0.0,100.0,1.0,,,,,100.0,0.0,100.0,0.0,,,67.0,33.0,,,100.0,52.0,99.0,2030.0,33.0,33.0,100.0,0.0,100.0,0.0,200.0,0.0,100.0,4160.0,100.0,37721255288.0,100.0,17911871140.0
2019-06-21,ZCH027QT,ST12000NM0007,12000138625024,0,77.0,54662672.0,99.0,0.0,100.0,1.0,100.0,0.0,87.0,551042337.0,95.0,4511.0,100.0,0.0,100.0,1.0,,,,,100.0,0.0,100.0,0.0,,,67.0,33.0,,,100.0,52.0,99.0,2030.0,33.0,33.0,100.0,0.0,100.0,0.0,200.0,0.0,100.0,4176.0,100.0,37829511704.0,100.0,18133434188.0
2019-06-22,ZCH027QT,ST12000NM0007,12000138625024,0,80.0,90694792.0,99.0,0.0,100.0,1.0,100.0,0.0,87.0,555449034.0,95.0,4542.0,100.0,0.0,100.0,1.0,,,,,100.0,0.0,100.0,0.0,,,69.0,31.0,,,100.0,52.0,99.0,2032.0,31.0,31.0,100.0,0.0,100.0,0.0,200.0,0.0,100.0,4208.0,100.0,37959376496.0,100.0,18283742148.0
2019-06-23,ZCH027QT,ST12000NM0007,12000138625024,0,75.0,29022608.0,99.0,0.0,100.0,1.0,100.0,0.0,87.0,557707715.0,95.0,4558.0,100.0,0.0,100.0,1.0,,,,,100.0,0.0,100.0,0.0,,,67.0,33.0,,,100.0,52.0,99.0,2032.0,33.0,33.0,100.0,0.0,100.0,0.0,200.0,0.0,100.0,4224.0,100.0,38032830272.0,100.0,18392756868.0
2019-06-24,ZCH027QT,ST12000NM0007,12000138625024,0,83.0,189931792.0,99.0,0.0,100.0,1.0,100.0,0.0,88.0,564451001.0,95.0,4590.0,100.0,0.0,100.0,1.0,,,,,100.0,0.0,100.0,0.0,,,67.0,33.0,,,100.0,53.0,99.0,2034.0,33.0,33.0,100.0,0.0,100.0,0.0,200.0,0.0,100.0,4255.0,100.0,38196469848.0,100.0,18634167108.0
2019-06-25,ZCH027QT,ST12000NM0007,12000138625024,0,80.0,105988640.0,99.0,0.0,100.0,1.0,100.0,0.0,88.0,565912289.0,95.0,4606.0,100.0,0.0,100.0,1.0,,,,,100.0,0.0,100.0,0.0,,,67.0,33.0,,,100.0,53.0,99.0,2034.0,33.0,33.0,100.0,0.0,100.0,0.0,200.0,0.0,100.0,4271.0,100.0,38248078616.0,100.0,18742755844.0
2019-06-26,ZCH027QT,ST12000NM0007,12000138625024,0,83.0,199646328.0,99.0,0.0,100.0,1.0,100.0,0.0,88.0,570007730.0,95.0,4637.0,100.0,0.0,100.0,1.0,,,,,100.0,0.0,100.0,0.0,,,66.0,34.0,,,100.0,53.0,99.0,2036.0,34.0,34.0,100.0,0.0,100.0,0.0,200.0,0.0,100.0,4302.0,100.0,38356309200.0,100.0,18972323708.0
2019-06-27,ZCH027QT,ST12000NM0007,12000138625024,0,82.0,158166784.0,99.0,0.0,100.0,1.0,100.0,0.0,88.0,571725931.0,95.0,4653.0,100.0,0.0,100.0,1.0,,,,,100.0,0.0,100.0,0.0,,,66.0,34.0,,,100.0,53.0,99.0,2036.0,34.0,34.0,100.0,0.0,100.0,0.0,200.0,0.0,100.0,4318.0,100.0,38415399848.0,100.0,19115894404.0
2019-06-28,ZCH027QT,ST12000NM0007,12000138625024,0,78.0,57004200.0,99.0,0.0,100.0,1.0,100.0,0.0,88.0,577902851.0,95.0,4685.0,100.0,0.0,100.0,1.0,,,,,100.0,0.0,100.0,0.0,,,66.0,34.0,,,100.0,54.0,99.0,2038.0,34.0,34.0,100.0,0.0,100.0,0.0,200.0,0.0,100.0,4349.0,100.0,38586599352.0,100.0,19575954468.0
2019-06-29,ZCH027QT,ST12000NM0007,12000138625024,0,77.0,47844600.0,99.0,0.0,100.0,1.0,100.0,0.0,88.0,581122063.0,95.0,4701.0,100.0,0.0,100.0,1.0,,,,,100.0,0.0,100.0,0.0,,,66.0,34.0,,,100.0,54.0,99.0,2038.0,34.0,34.0,100.0,0.0,100.0,0.0,200.0,0.0,100.0,4365.0,100.0,38650329288.0,100.0,19747205820.0
2019-06-30,ZCH027QT,ST12000NM0007,12000138625024,0,83.0,186598720.0,99.0,0.0,100.0,1.0,100.0,0.0,88.0,584578546.0,95.0,4732.0,100.0,0.0,100.0,1.0,,,,,100.0,0.0,100.0,0.0,,,66.0,34.0,,,100.0,54.0,99.0,2039.0,34.0,34.0,100.0,0.0,100.0,0.0,200.0,0.0,100.0,4397.0,100.0,38752193080.0,100.0,20028236788.0
2019-07-01,ZCH027QT,ST12000NM0007,12000138625024,0,81.0,132732616.0,99.0,0.0,100.0,1.0,100.0,0.0,88.0,587110663.0,95.0,4748.0,100.0,0.0,100.0,1.0,,,,,100.0,0.0,100.0,0.0,,,67.0,33.0,,,100.0,54.0,99.0,2040.0,33.0,33.0,100.0,0.0,100.0,0.0,200.0,0.0,100.0,4412.0,100.0,38826774624.0,100.0,20143929772.0
2019-07-02,ZCH027QT,ST12000NM0007,12000138625024,0,72.0,16449536.0,99.0,0.0,100.0,1.0,100.0,0.0,88.0,591803305.0,95.0,4780.0,100.0,0.0,100.0,1.0,,,,,100.0,0.0,100.0,0.0,,,65.0,35.0,,,100.0,55.0,99.0,2041.0,35.0,35.0,100.0,0.0,100.0,0.0,200.0,0.0,100.0,4444.0,100.0,38944144680.0,100.0,20398558500.0
2019-07-03,ZCH027QT,ST12000NM0007,12000138625024,0,71.0,12727424.0,99.0,0.0,100.0,1.0,100.0,0.0,88.0,594064593.0,95.0,4795.0,100.0,0.0,100.0,1.0,,,,,100.0,0.0,100.0,0.0,,,66.0,34.0,,,100.0,55.0,99.0,2042.0,34.0,34.0,100.0,0.0,100.0,0.0,200.0,0.0,100.0,4460.0,100.0,39022256712.0,100.0,20560864988.0
2019-07-04,ZCH027QT,ST12000NM0007,12000138625024,0,81.0,134578192.0,99.0,0.0,100.0,1.0,100.0,0.0,88.0,597075992.0,95.0,4827.0,100.0,0.0,100.0,1.0,,,,,100.0,0.0,100.0,0.0,,,66.0,34.0,,,100.0,55.0,99.0,2043.0,34.0,34.0,100.0,0.0,100.0,0.0,200.0,0.0,100.0,4491.0,100.0,39111121424.0,100.0,20837991836.0
2019-07-05,ZCH027QT,ST12000NM0007,12000138625024,0,84.0,233461296.0,99.0,0.0,100.0,1.0,100.0,0.0,88.0,599839907.0,95.0,4843.0,100.0,0.0,100.0,1.0,,,,,100.0,0.0,100.0,0.0,,,65.0,35.0,,,100.0,55.0,99.0,2044.0,35.0,35.0,100.0,0.0,100.0,0.0,200.0,0.0,100.0,4506.0,100.0,39190413448.0,100.0,21101723676.0
2019-07-06,ZCH027QT,ST12000NM0007,12000138625024,0,82.0,154398312.0,99.0,0.0,100.0,1.0,100.0,0.0,88.0,606591490.0,95.0,4874.0,100.0,0.0,100.0,1.0,,,,,100.0,0.0,100.0,0.0,,,66.0,34.0,,,100.0,55.0,99.0,2045.0,34.0,34.0,100.0,0.0,100.0,0.0,200.0,0.0,100.0,4538.0,100.0,39362055512.0,100.0,21583441348.0
2019-07-07,ZCH027QT,ST12000NM0007,12000138625024,0,82.0,144805424.0,99.0,0.0,100.0,1.0,100.0,0.0,88.0,608632456.0,95.0,4890.0,100.0,0.0,100.0,1.0,,,,,100.0,0.0,100.0,0.0,,,66.0,34.0,,,100.0,55.0,99.0,2046.0,34.0,34.0,100.0,0.0,100.0,0.0,200.0,0.0,100.0,4553.0,100.0,39429429536.0,100.0,21750615380.0
2019-07-08,ZCH027QT,ST12000NM0007,12000138625024,0,78.0,68881496.0,99.0,0.0,100.0,1.0,100.0,0.0,88.0,615335053.0,95.0,4922.0,100.0,0.0,100.0,1.0,,,,,100.0,0.0,100.0,0.0,,,66.0,34.0,,,100.0,56.0,99.0,2047.0,34.0,34.0,100.0,0.0,100.0,0.0,200.0,0.0,100.0,4585.0,100.0,39590315120.0,100.0,22002087132.0
2019-07-09,ZCH027QT,ST12000NM0007,12000138625024,0,79.0,80426912.0,99.0,0.0,100.0,1.0,100.0,0.0,88.0,617354142.0,95.0,4938.0,100.0,0.0,100.0,1.0,,,,,100.0,0.0,100.0,0.0,,,66.0,34.0,,,100.0,56.0,99.0,2048.0,34.0,34.0,100.0,0.0,100.0,0.0,200.0,0.0,100.0,4601.0,100.0,39661454736.0,100.0,22186633908.0
2019-07-10,ZCH027QT,ST12000NM0007,12000138625024,0,100.0,1963784.0,99.0,0.0,100.0,1.0,100.0,0.0,88.0,620856621.0,95.0,4970.0,100.0,0.0,100.0,1.0,,,,,100.0,0.0,100.0,0.0,,,65.0,35.0,,,100.0,57.0,99.0,2049.0,35.0,35.0,100.0,0.0,100.0,0.0,200.0,0.0,100.0,4632.0,100.0,39766453552.0,100.0,22491453508.0
2019-07-11,ZCH027QT,ST12000NM0007,12000138625024,0,78.0,66045984.0,99.0,0.0,100.0,1.0,100.0,0.0,88.0,625239247.0,95.0,5001.0,100.0,0.0,100.0,1.0,,,,,100.0,0.0,100.0,0.0,,,67.0,33.0,,,100.0,57.0,99.0,2051.0,33.0,33.0,100.0,0.0,100.0,0.0,200.0,0.0,100.0,4663.0,100.0,39917152904.0,100.0,22893117844.0
2019-07-12,ZCH027QT,ST12000NM0007,12000138625024,0,73.0,18959896.0,99.0,0.0,100.0,1.0,100.0,0.0,88.0,629355669.0,95.0,5017.0,100.0,0.0,100.0,1.0,,,,,100.0,0.0,100.0,0.0,,,66.0,34.0,,,100.0,57.0,99.0,2051.0,34.0,34.0,100.0,0.0,100.0,0.0,200.0,0.0,100.0,4679.0,100.0,40035467744.0,100.0,23215999220.0
2019-07-13,ZCH027QT,ST12000NM0007,12000138625024,0,74.0,27872360.0,99.0,0.0,100.0,1.0,100.0,0.0,88.0,634541380.0,95.0,5048.0,100.0,0.0,100.0,1.0,,,,,100.0,0.0,100.0,0.0,,,67.0,33.0,,,100.0,57.0,99.0,2053.0,33.0,33.0,100.0,0.0,100.0,0.0,200.0,0.0,100.0,4710.0,100.0,40185176288.0,100.0,23563484668.0
2019-07-14,ZCH027QT,ST12000NM0007,12000138625024,0,83.0,221588272.0,99.0,0.0,100.0,1.0,100.0,0.0,88.0,636539643.0,95.0,5064.0,100.0,0.0,100.0,1.0,,,,,100.0,0.0,100.0,0.0,,,65.0,35.0,,,100.0,57.0,99.0,2053.0,35.0,35.0,100.0,0.0,100.0,0.0,200.0,0.0,100.0,4726.0,100.0,40246678424.0,100.0,23695698444.0
2019-07-15,ZCH027QT,ST12000NM0007,12000138625024,0,83.0,204337168.0,99.0,0.0,100.0,1.0,100.0,0.0,88.0,643671242.0,95.0,5096.0,100.0,0.0,100.0,1.0,,,,,100.0,0.0,100.0,0.0,,,65.0,35.0,,,100.0,57.0,99.0,2054.0,35.0,35.0,100.0,0.0,100.0,0.0,200.0,0.0,100.0,4757.0,100.0,40415281952.0,100.0,23998126060.0
2019-07-16,ZCH027QT,ST12000NM0007,12000138625024,0,82.0,174361832.0,99.0,0.0,100.0,1.0,100.0,0.0,88.0,645473970.0,95.0,5112.0,100.0,0.0,100.0,1.0,,,,,100.0,0.0,100.0,0.0,,,66.0,34.0,,,100.0,58.0,99.0,2055.0,34.0,34.0,100.0,0.0,100.0,0.0,200.0,0.0,100.0,4773.0,100.0,40475315528.0,100.0,24152257980.0
2019-07-17,ZCH027QT,ST12000NM0007,12000138625024,0,81.0,136181496.0,99.0,0.0,100.0,1.0,100.0,0.0,88.0,647148295.0,95.0,5127.0,100.0,0.0,100.0,1.0,,,,,100.0,0.0,100.0,0.0,,,66.0,34.0,,,100.0,59.0,99.0,2056.0,34.0,34.0,100.0,0.0,100.0,0.0,200.0,0.0,100.0,4788.0,100.0,40530508200.0,100.0,24303025636.0
2019-07-18,ZCH027QT,ST12000NM0007,12000138625024,0,81.0,128075672.0,99.0,0.0,100.0,1.0,100.0,0.0,88.0,651769914.0,95.0,5159.0,100.0,0.0,100.0,1.0,,,,,100.0,0.0,100.0,0.0,,,66.0,34.0,,,100.0,59.0,99.0,2057.0,34.0,34.0,100.0,0.0,100.0,0.0,200.0,0.0,100.0,4820.0,100.0,40644462320.0,100.0,24669247100.0
2019-07-19,ZCH027QT,ST12000NM0007,12000138625024,0,81.0,129453064.0,99.0,0.0,100.0,1.0,100.0,0.0,88.0,654102236.0,95.0,5175.0,100.0,0.0,100.0,1.0,,,,,100.0,0.0,100.0,0.0,,,65.0,35.0,,,100.0,59.0,99.0,2058.0,35.0,35.0,100.0,0.0,100.0,0.0,200.0,0.0,100.0,4836.0,100.0,40706197344.0,100.0,24853030220.0
2019-07-20,ZCH027QT,ST12000NM0007,12000138625024,0,79.0,79990504.0,99.0,0.0,100.0,1.0,100.0,0.0,88.0,661530098.0,95.0,5206.0,100.0,0.0,100.0,1.0,,,,,100.0,0.0,100.0,0.0,,,66.0,34.0,,,100.0,59.0,99.0,2059.0,34.0,34.0,100.0,0.0,100.0,0.0,200.0,0.0,100.0,4867.0,100.0,40905778320.0,100.0,25336409164.0
2019-07-21,ZCH027QT,ST12000NM0007,12000138625024,0,72.0,15599376.0,99.0,0.0,100.0,1.0,100.0,0.0,88.0,665872791.0,95.0,5238.0,100.0,0.0,100.0,1.0,,,,,100.0,0.0,100.0,0.0,,,65.0,35.0,,,100.0,59.0,99.0,2060.0,35.0,35.0,100.0,0.0,100.0,0.0,200.0,0.0,100.0,4899.0,100.0,41053710024.0,100.0,25612367868.0
2019-07-22,ZCH027QT,ST12000NM0007,12000138625024,0,83.0,209798328.0,99.0,0.0,100.0,1.0,100.0,0.0,88.0,669847897.0,95.0,5254.0,100.0,0.0,100.0,1.0,,,,,100.0,0.0,100.0,0.0,,,67.0,33.0,,,100.0,59.0,99.0,2061.0,33.0,33.0,100.0,0.0,100.0,0.0,200.0,0.0,100.0,4914.0,100.0,41133093144.0,100.0,25727183700.0
2019-07-23,ZCH027QT,ST12000NM0007,12000138625024,0,80.0,107892056.0,99.0,0.0,100.0,1.0,100.0,0.0,88.0,673283702.0,94.0,5285.0,100.0,0.0,100.0,1.0,,,,,100.0,0.0,100.0,0.0,,,65.0,35.0,,,100.0,60.0,99.0,2062.0,35.0,35.0,100.0,0.0,100.0,0.0,200.0,0.0,100.0,4946.0,100.0,41227918928.0,100.0,26018733204.0
2019-07-24,ZCH027QT,ST12000NM0007,12000138625024,0,77.0,48190760.0,99.0,0.0,100.0,1.0,100.0,0.0,88.0,674963525.0,94.0,5301.0,100.0,0.0,100.0,1.0,,,,,100.0,0.0,100.0,0.0,,,65.0,35.0,,,100.0,61.0,99.0,2063.0,35.0,35.0,100.0,0.0,100.0,0.0,200.0,0.0,100.0,4961.0,100.0,41285742992.0,100.0,26145348492.0
2019-07-25,ZCH027QT,ST12000NM0007,12000138625024,0,84.0,230019976.0,99.0,0.0,100.0,1.0,100.0,0.0,88.0,679908329.0,94.0,5332.0,100.0,0.0,100.0,1.0,,,,,100.0,0.0,100.0,0.0,,,65.0,35.0,,,100.0,62.0,99.0,2065.0,35.0,35.0,100.0,0.0,100.0,0.0,200.0,0.0,100.0,4993.0,100.0,41403606888.0,100.0,26453454596.0
2019-07-26,ZCH027QT,ST12000NM0007,12000138625024,0,81.0,114465480.0,99.0,0.0,100.0,1.0,100.0,0.0,88.0,683871542.0,94.0,5348.0,100.0,0.0,100.0,1.0,,,,,100.0,0.0,100.0,0.0,,,66.0,34.0,,,100.0,62.0,99.0,2065.0,34.0,34.0,100.0,0.0,100.0,0.0,200.0,0.0,100.0,5009.0,100.0,41506635448.0,100.0,26723152812.0
2019-07-27,ZCH027QT,ST12000NM0007,12000138625024,0,82.0,172480888.0,99.0,0.0,100.0,1.0,100.0,0.0,88.0,690695320.0,94.0,5380.0,100.0,0.0,100.0,1.0,,,,,100.0,0.0,100.0,0.0,,,67.0,33.0,,,100.0,62.0,99.0,2067.0,33.0,33.0,100.0,0.0,100.0,0.0,200.0,0.0,100.0,5040.0,100.0,41623632552.0,100.0,27152452804.0
2019-07-28,ZCH027QT,ST12000NM0007,12000138625024,0,82.0,174107808.0,99.0,0.0,100.0,1.0,100.0,0.0,88.0,692692625.0,94.0,5396.0,100.0,0.0,100.0,1.0,,,,,100.0,0.0,100.0,0.0,,,66.0,34.0,,,100.0,62.0,99.0,2067.0,34.0,34.0,100.0,0.0,100.0,0.0,200.0,0.0,100.0,5056.0,100.0,41676582776.0,100.0,27345270212.0
2019-07-29,ZCH027QT,ST12000NM0007,12000138625024,0,80.0,97100672.0,99.0,0.0,100.0,1.0,100.0,0.0,88.0,699042857.0,94.0,5427.0,100.0,0.0,100.0,1.0,,,,,100.0,0.0,100.0,0.0,,,65.0,35.0,,,100.0,63.0,99.0,2069.0,35.0,35.0,100.0,0.0,100.0,0.0,200.0,0.0,100.0,5087.0,100.0,41817904296.0,100.0,27615223132.0
2019-07-30,ZCH027QT,ST12000NM0007,12000138625024,0,77.0,53213072.0,99.0,0.0,100.0,1.0,100.0,0.0,88.0,700814887.0,94.0,5443.0,100.0,0.0,100.0,1.0,,,,,100.0,0.0,100.0,0.0,,,67.0,33.0,,,100.0,63.0,99.0,2069.0,33.0,33.0,100.0,0.0,100.0,0.0,200.0,0.0,100.0,5103.0,100.0,41865142704.0,100.0,27768237828.0
2019-07-31,ZCH027QT,ST12000NM0007,12000138625024,0,83.0,222752040.0,99.0,0.0,100.0,1.0,100.0,0.0,88.0,704773684.0,94.0,5475.0,100.0,0.0,100.0,1.0,,,,,100.0,0.0,100.0,0.0,,,65.0,35.0,,,100.0,64.0,99.0,2071.0,35.0,35.0,100.0,0.0,100.0,0.0,200.0,0.0,100.0,5134.0,100.0,41978272864.0,100.0,28068787364.0
2019-08-01,ZCH027QT,ST12000NM0007,12000138625024,0,83.0,222661480.0,99.0,0.0,100.0,1.0,100.0,0.0,88.0,706647003.0,94.0,5490.0,100.0,0.0,100.0,1.0,,,,,100.0,0.0,100.0,0.0,,,65.0,35.0,,,100.0,64.0,99.0,2071.0,35.0,35.0,100.0,0.0,100.0,0.0,200.0,0.0,100.0,5150.0,100.0,42021946976.0,100.0,28269163428.0
2019-08-02,ZCH027QT,ST12000NM0007,12000138625024,0,81.0,118359776.0,99.0,0.0,100.0,1.0,100.0,0.0,89.0,712926072.0,94.0,5522.0,100.0,0.0,100.0,1.0,,,,,100.0,0.0,100.0,0.0,,,65.0,35.0,,,100.0,65.0,99.0,2073.0,35.0,35.0,100.0,0.0,100.0,0.0,200.0,0.0,100.0,5181.0,100.0,42192032088.0,100.0,28727198732.0
2019-08-03,ZCH027QT,ST12000NM0007,12000138625024,0,78.0,64275088.0,99.0,0.0,100.0,1.0,100.0,0.0,89.0,715354672.0,94.0,5538.0,100.0,0.0,100.0,1.0,,,,,100.0,0.0,100.0,0.0,,,65.0,35.0,,,100.0,65.0,99.0,2073.0,35.0,35.0,100.0,0.0,100.0,0.0,200.0,0.0,100.0,5197.0,100.0,42254342784.0,100.0,28854943980.0
2019-08-04,ZCH027QT,ST12000NM0007,12000138625024,0,81.0,119284232.0,99.0,0.0,100.0,1.0,100.0,0.0,89.0,719818233.0,94.0,5569.0,100.0,0.0,100.0,1.0,,,,,100.0,0.0,100.0,0.0,,,65.0,35.0,,,100.0,65.0,99.0,2074.0,35.0,35.0,100.0,0.0,100.0,0.0,200.0,0.0,100.0,5228.0,100.0,42454792448.0,100.0,29197785156.0
2019-08-05,ZCH027QT,ST12000NM0007,12000138625024,0,81.0,118935952.0,99.0,0.0,100.0,1.0,100.0,0.0,89.0,723730064.0,94.0,5585.0,100.0,0.0,100.0,1.0,,,,,100.0,0.0,100.0,0.0,,,65.0,35.0,,,100.0,66.0,99.0,2075.0,35.0,35.0,100.0,0.0,100.0,0.0,200.0,0.0,100.0,5244.0,100.0,42558492544.0,100.0,29337877772.0
2019-08-06,ZCH027QT,ST12000NM0007,12000138625024,0,78.0,59223624.0,99.0,0.0,100.0,1.0,100.0,0.0,89.0,728168403.0,94.0,5617.0,100.0,0.0,100.0,1.0,,,,,100.0,0.0,100.0,0.0,,,66.0,34.0,,,100.0,66.0,99.0,2076.0,34.0,34.0,100.0,0.0,100.0,0.0,200.0,0.0,100.0,5275.0,100.0,42686797944.0,100.0,29638141436.0
2019-08-07,ZCH027QT,ST12000NM0007,12000138625024,0,84.0,236068192.0,99.0,0.0,100.0,1.0,100.0,0.0,89.0,732148912.0,94.0,5648.0,100.0,0.0,100.0,1.0,,,,,100.0,0.0,100.0,0.0,,,66.0,34.0,,,100.0,66.0,99.0,2078.0,34.0,34.0,100.0,0.0,100.0,0.0,200.0,0.0,100.0,5307.0,100.0,42787914520.0,100.0,29958010364.0
2019-08-08,ZCH027QT,ST12000NM0007,12000138625024,0,71.0,11419712.0,99.0,0.0,100.0,1.0,100.0,0.0,89.0,734159167.0,94.0,5664.0,100.0,0.0,100.0,1.0,,,,,100.0,0.0,100.0,0.0,,,66.0,34.0,,,100.0,66.0,99.0,2078.0,34.0,34.0,100.0,0.0,100.0,0.0,200.0,0.0,100.0,5323.0,100.0,42829207752.0,100.0,30180350116.0
2019-08-09,ZCH027QT,ST12000NM0007,12000138625024,0,82.0,150988256.0,99.0,0.0,100.0,1.0,100.0,0.0,89.0,741760843.0,94.0,5696.0,100.0,0.0,100.0,1.0,,,,,100.0,0.0,100.0,0.0,,,65.0,35.0,,,100.0,67.0,99.0,2080.0,35.0,35.0,100.0,0.0,100.0,0.0,200.0,0.0,100.0,5354.0,100.0,43009841992.0,100.0,30627565788.0
2019-08-10,ZCH027QT,ST12000NM0007,12000138625024,0,82.0,163192456.0,99.0,0.0,100.0,1.0,100.0,0.0,89.0,744017236.0,94.0,5712.0,100.0,0.0,100.0,1.0,,,,,100.0,0.0,100.0,0.0,,,65.0,35.0,,,100.0,67.0,99.0,2080.0,35.0,35.0,100.0,0.0,100.0,0.0,200.0,0.0,100.0,5370.0,100.0,43066460784.0,100.0,30827292068.0
2019-08-11,ZCH027QT,ST12000NM0007,12000138625024,0,82.0,166397808.0,99.0,0.0,100.0,1.0,100.0,0.0,89.0,749151971.0,94.0,5743.0,100.0,0.0,100.0,1.0,,,,,100.0,0.0,100.0,0.0,,,65.0,35.0,,,100.0,67.0,99.0,2082.0,35.0,35.0,100.0,0.0,100.0,0.0,200.0,0.0,100.0,5401.0,100.0,43243063776.0,100.0,31142176020.0
2019-08-12,ZCH027QT,ST12000NM0007,12000138625024,0,80.0,99625440.0,99.0,0.0,100.0,1.0,100.0,0.0,89.0,753144302.0,94.0,5759.0,100.0,0.0,100.0,1.0,,,,,100.0,0.0,100.0,0.0,,,66.0,34.0,,,100.0,67.0,99.0,2082.0,34.0,34.0,100.0,0.0,100.0,0.0,200.0,0.0,100.0,5417.0,100.0,43305701216.0,100.0,31256906844.0
2019-08-13,ZCH027QT,ST12000NM0007,12000138625024,0,75.0,30026032.0,99.0,0.0,100.0,1.0,100.0,0.0,89.0,756885230.0,94.0,5791.0,100.0,0.0,100.0,1.0,,,,,100.0,0.0,100.0,0.0,,,65.0,35.0,,,100.0,68.0,99.0,2084.0,35.0,35.0,100.0,0.0,100.0,0.0,200.0,0.0,100.0,5448.0,100.0,43413890048.0,100.0,31567399900.0
2019-08-14,ZCH027QT,ST12000NM0007,12000138625024,0,83.0,204824080.0,99.0,0.0,100.0,1.0,100.0,0.0,89.0,758406261.0,94.0,5807.0,100.0,0.0,100.0,1.0,,,,,100.0,0.0,100.0,0.0,,,66.0,34.0,,,100.0,68.0,99.0,2084.0,34.0,34.0,100.0,0.0,100.0,0.0,200.0,0.0,100.0,5464.0,100.0,43462545576.0,100.0,31693542420.0
2019-08-15,ZCH027QT,ST12000NM0007,12000138625024,0,80.0,102276776.0,99.0,0.0,100.0,1.0,100.0,0.0,89.0,761879437.0,94.0,5838.0,100.0,0.0,100.0,1.0,,,,,100.0,0.0,100.0,0.0,,,64.0,36.0,,,100.0,68.0,99.0,2086.0,36.0,36.0,100.0,0.0,100.0,0.0,200.0,0.0,100.0,5495.0,100.0,43549660552.0,100.0,31992161636.0
2019-08-16,ZCH027QT,ST12000NM0007,12000138625024,0,83.0,206520856.0,99.0,0.0,100.0,1.0,100.0,0.0,89.0,765465134.0,94.0,5854.0,100.0,0.0,100.0,1.0,,,,,100.0,0.0,100.0,0.0,,,63.0,37.0,,,100.0,68.0,99.0,2087.0,37.0,37.0,100.0,0.0,100.0,0.0,200.0,0.0,100.0,5511.0,100.0,43636770216.0,100.0,32253436684.0
2019-08-17,ZCH027QT,ST12000NM0007,12000138625024,0,83.0,208616312.0,99.0,0.0,100.0,1.0,100.0,0.0,89.0,771233343.0,94.0,5886.0,100.0,0.0,100.0,1.0,,,,,100.0,0.0,100.0,0.0,,,64.0,36.0,,,100.0,68.0,99.0,2088.0,36.0,36.0,100.0,0.0,100.0,0.0,200.0,0.0,100.0,5543.0,100.0,43740793296.0,100.0,32639790556.0
2019-08-18,ZCH027QT,ST12000NM0007,12000138625024,0,83.0,209624264.0,99.0,0.0,100.0,1.0,100.0,0.0,89.0,773172821.0,94.0,5901.0,100.0,0.0,100.0,1.0,,,,,100.0,0.0,100.0,0.0,,,64.0,36.0,,,100.0,68.0,99.0,2089.0,36.0,36.0,100.0,0.0,100.0,0.0,200.0,0.0,100.0,5558.0,100.0,43804143504.0,100.0,32821589076.0
2019-08-19,ZCH027QT,ST12000NM0007,12000138625024,0,82.0,170815056.0,99.0,0.0,100.0,1.0,100.0,0.0,89.0,779885656.0,94.0,5933.0,100.0,0.0,100.0,1.0,,,,,100.0,0.0,100.0,0.0,,,65.0,35.0,,,100.0,69.0,99.0,2090.0,35.0,35.0,100.0,0.0,100.0,0.0,200.0,0.0,100.0,5590.0,100.0,43969109912.0,100.0,33106094724.0
2019-08-20,ZCH027QT,ST12000NM0007,12000138625024,0,82.0,146553408.0,99.0,0.0,100.0,1.0,100.0,0.0,89.0,781806136.0,94.0,5949.0,100.0,0.0,100.0,1.0,,,,,100.0,0.0,100.0,0.0,,,64.0,36.0,,,100.0,69.0,99.0,2091.0,36.0,36.0,100.0,0.0,100.0,0.0,200.0,0.0,100.0,5605.0,100.0,44042853904.0,100.0,33252229972.0
2019-08-21,ZCH027QT,ST12000NM0007,12000138625024,0,79.0,71256904.0,99.0,0.0,100.0,1.0,100.0,0.0,89.0,785402457.0,94.0,5981.0,100.0,0.0,100.0,1.0,,,,,100.0,0.0,100.0,0.0,,,63.0,37.0,,,100.0,70.0,99.0,2092.0,37.0,37.0,100.0,0.0,100.0,0.0,200.0,0.0,100.0,5637.0,100.0,44151223112.0,100.0,33556845844.0
2019-08-22,ZCH027QT,ST12000NM0007,12000138625024,0,78.0,61827152.0,99.0,0.0,100.0,1.0,100.0,0.0,89.0,787648204.0,94.0,5996.0,100.0,0.0,100.0,1.0,,,,,100.0,0.0,100.0,0.0,,,64.0,36.0,,,100.0,70.0,99.0,2093.0,36.0,36.0,100.0,0.0,100.0,0.0,200.0,0.0,100.0,5653.0,100.0,44215449976.0,100.0,33727330108.0
2019-08-23,ZCH027QT,ST12000NM0007,12000138625024,0,83.0,223661112.0,99.0,0.0,100.0,1.0,100.0,0.0,89.0,794655722.0,94.0,6028.0,100.0,0.0,100.0,1.0,,,,,100.0,0.0,100.0,0.0,,,62.0,38.0,,,100.0,70.0,99.0,2094.0,38.0,38.0,100.0,0.0,100.0,0.0,200.0,0.0,100.0,5684.0,100.0,44386300312.0,100.0,34206595308.0
2019-08-24,ZCH027QT,ST12000NM0007,12000138625024,0,83.0,222918456.0,99.0,0.0,100.0,1.0,100.0,0.0,89.0,797634200.0,94.0,6044.0,100.0,0.0,100.0,1.0,,,,,100.0,0.0,100.0,0.0,,,64.0,36.0,,,100.0,71.0,99.0,2095.0,36.0,36.0,100.0,0.0,100.0,0.0,200.0,0.0,100.0,5700.0,100.0,44444993296.0,100.0,34391300500.0
2019-08-25,ZCH027QT,ST12000NM0007,12000138625024,0,82.0,170578944.0,99.0,0.0,100.0,1.0,100.0,0.0,89.0,801993158.0,94.0,6075.0,100.0,0.0,100.0,1.0,,,,,100.0,0.0,100.0,0.0,,,63.0,37.0,,,100.0,71.0,99.0,2096.0,37.0,37.0,100.0,0.0,100.0,0.0,200.0,0.0,100.0,5732.0,100.0,44574102432.0,100.0,34698133204.0
2019-08-26,ZCH027QT,ST12000NM0007,12000138625024,0,76.0,40483536.0,99.0,0.0,100.0,1.0,100.0,0.0,89.0,810647293.0,94.0,6123.0,100.0,0.0,100.0,1.0,,,,,100.0,0.0,100.0,0.0,,,65.0,35.0,,,100.0,72.0,99.0,2098.0,35.0,35.0,100.0,0.0,100.0,0.0,200.0,0.0,100.0,5778.0,100.0,44778955016.0,100.0,35095607620.0
2019-08-27,ZCH027QT,ST12000NM0007,12000138625024,0,76.0,40483536.0,99.0,0.0,100.0,1.0,100.0,0.0,89.0,810647293.0,94.0,6123.0,100.0,0.0,100.0,1.0,,,,,100.0,0.0,100.0,0.0,,,65.0,35.0,,,100.0,72.0,99.0,2098.0,35.0,35.0,100.0,0.0,100.0,0.0,200.0,0.0,100.0,5778.0,100.0,44778955016.0,100.0,35095607620.0
2019-08-28,ZCH027QT,ST12000NM0007,12000138625024,0,84.0,231738008.0,99.0,0.0,100.0,1.0,100.0,0.0,89.0,812311793.0,93.0,6138.0,100.0,0.0,100.0,1.0,,,,,100.0,0.0,100.0,0.0,,,65.0,35.0,,,100.0,72.0,99.0,2099.0,35.0,35.0,100.0,0.0,100.0,0.0,200.0,0.0,100.0,5794.0,100.0,44827577920.0,100.0,35238239188.0
2019-08-29,ZCH027QT,ST12000NM0007,12000138625024,0,82.0,144615168.0,99.0,0.0,100.0,1.0,100.0,0.0,89.0,816114549.0,93.0,6170.0,100.0,0.0,100.0,1.0,,,,,100.0,0.0,100.0,0.0,,,65.0,35.0,,,100.0,72.0,99.0,2100.0,35.0,35.0,100.0,0.0,100.0,0.0,200.0,0.0,100.0,5826.0,100.0,44921881120.0,100.0,35545094580.0
2019-08-30,ZCH027QT,ST12000NM0007,12000138625024,0,73.0,18702808.0,99.0,0.0,100.0,1.0,100.0,0.0,89.0,823395498.0,93.0,6202.0,100.0,0.0,100.0,1.0,,,,,100.0,0.0,100.0,0.0,,,65.0,35.0,,,100.0,72.0,99.0,2101.0,35.0,35.0,100.0,0.0,100.0,0.0,200.0,0.0,100.0,5857.0,100.0,45097823840.0,100.0,35975661764.0
2019-08-31,ZCH027QT,ST12000NM0007,12000138625024,0,84.0,237741232.0,99.0,0.0,100.0,1.0,100.0,0.0,89.0,825268639.0,93.0,6217.0,100.0,0.0,100.0,1.0,,,,,100.0,0.0,100.0,0.0,,,63.0,37.0,,,100.0,73.0,99.0,2102.0,37.0,37.0,100.0,0.0,100.0,0.0,200.0,0.0,100.0,5873.0,100.0,45158223680.0,100.0,36134300348.0
2019-09-01,ZCH027QT,ST12000NM0007,12000138625024,0,82.0,162961904.0,99.0,0.0,100.0,1.0,100.0,0.0,89.0,830211014.0,93.0,6249.0,100.0,0.0,100.0,1.0,,,,,100.0,0.0,100.0,0.0,,,65.0,35.0,,,100.0,73.0,99.0,2103.0,35.0,35.0,100.0,0.0,100.0,0.0,200.0,0.0,100.0,5904.0,100.0,45293753896.0,100.0,36412272300.0
2019-09-02,ZCH027QT,ST12000NM0007,12000138625024,0,81.0,116924920.0,99.0,0.0,100.0,1.0,100.0,0.0,89.0,833539475.0,93.0,6265.0,100.0,0.0,100.0,1.0,,,,,100.0,0.0,100.0,0.0,,,63.0,37.0,,,100.0,74.0,99.0,2104.0,37.0,37.0,100.0,0.0,100.0,0.0,200.0,0.0,100.0,5920.0,100.0,45361351640.0,100.0,36542778244.0
2019-09-03,ZCH027QT,ST12000NM0007,12000138625024,0,71.0,13119184.0,99.0,0.0,100.0,1.0,100.0,0.0,89.0,836908993.0,93.0,6296.0,100.0,0.0,100.0,1.0,,,,,100.0,0.0,100.0,0.0,,,64.0,36.0,,,100.0,75.0,99.0,2105.0,36.0,36.0,100.0,0.0,100.0,0.0,200.0,0.0,100.0,5951.0,100.0,45444786064.0,100.0,36843820148.0
2019-09-04,ZCH027QT,ST12000NM0007,12000138625024,0,83.0,222453936.0,99.0,0.0,100.0,1.0,100.0,0.0,89.0,838682675.0,93.0,6312.0,100.0,0.0,100.0,1.0,,,,,100.0,0.0,100.0,0.0,,,64.0,36.0,,,100.0,75.0,99.0,2106.0,36.0,36.0,100.0,0.0,100.0,0.0,200.0,0.0,100.0,5967.0,100.0,45488433024.0,100.0,37009507940.0
2019-09-05,ZCH027QT,ST12000NM0007,12000138625024,0,81.0,116039632.0,99.0,0.0,100.0,1.0,100.0,0.0,89.0,842371397.0,93.0,6344.0,100.0,0.0,100.0,1.0,,,,,100.0,0.0,100.0,0.0,,,64.0,36.0,,,100.0,75.0,99.0,2107.0,36.0,36.0,100.0,0.0,100.0,0.0,200.0,0.0,100.0,5998.0,100.0,45584100432.0,100.0,37295707548.0
2019-09-06,ZCH027QT,ST12000NM0007,12000138625024,0,73.0,18562664.0,99.0,0.0,100.0,1.0,100.0,0.0,89.0,846271037.0,93.0,6359.0,100.0,0.0,100.0,1.0,,,,,100.0,0.0,100.0,0.0,,,62.0,38.0,,,100.0,76.0,99.0,2108.0,38.0,38.0,100.0,0.0,100.0,0.0,200.0,0.0,100.0,6014.0,100.0,45706938856.0,100.0,37563673420.0
2019-09-07,ZCH027QT,ST12000NM0007,12000138625024,0,76.0,37985104.0,99.0,0.0,100.0,1.0,100.0,0.0,89.0,852669443.0,93.0,6391.0,100.0,0.0,100.0,1.0,,,,,100.0,0.0,100.0,0.0,,,64.0,36.0,,,100.0,76.0,99.0,2109.0,36.0,36.0,100.0,0.0,100.0,0.0,200.0,0.0,100.0,6045.0,100.0,45817542320.0,100.0,37960773764.0
2019-09-08,ZCH027QT,ST12000NM0007,12000138625024,0,78.0,61822744.0,99.0,0.0,100.0,1.0,100.0,0.0,89.0,854980118.0,93.0,6407.0,100.0,0.0,100.0,1.0,,,,,100.0,0.0,100.0,0.0,,,63.0,37.0,,,100.0,77.0,99.0,2110.0,37.0,37.0,100.0,0.0,100.0,0.0,200.0,0.0,100.0,6061.0,100.0,45866091264.0,100.0,38180203260.0
2019-09-09,ZCH027QT,ST12000NM0007,12000138625024,0,77.0,45991456.0,99.0,0.0,100.0,1.0,100.0,0.0,89.0,862467502.0,93.0,6438.0,100.0,0.0,100.0,1.0,,,,,100.0,0.0,100.0,0.0,,,64.0,36.0,,,100.0,78.0,99.0,2111.0,36.0,36.0,100.0,0.0,100.0,0.0,200.0,0.0,100.0,6092.0,100.0,46048590096.0,100.0,38470154580.0
2019-09-10,ZCH027QT,ST12000NM0007,12000138625024,0,75.0,35005408.0,99.0,0.0,100.0,1.0,100.0,0.0,89.0,864566495.0,93.0,6454.0,100.0,0.0,100.0,1.0,,,,,100.0,0.0,100.0,0.0,,,63.0,37.0,,,100.0,78.0,99.0,2112.0,37.0,37.0,100.0,0.0,100.0,0.0,200.0,0.0,100.0,6108.0,100.0,46095925656.0,100.0,38655973724.0
2019-09-11,ZCH027QT,ST12000NM0007,12000138625024,0,84.0,238914704.0,99.0,0.0,100.0,1.0,100.0,0.0,89.0,869077408.0,93.0,6485.0,100.0,0.0,100.0,1.0,,,,,100.0,0.0,100.0,0.0,,,65.0,35.0,,,100.0,79.0,99.0,2113.0,35.0,35.0,100.0,0.0,100.0,0.0,200.0,0.0,100.0,6140.0,100.0,46216731856.0,100.0,38983217500.0
2019-09-12,ZCH027QT,ST12000NM0007,12000138625024,0,81.0,136289784.0,99.0,0.0,100.0,1.0,100.0,0.0,89.0,870547597.0,93.0,6501.0,100.0,0.0,100.0,1.0,,,,,100.0,0.0,100.0,0.0,,,66.0,34.0,,,100.0,80.0,99.0,2114.0,34.0,34.0,100.0,0.0,100.0,0.0,200.0,0.0,100.0,6155.0,100.0,46260539720.0,100.0,39080925404.0
2019-09-13,ZCH027QT,ST12000NM0007,12000138625024,0,84.0,232255632.0,99.0,0.0,100.0,1.0,100.0,0.0,89.0,876700441.0,93.0,6533.0,100.0,0.0,100.0,1.0,,,,,100.0,0.0,100.0,0.0,,,63.0,37.0,,,100.0,80.0,99.0,2115.0,37.0,37.0,100.0,0.0,100.0,0.0,200.0,0.0,100.0,6187.0,100.0,46414059760.0,100.0,39511652932.0
2019-09-14,ZCH027QT,ST12000NM0007,12000138625024,0,84.0,243503512.0,99.0,0.0,100.0,1.0,100.0,0.0,89.0,880015981.0,93.0,6549.0,100.0,0.0,100.0,1.0,,,,,100.0,0.0,100.0,0.0,,,63.0,37.0,,,100.0,80.0,99.0,2116.0,37.0,37.0,100.0,0.0,100.0,0.0,200.0,0.0,100.0,6202.0,100.0,46477399368.0,100.0,39703701836.0
2019-09-15,ZCH027QT,ST12000NM0007,12000138625024,0,83.0,178400456.0,99.0,0.0,100.0,1.0,100.0,0.0,89.0,884787130.0,93.0,6580.0,100.0,0.0,100.0,1.0,,,,,100.0,0.0,100.0,0.0,,,65.0,35.0,,,100.0,80.0,99.0,2117.0,35.0,35.0,100.0,0.0,100.0,0.0,200.0,0.0,100.0,6234.0,100.0,46619888176.0,100.0,39984391532.0
2019-09-16,ZCH027QT,ST12000NM0007,12000138625024,0,83.0,219662784.0,99.0,0.0,100.0,1.0,100.0,0.0,89.0,889580095.0,93.0,6596.0,100.0,0.0,100.0,1.0,,,,,100.0,0.0,100.0,0.0,,,65.0,35.0,,,100.0,80.0,99.0,2118.0,35.0,35.0,100.0,0.0,100.0,0.0,200.0,0.0,100.0,6250.0,100.0,46715263096.0,100.0,40174419572.0
2019-09-17,ZCH027QT,ST12000NM0007,12000138625024,0,79.0,80196352.0,99.0,0.0,100.0,1.0,100.0,0.0,90.0,894068378.0,93.0,6627.0,100.0,0.0,100.0,1.0,,,,,100.0,0.0,100.0,0.0,,,64.0,36.0,,,100.0,80.0,99.0,2119.0,36.0,36.0,100.0,0.0,100.0,0.0,200.0,0.0,100.0,6281.0,100.0,46833326840.0,100.0,40405170740.0
2019-09-18,ZCH027QT,ST12000NM0007,12000138625024,0,77.0,50625496.0,99.0,0.0,100.0,1.0,100.0,0.0,90.0,895996186.0,93.0,6643.0,100.0,0.0,100.0,1.0,,,,,100.0,0.0,100.0,0.0,,,63.0,37.0,,,100.0,81.0,99.0,2120.0,37.0,37.0,100.0,0.0,100.0,0.0,200.0,0.0,100.0,6297.0,100.0,46894491184.0,100.0,40558576196.0
2019-09-19,ZCH027QT,ST12000NM0007,12000138625024,0,76.0,41200216.0,99.0,0.0,100.0,1.0,100.0,0.0,90.0,900559474.0,93.0,6675.0,100.0,0.0,100.0,1.0,,,,,100.0,0.0,100.0,0.0,,,64.0,36.0,,,100.0,81.0,99.0,2121.0,36.0,36.0,100.0,0.0,100.0,0.0,200.0,0.0,100.0,6328.0,100.0,47020124424.0,100.0,40911799140.0
2019-09-20,ZCH027QT,ST12000NM0007,12000138625024,0,84.0,243782728.0,99.0,0.0,100.0,1.0,100.0,0.0,90.0,908785186.0,93.0,6706.0,100.0,0.0,100.0,1.0,,,,,100.0,0.0,100.0,0.0,,,66.0,34.0,,,100.0,81.0,99.0,2123.0,34.0,34.0,100.0,0.0,100.0,0.0,200.0,0.0,100.0,6360.0,100.0,47205661488.0,100.0,41417126092.0
2019-09-21,ZCH027QT,ST12000NM0007,12000138625024,0,84.0,241191456.0,99.0,0.0,100.0,1.0,100.0,0.0,90.0,911708932.0,93.0,6722.0,100.0,0.0,100.0,1.0,,,,,100.0,0.0,100.0,0.0,,,65.0,35.0,,,100.0,81.0,99.0,2123.0,35.0,35.0,100.0,0.0,100.0,0.0,200.0,0.0,100.0,6375.0,100.0,47255599744.0,100.0,41608737324.0
2019-09-22,ZCH027QT,ST12000NM0007,12000138625024,0,84.0,237382352.0,99.0,0.0,100.0,1.0,100.0,0.0,90.0,917246258.0,93.0,6754.0,100.0,0.0,100.0,1.0,,,,,100.0,0.0,100.0,0.0,,,65.0,35.0,,,100.0,81.0,99.0,2124.0,35.0,35.0,100.0,0.0,100.0,0.0,200.0,0.0,100.0,6407.0,100.0,47430348024.0,100.0,41918462532.0
2019-09-23,ZCH027QT,ST12000NM0007,12000138625024,0,83.0,218408672.0,99.0,0.0,100.0,1.0,100.0,0.0,90.0,921368415.0,93.0,6769.0,100.0,0.0,100.0,1.0,,,,,100.0,0.0,100.0,0.0,,,65.0,35.0,,,100.0,82.0,99.0,2125.0,35.0,35.0,100.0,0.0,100.0,0.0,200.0,0.0,100.0,6422.0,100.0,47568117128.0,100.0,42005860380.0
2019-09-24,ZCH027QT,ST12000NM0007,12000138625024,0,79.0,84488176.0,99.0,0.0,100.0,1.0,100.0,0.0,90.0,924810271.0,93.0,6801.0,100.0,0.0,100.0,1.0,,,,,100.0,0.0,100.0,0.0,,,67.0,33.0,,,100.0,82.0,99.0,2126.0,33.0,33.0,100.0,0.0,100.0,0.0,200.0,0.0,100.0,6454.0,100.0,47644642624.0,100.0,42283695740.0
2019-09-25,ZCH027QT,ST12000NM0007,12000138625024,0,83.0,216542048.0,99.0,0.0,100.0,1.0,100.0,0.0,90.0,926348138.0,93.0,6817.0,100.0,0.0,100.0,1.0,,,,,100.0,0.0,100.0,0.0,,,66.0,34.0,,,100.0,82.0,99.0,2127.0,34.0,34.0,100.0,0.0,100.0,0.0,200.0,0.0,100.0,6470.0,100.0,47662489880.0,100.0,42397902356.0
2019-09-26,ZCH027QT,ST12000NM0007,12000138625024,0,83.0,223345320.0,99.0,0.0,100.0,1.0,100.0,0.0,90.0,930286846.0,93.0,6848.0,100.0,0.0,100.0,1.0,,,,,100.0,0.0,100.0,0.0,,,66.0,34.0,,,100.0,82.0,99.0,2128.0,34.0,34.0,100.0,0.0,100.0,0.0,200.0,0.0,100.0,6501.0,100.0,47728234256.0,100.0,42827242756.0
2019-09-27,ZCH027QT,ST12000NM0007,12000138625024,0,79.0,81203584.0,99.0,0.0,100.0,1.0,100.0,0.0,90.0,934643162.0,93.0,6864.0,100.0,0.0,100.0,1.0,,,,,100.0,0.0,100.0,0.0,,,66.0,34.0,,,100.0,82.0,99.0,2129.0,34.0,34.0,100.0,0.0,100.0,0.0,200.0,0.0,100.0,6516.0,100.0,47829500488.0,100.0,43072116436.0
2019-09-28,ZCH027QT,ST12000NM0007,12000138625024,0,83.0,206343608.0,99.0,0.0,100.0,1.0,100.0,0.0,90.0,938744360.0,93.0,6896.0,100.0,0.0,100.0,1.0,,,,,100.0,0.0,100.0,0.0,,,67.0,33.0,,,100.0,83.0,99.0,2130.0,33.0,33.0,100.0,0.0,100.0,0.0,200.0,0.0,100.0,6548.0,100.0,47913471016.0,100.0,43357426620.0
2019-09-29,ZCH027QT,ST12000NM0007,12000138625024,0,83.0,199940744.0,99.0,0.0,100.0,1.0,100.0,0.0,90.0,941299054.0,93.0,6911.0,100.0,0.0,100.0,1.0,,,,,100.0,0.0,100.0,0.0,,,66.0,34.0,,,100.0,83.0,99.0,2131.0,34.0,34.0,100.0,0.0,100.0,0.0,200.0,0.0,100.0,6563.0,100.0,48004928112.0,100.0,43503707524.0
2019-09-30,ZCH027QT,ST12000NM0007,12000138625024,0,82.0,141852328.0,99.0,0.0,100.0,1.0,100.0,0.0,90.0,948177125.0,93.0,6943.0,100.0,0.0,100.0,1.0,,,,,100.0,0.0,100.0,0.0,,,66.0,34.0,,,100.0,84.0,99.0,2132.0,34.0,34.0,100.0,0.0,100.0,0.0,200.0,0.0,100.0,6595.0,100.0,48166550432.0,100.0,43772278148.0
2019-10-01,ZCH027QT,ST12000NM0007,12000138625024,0,80.0,98548848.0,99.0,0.0,100.0,1.0,100.0,0.0,90.0,950305401.0,93.0,6959.0,100.0,0.0,100.0,1.0,,,,,100.0,0.0,100.0,0.0,,,66.0,34.0,,,100.0,85.0,99.0,2133.0,34.0,34.0,100.0,0.0,100.0,0.0,200.0,0.0,100.0,6611.0,100.0,48245599328.0,100.0,43894066732.0
2019-10-02,ZCH027QT,ST12000NM0007,12000138625024,0,77.0,52627760.0,99.0,0.0,100.0,1.0,100.0,0.0,90.0,954776218.0,93.0,6990.0,100.0,0.0,100.0,1.0,,,,,100.0,0.0,100.0,0.0,,,64.0,36.0,,,100.0,85.0,99.0,2134.0,36.0,36.0,100.0,0.0,100.0,0.0,200.0,0.0,100.0,6642.0,100.0,48391729944.0,100.0,44190296700.0
2019-10-03,ZCH027QT,ST12000NM0007,12000138625024,0,68.0,6718360.0,99.0,0.0,100.0,1.0,100.0,0.0,90.0,957223338.0,93.0,7006.0,100.0,0.0,100.0,1.0,,,,,100.0,0.0,100.0,0.0,,,63.0,37.0,,,100.0,85.0,99.0,2135.0,37.0,37.0,100.0,0.0,100.0,0.0,200.0,0.0,100.0,6658.0,100.0,48462717744.0,100.0,44317540276.0
2019-10-04,ZCH027QT,ST12000NM0007,12000138625024,0,83.0,203669672.0,99.0,0.0,100.0,1.0,100.0,0.0,90.0,959729046.0,92.0,7022.0,100.0,0.0,100.0,1.0,,,,,100.0,0.0,100.0,0.0,,,62.0,38.0,,,100.0,85.0,99.0,2136.0,38.0,38.0,100.0,0.0,100.0,0.0,200.0,0.0,100.0,6674.0,100.0,48542327224.0,100.0,44434882108.0
2019-10-05,ZCH027QT,ST12000NM0007,12000138625024,0,80.0,91145608.0,99.0,0.0,100.0,1.0,100.0,0.0,90.0,966997808.0,92.0,7054.0,100.0,0.0,100.0,1.0,,,,,100.0,0.0,100.0,0.0,,,64.0,36.0,,,100.0,85.0,99.0,2137.0,36.0,36.0,100.0,0.0,100.0,0.0,200.0,0.0,100.0,6705.0,100.0,48733355272.0,100.0,44863752252.0
2019-10-06,ZCH027QT,ST12000NM0007,12000138625024,0,79.0,84999456.0,99.0,0.0,100.0,1.0,100.0,0.0,90.0,969547094.0,92.0,7069.0,100.0,0.0,100.0,1.0,,,,,100.0,0.0,100.0,0.0,,,63.0,37.0,,,100.0,85.0,99.0,2138.0,37.0,37.0,100.0,0.0,100.0,0.0,200.0,0.0,100.0,6721.0,100.0,48771275888.0,100.0,45063826212.0
2019-10-07,ZCH027QT,ST12000NM0007,12000138625024,0,84.0,225438496.0,99.0,0.0,100.0,1.0,100.0,0.0,90.0,976202108.0,92.0,7101.0,100.0,0.0,100.0,1.0,,,,,100.0,0.0,100.0,0.0,,,65.0,35.0,,,100.0,86.0,99.0,2139.0,35.0,35.0,100.0,0.0,100.0,0.0,200.0,0.0,100.0,6753.0,100.0,48906527816.0,100.0,45313153956.0
2019-10-08,ZCH027QT,ST12000NM0007,12000138625024,0,82.0,167718880.0,99.0,0.0,100.0,1.0,100.0,0.0,90.0,977831131.0,92.0,7117.0,100.0,0.0,100.0,1.0,,,,,100.0,0.0,100.0,0.0,,,66.0,34.0,,,100.0,87.0,99.0,2140.0,34.0,34.0,100.0,0.0,100.0,0.0,200.0,0.0,100.0,6769.0,100.0,48952043272.0,100.0,45454059676.0
2019-10-09,ZCH027QT,ST12000NM0007,12000138625024,0,83.0,222706520.0,99.0,0.0,100.0,1.0,100.0,0.0,90.0,981005928.0,92.0,7149.0,100.0,0.0,100.0,1.0,,,,,100.0,0.0,100.0,0.0,,,65.0,35.0,,,100.0,88.0,99.0,2141.0,35.0,35.0,100.0,0.0,100.0,0.0,200.0,0.0,100.0,6800.0,100.0,49041285664.0,100.0,45663945556.0
2019-10-10,ZCH027QT,ST12000NM0007,12000138625024,0,83.0,178786384.0,99.0,0.0,100.0,1.0,100.0,0.0,90.0,983650138.0,92.0,7180.0,100.0,0.0,100.0,1.0,,,,,100.0,0.0,100.0,0.0,,,66.0,34.0,,,100.0,88.0,99.0,2142.0,34.0,34.0,100.0,0.0,100.0,0.0,200.0,0.0,100.0,6831.0,100.0,49124543912.0,100.0,45780907828.0
2019-10-11,ZCH027QT,ST12000NM0007,12000138625024,0,82.0,170306400.0,99.0,0.0,100.0,1.0,100.0,0.0,90.0,986975452.0,92.0,7196.0,100.0,0.0,100.0,1.0,,,,,100.0,0.0,100.0,0.0,,,66.0,34.0,,,100.0,89.0,99.0,2143.0,34.0,34.0,100.0,0.0,100.0,0.0,200.0,0.0,100.0,6847.0,100.0,49223743136.0,100.0,45917369436.0
2019-10-12,ZCH027QT,ST12000NM0007,12000138625024,0,79.0,78269880.0,99.0,0.0,100.0,1.0,100.0,0.0,90.0,989086602.0,92.0,7227.0,100.0,0.0,100.0,1.0,,,,,100.0,0.0,100.0,0.0,,,67.0,33.0,,,100.0,90.0,99.0,2144.0,33.0,33.0,100.0,0.0,100.0,0.0,200.0,0.0,100.0,6879.0,100.0,49279984280.0,100.0,46013232404.0
2019-10-13,ZCH027QT,ST12000NM0007,12000138625024,0,82.0,160678128.0,99.0,0.0,100.0,1.0,100.0,0.0,90.0,989976986.0,92.0,7243.0,100.0,0.0,100.0,1.0,,,,,100.0,0.0,100.0,0.0,,,67.0,33.0,,,100.0,91.0,99.0,2145.0,33.0,33.0,100.0,0.0,100.0,0.0,200.0,0.0,100.0,6894.0,100.0,49292045656.0,100.0,46083579276.0
2019-10-14,ZCH027QT,ST12000NM0007,12000138625024,0,81.0,136515344.0,99.0,0.0,100.0,1.0,100.0,0.0,90.0,994983075.0,92.0,7275.0,100.0,0.0,100.0,1.0,,,,,100.0,0.0,100.0,0.0,,,68.0,32.0,,,100.0,92.0,99.0,2146.0,32.0,32.0,100.0,0.0,100.0,0.0,200.0,0.0,100.0,6925.0,100.0,49380605968.0,100.0,46214996892.0
2019-10-15,ZCH027QT,ST12000NM0007,12000138625024,0,81.0,141193096.0,99.0,0.0,100.0,1.0,100.0,0.0,90.0,87653.0,92.0,7322.0,100.0,0.0,100.0,1.0,,,,,100.0,0.0,100.0,0.0,,,67.0,33.0,,,100.0,92.0,99.0,2148.0,33.0,33.0,100.0,0.0,100.0,0.0,200.0,0.0,100.0,6972.0,100.0,49469936568.0,100.0,46618625596.0
2019-10-16,ZCH027QT,ST12000NM0007,12000138625024,0,81.0,141193096.0,99.0,0.0,100.0,1.0,100.0,0.0,90.0,87653.0,92.0,7322.0,100.0,0.0,100.0,1.0,,,,,100.0,0.0,100.0,0.0,,,67.0,33.0,,,100.0,92.0,99.0,2148.0,33.0,33.0,100.0,0.0,100.0,0.0,200.0,0.0,100.0,6972.0,100.0,49469936568.0,100.0,46618625596.0
2019-10-17,ZCH027QT,ST12000NM0007,12000138625024,0,78.0,66976704.0,99.0,0.0,100.0,1.0,100.0,0.0,66.0,3790722.0,92.0,7354.0,100.0,0.0,100.0,1.0,,,,,100.0,0.0,100.0,0.0,,,66.0,34.0,,,100.0,93.0,99.0,2150.0,34.0,34.0,100.0,0.0,100.0,0.0,200.0,0.0,100.0,7004.0,100.0,49574375856.0,100.0,46928251404.0
2019-10-18,ZCH027QT,ST12000NM0007,12000138625024,0,82.0,175043752.0,99.0,0.0,100.0,1.0,100.0,0.0,69.0,8618459.0,92.0,7369.0,100.0,0.0,100.0,1.0,,,,,100.0,0.0,100.0,0.0,,,64.0,36.0,,,100.0,93.0,99.0,2150.0,36.0,36.0,100.0,0.0,100.0,0.0,200.0,0.0,100.0,7019.0,100.0,49684740368.0,100.0,47170094708.0
2019-10-19,ZCH027QT,ST12000NM0007,12000138625024,0,80.0,90965296.0,99.0,0.0,100.0,1.0,100.0,0.0,70.0,10522366.0,92.0,7385.0,100.0,0.0,100.0,1.0,,,,,100.0,0.0,100.0,0.0,,,66.0,34.0,,,100.0,94.0,99.0,2151.0,34.0,34.0,100.0,0.0,100.0,0.0,200.0,0.0,100.0,7035.0,100.0,49692720392.0,100.0,47322177020.0
2019-10-20,ZCH027QT,ST12000NM0007,12000138625024,0,84.0,234059184.0,99.0,0.0,100.0,1.0,100.0,0.0,72.0,14344827.0,92.0,7417.0,100.0,0.0,100.0,1.0,,,,,100.0,0.0,100.0,0.0,,,66.0,34.0,,,100.0,94.0,99.0,2153.0,34.0,34.0,100.0,0.0,100.0,0.0,200.0,0.0,100.0,7067.0,100.0,49750814984.0,100.0,47651317036.0
2019-10-21,ZCH027QT,ST12000NM0007,12000138625024,0,82.0,177080576.0,99.0,0.0,100.0,1.0,100.0,0.0,73.0,18539718.0,92.0,7432.0,100.0,0.0,100.0,1.0,,,,,100.0,0.0,100.0,0.0,,,66.0,34.0,,,100.0,94.0,99.0,2153.0,34.0,34.0,100.0,0.0,100.0,0.0,200.0,0.0,100.0,7082.0,100.0,49814515160.0,100.0,47774778892.0
2019-10-22,ZCH027QT,ST12000NM0007,12000138625024,0,73.0,21905752.0,99.0,0.0,100.0,1.0,100.0,0.0,73.0,22381477.0,92.0,7464.0,100.0,0.0,100.0,1.0,,,,,100.0,0.0,100.0,0.0,,,66.0,34.0,,,100.0,96.0,99.0,2155.0,34.0,34.0,100.0,0.0,100.0,0.0,200.0,0.0,100.0,7114.0,100.0,49868953160.0,100.0,48053447460.0
2019-10-23,ZCH027QT,ST12000NM0007,12000138625024,0,82.0,144206008.0,99.0,0.0,100.0,1.0,100.0,0.0,74.0,26622368.0,92.0,7495.0,100.0,0.0,100.0,1.0,,,,,100.0,0.0,100.0,0.0,,,67.0,33.0,,,100.0,97.0,99.0,2156.0,33.0,33.0,100.0,0.0,100.0,0.0,200.0,0.0,100.0,7145.0,100.0,49939112832.0,100.0,48349728764.0
2019-10-24,ZCH027QT,ST12000NM0007,12000138625024,0,80.0,93345080.0,99.0,0.0,100.0,1.0,100.0,0.0,75.0,28333939.0,92.0,7511.0,100.0,0.0,100.0,1.0,,,,,100.0,0.0,100.0,0.0,,,66.0,34.0,,,100.0,97.0,99.0,2157.0,34.0,34.0,100.0,0.0,100.0,0.0,200.0,0.0,100.0,7160.0,100.0,49973857688.0,100.0,48508263812.0
2019-10-25,ZCH027QT,ST12000NM0007,12000138625024,0,79.0,75211624.0,99.0,0.0,100.0,1.0,100.0,0.0,75.0,30445701.0,92.0,7527.0,100.0,0.0,100.0,1.0,,,,,100.0,0.0,100.0,0.0,,,65.0,35.0,,,100.0,97.0,99.0,2157.0,35.0,35.0,100.0,0.0,100.0,0.0,200.0,0.0,100.0,7176.0,100.0,50000402152.0,100.0,48707726524.0
2019-10-26,ZCH027QT,ST12000NM0007,12000138625024,0,84.0,233278072.0,99.0,0.0,100.0,1.0,100.0,0.0,75.0,34880543.0,92.0,7559.0,100.0,0.0,100.0,1.0,,,,,100.0,0.0,100.0,0.0,,,68.0,32.0,,,100.0,98.0,99.0,2160.0,32.0,32.0,100.0,0.0,100.0,0.0,200.0,0.0,100.0,7208.0,100.0,50072849736.0,100.0,49037486022.0
2019-10-27,ZCH027QT,ST12000NM0007,12000138625024,0,82.0,151377808.0,99.0,0.0,100.0,1.0,100.0,0.0,76.0,36535425.0,92.0,7574.0,100.0,0.0,100.0,1.0,,,,,100.0,0.0,100.0,0.0,,,67.0,33.0,,,100.0,98.0,99.0,2160.0,33.0,33.0,100.0,0.0,100.0,0.0,200.0,0.0,100.0,7224.0,100.0,50110617896.0,100.0,49161958334.0
2019-10-28,ZCH027QT,ST12000NM0007,12000138625024,0,65.0,3252664.0,99.0,0.0,100.0,1.0,100.0,0.0,76.0,41990757.0,92.0,7606.0,100.0,0.0,100.0,1.0,,,,,100.0,0.0,100.0,0.0,,,66.0,34.0,,,100.0,99.0,99.0,2162.0,34.0,34.0,100.0,0.0,100.0,0.0,200.0,0.0,100.0,7255.0,100.0,50169708392.0,100.0,49443023966.0
2019-10-29,ZCH027QT,ST12000NM0007,12000138625024,0,82.0,164208144.0,99.0,0.0,100.0,1.0,100.0,0.0,76.0,43375174.0,92.0,7622.0,100.0,0.0,100.0,1.0,,,,,100.0,0.0,100.0,0.0,,,67.0,33.0,,,100.0,99.0,99.0,2162.0,33.0,33.0,100.0,0.0,100.0,0.0,200.0,0.0,100.0,7271.0,100.0,50204025432.0,100.0,49569662406.0
2019-10-30,ZCH027QT,ST12000NM0007,12000138625024,0,75.0,31685912.0,99.0,0.0,100.0,1.0,100.0,0.0,77.0,46469672.0,92.0,7653.0,100.0,0.0,100.0,1.0,,,,,100.0,0.0,100.0,0.0,,,66.0,34.0,,,100.0,100.0,99.0,2164.0,34.0,34.0,100.0,0.0,100.0,0.0,200.0,0.0,100.0,7302.0,100.0,50275889832.0,100.0,49853557422.0
2019-10-31,ZCH027QT,ST12000NM0007,12000138625024,0,83.0,191416640.0,99.0,0.0,100.0,1.0,100.0,0.0,77.0,47979860.0,92.0,7669.0,100.0,0.0,100.0,1.0,,,,,100.0,0.0,100.0,0.0,,,67.0,33.0,,,100.0,100.0,99.0,2164.0,33.0,33.0,100.0,0.0,100.0,0.0,200.0,0.0,100.0,7318.0,100.0,50312034272.0,100.0,49977143710.0
2019-11-01,ZCH027QT,ST12000NM0007,12000138625024,0,82.0,168701608.0,99.0,0.0,100.0,1.0,100.0,0.0,77.0,52804140.0,92.0,7701.0,100.0,0.0,100.0,1.0,,,,,100.0,0.0,100.0,0.0,,,66.0,34.0,,,100.0,100.0,99.0,2165.0,34.0,34.0,100.0,0.0,100.0,0.0,200.0,0.0,100.0,7349.0,100.0,50347317160.0,100.0,50407427062.0
2019-11-02,ZCH027QT,ST12000NM0007,12000138625024,0,74.0,23221384.0,99.0,0.0,100.0,1.0,100.0,0.0,78.0,56305209.0,92.0,7732.0,100.0,0.0,100.0,1.0,,,,,100.0,0.0,100.0,0.0,,,67.0,33.0,,,100.0,100.0,99.0,2167.0,33.0,33.0,100.0,0.0,100.0,0.0,200.0,0.0,100.0,7380.0,100.0,50393299528.0,100.0,50704246166.0
2019-11-03,ZCH027QT,ST12000NM0007,12000138625024,0,82.0,174011456.0,99.0,0.0,100.0,1.0,100.0,0.0,78.0,57786048.0,92.0,7748.0,100.0,0.0,100.0,1.0,,,,,100.0,0.0,100.0,0.0,,,67.0,33.0,,,100.0,100.0,99.0,2167.0,33.0,33.0,100.0,0.0,100.0,0.0,200.0,0.0,100.0,7396.0,100.0,50414141216.0,100.0,50834194550.0
2019-11-04,ZCH027QT,ST12000NM0007,12000138625024,0,74.0,24776520.0,99.0,0.0,100.0,1.0,100.0,0.0,78.0,63132808.0,92.0,7780.0,100.0,0.0,100.0,1.0,,,,,100.0,0.0,100.0,0.0,,,66.0,34.0,,,100.0,100.0,99.0,2169.0,34.0,34.0,100.0,0.0,100.0,0.0,200.0,0.0,100.0,7428.0,100.0,50457759456.0,100.0,51129622662.0
2019-11-06,ZCH027QT,ST12000NM0007,12000138625024,0,78.0,57710032.0,99.0,0.0,100.0,1.0,100.0,0.0,78.0,67590707.0,92.0,7827.0,100.0,0.0,100.0,1.0,,,,,100.0,0.0,100.0,0.0,,,67.0,33.0,,,100.0,100.0,99.0,2171.0,33.0,33.0,100.0,0.0,100.0,0.0,200.0,0.0,100.0,7475.0,100.0,50562680560.0,100.0,51545916582.0
2019-11-07,ZCH027QT,ST12000NM0007,12000138625024,0,84.0,228345936.0,99.0,0.0,100.0,1.0,100.0,0.0,78.0,68903684.0,92.0,7843.0,100.0,0.0,100.0,1.0,,,,,100.0,0.0,100.0,0.0,,,67.0,33.0,,,100.0,100.0,99.0,2171.0,33.0,33.0,100.0,0.0,100.0,0.0,200.0,0.0,100.0,7491.0,100.0,50589879288.0,100.0,51689353758.0
2019-11-08,ZCH027QT,ST12000NM0007,12000138625024,0,80.0,100151616.0,99.0,0.0,100.0,1.0,100.0,0.0,79.0,74429308.0,92.0,7874.0,100.0,0.0,100.0,1.0,,,,,100.0,0.0,100.0,0.0,,,66.0,34.0,,,100.0,100.0,99.0,2173.0,34.0,34.0,100.0,0.0,100.0,0.0,200.0,0.0,100.0,7522.0,100.0,50644348688.0,100.0,51994971302.0
2019-11-09,ZCH027QT,ST12000NM0007,12000138625024,0,84.0,243554000.0,99.0,0.0,100.0,1.0,100.0,0.0,79.0,75981733.0,91.0,7890.0,100.0,0.0,100.0,1.0,,,,,100.0,0.0,100.0,0.0,,,67.0,33.0,,,100.0,100.0,99.0,2173.0,33.0,33.0,100.0,0.0,100.0,0.0,200.0,0.0,100.0,7538.0,100.0,50662769384.0,100.0,52119952990.0
2019-11-10,ZCH027QT,ST12000NM0007,12000138625024,0,79.0,75253136.0,99.0,0.0,100.0,1.0,100.0,0.0,79.0,79162923.0,91.0,7921.0,100.0,0.0,100.0,1.0,,,,,100.0,0.0,100.0,0.0,,,67.0,33.0,,,100.0,100.0,99.0,2175.0,33.0,33.0,100.0,0.0,100.0,0.0,200.0,0.0,100.0,7569.0,100.0,50716046608.0,100.0,52386656550.0
2019-11-11,ZCH027QT,ST12000NM0007,12000138625024,0,83.0,203519848.0,99.0,0.0,100.0,1.0,100.0,0.0,79.0,82615531.0,91.0,7937.0,100.0,0.0,100.0,1.0,,,,,100.0,0.0,100.0,0.0,,,66.0,34.0,,,100.0,100.0,99.0,2175.0,34.0,34.0,100.0,0.0,100.0,0.0,200.0,0.0,100.0,7585.0,100.0,50738309472.0,100.0,52492660398.0
2019-11-12,ZCH027QT,ST12000NM0007,12000138625024,0,78.0,64239912.0,99.0,0.0,100.0,1.0,100.0,0.0,79.0,85540313.0,91.0,7969.0,100.0,0.0,100.0,1.0,,,,,100.0,0.0,100.0,0.0,,,67.0,33.0,,,100.0,100.0,99.0,2177.0,33.0,33.0,100.0,0.0,100.0,0.0,200.0,0.0,100.0,7616.0,100.0,50808073176.0,100.0,52771898246.0
2019-11-13,ZCH027QT,ST12000NM0007,12000138625024,0,81.0,128323592.0,99.0,0.0,100.0,1.0,100.0,0.0,79.0,88084701.0,91.0,8000.0,100.0,0.0,100.0,1.0,,,,,100.0,0.0,100.0,0.0,,,67.0,33.0,,,100.0,100.0,99.0,2178.0,33.0,33.0,100.0,0.0,100.0,0.0,200.0,0.0,100.0,7647.0,100.0,50857153664.0,100.0,53031042118.0
2019-11-14,ZCH027QT,ST12000NM0007,12000138625024,0,72.0,15241608.0,99.0,0.0,100.0,1.0,100.0,0.0,80.0,89193218.0,91.0,8016.0,100.0,0.0,100.0,1.0,,,,,100.0,0.0,100.0,0.0,,,67.0,33.0,,,100.0,101.0,99.0,2179.0,33.0,33.0,100.0,0.0,100.0,0.0,200.0,0.0,100.0,7663.0,100.0,50877203976.0,100.0,53142050558.0
2019-11-15,ZCH027QT,ST12000NM0007,12000138625024,0,84.0,224958936.0,99.0,0.0,100.0,1.0,100.0,0.0,80.0,91335301.0,91.0,8032.0,100.0,0.0,100.0,1.0,,,,,100.0,0.0,100.0,0.0,,,66.0,34.0,,,100.0,101.0,99.0,2179.0,34.0,34.0,100.0,0.0,100.0,0.0,200.0,0.0,100.0,7678.0,100.0,50915048840.0,100.0,53313923022.0
2019-11-16,ZCH027QT,ST12000NM0007,12000138625024,0,81.0,132724688.0,99.0,0.0,100.0,1.0,100.0,0.0,80.0,96816324.0,91.0,8063.0,100.0,0.0,100.0,1.0,,,,,100.0,0.0,100.0,0.0,,,67.0,33.0,,,100.0,103.0,99.0,2181.0,33.0,33.0,100.0,0.0,100.0,0.0,200.0,0.0,100.0,7709.0,100.0,50990859704.0,100.0,53634159198.0
2019-11-17,ZCH027QT,ST12000NM0007,12000138625024,0,79.0,80113096.0,99.0,0.0,100.0,1.0,100.0,0.0,80.0,98299932.0,91.0,8079.0,100.0,0.0,100.0,1.0,,,,,100.0,0.0,100.0,0.0,,,67.0,33.0,,,100.0,103.0,99.0,2181.0,33.0,33.0,100.0,0.0,100.0,0.0,200.0,0.0,100.0,7725.0,100.0,51019182096.0,100.0,53797366214.0
2019-11-18,ZCH027QT,ST12000NM0007,12000138625024,0,81.0,138195920.0,99.0,0.0,100.0,1.0,100.0,0.0,80.0,103807167.0,91.0,8110.0,100.0,0.0,100.0,1.0,,,,,100.0,0.0,100.0,0.0,,,67.0,33.0,,,100.0,104.0,99.0,2183.0,33.0,33.0,100.0,0.0,100.0,0.0,200.0,0.0,100.0,7757.0,100.0,51080284512.0,100.0,54038487966.0
2019-11-19,ZCH027QT,ST12000NM0007,12000138625024,0,80.0,89284376.0,99.0,0.0,100.0,1.0,100.0,0.0,80.0,106317687.0,91.0,8126.0,100.0,0.0,100.0,1.0,,,,,100.0,0.0,100.0,0.0,,,67.0,33.0,,,100.0,104.0,99.0,2183.0,33.0,33.0,100.0,0.0,100.0,0.0,200.0,0.0,100.0,7772.0,100.0,51106876336.0,100.0,54207125646.0
2019-11-20,ZCH027QT,ST12000NM0007,12000138625024,0,83.0,185971448.0,99.0,0.0,100.0,2.0,100.0,0.0,80.0,108878674.0,91.0,8158.0,100.0,0.0,100.0,1.0,,,,,100.0,0.0,100.0,0.0,,,66.0,34.0,,,100.0,106.0,99.0,2189.0,34.0,34.0,100.0,0.0,100.0,0.0,200.0,0.0,100.0,7803.0,100.0,51155605000.0,100.0,54499224824.0
2019-11-21,ZCH027QT,ST12000NM0007,12000138625024,0,83.0,203200008.0,99.0,0.0,100.0,2.0,100.0,0.0,80.0,110583236.0,91.0,8174.0,100.0,0.0,100.0,1.0,,,,,100.0,0.0,100.0,0.0,,,66.0,34.0,,,100.0,106.0,99.0,2189.0,34.0,34.0,100.0,0.0,100.0,0.0,200.0,0.0,100.0,7819.0,100.0,51199106328.0,100.0,54717093112.0
2019-11-22,ZCH027QT,ST12000NM0007,12000138625024,0,83.0,198823304.0,99.0,0.0,100.0,2.0,100.0,0.0,81.0,129661468.0,91.0,8205.0,100.0,0.0,100.0,1.0,,,,,100.0,0.0,100.0,0.0,,,66.0,34.0,,,100.0,107.0,99.0,2190.0,34.0,34.0,100.0,0.0,100.0,0.0,200.0,0.0,100.0,7850.0,100.0,51226530800.0,100.0,58347402432.0
2019-11-23,ZCH027QT,ST12000NM0007,12000138625024,0,79.0,84858760.0,99.0,0.0,100.0,2.0,100.0,0.0,82.0,143157978.0,91.0,8221.0,100.0,0.0,100.0,1.0,,,,,100.0,0.0,100.0,0.0,,,66.0,34.0,,,100.0,107.0,99.0,2191.0,34.0,34.0,100.0,0.0,100.0,0.0,200.0,0.0,100.0,7866.0,100.0,51243162528.0,100.0,61878917240.0
2019-11-24,ZCH027QT,ST12000NM0007,12000138625024,0,70.0,8976608.0,99.0,0.0,100.0,2.0,100.0,0.0,82.0,168637707.0,91.0,8253.0,100.0,0.0,100.0,1.0,,,,,100.0,0.0,100.0,0.0,,,65.0,35.0,,,100.0,107.0,99.0,2192.0,35.0,35.0,100.0,0.0,100.0,0.0,200.0,0.0,100.0,7898.0,100.0,51249907056.0,100.0,68143949576.0
2019-11-25,ZCH027QT,ST12000NM0007,12000138625024,0,84.0,225958480.0,99.0,0.0,100.0,2.0,100.0,0.0,83.0,195545075.0,91.0,8284.0,100.0,0.0,100.0,1.0,,,,,100.0,0.0,100.0,0.0,,,65.0,35.0,,,100.0,108.0,99.0,2194.0,35.0,35.0,100.0,0.0,100.0,0.0,200.0,0.0,100.0,7929.0,100.0,51250274664.0,100.0,73487518984.0
2019-11-26,ZCH027QT,ST12000NM0007,12000138625024,0,77.0,44824808.0,99.0,0.0,100.0,2.0,100.0,0.0,83.0,208857247.0,91.0,8300.0,100.0,0.0,100.0,1.0,,,,,100.0,0.0,100.0,0.0,,,65.0,35.0,,,100.0,108.0,99.0,2194.0,35.0,35.0,100.0,0.0,100.0,0.0,200.0,0.0,100.0,7944.0,100.0,51250566568.0,100.0,75747500624.0
2019-11-27,ZCH027QT,ST12000NM0007,12000138625024,0,82.0,151483024.0,99.0,0.0,100.0,2.0,100.0,0.0,83.0,218507746.0,91.0,8332.0,100.0,0.0,100.0,1.0,,,,,100.0,0.0,100.0,0.0,,,66.0,34.0,,,100.0,108.0,99.0,2196.0,34.0,34.0,100.0,0.0,100.0,0.0,200.0,0.0,100.0,7976.0,100.0,51288019448.0,100.0,77037409360.0
2019-11-28,ZCH027QT,ST12000NM0007,12000138625024,0,79.0,74499512.0,99.0,0.0,100.0,2.0,100.0,0.0,83.0,219452673.0,91.0,8347.0,100.0,0.0,100.0,1.0,,,,,100.0,0.0,100.0,0.0,,,66.0,34.0,,,100.0,108.0,99.0,2196.0,34.0,34.0,100.0,0.0,100.0,0.0,200.0,0.0,100.0,7992.0,100.0,51307833488.0,100.0,77184752656.0
2019-11-29,ZCH027QT,ST12000NM0007,12000138625024,0,83.0,204126864.0,99.0,0.0,100.0,2.0,100.0,0.0,84.0,224267197.0,91.0,8379.0,100.0,0.0,100.0,1.0,,,,,100.0,0.0,100.0,0.0,,,67.0,33.0,,,100.0,109.0,99.0,2198.0,33.0,33.0,100.0,0.0,100.0,0.0,200.0,0.0,100.0,8023.0,100.0,51349300848.0,100.0,77517053280.0
2019-11-30,ZCH027QT,ST12000NM0007,12000138625024,0,80.0,90136600.0,99.0,0.0,100.0,2.0,100.0,0.0,84.0,225204304.0,91.0,8395.0,100.0,0.0,100.0,1.0,,,,,100.0,0.0,100.0,0.0,,,67.0,33.0,,,100.0,109.0,99.0,2198.0,33.0,33.0,100.0,0.0,100.0,0.0,200.0,0.0,100.0,8039.0,100.0,51375810920.0,100.0,77620693616.0
2019-12-01,ZCH027QT,ST12000NM0007,12000138625024,0,82.0,162359720.0,99.0,0.0,100.0,2.0,100.0,0.0,84.0,228047799.0,91.0,8426.0,100.0,0.0,100.0,1.0,,,,,100.0,0.0,100.0,0.0,,,67.0,33.0,,,100.0,110.0,99.0,2200.0,33.0,33.0,100.0,0.0,100.0,0.0,200.0,0.0,100.0,8070.0,100.0,51414511832.0,100.0,77898356488.0
2019-12-02,ZCH027QT,ST12000NM0007,12000138625024,0,82.0,174291224.0,99.0,0.0,100.0,2.0,100.0,0.0,84.0,231664047.0,91.0,8458.0,100.0,0.0,100.0,1.0,,,,,100.0,0.0,100.0,0.0,,,67.0,33.0,,,100.0,111.0,99.0,2201.0,33.0,33.0,100.0,0.0,100.0,0.0,200.0,0.0,100.0,8101.0,100.0,51458507632.0,100.0,78110433160.0
2019-12-03,ZCH027QT,ST12000NM0007,12000138625024,0,81.0,114218024.0,99.0,0.0,100.0,2.0,100.0,0.0,84.0,232803939.0,91.0,8473.0,100.0,0.0,100.0,1.0,,,,,100.0,0.0,100.0,0.0,,,66.0,34.0,,,100.0,111.0,99.0,2202.0,34.0,34.0,100.0,0.0,100.0,0.0,200.0,0.0,100.0,8117.0,100.0,51481932976.0,100.0,78271075416.0
2019-12-04,ZCH027QT,ST12000NM0007,12000138625024,0,83.0,189855552.0,99.0,0.0,100.0,2.0,100.0,0.0,84.0,234945276.0,91.0,8505.0,100.0,0.0,100.0,1.0,,,,,100.0,0.0,100.0,0.0,,,67.0,33.0,,,100.0,111.0,99.0,2203.0,33.0,33.0,100.0,0.0,100.0,0.0,200.0,0.0,100.0,8148.0,100.0,51528468128.0,100.0,78544318616.0
2019-12-05,ZCH027QT,ST12000NM0007,12000138625024,0,81.0,117478288.0,99.0,0.0,100.0,2.0,100.0,0.0,84.0,235922566.0,91.0,8521.0,100.0,0.0,100.0,1.0,,,,,100.0,0.0,100.0,0.0,,,66.0,34.0,,,100.0,111.0,99.0,2204.0,34.0,34.0,100.0,0.0,100.0,0.0,200.0,0.0,100.0,8164.0,100.0,51552852816.0,100.0,78691697408.0
2019-12-06,ZCH027QT,ST12000NM0007,12000138625024,0,72.0,17774136.0,99.0,0.0,100.0,2.0,100.0,0.0,84.0,240914528.0,91.0,8552.0,100.0,0.0,100.0,1.0,,,,,100.0,0.0,100.0,0.0,,,67.0,33.0,,,100.0,111.0,99.0,2205.0,33.0,33.0,100.0,0.0,100.0,0.0,200.0,0.0,100.0,8195.0,100.0,51594155096.0,100.0,79038972248.0
2019-12-07,ZCH027QT,ST12000NM0007,12000138625024,0,82.0,175865984.0,99.0,0.0,100.0,2.0,100.0,0.0,84.0,242116131.0,91.0,8568.0,100.0,0.0,100.0,1.0,,,,,100.0,0.0,100.0,0.0,,,66.0,34.0,,,100.0,111.0,99.0,2206.0,34.0,34.0,100.0,0.0,100.0,0.0,200.0,0.0,100.0,8211.0,100.0,51614906376.0,100.0,79176312816.0
2019-12-08,ZCH027QT,ST12000NM0007,12000138625024,0,84.0,224137144.0,99.0,0.0,100.0,2.0,100.0,0.0,84.0,246071943.0,91.0,8599.0,100.0,0.0,100.0,1.0,,,,,100.0,0.0,100.0,0.0,,,67.0,33.0,,,100.0,111.0,99.0,2207.0,33.0,33.0,100.0,0.0,100.0,0.0,200.0,0.0,100.0,8242.0,100.0,51650406112.0,100.0,79433225056.0
2019-12-09,ZCH027QT,ST12000NM0007,12000138625024,0,81.0,136996256.0,99.0,0.0,100.0,2.0,100.0,0.0,84.0,247751165.0,91.0,8615.0,100.0,0.0,100.0,1.0,,,,,100.0,0.0,100.0,0.0,,,67.0,33.0,,,100.0,111.0,99.0,2208.0,33.0,33.0,100.0,0.0,100.0,0.0,200.0,0.0,100.0,8258.0,100.0,51678518472.0,100.0,79562112584.0
2019-12-10,ZCH027QT,ST12000NM0007,12000138625024,0,82.0,176712912.0,99.0,0.0,100.0,2.0,100.0,0.0,84.0,249649166.0,91.0,8646.0,100.0,0.0,100.0,1.0,,,,,100.0,0.0,100.0,0.0,,,66.0,34.0,,,100.0,112.0,99.0,2209.0,34.0,34.0,100.0,0.0,100.0,0.0,200.0,0.0,100.0,8289.0,100.0,51720691192.0,100.0,79803797264.0
2019-12-11,ZCH027QT,ST12000NM0007,12000138625024,0,79.0,75896080.0,99.0,0.0,100.0,2.0,100.0,0.0,84.0,250560169.0,91.0,8662.0,100.0,0.0,100.0,1.0,,,,,100.0,0.0,100.0,0.0,,,66.0,34.0,,,100.0,113.0,99.0,2210.0,34.0,34.0,100.0,0.0,100.0,0.0,200.0,0.0,100.0,8305.0,100.0,51742107824.0,100.0,79925704576.0
2019-12-12,ZCH027QT,ST12000NM0007,12000138625024,0,82.0,167094072.0,99.0,0.0,100.0,2.0,100.0,0.0,84.0,252685244.0,91.0,8693.0,100.0,0.0,100.0,1.0,,,,,100.0,0.0,100.0,0.0,,,67.0,33.0,,,100.0,113.0,99.0,2211.0,33.0,33.0,100.0,0.0,100.0,0.0,200.0,0.0,100.0,8336.0,100.0,51784916216.0,100.0,80218234960.0
2019-12-13,ZCH027QT,ST12000NM0007,12000138625024,0,82.0,154811112.0,99.0,0.0,100.0,2.0,100.0,0.0,84.0,256003175.0,91.0,8709.0,100.0,0.0,100.0,1.0,,,,,100.0,0.0,100.0,0.0,,,66.0,34.0,,,100.0,113.0,99.0,2212.0,34.0,34.0,100.0,0.0,100.0,0.0,200.0,0.0,100.0,8352.0,100.0,51808258232.0,100.0,80426750624.0
2019-12-14,ZCH027QT,ST12000NM0007,12000138625024,0,83.0,197462448.0,99.0,0.0,100.0,2.0,100.0,0.0,84.0,258512482.0,91.0,8741.0,100.0,0.0,100.0,1.0,,,,,100.0,0.0,100.0,0.0,,,66.0,34.0,,,100.0,114.0,99.0,2213.0,34.0,34.0,100.0,0.0,100.0,0.0,200.0,0.0,100.0,8383.0,100.0,51843205008.0,100.0,80678596128.0
2019-12-15,ZCH027QT,ST12000NM0007,12000138625024,0,79.0,82456256.0,99.0,0.0,100.0,2.0,100.0,0.0,84.0,259405919.0,91.0,8756.0,100.0,0.0,100.0,1.0,,,,,100.0,0.0,100.0,0.0,,,67.0,33.0,,,100.0,114.0,99.0,2214.0,33.0,33.0,100.0,0.0,100.0,0.0,200.0,0.0,100.0,8399.0,100.0,51860817336.0,100.0,80790118472.0
2019-12-16,ZCH027QT,ST12000NM0007,12000138625024,0,80.0,89922712.0,99.0,0.0,100.0,2.0,100.0,0.0,84.0,263680306.0,90.0,8788.0,100.0,0.0,100.0,1.0,,,,,100.0,0.0,100.0,0.0,,,67.0,33.0,,,100.0,114.0,99.0,2215.0,33.0,33.0,100.0,0.0,100.0,0.0,200.0,0.0,100.0,8430.0,100.0,51895026640.0,100.0,81007516800.0
2019-12-17,ZCH027QT,ST12000NM0007,12000138625024,0,65.0,2835160.0,99.0,0.0,100.0,2.0,100.0,0.0,84.0,264636819.0,90.0,8804.0,100.0,0.0,100.0,1.0,,,,,100.0,0.0,100.0,0.0,,,67.0,33.0,,,100.0,114.0,99.0,2216.0,33.0,33.0,100.0,0.0,100.0,0.0,200.0,0.0,100.0,8446.0,100.0,51906593408.0,100.0,81153003200.0
2019-12-18,ZCH027QT,ST12000NM0007,12000138625024,0,84.0,238932992.0,99.0,0.0,100.0,2.0,100.0,0.0,84.0,266524903.0,90.0,8835.0,100.0,0.0,100.0,1.0,,,,,100.0,0.0,100.0,0.0,,,67.0,33.0,,,100.0,115.0,99.0,2217.0,33.0,33.0,100.0,0.0,100.0,0.0,200.0,0.0,100.0,8478.0,100.0,51945889360.0,100.0,81349805080.0
2019-12-19,ZCH027QT,ST12000NM0007,12000138625024,0,79.0,82248904.0,99.0,0.0,100.0,2.0,100.0,0.0,84.0,267198761.0,90.0,8851.0,100.0,0.0,100.0,1.0,,,,,100.0,0.0,100.0,0.0,,,67.0,33.0,,,100.0,115.0,99.0,2218.0,33.0,33.0,100.0,0.0,100.0,0.0,200.0,0.0,100.0,8493.0,100.0,51960295632.0,100.0,81422855512.0
2019-12-20,ZCH027QT,ST12000NM0007,12000138625024,0,80.0,93766472.0,99.0,0.0,100.0,2.0,100.0,0.0,84.0,271505486.0,90.0,8882.0,100.0,0.0,100.0,1.0,,,,,100.0,0.0,100.0,0.0,,,67.0,33.0,,,100.0,115.0,99.0,2219.0,33.0,33.0,100.0,0.0,100.0,0.0,200.0,0.0,100.0,8525.0,100.0,51988222328.0,100.0,81650587074.0
2019-12-21,ZCH027QT,ST12000NM0007,12000138625024,0,83.0,220545400.0,99.0,0.0,100.0,2.0,100.0,0.0,84.0,272352968.0,90.0,8898.0,100.0,0.0,100.0,1.0,,,,,100.0,0.0,100.0,0.0,,,66.0,34.0,,,100.0,115.0,99.0,2220.0,34.0,34.0,100.0,0.0,100.0,0.0,200.0,0.0,100.0,8541.0,100.0,52000943976.0,100.0,81764644354.0
2019-12-22,ZCH027QT,ST12000NM0007,12000138625024,0,83.0,195034656.0,99.0,0.0,100.0,2.0,100.0,0.0,84.0,274835408.0,90.0,8930.0,100.0,0.0,100.0,1.0,,,,,100.0,0.0,100.0,0.0,,,67.0,33.0,,,100.0,116.0,99.0,2221.0,33.0,33.0,100.0,0.0,100.0,0.0,200.0,0.0,100.0,8572.0,100.0,52041180424.0,100.0,81943037890.0
2019-12-23,ZCH027QT,ST12000NM0007,12000138625024,0,77.0,52941072.0,99.0,0.0,100.0,2.0,100.0,0.0,84.0,277267772.0,90.0,8946.0,100.0,0.0,100.0,1.0,,,,,100.0,0.0,100.0,0.0,,,67.0,33.0,,,100.0,117.0,99.0,2222.0,33.0,33.0,100.0,0.0,100.0,0.0,200.0,0.0,100.0,8588.0,100.0,52061038728.0,100.0,82025227282.0
2019-12-24,ZCH027QT,ST12000NM0007,12000138625024,0,83.0,214634464.0,99.0,0.0,100.0,2.0,100.0,0.0,84.0,278430392.0,90.0,8978.0,100.0,0.0,100.0,1.0,,,,,100.0,0.0,100.0,0.0,,,67.0,33.0,,,100.0,117.0,99.0,2223.0,33.0,33.0,100.0,0.0,100.0,0.0,200.0,0.0,100.0,8620.0,100.0,52075745416.0,100.0,82172213986.0
2019-12-25,ZCH027QT,ST12000NM0007,12000138625024,0,72.0,16659592.0,99.0,0.0,100.0,2.0,100.0,0.0,84.0,278891925.0,90.0,8994.0,100.0,0.0,100.0,1.0,,,,,100.0,0.0,100.0,0.0,,,67.0,33.0,,,100.0,117.0,99.0,2223.0,33.0,33.0,100.0,0.0,100.0,0.0,200.0,0.0,100.0,8635.0,100.0,52085565376.0,100.0,82208560066.0
2019-12-26,ZCH027QT,ST12000NM0007,12000138625024,0,73.0,19590728.0,99.0,0.0,100.0,2.0,100.0,0.0,84.0,280614229.0,90.0,9026.0,100.0,0.0,100.0,1.0,,,,,100.0,0.0,100.0,0.0,,,67.0,33.0,,,100.0,117.0,99.0,2225.0,33.0,33.0,100.0,0.0,100.0,0.0,200.0,0.0,100.0,8667.0,100.0,52112306824.0,100.0,82428890538.0
2019-12-27,ZCH027QT,ST12000NM0007,12000138625024,0,82.0,171683144.0,99.0,0.0,100.0,2.0,100.0,0.0,85.0,283028252.0,90.0,9041.0,100.0,0.0,100.0,1.0,,,,,100.0,0.0,100.0,0.0,,,66.0,34.0,,,100.0,117.0,99.0,2225.0,34.0,34.0,100.0,0.0,100.0,0.0,200.0,0.0,100.0,8683.0,100.0,52123270672.0,100.0,82570019106.0
2019-12-28,ZCH027QT,ST12000NM0007,12000138625024,0,78.0,67599384.0,99.0,0.0,100.0,2.0,100.0,0.0,85.0,285052607.0,90.0,9073.0,100.0,0.0,100.0,1.0,,,,,100.0,0.0,100.0,0.0,,,68.0,32.0,,,100.0,117.0,99.0,2227.0,32.0,32.0,100.0,0.0,100.0,0.0,200.0,0.0,100.0,8715.0,100.0,52143335112.0,100.0,82690011738.0
2019-12-29,ZCH027QT,ST12000NM0007,12000138625024,0,82.0,167515592.0,99.0,0.0,100.0,2.0,100.0,0.0,85.0,285671921.0,90.0,9089.0,100.0,0.0,100.0,1.0,,,,,100.0,0.0,100.0,0.0,,,67.0,33.0,,,100.0,117.0,99.0,2227.0,33.0,33.0,100.0,0.0,100.0,0.0,200.0,0.0,100.0,8730.0,100.0,52151222800.0,100.0,82782040258.0
2019-12-30,ZCH027QT,ST12000NM0007,12000138625024,0,80.0,95417640.0,99.0,0.0,100.0,2.0,100.0,0.0,85.0,289408711.0,90.0,9121.0,100.0,0.0,100.0,1.0,,,,,100.0,0.0,100.0,0.0,,,67.0,33.0,,,100.0,119.0,99.0,2229.0,33.0,33.0,100.0,0.0,100.0,0.0,200.0,0.0,100.0,8762.0,100.0,52165158592.0,100.0,82940147154.0
2019-12-31,ZCH027QT,ST12000NM0007,12000138625024,0,83.0,195274688.0,99.0,0.0,100.0,2.0,100.0,0.0,85.0,290049779.0,90.0,9137.0,100.0,0.0,100.0,1.0,,,,,100.0,0.0,100.0,0.0,,,67.0,33.0,,,100.0,119.0,99.0,2229.0,33.0,33.0,100.0,0.0,100.0,0.0,200.0,0.0,100.0,8778.0,100.0,52171183360.0,100.0,83033979434.0
