2019-01-01,ZCH0973Z,ST12000NM0007,12000138625024,0,83,212487480,97.0,0.0,100.0,3.0,100.0,0.0,89.0,744667560.0,92,7323,100.0,0.0,100,2,,,,,100.0,0.0,100.0,0.0,,,77.0,23.0,,,100.0,128.0,100.0,847.0,23,23,100.0,0.0,100.0,0.0,200.0,0.0,100.0,7068.0,100.0,39004443560.0,100.0,59596889802.0
2019-01-02,ZCH0973Z,ST12000NM0007,12000138625024,0,83,181307080,97.0,0.0,100.0,3.0,100.0,0.0,89.0,746801427.0,92,7347,100.0,0.0,100,2,,,,,100.0,0.0,100.0,0.0,,,77.0,23.0,,,100.0,128.0,100.0,848.0,23,23,100.0,0.0,100.0,0.0,200.0,0.0,100.0,7092.0,100.0,39072378704.0,100.0,59741915114.0
2019-01-03,ZCH0973Z,ST12000NM0007,12000138625024,0,83.0,207022072.0,97.0,0.0,100.0,3.0,100.0,0.0,89.0,750042419.0,92.0,7371.0,100.0,0.0,100.0,2.0,,,,,100.0,0.0,100.0,0.0,,,77.0,23.0,,,100.0,128.0,100.0,849.0,23.0,23.0,100.0,0.0,100.0,0.0,200.0,0.0,100.0,7116.0,100.0,39142405048.0,100.0,59941744530.0
2019-01-04,ZCH0973Z,ST12000NM0007,12000138625024,0,72,16867048,97.0,0.0,100.0,3.0,100.0,0.0,89.0,753678690.0,92,7395,100.0,0.0,100,2,,,,,100.0,0.0,100.0,0.0,,,76.0,24.0,,,100.0,128.0,100.0,850.0,24,24,100.0,0.0,100.0,0.0,200.0,0.0,100.0,7140.0,100.0,39214430704.0,100.0,60167845274.0
2019-01-05,ZCH0973Z,ST12000NM0007,12000138625024,0,80,98044200,97.0,0.0,100.0,3.0,100.0,0.0,89.0,757168998.0,92,7419,100.0,0.0,100,2,,,,,100.0,0.0,100.0,0.0,,,77.0,23.0,,,100.0,129.0,100.0,851.0,23,23,100.0,0.0,100.0,0.0,200.0,0.0,100.0,7164.0,100.0,39294145784.0,100.0,60413448058.0
2019-01-06,ZCH0973Z,ST12000NM0007,12000138625024,0,80,106564520,97.0,0.0,100.0,3.0,100.0,0.0,89.0,760258255.0,92,7440,100.0,0.0,100,2,,,,,100.0,0.0,100.0,0.0,,,77.0,23.0,,,100.0,129.0,100.0,851.0,23,23,100.0,0.0,100.0,0.0,200.0,0.0,100.0,7185.0,100.0,39361577208.0,100.0,60598678106.0
2019-01-07,ZCH0973Z,ST12000NM0007,12000138625024,0,77,54496024,97.0,0.0,100.0,3.0,100.0,0.0,89.0,762563973.0,92,7463,100.0,0.0,100,2,,,,,100.0,0.0,100.0,0.0,,,76.0,24.0,,,100.0,130.0,100.0,852.0,24,24,100.0,0.0,100.0,0.0,200.0,0.0,100.0,7208.0,100.0,39436798184.0,100.0,60715529322.0
2019-01-08,ZCH0973Z,ST12000NM0007,12000138625024,0,82,167216176,97.0,0.0,100.0,3.0,100.0,0.0,89.0,766729193.0,92,7488,100.0,0.0,100,2,,,,,100.0,0.0,100.0,0.0,,,75.0,25.0,,,100.0,130.0,100.0,853.0,25,25,100.0,0.0,100.0,0.0,200.0,0.0,100.0,7233.0,100.0,39563056576.0,100.0,60946132098.0
2019-01-09,ZCH0973Z,ST12000NM0007,12000138625024,0,83,195771792,97.0,0.0,100.0,3.0,100.0,0.0,89.0,769404985.0,92,7511,100.0,0.0,100,2,,,,,100.0,0.0,100.0,0.0,,,76.0,24.0,,,100.0,130.0,100.0,854.0,24,24,100.0,0.0,100.0,0.0,200.0,0.0,100.0,7256.0,100.0,39656507376.0,100.0,61125377906.0
2019-01-10,ZCH0973Z,ST12000NM0007,12000138625024,0,83,215702512,97.0,0.0,100.0,3.0,100.0,0.0,89.0,772585691.0,92,7534,100.0,0.0,100,2,,,,,100.0,0.0,100.0,0.0,,,76.0,24.0,,,100.0,131.0,100.0,855.0,24,24,100.0,0.0,100.0,0.0,200.0,0.0,100.0,7279.0,100.0,39699920928.0,100.0,61346035722.0
2019-01-11,ZCH0973Z,ST12000NM0007,12000138625024,0,82.0,174320776.0,97.0,0.0,100.0,3.0,100.0,0.0,89.0,774655334.0,92.0,7560.0,100.0,0.0,100.0,2.0,,,,,100.0,0.0,100.0,0.0,,,76.0,24.0,,,100.0,131.0,100.0,856.0,24.0,24.0,100.0,0.0,100.0,0.0,200.0,0.0,100.0,7305.0,100.0,39740973256.0,100.0,61507742338.0
2019-01-12,ZCH0973Z,ST12000NM0007,12000138625024,0,75,30289952,97.0,0.0,100.0,3.0,100.0,0.0,89.0,775913578.0,92,7576,100.0,0.0,100,2,,,,,100.0,0.0,100.0,0.0,,,76.0,24.0,,,100.0,132.0,100.0,857.0,24,24,100.0,0.0,100.0,0.0,200.0,0.0,100.0,7320.0,100.0,39765307136.0,100.0,61583518442.0
2019-01-13,ZCH0973Z,ST12000NM0007,12000138625024,0,80,107954472,97.0,0.0,100.0,3.0,100.0,0.0,89.0,779683266.0,92,7608,100.0,0.0,100,2,,,,,100.0,0.0,100.0,0.0,,,76.0,24.0,,,100.0,133.0,100.0,858.0,24,24,100.0,0.0,100.0,0.0,200.0,0.0,100.0,7352.0,100.0,39822966520.0,100.0,61847664410.0
2019-01-14,ZCH0973Z,ST12000NM0007,12000138625024,0,73,21862504,97.0,0.0,100.0,3.0,100.0,0.0,89.0,781125852.0,92,7624,100.0,0.0,100,2,,,,,100.0,0.0,100.0,0.0,,,77.0,23.0,,,100.0,134.0,100.0,859.0,23,23,100.0,0.0,100.0,0.0,200.0,0.0,100.0,7368.0,100.0,39846190968.0,100.0,61982488682.0
2019-01-15,ZCH0973Z,ST12000NM0007,12000138625024,0,79.0,83613864.0,97.0,0.0,100.0,3.0,100.0,0.0,89.0,785138279.0,92.0,7655.0,100.0,0.0,100.0,2.0,,,,,100.0,0.0,100.0,0.0,,,76.0,24.0,,,100.0,135.0,100.0,860.0,24.0,24.0,100.0,0.0,100.0,0.0,200.0,0.0,100.0,7399.0,100.0,39907673968.0,100.0,62226897674.0
2019-01-16,ZCH0973Z,ST12000NM0007,12000138625024,0,83,211133720,97.0,0.0,100.0,3.0,100.0,0.0,89.0,786274970.0,92,7671,100.0,0.0,100,2,,,,,100.0,0.0,100.0,0.0,,,77.0,23.0,,,100,135,100.0,861.0,23,23,100.0,0.0,100.0,0.0,200.0,0.0,100.0,7415.0,100.0,39932125392.0,100.0,62329966106.0
2019-01-17,ZCH0973Z,ST12000NM0007,12000138625024,0,84,232633984,97.0,0.0,100.0,3.0,100.0,0.0,89.0,789725418.0,92,7703,100.0,0.0,100,2,,,,,100.0,0.0,100.0,0.0,,,76.0,24.0,,,100,135,100.0,862.0,24,24,100.0,0.0,100.0,0.0,200.0,0.0,100.0,7446.0,100.0,40003380824.0,100.0,62524351738.0
2019-01-18,ZCH0973Z,ST12000NM0007,12000138625024,0,84,236811496,97.0,0.0,100.0,3.0,100.0,0.0,89.0,792353085.0,92,7734,100.0,0.0,100,2,,,,,100.0,0.0,100.0,0.0,,,77.0,23.0,,,100,136,100.0,864.0,23,23,100.0,0.0,100.0,0.0,200.0,0.0,100.0,7477.0,100.0,40060851928.0,100.0,62715198858.0
2019-01-19,ZCH0973Z,ST12000NM0007,12000138625024,0,82,145576872,97.0,0.0,100.0,3.0,100.0,0.0,89.0,793798753.0,92,7750,100.0,0.0,100,2,,,,,100.0,0.0,100.0,0.0,,,76.0,24.0,,,100,136,100.0,864.0,24,24,100.0,0.0,100.0,0.0,200.0,0.0,100.0,7493.0,100.0,40095895296.0,100.0,62833061554.0
2019-01-20,ZCH0973Z,ST12000NM0007,12000138625024,0,83,186738296,97.0,0.0,100.0,3.0,100.0,0.0,89.0,797200383.0,92,7782,100.0,0.0,100,2,,,,,100.0,0.0,100.0,0.0,,,77.0,23.0,,,100,137,100.0,866.0,23,23,100.0,0.0,100.0,0.0,200.0,0.0,100.0,7525.0,100.0,40162909880.0,100.0,63051349026.0
2019-01-21,ZCH0973Z,ST12000NM0007,12000138625024,0,80,89311528,97.0,0.0,100.0,3.0,100.0,0.0,89.0,798708309.0,92,7797,100.0,0.0,100,2,,,,,100.0,0.0,100.0,0.0,,,76.0,24.0,,,100,137,100.0,866.0,24,24,100.0,0.0,100.0,0.0,200.0,0.0,100.0,7541.0,100.0,40209896808.0,100.0,63151076242.0
2019-01-22,ZCH0973Z,ST12000NM0007,12000138625024,0,82.0,168853616.0,97.0,0.0,100.0,3.0,100.0,0.0,89.0,802000389.0,92.0,7829.0,100.0,0.0,100.0,2.0,,,,,100.0,0.0,100.0,0.0,,,77.0,23.0,,,100.0,139.0,100.0,868.0,23.0,23.0,100.0,0.0,100.0,0.0,200.0,0.0,100.0,7572.0,100.0,40292572712.0,100.0,63392083170.0
2019-01-23,ZCH0973Z,ST12000NM0007,12000138625024,0,78.0,67744248.0,97.0,0.0,100.0,3.0,100.0,0.0,89.0,803517913.0,92.0,7845.0,100.0,0.0,100.0,2.0,,,,,100.0,0.0,100.0,0.0,,,76.0,24.0,,,100.0,139.0,100.0,868.0,24.0,24.0,100.0,0.0,100.0,0.0,200.0,0.0,100.0,7588.0,100.0,40338453032.0,100.0,63489234154.0
2019-01-24,ZCH0973Z,ST12000NM0007,12000138625024,0,81.0,136691112.0,97.0,0.0,100.0,3.0,100.0,0.0,89.0,807253693.0,92.0,7876.0,100.0,0.0,100.0,2.0,,,,,100.0,0.0,100.0,0.0,,,77.0,23.0,,,100.0,140.0,100.0,870.0,23.0,23.0,100.0,0.0,100.0,0.0,200.0,0.0,100.0,7619.0,100.0,40417836248.0,100.0,63722938642.0
2019-01-25,ZCH0973Z,ST12000NM0007,12000138625024,0,80,98589032,97.0,0.0,100.0,3.0,100.0,0.0,89.0,810477740.0,91,7892,100.0,0.0,100,2,,,,,100.0,0.0,100.0,0.0,,,75.0,25.0,,,100,140,100.0,870.0,25,25,100.0,0.0,100.0,0.0,200.0,0.0,100.0,7635.0,100.0,40466846128.0,100.0,63879967314.0
2019-01-26,ZCH0973Z,ST12000NM0007,12000138625024,0,81,136212832,96.0,0.0,100.0,4.0,100.0,0.0,89.0,813525265.0,91,7924,100.0,0.0,100,3,,,,,100.0,0.0,100.0,0.0,,,76.0,24.0,,,100,140,100.0,873.0,24,24,100.0,0.0,100.0,0.0,200.0,0.0,100.0,7667.0,100.0,40519969448.0,100.0,64108608444.0
2019-01-27,ZCH0973Z,ST12000NM0007,12000138625024,0,78,69732976,96.0,0.0,100.0,4.0,100.0,0.0,89.0,815468975.0,91,7940,100.0,0.0,100,3,,,,,100.0,0.0,100.0,0.0,,,76.0,24.0,,,100,141,100.0,874.0,24,24,100.0,0.0,100.0,0.0,200.0,0.0,100.0,7683.0,100.0,40577416944.0,100.0,64228821780.0
2019-01-28,ZCH0973Z,ST12000NM0007,12000138625024,0,83,215066176,96.0,0.0,100.0,4.0,100.0,0.0,89.0,819125829.0,91,7972,100.0,0.0,100,3,,,,,100.0,0.0,100.0,0.0,,,76.0,24.0,,,100,141,100.0,875.0,24,24,100.0,0.0,100.0,0.0,200.0,0.0,100.0,7714.0,100.0,40709595560.0,100.0,64486117060.0
2019-01-29,ZCH0973Z,ST12000NM0007,12000138625024,0,81,127597432,96.0,0.0,100.0,4.0,100.0,0.0,89.0,821009229.0,91,7988,100.0,0.0,100,3,,,,,100.0,0.0,100.0,0.0,,,76.0,24.0,,,100,141,100.0,876.0,24,24,100.0,0.0,100.0,0.0,200.0,0.0,100.0,7730.0,100.0,40764011320.0,100.0,64588373276.0
2019-01-30,ZCH0973Z,ST12000NM0007,12000138625024,0,82,151158560,96.0,0.0,100.0,4.0,100.0,0.0,89.0,824130622.0,91,8020,100.0,0.0,100,3,,,,,100.0,0.0,100.0,0.0,,,76.0,24.0,,,100,141,100.0,877.0,24,24,100.0,0.0,100.0,0.0,200.0,0.0,100.0,7762.0,100.0,40845792448.0,100.0,64774294156.0
2019-01-31,ZCH0973Z,ST12000NM0007,12000138625024,0,80,93825312,96.0,0.0,100.0,4.0,100.0,0.0,89.0,826252103.0,91,8036,100.0,0.0,100,3,,,,,100.0,0.0,100.0,0.0,,,75.0,25.0,,,100,141,100.0,878.0,25,25,100.0,0.0,100.0,0.0,200.0,0.0,100.0,7778.0,100.0,40900467584.0,100.0,64906426572.0
2019-02-01,ZCH0973Z,ST12000NM0007,12000138625024,0,83,199715368,94.0,0.0,100.0,5.0,100.0,0.0,89.0,829914276.0,91,8068,100.0,0.0,100,4,,,,,100.0,0.0,100.0,0.0,,,75.0,25.0,,,100,141,100.0,882.0,25,25,100.0,0.0,100.0,0.0,200.0,0.0,100.0,7809.0,100.0,40984974536.0,100.0,65171950670.0
2019-02-02,ZCH0973Z,ST12000NM0007,12000138625024,0,82.0,169297480.0,94.0,0.0,100.0,5.0,100.0,0.0,89.0,832420832.0,91.0,8083.0,100.0,0.0,100.0,4.0,,,,,100.0,0.0,100.0,0.0,,,76.0,24.0,,,100.0,141.0,100.0,882.0,24.0,24.0,100.0,0.0,100.0,0.0,200.0,0.0,100.0,7825.0,100.0,41029142560.0,100.0,65341505390.0
2019-02-03,ZCH0973Z,ST12000NM0007,12000138625024,0,81,112238240,94.0,0.0,100.0,5.0,100.0,0.0,89.0,835033770.0,91,8099,100.0,0.0,100,4,,,,,100.0,0.0,100.0,0.0,,,76.0,24.0,,,100,142,100.0,883.0,24,24,100.0,0.0,100.0,0.0,200.0,0.0,100.0,7841.0,100.0,41087884592.0,100.0,65469845158.0
2019-02-04,ZCH0973Z,ST12000NM0007,12000138625024,0,82,143087392,94.0,0.0,100.0,5.0,100.0,0.0,89.0,837773363.0,91,8131,100.0,0.0,100,4,,,,,100.0,0.0,100.0,0.0,,,75.0,25.0,,,100,142,100.0,884.0,25,25,100.0,0.0,100.0,0.0,200.0,0.0,100.0,7873.0,100.0,41183529192.0,100.0,65649190526.0
2019-02-05,ZCH0973Z,ST12000NM0007,12000138625024,0,74.0,25238728.0,94.0,0.0,100.0,5.0,100.0,0.0,89.0,842816981.0,91.0,8163.0,100.0,0.0,100.0,4.0,,,,,100.0,0.0,100.0,0.0,,,76.0,24.0,,,100.0,143.0,100.0,886.0,24.0,24.0,100.0,0.0,100.0,0.0,200.0,0.0,100.0,7904.0,100.0,41324982056.0,100.0,65878170430.0
2019-02-06,ZCH0973Z,ST12000NM0007,12000138625024,0,83,207963744,94.0,0.0,100.0,5.0,100.0,0.0,89.0,844801689.0,91,8179,100.0,0.0,100,4,,,,,100.0,0.0,100.0,0.0,,,76.0,24.0,,,100,143,100.0,886.0,24,24,100.0,0.0,100.0,0.0,200.0,0.0,100.0,7920.0,100.0,41383697448.0,100.0,66002180054.0
2019-02-07,ZCH0973Z,ST12000NM0007,12000138625024,0,74.0,25704688.0,94.0,0.0,100.0,5.0,100.0,0.0,89.0,848696053.0,91.0,8210.0,100.0,0.0,100.0,4.0,,,,,100.0,0.0,100.0,0.0,,,77.0,23.0,,,100.0,144.0,100.0,888.0,23.0,23.0,100.0,0.0,100.0,0.0,200.0,0.0,100.0,7951.0,100.0,41466671640.0,100.0,66225228134.0
2019-02-08,ZCH0973Z,ST12000NM0007,12000138625024,0,82,150196616,94.0,0.0,100.0,5.0,100.0,0.0,89.0,849853188.0,91,8226,100.0,0.0,100,4,,,,,100.0,0.0,100.0,0.0,,,77.0,23.0,,,100,144,100.0,888.0,23,23,100.0,0.0,100.0,0.0,200.0,0.0,100.0,7967.0,100.0,41494647184.0,100.0,66321744518.0
2019-02-09,ZCH0973Z,ST12000NM0007,12000138625024,0,82.0,165092632.0,94.0,0.0,100.0,5.0,100.0,0.0,89.0,851958915.0,91.0,8258.0,100.0,0.0,100.0,4.0,,,,,100.0,0.0,100.0,0.0,,,77.0,23.0,,,100.0,146.0,100.0,890.0,23.0,23.0,100.0,0.0,100.0,0.0,200.0,0.0,100.0,7999.0,100.0,41535747600.0,100.0,66539680822.0
2019-02-10,ZCH0973Z,ST12000NM0007,12000138625024,0,80,91239000,94.0,0.0,100.0,5.0,100.0,0.0,89.0,853998632.0,91,8274,100.0,0.0,100,4,,,,,100.0,0.0,100.0,0.0,,,77.0,23.0,,,100,146,100.0,890.0,23,23,100.0,0.0,100.0,0.0,200.0,0.0,100.0,8015.0,100.0,41557212168.0,100.0,66688503910.0
2019-02-11,ZCH0973Z,ST12000NM0007,12000138625024,0,82,144566800,94.0,0.0,100.0,5.0,100.0,0.0,89.0,856375039.0,91,8305,100.0,0.0,100,4,,,,,100.0,0.0,100.0,0.0,,,77.0,23.0,,,100,148,100.0,892.0,23,23,100.0,0.0,100.0,0.0,200.0,0.0,100.0,8046.0,100.0,41616843632.0,100.0,66926340902.0
2019-02-12,ZCH0973Z,ST12000NM0007,12000138625024,0,75.0,32725776.0,94.0,0.0,100.0,5.0,100.0,0.0,89.0,857502187.0,91.0,8321.0,100.0,0.0,100.0,4.0,,,,,100.0,0.0,100.0,0.0,,,77.0,23.0,,,100.0,148.0,100.0,892.0,23.0,23.0,100.0,0.0,100.0,0.0,200.0,0.0,100.0,8062.0,100.0,41638383680.0,100.0,67037100494.0
2019-02-13,ZCH0973Z,ST12000NM0007,12000138625024,0,79,83166808,94.0,0.0,100.0,5.0,100.0,0.0,89.0,859890107.0,91,8353,100.0,0.0,100,4,,,,,100.0,0.0,100.0,0.0,,,77.0,23.0,,,100,148,100.0,894.0,23,23,100.0,0.0,100.0,0.0,200.0,0.0,100.0,8093.0,100.0,41689319456.0,100.0,67280746446.0
2019-02-14,ZCH0973Z,ST12000NM0007,12000138625024,0,84,235350592,94.0,0.0,100.0,5.0,100.0,0.0,89.0,861280081.0,91,8369,100.0,0.0,100,4,,,,,100.0,0.0,100.0,0.0,,,76.0,24.0,,,100,148,100.0,894.0,24,24,100.0,0.0,100.0,0.0,200.0,0.0,100.0,8109.0,100.0,41719093632.0,100.0,67403156054.0
2019-02-15,ZCH0973Z,ST12000NM0007,12000138625024,0,79.0,71208568.0,94.0,0.0,100.0,5.0,100.0,0.0,89.0,865029118.0,91.0,8401.0,100.0,0.0,100.0,4.0,,,,,100.0,0.0,100.0,0.0,,,76.0,24.0,,,100.0,150.0,100.0,896.0,24.0,24.0,100.0,0.0,100.0,0.0,200.0,0.0,100.0,8141.0,100.0,41787613624.0,100.0,67658775486.0
2019-02-16,ZCH0973Z,ST12000NM0007,12000138625024,0,76.0,43790448.0,94.0,0.0,100.0,5.0,100.0,0.0,89.0,868764182.0,91.0,8417.0,100.0,0.0,100.0,4.0,,,,,100.0,0.0,100.0,0.0,,,75.0,25.0,,,100.0,150.0,100.0,896.0,25.0,25.0,100.0,0.0,100.0,0.0,200.0,0.0,100.0,8157.0,100.0,41825469640.0,100.0,67837642118.0
2019-02-17,ZCH0973Z,ST12000NM0007,12000138625024,0,80,105368968,94.0,0.0,100.0,5.0,100.0,0.0,89.0,872735522.0,91,8448,100.0,0.0,100,4,,,,,100.0,0.0,100.0,0.0,,,77.0,23.0,,,100,152,100.0,898.0,23,23,100.0,0.0,100.0,0.0,200.0,0.0,100.0,8188.0,100.0,41895252440.0,100.0,68073578718.0
2019-02-18,ZCH0973Z,ST12000NM0007,12000138625024,0,71,13091328,94.0,0.0,100.0,5.0,100.0,0.0,89.0,873866495.0,91,8464,100.0,0.0,100,4,,,,,100.0,0.0,100.0,0.0,,,77.0,23.0,,,100,152,100.0,898.0,23,23,100.0,0.0,100.0,0.0,200.0,0.0,100.0,8204.0,100.0,41915892432.0,100.0,68204801750.0
2019-02-19,ZCH0973Z,ST12000NM0007,12000138625024,0,80,102650880,94.0,0.0,100.0,5.0,100.0,0.0,89.0,876958613.0,91,8496,100.0,0.0,100,4,,,,,100.0,0.0,100.0,0.0,,,76.0,24.0,,,100,153,100.0,899.0,24,24,100.0,0.0,100.0,0.0,200.0,0.0,100.0,8236.0,100.0,41977670744.0,100.0,68476723662.0
2019-02-20,ZCH0973Z,ST12000NM0007,12000138625024,0,77.0,49348992.0,94.0,0.0,100.0,5.0,100.0,0.0,89.0,878689366.0,91.0,8512.0,100.0,0.0,100.0,4.0,,,,,100.0,0.0,100.0,0.0,,,76.0,24.0,,,100.0,154.0,100.0,900.0,24.0,24.0,100.0,0.0,100.0,0.0,200.0,0.0,100.0,8251.0,100.0,42022377536.0,100.0,68622856590.0
2019-02-21,ZCH0973Z,ST12000NM0007,12000138625024,0,82,166099208,94.0,0.0,100.0,5.0,100.0,0.0,89.0,882737460.0,91,8544,100.0,0.0,100,4,,,,,100.0,0.0,100.0,0.0,,,76.0,24.0,,,100,154,100.0,901.0,24,24,100.0,0.0,100.0,0.0,200.0,0.0,100.0,8283.0,100.0,42099764240.0,100.0,68906360950.0
2019-02-22,ZCH0973Z,ST12000NM0007,12000138625024,0,80,91636176,94.0,0.0,100.0,5.0,100.0,0.0,89.0,884284049.0,91,8559,100.0,0.0,100,4,,,,,100.0,0.0,100.0,0.0,,,76.0,24.0,,,100,154,100.0,902.0,24,24,100.0,0.0,100.0,0.0,200.0,0.0,100.0,8299.0,100.0,42136496712.0,100.0,69039306238.0
2019-02-23,ZCH0973Z,ST12000NM0007,12000138625024,0,82.0,157717952.0,94.0,0.0,100.0,5.0,100.0,0.0,89.0,887357768.0,91.0,8591.0,100.0,0.0,100.0,4.0,,,,,100.0,0.0,100.0,0.0,,,76.0,24.0,,,100.0,155.0,100.0,903.0,24.0,24.0,100.0,0.0,100.0,0.0,200.0,0.0,100.0,8330.0,100.0,42210649488.0,100.0,69275375902.0
2019-02-24,ZCH0973Z,ST12000NM0007,12000138625024,0,80,111408416,94.0,0.0,100.0,5.0,100.0,0.0,89.0,889906748.0,91,8607,100.0,0.0,100,4,,,,,100.0,0.0,100.0,0.0,,,77.0,23.0,,,100,155,100.0,904.0,23,23,100.0,0.0,100.0,0.0,200.0,0.0,100.0,8346.0,100.0,42247704848.0,100.0,69436151638.0
2019-02-25,ZCH0973Z,ST12000NM0007,12000138625024,0,83,183018288,94.0,0.0,100.0,5.0,100.0,0.0,90.0,892727238.0,91,8639,100.0,0.0,100,4,,,,,100.0,0.0,100.0,0.0,,,76.0,24.0,,,100,155,100.0,905.0,24,24,100.0,0.0,100.0,0.0,200.0,0.0,100.0,8378.0,100.0,42307789824.0,100.0,69691817398.0
2019-02-26,ZCH0973Z,ST12000NM0007,12000138625024,0,80,89848616,94.0,0.0,100.0,5.0,100.0,0.0,90.0,894209177.0,91,8654,100.0,0.0,100,4,,,,,100.0,0.0,100.0,0.0,,,77.0,23.0,,,100,156,100.0,906.0,23,23,100.0,0.0,100.0,0.0,200.0,0.0,100.0,8394.0,100.0,42341915000.0,100.0,69808663542.0
2019-02-27,ZCH0973Z,ST12000NM0007,12000138625024,0,81.0,122194272.0,94.0,0.0,100.0,5.0,100.0,0.0,90.0,897029397.0,91.0,8686.0,100.0,0.0,100.0,4.0,,,,,100.0,0.0,100.0,0.0,,,76.0,24.0,,,100.0,157.0,100.0,907.0,24.0,24.0,100.0,0.0,100.0,0.0,200.0,0.0,100.0,8425.0,100.0,42425310904.0,100.0,70001754518.0
2019-02-28,ZCH0973Z,ST12000NM0007,12000138625024,0,74,26105728,94.0,0.0,100.0,5.0,100.0,0.0,90.0,898525878.0,91,8702,100.0,0.0,100,4,,,,,100.0,0.0,100.0,0.0,,,76.0,24.0,,,100,158,100.0,908.0,24,24,100.0,0.0,100.0,0.0,200.0,0.0,100.0,8441.0,100.0,42473814912.0,100.0,70101302966.0
2019-03-01,ZCH0973Z,ST12000NM0007,12000138625024,0,82.0,171728896.0,94.0,0.0,100.0,5.0,100.0,0.0,90.0,903844874.0,91.0,8734.0,100.0,0.0,100.0,4.0,,,,,100.0,0.0,100.0,0.0,,,77.0,23.0,,,100.0,158.0,100.0,909.0,23.0,23.0,100.0,0.0,100.0,0.0,200.0,0.0,100.0,8473.0,100.0,42547708344.0,100.0,70417173334.0
2019-03-02,ZCH0973Z,ST12000NM0007,12000138625024,0,79.0,71370568.0,94.0,0.0,100.0,5.0,100.0,0.0,90.0,905168056.0,91.0,8750.0,100.0,0.0,100.0,4.0,,,,,100.0,0.0,100.0,0.0,,,77.0,23.0,,,100.0,159.0,100.0,910.0,23.0,23.0,100.0,0.0,100.0,0.0,200.0,0.0,100.0,8489.0,100.0,42576636184.0,100.0,70532027814.0
2019-03-03,ZCH0973Z,ST12000NM0007,12000138625024,0,82.0,167571576.0,94.0,0.0,100.0,5.0,100.0,0.0,90.0,910076515.0,90.0,8781.0,100.0,0.0,100.0,4.0,,,,,100.0,0.0,100.0,0.0,,,77.0,23.0,,,100.0,160.0,100.0,911.0,23.0,23.0,100.0,0.0,100.0,0.0,200.0,0.0,100.0,8520.0,100.0,42662605608.0,100.0,70786400094.0
2019-03-04,ZCH0973Z,ST12000NM0007,12000138625024,0,80,90374072,94.0,0.0,100.0,5.0,100.0,0.0,90.0,911791473.0,90,8797,100.0,0.0,100,4,,,,,100.0,0.0,100.0,0.0,,,77.0,23.0,,,100,160,100.0,912.0,23,23,100.0,0.0,100.0,0.0,200.0,0.0,100.0,8536.0,100.0,42711296560.0,100.0,70904652390.0
2019-03-05,ZCH0973Z,ST12000NM0007,12000138625024,0,80.0,95885056.0,94.0,0.0,100.0,5.0,100.0,0.0,90.0,915063119.0,90.0,8829.0,100.0,0.0,100.0,4.0,,,,,100.0,0.0,100.0,0.0,,,76.0,24.0,,,100.0,160.0,100.0,913.0,24.0,24.0,100.0,0.0,100.0,0.0,200.0,0.0,100.0,8567.0,100.0,42812298728.0,100.0,71053301862.0
2019-03-06,ZCH0973Z,ST12000NM0007,12000138625024,0,83.0,195442424.0,94.0,0.0,100.0,5.0,100.0,0.0,90.0,916666931.0,90.0,8845.0,100.0,0.0,100.0,4.0,,,,,100.0,0.0,100.0,0.0,,,77.0,23.0,,,100.0,160.0,100.0,914.0,23.0,23.0,100.0,0.0,100.0,0.0,200.0,0.0,100.0,8583.0,100.0,42856935080.0,100.0,71108222878.0
2019-03-07,ZCH0973Z,ST12000NM0007,12000138625024,0,79.0,71085640.0,94.0,0.0,100.0,5.0,100.0,0.0,90.0,920915151.0,90.0,8876.0,100.0,0.0,100.0,4.0,,,,,100.0,0.0,100.0,0.0,,,76.0,24.0,,,100.0,160.0,100.0,915.0,24.0,24.0,100.0,0.0,100.0,0.0,200.0,0.0,100.0,8615.0,100.0,42965642456.0,100.0,71363439982.0
2019-03-08,ZCH0973Z,ST12000NM0007,12000138625024,0,84.0,226565744.0,94.0,0.0,100.0,5.0,100.0,0.0,90.0,922784030.0,90.0,8892.0,100.0,0.0,100.0,4.0,,,,,100.0,0.0,100.0,0.0,,,77.0,23.0,,,100.0,160.0,100.0,916.0,23.0,23.0,100.0,0.0,100.0,0.0,200.0,0.0,100.0,8630.0,100.0,43006692672.0,100.0,71477869870.0
2019-03-09,ZCH0973Z,ST12000NM0007,12000138625024,0,76.0,38885664.0,94.0,0.0,100.0,5.0,100.0,0.0,90.0,925668135.0,90.0,8924.0,100.0,0.0,100.0,4.0,,,,,100.0,0.0,100.0,0.0,,,74.0,26.0,,,100.0,161.0,100.0,917.0,26.0,26.0,100.0,0.0,100.0,0.0,200.0,0.0,100.0,8662.0,100.0,43078739776.0,100.0,71706424278.0
2019-03-10,ZCH0973Z,ST12000NM0007,12000138625024,0,84.0,239244160.0,94.0,0.0,100.0,5.0,100.0,0.0,90.0,928499768.0,90.0,8940.0,100.0,0.0,100.0,4.0,,,,,100.0,0.0,100.0,0.0,,,77.0,23.0,,,100.0,161.0,100.0,918.0,23.0,23.0,100.0,0.0,100.0,0.0,200.0,0.0,100.0,8678.0,100.0,43129911832.0,100.0,71855610718.0
2019-03-11,ZCH0973Z,ST12000NM0007,12000138625024,0,84.0,239367248.0,94.0,0.0,100.0,5.0,100.0,0.0,90.0,932467463.0,90.0,8971.0,100.0,0.0,100.0,4.0,,,,,100.0,0.0,100.0,0.0,,,76.0,24.0,,,100.0,161.0,100.0,919.0,24.0,24.0,100.0,0.0,100.0,0.0,200.0,0.0,100.0,8709.0,100.0,43277812864.0,100.0,72196114302.0
2019-03-12,ZCH0973Z,ST12000NM0007,12000138625024,0,83.0,193320896.0,94.0,0.0,100.0,5.0,100.0,0.0,90.0,934185741.0,90.0,8987.0,100.0,0.0,100.0,4.0,,,,,100.0,0.0,100.0,0.0,,,77.0,23.0,,,100.0,161.0,100.0,920.0,23.0,23.0,100.0,0.0,100.0,0.0,200.0,0.0,100.0,8725.0,100.0,43322623496.0,100.0,72349397982.0
2019-03-13,ZCH0973Z,ST12000NM0007,12000138625024,0,79.0,74467280.0,94.0,0.0,100.0,5.0,100.0,0.0,90.0,937739284.0,90.0,9019.0,100.0,0.0,100.0,4.0,,,,,100.0,0.0,100.0,0.0,,,75.0,25.0,,,100.0,162.0,100.0,921.0,25.0,25.0,100.0,0.0,100.0,0.0,200.0,0.0,100.0,8757.0,100.0,43429766432.0,100.0,72611683118.0
2019-03-14,ZCH0973Z,ST12000NM0007,12000138625024,0,80.0,92810000.0,94.0,0.0,100.0,5.0,100.0,0.0,90.0,944447658.0,90.0,9051.0,100.0,0.0,100.0,4.0,,,,,100.0,0.0,100.0,0.0,,,76.0,24.0,,,100.0,162.0,100.0,923.0,24.0,24.0,100.0,0.0,100.0,0.0,200.0,0.0,100.0,8788.0,100.0,43557456296.0,100.0,72990617358.0
2019-03-15,ZCH0973Z,ST12000NM0007,12000138625024,0,66.0,4463056.0,94.0,0.0,100.0,5.0,100.0,0.0,90.0,945638511.0,90.0,9067.0,100.0,0.0,100.0,4.0,,,,,100.0,0.0,100.0,0.0,,,76.0,24.0,,,100.0,162.0,100.0,923.0,24.0,24.0,100.0,0.0,100.0,0.0,200.0,0.0,100.0,8804.0,100.0,43577856880.0,100.0,73126010486.0
2019-03-16,ZCH0973Z,ST12000NM0007,12000138625024,0,81.0,136932520.0,94.0,0.0,100.0,5.0,100.0,0.0,90.0,948747907.0,90.0,9098.0,100.0,0.0,100.0,4.0,,,,,100.0,0.0,100.0,0.0,,,76.0,24.0,,,100.0,164.0,100.0,925.0,24.0,24.0,100.0,0.0,100.0,0.0,200.0,0.0,100.0,8836.0,100.0,43643140704.0,100.0,73437336758.0
2019-03-17,ZCH0973Z,ST12000NM0007,12000138625024,0,79.0,88065696.0,94.0,0.0,100.0,5.0,100.0,0.0,90.0,951410801.0,90.0,9114.0,100.0,0.0,100.0,4.0,,,,,100.0,0.0,100.0,0.0,,,76.0,24.0,,,100.0,164.0,100.0,925.0,24.0,24.0,100.0,0.0,100.0,0.0,200.0,0.0,100.0,8851.0,100.0,43686843440.0,100.0,73588908214.0
2019-03-18,ZCH0973Z,ST12000NM0007,12000138625024,0,84.0,225872440.0,94.0,0.0,100.0,5.0,100.0,0.0,90.0,954929101.0,90.0,9146.0,100.0,0.0,100.0,4.0,,,,,100.0,0.0,100.0,0.0,,,75.0,25.0,,,100.0,164.0,100.0,927.0,25.0,25.0,100.0,0.0,100.0,0.0,200.0,0.0,100.0,8883.0,100.0,43772364520.0,100.0,73885334574.0
2019-03-19,ZCH0973Z,ST12000NM0007,12000138625024,0,82.0,176030392.0,94.0,0.0,100.0,5.0,100.0,0.0,90.0,956814922.0,90.0,9162.0,100.0,0.0,100.0,4.0,,,,,100.0,0.0,100.0,0.0,,,76.0,24.0,,,100.0,164.0,100.0,927.0,24.0,24.0,100.0,0.0,100.0,0.0,200.0,0.0,100.0,8899.0,100.0,43817941912.0,100.0,74034055822.0
2019-03-20,ZCH0973Z,ST12000NM0007,12000138625024,0,76.0,41178528.0,94.0,0.0,100.0,5.0,100.0,0.0,90.0,960323642.0,90.0,9193.0,100.0,0.0,100.0,4.0,,,,,100.0,0.0,100.0,0.0,,,76.0,24.0,,,100.0,165.0,100.0,929.0,24.0,24.0,100.0,0.0,100.0,0.0,200.0,0.0,100.0,8930.0,100.0,43901350824.0,100.0,74304076838.0
2019-03-21,ZCH0973Z,ST12000NM0007,12000138625024,0,83.0,213400280.0,94.0,0.0,100.0,5.0,100.0,0.0,90.0,962099721.0,90.0,9209.0,100.0,0.0,100.0,4.0,,,,,100.0,0.0,100.0,0.0,,,75.0,25.0,,,100.0,165.0,100.0,929.0,25.0,25.0,100.0,0.0,100.0,0.0,200.0,0.0,100.0,8946.0,100.0,43936901736.0,100.0,74440747678.0
2019-03-22,ZCH0973Z,ST12000NM0007,12000138625024,0,74.0,24516600.0,94.0,0.0,100.0,5.0,100.0,0.0,90.0,965760560.0,90.0,9241.0,100.0,0.0,100.0,4.0,,,,,100.0,0.0,100.0,0.0,,,75.0,25.0,,,100.0,167.0,100.0,931.0,25.0,25.0,100.0,0.0,100.0,0.0,200.0,0.0,100.0,8977.0,100.0,43983233496.0,100.0,74693813534.0
2019-03-23,ZCH0973Z,ST12000NM0007,12000138625024,0,83.0,214031040.0,94.0,0.0,100.0,5.0,100.0,0.0,90.0,968467124.0,90.0,9257.0,100.0,0.0,100.0,4.0,,,,,100.0,0.0,100.0,0.0,,,75.0,25.0,,,100.0,167.0,100.0,931.0,25.0,25.0,100.0,0.0,100.0,0.0,200.0,0.0,100.0,8993.0,100.0,44018138600.0,100.0,74848422870.0
2019-03-24,ZCH0973Z,ST12000NM0007,12000138625024,0,78.0,56666784.0,94.0,0.0,100.0,5.0,100.0,0.0,90.0,972393834.0,90.0,9288.0,100.0,0.0,100.0,4.0,,,,,100.0,0.0,100.0,0.0,,,76.0,24.0,,,100.0,169.0,100.0,933.0,24.0,24.0,100.0,0.0,100.0,0.0,200.0,0.0,100.0,9025.0,100.0,44063789544.0,100.0,75133689294.0
2019-03-25,ZCH0973Z,ST12000NM0007,12000138625024,0,68.0,7017432.0,94.0,0.0,100.0,5.0,100.0,0.0,90.0,973994975.0,90.0,9304.0,100.0,0.0,100.0,4.0,,,,,100.0,0.0,100.0,0.0,,,76.0,24.0,,,100.0,169.0,100.0,933.0,24.0,24.0,100.0,0.0,100.0,0.0,200.0,0.0,100.0,9041.0,100.0,44084183264.0,100.0,75307787150.0
2019-03-26,ZCH0973Z,ST12000NM0007,12000138625024,0,81.0,120838792.0,94.0,0.0,100.0,5.0,100.0,0.0,90.0,978250487.0,90.0,9336.0,100.0,0.0,100.0,4.0,,,,,100.0,0.0,100.0,0.0,,,76.0,24.0,,,100.0,171.0,100.0,935.0,24.0,24.0,100.0,0.0,100.0,0.0,200.0,0.0,100.0,9072.0,100.0,44129094512.0,100.0,75620838070.0
2019-03-27,ZCH0973Z,ST12000NM0007,12000138625024,0,75.0,32624952.0,94.0,0.0,100.0,5.0,100.0,0.0,90.0,979562436.0,90.0,9352.0,100.0,0.0,100.0,4.0,,,,,100.0,0.0,100.0,0.0,,,76.0,24.0,,,100.0,171.0,100.0,935.0,24.0,24.0,100.0,0.0,100.0,0.0,200.0,0.0,100.0,9088.0,100.0,44147453208.0,100.0,75758406286.0
2019-03-28,ZCH0973Z,ST12000NM0007,12000138625024,0,82.0,177773648.0,94.0,0.0,100.0,5.0,100.0,0.0,90.0,983290450.0,90.0,9384.0,100.0,0.0,100.0,4.0,,,,,100.0,0.0,100.0,0.0,,,77.0,23.0,,,100.0,171.0,100.0,937.0,23.0,23.0,100.0,0.0,100.0,0.0,200.0,0.0,100.0,9120.0,100.0,44200222040.0,100.0,76094926974.0
2019-03-29,ZCH0973Z,ST12000NM0007,12000138625024,0,79.0,86223328.0,94.0,0.0,100.0,5.0,100.0,0.0,90.0,984582194.0,90.0,9399.0,100.0,0.0,100.0,4.0,,,,,100.0,0.0,100.0,0.0,,,77.0,23.0,,,100.0,171.0,100.0,937.0,23.0,23.0,100.0,0.0,100.0,0.0,200.0,0.0,100.0,9135.0,100.0,44222443824.0,100.0,76225295686.0
2019-03-30,ZCH0973Z,ST12000NM0007,12000138625024,0,81.0,132301936.0,94.0,0.0,100.0,5.0,100.0,0.0,90.0,987034220.0,90.0,9431.0,100.0,0.0,100.0,4.0,,,,,100.0,0.0,100.0,0.0,,,77.0,23.0,,,100.0,172.0,100.0,939.0,23.0,23.0,100.0,0.0,100.0,0.0,200.0,0.0,100.0,9167.0,100.0,44274333824.0,100.0,76463624974.0
2019-03-31,ZCH0973Z,ST12000NM0007,12000138625024,0,79.0,81872776.0,94.0,0.0,100.0,5.0,100.0,0.0,90.0,989570534.0,90.0,9447.0,100.0,0.0,100.0,4.0,,,,,100.0,0.0,100.0,0.0,,,77.0,23.0,,,100.0,172.0,100.0,939.0,23.0,23.0,100.0,0.0,100.0,0.0,200.0,0.0,100.0,9183.0,100.0,44306896232.0,100.0,76624774062.0
2019-04-01,ZCH0973Z,ST12000NM0007,12000138625024,0,83.0,185980584.0,94.0,0.0,100.0,5.0,100.0,0.0,90.0,992294022.0,90.0,9479.0,100.0,0.0,100.0,4.0,,,,,100.0,0.0,100.0,0.0,,,77.0,23.0,,,100.0,174.0,100.0,941.0,23.0,23.0,100.0,0.0,100.0,0.0,200.0,0.0,100.0,9214.0,100.0,44362910488.0,100.0,76917008286.0
2019-04-02,ZCH0973Z,ST12000NM0007,12000138625024,0,79.0,79252688.0,94.0,0.0,100.0,5.0,100.0,0.0,90.0,993512707.0,90.0,9495.0,100.0,0.0,100.0,4.0,,,,,100.0,0.0,100.0,0.0,,,77.0,23.0,,,100.0,174.0,100.0,941.0,23.0,23.0,100.0,0.0,100.0,0.0,200.0,0.0,100.0,9230.0,100.0,44391575512.0,100.0,77025756014.0
2019-04-03,ZCH0973Z,ST12000NM0007,12000138625024,0,81.0,126687296.0,94.0,0.0,100.0,5.0,100.0,0.0,90.0,996115986.0,90.0,9526.0,100.0,0.0,100.0,4.0,,,,,100.0,0.0,100.0,0.0,,,76.0,24.0,,,100.0,174.0,100.0,943.0,24.0,24.0,100.0,0.0,100.0,0.0,200.0,0.0,100.0,9262.0,100.0,44455323472.0,100.0,77253583526.0
2019-04-04,ZCH0973Z,ST12000NM0007,12000138625024,0,79.0,82084016.0,94.0,0.0,100.0,5.0,100.0,0.0,90.0,997683481.0,90.0,9542.0,100.0,0.0,100.0,4.0,,,,,100.0,0.0,100.0,0.0,,,77.0,23.0,,,100.0,174.0,100.0,943.0,23.0,23.0,100.0,0.0,100.0,0.0,200.0,0.0,100.0,9278.0,100.0,44507728016.0,100.0,77400716510.0
2019-04-05,ZCH0973Z,ST12000NM0007,12000138625024,0,82.0,166190664.0,94.0,0.0,100.0,5.0,100.0,0.0,61.0,1183636.0,90.0,9574.0,100.0,0.0,100.0,4.0,,,,,100.0,0.0,100.0,0.0,,,77.0,23.0,,,100.0,175.0,100.0,945.0,23.0,23.0,100.0,0.0,100.0,0.0,200.0,0.0,100.0,9309.0,100.0,44567687816.0,100.0,77669004006.0
2019-04-06,ZCH0973Z,ST12000NM0007,12000138625024,0,80.0,109473864.0,94.0,0.0,100.0,5.0,100.0,0.0,66.0,3822495.0,90.0,9590.0,100.0,0.0,100.0,4.0,,,,,100.0,0.0,100.0,0.0,,,76.0,24.0,,,100.0,175.0,100.0,945.0,24.0,24.0,100.0,0.0,100.0,0.0,200.0,0.0,100.0,9325.0,100.0,44602966240.0,100.0,77821149742.0
2019-04-07,ZCH0973Z,ST12000NM0007,12000138625024,0,83.0,206761576.0,94.0,0.0,100.0,5.0,100.0,0.0,70.0,9023118.0,90.0,9621.0,100.0,0.0,100.0,4.0,,,,,100.0,0.0,100.0,0.0,,,77.0,23.0,,,100.0,175.0,100.0,947.0,23.0,23.0,100.0,0.0,100.0,0.0,200.0,0.0,100.0,9356.0,100.0,44661195680.0,100.0,78104348662.0
2019-04-08,ZCH0973Z,ST12000NM0007,12000138625024,0,81.0,126293584.0,94.0,0.0,100.0,5.0,100.0,0.0,70.0,10332814.0,89.0,9637.0,100.0,0.0,100.0,4.0,,,,,100.0,0.0,100.0,0.0,,,77.0,23.0,,,100.0,175.0,100.0,947.0,23.0,23.0,100.0,0.0,100.0,0.0,200.0,0.0,100.0,9372.0,100.0,44690535328.0,100.0,78238681678.0
2019-04-09,ZCH0973Z,ST12000NM0007,12000138625024,0,83.0,201175520.0,94.0,0.0,100.0,5.0,100.0,0.0,71.0,12766667.0,89.0,9669.0,100.0,0.0,100.0,4.0,,,,,100.0,0.0,100.0,0.0,,,77.0,23.0,,,100.0,176.0,100.0,949.0,23.0,23.0,100.0,0.0,100.0,0.0,200.0,0.0,100.0,9404.0,100.0,44743329288.0,100.0,78504910574.0
2019-04-10,ZCH0973Z,ST12000NM0007,12000138625024,0,81.0,139404368.0,94.0,0.0,100.0,5.0,100.0,0.0,72.0,14544803.0,89.0,9685.0,100.0,0.0,100.0,4.0,,,,,100.0,0.0,100.0,0.0,,,77.0,23.0,,,100.0,176.0,100.0,949.0,23.0,23.0,100.0,0.0,100.0,0.0,200.0,0.0,100.0,9420.0,100.0,44793530296.0,100.0,78637079910.0
2019-04-11,ZCH0973Z,ST12000NM0007,12000138625024,0,72.0,17369336.0,94.0,0.0,100.0,5.0,100.0,0.0,73.0,18570275.0,89.0,9717.0,100.0,0.0,100.0,4.0,,,,,100.0,0.0,100.0,0.0,,,77.0,23.0,,,100.0,176.0,100.0,951.0,23.0,23.0,100.0,0.0,100.0,0.0,200.0,0.0,100.0,9451.0,100.0,44852510864.0,100.0,78944345742.0
2019-04-12,ZCH0973Z,ST12000NM0007,12000138625024,0,82.0,164076552.0,94.0,0.0,100.0,5.0,100.0,0.0,73.0,19936516.0,89.0,9733.0,100.0,0.0,100.0,4.0,,,,,100.0,0.0,100.0,0.0,,,76.0,24.0,,,100.0,176.0,100.0,951.0,24.0,24.0,100.0,0.0,100.0,0.0,200.0,0.0,100.0,9467.0,100.0,44884043496.0,100.0,79059520326.0
2019-04-13,ZCH0973Z,ST12000NM0007,12000138625024,0,83.0,218766128.0,94.0,0.0,100.0,5.0,100.0,0.0,74.0,23850043.0,89.0,9764.0,100.0,0.0,100.0,4.0,,,,,100.0,0.0,100.0,0.0,,,76.0,24.0,,,100.0,176.0,100.0,953.0,24.0,24.0,100.0,0.0,100.0,0.0,200.0,0.0,100.0,9499.0,100.0,44955551968.0,100.0,79286842070.0
2019-04-14,ZCH0973Z,ST12000NM0007,12000138625024,0,82.0,143866960.0,94.0,0.0,100.0,5.0,100.0,0.0,74.0,26442046.0,89.0,9780.0,100.0,0.0,100.0,4.0,,,,,100.0,0.0,100.0,0.0,,,77.0,23.0,,,100.0,176.0,100.0,953.0,23.0,23.0,100.0,0.0,100.0,0.0,200.0,0.0,100.0,9515.0,100.0,44995469304.0,100.0,79416166222.0
2019-04-15,ZCH0973Z,ST12000NM0007,12000138625024,0,83.0,205604800.0,94.0,0.0,100.0,5.0,100.0,0.0,75.0,29305392.0,89.0,9812.0,100.0,0.0,100.0,4.0,,,,,100.0,0.0,100.0,0.0,,,76.0,24.0,,,100.0,178.0,100.0,955.0,24.0,24.0,100.0,0.0,100.0,0.0,200.0,0.0,100.0,9546.0,100.0,45067391760.0,100.0,79650122510.0
2019-04-16,ZCH0973Z,ST12000NM0007,12000138625024,0,81.0,129344120.0,94.0,0.0,100.0,5.0,100.0,0.0,75.0,30900065.0,89.0,9828.0,100.0,0.0,100.0,4.0,,,,,100.0,0.0,100.0,0.0,,,77.0,23.0,,,100.0,178.0,100.0,955.0,23.0,23.0,100.0,0.0,100.0,0.0,200.0,0.0,100.0,9562.0,100.0,45115098264.0,100.0,79770296318.0
2019-04-17,ZCH0973Z,ST12000NM0007,12000138625024,0,83.0,192176512.0,94.0,0.0,100.0,5.0,100.0,0.0,75.0,33850128.0,89.0,9860.0,100.0,0.0,100.0,4.0,,,,,100.0,0.0,100.0,0.0,,,76.0,24.0,,,100.0,179.0,100.0,957.0,24.0,24.0,100.0,0.0,100.0,0.0,200.0,0.0,100.0,9594.0,100.0,45194721640.0,100.0,79997646166.0
2019-04-18,ZCH0973Z,ST12000NM0007,12000138625024,0,80.0,107102504.0,94.0,0.0,100.0,5.0,100.0,0.0,76.0,38439204.0,89.0,9891.0,100.0,0.0,100.0,4.0,,,,,100.0,0.0,100.0,0.0,,,76.0,24.0,,,100.0,180.0,100.0,958.0,24.0,24.0,100.0,0.0,100.0,0.0,200.0,0.0,100.0,9625.0,100.0,45313123544.0,100.0,80282451910.0
2019-04-19,ZCH0973Z,ST12000NM0007,12000138625024,0,79.0,77182112.0,94.0,0.0,100.0,5.0,100.0,0.0,76.0,41600664.0,89.0,9907.0,100.0,0.0,100.0,4.0,,,,,100.0,0.0,100.0,0.0,,,76.0,24.0,,,100.0,180.0,100.0,959.0,24.0,24.0,100.0,0.0,100.0,0.0,200.0,0.0,100.0,9641.0,100.0,45348852296.0,100.0,80460943422.0
2019-04-20,ZCH0973Z,ST12000NM0007,12000138625024,0,78.0,57222576.0,94.0,0.0,100.0,5.0,100.0,0.0,76.0,43956693.0,89.0,9939.0,100.0,0.0,100.0,4.0,,,,,100.0,0.0,100.0,0.0,,,77.0,23.0,,,100.0,181.0,100.0,960.0,23.0,23.0,100.0,0.0,100.0,0.0,200.0,0.0,100.0,9673.0,100.0,45417669320.0,100.0,80616307590.0
2019-04-21,ZCH0973Z,ST12000NM0007,12000138625024,0,83.0,213272872.0,94.0,0.0,100.0,5.0,100.0,0.0,77.0,46200261.0,89.0,9955.0,100.0,0.0,100.0,4.0,,,,,100.0,0.0,100.0,0.0,,,77.0,23.0,,,100.0,182.0,100.0,961.0,23.0,23.0,100.0,0.0,100.0,0.0,200.0,0.0,100.0,9688.0,100.0,45434175936.0,100.0,80755851270.0
2019-04-22,ZCH0973Z,ST12000NM0007,12000138625024,0,84.0,228707176.0,94.0,0.0,100.0,5.0,100.0,0.0,77.0,48349929.0,89.0,9986.0,100.0,0.0,100.0,4.0,,,,,100.0,0.0,100.0,0.0,,,77.0,23.0,,,100.0,182.0,100.0,962.0,23.0,23.0,100.0,0.0,100.0,0.0,200.0,0.0,100.0,9720.0,100.0,45474326168.0,100.0,80975276054.0
2019-04-23,ZCH0973Z,ST12000NM0007,12000138625024,0,81.0,126652488.0,94.0,0.0,100.0,5.0,100.0,0.0,77.0,49485969.0,89.0,10002.0,100.0,0.0,100.0,4.0,,,,,100.0,0.0,100.0,0.0,,,76.0,24.0,,,100.0,183.0,100.0,963.0,24.0,24.0,100.0,0.0,100.0,0.0,200.0,0.0,100.0,9736.0,100.0,45504069792.0,100.0,81087618654.0
2019-04-24,ZCH0973Z,ST12000NM0007,12000138625024,0,82.0,153849544.0,94.0,0.0,100.0,5.0,100.0,0.0,77.0,51534088.0,89.0,10034.0,100.0,0.0,100.0,4.0,,,,,100.0,0.0,100.0,0.0,,,76.0,24.0,,,100.0,184.0,100.0,965.0,24.0,24.0,100.0,0.0,100.0,0.0,200.0,0.0,100.0,9767.0,100.0,45541325808.0,100.0,81321700478.0
2019-04-25,ZCH0973Z,ST12000NM0007,12000138625024,0,79.0,86677600.0,94.0,0.0,100.0,5.0,100.0,0.0,77.0,53133050.0,89.0,10049.0,100.0,0.0,100.0,4.0,,,,,100.0,0.0,100.0,0.0,,,75.0,25.0,,,100.0,184.0,100.0,965.0,25.0,25.0,100.0,0.0,100.0,0.0,200.0,0.0,100.0,9783.0,100.0,45570146856.0,100.0,81469848198.0
2019-04-26,ZCH0973Z,ST12000NM0007,12000138625024,0,79.0,87216824.0,94.0,0.0,100.0,5.0,100.0,0.0,78.0,56509478.0,89.0,10081.0,100.0,0.0,100.0,4.0,,,,,100.0,0.0,100.0,0.0,,,76.0,24.0,,,100.0,185.0,100.0,967.0,24.0,24.0,100.0,0.0,100.0,0.0,200.0,0.0,100.0,9814.0,100.0,45621505152.0,100.0,81663170078.0
2019-04-27,ZCH0973Z,ST12000NM0007,12000138625024,0,83.0,179169328.0,94.0,0.0,100.0,5.0,100.0,0.0,78.0,57694707.0,89.0,10097.0,100.0,0.0,100.0,4.0,,,,,100.0,0.0,100.0,0.0,,,76.0,24.0,,,100.0,185.0,100.0,967.0,24.0,24.0,100.0,0.0,100.0,0.0,200.0,0.0,100.0,9830.0,100.0,45649209328.0,100.0,81727418406.0
2019-04-28,ZCH0973Z,ST12000NM0007,12000138625024,0,76.0,37714248.0,94.0,0.0,100.0,5.0,100.0,0.0,78.0,62005374.0,89.0,10129.0,100.0,0.0,100.0,4.0,,,,,100.0,0.0,100.0,0.0,,,76.0,24.0,,,100.0,186.0,100.0,969.0,24.0,24.0,100.0,0.0,100.0,0.0,200.0,0.0,100.0,9862.0,100.0,45715001160.0,100.0,82008453134.0
2019-04-29,ZCH0973Z,ST12000NM0007,12000138625024,0,84.0,224255304.0,94.0,0.0,100.0,5.0,100.0,0.0,78.0,63591079.0,89.0,10145.0,100.0,0.0,100.0,4.0,,,,,100.0,0.0,100.0,0.0,,,76.0,24.0,,,100.0,186.0,100.0,969.0,24.0,24.0,100.0,0.0,100.0,0.0,200.0,0.0,100.0,9878.0,100.0,45753914296.0,100.0,82156081054.0
2019-04-30,ZCH0973Z,ST12000NM0007,12000138625024,0,77.0,48436080.0,94.0,0.0,100.0,5.0,100.0,0.0,78.0,66322943.0,89.0,10176.0,100.0,0.0,100.0,4.0,,,,,100.0,0.0,100.0,0.0,,,76.0,24.0,,,100.0,187.0,100.0,971.0,24.0,24.0,100.0,0.0,100.0,0.0,200.0,0.0,100.0,9909.0,100.0,45819350304.0,100.0,82403107294.0
2019-05-01,ZCH0973Z,ST12000NM0007,12000138625024,0,84.0,228939392.0,94.0,0.0,100.0,5.0,100.0,0.0,78.0,67900237.0,89.0,10192.0,100.0,0.0,100.0,4.0,,,,,100.0,0.0,100.0,0.0,,,76.0,24.0,,,100.0,187.0,100.0,971.0,24.0,24.0,100.0,0.0,100.0,0.0,200.0,0.0,100.0,9925.0,100.0,45859195224.0,100.0,82543765686.0
2019-05-02,ZCH0973Z,ST12000NM0007,12000138625024,0,82.0,175863528.0,94.0,0.0,100.0,5.0,100.0,0.0,79.0,74324642.0,89.0,10224.0,100.0,0.0,100.0,4.0,,,,,100.0,0.0,100.0,0.0,,,75.0,25.0,,,100.0,188.0,100.0,973.0,25.0,25.0,100.0,0.0,100.0,0.0,200.0,0.0,100.0,9956.0,100.0,45943504800.0,100.0,82894661606.0
2019-05-03,ZCH0973Z,ST12000NM0007,12000138625024,0,79.0,81204288.0,94.0,0.0,100.0,5.0,100.0,0.0,79.0,76819494.0,89.0,10240.0,100.0,0.0,100.0,4.0,,,,,100.0,0.0,100.0,0.0,,,76.0,24.0,,,100.0,188.0,100.0,973.0,24.0,24.0,100.0,0.0,100.0,0.0,200.0,0.0,100.0,9972.0,100.0,45981543096.0,100.0,83006104838.0
2019-05-04,ZCH0973Z,ST12000NM0007,12000138625024,0,83.0,184299248.0,94.0,0.0,100.0,5.0,100.0,0.0,79.0,80535179.0,89.0,10271.0,100.0,0.0,100.0,4.0,,,,,100.0,0.0,100.0,0.0,,,76.0,24.0,,,100.0,190.0,100.0,975.0,24.0,24.0,100.0,0.0,100.0,0.0,200.0,0.0,100.0,10004.0,100.0,46072872784.0,100.0,83262010742.0
2019-05-05,ZCH0973Z,ST12000NM0007,12000138625024,0,80.0,102020080.0,94.0,0.0,100.0,5.0,100.0,0.0,79.0,83388183.0,89.0,10287.0,100.0,0.0,100.0,4.0,,,,,100.0,0.0,100.0,0.0,,,76.0,24.0,,,100.0,190.0,100.0,975.0,24.0,24.0,100.0,0.0,100.0,0.0,200.0,0.0,100.0,10020.0,100.0,46118708088.0,100.0,83378036998.0
2019-05-06,ZCH0973Z,ST12000NM0007,12000138625024,0,69.0,8367000.0,94.0,0.0,100.0,5.0,100.0,0.0,79.0,86833148.0,89.0,10319.0,100.0,0.0,100.0,4.0,,,,,100.0,0.0,100.0,0.0,,,76.0,24.0,,,100.0,191.0,100.0,977.0,24.0,24.0,100.0,0.0,100.0,0.0,200.0,0.0,100.0,10051.0,100.0,46210152200.0,100.0,83681221302.0
2019-05-07,ZCH0973Z,ST12000NM0007,12000138625024,0,83.0,191840296.0,94.0,0.0,100.0,5.0,100.0,0.0,79.0,88446784.0,89.0,10335.0,100.0,0.0,100.0,4.0,,,,,100.0,0.0,100.0,0.0,,,76.0,24.0,,,100.0,191.0,100.0,977.0,24.0,24.0,100.0,0.0,100.0,0.0,200.0,0.0,100.0,10067.0,100.0,46248009456.0,100.0,83826837342.0
2019-05-08,ZCH0973Z,ST12000NM0007,12000138625024,0,78.0,63232920.0,94.0,0.0,100.0,5.0,100.0,0.0,80.0,91819762.0,89.0,10367.0,100.0,0.0,100.0,4.0,,,,,100.0,0.0,100.0,0.0,,,76.0,24.0,,,100.0,192.0,100.0,979.0,24.0,24.0,100.0,0.0,100.0,0.0,200.0,0.0,100.0,10098.0,100.0,46348838960.0,100.0,84085682094.0
2019-05-09,ZCH0973Z,ST12000NM0007,12000138625024,0,83.0,207572032.0,94.0,0.0,100.0,5.0,100.0,0.0,80.0,93035874.0,89.0,10382.0,100.0,0.0,100.0,4.0,,,,,100.0,0.0,100.0,0.0,,,76.0,24.0,,,100.0,192.0,100.0,979.0,24.0,24.0,100.0,0.0,100.0,0.0,200.0,0.0,100.0,10114.0,100.0,46366528120.0,100.0,84212332046.0
2019-05-10,ZCH0973Z,ST12000NM0007,12000138625024,0,84.0,239737768.0,94.0,0.0,100.0,5.0,100.0,0.0,80.0,96574758.0,89.0,10414.0,100.0,0.0,100.0,4.0,,,,,100.0,0.0,100.0,0.0,,,76.0,24.0,,,100.0,194.0,100.0,981.0,24.0,24.0,100.0,0.0,100.0,0.0,200.0,0.0,100.0,10146.0,100.0,46413370384.0,100.0,84441796150.0
2019-05-11,ZCH0973Z,ST12000NM0007,12000138625024,0,83.0,182443816.0,94.0,0.0,100.0,5.0,100.0,0.0,80.0,99266280.0,89.0,10430.0,100.0,0.0,100.0,4.0,,,,,100.0,0.0,100.0,0.0,,,76.0,24.0,,,100.0,194.0,100.0,981.0,24.0,24.0,100.0,0.0,100.0,0.0,200.0,0.0,100.0,10161.0,100.0,46445273152.0,100.0,84596740150.0
2019-05-12,ZCH0973Z,ST12000NM0007,12000138625024,0,84.0,234555088.0,94.0,0.0,100.0,5.0,100.0,0.0,80.0,103079289.0,89.0,10461.0,100.0,0.0,100.0,4.0,,,,,100.0,0.0,100.0,0.0,,,76.0,24.0,,,100.0,196.0,100.0,983.0,24.0,24.0,100.0,0.0,100.0,0.0,200.0,0.0,100.0,10193.0,100.0,46500492784.0,100.0,84837772422.0
2019-05-13,ZCH0973Z,ST12000NM0007,12000138625024,0,81.0,120123464.0,94.0,0.0,100.0,5.0,100.0,0.0,80.0,104372041.0,89.0,10477.0,100.0,0.0,100.0,4.0,,,,,100.0,0.0,100.0,0.0,,,76.0,24.0,,,100.0,196.0,100.0,983.0,24.0,24.0,100.0,0.0,100.0,0.0,200.0,0.0,100.0,10209.0,100.0,46529467864.0,100.0,84938506518.0
2019-05-14,ZCH0973Z,ST12000NM0007,12000138625024,0,82.0,169751904.0,94.0,0.0,100.0,5.0,100.0,0.0,80.0,107207224.0,89.0,10509.0,100.0,0.0,100.0,4.0,,,,,100.0,0.0,100.0,0.0,,,76.0,24.0,,,100.0,197.0,100.0,985.0,24.0,24.0,100.0,0.0,100.0,0.0,200.0,0.0,100.0,10240.0,100.0,46589335096.0,100.0,85172409254.0
2019-05-15,ZCH0973Z,ST12000NM0007,12000138625024,0,79.0,77760096.0,94.0,0.0,100.0,5.0,100.0,0.0,80.0,108640011.0,88.0,10525.0,100.0,0.0,100.0,4.0,,,,,100.0,0.0,100.0,0.0,,,76.0,24.0,,,100.0,197.0,100.0,985.0,24.0,24.0,100.0,0.0,100.0,0.0,200.0,0.0,100.0,10256.0,100.0,46621770496.0,100.0,85292123102.0
2019-05-16,ZCH0973Z,ST12000NM0007,12000138625024,0,83.0,217314632.0,94.0,0.0,100.0,5.0,100.0,0.0,81.0,112951370.0,88.0,10556.0,100.0,0.0,100.0,4.0,,,,,100.0,0.0,100.0,0.0,,,75.0,25.0,,,100.0,198.0,100.0,987.0,25.0,25.0,100.0,0.0,100.0,0.0,200.0,0.0,100.0,10287.0,100.0,46702274680.0,100.0,85595314478.0
2019-05-17,ZCH0973Z,ST12000NM0007,12000138625024,0,81.0,133690560.0,94.0,0.0,100.0,5.0,100.0,0.0,81.0,114801801.0,88.0,10572.0,100.0,0.0,100.0,4.0,,,,,100.0,0.0,100.0,0.0,,,76.0,24.0,,,100.0,198.0,100.0,987.0,24.0,24.0,100.0,0.0,100.0,0.0,200.0,0.0,100.0,10303.0,100.0,46733718176.0,100.0,85724387726.0
2019-05-18,ZCH0973Z,ST12000NM0007,12000138625024,0,82.0,171950192.0,94.0,0.0,100.0,5.0,100.0,0.0,81.0,117489104.0,88.0,10604.0,100.0,0.0,100.0,4.0,,,,,100.0,0.0,100.0,0.0,,,76.0,24.0,,,100.0,198.0,100.0,989.0,24.0,24.0,100.0,0.0,100.0,0.0,200.0,0.0,100.0,10334.0,100.0,46797626712.0,100.0,85942879702.0
2019-05-19,ZCH0973Z,ST12000NM0007,12000138625024,0,78.0,58655952.0,94.0,0.0,100.0,5.0,100.0,0.0,81.0,119930922.0,88.0,10620.0,100.0,0.0,100.0,4.0,,,,,100.0,0.0,100.0,0.0,,,76.0,24.0,,,100.0,198.0,100.0,989.0,24.0,24.0,100.0,0.0,100.0,0.0,200.0,0.0,100.0,10350.0,100.0,46818830480.0,100.0,86052522398.0
2019-05-20,ZCH0973Z,ST12000NM0007,12000138625024,0,81.0,136477688.0,94.0,0.0,100.0,5.0,100.0,0.0,81.0,124101929.0,88.0,10651.0,100.0,0.0,100.0,4.0,,,,,100.0,0.0,100.0,0.0,,,75.0,25.0,,,100.0,199.0,100.0,990.0,25.0,25.0,100.0,0.0,100.0,0.0,200.0,0.0,100.0,10382.0,100.0,46877945680.0,100.0,86315369878.0
2019-05-21,ZCH0973Z,ST12000NM0007,12000138625024,0,74.0,24668032.0,94.0,0.0,100.0,5.0,100.0,0.0,81.0,125261621.0,88.0,10667.0,100.0,0.0,100.0,4.0,,,,,100.0,0.0,100.0,0.0,,,76.0,24.0,,,100.0,199.0,100.0,991.0,24.0,24.0,100.0,0.0,100.0,0.0,200.0,0.0,100.0,10398.0,100.0,46899506344.0,100.0,86426140358.0
2019-05-22,ZCH0973Z,ST12000NM0007,12000138625024,0,79.0,73286648.0,94.0,0.0,100.0,5.0,100.0,0.0,81.0,127811356.0,88.0,10699.0,100.0,0.0,100.0,4.0,,,,,100.0,0.0,100.0,0.0,,,76.0,24.0,,,100.0,200.0,100.0,992.0,24.0,24.0,100.0,0.0,100.0,0.0,200.0,0.0,100.0,10429.0,100.0,46965172648.0,100.0,86653233646.0
2019-05-23,ZCH0973Z,ST12000NM0007,12000138625024,0,82.0,159580368.0,94.0,0.0,100.0,5.0,100.0,0.0,81.0,131702466.0,88.0,10730.0,100.0,0.0,100.0,4.0,,,,,100.0,0.0,100.0,0.0,,,76.0,24.0,,,100.0,201.0,100.0,994.0,24.0,24.0,100.0,0.0,100.0,0.0,200.0,0.0,100.0,10460.0,100.0,47031395528.0,100.0,86917445334.0
2019-05-24,ZCH0973Z,ST12000NM0007,12000138625024,0,75.0,35312112.0,94.0,0.0,100.0,5.0,100.0,0.0,81.0,132875214.0,88.0,10746.0,100.0,0.0,100.0,4.0,,,,,100.0,0.0,100.0,0.0,,,76.0,24.0,,,100.0,201.0,100.0,994.0,24.0,24.0,100.0,0.0,100.0,0.0,200.0,0.0,100.0,10476.0,100.0,47058768680.0,100.0,87009944702.0
2019-05-25,ZCH0973Z,ST12000NM0007,12000138625024,0,78.0,59632120.0,94.0,0.0,100.0,5.0,100.0,0.0,81.0,135233098.0,88.0,10778.0,100.0,0.0,100.0,4.0,,,,,100.0,0.0,100.0,0.0,,,76.0,24.0,,,100.0,202.0,100.0,996.0,24.0,24.0,100.0,0.0,100.0,0.0,200.0,0.0,100.0,10508.0,100.0,47113060488.0,100.0,87224113678.0
2019-05-26,ZCH0973Z,ST12000NM0007,12000138625024,0,83.0,209047504.0,94.0,0.0,100.0,5.0,100.0,0.0,81.0,137918811.0,88.0,10794.0,100.0,0.0,100.0,4.0,,,,,100.0,0.0,100.0,0.0,,,75.0,25.0,,,100.0,202.0,100.0,996.0,25.0,25.0,100.0,0.0,100.0,0.0,200.0,0.0,100.0,10524.0,100.0,47143774416.0,100.0,87342815134.0
2019-05-27,ZCH0973Z,ST12000NM0007,12000138625024,0,84.0,240860848.0,94.0,0.0,100.0,5.0,100.0,0.0,81.0,140601153.0,88.0,10825.0,100.0,0.0,100.0,4.0,,,,,100.0,0.0,100.0,0.0,,,75.0,25.0,,,100.0,203.0,100.0,998.0,25.0,25.0,100.0,0.0,100.0,0.0,200.0,0.0,100.0,10556.0,100.0,47214462152.0,100.0,87548081590.0
2019-05-28,ZCH0973Z,ST12000NM0007,12000138625024,0,82.0,149612272.0,94.0,0.0,100.0,5.0,100.0,0.0,82.0,141999881.0,88.0,10841.0,100.0,0.0,100.0,4.0,,,,,100.0,0.0,100.0,0.0,,,76.0,24.0,,,100.0,203.0,100.0,999.0,24.0,24.0,100.0,0.0,100.0,0.0,200.0,0.0,100.0,10572.0,100.0,47248950584.0,100.0,87666485214.0
2019-05-29,ZCH0973Z,ST12000NM0007,12000138625024,0,83.0,221038552.0,94.0,0.0,100.0,5.0,100.0,0.0,82.0,144814592.0,88.0,10873.0,100.0,0.0,100.0,4.0,,,,,100.0,0.0,100.0,0.0,,,78.0,22.0,,,100.0,203.0,100.0,1000.0,22.0,22.0,100.0,0.0,100.0,0.0,200.0,0.0,100.0,10603.0,100.0,47332255024.0,100.0,87898747750.0
2019-05-30,ZCH0973Z,ST12000NM0007,12000138625024,0,81.0,131061592.0,94.0,0.0,100.0,5.0,100.0,0.0,82.0,146128894.0,88.0,10889.0,100.0,0.0,100.0,4.0,,,,,100.0,0.0,100.0,0.0,,,76.0,24.0,,,100.0,203.0,100.0,1001.0,24.0,24.0,100.0,0.0,100.0,0.0,200.0,0.0,100.0,10619.0,100.0,47358087912.0,100.0,88027078638.0
2019-05-31,ZCH0973Z,ST12000NM0007,12000138625024,0,83.0,179524656.0,94.0,0.0,100.0,5.0,100.0,0.0,82.0,149867723.0,88.0,10921.0,100.0,0.0,100.0,4.0,,,,,100.0,0.0,100.0,0.0,,,77.0,23.0,,,100.0,204.0,100.0,1003.0,23.0,23.0,100.0,0.0,100.0,0.0,200.0,0.0,100.0,10650.0,100.0,47408966048.0,100.0,88268804198.0
2019-06-01,ZCH0973Z,ST12000NM0007,12000138625024,0,78.0,58581296.0,94.0,0.0,100.0,5.0,100.0,0.0,82.0,151422492.0,88.0,10937.0,100.0,0.0,100.0,4.0,,,,,100.0,0.0,100.0,0.0,,,77.0,23.0,,,100.0,204.0,100.0,1003.0,23.0,23.0,100.0,0.0,100.0,0.0,200.0,0.0,100.0,10666.0,100.0,47431843560.0,100.0,88369124286.0
2019-06-02,ZCH0973Z,ST12000NM0007,12000138625024,0,80.0,93498440.0,94.0,0.0,100.0,5.0,100.0,0.0,82.0,155437806.0,88.0,10968.0,100.0,0.0,100.0,4.0,,,,,100.0,0.0,100.0,0.0,,,75.0,25.0,,,100.0,205.0,100.0,1004.0,25.0,25.0,100.0,0.0,100.0,0.0,200.0,0.0,100.0,10698.0,100.0,47506961088.0,100.0,88573064846.0
2019-06-03,ZCH0973Z,ST12000NM0007,12000138625024,0,70.0,11116384.0,94.0,0.0,100.0,5.0,100.0,0.0,82.0,158199758.0,88.0,10984.0,100.0,0.0,100.0,4.0,,,,,100.0,0.0,100.0,0.0,,,77.0,23.0,,,100.0,205.0,100.0,1005.0,23.0,23.0,100.0,0.0,100.0,0.0,200.0,0.0,100.0,10713.0,100.0,47549043336.0,100.0,88692741302.0
2019-06-04,ZCH0973Z,ST12000NM0007,12000138625024,0,100.0,1895616.0,94.0,0.0,100.0,5.0,100.0,0.0,82.0,160771102.0,88.0,11016.0,100.0,0.0,100.0,4.0,,,,,100.0,0.0,100.0,0.0,,,77.0,23.0,,,100.0,206.0,100.0,1006.0,23.0,23.0,100.0,0.0,100.0,0.0,200.0,0.0,100.0,10745.0,100.0,47630828912.0,100.0,88845875646.0
2019-06-05,ZCH0973Z,ST12000NM0007,12000138625024,0,82.0,154299352.0,94.0,0.0,100.0,5.0,100.0,0.0,82.0,162103120.0,88.0,11032.0,100.0,0.0,100.0,4.0,,,,,100.0,0.0,100.0,0.0,,,77.0,23.0,,,100.0,206.0,100.0,1007.0,23.0,23.0,100.0,0.0,100.0,0.0,200.0,0.0,100.0,10761.0,100.0,47660741192.0,100.0,88968367102.0
2019-06-06,ZCH0973Z,ST12000NM0007,12000138625024,0,79.0,71710536.0,94.0,0.0,100.0,5.0,100.0,0.0,82.0,163517497.0,88.0,11048.0,100.0,0.0,100.0,4.0,,,,,100.0,0.0,100.0,0.0,,,77.0,23.0,,,100.0,206.0,100.0,1008.0,23.0,23.0,100.0,0.0,100.0,0.0,200.0,0.0,100.0,10777.0,100.0,47696330992.0,100.0,89094329422.0
2019-06-07,ZCH0973Z,ST12000NM0007,12000138625024,0,72.0,16337888.0,94.0,0.0,100.0,5.0,100.0,0.0,82.0,168099338.0,88.0,11079.0,100.0,0.0,100.0,4.0,,,,,100.0,0.0,100.0,0.0,,,77.0,23.0,,,100.0,207.0,100.0,1009.0,23.0,23.0,100.0,0.0,100.0,0.0,200.0,0.0,100.0,10808.0,100.0,47814512744.0,100.0,89409056662.0
2019-06-08,ZCH0973Z,ST12000NM0007,12000138625024,0,82.0,168213752.0,94.0,0.0,100.0,5.0,100.0,0.0,82.0,169523462.0,88.0,11095.0,100.0,0.0,100.0,4.0,,,,,100.0,0.0,100.0,0.0,,,77.0,23.0,,,100.0,207.0,100.0,1010.0,23.0,23.0,100.0,0.0,100.0,0.0,200.0,0.0,100.0,10824.0,100.0,47853891368.0,100.0,89521553902.0
2019-06-09,ZCH0973Z,ST12000NM0007,12000138625024,0,83.0,182873016.0,94.0,0.0,100.0,5.0,100.0,0.0,82.0,173511469.0,88.0,11127.0,100.0,0.0,100.0,4.0,,,,,100.0,0.0,100.0,0.0,,,78.0,22.0,,,100.0,207.0,100.0,1011.0,22.0,22.0,100.0,0.0,100.0,0.0,200.0,0.0,100.0,10856.0,100.0,47926671416.0,100.0,89707573998.0
2019-06-10,ZCH0973Z,ST12000NM0007,12000138625024,0,82.0,147468248.0,94.0,0.0,100.0,5.0,100.0,0.0,82.0,175797075.0,88.0,11159.0,100.0,0.0,100.0,4.0,,,,,100.0,0.0,100.0,0.0,,,77.0,23.0,,,100.0,207.0,100.0,1012.0,23.0,23.0,100.0,0.0,100.0,0.0,200.0,0.0,100.0,10888.0,100.0,47962539928.0,100.0,89880441518.0
2019-06-11,ZCH0973Z,ST12000NM0007,12000138625024,0,69.0,7759432.0,94.0,0.0,100.0,5.0,100.0,0.0,82.0,176971218.0,88.0,11175.0,100.0,0.0,100.0,4.0,,,,,100.0,0.0,100.0,0.0,,,77.0,23.0,,,100.0,208.0,100.0,1013.0,23.0,23.0,100.0,0.0,100.0,0.0,200.0,0.0,100.0,10903.0,100.0,47977053592.0,100.0,89970359846.0
2019-06-12,ZCH0973Z,ST12000NM0007,12000138625024,0,79.0,87621160.0,94.0,0.0,100.0,5.0,100.0,0.0,83.0,180022858.0,88.0,11206.0,100.0,0.0,100.0,4.0,,,,,100.0,0.0,100.0,0.0,,,75.0,25.0,,,100.0,208.0,100.0,1014.0,25.0,25.0,100.0,0.0,100.0,0.0,200.0,0.0,100.0,10935.0,100.0,48064239472.0,100.0,90207176798.0
2019-06-13,ZCH0973Z,ST12000NM0007,12000138625024,0,84.0,228199048.0,94.0,0.0,100.0,5.0,100.0,0.0,83.0,181627377.0,88.0,11222.0,100.0,0.0,100.0,4.0,,,,,100.0,0.0,100.0,0.0,,,77.0,23.0,,,100.0,209.0,100.0,1015.0,23.0,23.0,100.0,0.0,100.0,0.0,200.0,0.0,100.0,10951.0,100.0,48102736616.0,100.0,90309257542.0
2019-06-14,ZCH0973Z,ST12000NM0007,12000138625024,0,84.0,236944680.0,94.0,0.0,100.0,5.0,100.0,0.0,83.0,185190818.0,88.0,11254.0,100.0,0.0,100.0,4.0,,,,,100.0,0.0,100.0,0.0,,,76.0,24.0,,,100.0,209.0,100.0,1016.0,24.0,24.0,100.0,0.0,100.0,0.0,200.0,0.0,100.0,10982.0,100.0,48140087360.0,100.0,90524793142.0
2019-06-15,ZCH0973Z,ST12000NM0007,12000138625024,0,81.0,135375264.0,94.0,0.0,100.0,5.0,100.0,0.0,83.0,187637110.0,88.0,11270.0,100.0,0.0,100.0,4.0,,,,,100.0,0.0,100.0,0.0,,,77.0,23.0,,,100.0,209.0,100.0,1017.0,23.0,23.0,100.0,0.0,100.0,0.0,200.0,0.0,100.0,10998.0,100.0,48157947520.0,100.0,90649504214.0
2019-06-16,ZCH0973Z,ST12000NM0007,12000138625024,0,81.0,116396976.0,94.0,0.0,100.0,5.0,100.0,0.0,83.0,190700357.0,88.0,11301.0,100.0,0.0,100.0,4.0,,,,,100.0,0.0,100.0,0.0,,,77.0,23.0,,,100.0,210.0,100.0,1018.0,23.0,23.0,100.0,0.0,100.0,0.0,200.0,0.0,100.0,11029.0,100.0,48178505536.0,100.0,90854108646.0
2019-06-17,ZCH0973Z,ST12000NM0007,12000138625024,0,82.0,155032200.0,94.0,0.0,100.0,5.0,100.0,0.0,83.0,194640411.0,88.0,11333.0,100.0,0.0,100.0,4.0,,,,,100.0,0.0,100.0,0.0,,,76.0,24.0,,,100.0,211.0,100.0,1020.0,24.0,24.0,100.0,0.0,100.0,0.0,200.0,0.0,100.0,11061.0,100.0,48202416968.0,100.0,91112973190.0
2019-06-18,ZCH0973Z,ST12000NM0007,12000138625024,0,80.0,93844608.0,94.0,0.0,100.0,5.0,100.0,0.0,83.0,197318119.0,88.0,11349.0,100.0,0.0,100.0,4.0,,,,,100.0,0.0,100.0,0.0,,,76.0,24.0,,,100.0,211.0,100.0,1020.0,24.0,24.0,100.0,0.0,100.0,0.0,200.0,0.0,100.0,11076.0,100.0,48210468192.0,100.0,91287875182.0
2019-06-19,ZCH0973Z,ST12000NM0007,12000138625024,0,76.0,40596128.0,94.0,0.0,100.0,5.0,100.0,0.0,83.0,199175205.0,88.0,11380.0,100.0,0.0,100.0,4.0,,,,,100.0,0.0,100.0,0.0,,,77.0,23.0,,,100.0,213.0,100.0,1022.0,23.0,23.0,100.0,0.0,100.0,0.0,200.0,0.0,100.0,11108.0,100.0,48236313144.0,100.0,91452922430.0
2019-06-20,ZCH0973Z,ST12000NM0007,12000138625024,0,82.0,176263848.0,94.0,0.0,100.0,5.0,100.0,0.0,83.0,201070686.0,87.0,11396.0,100.0,0.0,100.0,4.0,,,,,100.0,0.0,100.0,0.0,,,76.0,24.0,,,100.0,213.0,100.0,1022.0,24.0,24.0,100.0,0.0,100.0,0.0,200.0,0.0,100.0,11124.0,100.0,48252687952.0,100.0,91572215342.0
2019-06-21,ZCH0973Z,ST12000NM0007,12000138625024,0,82.0,150726768.0,94.0,0.0,100.0,5.0,100.0,0.0,83.0,203296254.0,87.0,11428.0,100.0,0.0,100.0,4.0,,,,,100.0,0.0,100.0,0.0,,,78.0,22.0,,,100.0,215.0,100.0,1024.0,22.0,22.0,100.0,0.0,100.0,0.0,200.0,0.0,100.0,11155.0,100.0,48274174440.0,100.0,91769332638.0
2019-06-22,ZCH0973Z,ST12000NM0007,12000138625024,0,84.0,241836360.0,94.0,0.0,100.0,5.0,100.0,0.0,83.0,204280681.0,87.0,11444.0,100.0,0.0,100.0,4.0,,,,,100.0,0.0,100.0,0.0,,,77.0,23.0,,,100.0,215.0,100.0,1024.0,23.0,23.0,100.0,0.0,100.0,0.0,200.0,0.0,100.0,11171.0,100.0,48292390320.0,100.0,91842226350.0
2019-06-23,ZCH0973Z,ST12000NM0007,12000138625024,0,83.0,222097080.0,94.0,0.0,100.0,5.0,100.0,0.0,83.0,207891477.0,87.0,11475.0,100.0,0.0,100.0,4.0,,,,,100.0,0.0,100.0,0.0,,,77.0,23.0,,,100.0,215.0,100.0,1026.0,23.0,23.0,100.0,0.0,100.0,0.0,200.0,0.0,100.0,11202.0,100.0,48337087656.0,100.0,92021930374.0
2019-06-24,ZCH0973Z,ST12000NM0007,12000138625024,0,80.0,100028296.0,94.0,0.0,100.0,5.0,100.0,0.0,83.0,209171398.0,87.0,11491.0,100.0,0.0,100.0,4.0,,,,,100.0,0.0,100.0,0.0,,,77.0,23.0,,,100.0,215.0,100.0,1026.0,23.0,23.0,100.0,0.0,100.0,0.0,200.0,0.0,100.0,11218.0,100.0,48370600864.0,100.0,92110489238.0
2019-06-25,ZCH0973Z,ST12000NM0007,12000138625024,0,81.0,139983024.0,94.0,0.0,100.0,5.0,100.0,0.0,83.0,211834192.0,87.0,11523.0,100.0,0.0,100.0,4.0,,,,,100.0,0.0,100.0,0.0,,,77.0,23.0,,,100.0,216.0,100.0,1028.0,23.0,23.0,100.0,0.0,100.0,0.0,200.0,0.0,100.0,11250.0,100.0,48424136200.0,100.0,92341049478.0
2019-06-26,ZCH0973Z,ST12000NM0007,12000138625024,0,68.0,6270472.0,94.0,0.0,100.0,5.0,100.0,0.0,83.0,212986183.0,87.0,11539.0,100.0,0.0,100.0,4.0,,,,,100.0,0.0,100.0,0.0,,,76.0,24.0,,,100.0,216.0,100.0,1028.0,24.0,24.0,100.0,0.0,100.0,0.0,200.0,0.0,100.0,11266.0,100.0,48445908368.0,100.0,92429705414.0
2019-06-27,ZCH0973Z,ST12000NM0007,12000138625024,0,83.0,181232856.0,94.0,0.0,100.0,5.0,100.0,0.0,83.0,217124348.0,87.0,11570.0,100.0,0.0,100.0,4.0,,,,,100.0,0.0,100.0,0.0,,,77.0,23.0,,,100.0,216.0,100.0,1029.0,23.0,23.0,100.0,0.0,100.0,0.0,200.0,0.0,100.0,11297.0,100.0,48493016288.0,100.0,92801703598.0
2019-06-28,ZCH0973Z,ST12000NM0007,12000138625024,0,80.0,100298080.0,94.0,0.0,100.0,5.0,100.0,0.0,83.0,218147604.0,87.0,11586.0,100.0,0.0,100.0,4.0,,,,,100.0,0.0,100.0,0.0,,,77.0,23.0,,,100.0,216.0,100.0,1030.0,23.0,23.0,100.0,0.0,100.0,0.0,200.0,0.0,100.0,11313.0,100.0,48503685968.0,100.0,92954239870.0
2019-06-29,ZCH0973Z,ST12000NM0007,12000138625024,0,83.0,183721512.0,94.0,0.0,100.0,5.0,100.0,0.0,83.0,221026227.0,87.0,11618.0,100.0,0.0,100.0,4.0,,,,,100.0,0.0,100.0,0.0,,,77.0,23.0,,,100.0,216.0,100.0,1031.0,23.0,23.0,100.0,0.0,100.0,0.0,200.0,0.0,100.0,11344.0,100.0,48540882632.0,100.0,93244607286.0
2019-06-30,ZCH0973Z,ST12000NM0007,12000138625024,0,80.0,96722848.0,94.0,0.0,100.0,5.0,100.0,0.0,83.0,223713839.0,87.0,11633.0,100.0,0.0,100.0,4.0,,,,,100.0,0.0,100.0,0.0,,,77.0,23.0,,,100.0,217.0,100.0,1032.0,23.0,23.0,100.0,0.0,100.0,0.0,200.0,0.0,100.0,11360.0,100.0,48560078288.0,100.0,93382553742.0
2019-07-01,ZCH0973Z,ST12000NM0007,12000138625024,0,83.0,207913104.0,94.0,0.0,100.0,5.0,100.0,0.0,84.0,226785948.0,87.0,11665.0,100.0,0.0,100.0,4.0,,,,,100.0,0.0,100.0,0.0,,,77.0,23.0,,,100.0,217.0,100.0,1033.0,23.0,23.0,100.0,0.0,100.0,0.0,200.0,0.0,100.0,11391.0,100.0,48598193488.0,100.0,93699769454.0
2019-07-02,ZCH0973Z,ST12000NM0007,12000138625024,0,83.0,184339160.0,94.0,0.0,100.0,5.0,100.0,0.0,84.0,229834419.0,87.0,11681.0,100.0,0.0,100.0,4.0,,,,,100.0,0.0,100.0,0.0,,,76.0,24.0,,,100.0,217.0,100.0,1034.0,24.0,24.0,100.0,0.0,100.0,0.0,200.0,0.0,100.0,11407.0,100.0,48616884048.0,100.0,93901645718.0
2019-07-03,ZCH0973Z,ST12000NM0007,12000138625024,0,77.0,46019368.0,94.0,0.0,100.0,5.0,100.0,0.0,84.0,234634232.0,87.0,11712.0,100.0,0.0,100.0,4.0,,,,,100.0,0.0,100.0,0.0,,,77.0,23.0,,,100.0,217.0,100.0,1035.0,23.0,23.0,100.0,0.0,100.0,0.0,200.0,0.0,100.0,11438.0,100.0,48644682216.0,100.0,94223809070.0
2019-07-04,ZCH0973Z,ST12000NM0007,12000138625024,0,83.0,206115096.0,94.0,0.0,100.0,5.0,100.0,0.0,84.0,235993788.0,87.0,11728.0,100.0,0.0,100.0,4.0,,,,,100.0,0.0,100.0,0.0,,,77.0,23.0,,,100.0,217.0,100.0,1036.0,23.0,23.0,100.0,0.0,100.0,0.0,200.0,0.0,100.0,11454.0,100.0,48661103416.0,100.0,94367483598.0
2019-07-05,ZCH0973Z,ST12000NM0007,12000138625024,0,84.0,232090584.0,94.0,0.0,100.0,5.0,100.0,0.0,84.0,239780343.0,87.0,11760.0,100.0,0.0,100.0,4.0,,,,,100.0,0.0,100.0,0.0,,,76.0,24.0,,,100.0,217.0,100.0,1037.0,24.0,24.0,100.0,0.0,100.0,0.0,200.0,0.0,100.0,11485.0,100.0,48703217928.0,100.0,94595485350.0
2019-07-06,ZCH0973Z,ST12000NM0007,12000138625024,0,82.0,145770168.0,94.0,0.0,100.0,5.0,100.0,0.0,84.0,241051427.0,87.0,11775.0,100.0,0.0,100.0,4.0,,,,,100.0,0.0,100.0,0.0,,,77.0,23.0,,,100.0,217.0,100.0,1038.0,23.0,23.0,100.0,0.0,100.0,0.0,200.0,0.0,100.0,11500.0,100.0,48713546400.0,100.0,94742977198.0
2019-07-07,ZCH0973Z,ST12000NM0007,12000138625024,0,83.0,194327904.0,94.0,0.0,100.0,5.0,100.0,0.0,84.0,244886231.0,87.0,11807.0,100.0,0.0,100.0,4.0,,,,,100.0,0.0,100.0,0.0,,,76.0,24.0,,,100.0,218.0,100.0,1039.0,24.0,24.0,100.0,0.0,100.0,0.0,200.0,0.0,100.0,11532.0,100.0,48741050144.0,100.0,95008172006.0
2019-07-08,ZCH0973Z,ST12000NM0007,12000138625024,0,81.0,122169512.0,94.0,0.0,100.0,5.0,100.0,0.0,84.0,246359747.0,87.0,11822.0,100.0,0.0,100.0,4.0,,,,,100.0,0.0,100.0,0.0,,,77.0,23.0,,,100.0,218.0,100.0,1040.0,23.0,23.0,100.0,0.0,100.0,0.0,200.0,0.0,100.0,11547.0,100.0,48767652304.0,100.0,95153552198.0
2019-07-09,ZCH0973Z,ST12000NM0007,12000138625024,0,83.0,191613032.0,94.0,0.0,100.0,5.0,100.0,0.0,84.0,248682136.0,87.0,11854.0,100.0,0.0,100.0,4.0,,,,,100.0,0.0,100.0,0.0,,,76.0,24.0,,,100.0,219.0,100.0,1041.0,24.0,24.0,100.0,0.0,100.0,0.0,200.0,0.0,100.0,11579.0,100.0,48789599608.0,100.0,95445189238.0
2019-07-10,ZCH0973Z,ST12000NM0007,12000138625024,0,79.0,73127424.0,94.0,0.0,100.0,5.0,100.0,0.0,84.0,253510814.0,87.0,11886.0,100.0,0.0,100.0,4.0,,,,,100.0,0.0,100.0,0.0,,,76.0,24.0,,,100.0,220.0,100.0,1043.0,24.0,24.0,100.0,0.0,100.0,0.0,200.0,0.0,100.0,11610.0,100.0,48841680224.0,100.0,95762904510.0
2019-07-11,ZCH0973Z,ST12000NM0007,12000138625024,0,78.0,57243192.0,94.0,0.0,100.0,5.0,100.0,0.0,84.0,256254668.0,87.0,11901.0,100.0,0.0,100.0,4.0,,,,,100.0,0.0,100.0,0.0,,,75.0,25.0,,,100.0,220.0,100.0,1043.0,25.0,25.0,100.0,0.0,100.0,0.0,200.0,0.0,100.0,11626.0,100.0,48870672200.0,100.0,95962168934.0
2019-07-12,ZCH0973Z,ST12000NM0007,12000138625024,0,81.0,138408984.0,94.0,0.0,100.0,5.0,100.0,0.0,84.0,260139437.0,87.0,11933.0,100.0,0.0,100.0,4.0,,,,,100.0,0.0,100.0,0.0,,,76.0,24.0,,,100.0,221.0,100.0,1045.0,24.0,24.0,100.0,0.0,100.0,0.0,200.0,0.0,100.0,11657.0,100.0,48924680072.0,100.0,96233467486.0
2019-07-13,ZCH0973Z,ST12000NM0007,12000138625024,0,79.0,86796504.0,94.0,0.0,100.0,5.0,100.0,0.0,84.0,261942244.0,87.0,11949.0,100.0,0.0,100.0,4.0,,,,,100.0,0.0,100.0,0.0,,,76.0,24.0,,,100.0,221.0,100.0,1045.0,24.0,24.0,100.0,0.0,100.0,0.0,200.0,0.0,100.0,11673.0,100.0,48960181160.0,100.0,96390494734.0
2019-07-14,ZCH0973Z,ST12000NM0007,12000138625024,0,83.0,183274936.0,94.0,0.0,100.0,5.0,100.0,0.0,84.0,266634564.0,87.0,11980.0,100.0,0.0,100.0,4.0,,,,,100.0,0.0,100.0,0.0,,,76.0,24.0,,,100.0,222.0,100.0,1047.0,24.0,24.0,100.0,0.0,100.0,0.0,200.0,0.0,100.0,11704.0,100.0,49028336760.0,100.0,96662958198.0
2019-07-15,ZCH0973Z,ST12000NM0007,12000138625024,0,82.0,148250824.0,94.0,0.0,100.0,5.0,100.0,0.0,84.0,268360093.0,87.0,11996.0,100.0,0.0,100.0,4.0,,,,,100.0,0.0,100.0,0.0,,,76.0,24.0,,,100.0,222.0,100.0,1047.0,24.0,24.0,100.0,0.0,100.0,0.0,200.0,0.0,100.0,11720.0,100.0,49068523600.0,100.0,96831887886.0
2019-07-16,ZCH0973Z,ST12000NM0007,12000138625024,0,82.0,155535128.0,94.0,0.0,100.0,5.0,100.0,0.0,84.0,271040492.0,87.0,12028.0,100.0,0.0,100.0,4.0,,,,,100.0,0.0,100.0,0.0,,,76.0,24.0,,,100.0,224.0,100.0,1049.0,24.0,24.0,100.0,0.0,100.0,0.0,200.0,0.0,100.0,11752.0,100.0,49105940536.0,100.0,97045895966.0
2019-07-17,ZCH0973Z,ST12000NM0007,12000138625024,0,75.0,28671568.0,94.0,0.0,100.0,5.0,100.0,0.0,84.0,272349007.0,87.0,12043.0,100.0,0.0,100.0,4.0,,,,,100.0,0.0,100.0,0.0,,,77.0,23.0,,,100.0,224.0,100.0,1049.0,23.0,23.0,100.0,0.0,100.0,0.0,200.0,0.0,100.0,11768.0,100.0,49122627144.0,100.0,97146486430.0
2019-07-18,ZCH0973Z,ST12000NM0007,12000138625024,0,81.0,113267272.0,94.0,0.0,100.0,5.0,100.0,0.0,84.0,273516746.0,87.0,12059.0,100.0,0.0,100.0,4.0,,,,,100.0,0.0,100.0,0.0,,,77.0,23.0,,,100.0,225.0,100.0,1050.0,23.0,23.0,100.0,0.0,100.0,0.0,200.0,0.0,100.0,11783.0,100.0,49140911008.0,100.0,97212798270.0
2019-07-19,ZCH0973Z,ST12000NM0007,12000138625024,0,83.0,211723840.0,94.0,0.0,100.0,5.0,100.0,0.0,84.0,278160065.0,87.0,12091.0,100.0,0.0,100.0,4.0,,,,,100.0,0.0,100.0,0.0,,,76.0,24.0,,,100.0,226.0,100.0,1051.0,24.0,24.0,100.0,0.0,100.0,0.0,200.0,0.0,100.0,11815.0,100.0,49196628648.0,100.0,97499677830.0
2019-07-20,ZCH0973Z,ST12000NM0007,12000138625024,0,81.0,138752960.0,94.0,0.0,100.0,5.0,100.0,0.0,84.0,279710716.0,87.0,12106.0,100.0,0.0,100.0,4.0,,,,,100.0,0.0,100.0,0.0,,,77.0,23.0,,,100.0,227.0,100.0,1052.0,23.0,23.0,100.0,0.0,100.0,0.0,200.0,0.0,100.0,11830.0,100.0,49217863792.0,100.0,97649612462.0
2019-07-21,ZCH0973Z,ST12000NM0007,12000138625024,0,82.0,175831304.0,94.0,0.0,100.0,5.0,100.0,0.0,85.0,285843177.0,87.0,12138.0,100.0,0.0,100.0,4.0,,,,,100.0,0.0,100.0,0.0,,,76.0,24.0,,,100.0,228.0,100.0,1053.0,24.0,24.0,100.0,0.0,100.0,0.0,200.0,0.0,100.0,11862.0,100.0,49270612064.0,100.0,97878083166.0
2019-07-22,ZCH0973Z,ST12000NM0007,12000138625024,0,80.0,110996640.0,94.0,0.0,100.0,5.0,100.0,0.0,85.0,287857393.0,87.0,12154.0,100.0,0.0,100.0,4.0,,,,,100.0,0.0,100.0,0.0,,,76.0,24.0,,,100.0,228.0,100.0,1054.0,24.0,24.0,100.0,0.0,100.0,0.0,200.0,0.0,100.0,11877.0,100.0,49333302040.0,100.0,97994699238.0
2019-07-23,ZCH0973Z,ST12000NM0007,12000138625024,0,71.0,13522144.0,94.0,0.0,100.0,5.0,100.0,0.0,85.0,291048341.0,87.0,12185.0,100.0,0.0,100.0,4.0,,,,,100.0,0.0,100.0,0.0,,,76.0,24.0,,,100.0,228.0,100.0,1055.0,24.0,24.0,100.0,0.0,100.0,0.0,200.0,0.0,100.0,11909.0,100.0,49387371680.0,100.0,98331436590.0
2019-07-24,ZCH0973Z,ST12000NM0007,12000138625024,0,79.0,70924560.0,94.0,0.0,100.0,5.0,100.0,0.0,85.0,293901123.0,87.0,12217.0,100.0,0.0,100.0,4.0,,,,,100.0,0.0,100.0,0.0,,,75.0,25.0,,,100.0,228.0,100.0,1056.0,25.0,25.0,100.0,0.0,100.0,0.0,200.0,0.0,100.0,11941.0,100.0,49436718560.0,100.0,98583632782.0
2019-07-25,ZCH0973Z,ST12000NM0007,12000138625024,0,74.0,27752264.0,94.0,0.0,100.0,5.0,100.0,0.0,85.0,295655684.0,87.0,12233.0,100.0,0.0,100.0,4.0,,,,,100.0,0.0,100.0,0.0,,,77.0,23.0,,,100.0,228.0,100.0,1058.0,23.0,23.0,100.0,0.0,100.0,0.0,200.0,0.0,100.0,11956.0,100.0,49477105328.0,100.0,98744214350.0
2019-07-26,ZCH0973Z,ST12000NM0007,12000138625024,0,79.0,87908824.0,94.0,0.0,100.0,5.0,100.0,0.0,85.0,298520664.0,86.0,12264.0,100.0,0.0,100.0,4.0,,,,,100.0,0.0,100.0,0.0,,,75.0,25.0,,,100.0,229.0,100.0,1061.0,25.0,25.0,100.0,0.0,100.0,0.0,200.0,0.0,100.0,11987.0,100.0,49540799496.0,100.0,98984817382.0
2019-07-27,ZCH0973Z,ST12000NM0007,12000138625024,0,76.0,36223944.0,94.0,0.0,100.0,5.0,100.0,0.0,85.0,300946661.0,86.0,12280.0,100.0,0.0,100.0,4.0,,,,,100.0,0.0,100.0,0.0,,,76.0,24.0,,,100.0,229.0,100.0,1061.0,24.0,24.0,100.0,0.0,100.0,0.0,200.0,0.0,100.0,12003.0,100.0,49579278184.0,100.0,99138794446.0
2019-07-28,ZCH0973Z,ST12000NM0007,12000138625024,0,79.0,86949192.0,94.0,0.0,100.0,5.0,100.0,0.0,85.0,306246260.0,86.0,12312.0,100.0,0.0,100.0,4.0,,,,,100.0,0.0,100.0,0.0,,,75.0,25.0,,,100.0,229.0,100.0,1063.0,25.0,25.0,100.0,0.0,100.0,0.0,200.0,0.0,100.0,12035.0,100.0,49665748376.0,100.0,99347190998.0
2019-07-29,ZCH0973Z,ST12000NM0007,12000138625024,0,84.0,224031672.0,94.0,0.0,100.0,5.0,100.0,0.0,85.0,308011134.0,86.0,12328.0,100.0,0.0,100.0,4.0,,,,,100.0,0.0,100.0,0.0,,,77.0,23.0,,,100.0,229.0,100.0,1064.0,23.0,23.0,100.0,0.0,100.0,0.0,200.0,0.0,100.0,12050.0,100.0,49705360328.0,100.0,99444661526.0
2019-07-30,ZCH0973Z,ST12000NM0007,12000138625024,0,77.0,46687304.0,94.0,0.0,100.0,5.0,100.0,0.0,85.0,311561906.0,86.0,12359.0,100.0,0.0,100.0,4.0,,,,,100.0,0.0,100.0,0.0,,,75.0,25.0,,,100.0,229.0,100.0,1065.0,25.0,25.0,100.0,0.0,100.0,0.0,200.0,0.0,100.0,12082.0,100.0,49792102312.0,100.0,99668856534.0
2019-07-31,ZCH0973Z,ST12000NM0007,12000138625024,0,83.0,218877480.0,94.0,0.0,100.0,5.0,100.0,0.0,85.0,313430491.0,86.0,12375.0,100.0,0.0,100.0,4.0,,,,,100.0,0.0,100.0,0.0,,,75.0,25.0,,,100.0,229.0,100.0,1065.0,25.0,25.0,100.0,0.0,100.0,0.0,200.0,0.0,100.0,12098.0,100.0,49832872752.0,100.0,99800276270.0
2019-08-01,ZCH0973Z,ST12000NM0007,12000138625024,0,80.0,104060712.0,94.0,0.0,100.0,5.0,100.0,0.0,85.0,318035979.0,86.0,12407.0,100.0,0.0,100.0,4.0,,,,,100.0,0.0,100.0,0.0,,,74.0,26.0,,,100.0,230.0,100.0,1067.0,26.0,26.0,100.0,0.0,100.0,0.0,200.0,0.0,100.0,12129.0,100.0,49902818056.0,100.0,100103795878.0
2019-08-02,ZCH0973Z,ST12000NM0007,12000138625024,0,79.0,81230016.0,94.0,0.0,100.0,5.0,100.0,0.0,85.0,320396925.0,86.0,12423.0,100.0,0.0,100.0,4.0,,,,,100.0,0.0,100.0,0.0,,,75.0,25.0,,,100.0,230.0,100.0,1067.0,25.0,25.0,100.0,0.0,100.0,0.0,200.0,0.0,100.0,12145.0,100.0,49945622328.0,100.0,100282301550.0
2019-08-03,ZCH0973Z,ST12000NM0007,12000138625024,0,80.0,109928928.0,94.0,0.0,100.0,5.0,100.0,0.0,85.0,324731015.0,86.0,12454.0,100.0,0.0,100.0,4.0,,,,,100.0,0.0,100.0,0.0,,,74.0,26.0,,,100.0,230.0,100.0,1069.0,26.0,26.0,100.0,0.0,100.0,0.0,200.0,0.0,100.0,12176.0,100.0,50067502320.0,100.0,100677402142.0
2019-08-04,ZCH0973Z,ST12000NM0007,12000138625024,0,76.0,38813752.0,94.0,0.0,100.0,5.0,100.0,0.0,85.0,327990597.0,86.0,12470.0,100.0,0.0,100.0,4.0,,,,,100.0,0.0,100.0,0.0,,,75.0,25.0,,,100.0,230.0,100.0,1069.0,25.0,25.0,100.0,0.0,100.0,0.0,200.0,0.0,100.0,12192.0,100.0,50127199688.0,100.0,100790730406.0
2019-08-05,ZCH0973Z,ST12000NM0007,12000138625024,0,83.0,219899488.0,94.0,0.0,100.0,5.0,100.0,0.0,85.0,332080258.0,86.0,12502.0,100.0,0.0,100.0,4.0,,,,,100.0,0.0,100.0,0.0,,,75.0,25.0,,,100.0,230.0,100.0,1071.0,25.0,25.0,100.0,0.0,100.0,0.0,200.0,0.0,100.0,12223.0,100.0,50239496576.0,100.0,101103660102.0
2019-08-06,ZCH0973Z,ST12000NM0007,12000138625024,0,81.0,127551104.0,94.0,0.0,100.0,5.0,100.0,0.0,85.0,333828699.0,86.0,12517.0,100.0,0.0,100.0,4.0,,,,,100.0,0.0,100.0,0.0,,,76.0,24.0,,,100.0,230.0,100.0,1071.0,24.0,24.0,100.0,0.0,100.0,0.0,200.0,0.0,100.0,12239.0,100.0,50296065888.0,100.0,101198883542.0
2019-08-07,ZCH0973Z,ST12000NM0007,12000138625024,0,82.0,151768880.0,94.0,0.0,100.0,5.0,100.0,0.0,85.0,338340620.0,86.0,12549.0,100.0,0.0,100.0,4.0,,,,,100.0,0.0,100.0,0.0,,,74.0,26.0,,,100.0,230.0,100.0,1073.0,26.0,26.0,100.0,0.0,100.0,0.0,200.0,0.0,100.0,12270.0,100.0,50426194696.0,100.0,101581253982.0
2019-08-08,ZCH0973Z,ST12000NM0007,12000138625024,0,80.0,110646728.0,94.0,0.0,100.0,5.0,100.0,0.0,85.0,340544417.0,86.0,12565.0,100.0,0.0,100.0,4.0,,,,,100.0,0.0,100.0,0.0,,,76.0,24.0,,,100.0,230.0,100.0,1073.0,24.0,24.0,100.0,0.0,100.0,0.0,200.0,0.0,100.0,12286.0,100.0,50485724360.0,100.0,101724742798.0
2019-08-09,ZCH0973Z,ST12000NM0007,12000138625024,0,79.0,88201248.0,94.0,0.0,100.0,5.0,100.0,0.0,85.0,346040169.0,86.0,12597.0,100.0,0.0,100.0,4.0,,,,,100.0,0.0,100.0,0.0,,,75.0,25.0,,,100.0,231.0,100.0,1075.0,25.0,25.0,100.0,0.0,100.0,0.0,200.0,0.0,100.0,12318.0,100.0,50554574680.0,100.0,102121728318.0
2019-08-10,ZCH0973Z,ST12000NM0007,12000138625024,0,82.0,176429608.0,94.0,0.0,100.0,5.0,100.0,0.0,85.0,351507981.0,86.0,12628.0,100.0,0.0,100.0,4.0,,,,,100.0,0.0,100.0,0.0,,,75.0,25.0,,,100.0,232.0,100.0,1076.0,25.0,25.0,100.0,0.0,100.0,0.0,200.0,0.0,100.0,12349.0,100.0,50690301152.0,100.0,102562511678.0
2019-08-11,ZCH0973Z,ST12000NM0007,12000138625024,0,81.0,121163600.0,94.0,0.0,100.0,5.0,100.0,0.0,86.0,355491957.0,86.0,12644.0,100.0,0.0,100.0,4.0,,,,,100.0,0.0,100.0,0.0,,,74.0,26.0,,,100.0,232.0,100.0,1077.0,26.0,26.0,100.0,0.0,100.0,0.0,200.0,0.0,100.0,12365.0,100.0,50744118816.0,100.0,102697568966.0
2019-08-12,ZCH0973Z,ST12000NM0007,12000138625024,0,81.0,137922776.0,94.0,0.0,100.0,5.0,100.0,0.0,86.0,358223380.0,86.0,12660.0,100.0,0.0,100.0,4.0,,,,,100.0,0.0,100.0,0.0,,,75.0,25.0,,,100.0,232.0,100.0,1080.0,25.0,25.0,100.0,0.0,100.0,0.0,200.0,0.0,100.0,12381.0,100.0,50809568240.0,100.0,102893019390.0
2019-08-13,ZCH0973Z,ST12000NM0007,12000138625024,0,75.0,34543416.0,94.0,0.0,100.0,5.0,100.0,0.0,86.0,364123647.0,86.0,12692.0,100.0,0.0,100.0,4.0,,,,,100.0,0.0,100.0,0.0,,,74.0,26.0,,,100.0,232.0,100.0,1081.0,26.0,26.0,100.0,0.0,100.0,0.0,200.0,0.0,100.0,12413.0,100.0,51006351240.0,100.0,103325279206.0
2019-08-14,ZCH0973Z,ST12000NM0007,12000138625024,0,78.0,68662904.0,94.0,0.0,100.0,5.0,100.0,0.0,86.0,366815351.0,86.0,12708.0,100.0,0.0,100.0,4.0,,,,,100.0,0.0,100.0,0.0,,,75.0,25.0,,,100.0,232.0,100.0,1082.0,25.0,25.0,100.0,0.0,100.0,0.0,200.0,0.0,100.0,12429.0,100.0,51067465896.0,100.0,103542424790.0
2019-08-15,ZCH0973Z,ST12000NM0007,12000138625024,0,78.0,66140096.0,94.0,0.0,100.0,5.0,100.0,0.0,86.0,371480265.0,86.0,12740.0,100.0,0.0,100.0,4.0,,,,,100.0,0.0,100.0,0.0,,,73.0,27.0,,,100.0,232.0,100.0,1083.0,27.0,27.0,100.0,0.0,100.0,0.0,200.0,0.0,100.0,12460.0,100.0,51148429144.0,100.0,103947220214.0
2019-08-16,ZCH0973Z,ST12000NM0007,12000138625024,0,80.0,109738464.0,94.0,0.0,100.0,5.0,100.0,0.0,86.0,376488129.0,86.0,12755.0,100.0,0.0,100.0,4.0,,,,,100.0,0.0,100.0,0.0,,,75.0,25.0,,,100.0,232.0,100.0,1084.0,25.0,25.0,100.0,0.0,100.0,0.0,200.0,0.0,100.0,12476.0,100.0,51172438968.0,100.0,104210949390.0
2019-08-17,ZCH0973Z,ST12000NM0007,12000138625024,0,83.0,188901040.0,94.0,0.0,100.0,5.0,100.0,0.0,86.0,380555482.0,86.0,12787.0,100.0,0.0,100.0,4.0,,,,,100.0,0.0,100.0,0.0,,,75.0,25.0,,,100.0,233.0,100.0,1085.0,25.0,25.0,100.0,0.0,100.0,0.0,200.0,0.0,100.0,12507.0,100.0,51222776984.0,100.0,104483914726.0
2019-08-18,ZCH0973Z,ST12000NM0007,12000138625024,0,80.0,105175952.0,94.0,0.0,100.0,5.0,100.0,0.0,86.0,383441236.0,86.0,12803.0,100.0,0.0,100.0,4.0,,,,,100.0,0.0,100.0,0.0,,,76.0,24.0,,,100.0,233.0,100.0,1086.0,24.0,24.0,100.0,0.0,100.0,0.0,200.0,0.0,100.0,12523.0,100.0,51254357568.0,100.0,104612749822.0
2019-08-19,ZCH0973Z,ST12000NM0007,12000138625024,0,67.0,4791848.0,94.0,0.0,100.0,5.0,100.0,0.0,86.0,386929503.0,86.0,12835.0,100.0,0.0,100.0,4.0,,,,,100.0,0.0,100.0,0.0,,,76.0,24.0,,,100.0,233.0,100.0,1087.0,24.0,24.0,100.0,0.0,100.0,0.0,200.0,0.0,100.0,12554.0,100.0,51308418760.0,100.0,104946585910.0
2019-08-20,ZCH0973Z,ST12000NM0007,12000138625024,0,72.0,17313800.0,94.0,0.0,100.0,5.0,100.0,0.0,86.0,390719419.0,86.0,12866.0,100.0,0.0,100.0,4.0,,,,,100.0,0.0,100.0,0.0,,,76.0,24.0,,,100.0,233.0,100.0,1089.0,24.0,24.0,100.0,0.0,100.0,0.0,200.0,0.0,100.0,12586.0,100.0,51442954880.0,100.0,105312853342.0
2019-08-21,ZCH0973Z,ST12000NM0007,12000138625024,0,75.0,28755008.0,94.0,0.0,100.0,5.0,100.0,0.0,86.0,392775138.0,86.0,12882.0,100.0,0.0,100.0,4.0,,,,,100.0,0.0,100.0,0.0,,,76.0,24.0,,,100.0,233.0,100.0,1089.0,24.0,24.0,100.0,0.0,100.0,0.0,200.0,0.0,100.0,12602.0,100.0,51501669288.0,100.0,105509720990.0
2019-08-22,ZCH0973Z,ST12000NM0007,12000138625024,0,81.0,135254952.0,94.0,0.0,100.0,5.0,100.0,0.0,86.0,397960992.0,86.0,12914.0,100.0,0.0,100.0,4.0,,,,,100.0,0.0,100.0,0.0,,,75.0,25.0,,,100.0,234.0,100.0,1090.0,25.0,25.0,100.0,0.0,100.0,0.0,200.0,0.0,100.0,12633.0,100.0,51566691216.0,100.0,105795339638.0
2019-08-23,ZCH0973Z,ST12000NM0007,12000138625024,0,78.0,68247432.0,94.0,0.0,100.0,5.0,100.0,0.0,86.0,399824872.0,86.0,12930.0,100.0,0.0,100.0,4.0,,,,,100.0,0.0,100.0,0.0,,,75.0,25.0,,,100.0,234.0,100.0,1091.0,25.0,25.0,100.0,0.0,100.0,0.0,200.0,0.0,100.0,12649.0,100.0,51599719064.0,100.0,105939445086.0
2019-08-24,ZCH0973Z,ST12000NM0007,12000138625024,0,78.0,66985768.0,94.0,0.0,100.0,5.0,100.0,0.0,86.0,404075480.0,86.0,12961.0,100.0,0.0,100.0,4.0,,,,,100.0,0.0,100.0,0.0,,,75.0,25.0,,,100.0,234.0,100.0,1092.0,25.0,25.0,100.0,0.0,100.0,0.0,200.0,0.0,100.0,12680.0,100.0,51717591264.0,100.0,106308592734.0
2019-08-25,ZCH0973Z,ST12000NM0007,12000138625024,0,83.0,219627288.0,94.0,0.0,100.0,5.0,100.0,0.0,86.0,407180115.0,86.0,12977.0,100.0,0.0,100.0,4.0,,,,,100.0,0.0,100.0,0.0,,,76.0,24.0,,,100.0,235.0,100.0,1093.0,24.0,24.0,100.0,0.0,100.0,0.0,200.0,0.0,100.0,12696.0,100.0,51747737864.0,100.0,106431087654.0
2019-08-26,ZCH0973Z,ST12000NM0007,12000138625024,0,80.0,99692280.0,94.0,0.0,100.0,5.0,100.0,0.0,86.0,413501545.0,86.0,13025.0,100.0,0.0,100.0,4.0,,,,,100.0,0.0,100.0,0.0,,,75.0,25.0,,,100.0,235.0,100.0,1095.0,25.0,25.0,100.0,0.0,100.0,0.0,200.0,0.0,100.0,12743.0,100.0,51900631624.0,100.0,107134821822.0
2019-08-27,ZCH0973Z,ST12000NM0007,12000138625024,0,80.0,99692280.0,94.0,0.0,100.0,5.0,100.0,0.0,86.0,413501545.0,86.0,13025.0,100.0,0.0,100.0,4.0,,,,,100.0,0.0,100.0,0.0,,,75.0,25.0,,,100.0,235.0,100.0,1095.0,25.0,25.0,100.0,0.0,100.0,0.0,200.0,0.0,100.0,12743.0,100.0,51900631624.0,100.0,107134821822.0
2019-08-28,ZCH0973Z,ST12000NM0007,12000138625024,0,81.0,140588904.0,94.0,0.0,100.0,5.0,100.0,0.0,86.0,417215940.0,86.0,13056.0,100.0,0.0,100.0,4.0,,,,,100.0,0.0,100.0,0.0,,,75.0,25.0,,,100.0,235.0,100.0,1096.0,25.0,25.0,100.0,0.0,100.0,0.0,200.0,0.0,100.0,12775.0,100.0,51973437608.0,100.0,107591194062.0
2019-08-29,ZCH0973Z,ST12000NM0007,12000138625024,0,84.0,229914232.0,94.0,0.0,100.0,5.0,100.0,0.0,86.0,419473423.0,86.0,13072.0,100.0,0.0,100.0,4.0,,,,,100.0,0.0,100.0,0.0,,,74.0,26.0,,,100.0,235.0,100.0,1097.0,26.0,26.0,100.0,0.0,100.0,0.0,200.0,0.0,100.0,12790.0,100.0,52032218376.0,100.0,107865879486.0
2019-08-30,ZCH0973Z,ST12000NM0007,12000138625024,0,78.0,69315952.0,94.0,0.0,100.0,5.0,100.0,0.0,86.0,425170564.0,86.0,13104.0,100.0,0.0,100.0,4.0,,,,,100.0,0.0,100.0,0.0,,,75.0,25.0,,,100.0,235.0,100.0,1098.0,25.0,25.0,100.0,0.0,100.0,0.0,200.0,0.0,100.0,12822.0,100.0,52127846736.0,100.0,108342075102.0
2019-08-31,ZCH0973Z,ST12000NM0007,12000138625024,0,79.0,72097328.0,94.0,0.0,100.0,5.0,100.0,0.0,86.0,427729582.0,86.0,13120.0,100.0,0.0,100.0,4.0,,,,,100.0,0.0,100.0,0.0,,,75.0,25.0,,,100.0,235.0,100.0,1099.0,25.0,25.0,100.0,0.0,100.0,0.0,200.0,0.0,100.0,12837.0,100.0,52168369432.0,100.0,108548474462.0
2019-09-01,ZCH0973Z,ST12000NM0007,12000138625024,0,81.0,126956592.0,94.0,0.0,100.0,5.0,100.0,0.0,86.0,433524553.0,85.0,13151.0,100.0,0.0,100.0,4.0,,,,,100.0,0.0,100.0,0.0,,,75.0,25.0,,,100.0,235.0,100.0,1100.0,25.0,25.0,100.0,0.0,100.0,0.0,200.0,0.0,100.0,12869.0,100.0,52251595960.0,100.0,108764247830.0
2019-09-02,ZCH0973Z,ST12000NM0007,12000138625024,0,74.0,26526264.0,94.0,0.0,100.0,5.0,100.0,0.0,86.0,435158418.0,85.0,13167.0,100.0,0.0,100.0,4.0,,,,,100.0,0.0,100.0,0.0,,,76.0,24.0,,,100.0,236.0,100.0,1101.0,24.0,24.0,100.0,0.0,100.0,0.0,200.0,0.0,100.0,12884.0,100.0,52296630528.0,100.0,108862923702.0
2019-09-03,ZCH0973Z,ST12000NM0007,12000138625024,0,84.0,228732680.0,94.0,0.0,100.0,5.0,100.0,0.0,86.0,438696403.0,85.0,13199.0,100.0,0.0,100.0,4.0,,,,,100.0,0.0,100.0,0.0,,,75.0,25.0,,,100.0,236.0,100.0,1102.0,25.0,25.0,100.0,0.0,100.0,0.0,200.0,0.0,100.0,12916.0,100.0,52376277504.0,100.0,109229623846.0
2019-09-04,ZCH0973Z,ST12000NM0007,12000138625024,0,74.0,23269040.0,94.0,0.0,100.0,5.0,100.0,0.0,86.0,440529401.0,85.0,13215.0,100.0,0.0,100.0,4.0,,,,,100.0,0.0,100.0,0.0,,,76.0,24.0,,,100.0,236.0,100.0,1103.0,24.0,24.0,100.0,0.0,100.0,0.0,200.0,0.0,100.0,12932.0,100.0,52407730208.0,100.0,109480989014.0
2019-09-05,ZCH0973Z,ST12000NM0007,12000138625024,0,80.0,105475136.0,94.0,0.0,100.0,5.0,100.0,0.0,86.0,445487716.0,85.0,13246.0,100.0,0.0,100.0,4.0,,,,,100.0,0.0,100.0,0.0,,,75.0,25.0,,,100.0,237.0,100.0,1104.0,25.0,25.0,100.0,0.0,100.0,0.0,200.0,0.0,100.0,12963.0,100.0,52504696536.0,100.0,109954510046.0
2019-09-06,ZCH0973Z,ST12000NM0007,12000138625024,0,82.0,174249232.0,94.0,0.0,100.0,5.0,100.0,0.0,87.0,448991503.0,85.0,13278.0,100.0,0.0,100.0,4.0,,,,,100.0,0.0,100.0,0.0,,,75.0,25.0,,,100.0,238.0,100.0,1106.0,25.0,25.0,100.0,0.0,100.0,0.0,200.0,0.0,100.0,12995.0,100.0,52566526616.0,100.0,110205594838.0
2019-09-07,ZCH0973Z,ST12000NM0007,12000138625024,0,81.0,138312128.0,94.0,0.0,100.0,5.0,100.0,0.0,87.0,450999619.0,85.0,13294.0,100.0,0.0,100.0,4.0,,,,,100.0,0.0,100.0,0.0,,,75.0,25.0,,,100.0,238.0,100.0,1106.0,25.0,25.0,100.0,0.0,100.0,0.0,200.0,0.0,100.0,13010.0,100.0,52602120456.0,100.0,110378204582.0
2019-09-08,ZCH0973Z,ST12000NM0007,12000138625024,0,83.0,217518136.0,94.0,0.0,100.0,5.0,100.0,0.0,87.0,456388129.0,85.0,13326.0,100.0,0.0,100.0,4.0,,,,,100.0,0.0,100.0,0.0,,,76.0,24.0,,,100.0,239.0,100.0,1108.0,24.0,24.0,100.0,0.0,100.0,0.0,200.0,0.0,100.0,13042.0,100.0,52695226728.0,100.0,110608445062.0
2019-09-09,ZCH0973Z,ST12000NM0007,12000138625024,0,84.0,233341256.0,94.0,0.0,100.0,5.0,100.0,0.0,87.0,458685864.0,85.0,13341.0,100.0,0.0,100.0,4.0,,,,,100.0,0.0,100.0,0.0,,,76.0,24.0,,,100.0,239.0,100.0,1108.0,24.0,24.0,100.0,0.0,100.0,0.0,200.0,0.0,100.0,13058.0,100.0,52777452296.0,100.0,110786183470.0
2019-09-10,ZCH0973Z,ST12000NM0007,12000138625024,0,73.0,20570536.0,94.0,0.0,100.0,5.0,100.0,0.0,87.0,462608715.0,85.0,13373.0,100.0,0.0,100.0,4.0,,,,,100.0,0.0,100.0,0.0,,,76.0,24.0,,,100.0,239.0,100.0,1110.0,24.0,24.0,100.0,0.0,100.0,0.0,200.0,0.0,100.0,13089.0,100.0,52836164648.0,100.0,111247122750.0
2019-09-11,ZCH0973Z,ST12000NM0007,12000138625024,0,77.0,54782376.0,94.0,0.0,100.0,5.0,100.0,0.0,87.0,464609633.0,85.0,13389.0,100.0,0.0,100.0,4.0,,,,,100.0,0.0,100.0,0.0,,,76.0,24.0,,,100.0,239.0,100.0,1110.0,24.0,24.0,100.0,0.0,100.0,0.0,200.0,0.0,100.0,13105.0,100.0,52875243048.0,100.0,111486396838.0
2019-09-12,ZCH0973Z,ST12000NM0007,12000138625024,0,79.0,72081208.0,94.0,0.0,100.0,5.0,100.0,0.0,87.0,466863944.0,85.0,13405.0,100.0,0.0,100.0,4.0,,,,,100.0,0.0,100.0,0.0,,,76.0,24.0,,,100.0,239.0,100.0,1112.0,24.0,24.0,100.0,0.0,100.0,0.0,200.0,0.0,100.0,13120.0,100.0,52922928048.0,100.0,111700151470.0
2019-09-13,ZCH0973Z,ST12000NM0007,12000138625024,0,82.0,169301680.0,94.0,0.0,100.0,5.0,100.0,0.0,87.0,474932281.0,85.0,13436.0,100.0,0.0,100.0,4.0,,,,,100.0,0.0,100.0,0.0,,,75.0,25.0,,,100.0,239.0,100.0,1113.0,25.0,25.0,100.0,0.0,100.0,0.0,200.0,0.0,100.0,13152.0,100.0,52983305984.0,100.0,112225275366.0
2019-09-14,ZCH0973Z,ST12000NM0007,12000138625024,0,81.0,130231848.0,94.0,0.0,100.0,5.0,100.0,0.0,87.0,476681017.0,85.0,13452.0,100.0,0.0,100.0,4.0,,,,,100.0,0.0,100.0,0.0,,,75.0,25.0,,,100.0,239.0,100.0,1114.0,25.0,25.0,100.0,0.0,100.0,0.0,200.0,0.0,100.0,13168.0,100.0,53007964960.0,100.0,112405687326.0
2019-09-15,ZCH0973Z,ST12000NM0007,12000138625024,0,82.0,155021416.0,94.0,0.0,100.0,5.0,100.0,0.0,87.0,482619665.0,85.0,13484.0,100.0,0.0,100.0,4.0,,,,,100.0,0.0,100.0,0.0,,,74.0,26.0,,,100.0,239.0,100.0,1115.0,26.0,26.0,100.0,0.0,100.0,0.0,200.0,0.0,100.0,13199.0,100.0,53120090280.0,100.0,112806633198.0
2019-09-16,ZCH0973Z,ST12000NM0007,12000138625024,0,76.0,43436680.0,94.0,0.0,100.0,5.0,100.0,0.0,87.0,487583137.0,85.0,13515.0,100.0,0.0,100.0,4.0,,,,,100.0,0.0,100.0,0.0,,,75.0,25.0,,,100.0,240.0,100.0,1117.0,25.0,25.0,100.0,0.0,100.0,0.0,200.0,0.0,100.0,13230.0,100.0,53260221928.0,100.0,113287339094.0
2019-09-17,ZCH0973Z,ST12000NM0007,12000138625024,0,76.0,37412064.0,94.0,0.0,100.0,5.0,100.0,0.0,87.0,489605060.0,85.0,13531.0,100.0,0.0,100.0,4.0,,,,,100.0,0.0,100.0,0.0,,,74.0,26.0,,,100.0,240.0,100.0,1117.0,26.0,26.0,100.0,0.0,100.0,0.0,200.0,0.0,100.0,13246.0,100.0,53291605376.0,100.0,113494071782.0
2019-09-18,ZCH0973Z,ST12000NM0007,12000138625024,0,78.0,64794496.0,94.0,0.0,100.0,5.0,100.0,0.0,87.0,493856388.0,85.0,13563.0,100.0,0.0,100.0,4.0,,,,,100.0,0.0,100.0,0.0,,,76.0,24.0,,,100.0,240.0,100.0,1118.0,24.0,24.0,100.0,0.0,100.0,0.0,200.0,0.0,100.0,13277.0,100.0,53371418344.0,100.0,113929922766.0
2019-09-19,ZCH0973Z,ST12000NM0007,12000138625024,0,81.0,139512640.0,94.0,0.0,100.0,5.0,100.0,0.0,87.0,496460366.0,85.0,13578.0,100.0,0.0,100.0,4.0,,,,,100.0,0.0,100.0,0.0,,,74.0,26.0,,,100.0,240.0,100.0,1119.0,26.0,26.0,100.0,0.0,100.0,0.0,200.0,0.0,100.0,13293.0,100.0,53397056272.0,100.0,114223143718.0
2019-09-20,ZCH0973Z,ST12000NM0007,12000138625024,0,81.0,136069000.0,94.0,0.0,100.0,5.0,100.0,0.0,87.0,501922721.0,85.0,13610.0,100.0,0.0,100.0,4.0,,,,,100.0,0.0,100.0,0.0,,,75.0,25.0,,,100.0,241.0,100.0,1120.0,25.0,25.0,100.0,0.0,100.0,0.0,200.0,0.0,100.0,13324.0,100.0,53482983632.0,100.0,114622054238.0
2019-09-21,ZCH0973Z,ST12000NM0007,12000138625024,0,83.0,178584032.0,94.0,0.0,100.0,5.0,100.0,0.0,87.0,503954547.0,85.0,13626.0,100.0,0.0,100.0,4.0,,,,,100.0,0.0,100.0,0.0,,,76.0,24.0,,,100.0,241.0,100.0,1121.0,24.0,24.0,100.0,0.0,100.0,0.0,200.0,0.0,100.0,13340.0,100.0,53532717656.0,100.0,114858976038.0
2019-09-22,ZCH0973Z,ST12000NM0007,12000138625024,0,77.0,50941064.0,94.0,0.0,100.0,5.0,100.0,0.0,87.0,508571696.0,85.0,13658.0,100.0,0.0,100.0,4.0,,,,,100.0,0.0,100.0,0.0,,,76.0,24.0,,,100.0,242.0,100.0,1122.0,24.0,24.0,100.0,0.0,100.0,0.0,200.0,0.0,100.0,13372.0,100.0,53583486448.0,100.0,115168845686.0
2019-09-23,ZCH0973Z,ST12000NM0007,12000138625024,0,75.0,34009792.0,94.0,0.0,100.0,5.0,100.0,0.0,87.0,510197365.0,85.0,13674.0,100.0,0.0,100.0,4.0,,,,,100.0,0.0,100.0,0.0,,,75.0,25.0,,,100.0,242.0,100.0,1123.0,25.0,25.0,100.0,0.0,100.0,0.0,200.0,0.0,100.0,13388.0,100.0,53614276168.0,100.0,115365266094.0
2019-09-24,ZCH0973Z,ST12000NM0007,12000138625024,0,78.0,59851088.0,94.0,0.0,100.0,5.0,100.0,0.0,87.0,513707438.0,85.0,13705.0,100.0,0.0,100.0,4.0,,,,,100.0,0.0,100.0,0.0,,,75.0,25.0,,,100.0,242.0,100.0,1124.0,25.0,25.0,100.0,0.0,100.0,0.0,200.0,0.0,100.0,13419.0,100.0,53674509040.0,100.0,115819155814.0
2019-09-25,ZCH0973Z,ST12000NM0007,12000138625024,0,84.0,237216192.0,94.0,0.0,100.0,5.0,100.0,0.0,87.0,515169801.0,85.0,13721.0,100.0,0.0,100.0,4.0,,,,,100.0,0.0,100.0,0.0,,,76.0,24.0,,,100.0,243.0,100.0,1125.0,24.0,24.0,100.0,0.0,100.0,0.0,200.0,0.0,100.0,13435.0,100.0,53693921296.0,100.0,115977108662.0
2019-09-26,ZCH0973Z,ST12000NM0007,12000138625024,0,84.0,239754416.0,94.0,0.0,100.0,5.0,100.0,0.0,87.0,519574460.0,85.0,13753.0,100.0,0.0,100.0,4.0,,,,,100.0,0.0,100.0,0.0,,,74.0,26.0,,,100.0,244.0,100.0,1126.0,26.0,26.0,100.0,0.0,100.0,0.0,200.0,0.0,100.0,13466.0,100.0,53737470216.0,100.0,116424379374.0
2019-09-27,ZCH0973Z,ST12000NM0007,12000138625024,0,83.0,213932344.0,94.0,0.0,100.0,5.0,100.0,0.0,87.0,522501570.0,85.0,13768.0,100.0,0.0,100.0,4.0,,,,,100.0,0.0,100.0,0.0,,,75.0,25.0,,,100.0,245.0,100.0,1127.0,25.0,25.0,100.0,0.0,100.0,0.0,200.0,0.0,100.0,13482.0,100.0,53763677408.0,100.0,116616491062.0
2019-09-28,ZCH0973Z,ST12000NM0007,12000138625024,0,84.0,233174208.0,94.0,0.0,100.0,5.0,100.0,0.0,87.0,526758069.0,85.0,13800.0,100.0,0.0,100.0,4.0,,,,,100.0,0.0,100.0,0.0,,,75.0,25.0,,,100.0,246.0,100.0,1128.0,25.0,25.0,100.0,0.0,100.0,0.0,200.0,0.0,100.0,13514.0,100.0,53838877472.0,100.0,117048814590.0
2019-09-29,ZCH0973Z,ST12000NM0007,12000138625024,0,82.0,167703528.0,94.0,0.0,100.0,5.0,100.0,0.0,87.0,530646691.0,85.0,13816.0,100.0,0.0,100.0,4.0,,,,,100.0,0.0,100.0,0.0,,,75.0,25.0,,,100.0,246.0,100.0,1129.0,25.0,25.0,100.0,0.0,100.0,0.0,200.0,0.0,100.0,13529.0,100.0,53866338200.0,100.0,117200024046.0
2019-09-30,ZCH0973Z,ST12000NM0007,12000138625024,0,80.0,94172040.0,94.0,0.0,100.0,5.0,100.0,0.0,87.0,534384731.0,85.0,13848.0,100.0,0.0,100.0,4.0,,,,,100.0,0.0,100.0,0.0,,,74.0,26.0,,,100.0,246.0,100.0,1130.0,26.0,26.0,100.0,0.0,100.0,0.0,200.0,0.0,100.0,13561.0,100.0,53967803064.0,100.0,117513309094.0
2019-10-01,ZCH0973Z,ST12000NM0007,12000138625024,0,80.0,97753776.0,94.0,0.0,100.0,5.0,100.0,0.0,87.0,536078413.0,85.0,13864.0,100.0,0.0,100.0,4.0,,,,,100.0,0.0,100.0,0.0,,,77.0,23.0,,,100.0,246.0,100.0,1131.0,23.0,23.0,100.0,0.0,100.0,0.0,200.0,0.0,100.0,13577.0,100.0,53994917600.0,100.0,117733917118.0
2019-10-02,ZCH0973Z,ST12000NM0007,12000138625024,0,83.0,207215640.0,94.0,0.0,100.0,5.0,100.0,0.0,87.0,538520062.0,85.0,13895.0,100.0,0.0,100.0,4.0,,,,,100.0,0.0,100.0,0.0,,,77.0,23.0,,,100.0,247.0,100.0,1132.0,23.0,23.0,100.0,0.0,100.0,0.0,200.0,0.0,100.0,13608.0,100.0,54024831672.0,100.0,118057605582.0
2019-10-03,ZCH0973Z,ST12000NM0007,12000138625024,0,79.0,74024800.0,94.0,0.0,100.0,5.0,100.0,0.0,87.0,539670304.0,85.0,13911.0,100.0,0.0,100.0,4.0,,,,,100.0,0.0,100.0,0.0,,,77.0,23.0,,,100.0,248.0,100.0,1133.0,23.0,23.0,100.0,0.0,100.0,0.0,200.0,0.0,100.0,13624.0,100.0,54042556544.0,100.0,118150830534.0
2019-10-04,ZCH0973Z,ST12000NM0007,12000138625024,0,80.0,107398368.0,94.0,0.0,100.0,5.0,100.0,0.0,87.0,543862205.0,85.0,13943.0,100.0,0.0,100.0,4.0,,,,,100.0,0.0,100.0,0.0,,,75.0,25.0,,,100.0,248.0,100.0,1134.0,25.0,25.0,100.0,0.0,100.0,0.0,200.0,0.0,100.0,13655.0,100.0,54087169864.0,100.0,118383731702.0
2019-10-05,ZCH0973Z,ST12000NM0007,12000138625024,0,82.0,170265624.0,94.0,0.0,100.0,5.0,100.0,0.0,87.0,544826268.0,85.0,13959.0,100.0,0.0,100.0,4.0,,,,,100.0,0.0,100.0,0.0,,,75.0,25.0,,,100.0,249.0,100.0,1135.0,25.0,25.0,100.0,0.0,100.0,0.0,200.0,0.0,100.0,13671.0,100.0,54099681440.0,100.0,118434087382.0
2019-10-06,ZCH0973Z,ST12000NM0007,12000138625024,0,80.0,105977584.0,94.0,0.0,100.0,5.0,100.0,0.0,87.0,549098791.0,85.0,13990.0,100.0,0.0,100.0,4.0,,,,,100.0,0.0,100.0,0.0,,,75.0,25.0,,,100.0,250.0,100.0,1136.0,25.0,25.0,100.0,0.0,100.0,0.0,200.0,0.0,100.0,13703.0,100.0,54126155976.0,100.0,118587465590.0
2019-10-07,ZCH0973Z,ST12000NM0007,12000138625024,0,82.0,167247416.0,94.0,0.0,100.0,5.0,100.0,0.0,87.0,550275687.0,85.0,14006.0,100.0,0.0,100.0,4.0,,,,,100.0,0.0,100.0,0.0,,,75.0,25.0,,,100.0,251.0,100.0,1137.0,25.0,25.0,100.0,0.0,100.0,0.0,200.0,0.0,100.0,13718.0,100.0,54138445728.0,100.0,118636445670.0
2019-10-08,ZCH0973Z,ST12000NM0007,12000138625024,0,82.0,165274400.0,94.0,0.0,100.0,5.0,100.0,0.0,87.0,553668230.0,84.0,14038.0,100.0,0.0,100.0,4.0,,,,,100.0,0.0,100.0,0.0,,,74.0,26.0,,,100.0,251.0,100.0,1138.0,26.0,26.0,100.0,0.0,100.0,0.0,200.0,0.0,100.0,13750.0,100.0,54184407752.0,100.0,118832651318.0
2019-10-09,ZCH0973Z,ST12000NM0007,12000138625024,0,76.0,41946384.0,94.0,0.0,100.0,5.0,100.0,0.0,87.0,555348685.0,84.0,14054.0,100.0,0.0,100.0,4.0,,,,,100.0,0.0,100.0,0.0,,,75.0,25.0,,,100.0,252.0,100.0,1139.0,25.0,25.0,100.0,0.0,100.0,0.0,200.0,0.0,100.0,13766.0,100.0,54202989472.0,100.0,118934882278.0
2019-10-10,ZCH0973Z,ST12000NM0007,12000138625024,0,81.0,140933032.0,94.0,0.0,100.0,5.0,100.0,0.0,87.0,561269755.0,84.0,14085.0,100.0,0.0,100.0,4.0,,,,,100.0,0.0,100.0,0.0,,,77.0,23.0,,,100.0,253.0,100.0,1141.0,23.0,23.0,100.0,0.0,100.0,0.0,200.0,0.0,100.0,13797.0,100.0,54276398448.0,100.0,119204600726.0
2019-10-11,ZCH0973Z,ST12000NM0007,12000138625024,0,77.0,49972760.0,94.0,0.0,100.0,5.0,100.0,0.0,88.0,563005170.0,84.0,14117.0,100.0,0.0,100.0,4.0,,,,,100.0,0.0,100.0,0.0,,,77.0,23.0,,,100.0,253.0,100.0,1142.0,23.0,23.0,100.0,0.0,100.0,0.0,200.0,0.0,100.0,13829.0,100.0,54304445344.0,100.0,119329734214.0
2019-10-12,ZCH0973Z,ST12000NM0007,12000138625024,0,80.0,104386896.0,94.0,0.0,100.0,5.0,100.0,0.0,88.0,563671018.0,84.0,14133.0,100.0,0.0,100.0,4.0,,,,,100.0,0.0,100.0,0.0,,,77.0,23.0,,,100.0,253.0,100.0,1142.0,23.0,23.0,100.0,0.0,100.0,0.0,200.0,0.0,100.0,13844.0,100.0,54313632656.0,100.0,119374961038.0
2019-10-13,ZCH0973Z,ST12000NM0007,12000138625024,0,75.0,29456072.0,94.0,0.0,100.0,5.0,100.0,0.0,88.0,567119988.0,84.0,14165.0,100.0,0.0,100.0,4.0,,,,,100.0,0.0,100.0,0.0,,,76.0,24.0,,,100.0,254.0,100.0,1144.0,24.0,24.0,100.0,0.0,100.0,0.0,200.0,0.0,100.0,13875.0,100.0,54346079632.0,100.0,119511723926.0
2019-10-14,ZCH0973Z,ST12000NM0007,12000138625024,0,80.0,111452040.0,94.0,0.0,100.0,5.0,100.0,0.0,88.0,567764351.0,84.0,14180.0,100.0,0.0,100.0,4.0,,,,,100.0,0.0,100.0,0.0,,,76.0,24.0,,,100.0,254.0,100.0,1144.0,24.0,24.0,100.0,0.0,100.0,0.0,200.0,0.0,100.0,13891.0,100.0,54358344152.0,100.0,119581455374.0
2019-10-15,ZCH0973Z,ST12000NM0007,12000138625024,0,81.0,136163064.0,94.0,0.0,100.0,5.0,100.0,0.0,88.0,570174566.0,84.0,14228.0,100.0,0.0,100.0,4.0,,,,,100.0,0.0,100.0,0.0,,,76.0,24.0,,,100.0,255.0,100.0,1146.0,24.0,24.0,100.0,0.0,100.0,0.0,200.0,0.0,100.0,13938.0,100.0,54404352336.0,100.0,119804299838.0
2019-10-16,ZCH0973Z,ST12000NM0007,12000138625024,0,81.0,136163064.0,94.0,0.0,100.0,5.0,100.0,0.0,88.0,570174566.0,84.0,14228.0,100.0,0.0,100.0,4.0,,,,,100.0,0.0,100.0,0.0,,,76.0,24.0,,,100.0,255.0,100.0,1146.0,24.0,24.0,100.0,0.0,100.0,0.0,200.0,0.0,100.0,13938.0,100.0,54404352336.0,100.0,119804299838.0
2019-10-17,ZCH0973Z,ST12000NM0007,12000138625024,0,84.0,237573696.0,94.0,0.0,100.0,5.0,100.0,0.0,88.0,571136093.0,84.0,14244.0,100.0,0.0,100.0,4.0,,,,,100.0,0.0,100.0,0.0,,,76.0,24.0,,,100.0,256.0,100.0,1147.0,24.0,24.0,100.0,0.0,100.0,0.0,200.0,0.0,100.0,13954.0,100.0,54415279200.0,100.0,119894783606.0
2019-10-18,ZCH0973Z,ST12000NM0007,12000138625024,0,84.0,240558664.0,94.0,0.0,100.0,5.0,100.0,0.0,88.0,575114208.0,84.0,14275.0,100.0,0.0,100.0,4.0,,,,,100.0,0.0,100.0,0.0,,,76.0,24.0,,,100.0,257.0,100.0,1148.0,24.0,24.0,100.0,0.0,100.0,0.0,200.0,0.0,100.0,13985.0,100.0,54463434824.0,100.0,120093753606.0
2019-10-19,ZCH0973Z,ST12000NM0007,12000138625024,0,81.0,114524640.0,94.0,0.0,100.0,5.0,100.0,0.0,88.0,576244392.0,84.0,14291.0,100.0,0.0,100.0,4.0,,,,,100.0,0.0,100.0,0.0,,,75.0,25.0,,,100.0,258.0,100.0,1149.0,25.0,25.0,100.0,0.0,100.0,0.0,200.0,0.0,100.0,14001.0,100.0,54472736648.0,100.0,120202558390.0
2019-10-20,ZCH0973Z,ST12000NM0007,12000138625024,0,81.0,113617440.0,94.0,0.0,100.0,5.0,100.0,0.0,88.0,580515862.0,84.0,14323.0,100.0,0.0,100.0,4.0,,,,,100.0,0.0,100.0,0.0,,,76.0,24.0,,,100.0,259.0,100.0,1151.0,24.0,24.0,100.0,0.0,100.0,0.0,200.0,0.0,100.0,14032.0,100.0,54508073584.0,100.0,120410454910.0
2019-10-21,ZCH0973Z,ST12000NM0007,12000138625024,0,83.0,201825400.0,94.0,0.0,100.0,5.0,100.0,0.0,88.0,581484424.0,84.0,14338.0,100.0,0.0,100.0,4.0,,,,,100.0,0.0,100.0,0.0,,,76.0,24.0,,,100.0,259.0,100.0,1151.0,24.0,24.0,100.0,0.0,100.0,0.0,200.0,0.0,100.0,14048.0,100.0,54525401456.0,100.0,120481334998.0
2019-10-22,ZCH0973Z,ST12000NM0007,12000138625024,0,82.0,161599296.0,94.0,0.0,100.0,5.0,100.0,0.0,88.0,583585875.0,84.0,14370.0,100.0,0.0,100.0,4.0,,,,,100.0,0.0,100.0,0.0,,,76.0,24.0,,,100.0,260.0,100.0,1153.0,24.0,24.0,100.0,0.0,100.0,0.0,200.0,0.0,100.0,14079.0,100.0,54567541000.0,100.0,120643110254.0
2019-10-23,ZCH0973Z,ST12000NM0007,12000138625024,0,82.0,164927024.0,94.0,0.0,100.0,5.0,100.0,0.0,88.0,585897281.0,84.0,14401.0,100.0,0.0,100.0,4.0,,,,,100.0,0.0,100.0,0.0,,,76.0,24.0,,,100.0,261.0,100.0,1154.0,24.0,24.0,100.0,0.0,100.0,0.0,200.0,0.0,100.0,14110.0,100.0,54607981576.0,100.0,120850138358.0
2019-10-24,ZCH0973Z,ST12000NM0007,12000138625024,0,80.0,90981088.0,94.0,0.0,100.0,5.0,100.0,0.0,88.0,587390158.0,84.0,14417.0,100.0,0.0,100.0,4.0,,,,,100.0,0.0,100.0,0.0,,,75.0,25.0,,,100.0,261.0,100.0,1154.0,25.0,25.0,100.0,0.0,100.0,0.0,200.0,0.0,100.0,14126.0,100.0,54648050064.0,100.0,120980264678.0
2019-10-25,ZCH0973Z,ST12000NM0007,12000138625024,0,81.0,133331074.0,94.0,0.0,100.0,5.0,100.0,0.0,88.0,591157365.0,84.0,14449.0,100.0,0.0,100.0,4.0,,,,,100.0,0.0,100.0,0.0,,,76.0,24.0,,,100.0,261.0,100.0,1156.0,24.0,24.0,100.0,0.0,100.0,0.0,200.0,0.0,100.0,14158.0,100.0,54676020640.0,100.0,121238784864.0
2019-10-26,ZCH0973Z,ST12000NM0007,12000138625024,0,76.0,37392576.0,94.0,0.0,100.0,5.0,100.0,0.0,88.0,592335080.0,84.0,14465.0,100.0,0.0,100.0,4.0,,,,,100.0,0.0,100.0,0.0,,,76.0,24.0,,,100.0,261.0,100.0,1156.0,24.0,24.0,100.0,0.0,100.0,0.0,200.0,0.0,100.0,14173.0,100.0,54694932072.0,100.0,121368075696.0
2019-10-27,ZCH0973Z,ST12000NM0007,12000138625024,0,76.0,42491880.0,94.0,0.0,100.0,5.0,100.0,0.0,88.0,597806684.0,84.0,14497.0,100.0,0.0,100.0,4.0,,,,,100.0,0.0,100.0,0.0,,,76.0,24.0,,,100.0,261.0,100.0,1158.0,24.0,24.0,100.0,0.0,100.0,0.0,200.0,0.0,100.0,14205.0,100.0,54738419192.0,100.0,121573828528.0
2019-10-28,ZCH0973Z,ST12000NM0007,12000138625024,0,83.0,206068824.0,94.0,0.0,100.0,5.0,100.0,0.0,88.0,599021130.0,84.0,14512.0,100.0,0.0,100.0,4.0,,,,,100.0,0.0,100.0,0.0,,,76.0,24.0,,,100.0,261.0,100.0,1158.0,24.0,24.0,100.0,0.0,100.0,0.0,200.0,0.0,100.0,14221.0,100.0,54761974664.0,100.0,121713850000.0
2019-10-29,ZCH0973Z,ST12000NM0007,12000138625024,0,81.0,122825208.0,94.0,0.0,100.0,5.0,100.0,0.0,88.0,603751379.0,84.0,14544.0,100.0,0.0,100.0,4.0,,,,,100.0,0.0,100.0,0.0,,,75.0,25.0,,,100.0,262.0,100.0,1160.0,25.0,25.0,100.0,0.0,100.0,0.0,200.0,0.0,100.0,14252.0,100.0,54808370000.0,100.0,122072492640.0
2019-10-30,ZCH0973Z,ST12000NM0007,12000138625024,0,77.0,53693224.0,94.0,0.0,100.0,5.0,100.0,0.0,88.0,605447805.0,84.0,14560.0,100.0,0.0,100.0,4.0,,,,,100.0,0.0,100.0,0.0,,,76.0,24.0,,,100.0,262.0,100.0,1160.0,24.0,24.0,100.0,0.0,100.0,0.0,200.0,0.0,100.0,14267.0,100.0,54835005360.0,100.0,122220865968.0
2019-10-31,ZCH0973Z,ST12000NM0007,12000138625024,0,79.0,80437616.0,94.0,0.0,100.0,5.0,100.0,0.0,88.0,609162230.0,84.0,14591.0,100.0,0.0,100.0,4.0,,,,,100.0,0.0,100.0,0.0,,,77.0,23.0,,,100.0,262.0,100.0,1162.0,23.0,23.0,100.0,0.0,100.0,0.0,200.0,0.0,100.0,14299.0,100.0,54923953376.0,100.0,122646943680.0
2019-11-01,ZCH0973Z,ST12000NM0007,12000138625024,0,80.0,91620360.0,94.0,0.0,100.0,5.0,100.0,0.0,88.0,610937153.0,84.0,14607.0,100.0,0.0,100.0,4.0,,,,,100.0,0.0,100.0,0.0,,,77.0,23.0,,,100.0,262.0,100.0,1162.0,23.0,23.0,100.0,0.0,100.0,0.0,200.0,0.0,100.0,14314.0,100.0,54963570800.0,100.0,122862650144.0
2019-11-02,ZCH0973Z,ST12000NM0007,12000138625024,0,72.0,16056232.0,94.0,0.0,100.0,5.0,100.0,0.0,88.0,613610688.0,84.0,14639.0,100.0,0.0,100.0,4.0,,,,,100.0,0.0,100.0,0.0,,,77.0,23.0,,,100.0,264.0,100.0,1164.0,23.0,23.0,100.0,0.0,100.0,0.0,200.0,0.0,100.0,14346.0,100.0,55004318176.0,100.0,123234620040.0
2019-11-03,ZCH0973Z,ST12000NM0007,12000138625024,0,82.0,156891552.0,94.0,0.0,100.0,5.0,100.0,0.0,88.0,616404234.0,84.0,14654.0,100.0,0.0,100.0,4.0,,,,,100.0,0.0,100.0,0.0,,,76.0,24.0,,,100.0,264.0,100.0,1164.0,24.0,24.0,100.0,0.0,100.0,0.0,200.0,0.0,100.0,14362.0,100.0,55022785864.0,100.0,123356987672.0
2019-11-04,ZCH0973Z,ST12000NM0007,12000138625024,0,77.0,49418264.0,94.0,0.0,100.0,5.0,100.0,0.0,88.0,619211480.0,84.0,14686.0,100.0,0.0,100.0,4.0,,,,,100.0,0.0,100.0,0.0,,,75.0,25.0,,,100.0,265.0,100.0,1166.0,25.0,25.0,100.0,0.0,100.0,0.0,200.0,0.0,100.0,14393.0,100.0,55062716760.0,100.0,123697864864.0
2019-11-05,ZCH0973Z,ST12000NM0007,12000138625024,0,66.0,3849136.0,94.0,0.0,100.0,5.0,100.0,0.0,88.0,620596370.0,84.0,14702.0,100.0,0.0,100.0,4.0,,,,,100.0,0.0,100.0,0.0,,,75.0,25.0,,,100.0,265.0,100.0,1166.0,25.0,25.0,100.0,0.0,100.0,0.0,200.0,0.0,100.0,14409.0,100.0,55088072704.0,100.0,123871080616.0
2019-11-06,ZCH0973Z,ST12000NM0007,12000138625024,0,83.0,197529568.0,94.0,0.0,100.0,5.0,100.0,0.0,88.0,623486369.0,84.0,14733.0,100.0,0.0,100.0,4.0,,,,,100.0,0.0,100.0,0.0,,,75.0,25.0,,,100.0,266.0,100.0,1168.0,25.0,25.0,100.0,0.0,100.0,0.0,200.0,0.0,100.0,14440.0,100.0,55155371216.0,100.0,124241603512.0
2019-11-07,ZCH0973Z,ST12000NM0007,12000138625024,0,82.0,170548080.0,94.0,0.0,100.0,5.0,100.0,0.0,88.0,624858885.0,84.0,14749.0,100.0,0.0,100.0,4.0,,,,,100.0,0.0,100.0,0.0,,,75.0,25.0,,,100.0,266.0,100.0,1168.0,25.0,25.0,100.0,0.0,100.0,0.0,200.0,0.0,100.0,14456.0,100.0,55176528616.0,100.0,124437605392.0
2019-11-08,ZCH0973Z,ST12000NM0007,12000138625024,0,81.0,119955048.0,94.0,0.0,100.0,5.0,100.0,0.0,88.0,629529375.0,84.0,14781.0,100.0,0.0,100.0,4.0,,,,,100.0,0.0,100.0,0.0,,,75.0,25.0,,,100.0,267.0,100.0,1170.0,25.0,25.0,100.0,0.0,100.0,0.0,200.0,0.0,100.0,14488.0,100.0,55219955296.0,100.0,124831867120.0
2019-11-09,ZCH0973Z,ST12000NM0007,12000138625024,0,79.0,84531280.0,94.0,0.0,100.0,5.0,100.0,0.0,88.0,631226845.0,84.0,14797.0,100.0,0.0,100.0,4.0,,,,,100.0,0.0,100.0,0.0,,,75.0,25.0,,,100.0,267.0,100.0,1170.0,25.0,25.0,100.0,0.0,100.0,0.0,200.0,0.0,100.0,14503.0,100.0,55237733448.0,100.0,125022806024.0
2019-11-10,ZCH0973Z,ST12000NM0007,12000138625024,0,82.0,176597824.0,94.0,0.0,100.0,5.0,100.0,0.0,88.0,637187744.0,84.0,14828.0,100.0,0.0,100.0,4.0,,,,,100.0,0.0,100.0,0.0,,,76.0,24.0,,,100.0,267.0,100.0,1171.0,24.0,24.0,100.0,0.0,100.0,0.0,200.0,0.0,100.0,14535.0,100.0,55273297704.0,100.0,125323449200.0
2019-11-11,ZCH0973Z,ST12000NM0007,12000138625024,0,83.0,185251960.0,94.0,0.0,100.0,5.0,100.0,0.0,88.0,638731001.0,84.0,14844.0,100.0,0.0,100.0,4.0,,,,,100.0,0.0,100.0,0.0,,,76.0,24.0,,,100.0,268.0,100.0,1172.0,24.0,24.0,100.0,0.0,100.0,0.0,200.0,0.0,100.0,14551.0,100.0,55292544040.0,100.0,125556997736.0
2019-11-12,ZCH0973Z,ST12000NM0007,12000138625024,0,77.0,55747216.0,94.0,0.0,100.0,5.0,100.0,0.0,88.0,641302044.0,84.0,14876.0,100.0,0.0,100.0,4.0,,,,,100.0,0.0,100.0,0.0,,,76.0,24.0,,,100.0,269.0,100.0,1173.0,24.0,24.0,100.0,0.0,100.0,0.0,200.0,0.0,100.0,14582.0,100.0,55330329416.0,100.0,125877999920.0
2019-11-13,ZCH0973Z,ST12000NM0007,12000138625024,0,83.0,190460616.0,94.0,0.0,100.0,5.0,100.0,0.0,88.0,644798555.0,83.0,14907.0,100.0,0.0,100.0,4.0,,,,,100.0,0.0,100.0,0.0,,,75.0,25.0,,,100.0,270.0,100.0,1175.0,25.0,25.0,100.0,0.0,100.0,0.0,200.0,0.0,100.0,14614.0,100.0,55368758288.0,100.0,126218425488.0
2019-11-14,ZCH0973Z,ST12000NM0007,12000138625024,0,82.0,141850992.0,94.0,0.0,100.0,5.0,100.0,0.0,88.0,646904545.0,83.0,14923.0,100.0,0.0,100.0,4.0,,,,,100.0,0.0,100.0,0.0,,,75.0,25.0,,,100.0,270.0,100.0,1175.0,25.0,25.0,100.0,0.0,100.0,0.0,200.0,0.0,100.0,14629.0,100.0,55390802720.0,100.0,126391912192.0
2019-11-15,ZCH0973Z,ST12000NM0007,12000138625024,0,78.0,58973176.0,94.0,0.0,100.0,5.0,100.0,0.0,88.0,649054457.0,83.0,14939.0,100.0,0.0,100.0,4.0,,,,,100.0,0.0,100.0,0.0,,,77.0,23.0,,,100.0,270.0,100.0,1176.0,23.0,23.0,100.0,0.0,100.0,0.0,200.0,0.0,100.0,14645.0,100.0,55403780944.0,100.0,126540196984.0
2019-11-16,ZCH0973Z,ST12000NM0007,12000138625024,0,82.0,151622136.0,94.0,0.0,100.0,5.0,100.0,0.0,88.0,652792807.0,83.0,14970.0,100.0,0.0,100.0,4.0,,,,,100.0,0.0,100.0,0.0,,,76.0,24.0,,,100.0,271.0,100.0,1177.0,24.0,24.0,100.0,0.0,100.0,0.0,200.0,0.0,100.0,14676.0,100.0,55425274504.0,100.0,126855493200.0
2019-11-17,ZCH0973Z,ST12000NM0007,12000138625024,0,79.0,84836272.0,94.0,0.0,100.0,5.0,100.0,0.0,88.0,655195442.0,83.0,14986.0,100.0,0.0,100.0,4.0,,,,,100.0,0.0,100.0,0.0,,,77.0,23.0,,,100.0,272.0,100.0,1178.0,23.0,23.0,100.0,0.0,100.0,0.0,200.0,0.0,100.0,14692.0,100.0,55443211528.0,100.0,127014911072.0
2019-11-18,ZCH0973Z,ST12000NM0007,12000138625024,0,81.0,119684144.0,94.0,0.0,100.0,5.0,100.0,0.0,88.0,657311995.0,83.0,15018.0,100.0,0.0,100.0,4.0,,,,,100.0,0.0,100.0,0.0,,,76.0,24.0,,,100.0,272.0,100.0,1179.0,24.0,24.0,100.0,0.0,100.0,0.0,200.0,0.0,100.0,14724.0,100.0,55473822944.0,100.0,127263288160.0
2019-11-19,ZCH0973Z,ST12000NM0007,12000138625024,0,71.0,13662944.0,94.0,0.0,100.0,5.0,100.0,0.0,88.0,658343875.0,83.0,15034.0,100.0,0.0,100.0,4.0,,,,,100.0,0.0,100.0,0.0,,,77.0,23.0,,,100.0,273.0,100.0,1180.0,23.0,23.0,100.0,0.0,100.0,0.0,200.0,0.0,100.0,14739.0,100.0,55482436536.0,100.0,127392794216.0
2019-11-20,ZCH0973Z,ST12000NM0007,12000138625024,0,81.0,124410960.0,94.0,0.0,100.0,5.0,100.0,0.0,88.0,660937367.0,83.0,15065.0,100.0,0.0,100.0,4.0,,,,,100.0,0.0,100.0,0.0,,,76.0,24.0,,,100.0,273.0,100.0,1181.0,24.0,24.0,100.0,0.0,100.0,0.0,200.0,0.0,100.0,14771.0,100.0,55522571408.0,100.0,127707548104.0
2019-11-21,ZCH0973Z,ST12000NM0007,12000138625024,0,80.0,97732056.0,94.0,0.0,100.0,5.0,100.0,0.0,88.0,662291796.0,83.0,15081.0,100.0,0.0,100.0,4.0,,,,,100.0,0.0,100.0,0.0,,,77.0,23.0,,,100.0,274.0,100.0,1182.0,23.0,23.0,100.0,0.0,100.0,0.0,200.0,0.0,100.0,14787.0,100.0,55543671600.0,100.0,127903909672.0
2019-11-22,ZCH0973Z,ST12000NM0007,12000138625024,0,84.0,242571224.0,94.0,0.0,100.0,5.0,100.0,0.0,88.0,665940214.0,83.0,15113.0,100.0,0.0,100.0,4.0,,,,,100.0,0.0,100.0,0.0,,,77.0,23.0,,,100.0,275.0,100.0,1183.0,23.0,23.0,100.0,0.0,100.0,0.0,200.0,0.0,100.0,14818.0,100.0,55564964848.0,100.0,128271596224.0
2019-11-23,ZCH0973Z,ST12000NM0007,12000138625024,0,83.0,188480904.0,94.0,0.0,100.0,5.0,100.0,0.0,88.0,668698600.0,83.0,15128.0,100.0,0.0,100.0,4.0,,,,,100.0,0.0,100.0,0.0,,,77.0,23.0,,,100.0,275.0,100.0,1184.0,23.0,23.0,100.0,0.0,100.0,0.0,200.0,0.0,100.0,14834.0,100.0,55569581728.0,100.0,128457029656.0
2019-11-24,ZCH0973Z,ST12000NM0007,12000138625024,0,84.0,234683296.0,94.0,0.0,100.0,5.0,100.0,0.0,88.0,672104213.0,83.0,15160.0,100.0,0.0,100.0,4.0,,,,,100.0,0.0,100.0,0.0,,,77.0,23.0,,,100.0,275.0,100.0,1185.0,23.0,23.0,100.0,0.0,100.0,0.0,200.0,0.0,100.0,14865.0,100.0,55569983232.0,100.0,128746971896.0
2019-11-25,ZCH0973Z,ST12000NM0007,12000138625024,0,84.0,238589664.0,94.0,0.0,100.0,5.0,100.0,0.0,88.0,673882698.0,83.0,15191.0,100.0,0.0,100.0,4.0,,,,,100.0,0.0,100.0,0.0,,,77.0,23.0,,,100.0,276.0,100.0,1187.0,23.0,23.0,100.0,0.0,100.0,0.0,200.0,0.0,100.0,14896.0,100.0,55570696368.0,100.0,128994305848.0
2019-11-26,ZCH0973Z,ST12000NM0007,12000138625024,0,82.0,155967144.0,94.0,0.0,100.0,5.0,100.0,0.0,88.0,674945202.0,83.0,15207.0,100.0,0.0,100.0,4.0,,,,,100.0,0.0,100.0,0.0,,,76.0,24.0,,,100.0,276.0,100.0,1187.0,24.0,24.0,100.0,0.0,100.0,0.0,200.0,0.0,100.0,14912.0,100.0,55570897464.0,100.0,129155623040.0
2019-11-27,ZCH0973Z,ST12000NM0007,12000138625024,0,83.0,198875224.0,94.0,0.0,100.0,5.0,100.0,0.0,88.0,676891862.0,83.0,15239.0,100.0,0.0,100.0,4.0,,,,,100.0,0.0,100.0,0.0,,,76.0,24.0,,,100.0,277.0,100.0,1190.0,24.0,24.0,100.0,0.0,100.0,0.0,200.0,0.0,100.0,14943.0,100.0,55571286696.0,100.0,129442282760.0
2019-11-28,ZCH0973Z,ST12000NM0007,12000138625024,0,80.0,89355720.0,94.0,0.0,100.0,5.0,100.0,0.0,88.0,677763723.0,83.0,15254.0,100.0,0.0,100.0,4.0,,,,,100.0,0.0,100.0,0.0,,,76.0,24.0,,,100.0,277.0,100.0,1190.0,24.0,24.0,100.0,0.0,100.0,0.0,200.0,0.0,100.0,14959.0,100.0,55571488272.0,100.0,129576702392.0
2019-11-29,ZCH0973Z,ST12000NM0007,12000138625024,0,81.0,141158896.0,94.0,0.0,100.0,5.0,100.0,0.0,88.0,681370390.0,83.0,15286.0,100.0,0.0,100.0,4.0,,,,,100.0,0.0,100.0,0.0,,,77.0,23.0,,,100.0,278.0,100.0,1191.0,23.0,23.0,100.0,0.0,100.0,0.0,200.0,0.0,100.0,14990.0,100.0,55571881136.0,100.0,129872253576.0
2019-11-30,ZCH0973Z,ST12000NM0007,12000138625024,0,78.0,57222448.0,94.0,0.0,100.0,5.0,100.0,0.0,88.0,685874592.0,83.0,15317.0,100.0,0.0,100.0,4.0,,,,,100.0,0.0,100.0,0.0,,,77.0,23.0,,,100.0,279.0,100.0,1193.0,23.0,23.0,100.0,0.0,100.0,0.0,200.0,0.0,100.0,15021.0,100.0,55572262888.0,100.0,130276216952.0
2019-12-01,ZCH0973Z,ST12000NM0007,12000138625024,0,82.0,173304760.0,94.0,0.0,100.0,5.0,100.0,0.0,88.0,688027497.0,83.0,15333.0,100.0,0.0,100.0,4.0,,,,,100.0,0.0,100.0,0.0,,,77.0,23.0,,,100.0,279.0,100.0,1193.0,23.0,23.0,100.0,0.0,100.0,0.0,200.0,0.0,100.0,15037.0,100.0,55572391008.0,100.0,130392171144.0
2019-12-02,ZCH0973Z,ST12000NM0007,12000138625024,0,83.0,184465000.0,94.0,0.0,100.0,5.0,100.0,0.0,88.0,689978117.0,83.0,15365.0,100.0,0.0,100.0,4.0,,,,,100.0,0.0,100.0,0.0,,,77.0,23.0,,,100.0,279.0,100.0,1195.0,23.0,23.0,100.0,0.0,100.0,0.0,200.0,0.0,100.0,15068.0,100.0,55572769160.0,100.0,130647093896.0
2019-12-03,ZCH0973Z,ST12000NM0007,12000138625024,0,79.0,85864992.0,94.0,0.0,100.0,5.0,100.0,0.0,88.0,691047421.0,83.0,15380.0,100.0,0.0,100.0,4.0,,,,,100.0,0.0,100.0,0.0,,,77.0,23.0,,,100.0,279.0,100.0,1195.0,23.0,23.0,100.0,0.0,100.0,0.0,200.0,0.0,100.0,15084.0,100.0,55572961384.0,100.0,130792442520.0
2019-12-04,ZCH0973Z,ST12000NM0007,12000138625024,0,75.0,29320648.0,94.0,0.0,100.0,5.0,100.0,0.0,88.0,692597433.0,83.0,15412.0,100.0,0.0,100.0,4.0,,,,,100.0,0.0,100.0,0.0,,,77.0,23.0,,,100.0,280.0,100.0,1197.0,23.0,23.0,100.0,0.0,100.0,0.0,200.0,0.0,100.0,15115.0,100.0,55573345864.0,100.0,130979654392.0
2019-12-05,ZCH0973Z,ST12000NM0007,12000138625024,0,83.0,185420664.0,94.0,0.0,100.0,5.0,100.0,0.0,88.0,694263174.0,83.0,15428.0,100.0,0.0,100.0,4.0,,,,,100.0,0.0,100.0,0.0,,,76.0,24.0,,,100.0,280.0,100.0,1197.0,24.0,24.0,100.0,0.0,100.0,0.0,200.0,0.0,100.0,15131.0,100.0,55573541200.0,100.0,131135559072.0
2019-12-06,ZCH0973Z,ST12000NM0007,12000138625024,0,81.0,140428672.0,94.0,0.0,100.0,5.0,100.0,0.0,88.0,696875410.0,83.0,15459.0,100.0,0.0,100.0,4.0,,,,,100.0,0.0,100.0,0.0,,,77.0,23.0,,,100.0,280.0,100.0,1199.0,23.0,23.0,100.0,0.0,100.0,0.0,200.0,0.0,100.0,15162.0,100.0,55573929176.0,100.0,131334319752.0
2019-12-07,ZCH0973Z,ST12000NM0007,12000138625024,0,83.0,213369504.0,94.0,0.0,100.0,5.0,100.0,0.0,88.0,697616873.0,83.0,15475.0,100.0,0.0,100.0,4.0,,,,,100.0,0.0,100.0,0.0,,,76.0,24.0,,,100.0,280.0,100.0,1199.0,24.0,24.0,100.0,0.0,100.0,0.0,200.0,0.0,100.0,15178.0,100.0,55574129144.0,100.0,131407060616.0
2019-12-08,ZCH0973Z,ST12000NM0007,12000138625024,0,82.0,142921576.0,94.0,0.0,100.0,5.0,100.0,0.0,88.0,700761991.0,83.0,15507.0,100.0,0.0,100.0,4.0,,,,,100.0,0.0,100.0,0.0,,,76.0,24.0,,,100.0,281.0,100.0,1201.0,24.0,24.0,100.0,0.0,100.0,0.0,200.0,0.0,100.0,15210.0,100.0,55574434936.0,100.0,131580447528.0
2019-12-09,ZCH0973Z,ST12000NM0007,12000138625024,0,83.0,215654064.0,94.0,0.0,100.0,5.0,100.0,0.0,88.0,701492931.0,83.0,15523.0,100.0,0.0,100.0,4.0,,,,,100.0,0.0,100.0,0.0,,,77.0,23.0,,,100.0,281.0,100.0,1201.0,23.0,23.0,100.0,0.0,100.0,0.0,200.0,0.0,100.0,15225.0,100.0,55574623960.0,100.0,131652990992.0
2019-12-10,ZCH0973Z,ST12000NM0007,12000138625024,0,83.0,205783920.0,94.0,0.0,100.0,5.0,100.0,0.0,88.0,703271370.0,83.0,15554.0,100.0,0.0,100.0,4.0,,,,,100.0,0.0,100.0,0.0,,,77.0,23.0,,,100.0,281.0,100.0,1203.0,23.0,23.0,100.0,0.0,100.0,0.0,200.0,0.0,100.0,15257.0,100.0,55575005400.0,100.0,131886880200.0
2019-12-11,ZCH0973Z,ST12000NM0007,12000138625024,0,78.0,61223984.0,94.0,0.0,100.0,5.0,100.0,0.0,88.0,704110242.0,83.0,15570.0,100.0,0.0,100.0,4.0,,,,,100.0,0.0,100.0,0.0,,,77.0,23.0,,,100.0,281.0,100.0,1203.0,23.0,23.0,100.0,0.0,100.0,0.0,200.0,0.0,100.0,15273.0,100.0,55575194448.0,100.0,131986271848.0
2019-12-12,ZCH0973Z,ST12000NM0007,12000138625024,0,81.0,131453280.0,94.0,0.0,100.0,5.0,100.0,0.0,88.0,707778474.0,83.0,15601.0,100.0,0.0,100.0,4.0,,,,,100.0,0.0,100.0,0.0,,,77.0,23.0,,,100.0,282.0,100.0,1205.0,23.0,23.0,100.0,0.0,100.0,0.0,200.0,0.0,100.0,15304.0,100.0,55575577672.0,100.0,132300258592.0
2019-12-13,ZCH0973Z,ST12000NM0007,12000138625024,0,78.0,69616440.0,94.0,0.0,100.0,5.0,100.0,0.0,89.0,708993762.0,83.0,15617.0,100.0,0.0,100.0,4.0,,,,,100.0,0.0,100.0,0.0,,,76.0,24.0,,,100.0,282.0,100.0,1205.0,24.0,24.0,100.0,0.0,100.0,0.0,200.0,0.0,100.0,15319.0,100.0,55575773968.0,100.0,132482366192.0
2019-12-14,ZCH0973Z,ST12000NM0007,12000138625024,0,77.0,44677056.0,94.0,0.0,100.0,5.0,100.0,0.0,89.0,710754753.0,83.0,15648.0,100.0,0.0,100.0,4.0,,,,,100.0,0.0,100.0,0.0,,,77.0,23.0,,,100.0,282.0,100.0,1207.0,23.0,23.0,100.0,0.0,100.0,0.0,200.0,0.0,100.0,15351.0,100.0,55577986072.0,100.0,132699355392.0
2019-12-15,ZCH0973Z,ST12000NM0007,12000138625024,0,82.0,170000432.0,94.0,0.0,100.0,5.0,100.0,0.0,89.0,713890193.0,83.0,15664.0,100.0,0.0,100.0,4.0,,,,,100.0,0.0,100.0,0.0,,,77.0,23.0,,,100.0,282.0,100.0,1207.0,23.0,23.0,100.0,0.0,100.0,0.0,200.0,0.0,100.0,15367.0,100.0,55578072984.0,100.0,132824591856.0
2019-12-16,ZCH0973Z,ST12000NM0007,12000138625024,0,81.0,118210408.0,94.0,0.0,100.0,5.0,100.0,0.0,89.0,716656270.0,83.0,15696.0,100.0,0.0,100.0,4.0,,,,,100.0,0.0,100.0,0.0,,,78.0,22.0,,,100.0,283.0,100.0,1209.0,22.0,22.0,100.0,0.0,100.0,0.0,200.0,0.0,100.0,15398.0,100.0,55578461304.0,100.0,133016554256.0
2019-12-17,ZCH0973Z,ST12000NM0007,12000138625024,0,82.0,158833184.0,94.0,0.0,100.0,5.0,100.0,0.0,89.0,717125988.0,83.0,15712.0,100.0,0.0,100.0,4.0,,,,,100.0,0.0,100.0,0.0,,,78.0,22.0,,,100.0,283.0,100.0,1209.0,22.0,22.0,100.0,0.0,100.0,0.0,200.0,0.0,100.0,15414.0,100.0,55578656680.0,100.0,133056981656.0
2019-12-18,ZCH0973Z,ST12000NM0007,12000138625024,0,77.0,52419904.0,94.0,0.0,100.0,5.0,100.0,0.0,89.0,718569668.0,83.0,15743.0,100.0,0.0,100.0,4.0,,,,,100.0,0.0,100.0,0.0,,,77.0,23.0,,,100.0,284.0,100.0,1211.0,23.0,23.0,100.0,0.0,100.0,0.0,200.0,0.0,100.0,15445.0,100.0,55579047704.0,100.0,133194317992.0
2019-12-19,ZCH0973Z,ST12000NM0007,12000138625024,0,81.0,125002672.0,94.0,0.0,100.0,5.0,100.0,0.0,89.0,719092842.0,83.0,15759.0,100.0,0.0,100.0,4.0,,,,,100.0,0.0,100.0,0.0,,,77.0,23.0,,,100.0,284.0,100.0,1211.0,23.0,23.0,100.0,0.0,100.0,0.0,200.0,0.0,100.0,15461.0,100.0,55579243472.0,100.0,133266704992.0
2019-12-20,ZCH0973Z,ST12000NM0007,12000138625024,0,78.0,56439008.0,94.0,0.0,100.0,5.0,100.0,0.0,89.0,720463472.0,82.0,15791.0,100.0,0.0,100.0,4.0,,,,,100.0,0.0,100.0,0.0,,,77.0,23.0,,,100.0,285.0,100.0,1213.0,23.0,23.0,100.0,0.0,100.0,0.0,200.0,0.0,100.0,15493.0,100.0,55579630496.0,100.0,133441895090.0
2019-12-21,ZCH0973Z,ST12000NM0007,12000138625024,0,81.0,113739856.0,94.0,0.0,100.0,5.0,100.0,0.0,89.0,720989111.0,82.0,15807.0,100.0,0.0,100.0,4.0,,,,,100.0,0.0,100.0,0.0,,,77.0,23.0,,,100.0,285.0,100.0,1213.0,23.0,23.0,100.0,0.0,100.0,0.0,200.0,0.0,100.0,15509.0,100.0,55579826936.0,100.0,133498999498.0
2019-12-22,ZCH0973Z,ST12000NM0007,12000138625024,0,83.0,209063080.0,94.0,0.0,100.0,5.0,100.0,0.0,89.0,724725937.0,82.0,15839.0,100.0,0.0,100.0,4.0,,,,,100.0,0.0,100.0,0.0,,,76.0,24.0,,,100.0,287.0,100.0,1215.0,24.0,24.0,100.0,0.0,100.0,0.0,200.0,0.0,100.0,15540.0,100.0,55580226128.0,100.0,133838064314.0
2019-12-23,ZCH0973Z,ST12000NM0007,12000138625024,0,77.0,55032960.0,94.0,0.0,100.0,5.0,100.0,0.0,89.0,725476166.0,82.0,15854.0,100.0,0.0,100.0,4.0,,,,,100.0,0.0,100.0,0.0,,,77.0,23.0,,,100.0,287.0,100.0,1215.0,23.0,23.0,100.0,0.0,100.0,0.0,200.0,0.0,100.0,15556.0,100.0,55580419464.0,100.0,133927981610.0
2019-12-24,ZCH0973Z,ST12000NM0007,12000138625024,0,84.0,237462576.0,94.0,0.0,100.0,5.0,100.0,0.0,89.0,726791690.0,82.0,15886.0,100.0,0.0,100.0,4.0,,,,,100.0,0.0,100.0,0.0,,,77.0,23.0,,,100.0,288.0,100.0,1217.0,23.0,23.0,100.0,0.0,100.0,0.0,200.0,0.0,100.0,15587.0,100.0,55580815848.0,100.0,134110014842.0
2019-12-25,ZCH0973Z,ST12000NM0007,12000138625024,0,77.0,50457456.0,94.0,0.0,100.0,5.0,100.0,0.0,89.0,727405516.0,82.0,15902.0,100.0,0.0,100.0,4.0,,,,,100.0,0.0,100.0,0.0,,,77.0,23.0,,,100.0,288.0,100.0,1217.0,23.0,23.0,100.0,0.0,100.0,0.0,200.0,0.0,100.0,15602.0,100.0,55581010184.0,100.0,134166956274.0
2019-12-26,ZCH0973Z,ST12000NM0007,12000138625024,0,76.0,41971896.0,94.0,0.0,100.0,5.0,100.0,0.0,89.0,728924050.0,82.0,15933.0,100.0,0.0,100.0,4.0,,,,,100.0,0.0,100.0,0.0,,,77.0,23.0,,,100.0,289.0,100.0,1219.0,23.0,23.0,100.0,0.0,100.0,0.0,200.0,0.0,100.0,15634.0,100.0,55581394104.0,100.0,134402227770.0
2019-12-27,ZCH0973Z,ST12000NM0007,12000138625024,0,84.0,230760384.0,94.0,0.0,100.0,5.0,100.0,0.0,89.0,730057645.0,82.0,15949.0,100.0,0.0,100.0,4.0,,,,,100.0,0.0,100.0,0.0,,,77.0,23.0,,,100.0,289.0,100.0,1219.0,23.0,23.0,100.0,0.0,100.0,0.0,200.0,0.0,100.0,15649.0,100.0,55581595040.0,100.0,134590815322.0
2019-12-28,ZCH0973Z,ST12000NM0007,12000138625024,0,82.0,156384752.0,94.0,0.0,100.0,5.0,100.0,0.0,89.0,731395758.0,82.0,15980.0,100.0,0.0,100.0,4.0,,,,,100.0,0.0,100.0,0.0,,,77.0,23.0,,,100.0,290.0,100.0,1221.0,23.0,23.0,100.0,0.0,100.0,0.0,200.0,0.0,100.0,15680.0,100.0,55581987200.0,100.0,134760188306.0
2019-12-29,ZCH0973Z,ST12000NM0007,12000138625024,0,80.0,97206832.0,94.0,0.0,100.0,5.0,100.0,0.0,89.0,732451528.0,82.0,15996.0,100.0,0.0,100.0,4.0,,,,,100.0,0.0,100.0,0.0,,,77.0,23.0,,,100.0,290.0,100.0,1221.0,23.0,23.0,100.0,0.0,100.0,0.0,200.0,0.0,100.0,15696.0,100.0,55582179488.0,100.0,134944958858.0
2019-12-30,ZCH0973Z,ST12000NM0007,12000138625024,0,81.0,126185128.0,94.0,0.0,100.0,5.0,100.0,0.0,89.0,734272384.0,82.0,16027.0,100.0,0.0,100.0,4.0,,,,,100.0,0.0,100.0,0.0,,,77.0,23.0,,,100.0,290.0,100.0,1223.0,23.0,23.0,100.0,0.0,100.0,0.0,200.0,0.0,100.0,15727.0,100.0,55582567840.0,100.0,135217689610.0
2019-12-31,ZCH0973Z,ST12000NM0007,12000138625024,0,78.0,68232712.0,94.0,0.0,100.0,5.0,100.0,0.0,89.0,735601081.0,82.0,16043.0,100.0,0.0,100.0,4.0,,,,,100.0,0.0,100.0,0.0,,,77.0,23.0,,,100.0,290.0,100.0,1223.0,23.0,23.0,100.0,0.0,100.0,0.0,200.0,0.0,100.0,15743.0,100.0,55582758088.0,100.0,135403687866.0
