2019-01-01,ZCH0E995,ST12000NM0007,12000138625024,0,78,65974048,92.0,0.0,100.0,6.0,100.0,0.0,88.0,619742431.0,94,5684,100.0,0.0,100,6,,,,,100.0,0.0,100.0,0.0,,,69.0,31.0,,,100.0,77.0,100.0,662.0,31,31,100.0,0.0,100.0,0.0,200.0,0.0,100.0,5514.0,100.0,34803082664.0,100.0,44852829442.0
2019-01-02,ZCH0E995,ST12000NM0007,12000138625024,0,82,147983138,91.0,0.0,100.0,7.0,100.0,0.0,88.0,620754206.0,94,5715,100.0,0.0,100,7,,,,,100.0,0.0,100.0,0.0,,,69.0,31.0,,,100.0,78.0,100.0,666.0,31,31,100.0,0.0,100.0,0.0,200.0,0.0,100.0,5546.0,100.0,34824257752.0,100.0,44913663444.0
2019-01-03,ZCH0E995,ST12000NM0007,12000138625024,0,84.0,239714546.0,91.0,0.0,100.0,7.0,100.0,0.0,88.0,621730491.0,94.0,5733.0,100.0,0.0,100.0,7.0,,,,,100.0,0.0,100.0,0.0,,,68.0,32.0,,,100.0,78.0,100.0,667.0,32.0,32.0,100.0,0.0,100.0,0.0,200.0,0.0,100.0,5563.0,100.0,34846093848.0,100.0,44983558756.0
2019-01-04,ZCH0E995,ST12000NM0007,12000138625024,0,82,161168608,91.0,0.0,100.0,7.0,100.0,0.0,88.0,624285243.0,94,5752,100.0,0.0,100,7,,,,,100.0,0.0,100.0,0.0,,,68.0,32.0,,,100.0,78.0,100.0,667.0,32,32,100.0,0.0,100.0,0.0,200.0,0.0,100.0,5582.0,100.0,34866370888.0,100.0,45128876516.0
2019-01-05,ZCH0E995,ST12000NM0007,12000138625024,0,84,239360632,91.0,0.0,100.0,7.0,100.0,0.0,88.0,625134727.0,94,5768,100.0,0.0,100,7,,,,,100.0,0.0,100.0,0.0,,,68.0,32.0,,,100.0,78.0,100.0,668.0,32,32,100.0,0.0,100.0,0.0,200.0,0.0,100.0,5598.0,100.0,34879730976.0,100.0,45193708460.0
2019-01-06,ZCH0E995,ST12000NM0007,12000138625024,0,82,144614512,91.0,0.0,100.0,7.0,100.0,0.0,88.0,626855863.0,94,5800,100.0,0.0,100,7,,,,,100.0,0.0,100.0,0.0,,,68.0,32.0,,,100.0,79.0,100.0,669.0,32,32,100.0,0.0,100.0,0.0,200.0,0.0,100.0,5630.0,100.0,34907697968.0,100.0,45315135980.0
2019-01-07,ZCH0E995,ST12000NM0007,12000138625024,0,73,19035168,91.0,0.0,100.0,7.0,100.0,0.0,88.0,628380744.0,94,5816,100.0,0.0,100,7,,,,,100.0,0.0,100.0,0.0,,,68.0,32.0,,,100.0,80.0,100.0,670.0,32,32,100.0,0.0,100.0,0.0,200.0,0.0,100.0,5646.0,100.0,34926914232.0,100.0,45414481012.0
2019-01-08,ZCH0E995,ST12000NM0007,12000138625024,0,83,215396592,91.0,0.0,100.0,7.0,100.0,0.0,88.0,630290927.0,94,5847,100.0,0.0,100,7,,,,,100.0,0.0,100.0,0.0,,,66.0,34.0,,,100.0,81.0,100.0,671.0,34,34,100.0,0.0,100.0,0.0,200.0,0.0,100.0,5677.0,100.0,34974521632.0,100.0,45563235044.0
2019-01-09,ZCH0E995,ST12000NM0007,12000138625024,0,76,44584952,91.0,0.0,100.0,7.0,100.0,0.0,88.0,631138246.0,94,5863,100.0,0.0,100,7,,,,,100.0,0.0,100.0,0.0,,,63.0,37.0,,,100.0,82.0,100.0,672.0,37,37,100.0,0.0,100.0,0.0,200.0,0.0,100.0,5693.0,100.0,35001807240.0,100.0,45609278492.0
2019-01-10,ZCH0E995,ST12000NM0007,12000138625024,0,84,227033016,91.0,0.0,100.0,7.0,100.0,0.0,88.0,632780876.0,94,5895,100.0,0.0,100,7,,,,,100.0,0.0,100.0,0.0,,,63.0,37.0,,,100.0,83.0,100.0,673.0,37,37,100.0,0.0,100.0,0.0,200.0,0.0,100.0,5725.0,100.0,35033851288.0,100.0,45759682508.0
2019-01-11,ZCH0E995,ST12000NM0007,12000138625024,0,79.0,81250368.0,91.0,0.0,100.0,7.0,100.0,0.0,88.0,634030978.0,94.0,5911.0,100.0,0.0,100.0,7.0,,,,,100.0,0.0,100.0,0.0,,,62.0,38.0,,,100.0,83.0,100.0,674.0,38.0,38.0,100.0,0.0,100.0,0.0,200.0,0.0,100.0,5741.0,100.0,35045550040.0,100.0,45846342012.0
2019-01-12,ZCH0E995,ST12000NM0007,12000138625024,0,76,38474256,91.0,0.0,100.0,7.0,100.0,0.0,88.0,636451780.0,94,5943,100.0,0.0,100,7,,,,,100.0,0.0,100.0,0.0,,,63.0,37.0,,,100.0,84.0,100.0,675.0,37,37,100.0,0.0,100.0,0.0,200.0,0.0,100.0,5773.0,100.0,35070171440.0,100.0,46023085228.0
2019-01-13,ZCH0E995,ST12000NM0007,12000138625024,0,81,131136352,91.0,0.0,100.0,7.0,100.0,0.0,88.0,637349524.0,94,5959,100.0,0.0,100,7,,,,,100.0,0.0,100.0,0.0,,,63.0,37.0,,,100.0,85.0,100.0,676.0,37,37,100.0,0.0,100.0,0.0,200.0,0.0,100.0,5788.0,100.0,35088632784.0,100.0,46097285980.0
2019-01-14,ZCH0E995,ST12000NM0007,12000138625024,0,78,63249944,91.0,0.0,100.0,7.0,100.0,0.0,88.0,639645151.0,94,5991,100.0,0.0,100,7,,,,,100.0,0.0,100.0,0.0,,,63.0,37.0,,,100.0,85.0,100.0,677.0,37,37,100.0,0.0,100.0,0.0,200.0,0.0,100.0,5820.0,100.0,35111878688.0,100.0,46250294316.0
2019-01-15,ZCH0E995,ST12000NM0007,12000138625024,0,82.0,143085744.0,91.0,0.0,100.0,7.0,100.0,0.0,88.0,640362252.0,94.0,6007.0,100.0,0.0,100.0,7.0,,,,,100.0,0.0,100.0,0.0,,,63.0,37.0,,,100.0,86.0,100.0,678.0,37.0,37.0,100.0,0.0,100.0,0.0,200.0,0.0,100.0,5836.0,100.0,35119691328.0,100.0,46322317476.0
2019-01-16,ZCH0E995,ST12000NM0007,12000138625024,0,81,130734728,91.0,0.0,100.0,7.0,100.0,0.0,88.0,642286146.0,94,6039,100.0,0.0,100,7,,,,,100.0,0.0,100.0,0.0,,,68.0,32.0,,,100,87,100.0,679.0,32,32,100.0,0.0,100.0,0.0,200.0,0.0,100.0,5868.0,100.0,35145476040.0,100.0,46528322404.0
2019-01-17,ZCH0E995,ST12000NM0007,12000138625024,0,80,95430032,91.0,0.0,100.0,7.0,100.0,0.0,88.0,644059064.0,94,6070,100.0,0.0,100,7,,,,,100.0,0.0,100.0,0.0,,,69.0,31.0,,,100,89,100.0,681.0,31,31,100.0,0.0,100.0,0.0,200.0,0.0,100.0,5900.0,100.0,35166252456.0,100.0,46716381964.0
2019-01-18,ZCH0E995,ST12000NM0007,12000138625024,0,83,222493456,91.0,0.0,100.0,7.0,100.0,0.0,88.0,645515955.0,94,6086,100.0,0.0,100,7,,,,,100.0,0.0,100.0,0.0,,,70.0,30.0,,,100,89,100.0,681.0,30,30,100.0,0.0,100.0,0.0,200.0,0.0,100.0,5915.0,100.0,35178317888.0,100.0,46831379956.0
2019-01-19,ZCH0E995,ST12000NM0007,12000138625024,0,82,174295192,91.0,0.0,100.0,7.0,100.0,0.0,88.0,647153057.0,94,6118,100.0,0.0,100,7,,,,,100.0,0.0,100.0,0.0,,,69.0,31.0,,,100,91,100.0,683.0,31,31,100.0,0.0,100.0,0.0,200.0,0.0,100.0,5947.0,100.0,35205518408.0,100.0,47000121844.0
2019-01-20,ZCH0E995,ST12000NM0007,12000138625024,0,74,22408624,91.0,0.0,100.0,7.0,100.0,0.0,88.0,648015614.0,93,6134,100.0,0.0,100,7,,,,,100.0,0.0,100.0,0.0,,,69.0,31.0,,,100,91,100.0,683.0,31,31,100.0,0.0,100.0,0.0,200.0,0.0,100.0,5963.0,100.0,35223977392.0,100.0,47073916932.0
2019-01-21,ZCH0E995,ST12000NM0007,12000138625024,0,84,225914904,91.0,0.0,100.0,7.0,100.0,0.0,88.0,650331999.0,93,6166,100.0,0.0,100,7,,,,,100.0,0.0,100.0,0.0,,,69.0,31.0,,,100,91,100.0,685.0,31,31,100.0,0.0,100.0,0.0,200.0,0.0,100.0,5994.0,100.0,35264333984.0,100.0,47237066620.0
2019-01-22,ZCH0E995,ST12000NM0007,12000138625024,0,77.0,46991672.0,91.0,0.0,100.0,7.0,100.0,0.0,88.0,651046179.0,93.0,6181.0,100.0,0.0,100.0,7.0,,,,,100.0,0.0,100.0,0.0,,,69.0,31.0,,,100.0,91.0,100.0,685.0,31.0,31.0,100.0,0.0,100.0,0.0,200.0,0.0,100.0,6010.0,100.0,35277813032.0,100.0,47288805076.0
2019-01-23,ZCH0E995,ST12000NM0007,12000138625024,0,100.0,2408960.0,91.0,0.0,100.0,7.0,100.0,0.0,88.0,653137885.0,93.0,6213.0,100.0,0.0,100.0,7.0,,,,,100.0,0.0,100.0,0.0,,,69.0,31.0,,,100.0,92.0,100.0,687.0,31.0,31.0,100.0,0.0,100.0,0.0,200.0,0.0,100.0,6042.0,100.0,35306202472.0,100.0,47459973668.0
2019-01-24,ZCH0E995,ST12000NM0007,12000138625024,0,81.0,127365048.0,91.0,0.0,100.0,7.0,100.0,0.0,88.0,654460732.0,93.0,6229.0,100.0,0.0,100.0,7.0,,,,,100.0,0.0,100.0,0.0,,,68.0,32.0,,,100.0,92.0,100.0,688.0,32.0,32.0,100.0,0.0,100.0,0.0,200.0,0.0,100.0,6057.0,100.0,35328581992.0,100.0,47562550236.0
2019-01-25,ZCH0E995,ST12000NM0007,12000138625024,0,81,122667224,91.0,0.0,100.0,7.0,100.0,0.0,88.0,656753961.0,93,6261,100.0,0.0,100,7,,,,,100.0,0.0,100.0,0.0,,,68.0,32.0,,,100,93,100.0,689.0,32,32,100.0,0.0,100.0,0.0,200.0,0.0,100.0,6089.0,100.0,35357898768.0,100.0,47772676652.0
2019-01-26,ZCH0E995,ST12000NM0007,12000138625024,0,67,5062496,91.0,0.0,100.0,7.0,100.0,0.0,88.0,658074746.0,93,6277,100.0,0.0,100,7,,,,,100.0,0.0,100.0,0.0,,,68.0,32.0,,,100,93,100.0,690.0,32,32,100.0,0.0,100.0,0.0,200.0,0.0,100.0,6105.0,100.0,35373539792.0,100.0,47883571964.0
2019-01-27,ZCH0E995,ST12000NM0007,12000138625024,0,79,88230776,91.0,0.0,100.0,7.0,100.0,0.0,88.0,660933160.0,93,6308,100.0,0.0,100,7,,,,,100.0,0.0,100.0,0.0,,,68.0,32.0,,,100,93,100.0,691.0,32,32,100.0,0.0,100.0,0.0,200.0,0.0,100.0,6136.0,100.0,35407783080.0,100.0,48176637588.0
2019-01-28,ZCH0E995,ST12000NM0007,12000138625024,0,78,61219104,91.0,0.0,100.0,7.0,100.0,0.0,88.0,663940624.0,93,6324,100.0,0.0,100,7,,,,,100.0,0.0,100.0,0.0,,,67.0,33.0,,,100,93,100.0,692.0,33,33,100.0,0.0,100.0,0.0,200.0,0.0,100.0,6152.0,100.0,35453137408.0,100.0,48348412220.0
2019-01-29,ZCH0E995,ST12000NM0007,12000138625024,0,82,152962936,91.0,0.0,100.0,7.0,100.0,0.0,88.0,667379033.0,93,6356,100.0,0.0,100,7,,,,,100.0,0.0,100.0,0.0,,,63.0,37.0,,,100,94,100.0,693.0,37,37,100.0,0.0,100.0,0.0,200.0,0.0,100.0,6183.0,100.0,35520659096.0,100.0,48616775340.0
2019-01-30,ZCH0E995,ST12000NM0007,12000138625024,0,77,50989704,91.0,0.0,100.0,7.0,100.0,0.0,88.0,668795007.0,93,6372,100.0,0.0,100,7,,,,,100.0,0.0,100.0,0.0,,,63.0,37.0,,,100,94,100.0,694.0,37,37,100.0,0.0,100.0,0.0,200.0,0.0,100.0,6199.0,100.0,35539987536.0,100.0,48739614348.0
2019-01-31,ZCH0E995,ST12000NM0007,12000138625024,0,80,106177256,91.0,0.0,100.0,7.0,100.0,0.0,88.0,671949502.0,93,6404,100.0,0.0,100,7,,,,,100.0,0.0,100.0,0.0,,,62.0,38.0,,,100,94,100.0,695.0,38,38,100.0,0.0,100.0,0.0,200.0,0.0,100.0,6231.0,100.0,35622678776.0,100.0,48956251300.0
2019-02-01,ZCH0E995,ST12000NM0007,12000138625024,0,73,21135680,91.0,0.0,100.0,7.0,100.0,0.0,88.0,673751324.0,93,6419,100.0,0.0,100,7,,,,,100.0,0.0,100.0,0.0,,,62.0,38.0,,,100,94,100.0,696.0,38,38,100.0,0.0,100.0,0.0,200.0,0.0,100.0,6247.0,100.0,35649755632.0,100.0,49088273708.0
2019-02-02,ZCH0E995,ST12000NM0007,12000138625024,0,75.0,33938952.0,91.0,0.0,100.0,7.0,100.0,0.0,88.0,676629348.0,93.0,6451.0,100.0,0.0,100.0,7.0,,,,,100.0,0.0,100.0,0.0,,,63.0,37.0,,,100.0,94.0,100.0,697.0,37.0,37.0,100.0,0.0,100.0,0.0,200.0,0.0,100.0,6278.0,100.0,35690119992.0,100.0,49304853276.0
2019-02-03,ZCH0E995,ST12000NM0007,12000138625024,0,83,188717784,91.0,0.0,100.0,7.0,100.0,0.0,88.0,678428840.0,93,6467,100.0,0.0,100,7,,,,,100.0,0.0,100.0,0.0,,,62.0,38.0,,,100,95,100.0,698.0,38,38,100.0,0.0,100.0,0.0,200.0,0.0,100.0,6294.0,100.0,35726954792.0,100.0,49422797308.0
2019-02-04,ZCH0E995,ST12000NM0007,12000138625024,0,75,30335312,91.0,0.0,100.0,7.0,100.0,0.0,88.0,682165064.0,93,6498,100.0,0.0,100,7,,,,,100.0,0.0,100.0,0.0,,,62.0,38.0,,,100,95,100.0,699.0,38,38,100.0,0.0,100.0,0.0,200.0,0.0,100.0,6325.0,100.0,35796875216.0,100.0,49682775860.0
2019-02-05,ZCH0E995,ST12000NM0007,12000138625024,0,81.0,139514384.0,91.0,0.0,100.0,7.0,100.0,0.0,88.0,686470584.0,93.0,6530.0,100.0,0.0,100.0,7.0,,,,,100.0,0.0,100.0,0.0,,,68.0,32.0,,,100.0,96.0,100.0,701.0,32.0,32.0,100.0,0.0,100.0,0.0,200.0,0.0,100.0,6357.0,100.0,35889263192.0,100.0,49943707588.0
2019-02-06,ZCH0E995,ST12000NM0007,12000138625024,0,72,14572360,91.0,0.0,100.0,7.0,100.0,0.0,88.0,687711751.0,93,6546,100.0,0.0,100,7,,,,,100.0,0.0,100.0,0.0,,,68.0,32.0,,,100,96,100.0,701.0,32,32,100.0,0.0,100.0,0.0,200.0,0.0,100.0,6373.0,100.0,35911235400.0,100.0,50040934036.0
2019-02-07,ZCH0E995,ST12000NM0007,12000138625024,0,82.0,172974968.0,91.0,0.0,100.0,7.0,100.0,0.0,88.0,689162979.0,93.0,6562.0,100.0,0.0,100.0,7.0,,,,,100.0,0.0,100.0,0.0,,,69.0,31.0,,,100.0,96.0,100.0,702.0,31.0,31.0,100.0,0.0,100.0,0.0,200.0,0.0,100.0,6388.0,100.0,35936418720.0,100.0,50174153324.0
2019-02-08,ZCH0E995,ST12000NM0007,12000138625024,0,83,199021912,91.0,0.0,100.0,7.0,100.0,0.0,88.0,692430749.0,93,6593,100.0,0.0,100,7,,,,,100.0,0.0,100.0,0.0,,,69.0,31.0,,,100,96,100.0,703.0,31,31,100.0,0.0,100.0,0.0,200.0,0.0,100.0,6420.0,100.0,35974623160.0,100.0,50406136540.0
2019-02-09,ZCH0E995,ST12000NM0007,12000138625024,0,78.0,63416032.0,91.0,0.0,100.0,7.0,100.0,0.0,88.0,693466267.0,93.0,6609.0,100.0,0.0,100.0,7.0,,,,,100.0,0.0,100.0,0.0,,,69.0,31.0,,,100.0,96.0,100.0,704.0,31.0,31.0,100.0,0.0,100.0,0.0,200.0,0.0,100.0,6436.0,100.0,35986767368.0,100.0,50502527332.0
2019-02-10,ZCH0E995,ST12000NM0007,12000138625024,0,82,143948464,91.0,0.0,100.0,7.0,100.0,0.0,88.0,695719847.0,93,6641,100.0,0.0,100,7,,,,,100.0,0.0,100.0,0.0,,,68.0,32.0,,,100,97,100.0,705.0,32,32,100.0,0.0,100.0,0.0,200.0,0.0,100.0,6468.0,100.0,36015856296.0,100.0,50798111476.0
2019-02-11,ZCH0E995,ST12000NM0007,12000138625024,0,78,62979840,91.0,0.0,100.0,7.0,100.0,0.0,88.0,697612244.0,93,6657,100.0,0.0,100,7,,,,,100.0,0.0,100.0,0.0,,,69.0,31.0,,,100,98,100.0,706.0,31,31,100.0,0.0,100.0,0.0,200.0,0.0,100.0,6483.0,100.0,36039429632.0,100.0,50937710236.0
2019-02-12,ZCH0E995,ST12000NM0007,12000138625024,0,81.0,124618848.0,91.0,0.0,100.0,7.0,100.0,0.0,88.0,700082298.0,93.0,6689.0,100.0,0.0,100.0,7.0,,,,,100.0,0.0,100.0,0.0,,,68.0,32.0,,,100.0,99.0,100.0,707.0,32.0,32.0,100.0,0.0,100.0,0.0,200.0,0.0,100.0,6515.0,100.0,36079392976.0,100.0,51203527084.0
2019-02-13,ZCH0E995,ST12000NM0007,12000138625024,0,70,8968280,91.0,0.0,100.0,7.0,100.0,0.0,88.0,701320656.0,93,6705,100.0,0.0,100,7,,,,,100.0,0.0,100.0,0.0,,,68.0,32.0,,,100,100,100.0,708.0,32,32,100.0,0.0,100.0,0.0,200.0,0.0,100.0,6530.0,100.0,36100254168.0,100.0,51311155972.0
2019-02-14,ZCH0E995,ST12000NM0007,12000138625024,0,78,64040032,91.0,0.0,100.0,7.0,100.0,0.0,88.0,704187378.0,93,6736,100.0,0.0,100,7,,,,,100.0,0.0,100.0,0.0,,,68.0,32.0,,,100,100,100.0,709.0,32,32,100.0,0.0,100.0,0.0,200.0,0.0,100.0,6562.0,100.0,36180712064.0,100.0,51529910940.0
2019-02-15,ZCH0E995,ST12000NM0007,12000138625024,0,84.0,232919936.0,91.0,0.0,100.0,7.0,100.0,0.0,88.0,705805278.0,93.0,6752.0,100.0,0.0,100.0,7.0,,,,,100.0,0.0,100.0,0.0,,,67.0,33.0,,,100.0,100.0,100.0,710.0,33.0,33.0,100.0,0.0,100.0,0.0,200.0,0.0,100.0,6578.0,100.0,36215660480.0,100.0,51663842428.0
2019-02-16,ZCH0E995,ST12000NM0007,12000138625024,0,78.0,69644560.0,91.0,0.0,100.0,7.0,100.0,0.0,89.0,709992776.0,93.0,6784.0,100.0,0.0,100.0,7.0,,,,,100.0,0.0,100.0,0.0,,,68.0,32.0,,,100.0,100.0,100.0,711.0,32.0,32.0,100.0,0.0,100.0,0.0,200.0,0.0,100.0,6609.0,100.0,36275887976.0,100.0,51928621060.0
2019-02-17,ZCH0E995,ST12000NM0007,12000138625024,0,83,222686392,91.0,0.0,100.0,7.0,100.0,0.0,89.0,711531014.0,93,6800,100.0,0.0,100,7,,,,,100.0,0.0,100.0,0.0,,,68.0,32.0,,,100,100,100.0,712.0,32,32,100.0,0.0,100.0,0.0,200.0,0.0,100.0,6625.0,100.0,36328461000.0,100.0,52029089868.0
2019-02-18,ZCH0E995,ST12000NM0007,12000138625024,0,78,60968808,91.0,0.0,100.0,7.0,100.0,0.0,89.0,714913106.0,93,6831,100.0,0.0,100,7,,,,,100.0,0.0,100.0,0.0,,,68.0,32.0,,,100,101,100.0,713.0,32,32,100.0,0.0,100.0,0.0,200.0,0.0,100.0,6657.0,100.0,36405120416.0,100.0,52278994372.0
2019-02-19,ZCH0E995,ST12000NM0007,12000138625024,0,83,222378616,91.0,0.0,100.0,7.0,100.0,0.0,89.0,716318355.0,93,6847,100.0,0.0,100,7,,,,,100.0,0.0,100.0,0.0,,,68.0,32.0,,,100,101,100.0,714.0,32,32,100.0,0.0,100.0,0.0,200.0,0.0,100.0,6673.0,100.0,36444674528.0,100.0,52400850068.0
2019-02-20,ZCH0E995,ST12000NM0007,12000138625024,0,74.0,23396088.0,91.0,0.0,100.0,7.0,100.0,0.0,89.0,719147182.0,93.0,6879.0,100.0,0.0,100.0,7.0,,,,,100.0,0.0,100.0,0.0,,,63.0,37.0,,,100.0,101.0,100.0,715.0,37.0,37.0,100.0,0.0,100.0,0.0,200.0,0.0,100.0,6704.0,100.0,36526001496.0,100.0,52608821884.0
2019-02-21,ZCH0E995,ST12000NM0007,12000138625024,0,79,78507856,91.0,0.0,100.0,7.0,100.0,0.0,89.0,722232066.0,93,6910,100.0,0.0,100,7,,,,,100.0,0.0,100.0,0.0,,,62.0,38.0,,,100,101,100.0,716.0,38,38,100.0,0.0,100.0,0.0,200.0,0.0,100.0,6735.0,100.0,36617254152.0,100.0,52816821740.0
2019-02-22,ZCH0E995,ST12000NM0007,12000138625024,0,84,241495560,91.0,0.0,100.0,7.0,100.0,0.0,89.0,724386841.0,93,6926,100.0,0.0,100,7,,,,,100.0,0.0,100.0,0.0,,,62.0,38.0,,,100,101,100.0,717.0,38,38,100.0,0.0,100.0,0.0,200.0,0.0,100.0,6751.0,100.0,36679187152.0,100.0,52917876444.0
2019-02-23,ZCH0E995,ST12000NM0007,12000138625024,0,81.0,114808888.0,91.0,0.0,100.0,7.0,100.0,0.0,89.0,726005469.0,93.0,6942.0,100.0,0.0,100.0,7.0,,,,,100.0,0.0,100.0,0.0,,,62.0,38.0,,,100.0,101.0,100.0,718.0,38.0,38.0,100.0,0.0,100.0,0.0,200.0,0.0,100.0,6767.0,100.0,36724302776.0,100.0,52990215124.0
2019-02-24,ZCH0E995,ST12000NM0007,12000138625024,0,81,122378736,91.0,0.0,100.0,7.0,100.0,0.0,89.0,729137533.0,93,6975,100.0,0.0,100,7,,,,,100.0,0.0,100.0,0.0,,,62.0,38.0,,,100,102,100.0,728.0,38,38,100.0,0.0,100.0,0.0,200.0,0.0,100.0,6798.0,100.0,36808394552.0,100.0,53157833878.0
2019-02-25,ZCH0E995,ST12000NM0007,12000138625024,0,75,32105984,91.0,0.0,100.0,7.0,100.0,0.0,89.0,731325902.0,93,6991,100.0,0.0,100,7,,,,,100.0,0.0,100.0,0.0,,,63.0,37.0,,,100,102,100.0,728.0,37,37,100.0,0.0,100.0,0.0,200.0,0.0,100.0,6814.0,100.0,36854476576.0,100.0,53265619854.0
2019-02-26,ZCH0E995,ST12000NM0007,12000138625024,0,79,86298224,91.0,0.0,100.0,7.0,100.0,0.0,89.0,735683804.0,92,7023,100.0,0.0,100,7,,,,,100.0,0.0,100.0,0.0,,,68.0,32.0,,,100,103,100.0,730.0,32,32,100.0,0.0,100.0,0.0,200.0,0.0,100.0,6846.0,100.0,36961199568.0,100.0,53457229822.0
2019-02-27,ZCH0E995,ST12000NM0007,12000138625024,0,84.0,229633424.0,91.0,0.0,100.0,7.0,100.0,0.0,89.0,737485637.0,92.0,7038.0,100.0,0.0,100.0,7.0,,,,,100.0,0.0,100.0,0.0,,,68.0,32.0,,,100.0,103.0,100.0,730.0,32.0,32.0,100.0,0.0,100.0,0.0,200.0,0.0,100.0,6862.0,100.0,37018447960.0,100.0,53543316630.0
2019-02-28,ZCH0E995,ST12000NM0007,12000138625024,0,74,26382704,91.0,0.0,100.0,7.0,100.0,0.0,89.0,741238239.0,92,7070,100.0,0.0,100,7,,,,,100.0,0.0,100.0,0.0,,,68.0,32.0,,,100,103,100.0,731.0,32,32,100.0,0.0,100.0,0.0,200.0,0.0,100.0,6893.0,100.0,37137365976.0,100.0,53709429446.0
2019-03-01,ZCH0E995,ST12000NM0007,12000138625024,0,82.0,143918920.0,91.0,0.0,100.0,7.0,100.0,0.0,89.0,742900904.0,92.0,7086.0,100.0,0.0,100.0,7.0,,,,,100.0,0.0,100.0,0.0,,,68.0,32.0,,,100.0,103.0,100.0,732.0,32.0,32.0,100.0,0.0,100.0,0.0,200.0,0.0,100.0,6909.0,100.0,37188611128.0,100.0,53775720510.0
2019-03-02,ZCH0E995,ST12000NM0007,12000138625024,0,83.0,190429920.0,89.0,0.0,100.0,8.0,100.0,0.0,89.0,746112517.0,92.0,7119.0,100.0,0.0,100.0,8.0,,,,,100.0,0.0,100.0,0.0,,,68.0,32.0,,,100.0,104.0,100.0,739.0,32.0,32.0,100.0,0.0,100.0,0.0,200.0,0.0,100.0,6941.0,100.0,37273986016.0,100.0,53980997328.0
2019-03-03,ZCH0E995,ST12000NM0007,12000138625024,0,77.0,48432624.0,89.0,0.0,100.0,8.0,100.0,0.0,89.0,749596002.0,92.0,7151.0,100.0,0.0,100.0,8.0,,,,,100.0,0.0,100.0,0.0,,,67.0,33.0,,,100.0,105.0,100.0,740.0,33.0,33.0,100.0,0.0,100.0,0.0,200.0,0.0,100.0,6973.0,100.0,37362275304.0,100.0,54238992184.0
2019-03-04,ZCH0E995,ST12000NM0007,12000138625024,0,83,181168952,89.0,0.0,100.0,8.0,100.0,0.0,89.0,751766173.0,92,7167,100.0,0.0,100,8,,,,,100.0,0.0,100.0,0.0,,,67.0,33.0,,,100,106,100.0,741.0,33,33,100.0,0.0,100.0,0.0,200.0,0.0,100.0,6989.0,100.0,37399043512.0,100.0,54334960304.0
2019-03-05,ZCH0E995,ST12000NM0007,12000138625024,0,78.0,63153552.0,89.0,0.0,100.0,8.0,100.0,0.0,89.0,755607963.0,92.0,7198.0,100.0,0.0,100.0,8.0,,,,,100.0,0.0,100.0,0.0,,,67.0,33.0,,,100.0,106.0,100.0,742.0,33.0,33.0,100.0,0.0,100.0,0.0,200.0,0.0,100.0,7020.0,100.0,37538954752.0,100.0,54565315584.0
2019-03-06,ZCH0E995,ST12000NM0007,12000138625024,0,83.0,207456592.0,89.0,0.0,100.0,8.0,100.0,0.0,89.0,757165375.0,92.0,7214.0,100.0,0.0,100.0,8.0,,,,,100.0,0.0,100.0,0.0,,,67.0,33.0,,,100.0,106.0,100.0,742.0,33.0,33.0,100.0,0.0,100.0,0.0,200.0,0.0,100.0,7036.0,100.0,37581454160.0,100.0,54667119216.0
2019-03-07,ZCH0E995,ST12000NM0007,12000138625024,0,77.0,49502704.0,89.0,0.0,100.0,8.0,100.0,0.0,89.0,760683249.0,92.0,7246.0,100.0,0.0,100.0,8.0,,,,,100.0,0.0,100.0,0.0,,,68.0,32.0,,,100.0,108.0,100.0,744.0,32.0,32.0,100.0,0.0,100.0,0.0,200.0,0.0,100.0,7067.0,100.0,37689746808.0,100.0,54889154048.0
2019-03-08,ZCH0E995,ST12000NM0007,12000138625024,0,76.0,40516400.0,89.0,0.0,100.0,8.0,100.0,0.0,89.0,763251946.0,92.0,7262.0,100.0,0.0,100.0,8.0,,,,,100.0,0.0,100.0,0.0,,,66.0,34.0,,,100.0,108.0,100.0,744.0,34.0,34.0,100.0,0.0,100.0,0.0,200.0,0.0,100.0,7083.0,100.0,37753417560.0,100.0,55060637664.0
2019-03-09,ZCH0E995,ST12000NM0007,12000138625024,0,82.0,162786752.0,89.0,0.0,100.0,8.0,100.0,0.0,89.0,767696783.0,92.0,7293.0,100.0,0.0,100.0,8.0,,,,,100.0,0.0,100.0,0.0,,,66.0,34.0,,,100.0,108.0,100.0,746.0,34.0,34.0,100.0,0.0,100.0,0.0,200.0,0.0,100.0,7115.0,100.0,37886055352.0,100.0,55294410896.0
2019-03-10,ZCH0E995,ST12000NM0007,12000138625024,0,80.0,104451744.0,89.0,0.0,100.0,8.0,100.0,0.0,89.0,770195650.0,92.0,7309.0,100.0,0.0,100.0,8.0,,,,,100.0,0.0,100.0,0.0,,,67.0,33.0,,,100.0,108.0,100.0,746.0,33.0,33.0,100.0,0.0,100.0,0.0,200.0,0.0,100.0,7131.0,100.0,37975148480.0,100.0,55391123440.0
2019-03-11,ZCH0E995,ST12000NM0007,12000138625024,0,76.0,42482240.0,89.0,0.0,100.0,8.0,100.0,0.0,89.0,775281308.0,92.0,7341.0,100.0,0.0,100.0,8.0,,,,,100.0,0.0,100.0,0.0,,,67.0,33.0,,,100.0,110.0,100.0,748.0,33.0,33.0,100.0,0.0,100.0,0.0,200.0,0.0,100.0,7162.0,100.0,38166847024.0,100.0,55625736936.0
2019-03-12,ZCH0E995,ST12000NM0007,12000138625024,0,75.0,30191208.0,89.0,0.0,100.0,8.0,100.0,0.0,89.0,777325208.0,92.0,7356.0,100.0,0.0,100.0,8.0,,,,,100.0,0.0,100.0,0.0,,,64.0,36.0,,,100.0,110.0,100.0,748.0,36.0,36.0,100.0,0.0,100.0,0.0,200.0,0.0,100.0,7178.0,100.0,38258680368.0,100.0,55765753728.0
2019-03-13,ZCH0E995,ST12000NM0007,12000138625024,0,83.0,218146216.0,89.0,0.0,100.0,8.0,100.0,0.0,89.0,781931557.0,92.0,7388.0,100.0,0.0,100.0,8.0,,,,,100.0,0.0,100.0,0.0,,,60.0,40.0,,,100.0,112.0,100.0,750.0,40.0,40.0,100.0,0.0,100.0,0.0,200.0,0.0,100.0,7210.0,100.0,38448088704.0,100.0,56008441072.0
2019-03-14,ZCH0E995,ST12000NM0007,12000138625024,0,82.0,168788904.0,89.0,0.0,100.0,8.0,100.0,0.0,89.0,783970259.0,92.0,7404.0,100.0,0.0,100.0,8.0,,,,,100.0,0.0,100.0,0.0,,,61.0,39.0,,,100.0,112.0,100.0,750.0,39.0,39.0,100.0,0.0,100.0,0.0,200.0,0.0,100.0,7225.0,100.0,38518331736.0,100.0,56132981384.0
2019-03-15,ZCH0E995,ST12000NM0007,12000138625024,0,74.0,26307384.0,89.0,0.0,100.0,8.0,100.0,0.0,89.0,788039089.0,92.0,7436.0,100.0,0.0,100.0,8.0,,,,,100.0,0.0,100.0,0.0,,,61.0,39.0,,,100.0,112.0,100.0,752.0,39.0,39.0,100.0,0.0,100.0,0.0,200.0,0.0,100.0,7257.0,100.0,38615844248.0,100.0,56381268784.0
2019-03-16,ZCH0E995,ST12000NM0007,12000138625024,0,82.0,154459408.0,89.0,0.0,100.0,8.0,100.0,0.0,89.0,789343683.0,92.0,7452.0,100.0,0.0,100.0,8.0,,,,,100.0,0.0,100.0,0.0,,,62.0,38.0,,,100.0,112.0,100.0,752.0,38.0,38.0,100.0,0.0,100.0,0.0,200.0,0.0,100.0,7273.0,100.0,38649680200.0,100.0,56475584856.0
2019-03-17,ZCH0E995,ST12000NM0007,12000138625024,0,84.0,233843344.0,89.0,0.0,100.0,8.0,100.0,0.0,89.0,792601373.0,92.0,7483.0,100.0,0.0,100.0,8.0,,,,,100.0,0.0,100.0,0.0,,,61.0,39.0,,,100.0,113.0,100.0,754.0,39.0,39.0,100.0,0.0,100.0,0.0,200.0,0.0,100.0,7304.0,100.0,38758970320.0,100.0,56689819376.0
2019-03-18,ZCH0E995,ST12000NM0007,12000138625024,0,82.0,165814848.0,89.0,0.0,100.0,8.0,100.0,0.0,89.0,795118978.0,92.0,7499.0,100.0,0.0,100.0,8.0,,,,,100.0,0.0,100.0,0.0,,,61.0,39.0,,,100.0,113.0,100.0,754.0,39.0,39.0,100.0,0.0,100.0,0.0,200.0,0.0,100.0,7320.0,100.0,38818564952.0,100.0,56806336936.0
2019-03-19,ZCH0E995,ST12000NM0007,12000138625024,0,75.0,30556464.0,89.0,0.0,100.0,8.0,100.0,0.0,89.0,798778855.0,92.0,7531.0,100.0,0.0,100.0,8.0,,,,,100.0,0.0,100.0,0.0,,,68.0,32.0,,,100.0,113.0,100.0,756.0,32.0,32.0,100.0,0.0,100.0,0.0,200.0,0.0,100.0,7352.0,100.0,38942265992.0,100.0,57035658976.0
2019-03-20,ZCH0E995,ST12000NM0007,12000138625024,0,83.0,195366344.0,89.0,0.0,100.0,8.0,100.0,0.0,89.0,800438453.0,92.0,7547.0,100.0,0.0,100.0,8.0,,,,,100.0,0.0,100.0,0.0,,,68.0,32.0,,,100.0,113.0,100.0,756.0,32.0,32.0,100.0,0.0,100.0,0.0,200.0,0.0,100.0,7368.0,100.0,39000737272.0,100.0,57141997576.0
2019-03-21,ZCH0E995,ST12000NM0007,12000138625024,0,78.0,63792624.0,89.0,0.0,100.0,8.0,100.0,0.0,89.0,804317848.0,92.0,7579.0,100.0,0.0,100.0,8.0,,,,,100.0,0.0,100.0,0.0,,,67.0,33.0,,,100.0,114.0,100.0,758.0,33.0,33.0,100.0,0.0,100.0,0.0,200.0,0.0,100.0,7399.0,100.0,39105921960.0,100.0,57393520744.0
2019-03-22,ZCH0E995,ST12000NM0007,12000138625024,0,72.0,16545648.0,89.0,0.0,100.0,8.0,100.0,0.0,89.0,807167790.0,92.0,7595.0,100.0,0.0,100.0,8.0,,,,,100.0,0.0,100.0,0.0,,,68.0,32.0,,,100.0,114.0,100.0,758.0,32.0,32.0,100.0,0.0,100.0,0.0,200.0,0.0,100.0,7415.0,100.0,39143676240.0,100.0,57552660192.0
2019-03-23,ZCH0E995,ST12000NM0007,12000138625024,0,79.0,87018688.0,89.0,0.0,100.0,8.0,100.0,0.0,89.0,810551174.0,92.0,7626.0,100.0,0.0,100.0,8.0,,,,,100.0,0.0,100.0,0.0,,,69.0,31.0,,,100.0,114.0,100.0,760.0,31.0,31.0,100.0,0.0,100.0,0.0,200.0,0.0,100.0,7446.0,100.0,39200322832.0,100.0,57810627376.0
2019-03-24,ZCH0E995,ST12000NM0007,12000138625024,0,68.0,6024064.0,89.0,0.0,100.0,8.0,100.0,0.0,89.0,811929228.0,92.0,7642.0,100.0,0.0,100.0,8.0,,,,,100.0,0.0,100.0,0.0,,,69.0,31.0,,,100.0,114.0,100.0,760.0,31.0,31.0,100.0,0.0,100.0,0.0,200.0,0.0,100.0,7462.0,100.0,39229592720.0,100.0,57944503736.0
2019-03-25,ZCH0E995,ST12000NM0007,12000138625024,0,79.0,76206144.0,89.0,0.0,100.0,8.0,100.0,0.0,89.0,815324200.0,92.0,7674.0,100.0,0.0,100.0,8.0,,,,,100.0,0.0,100.0,0.0,,,69.0,31.0,,,100.0,114.0,100.0,762.0,31.0,31.0,100.0,0.0,100.0,0.0,200.0,0.0,100.0,7494.0,100.0,39299723776.0,100.0,58188695608.0
2019-03-26,ZCH0E995,ST12000NM0007,12000138625024,0,100.0,1436928.0,89.0,0.0,100.0,8.0,100.0,0.0,89.0,816799814.0,92.0,7690.0,100.0,0.0,100.0,8.0,,,,,100.0,0.0,100.0,0.0,,,69.0,31.0,,,100.0,114.0,100.0,762.0,31.0,31.0,100.0,0.0,100.0,0.0,200.0,0.0,100.0,7509.0,100.0,39341248440.0,100.0,58316542640.0
2019-03-27,ZCH0E995,ST12000NM0007,12000138625024,0,80.0,91425856.0,89.0,0.0,100.0,8.0,100.0,0.0,89.0,819866785.0,92.0,7721.0,100.0,0.0,100.0,8.0,,,,,100.0,0.0,100.0,0.0,,,68.0,32.0,,,100.0,116.0,100.0,764.0,32.0,32.0,100.0,0.0,100.0,0.0,200.0,0.0,100.0,7541.0,100.0,39421571664.0,100.0,58570349016.0
2019-03-28,ZCH0E995,ST12000NM0007,12000138625024,0,75.0,32164824.0,89.0,0.0,100.0,8.0,100.0,0.0,89.0,821507990.0,92.0,7737.0,100.0,0.0,100.0,8.0,,,,,100.0,0.0,100.0,0.0,,,68.0,32.0,,,100.0,116.0,100.0,764.0,32.0,32.0,100.0,0.0,100.0,0.0,200.0,0.0,100.0,7557.0,100.0,39472568928.0,100.0,58704231440.0
2019-03-29,ZCH0E995,ST12000NM0007,12000138625024,0,82.0,162954448.0,89.0,0.0,100.0,8.0,100.0,0.0,89.0,825255506.0,92.0,7769.0,100.0,0.0,100.0,8.0,,,,,100.0,0.0,100.0,0.0,,,68.0,32.0,,,100.0,116.0,100.0,766.0,32.0,32.0,100.0,0.0,100.0,0.0,200.0,0.0,100.0,7588.0,100.0,39544069936.0,100.0,59007660832.0
2019-03-30,ZCH0E995,ST12000NM0007,12000138625024,0,83.0,220705944.0,89.0,0.0,100.0,8.0,100.0,0.0,89.0,828057986.0,92.0,7800.0,100.0,0.0,100.0,8.0,,,,,100.0,0.0,100.0,0.0,,,69.0,31.0,,,100.0,118.0,100.0,768.0,31.0,31.0,100.0,0.0,100.0,0.0,200.0,0.0,100.0,7619.0,100.0,39611254976.0,100.0,59242367936.0
2019-03-31,ZCH0E995,ST12000NM0007,12000138625024,0,80.0,110337480.0,89.0,0.0,100.0,8.0,100.0,0.0,89.0,829371066.0,92.0,7816.0,100.0,0.0,100.0,8.0,,,,,100.0,0.0,100.0,0.0,,,68.0,32.0,,,100.0,118.0,100.0,768.0,32.0,32.0,100.0,0.0,100.0,0.0,200.0,0.0,100.0,7635.0,100.0,39641112720.0,100.0,59346282824.0
2019-04-01,ZCH0E995,ST12000NM0007,12000138625024,0,82.0,171946336.0,89.0,0.0,100.0,8.0,100.0,0.0,89.0,834160630.0,92.0,7847.0,100.0,0.0,100.0,8.0,,,,,100.0,0.0,100.0,0.0,,,68.0,32.0,,,100.0,118.0,100.0,770.0,32.0,32.0,100.0,0.0,100.0,0.0,200.0,0.0,100.0,7666.0,100.0,39712353520.0,100.0,59580791936.0
2019-04-02,ZCH0E995,ST12000NM0007,12000138625024,0,78.0,59677224.0,89.0,0.0,100.0,8.0,100.0,0.0,89.0,835539830.0,92.0,7862.0,100.0,0.0,100.0,8.0,,,,,100.0,0.0,100.0,0.0,,,62.0,38.0,,,100.0,118.0,100.0,770.0,38.0,38.0,100.0,0.0,100.0,0.0,200.0,0.0,100.0,7681.0,100.0,39738943512.0,100.0,59686073464.0
2019-04-03,ZCH0E995,ST12000NM0007,12000138625024,0,80.0,101508552.0,89.0,0.0,100.0,8.0,100.0,0.0,89.0,838320524.0,91.0,7894.0,100.0,0.0,100.0,8.0,,,,,100.0,0.0,100.0,0.0,,,61.0,39.0,,,100.0,119.0,100.0,772.0,39.0,39.0,100.0,0.0,100.0,0.0,200.0,0.0,100.0,7712.0,100.0,39813826736.0,100.0,59897162544.0
2019-04-04,ZCH0E995,ST12000NM0007,12000138625024,0,84.0,230626704.0,89.0,0.0,100.0,8.0,100.0,0.0,89.0,839731015.0,91.0,7909.0,100.0,0.0,100.0,8.0,,,,,100.0,0.0,100.0,0.0,,,62.0,38.0,,,100.0,119.0,100.0,772.0,38.0,38.0,100.0,0.0,100.0,0.0,200.0,0.0,100.0,7728.0,100.0,39849095416.0,100.0,59991012016.0
2019-04-05,ZCH0E995,ST12000NM0007,12000138625024,0,81.0,139183536.0,89.0,0.0,100.0,8.0,100.0,0.0,89.0,841194887.0,91.0,7925.0,100.0,0.0,100.0,8.0,,,,,100.0,0.0,100.0,0.0,,,61.0,39.0,,,100.0,120.0,100.0,774.0,39.0,39.0,100.0,0.0,100.0,0.0,200.0,0.0,100.0,7743.0,100.0,39883538888.0,100.0,60109266008.0
2019-04-06,ZCH0E995,ST12000NM0007,12000138625024,0,71.0,13979560.0,89.0,0.0,100.0,8.0,100.0,0.0,89.0,845151795.0,91.0,7957.0,100.0,0.0,100.0,8.0,,,,,100.0,0.0,100.0,0.0,,,61.0,39.0,,,100.0,120.0,100.0,775.0,39.0,39.0,100.0,0.0,100.0,0.0,200.0,0.0,100.0,7775.0,100.0,39969236576.0,100.0,60386645720.0
2019-04-07,ZCH0E995,ST12000NM0007,12000138625024,0,79.0,79025992.0,89.0,0.0,100.0,8.0,100.0,0.0,89.0,848009540.0,91.0,7988.0,100.0,0.0,100.0,8.0,,,,,100.0,0.0,100.0,0.0,,,61.0,39.0,,,100.0,121.0,100.0,776.0,39.0,39.0,100.0,0.0,100.0,0.0,200.0,0.0,100.0,7806.0,100.0,40055971984.0,100.0,60609097872.0
2019-04-08,ZCH0E995,ST12000NM0007,12000138625024,0,84.0,226043152.0,89.0,0.0,100.0,8.0,100.0,0.0,89.0,850440828.0,91.0,8004.0,100.0,0.0,100.0,8.0,,,,,100.0,0.0,100.0,0.0,,,61.0,39.0,,,100.0,121.0,100.0,777.0,39.0,39.0,100.0,0.0,100.0,0.0,200.0,0.0,100.0,7822.0,100.0,40097679488.0,100.0,60714407528.0
2019-04-09,ZCH0E995,ST12000NM0007,12000138625024,0,79.0,87969288.0,89.0,0.0,100.0,8.0,100.0,0.0,89.0,853785803.0,91.0,8036.0,100.0,0.0,100.0,8.0,,,,,100.0,0.0,100.0,0.0,,,68.0,32.0,,,100.0,122.0,100.0,778.0,32.0,32.0,100.0,0.0,100.0,0.0,200.0,0.0,100.0,7854.0,100.0,40188349672.0,100.0,60973944968.0
2019-04-10,ZCH0E995,ST12000NM0007,12000138625024,0,71.0,13616304.0,89.0,0.0,100.0,8.0,100.0,0.0,89.0,855297484.0,91.0,8052.0,100.0,0.0,100.0,8.0,,,,,100.0,0.0,100.0,0.0,,,69.0,31.0,,,100.0,123.0,100.0,779.0,31.0,31.0,100.0,0.0,100.0,0.0,200.0,0.0,100.0,7870.0,100.0,40230427624.0,100.0,61101654672.0
2019-04-11,ZCH0E995,ST12000NM0007,12000138625024,0,80.0,99000168.0,89.0,0.0,100.0,8.0,100.0,0.0,89.0,859564590.0,91.0,8084.0,100.0,0.0,100.0,8.0,,,,,100.0,0.0,100.0,0.0,,,67.0,33.0,,,100.0,124.0,100.0,780.0,33.0,33.0,100.0,0.0,100.0,0.0,200.0,0.0,100.0,7901.0,100.0,40334032624.0,100.0,61327574208.0
2019-04-12,ZCH0E995,ST12000NM0007,12000138625024,0,77.0,51532880.0,89.0,0.0,100.0,8.0,100.0,0.0,89.0,861572158.0,91.0,8100.0,100.0,0.0,100.0,8.0,,,,,100.0,0.0,100.0,0.0,,,68.0,32.0,,,100.0,125.0,100.0,781.0,32.0,32.0,100.0,0.0,100.0,0.0,200.0,0.0,100.0,7917.0,100.0,40385570288.0,100.0,61472709920.0
2019-04-13,ZCH0E995,ST12000NM0007,12000138625024,0,80.0,110755248.0,89.0,0.0,100.0,8.0,100.0,0.0,89.0,865272778.0,91.0,8131.0,100.0,0.0,100.0,8.0,,,,,100.0,0.0,100.0,0.0,,,68.0,32.0,,,100.0,125.0,100.0,782.0,32.0,32.0,100.0,0.0,100.0,0.0,200.0,0.0,100.0,7949.0,100.0,40495953744.0,100.0,61665689464.0
2019-04-14,ZCH0E995,ST12000NM0007,12000138625024,0,77.0,45150672.0,89.0,0.0,100.0,8.0,100.0,0.0,89.0,866937834.0,91.0,8147.0,100.0,0.0,100.0,8.0,,,,,100.0,0.0,100.0,0.0,,,69.0,31.0,,,100.0,126.0,100.0,783.0,31.0,31.0,100.0,0.0,100.0,0.0,200.0,0.0,100.0,7964.0,100.0,40556328800.0,100.0,61783850480.0
2019-04-15,ZCH0E995,ST12000NM0007,12000138625024,0,79.0,84153224.0,89.0,0.0,100.0,8.0,100.0,0.0,89.0,870825106.0,91.0,8179.0,100.0,0.0,100.0,8.0,,,,,100.0,0.0,100.0,0.0,,,69.0,31.0,,,100.0,127.0,100.0,784.0,31.0,31.0,100.0,0.0,100.0,0.0,200.0,0.0,100.0,7996.0,100.0,40652763560.0,100.0,61970559224.0
2019-04-16,ZCH0E995,ST12000NM0007,12000138625024,0,83.0,202353280.0,89.0,0.0,100.0,8.0,100.0,0.0,89.0,872163819.0,91.0,8195.0,100.0,0.0,100.0,8.0,,,,,100.0,0.0,100.0,0.0,,,69.0,31.0,,,100.0,128.0,100.0,785.0,31.0,31.0,100.0,0.0,100.0,0.0,200.0,0.0,100.0,8012.0,100.0,40695207376.0,100.0,62046315464.0
2019-04-17,ZCH0E995,ST12000NM0007,12000138625024,0,77.0,54901064.0,89.0,0.0,100.0,8.0,100.0,0.0,89.0,875765764.0,91.0,8227.0,100.0,0.0,100.0,8.0,,,,,100.0,0.0,100.0,0.0,,,67.0,33.0,,,100.0,128.0,100.0,786.0,33.0,33.0,100.0,0.0,100.0,0.0,200.0,0.0,100.0,8044.0,100.0,40830805696.0,100.0,62251546256.0
2019-04-18,ZCH0E995,ST12000NM0007,12000138625024,0,83.0,196101552.0,89.0,0.0,100.0,8.0,100.0,0.0,89.0,879576653.0,91.0,8259.0,100.0,0.0,100.0,8.0,,,,,100.0,0.0,100.0,0.0,,,67.0,33.0,,,100.0,128.0,100.0,788.0,33.0,33.0,100.0,0.0,100.0,0.0,200.0,0.0,100.0,8075.0,100.0,40949866536.0,100.0,62517826696.0
2019-04-19,ZCH0E995,ST12000NM0007,12000138625024,0,82.0,174765352.0,89.0,0.0,100.0,8.0,100.0,0.0,89.0,882354350.0,91.0,8275.0,100.0,0.0,100.0,8.0,,,,,100.0,0.0,100.0,0.0,,,66.0,34.0,,,100.0,128.0,100.0,788.0,34.0,34.0,100.0,0.0,100.0,0.0,200.0,0.0,100.0,8091.0,100.0,41010183888.0,100.0,62680313968.0
2019-04-20,ZCH0E995,ST12000NM0007,12000138625024,0,78.0,69745392.0,89.0,0.0,100.0,8.0,100.0,0.0,89.0,885949869.0,91.0,8306.0,100.0,0.0,100.0,8.0,,,,,100.0,0.0,100.0,0.0,,,67.0,33.0,,,100.0,129.0,100.0,790.0,33.0,33.0,100.0,0.0,100.0,0.0,200.0,0.0,100.0,8123.0,100.0,41139819488.0,100.0,62933940480.0
2019-04-21,ZCH0E995,ST12000NM0007,12000138625024,0,84.0,224643856.0,89.0,0.0,100.0,8.0,100.0,0.0,89.0,887296740.0,91.0,8322.0,100.0,0.0,100.0,8.0,,,,,100.0,0.0,100.0,0.0,,,67.0,33.0,,,100.0,129.0,100.0,790.0,33.0,33.0,100.0,0.0,100.0,0.0,200.0,0.0,100.0,8139.0,100.0,41168423336.0,100.0,63060235096.0
2019-04-22,ZCH0E995,ST12000NM0007,12000138625024,0,77.0,47306992.0,89.0,0.0,100.0,8.0,100.0,0.0,89.0,890990356.0,91.0,8354.0,100.0,0.0,100.0,8.0,,,,,100.0,0.0,100.0,0.0,,,68.0,32.0,,,100.0,131.0,100.0,792.0,32.0,32.0,100.0,0.0,100.0,0.0,200.0,0.0,100.0,8170.0,100.0,41230738592.0,100.0,63308864400.0
2019-04-23,ZCH0E995,ST12000NM0007,12000138625024,0,83.0,194823136.0,89.0,0.0,100.0,8.0,100.0,0.0,90.0,892283080.0,91.0,8370.0,100.0,0.0,100.0,8.0,,,,,100.0,0.0,100.0,0.0,,,62.0,38.0,,,100.0,131.0,100.0,792.0,38.0,38.0,100.0,0.0,100.0,0.0,200.0,0.0,100.0,8186.0,100.0,41264992944.0,100.0,63422126192.0
2019-04-24,ZCH0E995,ST12000NM0007,12000138625024,0,81.0,139117888.0,89.0,0.0,100.0,8.0,100.0,0.0,90.0,895060883.0,91.0,8386.0,100.0,0.0,100.0,8.0,,,,,100.0,0.0,100.0,0.0,,,61.0,39.0,,,100.0,132.0,100.0,793.0,39.0,39.0,100.0,0.0,100.0,0.0,200.0,0.0,100.0,8202.0,100.0,41311569176.0,100.0,63563985536.0
2019-04-25,ZCH0E995,ST12000NM0007,12000138625024,0,84.0,230353912.0,89.0,0.0,100.0,8.0,100.0,0.0,90.0,898994559.0,91.0,8417.0,100.0,0.0,100.0,8.0,,,,,100.0,0.0,100.0,0.0,,,60.0,40.0,,,100.0,132.0,100.0,795.0,40.0,40.0,100.0,0.0,100.0,0.0,200.0,0.0,100.0,8233.0,100.0,41409288280.0,100.0,63801643592.0
2019-04-26,ZCH0E995,ST12000NM0007,12000138625024,0,82.0,148640952.0,89.0,0.0,100.0,8.0,100.0,0.0,90.0,900605439.0,91.0,8433.0,100.0,0.0,100.0,8.0,,,,,100.0,0.0,100.0,0.0,,,61.0,39.0,,,100.0,133.0,100.0,796.0,39.0,39.0,100.0,0.0,100.0,0.0,200.0,0.0,100.0,8249.0,100.0,41456768664.0,100.0,63916591056.0
2019-04-27,ZCH0E995,ST12000NM0007,12000138625024,0,71.0,11636728.0,89.0,0.0,100.0,8.0,100.0,0.0,90.0,905117604.0,91.0,8465.0,100.0,0.0,100.0,8.0,,,,,100.0,0.0,100.0,0.0,,,61.0,39.0,,,100.0,133.0,100.0,797.0,39.0,39.0,100.0,0.0,100.0,0.0,200.0,0.0,100.0,8281.0,100.0,41588095304.0,100.0,64136541624.0
2019-04-28,ZCH0E995,ST12000NM0007,12000138625024,0,83.0,189471584.0,89.0,0.0,100.0,8.0,100.0,0.0,90.0,907001148.0,91.0,8481.0,100.0,0.0,100.0,8.0,,,,,100.0,0.0,100.0,0.0,,,61.0,39.0,,,100.0,133.0,100.0,798.0,39.0,39.0,100.0,0.0,100.0,0.0,200.0,0.0,100.0,8296.0,100.0,41652860232.0,100.0,64249611552.0
2019-04-29,ZCH0E995,ST12000NM0007,12000138625024,0,79.0,74457832.0,89.0,0.0,100.0,8.0,100.0,0.0,90.0,911735206.0,91.0,8513.0,100.0,0.0,100.0,8.0,,,,,100.0,0.0,100.0,0.0,,,61.0,39.0,,,100.0,134.0,100.0,799.0,39.0,39.0,100.0,0.0,100.0,0.0,200.0,0.0,100.0,8328.0,100.0,41794779624.0,100.0,64480959880.0
2019-04-30,ZCH0E995,ST12000NM0007,12000138625024,0,100.0,2399984.0,89.0,0.0,100.0,8.0,100.0,0.0,90.0,913437485.0,91.0,8528.0,100.0,0.0,100.0,8.0,,,,,100.0,0.0,100.0,0.0,,,61.0,39.0,,,100.0,134.0,100.0,800.0,39.0,39.0,100.0,0.0,100.0,0.0,200.0,0.0,100.0,8344.0,100.0,41844997112.0,100.0,64602825232.0
2019-05-01,ZCH0E995,ST12000NM0007,12000138625024,0,79.0,82317376.0,89.0,0.0,100.0,8.0,100.0,0.0,90.0,916942974.0,91.0,8560.0,100.0,0.0,100.0,8.0,,,,,100.0,0.0,100.0,0.0,,,67.0,33.0,,,100.0,135.0,100.0,801.0,33.0,33.0,100.0,0.0,100.0,0.0,200.0,0.0,100.0,8376.0,100.0,41948975424.0,100.0,64822905064.0
2019-05-02,ZCH0E995,ST12000NM0007,12000138625024,0,83.0,196278736.0,89.0,0.0,100.0,8.0,100.0,0.0,90.0,920684695.0,91.0,8592.0,100.0,0.0,100.0,8.0,,,,,100.0,0.0,100.0,0.0,,,67.0,33.0,,,100.0,136.0,100.0,803.0,33.0,33.0,100.0,0.0,100.0,0.0,200.0,0.0,100.0,8407.0,100.0,42078927728.0,100.0,65051054768.0
2019-05-03,ZCH0E995,ST12000NM0007,12000138625024,0,83.0,207874592.0,89.0,0.0,100.0,8.0,100.0,0.0,90.0,923780437.0,91.0,8608.0,100.0,0.0,100.0,8.0,,,,,100.0,0.0,100.0,0.0,,,66.0,34.0,,,100.0,136.0,100.0,803.0,34.0,34.0,100.0,0.0,100.0,0.0,200.0,0.0,100.0,8423.0,100.0,42160840912.0,100.0,65224878224.0
2019-05-04,ZCH0E995,ST12000NM0007,12000138625024,0,76.0,36661808.0,89.0,0.0,100.0,8.0,100.0,0.0,90.0,927491708.0,91.0,8640.0,100.0,0.0,100.0,8.0,,,,,100.0,0.0,100.0,0.0,,,67.0,33.0,,,100.0,136.0,100.0,804.0,33.0,33.0,100.0,0.0,100.0,0.0,200.0,0.0,100.0,8455.0,100.0,42252121416.0,100.0,65450669136.0
2019-05-05,ZCH0E995,ST12000NM0007,12000138625024,0,84.0,224121264.0,89.0,0.0,100.0,8.0,100.0,0.0,90.0,929269787.0,91.0,8655.0,100.0,0.0,100.0,8.0,,,,,100.0,0.0,100.0,0.0,,,68.0,32.0,,,100.0,136.0,100.0,805.0,32.0,32.0,100.0,0.0,100.0,0.0,200.0,0.0,100.0,8471.0,100.0,42312130440.0,100.0,65578119568.0
2019-05-06,ZCH0E995,ST12000NM0007,12000138625024,0,81.0,121559056.0,89.0,0.0,100.0,8.0,100.0,0.0,90.0,934097683.0,91.0,8687.0,100.0,0.0,100.0,8.0,,,,,100.0,0.0,100.0,0.0,,,67.0,33.0,,,100.0,136.0,100.0,806.0,33.0,33.0,100.0,0.0,100.0,0.0,200.0,0.0,100.0,8502.0,100.0,42441374616.0,100.0,65834594512.0
2019-05-07,ZCH0E995,ST12000NM0007,12000138625024,0,76.0,38817944.0,89.0,0.0,100.0,8.0,100.0,0.0,90.0,935728172.0,91.0,8703.0,100.0,0.0,100.0,8.0,,,,,100.0,0.0,100.0,0.0,,,62.0,38.0,,,100.0,136.0,100.0,807.0,38.0,38.0,100.0,0.0,100.0,0.0,200.0,0.0,100.0,8518.0,100.0,42489873880.0,100.0,65947494976.0
2019-05-08,ZCH0E995,ST12000NM0007,12000138625024,0,82.0,154962648.0,89.0,0.0,100.0,8.0,100.0,0.0,90.0,939867311.0,91.0,8735.0,100.0,0.0,100.0,8.0,,,,,100.0,0.0,100.0,0.0,,,61.0,39.0,,,100.0,136.0,100.0,808.0,39.0,39.0,100.0,0.0,100.0,0.0,200.0,0.0,100.0,8549.0,100.0,42600933448.0,100.0,66196720856.0
2019-05-09,ZCH0E995,ST12000NM0007,12000138625024,0,78.0,67116288.0,89.0,0.0,100.0,8.0,100.0,0.0,90.0,942100541.0,91.0,8751.0,100.0,0.0,100.0,8.0,,,,,100.0,0.0,100.0,0.0,,,61.0,39.0,,,100.0,136.0,100.0,809.0,39.0,39.0,100.0,0.0,100.0,0.0,200.0,0.0,100.0,8565.0,100.0,42632889184.0,100.0,66321059416.0
2019-05-10,ZCH0E995,ST12000NM0007,12000138625024,0,81.0,122443456.0,89.0,0.0,100.0,8.0,100.0,0.0,90.0,945832787.0,90.0,8782.0,100.0,0.0,100.0,8.0,,,,,100.0,0.0,100.0,0.0,,,61.0,39.0,,,100.0,137.0,100.0,811.0,39.0,39.0,100.0,0.0,100.0,0.0,200.0,0.0,100.0,8597.0,100.0,42686665672.0,100.0,66566750896.0
2019-05-11,ZCH0E995,ST12000NM0007,12000138625024,0,77.0,49948696.0,89.0,0.0,100.0,8.0,100.0,0.0,90.0,947371623.0,90.0,8798.0,100.0,0.0,100.0,8.0,,,,,100.0,0.0,100.0,0.0,,,61.0,39.0,,,100.0,137.0,100.0,811.0,39.0,39.0,100.0,0.0,100.0,0.0,200.0,0.0,100.0,8612.0,100.0,42733504560.0,100.0,66691557880.0
2019-05-12,ZCH0E995,ST12000NM0007,12000138625024,0,81.0,134095480.0,89.0,0.0,100.0,8.0,100.0,0.0,90.0,950750423.0,90.0,8830.0,100.0,0.0,100.0,8.0,,,,,100.0,0.0,100.0,0.0,,,61.0,39.0,,,100.0,138.0,100.0,813.0,39.0,39.0,100.0,0.0,100.0,0.0,200.0,0.0,100.0,8644.0,100.0,42820247032.0,100.0,66933103024.0
2019-05-13,ZCH0E995,ST12000NM0007,12000138625024,0,70.0,9618392.0,89.0,0.0,100.0,8.0,100.0,0.0,90.0,953033025.0,90.0,8846.0,100.0,0.0,100.0,8.0,,,,,100.0,0.0,100.0,0.0,,,62.0,38.0,,,100.0,138.0,100.0,813.0,38.0,38.0,100.0,0.0,100.0,0.0,200.0,0.0,100.0,8660.0,100.0,42865239520.0,100.0,67007774112.0
2019-05-14,ZCH0E995,ST12000NM0007,12000138625024,0,78.0,64279112.0,89.0,0.0,100.0,8.0,100.0,0.0,90.0,956014981.0,90.0,8877.0,100.0,0.0,100.0,8.0,,,,,100.0,0.0,100.0,0.0,,,61.0,39.0,,,100.0,139.0,100.0,814.0,39.0,39.0,100.0,0.0,100.0,0.0,200.0,0.0,100.0,8691.0,100.0,42945096064.0,100.0,67226719096.0
2019-05-15,ZCH0E995,ST12000NM0007,12000138625024,0,83.0,195541224.0,89.0,0.0,100.0,8.0,100.0,0.0,90.0,957415341.0,90.0,8893.0,100.0,0.0,100.0,8.0,,,,,100.0,0.0,100.0,0.0,,,62.0,38.0,,,100.0,140.0,100.0,815.0,38.0,38.0,100.0,0.0,100.0,0.0,200.0,0.0,100.0,8707.0,100.0,42975566960.0,100.0,67327510312.0
2019-05-16,ZCH0E995,ST12000NM0007,12000138625024,0,83.0,194458592.0,89.0,0.0,100.0,8.0,100.0,0.0,90.0,960112279.0,90.0,8925.0,100.0,0.0,100.0,8.0,,,,,100.0,0.0,100.0,0.0,,,61.0,39.0,,,100.0,141.0,100.0,816.0,39.0,39.0,100.0,0.0,100.0,0.0,200.0,0.0,100.0,8739.0,100.0,43028339928.0,100.0,67517795784.0
2019-05-17,ZCH0E995,ST12000NM0007,12000138625024,0,81.0,140028112.0,89.0,0.0,100.0,8.0,100.0,0.0,90.0,962145205.0,90.0,8941.0,100.0,0.0,100.0,8.0,,,,,100.0,0.0,100.0,0.0,,,63.0,37.0,,,100.0,141.0,100.0,817.0,37.0,37.0,100.0,0.0,100.0,0.0,200.0,0.0,100.0,8754.0,100.0,43055622560.0,100.0,67680223312.0
2019-05-18,ZCH0E995,ST12000NM0007,12000138625024,0,83.0,179502112.0,89.0,0.0,100.0,8.0,100.0,0.0,90.0,965432198.0,90.0,8972.0,100.0,0.0,100.0,8.0,,,,,100.0,0.0,100.0,0.0,,,66.0,34.0,,,100.0,141.0,100.0,818.0,34.0,34.0,100.0,0.0,100.0,0.0,200.0,0.0,100.0,8786.0,100.0,43110245840.0,100.0,67909215264.0
2019-05-19,ZCH0E995,ST12000NM0007,12000138625024,0,77.0,49052384.0,89.0,0.0,100.0,8.0,100.0,0.0,90.0,966507200.0,90.0,8988.0,100.0,0.0,100.0,8.0,,,,,100.0,0.0,100.0,0.0,,,68.0,32.0,,,100.0,142.0,100.0,819.0,32.0,32.0,100.0,0.0,100.0,0.0,200.0,0.0,100.0,8802.0,100.0,43125764616.0,100.0,68007387400.0
2019-05-20,ZCH0E995,ST12000NM0007,12000138625024,0,78.0,59748104.0,89.0,0.0,100.0,8.0,100.0,0.0,90.0,970031417.0,90.0,9020.0,100.0,0.0,100.0,8.0,,,,,100.0,0.0,100.0,0.0,,,67.0,33.0,,,100.0,142.0,100.0,820.0,33.0,33.0,100.0,0.0,100.0,0.0,200.0,0.0,100.0,8834.0,100.0,43183816928.0,100.0,68204171584.0
2019-05-21,ZCH0E995,ST12000NM0007,12000138625024,0,84.0,226470424.0,89.0,0.0,100.0,8.0,100.0,0.0,90.0,971446709.0,90.0,9036.0,100.0,0.0,100.0,8.0,,,,,100.0,0.0,100.0,0.0,,,67.0,33.0,,,100.0,143.0,100.0,821.0,33.0,33.0,100.0,0.0,100.0,0.0,200.0,0.0,100.0,8849.0,100.0,43220086400.0,100.0,68334624432.0
2019-05-22,ZCH0E995,ST12000NM0007,12000138625024,0,79.0,71146872.0,89.0,0.0,100.0,8.0,100.0,0.0,90.0,974311327.0,90.0,9068.0,100.0,0.0,100.0,8.0,,,,,100.0,0.0,100.0,0.0,,,67.0,33.0,,,100.0,144.0,100.0,822.0,33.0,33.0,100.0,0.0,100.0,0.0,200.0,0.0,100.0,8881.0,100.0,43296880264.0,100.0,68590788416.0
2019-05-23,ZCH0E995,ST12000NM0007,12000138625024,0,74.0,24414704.0,89.0,0.0,100.0,8.0,100.0,0.0,90.0,977159422.0,90.0,9084.0,100.0,0.0,100.0,8.0,,,,,100.0,0.0,100.0,0.0,,,66.0,34.0,,,100.0,145.0,100.0,823.0,34.0,34.0,100.0,0.0,100.0,0.0,200.0,0.0,100.0,8897.0,100.0,43335425640.0,100.0,68749651816.0
2019-05-24,ZCH0E995,ST12000NM0007,12000138625024,0,83.0,178055144.0,89.0,0.0,100.0,8.0,100.0,0.0,90.0,981637935.0,90.0,9115.0,100.0,0.0,100.0,8.0,,,,,100.0,0.0,100.0,0.0,,,66.0,34.0,,,100.0,146.0,100.0,824.0,34.0,34.0,100.0,0.0,100.0,0.0,200.0,0.0,100.0,8928.0,100.0,43427146776.0,100.0,69055711760.0
2019-05-25,ZCH0E995,ST12000NM0007,12000138625024,0,70.0,10501352.0,89.0,0.0,100.0,8.0,100.0,0.0,90.0,984468444.0,90.0,9147.0,100.0,0.0,100.0,8.0,,,,,100.0,0.0,100.0,0.0,,,67.0,33.0,,,100.0,148.0,100.0,826.0,33.0,33.0,100.0,0.0,100.0,0.0,200.0,0.0,100.0,8960.0,100.0,43508808688.0,100.0,69294777848.0
2019-05-26,ZCH0E995,ST12000NM0007,12000138625024,0,81.0,137853968.0,89.0,0.0,100.0,8.0,100.0,0.0,90.0,985681022.0,90.0,9163.0,100.0,0.0,100.0,8.0,,,,,100.0,0.0,100.0,0.0,,,67.0,33.0,,,100.0,148.0,100.0,826.0,33.0,33.0,100.0,0.0,100.0,0.0,200.0,0.0,100.0,8976.0,100.0,43535480680.0,100.0,69395458472.0
2019-05-27,ZCH0E995,ST12000NM0007,12000138625024,0,83.0,207583272.0,89.0,0.0,100.0,8.0,100.0,0.0,90.0,989624775.0,90.0,9195.0,100.0,0.0,100.0,8.0,,,,,100.0,0.0,100.0,0.0,,,67.0,33.0,,,100.0,148.0,100.0,828.0,33.0,33.0,100.0,0.0,100.0,0.0,200.0,0.0,100.0,9007.0,100.0,43616768776.0,100.0,69628040480.0
2019-05-28,ZCH0E995,ST12000NM0007,12000138625024,0,81.0,131100464.0,89.0,0.0,100.0,8.0,100.0,0.0,90.0,991033739.0,90.0,9211.0,100.0,0.0,100.0,8.0,,,,,100.0,0.0,100.0,0.0,,,67.0,33.0,,,100.0,148.0,100.0,828.0,33.0,33.0,100.0,0.0,100.0,0.0,200.0,0.0,100.0,9023.0,100.0,43667860512.0,100.0,69744606608.0
2019-05-29,ZCH0E995,ST12000NM0007,12000138625024,0,83.0,182040248.0,89.0,0.0,100.0,8.0,100.0,0.0,90.0,993641791.0,90.0,9242.0,100.0,0.0,100.0,8.0,,,,,100.0,0.0,100.0,0.0,,,67.0,33.0,,,100.0,149.0,100.0,830.0,33.0,33.0,100.0,0.0,100.0,0.0,200.0,0.0,100.0,9055.0,100.0,43743636592.0,100.0,69963910976.0
2019-05-30,ZCH0E995,ST12000NM0007,12000138625024,0,78.0,70164776.0,89.0,0.0,100.0,8.0,100.0,0.0,90.0,994873994.0,90.0,9258.0,100.0,0.0,100.0,8.0,,,,,100.0,0.0,100.0,0.0,,,66.0,34.0,,,100.0,149.0,100.0,830.0,34.0,34.0,100.0,0.0,100.0,0.0,200.0,0.0,100.0,9071.0,100.0,43771965440.0,100.0,70067847304.0
2019-05-31,ZCH0E995,ST12000NM0007,12000138625024,0,84.0,240272464.0,89.0,0.0,100.0,8.0,100.0,0.0,90.0,996230329.0,90.0,9274.0,100.0,0.0,100.0,8.0,,,,,100.0,0.0,100.0,0.0,,,67.0,33.0,,,100.0,150.0,100.0,832.0,33.0,33.0,100.0,0.0,100.0,0.0,200.0,0.0,100.0,9086.0,100.0,43805021656.0,100.0,70204898776.0
2019-06-01,ZCH0E995,ST12000NM0007,12000138625024,0,76.0,42795600.0,89.0,0.0,100.0,8.0,100.0,0.0,90.0,64290.0,90.0,9306.0,100.0,0.0,100.0,8.0,,,,,100.0,0.0,100.0,0.0,,,67.0,33.0,,,100.0,150.0,100.0,833.0,33.0,33.0,100.0,0.0,100.0,0.0,200.0,0.0,100.0,9118.0,100.0,43875209680.0,100.0,70425515384.0
2019-06-02,ZCH0E995,ST12000NM0007,12000138625024,0,82.0,168444648.0,89.0,0.0,100.0,8.0,100.0,0.0,62.0,1437388.0,90.0,9321.0,100.0,0.0,100.0,8.0,,,,,100.0,0.0,100.0,0.0,,,67.0,33.0,,,100.0,151.0,100.0,834.0,33.0,33.0,100.0,0.0,100.0,0.0,200.0,0.0,100.0,9133.0,100.0,43911415528.0,100.0,70514958584.0
2019-06-03,ZCH0E995,ST12000NM0007,12000138625024,0,84.0,235650728.0,89.0,0.0,100.0,8.0,100.0,0.0,68.0,5824360.0,90.0,9353.0,100.0,0.0,100.0,8.0,,,,,100.0,0.0,100.0,0.0,,,66.0,34.0,,,100.0,151.0,100.0,835.0,34.0,34.0,100.0,0.0,100.0,0.0,200.0,0.0,100.0,9165.0,100.0,44025072104.0,100.0,70712648800.0
2019-06-04,ZCH0E995,ST12000NM0007,12000138625024,0,81.0,114333152.0,89.0,0.0,100.0,8.0,100.0,0.0,70.0,9709870.0,90.0,9385.0,100.0,0.0,100.0,8.0,,,,,100.0,0.0,100.0,0.0,,,67.0,33.0,,,100.0,151.0,100.0,837.0,33.0,33.0,100.0,0.0,100.0,0.0,200.0,0.0,100.0,9196.0,100.0,44161656472.0,100.0,70943028368.0
2019-06-05,ZCH0E995,ST12000NM0007,12000138625024,0,71.0,11684000.0,89.0,0.0,100.0,8.0,100.0,0.0,71.0,13043892.0,90.0,9401.0,100.0,0.0,100.0,8.0,,,,,100.0,0.0,100.0,0.0,,,66.0,34.0,,,100.0,151.0,100.0,837.0,34.0,34.0,100.0,0.0,100.0,0.0,200.0,0.0,100.0,9212.0,100.0,44194223720.0,100.0,71051952912.0
2019-06-06,ZCH0E995,ST12000NM0007,12000138625024,0,83.0,210257608.0,89.0,0.0,100.0,8.0,100.0,0.0,72.0,15653487.0,90.0,9416.0,100.0,0.0,100.0,8.0,,,,,100.0,0.0,100.0,0.0,,,67.0,33.0,,,100.0,151.0,100.0,838.0,33.0,33.0,100.0,0.0,100.0,0.0,200.0,0.0,100.0,9227.0,100.0,44261964080.0,100.0,71182786160.0
2019-06-07,ZCH0E995,ST12000NM0007,12000138625024,0,82.0,163348928.0,89.0,0.0,100.0,8.0,100.0,0.0,73.0,22098905.0,90.0,9448.0,100.0,0.0,100.0,8.0,,,,,100.0,0.0,100.0,0.0,,,65.0,35.0,,,100.0,151.0,100.0,839.0,35.0,35.0,100.0,0.0,100.0,0.0,200.0,0.0,100.0,9259.0,100.0,44414573736.0,100.0,71471551616.0
2019-06-08,ZCH0E995,ST12000NM0007,12000138625024,0,79.0,80168864.0,89.0,0.0,100.0,8.0,100.0,0.0,74.0,24100229.0,90.0,9464.0,100.0,0.0,100.0,8.0,,,,,100.0,0.0,100.0,0.0,,,67.0,33.0,,,100.0,152.0,100.0,840.0,33.0,33.0,100.0,0.0,100.0,0.0,200.0,0.0,100.0,9275.0,100.0,44472024544.0,100.0,71575061688.0
2019-06-09,ZCH0E995,ST12000NM0007,12000138625024,0,81.0,130918200.0,89.0,0.0,100.0,8.0,100.0,0.0,74.0,27234274.0,90.0,9496.0,100.0,0.0,100.0,8.0,,,,,100.0,0.0,100.0,0.0,,,67.0,33.0,,,100.0,152.0,100.0,841.0,33.0,33.0,100.0,0.0,100.0,0.0,200.0,0.0,100.0,9307.0,100.0,44566154328.0,100.0,71775821888.0
2019-06-10,ZCH0E995,ST12000NM0007,12000138625024,0,74.0,27460928.0,89.0,0.0,100.0,8.0,100.0,0.0,75.0,29835829.0,90.0,9512.0,100.0,0.0,100.0,8.0,,,,,100.0,0.0,100.0,0.0,,,67.0,33.0,,,100.0,153.0,100.0,842.0,33.0,33.0,100.0,0.0,100.0,0.0,200.0,0.0,100.0,9322.0,100.0,44599608992.0,100.0,71883050768.0
2019-06-11,ZCH0E995,ST12000NM0007,12000138625024,0,76.0,38665176.0,89.0,0.0,100.0,8.0,100.0,0.0,75.0,32918376.0,90.0,9544.0,100.0,0.0,100.0,8.0,,,,,100.0,0.0,100.0,0.0,,,66.0,34.0,,,100.0,154.0,100.0,843.0,34.0,34.0,100.0,0.0,100.0,0.0,200.0,0.0,100.0,9354.0,100.0,44658856344.0,100.0,72079148480.0
2019-06-12,ZCH0E995,ST12000NM0007,12000138625024,0,82.0,156356160.0,89.0,0.0,100.0,8.0,100.0,0.0,75.0,34491526.0,90.0,9559.0,100.0,0.0,100.0,8.0,,,,,100.0,0.0,100.0,0.0,,,67.0,33.0,,,100.0,154.0,100.0,844.0,33.0,33.0,100.0,0.0,100.0,0.0,200.0,0.0,100.0,9370.0,100.0,44693004624.0,100.0,72162691184.0
2019-06-13,ZCH0E995,ST12000NM0007,12000138625024,0,81.0,125643368.0,89.0,0.0,100.0,8.0,100.0,0.0,76.0,37219674.0,90.0,9591.0,100.0,0.0,100.0,8.0,,,,,100.0,0.0,100.0,0.0,,,67.0,33.0,,,100.0,155.0,100.0,845.0,33.0,33.0,100.0,0.0,100.0,0.0,200.0,0.0,100.0,9401.0,100.0,44741899520.0,100.0,72327224152.0
2019-06-14,ZCH0E995,ST12000NM0007,12000138625024,0,81.0,115376536.0,89.0,0.0,100.0,8.0,100.0,0.0,76.0,41090976.0,90.0,9623.0,100.0,0.0,100.0,8.0,,,,,100.0,0.0,100.0,0.0,,,67.0,33.0,,,100.0,156.0,100.0,846.0,33.0,33.0,100.0,0.0,100.0,0.0,200.0,0.0,100.0,9433.0,100.0,44801257376.0,100.0,72501740240.0
2019-06-15,ZCH0E995,ST12000NM0007,12000138625024,0,84.0,239814064.0,89.0,0.0,100.0,8.0,100.0,0.0,76.0,42423971.0,89.0,9638.0,100.0,0.0,100.0,8.0,,,,,100.0,0.0,100.0,0.0,,,67.0,33.0,,,100.0,157.0,100.0,847.0,33.0,33.0,100.0,0.0,100.0,0.0,200.0,0.0,100.0,9448.0,100.0,44825656280.0,100.0,72601778864.0
2019-06-16,ZCH0E995,ST12000NM0007,12000138625024,0,75.0,29062728.0,89.0,0.0,100.0,8.0,100.0,0.0,77.0,45378604.0,89.0,9670.0,100.0,0.0,100.0,8.0,,,,,100.0,0.0,100.0,0.0,,,66.0,34.0,,,100.0,158.0,100.0,848.0,34.0,34.0,100.0,0.0,100.0,0.0,200.0,0.0,100.0,9480.0,100.0,44879593216.0,100.0,72825372144.0
2019-06-17,ZCH0E995,ST12000NM0007,12000138625024,0,82.0,150371864.0,89.0,0.0,100.0,8.0,100.0,0.0,77.0,47641856.0,89.0,9686.0,100.0,0.0,100.0,8.0,,,,,100.0,0.0,100.0,0.0,,,67.0,33.0,,,100.0,159.0,100.0,849.0,33.0,33.0,100.0,0.0,100.0,0.0,200.0,0.0,100.0,9496.0,100.0,44912511312.0,100.0,72913763184.0
2019-06-18,ZCH0E995,ST12000NM0007,12000138625024,0,83.0,206388520.0,89.0,0.0,100.0,8.0,100.0,0.0,77.0,50752705.0,89.0,9718.0,100.0,0.0,100.0,8.0,,,,,100.0,0.0,100.0,0.0,,,65.0,35.0,,,100.0,160.0,100.0,850.0,35.0,35.0,100.0,0.0,100.0,0.0,200.0,0.0,100.0,9527.0,100.0,44980775832.0,100.0,73145656104.0
2019-06-19,ZCH0E995,ST12000NM0007,12000138625024,0,80.0,104724832.0,89.0,0.0,100.0,8.0,100.0,0.0,77.0,52208727.0,89.0,9734.0,100.0,0.0,100.0,8.0,,,,,100.0,0.0,100.0,0.0,,,66.0,34.0,,,100.0,160.0,100.0,851.0,34.0,34.0,100.0,0.0,100.0,0.0,200.0,0.0,100.0,9543.0,100.0,45015769816.0,100.0,73253139208.0
2019-06-20,ZCH0E995,ST12000NM0007,12000138625024,0,81.0,124088272.0,89.0,0.0,100.0,8.0,100.0,0.0,77.0,54930425.0,89.0,9766.0,100.0,0.0,100.0,8.0,,,,,100.0,0.0,100.0,0.0,,,65.0,35.0,,,100.0,161.0,100.0,853.0,35.0,35.0,100.0,0.0,100.0,0.0,200.0,0.0,100.0,9575.0,100.0,45064130128.0,100.0,73468283056.0
2019-06-21,ZCH0E995,ST12000NM0007,12000138625024,0,72.0,15997040.0,89.0,0.0,100.0,8.0,100.0,0.0,78.0,56971557.0,89.0,9781.0,100.0,0.0,100.0,8.0,,,,,100.0,0.0,100.0,0.0,,,65.0,35.0,,,100.0,161.0,100.0,853.0,35.0,35.0,100.0,0.0,100.0,0.0,200.0,0.0,100.0,9590.0,100.0,45101339680.0,100.0,73567122984.0
2019-06-22,ZCH0E995,ST12000NM0007,12000138625024,0,79.0,79225168.0,89.0,0.0,100.0,8.0,100.0,0.0,78.0,62427980.0,89.0,9813.0,100.0,0.0,100.0,8.0,,,,,100.0,0.0,100.0,0.0,,,65.0,35.0,,,100.0,162.0,100.0,855.0,35.0,35.0,100.0,0.0,100.0,0.0,200.0,0.0,100.0,9622.0,100.0,45207018920.0,100.0,73768812872.0
2019-06-23,ZCH0E995,ST12000NM0007,12000138625024,0,83.0,217424408.0,89.0,0.0,100.0,8.0,100.0,0.0,78.0,64064133.0,89.0,9829.0,100.0,0.0,100.0,8.0,,,,,100.0,0.0,100.0,0.0,,,65.0,35.0,,,100.0,162.0,100.0,855.0,35.0,35.0,100.0,0.0,100.0,0.0,200.0,0.0,100.0,9638.0,100.0,45253161904.0,100.0,73860869128.0
2019-06-24,ZCH0E995,ST12000NM0007,12000138625024,0,71.0,13986808.0,89.0,0.0,100.0,8.0,100.0,0.0,78.0,68395601.0,89.0,9861.0,100.0,0.0,100.0,8.0,,,,,100.0,0.0,100.0,0.0,,,64.0,36.0,,,100.0,164.0,100.0,857.0,36.0,36.0,100.0,0.0,100.0,0.0,200.0,0.0,100.0,9669.0,100.0,45341548720.0,100.0,74057326296.0
2019-06-25,ZCH0E995,ST12000NM0007,12000138625024,0,83.0,192217384.0,89.0,0.0,100.0,8.0,100.0,0.0,78.0,70580474.0,89.0,9876.0,100.0,0.0,100.0,8.0,,,,,100.0,0.0,100.0,0.0,,,65.0,35.0,,,100.0,164.0,100.0,857.0,35.0,35.0,100.0,0.0,100.0,0.0,200.0,0.0,100.0,9685.0,100.0,45421053256.0,100.0,74156052336.0
2019-06-26,ZCH0E995,ST12000NM0007,12000138625024,0,68.0,6706920.0,89.0,0.0,100.0,8.0,100.0,0.0,79.0,74396968.0,89.0,9908.0,100.0,0.0,100.0,8.0,,,,,100.0,0.0,100.0,0.0,,,64.0,36.0,,,100.0,165.0,100.0,858.0,36.0,36.0,100.0,0.0,100.0,0.0,200.0,0.0,100.0,9716.0,100.0,45549150056.0,100.0,74330727056.0
2019-06-27,ZCH0E995,ST12000NM0007,12000138625024,0,83.0,208031920.0,89.0,0.0,100.0,8.0,100.0,0.0,79.0,76251564.0,89.0,9924.0,100.0,0.0,100.0,8.0,,,,,100.0,0.0,100.0,0.0,,,66.0,34.0,,,100.0,166.0,100.0,860.0,34.0,34.0,100.0,0.0,100.0,0.0,200.0,0.0,100.0,9732.0,100.0,45580290624.0,100.0,74500911488.0
2019-06-28,ZCH0E995,ST12000NM0007,12000138625024,0,79.0,84579936.0,89.0,0.0,100.0,8.0,100.0,0.0,79.0,81251569.0,89.0,9955.0,100.0,0.0,100.0,8.0,,,,,100.0,0.0,100.0,0.0,,,65.0,35.0,,,100.0,166.0,100.0,861.0,35.0,35.0,100.0,0.0,100.0,0.0,200.0,0.0,100.0,9763.0,100.0,45661714736.0,100.0,74784316704.0
2019-06-29,ZCH0E995,ST12000NM0007,12000138625024,0,71.0,13634040.0,89.0,0.0,100.0,8.0,100.0,0.0,79.0,83048280.0,89.0,9971.0,100.0,0.0,100.0,8.0,,,,,100.0,0.0,100.0,0.0,,,65.0,35.0,,,100.0,166.0,100.0,862.0,35.0,35.0,100.0,0.0,100.0,0.0,200.0,0.0,100.0,9779.0,100.0,45712941800.0,100.0,74906284640.0
2019-06-30,ZCH0E995,ST12000NM0007,12000138625024,0,82.0,143730528.0,89.0,0.0,100.0,8.0,100.0,0.0,79.0,86517633.0,89.0,10002.0,100.0,0.0,100.0,8.0,,,,,100.0,0.0,100.0,0.0,,,65.0,35.0,,,100.0,166.0,100.0,863.0,35.0,35.0,100.0,0.0,100.0,0.0,200.0,0.0,100.0,9810.0,100.0,45796380712.0,100.0,75197082944.0
2019-07-01,ZCH0E995,ST12000NM0007,12000138625024,0,79.0,85883128.0,89.0,0.0,100.0,8.0,100.0,0.0,80.0,89572223.0,89.0,10018.0,100.0,0.0,100.0,8.0,,,,,100.0,0.0,100.0,0.0,,,65.0,35.0,,,100.0,166.0,100.0,864.0,35.0,35.0,100.0,0.0,100.0,0.0,200.0,0.0,100.0,9826.0,100.0,45836630192.0,100.0,75343126704.0
2019-07-02,ZCH0E995,ST12000NM0007,12000138625024,0,84.0,228144936.0,89.0,0.0,100.0,8.0,100.0,0.0,80.0,93649436.0,89.0,10050.0,100.0,0.0,100.0,8.0,,,,,100.0,0.0,100.0,0.0,,,64.0,36.0,,,100.0,166.0,100.0,865.0,36.0,36.0,100.0,0.0,100.0,0.0,200.0,0.0,100.0,9857.0,100.0,45923780840.0,100.0,75642378496.0
2019-07-03,ZCH0E995,ST12000NM0007,12000138625024,0,82.0,170289384.0,89.0,0.0,100.0,8.0,100.0,0.0,80.0,95466539.0,89.0,10065.0,100.0,0.0,100.0,8.0,,,,,100.0,0.0,100.0,0.0,,,65.0,35.0,,,100.0,167.0,100.0,866.0,35.0,35.0,100.0,0.0,100.0,0.0,200.0,0.0,100.0,9873.0,100.0,45959004920.0,100.0,75793439760.0
2019-07-04,ZCH0E995,ST12000NM0007,12000138625024,0,78.0,57688656.0,89.0,0.0,100.0,8.0,100.0,0.0,80.0,99021615.0,89.0,10097.0,100.0,0.0,100.0,8.0,,,,,100.0,0.0,100.0,0.0,,,64.0,36.0,,,100.0,167.0,100.0,867.0,36.0,36.0,100.0,0.0,100.0,0.0,200.0,0.0,100.0,9904.0,100.0,46028368656.0,100.0,76099757048.0
2019-07-05,ZCH0E995,ST12000NM0007,12000138625024,0,76.0,38852136.0,89.0,0.0,100.0,8.0,100.0,0.0,80.0,101028472.0,89.0,10113.0,100.0,0.0,100.0,8.0,,,,,100.0,0.0,100.0,0.0,,,65.0,35.0,,,100.0,167.0,100.0,868.0,35.0,35.0,100.0,0.0,100.0,0.0,200.0,0.0,100.0,9920.0,100.0,46087972832.0,100.0,76265457064.0
2019-07-06,ZCH0E995,ST12000NM0007,12000138625024,0,83.0,188584624.0,89.0,0.0,100.0,8.0,100.0,0.0,80.0,105666626.0,89.0,10144.0,100.0,0.0,100.0,8.0,,,,,100.0,0.0,100.0,0.0,,,64.0,36.0,,,100.0,168.0,100.0,869.0,36.0,36.0,100.0,0.0,100.0,0.0,200.0,0.0,100.0,9951.0,100.0,46137048800.0,100.0,76610254280.0
2019-07-07,ZCH0E995,ST12000NM0007,12000138625024,0,78.0,64199328.0,89.0,0.0,100.0,8.0,100.0,0.0,80.0,108150648.0,89.0,10160.0,100.0,0.0,100.0,8.0,,,,,100.0,0.0,100.0,0.0,,,65.0,35.0,,,100.0,169.0,100.0,870.0,35.0,35.0,100.0,0.0,100.0,0.0,200.0,0.0,100.0,9967.0,100.0,46154678544.0,100.0,76712379944.0
2019-07-08,ZCH0E995,ST12000NM0007,12000138625024,0,83.0,219717480.0,89.0,0.0,100.0,8.0,100.0,0.0,81.0,113130196.0,89.0,10192.0,100.0,0.0,100.0,8.0,,,,,100.0,0.0,100.0,0.0,,,64.0,36.0,,,100.0,170.0,100.0,871.0,36.0,36.0,100.0,0.0,100.0,0.0,200.0,0.0,100.0,9999.0,100.0,46268499808.0,100.0,76998217464.0
2019-07-09,ZCH0E995,ST12000NM0007,12000138625024,0,83.0,187311976.0,89.0,0.0,100.0,8.0,100.0,0.0,81.0,115032666.0,89.0,10207.0,100.0,0.0,100.0,8.0,,,,,100.0,0.0,100.0,0.0,,,64.0,36.0,,,100.0,171.0,100.0,872.0,36.0,36.0,100.0,0.0,100.0,0.0,200.0,0.0,100.0,10014.0,100.0,46307244760.0,100.0,77171208096.0
2019-07-10,ZCH0E995,ST12000NM0007,12000138625024,0,79.0,81929368.0,89.0,0.0,100.0,8.0,100.0,0.0,81.0,120612872.0,89.0,10239.0,100.0,0.0,100.0,8.0,,,,,100.0,0.0,100.0,0.0,,,64.0,36.0,,,100.0,171.0,100.0,873.0,36.0,36.0,100.0,0.0,100.0,0.0,200.0,0.0,100.0,10046.0,100.0,46384438792.0,100.0,77476913072.0
2019-07-11,ZCH0E995,ST12000NM0007,12000138625024,0,81.0,113876032.0,89.0,0.0,100.0,8.0,100.0,0.0,81.0,123107547.0,89.0,10255.0,100.0,0.0,100.0,8.0,,,,,100.0,0.0,100.0,0.0,,,64.0,36.0,,,100.0,171.0,100.0,874.0,36.0,36.0,100.0,0.0,100.0,0.0,200.0,0.0,100.0,10061.0,100.0,46461668288.0,100.0,77675770984.0
2019-07-12,ZCH0E995,ST12000NM0007,12000138625024,0,79.0,85026104.0,89.0,0.0,100.0,8.0,100.0,0.0,81.0,127994983.0,89.0,10286.0,100.0,0.0,100.0,8.0,,,,,100.0,0.0,100.0,0.0,,,63.0,37.0,,,100.0,171.0,100.0,875.0,37.0,37.0,100.0,0.0,100.0,0.0,200.0,0.0,100.0,10093.0,100.0,46588431664.0,100.0,78008439080.0
2019-07-13,ZCH0E995,ST12000NM0007,12000138625024,0,79.0,83304080.0,89.0,0.0,100.0,8.0,100.0,0.0,81.0,131173655.0,89.0,10302.0,100.0,0.0,100.0,8.0,,,,,100.0,0.0,100.0,0.0,,,63.0,37.0,,,100.0,171.0,100.0,876.0,37.0,37.0,100.0,0.0,100.0,0.0,200.0,0.0,100.0,10109.0,100.0,46649182936.0,100.0,78190106480.0
2019-07-14,ZCH0E995,ST12000NM0007,12000138625024,0,79.0,80683000.0,89.0,0.0,100.0,8.0,100.0,0.0,81.0,135737862.0,89.0,10334.0,100.0,0.0,100.0,8.0,,,,,100.0,0.0,100.0,0.0,,,64.0,36.0,,,100.0,171.0,100.0,877.0,36.0,36.0,100.0,0.0,100.0,0.0,200.0,0.0,100.0,10140.0,100.0,46776532088.0,100.0,78548417616.0
2019-07-15,ZCH0E995,ST12000NM0007,12000138625024,0,73.0,20473640.0,89.0,0.0,100.0,8.0,100.0,0.0,81.0,138890752.0,89.0,10350.0,100.0,0.0,100.0,8.0,,,,,100.0,0.0,100.0,0.0,,,64.0,36.0,,,100.0,172.0,100.0,878.0,36.0,36.0,100.0,0.0,100.0,0.0,200.0,0.0,100.0,10156.0,100.0,46813157888.0,100.0,78695723104.0
2019-07-16,ZCH0E995,ST12000NM0007,12000138625024,0,80.0,110933264.0,89.0,0.0,100.0,8.0,100.0,0.0,82.0,142346582.0,89.0,10381.0,100.0,0.0,100.0,8.0,,,,,100.0,0.0,100.0,0.0,,,65.0,35.0,,,100.0,173.0,100.0,879.0,35.0,35.0,100.0,0.0,100.0,0.0,200.0,0.0,100.0,10187.0,100.0,46880299280.0,100.0,78963181984.0
2019-07-17,ZCH0E995,ST12000NM0007,12000138625024,0,84.0,241003752.0,89.0,0.0,100.0,8.0,100.0,0.0,82.0,146183419.0,89.0,10413.0,100.0,0.0,100.0,8.0,,,,,100.0,0.0,100.0,0.0,,,64.0,36.0,,,100.0,174.0,100.0,880.0,36.0,36.0,100.0,0.0,100.0,0.0,200.0,0.0,100.0,10219.0,100.0,46950968560.0,100.0,79266723848.0
2019-07-18,ZCH0E995,ST12000NM0007,12000138625024,0,82.0,173380680.0,89.0,0.0,100.0,8.0,100.0,0.0,82.0,147842576.0,89.0,10429.0,100.0,0.0,100.0,8.0,,,,,100.0,0.0,100.0,0.0,,,64.0,36.0,,,100.0,174.0,100.0,881.0,36.0,36.0,100.0,0.0,100.0,0.0,200.0,0.0,100.0,10235.0,100.0,46989163496.0,100.0,79405046536.0
2019-07-19,ZCH0E995,ST12000NM0007,12000138625024,0,80.0,89215544.0,89.0,0.0,100.0,8.0,100.0,0.0,82.0,152750329.0,89.0,10460.0,100.0,0.0,100.0,8.0,,,,,100.0,0.0,100.0,0.0,,,64.0,36.0,,,100.0,174.0,100.0,882.0,36.0,36.0,100.0,0.0,100.0,0.0,200.0,0.0,100.0,10266.0,100.0,47095025776.0,100.0,79703300872.0
2019-07-20,ZCH0E995,ST12000NM0007,12000138625024,0,76.0,39045408.0,89.0,0.0,100.0,8.0,100.0,0.0,82.0,154735812.0,89.0,10476.0,100.0,0.0,100.0,8.0,,,,,100.0,0.0,100.0,0.0,,,63.0,37.0,,,100.0,174.0,100.0,883.0,37.0,37.0,100.0,0.0,100.0,0.0,200.0,0.0,100.0,10282.0,100.0,47148035480.0,100.0,79844261816.0
2019-07-21,ZCH0E995,ST12000NM0007,12000138625024,0,81.0,129605816.0,89.0,0.0,100.0,8.0,100.0,0.0,82.0,158106159.0,89.0,10508.0,100.0,0.0,100.0,8.0,,,,,100.0,0.0,100.0,0.0,,,64.0,36.0,,,100.0,174.0,100.0,884.0,36.0,36.0,100.0,0.0,100.0,0.0,200.0,0.0,100.0,10313.0,100.0,47252246200.0,100.0,80074752168.0
2019-07-22,ZCH0E995,ST12000NM0007,12000138625024,0,78.0,65290760.0,89.0,0.0,100.0,8.0,100.0,0.0,82.0,161490269.0,88.0,10523.0,100.0,0.0,100.0,8.0,,,,,100.0,0.0,100.0,0.0,,,64.0,36.0,,,100.0,175.0,100.0,885.0,36.0,36.0,100.0,0.0,100.0,0.0,200.0,0.0,100.0,10329.0,100.0,47331526184.0,100.0,80175297832.0
2019-07-23,ZCH0E995,ST12000NM0007,12000138625024,0,80.0,110237392.0,89.0,0.0,100.0,8.0,100.0,0.0,82.0,164762813.0,88.0,10555.0,100.0,0.0,100.0,8.0,,,,,100.0,0.0,100.0,0.0,,,63.0,37.0,,,100.0,176.0,100.0,886.0,37.0,37.0,100.0,0.0,100.0,0.0,200.0,0.0,100.0,10361.0,100.0,47399659832.0,100.0,80396251552.0
2019-07-24,ZCH0E995,ST12000NM0007,12000138625024,0,83.0,212375600.0,89.0,0.0,100.0,8.0,100.0,0.0,82.0,168689330.0,88.0,10587.0,100.0,0.0,100.0,8.0,,,,,100.0,0.0,100.0,0.0,,,63.0,37.0,,,100.0,176.0,100.0,888.0,37.0,37.0,100.0,0.0,100.0,0.0,200.0,0.0,100.0,10392.0,100.0,47496064080.0,100.0,80646126312.0
2019-07-25,ZCH0E995,ST12000NM0007,12000138625024,0,81.0,125964272.0,89.0,0.0,100.0,8.0,100.0,0.0,82.0,170376007.0,88.0,10603.0,100.0,0.0,100.0,8.0,,,,,100.0,0.0,100.0,0.0,,,64.0,36.0,,,100.0,176.0,100.0,889.0,36.0,36.0,100.0,0.0,100.0,0.0,200.0,0.0,100.0,10408.0,100.0,47538577824.0,100.0,80761341920.0
2019-07-26,ZCH0E995,ST12000NM0007,12000138625024,0,78.0,61599560.0,89.0,0.0,100.0,8.0,100.0,0.0,82.0,176080932.0,88.0,10634.0,100.0,0.0,100.0,8.0,,,,,100.0,0.0,100.0,0.0,,,64.0,36.0,,,100.0,177.0,100.0,890.0,36.0,36.0,100.0,0.0,100.0,0.0,200.0,0.0,100.0,10439.0,100.0,47634650400.0,100.0,81089186072.0
2019-07-27,ZCH0E995,ST12000NM0007,12000138625024,0,83.0,207175952.0,89.0,0.0,100.0,8.0,100.0,0.0,83.0,178087666.0,88.0,10650.0,100.0,0.0,100.0,8.0,,,,,100.0,0.0,100.0,0.0,,,63.0,37.0,,,100.0,177.0,100.0,891.0,37.0,37.0,100.0,0.0,100.0,0.0,200.0,0.0,100.0,10455.0,100.0,47679069688.0,100.0,81190343176.0
2019-07-28,ZCH0E995,ST12000NM0007,12000138625024,0,81.0,116688552.0,89.0,0.0,100.0,8.0,100.0,0.0,83.0,182919200.0,88.0,10682.0,100.0,0.0,100.0,8.0,,,,,100.0,0.0,100.0,0.0,,,64.0,36.0,,,100.0,177.0,100.0,892.0,36.0,36.0,100.0,0.0,100.0,0.0,200.0,0.0,100.0,10486.0,100.0,47797792448.0,100.0,81469414424.0
2019-07-29,ZCH0E995,ST12000NM0007,12000138625024,0,74.0,23202048.0,89.0,0.0,100.0,8.0,100.0,0.0,83.0,185465889.0,88.0,10698.0,100.0,0.0,100.0,8.0,,,,,100.0,0.0,100.0,0.0,,,63.0,37.0,,,100.0,178.0,100.0,893.0,37.0,37.0,100.0,0.0,100.0,0.0,200.0,0.0,100.0,10502.0,100.0,47848304992.0,100.0,81569556256.0
2019-07-30,ZCH0E995,ST12000NM0007,12000138625024,0,77.0,46107704.0,89.0,0.0,100.0,8.0,100.0,0.0,83.0,191941704.0,88.0,10729.0,100.0,0.0,100.0,8.0,,,,,100.0,0.0,100.0,0.0,,,64.0,36.0,,,100.0,178.0,100.0,894.0,36.0,36.0,100.0,0.0,100.0,0.0,200.0,0.0,100.0,10533.0,100.0,47974806128.0,100.0,81954242704.0
2019-07-31,ZCH0E995,ST12000NM0007,12000138625024,0,74.0,27597640.0,89.0,0.0,100.0,8.0,100.0,0.0,83.0,193921473.0,88.0,10745.0,100.0,0.0,100.0,8.0,,,,,100.0,0.0,100.0,0.0,,,63.0,37.0,,,100.0,178.0,100.0,895.0,37.0,37.0,100.0,0.0,100.0,0.0,200.0,0.0,100.0,10549.0,100.0,48022328360.0,100.0,82132351480.0
2019-08-01,ZCH0E995,ST12000NM0007,12000138625024,0,83.0,185834944.0,89.0,0.0,100.0,8.0,100.0,0.0,83.0,197815039.0,88.0,10777.0,100.0,0.0,100.0,8.0,,,,,100.0,0.0,100.0,0.0,,,62.0,38.0,,,100.0,179.0,100.0,897.0,38.0,38.0,100.0,0.0,100.0,0.0,200.0,0.0,100.0,10580.0,100.0,48112821896.0,100.0,82444235936.0
2019-08-02,ZCH0E995,ST12000NM0007,12000138625024,0,84.0,243082296.0,89.0,0.0,100.0,8.0,100.0,0.0,83.0,200970090.0,88.0,10793.0,100.0,0.0,100.0,8.0,,,,,100.0,0.0,100.0,0.0,,,62.0,38.0,,,100.0,179.0,100.0,897.0,38.0,38.0,100.0,0.0,100.0,0.0,200.0,0.0,100.0,10596.0,100.0,48196094056.0,100.0,82662351760.0
2019-08-03,ZCH0E995,ST12000NM0007,12000138625024,0,84.0,241937872.0,89.0,0.0,100.0,8.0,100.0,0.0,83.0,206131586.0,88.0,10824.0,100.0,0.0,100.0,8.0,,,,,100.0,0.0,100.0,0.0,,,60.0,40.0,,,100.0,179.0,100.0,899.0,40.0,40.0,100.0,0.0,100.0,0.0,200.0,0.0,100.0,10627.0,100.0,48326538312.0,100.0,83019044528.0
2019-08-04,ZCH0E995,ST12000NM0007,12000138625024,0,73.0,20150176.0,89.0,0.0,100.0,8.0,100.0,0.0,83.0,208647032.0,88.0,10840.0,100.0,0.0,100.0,8.0,,,,,100.0,0.0,100.0,0.0,,,61.0,39.0,,,100.0,179.0,100.0,899.0,39.0,39.0,100.0,0.0,100.0,0.0,200.0,0.0,100.0,10643.0,100.0,48416176064.0,100.0,83195900440.0
2019-08-05,ZCH0E995,ST12000NM0007,12000138625024,0,78.0,63951176.0,89.0,0.0,100.0,8.0,100.0,0.0,83.0,215203633.0,88.0,10872.0,100.0,0.0,100.0,8.0,,,,,100.0,0.0,100.0,0.0,,,61.0,39.0,,,100.0,179.0,100.0,901.0,39.0,39.0,100.0,0.0,100.0,0.0,200.0,0.0,100.0,10675.0,100.0,48634259792.0,100.0,83509899160.0
2019-08-06,ZCH0E995,ST12000NM0007,12000138625024,0,72.0,15748368.0,89.0,0.0,100.0,8.0,100.0,0.0,83.0,217316954.0,88.0,10888.0,100.0,0.0,100.0,8.0,,,,,100.0,0.0,100.0,0.0,,,62.0,38.0,,,100.0,179.0,100.0,901.0,38.0,38.0,100.0,0.0,100.0,0.0,200.0,0.0,100.0,10691.0,100.0,48676580760.0,100.0,83663516864.0
2019-08-07,ZCH0E995,ST12000NM0007,12000138625024,0,71.0,13322072.0,89.0,0.0,100.0,8.0,100.0,0.0,83.0,222052326.0,88.0,10920.0,100.0,0.0,100.0,8.0,,,,,100.0,0.0,100.0,0.0,,,61.0,39.0,,,100.0,180.0,100.0,903.0,39.0,39.0,100.0,0.0,100.0,0.0,200.0,0.0,100.0,10722.0,100.0,48796537000.0,100.0,84029415832.0
2019-08-08,ZCH0E995,ST12000NM0007,12000138625024,0,70.0,10499064.0,89.0,0.0,100.0,8.0,100.0,0.0,84.0,224491877.0,88.0,10935.0,100.0,0.0,100.0,8.0,,,,,100.0,0.0,100.0,0.0,,,62.0,38.0,,,100.0,180.0,100.0,903.0,38.0,38.0,100.0,0.0,100.0,0.0,200.0,0.0,100.0,10738.0,100.0,48860952800.0,100.0,84206317752.0
2019-08-09,ZCH0E995,ST12000NM0007,12000138625024,0,83.0,208078432.0,89.0,0.0,100.0,8.0,100.0,0.0,84.0,230444187.0,88.0,10967.0,100.0,0.0,100.0,8.0,,,,,100.0,0.0,100.0,0.0,,,62.0,38.0,,,100.0,180.0,100.0,905.0,38.0,38.0,100.0,0.0,100.0,0.0,200.0,0.0,100.0,10770.0,100.0,48972217256.0,100.0,84536773344.0
2019-08-10,ZCH0E995,ST12000NM0007,12000138625024,0,84.0,235933064.0,89.0,0.0,100.0,8.0,100.0,0.0,84.0,233137282.0,88.0,10983.0,100.0,0.0,100.0,8.0,,,,,100.0,0.0,100.0,0.0,,,61.0,39.0,,,100.0,180.0,100.0,905.0,39.0,39.0,100.0,0.0,100.0,0.0,200.0,0.0,100.0,10785.0,100.0,49026860752.0,100.0,84754125344.0
2019-08-11,ZCH0E995,ST12000NM0007,12000138625024,0,83.0,181634728.0,89.0,0.0,100.0,8.0,100.0,0.0,84.0,237652044.0,88.0,11014.0,100.0,0.0,100.0,8.0,,,,,100.0,0.0,100.0,0.0,,,61.0,39.0,,,100.0,180.0,100.0,907.0,39.0,39.0,100.0,0.0,100.0,0.0,200.0,0.0,100.0,10817.0,100.0,49143272824.0,100.0,85071696416.0
2019-08-12,ZCH0E995,ST12000NM0007,12000138625024,0,81.0,122248336.0,89.0,0.0,100.0,8.0,100.0,0.0,84.0,241155736.0,88.0,11030.0,100.0,0.0,100.0,8.0,,,,,100.0,0.0,100.0,0.0,,,61.0,39.0,,,100.0,180.0,100.0,907.0,39.0,39.0,100.0,0.0,100.0,0.0,200.0,0.0,100.0,10833.0,100.0,49230558576.0,100.0,85169164904.0
2019-08-13,ZCH0E995,ST12000NM0007,12000138625024,0,84.0,239899968.0,89.0,0.0,100.0,8.0,100.0,0.0,84.0,247108125.0,88.0,11062.0,100.0,0.0,100.0,8.0,,,,,100.0,0.0,100.0,0.0,,,61.0,39.0,,,100.0,181.0,100.0,909.0,39.0,39.0,100.0,0.0,100.0,0.0,200.0,0.0,100.0,10864.0,100.0,49431983352.0,100.0,85573673112.0
2019-08-14,ZCH0E995,ST12000NM0007,12000138625024,0,76.0,35632152.0,89.0,0.0,100.0,8.0,100.0,0.0,84.0,249758104.0,88.0,11078.0,100.0,0.0,100.0,8.0,,,,,100.0,0.0,100.0,0.0,,,62.0,38.0,,,100.0,181.0,100.0,909.0,38.0,38.0,100.0,0.0,100.0,0.0,200.0,0.0,100.0,10880.0,100.0,49526062392.0,100.0,85763607864.0
2019-08-15,ZCH0E995,ST12000NM0007,12000138625024,0,84.0,225688384.0,89.0,0.0,100.0,8.0,100.0,0.0,84.0,253854909.0,88.0,11109.0,100.0,0.0,100.0,8.0,,,,,100.0,0.0,100.0,0.0,,,61.0,39.0,,,100.0,181.0,100.0,911.0,39.0,39.0,100.0,0.0,100.0,0.0,200.0,0.0,100.0,10911.0,100.0,49590722216.0,100.0,86133144944.0
2019-08-16,ZCH0E995,ST12000NM0007,12000138625024,0,81.0,115162360.0,89.0,0.0,100.0,8.0,100.0,0.0,84.0,256021859.0,88.0,11125.0,100.0,0.0,100.0,8.0,,,,,100.0,0.0,100.0,0.0,,,61.0,39.0,,,100.0,181.0,100.0,912.0,39.0,39.0,100.0,0.0,100.0,0.0,200.0,0.0,100.0,10927.0,100.0,49616725656.0,100.0,86240756176.0
2019-08-17,ZCH0E995,ST12000NM0007,12000138625024,0,82.0,142795504.0,89.0,0.0,100.0,8.0,100.0,0.0,84.0,259994248.0,88.0,11157.0,100.0,0.0,100.0,8.0,,,,,100.0,0.0,100.0,0.0,,,61.0,39.0,,,100.0,181.0,100.0,913.0,39.0,39.0,100.0,0.0,100.0,0.0,200.0,0.0,100.0,10959.0,100.0,49664425184.0,100.0,86464830432.0
2019-08-18,ZCH0E995,ST12000NM0007,12000138625024,0,77.0,52512312.0,89.0,0.0,100.0,8.0,100.0,0.0,84.0,261512232.0,88.0,11173.0,100.0,0.0,100.0,8.0,,,,,100.0,0.0,100.0,0.0,,,62.0,38.0,,,100.0,182.0,100.0,914.0,38.0,38.0,100.0,0.0,100.0,0.0,200.0,0.0,100.0,10974.0,100.0,49685439704.0,100.0,86597673400.0
2019-08-19,ZCH0E995,ST12000NM0007,12000138625024,0,79.0,71955184.0,89.0,0.0,100.0,8.0,100.0,0.0,84.0,266244072.0,88.0,11204.0,100.0,0.0,100.0,8.0,,,,,100.0,0.0,100.0,0.0,,,62.0,38.0,,,100.0,183.0,100.0,915.0,38.0,38.0,100.0,0.0,100.0,0.0,200.0,0.0,100.0,11006.0,100.0,49733468944.0,100.0,86813227688.0
2019-08-20,ZCH0E995,ST12000NM0007,12000138625024,0,78.0,66265768.0,89.0,0.0,100.0,8.0,100.0,0.0,84.0,268547120.0,88.0,11220.0,100.0,0.0,100.0,8.0,,,,,100.0,0.0,100.0,0.0,,,61.0,39.0,,,100.0,183.0,100.0,916.0,39.0,39.0,100.0,0.0,100.0,0.0,200.0,0.0,100.0,11022.0,100.0,49768528448.0,100.0,87016619536.0
2019-08-21,ZCH0E995,ST12000NM0007,12000138625024,0,81.0,115339784.0,89.0,0.0,100.0,8.0,100.0,0.0,84.0,271709104.0,88.0,11252.0,100.0,0.0,100.0,8.0,,,,,100.0,0.0,100.0,0.0,,,62.0,38.0,,,100.0,184.0,100.0,917.0,38.0,38.0,100.0,0.0,100.0,0.0,200.0,0.0,100.0,11053.0,100.0,49829064760.0,100.0,87249298144.0
2019-08-22,ZCH0E995,ST12000NM0007,12000138625024,0,80.0,110188888.0,89.0,0.0,100.0,8.0,100.0,0.0,84.0,277640248.0,88.0,11283.0,100.0,0.0,100.0,8.0,,,,,100.0,0.0,100.0,0.0,,,62.0,38.0,,,100.0,185.0,100.0,919.0,38.0,38.0,100.0,0.0,100.0,0.0,200.0,0.0,100.0,11085.0,100.0,49889924224.0,100.0,87671569168.0
2019-08-23,ZCH0E995,ST12000NM0007,12000138625024,0,80.0,111796616.0,89.0,0.0,100.0,8.0,100.0,0.0,84.0,281008723.0,88.0,11299.0,100.0,0.0,100.0,8.0,,,,,100.0,0.0,100.0,0.0,,,60.0,40.0,,,100.0,185.0,100.0,919.0,40.0,40.0,100.0,0.0,100.0,0.0,200.0,0.0,100.0,11100.0,100.0,49934427880.0,100.0,87872813936.0
2019-08-24,ZCH0E995,ST12000NM0007,12000138625024,0,81.0,112875992.0,89.0,0.0,100.0,8.0,100.0,0.0,85.0,285931683.0,88.0,11331.0,100.0,0.0,100.0,8.0,,,,,100.0,0.0,100.0,0.0,,,61.0,39.0,,,100.0,185.0,100.0,921.0,39.0,39.0,100.0,0.0,100.0,0.0,200.0,0.0,100.0,11132.0,100.0,50024936696.0,100.0,88271666104.0
2019-08-25,ZCH0E995,ST12000NM0007,12000138625024,0,77.0,55552120.0,89.0,0.0,100.0,8.0,100.0,0.0,85.0,287748589.0,88.0,11347.0,100.0,0.0,100.0,8.0,,,,,100.0,0.0,100.0,0.0,,,61.0,39.0,,,100.0,185.0,100.0,921.0,39.0,39.0,100.0,0.0,100.0,0.0,200.0,0.0,100.0,11148.0,100.0,50060002552.0,100.0,88423417096.0
2019-08-26,ZCH0E995,ST12000NM0007,12000138625024,0,80.0,110907824.0,89.0,0.0,100.0,8.0,100.0,0.0,85.0,294968946.0,87.0,11394.0,100.0,0.0,100.0,8.0,,,,,100.0,0.0,100.0,0.0,,,61.0,39.0,,,100.0,186.0,100.0,923.0,39.0,39.0,100.0,0.0,100.0,0.0,200.0,0.0,100.0,11195.0,100.0,50164376328.0,100.0,88862680528.0
2019-08-27,ZCH0E995,ST12000NM0007,12000138625024,0,80.0,110907824.0,89.0,0.0,100.0,8.0,100.0,0.0,85.0,294968946.0,87.0,11394.0,100.0,0.0,100.0,8.0,,,,,100.0,0.0,100.0,0.0,,,61.0,39.0,,,100.0,186.0,100.0,923.0,39.0,39.0,100.0,0.0,100.0,0.0,200.0,0.0,100.0,11195.0,100.0,50164376328.0,100.0,88862680528.0
2019-08-28,ZCH0E995,ST12000NM0007,12000138625024,0,75.0,32664240.0,89.0,0.0,100.0,8.0,100.0,0.0,85.0,299419064.0,87.0,11426.0,100.0,0.0,100.0,8.0,,,,,100.0,0.0,100.0,0.0,,,61.0,39.0,,,100.0,187.0,100.0,925.0,39.0,39.0,100.0,0.0,100.0,0.0,200.0,0.0,100.0,11226.0,100.0,50233282152.0,100.0,89203812512.0
2019-08-29,ZCH0E995,ST12000NM0007,12000138625024,0,84.0,228862656.0,89.0,0.0,100.0,8.0,100.0,0.0,85.0,302323600.0,87.0,11442.0,100.0,0.0,100.0,8.0,,,,,100.0,0.0,100.0,0.0,,,61.0,39.0,,,100.0,187.0,100.0,925.0,39.0,39.0,100.0,0.0,100.0,0.0,200.0,0.0,100.0,11242.0,100.0,50253510120.0,100.0,89379782960.0
2019-08-30,ZCH0E995,ST12000NM0007,12000138625024,0,76.0,42674392.0,89.0,0.0,100.0,8.0,100.0,0.0,85.0,309296984.0,87.0,11473.0,100.0,0.0,100.0,8.0,,,,,100.0,0.0,100.0,0.0,,,60.0,40.0,,,100.0,187.0,100.0,927.0,40.0,40.0,100.0,0.0,100.0,0.0,200.0,0.0,100.0,11274.0,100.0,50333370968.0,100.0,89846156512.0
2019-08-31,ZCH0E995,ST12000NM0007,12000138625024,0,76.0,37623040.0,89.0,0.0,100.0,8.0,100.0,0.0,85.0,312019492.0,87.0,11489.0,100.0,0.0,100.0,8.0,,,,,100.0,0.0,100.0,0.0,,,60.0,40.0,,,100.0,187.0,100.0,927.0,40.0,40.0,100.0,0.0,100.0,0.0,200.0,0.0,100.0,11290.0,100.0,50376962896.0,100.0,90041653896.0
2019-09-01,ZCH0E995,ST12000NM0007,12000138625024,0,78.0,61225360.0,89.0,0.0,100.0,8.0,100.0,0.0,85.0,317813646.0,87.0,11521.0,100.0,0.0,100.0,8.0,,,,,100.0,0.0,100.0,0.0,,,61.0,39.0,,,100.0,187.0,100.0,929.0,39.0,39.0,100.0,0.0,100.0,0.0,200.0,0.0,100.0,11321.0,100.0,50460526088.0,100.0,90469974512.0
2019-09-02,ZCH0E995,ST12000NM0007,12000138625024,0,66.0,4131352.0,89.0,0.0,100.0,8.0,100.0,0.0,85.0,320907549.0,87.0,11537.0,100.0,0.0,100.0,8.0,,,,,100.0,0.0,100.0,0.0,,,61.0,39.0,,,100.0,187.0,100.0,929.0,39.0,39.0,100.0,0.0,100.0,0.0,200.0,0.0,100.0,11337.0,100.0,50492417632.0,100.0,90625129792.0
2019-09-03,ZCH0E995,ST12000NM0007,12000138625024,0,82.0,150648216.0,89.0,0.0,100.0,8.0,100.0,0.0,85.0,325326303.0,87.0,11569.0,100.0,0.0,100.0,8.0,,,,,100.0,0.0,100.0,0.0,,,61.0,39.0,,,100.0,188.0,100.0,931.0,39.0,39.0,100.0,0.0,100.0,0.0,200.0,0.0,100.0,11369.0,100.0,50562100720.0,100.0,90946104224.0
2019-09-04,ZCH0E995,ST12000NM0007,12000138625024,0,78.0,61591248.0,89.0,0.0,100.0,8.0,100.0,0.0,85.0,327211537.0,87.0,11585.0,100.0,0.0,100.0,8.0,,,,,100.0,0.0,100.0,0.0,,,61.0,39.0,,,100.0,188.0,100.0,931.0,39.0,39.0,100.0,0.0,100.0,0.0,200.0,0.0,100.0,11385.0,100.0,50613496456.0,100.0,91049792152.0
2019-09-05,ZCH0E995,ST12000NM0007,12000138625024,0,73.0,21277888.0,89.0,0.0,100.0,8.0,100.0,0.0,85.0,329498621.0,87.0,11600.0,100.0,0.0,100.0,8.0,,,,,100.0,0.0,100.0,0.0,,,60.0,40.0,,,100.0,188.0,100.0,932.0,40.0,40.0,100.0,0.0,100.0,0.0,200.0,0.0,100.0,11400.0,100.0,50651297928.0,100.0,91215818000.0
2019-09-06,ZCH0E995,ST12000NM0007,12000138625024,0,79.0,77995312.0,89.0,0.0,100.0,8.0,100.0,0.0,85.0,334234125.0,87.0,11632.0,100.0,0.0,100.0,8.0,,,,,100.0,0.0,100.0,0.0,,,61.0,39.0,,,100.0,188.0,100.0,934.0,39.0,39.0,100.0,0.0,100.0,0.0,200.0,0.0,100.0,11432.0,100.0,50703312960.0,100.0,91464661136.0
2019-09-07,ZCH0E995,ST12000NM0007,12000138625024,0,77.0,50052896.0,89.0,0.0,100.0,8.0,100.0,0.0,85.0,336843392.0,87.0,11648.0,100.0,0.0,100.0,8.0,,,,,100.0,0.0,100.0,0.0,,,62.0,38.0,,,100.0,189.0,100.0,935.0,38.0,38.0,100.0,0.0,100.0,0.0,200.0,0.0,100.0,11448.0,100.0,50728688984.0,100.0,91655483368.0
2019-09-08,ZCH0E995,ST12000NM0007,12000138625024,0,100.0,1052216.0,89.0,0.0,100.0,8.0,100.0,0.0,85.0,340119999.0,87.0,11680.0,100.0,0.0,100.0,8.0,,,,,100.0,0.0,100.0,0.0,,,62.0,38.0,,,100.0,189.0,100.0,936.0,38.0,38.0,100.0,0.0,100.0,0.0,200.0,0.0,100.0,11479.0,100.0,50784746336.0,100.0,92038707000.0
2019-09-09,ZCH0E995,ST12000NM0007,12000138625024,0,83.0,187034432.0,89.0,0.0,100.0,8.0,100.0,0.0,85.0,343671720.0,87.0,11695.0,100.0,0.0,100.0,8.0,,,,,100.0,0.0,100.0,0.0,,,63.0,37.0,,,100.0,190.0,100.0,937.0,37.0,37.0,100.0,0.0,100.0,0.0,200.0,0.0,100.0,11495.0,100.0,50844369728.0,100.0,92165065824.0
2019-09-10,ZCH0E995,ST12000NM0007,12000138625024,0,82.0,145517528.0,89.0,0.0,100.0,8.0,100.0,0.0,85.0,346927641.0,87.0,11727.0,100.0,0.0,100.0,8.0,,,,,100.0,0.0,100.0,0.0,,,63.0,37.0,,,100.0,191.0,100.0,938.0,37.0,37.0,100.0,0.0,100.0,0.0,200.0,0.0,100.0,11526.0,100.0,50892395160.0,100.0,92563805024.0
2019-09-11,ZCH0E995,ST12000NM0007,12000138625024,0,76.0,44102416.0,89.0,0.0,100.0,8.0,100.0,0.0,85.0,350332806.0,87.0,11758.0,100.0,0.0,100.0,8.0,,,,,100.0,0.0,100.0,0.0,,,62.0,38.0,,,100.0,192.0,100.0,940.0,38.0,38.0,100.0,0.0,100.0,0.0,200.0,0.0,100.0,11557.0,100.0,50959661552.0,100.0,92883405040.0
2019-09-12,ZCH0E995,ST12000NM0007,12000138625024,0,84.0,241634088.0,89.0,0.0,100.0,8.0,100.0,0.0,85.0,352300694.0,87.0,11774.0,100.0,0.0,100.0,8.0,,,,,100.0,0.0,100.0,0.0,,,63.0,37.0,,,100.0,192.0,100.0,941.0,37.0,37.0,100.0,0.0,100.0,0.0,200.0,0.0,100.0,11573.0,100.0,51004234192.0,100.0,93036364072.0
2019-09-13,ZCH0E995,ST12000NM0007,12000138625024,0,84.0,236624544.0,89.0,0.0,100.0,8.0,100.0,0.0,86.0,358100460.0,87.0,11806.0,100.0,0.0,100.0,8.0,,,,,100.0,0.0,100.0,0.0,,,62.0,38.0,,,100.0,193.0,100.0,942.0,38.0,38.0,100.0,0.0,100.0,0.0,200.0,0.0,100.0,11604.0,100.0,51093070408.0,100.0,93430799648.0
2019-09-14,ZCH0E995,ST12000NM0007,12000138625024,0,83.0,223159208.0,89.0,0.0,100.0,8.0,100.0,0.0,86.0,359823606.0,87.0,11821.0,100.0,0.0,100.0,8.0,,,,,100.0,0.0,100.0,0.0,,,62.0,38.0,,,100.0,193.0,100.0,943.0,38.0,38.0,100.0,0.0,100.0,0.0,200.0,0.0,100.0,11620.0,100.0,51126995792.0,100.0,93627549728.0
2019-09-15,ZCH0E995,ST12000NM0007,12000138625024,0,83.0,212463472.0,89.0,0.0,100.0,8.0,100.0,0.0,86.0,363835768.0,87.0,11853.0,100.0,0.0,100.0,8.0,,,,,100.0,0.0,100.0,0.0,,,62.0,38.0,,,100.0,194.0,100.0,944.0,38.0,38.0,100.0,0.0,100.0,0.0,200.0,0.0,100.0,11652.0,100.0,51228174360.0,100.0,94003956856.0
2019-09-16,ZCH0E995,ST12000NM0007,12000138625024,0,83.0,186984288.0,89.0,0.0,100.0,8.0,100.0,0.0,86.0,367982296.0,87.0,11869.0,100.0,0.0,100.0,8.0,,,,,100.0,0.0,100.0,0.0,,,61.0,39.0,,,100.0,194.0,100.0,945.0,39.0,39.0,100.0,0.0,100.0,0.0,200.0,0.0,100.0,11668.0,100.0,51312872760.0,100.0,94137920008.0
2019-09-17,ZCH0E995,ST12000NM0007,12000138625024,0,82.0,163921240.0,89.0,0.0,100.0,8.0,100.0,0.0,86.0,373713632.0,87.0,11901.0,100.0,0.0,100.0,8.0,,,,,100.0,0.0,100.0,0.0,,,62.0,38.0,,,100.0,195.0,100.0,946.0,38.0,38.0,100.0,0.0,100.0,0.0,200.0,0.0,100.0,11699.0,100.0,51389732168.0,100.0,94526278912.0
2019-09-18,ZCH0E995,ST12000NM0007,12000138625024,0,83.0,196036488.0,89.0,0.0,100.0,8.0,100.0,0.0,86.0,375723077.0,87.0,11917.0,100.0,0.0,100.0,8.0,,,,,100.0,0.0,100.0,0.0,,,62.0,38.0,,,100.0,195.0,100.0,947.0,38.0,38.0,100.0,0.0,100.0,0.0,200.0,0.0,100.0,11715.0,100.0,51434171736.0,100.0,94758095384.0
2019-09-19,ZCH0E995,ST12000NM0007,12000138625024,0,82.0,161884952.0,89.0,0.0,100.0,8.0,100.0,0.0,86.0,379754637.0,87.0,11948.0,100.0,0.0,100.0,8.0,,,,,100.0,0.0,100.0,0.0,,,62.0,38.0,,,100.0,195.0,100.0,948.0,38.0,38.0,100.0,0.0,100.0,0.0,200.0,0.0,100.0,11746.0,100.0,51492958544.0,100.0,95153438392.0
2019-09-20,ZCH0E995,ST12000NM0007,12000138625024,0,84.0,231644400.0,89.0,0.0,100.0,8.0,100.0,0.0,86.0,382147878.0,87.0,11964.0,100.0,0.0,100.0,8.0,,,,,100.0,0.0,100.0,0.0,,,61.0,39.0,,,100.0,195.0,100.0,949.0,39.0,39.0,100.0,0.0,100.0,0.0,200.0,0.0,100.0,11762.0,100.0,51542261296.0,100.0,95418035736.0
2019-09-21,ZCH0E995,ST12000NM0007,12000138625024,0,79.0,88223920.0,89.0,0.0,100.0,8.0,100.0,0.0,86.0,388053246.0,87.0,11996.0,100.0,0.0,100.0,8.0,,,,,100.0,0.0,100.0,0.0,,,62.0,38.0,,,100.0,195.0,100.0,950.0,38.0,38.0,100.0,0.0,100.0,0.0,200.0,0.0,100.0,11794.0,100.0,51654527552.0,100.0,95894771328.0
2019-09-22,ZCH0E995,ST12000NM0007,12000138625024,0,81.0,118197400.0,89.0,0.0,100.0,8.0,100.0,0.0,86.0,390103874.0,87.0,12012.0,100.0,0.0,100.0,8.0,,,,,100.0,0.0,100.0,0.0,,,62.0,38.0,,,100.0,195.0,100.0,951.0,38.0,38.0,100.0,0.0,100.0,0.0,200.0,0.0,100.0,11809.0,100.0,51704095976.0,100.0,96119317040.0
2019-09-23,ZCH0E995,ST12000NM0007,12000138625024,0,74.0,24313832.0,89.0,0.0,100.0,8.0,100.0,0.0,86.0,395924169.0,87.0,12043.0,100.0,0.0,100.0,8.0,,,,,100.0,0.0,100.0,0.0,,,61.0,39.0,,,100.0,196.0,100.0,952.0,39.0,39.0,100.0,0.0,100.0,0.0,200.0,0.0,100.0,11841.0,100.0,51807106600.0,100.0,96410705016.0
2019-09-24,ZCH0E995,ST12000NM0007,12000138625024,0,70.0,8943656.0,89.0,0.0,100.0,8.0,100.0,0.0,86.0,397852059.0,87.0,12059.0,100.0,0.0,100.0,8.0,,,,,100.0,0.0,100.0,0.0,,,61.0,39.0,,,100.0,197.0,100.0,953.0,39.0,39.0,100.0,0.0,100.0,0.0,200.0,0.0,100.0,11857.0,100.0,51846307152.0,100.0,96600274920.0
2019-09-25,ZCH0E995,ST12000NM0007,12000138625024,0,84.0,230139240.0,89.0,0.0,100.0,8.0,100.0,0.0,86.0,401449035.0,87.0,12091.0,100.0,0.0,100.0,8.0,,,,,100.0,0.0,100.0,0.0,,,63.0,37.0,,,100.0,197.0,100.0,954.0,37.0,37.0,100.0,0.0,100.0,0.0,200.0,0.0,100.0,11888.0,100.0,51923996400.0,100.0,96987921992.0
2019-09-26,ZCH0E995,ST12000NM0007,12000138625024,0,81.0,137342056.0,89.0,0.0,100.0,8.0,100.0,0.0,86.0,405659070.0,87.0,12122.0,100.0,0.0,100.0,8.0,,,,,100.0,0.0,100.0,0.0,,,61.0,39.0,,,100.0,197.0,100.0,956.0,39.0,39.0,100.0,0.0,100.0,0.0,200.0,0.0,100.0,11919.0,100.0,51962281352.0,100.0,97345121360.0
2019-09-27,ZCH0E995,ST12000NM0007,12000138625024,0,81.0,135170392.0,89.0,0.0,100.0,8.0,100.0,0.0,86.0,408842370.0,87.0,12138.0,100.0,0.0,100.0,8.0,,,,,100.0,0.0,100.0,0.0,,,60.0,40.0,,,100.0,197.0,100.0,956.0,40.0,40.0,100.0,0.0,100.0,0.0,200.0,0.0,100.0,11935.0,100.0,51990081504.0,100.0,97559290320.0
2019-09-28,ZCH0E995,ST12000NM0007,12000138625024,0,83.0,195475600.0,89.0,0.0,100.0,8.0,100.0,0.0,86.0,414353671.0,87.0,12170.0,100.0,0.0,100.0,8.0,,,,,100.0,0.0,100.0,0.0,,,60.0,40.0,,,100.0,198.0,100.0,958.0,40.0,40.0,100.0,0.0,100.0,0.0,200.0,0.0,100.0,11967.0,100.0,52099760864.0,100.0,97998197696.0
2019-09-29,ZCH0E995,ST12000NM0007,12000138625024,0,83.0,182103600.0,89.0,0.0,100.0,8.0,100.0,0.0,86.0,416356092.0,87.0,12186.0,100.0,0.0,100.0,8.0,,,,,100.0,0.0,100.0,0.0,,,61.0,39.0,,,100.0,198.0,100.0,958.0,39.0,39.0,100.0,0.0,100.0,0.0,200.0,0.0,100.0,11982.0,100.0,52151954312.0,100.0,98176772888.0
2019-09-30,ZCH0E995,ST12000NM0007,12000138625024,0,78.0,66017744.0,89.0,0.0,100.0,8.0,100.0,0.0,86.0,422159703.0,87.0,12217.0,100.0,0.0,100.0,8.0,,,,,100.0,0.0,100.0,0.0,,,60.0,40.0,,,100.0,199.0,100.0,960.0,40.0,40.0,100.0,0.0,100.0,0.0,200.0,0.0,100.0,12014.0,100.0,52288948792.0,100.0,98411974296.0
2019-10-01,ZCH0E995,ST12000NM0007,12000138625024,0,77.0,47246624.0,89.0,0.0,100.0,8.0,100.0,0.0,86.0,424118053.0,87.0,12233.0,100.0,0.0,100.0,8.0,,,,,100.0,0.0,100.0,0.0,,,63.0,37.0,,,100.0,199.0,100.0,960.0,37.0,37.0,100.0,0.0,100.0,0.0,200.0,0.0,100.0,12029.0,100.0,52327010160.0,100.0,98599282480.0
2019-10-02,ZCH0E995,ST12000NM0007,12000138625024,0,83.0,218654496.0,89.0,0.0,100.0,8.0,100.0,0.0,86.0,425706452.0,87.0,12249.0,100.0,0.0,100.0,8.0,,,,,100.0,0.0,100.0,0.0,,,64.0,36.0,,,100.0,200.0,100.0,961.0,36.0,36.0,100.0,0.0,100.0,0.0,200.0,0.0,100.0,12045.0,100.0,52357356048.0,100.0,98740344464.0
2019-10-03,ZCH0E995,ST12000NM0007,12000138625024,0,84.0,229059616.0,89.0,0.0,100.0,8.0,100.0,0.0,86.0,427991044.0,86.0,12280.0,100.0,0.0,100.0,8.0,,,,,100.0,0.0,100.0,0.0,,,65.0,35.0,,,100.0,200.0,100.0,963.0,35.0,35.0,100.0,0.0,100.0,0.0,200.0,0.0,100.0,12077.0,100.0,52389456640.0,100.0,98962789656.0
2019-10-04,ZCH0E995,ST12000NM0007,12000138625024,0,83.0,188901216.0,89.0,0.0,100.0,8.0,100.0,0.0,86.0,431338121.0,86.0,12312.0,100.0,0.0,100.0,8.0,,,,,100.0,0.0,100.0,0.0,,,64.0,36.0,,,100.0,201.0,100.0,965.0,36.0,36.0,100.0,0.0,100.0,0.0,200.0,0.0,100.0,12108.0,100.0,52402494312.0,100.0,99153734288.0
2019-10-05,ZCH0E995,ST12000NM0007,12000138625024,0,77.0,47119056.0,89.0,0.0,100.0,8.0,100.0,0.0,86.0,432555812.0,86.0,12328.0,100.0,0.0,100.0,8.0,,,,,100.0,0.0,100.0,0.0,,,64.0,36.0,,,100.0,201.0,100.0,965.0,36.0,36.0,100.0,0.0,100.0,0.0,200.0,0.0,100.0,12124.0,100.0,52410260472.0,100.0,99248326600.0
2019-10-06,ZCH0E995,ST12000NM0007,12000138625024,0,78.0,62546424.0,89.0,0.0,100.0,8.0,100.0,0.0,86.0,435857798.0,86.0,12360.0,100.0,0.0,100.0,8.0,,,,,100.0,0.0,100.0,0.0,,,63.0,37.0,,,100.0,201.0,100.0,967.0,37.0,37.0,100.0,0.0,100.0,0.0,200.0,0.0,100.0,12155.0,100.0,52441216016.0,100.0,99476939264.0
2019-10-07,ZCH0E995,ST12000NM0007,12000138625024,0,83.0,183026776.0,89.0,0.0,100.0,8.0,100.0,0.0,86.0,438385632.0,86.0,12375.0,100.0,0.0,100.0,8.0,,,,,100.0,0.0,100.0,0.0,,,64.0,36.0,,,100.0,201.0,100.0,967.0,36.0,36.0,100.0,0.0,100.0,0.0,200.0,0.0,100.0,12171.0,100.0,52465472112.0,100.0,99573163520.0
2019-10-08,ZCH0E995,ST12000NM0007,12000138625024,0,82.0,157805200.0,89.0,0.0,100.0,8.0,100.0,0.0,86.0,440905010.0,86.0,12407.0,100.0,0.0,100.0,8.0,,,,,100.0,0.0,100.0,0.0,,,64.0,36.0,,,100.0,203.0,100.0,969.0,36.0,36.0,100.0,0.0,100.0,0.0,200.0,0.0,100.0,12202.0,100.0,52505470960.0,100.0,99752084024.0
2019-10-09,ZCH0E995,ST12000NM0007,12000138625024,0,74.0,28166552.0,89.0,0.0,100.0,8.0,100.0,0.0,86.0,442058073.0,86.0,12423.0,100.0,0.0,100.0,8.0,,,,,100.0,0.0,100.0,0.0,,,64.0,36.0,,,100.0,203.0,100.0,969.0,36.0,36.0,100.0,0.0,100.0,0.0,200.0,0.0,100.0,12218.0,100.0,52535999544.0,100.0,99836057424.0
2019-10-10,ZCH0E995,ST12000NM0007,12000138625024,0,81.0,134042448.0,89.0,0.0,100.0,8.0,100.0,0.0,86.0,443143240.0,86.0,12439.0,100.0,0.0,100.0,8.0,,,,,100.0,0.0,100.0,0.0,,,64.0,36.0,,,100.0,204.0,100.0,970.0,36.0,36.0,100.0,0.0,100.0,0.0,200.0,0.0,100.0,12234.0,100.0,52554200272.0,100.0,99923732592.0
2019-10-11,ZCH0E995,ST12000NM0007,12000138625024,0,82.0,177689432.0,89.0,0.0,100.0,8.0,100.0,0.0,87.0,447975609.0,86.0,12470.0,100.0,0.0,100.0,8.0,,,,,100.0,0.0,100.0,0.0,,,71.0,29.0,,,100.0,205.0,100.0,971.0,29.0,29.0,100.0,0.0,100.0,0.0,200.0,0.0,100.0,12265.0,100.0,52592360656.0,100.0,100173360040.0
2019-10-12,ZCH0E995,ST12000NM0007,12000138625024,0,81.0,127109000.0,89.0,0.0,100.0,8.0,100.0,0.0,87.0,450675552.0,86.0,12502.0,100.0,0.0,100.0,8.0,,,,,100.0,0.0,100.0,0.0,,,71.0,29.0,,,100.0,206.0,100.0,972.0,29.0,29.0,100.0,0.0,100.0,0.0,200.0,0.0,100.0,12297.0,100.0,52622405672.0,100.0,100336875416.0
2019-10-13,ZCH0E995,ST12000NM0007,12000138625024,0,83.0,213829440.0,89.0,0.0,100.0,8.0,100.0,0.0,87.0,451294500.0,86.0,12518.0,100.0,0.0,100.0,8.0,,,,,100.0,0.0,100.0,0.0,,,71.0,29.0,,,100.0,207.0,100.0,973.0,29.0,29.0,100.0,0.0,100.0,0.0,200.0,0.0,100.0,12313.0,100.0,52631423640.0,100.0,100414577888.0
2019-10-14,ZCH0E995,ST12000NM0007,12000138625024,0,81.0,140842376.0,89.0,0.0,100.0,8.0,100.0,0.0,87.0,454247734.0,86.0,12549.0,100.0,0.0,100.0,8.0,,,,,100.0,0.0,100.0,0.0,,,71.0,29.0,,,100.0,207.0,100.0,974.0,29.0,29.0,100.0,0.0,100.0,0.0,200.0,0.0,100.0,12344.0,100.0,52654873576.0,100.0,100562281616.0
2019-10-15,ZCH0E995,ST12000NM0007,12000138625024,0,82.0,148281832.0,89.0,0.0,100.0,8.0,100.0,0.0,87.0,456198926.0,86.0,12597.0,100.0,0.0,100.0,8.0,,,,,100.0,0.0,100.0,0.0,,,62.0,38.0,,,100.0,207.0,100.0,976.0,38.0,38.0,100.0,0.0,100.0,0.0,200.0,0.0,100.0,12391.0,100.0,52685825120.0,100.0,100782910328.0
2019-10-16,ZCH0E995,ST12000NM0007,12000138625024,0,82.0,148281832.0,89.0,0.0,100.0,8.0,100.0,0.0,87.0,456198926.0,86.0,12597.0,100.0,0.0,100.0,8.0,,,,,100.0,0.0,100.0,0.0,,,62.0,38.0,,,100.0,207.0,100.0,976.0,38.0,38.0,100.0,0.0,100.0,0.0,200.0,0.0,100.0,12391.0,100.0,52685825120.0,100.0,100782910328.0
2019-10-17,ZCH0E995,ST12000NM0007,12000138625024,0,84.0,232966408.0,89.0,0.0,100.0,8.0,100.0,0.0,87.0,456865770.0,86.0,12613.0,100.0,0.0,100.0,8.0,,,,,100.0,0.0,100.0,0.0,,,62.0,38.0,,,100.0,208.0,100.0,977.0,38.0,38.0,100.0,0.0,100.0,0.0,200.0,0.0,100.0,12407.0,100.0,52694998056.0,100.0,100858421968.0
2019-10-18,ZCH0E995,ST12000NM0007,12000138625024,0,83.0,189842728.0,89.0,0.0,100.0,8.0,100.0,0.0,87.0,460406099.0,86.0,12644.0,100.0,0.0,100.0,8.0,,,,,100.0,0.0,100.0,0.0,,,62.0,38.0,,,100.0,209.0,100.0,978.0,38.0,38.0,100.0,0.0,100.0,0.0,200.0,0.0,100.0,12438.0,100.0,52716828160.0,100.0,101037608936.0
2019-10-19,ZCH0E995,ST12000NM0007,12000138625024,0,76.0,41360944.0,89.0,0.0,100.0,8.0,100.0,0.0,87.0,461199646.0,86.0,12660.0,100.0,0.0,100.0,8.0,,,,,100.0,0.0,100.0,0.0,,,61.0,39.0,,,100.0,209.0,100.0,979.0,39.0,39.0,100.0,0.0,100.0,0.0,200.0,0.0,100.0,12454.0,100.0,52728511520.0,100.0,101121584624.0
2019-10-20,ZCH0E995,ST12000NM0007,12000138625024,0,83.0,203787192.0,89.0,0.0,100.0,8.0,100.0,0.0,87.0,463357855.0,86.0,12692.0,100.0,0.0,100.0,8.0,,,,,100.0,0.0,100.0,0.0,,,62.0,38.0,,,100.0,209.0,100.0,980.0,38.0,38.0,100.0,0.0,100.0,0.0,200.0,0.0,100.0,12485.0,100.0,52771337368.0,100.0,101241185024.0
2019-10-21,ZCH0E995,ST12000NM0007,12000138625024,0,77.0,47501472.0,89.0,0.0,100.0,8.0,100.0,0.0,87.0,466165084.0,86.0,12707.0,100.0,0.0,100.0,8.0,,,,,100.0,0.0,100.0,0.0,,,62.0,38.0,,,100.0,210.0,100.0,981.0,38.0,38.0,100.0,0.0,100.0,0.0,200.0,0.0,100.0,12501.0,100.0,52786907216.0,100.0,101313470088.0
2019-10-22,ZCH0E995,ST12000NM0007,12000138625024,0,83.0,221030280.0,89.0,0.0,100.0,8.0,100.0,0.0,87.0,468450283.0,86.0,12739.0,100.0,0.0,100.0,8.0,,,,,100.0,0.0,100.0,0.0,,,71.0,29.0,,,100.0,211.0,100.0,982.0,29.0,29.0,100.0,0.0,100.0,0.0,200.0,0.0,100.0,12532.0,100.0,52827566296.0,100.0,101446339816.0
2019-10-23,ZCH0E995,ST12000NM0007,12000138625024,0,78.0,69901384.0,89.0,0.0,100.0,8.0,100.0,0.0,87.0,469512739.0,86.0,12755.0,100.0,0.0,100.0,8.0,,,,,100.0,0.0,100.0,0.0,,,71.0,29.0,,,100.0,211.0,100.0,983.0,29.0,29.0,100.0,0.0,100.0,0.0,200.0,0.0,100.0,12548.0,100.0,52856966200.0,100.0,101509951992.0
2019-10-24,ZCH0E995,ST12000NM0007,12000138625024,0,76.0,43308056.0,89.0,0.0,100.0,8.0,100.0,0.0,87.0,471776380.0,86.0,12786.0,100.0,0.0,100.0,8.0,,,,,100.0,0.0,100.0,0.0,,,71.0,29.0,,,100.0,212.0,100.0,984.0,29.0,29.0,100.0,0.0,100.0,0.0,200.0,0.0,100.0,12579.0,100.0,52908526912.0,100.0,101675938672.0
2019-10-25,ZCH0E995,ST12000NM0007,12000138625024,0,77.0,45873584.0,89.0,0.0,100.0,8.0,100.0,0.0,87.0,475662167.0,86.0,12818.0,100.0,0.0,100.0,8.0,,,,,100.0,0.0,100.0,0.0,,,71.0,29.0,,,100.0,212.0,100.0,987.0,29.0,29.0,100.0,0.0,100.0,0.0,200.0,0.0,100.0,12610.0,100.0,52945260784.0,100.0,101885911122.0
2019-10-26,ZCH0E995,ST12000NM0007,12000138625024,0,82.0,161627288.0,89.0,0.0,100.0,8.0,100.0,0.0,87.0,477098782.0,86.0,12834.0,100.0,0.0,100.0,8.0,,,,,100.0,0.0,100.0,0.0,,,71.0,29.0,,,100.0,212.0,100.0,987.0,29.0,29.0,100.0,0.0,100.0,0.0,200.0,0.0,100.0,12626.0,100.0,52976362792.0,100.0,101970562818.0
2019-10-27,ZCH0E995,ST12000NM0007,12000138625024,0,82.0,142146056.0,89.0,0.0,100.0,8.0,100.0,0.0,87.0,480837729.0,86.0,12865.0,100.0,0.0,100.0,8.0,,,,,100.0,0.0,100.0,0.0,,,70.0,30.0,,,100.0,212.0,100.0,989.0,30.0,30.0,100.0,0.0,100.0,0.0,200.0,0.0,100.0,12658.0,100.0,53025644088.0,100.0,102145941026.0
2019-10-28,ZCH0E995,ST12000NM0007,12000138625024,0,69.0,7691584.0,89.0,0.0,100.0,8.0,100.0,0.0,87.0,482727362.0,86.0,12881.0,100.0,0.0,100.0,8.0,,,,,100.0,0.0,100.0,0.0,,,71.0,29.0,,,100.0,212.0,100.0,989.0,29.0,29.0,100.0,0.0,100.0,0.0,200.0,0.0,100.0,12674.0,100.0,53047816840.0,100.0,102233454490.0
2019-10-29,ZCH0E995,ST12000NM0007,12000138625024,0,72.0,17543840.0,89.0,0.0,100.0,8.0,100.0,0.0,87.0,485366231.0,86.0,12913.0,100.0,0.0,100.0,8.0,,,,,100.0,0.0,100.0,0.0,,,71.0,29.0,,,100.0,214.0,100.0,991.0,29.0,29.0,100.0,0.0,100.0,0.0,200.0,0.0,100.0,12705.0,100.0,53143099528.0,100.0,102392164714.0
2019-10-30,ZCH0E995,ST12000NM0007,12000138625024,0,82.0,158884272.0,89.0,0.0,100.0,8.0,100.0,0.0,87.0,486594391.0,86.0,12928.0,100.0,0.0,100.0,8.0,,,,,100.0,0.0,100.0,0.0,,,71.0,29.0,,,100.0,214.0,100.0,991.0,29.0,29.0,100.0,0.0,100.0,0.0,200.0,0.0,100.0,12721.0,100.0,53168249160.0,100.0,102508355514.0
2019-10-31,ZCH0E995,ST12000NM0007,12000138625024,0,79.0,73814064.0,89.0,0.0,100.0,8.0,100.0,0.0,87.0,490030828.0,86.0,12944.0,100.0,0.0,100.0,8.0,,,,,100.0,0.0,100.0,0.0,,,71.0,29.0,,,100.0,215.0,100.0,992.0,29.0,29.0,100.0,0.0,100.0,0.0,200.0,0.0,100.0,12737.0,100.0,53198354816.0,100.0,102637320298.0
2019-11-01,ZCH0E995,ST12000NM0007,12000138625024,0,78.0,67996456.0,89.0,0.0,100.0,8.0,100.0,0.0,87.0,494644027.0,86.0,12976.0,100.0,0.0,100.0,8.0,,,,,100.0,0.0,100.0,0.0,,,70.0,30.0,,,100.0,215.0,100.0,993.0,30.0,30.0,100.0,0.0,100.0,0.0,200.0,0.0,100.0,12768.0,100.0,53267307800.0,100.0,103050831002.0
2019-11-02,ZCH0E995,ST12000NM0007,12000138625024,0,78.0,60200224.0,89.0,0.0,100.0,8.0,100.0,0.0,87.0,496742022.0,86.0,12992.0,100.0,0.0,100.0,8.0,,,,,100.0,0.0,100.0,0.0,,,71.0,29.0,,,100.0,215.0,100.0,994.0,29.0,29.0,100.0,0.0,100.0,0.0,200.0,0.0,100.0,12784.0,100.0,53298158872.0,100.0,103256324370.0
2019-11-03,ZCH0E995,ST12000NM0007,12000138625024,0,83.0,215990176.0,89.0,0.0,100.0,8.0,100.0,0.0,87.0,499520212.0,86.0,13024.0,100.0,0.0,100.0,8.0,,,,,100.0,0.0,100.0,0.0,,,71.0,29.0,,,100.0,215.0,100.0,995.0,29.0,29.0,100.0,0.0,100.0,0.0,200.0,0.0,100.0,12816.0,100.0,53339662800.0,100.0,103614751162.0
2019-11-04,ZCH0E995,ST12000NM0007,12000138625024,0,81.0,131127864.0,89.0,0.0,100.0,8.0,100.0,0.0,87.0,502409193.0,86.0,13039.0,100.0,0.0,100.0,8.0,,,,,100.0,0.0,100.0,0.0,,,71.0,29.0,,,100.0,216.0,100.0,996.0,29.0,29.0,100.0,0.0,100.0,0.0,200.0,0.0,100.0,12831.0,100.0,53356281896.0,100.0,103757411602.0
2019-11-05,ZCH0E995,ST12000NM0007,12000138625024,0,79.0,72234816.0,89.0,0.0,100.0,8.0,100.0,0.0,87.0,505161007.0,86.0,13071.0,100.0,0.0,100.0,8.0,,,,,100.0,0.0,100.0,0.0,,,63.0,37.0,,,100.0,216.0,100.0,997.0,37.0,37.0,100.0,0.0,100.0,0.0,200.0,0.0,100.0,12863.0,100.0,53405133320.0,100.0,104137948834.0
2019-11-06,ZCH0E995,ST12000NM0007,12000138625024,0,73.0,19532296.0,89.0,0.0,100.0,8.0,100.0,0.0,87.0,506477503.0,86.0,13087.0,100.0,0.0,100.0,8.0,,,,,100.0,0.0,100.0,0.0,,,63.0,37.0,,,100.0,216.0,100.0,998.0,37.0,37.0,100.0,0.0,100.0,0.0,200.0,0.0,100.0,12879.0,100.0,53437126824.0,100.0,104297393618.0
2019-11-07,ZCH0E995,ST12000NM0007,12000138625024,0,82.0,176864712.0,89.0,0.0,100.0,8.0,100.0,0.0,87.0,509079492.0,86.0,13119.0,100.0,0.0,100.0,8.0,,,,,100.0,0.0,100.0,0.0,,,63.0,37.0,,,100.0,216.0,100.0,1000.0,37.0,37.0,100.0,0.0,100.0,0.0,200.0,0.0,100.0,12910.0,100.0,53472824016.0,100.0,104663169474.0
2019-11-08,ZCH0E995,ST12000NM0007,12000138625024,0,81.0,125111408.0,89.0,0.0,100.0,8.0,100.0,0.0,87.0,513605115.0,85.0,13150.0,100.0,0.0,100.0,8.0,,,,,100.0,0.0,100.0,0.0,,,63.0,37.0,,,100.0,216.0,100.0,1001.0,37.0,37.0,100.0,0.0,100.0,0.0,200.0,0.0,100.0,12942.0,100.0,53515385624.0,100.0,105057135970.0
2019-11-09,ZCH0E995,ST12000NM0007,12000138625024,0,80.0,100930264.0,89.0,0.0,100.0,8.0,100.0,0.0,87.0,515067039.0,85.0,13166.0,100.0,0.0,100.0,8.0,,,,,100.0,0.0,100.0,0.0,,,63.0,37.0,,,100.0,216.0,100.0,1002.0,37.0,37.0,100.0,0.0,100.0,0.0,200.0,0.0,100.0,12957.0,100.0,53531928152.0,100.0,105260553034.0
2019-11-10,ZCH0E995,ST12000NM0007,12000138625024,0,79.0,78511616.0,89.0,0.0,100.0,8.0,100.0,0.0,87.0,518060147.0,85.0,13198.0,100.0,0.0,100.0,8.0,,,,,100.0,0.0,100.0,0.0,,,64.0,36.0,,,100.0,216.0,100.0,1003.0,36.0,36.0,100.0,0.0,100.0,0.0,200.0,0.0,100.0,12989.0,100.0,53565503632.0,100.0,105692840826.0
2019-11-11,ZCH0E995,ST12000NM0007,12000138625024,0,84.0,226742256.0,89.0,0.0,100.0,8.0,100.0,0.0,87.0,520752787.0,85.0,13214.0,100.0,0.0,100.0,8.0,,,,,100.0,0.0,100.0,0.0,,,64.0,36.0,,,100.0,217.0,100.0,1004.0,36.0,36.0,100.0,0.0,100.0,0.0,200.0,0.0,100.0,13005.0,100.0,53585623208.0,100.0,105820951890.0
2019-11-12,ZCH0E995,ST12000NM0007,12000138625024,0,82.0,155621304.0,89.0,0.0,100.0,8.0,100.0,0.0,87.0,523366644.0,85.0,13245.0,100.0,0.0,100.0,8.0,,,,,100.0,0.0,100.0,0.0,,,71.0,29.0,,,100.0,217.0,100.0,1005.0,29.0,29.0,100.0,0.0,100.0,0.0,200.0,0.0,100.0,13036.0,100.0,53622546848.0,100.0,106201189130.0
2019-11-13,ZCH0E995,ST12000NM0007,12000138625024,0,80.0,101571984.0,89.0,0.0,100.0,8.0,100.0,0.0,87.0,524807495.0,85.0,13261.0,100.0,0.0,100.0,8.0,,,,,100.0,0.0,100.0,0.0,,,71.0,29.0,,,100.0,217.0,100.0,1006.0,29.0,29.0,100.0,0.0,100.0,0.0,200.0,0.0,100.0,13052.0,100.0,53634482952.0,100.0,106379344354.0
2019-11-14,ZCH0E995,ST12000NM0007,12000138625024,0,83.0,200948688.0,89.0,0.0,100.0,8.0,100.0,0.0,87.0,526813845.0,85.0,13293.0,100.0,0.0,100.0,8.0,,,,,100.0,0.0,100.0,0.0,,,71.0,29.0,,,100.0,217.0,100.0,1007.0,29.0,29.0,100.0,0.0,100.0,0.0,200.0,0.0,100.0,13083.0,100.0,53657103560.0,100.0,106700241450.0
2019-11-15,ZCH0E995,ST12000NM0007,12000138625024,0,81.0,139513064.0,89.0,0.0,100.0,8.0,100.0,0.0,87.0,528307619.0,85.0,13308.0,100.0,0.0,100.0,8.0,,,,,100.0,0.0,100.0,0.0,,,70.0,30.0,,,100.0,218.0,100.0,1008.0,30.0,30.0,100.0,0.0,100.0,0.0,200.0,0.0,100.0,13099.0,100.0,53674973088.0,100.0,106865077554.0
2019-11-16,ZCH0E995,ST12000NM0007,12000138625024,0,78.0,65409568.0,89.0,0.0,100.0,8.0,100.0,0.0,87.0,532255453.0,85.0,13340.0,100.0,0.0,100.0,8.0,,,,,100.0,0.0,100.0,0.0,,,70.0,30.0,,,100.0,219.0,100.0,1009.0,30.0,30.0,100.0,0.0,100.0,0.0,200.0,0.0,100.0,13130.0,100.0,53690924008.0,100.0,107263304554.0
2019-11-17,ZCH0E995,ST12000NM0007,12000138625024,0,69.0,7396312.0,89.0,0.0,100.0,8.0,100.0,0.0,87.0,533381880.0,85.0,13356.0,100.0,0.0,100.0,8.0,,,,,100.0,0.0,100.0,0.0,,,71.0,29.0,,,100.0,219.0,100.0,1010.0,29.0,29.0,100.0,0.0,100.0,0.0,200.0,0.0,100.0,13146.0,100.0,53705772440.0,100.0,107434583530.0
2019-11-18,ZCH0E995,ST12000NM0007,12000138625024,0,79.0,79758664.0,89.0,0.0,100.0,8.0,100.0,0.0,87.0,538181075.0,85.0,13387.0,100.0,0.0,100.0,8.0,,,,,100.0,0.0,100.0,0.0,,,70.0,30.0,,,100.0,220.0,100.0,1011.0,30.0,30.0,100.0,0.0,100.0,0.0,200.0,0.0,100.0,13177.0,100.0,53730656736.0,100.0,107726202266.0
2019-11-19,ZCH0E995,ST12000NM0007,12000138625024,0,83.0,221849688.0,89.0,0.0,100.0,8.0,100.0,0.0,87.0,539428642.0,85.0,13403.0,100.0,0.0,100.0,8.0,,,,,100.0,0.0,100.0,0.0,,,71.0,29.0,,,100.0,220.0,100.0,1012.0,29.0,29.0,100.0,0.0,100.0,0.0,200.0,0.0,100.0,13193.0,100.0,53734658008.0,100.0,107864292018.0
2019-11-20,ZCH0E995,ST12000NM0007,12000138625024,0,81.0,123534064.0,89.0,0.0,100.0,8.0,100.0,0.0,87.0,544761606.0,85.0,13435.0,100.0,0.0,100.0,8.0,,,,,100.0,0.0,100.0,0.0,,,69.0,31.0,,,100.0,221.0,100.0,1013.0,31.0,31.0,100.0,0.0,100.0,0.0,200.0,0.0,100.0,13224.0,100.0,53759972088.0,100.0,108228943890.0
2019-11-21,ZCH0E995,ST12000NM0007,12000138625024,0,79.0,80820712.0,89.0,0.0,100.0,8.0,100.0,0.0,87.0,546109721.0,85.0,13451.0,100.0,0.0,100.0,8.0,,,,,100.0,0.0,100.0,0.0,,,72.0,28.0,,,100.0,221.0,100.0,1014.0,28.0,28.0,100.0,0.0,100.0,0.0,200.0,0.0,100.0,13240.0,100.0,53774519144.0,100.0,108415824234.0
2019-11-22,ZCH0E995,ST12000NM0007,12000138625024,0,83.0,216962600.0,89.0,0.0,100.0,8.0,100.0,0.0,87.0,549959582.0,85.0,13482.0,100.0,0.0,100.0,8.0,,,,,100.0,0.0,100.0,0.0,,,70.0,30.0,,,100.0,221.0,100.0,1015.0,30.0,30.0,100.0,0.0,100.0,0.0,200.0,0.0,100.0,13272.0,100.0,53807828296.0,100.0,108762797810.0
2019-11-23,ZCH0E995,ST12000NM0007,12000138625024,0,81.0,119473464.0,89.0,0.0,100.0,8.0,100.0,0.0,87.0,551969800.0,85.0,13498.0,100.0,0.0,100.0,8.0,,,,,100.0,0.0,100.0,0.0,,,71.0,29.0,,,100.0,222.0,100.0,1016.0,29.0,29.0,100.0,0.0,100.0,0.0,200.0,0.0,100.0,13287.0,100.0,53825656168.0,100.0,108891621538.0
2019-11-24,ZCH0E995,ST12000NM0007,12000138625024,0,83.0,212699408.0,89.0,0.0,100.0,8.0,100.0,0.0,87.0,554603708.0,85.0,13530.0,100.0,0.0,100.0,8.0,,,,,100.0,0.0,100.0,0.0,,,71.0,29.0,,,100.0,222.0,100.0,1017.0,29.0,29.0,100.0,0.0,100.0,0.0,200.0,0.0,100.0,13319.0,100.0,53860544408.0,100.0,109194099930.0
2019-11-25,ZCH0E995,ST12000NM0007,12000138625024,0,76.0,41019296.0,89.0,0.0,100.0,8.0,100.0,0.0,87.0,556283566.0,85.0,13545.0,100.0,0.0,100.0,8.0,,,,,100.0,0.0,100.0,0.0,,,71.0,29.0,,,100.0,223.0,100.0,1018.0,29.0,29.0,100.0,0.0,100.0,0.0,200.0,0.0,100.0,13335.0,100.0,53873750800.0,100.0,109253354058.0
2019-11-26,ZCH0E995,ST12000NM0007,12000138625024,0,77.0,51685432.0,89.0,0.0,100.0,8.0,100.0,0.0,87.0,559511163.0,85.0,13577.0,100.0,0.0,100.0,8.0,,,,,100.0,0.0,100.0,0.0,,,64.0,36.0,,,100.0,223.0,100.0,1019.0,36.0,36.0,100.0,0.0,100.0,0.0,200.0,0.0,100.0,13366.0,100.0,53897291776.0,100.0,109484620306.0
2019-11-27,ZCH0E995,ST12000NM0007,12000138625024,0,83.0,182923792.0,89.0,0.0,100.0,8.0,100.0,0.0,87.0,560746182.0,85.0,13593.0,100.0,0.0,100.0,8.0,,,,,100.0,0.0,100.0,0.0,,,63.0,37.0,,,100.0,223.0,100.0,1020.0,37.0,37.0,100.0,0.0,100.0,0.0,200.0,0.0,100.0,13382.0,100.0,53907145128.0,100.0,109606005314.0
2019-11-28,ZCH0E995,ST12000NM0007,12000138625024,0,83.0,197691216.0,89.0,0.0,100.0,8.0,100.0,0.0,88.0,562727358.0,85.0,13624.0,100.0,0.0,100.0,8.0,,,,,100.0,0.0,100.0,0.0,,,62.0,38.0,,,100.0,223.0,100.0,1021.0,38.0,38.0,100.0,0.0,100.0,0.0,200.0,0.0,100.0,13413.0,100.0,53939161440.0,100.0,109832897090.0
2019-11-29,ZCH0E995,ST12000NM0007,12000138625024,0,79.0,88219048.0,89.0,0.0,100.0,8.0,100.0,0.0,88.0,563833274.0,85.0,13640.0,100.0,0.0,100.0,8.0,,,,,100.0,0.0,100.0,0.0,,,63.0,37.0,,,100.0,224.0,100.0,1022.0,37.0,37.0,100.0,0.0,100.0,0.0,200.0,0.0,100.0,13429.0,100.0,53952177904.0,100.0,109954549122.0
2019-11-30,ZCH0E995,ST12000NM0007,12000138625024,0,84.0,233690304.0,89.0,0.0,100.0,8.0,100.0,0.0,88.0,568546406.0,85.0,13671.0,100.0,0.0,100.0,8.0,,,,,100.0,0.0,100.0,0.0,,,63.0,37.0,,,100.0,224.0,100.0,1023.0,37.0,37.0,100.0,0.0,100.0,0.0,200.0,0.0,100.0,13460.0,100.0,53968674480.0,100.0,110327664474.0
2019-12-01,ZCH0E995,ST12000NM0007,12000138625024,0,81.0,119587008.0,89.0,0.0,100.0,8.0,100.0,0.0,88.0,569648001.0,85.0,13687.0,100.0,0.0,100.0,8.0,,,,,100.0,0.0,100.0,0.0,,,63.0,37.0,,,100.0,225.0,100.0,1024.0,37.0,37.0,100.0,0.0,100.0,0.0,200.0,0.0,100.0,13476.0,100.0,53977916512.0,100.0,110448459970.0
2019-12-02,ZCH0E995,ST12000NM0007,12000138625024,0,79.0,87878240.0,89.0,0.0,100.0,8.0,100.0,0.0,88.0,573368698.0,85.0,13719.0,100.0,0.0,100.0,8.0,,,,,100.0,0.0,100.0,0.0,,,63.0,37.0,,,100.0,226.0,100.0,1025.0,37.0,37.0,100.0,0.0,100.0,0.0,200.0,0.0,100.0,13508.0,100.0,53993209848.0,100.0,110645598498.0
2019-12-03,ZCH0E995,ST12000NM0007,12000138625024,0,73.0,21909872.0,89.0,0.0,100.0,8.0,100.0,0.0,88.0,574728117.0,85.0,13735.0,100.0,0.0,100.0,8.0,,,,,100.0,0.0,100.0,0.0,,,63.0,37.0,,,100.0,226.0,100.0,1026.0,37.0,37.0,100.0,0.0,100.0,0.0,200.0,0.0,100.0,13523.0,100.0,54000903264.0,100.0,110816077514.0
2019-12-04,ZCH0E995,ST12000NM0007,12000138625024,0,80.0,93058552.0,89.0,0.0,100.0,8.0,100.0,0.0,88.0,577064797.0,85.0,13767.0,100.0,0.0,100.0,8.0,,,,,100.0,0.0,100.0,0.0,,,72.0,28.0,,,100.0,226.0,100.0,1027.0,28.0,28.0,100.0,0.0,100.0,0.0,200.0,0.0,100.0,13555.0,100.0,54025491800.0,100.0,111106778354.0
2019-12-05,ZCH0E995,ST12000NM0007,12000138625024,0,83.0,187912088.0,89.0,0.0,100.0,8.0,100.0,0.0,88.0,579395635.0,85.0,13798.0,100.0,0.0,100.0,8.0,,,,,100.0,0.0,100.0,0.0,,,71.0,29.0,,,100.0,226.0,100.0,1029.0,29.0,29.0,100.0,0.0,100.0,0.0,200.0,0.0,100.0,13586.0,100.0,54044699048.0,100.0,111426565290.0
2019-12-06,ZCH0E995,ST12000NM0007,12000138625024,0,81.0,117041256.0,89.0,0.0,100.0,8.0,100.0,0.0,88.0,581040330.0,85.0,13814.0,100.0,0.0,100.0,8.0,,,,,100.0,0.0,100.0,0.0,,,71.0,29.0,,,100.0,226.0,100.0,1029.0,29.0,29.0,100.0,0.0,100.0,0.0,200.0,0.0,100.0,13602.0,100.0,54057786200.0,100.0,111586748042.0
2019-12-07,ZCH0E995,ST12000NM0007,12000138625024,0,82.0,163722984.0,89.0,0.0,100.0,8.0,100.0,0.0,88.0,584853378.0,85.0,13845.0,100.0,0.0,100.0,8.0,,,,,100.0,0.0,100.0,0.0,,,71.0,29.0,,,100.0,227.0,100.0,1031.0,29.0,29.0,100.0,0.0,100.0,0.0,200.0,0.0,100.0,13633.0,100.0,54076911808.0,100.0,111858444810.0
2019-12-08,ZCH0E995,ST12000NM0007,12000138625024,0,77.0,51120824.0,89.0,0.0,100.0,8.0,100.0,0.0,88.0,585934000.0,85.0,13861.0,100.0,0.0,100.0,8.0,,,,,100.0,0.0,100.0,0.0,,,72.0,28.0,,,100.0,227.0,100.0,1031.0,28.0,28.0,100.0,0.0,100.0,0.0,200.0,0.0,100.0,13649.0,100.0,54086869496.0,100.0,111980025762.0
2019-12-09,ZCH0E995,ST12000NM0007,12000138625024,0,79.0,74313472.0,89.0,0.0,100.0,8.0,100.0,0.0,88.0,589641624.0,85.0,13893.0,100.0,0.0,100.0,8.0,,,,,100.0,0.0,100.0,0.0,,,72.0,28.0,,,100.0,229.0,100.0,1033.0,28.0,28.0,100.0,0.0,100.0,0.0,200.0,0.0,100.0,13681.0,100.0,54101184376.0,100.0,112233044194.0
2019-12-10,ZCH0E995,ST12000NM0007,12000138625024,0,84.0,233683312.0,89.0,0.0,100.0,8.0,100.0,0.0,88.0,590834962.0,85.0,13909.0,100.0,0.0,100.0,8.0,,,,,100.0,0.0,100.0,0.0,,,70.0,30.0,,,100.0,229.0,100.0,1033.0,30.0,30.0,100.0,0.0,100.0,0.0,200.0,0.0,100.0,13697.0,100.0,54113301944.0,100.0,112380296466.0
2019-12-11,ZCH0E995,ST12000NM0007,12000138625024,0,79.0,79292080.0,89.0,0.0,100.0,8.0,100.0,0.0,88.0,593277733.0,85.0,13940.0,100.0,0.0,100.0,8.0,,,,,100.0,0.0,100.0,0.0,,,72.0,28.0,,,100.0,230.0,100.0,1035.0,28.0,28.0,100.0,0.0,100.0,0.0,200.0,0.0,100.0,13728.0,100.0,54148549184.0,100.0,112678939594.0
2019-12-12,ZCH0E995,ST12000NM0007,12000138625024,0,78.0,69253696.0,89.0,0.0,100.0,8.0,100.0,0.0,88.0,594594988.0,85.0,13956.0,100.0,0.0,100.0,8.0,,,,,100.0,0.0,100.0,0.0,,,72.0,28.0,,,100.0,230.0,100.0,1036.0,28.0,28.0,100.0,0.0,100.0,0.0,200.0,0.0,100.0,13744.0,100.0,54161039664.0,100.0,112900551506.0
2019-12-13,ZCH0E995,ST12000NM0007,12000138625024,0,82.0,146874928.0,89.0,0.0,100.0,8.0,100.0,0.0,88.0,598678506.0,85.0,13988.0,100.0,0.0,100.0,8.0,,,,,100.0,0.0,100.0,0.0,,,72.0,28.0,,,100.0,231.0,100.0,1037.0,28.0,28.0,100.0,0.0,100.0,0.0,200.0,0.0,100.0,13775.0,100.0,54175762672.0,100.0,113207590362.0
2019-12-14,ZCH0E995,ST12000NM0007,12000138625024,0,77.0,47003600.0,89.0,0.0,100.0,8.0,100.0,0.0,88.0,599715555.0,85.0,14004.0,100.0,0.0,100.0,8.0,,,,,100.0,0.0,100.0,0.0,,,73.0,27.0,,,100.0,231.0,100.0,1038.0,27.0,27.0,100.0,0.0,100.0,0.0,200.0,0.0,100.0,13791.0,100.0,54180144976.0,100.0,113347477362.0
2019-12-15,ZCH0E995,ST12000NM0007,12000138625024,0,78.0,64143480.0,89.0,0.0,100.0,8.0,100.0,0.0,88.0,601935546.0,84.0,14035.0,100.0,0.0,100.0,8.0,,,,,100.0,0.0,100.0,0.0,,,72.0,28.0,,,100.0,232.0,100.0,1039.0,28.0,28.0,100.0,0.0,100.0,0.0,200.0,0.0,100.0,13822.0,100.0,54194878088.0,100.0,113594024762.0
2019-12-16,ZCH0E995,ST12000NM0007,12000138625024,0,82.0,167370808.0,89.0,0.0,100.0,8.0,100.0,0.0,88.0,604834070.0,84.0,14051.0,100.0,0.0,100.0,8.0,,,,,100.0,0.0,100.0,0.0,,,71.0,29.0,,,100.0,232.0,100.0,1040.0,29.0,29.0,100.0,0.0,100.0,0.0,200.0,0.0,100.0,13838.0,100.0,54204118448.0,100.0,113688011730.0
2019-12-17,ZCH0E995,ST12000NM0007,12000138625024,0,83.0,203691064.0,89.0,0.0,100.0,8.0,100.0,0.0,88.0,607106458.0,84.0,14083.0,100.0,0.0,100.0,8.0,,,,,100.0,0.0,100.0,0.0,,,64.0,36.0,,,100.0,232.0,100.0,1041.0,36.0,36.0,100.0,0.0,100.0,0.0,200.0,0.0,100.0,13870.0,100.0,54216326592.0,100.0,113956264754.0
2019-12-18,ZCH0E995,ST12000NM0007,12000138625024,0,77.0,54433144.0,89.0,0.0,100.0,8.0,100.0,0.0,88.0,607987446.0,84.0,14098.0,100.0,0.0,100.0,8.0,,,,,100.0,0.0,100.0,0.0,,,65.0,35.0,,,100.0,233.0,100.0,1042.0,35.0,35.0,100.0,0.0,100.0,0.0,200.0,0.0,100.0,13885.0,100.0,54227219528.0,100.0,114040254530.0
2019-12-19,ZCH0E995,ST12000NM0007,12000138625024,0,72.0,14247136.0,89.0,0.0,100.0,8.0,100.0,0.0,88.0,609653424.0,84.0,14130.0,100.0,0.0,100.0,8.0,,,,,100.0,0.0,100.0,0.0,,,65.0,35.0,,,100.0,233.0,100.0,1043.0,35.0,35.0,100.0,0.0,100.0,0.0,200.0,0.0,100.0,13917.0,100.0,54241215192.0,100.0,114230213530.0
2019-12-20,ZCH0E995,ST12000NM0007,12000138625024,0,80.0,94724560.0,89.0,0.0,100.0,8.0,100.0,0.0,88.0,610449459.0,84.0,14146.0,100.0,0.0,100.0,8.0,,,,,100.0,0.0,100.0,0.0,,,64.0,36.0,,,100.0,234.0,100.0,1044.0,36.0,36.0,100.0,0.0,100.0,0.0,200.0,0.0,100.0,13933.0,100.0,54248471144.0,100.0,114303435002.0
2019-12-21,ZCH0E995,ST12000NM0007,12000138625024,0,82.0,160729226.0,89.0,0.0,100.0,8.0,100.0,0.0,88.0,614493206.0,84.0,14177.0,100.0,0.0,100.0,8.0,,,,,100.0,0.0,100.0,0.0,,,64.0,36.0,,,100.0,234.0,100.0,1047.0,36.0,36.0,100.0,0.0,100.0,0.0,200.0,0.0,100.0,13964.0,100.0,54257756624.0,100.0,114604294836.0
2019-12-22,ZCH0E995,ST12000NM0007,12000138625024,0,75.0,29941336.0,89.0,0.0,100.0,8.0,100.0,0.0,88.0,615500598.0,84.0,14193.0,100.0,0.0,100.0,8.0,,,,,100.0,0.0,100.0,0.0,,,65.0,35.0,,,100.0,234.0,100.0,1047.0,35.0,35.0,100.0,0.0,100.0,0.0,200.0,0.0,100.0,13980.0,100.0,54261826608.0,100.0,114713577668.0
2019-12-23,ZCH0E995,ST12000NM0007,12000138625024,0,84.0,238705072.0,89.0,0.0,100.0,8.0,100.0,0.0,88.0,618994887.0,84.0,14225.0,100.0,0.0,100.0,8.0,,,,,100.0,0.0,100.0,0.0,,,64.0,36.0,,,100.0,235.0,100.0,1049.0,36.0,36.0,100.0,0.0,100.0,0.0,200.0,0.0,100.0,14011.0,100.0,54281352480.0,100.0,114902815532.0
2019-12-24,ZCH0E995,ST12000NM0007,12000138625024,0,80.0,96140608.0,89.0,0.0,100.0,8.0,100.0,0.0,88.0,619792698.0,84.0,14241.0,100.0,0.0,100.0,8.0,,,,,100.0,0.0,100.0,0.0,,,65.0,35.0,,,100.0,235.0,100.0,1049.0,35.0,35.0,100.0,0.0,100.0,0.0,200.0,0.0,100.0,14027.0,100.0,54285521296.0,100.0,115000223060.0
2019-12-25,ZCH0E995,ST12000NM0007,12000138625024,0,81.0,129434968.0,89.0,0.0,100.0,8.0,100.0,0.0,88.0,621774727.0,84.0,14272.0,100.0,0.0,100.0,8.0,,,,,100.0,0.0,100.0,0.0,,,71.0,29.0,,,100.0,236.0,100.0,1051.0,29.0,29.0,100.0,0.0,100.0,0.0,200.0,0.0,100.0,14058.0,100.0,54292289152.0,100.0,115270890212.0
2019-12-26,ZCH0E995,ST12000NM0007,12000138625024,0,75.0,34978944.0,89.0,0.0,100.0,8.0,100.0,0.0,88.0,622921105.0,84.0,14288.0,100.0,0.0,100.0,8.0,,,,,100.0,0.0,100.0,0.0,,,71.0,29.0,,,100.0,236.0,100.0,1051.0,29.0,29.0,100.0,0.0,100.0,0.0,200.0,0.0,100.0,14074.0,100.0,54301042992.0,100.0,115411821140.0
2019-12-27,ZCH0E995,ST12000NM0007,12000138625024,0,79.0,81899848.0,89.0,0.0,100.0,8.0,100.0,0.0,88.0,626158734.0,84.0,14319.0,100.0,0.0,100.0,8.0,,,,,100.0,0.0,100.0,0.0,,,71.0,29.0,,,100.0,237.0,100.0,1053.0,29.0,29.0,100.0,0.0,100.0,0.0,200.0,0.0,100.0,14105.0,100.0,54310918928.0,100.0,115693006780.0
2019-12-28,ZCH0E995,ST12000NM0007,12000138625024,0,84.0,224172928.0,89.0,0.0,100.0,8.0,100.0,0.0,88.0,627638849.0,84.0,14335.0,100.0,0.0,100.0,8.0,,,,,100.0,0.0,100.0,0.0,,,72.0,28.0,,,100.0,237.0,100.0,1053.0,28.0,28.0,100.0,0.0,100.0,0.0,200.0,0.0,100.0,14121.0,100.0,54313968624.0,100.0,115832230164.0
2019-12-29,ZCH0E995,ST12000NM0007,12000138625024,0,84.0,236962744.0,89.0,0.0,100.0,8.0,100.0,0.0,88.0,629514785.0,84.0,14367.0,100.0,0.0,100.0,8.0,,,,,100.0,0.0,100.0,0.0,,,72.0,28.0,,,100.0,238.0,100.0,1055.0,28.0,28.0,100.0,0.0,100.0,0.0,200.0,0.0,100.0,14152.0,100.0,54321525240.0,100.0,116081604124.0
2019-12-30,ZCH0E995,ST12000NM0007,12000138625024,0,83.0,189213488.0,89.0,0.0,100.0,8.0,100.0,0.0,88.0,632904445.0,84.0,14398.0,100.0,0.0,100.0,8.0,,,,,100.0,0.0,100.0,0.0,,,72.0,28.0,,,100.0,239.0,100.0,1056.0,28.0,28.0,100.0,0.0,100.0,0.0,200.0,0.0,100.0,14184.0,100.0,54336647792.0,100.0,116262873028.0
2019-12-31,ZCH0E995,ST12000NM0007,12000138625024,0,79.0,87271368.0,89.0,0.0,100.0,8.0,100.0,0.0,88.0,633947560.0,84.0,14414.0,100.0,0.0,100.0,8.0,,,,,100.0,0.0,100.0,0.0,,,71.0,29.0,,,100.0,240.0,100.0,1057.0,29.0,29.0,100.0,0.0,100.0,0.0,200.0,0.0,100.0,14199.0,100.0,54339709240.0,100.0,116402010092.0
