2019-01-01,ZCH0BTBC,ST12000NM0007,12000138625024,0,83,220331648,99.0,0.0,100.0,1.0,100.0,0.0,89.0,864448169.0,94,6034,100.0,0.0,100,1,,,,,100.0,0.0,100.0,0.0,,,78.0,22.0,,,100.0,35.0,100.0,326.0,22,22,100.0,0.0,100.0,0.0,200.0,0.0,100.0,5981.0,100.0,42315777744.0,100.0,69232797594.0
2019-01-02,ZCH0BTBC,ST12000NM0007,12000138625024,0,83,190108248,99.0,0.0,100.0,1.0,100.0,0.0,89.0,867023366.0,94,6058,100.0,0.0,100,1,,,,,100.0,0.0,100.0,0.0,,,78.0,22.0,,,100.0,35.0,100.0,327.0,22,22,100.0,0.0,100.0,0.0,200.0,0.0,100.0,6005.0,100.0,42379888880.0,100.0,69382603722.0
2019-01-03,ZCH0BTBC,ST12000NM0007,12000138625024,0,81.0,139609504.0,99.0,0.0,100.0,1.0,100.0,0.0,89.0,869474020.0,94.0,6082.0,100.0,0.0,100.0,1.0,,,,,100.0,0.0,100.0,0.0,,,76.0,24.0,,,100.0,35.0,100.0,328.0,24.0,24.0,100.0,0.0,100.0,0.0,200.0,0.0,100.0,6028.0,100.0,42459268072.0,100.0,69496866474.0
2019-01-04,ZCH0BTBC,ST12000NM0007,12000138625024,0,82,146798624,99.0,0.0,100.0,1.0,100.0,0.0,89.0,872720838.0,94,6106,100.0,0.0,100,1,,,,,100.0,0.0,100.0,0.0,,,77.0,23.0,,,100.0,35.0,100.0,329.0,23,23,100.0,0.0,100.0,0.0,200.0,0.0,100.0,6053.0,100.0,42546225400.0,100.0,69661238898.0
2019-01-05,ZCH0BTBC,ST12000NM0007,12000138625024,0,81,122880760,99.0,0.0,100.0,1.0,100.0,0.0,89.0,875221826.0,94,6130,100.0,0.0,100,1,,,,,100.0,0.0,100.0,0.0,,,76.0,24.0,,,100.0,35.0,100.0,330.0,24,24,100.0,0.0,100.0,0.0,200.0,0.0,100.0,6077.0,100.0,42637687112.0,100.0,69789999962.0
2019-01-06,ZCH0BTBC,ST12000NM0007,12000138625024,0,82,147336472,99.0,0.0,100.0,1.0,100.0,0.0,89.0,878093669.0,93,6154,100.0,0.0,100,1,,,,,100.0,0.0,100.0,0.0,,,76.0,24.0,,,100.0,36.0,100.0,331.0,24,24,100.0,0.0,100.0,0.0,200.0,0.0,100.0,6101.0,100.0,42717230664.0,100.0,69979052818.0
2019-01-07,ZCH0BTBC,ST12000NM0007,12000138625024,0,82,155666864,99.0,0.0,100.0,1.0,100.0,0.0,89.0,881345750.0,93,6178,100.0,0.0,100,1,,,,,100.0,0.0,100.0,0.0,,,77.0,23.0,,,100.0,36.0,100.0,332.0,23,23,100.0,0.0,100.0,0.0,200.0,0.0,100.0,6125.0,100.0,42804648344.0,100.0,70144106730.0
2019-01-08,ZCH0BTBC,ST12000NM0007,12000138625024,0,82,166332632,99.0,0.0,100.0,1.0,100.0,0.0,89.0,884347691.0,93,6202,100.0,0.0,100,1,,,,,100.0,0.0,100.0,0.0,,,76.0,24.0,,,100.0,37.0,100.0,333.0,24,24,100.0,0.0,100.0,0.0,200.0,0.0,100.0,6149.0,100.0,42875236648.0,100.0,70328325314.0
2019-01-09,ZCH0BTBC,ST12000NM0007,12000138625024,0,81,131822704,99.0,0.0,100.0,1.0,100.0,0.0,89.0,886911440.0,93,6225,100.0,0.0,100,1,,,,,100.0,0.0,100.0,0.0,,,77.0,23.0,,,100.0,38.0,100.0,334.0,23,23,100.0,0.0,100.0,0.0,200.0,0.0,100.0,6172.0,100.0,42947003336.0,100.0,70466189370.0
2019-01-10,ZCH0BTBC,ST12000NM0007,12000138625024,0,81,126883394,99.0,0.0,100.0,1.0,100.0,0.0,89.0,889386552.0,93,6246,100.0,0.0,100,1,,,,,100.0,0.0,100.0,0.0,,,77.0,23.0,,,100.0,38.0,100.0,339.0,23,23,100.0,0.0,100.0,0.0,200.0,0.0,100.0,6191.0,100.0,43016406880.0,100.0,70635987388.0
2019-01-11,ZCH0BTBC,ST12000NM0007,12000138625024,0,77.0,52060088.0,99.0,0.0,100.0,1.0,100.0,0.0,89.0,890984469.0,93.0,6257.0,100.0,0.0,100.0,1.0,,,,,100.0,0.0,100.0,0.0,,,77.0,23.0,,,100.0,38.0,100.0,339.0,23.0,23.0,100.0,0.0,100.0,0.0,200.0,0.0,100.0,6203.0,100.0,43063994776.0,100.0,70757717036.0
2019-01-12,ZCH0BTBC,ST12000NM0007,12000138625024,0,84,235913728,99.0,0.0,100.0,1.0,100.0,0.0,90.0,896477282.0,93,6289,100.0,0.0,100,1,,,,,100.0,0.0,100.0,0.0,,,78.0,22.0,,,100.0,38.0,100.0,341.0,22,22,100.0,0.0,100.0,0.0,200.0,0.0,100.0,6234.0,100.0,43195308224.0,100.0,71054397916.0
2019-01-13,ZCH0BTBC,ST12000NM0007,12000138625024,0,82,160166392,99.0,0.0,100.0,1.0,100.0,0.0,90.0,898307724.0,93,6305,100.0,0.0,100,1,,,,,100.0,0.0,100.0,0.0,,,77.0,23.0,,,100.0,38.0,100.0,341.0,23,23,100.0,0.0,100.0,0.0,200.0,0.0,100.0,6250.0,100.0,43240649984.0,100.0,71177449940.0
2019-01-14,ZCH0BTBC,ST12000NM0007,12000138625024,0,84,231905096,99.0,0.0,100.0,1.0,100.0,0.0,90.0,902368005.0,93,6337,100.0,0.0,100,1,,,,,100.0,0.0,100.0,0.0,,,77.0,23.0,,,100.0,40.0,100.0,343.0,23,23,100.0,0.0,100.0,0.0,200.0,0.0,100.0,6281.0,100.0,43341799504.0,100.0,71392179972.0
2019-01-15,ZCH0BTBC,ST12000NM0007,12000138625024,0,82.0,164588688.0,99.0,0.0,100.0,1.0,100.0,0.0,90.0,904291571.0,93.0,6352.0,100.0,0.0,100.0,1.0,,,,,100.0,0.0,100.0,0.0,,,77.0,23.0,,,100.0,40.0,100.0,343.0,23.0,23.0,100.0,0.0,100.0,0.0,200.0,0.0,100.0,6297.0,100.0,43415921776.0,100.0,71494881980.0
2019-01-16,ZCH0BTBC,ST12000NM0007,12000138625024,0,67,4814520,99.0,0.0,100.0,1.0,100.0,0.0,90.0,907859088.0,93,6384,100.0,0.0,100,1,,,,,100.0,0.0,100.0,0.0,,,77.0,23.0,,,100,42,100.0,345.0,23,23,100.0,0.0,100.0,0.0,200.0,0.0,100.0,6329.0,100.0,43524035240.0,100.0,71715275836.0
2019-01-17,ZCH0BTBC,ST12000NM0007,12000138625024,0,82,172219192,99.0,0.0,100.0,1.0,100.0,0.0,90.0,909523838.0,93,6400,100.0,0.0,100,1,,,,,100.0,0.0,100.0,0.0,,,77.0,23.0,,,100,42,100.0,345.0,23,23,100.0,0.0,100.0,0.0,200.0,0.0,100.0,6344.0,100.0,43577339280.0,100.0,71829376468.0
2019-01-18,ZCH0BTBC,ST12000NM0007,12000138625024,0,100,1601432,99.0,0.0,100.0,1.0,100.0,0.0,90.0,912684967.0,93,6432,100.0,0.0,100,1,,,,,100.0,0.0,100.0,0.0,,,77.0,23.0,,,100,43,100.0,347.0,23,23,100.0,0.0,100.0,0.0,200.0,0.0,100.0,6376.0,100.0,43674791832.0,100.0,72049587668.0
2019-01-19,ZCH0BTBC,ST12000NM0007,12000138625024,0,83,194690904,99.0,0.0,100.0,1.0,100.0,0.0,90.0,914989111.0,93,6448,100.0,0.0,100,1,,,,,100.0,0.0,100.0,0.0,,,77.0,23.0,,,100,43,100.0,347.0,23,23,100.0,0.0,100.0,0.0,200.0,0.0,100.0,6392.0,100.0,43720498008.0,100.0,72196970964.0
2019-01-20,ZCH0BTBC,ST12000NM0007,12000138625024,0,73,19044216,99.0,0.0,100.0,1.0,100.0,0.0,90.0,918133787.0,93,6479,100.0,0.0,100,1,,,,,100.0,0.0,100.0,0.0,,,77.0,23.0,,,100,43,100.0,349.0,23,23,100.0,0.0,100.0,0.0,200.0,0.0,100.0,6423.0,100.0,43808726216.0,100.0,72421377356.0
2019-01-21,ZCH0BTBC,ST12000NM0007,12000138625024,0,83,193092944,99.0,0.0,100.0,1.0,100.0,0.0,90.0,919782556.0,93,6495,100.0,0.0,100,1,,,,,100.0,0.0,100.0,0.0,,,78.0,22.0,,,100,43,100.0,349.0,22,22,100.0,0.0,100.0,0.0,200.0,0.0,100.0,6439.0,100.0,43855548728.0,100.0,72548603572.0
2019-01-22,ZCH0BTBC,ST12000NM0007,12000138625024,0,80.0,97861144.0,99.0,0.0,100.0,1.0,100.0,0.0,90.0,924886037.0,93.0,6527.0,100.0,0.0,100.0,1.0,,,,,100.0,0.0,100.0,0.0,,,77.0,23.0,,,100.0,43.0,100.0,351.0,23.0,23.0,100.0,0.0,100.0,0.0,200.0,0.0,100.0,6471.0,100.0,43978314992.0,100.0,72818887076.0
2019-01-23,ZCH0BTBC,ST12000NM0007,12000138625024,0,73.0,21926456.0,99.0,0.0,100.0,1.0,100.0,0.0,90.0,926565604.0,93.0,6543.0,100.0,0.0,100.0,1.0,,,,,100.0,0.0,100.0,0.0,,,75.0,25.0,,,100.0,43.0,100.0,351.0,25.0,25.0,100.0,0.0,100.0,0.0,200.0,0.0,100.0,6487.0,100.0,44027366512.0,100.0,72938041692.0
2019-01-24,ZCH0BTBC,ST12000NM0007,12000138625024,0,79.0,80405616.0,99.0,0.0,100.0,1.0,100.0,0.0,90.0,929945581.0,93.0,6574.0,100.0,0.0,100.0,1.0,,,,,100.0,0.0,100.0,0.0,,,76.0,24.0,,,100.0,44.0,100.0,353.0,24.0,24.0,100.0,0.0,100.0,0.0,200.0,0.0,100.0,6518.0,100.0,44128807536.0,100.0,73139220620.0
2019-01-25,ZCH0BTBC,ST12000NM0007,12000138625024,0,73,20637896,99.0,0.0,100.0,1.0,100.0,0.0,90.0,931854964.0,93,6590,100.0,0.0,100,1,,,,,100.0,0.0,100.0,0.0,,,76.0,24.0,,,100,44,100.0,354.0,24,24,100.0,0.0,100.0,0.0,200.0,0.0,100.0,6533.0,100.0,44187621776.0,100.0,73264779404.0
2019-01-26,ZCH0BTBC,ST12000NM0007,12000138625024,0,80,97449144,99.0,0.0,100.0,1.0,100.0,0.0,90.0,936260247.0,93,6622,100.0,0.0,100,1,,,,,100.0,0.0,100.0,0.0,,,77.0,23.0,,,100,44,100.0,355.0,23,23,100.0,0.0,100.0,0.0,200.0,0.0,100.0,6565.0,100.0,44291786200.0,100.0,73481566860.0
2019-01-27,ZCH0BTBC,ST12000NM0007,12000138625024,0,74,24982320,99.0,0.0,100.0,1.0,100.0,0.0,90.0,938300615.0,93,6638,100.0,0.0,100,1,,,,,100.0,0.0,100.0,0.0,,,76.0,24.0,,,100,45,100.0,356.0,24,24,100.0,0.0,100.0,0.0,200.0,0.0,100.0,6581.0,100.0,44349232928.0,100.0,73595794076.0
2019-01-28,ZCH0BTBC,ST12000NM0007,12000138625024,0,78,59734400,99.0,0.0,100.0,1.0,100.0,0.0,90.0,942175839.0,93,6670,100.0,0.0,100,1,,,,,100.0,0.0,100.0,0.0,,,77.0,23.0,,,100,46,100.0,357.0,23,23,100.0,0.0,100.0,0.0,200.0,0.0,100.0,6612.0,100.0,44433376536.0,100.0,73790543260.0
2019-01-29,ZCH0BTBC,ST12000NM0007,12000138625024,0,83,182586704,99.0,0.0,100.0,1.0,100.0,0.0,90.0,943799000.0,93,6686,100.0,0.0,100,1,,,,,100.0,0.0,100.0,0.0,,,77.0,23.0,,,100,47,100.0,358.0,23,23,100.0,0.0,100.0,0.0,200.0,0.0,100.0,6628.0,100.0,44478628704.0,100.0,73868143396.0
2019-01-30,ZCH0BTBC,ST12000NM0007,12000138625024,0,83,218813824,99.0,0.0,100.0,1.0,100.0,0.0,90.0,947082135.0,93,6717,100.0,0.0,100,1,,,,,100.0,0.0,100.0,0.0,,,77.0,23.0,,,100,47,100.0,359.0,23,23,100.0,0.0,100.0,0.0,200.0,0.0,100.0,6660.0,100.0,44574397472.0,100.0,74052742492.0
2019-01-31,ZCH0BTBC,ST12000NM0007,12000138625024,0,82,159656928,99.0,0.0,100.0,1.0,100.0,0.0,90.0,948973251.0,93,6733,100.0,0.0,100,1,,,,,100.0,0.0,100.0,0.0,,,77.0,23.0,,,100,47,100.0,360.0,23,23,100.0,0.0,100.0,0.0,200.0,0.0,100.0,6676.0,100.0,44619773768.0,100.0,74192350108.0
2019-02-01,ZCH0BTBC,ST12000NM0007,12000138625024,0,73,22357672,99.0,0.0,100.0,1.0,100.0,0.0,90.0,952344788.0,93,6765,100.0,0.0,100,1,,,,,100.0,0.0,100.0,0.0,,,78.0,22.0,,,100,48,100.0,361.0,22,22,100.0,0.0,100.0,0.0,200.0,0.0,100.0,6707.0,100.0,44716855608.0,100.0,74446250420.0
2019-02-02,ZCH0BTBC,ST12000NM0007,12000138625024,0,84.0,240691056.0,99.0,0.0,100.0,1.0,100.0,0.0,90.0,956940904.0,93.0,6797.0,100.0,0.0,100.0,1.0,,,,,100.0,0.0,100.0,0.0,,,77.0,23.0,,,100.0,49.0,100.0,363.0,23.0,23.0,100.0,0.0,100.0,0.0,200.0,0.0,100.0,6739.0,100.0,44799660928.0,100.0,74825919292.0
2019-02-03,ZCH0BTBC,ST12000NM0007,12000138625024,0,83,184322416,99.0,0.0,100.0,1.0,100.0,0.0,90.0,959821113.0,93,6813,100.0,0.0,100,1,,,,,100.0,0.0,100.0,0.0,,,76.0,24.0,,,100,49,100.0,363.0,24,24,100.0,0.0,100.0,0.0,200.0,0.0,100.0,6755.0,100.0,44845973360.0,100.0,74967378892.0
2019-02-04,ZCH0BTBC,ST12000NM0007,12000138625024,0,77,47339800,99.0,0.0,100.0,1.0,100.0,0.0,90.0,964383364.0,93,6844,100.0,0.0,100,1,,,,,100.0,0.0,100.0,0.0,,,77.0,23.0,,,100,50,100.0,365.0,23,23,100.0,0.0,100.0,0.0,200.0,0.0,100.0,6786.0,100.0,44967343704.0,100.0,75197307308.0
2019-02-05,ZCH0BTBC,ST12000NM0007,12000138625024,0,83.0,206006200.0,99.0,0.0,100.0,1.0,100.0,0.0,90.0,966065832.0,93.0,6860.0,100.0,0.0,100.0,1.0,,,,,100.0,0.0,100.0,0.0,,,77.0,23.0,,,100.0,50.0,100.0,365.0,23.0,23.0,100.0,0.0,100.0,0.0,200.0,0.0,100.0,6802.0,100.0,45020357848.0,100.0,75302959564.0
2019-02-06,ZCH0BTBC,ST12000NM0007,12000138625024,0,79,79775416,99.0,0.0,100.0,1.0,100.0,0.0,90.0,969790496.0,93,6892,100.0,0.0,100,1,,,,,100.0,0.0,100.0,0.0,,,76.0,24.0,,,100,51,100.0,367.0,24,24,100.0,0.0,100.0,0.0,200.0,0.0,100.0,6834.0,100.0,45124229296.0,100.0,75561139876.0
2019-02-07,ZCH0BTBC,ST12000NM0007,12000138625024,0,73.0,21344184.0,99.0,0.0,100.0,1.0,100.0,0.0,90.0,971871518.0,93.0,6908.0,100.0,0.0,100.0,1.0,,,,,100.0,0.0,100.0,0.0,,,76.0,24.0,,,100.0,51.0,100.0,367.0,24.0,24.0,100.0,0.0,100.0,0.0,200.0,0.0,100.0,6849.0,100.0,45190981008.0,100.0,75680097956.0
2019-02-08,ZCH0BTBC,ST12000NM0007,12000138625024,0,79,81461144,99.0,0.0,100.0,1.0,100.0,0.0,90.0,975498832.0,93,6939,100.0,0.0,100,1,,,,,100.0,0.0,100.0,0.0,,,77.0,23.0,,,100,53,100.0,369.0,23,23,100.0,0.0,100.0,0.0,200.0,0.0,100.0,6881.0,100.0,45293170032.0,100.0,75882166620.0
2019-02-09,ZCH0BTBC,ST12000NM0007,12000138625024,0,65.0,2976304.0,99.0,0.0,100.0,1.0,100.0,0.0,90.0,977941843.0,93.0,6955.0,100.0,0.0,100.0,1.0,,,,,100.0,0.0,100.0,0.0,,,76.0,24.0,,,100.0,53.0,100.0,369.0,24.0,24.0,100.0,0.0,100.0,0.0,200.0,0.0,100.0,6897.0,100.0,45331729552.0,100.0,76009263004.0
2019-02-10,ZCH0BTBC,ST12000NM0007,12000138625024,0,79,78844288,99.0,0.0,100.0,1.0,100.0,0.0,90.0,981545707.0,93,6987,100.0,0.0,100,1,,,,,100.0,0.0,100.0,0.0,,,77.0,23.0,,,100,54,100.0,371.0,23,23,100.0,0.0,100.0,0.0,200.0,0.0,100.0,6928.0,100.0,45424143152.0,100.0,76236858092.0
2019-02-11,ZCH0BTBC,ST12000NM0007,12000138625024,0,82,162681400,99.0,0.0,100.0,1.0,100.0,0.0,90.0,985545044.0,92,7018,100.0,0.0,100,1,,,,,100.0,0.0,100.0,0.0,,,76.0,24.0,,,100,54,100.0,372.0,24,24,100.0,0.0,100.0,0.0,200.0,0.0,100.0,6960.0,100.0,45522047792.0,100.0,76466931332.0
2019-02-12,ZCH0BTBC,ST12000NM0007,12000138625024,0,78.0,66453112.0,99.0,0.0,100.0,1.0,100.0,0.0,90.0,987053982.0,92.0,7034.0,100.0,0.0,100.0,1.0,,,,,100.0,0.0,100.0,0.0,,,77.0,23.0,,,100.0,55.0,100.0,373.0,23.0,23.0,100.0,0.0,100.0,0.0,200.0,0.0,100.0,6975.0,100.0,45561847000.0,100.0,76575044468.0
2019-02-13,ZCH0BTBC,ST12000NM0007,12000138625024,0,81,122428072,99.0,0.0,100.0,1.0,100.0,0.0,90.0,990108771.0,92,7066,100.0,0.0,100,1,,,,,100.0,0.0,100.0,0.0,,,77.0,23.0,,,100,56,100.0,374.0,23,23,100.0,0.0,100.0,0.0,200.0,0.0,100.0,7007.0,100.0,45645508944.0,100.0,76791498444.0
2019-02-14,ZCH0BTBC,ST12000NM0007,12000138625024,0,74,23706008,99.0,0.0,100.0,1.0,100.0,0.0,90.0,991576792.0,92,7082,100.0,0.0,100,1,,,,,100.0,0.0,100.0,0.0,,,77.0,23.0,,,100,57,100.0,375.0,23,23,100.0,0.0,100.0,0.0,200.0,0.0,100.0,7023.0,100.0,45684111352.0,100.0,76898314748.0
2019-02-15,ZCH0BTBC,ST12000NM0007,12000138625024,0,83.0,177848056.0,99.0,0.0,100.0,1.0,100.0,0.0,90.0,995848671.0,92.0,7114.0,100.0,0.0,100.0,1.0,,,,,100.0,0.0,100.0,0.0,,,77.0,23.0,,,100.0,57.0,100.0,376.0,23.0,23.0,100.0,0.0,100.0,0.0,200.0,0.0,100.0,7054.0,100.0,45794280120.0,100.0,77186428812.0
2019-02-16,ZCH0BTBC,ST12000NM0007,12000138625024,0,81.0,125354968.0,99.0,0.0,100.0,1.0,100.0,0.0,90.0,998495379.0,92.0,7129.0,100.0,0.0,100.0,1.0,,,,,100.0,0.0,100.0,0.0,,,77.0,23.0,,,100.0,57.0,100.0,376.0,23.0,23.0,100.0,0.0,100.0,0.0,200.0,0.0,100.0,7070.0,100.0,45840357264.0,100.0,77331999212.0
2019-02-17,ZCH0BTBC,ST12000NM0007,12000138625024,0,83,215018032,99.0,0.0,100.0,1.0,100.0,0.0,63.0,1791806.0,92,7161,100.0,0.0,100,1,,,,,100.0,0.0,100.0,0.0,,,77.0,23.0,,,100,57,100.0,378.0,23,23,100.0,0.0,100.0,0.0,200.0,0.0,100.0,7101.0,100.0,45940314344.0,100.0,77565846116.0
2019-02-18,ZCH0BTBC,ST12000NM0007,12000138625024,0,81,126128960,99.0,0.0,100.0,1.0,100.0,0.0,66.0,4048703.0,92,7177,100.0,0.0,100,1,,,,,100.0,0.0,100.0,0.0,,,76.0,24.0,,,100,57,100.0,378.0,24,24,100.0,0.0,100.0,0.0,200.0,0.0,100.0,7117.0,100.0,45988572408.0,100.0,77672839668.0
2019-02-19,ZCH0BTBC,ST12000NM0007,12000138625024,0,83,199378752,99.0,0.0,100.0,1.0,100.0,0.0,69.0,7261563.0,92,7208,100.0,0.0,100,1,,,,,100.0,0.0,100.0,0.0,,,77.0,23.0,,,100,58,100.0,380.0,23,23,100.0,0.0,100.0,0.0,200.0,0.0,100.0,7149.0,100.0,46069356512.0,100.0,77909446076.0
2019-02-20,ZCH0BTBC,ST12000NM0007,12000138625024,0,80.0,92613864.0,99.0,0.0,100.0,1.0,100.0,0.0,69.0,8750842.0,92.0,7224.0,100.0,0.0,100.0,1.0,,,,,100.0,0.0,100.0,0.0,,,76.0,24.0,,,100.0,58.0,100.0,380.0,24.0,24.0,100.0,0.0,100.0,0.0,200.0,0.0,100.0,7165.0,100.0,46107520544.0,100.0,78008658036.0
2019-02-21,ZCH0BTBC,ST12000NM0007,12000138625024,0,69,8861552,99.0,0.0,100.0,1.0,100.0,0.0,70.0,10378014.0,92,7240,100.0,0.0,100,1,,,,,100.0,0.0,100.0,0.0,,,76.0,24.0,,,100,59,100.0,381.0,24,24,100.0,0.0,100.0,0.0,200.0,0.0,100.0,7180.0,100.0,46151784232.0,100.0,78124782756.0
2019-02-22,ZCH0BTBC,ST12000NM0007,12000138625024,0,78,70200392,99.0,0.0,100.0,1.0,100.0,0.0,71.0,13534818.0,92,7272,100.0,0.0,100,1,,,,,100.0,0.0,100.0,0.0,,,75.0,25.0,,,100,60,100.0,382.0,25,25,100.0,0.0,100.0,0.0,200.0,0.0,100.0,7212.0,100.0,46226080120.0,100.0,78355966356.0
2019-02-23,ZCH0BTBC,ST12000NM0007,12000138625024,0,67.0,5215904.0,99.0,0.0,100.0,1.0,100.0,0.0,72.0,16077071.0,92.0,7288.0,100.0,0.0,100.0,1.0,,,,,100.0,0.0,100.0,0.0,,,76.0,24.0,,,100.0,60.0,100.0,383.0,24.0,24.0,100.0,0.0,100.0,0.0,200.0,0.0,100.0,7228.0,100.0,46265996720.0,100.0,78495205900.0
2019-02-24,ZCH0BTBC,ST12000NM0007,12000138625024,0,80,106241576,99.0,0.0,100.0,1.0,100.0,0.0,73.0,20721926.0,92,7319,100.0,0.0,100,1,,,,,100.0,0.0,100.0,0.0,,,77.0,23.0,,,100,60,100.0,384.0,23,23,100.0,0.0,100.0,0.0,200.0,0.0,100.0,7259.0,100.0,46354150016.0,100.0,78752219156.0
2019-02-25,ZCH0BTBC,ST12000NM0007,12000138625024,0,72,14715192,99.0,0.0,100.0,1.0,100.0,0.0,74.0,22788008.0,92,7335,100.0,0.0,100,1,,,,,100.0,0.0,100.0,0.0,,,75.0,25.0,,,100,61,100.0,385.0,25,25,100.0,0.0,100.0,0.0,200.0,0.0,100.0,7275.0,100.0,46393683000.0,100.0,78865301068.0
2019-02-26,ZCH0BTBC,ST12000NM0007,12000138625024,0,79,73782256,99.0,0.0,100.0,1.0,100.0,0.0,74.0,26862187.0,92,7367,100.0,0.0,100,1,,,,,100.0,0.0,100.0,0.0,,,77.0,23.0,,,100,61,100.0,386.0,23,23,100.0,0.0,100.0,0.0,200.0,0.0,100.0,7307.0,100.0,46485523144.0,100.0,79076668676.0
2019-02-27,ZCH0BTBC,ST12000NM0007,12000138625024,0,79.0,83245024.0,99.0,0.0,100.0,1.0,100.0,0.0,75.0,30078297.0,92.0,7399.0,100.0,0.0,100.0,1.0,,,,,100.0,0.0,100.0,0.0,,,77.0,23.0,,,100.0,61.0,100.0,388.0,23.0,23.0,100.0,0.0,100.0,0.0,200.0,0.0,100.0,7338.0,100.0,46565181056.0,100.0,79250614476.0
2019-02-28,ZCH0BTBC,ST12000NM0007,12000138625024,0,84,225733984,99.0,0.0,100.0,1.0,100.0,0.0,75.0,31730981.0,92,7414,100.0,0.0,100,1,,,,,100.0,0.0,100.0,0.0,,,77.0,23.0,,,100,61,100.0,388.0,23,23,100.0,0.0,100.0,0.0,200.0,0.0,100.0,7354.0,100.0,46602018176.0,100.0,79356266316.0
2019-03-01,ZCH0BTBC,ST12000NM0007,12000138625024,0,80.0,92908840.0,99.0,0.0,100.0,1.0,100.0,0.0,76.0,36568610.0,92.0,7446.0,100.0,0.0,100.0,1.0,,,,,100.0,0.0,100.0,0.0,,,77.0,23.0,,,100.0,62.0,100.0,390.0,23.0,23.0,100.0,0.0,100.0,0.0,200.0,0.0,100.0,7385.0,100.0,46686572720.0,100.0,79627168500.0
2019-03-02,ZCH0BTBC,ST12000NM0007,12000138625024,0,73.0,20976344.0,99.0,0.0,100.0,1.0,100.0,0.0,76.0,38646384.0,92.0,7462.0,100.0,0.0,100.0,1.0,,,,,100.0,0.0,100.0,0.0,,,77.0,23.0,,,100.0,62.0,100.0,390.0,23.0,23.0,100.0,0.0,100.0,0.0,200.0,0.0,100.0,7401.0,100.0,46731206616.0,100.0,79754742756.0
2019-03-03,ZCH0BTBC,ST12000NM0007,12000138625024,0,80.0,91448464.0,99.0,0.0,100.0,1.0,100.0,0.0,76.0,41740727.0,92.0,7493.0,100.0,0.0,100.0,1.0,,,,,100.0,0.0,100.0,0.0,,,77.0,23.0,,,100.0,63.0,100.0,392.0,23.0,23.0,100.0,0.0,100.0,0.0,200.0,0.0,100.0,7433.0,100.0,46815705600.0,100.0,79984856756.0
2019-03-04,ZCH0BTBC,ST12000NM0007,12000138625024,0,73,21121184,99.0,0.0,100.0,1.0,100.0,0.0,76.0,44170714.0,92,7509,100.0,0.0,100,1,,,,,100.0,0.0,100.0,0.0,,,78.0,22.0,,,100,63,100.0,392.0,22,22,100.0,0.0,100.0,0.0,200.0,0.0,100.0,7449.0,100.0,46857137096.0,100.0,80117238740.0
2019-03-05,ZCH0BTBC,ST12000NM0007,12000138625024,0,77.0,49711688.0,99.0,0.0,100.0,1.0,100.0,0.0,77.0,47058407.0,92.0,7541.0,100.0,0.0,100.0,1.0,,,,,100.0,0.0,100.0,0.0,,,78.0,22.0,,,100.0,65.0,100.0,394.0,22.0,22.0,100.0,0.0,100.0,0.0,200.0,0.0,100.0,7480.0,100.0,46937477856.0,100.0,80309629148.0
2019-03-06,ZCH0BTBC,ST12000NM0007,12000138625024,0,83.0,206486304.0,99.0,0.0,100.0,1.0,100.0,0.0,77.0,48650838.0,92.0,7557.0,100.0,0.0,100.0,1.0,,,,,100.0,0.0,100.0,0.0,,,77.0,23.0,,,100.0,65.0,100.0,394.0,23.0,23.0,100.0,0.0,100.0,0.0,200.0,0.0,100.0,7496.0,100.0,46977697584.0,100.0,80426184036.0
2019-03-07,ZCH0BTBC,ST12000NM0007,12000138625024,0,69.0,8082984.0,99.0,0.0,100.0,1.0,100.0,0.0,77.0,51670709.0,92.0,7588.0,100.0,0.0,100.0,1.0,,,,,100.0,0.0,100.0,0.0,,,77.0,23.0,,,100.0,66.0,100.0,396.0,23.0,23.0,100.0,0.0,100.0,0.0,200.0,0.0,100.0,7527.0,100.0,47057966816.0,100.0,80635792868.0
2019-03-08,ZCH0BTBC,ST12000NM0007,12000138625024,0,83.0,183280096.0,99.0,0.0,100.0,1.0,100.0,0.0,77.0,53420506.0,92.0,7604.0,100.0,0.0,100.0,1.0,,,,,100.0,0.0,100.0,0.0,,,77.0,23.0,,,100.0,66.0,100.0,396.0,23.0,23.0,100.0,0.0,100.0,0.0,200.0,0.0,100.0,7543.0,100.0,47105566480.0,100.0,80763390316.0
2019-03-09,ZCH0BTBC,ST12000NM0007,12000138625024,0,79.0,72725280.0,99.0,0.0,100.0,1.0,100.0,0.0,78.0,58074374.0,92.0,7636.0,100.0,0.0,100.0,1.0,,,,,100.0,0.0,100.0,0.0,,,77.0,23.0,,,100.0,66.0,100.0,398.0,23.0,23.0,100.0,0.0,100.0,0.0,200.0,0.0,100.0,7575.0,100.0,47199558496.0,100.0,81047125308.0
2019-03-10,ZCH0BTBC,ST12000NM0007,12000138625024,0,83.0,210739768.0,99.0,0.0,100.0,1.0,100.0,0.0,78.0,59768807.0,92.0,7652.0,100.0,0.0,100.0,1.0,,,,,100.0,0.0,100.0,0.0,,,76.0,24.0,,,100.0,66.0,100.0,398.0,24.0,24.0,100.0,0.0,100.0,0.0,200.0,0.0,100.0,7590.0,100.0,47247831680.0,100.0,81136866612.0
2019-03-11,ZCH0BTBC,ST12000NM0007,12000138625024,0,71.0,13748984.0,99.0,0.0,100.0,1.0,100.0,0.0,78.0,63822111.0,92.0,7684.0,100.0,0.0,100.0,1.0,,,,,100.0,0.0,100.0,0.0,,,77.0,23.0,,,100.0,67.0,100.0,399.0,23.0,23.0,100.0,0.0,100.0,0.0,200.0,0.0,100.0,7622.0,100.0,47353983944.0,100.0,81322005140.0
2019-03-12,ZCH0BTBC,ST12000NM0007,12000138625024,0,82.0,152056016.0,99.0,0.0,100.0,1.0,100.0,0.0,78.0,65332228.0,92.0,7699.0,100.0,0.0,100.0,1.0,,,,,100.0,0.0,100.0,0.0,,,76.0,24.0,,,100.0,68.0,100.0,400.0,24.0,24.0,100.0,0.0,100.0,0.0,200.0,0.0,100.0,7638.0,100.0,47405433856.0,100.0,81408862260.0
2019-03-13,ZCH0BTBC,ST12000NM0007,12000138625024,0,71.0,12836408.0,99.0,0.0,100.0,1.0,100.0,0.0,78.0,69959760.0,92.0,7731.0,100.0,0.0,100.0,1.0,,,,,100.0,0.0,100.0,0.0,,,78.0,22.0,,,100.0,68.0,100.0,401.0,22.0,22.0,100.0,0.0,100.0,0.0,200.0,0.0,100.0,7669.0,100.0,47522502808.0,100.0,81640855188.0
2019-03-14,ZCH0BTBC,ST12000NM0007,12000138625024,0,83.0,189021784.0,99.0,0.0,100.0,1.0,100.0,0.0,79.0,72330481.0,92.0,7747.0,100.0,0.0,100.0,1.0,,,,,100.0,0.0,100.0,0.0,,,76.0,24.0,,,100.0,68.0,100.0,402.0,24.0,24.0,100.0,0.0,100.0,0.0,200.0,0.0,100.0,7685.0,100.0,47584375456.0,100.0,81755167924.0
2019-03-15,ZCH0BTBC,ST12000NM0007,12000138625024,0,83.0,207577786.0,98.0,0.0,100.0,2.0,100.0,0.0,79.0,75839486.0,92.0,7779.0,100.0,0.0,100.0,2.0,,,,,100.0,0.0,100.0,0.0,,,78.0,22.0,,,100.0,68.0,100.0,405.0,22.0,22.0,100.0,0.0,100.0,0.0,200.0,0.0,100.0,7716.0,100.0,47686241744.0,100.0,81915998446.0
2019-03-16,ZCH0BTBC,ST12000NM0007,12000138625024,0,82.0,145424200.0,98.0,0.0,100.0,2.0,100.0,0.0,79.0,78407429.0,92.0,7794.0,100.0,0.0,100.0,2.0,,,,,100.0,0.0,100.0,0.0,,,78.0,22.0,,,100.0,69.0,100.0,406.0,22.0,22.0,100.0,0.0,100.0,0.0,200.0,0.0,100.0,7732.0,100.0,47734100872.0,100.0,82050126358.0
2019-03-17,ZCH0BTBC,ST12000NM0007,12000138625024,0,100.0,566784.0,98.0,0.0,100.0,2.0,100.0,0.0,79.0,81977943.0,92.0,7826.0,100.0,0.0,100.0,2.0,,,,,100.0,0.0,100.0,0.0,,,78.0,22.0,,,100.0,70.0,100.0,407.0,22.0,22.0,100.0,0.0,100.0,0.0,200.0,0.0,100.0,7763.0,100.0,47867741488.0,100.0,82259909726.0
2019-03-18,ZCH0BTBC,ST12000NM0007,12000138625024,0,80.0,93001472.0,98.0,0.0,100.0,2.0,100.0,0.0,79.0,86198542.0,92.0,7858.0,100.0,0.0,100.0,2.0,,,,,100.0,0.0,100.0,0.0,,,78.0,22.0,,,100.0,71.0,100.0,408.0,22.0,22.0,100.0,0.0,100.0,0.0,200.0,0.0,100.0,7795.0,100.0,47991593728.0,100.0,82472632910.0
2019-03-19,ZCH0BTBC,ST12000NM0007,12000138625024,0,70.0,9618960.0,98.0,0.0,100.0,2.0,100.0,0.0,79.0,87768031.0,92.0,7874.0,100.0,0.0,100.0,2.0,,,,,100.0,0.0,100.0,0.0,,,78.0,22.0,,,100.0,72.0,100.0,409.0,22.0,22.0,100.0,0.0,100.0,0.0,200.0,0.0,100.0,7811.0,100.0,48037382672.0,100.0,82587602318.0
2019-03-20,ZCH0BTBC,ST12000NM0007,12000138625024,0,79.0,76446112.0,98.0,0.0,100.0,2.0,100.0,0.0,80.0,91100967.0,91.0,7905.0,100.0,0.0,100.0,2.0,,,,,100.0,0.0,100.0,0.0,,,78.0,22.0,,,100.0,72.0,100.0,410.0,22.0,22.0,100.0,0.0,100.0,0.0,200.0,0.0,100.0,7842.0,100.0,48133347792.0,100.0,82802604998.0
2019-03-21,ZCH0BTBC,ST12000NM0007,12000138625024,0,83.0,221006360.0,98.0,0.0,100.0,2.0,100.0,0.0,80.0,92723116.0,91.0,7921.0,100.0,0.0,100.0,2.0,,,,,100.0,0.0,100.0,0.0,,,78.0,22.0,,,100.0,72.0,100.0,411.0,22.0,22.0,100.0,0.0,100.0,0.0,200.0,0.0,100.0,7858.0,100.0,48191389104.0,100.0,82889123934.0
2019-03-22,ZCH0BTBC,ST12000NM0007,12000138625024,0,81.0,121879944.0,98.0,0.0,100.0,2.0,100.0,0.0,80.0,94234033.0,91.0,7937.0,100.0,0.0,100.0,2.0,,,,,100.0,0.0,100.0,0.0,,,77.0,23.0,,,100.0,72.0,100.0,411.0,23.0,23.0,100.0,0.0,100.0,0.0,200.0,0.0,100.0,7874.0,100.0,48230176408.0,100.0,82995350902.0
2019-03-23,ZCH0BTBC,ST12000NM0007,12000138625024,0,83.0,216327272.0,98.0,0.0,100.0,2.0,100.0,0.0,80.0,98353621.0,91.0,7969.0,100.0,0.0,100.0,2.0,,,,,100.0,0.0,100.0,0.0,,,78.0,22.0,,,100.0,73.0,100.0,413.0,22.0,22.0,100.0,0.0,100.0,0.0,200.0,0.0,100.0,7905.0,100.0,48324569432.0,100.0,83239545934.0
2019-03-24,ZCH0BTBC,ST12000NM0007,12000138625024,0,82.0,175967824.0,98.0,0.0,100.0,2.0,100.0,0.0,80.0,100183536.0,91.0,7984.0,100.0,0.0,100.0,2.0,,,,,100.0,0.0,100.0,0.0,,,75.0,25.0,,,100.0,73.0,100.0,413.0,25.0,25.0,100.0,0.0,100.0,0.0,200.0,0.0,100.0,7921.0,100.0,48381432840.0,100.0,83386463710.0
2019-03-25,ZCH0BTBC,ST12000NM0007,12000138625024,0,79.0,80753048.0,98.0,0.0,100.0,2.0,100.0,0.0,80.0,105723915.0,91.0,8016.0,100.0,0.0,100.0,2.0,,,,,100.0,0.0,100.0,0.0,,,77.0,23.0,,,100.0,74.0,100.0,415.0,23.0,23.0,100.0,0.0,100.0,0.0,200.0,0.0,100.0,7953.0,100.0,48495965528.0,100.0,83664997782.0
2019-03-26,ZCH0BTBC,ST12000NM0007,12000138625024,0,83.0,208810160.0,98.0,0.0,100.0,2.0,100.0,0.0,80.0,107088736.0,91.0,8032.0,100.0,0.0,100.0,2.0,,,,,100.0,0.0,100.0,0.0,,,77.0,23.0,,,100.0,74.0,100.0,415.0,23.0,23.0,100.0,0.0,100.0,0.0,200.0,0.0,100.0,7968.0,100.0,48534673592.0,100.0,83754346830.0
2019-03-27,ZCH0BTBC,ST12000NM0007,12000138625024,0,71.0,12691400.0,98.0,0.0,100.0,2.0,100.0,0.0,80.0,110055153.0,91.0,8063.0,100.0,0.0,100.0,2.0,,,,,100.0,0.0,100.0,0.0,,,77.0,23.0,,,100.0,76.0,100.0,417.0,23.0,23.0,100.0,0.0,100.0,0.0,200.0,0.0,100.0,8000.0,100.0,48613038144.0,100.0,83968145030.0
2019-03-28,ZCH0BTBC,ST12000NM0007,12000138625024,0,82.0,163668328.0,98.0,0.0,100.0,2.0,100.0,0.0,80.0,111641838.0,91.0,8079.0,100.0,0.0,100.0,2.0,,,,,100.0,0.0,100.0,0.0,,,77.0,23.0,,,100.0,76.0,100.0,417.0,23.0,23.0,100.0,0.0,100.0,0.0,200.0,0.0,100.0,8016.0,100.0,48652079160.0,100.0,84080080942.0
2019-03-29,ZCH0BTBC,ST12000NM0007,12000138625024,0,83.0,186633024.0,98.0,0.0,100.0,2.0,100.0,0.0,81.0,114781078.0,91.0,8111.0,100.0,0.0,100.0,2.0,,,,,100.0,0.0,100.0,0.0,,,78.0,22.0,,,100.0,76.0,100.0,419.0,22.0,22.0,100.0,0.0,100.0,0.0,200.0,0.0,100.0,8047.0,100.0,48734640928.0,100.0,84264624662.0
2019-03-30,ZCH0BTBC,ST12000NM0007,12000138625024,0,80.0,110668856.0,98.0,0.0,100.0,2.0,100.0,0.0,81.0,117183527.0,91.0,8127.0,100.0,0.0,100.0,2.0,,,,,100.0,0.0,100.0,0.0,,,77.0,23.0,,,100.0,77.0,100.0,420.0,23.0,23.0,100.0,0.0,100.0,0.0,200.0,0.0,100.0,8063.0,100.0,48777859080.0,100.0,84389582974.0
2019-03-31,ZCH0BTBC,ST12000NM0007,12000138625024,0,82.0,144838664.0,98.0,0.0,100.0,2.0,100.0,0.0,81.0,120132796.0,91.0,8158.0,100.0,0.0,100.0,2.0,,,,,100.0,0.0,100.0,0.0,,,77.0,23.0,,,100.0,77.0,100.0,421.0,23.0,23.0,100.0,0.0,100.0,0.0,200.0,0.0,100.0,8094.0,100.0,48856117424.0,100.0,84589635534.0
2019-04-01,ZCH0BTBC,ST12000NM0007,12000138625024,0,75.0,33485112.0,98.0,0.0,100.0,2.0,100.0,0.0,81.0,121344997.0,91.0,8174.0,100.0,0.0,100.0,2.0,,,,,100.0,0.0,100.0,0.0,,,77.0,23.0,,,100.0,77.0,100.0,422.0,23.0,23.0,100.0,0.0,100.0,0.0,200.0,0.0,100.0,8110.0,100.0,48887176848.0,100.0,84691363238.0
2019-04-02,ZCH0BTBC,ST12000NM0007,12000138625024,0,82.0,162457680.0,98.0,0.0,100.0,2.0,100.0,0.0,81.0,125492548.0,91.0,8206.0,100.0,0.0,100.0,2.0,,,,,100.0,0.0,100.0,0.0,,,77.0,23.0,,,100.0,78.0,100.0,423.0,23.0,23.0,100.0,0.0,100.0,0.0,200.0,0.0,100.0,8141.0,100.0,48961043928.0,100.0,84990609478.0
2019-04-03,ZCH0BTBC,ST12000NM0007,12000138625024,0,80.0,98046416.0,98.0,0.0,100.0,2.0,100.0,0.0,81.0,127218159.0,91.0,8222.0,100.0,0.0,100.0,2.0,,,,,100.0,0.0,100.0,0.0,,,78.0,22.0,,,100.0,79.0,100.0,424.0,22.0,22.0,100.0,0.0,100.0,0.0,200.0,0.0,100.0,8157.0,100.0,49000652832.0,100.0,85130730094.0
2019-04-04,ZCH0BTBC,ST12000NM0007,12000138625024,0,81.0,126464664.0,98.0,0.0,100.0,2.0,100.0,0.0,81.0,130232778.0,91.0,8253.0,100.0,0.0,100.0,2.0,,,,,100.0,0.0,100.0,0.0,,,78.0,22.0,,,100.0,80.0,100.0,425.0,22.0,22.0,100.0,0.0,100.0,0.0,200.0,0.0,100.0,8188.0,100.0,49092100400.0,100.0,85311841534.0
2019-04-05,ZCH0BTBC,ST12000NM0007,12000138625024,0,83.0,181728000.0,98.0,0.0,100.0,2.0,100.0,0.0,81.0,133500615.0,91.0,8285.0,100.0,0.0,100.0,2.0,,,,,100.0,0.0,100.0,0.0,,,77.0,23.0,,,100.0,80.0,100.0,426.0,23.0,23.0,100.0,0.0,100.0,0.0,200.0,0.0,100.0,8220.0,100.0,49188867672.0,100.0,85514478542.0
2019-04-06,ZCH0BTBC,ST12000NM0007,12000138625024,0,81.0,113688808.0,98.0,0.0,100.0,2.0,100.0,0.0,81.0,136199393.0,91.0,8301.0,100.0,0.0,100.0,2.0,,,,,100.0,0.0,100.0,0.0,,,78.0,22.0,,,100.0,80.0,100.0,427.0,22.0,22.0,100.0,0.0,100.0,0.0,200.0,0.0,100.0,8236.0,100.0,49240270624.0,100.0,85639177070.0
2019-04-07,ZCH0BTBC,ST12000NM0007,12000138625024,0,82.0,142998648.0,98.0,0.0,100.0,2.0,100.0,0.0,81.0,139016846.0,91.0,8333.0,100.0,0.0,100.0,2.0,,,,,100.0,0.0,100.0,0.0,,,78.0,22.0,,,100.0,81.0,100.0,429.0,22.0,22.0,100.0,0.0,100.0,0.0,200.0,0.0,100.0,8267.0,100.0,49321231528.0,100.0,85831666782.0
2019-04-08,ZCH0BTBC,ST12000NM0007,12000138625024,0,76.0,42590528.0,98.0,0.0,100.0,2.0,100.0,0.0,82.0,141483951.0,91.0,8348.0,100.0,0.0,100.0,2.0,,,,,100.0,0.0,100.0,0.0,,,78.0,22.0,,,100.0,81.0,100.0,429.0,22.0,22.0,100.0,0.0,100.0,0.0,200.0,0.0,100.0,8283.0,100.0,49372291608.0,100.0,85924339214.0
2019-04-09,ZCH0BTBC,ST12000NM0007,12000138625024,0,80.0,94945808.0,98.0,0.0,100.0,2.0,100.0,0.0,82.0,144460001.0,91.0,8380.0,100.0,0.0,100.0,2.0,,,,,100.0,0.0,100.0,0.0,,,78.0,22.0,,,100.0,81.0,100.0,430.0,22.0,22.0,100.0,0.0,100.0,0.0,200.0,0.0,100.0,8314.0,100.0,49468126952.0,100.0,86124999782.0
2019-04-10,ZCH0BTBC,ST12000NM0007,12000138625024,0,72.0,15146336.0,98.0,0.0,100.0,2.0,100.0,0.0,82.0,145918901.0,91.0,8396.0,100.0,0.0,100.0,2.0,,,,,100.0,0.0,100.0,0.0,,,78.0,22.0,,,100.0,82.0,100.0,431.0,22.0,22.0,100.0,0.0,100.0,0.0,200.0,0.0,100.0,8330.0,100.0,49511638968.0,100.0,86245829166.0
2019-04-11,ZCH0BTBC,ST12000NM0007,12000138625024,0,77.0,52628192.0,98.0,0.0,100.0,2.0,100.0,0.0,82.0,148721700.0,91.0,8427.0,100.0,0.0,100.0,2.0,,,,,100.0,0.0,100.0,0.0,,,78.0,22.0,,,100.0,83.0,100.0,432.0,22.0,22.0,100.0,0.0,100.0,0.0,200.0,0.0,100.0,8362.0,100.0,49587271592.0,100.0,86451819190.0
2019-04-12,ZCH0BTBC,ST12000NM0007,12000138625024,0,83.0,196456416.0,98.0,0.0,100.0,2.0,100.0,0.0,82.0,150144465.0,91.0,8443.0,100.0,0.0,100.0,2.0,,,,,100.0,0.0,100.0,0.0,,,78.0,22.0,,,100.0,83.0,100.0,433.0,22.0,22.0,100.0,0.0,100.0,0.0,200.0,0.0,100.0,8378.0,100.0,49621619416.0,100.0,86561299590.0
2019-04-13,ZCH0BTBC,ST12000NM0007,12000138625024,0,74.0,26454736.0,98.0,0.0,100.0,2.0,100.0,0.0,82.0,154192718.0,91.0,8475.0,100.0,0.0,100.0,2.0,,,,,100.0,0.0,100.0,0.0,,,79.0,21.0,,,100.0,84.0,100.0,434.0,21.0,21.0,100.0,0.0,100.0,0.0,200.0,0.0,100.0,8409.0,100.0,49687081768.0,100.0,86814117078.0
2019-04-14,ZCH0BTBC,ST12000NM0007,12000138625024,0,83.0,181086840.0,98.0,0.0,100.0,2.0,100.0,0.0,82.0,155688052.0,91.0,8491.0,100.0,0.0,100.0,2.0,,,,,100.0,0.0,100.0,0.0,,,79.0,21.0,,,100.0,85.0,100.0,435.0,21.0,21.0,100.0,0.0,100.0,0.0,200.0,0.0,100.0,8425.0,100.0,49725740472.0,100.0,86930090478.0
2019-04-15,ZCH0BTBC,ST12000NM0007,12000138625024,0,71.0,12533336.0,98.0,0.0,100.0,2.0,100.0,0.0,82.0,159579531.0,91.0,8523.0,100.0,0.0,100.0,2.0,,,,,100.0,0.0,100.0,0.0,,,78.0,22.0,,,100.0,85.0,100.0,436.0,22.0,22.0,100.0,0.0,100.0,0.0,200.0,0.0,100.0,8457.0,100.0,49818249688.0,100.0,87157309238.0
2019-04-16,ZCH0BTBC,ST12000NM0007,12000138625024,0,82.0,158394104.0,98.0,0.0,100.0,2.0,100.0,0.0,82.0,160993749.0,91.0,8538.0,100.0,0.0,100.0,2.0,,,,,100.0,0.0,100.0,0.0,,,78.0,22.0,,,100.0,85.0,100.0,437.0,22.0,22.0,100.0,0.0,100.0,0.0,200.0,0.0,100.0,8473.0,100.0,49852956872.0,100.0,87268462822.0
2019-04-17,ZCH0BTBC,ST12000NM0007,12000138625024,0,84.0,239024944.0,98.0,0.0,100.0,2.0,100.0,0.0,82.0,164302222.0,91.0,8570.0,100.0,0.0,100.0,2.0,,,,,100.0,0.0,100.0,0.0,,,78.0,22.0,,,100.0,86.0,100.0,438.0,22.0,22.0,100.0,0.0,100.0,0.0,200.0,0.0,100.0,8504.0,100.0,49931781760.0,100.0,87514409598.0
2019-04-18,ZCH0BTBC,ST12000NM0007,12000138625024,0,81.0,140515392.0,98.0,0.0,100.0,2.0,100.0,0.0,82.0,165690912.0,91.0,8586.0,100.0,0.0,100.0,2.0,,,,,100.0,0.0,100.0,0.0,,,78.0,22.0,,,100.0,87.0,100.0,439.0,22.0,22.0,100.0,0.0,100.0,0.0,200.0,0.0,100.0,8520.0,100.0,49963205368.0,100.0,87628617302.0
2019-04-19,ZCH0BTBC,ST12000NM0007,12000138625024,0,83.0,205879088.0,98.0,0.0,100.0,2.0,100.0,0.0,82.0,168573047.0,91.0,8617.0,100.0,0.0,100.0,2.0,,,,,100.0,0.0,100.0,0.0,,,78.0,22.0,,,100.0,88.0,100.0,440.0,22.0,22.0,100.0,0.0,100.0,0.0,200.0,0.0,100.0,8551.0,100.0,50051661576.0,100.0,87849665502.0
2019-04-20,ZCH0BTBC,ST12000NM0007,12000138625024,0,82.0,142789072.0,98.0,0.0,100.0,2.0,100.0,0.0,82.0,171043735.0,91.0,8633.0,100.0,0.0,100.0,2.0,,,,,100.0,0.0,100.0,0.0,,,78.0,22.0,,,100.0,88.0,100.0,441.0,22.0,22.0,100.0,0.0,100.0,0.0,200.0,0.0,100.0,8567.0,100.0,50093072616.0,100.0,87989305294.0
2019-04-21,ZCH0BTBC,ST12000NM0007,12000138625024,0,84.0,238385472.0,98.0,0.0,100.0,2.0,100.0,0.0,82.0,175461644.0,91.0,8665.0,100.0,0.0,100.0,2.0,,,,,100.0,0.0,100.0,0.0,,,78.0,22.0,,,100.0,88.0,100.0,442.0,22.0,22.0,100.0,0.0,100.0,0.0,200.0,0.0,100.0,8599.0,100.0,50160831408.0,100.0,88261283590.0
2019-04-22,ZCH0BTBC,ST12000NM0007,12000138625024,0,77.0,55285000.0,98.0,0.0,100.0,2.0,100.0,0.0,83.0,179192735.0,91.0,8697.0,100.0,0.0,100.0,2.0,,,,,100.0,0.0,100.0,0.0,,,78.0,22.0,,,100.0,90.0,100.0,444.0,22.0,22.0,100.0,0.0,100.0,0.0,200.0,0.0,100.0,8630.0,100.0,50241532672.0,100.0,88485763966.0
2019-04-23,ZCH0BTBC,ST12000NM0007,12000138625024,0,83.0,223406512.0,98.0,0.0,100.0,2.0,100.0,0.0,83.0,180774196.0,91.0,8713.0,100.0,0.0,100.0,2.0,,,,,100.0,0.0,100.0,0.0,,,79.0,21.0,,,100.0,90.0,100.0,444.0,21.0,21.0,100.0,0.0,100.0,0.0,200.0,0.0,100.0,8646.0,100.0,50294644720.0,100.0,88600773430.0
2019-04-24,ZCH0BTBC,ST12000NM0007,12000138625024,0,81.0,125326280.0,98.0,0.0,100.0,2.0,100.0,0.0,83.0,182311665.0,91.0,8728.0,100.0,0.0,100.0,2.0,,,,,100.0,0.0,100.0,0.0,,,78.0,22.0,,,100.0,90.0,100.0,445.0,22.0,22.0,100.0,0.0,100.0,0.0,200.0,0.0,100.0,8662.0,100.0,50336735328.0,100.0,88704743470.0
2019-04-25,ZCH0BTBC,ST12000NM0007,12000138625024,0,82.0,170128432.0,98.0,0.0,100.0,2.0,100.0,0.0,83.0,185209496.0,90.0,8760.0,100.0,0.0,100.0,2.0,,,,,100.0,0.0,100.0,0.0,,,79.0,21.0,,,100.0,90.0,100.0,446.0,21.0,21.0,100.0,0.0,100.0,0.0,200.0,0.0,100.0,8694.0,100.0,50414262104.0,100.0,88916159486.0
2019-04-26,ZCH0BTBC,ST12000NM0007,12000138625024,0,81.0,119584120.0,98.0,0.0,100.0,2.0,100.0,0.0,83.0,186962704.0,90.0,8776.0,100.0,0.0,100.0,2.0,,,,,100.0,0.0,100.0,0.0,,,78.0,22.0,,,100.0,91.0,100.0,447.0,22.0,22.0,100.0,0.0,100.0,0.0,200.0,0.0,100.0,8710.0,100.0,50476029856.0,100.0,89047988102.0
2019-04-27,ZCH0BTBC,ST12000NM0007,12000138625024,0,75.0,29480720.0,98.0,0.0,100.0,2.0,100.0,0.0,83.0,191356899.0,90.0,8808.0,100.0,0.0,100.0,2.0,,,,,100.0,0.0,100.0,0.0,,,79.0,21.0,,,100.0,91.0,100.0,448.0,21.0,21.0,100.0,0.0,100.0,0.0,200.0,0.0,100.0,8741.0,100.0,50569599408.0,100.0,89352596814.0
2019-04-28,ZCH0BTBC,ST12000NM0007,12000138625024,0,83.0,187786560.0,98.0,0.0,100.0,2.0,100.0,0.0,83.0,193180282.0,90.0,8824.0,100.0,0.0,100.0,2.0,,,,,100.0,0.0,100.0,0.0,,,78.0,22.0,,,100.0,91.0,100.0,449.0,22.0,22.0,100.0,0.0,100.0,0.0,200.0,0.0,100.0,8757.0,100.0,50612138432.0,100.0,89468363630.0
2019-04-29,ZCH0BTBC,ST12000NM0007,12000138625024,0,74.0,25034776.0,98.0,0.0,100.0,2.0,100.0,0.0,83.0,197337471.0,90.0,8855.0,100.0,0.0,100.0,2.0,,,,,100.0,0.0,100.0,0.0,,,79.0,21.0,,,100.0,91.0,100.0,450.0,21.0,21.0,100.0,0.0,100.0,0.0,200.0,0.0,100.0,8788.0,100.0,50670038488.0,100.0,89735993278.0
2019-04-30,ZCH0BTBC,ST12000NM0007,12000138625024,0,82.0,160432016.0,98.0,0.0,100.0,2.0,100.0,0.0,83.0,198713779.0,90.0,8871.0,100.0,0.0,100.0,2.0,,,,,100.0,0.0,100.0,0.0,,,78.0,22.0,,,100.0,91.0,100.0,451.0,22.0,22.0,100.0,0.0,100.0,0.0,200.0,0.0,100.0,8804.0,100.0,50705589000.0,100.0,89835840006.0
2019-05-01,ZCH0BTBC,ST12000NM0007,12000138625024,0,83.0,219379240.0,98.0,0.0,100.0,2.0,100.0,0.0,83.0,201762795.0,90.0,8903.0,100.0,0.0,100.0,2.0,,,,,100.0,0.0,100.0,0.0,,,78.0,22.0,,,100.0,91.0,100.0,452.0,22.0,22.0,100.0,0.0,100.0,0.0,200.0,0.0,100.0,8836.0,100.0,50792339768.0,100.0,90052179270.0
2019-05-02,ZCH0BTBC,ST12000NM0007,12000138625024,0,76.0,38018584.0,98.0,0.0,100.0,2.0,100.0,0.0,83.0,204733392.0,90.0,8934.0,100.0,0.0,100.0,2.0,,,,,100.0,0.0,100.0,0.0,,,79.0,21.0,,,100.0,92.0,100.0,454.0,21.0,21.0,100.0,0.0,100.0,0.0,200.0,0.0,100.0,8867.0,100.0,50877757040.0,100.0,90273682686.0
2019-05-03,ZCH0BTBC,ST12000NM0007,12000138625024,0,83.0,177970464.0,98.0,0.0,100.0,2.0,100.0,0.0,83.0,206069842.0,90.0,8950.0,100.0,0.0,100.0,2.0,,,,,100.0,0.0,100.0,0.0,,,78.0,22.0,,,100.0,92.0,100.0,454.0,22.0,22.0,100.0,0.0,100.0,0.0,200.0,0.0,100.0,8883.0,100.0,50912110800.0,100.0,90379280806.0
2019-05-04,ZCH0BTBC,ST12000NM0007,12000138625024,0,76.0,36373248.0,98.0,0.0,100.0,2.0,100.0,0.0,83.0,211356570.0,90.0,8982.0,100.0,0.0,100.0,2.0,,,,,100.0,0.0,100.0,0.0,,,78.0,22.0,,,100.0,94.0,100.0,456.0,22.0,22.0,100.0,0.0,100.0,0.0,200.0,0.0,100.0,8914.0,100.0,50985505112.0,100.0,90652570846.0
2019-05-05,ZCH0BTBC,ST12000NM0007,12000138625024,0,83.0,192836408.0,98.0,0.0,100.0,2.0,100.0,0.0,83.0,212680267.0,90.0,8998.0,100.0,0.0,100.0,2.0,,,,,100.0,0.0,100.0,0.0,,,78.0,22.0,,,100.0,94.0,100.0,456.0,22.0,22.0,100.0,0.0,100.0,0.0,200.0,0.0,100.0,8930.0,100.0,51017472072.0,100.0,90777067046.0
2019-05-06,ZCH0BTBC,ST12000NM0007,12000138625024,0,65.0,3285064.0,98.0,0.0,100.0,2.0,100.0,0.0,83.0,216274796.0,90.0,9029.0,100.0,0.0,100.0,2.0,,,,,100.0,0.0,100.0,0.0,,,78.0,22.0,,,100.0,95.0,100.0,458.0,22.0,22.0,100.0,0.0,100.0,0.0,200.0,0.0,100.0,8962.0,100.0,51079536128.0,100.0,91013733190.0
2019-05-07,ZCH0BTBC,ST12000NM0007,12000138625024,0,81.0,128967088.0,98.0,0.0,100.0,2.0,100.0,0.0,83.0,217494474.0,90.0,9045.0,100.0,0.0,100.0,2.0,,,,,100.0,0.0,100.0,0.0,,,78.0,22.0,,,100.0,95.0,100.0,458.0,22.0,22.0,100.0,0.0,100.0,0.0,200.0,0.0,100.0,8977.0,100.0,51113106840.0,100.0,91105844502.0
2019-05-08,ZCH0BTBC,ST12000NM0007,12000138625024,0,83.0,190675048.0,98.0,0.0,100.0,2.0,100.0,0.0,83.0,220523062.0,90.0,9077.0,100.0,0.0,100.0,2.0,,,,,100.0,0.0,100.0,0.0,,,79.0,21.0,,,100.0,96.0,100.0,460.0,21.0,21.0,100.0,0.0,100.0,0.0,200.0,0.0,100.0,9009.0,100.0,51209825968.0,100.0,91314973966.0
2019-05-09,ZCH0BTBC,ST12000NM0007,12000138625024,0,78.0,57777024.0,98.0,0.0,100.0,2.0,100.0,0.0,83.0,221678214.0,90.0,9093.0,100.0,0.0,100.0,2.0,,,,,100.0,0.0,100.0,0.0,,,78.0,22.0,,,100.0,96.0,100.0,460.0,22.0,22.0,100.0,0.0,100.0,0.0,200.0,0.0,100.0,9025.0,100.0,51240534992.0,100.0,91395507766.0
2019-05-10,ZCH0BTBC,ST12000NM0007,12000138625024,0,82.0,167129672.0,98.0,0.0,100.0,2.0,100.0,0.0,84.0,224625106.0,90.0,9125.0,100.0,0.0,100.0,2.0,,,,,100.0,0.0,100.0,0.0,,,79.0,21.0,,,100.0,96.0,100.0,461.0,21.0,21.0,100.0,0.0,100.0,0.0,200.0,0.0,100.0,9056.0,100.0,51323381960.0,100.0,91666154078.0
2019-05-11,ZCH0BTBC,ST12000NM0007,12000138625024,0,80.0,99212768.0,98.0,0.0,100.0,2.0,100.0,0.0,84.0,227133493.0,90.0,9140.0,100.0,0.0,100.0,2.0,,,,,100.0,0.0,100.0,0.0,,,79.0,21.0,,,100.0,97.0,100.0,462.0,21.0,21.0,100.0,0.0,100.0,0.0,200.0,0.0,100.0,9072.0,100.0,51369356176.0,100.0,91796403590.0
2019-05-12,ZCH0BTBC,ST12000NM0007,12000138625024,0,81.0,140716720.0,98.0,0.0,100.0,2.0,100.0,0.0,84.0,229982036.0,90.0,9172.0,100.0,0.0,100.0,2.0,,,,,100.0,0.0,100.0,0.0,,,79.0,21.0,,,100.0,98.0,100.0,464.0,21.0,21.0,100.0,0.0,100.0,0.0,200.0,0.0,100.0,9104.0,100.0,51455167008.0,100.0,91996237646.0
2019-05-13,ZCH0BTBC,ST12000NM0007,12000138625024,0,76.0,43222824.0,98.0,0.0,100.0,2.0,100.0,0.0,84.0,232231178.0,90.0,9188.0,100.0,0.0,100.0,2.0,,,,,100.0,0.0,100.0,0.0,,,79.0,21.0,,,100.0,98.0,100.0,464.0,21.0,21.0,100.0,0.0,100.0,0.0,200.0,0.0,100.0,9119.0,100.0,51489986000.0,100.0,92108065478.0
2019-05-14,ZCH0BTBC,ST12000NM0007,12000138625024,0,82.0,142097976.0,98.0,0.0,100.0,2.0,100.0,0.0,84.0,235272057.0,90.0,9220.0,100.0,0.0,100.0,2.0,,,,,100.0,0.0,100.0,0.0,,,79.0,21.0,,,100.0,99.0,100.0,465.0,21.0,21.0,100.0,0.0,100.0,0.0,200.0,0.0,100.0,9151.0,100.0,51557706464.0,100.0,92383360982.0
2019-05-15,ZCH0BTBC,ST12000NM0007,12000138625024,0,76.0,38879592.0,98.0,0.0,100.0,2.0,100.0,0.0,84.0,236642252.0,90.0,9235.0,100.0,0.0,100.0,2.0,,,,,100.0,0.0,100.0,0.0,,,78.0,22.0,,,100.0,100.0,100.0,466.0,22.0,22.0,100.0,0.0,100.0,0.0,200.0,0.0,100.0,9167.0,100.0,51596632456.0,100.0,92485357326.0
2019-05-16,ZCH0BTBC,ST12000NM0007,12000138625024,0,78.0,56690736.0,98.0,0.0,100.0,2.0,100.0,0.0,84.0,239544574.0,90.0,9267.0,100.0,0.0,100.0,2.0,,,,,100.0,0.0,100.0,0.0,,,78.0,22.0,,,100.0,101.0,100.0,468.0,22.0,22.0,100.0,0.0,100.0,0.0,200.0,0.0,100.0,9198.0,100.0,51682738632.0,100.0,92661202990.0
2019-05-17,ZCH0BTBC,ST12000NM0007,12000138625024,0,83.0,193396104.0,98.0,0.0,100.0,2.0,100.0,0.0,84.0,240971820.0,90.0,9283.0,100.0,0.0,100.0,2.0,,,,,100.0,0.0,100.0,0.0,,,78.0,22.0,,,100.0,101.0,100.0,468.0,22.0,22.0,100.0,0.0,100.0,0.0,200.0,0.0,100.0,9214.0,100.0,51719669488.0,100.0,92760977502.0
2019-05-18,ZCH0BTBC,ST12000NM0007,12000138625024,0,77.0,56055248.0,98.0,0.0,100.0,2.0,100.0,0.0,84.0,244966323.0,90.0,9315.0,100.0,0.0,100.0,2.0,,,,,100.0,0.0,100.0,0.0,,,78.0,22.0,,,100.0,102.0,100.0,470.0,22.0,22.0,100.0,0.0,100.0,0.0,200.0,0.0,100.0,9245.0,100.0,51805912456.0,100.0,93025675238.0
2019-05-19,ZCH0BTBC,ST12000NM0007,12000138625024,0,84.0,229208888.0,98.0,0.0,100.0,2.0,100.0,0.0,84.0,246837079.0,90.0,9330.0,100.0,0.0,100.0,2.0,,,,,100.0,0.0,100.0,0.0,,,77.0,23.0,,,100.0,102.0,100.0,470.0,23.0,23.0,100.0,0.0,100.0,0.0,200.0,0.0,100.0,9261.0,100.0,51849353152.0,100.0,93155388182.0
2019-05-20,ZCH0BTBC,ST12000NM0007,12000138625024,0,77.0,52608624.0,98.0,0.0,100.0,2.0,100.0,0.0,84.0,251996232.0,90.0,9362.0,100.0,0.0,100.0,2.0,,,,,100.0,0.0,100.0,0.0,,,77.0,23.0,,,100.0,103.0,100.0,472.0,23.0,23.0,100.0,0.0,100.0,0.0,200.0,0.0,100.0,9293.0,100.0,51939723272.0,100.0,93376699478.0
2019-05-21,ZCH0BTBC,ST12000NM0007,12000138625024,0,83.0,210832680.0,98.0,0.0,100.0,2.0,100.0,0.0,84.0,253556425.0,90.0,9378.0,100.0,0.0,100.0,2.0,,,,,100.0,0.0,100.0,0.0,,,77.0,23.0,,,100.0,103.0,100.0,472.0,23.0,23.0,100.0,0.0,100.0,0.0,200.0,0.0,100.0,9308.0,100.0,51991877064.0,100.0,93482769742.0
2019-05-22,ZCH0BTBC,ST12000NM0007,12000138625024,0,76.0,39108264.0,98.0,0.0,100.0,2.0,100.0,0.0,84.0,256695548.0,90.0,9409.0,100.0,0.0,100.0,2.0,,,,,100.0,0.0,100.0,0.0,,,78.0,22.0,,,100.0,103.0,100.0,474.0,22.0,22.0,100.0,0.0,100.0,0.0,200.0,0.0,100.0,9340.0,100.0,52095051528.0,100.0,93696152862.0
2019-05-23,ZCH0BTBC,ST12000NM0007,12000138625024,0,81.0,112740072.0,98.0,0.0,100.0,2.0,100.0,0.0,84.0,259916621.0,90.0,9441.0,100.0,0.0,100.0,2.0,,,,,100.0,0.0,100.0,0.0,,,77.0,23.0,,,100.0,103.0,100.0,475.0,23.0,23.0,100.0,0.0,100.0,0.0,200.0,0.0,100.0,9372.0,100.0,52200979704.0,100.0,93907997286.0
2019-05-24,ZCH0BTBC,ST12000NM0007,12000138625024,0,73.0,18984088.0,98.0,0.0,100.0,2.0,100.0,0.0,84.0,261476169.0,90.0,9457.0,100.0,0.0,100.0,2.0,,,,,100.0,0.0,100.0,0.0,,,79.0,21.0,,,100.0,103.0,100.0,476.0,21.0,21.0,100.0,0.0,100.0,0.0,200.0,0.0,100.0,9387.0,100.0,52240486512.0,100.0,94018875270.0
2019-05-25,ZCH0BTBC,ST12000NM0007,12000138625024,0,79.0,79765008.0,98.0,0.0,100.0,2.0,100.0,0.0,84.0,265380946.0,90.0,9489.0,100.0,0.0,100.0,2.0,,,,,100.0,0.0,100.0,0.0,,,79.0,21.0,,,100.0,104.0,100.0,477.0,21.0,21.0,100.0,0.0,100.0,0.0,200.0,0.0,100.0,9419.0,100.0,52320808040.0,100.0,94243475302.0
2019-05-26,ZCH0BTBC,ST12000NM0007,12000138625024,0,83.0,203215096.0,98.0,0.0,100.0,2.0,100.0,0.0,84.0,266761852.0,90.0,9504.0,100.0,0.0,100.0,2.0,,,,,100.0,0.0,100.0,0.0,,,79.0,21.0,,,100.0,105.0,100.0,478.0,21.0,21.0,100.0,0.0,100.0,0.0,200.0,0.0,100.0,9434.0,100.0,52353987480.0,100.0,94333745950.0
2019-05-27,ZCH0BTBC,ST12000NM0007,12000138625024,0,76.0,35555200.0,98.0,0.0,100.0,2.0,100.0,0.0,84.0,270915581.0,90.0,9536.0,100.0,0.0,100.0,2.0,,,,,100.0,0.0,100.0,0.0,,,78.0,22.0,,,100.0,106.0,100.0,479.0,22.0,22.0,100.0,0.0,100.0,0.0,200.0,0.0,100.0,9466.0,100.0,52441394936.0,100.0,94566960302.0
2019-05-28,ZCH0BTBC,ST12000NM0007,12000138625024,0,83.0,189414944.0,98.0,0.0,100.0,2.0,100.0,0.0,84.0,272505390.0,90.0,9552.0,100.0,0.0,100.0,2.0,,,,,100.0,0.0,100.0,0.0,,,78.0,22.0,,,100.0,107.0,100.0,480.0,22.0,22.0,100.0,0.0,100.0,0.0,200.0,0.0,100.0,9482.0,100.0,52494192160.0,100.0,94668022822.0
2019-05-29,ZCH0BTBC,ST12000NM0007,12000138625024,0,84.0,234799344.0,98.0,0.0,100.0,2.0,100.0,0.0,84.0,275488751.0,90.0,9584.0,100.0,0.0,100.0,2.0,,,,,100.0,0.0,100.0,0.0,,,78.0,22.0,,,100.0,108.0,100.0,481.0,22.0,22.0,100.0,0.0,100.0,0.0,200.0,0.0,100.0,9514.0,100.0,52571783344.0,100.0,94879956910.0
2019-05-30,ZCH0BTBC,ST12000NM0007,12000138625024,0,81.0,115323768.0,98.0,0.0,100.0,2.0,100.0,0.0,84.0,276834053.0,90.0,9600.0,100.0,0.0,100.0,2.0,,,,,100.0,0.0,100.0,0.0,,,79.0,21.0,,,100.0,109.0,100.0,482.0,21.0,21.0,100.0,0.0,100.0,0.0,200.0,0.0,100.0,9529.0,100.0,52605306280.0,100.0,94971099206.0
2019-05-31,ZCH0BTBC,ST12000NM0007,12000138625024,0,77.0,55787080.0,98.0,0.0,100.0,2.0,100.0,0.0,84.0,278648321.0,90.0,9615.0,100.0,0.0,100.0,2.0,,,,,100.0,0.0,100.0,0.0,,,78.0,22.0,,,100.0,109.0,100.0,483.0,22.0,22.0,100.0,0.0,100.0,0.0,200.0,0.0,100.0,9545.0,100.0,52660480912.0,100.0,95100528518.0
2019-06-01,ZCH0BTBC,ST12000NM0007,12000138625024,0,80.0,90240880.0,98.0,0.0,100.0,2.0,100.0,0.0,85.0,282923296.0,89.0,9647.0,100.0,0.0,100.0,2.0,,,,,100.0,0.0,100.0,0.0,,,78.0,22.0,,,100.0,109.0,100.0,484.0,22.0,22.0,100.0,0.0,100.0,0.0,200.0,0.0,100.0,9577.0,100.0,52763710584.0,100.0,95275893406.0
2019-06-02,ZCH0BTBC,ST12000NM0007,12000138625024,0,82.0,149685216.0,98.0,0.0,100.0,2.0,100.0,0.0,85.0,287740310.0,89.0,9679.0,100.0,0.0,100.0,2.0,,,,,100.0,0.0,100.0,0.0,,,78.0,22.0,,,100.0,110.0,100.0,486.0,22.0,22.0,100.0,0.0,100.0,0.0,200.0,0.0,100.0,9608.0,100.0,52854131032.0,100.0,95489057926.0
2019-06-03,ZCH0BTBC,ST12000NM0007,12000138625024,0,76.0,39231544.0,98.0,0.0,100.0,2.0,100.0,0.0,85.0,290167169.0,89.0,9695.0,100.0,0.0,100.0,2.0,,,,,100.0,0.0,100.0,0.0,,,78.0,22.0,,,100.0,110.0,100.0,486.0,22.0,22.0,100.0,0.0,100.0,0.0,200.0,0.0,100.0,9624.0,100.0,52878927216.0,100.0,95597948878.0
2019-06-04,ZCH0BTBC,ST12000NM0007,12000138625024,0,79.0,74055024.0,98.0,0.0,100.0,2.0,100.0,0.0,85.0,293210519.0,89.0,9726.0,100.0,0.0,100.0,2.0,,,,,100.0,0.0,100.0,0.0,,,78.0,22.0,,,100.0,110.0,100.0,488.0,22.0,22.0,100.0,0.0,100.0,0.0,200.0,0.0,100.0,9655.0,100.0,52942995208.0,100.0,95812845158.0
2019-06-05,ZCH0BTBC,ST12000NM0007,12000138625024,0,72.0,14539720.0,98.0,0.0,100.0,2.0,100.0,0.0,85.0,295124856.0,89.0,9742.0,100.0,0.0,100.0,2.0,,,,,100.0,0.0,100.0,0.0,,,79.0,21.0,,,100.0,110.0,100.0,488.0,21.0,21.0,100.0,0.0,100.0,0.0,200.0,0.0,100.0,9671.0,100.0,52982134208.0,100.0,95958331518.0
2019-06-06,ZCH0BTBC,ST12000NM0007,12000138625024,0,81.0,120606648.0,98.0,0.0,100.0,2.0,100.0,0.0,85.0,298913445.0,89.0,9774.0,100.0,0.0,100.0,2.0,,,,,100.0,0.0,100.0,0.0,,,78.0,22.0,,,100.0,110.0,100.0,490.0,22.0,22.0,100.0,0.0,100.0,0.0,200.0,0.0,100.0,9702.0,100.0,53099587368.0,100.0,96191085918.0
2019-06-07,ZCH0BTBC,ST12000NM0007,12000138625024,0,76.0,37610392.0,98.0,0.0,100.0,2.0,100.0,0.0,85.0,300652690.0,89.0,9790.0,100.0,0.0,100.0,2.0,,,,,100.0,0.0,100.0,0.0,,,79.0,21.0,,,100.0,110.0,100.0,490.0,21.0,21.0,100.0,0.0,100.0,0.0,200.0,0.0,100.0,9718.0,100.0,53149734464.0,100.0,96302083318.0
2019-06-08,ZCH0BTBC,ST12000NM0007,12000138625024,0,81.0,140917872.0,98.0,0.0,100.0,2.0,100.0,0.0,85.0,305601640.0,89.0,9821.0,100.0,0.0,100.0,2.0,,,,,100.0,0.0,100.0,0.0,,,78.0,22.0,,,100.0,111.0,100.0,492.0,22.0,22.0,100.0,0.0,100.0,0.0,200.0,0.0,100.0,9750.0,100.0,53259639880.0,100.0,96539626078.0
2019-06-09,ZCH0BTBC,ST12000NM0007,12000138625024,0,79.0,70996728.0,98.0,0.0,100.0,2.0,100.0,0.0,85.0,307441998.0,89.0,9837.0,100.0,0.0,100.0,2.0,,,,,100.0,0.0,100.0,0.0,,,79.0,21.0,,,100.0,111.0,100.0,492.0,21.0,21.0,100.0,0.0,100.0,0.0,200.0,0.0,100.0,9765.0,100.0,53305630272.0,100.0,96667855334.0
2019-06-10,ZCH0BTBC,ST12000NM0007,12000138625024,0,82.0,142176856.0,98.0,0.0,100.0,2.0,100.0,0.0,85.0,312466920.0,89.0,9869.0,100.0,0.0,100.0,2.0,,,,,100.0,0.0,100.0,0.0,,,79.0,21.0,,,100.0,112.0,100.0,494.0,21.0,21.0,100.0,0.0,100.0,0.0,200.0,0.0,100.0,9797.0,100.0,53414578208.0,100.0,96874228694.0
2019-06-11,ZCH0BTBC,ST12000NM0007,12000138625024,0,74.0,27123600.0,98.0,0.0,100.0,2.0,100.0,0.0,85.0,313993628.0,89.0,9885.0,100.0,0.0,100.0,2.0,,,,,100.0,0.0,100.0,0.0,,,79.0,21.0,,,100.0,112.0,100.0,494.0,21.0,21.0,100.0,0.0,100.0,0.0,200.0,0.0,100.0,9813.0,100.0,53446699152.0,100.0,96971195158.0
2019-06-12,ZCH0BTBC,ST12000NM0007,12000138625024,0,81.0,132938504.0,98.0,0.0,100.0,2.0,100.0,0.0,85.0,317771936.0,89.0,9916.0,100.0,0.0,100.0,2.0,,,,,100.0,0.0,100.0,0.0,,,79.0,21.0,,,100.0,113.0,100.0,496.0,21.0,21.0,100.0,0.0,100.0,0.0,200.0,0.0,100.0,9844.0,100.0,53547985872.0,100.0,97219864254.0
2019-06-13,ZCH0BTBC,ST12000NM0007,12000138625024,0,76.0,35686056.0,98.0,0.0,100.0,2.0,100.0,0.0,85.0,319508735.0,89.0,9932.0,100.0,0.0,100.0,2.0,,,,,100.0,0.0,100.0,0.0,,,78.0,22.0,,,100.0,113.0,100.0,496.0,22.0,22.0,100.0,0.0,100.0,0.0,200.0,0.0,100.0,9860.0,100.0,53591180840.0,100.0,97323557518.0
2019-06-14,ZCH0BTBC,ST12000NM0007,12000138625024,0,80.0,110100856.0,98.0,0.0,100.0,2.0,100.0,0.0,85.0,323266220.0,89.0,9964.0,100.0,0.0,100.0,2.0,,,,,100.0,0.0,100.0,0.0,,,79.0,21.0,,,100.0,114.0,100.0,498.0,21.0,21.0,100.0,0.0,100.0,0.0,200.0,0.0,100.0,9891.0,100.0,53707116640.0,100.0,97526177158.0
2019-06-15,ZCH0BTBC,ST12000NM0007,12000138625024,0,77.0,55755720.0,98.0,0.0,100.0,2.0,100.0,0.0,85.0,326112149.0,89.0,9979.0,100.0,0.0,100.0,2.0,,,,,100.0,0.0,100.0,0.0,,,78.0,22.0,,,100.0,114.0,100.0,498.0,22.0,22.0,100.0,0.0,100.0,0.0,200.0,0.0,100.0,9907.0,100.0,53743915448.0,100.0,97679173918.0
2019-06-16,ZCH0BTBC,ST12000NM0007,12000138625024,0,82.0,147701680.0,98.0,0.0,100.0,2.0,100.0,0.0,85.0,329717185.0,89.0,10011.0,100.0,0.0,100.0,2.0,,,,,100.0,0.0,100.0,0.0,,,78.0,22.0,,,100.0,115.0,100.0,500.0,22.0,22.0,100.0,0.0,100.0,0.0,200.0,0.0,100.0,9939.0,100.0,53836238792.0,100.0,97922937366.0
2019-06-17,ZCH0BTBC,ST12000NM0007,12000138625024,0,79.0,82523272.0,98.0,0.0,100.0,2.0,100.0,0.0,85.0,332135155.0,89.0,10027.0,100.0,0.0,100.0,2.0,,,,,100.0,0.0,100.0,0.0,,,78.0,22.0,,,100.0,115.0,100.0,500.0,22.0,22.0,100.0,0.0,100.0,0.0,200.0,0.0,100.0,9955.0,100.0,53883016960.0,100.0,98055121422.0
2019-06-18,ZCH0BTBC,ST12000NM0007,12000138625024,0,81.0,123073272.0,98.0,0.0,100.0,2.0,100.0,0.0,85.0,336257934.0,89.0,10059.0,100.0,0.0,100.0,2.0,,,,,100.0,0.0,100.0,0.0,,,79.0,21.0,,,100.0,116.0,100.0,502.0,21.0,21.0,100.0,0.0,100.0,0.0,200.0,0.0,100.0,9986.0,100.0,53960677144.0,100.0,98262152022.0
2019-06-19,ZCH0BTBC,ST12000NM0007,12000138625024,0,78.0,56376720.0,98.0,0.0,100.0,2.0,100.0,0.0,85.0,339862034.0,89.0,10074.0,100.0,0.0,100.0,2.0,,,,,100.0,0.0,100.0,0.0,,,79.0,21.0,,,100.0,116.0,100.0,502.0,21.0,21.0,100.0,0.0,100.0,0.0,200.0,0.0,100.0,10002.0,100.0,54010239864.0,100.0,98390033406.0
2019-06-20,ZCH0BTBC,ST12000NM0007,12000138625024,0,81.0,133488400.0,98.0,0.0,100.0,2.0,100.0,0.0,85.0,343454258.0,89.0,10106.0,100.0,0.0,100.0,2.0,,,,,100.0,0.0,100.0,0.0,,,78.0,22.0,,,100.0,116.0,100.0,504.0,22.0,22.0,100.0,0.0,100.0,0.0,200.0,0.0,100.0,10033.0,100.0,54119972816.0,100.0,98601552918.0
2019-06-21,ZCH0BTBC,ST12000NM0007,12000138625024,0,76.0,42362480.0,98.0,0.0,100.0,2.0,100.0,0.0,85.0,345141370.0,89.0,10122.0,100.0,0.0,100.0,2.0,,,,,100.0,0.0,100.0,0.0,,,79.0,21.0,,,100.0,116.0,100.0,504.0,21.0,21.0,100.0,0.0,100.0,0.0,200.0,0.0,100.0,10049.0,100.0,54164587784.0,100.0,98709952726.0
2019-06-22,ZCH0BTBC,ST12000NM0007,12000138625024,0,81.0,134902200.0,98.0,0.0,100.0,2.0,100.0,0.0,85.0,349911219.0,89.0,10154.0,100.0,0.0,100.0,2.0,,,,,100.0,0.0,100.0,0.0,,,79.0,21.0,,,100.0,117.0,100.0,506.0,21.0,21.0,100.0,0.0,100.0,0.0,200.0,0.0,100.0,10081.0,100.0,54291759320.0,100.0,98919461710.0
2019-06-23,ZCH0BTBC,ST12000NM0007,12000138625024,0,84.0,234887176.0,98.0,0.0,100.0,2.0,100.0,0.0,85.0,353713242.0,89.0,10185.0,100.0,0.0,100.0,2.0,,,,,100.0,0.0,100.0,0.0,,,78.0,22.0,,,100.0,117.0,100.0,507.0,22.0,22.0,100.0,0.0,100.0,0.0,200.0,0.0,100.0,10112.0,100.0,54388912520.0,100.0,99166434142.0
2019-06-24,ZCH0BTBC,ST12000NM0007,12000138625024,0,82.0,155880792.0,98.0,0.0,100.0,2.0,100.0,0.0,86.0,356698748.0,89.0,10201.0,100.0,0.0,100.0,2.0,,,,,100.0,0.0,100.0,0.0,,,78.0,22.0,,,100.0,117.0,100.0,507.0,22.0,22.0,100.0,0.0,100.0,0.0,200.0,0.0,100.0,10128.0,100.0,54450940448.0,100.0,99269540646.0
2019-06-25,ZCH0BTBC,ST12000NM0007,12000138625024,0,84.0,236775616.0,98.0,0.0,100.0,2.0,100.0,0.0,86.0,360514706.0,89.0,10233.0,100.0,0.0,100.0,2.0,,,,,100.0,0.0,100.0,0.0,,,78.0,22.0,,,100.0,117.0,100.0,509.0,22.0,22.0,100.0,0.0,100.0,0.0,200.0,0.0,100.0,10160.0,100.0,54573053968.0,100.0,99472462806.0
2019-06-26,ZCH0BTBC,ST12000NM0007,12000138625024,0,82.0,156704824.0,98.0,0.0,100.0,2.0,100.0,0.0,86.0,362423015.0,89.0,10249.0,100.0,0.0,100.0,2.0,,,,,100.0,0.0,100.0,0.0,,,79.0,21.0,,,100.0,117.0,100.0,509.0,21.0,21.0,100.0,0.0,100.0,0.0,200.0,0.0,100.0,10176.0,100.0,54630528984.0,100.0,99579057814.0
2019-06-27,ZCH0BTBC,ST12000NM0007,12000138625024,0,81.0,116351400.0,98.0,0.0,100.0,2.0,100.0,0.0,86.0,364689970.0,89.0,10265.0,100.0,0.0,100.0,2.0,,,,,100.0,0.0,100.0,0.0,,,78.0,22.0,,,100.0,117.0,100.0,511.0,22.0,22.0,100.0,0.0,100.0,0.0,200.0,0.0,100.0,10192.0,100.0,54678286048.0,100.0,99735088142.0
2019-06-28,ZCH0BTBC,ST12000NM0007,12000138625024,0,80.0,96442904.0,98.0,0.0,100.0,2.0,100.0,0.0,86.0,369103517.0,89.0,10296.0,100.0,0.0,100.0,2.0,,,,,100.0,0.0,100.0,0.0,,,78.0,22.0,,,100.0,118.0,100.0,512.0,22.0,22.0,100.0,0.0,100.0,0.0,200.0,0.0,100.0,10223.0,100.0,54764402360.0,100.0,100117344862.0
2019-06-29,ZCH0BTBC,ST12000NM0007,12000138625024,0,79.0,79670552.0,98.0,0.0,100.0,2.0,100.0,0.0,86.0,372355920.0,89.0,10312.0,100.0,0.0,100.0,2.0,,,,,100.0,0.0,100.0,0.0,,,78.0,22.0,,,100.0,118.0,100.0,513.0,22.0,22.0,100.0,0.0,100.0,0.0,200.0,0.0,100.0,10239.0,100.0,54808025064.0,100.0,100301090566.0
2019-06-30,ZCH0BTBC,ST12000NM0007,12000138625024,0,73.0,18899720.0,98.0,0.0,100.0,2.0,100.0,0.0,86.0,376427825.0,89.0,10344.0,100.0,0.0,100.0,2.0,,,,,100.0,0.0,100.0,0.0,,,78.0,22.0,,,100.0,118.0,100.0,514.0,22.0,22.0,100.0,0.0,100.0,0.0,200.0,0.0,100.0,10270.0,100.0,54916492632.0,100.0,100620133766.0
2019-07-01,ZCH0BTBC,ST12000NM0007,12000138625024,0,83.0,202203880.0,98.0,0.0,100.0,2.0,100.0,0.0,86.0,381645430.0,89.0,10375.0,100.0,0.0,100.0,2.0,,,,,100.0,0.0,100.0,0.0,,,78.0,22.0,,,100.0,118.0,100.0,515.0,22.0,22.0,100.0,0.0,100.0,0.0,200.0,0.0,100.0,10302.0,100.0,55021365680.0,100.0,100942705638.0
2019-07-02,ZCH0BTBC,ST12000NM0007,12000138625024,0,83.0,206635616.0,98.0,0.0,100.0,2.0,100.0,0.0,86.0,383996943.0,89.0,10391.0,100.0,0.0,100.0,2.0,,,,,100.0,0.0,100.0,0.0,,,78.0,22.0,,,100.0,118.0,100.0,516.0,22.0,22.0,100.0,0.0,100.0,0.0,200.0,0.0,100.0,10318.0,100.0,55072508432.0,100.0,101140135254.0
2019-07-03,ZCH0BTBC,ST12000NM0007,12000138625024,0,84.0,240140464.0,98.0,0.0,100.0,2.0,100.0,0.0,86.0,388907179.0,89.0,10423.0,100.0,0.0,100.0,2.0,,,,,100.0,0.0,100.0,0.0,,,78.0,22.0,,,100.0,119.0,100.0,517.0,22.0,22.0,100.0,0.0,100.0,0.0,200.0,0.0,100.0,10349.0,100.0,55184582216.0,100.0,101549847782.0
2019-07-04,ZCH0BTBC,ST12000NM0007,12000138625024,0,83.0,208345168.0,98.0,0.0,100.0,2.0,100.0,0.0,86.0,391035077.0,89.0,10439.0,100.0,0.0,100.0,2.0,,,,,100.0,0.0,100.0,0.0,,,78.0,22.0,,,100.0,119.0,100.0,518.0,22.0,22.0,100.0,0.0,100.0,0.0,200.0,0.0,100.0,10365.0,100.0,55235877728.0,100.0,101710897638.0
2019-07-05,ZCH0BTBC,ST12000NM0007,12000138625024,0,83.0,203736768.0,98.0,0.0,100.0,2.0,100.0,0.0,86.0,395797236.0,89.0,10470.0,100.0,0.0,100.0,2.0,,,,,100.0,0.0,100.0,0.0,,,78.0,22.0,,,100.0,120.0,100.0,519.0,22.0,22.0,100.0,0.0,100.0,0.0,200.0,0.0,100.0,10396.0,100.0,55332556680.0,100.0,102097891630.0
2019-07-06,ZCH0BTBC,ST12000NM0007,12000138625024,0,83.0,218356608.0,98.0,0.0,100.0,2.0,100.0,0.0,86.0,399048857.0,89.0,10486.0,100.0,0.0,100.0,2.0,,,,,100.0,0.0,100.0,0.0,,,78.0,22.0,,,100.0,120.0,100.0,520.0,22.0,22.0,100.0,0.0,100.0,0.0,200.0,0.0,100.0,10412.0,100.0,55376469320.0,100.0,102312739526.0
2019-07-07,ZCH0BTBC,ST12000NM0007,12000138625024,0,83.0,201260944.0,98.0,0.0,100.0,2.0,100.0,0.0,86.0,403611064.0,88.0,10518.0,100.0,0.0,100.0,2.0,,,,,100.0,0.0,100.0,0.0,,,78.0,22.0,,,100.0,120.0,100.0,521.0,22.0,22.0,100.0,0.0,100.0,0.0,200.0,0.0,100.0,10444.0,100.0,55467037632.0,100.0,102693357126.0
2019-07-08,ZCH0BTBC,ST12000NM0007,12000138625024,0,82.0,174014112.0,98.0,0.0,100.0,2.0,100.0,0.0,86.0,406666093.0,88.0,10534.0,100.0,0.0,100.0,2.0,,,,,100.0,0.0,100.0,0.0,,,78.0,22.0,,,100.0,120.0,100.0,522.0,22.0,22.0,100.0,0.0,100.0,0.0,200.0,0.0,100.0,10459.0,100.0,55533569912.0,100.0,102843718942.0
2019-07-09,ZCH0BTBC,ST12000NM0007,12000138625024,0,81.0,131128496.0,98.0,0.0,100.0,2.0,100.0,0.0,86.0,413017941.0,88.0,10565.0,100.0,0.0,100.0,2.0,,,,,100.0,0.0,100.0,0.0,,,78.0,22.0,,,100.0,120.0,100.0,523.0,22.0,22.0,100.0,0.0,100.0,0.0,200.0,0.0,100.0,10491.0,100.0,55668956064.0,100.0,103153728654.0
2019-07-10,ZCH0BTBC,ST12000NM0007,12000138625024,0,79.0,75333000.0,98.0,0.0,100.0,2.0,100.0,0.0,86.0,415262614.0,88.0,10581.0,100.0,0.0,100.0,2.0,,,,,100.0,0.0,100.0,0.0,,,78.0,22.0,,,100.0,120.0,100.0,524.0,22.0,22.0,100.0,0.0,100.0,0.0,200.0,0.0,100.0,10507.0,100.0,55731334736.0,100.0,103279695222.0
2019-07-11,ZCH0BTBC,ST12000NM0007,12000138625024,0,78.0,67143248.0,98.0,0.0,100.0,2.0,100.0,0.0,86.0,420425528.0,88.0,10613.0,100.0,0.0,100.0,2.0,,,,,100.0,0.0,100.0,0.0,,,78.0,22.0,,,100.0,120.0,100.0,526.0,22.0,22.0,100.0,0.0,100.0,0.0,200.0,0.0,100.0,10538.0,100.0,55871531472.0,100.0,103619590334.0
2019-07-12,ZCH0BTBC,ST12000NM0007,12000138625024,0,77.0,50391392.0,98.0,0.0,100.0,2.0,100.0,0.0,86.0,422698204.0,88.0,10628.0,100.0,0.0,100.0,2.0,,,,,100.0,0.0,100.0,0.0,,,78.0,22.0,,,100.0,120.0,100.0,526.0,22.0,22.0,100.0,0.0,100.0,0.0,200.0,0.0,100.0,10554.0,100.0,55924205512.0,100.0,103794305198.0
2019-07-13,ZCH0BTBC,ST12000NM0007,12000138625024,0,80.0,92114440.0,98.0,0.0,100.0,2.0,100.0,0.0,86.0,428524674.0,88.0,10660.0,100.0,0.0,100.0,2.0,,,,,100.0,0.0,100.0,0.0,,,79.0,21.0,,,100.0,120.0,100.0,528.0,21.0,21.0,100.0,0.0,100.0,0.0,200.0,0.0,100.0,10585.0,100.0,56032905640.0,100.0,104215609502.0
2019-07-14,ZCH0BTBC,ST12000NM0007,12000138625024,0,79.0,80760648.0,98.0,0.0,100.0,2.0,100.0,0.0,86.0,430730084.0,88.0,10676.0,100.0,0.0,100.0,2.0,,,,,100.0,0.0,100.0,0.0,,,78.0,22.0,,,100.0,120.0,100.0,528.0,22.0,22.0,100.0,0.0,100.0,0.0,200.0,0.0,100.0,10601.0,100.0,56078002464.0,100.0,104403299870.0
2019-07-15,ZCH0BTBC,ST12000NM0007,12000138625024,0,83.0,199209088.0,98.0,0.0,100.0,2.0,100.0,0.0,86.0,435809675.0,88.0,10707.0,100.0,0.0,100.0,2.0,,,,,100.0,0.0,100.0,0.0,,,79.0,21.0,,,100.0,120.0,100.0,530.0,21.0,21.0,100.0,0.0,100.0,0.0,200.0,0.0,100.0,10633.0,100.0,56151752992.0,100.0,104692138550.0
2019-07-16,ZCH0BTBC,ST12000NM0007,12000138625024,0,82.0,172253856.0,98.0,0.0,100.0,2.0,100.0,0.0,86.0,438069130.0,88.0,10723.0,100.0,0.0,100.0,2.0,,,,,100.0,0.0,100.0,0.0,,,78.0,22.0,,,100.0,120.0,100.0,530.0,22.0,22.0,100.0,0.0,100.0,0.0,200.0,0.0,100.0,10648.0,100.0,56209697944.0,100.0,104851379294.0
2019-07-17,ZCH0BTBC,ST12000NM0007,12000138625024,0,83.0,191080464.0,98.0,0.0,100.0,2.0,100.0,0.0,86.0,443067733.0,88.0,10755.0,100.0,0.0,100.0,2.0,,,,,100.0,0.0,100.0,0.0,,,79.0,21.0,,,100.0,120.0,100.0,531.0,21.0,21.0,100.0,0.0,100.0,0.0,200.0,0.0,100.0,10680.0,100.0,56334913496.0,100.0,105233271734.0
2019-07-18,ZCH0BTBC,ST12000NM0007,12000138625024,0,82.0,176599288.0,98.0,0.0,100.0,2.0,100.0,0.0,86.0,445683366.0,88.0,10771.0,100.0,0.0,100.0,2.0,,,,,100.0,0.0,100.0,0.0,,,78.0,22.0,,,100.0,121.0,100.0,533.0,22.0,22.0,100.0,0.0,100.0,0.0,200.0,0.0,100.0,10696.0,100.0,56389951600.0,100.0,105407893086.0
2019-07-19,ZCH0BTBC,ST12000NM0007,12000138625024,0,82.0,166143952.0,98.0,0.0,100.0,2.0,100.0,0.0,87.0,450567458.0,88.0,10802.0,100.0,0.0,100.0,2.0,,,,,100.0,0.0,100.0,0.0,,,78.0,22.0,,,100.0,121.0,100.0,534.0,22.0,22.0,100.0,0.0,100.0,0.0,200.0,0.0,100.0,10727.0,100.0,56499553976.0,100.0,105776116934.0
2019-07-20,ZCH0BTBC,ST12000NM0007,12000138625024,0,82.0,152667360.0,98.0,0.0,100.0,2.0,100.0,0.0,87.0,453938063.0,88.0,10818.0,100.0,0.0,100.0,2.0,,,,,100.0,0.0,100.0,0.0,,,79.0,21.0,,,100.0,121.0,100.0,535.0,21.0,21.0,100.0,0.0,100.0,0.0,200.0,0.0,100.0,10743.0,100.0,56553749872.0,100.0,105952585078.0
2019-07-21,ZCH0BTBC,ST12000NM0007,12000138625024,0,80.0,89294848.0,98.0,0.0,100.0,2.0,100.0,0.0,87.0,457956148.0,88.0,10850.0,100.0,0.0,100.0,2.0,,,,,100.0,0.0,100.0,0.0,,,78.0,22.0,,,100.0,122.0,100.0,536.0,22.0,22.0,100.0,0.0,100.0,0.0,200.0,0.0,100.0,10775.0,100.0,56642495424.0,100.0,106288748582.0
2019-07-22,ZCH0BTBC,ST12000NM0007,12000138625024,0,80.0,90024912.0,98.0,0.0,100.0,2.0,100.0,0.0,87.0,460510153.0,88.0,10866.0,100.0,0.0,100.0,2.0,,,,,100.0,0.0,100.0,0.0,,,79.0,21.0,,,100.0,122.0,100.0,537.0,21.0,21.0,100.0,0.0,100.0,0.0,200.0,0.0,100.0,10791.0,100.0,56704038752.0,100.0,106472076102.0
2019-07-23,ZCH0BTBC,ST12000NM0007,12000138625024,0,76.0,36198432.0,98.0,0.0,100.0,2.0,100.0,0.0,87.0,465543117.0,88.0,10898.0,100.0,0.0,100.0,2.0,,,,,100.0,0.0,100.0,0.0,,,78.0,22.0,,,100.0,122.0,100.0,538.0,22.0,22.0,100.0,0.0,100.0,0.0,200.0,0.0,100.0,10822.0,100.0,56815284704.0,100.0,106795284950.0
2019-07-24,ZCH0BTBC,ST12000NM0007,12000138625024,0,72.0,15269776.0,98.0,0.0,100.0,2.0,100.0,0.0,87.0,467652308.0,88.0,10914.0,100.0,0.0,100.0,2.0,,,,,100.0,0.0,100.0,0.0,,,78.0,22.0,,,100.0,122.0,100.0,539.0,22.0,22.0,100.0,0.0,100.0,0.0,200.0,0.0,100.0,10838.0,100.0,56845022376.0,100.0,106988759422.0
2019-07-25,ZCH0BTBC,ST12000NM0007,12000138625024,0,83.0,202015248.0,98.0,0.0,100.0,2.0,100.0,0.0,87.0,471752066.0,88.0,10945.0,100.0,0.0,100.0,2.0,,,,,100.0,0.0,100.0,0.0,,,79.0,21.0,,,100.0,122.0,100.0,540.0,21.0,21.0,100.0,0.0,100.0,0.0,200.0,0.0,100.0,10869.0,100.0,56931443480.0,100.0,107333224438.0
2019-07-26,ZCH0BTBC,ST12000NM0007,12000138625024,0,83.0,184949240.0,98.0,0.0,100.0,2.0,100.0,0.0,87.0,473913550.0,88.0,10961.0,100.0,0.0,100.0,2.0,,,,,100.0,0.0,100.0,0.0,,,78.0,22.0,,,100.0,122.0,100.0,541.0,22.0,22.0,100.0,0.0,100.0,0.0,200.0,0.0,100.0,10885.0,100.0,56979728312.0,100.0,107512014302.0
2019-07-27,ZCH0BTBC,ST12000NM0007,12000138625024,0,83.0,180861560.0,98.0,0.0,100.0,2.0,100.0,0.0,87.0,479581323.0,88.0,10993.0,100.0,0.0,100.0,2.0,,,,,100.0,0.0,100.0,0.0,,,78.0,22.0,,,100.0,122.0,100.0,543.0,22.0,22.0,100.0,0.0,100.0,0.0,200.0,0.0,100.0,10916.0,100.0,57067818808.0,100.0,107908117582.0
2019-07-28,ZCH0BTBC,ST12000NM0007,12000138625024,0,82.0,174493176.0,98.0,0.0,100.0,2.0,100.0,0.0,87.0,481748550.0,88.0,11008.0,100.0,0.0,100.0,2.0,,,,,100.0,0.0,100.0,0.0,,,78.0,22.0,,,100.0,122.0,100.0,543.0,22.0,22.0,100.0,0.0,100.0,0.0,200.0,0.0,100.0,10932.0,100.0,57102320632.0,100.0,108111388094.0
2019-07-29,ZCH0BTBC,ST12000NM0007,12000138625024,0,82.0,152446936.0,98.0,0.0,100.0,2.0,100.0,0.0,87.0,487414064.0,88.0,11040.0,100.0,0.0,100.0,2.0,,,,,100.0,0.0,100.0,0.0,,,79.0,21.0,,,100.0,124.0,100.0,545.0,21.0,21.0,100.0,0.0,100.0,0.0,200.0,0.0,100.0,10963.0,100.0,57208758864.0,100.0,108471185278.0
2019-07-30,ZCH0BTBC,ST12000NM0007,12000138625024,0,82.0,168779408.0,98.0,0.0,100.0,2.0,100.0,0.0,87.0,489922195.0,88.0,11056.0,100.0,0.0,100.0,2.0,,,,,100.0,0.0,100.0,0.0,,,77.0,23.0,,,100.0,124.0,100.0,545.0,23.0,23.0,100.0,0.0,100.0,0.0,200.0,0.0,100.0,10979.0,100.0,57279406408.0,100.0,108661010838.0
2019-07-31,ZCH0BTBC,ST12000NM0007,12000138625024,0,82.0,172191328.0,98.0,0.0,100.0,2.0,100.0,0.0,87.0,495881900.0,88.0,11087.0,100.0,0.0,100.0,2.0,,,,,100.0,0.0,100.0,0.0,,,78.0,22.0,,,100.0,124.0,100.0,547.0,22.0,22.0,100.0,0.0,100.0,0.0,200.0,0.0,100.0,11011.0,100.0,57379863992.0,100.0,109052246654.0
2019-08-01,ZCH0BTBC,ST12000NM0007,12000138625024,0,83.0,190174296.0,98.0,0.0,100.0,2.0,100.0,0.0,87.0,500668939.0,88.0,11119.0,100.0,0.0,100.0,2.0,,,,,100.0,0.0,100.0,0.0,,,78.0,22.0,,,100.0,124.0,100.0,549.0,22.0,22.0,100.0,0.0,100.0,0.0,200.0,0.0,100.0,11042.0,100.0,57502245432.0,100.0,109436129838.0
2019-08-02,ZCH0BTBC,ST12000NM0007,12000138625024,0,82.0,155572088.0,98.0,0.0,100.0,2.0,100.0,0.0,87.0,502692533.0,88.0,11135.0,100.0,0.0,100.0,2.0,,,,,100.0,0.0,100.0,0.0,,,78.0,22.0,,,100.0,124.0,100.0,549.0,22.0,22.0,100.0,0.0,100.0,0.0,200.0,0.0,100.0,11058.0,100.0,57542797624.0,100.0,109605116086.0
2019-08-03,ZCH0BTBC,ST12000NM0007,12000138625024,0,82.0,152174856.0,98.0,0.0,100.0,2.0,100.0,0.0,87.0,508340341.0,88.0,11167.0,100.0,0.0,100.0,2.0,,,,,100.0,0.0,100.0,0.0,,,78.0,22.0,,,100.0,125.0,100.0,551.0,22.0,22.0,100.0,0.0,100.0,0.0,200.0,0.0,100.0,11089.0,100.0,57628093712.0,100.0,110004704230.0
2019-08-04,ZCH0BTBC,ST12000NM0007,12000138625024,0,81.0,119871016.0,98.0,0.0,100.0,2.0,100.0,0.0,87.0,510475722.0,88.0,11182.0,100.0,0.0,100.0,2.0,,,,,100.0,0.0,100.0,0.0,,,75.0,25.0,,,100.0,125.0,100.0,551.0,25.0,25.0,100.0,0.0,100.0,0.0,200.0,0.0,100.0,11105.0,100.0,57667796704.0,100.0,110176838166.0
2019-08-05,ZCH0BTBC,ST12000NM0007,12000138625024,0,74.0,25536624.0,98.0,0.0,100.0,2.0,100.0,0.0,87.0,515685932.0,88.0,11214.0,100.0,0.0,100.0,2.0,,,,,100.0,0.0,100.0,0.0,,,77.0,23.0,,,100.0,126.0,100.0,553.0,23.0,23.0,100.0,0.0,100.0,0.0,200.0,0.0,100.0,11136.0,100.0,57755677096.0,100.0,110482904702.0
2019-08-06,ZCH0BTBC,ST12000NM0007,12000138625024,0,75.0,34959832.0,98.0,0.0,100.0,2.0,100.0,0.0,87.0,517992844.0,88.0,11230.0,100.0,0.0,100.0,2.0,,,,,100.0,0.0,100.0,0.0,,,77.0,23.0,,,100.0,126.0,100.0,553.0,23.0,23.0,100.0,0.0,100.0,0.0,200.0,0.0,100.0,11152.0,100.0,57811988368.0,100.0,110680157454.0
2019-08-07,ZCH0BTBC,ST12000NM0007,12000138625024,0,70.0,10699304.0,98.0,0.0,100.0,2.0,100.0,0.0,87.0,522544974.0,88.0,11262.0,100.0,0.0,100.0,2.0,,,,,100.0,0.0,100.0,0.0,,,77.0,23.0,,,100.0,126.0,100.0,555.0,23.0,23.0,100.0,0.0,100.0,0.0,200.0,0.0,100.0,11184.0,100.0,57911422336.0,100.0,111044744782.0
2019-08-08,ZCH0BTBC,ST12000NM0007,12000138625024,0,83.0,209566496.0,98.0,0.0,100.0,2.0,100.0,0.0,87.0,524426579.0,88.0,11278.0,100.0,0.0,100.0,2.0,,,,,100.0,0.0,100.0,0.0,,,78.0,22.0,,,100.0,126.0,100.0,555.0,22.0,22.0,100.0,0.0,100.0,0.0,200.0,0.0,100.0,11199.0,100.0,57945412072.0,100.0,111209622238.0
2019-08-09,ZCH0BTBC,ST12000NM0007,12000138625024,0,82.0,175327832.0,98.0,0.0,100.0,2.0,100.0,0.0,87.0,528610555.0,88.0,11309.0,100.0,0.0,100.0,2.0,,,,,100.0,0.0,100.0,0.0,,,77.0,23.0,,,100.0,127.0,100.0,557.0,23.0,23.0,100.0,0.0,100.0,0.0,200.0,0.0,100.0,11231.0,100.0,58039478992.0,100.0,111569598382.0
2019-08-10,ZCH0BTBC,ST12000NM0007,12000138625024,0,83.0,211018352.0,98.0,0.0,100.0,2.0,100.0,0.0,87.0,532253207.0,88.0,11325.0,100.0,0.0,100.0,2.0,,,,,100.0,0.0,100.0,0.0,,,77.0,23.0,,,100.0,127.0,100.0,557.0,23.0,23.0,100.0,0.0,100.0,0.0,200.0,0.0,100.0,11247.0,100.0,58087856808.0,100.0,111801051774.0
2019-08-11,ZCH0BTBC,ST12000NM0007,12000138625024,0,84.0,233074040.0,98.0,0.0,100.0,2.0,100.0,0.0,87.0,536924304.0,88.0,11357.0,100.0,0.0,100.0,2.0,,,,,100.0,0.0,100.0,0.0,,,77.0,23.0,,,100.0,127.0,100.0,559.0,23.0,23.0,100.0,0.0,100.0,0.0,200.0,0.0,100.0,11278.0,100.0,58180331056.0,100.0,112218914758.0
2019-08-12,ZCH0BTBC,ST12000NM0007,12000138625024,0,83.0,179771584.0,98.0,0.0,100.0,2.0,100.0,0.0,87.0,539601762.0,88.0,11372.0,100.0,0.0,100.0,2.0,,,,,100.0,0.0,100.0,0.0,,,77.0,23.0,,,100.0,127.0,100.0,559.0,23.0,23.0,100.0,0.0,100.0,0.0,200.0,0.0,100.0,11294.0,100.0,58220901800.0,100.0,112369182670.0
2019-08-13,ZCH0BTBC,ST12000NM0007,12000138625024,0,82.0,151649768.0,98.0,0.0,100.0,2.0,100.0,0.0,87.0,544447453.0,87.0,11404.0,100.0,0.0,100.0,2.0,,,,,100.0,0.0,100.0,0.0,,,77.0,23.0,,,100.0,128.0,100.0,561.0,23.0,23.0,100.0,0.0,100.0,0.0,200.0,0.0,100.0,11325.0,100.0,58312299752.0,100.0,112737944198.0
2019-08-14,ZCH0BTBC,ST12000NM0007,12000138625024,0,82.0,168272680.0,98.0,0.0,100.0,2.0,100.0,0.0,87.0,546860292.0,87.0,11420.0,100.0,0.0,100.0,2.0,,,,,100.0,0.0,100.0,0.0,,,77.0,23.0,,,100.0,128.0,100.0,561.0,23.0,23.0,100.0,0.0,100.0,0.0,200.0,0.0,100.0,11341.0,100.0,58349228584.0,100.0,112961779062.0
2019-08-15,ZCH0BTBC,ST12000NM0007,12000138625024,0,83.0,205904472.0,98.0,0.0,100.0,2.0,100.0,0.0,87.0,551522587.0,87.0,11451.0,100.0,0.0,100.0,2.0,,,,,100.0,0.0,100.0,0.0,,,77.0,23.0,,,100.0,128.0,100.0,563.0,23.0,23.0,100.0,0.0,100.0,0.0,200.0,0.0,100.0,11372.0,100.0,58446239864.0,100.0,113390680894.0
2019-08-16,ZCH0BTBC,ST12000NM0007,12000138625024,0,84.0,228625072.0,98.0,0.0,100.0,2.0,100.0,0.0,87.0,553945432.0,87.0,11467.0,100.0,0.0,100.0,2.0,,,,,100.0,0.0,100.0,0.0,,,77.0,23.0,,,100.0,128.0,100.0,564.0,23.0,23.0,100.0,0.0,100.0,0.0,200.0,0.0,100.0,11388.0,100.0,58487071232.0,100.0,113616710966.0
2019-08-17,ZCH0BTBC,ST12000NM0007,12000138625024,0,83.0,210107736.0,98.0,0.0,100.0,2.0,100.0,0.0,87.0,559633805.0,87.0,11499.0,100.0,0.0,100.0,2.0,,,,,100.0,0.0,100.0,0.0,,,77.0,23.0,,,100.0,128.0,100.0,565.0,23.0,23.0,100.0,0.0,100.0,0.0,200.0,0.0,100.0,11419.0,100.0,58565929928.0,100.0,114007616534.0
2019-08-18,ZCH0BTBC,ST12000NM0007,12000138625024,0,82.0,157852768.0,98.0,0.0,100.0,2.0,100.0,0.0,87.0,561724988.0,87.0,11514.0,100.0,0.0,100.0,2.0,,,,,100.0,0.0,100.0,0.0,,,77.0,23.0,,,100.0,129.0,100.0,566.0,23.0,23.0,100.0,0.0,100.0,0.0,200.0,0.0,100.0,11435.0,100.0,58606279792.0,100.0,114159152534.0
2019-08-19,ZCH0BTBC,ST12000NM0007,12000138625024,0,80.0,95999176.0,98.0,0.0,100.0,2.0,100.0,0.0,88.0,566956075.0,87.0,11546.0,100.0,0.0,100.0,2.0,,,,,100.0,0.0,100.0,0.0,,,78.0,22.0,,,100.0,129.0,100.0,567.0,22.0,22.0,100.0,0.0,100.0,0.0,200.0,0.0,100.0,11466.0,100.0,58681589544.0,100.0,114510270806.0
2019-08-20,ZCH0BTBC,ST12000NM0007,12000138625024,0,78.0,67891328.0,98.0,0.0,100.0,2.0,100.0,0.0,88.0,570111029.0,87.0,11562.0,100.0,0.0,100.0,2.0,,,,,100.0,0.0,100.0,0.0,,,76.0,24.0,,,100.0,129.0,100.0,568.0,24.0,24.0,100.0,0.0,100.0,0.0,200.0,0.0,100.0,11482.0,100.0,58721479616.0,100.0,114686413518.0
2019-08-21,ZCH0BTBC,ST12000NM0007,12000138625024,0,81.0,131276392.0,98.0,0.0,100.0,2.0,100.0,0.0,88.0,575612172.0,87.0,11593.0,100.0,0.0,100.0,2.0,,,,,100.0,0.0,100.0,0.0,,,77.0,23.0,,,100.0,129.0,100.0,569.0,23.0,23.0,100.0,0.0,100.0,0.0,200.0,0.0,100.0,11513.0,100.0,58807529832.0,100.0,115152029782.0
2019-08-22,ZCH0BTBC,ST12000NM0007,12000138625024,0,83.0,210776368.0,98.0,0.0,100.0,2.0,100.0,0.0,88.0,580947876.0,87.0,11625.0,100.0,0.0,100.0,2.0,,,,,100.0,0.0,100.0,0.0,,,78.0,22.0,,,100.0,130.0,100.0,571.0,22.0,22.0,100.0,0.0,100.0,0.0,200.0,0.0,100.0,11544.0,100.0,58899168720.0,100.0,115628172142.0
2019-08-23,ZCH0BTBC,ST12000NM0007,12000138625024,0,83.0,199919424.0,98.0,0.0,100.0,2.0,100.0,0.0,88.0,583180573.0,87.0,11641.0,100.0,0.0,100.0,2.0,,,,,100.0,0.0,100.0,0.0,,,78.0,22.0,,,100.0,130.0,100.0,571.0,22.0,22.0,100.0,0.0,100.0,0.0,200.0,0.0,100.0,11560.0,100.0,58935446056.0,100.0,115825178614.0
2019-08-24,ZCH0BTBC,ST12000NM0007,12000138625024,0,76.0,35530584.0,98.0,0.0,100.0,2.0,100.0,0.0,88.0,589595236.0,87.0,11673.0,100.0,0.0,100.0,2.0,,,,,100.0,0.0,100.0,0.0,,,77.0,23.0,,,100.0,132.0,100.0,573.0,23.0,23.0,100.0,0.0,100.0,0.0,200.0,0.0,100.0,11592.0,100.0,59035000672.0,100.0,116293657526.0
2019-08-25,ZCH0BTBC,ST12000NM0007,12000138625024,0,77.0,54834136.0,98.0,0.0,100.0,2.0,100.0,0.0,88.0,592059389.0,87.0,11688.0,100.0,0.0,100.0,2.0,,,,,100.0,0.0,100.0,0.0,,,78.0,22.0,,,100.0,132.0,100.0,573.0,22.0,22.0,100.0,0.0,100.0,0.0,200.0,0.0,100.0,11607.0,100.0,59073360920.0,100.0,116518741574.0
2019-08-26,ZCH0BTBC,ST12000NM0007,12000138625024,0,74.0,25133848.0,98.0,0.0,100.0,2.0,100.0,0.0,88.0,600320199.0,87.0,11736.0,100.0,0.0,100.0,2.0,,,,,100.0,0.0,100.0,0.0,,,78.0,22.0,,,100.0,132.0,100.0,575.0,22.0,22.0,100.0,0.0,100.0,0.0,200.0,0.0,100.0,11655.0,100.0,59194796704.0,100.0,117100027630.0
2019-08-27,ZCH0BTBC,ST12000NM0007,12000138625024,0,74.0,25133848.0,98.0,0.0,100.0,2.0,100.0,0.0,88.0,600320199.0,87.0,11736.0,100.0,0.0,100.0,2.0,,,,,100.0,0.0,100.0,0.0,,,78.0,22.0,,,100.0,132.0,100.0,575.0,22.0,22.0,100.0,0.0,100.0,0.0,200.0,0.0,100.0,11655.0,100.0,59194796704.0,100.0,117100027630.0
2019-08-28,ZCH0BTBC,ST12000NM0007,12000138625024,0,72.0,14924888.0,98.0,0.0,100.0,2.0,100.0,0.0,88.0,604087784.0,87.0,11768.0,100.0,0.0,100.0,2.0,,,,,100.0,0.0,100.0,0.0,,,78.0,22.0,,,100.0,132.0,100.0,577.0,22.0,22.0,100.0,0.0,100.0,0.0,200.0,0.0,100.0,11686.0,100.0,59292911760.0,100.0,117479985294.0
2019-08-29,ZCH0BTBC,ST12000NM0007,12000138625024,0,75.0,31790752.0,98.0,0.0,100.0,2.0,100.0,0.0,88.0,605989235.0,87.0,11784.0,100.0,0.0,100.0,2.0,,,,,100.0,0.0,100.0,0.0,,,77.0,23.0,,,100.0,132.0,100.0,577.0,23.0,23.0,100.0,0.0,100.0,0.0,200.0,0.0,100.0,11702.0,100.0,59338380800.0,100.0,117695522750.0
2019-08-30,ZCH0BTBC,ST12000NM0007,12000138625024,0,80.0,106622336.0,98.0,0.0,100.0,2.0,100.0,0.0,88.0,610372570.0,87.0,11815.0,100.0,0.0,100.0,2.0,,,,,100.0,0.0,100.0,0.0,,,77.0,23.0,,,100.0,132.0,100.0,579.0,23.0,23.0,100.0,0.0,100.0,0.0,200.0,0.0,100.0,11734.0,100.0,59432084568.0,100.0,118164932078.0
2019-08-31,ZCH0BTBC,ST12000NM0007,12000138625024,0,81.0,137375256.0,98.0,0.0,100.0,2.0,100.0,0.0,88.0,613632812.0,87.0,11831.0,100.0,0.0,100.0,2.0,,,,,100.0,0.0,100.0,0.0,,,78.0,22.0,,,100.0,132.0,100.0,579.0,22.0,22.0,100.0,0.0,100.0,0.0,200.0,0.0,100.0,11749.0,100.0,59486792616.0,100.0,118385117606.0
2019-09-01,ZCH0BTBC,ST12000NM0007,12000138625024,0,79.0,74720200.0,98.0,0.0,100.0,2.0,100.0,0.0,88.0,617189182.0,87.0,11863.0,100.0,0.0,100.0,2.0,,,,,100.0,0.0,100.0,0.0,,,78.0,22.0,,,100.0,133.0,100.0,581.0,22.0,22.0,100.0,0.0,100.0,0.0,200.0,0.0,100.0,11781.0,100.0,59560588680.0,100.0,118736947974.0
2019-09-02,ZCH0BTBC,ST12000NM0007,12000138625024,0,74.0,27381424.0,98.0,0.0,100.0,2.0,100.0,0.0,88.0,620162971.0,87.0,11879.0,100.0,0.0,100.0,2.0,,,,,100.0,0.0,100.0,0.0,,,78.0,22.0,,,100.0,133.0,100.0,581.0,22.0,22.0,100.0,0.0,100.0,0.0,200.0,0.0,100.0,11797.0,100.0,59602515184.0,100.0,118891823326.0
2019-09-03,ZCH0BTBC,ST12000NM0007,12000138625024,0,83.0,221677784.0,98.0,0.0,100.0,2.0,100.0,0.0,88.0,623887910.0,87.0,11910.0,100.0,0.0,100.0,2.0,,,,,100.0,0.0,100.0,0.0,,,78.0,22.0,,,100.0,133.0,100.0,583.0,22.0,22.0,100.0,0.0,100.0,0.0,200.0,0.0,100.0,11828.0,100.0,59689316584.0,100.0,119243459166.0
2019-09-04,ZCH0BTBC,ST12000NM0007,12000138625024,0,83.0,201058128.0,98.0,0.0,100.0,2.0,100.0,0.0,88.0,625719135.0,87.0,11926.0,100.0,0.0,100.0,2.0,,,,,100.0,0.0,100.0,0.0,,,78.0,22.0,,,100.0,133.0,100.0,583.0,22.0,22.0,100.0,0.0,100.0,0.0,200.0,0.0,100.0,11844.0,100.0,59739533016.0,100.0,119416763774.0
2019-09-05,ZCH0BTBC,ST12000NM0007,12000138625024,0,82.0,167761896.0,98.0,0.0,100.0,2.0,100.0,0.0,88.0,627491595.0,87.0,11942.0,100.0,0.0,100.0,2.0,,,,,100.0,0.0,100.0,0.0,,,78.0,22.0,,,100.0,134.0,100.0,584.0,22.0,22.0,100.0,0.0,100.0,0.0,200.0,0.0,100.0,11860.0,100.0,59789756112.0,100.0,119577385278.0
2019-09-06,ZCH0BTBC,ST12000NM0007,12000138625024,0,79.0,80836392.0,98.0,0.0,100.0,2.0,100.0,0.0,88.0,631611262.0,87.0,11974.0,100.0,0.0,100.0,2.0,,,,,100.0,0.0,100.0,0.0,,,78.0,22.0,,,100.0,134.0,100.0,585.0,22.0,22.0,100.0,0.0,100.0,0.0,200.0,0.0,100.0,11891.0,100.0,59891235520.0,100.0,119877261726.0
2019-09-07,ZCH0BTBC,ST12000NM0007,12000138625024,0,79.0,77474608.0,98.0,0.0,100.0,2.0,100.0,0.0,88.0,635298308.0,87.0,11989.0,100.0,0.0,100.0,2.0,,,,,100.0,0.0,100.0,0.0,,,77.0,23.0,,,100.0,135.0,100.0,586.0,23.0,23.0,100.0,0.0,100.0,0.0,200.0,0.0,100.0,11907.0,100.0,59948668888.0,100.0,120060607262.0
2019-09-08,ZCH0BTBC,ST12000NM0007,12000138625024,0,79.0,83500616.0,98.0,0.0,100.0,2.0,100.0,0.0,88.0,640770880.0,87.0,12021.0,100.0,0.0,100.0,2.0,,,,,100.0,0.0,100.0,0.0,,,78.0,22.0,,,100.0,136.0,100.0,587.0,22.0,22.0,100.0,0.0,100.0,0.0,200.0,0.0,100.0,11939.0,100.0,60021335584.0,100.0,120482248190.0
2019-09-09,ZCH0BTBC,ST12000NM0007,12000138625024,0,84.0,233156968.0,96.0,0.0,100.0,3.0,100.0,0.0,88.0,645681657.0,87.0,12053.0,100.0,0.0,100.0,3.0,,,,,100.0,0.0,100.0,0.0,,,77.0,23.0,,,100.0,137.0,100.0,591.0,23.0,23.0,100.0,0.0,100.0,0.0,200.0,0.0,100.0,11970.0,100.0,60100397408.0,100.0,120796983368.0
2019-09-10,ZCH0BTBC,ST12000NM0007,12000138625024,0,83.0,190898248.0,96.0,0.0,100.0,3.0,100.0,0.0,88.0,647571367.0,87.0,12069.0,100.0,0.0,100.0,3.0,,,,,100.0,0.0,100.0,0.0,,,77.0,23.0,,,100.0,137.0,100.0,591.0,23.0,23.0,100.0,0.0,100.0,0.0,200.0,0.0,100.0,11986.0,100.0,60144613688.0,100.0,120954656800.0
2019-09-11,ZCH0BTBC,ST12000NM0007,12000138625024,0,79.0,85728040.0,96.0,0.0,100.0,3.0,100.0,0.0,88.0,650889159.0,87.0,12101.0,100.0,0.0,100.0,3.0,,,,,100.0,0.0,100.0,0.0,,,77.0,23.0,,,100.0,137.0,100.0,593.0,23.0,23.0,100.0,0.0,100.0,0.0,200.0,0.0,100.0,12017.0,100.0,60207030208.0,100.0,121275351496.0
2019-09-12,ZCH0BTBC,ST12000NM0007,12000138625024,0,79.0,75109296.0,96.0,0.0,100.0,3.0,100.0,0.0,88.0,655292644.0,87.0,12116.0,100.0,0.0,100.0,3.0,,,,,100.0,0.0,100.0,0.0,,,76.0,24.0,,,100.0,137.0,100.0,593.0,24.0,24.0,100.0,0.0,100.0,0.0,200.0,0.0,100.0,12033.0,100.0,60258352064.0,100.0,121457551600.0
2019-09-13,ZCH0BTBC,ST12000NM0007,12000138625024,0,79.0,81572912.0,96.0,0.0,100.0,3.0,100.0,0.0,88.0,657591745.0,87.0,12132.0,100.0,0.0,100.0,3.0,,,,,100.0,0.0,100.0,0.0,,,77.0,23.0,,,100.0,137.0,100.0,594.0,23.0,23.0,100.0,0.0,100.0,0.0,200.0,0.0,100.0,12049.0,100.0,60316103864.0,100.0,121650404256.0
2019-09-14,ZCH0BTBC,ST12000NM0007,12000138625024,0,80.0,90669392.0,96.0,0.0,100.0,3.0,100.0,0.0,88.0,663103257.0,87.0,12164.0,100.0,0.0,100.0,3.0,,,,,100.0,0.0,100.0,0.0,,,77.0,23.0,,,100.0,138.0,100.0,595.0,23.0,23.0,100.0,0.0,100.0,0.0,200.0,0.0,100.0,12080.0,100.0,60405549264.0,100.0,122058336760.0
2019-09-15,ZCH0BTBC,ST12000NM0007,12000138625024,0,79.0,75580376.0,96.0,0.0,100.0,3.0,100.0,0.0,88.0,664916027.0,87.0,12180.0,100.0,0.0,100.0,3.0,,,,,100.0,0.0,100.0,0.0,,,77.0,23.0,,,100.0,139.0,100.0,596.0,23.0,23.0,100.0,0.0,100.0,0.0,200.0,0.0,100.0,12096.0,100.0,60436806792.0,100.0,122256130880.0
2019-09-16,ZCH0BTBC,ST12000NM0007,12000138625024,0,71.0,13680216.0,96.0,0.0,100.0,3.0,100.0,0.0,88.0,669180381.0,87.0,12211.0,100.0,0.0,100.0,3.0,,,,,100.0,0.0,100.0,0.0,,,76.0,24.0,,,100.0,140.0,100.0,597.0,24.0,24.0,100.0,0.0,100.0,0.0,200.0,0.0,100.0,12128.0,100.0,60501037576.0,100.0,122618281520.0
2019-09-17,ZCH0BTBC,ST12000NM0007,12000138625024,0,83.0,179052496.0,96.0,0.0,100.0,3.0,100.0,0.0,88.0,671589593.0,87.0,12227.0,100.0,0.0,100.0,3.0,,,,,100.0,0.0,100.0,0.0,,,77.0,23.0,,,100.0,140.0,100.0,598.0,23.0,23.0,100.0,0.0,100.0,0.0,200.0,0.0,100.0,12144.0,100.0,60546218744.0,100.0,122738472632.0
2019-09-18,ZCH0BTBC,ST12000NM0007,12000138625024,0,77.0,46044080.0,96.0,0.0,100.0,3.0,100.0,0.0,88.0,677255007.0,86.0,12275.0,100.0,0.0,100.0,3.0,,,,,100.0,0.0,100.0,0.0,,,76.0,24.0,,,100.0,141.0,100.0,600.0,24.0,24.0,100.0,0.0,100.0,0.0,200.0,0.0,100.0,12191.0,100.0,60622044920.0,100.0,123262060808.0
2019-09-19,ZCH0BTBC,ST12000NM0007,12000138625024,0,83.0,210875992.0,96.0,0.0,100.0,3.0,100.0,0.0,88.0,679580787.0,86.0,12291.0,100.0,0.0,100.0,3.0,,,,,100.0,0.0,100.0,0.0,,,77.0,23.0,,,100.0,142.0,100.0,601.0,23.0,23.0,100.0,0.0,100.0,0.0,200.0,0.0,100.0,12207.0,100.0,60649645968.0,100.0,123399291672.0
2019-09-20,ZCH0BTBC,ST12000NM0007,12000138625024,0,82.0,154123448.0,96.0,0.0,100.0,3.0,100.0,0.0,88.0,684411971.0,86.0,12322.0,100.0,0.0,100.0,3.0,,,,,100.0,0.0,100.0,0.0,,,76.0,24.0,,,100.0,142.0,100.0,602.0,24.0,24.0,100.0,0.0,100.0,0.0,200.0,0.0,100.0,12238.0,100.0,60700646720.0,100.0,123779819896.0
2019-09-21,ZCH0BTBC,ST12000NM0007,12000138625024,0,82.0,141428176.0,96.0,0.0,100.0,3.0,100.0,0.0,88.0,686668522.0,86.0,12338.0,100.0,0.0,100.0,3.0,,,,,100.0,0.0,100.0,0.0,,,77.0,23.0,,,100.0,143.0,100.0,603.0,23.0,23.0,100.0,0.0,100.0,0.0,200.0,0.0,100.0,12254.0,100.0,60727671496.0,100.0,123984240552.0
2019-09-22,ZCH0BTBC,ST12000NM0007,12000138625024,0,77.0,48190048.0,96.0,0.0,100.0,3.0,100.0,0.0,88.0,689502618.0,86.0,12370.0,100.0,0.0,100.0,3.0,,,,,100.0,0.0,100.0,0.0,,,77.0,23.0,,,100.0,144.0,100.0,604.0,23.0,23.0,100.0,0.0,100.0,0.0,200.0,0.0,100.0,12285.0,100.0,60770849752.0,100.0,124336105632.0
2019-09-23,ZCH0BTBC,ST12000NM0007,12000138625024,0,83.0,191274856.0,96.0,0.0,100.0,3.0,100.0,0.0,88.0,692089950.0,86.0,12386.0,100.0,0.0,100.0,3.0,,,,,100.0,0.0,100.0,0.0,,,77.0,23.0,,,100.0,144.0,100.0,605.0,23.0,23.0,100.0,0.0,100.0,0.0,200.0,0.0,100.0,12301.0,100.0,60791422528.0,100.0,124458617664.0
2019-09-24,ZCH0BTBC,ST12000NM0007,12000138625024,0,82.0,149747232.0,96.0,0.0,100.0,3.0,100.0,0.0,88.0,695292293.0,86.0,12417.0,100.0,0.0,100.0,3.0,,,,,100.0,0.0,100.0,0.0,,,78.0,22.0,,,100.0,145.0,100.0,606.0,22.0,22.0,100.0,0.0,100.0,0.0,200.0,0.0,100.0,12333.0,100.0,60869864440.0,100.0,124826930904.0
2019-09-25,ZCH0BTBC,ST12000NM0007,12000138625024,0,80.0,93144912.0,96.0,0.0,100.0,3.0,100.0,0.0,88.0,696566956.0,86.0,12433.0,100.0,0.0,100.0,3.0,,,,,100.0,0.0,100.0,0.0,,,78.0,22.0,,,100.0,146.0,100.0,607.0,22.0,22.0,100.0,0.0,100.0,0.0,200.0,0.0,100.0,12349.0,100.0,60887372680.0,100.0,124996961056.0
2019-09-26,ZCH0BTBC,ST12000NM0007,12000138625024,0,65.0,3285952.0,96.0,0.0,100.0,3.0,100.0,0.0,88.0,699990090.0,86.0,12465.0,100.0,0.0,100.0,3.0,,,,,100.0,0.0,100.0,0.0,,,77.0,23.0,,,100.0,147.0,100.0,609.0,23.0,23.0,100.0,0.0,100.0,0.0,200.0,0.0,100.0,12380.0,100.0,60922317216.0,100.0,125360439176.0
2019-09-27,ZCH0BTBC,ST12000NM0007,12000138625024,0,82.0,165235720.0,96.0,0.0,100.0,3.0,100.0,0.0,88.0,701236994.0,86.0,12481.0,100.0,0.0,100.0,3.0,,,,,100.0,0.0,100.0,0.0,,,78.0,22.0,,,100.0,148.0,100.0,610.0,22.0,22.0,100.0,0.0,100.0,0.0,200.0,0.0,100.0,12396.0,100.0,60942538856.0,100.0,125502167304.0
2019-09-28,ZCH0BTBC,ST12000NM0007,12000138625024,0,79.0,71004624.0,96.0,0.0,100.0,3.0,100.0,0.0,88.0,705595404.0,86.0,12512.0,100.0,0.0,100.0,3.0,,,,,100.0,0.0,100.0,0.0,,,77.0,23.0,,,100.0,149.0,100.0,611.0,23.0,23.0,100.0,0.0,100.0,0.0,200.0,0.0,100.0,12427.0,100.0,61000269256.0,100.0,125838487384.0
2019-09-29,ZCH0BTBC,ST12000NM0007,12000138625024,0,76.0,38609936.0,96.0,0.0,100.0,3.0,100.0,0.0,88.0,706951823.0,86.0,12528.0,100.0,0.0,100.0,3.0,,,,,100.0,0.0,100.0,0.0,,,77.0,23.0,,,100.0,149.0,100.0,612.0,23.0,23.0,100.0,0.0,100.0,0.0,200.0,0.0,100.0,12443.0,100.0,61016001440.0,100.0,126034501352.0
2019-09-30,ZCH0BTBC,ST12000NM0007,12000138625024,0,82.0,175036240.0,96.0,0.0,100.0,3.0,100.0,0.0,89.0,711273375.0,86.0,12560.0,100.0,0.0,100.0,3.0,,,,,100.0,0.0,100.0,0.0,,,77.0,23.0,,,100.0,150.0,100.0,613.0,23.0,23.0,100.0,0.0,100.0,0.0,200.0,0.0,100.0,12474.0,100.0,61067670160.0,100.0,126363399856.0
2019-10-01,ZCH0BTBC,ST12000NM0007,12000138625024,0,81.0,130877296.0,96.0,0.0,100.0,3.0,100.0,0.0,89.0,712922526.0,86.0,12576.0,100.0,0.0,100.0,3.0,,,,,100.0,0.0,100.0,0.0,,,77.0,23.0,,,100.0,150.0,100.0,614.0,23.0,23.0,100.0,0.0,100.0,0.0,200.0,0.0,100.0,12490.0,100.0,61104555120.0,100.0,126526496600.0
2019-10-02,ZCH0BTBC,ST12000NM0007,12000138625024,0,66.0,3580432.0,96.0,0.0,100.0,3.0,100.0,0.0,89.0,715973361.0,86.0,12607.0,100.0,0.0,100.0,3.0,,,,,100.0,0.0,100.0,0.0,,,77.0,23.0,,,100.0,151.0,100.0,616.0,23.0,23.0,100.0,0.0,100.0,0.0,200.0,0.0,100.0,12521.0,100.0,61167039944.0,100.0,126824996744.0
2019-10-03,ZCH0BTBC,ST12000NM0007,12000138625024,0,80.0,102912512.0,96.0,0.0,100.0,3.0,100.0,0.0,89.0,717367702.0,86.0,12623.0,100.0,0.0,100.0,3.0,,,,,100.0,0.0,100.0,0.0,,,76.0,24.0,,,100.0,151.0,100.0,616.0,24.0,24.0,100.0,0.0,100.0,0.0,200.0,0.0,100.0,12537.0,100.0,61208256072.0,100.0,126883112696.0
2019-10-04,ZCH0BTBC,ST12000NM0007,12000138625024,0,78.0,65614376.0,96.0,0.0,100.0,3.0,100.0,0.0,89.0,720311682.0,86.0,12655.0,100.0,0.0,100.0,3.0,,,,,100.0,0.0,100.0,0.0,,,76.0,24.0,,,100.0,153.0,100.0,618.0,24.0,24.0,100.0,0.0,100.0,0.0,200.0,0.0,100.0,12569.0,100.0,61249653904.0,100.0,127048557448.0
2019-10-05,ZCH0BTBC,ST12000NM0007,12000138625024,0,81.0,139431064.0,96.0,0.0,100.0,3.0,100.0,0.0,89.0,721542603.0,86.0,12671.0,100.0,0.0,100.0,3.0,,,,,100.0,0.0,100.0,0.0,,,77.0,23.0,,,100.0,153.0,100.0,619.0,23.0,23.0,100.0,0.0,100.0,0.0,200.0,0.0,100.0,12585.0,100.0,61267411488.0,100.0,127104616552.0
2019-10-06,ZCH0BTBC,ST12000NM0007,12000138625024,0,83.0,182394768.0,96.0,0.0,100.0,3.0,100.0,0.0,89.0,725707028.0,86.0,12703.0,100.0,0.0,100.0,3.0,,,,,100.0,0.0,100.0,0.0,,,77.0,23.0,,,100.0,153.0,100.0,620.0,23.0,23.0,100.0,0.0,100.0,0.0,200.0,0.0,100.0,12616.0,100.0,61347111264.0,100.0,127312021528.0
2019-10-07,ZCH0BTBC,ST12000NM0007,12000138625024,0,79.0,73174432.0,96.0,0.0,100.0,3.0,100.0,0.0,89.0,728413176.0,86.0,12718.0,100.0,0.0,100.0,3.0,,,,,100.0,0.0,100.0,0.0,,,77.0,23.0,,,100.0,153.0,100.0,621.0,23.0,23.0,100.0,0.0,100.0,0.0,200.0,0.0,100.0,12632.0,100.0,61372535312.0,100.0,127421518008.0
2019-10-08,ZCH0BTBC,ST12000NM0007,12000138625024,0,77.0,54283848.0,96.0,0.0,100.0,3.0,100.0,0.0,89.0,731844146.0,86.0,12750.0,100.0,0.0,100.0,3.0,,,,,100.0,0.0,100.0,0.0,,,76.0,24.0,,,100.0,154.0,100.0,622.0,24.0,24.0,100.0,0.0,100.0,0.0,200.0,0.0,100.0,12664.0,100.0,61426872936.0,100.0,127592430504.0
2019-10-09,ZCH0BTBC,ST12000NM0007,12000138625024,0,82.0,167431704.0,96.0,0.0,100.0,3.0,100.0,0.0,89.0,733910097.0,86.0,12766.0,100.0,0.0,100.0,3.0,,,,,100.0,0.0,100.0,0.0,,,77.0,23.0,,,100.0,154.0,100.0,623.0,23.0,23.0,100.0,0.0,100.0,0.0,200.0,0.0,100.0,12679.0,100.0,61456749832.0,100.0,127675701464.0
2019-10-10,ZCH0BTBC,ST12000NM0007,12000138625024,0,81.0,131664856.0,96.0,0.0,100.0,3.0,100.0,0.0,89.0,736217479.0,86.0,12797.0,100.0,0.0,100.0,3.0,,,,,100.0,0.0,100.0,0.0,,,78.0,22.0,,,100.0,154.0,100.0,625.0,22.0,22.0,100.0,0.0,100.0,0.0,200.0,0.0,100.0,12711.0,100.0,61517372992.0,100.0,127823452144.0
2019-10-11,ZCH0BTBC,ST12000NM0007,12000138625024,0,84.0,233914848.0,96.0,0.0,100.0,3.0,100.0,0.0,89.0,737368849.0,86.0,12813.0,100.0,0.0,100.0,3.0,,,,,100.0,0.0,100.0,0.0,,,78.0,22.0,,,100.0,154.0,100.0,625.0,22.0,22.0,100.0,0.0,100.0,0.0,200.0,0.0,100.0,12727.0,100.0,61553016432.0,100.0,127890058696.0
2019-10-12,ZCH0BTBC,ST12000NM0007,12000138625024,0,83.0,197306632.0,96.0,0.0,100.0,3.0,100.0,0.0,89.0,740983407.0,86.0,12845.0,100.0,0.0,100.0,3.0,,,,,100.0,0.0,100.0,0.0,,,78.0,22.0,,,100.0,156.0,100.0,627.0,22.0,22.0,100.0,0.0,100.0,0.0,200.0,0.0,100.0,12758.0,100.0,61597876440.0,100.0,128052731104.0
2019-10-13,ZCH0BTBC,ST12000NM0007,12000138625024,0,77.0,48742104.0,96.0,0.0,100.0,3.0,100.0,0.0,89.0,741745753.0,86.0,12861.0,100.0,0.0,100.0,3.0,,,,,100.0,0.0,100.0,0.0,,,78.0,22.0,,,100.0,156.0,100.0,627.0,22.0,22.0,100.0,0.0,100.0,0.0,200.0,0.0,100.0,12774.0,100.0,61605202456.0,100.0,128140981248.0
2019-10-14,ZCH0BTBC,ST12000NM0007,12000138625024,0,83.0,204417640.0,96.0,0.0,100.0,3.0,100.0,0.0,89.0,744441066.0,86.0,12892.0,100.0,0.0,100.0,3.0,,,,,100.0,0.0,100.0,0.0,,,77.0,23.0,,,100.0,157.0,100.0,629.0,23.0,23.0,100.0,0.0,100.0,0.0,200.0,0.0,100.0,12805.0,100.0,61623852328.0,100.0,128278006912.0
2019-10-15,ZCH0BTBC,ST12000NM0007,12000138625024,0,83.0,211483808.0,96.0,0.0,100.0,3.0,100.0,0.0,89.0,748500419.0,86.0,12940.0,100.0,0.0,100.0,3.0,,,,,100.0,0.0,100.0,0.0,,,77.0,23.0,,,100.0,159.0,100.0,631.0,23.0,23.0,100.0,0.0,100.0,0.0,200.0,0.0,100.0,12852.0,100.0,61692823736.0,100.0,128704383472.0
2019-10-16,ZCH0BTBC,ST12000NM0007,12000138625024,0,83.0,211483808.0,96.0,0.0,100.0,3.0,100.0,0.0,89.0,748500419.0,86.0,12940.0,100.0,0.0,100.0,3.0,,,,,100.0,0.0,100.0,0.0,,,77.0,23.0,,,100.0,159.0,100.0,631.0,23.0,23.0,100.0,0.0,100.0,0.0,200.0,0.0,100.0,12852.0,100.0,61692823736.0,100.0,128704383472.0
2019-10-17,ZCH0BTBC,ST12000NM0007,12000138625024,0,81.0,129394120.0,96.0,0.0,100.0,3.0,100.0,0.0,89.0,750213384.0,86.0,12956.0,100.0,0.0,100.0,3.0,,,,,100.0,0.0,100.0,0.0,,,78.0,22.0,,,100.0,159.0,100.0,632.0,22.0,22.0,100.0,0.0,100.0,0.0,200.0,0.0,100.0,12868.0,100.0,61718693488.0,100.0,128840564776.0
2019-10-18,ZCH0BTBC,ST12000NM0007,12000138625024,0,77.0,54300640.0,96.0,0.0,100.0,3.0,100.0,0.0,89.0,751710992.0,86.0,12987.0,100.0,0.0,100.0,3.0,,,,,100.0,0.0,100.0,0.0,,,77.0,23.0,,,100.0,159.0,100.0,633.0,23.0,23.0,100.0,0.0,100.0,0.0,200.0,0.0,100.0,12900.0,100.0,61748799056.0,100.0,128979506424.0
2019-10-19,ZCH0BTBC,ST12000NM0007,12000138625024,0,82.0,172187176.0,96.0,0.0,100.0,3.0,100.0,0.0,89.0,753791154.0,86.0,13003.0,100.0,0.0,100.0,3.0,,,,,100.0,0.0,100.0,0.0,,,78.0,22.0,,,100.0,160.0,100.0,634.0,22.0,22.0,100.0,0.0,100.0,0.0,200.0,0.0,100.0,12916.0,100.0,61755769888.0,100.0,129090422128.0
2019-10-20,ZCH0BTBC,ST12000NM0007,12000138625024,0,83.0,184026800.0,96.0,0.0,100.0,3.0,100.0,0.0,89.0,756396528.0,86.0,13035.0,100.0,0.0,100.0,3.0,,,,,100.0,0.0,100.0,0.0,,,77.0,23.0,,,100.0,161.0,100.0,635.0,23.0,23.0,100.0,0.0,100.0,0.0,200.0,0.0,100.0,12947.0,100.0,61781150376.0,100.0,129321021920.0
2019-10-21,ZCH0BTBC,ST12000NM0007,12000138625024,0,78.0,58725032.0,96.0,0.0,100.0,3.0,100.0,0.0,89.0,758501649.0,86.0,13051.0,100.0,0.0,100.0,3.0,,,,,100.0,0.0,100.0,0.0,,,76.0,24.0,,,100.0,161.0,100.0,636.0,24.0,24.0,100.0,0.0,100.0,0.0,200.0,0.0,100.0,12963.0,100.0,61798142328.0,100.0,129422868944.0
2019-10-22,ZCH0BTBC,ST12000NM0007,12000138625024,0,84.0,232932272.0,96.0,0.0,100.0,3.0,100.0,0.0,89.0,761565713.0,86.0,13082.0,100.0,0.0,100.0,3.0,,,,,100.0,0.0,100.0,0.0,,,77.0,23.0,,,100.0,162.0,100.0,637.0,23.0,23.0,100.0,0.0,100.0,0.0,200.0,0.0,100.0,12994.0,100.0,61835431992.0,100.0,129559786600.0
2019-10-23,ZCH0BTBC,ST12000NM0007,12000138625024,0,80.0,91831320.0,96.0,0.0,100.0,3.0,100.0,0.0,89.0,762900418.0,86.0,13098.0,100.0,0.0,100.0,3.0,,,,,100.0,0.0,100.0,0.0,,,77.0,23.0,,,100.0,162.0,100.0,638.0,23.0,23.0,100.0,0.0,100.0,0.0,200.0,0.0,100.0,13010.0,100.0,61862435672.0,100.0,129635822760.0
2019-10-24,ZCH0BTBC,ST12000NM0007,12000138625024,0,71.0,12428448.0,96.0,0.0,100.0,3.0,100.0,0.0,89.0,765117807.0,86.0,13130.0,100.0,0.0,100.0,3.0,,,,,100.0,0.0,100.0,0.0,,,78.0,22.0,,,100.0,163.0,100.0,639.0,22.0,22.0,100.0,0.0,100.0,0.0,200.0,0.0,100.0,13042.0,100.0,61905295680.0,100.0,129757700784.0
2019-10-25,ZCH0BTBC,ST12000NM0007,12000138625024,0,81.0,121677624.0,96.0,0.0,100.0,3.0,100.0,0.0,89.0,766361630.0,85.0,13146.0,100.0,0.0,100.0,3.0,,,,,100.0,0.0,100.0,0.0,,,77.0,23.0,,,100.0,164.0,100.0,640.0,23.0,23.0,100.0,0.0,100.0,0.0,200.0,0.0,100.0,13057.0,100.0,61925596840.0,100.0,129846648800.0
2019-10-26,ZCH0BTBC,ST12000NM0007,12000138625024,0,81.0,114959888.0,96.0,0.0,100.0,3.0,100.0,0.0,89.0,770524883.0,85.0,13177.0,100.0,0.0,100.0,3.0,,,,,100.0,0.0,100.0,0.0,,,77.0,23.0,,,100.0,165.0,100.0,642.0,23.0,23.0,100.0,0.0,100.0,0.0,200.0,0.0,100.0,13089.0,100.0,61966499448.0,100.0,130043169082.0
2019-10-27,ZCH0BTBC,ST12000NM0007,12000138625024,0,84.0,241192184.0,96.0,0.0,100.0,3.0,100.0,0.0,89.0,773725619.0,85.0,13193.0,100.0,0.0,100.0,3.0,,,,,100.0,0.0,100.0,0.0,,,77.0,23.0,,,100.0,165.0,100.0,642.0,23.0,23.0,100.0,0.0,100.0,0.0,200.0,0.0,100.0,13105.0,100.0,61988037536.0,100.0,130147863290.0
2019-10-28,ZCH0BTBC,ST12000NM0007,12000138625024,0,83.0,220717800.0,96.0,0.0,100.0,3.0,100.0,0.0,89.0,777753570.0,85.0,13225.0,100.0,0.0,100.0,3.0,,,,,100.0,0.0,100.0,0.0,,,77.0,23.0,,,100.0,166.0,100.0,644.0,23.0,23.0,100.0,0.0,100.0,0.0,200.0,0.0,100.0,13136.0,100.0,62027130656.0,100.0,130332436482.0
2019-10-29,ZCH0BTBC,ST12000NM0007,12000138625024,0,78.0,68032744.0,96.0,0.0,100.0,3.0,100.0,0.0,89.0,778891573.0,85.0,13241.0,100.0,0.0,100.0,3.0,,,,,100.0,0.0,100.0,0.0,,,77.0,23.0,,,100.0,166.0,100.0,644.0,23.0,23.0,100.0,0.0,100.0,0.0,200.0,0.0,100.0,13152.0,100.0,62047110040.0,100.0,130403912874.0
2019-10-30,ZCH0BTBC,ST12000NM0007,12000138625024,0,68.0,6991720.0,96.0,0.0,100.0,3.0,100.0,0.0,89.0,781280471.0,85.0,13272.0,100.0,0.0,100.0,3.0,,,,,100.0,0.0,100.0,0.0,,,76.0,24.0,,,100.0,167.0,100.0,646.0,24.0,24.0,100.0,0.0,100.0,0.0,200.0,0.0,100.0,13184.0,100.0,62088103240.0,100.0,130546019490.0
2019-10-31,ZCH0BTBC,ST12000NM0007,12000138625024,0,81.0,121251312.0,96.0,0.0,100.0,3.0,100.0,0.0,89.0,782707776.0,85.0,13288.0,100.0,0.0,100.0,3.0,,,,,100.0,0.0,100.0,0.0,,,76.0,24.0,,,100.0,167.0,100.0,646.0,24.0,24.0,100.0,0.0,100.0,0.0,200.0,0.0,100.0,13199.0,100.0,62113617104.0,100.0,130634765218.0
2019-11-01,ZCH0BTBC,ST12000NM0007,12000138625024,0,83.0,190040728.0,96.0,0.0,100.0,3.0,100.0,0.0,89.0,785833153.0,85.0,13320.0,100.0,0.0,100.0,3.0,,,,,100.0,0.0,100.0,0.0,,,76.0,24.0,,,100.0,168.0,100.0,648.0,24.0,24.0,100.0,0.0,100.0,0.0,200.0,0.0,100.0,13231.0,100.0,62141410648.0,100.0,130919901722.0
2019-11-02,ZCH0BTBC,ST12000NM0007,12000138625024,0,83.0,195876112.0,96.0,0.0,100.0,3.0,100.0,0.0,89.0,789320957.0,85.0,13336.0,100.0,0.0,100.0,3.0,,,,,100.0,0.0,100.0,0.0,,,76.0,24.0,,,100.0,168.0,100.0,648.0,24.0,24.0,100.0,0.0,100.0,0.0,200.0,0.0,100.0,13247.0,100.0,62159320496.0,100.0,131151968050.0
2019-11-03,ZCH0BTBC,ST12000NM0007,12000138625024,0,80.0,111796000.0,96.0,0.0,100.0,3.0,100.0,0.0,89.0,792766948.0,85.0,13367.0,100.0,0.0,100.0,3.0,,,,,100.0,0.0,100.0,0.0,,,76.0,24.0,,,100.0,170.0,100.0,650.0,24.0,24.0,100.0,0.0,100.0,0.0,200.0,0.0,100.0,13278.0,100.0,62195999792.0,100.0,131519490162.0
2019-11-04,ZCH0BTBC,ST12000NM0007,12000138625024,0,76.0,39714608.0,96.0,0.0,100.0,3.0,100.0,0.0,89.0,794322977.0,85.0,13383.0,100.0,0.0,100.0,3.0,,,,,100.0,0.0,100.0,0.0,,,76.0,24.0,,,100.0,170.0,100.0,650.0,24.0,24.0,100.0,0.0,100.0,0.0,200.0,0.0,100.0,13294.0,100.0,62208558120.0,100.0,131678991330.0
2019-11-06,ZCH0BTBC,ST12000NM0007,12000138625024,0,83.0,210190896.0,96.0,0.0,100.0,3.0,100.0,0.0,89.0,805707268.0,85.0,13431.0,100.0,0.0,100.0,3.0,,,,,100.0,0.0,100.0,0.0,,,74.0,26.0,,,100.0,171.0,100.0,652.0,26.0,26.0,100.0,0.0,100.0,0.0,200.0,0.0,100.0,13342.0,100.0,62226860952.0,100.0,133540149874.0
2019-11-07,ZCH0BTBC,ST12000NM0007,12000138625024,0,78.0,56277176.0,96.0,0.0,100.0,3.0,100.0,0.0,89.0,814420974.0,85.0,13462.0,100.0,0.0,100.0,3.0,,,,,100.0,0.0,100.0,0.0,,,75.0,25.0,,,100.0,171.0,100.0,654.0,25.0,25.0,100.0,0.0,100.0,0.0,200.0,0.0,100.0,13373.0,100.0,62228813696.0,100.0,135093268954.0
2019-11-08,ZCH0BTBC,ST12000NM0007,12000138625024,0,81.0,118491424.0,96.0,0.0,100.0,3.0,100.0,0.0,89.0,819447064.0,85.0,13478.0,100.0,0.0,100.0,3.0,,,,,100.0,0.0,100.0,0.0,,,75.0,25.0,,,100.0,171.0,100.0,655.0,25.0,25.0,100.0,0.0,100.0,0.0,200.0,0.0,100.0,13389.0,100.0,62229549336.0,100.0,135643029026.0
2019-11-09,ZCH0BTBC,ST12000NM0007,12000138625024,0,83.0,204578720.0,96.0,0.0,100.0,3.0,100.0,0.0,89.0,829080497.0,85.0,13510.0,100.0,0.0,100.0,3.0,,,,,100.0,0.0,100.0,0.0,,,75.0,25.0,,,100.0,171.0,100.0,656.0,25.0,25.0,100.0,0.0,100.0,0.0,200.0,0.0,100.0,13420.0,100.0,62232617720.0,100.0,136702610658.0
2019-11-10,ZCH0BTBC,ST12000NM0007,12000138625024,0,74.0,27791872.0,96.0,0.0,100.0,3.0,100.0,0.0,89.0,834553341.0,85.0,13526.0,100.0,0.0,100.0,3.0,,,,,100.0,0.0,100.0,0.0,,,75.0,25.0,,,100.0,172.0,100.0,657.0,25.0,25.0,100.0,0.0,100.0,0.0,200.0,0.0,100.0,13436.0,100.0,62233513304.0,100.0,137257350746.0
2019-11-11,ZCH0BTBC,ST12000NM0007,12000138625024,0,84.0,228597808.0,96.0,0.0,100.0,3.0,100.0,0.0,89.0,845765968.0,85.0,13557.0,100.0,0.0,100.0,3.0,,,,,100.0,0.0,100.0,0.0,,,75.0,25.0,,,100.0,172.0,100.0,658.0,25.0,25.0,100.0,0.0,100.0,0.0,200.0,0.0,100.0,13468.0,100.0,62235118072.0,100.0,138433115018.0
2019-11-12,ZCH0BTBC,ST12000NM0007,12000138625024,0,77.0,55184464.0,96.0,0.0,100.0,3.0,100.0,0.0,89.0,851517996.0,85.0,13573.0,100.0,0.0,100.0,3.0,,,,,100.0,0.0,100.0,0.0,,,76.0,24.0,,,100.0,173.0,100.0,659.0,24.0,24.0,100.0,0.0,100.0,0.0,200.0,0.0,100.0,13484.0,100.0,62236089784.0,100.0,139479433738.0
2019-11-13,ZCH0BTBC,ST12000NM0007,12000138625024,0,81.0,133528136.0,96.0,0.0,100.0,3.0,100.0,0.0,89.0,862293213.0,85.0,13605.0,100.0,0.0,100.0,3.0,,,,,100.0,0.0,100.0,0.0,,,75.0,25.0,,,100.0,173.0,100.0,660.0,25.0,25.0,100.0,0.0,100.0,0.0,200.0,0.0,100.0,13515.0,100.0,62237754208.0,100.0,141753379186.0
2019-11-14,ZCH0BTBC,ST12000NM0007,12000138625024,0,82.0,155688208.0,96.0,0.0,100.0,3.0,100.0,0.0,89.0,872605447.0,85.0,13636.0,100.0,0.0,100.0,3.0,,,,,100.0,0.0,100.0,0.0,,,76.0,24.0,,,100.0,174.0,100.0,662.0,24.0,24.0,100.0,0.0,100.0,0.0,200.0,0.0,100.0,13546.0,100.0,62239581920.0,100.0,143970978218.0
2019-11-15,ZCH0BTBC,ST12000NM0007,12000138625024,0,83.0,185343424.0,96.0,0.0,100.0,3.0,100.0,0.0,89.0,878025601.0,85.0,13652.0,100.0,0.0,100.0,3.0,,,,,100.0,0.0,100.0,0.0,,,75.0,25.0,,,100.0,174.0,100.0,662.0,25.0,25.0,100.0,0.0,100.0,0.0,200.0,0.0,100.0,13562.0,100.0,62241230184.0,100.0,144731407546.0
2019-11-16,ZCH0BTBC,ST12000NM0007,12000138625024,0,81.0,135591440.0,96.0,0.0,100.0,3.0,100.0,0.0,89.0,889273933.0,85.0,13684.0,100.0,0.0,100.0,3.0,,,,,100.0,0.0,100.0,0.0,,,74.0,26.0,,,100.0,174.0,100.0,663.0,26.0,26.0,100.0,0.0,100.0,0.0,200.0,0.0,100.0,13594.0,100.0,62242510344.0,100.0,146145220346.0
2019-11-17,ZCH0BTBC,ST12000NM0007,12000138625024,0,72.0,14299920.0,96.0,0.0,100.0,3.0,100.0,0.0,90.0,894893010.0,85.0,13699.0,100.0,0.0,100.0,3.0,,,,,100.0,0.0,100.0,0.0,,,75.0,25.0,,,100.0,174.0,100.0,664.0,25.0,25.0,100.0,0.0,100.0,0.0,200.0,0.0,100.0,13609.0,100.0,62243258104.0,100.0,146755603194.0
2019-11-18,ZCH0BTBC,ST12000NM0007,12000138625024,0,77.0,47713640.0,96.0,0.0,100.0,3.0,100.0,0.0,90.0,903723526.0,85.0,13731.0,100.0,0.0,100.0,3.0,,,,,100.0,0.0,100.0,0.0,,,75.0,25.0,,,100.0,175.0,100.0,665.0,25.0,25.0,100.0,0.0,100.0,0.0,200.0,0.0,100.0,13641.0,100.0,62244792248.0,100.0,148008186882.0
2019-11-19,ZCH0BTBC,ST12000NM0007,12000138625024,0,84.0,241512680.0,96.0,0.0,100.0,3.0,100.0,0.0,90.0,909726542.0,85.0,13747.0,100.0,0.0,100.0,3.0,,,,,100.0,0.0,100.0,0.0,,,75.0,25.0,,,100.0,175.0,100.0,666.0,25.0,25.0,100.0,0.0,100.0,0.0,200.0,0.0,100.0,13657.0,100.0,62245388000.0,100.0,148445530906.0
2019-11-20,ZCH0BTBC,ST12000NM0007,12000138625024,0,83.0,212367776.0,96.0,0.0,100.0,3.0,100.0,0.0,90.0,920171641.0,85.0,13778.0,100.0,0.0,100.0,3.0,,,,,100.0,0.0,100.0,0.0,,,75.0,25.0,,,100.0,175.0,100.0,667.0,25.0,25.0,100.0,0.0,100.0,0.0,200.0,0.0,100.0,13688.0,100.0,62246595872.0,100.0,149880022370.0
2019-11-21,ZCH0BTBC,ST12000NM0007,12000138625024,0,81.0,117798968.0,96.0,0.0,100.0,3.0,100.0,0.0,90.0,924237796.0,85.0,13794.0,100.0,0.0,100.0,3.0,,,,,100.0,0.0,100.0,0.0,,,75.0,25.0,,,100.0,175.0,100.0,668.0,25.0,25.0,100.0,0.0,100.0,0.0,200.0,0.0,100.0,13704.0,100.0,62248763408.0,100.0,150515708226.0
2019-11-22,ZCH0BTBC,ST12000NM0007,12000138625024,0,79.0,74109000.0,96.0,0.0,100.0,3.0,100.0,0.0,90.0,935241061.0,85.0,13826.0,100.0,0.0,100.0,3.0,,,,,100.0,0.0,100.0,0.0,,,75.0,25.0,,,100.0,175.0,100.0,669.0,25.0,25.0,100.0,0.0,100.0,0.0,200.0,0.0,100.0,13735.0,100.0,62248780872.0,100.0,152180986066.0
2019-11-23,ZCH0BTBC,ST12000NM0007,12000138625024,0,80.0,97285464.0,96.0,0.0,100.0,3.0,100.0,0.0,90.0,940965858.0,85.0,13842.0,100.0,0.0,100.0,3.0,,,,,100.0,0.0,100.0,0.0,,,74.0,26.0,,,100.0,176.0,100.0,670.0,26.0,26.0,100.0,0.0,100.0,0.0,200.0,0.0,100.0,13751.0,100.0,62248786032.0,100.0,152936579690.0
2019-11-24,ZCH0BTBC,ST12000NM0007,12000138625024,0,81.0,139533104.0,96.0,0.0,100.0,3.0,100.0,0.0,90.0,952409878.0,85.0,13873.0,100.0,0.0,100.0,3.0,,,,,100.0,0.0,100.0,0.0,,,74.0,26.0,,,100.0,176.0,100.0,671.0,26.0,26.0,100.0,0.0,100.0,0.0,200.0,0.0,100.0,13782.0,100.0,62248798552.0,100.0,154199518186.0
2019-11-25,ZCH0BTBC,ST12000NM0007,12000138625024,0,83.0,184739248.0,96.0,0.0,100.0,3.0,100.0,0.0,90.0,957998860.0,85.0,13889.0,100.0,0.0,100.0,3.0,,,,,100.0,0.0,100.0,0.0,,,75.0,25.0,,,100.0,176.0,100.0,672.0,25.0,25.0,100.0,0.0,100.0,0.0,200.0,0.0,100.0,13798.0,100.0,62248802912.0,100.0,154733001482.0
2019-11-26,ZCH0BTBC,ST12000NM0007,12000138625024,0,77.0,51113544.0,96.0,0.0,100.0,3.0,100.0,0.0,90.0,963903964.0,85.0,13921.0,100.0,0.0,100.0,3.0,,,,,100.0,0.0,100.0,0.0,,,76.0,24.0,,,100.0,176.0,100.0,673.0,24.0,24.0,100.0,0.0,100.0,0.0,200.0,0.0,100.0,13829.0,100.0,62248996712.0,100.0,155331603962.0
2019-11-27,ZCH0BTBC,ST12000NM0007,12000138625024,0,81.0,112863128.0,96.0,0.0,100.0,3.0,100.0,0.0,90.0,966071930.0,85.0,13952.0,100.0,0.0,100.0,3.0,,,,,100.0,0.0,100.0,0.0,,,76.0,24.0,,,100.0,177.0,100.0,675.0,24.0,24.0,100.0,0.0,100.0,0.0,200.0,0.0,100.0,13861.0,100.0,62249403120.0,100.0,155637087890.0
2019-11-28,ZCH0BTBC,ST12000NM0007,12000138625024,0,75.0,34532784.0,96.0,0.0,100.0,3.0,100.0,0.0,90.0,967203572.0,85.0,13968.0,100.0,0.0,100.0,3.0,,,,,100.0,0.0,100.0,0.0,,,76.0,24.0,,,100.0,177.0,100.0,675.0,24.0,24.0,100.0,0.0,100.0,0.0,200.0,0.0,100.0,13877.0,100.0,62249607856.0,100.0,155802693522.0
2019-11-29,ZCH0BTBC,ST12000NM0007,12000138625024,0,80.0,101812688.0,96.0,0.0,100.0,3.0,100.0,0.0,90.0,969842541.0,85.0,13999.0,100.0,0.0,100.0,3.0,,,,,100.0,0.0,100.0,0.0,,,76.0,24.0,,,100.0,179.0,100.0,677.0,24.0,24.0,100.0,0.0,100.0,0.0,200.0,0.0,100.0,13908.0,100.0,62250014552.0,100.0,156113707402.0
2019-11-30,ZCH0BTBC,ST12000NM0007,12000138625024,0,72.0,17698304.0,96.0,0.0,100.0,3.0,100.0,0.0,90.0,971932690.0,85.0,14015.0,100.0,0.0,100.0,3.0,,,,,100.0,0.0,100.0,0.0,,,76.0,24.0,,,100.0,179.0,100.0,677.0,24.0,24.0,100.0,0.0,100.0,0.0,200.0,0.0,100.0,13924.0,100.0,62250218456.0,100.0,156273529842.0
2019-12-01,ZCH0BTBC,ST12000NM0007,12000138625024,0,80.0,98212600.0,96.0,0.0,100.0,3.0,100.0,0.0,90.0,974240591.0,84.0,14047.0,100.0,0.0,100.0,3.0,,,,,100.0,0.0,100.0,0.0,,,76.0,24.0,,,100.0,179.0,100.0,679.0,24.0,24.0,100.0,0.0,100.0,0.0,200.0,0.0,100.0,13955.0,100.0,62250629600.0,100.0,156597773634.0
2019-12-02,ZCH0BTBC,ST12000NM0007,12000138625024,0,84.0,233667192.0,96.0,0.0,100.0,3.0,100.0,0.0,90.0,976597786.0,84.0,14063.0,100.0,0.0,100.0,3.0,,,,,100.0,0.0,100.0,0.0,,,76.0,24.0,,,100.0,179.0,100.0,679.0,24.0,24.0,100.0,0.0,100.0,0.0,200.0,0.0,100.0,13971.0,100.0,62250743104.0,100.0,156733114722.0
2019-12-03,ZCH0BTBC,ST12000NM0007,12000138625024,0,81.0,114685664.0,96.0,0.0,100.0,3.0,100.0,0.0,90.0,979173191.0,84.0,14094.0,100.0,0.0,100.0,3.0,,,,,100.0,0.0,100.0,0.0,,,76.0,24.0,,,100.0,180.0,100.0,681.0,24.0,24.0,100.0,0.0,100.0,0.0,200.0,0.0,100.0,14002.0,100.0,62251149960.0,100.0,157102007730.0
2019-12-04,ZCH0BTBC,ST12000NM0007,12000138625024,0,70.0,8973040.0,96.0,0.0,100.0,3.0,100.0,0.0,90.0,980233869.0,84.0,14110.0,100.0,0.0,100.0,3.0,,,,,100.0,0.0,100.0,0.0,,,76.0,24.0,,,100.0,180.0,100.0,681.0,24.0,24.0,100.0,0.0,100.0,0.0,200.0,0.0,100.0,14018.0,100.0,62251354968.0,100.0,157240230738.0
2019-12-05,ZCH0BTBC,ST12000NM0007,12000138625024,0,81.0,141129832.0,96.0,0.0,100.0,3.0,100.0,0.0,90.0,982790689.0,84.0,14141.0,100.0,0.0,100.0,3.0,,,,,100.0,0.0,100.0,0.0,,,76.0,24.0,,,100.0,180.0,100.0,683.0,24.0,24.0,100.0,0.0,100.0,0.0,200.0,0.0,100.0,14049.0,100.0,62251766080.0,100.0,157616117090.0
2019-12-06,ZCH0BTBC,ST12000NM0007,12000138625024,0,77.0,52254880.0,96.0,0.0,100.0,3.0,100.0,0.0,90.0,983983259.0,84.0,14157.0,100.0,0.0,100.0,3.0,,,,,100.0,0.0,100.0,0.0,,,76.0,24.0,,,100.0,180.0,100.0,683.0,24.0,24.0,100.0,0.0,100.0,0.0,200.0,0.0,100.0,14065.0,100.0,62251971272.0,100.0,157771177634.0
2019-12-07,ZCH0BTBC,ST12000NM0007,12000138625024,0,83.0,182531296.0,96.0,0.0,100.0,3.0,100.0,0.0,90.0,988292606.0,84.0,14189.0,100.0,0.0,100.0,3.0,,,,,100.0,0.0,100.0,0.0,,,76.0,24.0,,,100.0,180.0,100.0,685.0,24.0,24.0,100.0,0.0,100.0,0.0,200.0,0.0,100.0,14096.0,100.0,62252382720.0,100.0,158145183682.0
2019-12-08,ZCH0BTBC,ST12000NM0007,12000138625024,0,78.0,57322480.0,96.0,0.0,100.0,3.0,100.0,0.0,90.0,989595165.0,84.0,14205.0,100.0,0.0,100.0,3.0,,,,,100.0,0.0,100.0,0.0,,,76.0,24.0,,,100.0,180.0,100.0,685.0,24.0,24.0,100.0,0.0,100.0,0.0,200.0,0.0,100.0,14112.0,100.0,62252588456.0,100.0,158263909922.0
2019-12-09,ZCH0BTBC,ST12000NM0007,12000138625024,0,78.0,64427616.0,96.0,0.0,100.0,3.0,100.0,0.0,90.0,993280195.0,84.0,14237.0,100.0,0.0,100.0,3.0,,,,,100.0,0.0,100.0,0.0,,,76.0,24.0,,,100.0,181.0,100.0,687.0,24.0,24.0,100.0,0.0,100.0,0.0,200.0,0.0,100.0,14144.0,100.0,62252915240.0,100.0,158514828906.0
2019-12-10,ZCH0BTBC,ST12000NM0007,12000138625024,0,83.0,197464936.0,96.0,0.0,100.0,3.0,100.0,0.0,90.0,994303339.0,84.0,14252.0,100.0,0.0,100.0,3.0,,,,,100.0,0.0,100.0,0.0,,,76.0,24.0,,,100.0,181.0,100.0,687.0,24.0,24.0,100.0,0.0,100.0,0.0,200.0,0.0,100.0,14160.0,100.0,62253120552.0,100.0,158647660914.0
2019-12-11,ZCH0BTBC,ST12000NM0007,12000138625024,0,75.0,29706368.0,96.0,0.0,100.0,3.0,100.0,0.0,90.0,996486685.0,84.0,14284.0,100.0,0.0,100.0,3.0,,,,,100.0,0.0,100.0,0.0,,,76.0,24.0,,,100.0,182.0,100.0,689.0,24.0,24.0,100.0,0.0,100.0,0.0,200.0,0.0,100.0,14191.0,100.0,62253527688.0,100.0,158967776546.0
2019-12-12,ZCH0BTBC,ST12000NM0007,12000138625024,0,83.0,192902192.0,96.0,0.0,100.0,3.0,100.0,0.0,90.0,997537560.0,84.0,14300.0,100.0,0.0,100.0,3.0,,,,,100.0,0.0,100.0,0.0,,,76.0,24.0,,,100.0,182.0,100.0,689.0,24.0,24.0,100.0,0.0,100.0,0.0,200.0,0.0,100.0,14206.0,100.0,62253730520.0,100.0,159130769538.0
2019-12-13,ZCH0BTBC,ST12000NM0007,12000138625024,0,84.0,230423600.0,96.0,0.0,100.0,3.0,100.0,0.0,90.0,999548606.0,84.0,14331.0,100.0,0.0,100.0,3.0,,,,,100.0,0.0,100.0,0.0,,,76.0,24.0,,,100.0,182.0,100.0,691.0,24.0,24.0,100.0,0.0,100.0,0.0,200.0,0.0,100.0,14237.0,100.0,62254137200.0,100.0,159412025106.0
2019-12-14,ZCH0BTBC,ST12000NM0007,12000138625024,0,80.0,104177728.0,96.0,0.0,100.0,3.0,100.0,0.0,65.0,3254640.0,84.0,14362.0,100.0,0.0,100.0,3.0,,,,,100.0,0.0,100.0,0.0,,,77.0,23.0,,,100.0,183.0,100.0,692.0,23.0,23.0,100.0,0.0,100.0,0.0,200.0,0.0,100.0,14268.0,100.0,62254541728.0,100.0,159773656210.0
2019-12-15,ZCH0BTBC,ST12000NM0007,12000138625024,0,71.0,14040288.0,96.0,0.0,100.0,3.0,100.0,0.0,66.0,4311081.0,84.0,14378.0,100.0,0.0,100.0,3.0,,,,,100.0,0.0,100.0,0.0,,,77.0,23.0,,,100.0,183.0,100.0,692.0,23.0,23.0,100.0,0.0,100.0,0.0,200.0,0.0,100.0,14284.0,100.0,62254742664.0,100.0,159927458498.0
2019-12-16,ZCH0BTBC,ST12000NM0007,12000138625024,0,77.0,52956024.0,96.0,0.0,100.0,3.0,100.0,0.0,69.0,7649463.0,84.0,14409.0,100.0,0.0,100.0,3.0,,,,,100.0,0.0,100.0,0.0,,,77.0,23.0,,,100.0,185.0,100.0,694.0,23.0,23.0,100.0,0.0,100.0,0.0,200.0,0.0,100.0,14315.0,100.0,62255067032.0,100.0,160210190562.0
2019-12-17,ZCH0BTBC,ST12000NM0007,12000138625024,0,82.0,170596736.0,96.0,0.0,100.0,3.0,100.0,0.0,69.0,8555285.0,84.0,14425.0,100.0,0.0,100.0,3.0,,,,,100.0,0.0,100.0,0.0,,,77.0,23.0,,,100.0,185.0,100.0,694.0,23.0,23.0,100.0,0.0,100.0,0.0,200.0,0.0,100.0,14331.0,100.0,62255270280.0,100.0,160327628026.0
2019-12-18,ZCH0BTBC,ST12000NM0007,12000138625024,0,77.0,53647792.0,96.0,0.0,100.0,3.0,100.0,0.0,70.0,9500693.0,84.0,14441.0,100.0,0.0,100.0,3.0,,,,,100.0,0.0,100.0,0.0,,,76.0,24.0,,,100.0,185.0,100.0,695.0,24.0,24.0,100.0,0.0,100.0,0.0,200.0,0.0,100.0,14346.0,100.0,62255472512.0,100.0,160454617626.0
2019-12-19,ZCH0BTBC,ST12000NM0007,12000138625024,0,81.0,120649018.0,96.0,0.0,100.0,3.0,100.0,0.0,71.0,11715695.0,84.0,14472.0,100.0,0.0,100.0,3.0,,,,,100.0,0.0,100.0,0.0,,,76.0,24.0,,,100.0,185.0,100.0,698.0,24.0,24.0,100.0,0.0,100.0,0.0,200.0,0.0,100.0,14378.0,100.0,62255879448.0,100.0,160765352652.0
2019-12-20,ZCH0BTBC,ST12000NM0007,12000138625024,0,75.0,34145304.0,96.0,0.0,100.0,3.0,100.0,0.0,71.0,12803067.0,84.0,14488.0,100.0,0.0,100.0,3.0,,,,,100.0,0.0,100.0,0.0,,,76.0,24.0,,,100.0,185.0,100.0,698.0,24.0,24.0,100.0,0.0,100.0,0.0,200.0,0.0,100.0,14393.0,100.0,62256082552.0,100.0,160922786484.0
2019-12-21,ZCH0BTBC,ST12000NM0007,12000138625024,0,80.0,102481080.0,96.0,0.0,100.0,3.0,100.0,0.0,72.0,14968518.0,84.0,14520.0,100.0,0.0,100.0,3.0,,,,,100.0,0.0,100.0,0.0,,,76.0,24.0,,,100.0,186.0,100.0,700.0,24.0,24.0,100.0,0.0,100.0,0.0,200.0,0.0,100.0,14425.0,100.0,62256487824.0,100.0,161234857620.0
2019-12-22,ZCH0BTBC,ST12000NM0007,12000138625024,0,70.0,9404784.0,96.0,0.0,100.0,3.0,100.0,0.0,72.0,16028789.0,84.0,14535.0,100.0,0.0,100.0,3.0,,,,,100.0,0.0,100.0,0.0,,,76.0,24.0,,,100.0,186.0,100.0,700.0,24.0,24.0,100.0,0.0,100.0,0.0,200.0,0.0,100.0,14441.0,100.0,62256691832.0,100.0,161385717988.0
2019-12-23,ZCH0BTBC,ST12000NM0007,12000138625024,0,79.0,74932320.0,96.0,0.0,100.0,3.0,100.0,0.0,73.0,18239775.0,84.0,14567.0,100.0,0.0,100.0,3.0,,,,,100.0,0.0,100.0,0.0,,,76.0,24.0,,,100.0,187.0,100.0,702.0,24.0,24.0,100.0,0.0,100.0,0.0,200.0,0.0,100.0,14472.0,100.0,62257097288.0,100.0,161694980924.0
2019-12-24,ZCH0BTBC,ST12000NM0007,12000138625024,0,84.0,236782792.0,96.0,0.0,100.0,3.0,100.0,0.0,73.0,19410846.0,84.0,14583.0,100.0,0.0,100.0,3.0,,,,,100.0,0.0,100.0,0.0,,,76.0,24.0,,,100.0,187.0,100.0,702.0,24.0,24.0,100.0,0.0,100.0,0.0,200.0,0.0,100.0,14488.0,100.0,62257300344.0,100.0,161856628340.0
2019-12-25,ZCH0BTBC,ST12000NM0007,12000138625024,0,79.0,81648272.0,96.0,0.0,100.0,3.0,100.0,0.0,73.0,21634244.0,84.0,14614.0,100.0,0.0,100.0,3.0,,,,,100.0,0.0,100.0,0.0,,,76.0,24.0,,,100.0,188.0,100.0,703.0,24.0,24.0,100.0,0.0,100.0,0.0,200.0,0.0,100.0,14519.0,100.0,62257707192.0,100.0,162189368628.0
2019-12-26,ZCH0BTBC,ST12000NM0007,12000138625024,0,72.0,16353520.0,96.0,0.0,100.0,3.0,100.0,0.0,74.0,22818117.0,84.0,14630.0,100.0,0.0,100.0,3.0,,,,,100.0,0.0,100.0,0.0,,,76.0,24.0,,,100.0,188.0,100.0,704.0,24.0,24.0,100.0,0.0,100.0,0.0,200.0,0.0,100.0,14535.0,100.0,62257913248.0,100.0,162368008476.0
2019-12-27,ZCH0BTBC,ST12000NM0007,12000138625024,0,79.0,79767560.0,96.0,0.0,100.0,3.0,100.0,0.0,74.0,24955517.0,84.0,14661.0,100.0,0.0,100.0,3.0,,,,,100.0,0.0,100.0,0.0,,,76.0,24.0,,,100.0,189.0,100.0,705.0,24.0,24.0,100.0,0.0,100.0,0.0,200.0,0.0,100.0,14566.0,100.0,62258317456.0,100.0,162675159124.0
2019-12-28,ZCH0BTBC,ST12000NM0007,12000138625024,0,82.0,168340552.0,96.0,0.0,100.0,3.0,100.0,0.0,74.0,27161313.0,84.0,14693.0,100.0,0.0,100.0,3.0,,,,,100.0,0.0,100.0,0.0,,,76.0,24.0,,,100.0,189.0,100.0,707.0,24.0,24.0,100.0,0.0,100.0,0.0,200.0,0.0,100.0,14597.0,100.0,62258720280.0,100.0,163007470036.0
2019-12-29,ZCH0BTBC,ST12000NM0007,12000138625024,0,80.0,111753648.0,96.0,0.0,100.0,3.0,100.0,0.0,75.0,28341119.0,84.0,14709.0,100.0,0.0,100.0,3.0,,,,,100.0,0.0,100.0,0.0,,,76.0,24.0,,,100.0,189.0,100.0,707.0,24.0,24.0,100.0,0.0,100.0,0.0,200.0,0.0,100.0,14613.0,100.0,62258924776.0,100.0,163194819380.0
2019-12-30,ZCH0BTBC,ST12000NM0007,12000138625024,0,83.0,183228448.0,96.0,0.0,100.0,3.0,100.0,0.0,75.0,30439513.0,84.0,14740.0,100.0,0.0,100.0,3.0,,,,,100.0,0.0,100.0,0.0,,,76.0,24.0,,,100.0,189.0,100.0,709.0,24.0,24.0,100.0,0.0,100.0,0.0,200.0,0.0,100.0,14644.0,100.0,62259338864.0,100.0,163510020772.0
2019-12-31,ZCH0BTBC,ST12000NM0007,12000138625024,0,80.0,92326880.0,96.0,0.0,100.0,3.0,100.0,0.0,75.0,31416330.0,84.0,14756.0,100.0,0.0,100.0,3.0,,,,,100.0,0.0,100.0,0.0,,,76.0,24.0,,,100.0,189.0,100.0,709.0,24.0,24.0,100.0,0.0,100.0,0.0,200.0,0.0,100.0,14660.0,100.0,62259547640.0,100.0,163663051316.0
