2019-01-01,ZJV132CA,ST12000NM0007,12000138625024,0,81,126723600,99.0,0.0,100.0,1.0,100.0,0.0,88.0,564707909.0,96,4358,100.0,0.0,100,1,,,,,100.0,0.0,100.0,0.0,,,72.0,28.0,,,100.0,42.0,100.0,671.0,28,28,100.0,0.0,100.0,0.0,200.0,0.0,100.0,4171.0,100.0,33345227552.0,100.0,41000401102.0
2019-01-02,ZJV132CA,ST12000NM0007,12000138625024,0,82,142497928,99.0,0.0,100.0,1.0,100.0,0.0,88.0,567649534.0,95,4382,100.0,0.0,100,1,,,,,100.0,0.0,100.0,0.0,,,72.0,28.0,,,100.0,43.0,100.0,672.0,28,28,100.0,0.0,100.0,0.0,200.0,0.0,100.0,4195.0,100.0,33423060912.0,100.0,41182482718.0
2019-01-03,ZJV132CA,ST12000NM0007,12000138625024,0,81.0,132759960.0,99.0,0.0,100.0,1.0,100.0,0.0,88.0,570314151.0,95.0,4406.0,100.0,0.0,100.0,1.0,,,,,100.0,0.0,100.0,0.0,,,72.0,28.0,,,100.0,44.0,100.0,673.0,28.0,28.0,100.0,0.0,100.0,0.0,200.0,0.0,100.0,4219.0,100.0,33509062976.0,100.0,41330883558.0
2019-01-04,ZJV132CA,ST12000NM0007,12000138625024,0,81,137424240,99.0,0.0,100.0,1.0,100.0,0.0,88.0,572992866.0,95,4429,100.0,0.0,100,1,,,,,100.0,0.0,100.0,0.0,,,72.0,28.0,,,100.0,45.0,100.0,674.0,28,28,100.0,0.0,100.0,0.0,200.0,0.0,100.0,4242.0,100.0,33600365640.0,100.0,41488386254.0
2019-01-05,ZJV132CA,ST12000NM0007,12000138625024,0,83,208760816,99.0,0.0,100.0,1.0,100.0,0.0,88.0,576259784.0,95,4453,100.0,0.0,100,1,,,,,100.0,0.0,100.0,0.0,,,72.0,28.0,,,100.0,45.0,100.0,675.0,28,28,100.0,0.0,100.0,0.0,200.0,0.0,100.0,4266.0,100.0,33715860520.0,100.0,41688368686.0
2019-01-06,ZJV132CA,ST12000NM0007,12000138625024,0,79,87409176,99.0,0.0,100.0,1.0,100.0,0.0,88.0,580053035.0,95,4478,100.0,0.0,100,1,,,,,100.0,0.0,100.0,0.0,,,71.0,29.0,,,100.0,45.0,100.0,676.0,29,29,100.0,0.0,100.0,0.0,200.0,0.0,100.0,4290.0,100.0,33856424288.0,100.0,41914734790.0
2019-01-07,ZJV132CA,ST12000NM0007,12000138625024,0,83,200463976,99.0,0.0,100.0,1.0,100.0,0.0,88.0,583766263.0,95,4503,100.0,0.0,100,1,,,,,100.0,0.0,100.0,0.0,,,72.0,28.0,,,100.0,46.0,100.0,677.0,28,28,100.0,0.0,100.0,0.0,200.0,0.0,100.0,4315.0,100.0,34024465496.0,100.0,42103889030.0
2019-01-08,ZJV132CA,ST12000NM0007,12000138625024,0,79,79083304,99.0,0.0,100.0,1.0,100.0,0.0,88.0,587519416.0,95,4527,100.0,0.0,100,1,,,,,100.0,0.0,100.0,0.0,,,72.0,28.0,,,100.0,46.0,100.0,678.0,28,28,100.0,0.0,100.0,0.0,200.0,0.0,100.0,4339.0,100.0,34199442616.0,100.0,42295812582.0
2019-01-09,ZJV132CA,ST12000NM0007,12000138625024,0,82,169484208,99.0,0.0,100.0,1.0,100.0,0.0,88.0,591385481.0,95,4551,100.0,0.0,100,1,,,,,100.0,0.0,100.0,0.0,,,72.0,28.0,,,100.0,47.0,100.0,679.0,28,28,100.0,0.0,100.0,0.0,200.0,0.0,100.0,4363.0,100.0,34361592648.0,100.0,42468204134.0
2019-01-10,ZJV132CA,ST12000NM0007,12000138625024,0,81,116131168,99.0,0.0,100.0,1.0,100.0,0.0,88.0,593963119.0,95,4567,100.0,0.0,100,1,,,,,100.0,0.0,100.0,0.0,,,72.0,28.0,,,100.0,48.0,100.0,680.0,28,28,100.0,0.0,100.0,0.0,200.0,0.0,100.0,4379.0,100.0,34426697792.0,100.0,42593886702.0
2019-01-11,ZJV132CA,ST12000NM0007,12000138625024,0,81.0,135829864.0,99.0,0.0,100.0,1.0,100.0,0.0,88.0,596730323.0,95.0,4597.0,100.0,0.0,100.0,1.0,,,,,100.0,0.0,100.0,0.0,,,72.0,28.0,,,100.0,49.0,100.0,681.0,28.0,28.0,100.0,0.0,100.0,0.0,200.0,0.0,100.0,4410.0,100.0,34487380040.0,100.0,42797043942.0
2019-01-12,ZJV132CA,ST12000NM0007,12000138625024,0,72,15560088,99.0,0.0,100.0,1.0,100.0,0.0,88.0,597986292.0,95,4613,100.0,0.0,100,1,,,,,100.0,0.0,100.0,0.0,,,72.0,28.0,,,100.0,49.0,100.0,681.0,28,28,100.0,0.0,100.0,0.0,200.0,0.0,100.0,4425.0,100.0,34515792648.0,100.0,42892502198.0
2019-01-13,ZJV132CA,ST12000NM0007,12000138625024,0,83,208522408,99.0,0.0,100.0,1.0,100.0,0.0,88.0,601786547.0,95,4645,100.0,0.0,100,1,,,,,100.0,0.0,100.0,0.0,,,72.0,28.0,,,100.0,50.0,100.0,683.0,28,28,100.0,0.0,100.0,0.0,200.0,0.0,100.0,4457.0,100.0,34588113224.0,100.0,43257284934.0
2019-01-14,ZJV132CA,ST12000NM0007,12000138625024,0,81,126514032,99.0,0.0,100.0,1.0,100.0,0.0,88.0,603226624.0,95,4661,100.0,0.0,100,1,,,,,100.0,0.0,100.0,0.0,,,72.0,28.0,,,100.0,50.0,100.0,683.0,28,28,100.0,0.0,100.0,0.0,200.0,0.0,100.0,4473.0,100.0,34618022968.0,100.0,43389507782.0
2019-01-15,ZJV132CA,ST12000NM0007,12000138625024,0,84.0,241926824.0,99.0,0.0,100.0,1.0,100.0,0.0,88.0,606376953.0,95.0,4693.0,100.0,0.0,100.0,1.0,,,,,100.0,0.0,100.0,0.0,,,72.0,28.0,,,100.0,52.0,100.0,685.0,28.0,28.0,100.0,0.0,100.0,0.0,200.0,0.0,100.0,4505.0,100.0,34696139160.0,100.0,43670946166.0
2019-01-16,ZJV132CA,ST12000NM0007,12000138625024,0,82,150867280,99.0,0.0,100.0,1.0,100.0,0.0,88.0,608519619.0,95,4709,100.0,0.0,100,1,,,,,100.0,0.0,100.0,0.0,,,72.0,28.0,,,100,52,100.0,685.0,28,28,100.0,0.0,100.0,0.0,200.0,0.0,100.0,4520.0,100.0,34740348960.0,100.0,43779817582.0
2019-01-17,ZJV132CA,ST12000NM0007,12000138625024,0,83,221339736,99.0,0.0,100.0,1.0,100.0,0.0,88.0,611619326.0,95,4740,100.0,0.0,100,1,,,,,100.0,0.0,100.0,0.0,,,72.0,28.0,,,100,52,100.0,687.0,28,28,100.0,0.0,100.0,0.0,200.0,0.0,100.0,4552.0,100.0,34818166408.0,100.0,44016613310.0
2019-01-18,ZJV132CA,ST12000NM0007,12000138625024,0,80,92331184,99.0,0.0,100.0,1.0,100.0,0.0,88.0,613117381.0,95,4756,100.0,0.0,100,1,,,,,100.0,0.0,100.0,0.0,,,72.0,28.0,,,100,53,100.0,688.0,28,28,100.0,0.0,100.0,0.0,200.0,0.0,100.0,4568.0,100.0,34854332992.0,100.0,44095578862.0
2019-01-19,ZJV132CA,ST12000NM0007,12000138625024,0,83,205511952,99.0,0.0,100.0,1.0,100.0,0.0,88.0,617416691.0,95,4788,100.0,0.0,100,1,,,,,100.0,0.0,100.0,0.0,,,72.0,28.0,,,100,53,100.0,689.0,28,28,100.0,0.0,100.0,0.0,200.0,0.0,100.0,4599.0,100.0,34946923616.0,100.0,44360310038.0
2019-01-20,ZJV132CA,ST12000NM0007,12000138625024,0,81,138261880,99.0,0.0,100.0,1.0,100.0,0.0,88.0,619062633.0,95,4804,100.0,0.0,100,1,,,,,100.0,0.0,100.0,0.0,,,72.0,28.0,,,100,53,100.0,689.0,28,28,100.0,0.0,100.0,0.0,200.0,0.0,100.0,4615.0,100.0,34987163024.0,100.0,44496961382.0
2019-01-21,ZJV132CA,ST12000NM0007,12000138625024,0,72,16008776,99.0,0.0,100.0,1.0,100.0,0.0,88.0,623212235.0,95,4835,100.0,0.0,100,1,,,,,100.0,0.0,100.0,0.0,,,72.0,28.0,,,100,53,100.0,691.0,28,28,100.0,0.0,100.0,0.0,200.0,0.0,100.0,4647.0,100.0,35095396760.0,100.0,44754755934.0
2019-01-22,ZJV132CA,ST12000NM0007,12000138625024,0,82.0,152158792.0,99.0,0.0,100.0,1.0,100.0,0.0,88.0,624815901.0,95.0,4851.0,100.0,0.0,100.0,1.0,,,,,100.0,0.0,100.0,0.0,,,72.0,28.0,,,100.0,53.0,100.0,691.0,28.0,28.0,100.0,0.0,100.0,0.0,200.0,0.0,100.0,4662.0,100.0,35145269536.0,100.0,44841033174.0
2019-01-23,ZJV132CA,ST12000NM0007,12000138625024,0,80.0,95658552.0,99.0,0.0,100.0,1.0,100.0,0.0,88.0,626597158.0,95.0,4867.0,100.0,0.0,100.0,1.0,,,,,100.0,0.0,100.0,0.0,,,72.0,28.0,,,100.0,54.0,100.0,692.0,28.0,28.0,100.0,0.0,100.0,0.0,200.0,0.0,100.0,4678.0,100.0,35198206208.0,100.0,44975736934.0
2019-01-24,ZJV132CA,ST12000NM0007,12000138625024,0,70.0,9948112.0,99.0,0.0,100.0,1.0,100.0,0.0,88.0,630629986.0,95.0,4899.0,100.0,0.0,100.0,1.0,,,,,100.0,0.0,100.0,0.0,,,72.0,28.0,,,100.0,54.0,100.0,693.0,28.0,28.0,100.0,0.0,100.0,0.0,200.0,0.0,100.0,4710.0,100.0,35332373952.0,100.0,45244140286.0
2019-01-25,ZJV132CA,ST12000NM0007,12000138625024,0,83,197457400,99.0,0.0,100.0,1.0,100.0,0.0,88.0,632424626.0,95,4915,100.0,0.0,100,1,,,,,100.0,0.0,100.0,0.0,,,72.0,28.0,,,100,55,100.0,694.0,28,28,100.0,0.0,100.0,0.0,200.0,0.0,100.0,4726.0,100.0,35385870296.0,100.0,45378153230.0
2019-01-26,ZJV132CA,ST12000NM0007,12000138625024,0,75,33126664,99.0,0.0,100.0,1.0,100.0,0.0,88.0,635841898.0,95,4946,100.0,0.0,100,1,,,,,100.0,0.0,100.0,0.0,,,72.0,28.0,,,100,56,100.0,695.0,28,28,100.0,0.0,100.0,0.0,200.0,0.0,100.0,4757.0,100.0,35479744504.0,100.0,45608229638.0
2019-01-27,ZJV132CA,ST12000NM0007,12000138625024,0,81,140763944,99.0,0.0,100.0,1.0,100.0,0.0,88.0,639359492.0,95,4978,100.0,0.0,100,1,,,,,100.0,0.0,100.0,0.0,,,72.0,28.0,,,100,57,100.0,697.0,28,28,100.0,0.0,100.0,0.0,200.0,0.0,100.0,4789.0,100.0,35566031088.0,100.0,45873721702.0
2019-01-28,ZJV132CA,ST12000NM0007,12000138625024,0,78,68453072,99.0,0.0,100.0,1.0,100.0,0.0,88.0,641425499.0,95,4994,100.0,0.0,100,1,,,,,100.0,0.0,100.0,0.0,,,72.0,28.0,,,100,57,100.0,697.0,28,28,100.0,0.0,100.0,0.0,200.0,0.0,100.0,4805.0,100.0,35630891800.0,100.0,45980690750.0
2019-01-29,ZJV132CA,ST12000NM0007,12000138625024,0,84,229886360,99.0,0.0,100.0,1.0,100.0,0.0,88.0,645893637.0,95,5026,100.0,0.0,100,1,,,,,100.0,0.0,100.0,0.0,,,72.0,28.0,,,100,58,100.0,699.0,28,28,100.0,0.0,100.0,0.0,200.0,0.0,100.0,4836.0,100.0,35746898296.0,100.0,46270258310.0
2019-01-30,ZJV132CA,ST12000NM0007,12000138625024,0,83,193963616,99.0,0.0,100.0,1.0,100.0,0.0,88.0,648205188.0,95,5042,100.0,0.0,100,1,,,,,100.0,0.0,100.0,0.0,,,72.0,28.0,,,100,58,100.0,699.0,28,28,100.0,0.0,100.0,0.0,200.0,0.0,100.0,4852.0,100.0,35814436312.0,100.0,46410938430.0
2019-01-31,ZJV132CA,ST12000NM0007,12000138625024,0,77,54407984,99.0,0.0,100.0,1.0,100.0,0.0,88.0,651976967.0,95,5073,100.0,0.0,100,1,,,,,100.0,0.0,100.0,0.0,,,72.0,28.0,,,100,59,100.0,701.0,28,28,100.0,0.0,100.0,0.0,200.0,0.0,100.0,4884.0,100.0,35924269872.0,100.0,46649830942.0
2019-02-01,ZJV132CA,ST12000NM0007,12000138625024,0,84,228598288,99.0,0.0,100.0,1.0,100.0,0.0,88.0,653678346.0,95,5089,100.0,0.0,100,1,,,,,100.0,0.0,100.0,0.0,,,72.0,28.0,,,100,59,100.0,701.0,28,28,100.0,0.0,100.0,0.0,200.0,0.0,100.0,4899.0,100.0,35984394648.0,100.0,46763896470.0
2019-02-02,ZJV132CA,ST12000NM0007,12000138625024,0,83.0,222267832.0,99.0,0.0,100.0,1.0,100.0,0.0,88.0,656280793.0,95.0,5121.0,100.0,0.0,100.0,1.0,,,,,100.0,0.0,100.0,0.0,,,72.0,28.0,,,100.0,61.0,100.0,703.0,28.0,28.0,100.0,0.0,100.0,0.0,200.0,0.0,100.0,4931.0,100.0,36008507176.0,100.0,46977594142.0
2019-02-03,ZJV132CA,ST12000NM0007,12000138625024,0,82,141681008,99.0,0.0,100.0,1.0,100.0,0.0,88.0,657611396.0,95,5137,100.0,0.0,100,1,,,,,100.0,0.0,100.0,0.0,,,72.0,28.0,,,100,61,100.0,703.0,28,28,100.0,0.0,100.0,0.0,200.0,0.0,100.0,4947.0,100.0,36016841184.0,100.0,47132814062.0
2019-02-04,ZJV132CA,ST12000NM0007,12000138625024,0,83,181222376,99.0,0.0,100.0,1.0,100.0,0.0,88.0,660664758.0,95,5169,100.0,0.0,100,1,,,,,100.0,0.0,100.0,0.0,,,72.0,28.0,,,100,63,100.0,705.0,28,28,100.0,0.0,100.0,0.0,200.0,0.0,100.0,4978.0,100.0,36033777920.0,100.0,47399559326.0
2019-02-05,ZJV132CA,ST12000NM0007,12000138625024,0,77.0,48132728.0,99.0,0.0,100.0,1.0,100.0,0.0,88.0,661758279.0,95.0,5185.0,100.0,0.0,100.0,1.0,,,,,100.0,0.0,100.0,0.0,,,72.0,28.0,,,100.0,63.0,100.0,705.0,28.0,28.0,100.0,0.0,100.0,0.0,200.0,0.0,100.0,4994.0,100.0,36041196184.0,100.0,47503192422.0
2019-02-06,ZJV132CA,ST12000NM0007,12000138625024,0,82,158167032,99.0,0.0,100.0,1.0,100.0,0.0,88.0,666978007.0,95,5216,100.0,0.0,100,1,,,,,100.0,0.0,100.0,0.0,,,71.0,29.0,,,100,64,100.0,707.0,29,29,100.0,0.0,100.0,0.0,200.0,0.0,100.0,5026.0,100.0,36178762144.0,100.0,47719801582.0
2019-02-07,ZJV132CA,ST12000NM0007,12000138625024,0,81.0,113777576.0,99.0,0.0,100.0,1.0,100.0,0.0,88.0,669111351.0,95.0,5232.0,100.0,0.0,100.0,1.0,,,,,100.0,0.0,100.0,0.0,,,72.0,28.0,,,100.0,64.0,100.0,707.0,28.0,28.0,100.0,0.0,100.0,0.0,200.0,0.0,100.0,5042.0,100.0,36267088648.0,100.0,47831226638.0
2019-02-08,ZJV132CA,ST12000NM0007,12000138625024,0,82,149507032,99.0,0.0,100.0,1.0,100.0,0.0,88.0,672112682.0,94,5264,100.0,0.0,100,1,,,,,100.0,0.0,100.0,0.0,,,72.0,28.0,,,100,65,100.0,709.0,28,28,100.0,0.0,100.0,0.0,200.0,0.0,100.0,5073.0,100.0,36345855864.0,100.0,48032330574.0
2019-02-09,ZJV132CA,ST12000NM0007,12000138625024,0,78.0,68421800.0,99.0,0.0,100.0,1.0,100.0,0.0,88.0,673744332.0,94.0,5279.0,100.0,0.0,100.0,1.0,,,,,100.0,0.0,100.0,0.0,,,72.0,28.0,,,100.0,65.0,100.0,709.0,28.0,28.0,100.0,0.0,100.0,0.0,200.0,0.0,100.0,5089.0,100.0,36386521592.0,100.0,48154720326.0
2019-02-10,ZJV132CA,ST12000NM0007,12000138625024,0,80,90971840,99.0,0.0,100.0,1.0,100.0,0.0,88.0,676626907.0,94,5311,100.0,0.0,100,1,,,,,100.0,0.0,100.0,0.0,,,72.0,28.0,,,100,67,100.0,711.0,28,28,100.0,0.0,100.0,0.0,200.0,0.0,100.0,5120.0,100.0,36460284776.0,100.0,48347647982.0
2019-02-11,ZJV132CA,ST12000NM0007,12000138625024,0,76,41194016,99.0,0.0,100.0,1.0,100.0,0.0,88.0,678830593.0,94,5327,100.0,0.0,100,1,,,,,100.0,0.0,100.0,0.0,,,72.0,28.0,,,100,67,100.0,711.0,28,28,100.0,0.0,100.0,0.0,200.0,0.0,100.0,5136.0,100.0,36511085920.0,100.0,48491209974.0
2019-02-12,ZJV132CA,ST12000NM0007,12000138625024,0,68.0,5720040.0,99.0,0.0,100.0,1.0,100.0,0.0,88.0,681246021.0,94.0,5358.0,100.0,0.0,100.0,1.0,,,,,100.0,0.0,100.0,0.0,,,72.0,28.0,,,100.0,68.0,100.0,713.0,28.0,28.0,100.0,0.0,100.0,0.0,200.0,0.0,100.0,5167.0,100.0,36584948824.0,100.0,48626014110.0
2019-02-13,ZJV132CA,ST12000NM0007,12000138625024,0,79,88353592,99.0,0.0,100.0,1.0,100.0,0.0,88.0,684956466.0,94,5390,100.0,0.0,100,1,,,,,100.0,0.0,100.0,0.0,,,72.0,28.0,,,100,69,100.0,714.0,28,28,100.0,0.0,100.0,0.0,200.0,0.0,100.0,5199.0,100.0,36699147728.0,100.0,48838589462.0
2019-02-14,ZJV132CA,ST12000NM0007,12000138625024,0,84,227700512,99.0,0.0,100.0,1.0,100.0,0.0,88.0,686617531.0,94,5406,100.0,0.0,100,1,,,,,100.0,0.0,100.0,0.0,,,72.0,28.0,,,100,69,100.0,714.0,28,28,100.0,0.0,100.0,0.0,200.0,0.0,100.0,5215.0,100.0,36748825696.0,100.0,48928258414.0
2019-02-15,ZJV132CA,ST12000NM0007,12000138625024,0,76.0,43908640.0,99.0,0.0,100.0,1.0,100.0,0.0,88.0,690926519.0,94.0,5438.0,100.0,0.0,100.0,1.0,,,,,100.0,0.0,100.0,0.0,,,72.0,28.0,,,100.0,70.0,100.0,716.0,28.0,28.0,100.0,0.0,100.0,0.0,200.0,0.0,100.0,5246.0,100.0,36848824640.0,100.0,49132749086.0
2019-02-16,ZJV132CA,ST12000NM0007,12000138625024,0,84.0,240298144.0,99.0,0.0,100.0,1.0,100.0,0.0,88.0,693002326.0,94.0,5454.0,100.0,0.0,100.0,1.0,,,,,100.0,0.0,100.0,0.0,,,71.0,29.0,,,100.0,70.0,100.0,716.0,29.0,29.0,100.0,0.0,100.0,0.0,200.0,0.0,100.0,5262.0,100.0,36913488312.0,100.0,49264474918.0
2019-02-17,ZJV132CA,ST12000NM0007,12000138625024,0,80,110078688,99.0,0.0,100.0,1.0,100.0,0.0,88.0,697549812.0,94,5485,100.0,0.0,100,1,,,,,100.0,0.0,100.0,0.0,,,71.0,29.0,,,100,70,100.0,718.0,29,29,100.0,0.0,100.0,0.0,200.0,0.0,100.0,5293.0,100.0,37062631616.0,100.0,49473393982.0
2019-02-18,ZJV132CA,ST12000NM0007,12000138625024,0,75,29228032,99.0,0.0,100.0,1.0,100.0,0.0,88.0,699423738.0,94,5501,100.0,0.0,100,1,,,,,100.0,0.0,100.0,0.0,,,72.0,28.0,,,100,70,100.0,718.0,28,28,100.0,0.0,100.0,0.0,200.0,0.0,100.0,5309.0,100.0,37130962680.0,100.0,49568352894.0
2019-02-19,ZJV132CA,ST12000NM0007,12000138625024,0,81,119363592,99.0,0.0,100.0,1.0,100.0,0.0,88.0,703123419.0,94,5533,100.0,0.0,100,1,,,,,100.0,0.0,100.0,0.0,,,72.0,28.0,,,100,70,100.0,720.0,28,28,100.0,0.0,100.0,0.0,200.0,0.0,100.0,5341.0,100.0,37260137368.0,100.0,49773454438.0
2019-02-20,ZJV132CA,ST12000NM0007,12000138625024,0,78.0,56303608.0,99.0,0.0,100.0,1.0,100.0,0.0,88.0,705660641.0,94.0,5548.0,100.0,0.0,100.0,1.0,,,,,100.0,0.0,100.0,0.0,,,71.0,29.0,,,100.0,70.0,100.0,720.0,29.0,29.0,100.0,0.0,100.0,0.0,200.0,0.0,100.0,5356.0,100.0,37342751736.0,100.0,49871920774.0
2019-02-21,ZJV132CA,ST12000NM0007,12000138625024,0,72,16174128,99.0,0.0,100.0,1.0,100.0,0.0,88.0,707847424.0,94,5564,100.0,0.0,100,1,,,,,100.0,0.0,100.0,0.0,,,72.0,28.0,,,100,70,100.0,721.0,28,28,100.0,0.0,100.0,0.0,200.0,0.0,100.0,5372.0,100.0,37446132808.0,100.0,49972550966.0
2019-02-22,ZJV132CA,ST12000NM0007,12000138625024,0,83,196851448,99.0,0.0,100.0,1.0,100.0,0.0,89.0,712157449.0,94,5596,100.0,0.0,100,1,,,,,100.0,0.0,100.0,0.0,,,71.0,29.0,,,100,71,100.0,722.0,29,29,100.0,0.0,100.0,0.0,200.0,0.0,100.0,5404.0,100.0,37601691656.0,100.0,50241810086.0
2019-02-23,ZJV132CA,ST12000NM0007,12000138625024,0,81.0,126413352.0,99.0,0.0,100.0,1.0,100.0,0.0,89.0,714065336.0,94.0,5612.0,100.0,0.0,100.0,1.0,,,,,100.0,0.0,100.0,0.0,,,72.0,28.0,,,100.0,71.0,100.0,723.0,28.0,28.0,100.0,0.0,100.0,0.0,200.0,0.0,100.0,5419.0,100.0,37667039832.0,100.0,50350164510.0
2019-02-24,ZJV132CA,ST12000NM0007,12000138625024,0,84,227686728,99.0,0.0,100.0,1.0,100.0,0.0,89.0,717970543.0,94,5644,100.0,0.0,100,1,,,,,100.0,0.0,100.0,0.0,,,73.0,27.0,,,100,71,100.0,724.0,27,27,100.0,0.0,100.0,0.0,200.0,0.0,100.0,5451.0,100.0,37788862632.0,100.0,50573755862.0
2019-02-25,ZJV132CA,ST12000NM0007,12000138625024,0,82,141860496,99.0,0.0,100.0,1.0,100.0,0.0,89.0,720277461.0,94,5660,100.0,0.0,100,1,,,,,100.0,0.0,100.0,0.0,,,73.0,27.0,,,100,71,100.0,725.0,27,27,100.0,0.0,100.0,0.0,200.0,0.0,100.0,5467.0,100.0,37829241992.0,100.0,50691691222.0
2019-02-26,ZJV132CA,ST12000NM0007,12000138625024,0,72,15123936,99.0,0.0,100.0,1.0,100.0,0.0,89.0,724878720.0,94,5691,100.0,0.0,100,1,,,,,100.0,0.0,100.0,0.0,,,73.0,27.0,,,100,71,100.0,726.0,27,27,100.0,0.0,100.0,0.0,200.0,0.0,100.0,5499.0,100.0,37934729264.0,100.0,50947748870.0
2019-02-27,ZJV132CA,ST12000NM0007,12000138625024,0,84.0,237983408.0,99.0,0.0,100.0,1.0,100.0,0.0,89.0,727020637.0,94.0,5707.0,100.0,0.0,100.0,1.0,,,,,100.0,0.0,100.0,0.0,,,73.0,27.0,,,100.0,71.0,100.0,727.0,27.0,27.0,100.0,0.0,100.0,0.0,200.0,0.0,100.0,5515.0,100.0,38002255400.0,100.0,51103082206.0
2019-02-28,ZJV132CA,ST12000NM0007,12000138625024,0,78,70370656,99.0,0.0,100.0,1.0,100.0,0.0,89.0,731370337.0,94,5739,100.0,0.0,100,1,,,,,100.0,0.0,100.0,0.0,,,74.0,26.0,,,100,71,100.0,728.0,26,26,100.0,0.0,100.0,0.0,200.0,0.0,100.0,5546.0,100.0,38121342232.0,100.0,51304663950.0
2019-03-01,ZJV132CA,ST12000NM0007,12000138625024,0,82.0,174160832.0,99.0,0.0,100.0,1.0,100.0,0.0,89.0,735150673.0,94.0,5771.0,100.0,0.0,100.0,1.0,,,,,100.0,0.0,100.0,0.0,,,74.0,26.0,,,100.0,72.0,100.0,730.0,26.0,26.0,100.0,0.0,100.0,0.0,200.0,0.0,100.0,5578.0,100.0,38258035056.0,100.0,51515902062.0
2019-03-02,ZJV132CA,ST12000NM0007,12000138625024,0,80.0,109001968.0,99.0,0.0,100.0,1.0,100.0,0.0,89.0,737085607.0,94.0,5786.0,100.0,0.0,100.0,1.0,,,,,100.0,0.0,100.0,0.0,,,74.0,26.0,,,100.0,72.0,100.0,730.0,26.0,26.0,100.0,0.0,100.0,0.0,200.0,0.0,100.0,5593.0,100.0,38323758328.0,100.0,51629160638.0
2019-03-03,ZJV132CA,ST12000NM0007,12000138625024,0,82.0,177586056.0,99.0,0.0,100.0,1.0,100.0,0.0,89.0,740744968.0,94.0,5818.0,100.0,0.0,100.0,1.0,,,,,100.0,0.0,100.0,0.0,,,73.0,27.0,,,100.0,72.0,100.0,732.0,27.0,27.0,100.0,0.0,100.0,0.0,200.0,0.0,100.0,5625.0,100.0,38436038064.0,100.0,51829605718.0
2019-03-04,ZJV132CA,ST12000NM0007,12000138625024,0,79,85222712,99.0,0.0,100.0,1.0,100.0,0.0,89.0,743110750.0,94,5834,100.0,0.0,100,1,,,,,100.0,0.0,100.0,0.0,,,74.0,26.0,,,100,72,100.0,732.0,26,26,100.0,0.0,100.0,0.0,200.0,0.0,100.0,5641.0,100.0,38481774280.0,100.0,51935647062.0
2019-03-05,ZJV132CA,ST12000NM0007,12000138625024,0,82.0,164925648.0,99.0,0.0,100.0,1.0,100.0,0.0,89.0,746956863.0,94.0,5866.0,100.0,0.0,100.0,1.0,,,,,100.0,0.0,100.0,0.0,,,74.0,26.0,,,100.0,72.0,100.0,734.0,26.0,26.0,100.0,0.0,100.0,0.0,200.0,0.0,100.0,5673.0,100.0,38621188912.0,100.0,52120076014.0
2019-03-06,ZJV132CA,ST12000NM0007,12000138625024,0,79.0,78267032.0,99.0,0.0,100.0,1.0,100.0,0.0,89.0,749634832.0,94.0,5882.0,100.0,0.0,100.0,1.0,,,,,100.0,0.0,100.0,0.0,,,74.0,26.0,,,100.0,72.0,100.0,734.0,26.0,26.0,100.0,0.0,100.0,0.0,200.0,0.0,100.0,5688.0,100.0,38677863264.0,100.0,52220884174.0
2019-03-07,ZJV132CA,ST12000NM0007,12000138625024,0,83.0,184614080.0,99.0,0.0,100.0,1.0,100.0,0.0,89.0,753678021.0,94.0,5913.0,100.0,0.0,100.0,1.0,,,,,100.0,0.0,100.0,0.0,,,74.0,26.0,,,100.0,72.0,100.0,736.0,26.0,26.0,100.0,0.0,100.0,0.0,200.0,0.0,100.0,5720.0,100.0,38826973424.0,100.0,52422262270.0
2019-03-08,ZJV132CA,ST12000NM0007,12000138625024,0,81.0,123990936.0,99.0,0.0,100.0,1.0,100.0,0.0,89.0,755448909.0,94.0,5929.0,100.0,0.0,100.0,1.0,,,,,100.0,0.0,100.0,0.0,,,74.0,26.0,,,100.0,72.0,100.0,736.0,26.0,26.0,100.0,0.0,100.0,0.0,200.0,0.0,100.0,5736.0,100.0,38883594856.0,100.0,52549158422.0
2019-03-09,ZJV132CA,ST12000NM0007,12000138625024,0,83.0,201203856.0,99.0,0.0,100.0,1.0,100.0,0.0,89.0,759040572.0,94.0,5961.0,100.0,0.0,100.0,1.0,,,,,100.0,0.0,100.0,0.0,,,72.0,28.0,,,100.0,72.0,100.0,738.0,28.0,28.0,100.0,0.0,100.0,0.0,200.0,0.0,100.0,5767.0,100.0,39012545552.0,100.0,52741561358.0
2019-03-10,ZJV132CA,ST12000NM0007,12000138625024,0,80.0,105869568.0,99.0,0.0,100.0,1.0,100.0,0.0,89.0,760842337.0,94.0,5977.0,100.0,0.0,100.0,1.0,,,,,100.0,0.0,100.0,0.0,,,71.0,29.0,,,100.0,72.0,100.0,738.0,29.0,29.0,100.0,0.0,100.0,0.0,200.0,0.0,100.0,5783.0,100.0,39074392768.0,100.0,52828520654.0
2019-03-11,ZJV132CA,ST12000NM0007,12000138625024,0,83.0,214439336.0,99.0,0.0,100.0,1.0,100.0,0.0,89.0,766350510.0,94.0,6008.0,100.0,0.0,100.0,1.0,,,,,100.0,0.0,100.0,0.0,,,72.0,28.0,,,100.0,72.0,100.0,740.0,28.0,28.0,100.0,0.0,100.0,0.0,200.0,0.0,100.0,5814.0,100.0,39216071408.0,100.0,53039552558.0
2019-03-12,ZJV132CA,ST12000NM0007,12000138625024,0,82.0,155895064.0,99.0,0.0,100.0,1.0,100.0,0.0,89.0,768633291.0,94.0,6024.0,100.0,0.0,100.0,1.0,,,,,100.0,0.0,100.0,0.0,,,71.0,29.0,,,100.0,72.0,100.0,740.0,29.0,29.0,100.0,0.0,100.0,0.0,200.0,0.0,100.0,5830.0,100.0,39301534656.0,100.0,53139685782.0
2019-03-13,ZJV132CA,ST12000NM0007,12000138625024,0,75.0,29619776.0,99.0,0.0,100.0,1.0,100.0,0.0,89.0,773460668.0,94.0,6056.0,100.0,0.0,100.0,1.0,,,,,100.0,0.0,100.0,0.0,,,73.0,27.0,,,100.0,73.0,100.0,742.0,27.0,27.0,100.0,0.0,100.0,0.0,200.0,0.0,100.0,5862.0,100.0,39443126656.0,100.0,53360099950.0
2019-03-14,ZJV132CA,ST12000NM0007,12000138625024,0,83.0,217528552.0,99.0,0.0,100.0,1.0,100.0,0.0,89.0,775469679.0,94.0,6072.0,100.0,0.0,100.0,1.0,,,,,100.0,0.0,100.0,0.0,,,73.0,27.0,,,100.0,73.0,100.0,742.0,27.0,27.0,100.0,0.0,100.0,0.0,200.0,0.0,100.0,5877.0,100.0,39509281120.0,100.0,53481854262.0
2019-03-15,ZJV132CA,ST12000NM0007,12000138625024,0,76.0,42974976.0,99.0,0.0,100.0,1.0,100.0,0.0,89.0,779150569.0,94.0,6103.0,100.0,0.0,100.0,1.0,,,,,100.0,0.0,100.0,0.0,,,73.0,27.0,,,100.0,73.0,100.0,744.0,27.0,27.0,100.0,0.0,100.0,0.0,200.0,0.0,100.0,5909.0,100.0,39627913760.0,100.0,53676949806.0
2019-03-16,ZJV132CA,ST12000NM0007,12000138625024,0,83.0,203828768.0,99.0,0.0,100.0,1.0,100.0,0.0,89.0,780917022.0,94.0,6119.0,100.0,0.0,100.0,1.0,,,,,100.0,0.0,100.0,0.0,,,73.0,27.0,,,100.0,73.0,100.0,744.0,27.0,27.0,100.0,0.0,100.0,0.0,200.0,0.0,100.0,5925.0,100.0,39676117288.0,100.0,53789600070.0
2019-03-17,ZJV132CA,ST12000NM0007,12000138625024,0,78.0,67489288.0,99.0,0.0,100.0,1.0,100.0,0.0,89.0,785384342.0,93.0,6151.0,100.0,0.0,100.0,1.0,,,,,100.0,0.0,100.0,0.0,,,73.0,27.0,,,100.0,75.0,100.0,746.0,27.0,27.0,100.0,0.0,100.0,0.0,200.0,0.0,100.0,5956.0,100.0,39811679552.0,100.0,54005980206.0
2019-03-18,ZJV132CA,ST12000NM0007,12000138625024,0,84.0,242312632.0,99.0,0.0,100.0,1.0,100.0,0.0,89.0,788267941.0,93.0,6167.0,100.0,0.0,100.0,1.0,,,,,100.0,0.0,100.0,0.0,,,73.0,27.0,,,100.0,75.0,100.0,746.0,27.0,27.0,100.0,0.0,100.0,0.0,200.0,0.0,100.0,5972.0,100.0,39854645752.0,100.0,54137837350.0
2019-03-19,ZJV132CA,ST12000NM0007,12000138625024,0,76.0,43749080.0,99.0,0.0,100.0,1.0,100.0,0.0,89.0,791925896.0,93.0,6199.0,100.0,0.0,100.0,1.0,,,,,100.0,0.0,100.0,0.0,,,72.0,28.0,,,100.0,76.0,100.0,748.0,28.0,28.0,100.0,0.0,100.0,0.0,200.0,0.0,100.0,6004.0,100.0,39938404576.0,100.0,54343796294.0
2019-03-20,ZJV132CA,ST12000NM0007,12000138625024,0,83.0,211103296.0,99.0,0.0,100.0,1.0,100.0,0.0,89.0,794143311.0,93.0,6215.0,100.0,0.0,100.0,1.0,,,,,100.0,0.0,100.0,0.0,,,72.0,28.0,,,100.0,76.0,100.0,748.0,28.0,28.0,100.0,0.0,100.0,0.0,200.0,0.0,100.0,6019.0,100.0,39987254024.0,100.0,54462301062.0
2019-03-21,ZJV132CA,ST12000NM0007,12000138625024,0,83.0,199895536.0,99.0,0.0,100.0,1.0,100.0,0.0,89.0,797398760.0,93.0,6246.0,100.0,0.0,100.0,1.0,,,,,100.0,0.0,100.0,0.0,,,73.0,27.0,,,100.0,77.0,100.0,749.0,27.0,27.0,100.0,0.0,100.0,0.0,200.0,0.0,100.0,6051.0,100.0,40048029264.0,100.0,54634458766.0
2019-03-22,ZJV132CA,ST12000NM0007,12000138625024,0,78.0,63371456.0,99.0,0.0,100.0,1.0,100.0,0.0,89.0,798710209.0,93.0,6262.0,100.0,0.0,100.0,1.0,,,,,100.0,0.0,100.0,0.0,,,73.0,27.0,,,100.0,78.0,100.0,750.0,27.0,27.0,100.0,0.0,100.0,0.0,200.0,0.0,100.0,6066.0,100.0,40073337376.0,100.0,54716767374.0
2019-03-23,ZJV132CA,ST12000NM0007,12000138625024,0,80.0,104112880.0,99.0,0.0,100.0,1.0,100.0,0.0,89.0,802945318.0,93.0,6294.0,100.0,0.0,100.0,1.0,,,,,100.0,0.0,100.0,0.0,,,72.0,28.0,,,100.0,79.0,100.0,751.0,28.0,28.0,100.0,0.0,100.0,0.0,200.0,0.0,100.0,6098.0,100.0,40146788480.0,100.0,54928198390.0
2019-03-24,ZJV132CA,ST12000NM0007,12000138625024,0,84.0,229019616.0,99.0,0.0,100.0,1.0,100.0,0.0,89.0,804383683.0,93.0,6309.0,100.0,0.0,100.0,1.0,,,,,100.0,0.0,100.0,0.0,,,73.0,27.0,,,100.0,79.0,100.0,752.0,27.0,27.0,100.0,0.0,100.0,0.0,200.0,0.0,100.0,6114.0,100.0,40183748336.0,100.0,55016145270.0
2019-03-25,ZJV132CA,ST12000NM0007,12000138625024,0,71.0,13388584.0,99.0,0.0,100.0,1.0,100.0,0.0,89.0,808140385.0,93.0,6341.0,100.0,0.0,100.0,1.0,,,,,100.0,0.0,100.0,0.0,,,73.0,27.0,,,100.0,79.0,100.0,753.0,27.0,27.0,100.0,0.0,100.0,0.0,200.0,0.0,100.0,6146.0,100.0,40255217384.0,100.0,55217326630.0
2019-03-26,ZJV132CA,ST12000NM0007,12000138625024,0,80.0,104562728.0,99.0,0.0,100.0,1.0,100.0,0.0,89.0,809453206.0,93.0,6357.0,100.0,0.0,100.0,1.0,,,,,100.0,0.0,100.0,0.0,,,73.0,27.0,,,100.0,80.0,100.0,754.0,27.0,27.0,100.0,0.0,100.0,0.0,200.0,0.0,100.0,6161.0,100.0,40283657552.0,100.0,55280060606.0
2019-03-27,ZJV132CA,ST12000NM0007,12000138625024,0,80.0,95460016.0,99.0,0.0,100.0,1.0,100.0,0.0,89.0,813234820.0,93.0,6389.0,100.0,0.0,100.0,1.0,,,,,100.0,0.0,100.0,0.0,,,72.0,28.0,,,100.0,81.0,100.0,755.0,28.0,28.0,100.0,0.0,100.0,0.0,200.0,0.0,100.0,6193.0,100.0,40351351496.0,100.0,55447404582.0
2019-03-28,ZJV132CA,ST12000NM0007,12000138625024,0,79.0,75112184.0,99.0,0.0,100.0,1.0,100.0,0.0,89.0,816081879.0,93.0,6420.0,100.0,0.0,100.0,1.0,,,,,100.0,0.0,100.0,0.0,,,74.0,26.0,,,100.0,81.0,100.0,757.0,26.0,26.0,100.0,0.0,100.0,0.0,200.0,0.0,100.0,6224.0,100.0,40415307320.0,100.0,55607241566.0
2019-03-29,ZJV132CA,ST12000NM0007,12000138625024,0,83.0,220157552.0,99.0,0.0,100.0,1.0,100.0,0.0,89.0,817751451.0,93.0,6436.0,100.0,0.0,100.0,1.0,,,,,100.0,0.0,100.0,0.0,,,75.0,25.0,,,100.0,81.0,100.0,757.0,25.0,25.0,100.0,0.0,100.0,0.0,200.0,0.0,100.0,6240.0,100.0,40441640720.0,100.0,55725953534.0
2019-03-30,ZJV132CA,ST12000NM0007,12000138625024,0,73.0,20535464.0,99.0,0.0,100.0,1.0,100.0,0.0,89.0,820760268.0,93.0,6468.0,100.0,0.0,100.0,1.0,,,,,100.0,0.0,100.0,0.0,,,74.0,26.0,,,100.0,82.0,100.0,759.0,26.0,26.0,100.0,0.0,100.0,0.0,200.0,0.0,100.0,6271.0,100.0,40499753208.0,100.0,55956500518.0
2019-03-31,ZJV132CA,ST12000NM0007,12000138625024,0,82.0,166693016.0,99.0,0.0,100.0,1.0,100.0,0.0,89.0,822160976.0,93.0,6484.0,100.0,0.0,100.0,1.0,,,,,100.0,0.0,100.0,0.0,,,75.0,25.0,,,100.0,82.0,100.0,759.0,25.0,25.0,100.0,0.0,100.0,0.0,200.0,0.0,100.0,6287.0,100.0,40537183496.0,100.0,56065227782.0
2019-04-01,ZJV132CA,ST12000NM0007,12000138625024,0,84.0,234760336.0,99.0,0.0,100.0,1.0,100.0,0.0,89.0,826459313.0,93.0,6515.0,100.0,0.0,100.0,1.0,,,,,100.0,0.0,100.0,0.0,,,75.0,25.0,,,100.0,82.0,100.0,761.0,25.0,25.0,100.0,0.0,100.0,0.0,200.0,0.0,100.0,6319.0,100.0,40612965440.0,100.0,56301653950.0
2019-04-02,ZJV132CA,ST12000NM0007,12000138625024,0,80.0,110762088.0,99.0,0.0,100.0,1.0,100.0,0.0,89.0,827913911.0,93.0,6531.0,100.0,0.0,100.0,1.0,,,,,100.0,0.0,100.0,0.0,,,75.0,25.0,,,100.0,82.0,100.0,761.0,25.0,25.0,100.0,0.0,100.0,0.0,200.0,0.0,100.0,6335.0,100.0,40655164744.0,100.0,56379597622.0
2019-04-03,ZJV132CA,ST12000NM0007,12000138625024,0,83.0,187111160.0,99.0,0.0,100.0,1.0,100.0,0.0,89.0,832022852.0,93.0,6563.0,100.0,0.0,100.0,1.0,,,,,100.0,0.0,100.0,0.0,,,74.0,26.0,,,100.0,84.0,100.0,763.0,26.0,26.0,100.0,0.0,100.0,0.0,200.0,0.0,100.0,6366.0,100.0,40742357584.0,100.0,56612894510.0
2019-04-04,ZJV132CA,ST12000NM0007,12000138625024,0,79.0,82529272.0,99.0,0.0,100.0,1.0,100.0,0.0,89.0,833514712.0,93.0,6579.0,100.0,0.0,100.0,1.0,,,,,100.0,0.0,100.0,0.0,,,74.0,26.0,,,100.0,84.0,100.0,763.0,26.0,26.0,100.0,0.0,100.0,0.0,200.0,0.0,100.0,6382.0,100.0,40781058528.0,100.0,56713752486.0
2019-04-05,ZJV132CA,ST12000NM0007,12000138625024,0,83.0,192832896.0,99.0,0.0,100.0,1.0,100.0,0.0,89.0,837736527.0,93.0,6610.0,100.0,0.0,100.0,1.0,,,,,100.0,0.0,100.0,0.0,,,73.0,27.0,,,100.0,85.0,100.0,765.0,27.0,27.0,100.0,0.0,100.0,0.0,200.0,0.0,100.0,6414.0,100.0,40872394120.0,100.0,56976861158.0
2019-04-06,ZJV132CA,ST12000NM0007,12000138625024,0,81.0,116592472.0,99.0,0.0,100.0,1.0,100.0,0.0,89.0,839877338.0,93.0,6626.0,100.0,0.0,100.0,1.0,,,,,100.0,0.0,100.0,0.0,,,74.0,26.0,,,100.0,85.0,100.0,765.0,26.0,26.0,100.0,0.0,100.0,0.0,200.0,0.0,100.0,6429.0,100.0,40915202488.0,100.0,57101953206.0
2019-04-07,ZJV132CA,ST12000NM0007,12000138625024,0,83.0,212689904.0,99.0,0.0,100.0,1.0,100.0,0.0,89.0,843518596.0,93.0,6658.0,100.0,0.0,100.0,1.0,,,,,100.0,0.0,100.0,0.0,,,74.0,26.0,,,100.0,85.0,100.0,767.0,26.0,26.0,100.0,0.0,100.0,0.0,200.0,0.0,100.0,6461.0,100.0,40996736816.0,100.0,57360657078.0
2019-04-08,ZJV132CA,ST12000NM0007,12000138625024,0,81.0,117085056.0,99.0,0.0,100.0,1.0,100.0,0.0,89.0,845740480.0,93.0,6674.0,100.0,0.0,100.0,1.0,,,,,100.0,0.0,100.0,0.0,,,75.0,25.0,,,100.0,85.0,100.0,767.0,25.0,25.0,100.0,0.0,100.0,0.0,200.0,0.0,100.0,6477.0,100.0,41033809856.0,100.0,57472119982.0
2019-04-09,ZJV132CA,ST12000NM0007,12000138625024,0,82.0,160897800.0,99.0,0.0,100.0,1.0,100.0,0.0,89.0,849193796.0,93.0,6706.0,100.0,0.0,100.0,1.0,,,,,100.0,0.0,100.0,0.0,,,75.0,25.0,,,100.0,87.0,100.0,769.0,25.0,25.0,100.0,0.0,100.0,0.0,200.0,0.0,100.0,6509.0,100.0,41142962400.0,100.0,57650920934.0
2019-04-10,ZJV132CA,ST12000NM0007,12000138625024,0,79.0,82212640.0,99.0,0.0,100.0,1.0,100.0,0.0,89.0,851750139.0,93.0,6721.0,100.0,0.0,100.0,1.0,,,,,100.0,0.0,100.0,0.0,,,75.0,25.0,,,100.0,87.0,100.0,769.0,25.0,25.0,100.0,0.0,100.0,0.0,200.0,0.0,100.0,6524.0,100.0,41186183584.0,100.0,57773155286.0
2019-04-11,ZJV132CA,ST12000NM0007,12000138625024,0,83.0,178242744.0,99.0,0.0,100.0,1.0,100.0,0.0,89.0,855175354.0,93.0,6753.0,100.0,0.0,100.0,1.0,,,,,100.0,0.0,100.0,0.0,,,75.0,25.0,,,100.0,87.0,100.0,770.0,25.0,25.0,100.0,0.0,100.0,0.0,200.0,0.0,100.0,6556.0,100.0,41260817680.0,100.0,58038692286.0
2019-04-12,ZJV132CA,ST12000NM0007,12000138625024,0,78.0,57449336.0,99.0,0.0,100.0,1.0,100.0,0.0,89.0,856347216.0,93.0,6769.0,100.0,0.0,100.0,1.0,,,,,100.0,0.0,100.0,0.0,,,73.0,27.0,,,100.0,87.0,100.0,771.0,27.0,27.0,100.0,0.0,100.0,0.0,200.0,0.0,100.0,6572.0,100.0,41266833360.0,100.0,58156024158.0
2019-04-13,ZJV132CA,ST12000NM0007,12000138625024,0,75.0,31310056.0,99.0,0.0,100.0,1.0,100.0,0.0,89.0,858663913.0,93.0,6801.0,100.0,0.0,100.0,1.0,,,,,100.0,0.0,100.0,0.0,,,73.0,27.0,,,100.0,88.0,100.0,772.0,27.0,27.0,100.0,0.0,100.0,0.0,200.0,0.0,100.0,6603.0,100.0,41297459976.0,100.0,58343398942.0
2019-04-14,ZJV132CA,ST12000NM0007,12000138625024,0,83.0,188820512.0,99.0,0.0,100.0,1.0,100.0,0.0,89.0,860347885.0,93.0,6817.0,100.0,0.0,100.0,1.0,,,,,100.0,0.0,100.0,0.0,,,73.0,27.0,,,100.0,88.0,100.0,773.0,27.0,27.0,100.0,0.0,100.0,0.0,200.0,0.0,100.0,6619.0,100.0,41338373712.0,100.0,58459995662.0
2019-04-15,ZJV132CA,ST12000NM0007,12000138625024,0,71.0,11802920.0,99.0,0.0,100.0,1.0,100.0,0.0,89.0,864350617.0,93.0,6848.0,100.0,0.0,100.0,1.0,,,,,100.0,0.0,100.0,0.0,,,73.0,27.0,,,100.0,89.0,100.0,774.0,27.0,27.0,100.0,0.0,100.0,0.0,200.0,0.0,100.0,6651.0,100.0,41412814160.0,100.0,58696819174.0
2019-04-16,ZJV132CA,ST12000NM0007,12000138625024,0,83.0,185768160.0,99.0,0.0,100.0,1.0,100.0,0.0,89.0,866037429.0,93.0,6864.0,100.0,0.0,100.0,1.0,,,,,100.0,0.0,100.0,0.0,,,72.0,28.0,,,100.0,90.0,100.0,775.0,28.0,28.0,100.0,0.0,100.0,0.0,200.0,0.0,100.0,6667.0,100.0,41462575768.0,100.0,58821022806.0
2019-04-17,ZJV132CA,ST12000NM0007,12000138625024,0,77.0,47664128.0,99.0,0.0,100.0,1.0,100.0,0.0,89.0,870290640.0,93.0,6896.0,100.0,0.0,100.0,1.0,,,,,100.0,0.0,100.0,0.0,,,72.0,28.0,,,100.0,91.0,100.0,776.0,28.0,28.0,100.0,0.0,100.0,0.0,200.0,0.0,100.0,6698.0,100.0,41565776632.0,100.0,59067999294.0
2019-04-18,ZJV132CA,ST12000NM0007,12000138625024,0,83.0,208821544.0,99.0,0.0,100.0,1.0,100.0,0.0,89.0,872037762.0,93.0,6912.0,100.0,0.0,100.0,1.0,,,,,100.0,0.0,100.0,0.0,,,72.0,28.0,,,100.0,92.0,100.0,777.0,28.0,28.0,100.0,0.0,100.0,0.0,200.0,0.0,100.0,6713.0,100.0,41627713080.0,100.0,59167220262.0
2019-04-19,ZJV132CA,ST12000NM0007,12000138625024,0,78.0,63573064.0,99.0,0.0,100.0,1.0,100.0,0.0,89.0,875692737.0,93.0,6943.0,100.0,0.0,100.0,1.0,,,,,100.0,0.0,100.0,0.0,,,72.0,28.0,,,100.0,93.0,100.0,778.0,28.0,28.0,100.0,0.0,100.0,0.0,200.0,0.0,100.0,6745.0,100.0,41749463816.0,100.0,59388502366.0
2019-04-20,ZJV132CA,ST12000NM0007,12000138625024,0,83.0,219351136.0,99.0,0.0,100.0,1.0,100.0,0.0,89.0,877754433.0,93.0,6959.0,100.0,0.0,100.0,1.0,,,,,100.0,0.0,100.0,0.0,,,72.0,28.0,,,100.0,93.0,100.0,779.0,28.0,28.0,100.0,0.0,100.0,0.0,200.0,0.0,100.0,6761.0,100.0,41815340576.0,100.0,59478403678.0
2019-04-21,ZJV132CA,ST12000NM0007,12000138625024,0,83.0,220353424.0,99.0,0.0,100.0,1.0,100.0,0.0,89.0,882256751.0,93.0,6991.0,100.0,0.0,100.0,1.0,,,,,100.0,0.0,100.0,0.0,,,72.0,28.0,,,100.0,93.0,100.0,780.0,28.0,28.0,100.0,0.0,100.0,0.0,200.0,0.0,100.0,6792.0,100.0,41884529856.0,100.0,59654357422.0
2019-04-22,ZJV132CA,ST12000NM0007,12000138625024,0,81.0,129139664.0,99.0,0.0,100.0,1.0,100.0,0.0,89.0,884714127.0,93.0,7007.0,100.0,0.0,100.0,1.0,,,,,100.0,0.0,100.0,0.0,,,73.0,27.0,,,100.0,93.0,100.0,781.0,27.0,27.0,100.0,0.0,100.0,0.0,200.0,0.0,100.0,6808.0,100.0,41917270096.0,100.0,59774544070.0
2019-04-23,ZJV132CA,ST12000NM0007,12000138625024,0,82.0,177024720.0,99.0,0.0,100.0,1.0,100.0,0.0,89.0,887728259.0,92.0,7039.0,100.0,0.0,100.0,1.0,,,,,100.0,0.0,100.0,0.0,,,72.0,28.0,,,100.0,94.0,100.0,782.0,28.0,28.0,100.0,0.0,100.0,0.0,200.0,0.0,100.0,6840.0,100.0,41993455584.0,100.0,59990384550.0
2019-04-24,ZJV132CA,ST12000NM0007,12000138625024,0,84.0,235710936.0,99.0,0.0,100.0,1.0,100.0,0.0,90.0,891676433.0,92.0,7070.0,100.0,0.0,100.0,1.0,,,,,100.0,0.0,100.0,0.0,,,73.0,27.0,,,100.0,94.0,100.0,784.0,27.0,27.0,100.0,0.0,100.0,0.0,200.0,0.0,100.0,6871.0,100.0,42083202216.0,100.0,60203464798.0
2019-04-25,ZJV132CA,ST12000NM0007,12000138625024,0,80.0,105444960.0,99.0,0.0,100.0,1.0,100.0,0.0,90.0,893102097.0,92.0,7086.0,100.0,0.0,100.0,1.0,,,,,100.0,0.0,100.0,0.0,,,72.0,28.0,,,100.0,94.0,100.0,784.0,28.0,28.0,100.0,0.0,100.0,0.0,200.0,0.0,100.0,6887.0,100.0,42121648576.0,100.0,60278893206.0
2019-04-26,ZJV132CA,ST12000NM0007,12000138625024,0,82.0,143198896.0,99.0,0.0,100.0,1.0,100.0,0.0,90.0,896476321.0,92.0,7118.0,100.0,0.0,100.0,1.0,,,,,100.0,0.0,100.0,0.0,,,72.0,28.0,,,100.0,95.0,100.0,786.0,28.0,28.0,100.0,0.0,100.0,0.0,200.0,0.0,100.0,6918.0,100.0,42231980296.0,100.0,60450456766.0
2019-04-27,ZJV132CA,ST12000NM0007,12000138625024,0,75.0,29644384.0,99.0,0.0,100.0,1.0,100.0,0.0,90.0,898247068.0,92.0,7134.0,100.0,0.0,100.0,1.0,,,,,100.0,0.0,100.0,0.0,,,72.0,28.0,,,100.0,95.0,100.0,786.0,28.0,28.0,100.0,0.0,100.0,0.0,200.0,0.0,100.0,6934.0,100.0,42285711488.0,100.0,60527311798.0
2019-04-28,ZJV132CA,ST12000NM0007,12000138625024,0,81.0,112996600.0,99.0,0.0,100.0,1.0,100.0,0.0,90.0,902600861.0,92.0,7165.0,100.0,0.0,100.0,1.0,,,,,100.0,0.0,100.0,0.0,,,71.0,29.0,,,100.0,95.0,100.0,788.0,29.0,29.0,100.0,0.0,100.0,0.0,200.0,0.0,100.0,6966.0,100.0,42408702368.0,100.0,60731813790.0
2019-04-29,ZJV132CA,ST12000NM0007,12000138625024,0,72.0,15292296.0,99.0,0.0,100.0,1.0,100.0,0.0,90.0,904608069.0,92.0,7181.0,100.0,0.0,100.0,1.0,,,,,100.0,0.0,100.0,0.0,,,72.0,28.0,,,100.0,95.0,100.0,788.0,28.0,28.0,100.0,0.0,100.0,0.0,200.0,0.0,100.0,6982.0,100.0,42467830832.0,100.0,60819121654.0
2019-04-30,ZJV132CA,ST12000NM0007,12000138625024,0,78.0,61421552.0,99.0,0.0,100.0,1.0,100.0,0.0,90.0,908569848.0,92.0,7213.0,100.0,0.0,100.0,1.0,,,,,100.0,0.0,100.0,0.0,,,72.0,28.0,,,100.0,95.0,100.0,790.0,28.0,28.0,100.0,0.0,100.0,0.0,200.0,0.0,100.0,7013.0,100.0,42596780152.0,100.0,60980442430.0
2019-05-01,ZJV132CA,ST12000NM0007,12000138625024,0,83.0,204406440.0,99.0,0.0,100.0,1.0,100.0,0.0,90.0,911388012.0,92.0,7229.0,100.0,0.0,100.0,1.0,,,,,100.0,0.0,100.0,0.0,,,72.0,28.0,,,100.0,95.0,100.0,790.0,28.0,28.0,100.0,0.0,100.0,0.0,200.0,0.0,100.0,7029.0,100.0,42656754808.0,100.0,61063452662.0
2019-05-02,ZJV132CA,ST12000NM0007,12000138625024,0,84.0,236553912.0,99.0,0.0,100.0,1.0,100.0,0.0,90.0,914908103.0,92.0,7260.0,100.0,0.0,100.0,1.0,,,,,100.0,0.0,100.0,0.0,,,72.0,28.0,,,100.0,96.0,100.0,792.0,28.0,28.0,100.0,0.0,100.0,0.0,200.0,0.0,100.0,7060.0,100.0,42762507448.0,100.0,61233988158.0
2019-05-03,ZJV132CA,ST12000NM0007,12000138625024,0,82.0,168778528.0,99.0,0.0,100.0,1.0,100.0,0.0,90.0,916929074.0,92.0,7276.0,100.0,0.0,100.0,1.0,,,,,100.0,0.0,100.0,0.0,,,72.0,28.0,,,100.0,96.0,100.0,792.0,28.0,28.0,100.0,0.0,100.0,0.0,200.0,0.0,100.0,7076.0,100.0,42831947712.0,100.0,61340913222.0
2019-05-04,ZJV132CA,ST12000NM0007,12000138625024,0,83.0,217638456.0,99.0,0.0,100.0,1.0,100.0,0.0,90.0,920406273.0,92.0,7308.0,100.0,0.0,100.0,1.0,,,,,100.0,0.0,100.0,0.0,,,72.0,28.0,,,100.0,98.0,100.0,794.0,28.0,28.0,100.0,0.0,100.0,0.0,200.0,0.0,100.0,7108.0,100.0,42940432992.0,100.0,61525428942.0
2019-05-05,ZJV132CA,ST12000NM0007,12000138625024,0,80.0,95037896.0,99.0,0.0,100.0,1.0,100.0,0.0,90.0,922005386.0,92.0,7324.0,100.0,0.0,100.0,1.0,,,,,100.0,0.0,100.0,0.0,,,72.0,28.0,,,100.0,98.0,100.0,794.0,28.0,28.0,100.0,0.0,100.0,0.0,200.0,0.0,100.0,7123.0,100.0,42988319616.0,100.0,61599082510.0
2019-05-06,ZJV132CA,ST12000NM0007,12000138625024,0,84.0,227067088.0,99.0,0.0,100.0,1.0,100.0,0.0,90.0,929212096.0,92.0,7355.0,100.0,0.0,100.0,1.0,,,,,100.0,0.0,100.0,0.0,,,72.0,28.0,,,100.0,100.0,100.0,796.0,28.0,28.0,100.0,0.0,100.0,0.0,200.0,0.0,100.0,7155.0,100.0,43097206496.0,100.0,61866365494.0
2019-05-07,ZJV132CA,ST12000NM0007,12000138625024,0,82.0,147860128.0,99.0,0.0,100.0,1.0,100.0,0.0,90.0,931140193.0,92.0,7371.0,100.0,0.0,100.0,1.0,,,,,100.0,0.0,100.0,0.0,,,72.0,28.0,,,100.0,100.0,100.0,796.0,28.0,28.0,100.0,0.0,100.0,0.0,200.0,0.0,100.0,7171.0,100.0,43151233152.0,100.0,61977272550.0
2019-05-08,ZJV132CA,ST12000NM0007,12000138625024,0,72.0,15574168.0,99.0,0.0,100.0,1.0,100.0,0.0,90.0,936311148.0,92.0,7403.0,100.0,0.0,100.0,1.0,,,,,100.0,0.0,100.0,0.0,,,72.0,28.0,,,100.0,102.0,100.0,798.0,28.0,28.0,100.0,0.0,100.0,0.0,200.0,0.0,100.0,7202.0,100.0,43282812400.0,100.0,62201689398.0
2019-05-09,ZJV132CA,ST12000NM0007,12000138625024,0,81.0,136890224.0,99.0,0.0,100.0,1.0,100.0,0.0,90.0,937895607.0,92.0,7419.0,100.0,0.0,100.0,1.0,,,,,100.0,0.0,100.0,0.0,,,72.0,28.0,,,100.0,102.0,100.0,798.0,28.0,28.0,100.0,0.0,100.0,0.0,200.0,0.0,100.0,7218.0,100.0,43328508232.0,100.0,62277309622.0
2019-05-10,ZJV132CA,ST12000NM0007,12000138625024,0,80.0,105413544.0,99.0,0.0,100.0,1.0,100.0,0.0,90.0,941228460.0,92.0,7451.0,100.0,0.0,100.0,1.0,,,,,100.0,0.0,100.0,0.0,,,72.0,28.0,,,100.0,102.0,100.0,799.0,28.0,28.0,100.0,0.0,100.0,0.0,200.0,0.0,100.0,7250.0,100.0,43413101720.0,100.0,62405380214.0
2019-05-11,ZJV132CA,ST12000NM0007,12000138625024,0,76.0,36233024.0,99.0,0.0,100.0,1.0,100.0,0.0,90.0,943151139.0,92.0,7466.0,100.0,0.0,100.0,1.0,,,,,100.0,0.0,100.0,0.0,,,72.0,28.0,,,100.0,102.0,100.0,800.0,28.0,28.0,100.0,0.0,100.0,0.0,200.0,0.0,100.0,7266.0,100.0,43462833192.0,100.0,62530608950.0
2019-05-12,ZJV132CA,ST12000NM0007,12000138625024,0,82.0,145151888.0,99.0,0.0,100.0,1.0,100.0,0.0,90.0,946722174.0,92.0,7498.0,100.0,0.0,100.0,1.0,,,,,100.0,0.0,100.0,0.0,,,71.0,29.0,,,100.0,103.0,100.0,802.0,29.0,29.0,100.0,0.0,100.0,0.0,200.0,0.0,100.0,7297.0,100.0,43545153352.0,100.0,62801348566.0
2019-05-13,ZJV132CA,ST12000NM0007,12000138625024,0,79.0,76956016.0,99.0,0.0,100.0,1.0,100.0,0.0,90.0,948931432.0,92.0,7514.0,100.0,0.0,100.0,1.0,,,,,100.0,0.0,100.0,0.0,,,72.0,28.0,,,100.0,103.0,100.0,802.0,28.0,28.0,100.0,0.0,100.0,0.0,200.0,0.0,100.0,7313.0,100.0,43577226392.0,100.0,62945222678.0
2019-05-14,ZJV132CA,ST12000NM0007,12000138625024,0,81.0,131856208.0,99.0,0.0,100.0,1.0,100.0,0.0,90.0,951855307.0,92.0,7545.0,100.0,0.0,100.0,1.0,,,,,100.0,0.0,100.0,0.0,,,71.0,29.0,,,100.0,104.0,100.0,804.0,29.0,29.0,100.0,0.0,100.0,0.0,200.0,0.0,100.0,7344.0,100.0,43650351864.0,100.0,63171138038.0
2019-05-15,ZJV132CA,ST12000NM0007,12000138625024,0,77.0,55904160.0,99.0,0.0,100.0,1.0,100.0,0.0,90.0,953925655.0,92.0,7561.0,100.0,0.0,100.0,1.0,,,,,100.0,0.0,100.0,0.0,,,72.0,28.0,,,100.0,104.0,100.0,804.0,28.0,28.0,100.0,0.0,100.0,0.0,200.0,0.0,100.0,7360.0,100.0,43700054240.0,100.0,63289624278.0
2019-05-16,ZJV132CA,ST12000NM0007,12000138625024,0,80.0,93708240.0,99.0,0.0,100.0,1.0,100.0,0.0,90.0,957111573.0,92.0,7593.0,100.0,0.0,100.0,1.0,,,,,100.0,0.0,100.0,0.0,,,71.0,29.0,,,100.0,105.0,100.0,805.0,29.0,29.0,100.0,0.0,100.0,0.0,200.0,0.0,100.0,7391.0,100.0,43784688480.0,100.0,63486935022.0
2019-05-17,ZJV132CA,ST12000NM0007,12000138625024,0,100.0,2242368.0,99.0,0.0,100.0,1.0,100.0,0.0,90.0,958860404.0,92.0,7609.0,100.0,0.0,100.0,1.0,,,,,100.0,0.0,100.0,0.0,,,72.0,28.0,,,100.0,106.0,100.0,806.0,28.0,28.0,100.0,0.0,100.0,0.0,200.0,0.0,100.0,7407.0,100.0,43828086464.0,100.0,63596211870.0
2019-05-18,ZJV132CA,ST12000NM0007,12000138625024,0,100.0,1978048.0,99.0,0.0,100.0,1.0,100.0,0.0,90.0,961857272.0,92.0,7640.0,100.0,0.0,100.0,1.0,,,,,100.0,0.0,100.0,0.0,,,72.0,28.0,,,100.0,106.0,100.0,807.0,28.0,28.0,100.0,0.0,100.0,0.0,200.0,0.0,100.0,7439.0,100.0,43900725752.0,100.0,63767448942.0
2019-05-19,ZJV132CA,ST12000NM0007,12000138625024,0,81.0,120554928.0,99.0,0.0,100.0,1.0,100.0,0.0,90.0,963105900.0,92.0,7656.0,100.0,0.0,100.0,1.0,,,,,100.0,0.0,100.0,0.0,,,72.0,28.0,,,100.0,106.0,100.0,808.0,28.0,28.0,100.0,0.0,100.0,0.0,200.0,0.0,100.0,7454.0,100.0,43922777128.0,100.0,63863974446.0
2019-05-20,ZJV132CA,ST12000NM0007,12000138625024,0,65.0,3016456.0,99.0,0.0,100.0,1.0,100.0,0.0,90.0,968928064.0,92.0,7687.0,100.0,0.0,100.0,1.0,,,,,100.0,0.0,100.0,0.0,,,72.0,28.0,,,100.0,106.0,100.0,809.0,28.0,28.0,100.0,0.0,100.0,0.0,200.0,0.0,100.0,7486.0,100.0,44006766504.0,100.0,64150728030.0
2019-05-21,ZJV132CA,ST12000NM0007,12000138625024,0,81.0,130886520.0,99.0,0.0,100.0,1.0,100.0,0.0,90.0,970300192.0,92.0,7703.0,100.0,0.0,100.0,1.0,,,,,100.0,0.0,100.0,0.0,,,72.0,28.0,,,100.0,107.0,100.0,810.0,28.0,28.0,100.0,0.0,100.0,0.0,200.0,0.0,100.0,7502.0,100.0,44033202976.0,100.0,64252161622.0
2019-05-22,ZJV132CA,ST12000NM0007,12000138625024,0,84.0,234215736.0,99.0,0.0,100.0,1.0,100.0,0.0,90.0,974997823.0,92.0,7735.0,100.0,0.0,100.0,1.0,,,,,100.0,0.0,100.0,0.0,,,72.0,28.0,,,100.0,107.0,100.0,811.0,28.0,28.0,100.0,0.0,100.0,0.0,200.0,0.0,100.0,7533.0,100.0,44132379528.0,100.0,64500454918.0
2019-05-23,ZJV132CA,ST12000NM0007,12000138625024,0,81.0,133636552.0,99.0,0.0,100.0,1.0,100.0,0.0,90.0,976847052.0,92.0,7751.0,100.0,0.0,100.0,1.0,,,,,100.0,0.0,100.0,0.0,,,72.0,28.0,,,100.0,108.0,100.0,812.0,28.0,28.0,100.0,0.0,100.0,0.0,200.0,0.0,100.0,7549.0,100.0,44190511024.0,100.0,64585885222.0
2019-05-24,ZJV132CA,ST12000NM0007,12000138625024,0,82.0,157380000.0,99.0,0.0,100.0,1.0,100.0,0.0,90.0,980212182.0,92.0,7783.0,100.0,0.0,100.0,1.0,,,,,100.0,0.0,100.0,0.0,,,72.0,28.0,,,100.0,108.0,100.0,813.0,28.0,28.0,100.0,0.0,100.0,0.0,200.0,0.0,100.0,7581.0,100.0,44293631696.0,100.0,64750648710.0
2019-05-25,ZJV132CA,ST12000NM0007,12000138625024,0,78.0,64973464.0,99.0,0.0,100.0,1.0,100.0,0.0,90.0,981754249.0,92.0,7798.0,100.0,0.0,100.0,1.0,,,,,100.0,0.0,100.0,0.0,,,72.0,28.0,,,100.0,109.0,100.0,814.0,28.0,28.0,100.0,0.0,100.0,0.0,200.0,0.0,100.0,7596.0,100.0,44328715096.0,100.0,64867300078.0
2019-05-26,ZJV132CA,ST12000NM0007,12000138625024,0,81.0,120233896.0,99.0,0.0,100.0,1.0,100.0,0.0,90.0,984684241.0,92.0,7830.0,100.0,0.0,100.0,1.0,,,,,100.0,0.0,100.0,0.0,,,72.0,28.0,,,100.0,109.0,100.0,815.0,28.0,28.0,100.0,0.0,100.0,0.0,200.0,0.0,100.0,7628.0,100.0,44397902064.0,100.0,65097514174.0
2019-05-27,ZJV132CA,ST12000NM0007,12000138625024,0,79.0,83943280.0,99.0,0.0,100.0,1.0,100.0,0.0,90.0,987551820.0,92.0,7846.0,100.0,0.0,100.0,1.0,,,,,100.0,0.0,100.0,0.0,,,72.0,28.0,,,100.0,110.0,100.0,816.0,28.0,28.0,100.0,0.0,100.0,0.0,200.0,0.0,100.0,7644.0,100.0,44452404584.0,100.0,65250861790.0
2019-05-28,ZJV132CA,ST12000NM0007,12000138625024,0,83.0,206048952.0,99.0,0.0,100.0,1.0,100.0,0.0,90.0,990827914.0,92.0,7878.0,100.0,0.0,100.0,1.0,,,,,100.0,0.0,100.0,0.0,,,72.0,28.0,,,100.0,110.0,100.0,817.0,28.0,28.0,100.0,0.0,100.0,0.0,200.0,0.0,100.0,7675.0,100.0,44548825984.0,100.0,65520686726.0
2019-05-29,ZJV132CA,ST12000NM0007,12000138625024,0,83.0,200558656.0,99.0,0.0,100.0,1.0,100.0,0.0,90.0,993222527.0,91.0,7893.0,100.0,0.0,100.0,1.0,,,,,100.0,0.0,100.0,0.0,,,72.0,28.0,,,100.0,110.0,100.0,818.0,28.0,28.0,100.0,0.0,100.0,0.0,200.0,0.0,100.0,7691.0,100.0,44622711728.0,100.0,65685451550.0
2019-05-30,ZJV132CA,ST12000NM0007,12000138625024,0,76.0,38718824.0,99.0,0.0,100.0,1.0,100.0,0.0,90.0,997314128.0,91.0,7925.0,100.0,0.0,100.0,1.0,,,,,100.0,0.0,100.0,0.0,,,75.0,25.0,,,100.0,111.0,100.0,819.0,25.0,25.0,100.0,0.0,100.0,0.0,200.0,0.0,100.0,7723.0,100.0,44738922536.0,100.0,65895682438.0
2019-05-31,ZJV132CA,ST12000NM0007,12000138625024,0,80.0,99755200.0,99.0,0.0,100.0,1.0,100.0,0.0,90.0,508099.0,91.0,7957.0,100.0,0.0,100.0,1.0,,,,,100.0,0.0,100.0,0.0,,,75.0,25.0,,,100.0,112.0,100.0,821.0,25.0,25.0,100.0,0.0,100.0,0.0,200.0,0.0,100.0,7754.0,100.0,44819036344.0,100.0,66120745750.0
2019-06-01,ZJV132CA,ST12000NM0007,12000138625024,0,84.0,229410664.0,99.0,0.0,100.0,1.0,100.0,0.0,63.0,2066607.0,91.0,7973.0,100.0,0.0,100.0,1.0,,,,,100.0,0.0,100.0,0.0,,,75.0,25.0,,,100.0,112.0,100.0,821.0,25.0,25.0,100.0,0.0,100.0,0.0,200.0,0.0,100.0,7770.0,100.0,44852831704.0,100.0,66216605854.0
2019-06-02,ZJV132CA,ST12000NM0007,12000138625024,0,79.0,82938096.0,99.0,0.0,100.0,1.0,100.0,0.0,68.0,6275830.0,91.0,8004.0,100.0,0.0,100.0,1.0,,,,,100.0,0.0,100.0,0.0,,,74.0,26.0,,,100.0,112.0,100.0,823.0,26.0,26.0,100.0,0.0,100.0,0.0,200.0,0.0,100.0,7801.0,100.0,44942772592.0,100.0,66468474174.0
2019-06-03,ZJV132CA,ST12000NM0007,12000138625024,0,84.0,228950984.0,99.0,0.0,100.0,1.0,100.0,0.0,69.0,8393005.0,91.0,8020.0,100.0,0.0,100.0,1.0,,,,,100.0,0.0,100.0,0.0,,,75.0,25.0,,,100.0,112.0,100.0,823.0,25.0,25.0,100.0,0.0,100.0,0.0,200.0,0.0,100.0,7817.0,100.0,45001119800.0,100.0,66556139854.0
2019-06-04,ZJV132CA,ST12000NM0007,12000138625024,0,82.0,166570432.0,99.0,0.0,100.0,1.0,100.0,0.0,72.0,14191086.0,91.0,8052.0,100.0,0.0,100.0,1.0,,,,,100.0,0.0,100.0,0.0,,,75.0,25.0,,,100.0,113.0,100.0,825.0,25.0,25.0,100.0,0.0,100.0,0.0,200.0,0.0,100.0,7848.0,100.0,45130854016.0,100.0,66852306462.0
2019-06-05,ZJV132CA,ST12000NM0007,12000138625024,0,80.0,103497272.0,99.0,0.0,100.0,1.0,100.0,0.0,72.0,17219377.0,91.0,8068.0,100.0,0.0,100.0,1.0,,,,,100.0,0.0,100.0,0.0,,,75.0,25.0,,,100.0,113.0,100.0,825.0,25.0,25.0,100.0,0.0,100.0,0.0,200.0,0.0,100.0,7864.0,100.0,45187127176.0,100.0,66977100950.0
2019-06-06,ZJV132CA,ST12000NM0007,12000138625024,0,83.0,205424976.0,99.0,0.0,100.0,1.0,100.0,0.0,73.0,21097263.0,91.0,8099.0,100.0,0.0,100.0,1.0,,,,,100.0,0.0,100.0,0.0,,,74.0,26.0,,,100.0,113.0,100.0,827.0,26.0,26.0,100.0,0.0,100.0,0.0,200.0,0.0,100.0,7895.0,100.0,45299287960.0,100.0,67211008606.0
2019-06-07,ZJV132CA,ST12000NM0007,12000138625024,0,82.0,171033104.0,99.0,0.0,100.0,1.0,100.0,0.0,74.0,23366958.0,91.0,8115.0,100.0,0.0,100.0,1.0,,,,,100.0,0.0,100.0,0.0,,,75.0,25.0,,,100.0,113.0,100.0,827.0,25.0,25.0,100.0,0.0,100.0,0.0,200.0,0.0,100.0,7911.0,100.0,45386641288.0,100.0,67333404286.0
2019-06-08,ZJV132CA,ST12000NM0007,12000138625024,0,81.0,127234096.0,99.0,0.0,100.0,1.0,100.0,0.0,74.0,27279062.0,91.0,8147.0,100.0,0.0,100.0,1.0,,,,,100.0,0.0,100.0,0.0,,,75.0,25.0,,,100.0,113.0,100.0,829.0,25.0,25.0,100.0,0.0,100.0,0.0,200.0,0.0,100.0,7943.0,100.0,45471448376.0,100.0,67693079558.0
2019-06-09,ZJV132CA,ST12000NM0007,12000138625024,0,77.0,45509040.0,99.0,0.0,100.0,1.0,100.0,0.0,75.0,28678894.0,91.0,8163.0,100.0,0.0,100.0,1.0,,,,,100.0,0.0,100.0,0.0,,,75.0,25.0,,,100.0,113.0,100.0,829.0,25.0,25.0,100.0,0.0,100.0,0.0,200.0,0.0,100.0,7959.0,100.0,45511614088.0,100.0,67815329606.0
2019-06-10,ZJV132CA,ST12000NM0007,12000138625024,0,80.0,96454448.0,99.0,0.0,100.0,1.0,100.0,0.0,75.0,32433067.0,91.0,8195.0,100.0,0.0,100.0,1.0,,,,,100.0,0.0,100.0,0.0,,,75.0,25.0,,,100.0,114.0,100.0,831.0,25.0,25.0,100.0,0.0,100.0,0.0,200.0,0.0,100.0,7990.0,100.0,45554133536.0,100.0,68067896598.0
2019-06-11,ZJV132CA,ST12000NM0007,12000138625024,0,84.0,230570648.0,99.0,0.0,100.0,1.0,100.0,0.0,75.0,33677650.0,91.0,8211.0,100.0,0.0,100.0,1.0,,,,,100.0,0.0,100.0,0.0,,,75.0,25.0,,,100.0,114.0,100.0,831.0,25.0,25.0,100.0,0.0,100.0,0.0,200.0,0.0,100.0,8006.0,100.0,45574101608.0,100.0,68182044726.0
2019-06-12,ZJV132CA,ST12000NM0007,12000138625024,0,76.0,42119032.0,99.0,0.0,100.0,1.0,100.0,0.0,76.0,37476606.0,91.0,8242.0,100.0,0.0,100.0,1.0,,,,,100.0,0.0,100.0,0.0,,,75.0,25.0,,,100.0,115.0,100.0,833.0,25.0,25.0,100.0,0.0,100.0,0.0,200.0,0.0,100.0,8037.0,100.0,45641911056.0,100.0,68414065142.0
2019-06-13,ZJV132CA,ST12000NM0007,12000138625024,0,82.0,177632808.0,99.0,0.0,100.0,1.0,100.0,0.0,76.0,38572067.0,91.0,8258.0,100.0,0.0,100.0,1.0,,,,,100.0,0.0,100.0,0.0,,,74.0,26.0,,,100.0,115.0,100.0,833.0,26.0,26.0,100.0,0.0,100.0,0.0,200.0,0.0,100.0,8053.0,100.0,45660126528.0,100.0,68531363446.0
2019-06-14,ZJV132CA,ST12000NM0007,12000138625024,0,84.0,242153296.0,99.0,0.0,100.0,1.0,100.0,0.0,76.0,41488627.0,91.0,8290.0,100.0,0.0,100.0,1.0,,,,,100.0,0.0,100.0,0.0,,,74.0,26.0,,,100.0,116.0,100.0,835.0,26.0,26.0,100.0,0.0,100.0,0.0,200.0,0.0,100.0,8085.0,100.0,45713156872.0,100.0,68786994222.0
2019-06-15,ZJV132CA,ST12000NM0007,12000138625024,0,81.0,139805896.0,99.0,0.0,100.0,1.0,100.0,0.0,76.0,42904410.0,91.0,8306.0,100.0,0.0,100.0,1.0,,,,,100.0,0.0,100.0,0.0,,,74.0,26.0,,,100.0,116.0,100.0,835.0,26.0,26.0,100.0,0.0,100.0,0.0,200.0,0.0,100.0,8101.0,100.0,45738340120.0,100.0,68903604222.0
2019-06-16,ZJV132CA,ST12000NM0007,12000138625024,0,83.0,185777688.0,99.0,0.0,100.0,1.0,100.0,0.0,77.0,45993975.0,91.0,8338.0,100.0,0.0,100.0,1.0,,,,,100.0,0.0,100.0,0.0,,,77.0,23.0,,,100.0,117.0,100.0,837.0,23.0,23.0,100.0,0.0,100.0,0.0,200.0,0.0,100.0,8133.0,100.0,45787589320.0,100.0,69144467446.0
2019-06-17,ZJV132CA,ST12000NM0007,12000138625024,0,80.0,100867888.0,99.0,0.0,100.0,1.0,100.0,0.0,77.0,48405818.0,91.0,8354.0,100.0,0.0,100.0,1.0,,,,,100.0,0.0,100.0,0.0,,,77.0,23.0,,,100.0,117.0,100.0,837.0,23.0,23.0,100.0,0.0,100.0,0.0,200.0,0.0,100.0,8149.0,100.0,45821492536.0,100.0,69269795062.0
2019-06-18,ZJV132CA,ST12000NM0007,12000138625024,0,82.0,142096168.0,99.0,0.0,100.0,1.0,100.0,0.0,77.0,51260337.0,91.0,8386.0,100.0,0.0,100.0,1.0,,,,,100.0,0.0,100.0,0.0,,,77.0,23.0,,,100.0,119.0,100.0,839.0,23.0,23.0,100.0,0.0,100.0,0.0,200.0,0.0,100.0,8180.0,100.0,45876767440.0,100.0,69499889270.0
2019-06-19,ZJV132CA,ST12000NM0007,12000138625024,0,77.0,55345544.0,99.0,0.0,100.0,1.0,100.0,0.0,77.0,53918977.0,91.0,8402.0,100.0,0.0,100.0,1.0,,,,,100.0,0.0,100.0,0.0,,,76.0,24.0,,,100.0,119.0,100.0,839.0,24.0,24.0,100.0,0.0,100.0,0.0,200.0,0.0,100.0,8196.0,100.0,45913269880.0,100.0,69620776838.0
2019-06-20,ZJV132CA,ST12000NM0007,12000138625024,0,80.0,97540736.0,99.0,0.0,100.0,1.0,100.0,0.0,78.0,56697736.0,91.0,8433.0,100.0,0.0,100.0,1.0,,,,,100.0,0.0,100.0,0.0,,,77.0,23.0,,,100.0,120.0,100.0,841.0,23.0,23.0,100.0,0.0,100.0,0.0,200.0,0.0,100.0,8227.0,100.0,45964513400.0,100.0,69855869302.0
2019-06-21,ZJV132CA,ST12000NM0007,12000138625024,0,83.0,204185096.0,99.0,0.0,100.0,1.0,100.0,0.0,78.0,58713855.0,91.0,8449.0,100.0,0.0,100.0,1.0,,,,,100.0,0.0,100.0,0.0,,,78.0,22.0,,,100.0,120.0,100.0,841.0,22.0,22.0,100.0,0.0,100.0,0.0,200.0,0.0,100.0,8243.0,100.0,45992181496.0,100.0,69934845566.0
2019-06-22,ZJV132CA,ST12000NM0007,12000138625024,0,71.0,11887600.0,99.0,0.0,100.0,1.0,100.0,0.0,78.0,62759334.0,91.0,8480.0,100.0,0.0,100.0,1.0,,,,,100.0,0.0,100.0,0.0,,,78.0,22.0,,,100.0,120.0,100.0,843.0,22.0,22.0,100.0,0.0,100.0,0.0,200.0,0.0,100.0,8274.0,100.0,46065515864.0,100.0,70157495118.0
2019-06-23,ZJV132CA,ST12000NM0007,12000138625024,0,82.0,173209542.0,96.0,0.0,100.0,3.0,100.0,0.0,78.0,64232351.0,91.0,8497.0,100.0,0.0,100.0,3.0,,,,,100.0,0.0,100.0,0.0,,,78.0,22.0,,,100.0,120.0,100.0,848.0,22.0,22.0,100.0,0.0,100.0,0.0,200.0,0.0,100.0,8290.0,100.0,46098215152.0,100.0,70286117772.0
2019-06-24,ZJV132CA,ST12000NM0007,12000138625024,0,84.0,241689768.0,96.0,0.0,100.0,3.0,100.0,0.0,78.0,68217516.0,91.0,8529.0,100.0,0.0,100.0,3.0,,,,,100.0,0.0,100.0,0.0,,,77.0,23.0,,,100.0,120.0,100.0,849.0,23.0,23.0,100.0,0.0,100.0,0.0,200.0,0.0,100.0,8322.0,100.0,46161751536.0,100.0,70535202244.0
2019-06-25,ZJV132CA,ST12000NM0007,12000138625024,0,82.0,155459992.0,96.0,0.0,100.0,3.0,100.0,0.0,78.0,69704213.0,91.0,8545.0,100.0,0.0,100.0,3.0,,,,,100.0,0.0,100.0,0.0,,,78.0,22.0,,,100.0,120.0,100.0,850.0,22.0,22.0,100.0,0.0,100.0,0.0,200.0,0.0,100.0,8337.0,100.0,46208340128.0,100.0,70646524508.0
2019-06-26,ZJV132CA,ST12000NM0007,12000138625024,0,100.0,473328.0,95.0,0.0,100.0,4.0,100.0,0.0,79.0,73827721.0,91.0,8576.0,100.0,0.0,100.0,4.0,,,,,100.0,0.0,100.0,0.0,,,78.0,22.0,,,100.0,122.0,100.0,853.0,22.0,22.0,100.0,0.0,100.0,0.0,200.0,0.0,100.0,8369.0,100.0,46313290824.0,100.0,70874868464.0
2019-06-27,ZJV132CA,ST12000NM0007,12000138625024,0,83.0,217519696.0,95.0,0.0,100.0,4.0,100.0,0.0,79.0,75207560.0,91.0,8592.0,100.0,0.0,100.0,4.0,,,,,100.0,0.0,100.0,0.0,,,78.0,22.0,,,100.0,122.0,100.0,853.0,22.0,22.0,100.0,0.0,100.0,0.0,200.0,0.0,100.0,8385.0,100.0,46345346768.0,100.0,71059858888.0
2019-06-28,ZJV132CA,ST12000NM0007,12000138625024,0,83.0,215041112.0,95.0,0.0,100.0,4.0,100.0,0.0,79.0,78519313.0,91.0,8624.0,100.0,0.0,100.0,4.0,,,,,100.0,0.0,100.0,0.0,,,78.0,22.0,,,100.0,123.0,100.0,855.0,22.0,22.0,100.0,0.0,100.0,0.0,200.0,0.0,100.0,8416.0,100.0,46435956640.0,100.0,71455052024.0
2019-06-29,ZJV132CA,ST12000NM0007,12000138625024,0,83.0,214366160.0,95.0,0.0,100.0,4.0,100.0,0.0,79.0,80434077.0,91.0,8640.0,100.0,0.0,100.0,4.0,,,,,100.0,0.0,100.0,0.0,,,78.0,22.0,,,100.0,123.0,100.0,855.0,22.0,22.0,100.0,0.0,100.0,0.0,200.0,0.0,100.0,8432.0,100.0,46461733392.0,100.0,71672740976.0
2019-06-30,ZJV132CA,ST12000NM0007,12000138625024,0,83.0,204306464.0,95.0,0.0,100.0,4.0,100.0,0.0,79.0,83713384.0,91.0,8671.0,100.0,0.0,100.0,4.0,,,,,100.0,0.0,100.0,0.0,,,78.0,22.0,,,100.0,124.0,100.0,857.0,22.0,22.0,100.0,0.0,100.0,0.0,200.0,0.0,100.0,8463.0,100.0,46513664848.0,100.0,72099031448.0
2019-07-01,ZJV132CA,ST12000NM0007,12000138625024,0,83.0,208640448.0,95.0,0.0,100.0,4.0,100.0,0.0,79.0,86625145.0,91.0,8687.0,100.0,0.0,100.0,4.0,,,,,100.0,0.0,100.0,0.0,,,78.0,22.0,,,100.0,124.0,100.0,857.0,22.0,22.0,100.0,0.0,100.0,0.0,200.0,0.0,100.0,8479.0,100.0,46537956296.0,100.0,72323214720.0
2019-07-02,ZJV132CA,ST12000NM0007,12000138625024,0,83.0,216455056.0,95.0,0.0,100.0,4.0,100.0,0.0,80.0,89893548.0,91.0,8719.0,100.0,0.0,100.0,4.0,,,,,100.0,0.0,100.0,0.0,,,78.0,22.0,,,100.0,126.0,100.0,859.0,22.0,22.0,100.0,0.0,100.0,0.0,200.0,0.0,100.0,8511.0,100.0,46596420248.0,100.0,72760847032.0
2019-07-03,ZJV132CA,ST12000NM0007,12000138625024,0,83.0,179109056.0,95.0,0.0,100.0,4.0,100.0,0.0,80.0,92151498.0,91.0,8735.0,100.0,0.0,100.0,4.0,,,,,100.0,0.0,100.0,0.0,,,78.0,22.0,,,100.0,126.0,100.0,859.0,22.0,22.0,100.0,0.0,100.0,0.0,200.0,0.0,100.0,8527.0,100.0,46639576552.0,100.0,72924485448.0
2019-07-04,ZJV132CA,ST12000NM0007,12000138625024,0,84.0,231872728.0,95.0,0.0,100.0,4.0,100.0,0.0,80.0,96193806.0,90.0,8766.0,100.0,0.0,100.0,4.0,,,,,100.0,0.0,100.0,0.0,,,78.0,22.0,,,100.0,127.0,100.0,861.0,22.0,22.0,100.0,0.0,100.0,0.0,200.0,0.0,100.0,8558.0,100.0,46728456672.0,100.0,73376650504.0
2019-07-05,ZJV132CA,ST12000NM0007,12000138625024,0,74.0,24764952.0,95.0,0.0,100.0,4.0,100.0,0.0,80.0,97970679.0,90.0,8782.0,100.0,0.0,100.0,4.0,,,,,100.0,0.0,100.0,0.0,,,78.0,22.0,,,100.0,127.0,100.0,862.0,22.0,22.0,100.0,0.0,100.0,0.0,200.0,0.0,100.0,8573.0,100.0,46777668320.0,100.0,73608612416.0
2019-07-06,ZJV132CA,ST12000NM0007,12000138625024,0,71.0,12169448.0,95.0,0.0,100.0,4.0,100.0,0.0,80.0,100820473.0,90.0,8813.0,100.0,0.0,100.0,4.0,,,,,100.0,0.0,100.0,0.0,,,78.0,22.0,,,100.0,127.0,100.0,863.0,22.0,22.0,100.0,0.0,100.0,0.0,200.0,0.0,100.0,8605.0,100.0,46822248216.0,100.0,74039718296.0
2019-07-07,ZJV132CA,ST12000NM0007,12000138625024,0,83.0,208307240.0,95.0,0.0,100.0,4.0,100.0,0.0,80.0,102267272.0,90.0,8829.0,100.0,0.0,100.0,4.0,,,,,100.0,0.0,100.0,0.0,,,77.0,23.0,,,100.0,127.0,100.0,864.0,23.0,23.0,100.0,0.0,100.0,0.0,200.0,0.0,100.0,8621.0,100.0,46849239280.0,100.0,74208865024.0
2019-07-08,ZJV132CA,ST12000NM0007,12000138625024,0,65.0,3145248.0,95.0,0.0,100.0,4.0,100.0,0.0,80.0,108956453.0,90.0,8861.0,100.0,0.0,100.0,4.0,,,,,100.0,0.0,100.0,0.0,,,77.0,23.0,,,100.0,127.0,100.0,865.0,23.0,23.0,100.0,0.0,100.0,0.0,200.0,0.0,100.0,8652.0,100.0,46927499200.0,100.0,74657865640.0
2019-07-09,ZJV132CA,ST12000NM0007,12000138625024,0,77.0,53775760.0,95.0,0.0,100.0,4.0,100.0,0.0,80.0,110907241.0,90.0,8876.0,100.0,0.0,100.0,4.0,,,,,100.0,0.0,100.0,0.0,,,77.0,23.0,,,100.0,127.0,100.0,866.0,23.0,23.0,100.0,0.0,100.0,0.0,200.0,0.0,100.0,8668.0,100.0,46974694840.0,100.0,74905441176.0
2019-07-10,ZJV132CA,ST12000NM0007,12000138625024,0,72.0,14574728.0,95.0,0.0,100.0,4.0,100.0,0.0,81.0,115671986.0,90.0,8908.0,100.0,0.0,100.0,4.0,,,,,100.0,0.0,100.0,0.0,,,76.0,24.0,,,100.0,127.0,100.0,867.0,24.0,24.0,100.0,0.0,100.0,0.0,200.0,0.0,100.0,8699.0,100.0,47055698456.0,100.0,75273518032.0
2019-07-11,ZJV132CA,ST12000NM0007,12000138625024,0,82.0,162582288.0,95.0,0.0,100.0,4.0,100.0,0.0,81.0,120149130.0,90.0,8940.0,100.0,0.0,100.0,4.0,,,,,100.0,0.0,100.0,0.0,,,76.0,24.0,,,100.0,128.0,100.0,869.0,24.0,24.0,100.0,0.0,100.0,0.0,200.0,0.0,100.0,8731.0,100.0,47246983608.0,100.0,75718521872.0
2019-07-12,ZJV132CA,ST12000NM0007,12000138625024,0,82.0,150931968.0,95.0,0.0,100.0,4.0,100.0,0.0,81.0,121950076.0,90.0,8955.0,100.0,0.0,100.0,4.0,,,,,100.0,0.0,100.0,0.0,,,76.0,24.0,,,100.0,128.0,100.0,869.0,24.0,24.0,100.0,0.0,100.0,0.0,200.0,0.0,100.0,8746.0,100.0,47284888224.0,100.0,75913107648.0
2019-07-13,ZJV132CA,ST12000NM0007,12000138625024,0,83.0,213441600.0,95.0,0.0,100.0,4.0,100.0,0.0,81.0,125803265.0,90.0,8987.0,100.0,0.0,100.0,4.0,,,,,100.0,0.0,100.0,0.0,,,76.0,24.0,,,100.0,129.0,100.0,871.0,24.0,24.0,100.0,0.0,100.0,0.0,200.0,0.0,100.0,8778.0,100.0,47381470816.0,100.0,76367316080.0
2019-07-14,ZJV132CA,ST12000NM0007,12000138625024,0,84.0,236934896.0,95.0,0.0,100.0,4.0,100.0,0.0,81.0,127634130.0,90.0,9003.0,100.0,0.0,100.0,4.0,,,,,100.0,0.0,100.0,0.0,,,77.0,23.0,,,100.0,129.0,100.0,871.0,23.0,23.0,100.0,0.0,100.0,0.0,200.0,0.0,100.0,8794.0,100.0,47430273480.0,100.0,76586147912.0
2019-07-15,ZJV132CA,ST12000NM0007,12000138625024,0,78.0,70492136.0,95.0,0.0,100.0,4.0,100.0,0.0,81.0,132446007.0,90.0,9034.0,100.0,0.0,100.0,4.0,,,,,100.0,0.0,100.0,0.0,,,77.0,23.0,,,100.0,130.0,100.0,873.0,23.0,23.0,100.0,0.0,100.0,0.0,200.0,0.0,100.0,8825.0,100.0,47509627208.0,100.0,77072773888.0
2019-07-16,ZJV132CA,ST12000NM0007,12000138625024,0,80.0,94115008.0,95.0,0.0,100.0,4.0,100.0,0.0,81.0,134312096.0,90.0,9050.0,100.0,0.0,100.0,4.0,,,,,100.0,0.0,100.0,0.0,,,77.0,23.0,,,100.0,130.0,100.0,873.0,23.0,23.0,100.0,0.0,100.0,0.0,200.0,0.0,100.0,8841.0,100.0,47547224184.0,100.0,77302940640.0
2019-07-17,ZJV132CA,ST12000NM0007,12000138625024,0,81.0,126714304.0,95.0,0.0,100.0,4.0,100.0,0.0,81.0,136285098.0,90.0,9066.0,100.0,0.0,100.0,4.0,,,,,100.0,0.0,100.0,0.0,,,77.0,23.0,,,100.0,130.0,100.0,874.0,23.0,23.0,100.0,0.0,100.0,0.0,200.0,0.0,100.0,8857.0,100.0,47593885512.0,100.0,77533019392.0
2019-07-18,ZJV132CA,ST12000NM0007,12000138625024,0,80.0,110541904.0,95.0,0.0,100.0,4.0,100.0,0.0,81.0,140950950.0,90.0,9097.0,100.0,0.0,100.0,4.0,,,,,100.0,0.0,100.0,0.0,,,76.0,24.0,,,100.0,130.0,100.0,875.0,24.0,24.0,100.0,0.0,100.0,0.0,200.0,0.0,100.0,8888.0,100.0,47668686240.0,100.0,77930327864.0
2019-07-19,ZJV132CA,ST12000NM0007,12000138625024,0,83.0,205546824.0,95.0,0.0,100.0,4.0,100.0,0.0,82.0,144893302.0,90.0,9129.0,100.0,0.0,100.0,4.0,,,,,100.0,0.0,100.0,0.0,,,77.0,23.0,,,100.0,130.0,100.0,876.0,23.0,23.0,100.0,0.0,100.0,0.0,200.0,0.0,100.0,8920.0,100.0,47766721544.0,100.0,78415579424.0
2019-07-20,ZJV132CA,ST12000NM0007,12000138625024,0,83.0,221474424.0,95.0,0.0,100.0,4.0,100.0,0.0,82.0,146546902.0,90.0,9145.0,100.0,0.0,100.0,4.0,,,,,100.0,0.0,100.0,0.0,,,77.0,23.0,,,100.0,130.0,100.0,877.0,23.0,23.0,100.0,0.0,100.0,0.0,200.0,0.0,100.0,8935.0,100.0,47801736040.0,100.0,78640633264.0
2019-07-21,ZJV132CA,ST12000NM0007,12000138625024,0,83.0,179388000.0,95.0,0.0,100.0,4.0,100.0,0.0,82.0,149521988.0,90.0,9176.0,100.0,0.0,100.0,4.0,,,,,100.0,0.0,100.0,0.0,,,77.0,23.0,,,100.0,131.0,100.0,878.0,23.0,23.0,100.0,0.0,100.0,0.0,200.0,0.0,100.0,8967.0,100.0,47860947696.0,100.0,79027616624.0
2019-07-22,ZJV132CA,ST12000NM0007,12000138625024,0,77.0,52746424.0,95.0,0.0,100.0,4.0,100.0,0.0,82.0,153107933.0,90.0,9192.0,100.0,0.0,100.0,4.0,,,,,100.0,0.0,100.0,0.0,,,77.0,23.0,,,100.0,131.0,100.0,879.0,23.0,23.0,100.0,0.0,100.0,0.0,200.0,0.0,100.0,8982.0,100.0,47941438328.0,100.0,79308765928.0
2019-07-23,ZJV132CA,ST12000NM0007,12000138625024,0,75.0,32355456.0,95.0,0.0,100.0,4.0,100.0,0.0,82.0,156183059.0,90.0,9224.0,100.0,0.0,100.0,4.0,,,,,100.0,0.0,100.0,0.0,,,76.0,24.0,,,100.0,131.0,100.0,880.0,24.0,24.0,100.0,0.0,100.0,0.0,200.0,0.0,100.0,9014.0,100.0,48018547704.0,100.0,79699547504.0
2019-07-24,ZJV132CA,ST12000NM0007,12000138625024,0,100.0,1854760.0,95.0,0.0,100.0,4.0,100.0,0.0,82.0,158691581.0,90.0,9240.0,100.0,0.0,100.0,4.0,,,,,100.0,0.0,100.0,0.0,,,77.0,23.0,,,100.0,131.0,100.0,881.0,23.0,23.0,100.0,0.0,100.0,0.0,200.0,0.0,100.0,9030.0,100.0,48063838000.0,100.0,79867897160.0
2019-07-25,ZJV132CA,ST12000NM0007,12000138625024,0,84.0,229485240.0,95.0,0.0,100.0,4.0,100.0,0.0,82.0,162857030.0,90.0,9272.0,100.0,0.0,100.0,4.0,,,,,100.0,0.0,100.0,0.0,,,76.0,24.0,,,100.0,131.0,100.0,883.0,24.0,24.0,100.0,0.0,100.0,0.0,200.0,0.0,100.0,9061.0,100.0,48162386880.0,100.0,80241119904.0
2019-07-26,ZJV132CA,ST12000NM0007,12000138625024,0,83.0,179506480.0,95.0,0.0,100.0,4.0,100.0,0.0,82.0,164471669.0,90.0,9287.0,100.0,0.0,100.0,4.0,,,,,100.0,0.0,100.0,0.0,,,77.0,23.0,,,100.0,131.0,100.0,883.0,23.0,23.0,100.0,0.0,100.0,0.0,200.0,0.0,100.0,9077.0,100.0,48189416600.0,100.0,80408252104.0
2019-07-27,ZJV132CA,ST12000NM0007,12000138625024,0,83.0,198158608.0,95.0,0.0,100.0,4.0,100.0,0.0,82.0,169708196.0,90.0,9319.0,100.0,0.0,100.0,4.0,,,,,100.0,0.0,100.0,0.0,,,76.0,24.0,,,100.0,131.0,100.0,885.0,24.0,24.0,100.0,0.0,100.0,0.0,200.0,0.0,100.0,9109.0,100.0,48271700048.0,100.0,80832902128.0
2019-07-28,ZJV132CA,ST12000NM0007,12000138625024,0,75.0,28981232.0,95.0,0.0,100.0,4.0,100.0,0.0,82.0,171774389.0,90.0,9335.0,100.0,0.0,100.0,4.0,,,,,100.0,0.0,100.0,0.0,,,77.0,23.0,,,100.0,131.0,100.0,885.0,23.0,23.0,100.0,0.0,100.0,0.0,200.0,0.0,100.0,9124.0,100.0,48335804800.0,100.0,81087901416.0
2019-07-29,ZJV132CA,ST12000NM0007,12000138625024,0,78.0,64494728.0,95.0,0.0,100.0,4.0,100.0,0.0,82.0,177018288.0,90.0,9366.0,100.0,0.0,100.0,4.0,,,,,100.0,0.0,100.0,0.0,,,76.0,24.0,,,100.0,132.0,100.0,887.0,24.0,24.0,100.0,0.0,100.0,0.0,200.0,0.0,100.0,9156.0,100.0,48452168912.0,100.0,81495332768.0
2019-07-30,ZJV132CA,ST12000NM0007,12000138625024,0,81.0,128203936.0,95.0,0.0,100.0,4.0,100.0,0.0,83.0,179473183.0,90.0,9382.0,100.0,0.0,100.0,4.0,,,,,100.0,0.0,100.0,0.0,,,77.0,23.0,,,100.0,132.0,100.0,887.0,23.0,23.0,100.0,0.0,100.0,0.0,200.0,0.0,100.0,9172.0,100.0,48540574296.0,100.0,81714777408.0
2019-07-31,ZJV132CA,ST12000NM0007,12000138625024,0,79.0,73464112.0,95.0,0.0,100.0,4.0,100.0,0.0,83.0,184386922.0,90.0,9414.0,100.0,0.0,100.0,4.0,,,,,100.0,0.0,100.0,0.0,,,77.0,23.0,,,100.0,132.0,100.0,889.0,23.0,23.0,100.0,0.0,100.0,0.0,200.0,0.0,100.0,9203.0,100.0,48629067704.0,100.0,82059825552.0
2019-08-01,ZJV132CA,ST12000NM0007,12000138625024,0,79.0,80015760.0,95.0,0.0,100.0,4.0,100.0,0.0,83.0,186260655.0,90.0,9430.0,100.0,0.0,100.0,4.0,,,,,100.0,0.0,100.0,0.0,,,78.0,22.0,,,100.0,132.0,100.0,889.0,22.0,22.0,100.0,0.0,100.0,0.0,200.0,0.0,100.0,9219.0,100.0,48668559136.0,100.0,82271026600.0
2019-08-02,ZJV132CA,ST12000NM0007,12000138625024,0,69.0,8668224.0,95.0,0.0,100.0,4.0,100.0,0.0,83.0,190120567.0,90.0,9461.0,100.0,0.0,100.0,4.0,,,,,100.0,0.0,100.0,0.0,,,77.0,23.0,,,100.0,132.0,100.0,891.0,23.0,23.0,100.0,0.0,100.0,0.0,200.0,0.0,100.0,9250.0,100.0,48804222048.0,100.0,82552297528.0
2019-08-03,ZJV132CA,ST12000NM0007,12000138625024,0,84.0,243790688.0,95.0,0.0,100.0,4.0,100.0,0.0,83.0,192182852.0,90.0,9477.0,100.0,0.0,100.0,4.0,,,,,100.0,0.0,100.0,0.0,,,78.0,22.0,,,100.0,132.0,100.0,891.0,22.0,22.0,100.0,0.0,100.0,0.0,200.0,0.0,100.0,9266.0,100.0,48857844120.0,100.0,82733797920.0
2019-08-04,ZJV132CA,ST12000NM0007,12000138625024,0,83.0,212537224.0,95.0,0.0,100.0,4.0,100.0,0.0,83.0,196401540.0,90.0,9509.0,100.0,0.0,100.0,4.0,,,,,100.0,0.0,100.0,0.0,,,77.0,23.0,,,100.0,133.0,100.0,893.0,23.0,23.0,100.0,0.0,100.0,0.0,200.0,0.0,100.0,9298.0,100.0,49004345496.0,100.0,83044324696.0
2019-08-05,ZJV132CA,ST12000NM0007,12000138625024,0,77.0,53929792.0,95.0,0.0,100.0,4.0,100.0,0.0,83.0,200311033.0,90.0,9525.0,100.0,0.0,100.0,4.0,,,,,100.0,0.0,100.0,0.0,,,78.0,22.0,,,100.0,133.0,100.0,893.0,22.0,22.0,100.0,0.0,100.0,0.0,200.0,0.0,100.0,9314.0,100.0,49102161224.0,100.0,83276183248.0
2019-08-06,ZJV132CA,ST12000NM0007,12000138625024,0,80.0,111540840.0,95.0,0.0,100.0,4.0,100.0,0.0,83.0,204544254.0,90.0,9557.0,100.0,0.0,100.0,4.0,,,,,100.0,0.0,100.0,0.0,,,78.0,22.0,,,100.0,133.0,100.0,894.0,22.0,22.0,100.0,0.0,100.0,0.0,200.0,0.0,100.0,9345.0,100.0,49253157344.0,100.0,83671079720.0
2019-08-07,ZJV132CA,ST12000NM0007,12000138625024,0,81.0,137222736.0,95.0,0.0,100.0,4.0,100.0,0.0,83.0,210055047.0,90.0,9588.0,100.0,0.0,100.0,4.0,,,,,100.0,0.0,100.0,0.0,,,78.0,22.0,,,100.0,134.0,100.0,896.0,22.0,22.0,100.0,0.0,100.0,0.0,200.0,0.0,100.0,9376.0,100.0,49424586560.0,100.0,84013613664.0
2019-08-08,ZJV132CA,ST12000NM0007,12000138625024,0,81.0,120571834.0,94.0,0.0,100.0,5.0,100.0,0.0,83.0,211969397.0,90.0,9604.0,100.0,0.0,100.0,5.0,,,,,100.0,0.0,100.0,0.0,,,78.0,22.0,,,100.0,134.0,100.0,900.0,22.0,22.0,100.0,0.0,100.0,0.0,200.0,0.0,100.0,9392.0,100.0,49485762256.0,100.0,84179927730.0
2019-08-09,ZJV132CA,ST12000NM0007,12000138625024,0,78.0,61607528.0,94.0,0.0,100.0,5.0,100.0,0.0,83.0,213501019.0,90.0,9620.0,100.0,0.0,100.0,5.0,,,,,100.0,0.0,100.0,0.0,,,79.0,21.0,,,100.0,134.0,100.0,900.0,21.0,21.0,100.0,0.0,100.0,0.0,200.0,0.0,100.0,9408.0,100.0,49512757016.0,100.0,84338109362.0
2019-08-10,ZJV132CA,ST12000NM0007,12000138625024,0,84.0,243809264.0,94.0,0.0,100.0,5.0,100.0,0.0,83.0,217072880.0,89.0,9652.0,100.0,0.0,100.0,5.0,,,,,100.0,0.0,100.0,0.0,,,78.0,22.0,,,100.0,134.0,100.0,902.0,22.0,22.0,100.0,0.0,100.0,0.0,200.0,0.0,100.0,9440.0,100.0,49598704136.0,100.0,84678504738.0
2019-08-11,ZJV132CA,ST12000NM0007,12000138625024,0,68.0,7039800.0,94.0,0.0,100.0,5.0,100.0,0.0,83.0,219358172.0,89.0,9668.0,100.0,0.0,100.0,5.0,,,,,100.0,0.0,100.0,0.0,,,78.0,22.0,,,100.0,134.0,100.0,902.0,22.0,22.0,100.0,0.0,100.0,0.0,200.0,0.0,100.0,9455.0,100.0,49647689472.0,100.0,84881031570.0
2019-08-12,ZJV132CA,ST12000NM0007,12000138625024,0,79.0,74045688.0,94.0,0.0,100.0,5.0,100.0,0.0,84.0,225423627.0,89.0,9699.0,100.0,0.0,100.0,5.0,,,,,100.0,0.0,100.0,0.0,,,78.0,22.0,,,100.0,135.0,100.0,904.0,22.0,22.0,100.0,0.0,100.0,0.0,200.0,0.0,100.0,9487.0,100.0,49769284448.0,100.0,85314724074.0
2019-08-13,ZJV132CA,ST12000NM0007,12000138625024,0,82.0,143507200.0,94.0,0.0,100.0,5.0,100.0,0.0,84.0,228087404.0,89.0,9715.0,100.0,0.0,100.0,5.0,,,,,100.0,0.0,100.0,0.0,,,78.0,22.0,,,100.0,135.0,100.0,904.0,22.0,22.0,100.0,0.0,100.0,0.0,200.0,0.0,100.0,9503.0,100.0,49863579776.0,100.0,85534030994.0
2019-08-14,ZJV132CA,ST12000NM0007,12000138625024,0,76.0,36556664.0,94.0,0.0,100.0,5.0,100.0,0.0,84.0,234306213.0,89.0,9747.0,100.0,0.0,100.0,5.0,,,,,100.0,0.0,100.0,0.0,,,78.0,22.0,,,100.0,136.0,100.0,906.0,22.0,22.0,100.0,0.0,100.0,0.0,200.0,0.0,100.0,9535.0,100.0,50028787704.0,100.0,85994294850.0
2019-08-15,ZJV132CA,ST12000NM0007,12000138625024,0,83.0,202075176.0,94.0,0.0,100.0,5.0,100.0,0.0,84.0,238555707.0,89.0,9778.0,100.0,0.0,100.0,5.0,,,,,100.0,0.0,100.0,0.0,,,77.0,23.0,,,100.0,136.0,100.0,907.0,23.0,23.0,100.0,0.0,100.0,0.0,200.0,0.0,100.0,9566.0,100.0,50088503176.0,100.0,86344238626.0
2019-08-16,ZJV132CA,ST12000NM0007,12000138625024,0,82.0,171724752.0,94.0,0.0,100.0,5.0,100.0,0.0,84.0,240638954.0,89.0,9794.0,100.0,0.0,100.0,5.0,,,,,100.0,0.0,100.0,0.0,,,77.0,23.0,,,100.0,136.0,100.0,907.0,23.0,23.0,100.0,0.0,100.0,0.0,200.0,0.0,100.0,9582.0,100.0,50132520848.0,100.0,86514011642.0
2019-08-17,ZJV132CA,ST12000NM0007,12000138625024,0,81.0,115282008.0,94.0,0.0,100.0,5.0,100.0,0.0,84.0,244697966.0,89.0,9826.0,100.0,0.0,100.0,5.0,,,,,100.0,0.0,100.0,0.0,,,77.0,23.0,,,100.0,138.0,100.0,909.0,23.0,23.0,100.0,0.0,100.0,0.0,200.0,0.0,100.0,9613.0,100.0,50194935464.0,100.0,86883435746.0
2019-08-18,ZJV132CA,ST12000NM0007,12000138625024,0,82.0,148085176.0,94.0,0.0,100.0,5.0,100.0,0.0,84.0,246892475.0,89.0,9842.0,100.0,0.0,100.0,5.0,,,,,100.0,0.0,100.0,0.0,,,78.0,22.0,,,100.0,138.0,100.0,910.0,22.0,22.0,100.0,0.0,100.0,0.0,200.0,0.0,100.0,9629.0,100.0,50230093768.0,100.0,87125221290.0
2019-08-19,ZJV132CA,ST12000NM0007,12000138625024,0,82.0,175437976.0,94.0,0.0,100.0,5.0,100.0,0.0,84.0,250092858.0,89.0,9858.0,100.0,0.0,100.0,5.0,,,,,100.0,0.0,100.0,0.0,,,78.0,22.0,,,100.0,138.0,100.0,914.0,22.0,22.0,100.0,0.0,100.0,0.0,200.0,0.0,100.0,9645.0,100.0,50262177880.0,100.0,87364630610.0
2019-08-20,ZJV132CA,ST12000NM0007,12000138625024,0,81.0,120905880.0,94.0,0.0,100.0,5.0,100.0,0.0,84.0,254027868.0,89.0,9890.0,100.0,0.0,100.0,5.0,,,,,100.0,0.0,100.0,0.0,,,78.0,22.0,,,100.0,139.0,100.0,915.0,22.0,22.0,100.0,0.0,100.0,0.0,200.0,0.0,100.0,9676.0,100.0,50337766200.0,100.0,87722791682.0
2019-08-21,ZJV132CA,ST12000NM0007,12000138625024,0,73.0,18362920.0,94.0,0.0,100.0,5.0,100.0,0.0,84.0,259109777.0,89.0,9921.0,100.0,0.0,100.0,5.0,,,,,100.0,0.0,100.0,0.0,,,78.0,22.0,,,100.0,140.0,100.0,917.0,22.0,22.0,100.0,0.0,100.0,0.0,200.0,0.0,100.0,9708.0,100.0,50401509240.0,100.0,88044787434.0
2019-08-22,ZJV132CA,ST12000NM0007,12000138625024,0,84.0,236395800.0,94.0,0.0,100.0,5.0,100.0,0.0,84.0,260857017.0,89.0,9937.0,100.0,0.0,100.0,5.0,,,,,100.0,0.0,100.0,0.0,,,78.0,22.0,,,100.0,140.0,100.0,917.0,22.0,22.0,100.0,0.0,100.0,0.0,200.0,0.0,100.0,9723.0,100.0,50418820736.0,100.0,88245508818.0
2019-08-23,ZJV132CA,ST12000NM0007,12000138625024,0,84.0,241905536.0,94.0,0.0,100.0,5.0,100.0,0.0,84.0,266663480.0,89.0,9969.0,100.0,0.0,100.0,5.0,,,,,100.0,0.0,100.0,0.0,,,77.0,23.0,,,100.0,140.0,100.0,919.0,23.0,23.0,100.0,0.0,100.0,0.0,200.0,0.0,100.0,9755.0,100.0,50483000976.0,100.0,88675120170.0
2019-08-24,ZJV132CA,ST12000NM0007,12000138625024,0,84.0,237081984.0,94.0,0.0,100.0,5.0,100.0,0.0,84.0,269033228.0,89.0,9984.0,100.0,0.0,100.0,5.0,,,,,100.0,0.0,100.0,0.0,,,78.0,22.0,,,100.0,140.0,100.0,919.0,22.0,22.0,100.0,0.0,100.0,0.0,200.0,0.0,100.0,9771.0,100.0,50520638824.0,100.0,88876799402.0
2019-08-25,ZJV132CA,ST12000NM0007,12000138625024,0,82.0,161831984.0,94.0,0.0,100.0,5.0,100.0,0.0,84.0,272499693.0,89.0,10016.0,100.0,0.0,100.0,5.0,,,,,100.0,0.0,100.0,0.0,,,77.0,23.0,,,100.0,141.0,100.0,921.0,23.0,23.0,100.0,0.0,100.0,0.0,200.0,0.0,100.0,9802.0,100.0,50559893056.0,100.0,89250576546.0
2019-08-26,ZJV132CA,ST12000NM0007,12000138625024,0,79.0,77683472.0,94.0,0.0,100.0,5.0,100.0,0.0,84.0,279635996.0,89.0,10064.0,100.0,0.0,100.0,5.0,,,,,100.0,0.0,100.0,0.0,,,77.0,23.0,,,100.0,142.0,100.0,923.0,23.0,23.0,100.0,0.0,100.0,0.0,200.0,0.0,100.0,9850.0,100.0,50676670344.0,100.0,89782072882.0
2019-08-27,ZJV132CA,ST12000NM0007,12000138625024,0,79.0,77683472.0,94.0,0.0,100.0,5.0,100.0,0.0,84.0,279635996.0,89.0,10064.0,100.0,0.0,100.0,5.0,,,,,100.0,0.0,100.0,0.0,,,77.0,23.0,,,100.0,142.0,100.0,923.0,23.0,23.0,100.0,0.0,100.0,0.0,200.0,0.0,100.0,9850.0,100.0,50676670344.0,100.0,89782072882.0
2019-08-28,ZJV132CA,ST12000NM0007,12000138625024,0,65.0,2877816.0,94.0,0.0,100.0,5.0,100.0,0.0,85.0,282090318.0,89.0,10079.0,100.0,0.0,100.0,5.0,,,,,100.0,0.0,100.0,0.0,,,78.0,22.0,,,100.0,142.0,100.0,923.0,22.0,22.0,100.0,0.0,100.0,0.0,200.0,0.0,100.0,9865.0,100.0,50703518632.0,100.0,89924559570.0
2019-08-29,ZJV132CA,ST12000NM0007,12000138625024,0,79.0,85729656.0,94.0,0.0,100.0,5.0,100.0,0.0,85.0,286518971.0,89.0,10111.0,100.0,0.0,100.0,5.0,,,,,100.0,0.0,100.0,0.0,,,77.0,23.0,,,100.0,142.0,100.0,925.0,23.0,23.0,100.0,0.0,100.0,0.0,200.0,0.0,100.0,9897.0,100.0,50771517288.0,100.0,90183553466.0
2019-08-30,ZJV132CA,ST12000NM0007,12000138625024,0,76.0,39741480.0,94.0,0.0,100.0,5.0,100.0,0.0,85.0,288642364.0,89.0,10127.0,100.0,0.0,100.0,5.0,,,,,100.0,0.0,100.0,0.0,,,78.0,22.0,,,100.0,142.0,100.0,925.0,22.0,22.0,100.0,0.0,100.0,0.0,200.0,0.0,100.0,9913.0,100.0,50815689520.0,100.0,90337533754.0
2019-08-31,ZJV132CA,ST12000NM0007,12000138625024,0,82.0,154990120.0,94.0,0.0,100.0,5.0,100.0,0.0,85.0,292849224.0,89.0,10159.0,100.0,0.0,100.0,5.0,,,,,100.0,0.0,100.0,0.0,,,77.0,23.0,,,100.0,142.0,100.0,927.0,23.0,23.0,100.0,0.0,100.0,0.0,200.0,0.0,100.0,9944.0,100.0,50900677536.0,100.0,90611935010.0
2019-09-01,ZJV132CA,ST12000NM0007,12000138625024,0,82.0,150433536.0,94.0,0.0,100.0,5.0,100.0,0.0,85.0,295105315.0,89.0,10175.0,100.0,0.0,100.0,5.0,,,,,100.0,0.0,100.0,0.0,,,78.0,22.0,,,100.0,142.0,100.0,927.0,22.0,22.0,100.0,0.0,100.0,0.0,200.0,0.0,100.0,9960.0,100.0,50940348264.0,100.0,90811848354.0
2019-09-02,ZJV132CA,ST12000NM0007,12000138625024,0,82.0,145491008.0,94.0,0.0,100.0,5.0,100.0,0.0,85.0,300626050.0,89.0,10206.0,100.0,0.0,100.0,5.0,,,,,100.0,0.0,100.0,0.0,,,77.0,23.0,,,100.0,142.0,100.0,929.0,23.0,23.0,100.0,0.0,100.0,0.0,200.0,0.0,100.0,9992.0,100.0,50992082576.0,100.0,91243453210.0
2019-09-03,ZJV132CA,ST12000NM0007,12000138625024,0,81.0,117523792.0,94.0,0.0,100.0,5.0,100.0,0.0,85.0,302536717.0,89.0,10222.0,100.0,0.0,100.0,5.0,,,,,100.0,0.0,100.0,0.0,,,79.0,21.0,,,100.0,142.0,100.0,929.0,21.0,21.0,100.0,0.0,100.0,0.0,200.0,0.0,100.0,10007.0,100.0,51012062976.0,100.0,91439646298.0
2019-09-04,ZJV132CA,ST12000NM0007,12000138625024,0,83.0,188093472.0,94.0,0.0,100.0,5.0,100.0,0.0,85.0,306965803.0,89.0,10254.0,100.0,0.0,100.0,5.0,,,,,100.0,0.0,100.0,0.0,,,78.0,22.0,,,100.0,142.0,100.0,931.0,22.0,22.0,100.0,0.0,100.0,0.0,200.0,0.0,100.0,10039.0,100.0,51054615528.0,100.0,91711804242.0
2019-09-05,ZJV132CA,ST12000NM0007,12000138625024,0,83.0,181977800.0,94.0,0.0,100.0,5.0,100.0,0.0,85.0,311069160.0,89.0,10286.0,100.0,0.0,100.0,5.0,,,,,100.0,0.0,100.0,0.0,,,79.0,21.0,,,100.0,142.0,100.0,933.0,21.0,21.0,100.0,0.0,100.0,0.0,200.0,0.0,100.0,10070.0,100.0,51135741840.0,100.0,92112843706.0
2019-09-06,ZJV132CA,ST12000NM0007,12000138625024,0,79.0,77302016.0,94.0,0.0,100.0,5.0,100.0,0.0,85.0,312524030.0,89.0,10301.0,100.0,0.0,100.0,5.0,,,,,100.0,0.0,100.0,0.0,,,78.0,22.0,,,100.0,142.0,100.0,933.0,22.0,22.0,100.0,0.0,100.0,0.0,200.0,0.0,100.0,10086.0,100.0,51155617576.0,100.0,92232432986.0
2019-09-07,ZJV132CA,ST12000NM0007,12000138625024,0,83.0,210143784.0,94.0,0.0,100.0,5.0,100.0,0.0,85.0,315972147.0,89.0,10333.0,100.0,0.0,100.0,5.0,,,,,100.0,0.0,100.0,0.0,,,78.0,22.0,,,100.0,142.0,100.0,935.0,22.0,22.0,100.0,0.0,100.0,0.0,200.0,0.0,100.0,10118.0,100.0,51200567640.0,100.0,92564465370.0
2019-09-08,ZJV132CA,ST12000NM0007,12000138625024,0,82.0,147340248.0,94.0,0.0,100.0,5.0,100.0,0.0,85.0,317679499.0,89.0,10349.0,100.0,0.0,100.0,5.0,,,,,100.0,0.0,100.0,0.0,,,78.0,22.0,,,100.0,142.0,100.0,935.0,22.0,22.0,100.0,0.0,100.0,0.0,200.0,0.0,100.0,10133.0,100.0,51234467176.0,100.0,92711903242.0
2019-09-09,ZJV132CA,ST12000NM0007,12000138625024,0,76.0,43183240.0,94.0,0.0,100.0,5.0,100.0,0.0,85.0,323098647.0,89.0,10381.0,100.0,0.0,100.0,5.0,,,,,100.0,0.0,100.0,0.0,,,78.0,22.0,,,100.0,144.0,100.0,937.0,22.0,22.0,100.0,0.0,100.0,0.0,200.0,0.0,100.0,10165.0,100.0,51312201192.0,100.0,93018293706.0
2019-09-10,ZJV132CA,ST12000NM0007,12000138625024,0,82.0,175481696.0,94.0,0.0,100.0,5.0,100.0,0.0,85.0,324549795.0,89.0,10396.0,100.0,0.0,100.0,5.0,,,,,100.0,0.0,100.0,0.0,,,78.0,22.0,,,100.0,144.0,100.0,937.0,22.0,22.0,100.0,0.0,100.0,0.0,200.0,0.0,100.0,10181.0,100.0,51331071552.0,100.0,93131721802.0
2019-09-11,ZJV132CA,ST12000NM0007,12000138625024,0,84.0,237884032.0,94.0,0.0,100.0,5.0,100.0,0.0,85.0,329447065.0,89.0,10428.0,100.0,0.0,100.0,5.0,,,,,100.0,0.0,100.0,0.0,,,78.0,22.0,,,100.0,144.0,100.0,940.0,22.0,22.0,100.0,0.0,100.0,0.0,200.0,0.0,100.0,10212.0,100.0,51419866224.0,100.0,93349470266.0
2019-09-12,ZJV132CA,ST12000NM0007,12000138625024,0,81.0,138257048.0,94.0,0.0,100.0,5.0,100.0,0.0,85.0,331193851.0,89.0,10444.0,100.0,0.0,100.0,5.0,,,,,100.0,0.0,100.0,0.0,,,78.0,22.0,,,100.0,144.0,100.0,940.0,22.0,22.0,100.0,0.0,100.0,0.0,200.0,0.0,100.0,10228.0,100.0,51455318440.0,100.0,93458531818.0
2019-09-13,ZJV132CA,ST12000NM0007,12000138625024,0,76.0,43774096.0,94.0,0.0,100.0,5.0,100.0,0.0,85.0,334983877.0,89.0,10475.0,100.0,0.0,100.0,5.0,,,,,100.0,0.0,100.0,0.0,,,78.0,22.0,,,100.0,144.0,100.0,941.0,22.0,22.0,100.0,0.0,100.0,0.0,200.0,0.0,100.0,10259.0,100.0,51507658288.0,100.0,93799990530.0
2019-09-14,ZJV132CA,ST12000NM0007,12000138625024,0,100.0,1542776.0,94.0,0.0,100.0,5.0,100.0,0.0,85.0,336947569.0,89.0,10491.0,100.0,0.0,100.0,5.0,,,,,100.0,0.0,100.0,0.0,,,77.0,23.0,,,100.0,144.0,100.0,942.0,23.0,23.0,100.0,0.0,100.0,0.0,200.0,0.0,100.0,10275.0,100.0,51548900648.0,100.0,93960657482.0
2019-09-15,ZJV132CA,ST12000NM0007,12000138625024,0,84.0,241746416.0,94.0,0.0,100.0,5.0,100.0,0.0,85.0,341872737.0,88.0,10523.0,100.0,0.0,100.0,5.0,,,,,100.0,0.0,100.0,0.0,,,77.0,23.0,,,100.0,144.0,100.0,943.0,23.0,23.0,100.0,0.0,100.0,0.0,200.0,0.0,100.0,10307.0,100.0,51655342080.0,100.0,94338560346.0
2019-09-16,ZJV132CA,ST12000NM0007,12000138625024,0,70.0,10489456.0,94.0,0.0,100.0,5.0,100.0,0.0,85.0,345718332.0,88.0,10539.0,100.0,0.0,100.0,5.0,,,,,100.0,0.0,100.0,0.0,,,78.0,22.0,,,100.0,144.0,100.0,944.0,22.0,22.0,100.0,0.0,100.0,0.0,200.0,0.0,100.0,10322.0,100.0,51705452960.0,100.0,94545473954.0
2019-09-17,ZJV132CA,ST12000NM0007,12000138625024,0,82.0,152278128.0,94.0,0.0,100.0,5.0,100.0,0.0,85.0,349340330.0,88.0,10571.0,100.0,0.0,100.0,5.0,,,,,100.0,0.0,100.0,0.0,,,78.0,22.0,,,100.0,144.0,100.0,945.0,22.0,22.0,100.0,0.0,100.0,0.0,200.0,0.0,100.0,10354.0,100.0,51753208624.0,100.0,94883647602.0
2019-09-18,ZJV132CA,ST12000NM0007,12000138625024,0,80.0,89383712.0,94.0,0.0,100.0,5.0,100.0,0.0,85.0,352327842.0,88.0,10586.0,100.0,0.0,100.0,5.0,,,,,100.0,0.0,100.0,0.0,,,78.0,22.0,,,100.0,144.0,100.0,946.0,22.0,22.0,100.0,0.0,100.0,0.0,200.0,0.0,100.0,10370.0,100.0,51778532416.0,100.0,95039570154.0
2019-09-19,ZJV132CA,ST12000NM0007,12000138625024,0,81.0,136969936.0,94.0,0.0,100.0,5.0,100.0,0.0,86.0,360231249.0,88.0,10618.0,100.0,0.0,100.0,5.0,,,,,100.0,0.0,100.0,0.0,,,77.0,23.0,,,100.0,144.0,100.0,947.0,23.0,23.0,100.0,0.0,100.0,0.0,200.0,0.0,100.0,10401.0,100.0,51805236880.0,100.0,96525296602.0
2019-09-20,ZJV132CA,ST12000NM0007,12000138625024,0,82.0,168303568.0,94.0,0.0,100.0,5.0,100.0,0.0,86.0,365116129.0,88.0,10634.0,100.0,0.0,100.0,5.0,,,,,100.0,0.0,100.0,0.0,,,78.0,22.0,,,100.0,144.0,100.0,948.0,22.0,22.0,100.0,0.0,100.0,0.0,200.0,0.0,100.0,10417.0,100.0,51816291120.0,100.0,97522139346.0
2019-09-21,ZJV132CA,ST12000NM0007,12000138625024,0,77.0,46565216.0,94.0,0.0,100.0,5.0,100.0,0.0,86.0,372876370.0,88.0,10665.0,100.0,0.0,100.0,5.0,,,,,100.0,0.0,100.0,0.0,,,77.0,23.0,,,100.0,144.0,100.0,949.0,23.0,23.0,100.0,0.0,100.0,0.0,200.0,0.0,100.0,10449.0,100.0,51838918752.0,100.0,98842617650.0
2019-09-22,ZJV132CA,ST12000NM0007,12000138625024,0,82.0,175956000.0,94.0,0.0,100.0,5.0,100.0,0.0,86.0,377291808.0,88.0,10681.0,100.0,0.0,100.0,5.0,,,,,100.0,0.0,100.0,0.0,,,77.0,23.0,,,100.0,144.0,100.0,950.0,23.0,23.0,100.0,0.0,100.0,0.0,200.0,0.0,100.0,10464.0,100.0,51846342120.0,100.0,99452866658.0
2019-09-23,ZJV132CA,ST12000NM0007,12000138625024,0,83.0,223727016.0,94.0,0.0,100.0,5.0,100.0,0.0,86.0,386286197.0,88.0,10713.0,100.0,0.0,100.0,5.0,,,,,100.0,0.0,100.0,0.0,,,78.0,22.0,,,100.0,144.0,100.0,951.0,22.0,22.0,100.0,0.0,100.0,0.0,200.0,0.0,100.0,10496.0,100.0,51867836768.0,100.0,100455705874.0
2019-09-24,ZJV132CA,ST12000NM0007,12000138625024,0,82.0,158399528.0,94.0,0.0,100.0,5.0,100.0,0.0,86.0,389355544.0,88.0,10729.0,100.0,0.0,100.0,5.0,,,,,100.0,0.0,100.0,0.0,,,77.0,23.0,,,100.0,145.0,100.0,952.0,23.0,23.0,100.0,0.0,100.0,0.0,200.0,0.0,100.0,10512.0,100.0,51892906720.0,100.0,100609449122.0
2019-09-25,ZJV132CA,ST12000NM0007,12000138625024,0,70.0,9221696.0,94.0,0.0,100.0,5.0,100.0,0.0,86.0,395957539.0,88.0,10760.0,100.0,0.0,100.0,5.0,,,,,100.0,0.0,100.0,0.0,,,78.0,22.0,,,100.0,146.0,100.0,953.0,22.0,22.0,100.0,0.0,100.0,0.0,200.0,0.0,100.0,10543.0,100.0,51952183448.0,100.0,100889276002.0
2019-09-26,ZJV132CA,ST12000NM0007,12000138625024,0,83.0,186682584.0,94.0,0.0,100.0,5.0,100.0,0.0,86.0,397693891.0,88.0,10776.0,100.0,0.0,100.0,5.0,,,,,100.0,0.0,100.0,0.0,,,78.0,22.0,,,100.0,146.0,100.0,954.0,22.0,22.0,100.0,0.0,100.0,0.0,200.0,0.0,100.0,10559.0,100.0,51977709648.0,100.0,101041210690.0
2019-09-27,ZJV132CA,ST12000NM0007,12000138625024,0,71.0,14009544.0,94.0,0.0,100.0,5.0,100.0,0.0,86.0,401535755.0,88.0,10808.0,100.0,0.0,100.0,5.0,,,,,100.0,0.0,100.0,0.0,,,78.0,22.0,,,100.0,146.0,100.0,955.0,22.0,22.0,100.0,0.0,100.0,0.0,200.0,0.0,100.0,10590.0,100.0,52059323496.0,100.0,101275205290.0
2019-09-28,ZJV132CA,ST12000NM0007,12000138625024,0,84.0,240192800.0,94.0,0.0,100.0,5.0,100.0,0.0,86.0,403885740.0,88.0,10824.0,100.0,0.0,100.0,5.0,,,,,100.0,0.0,100.0,0.0,,,78.0,22.0,,,100.0,146.0,100.0,956.0,22.0,22.0,100.0,0.0,100.0,0.0,200.0,0.0,100.0,10606.0,100.0,52123612736.0,100.0,101437099306.0
2019-09-29,ZJV132CA,ST12000NM0007,12000138625024,0,79.0,86187248.0,94.0,0.0,100.0,5.0,100.0,0.0,86.0,407639377.0,88.0,10855.0,100.0,0.0,100.0,5.0,,,,,100.0,0.0,100.0,0.0,,,79.0,21.0,,,100.0,146.0,100.0,957.0,21.0,21.0,100.0,0.0,100.0,0.0,200.0,0.0,100.0,10638.0,100.0,52190884432.0,100.0,101704103594.0
2019-09-30,ZJV132CA,ST12000NM0007,12000138625024,0,79.0,75810368.0,94.0,0.0,100.0,5.0,100.0,0.0,86.0,411136199.0,88.0,10871.0,100.0,0.0,100.0,5.0,,,,,100.0,0.0,100.0,0.0,,,79.0,21.0,,,100.0,146.0,100.0,958.0,21.0,21.0,100.0,0.0,100.0,0.0,200.0,0.0,100.0,10653.0,100.0,52216953040.0,100.0,101911798890.0
2019-10-01,ZJV132CA,ST12000NM0007,12000138625024,0,83.0,192406648.0,94.0,0.0,100.0,5.0,100.0,0.0,86.0,415027948.0,88.0,10903.0,100.0,0.0,100.0,5.0,,,,,100.0,0.0,100.0,0.0,,,76.0,24.0,,,100.0,147.0,100.0,959.0,24.0,24.0,100.0,0.0,100.0,0.0,200.0,0.0,100.0,10685.0,100.0,52306381224.0,100.0,102183107786.0
2019-10-02,ZJV132CA,ST12000NM0007,12000138625024,0,82.0,170893688.0,94.0,0.0,100.0,5.0,100.0,0.0,86.0,417657246.0,88.0,10919.0,100.0,0.0,100.0,5.0,,,,,100.0,0.0,100.0,0.0,,,78.0,22.0,,,100.0,147.0,100.0,960.0,22.0,22.0,100.0,0.0,100.0,0.0,200.0,0.0,100.0,10701.0,100.0,52335580416.0,100.0,102376536346.0
2019-10-03,ZJV132CA,ST12000NM0007,12000138625024,0,82.0,153475176.0,94.0,0.0,100.0,5.0,100.0,0.0,86.0,420755602.0,88.0,10950.0,100.0,0.0,100.0,5.0,,,,,100.0,0.0,100.0,0.0,,,78.0,22.0,,,100.0,148.0,100.0,962.0,22.0,22.0,100.0,0.0,100.0,0.0,200.0,0.0,100.0,10732.0,100.0,52361291008.0,100.0,102577547874.0
2019-10-04,ZJV132CA,ST12000NM0007,12000138625024,0,71.0,12745744.0,94.0,0.0,100.0,5.0,100.0,0.0,86.0,421804753.0,88.0,10966.0,100.0,0.0,100.0,5.0,,,,,100.0,0.0,100.0,0.0,,,79.0,21.0,,,100.0,148.0,100.0,962.0,21.0,21.0,100.0,0.0,100.0,0.0,200.0,0.0,100.0,10748.0,100.0,52373038672.0,100.0,102669211594.0
2019-10-05,ZJV132CA,ST12000NM0007,12000138625024,0,84.0,235110568.0,94.0,0.0,100.0,5.0,100.0,0.0,86.0,424123123.0,88.0,10998.0,100.0,0.0,100.0,5.0,,,,,100.0,0.0,100.0,0.0,,,78.0,22.0,,,100.0,149.0,100.0,964.0,22.0,22.0,100.0,0.0,100.0,0.0,200.0,0.0,100.0,10779.0,100.0,52395715440.0,100.0,102868899650.0
2019-10-06,ZJV132CA,ST12000NM0007,12000138625024,0,82.0,146880240.0,94.0,0.0,100.0,5.0,100.0,0.0,86.0,425522756.0,88.0,11013.0,100.0,0.0,100.0,5.0,,,,,100.0,0.0,100.0,0.0,,,78.0,22.0,,,100.0,149.0,100.0,965.0,22.0,22.0,100.0,0.0,100.0,0.0,200.0,0.0,100.0,10795.0,100.0,52420312576.0,100.0,103000212986.0
2019-10-07,ZJV132CA,ST12000NM0007,12000138625024,0,82.0,162074872.0,94.0,0.0,100.0,5.0,100.0,0.0,86.0,429979850.0,88.0,11045.0,100.0,0.0,100.0,5.0,,,,,100.0,0.0,100.0,0.0,,,78.0,22.0,,,100.0,149.0,100.0,966.0,22.0,22.0,100.0,0.0,100.0,0.0,200.0,0.0,100.0,10826.0,100.0,52447188608.0,100.0,103232672218.0
2019-10-08,ZJV132CA,ST12000NM0007,12000138625024,0,77.0,46649624.0,94.0,0.0,100.0,5.0,100.0,0.0,86.0,431492962.0,88.0,11061.0,100.0,0.0,100.0,5.0,,,,,100.0,0.0,100.0,0.0,,,78.0,22.0,,,100.0,149.0,100.0,967.0,22.0,22.0,100.0,0.0,100.0,0.0,200.0,0.0,100.0,10842.0,100.0,52463751800.0,100.0,103344824442.0
2019-10-09,ZJV132CA,ST12000NM0007,12000138625024,0,80.0,100637464.0,94.0,0.0,100.0,5.0,100.0,0.0,86.0,436037754.0,88.0,11093.0,100.0,0.0,100.0,5.0,,,,,100.0,0.0,100.0,0.0,,,78.0,22.0,,,100.0,149.0,100.0,968.0,22.0,22.0,100.0,0.0,100.0,0.0,200.0,0.0,100.0,10874.0,100.0,52511702536.0,100.0,103595002330.0
2019-10-10,ZJV132CA,ST12000NM0007,12000138625024,0,82.0,175884816.0,94.0,0.0,100.0,5.0,100.0,0.0,86.0,438923343.0,88.0,11124.0,100.0,0.0,100.0,5.0,,,,,100.0,0.0,100.0,0.0,,,77.0,23.0,,,100.0,151.0,100.0,970.0,23.0,23.0,100.0,0.0,100.0,0.0,200.0,0.0,100.0,10905.0,100.0,52559688784.0,100.0,103866404242.0
2019-10-11,ZJV132CA,ST12000NM0007,12000138625024,0,80.0,107452296.0,94.0,0.0,100.0,5.0,100.0,0.0,86.0,440560849.0,88.0,11140.0,100.0,0.0,100.0,5.0,,,,,100.0,0.0,100.0,0.0,,,77.0,23.0,,,100.0,151.0,100.0,970.0,23.0,23.0,100.0,0.0,100.0,0.0,200.0,0.0,100.0,10921.0,100.0,52580449248.0,100.0,104021352026.0
2019-10-12,ZJV132CA,ST12000NM0007,12000138625024,0,83.0,188501704.0,94.0,0.0,100.0,5.0,100.0,0.0,86.0,443493220.0,88.0,11172.0,100.0,0.0,100.0,5.0,,,,,100.0,0.0,100.0,0.0,,,77.0,23.0,,,100.0,151.0,100.0,972.0,23.0,23.0,100.0,0.0,100.0,0.0,200.0,0.0,100.0,10952.0,100.0,52617309952.0,100.0,104309681362.0
2019-10-13,ZJV132CA,ST12000NM0007,12000138625024,0,78.0,58549968.0,94.0,0.0,100.0,5.0,100.0,0.0,86.0,444505143.0,88.0,11187.0,100.0,0.0,100.0,5.0,,,,,100.0,0.0,100.0,0.0,,,77.0,23.0,,,100.0,151.0,100.0,972.0,23.0,23.0,100.0,0.0,100.0,0.0,200.0,0.0,100.0,10968.0,100.0,52637704976.0,100.0,104403475338.0
2019-10-14,ZJV132CA,ST12000NM0007,12000138625024,0,83.0,187275936.0,94.0,0.0,100.0,5.0,100.0,0.0,87.0,450754232.0,88.0,11219.0,100.0,0.0,100.0,5.0,,,,,100.0,0.0,100.0,0.0,,,77.0,23.0,,,100.0,152.0,100.0,974.0,23.0,23.0,100.0,0.0,100.0,0.0,200.0,0.0,100.0,11000.0,100.0,52680267272.0,100.0,104733779818.0
2019-10-15,ZJV132CA,ST12000NM0007,12000138625024,0,73.0,20308328.0,94.0,0.0,100.0,5.0,100.0,0.0,87.0,457616139.0,88.0,11266.0,100.0,0.0,100.0,5.0,,,,,100.0,0.0,100.0,0.0,,,79.0,21.0,,,100.0,152.0,100.0,976.0,21.0,21.0,100.0,0.0,100.0,0.0,200.0,0.0,100.0,11047.0,100.0,52789372080.0,100.0,105190129690.0
2019-10-16,ZJV132CA,ST12000NM0007,12000138625024,0,73.0,20308328.0,94.0,0.0,100.0,5.0,100.0,0.0,87.0,457616139.0,88.0,11266.0,100.0,0.0,100.0,5.0,,,,,100.0,0.0,100.0,0.0,,,79.0,21.0,,,100.0,152.0,100.0,976.0,21.0,21.0,100.0,0.0,100.0,0.0,200.0,0.0,100.0,11047.0,100.0,52789372080.0,100.0,105190129690.0
2019-10-17,ZJV132CA,ST12000NM0007,12000138625024,0,84.0,232902232.0,94.0,0.0,100.0,5.0,100.0,0.0,87.0,459531011.0,88.0,11282.0,100.0,0.0,100.0,5.0,,,,,100.0,0.0,100.0,0.0,,,79.0,21.0,,,100.0,152.0,100.0,976.0,21.0,21.0,100.0,0.0,100.0,0.0,200.0,0.0,100.0,11063.0,100.0,52809840720.0,100.0,105382254954.0
2019-10-18,ZJV132CA,ST12000NM0007,12000138625024,0,84.0,240004672.0,94.0,0.0,100.0,5.0,100.0,0.0,87.0,463760022.0,88.0,11314.0,100.0,0.0,100.0,5.0,,,,,100.0,0.0,100.0,0.0,,,79.0,21.0,,,100.0,153.0,100.0,978.0,21.0,21.0,100.0,0.0,100.0,0.0,200.0,0.0,100.0,11094.0,100.0,52854783776.0,100.0,105832695762.0
2019-10-19,ZJV132CA,ST12000NM0007,12000138625024,0,84.0,232167656.0,94.0,0.0,100.0,5.0,100.0,0.0,87.0,465918922.0,88.0,11330.0,100.0,0.0,100.0,5.0,,,,,100.0,0.0,100.0,0.0,,,78.0,22.0,,,100.0,153.0,100.0,978.0,22.0,22.0,100.0,0.0,100.0,0.0,200.0,0.0,100.0,11110.0,100.0,52885308616.0,100.0,106038474626.0
2019-10-20,ZJV132CA,ST12000NM0007,12000138625024,0,71.0,12787808.0,94.0,0.0,100.0,5.0,100.0,0.0,87.0,468416163.0,88.0,11346.0,100.0,0.0,100.0,5.0,,,,,100.0,0.0,100.0,0.0,,,78.0,22.0,,,100.0,153.0,100.0,979.0,22.0,22.0,100.0,0.0,100.0,0.0,200.0,0.0,100.0,11126.0,100.0,52922049624.0,100.0,106270635234.0
2019-10-21,ZJV132CA,ST12000NM0007,12000138625024,0,81.0,125424960.0,94.0,0.0,100.0,5.0,100.0,0.0,87.0,473854898.0,88.0,11377.0,100.0,0.0,100.0,5.0,,,,,100.0,0.0,100.0,0.0,,,78.0,22.0,,,100.0,154.0,100.0,980.0,22.0,22.0,100.0,0.0,100.0,0.0,200.0,0.0,100.0,11157.0,100.0,52989239696.0,100.0,106560222954.0
2019-10-22,ZJV132CA,ST12000NM0007,12000138625024,0,75.0,32665592.0,94.0,0.0,100.0,5.0,100.0,0.0,87.0,475845457.0,87.0,11393.0,100.0,0.0,100.0,5.0,,,,,100.0,0.0,100.0,0.0,,,78.0,22.0,,,100.0,154.0,100.0,981.0,22.0,22.0,100.0,0.0,100.0,0.0,200.0,0.0,100.0,11173.0,100.0,53020833448.0,100.0,106680010506.0
2019-10-23,ZJV132CA,ST12000NM0007,12000138625024,0,81.0,134805936.0,94.0,0.0,100.0,5.0,100.0,0.0,87.0,480701275.0,87.0,11425.0,100.0,0.0,100.0,5.0,,,,,100.0,0.0,100.0,0.0,,,78.0,22.0,,,100.0,154.0,100.0,982.0,22.0,22.0,100.0,0.0,100.0,0.0,200.0,0.0,100.0,11205.0,100.0,53071861896.0,100.0,106975263098.0
2019-10-24,ZJV132CA,ST12000NM0007,12000138625024,0,76.0,38707592.0,94.0,0.0,100.0,5.0,100.0,0.0,87.0,484858496.0,87.0,11456.0,100.0,0.0,100.0,5.0,,,,,100.0,0.0,100.0,0.0,,,78.0,22.0,,,100.0,155.0,100.0,985.0,22.0,22.0,100.0,0.0,100.0,0.0,200.0,0.0,100.0,11236.0,100.0,53124010256.0,100.0,107315298186.0
2019-10-25,ZJV132CA,ST12000NM0007,12000138625024,0,83.0,222527600.0,94.0,0.0,100.0,5.0,100.0,0.0,87.0,486679789.0,87.0,11472.0,100.0,0.0,100.0,5.0,,,,,100.0,0.0,100.0,0.0,,,78.0,22.0,,,100.0,155.0,100.0,985.0,22.0,22.0,100.0,0.0,100.0,0.0,200.0,0.0,100.0,11251.0,100.0,53146750456.0,100.0,107476377994.0
2019-10-26,ZJV132CA,ST12000NM0007,12000138625024,0,80.0,107201544.0,94.0,0.0,100.0,5.0,100.0,0.0,87.0,490315266.0,87.0,11503.0,100.0,0.0,100.0,5.0,,,,,100.0,0.0,100.0,0.0,,,78.0,22.0,,,100.0,155.0,100.0,987.0,22.0,22.0,100.0,0.0,100.0,0.0,200.0,0.0,100.0,11283.0,100.0,53189153096.0,100.0,107806930620.0
2019-10-27,ZJV132CA,ST12000NM0007,12000138625024,0,71.0,13846504.0,94.0,0.0,100.0,5.0,100.0,0.0,87.0,492215978.0,87.0,11519.0,100.0,0.0,100.0,5.0,,,,,100.0,0.0,100.0,0.0,,,78.0,22.0,,,100.0,155.0,100.0,987.0,22.0,22.0,100.0,0.0,100.0,0.0,200.0,0.0,100.0,11299.0,100.0,53221088448.0,100.0,107925781036.0
2019-10-28,ZJV132CA,ST12000NM0007,12000138625024,0,80.0,105776328.0,94.0,0.0,100.0,5.0,100.0,0.0,87.0,497682932.0,87.0,11551.0,100.0,0.0,100.0,5.0,,,,,100.0,0.0,100.0,0.0,,,78.0,22.0,,,100.0,157.0,100.0,989.0,22.0,22.0,100.0,0.0,100.0,0.0,200.0,0.0,100.0,11330.0,100.0,53330930744.0,100.0,108152009380.0
2019-10-29,ZJV132CA,ST12000NM0007,12000138625024,0,71.0,11690560.0,94.0,0.0,100.0,5.0,100.0,0.0,87.0,499262090.0,87.0,11566.0,100.0,0.0,100.0,5.0,,,,,100.0,0.0,100.0,0.0,,,78.0,22.0,,,100.0,157.0,100.0,989.0,22.0,22.0,100.0,0.0,100.0,0.0,200.0,0.0,100.0,11345.0,100.0,53373448264.0,100.0,108259546820.0
2019-10-30,ZJV132CA,ST12000NM0007,12000138625024,0,75.0,30531056.0,94.0,0.0,100.0,5.0,100.0,0.0,87.0,503948662.0,87.0,11598.0,100.0,0.0,100.0,5.0,,,,,100.0,0.0,100.0,0.0,,,78.0,22.0,,,100.0,158.0,100.0,991.0,22.0,22.0,100.0,0.0,100.0,0.0,200.0,0.0,100.0,11377.0,100.0,53443877408.0,100.0,108452098972.0
2019-10-31,ZJV132CA,ST12000NM0007,12000138625024,0,82.0,162576168.0,94.0,0.0,100.0,5.0,100.0,0.0,87.0,505311688.0,87.0,11614.0,100.0,0.0,100.0,5.0,,,,,100.0,0.0,100.0,0.0,,,78.0,22.0,,,100.0,158.0,100.0,991.0,22.0,22.0,100.0,0.0,100.0,0.0,200.0,0.0,100.0,11393.0,100.0,53486403816.0,100.0,108541617676.0
2019-11-01,ZJV132CA,ST12000NM0007,12000138625024,0,77.0,48835328.0,94.0,0.0,100.0,5.0,100.0,0.0,87.0,508822072.0,87.0,11645.0,100.0,0.0,100.0,5.0,,,,,100.0,0.0,100.0,0.0,,,78.0,22.0,,,100.0,160.0,100.0,994.0,22.0,22.0,100.0,0.0,100.0,0.0,200.0,0.0,100.0,11424.0,100.0,53551611912.0,100.0,108850950708.0
2019-11-02,ZJV132CA,ST12000NM0007,12000138625024,0,75.0,33715056.0,94.0,0.0,100.0,5.0,100.0,0.0,87.0,511057668.0,87.0,11661.0,100.0,0.0,100.0,5.0,,,,,100.0,0.0,100.0,0.0,,,78.0,22.0,,,100.0,160.0,100.0,994.0,22.0,22.0,100.0,0.0,100.0,0.0,200.0,0.0,100.0,11440.0,100.0,53597949840.0,100.0,109033633260.0
2019-11-03,ZJV132CA,ST12000NM0007,12000138625024,0,76.0,41728784.0,94.0,0.0,100.0,5.0,100.0,0.0,87.0,514972952.0,87.0,11693.0,100.0,0.0,100.0,5.0,,,,,100.0,0.0,100.0,0.0,,,77.0,23.0,,,100.0,161.0,100.0,996.0,23.0,23.0,100.0,0.0,100.0,0.0,200.0,0.0,100.0,11471.0,100.0,53647326792.0,100.0,109480551412.0
2019-11-04,ZJV132CA,ST12000NM0007,12000138625024,0,76.0,37249048.0,94.0,0.0,100.0,5.0,100.0,0.0,87.0,518295352.0,87.0,11708.0,100.0,0.0,100.0,5.0,,,,,100.0,0.0,100.0,0.0,,,78.0,22.0,,,100.0,161.0,100.0,996.0,22.0,22.0,100.0,0.0,100.0,0.0,200.0,0.0,100.0,11487.0,100.0,53667284104.0,100.0,109700255316.0
2019-11-05,ZJV132CA,ST12000NM0007,12000138625024,0,77.0,44811816.0,94.0,0.0,100.0,5.0,100.0,0.0,87.0,523705529.0,87.0,11740.0,100.0,0.0,100.0,5.0,,,,,100.0,0.0,100.0,0.0,,,79.0,21.0,,,100.0,161.0,100.0,998.0,21.0,21.0,100.0,0.0,100.0,0.0,200.0,0.0,100.0,11518.0,100.0,53735390592.0,100.0,110127994700.0
2019-11-06,ZJV132CA,ST12000NM0007,12000138625024,0,76.0,42227152.0,94.0,0.0,100.0,5.0,100.0,0.0,87.0,525376500.0,87.0,11756.0,100.0,0.0,100.0,5.0,,,,,100.0,0.0,100.0,0.0,,,78.0,22.0,,,100.0,161.0,100.0,998.0,22.0,22.0,100.0,0.0,100.0,0.0,200.0,0.0,100.0,11534.0,100.0,53755411504.0,100.0,110349529868.0
2019-11-07,ZJV132CA,ST12000NM0007,12000138625024,0,82.0,149247968.0,94.0,0.0,100.0,5.0,100.0,0.0,87.0,529593762.0,87.0,11788.0,100.0,0.0,100.0,5.0,,,,,100.0,0.0,100.0,0.0,,,78.0,22.0,,,100.0,161.0,100.0,1000.0,22.0,22.0,100.0,0.0,100.0,0.0,200.0,0.0,100.0,11566.0,100.0,53796279000.0,100.0,110659823820.0
2019-11-08,ZJV132CA,ST12000NM0007,12000138625024,0,82.0,155396944.0,94.0,0.0,100.0,5.0,100.0,0.0,87.0,531193655.0,87.0,11803.0,100.0,0.0,100.0,5.0,,,,,100.0,0.0,100.0,0.0,,,78.0,22.0,,,100.0,161.0,100.0,1001.0,22.0,22.0,100.0,0.0,100.0,0.0,200.0,0.0,100.0,11581.0,100.0,53822817752.0,100.0,110883574788.0
2019-11-09,ZJV132CA,ST12000NM0007,12000138625024,0,80.0,92721576.0,94.0,0.0,100.0,5.0,100.0,0.0,87.0,534018185.0,87.0,11835.0,100.0,0.0,100.0,5.0,,,,,100.0,0.0,100.0,0.0,,,78.0,22.0,,,100.0,162.0,100.0,1002.0,22.0,22.0,100.0,0.0,100.0,0.0,200.0,0.0,100.0,11613.0,100.0,53860504120.0,100.0,111271494532.0
2019-11-10,ZJV132CA,ST12000NM0007,12000138625024,0,79.0,73988584.0,94.0,0.0,100.0,5.0,100.0,0.0,87.0,535518128.0,87.0,11851.0,100.0,0.0,100.0,5.0,,,,,100.0,0.0,100.0,0.0,,,79.0,21.0,,,100.0,162.0,100.0,1003.0,21.0,21.0,100.0,0.0,100.0,0.0,200.0,0.0,100.0,11629.0,100.0,53880498104.0,100.0,111476908188.0
2019-11-11,ZJV132CA,ST12000NM0007,12000138625024,0,79.0,84306328.0,94.0,0.0,100.0,5.0,100.0,0.0,87.0,540211800.0,87.0,11882.0,100.0,0.0,100.0,5.0,,,,,100.0,0.0,100.0,0.0,,,78.0,22.0,,,100.0,162.0,100.0,1004.0,22.0,22.0,100.0,0.0,100.0,0.0,200.0,0.0,100.0,11660.0,100.0,53927846216.0,100.0,111928159300.0
2019-11-12,ZJV132CA,ST12000NM0007,12000138625024,0,81.0,127912744.0,94.0,0.0,100.0,5.0,100.0,0.0,87.0,541781643.0,87.0,11898.0,100.0,0.0,100.0,5.0,,,,,100.0,0.0,100.0,0.0,,,78.0,22.0,,,100.0,162.0,100.0,1005.0,22.0,22.0,100.0,0.0,100.0,0.0,200.0,0.0,100.0,11676.0,100.0,53954540352.0,100.0,112189212244.0
2019-11-13,ZJV132CA,ST12000NM0007,12000138625024,0,80.0,103672032.0,94.0,0.0,100.0,5.0,100.0,0.0,87.0,546386350.0,87.0,11930.0,100.0,0.0,100.0,5.0,,,,,100.0,0.0,100.0,0.0,,,78.0,22.0,,,100.0,162.0,100.0,1006.0,22.0,22.0,100.0,0.0,100.0,0.0,200.0,0.0,100.0,11708.0,100.0,54008254712.0,100.0,112599538812.0
2019-11-14,ZJV132CA,ST12000NM0007,12000138625024,0,69.0,7584736.0,94.0,0.0,100.0,5.0,100.0,0.0,87.0,550635069.0,87.0,11961.0,100.0,0.0,100.0,5.0,,,,,100.0,0.0,100.0,0.0,,,78.0,22.0,,,100.0,163.0,100.0,1008.0,22.0,22.0,100.0,0.0,100.0,0.0,200.0,0.0,100.0,11739.0,100.0,54058989224.0,100.0,112940998676.0
2019-11-15,ZJV132CA,ST12000NM0007,12000138625024,0,84.0,241910816.0,94.0,0.0,100.0,5.0,100.0,0.0,87.0,552106870.0,87.0,11977.0,100.0,0.0,100.0,5.0,,,,,100.0,0.0,100.0,0.0,,,77.0,23.0,,,100.0,163.0,100.0,1008.0,23.0,23.0,100.0,0.0,100.0,0.0,200.0,0.0,100.0,11754.0,100.0,54072746488.0,100.0,113161567492.0
2019-11-16,ZJV132CA,ST12000NM0007,12000138625024,0,84.0,229464160.0,94.0,0.0,100.0,5.0,100.0,0.0,87.0,556123826.0,87.0,12009.0,100.0,0.0,100.0,5.0,,,,,100.0,0.0,100.0,0.0,,,78.0,22.0,,,100.0,164.0,100.0,1010.0,22.0,22.0,100.0,0.0,100.0,0.0,200.0,0.0,100.0,11786.0,100.0,54121182848.0,100.0,113588966692.0
2019-11-17,ZJV132CA,ST12000NM0007,12000138625024,0,83.0,220253072.0,94.0,0.0,100.0,5.0,100.0,0.0,87.0,558003682.0,87.0,12024.0,100.0,0.0,100.0,5.0,,,,,100.0,0.0,100.0,0.0,,,78.0,22.0,,,100.0,164.0,100.0,1010.0,22.0,22.0,100.0,0.0,100.0,0.0,200.0,0.0,100.0,11802.0,100.0,54156708976.0,100.0,113788370164.0
2019-11-18,ZJV132CA,ST12000NM0007,12000138625024,0,84.0,238414240.0,94.0,0.0,100.0,5.0,100.0,0.0,87.0,562296895.0,87.0,12056.0,100.0,0.0,100.0,5.0,,,,,100.0,0.0,100.0,0.0,,,78.0,22.0,,,100.0,164.0,100.0,1012.0,22.0,22.0,100.0,0.0,100.0,0.0,200.0,0.0,100.0,11833.0,100.0,54198433480.0,100.0,114253088148.0
2019-11-19,ZJV132CA,ST12000NM0007,12000138625024,0,83.0,204149360.0,94.0,0.0,100.0,5.0,100.0,0.0,88.0,563602535.0,87.0,12072.0,100.0,0.0,100.0,5.0,,,,,100.0,0.0,100.0,0.0,,,77.0,23.0,,,100.0,164.0,100.0,1012.0,23.0,23.0,100.0,0.0,100.0,0.0,200.0,0.0,100.0,11849.0,100.0,54214732472.0,100.0,114446665244.0
2019-11-20,ZJV132CA,ST12000NM0007,12000138625024,0,78.0,62603600.0,94.0,0.0,100.0,5.0,100.0,0.0,88.0,568105136.0,87.0,12104.0,100.0,0.0,100.0,5.0,,,,,100.0,0.0,100.0,0.0,,,77.0,23.0,,,100.0,165.0,100.0,1014.0,23.0,23.0,100.0,0.0,100.0,0.0,200.0,0.0,100.0,11880.0,100.0,54252047048.0,100.0,114756086540.0
2019-11-21,ZJV132CA,ST12000NM0007,12000138625024,0,78.0,64677920.0,94.0,0.0,100.0,5.0,100.0,0.0,88.0,569281795.0,87.0,12120.0,100.0,0.0,100.0,5.0,,,,,100.0,0.0,100.0,0.0,,,77.0,23.0,,,100.0,165.0,100.0,1015.0,23.0,23.0,100.0,0.0,100.0,0.0,200.0,0.0,100.0,11896.0,100.0,54274778808.0,100.0,114979570164.0
2019-11-22,ZJV132CA,ST12000NM0007,12000138625024,0,75.0,28229184.0,94.0,0.0,100.0,5.0,100.0,0.0,88.0,571713886.0,87.0,12151.0,100.0,0.0,100.0,5.0,,,,,100.0,0.0,100.0,0.0,,,77.0,23.0,,,100.0,166.0,100.0,1016.0,23.0,23.0,100.0,0.0,100.0,0.0,200.0,0.0,100.0,11928.0,100.0,54314451600.0,100.0,115391730124.0
2019-11-23,ZJV132CA,ST12000NM0007,12000138625024,0,84.0,225908400.0,94.0,0.0,100.0,5.0,100.0,0.0,88.0,572807875.0,87.0,12167.0,100.0,0.0,100.0,5.0,,,,,100.0,0.0,100.0,0.0,,,78.0,22.0,,,100.0,166.0,100.0,1017.0,22.0,22.0,100.0,0.0,100.0,0.0,200.0,0.0,100.0,11943.0,100.0,54315541760.0,100.0,115588319180.0
2019-11-24,ZJV132CA,ST12000NM0007,12000138625024,0,81.0,118511072.0,94.0,0.0,100.0,5.0,100.0,0.0,88.0,574579226.0,87.0,12199.0,100.0,0.0,100.0,5.0,,,,,100.0,0.0,100.0,0.0,,,77.0,23.0,,,100.0,167.0,100.0,1018.0,23.0,23.0,100.0,0.0,100.0,0.0,200.0,0.0,100.0,11975.0,100.0,54316173616.0,100.0,115968571524.0
2019-11-25,ZJV132CA,ST12000NM0007,12000138625024,0,81.0,125926664.0,94.0,0.0,100.0,5.0,100.0,0.0,88.0,577368078.0,87.0,12214.0,100.0,0.0,100.0,5.0,,,,,100.0,0.0,100.0,0.0,,,78.0,22.0,,,100.0,167.0,100.0,1019.0,22.0,22.0,100.0,0.0,100.0,0.0,200.0,0.0,100.0,11991.0,100.0,54316415448.0,100.0,116219885916.0
2019-11-26,ZJV132CA,ST12000NM0007,12000138625024,0,76.0,42031736.0,94.0,0.0,100.0,5.0,100.0,0.0,88.0,579252582.0,87.0,12246.0,100.0,0.0,100.0,5.0,,,,,100.0,0.0,100.0,0.0,,,79.0,21.0,,,100.0,168.0,100.0,1020.0,21.0,21.0,100.0,0.0,100.0,0.0,200.0,0.0,100.0,12022.0,100.0,54316898856.0,100.0,116623789268.0
2019-11-27,ZJV132CA,ST12000NM0007,12000138625024,0,82.0,153783968.0,94.0,0.0,100.0,5.0,100.0,0.0,88.0,582597725.0,86.0,12277.0,100.0,0.0,100.0,5.0,,,,,100.0,0.0,100.0,0.0,,,79.0,21.0,,,100.0,168.0,100.0,1022.0,21.0,21.0,100.0,0.0,100.0,0.0,200.0,0.0,100.0,12053.0,100.0,54317191096.0,100.0,116979389956.0
2019-11-28,ZJV132CA,ST12000NM0007,12000138625024,0,81.0,122720152.0,94.0,0.0,100.0,5.0,100.0,0.0,88.0,583574464.0,86.0,12293.0,100.0,0.0,100.0,5.0,,,,,100.0,0.0,100.0,0.0,,,79.0,21.0,,,100.0,168.0,100.0,1022.0,21.0,21.0,100.0,0.0,100.0,0.0,200.0,0.0,100.0,12069.0,100.0,54317368888.0,100.0,117192289204.0
2019-11-29,ZJV132CA,ST12000NM0007,12000138625024,0,84.0,237535048.0,94.0,0.0,100.0,5.0,100.0,0.0,88.0,585090038.0,86.0,12324.0,100.0,0.0,100.0,5.0,,,,,100.0,0.0,100.0,0.0,,,79.0,21.0,,,100.0,168.0,100.0,1024.0,21.0,21.0,100.0,0.0,100.0,0.0,200.0,0.0,100.0,12100.0,100.0,54317713192.0,100.0,117550900636.0
2019-11-30,ZJV132CA,ST12000NM0007,12000138625024,0,83.0,193121264.0,94.0,0.0,100.0,5.0,100.0,0.0,88.0,586152882.0,86.0,12340.0,100.0,0.0,100.0,5.0,,,,,100.0,0.0,100.0,0.0,,,79.0,21.0,,,100.0,168.0,100.0,1024.0,21.0,21.0,100.0,0.0,100.0,0.0,200.0,0.0,100.0,12116.0,100.0,54317888344.0,100.0,117750452348.0
2019-12-01,ZJV132CA,ST12000NM0007,12000138625024,0,80.0,102427240.0,94.0,0.0,100.0,5.0,100.0,0.0,88.0,588796480.0,86.0,12372.0,100.0,0.0,100.0,5.0,,,,,100.0,0.0,100.0,0.0,,,79.0,21.0,,,100.0,169.0,100.0,1026.0,21.0,21.0,100.0,0.0,100.0,0.0,200.0,0.0,100.0,12147.0,100.0,54318239640.0,100.0,118147688452.0
2019-12-02,ZJV132CA,ST12000NM0007,12000138625024,0,77.0,46991696.0,94.0,0.0,100.0,5.0,100.0,0.0,88.0,590353276.0,86.0,12388.0,100.0,0.0,100.0,5.0,,,,,100.0,0.0,100.0,0.0,,,79.0,21.0,,,100.0,169.0,100.0,1026.0,21.0,21.0,100.0,0.0,100.0,0.0,200.0,0.0,100.0,12163.0,100.0,54318413368.0,100.0,118336219980.0
2019-12-03,ZJV132CA,ST12000NM0007,12000138625024,0,81.0,119831824.0,94.0,0.0,100.0,5.0,100.0,0.0,88.0,591850663.0,86.0,12419.0,100.0,0.0,100.0,5.0,,,,,100.0,0.0,100.0,0.0,,,78.0,22.0,,,100.0,169.0,100.0,1028.0,22.0,22.0,100.0,0.0,100.0,0.0,200.0,0.0,100.0,12194.0,100.0,54318788520.0,100.0,118652825636.0
2019-12-04,ZJV132CA,ST12000NM0007,12000138625024,0,70.0,9040832.0,94.0,0.0,100.0,5.0,100.0,0.0,88.0,594152941.0,86.0,12435.0,100.0,0.0,100.0,5.0,,,,,100.0,0.0,100.0,0.0,,,78.0,22.0,,,100.0,169.0,100.0,1028.0,22.0,22.0,100.0,0.0,100.0,0.0,200.0,0.0,100.0,12210.0,100.0,54318894744.0,100.0,118786069172.0
2019-12-05,ZJV132CA,ST12000NM0007,12000138625024,0,81.0,122590328.0,94.0,0.0,100.0,5.0,100.0,0.0,88.0,595779010.0,86.0,12466.0,100.0,0.0,100.0,5.0,,,,,100.0,0.0,100.0,0.0,,,79.0,21.0,,,100.0,170.0,100.0,1030.0,21.0,21.0,100.0,0.0,100.0,0.0,200.0,0.0,100.0,12241.0,100.0,54319344664.0,100.0,119143309396.0
2019-12-06,ZJV132CA,ST12000NM0007,12000138625024,0,78.0,56262544.0,94.0,0.0,100.0,5.0,100.0,0.0,88.0,596623461.0,86.0,12482.0,100.0,0.0,100.0,5.0,,,,,100.0,0.0,100.0,0.0,,,78.0,22.0,,,100.0,170.0,100.0,1030.0,22.0,22.0,100.0,0.0,100.0,0.0,200.0,0.0,100.0,12257.0,100.0,54319518168.0,100.0,119320948844.0
2019-12-07,ZJV132CA,ST12000NM0007,12000138625024,0,79.0,81073456.0,94.0,0.0,100.0,5.0,100.0,0.0,88.0,598131522.0,86.0,12514.0,100.0,0.0,100.0,5.0,,,,,100.0,0.0,100.0,0.0,,,79.0,21.0,,,100.0,172.0,100.0,1032.0,21.0,21.0,100.0,0.0,100.0,0.0,200.0,0.0,100.0,12288.0,100.0,54319868512.0,100.0,119589550060.0
2019-12-08,ZJV132CA,ST12000NM0007,12000138625024,0,65.0,3104520.0,94.0,0.0,100.0,5.0,100.0,0.0,88.0,598877827.0,86.0,12529.0,100.0,0.0,100.0,5.0,,,,,100.0,0.0,100.0,0.0,,,79.0,21.0,,,100.0,172.0,100.0,1032.0,21.0,21.0,100.0,0.0,100.0,0.0,200.0,0.0,100.0,12304.0,100.0,54320042616.0,100.0,119755547772.0
2019-12-09,ZJV132CA,ST12000NM0007,12000138625024,0,81.0,119560024.0,94.0,0.0,100.0,5.0,100.0,0.0,88.0,602367004.0,86.0,12561.0,100.0,0.0,100.0,5.0,,,,,100.0,0.0,100.0,0.0,,,78.0,22.0,,,100.0,174.0,100.0,1034.0,22.0,22.0,100.0,0.0,100.0,0.0,200.0,0.0,100.0,12335.0,100.0,54320389648.0,100.0,120115797092.0
2019-12-10,ZJV132CA,ST12000NM0007,12000138625024,0,83.0,218642160.0,94.0,0.0,100.0,5.0,100.0,0.0,88.0,603052222.0,86.0,12577.0,100.0,0.0,100.0,5.0,,,,,100.0,0.0,100.0,0.0,,,77.0,23.0,,,100.0,174.0,100.0,1034.0,23.0,23.0,100.0,0.0,100.0,0.0,200.0,0.0,100.0,12351.0,100.0,54320562680.0,100.0,120214706196.0
2019-12-11,ZJV132CA,ST12000NM0007,12000138625024,0,84.0,239240216.0,94.0,0.0,100.0,5.0,100.0,0.0,88.0,606150875.0,86.0,12608.0,100.0,0.0,100.0,5.0,,,,,100.0,0.0,100.0,0.0,,,78.0,22.0,,,100.0,175.0,100.0,1036.0,22.0,22.0,100.0,0.0,100.0,0.0,200.0,0.0,100.0,12382.0,100.0,54320837280.0,100.0,120479170340.0
2019-12-12,ZJV132CA,ST12000NM0007,12000138625024,0,80.0,109054752.0,94.0,0.0,100.0,5.0,100.0,0.0,88.0,606861331.0,86.0,12624.0,100.0,0.0,100.0,5.0,,,,,100.0,0.0,100.0,0.0,,,78.0,22.0,,,100.0,175.0,100.0,1036.0,22.0,22.0,100.0,0.0,100.0,0.0,200.0,0.0,100.0,12398.0,100.0,54321017896.0,100.0,120592944972.0
2019-12-13,ZJV132CA,ST12000NM0007,12000138625024,0,79.0,86533960.0,94.0,0.0,100.0,5.0,100.0,0.0,88.0,608287402.0,86.0,12655.0,100.0,0.0,100.0,5.0,,,,,100.0,0.0,100.0,0.0,,,78.0,22.0,,,100.0,177.0,100.0,1038.0,22.0,22.0,100.0,0.0,100.0,0.0,200.0,0.0,100.0,12429.0,100.0,54321357296.0,100.0,120814225444.0
2019-12-14,ZJV132CA,ST12000NM0007,12000138625024,0,84.0,227487144.0,94.0,0.0,100.0,5.0,100.0,0.0,88.0,609061162.0,86.0,12671.0,100.0,0.0,100.0,5.0,,,,,100.0,0.0,100.0,0.0,,,78.0,22.0,,,100.0,177.0,100.0,1038.0,22.0,22.0,100.0,0.0,100.0,0.0,200.0,0.0,100.0,12444.0,100.0,54321523384.0,100.0,120955012540.0
2019-12-15,ZJV132CA,ST12000NM0007,12000138625024,0,72.0,14977352.0,94.0,0.0,100.0,5.0,100.0,0.0,88.0,610969187.0,86.0,12703.0,100.0,0.0,100.0,5.0,,,,,100.0,0.0,100.0,0.0,,,78.0,22.0,,,100.0,178.0,100.0,1040.0,22.0,22.0,100.0,0.0,100.0,0.0,200.0,0.0,100.0,12476.0,100.0,54321862840.0,100.0,121230445220.0
2019-12-16,ZJV132CA,ST12000NM0007,12000138625024,0,84.0,225757880.0,94.0,0.0,100.0,5.0,100.0,0.0,88.0,613997823.0,86.0,12719.0,100.0,0.0,100.0,5.0,,,,,100.0,0.0,100.0,0.0,,,79.0,21.0,,,100.0,178.0,100.0,1040.0,21.0,21.0,100.0,0.0,100.0,0.0,200.0,0.0,100.0,12492.0,100.0,54322034544.0,100.0,121441054044.0
2019-12-17,ZJV132CA,ST12000NM0007,12000138625024,0,75.0,32733392.0,94.0,0.0,100.0,5.0,100.0,0.0,88.0,615745533.0,86.0,12750.0,100.0,0.0,100.0,5.0,,,,,100.0,0.0,100.0,0.0,,,79.0,21.0,,,100.0,178.0,100.0,1042.0,21.0,21.0,100.0,0.0,100.0,0.0,200.0,0.0,100.0,12524.0,100.0,54322374520.0,100.0,121735971252.0
2019-12-18,ZJV132CA,ST12000NM0007,12000138625024,0,79.0,75917776.0,94.0,0.0,100.0,5.0,100.0,0.0,88.0,619168533.0,86.0,12782.0,100.0,0.0,100.0,5.0,,,,,100.0,0.0,100.0,0.0,,,79.0,21.0,,,100.0,179.0,100.0,1044.0,21.0,21.0,100.0,0.0,100.0,0.0,200.0,0.0,100.0,12555.0,100.0,54322640336.0,100.0,122023030476.0
2019-12-19,ZJV132CA,ST12000NM0007,12000138625024,0,73.0,21154376.0,94.0,0.0,100.0,5.0,100.0,0.0,88.0,620239196.0,86.0,12798.0,100.0,0.0,100.0,5.0,,,,,100.0,0.0,100.0,0.0,,,79.0,21.0,,,100.0,179.0,100.0,1045.0,21.0,21.0,100.0,0.0,100.0,0.0,200.0,0.0,100.0,12571.0,100.0,54322812824.0,100.0,122212235238.0
2019-12-20,ZJV132CA,ST12000NM0007,12000138625024,0,83.0,184846480.0,94.0,0.0,100.0,5.0,100.0,0.0,88.0,621255801.0,86.0,12814.0,100.0,0.0,100.0,5.0,,,,,100.0,0.0,100.0,0.0,,,79.0,21.0,,,100.0,179.0,100.0,1045.0,21.0,21.0,100.0,0.0,100.0,0.0,200.0,0.0,100.0,12587.0,100.0,54322986736.0,100.0,122375753430.0
2019-12-21,ZJV132CA,ST12000NM0007,12000138625024,0,75.0,33879072.0,94.0,0.0,100.0,5.0,100.0,0.0,88.0,623221777.0,86.0,12845.0,100.0,0.0,100.0,5.0,,,,,100.0,0.0,100.0,0.0,,,77.0,23.0,,,100.0,181.0,100.0,1047.0,23.0,23.0,100.0,0.0,100.0,0.0,200.0,0.0,100.0,12618.0,100.0,54323322632.0,100.0,122712731518.0
2019-12-22,ZJV132CA,ST12000NM0007,12000138625024,0,83.0,188231872.0,94.0,0.0,100.0,5.0,100.0,0.0,88.0,624172610.0,86.0,12861.0,100.0,0.0,100.0,5.0,,,,,100.0,0.0,100.0,0.0,,,79.0,21.0,,,100.0,181.0,100.0,1047.0,21.0,21.0,100.0,0.0,100.0,0.0,200.0,0.0,100.0,12634.0,100.0,54323491840.0,100.0,122866915110.0
2019-12-23,ZJV132CA,ST12000NM0007,12000138625024,0,76.0,36996800.0,94.0,0.0,100.0,5.0,100.0,0.0,88.0,626138906.0,86.0,12892.0,100.0,0.0,100.0,5.0,,,,,100.0,0.0,100.0,0.0,,,79.0,21.0,,,100.0,183.0,100.0,1049.0,21.0,21.0,100.0,0.0,100.0,0.0,200.0,0.0,100.0,12665.0,100.0,54323826048.0,100.0,123203627334.0
2019-12-24,ZJV132CA,ST12000NM0007,12000138625024,0,84.0,236051448.0,94.0,0.0,100.0,5.0,100.0,0.0,88.0,627239964.0,86.0,12908.0,100.0,0.0,100.0,5.0,,,,,100.0,0.0,100.0,0.0,,,79.0,21.0,,,100.0,183.0,100.0,1049.0,21.0,21.0,100.0,0.0,100.0,0.0,200.0,0.0,100.0,12680.0,100.0,54323992968.0,100.0,123402515062.0
2019-12-25,ZJV132CA,ST12000NM0007,12000138625024,0,73.0,18079120.0,94.0,0.0,100.0,5.0,100.0,0.0,88.0,629025561.0,86.0,12939.0,100.0,0.0,100.0,5.0,,,,,100.0,0.0,100.0,0.0,,,79.0,21.0,,,100.0,185.0,100.0,1051.0,21.0,21.0,100.0,0.0,100.0,0.0,200.0,0.0,100.0,12712.0,100.0,54324326728.0,100.0,123672490526.0
2019-12-26,ZJV132CA,ST12000NM0007,12000138625024,0,84.0,238217864.0,94.0,0.0,100.0,5.0,100.0,0.0,88.0,630291131.0,86.0,12955.0,100.0,0.0,100.0,5.0,,,,,100.0,0.0,100.0,0.0,,,79.0,21.0,,,100.0,185.0,100.0,1051.0,21.0,21.0,100.0,0.0,100.0,0.0,200.0,0.0,100.0,12727.0,100.0,54325756456.0,100.0,123891199542.0
2019-12-27,ZJV132CA,ST12000NM0007,12000138625024,0,74.0,25031704.0,94.0,0.0,100.0,5.0,100.0,0.0,88.0,632199966.0,86.0,12987.0,100.0,0.0,100.0,5.0,,,,,100.0,0.0,100.0,0.0,,,79.0,21.0,,,100.0,187.0,100.0,1053.0,21.0,21.0,100.0,0.0,100.0,0.0,200.0,0.0,100.0,12759.0,100.0,54332346696.0,100.0,124159707358.0
2019-12-28,ZJV132CA,ST12000NM0007,12000138625024,0,81.0,130845704.0,94.0,0.0,100.0,5.0,100.0,0.0,88.0,632881077.0,86.0,13002.0,100.0,0.0,100.0,5.0,,,,,100.0,0.0,100.0,0.0,,,79.0,21.0,,,100.0,187.0,100.0,1053.0,21.0,21.0,100.0,0.0,100.0,0.0,200.0,0.0,100.0,12774.0,100.0,54332515352.0,100.0,124265352702.0
2019-12-29,ZJV132CA,ST12000NM0007,12000138625024,0,78.0,69625808.0,94.0,0.0,100.0,5.0,100.0,0.0,88.0,634069625.0,86.0,13034.0,100.0,0.0,100.0,5.0,,,,,100.0,0.0,100.0,0.0,,,79.0,21.0,,,100.0,188.0,100.0,1055.0,21.0,21.0,100.0,0.0,100.0,0.0,200.0,0.0,100.0,12805.0,100.0,54332849648.0,100.0,124447939214.0
2019-12-30,ZJV132CA,ST12000NM0007,12000138625024,0,83.0,178680232.0,94.0,0.0,100.0,5.0,100.0,0.0,88.0,634753534.0,86.0,13049.0,100.0,0.0,100.0,5.0,,,,,100.0,0.0,100.0,0.0,,,79.0,21.0,,,100.0,188.0,100.0,1055.0,21.0,21.0,100.0,0.0,100.0,0.0,200.0,0.0,100.0,12821.0,100.0,54333017888.0,100.0,124556825398.0
2019-12-31,ZJV132CA,ST12000NM0007,12000138625024,0,84.0,224366288.0,94.0,0.0,100.0,5.0,100.0,0.0,88.0,636596257.0,86.0,13081.0,100.0,0.0,100.0,5.0,,,,,100.0,0.0,100.0,0.0,,,78.0,22.0,,,100.0,190.0,100.0,1057.0,22.0,22.0,100.0,0.0,100.0,0.0,200.0,0.0,100.0,12852.0,100.0,54333352776.0,100.0,124846317262.0
