2019-09-24,ZJV5MR10,ST12000NM0007,12000138625024,0,82.0,142430776.0,99.0,0.0,100.0,1.0,100.0,0.0,62.0,1495631.0,100.0,178.0,100.0,0.0,100.0,1.0,,,,,100.0,0.0,100.0,0.0,,,77.0,23.0,,,100.0,0.0,100.0,393.0,23.0,23.0,100.0,0.0,100.0,0.0,200.0,0.0,100.0,26.0,100.0,599831072.0,100.0,275073663.0
2019-09-25,ZJV5MR10,ST12000NM0007,12000138625024,0,82.0,142686352.0,99.0,0.0,100.0,1.0,100.0,0.0,62.0,1518329.0,100.0,202.0,100.0,0.0,100.0,1.0,,,,,100.0,0.0,100.0,0.0,,,77.0,23.0,,,100.0,1.0,100.0,394.0,23.0,23.0,100.0,0.0,100.0,0.0,200.0,0.0,100.0,49.0,100.0,599839440.0,100.0,275320871.0
2019-09-26,ZJV5MR10,ST12000NM0007,12000138625024,0,82.0,147765704.0,99.0,0.0,100.0,1.0,100.0,0.0,62.0,1547813.0,100.0,225.0,100.0,0.0,100.0,1.0,,,,,100.0,0.0,100.0,0.0,,,78.0,22.0,,,100.0,2.0,100.0,395.0,22.0,22.0,100.0,0.0,100.0,0.0,200.0,0.0,100.0,73.0,100.0,604671848.0,100.0,275567815.0
2019-09-27,ZJV5MR10,ST12000NM0007,12000138625024,0,82.0,167414765.0,99.0,0.0,100.0,1.0,100.0,0.0,62.0,1650321.0,100.0,246.0,100.0,0.0,100.0,1.0,,,,,100.0,0.0,100.0,0.0,,,79.0,21.0,,,100.0,2.0,100.0,442.0,21.0,21.0,100.0,0.0,100.0,0.0,200.0,0.0,100.0,85.0,100.0,624148520.0,100.0,275740204.0
2019-09-28,ZJV5MR10,ST12000NM0007,12000138625024,0,82.0,167438813.0,99.0,0.0,100.0,1.0,100.0,0.0,62.0,1655319.0,100.0,262.0,100.0,0.0,100.0,1.0,,,,,100.0,0.0,100.0,0.0,,,79.0,21.0,,,100.0,2.0,100.0,540.0,21.0,21.0,100.0,0.0,100.0,0.0,200.0,0.0,100.0,85.0,100.0,624155344.0,100.0,275757428.0
2019-09-29,ZJV5MR10,ST12000NM0007,12000138625024,0,82.0,167473989.0,99.0,0.0,100.0,1.0,100.0,0.0,62.0,1664467.0,100.0,293.0,100.0,0.0,100.0,1.0,,,,,100.0,0.0,100.0,0.0,,,79.0,21.0,,,100.0,2.0,100.0,726.0,21.0,21.0,100.0,0.0,100.0,0.0,200.0,0.0,100.0,86.0,100.0,624168072.0,100.0,275779876.0
2019-09-30,ZJV5MR10,ST12000NM0007,12000138625024,0,82.0,167491389.0,99.0,0.0,100.0,1.0,100.0,0.0,62.0,1668993.0,100.0,309.0,100.0,0.0,100.0,1.0,,,,,100.0,0.0,100.0,0.0,,,79.0,21.0,,,100.0,2.0,100.0,821.0,21.0,21.0,100.0,0.0,100.0,0.0,200.0,0.0,100.0,86.0,100.0,624174176.0,100.0,275791172.0
2019-10-01,ZJV5MR10,ST12000NM0007,12000138625024,0,80.0,90407112.0,99.0,0.0,100.0,1.0,100.0,0.0,64.0,2446507.0,100.0,341.0,100.0,0.0,100.0,1.0,,,,,100.0,0.0,100.0,0.0,,,75.0,25.0,,,100.0,2.0,100.0,959.0,25.0,25.0,100.0,0.0,100.0,0.0,200.0,0.0,100.0,95.0,100.0,688243512.0,100.0,378778324.0
2019-10-02,ZJV5MR10,ST12000NM0007,12000138625024,0,78.0,68297448.0,99.0,0.0,100.0,1.0,100.0,0.0,66.0,4229896.0,100.0,357.0,100.0,0.0,100.0,1.0,,,,,100.0,0.0,100.0,0.0,,,76.0,24.0,,,100.0,2.0,100.0,960.0,24.0,24.0,100.0,0.0,100.0,0.0,200.0,0.0,100.0,110.0,100.0,859072272.0,100.0,674121452.0
2019-10-03,ZJV5MR10,ST12000NM0007,12000138625024,0,83.0,198774608.0,99.0,0.0,100.0,1.0,100.0,0.0,69.0,7861732.0,100.0,388.0,100.0,0.0,100.0,1.0,,,,,100.0,0.0,100.0,0.0,,,77.0,23.0,,,100.0,3.0,100.0,961.0,23.0,23.0,100.0,0.0,100.0,0.0,200.0,0.0,100.0,142.0,100.0,1157854088.0,100.0,1238239708.0
2019-10-04,ZJV5MR10,ST12000NM0007,12000138625024,0,83.0,199489656.0,99.0,0.0,100.0,1.0,100.0,0.0,70.0,9846806.0,100.0,404.0,100.0,0.0,100.0,1.0,,,,,100.0,0.0,100.0,0.0,,,77.0,23.0,,,100.0,3.0,100.0,962.0,23.0,23.0,100.0,0.0,100.0,0.0,200.0,0.0,100.0,158.0,100.0,1331994152.0,100.0,1553096580.0
2019-10-05,ZJV5MR10,ST12000NM0007,12000138625024,0,80.0,90235488.0,99.0,0.0,100.0,1.0,100.0,0.0,72.0,17205945.0,100.0,436.0,100.0,0.0,100.0,1.0,,,,,100.0,0.0,100.0,0.0,,,77.0,23.0,,,100.0,3.0,100.0,963.0,23.0,23.0,100.0,0.0,100.0,0.0,200.0,0.0,100.0,189.0,100.0,1907320240.0,100.0,2821642756.0
2019-10-06,ZJV5MR10,ST12000NM0007,12000138625024,0,84.0,231965968.0,99.0,0.0,100.0,1.0,100.0,0.0,73.0,20177083.0,100.0,452.0,100.0,0.0,100.0,1.0,,,,,100.0,0.0,100.0,0.0,,,77.0,23.0,,,100.0,4.0,100.0,964.0,23.0,23.0,100.0,0.0,100.0,0.0,200.0,0.0,100.0,205.0,100.0,2206814512.0,100.0,3152160444.0
2019-10-07,ZJV5MR10,ST12000NM0007,12000138625024,0,79.0,87834344.0,99.0,0.0,100.0,1.0,100.0,0.0,74.0,26498085.0,100.0,483.0,100.0,0.0,100.0,1.0,,,,,100.0,0.0,100.0,0.0,,,77.0,23.0,,,100.0,5.0,100.0,965.0,23.0,23.0,100.0,0.0,100.0,0.0,200.0,0.0,100.0,236.0,100.0,2828639920.0,100.0,3851048172.0
2019-10-08,ZJV5MR10,ST12000NM0007,12000138625024,0,79.0,85767056.0,99.0,0.0,100.0,1.0,100.0,0.0,75.0,28985969.0,100.0,499.0,100.0,0.0,100.0,1.0,,,,,100.0,0.0,100.0,0.0,,,77.0,23.0,,,100.0,5.0,100.0,966.0,23.0,23.0,100.0,0.0,100.0,0.0,200.0,0.0,100.0,252.0,100.0,3068451960.0,100.0,4097450372.0
2019-10-09,ZJV5MR10,ST12000NM0007,12000138625024,0,81.0,130416584.0,99.0,0.0,100.0,1.0,100.0,0.0,75.0,34946064.0,100.0,531.0,100.0,0.0,100.0,1.0,,,,,100.0,0.0,100.0,0.0,,,76.0,24.0,,,100.0,5.0,100.0,967.0,24.0,24.0,100.0,0.0,100.0,0.0,200.0,0.0,100.0,283.0,100.0,3651782920.0,100.0,4779473684.0
2019-10-10,ZJV5MR10,ST12000NM0007,12000138625024,0,74.0,24257888.0,99.0,0.0,100.0,1.0,100.0,0.0,76.0,37898246.0,100.0,547.0,100.0,0.0,100.0,1.0,,,,,100.0,0.0,100.0,0.0,,,76.0,24.0,,,100.0,5.0,100.0,967.0,24.0,24.0,100.0,0.0,100.0,0.0,200.0,0.0,100.0,299.0,100.0,3919107352.0,100.0,5138412932.0
2019-10-11,ZJV5MR10,ST12000NM0007,12000138625024,0,82.0,175616536.0,99.0,0.0,100.0,1.0,100.0,0.0,76.0,44156875.0,100.0,578.0,100.0,0.0,100.0,1.0,,,,,100.0,0.0,100.0,0.0,,,75.0,25.0,,,100.0,5.0,100.0,969.0,25.0,25.0,100.0,0.0,100.0,0.0,200.0,0.0,100.0,330.0,100.0,4486104392.0,100.0,5943480460.0
2019-10-12,ZJV5MR10,ST12000NM0007,12000138625024,0,71.0,11862400.0,99.0,0.0,100.0,1.0,100.0,0.0,77.0,47678641.0,100.0,594.0,100.0,0.0,100.0,1.0,,,,,100.0,0.0,100.0,0.0,,,75.0,25.0,,,100.0,5.0,100.0,970.0,25.0,25.0,100.0,0.0,100.0,0.0,200.0,0.0,100.0,346.0,100.0,4780014328.0,100.0,6462379548.0
2019-10-13,ZJV5MR10,ST12000NM0007,12000138625024,0,78.0,59054064.0,99.0,0.0,100.0,1.0,100.0,0.0,77.0,55028997.0,100.0,626.0,100.0,0.0,100.0,1.0,,,,,100.0,0.0,100.0,0.0,,,73.0,27.0,,,100.0,5.0,100.0,971.0,27.0,27.0,100.0,0.0,100.0,0.0,200.0,0.0,100.0,378.0,100.0,5482471584.0,100.0,7516100436.0
2019-10-14,ZJV5MR10,ST12000NM0007,12000138625024,0,79.0,72389016.0,99.0,0.0,100.0,1.0,100.0,0.0,78.0,59061309.0,100.0,642.0,100.0,0.0,100.0,1.0,,,,,100.0,0.0,100.0,0.0,,,73.0,27.0,,,100.0,5.0,100.0,972.0,27.0,27.0,100.0,0.0,100.0,0.0,200.0,0.0,100.0,394.0,100.0,5892384888.0,100.0,8096085876.0
2019-10-15,ZJV5MR10,ST12000NM0007,12000138625024,0,83.0,197870200.0,99.0,0.0,100.0,1.0,100.0,0.0,78.0,69967042.0,100.0,689.0,100.0,0.0,100.0,1.0,,,,,100.0,0.0,100.0,0.0,,,75.0,25.0,,,100.0,5.0,100.0,974.0,25.0,25.0,100.0,0.0,100.0,0.0,200.0,0.0,100.0,441.0,100.0,6955104936.0,100.0,9600255324.0
2019-10-16,ZJV5MR10,ST12000NM0007,12000138625024,0,83.0,197870200.0,99.0,0.0,100.0,1.0,100.0,0.0,78.0,69967042.0,100.0,689.0,100.0,0.0,100.0,1.0,,,,,100.0,0.0,100.0,0.0,,,75.0,25.0,,,100.0,5.0,100.0,974.0,25.0,25.0,100.0,0.0,100.0,0.0,200.0,0.0,100.0,441.0,100.0,6955104936.0,100.0,9600255324.0
2019-10-17,ZJV5MR10,ST12000NM0007,12000138625024,0,81.0,122761864.0,99.0,0.0,100.0,1.0,100.0,0.0,79.0,76260652.0,100.0,721.0,100.0,0.0,100.0,1.0,,,,,100.0,0.0,100.0,0.0,,,77.0,23.0,,,100.0,5.0,100.0,975.0,23.0,23.0,100.0,0.0,100.0,0.0,200.0,0.0,100.0,473.0,100.0,7593527480.0,100.0,10351568572.0
2019-10-18,ZJV5MR10,ST12000NM0007,12000138625024,0,83.0,214671696.0,99.0,0.0,100.0,1.0,100.0,0.0,79.0,79199465.0,100.0,737.0,100.0,0.0,100.0,1.0,,,,,100.0,0.0,100.0,0.0,,,76.0,24.0,,,100.0,5.0,100.0,976.0,24.0,24.0,100.0,0.0,100.0,0.0,200.0,0.0,100.0,489.0,100.0,7912570592.0,100.0,10612716988.0
2019-10-19,ZJV5MR10,ST12000NM0007,12000138625024,0,82.0,141546712.0,99.0,0.0,100.0,1.0,100.0,0.0,79.0,85552816.0,100.0,769.0,100.0,0.0,100.0,1.0,,,,,100.0,0.0,100.0,0.0,,,76.0,24.0,,,100.0,5.0,100.0,977.0,24.0,24.0,100.0,0.0,100.0,0.0,200.0,0.0,100.0,520.0,100.0,8528164104.0,100.0,11388843604.0
2019-10-20,ZJV5MR10,ST12000NM0007,12000138625024,0,78.0,64682760.0,99.0,0.0,100.0,1.0,100.0,0.0,79.0,87534512.0,100.0,785.0,100.0,0.0,100.0,1.0,,,,,100.0,0.0,100.0,0.0,,,76.0,24.0,,,100.0,5.0,100.0,978.0,24.0,24.0,100.0,0.0,100.0,0.0,200.0,0.0,100.0,536.0,100.0,8638563904.0,100.0,11689861356.0
2019-10-21,ZJV5MR10,ST12000NM0007,12000138625024,0,83.0,223433296.0,99.0,0.0,100.0,1.0,100.0,0.0,80.0,93907254.0,100.0,817.0,100.0,0.0,100.0,1.0,,,,,100.0,0.0,100.0,0.0,,,76.0,24.0,,,100.0,5.0,100.0,979.0,24.0,24.0,100.0,0.0,100.0,0.0,200.0,0.0,100.0,568.0,100.0,9201416856.0,100.0,12506463260.0
2019-10-22,ZJV5MR10,ST12000NM0007,12000138625024,0,83.0,188414768.0,99.0,0.0,100.0,1.0,100.0,0.0,80.0,96977303.0,100.0,833.0,100.0,0.0,100.0,1.0,,,,,100.0,0.0,100.0,0.0,,,76.0,24.0,,,100.0,5.0,100.0,980.0,24.0,24.0,100.0,0.0,100.0,0.0,200.0,0.0,100.0,583.0,100.0,9442023616.0,100.0,12963260508.0
2019-10-23,ZJV5MR10,ST12000NM0007,12000138625024,0,84.0,237783000.0,99.0,0.0,100.0,1.0,100.0,0.0,80.0,102153018.0,100.0,864.0,100.0,0.0,100.0,1.0,,,,,100.0,0.0,100.0,0.0,,,75.0,25.0,,,100.0,5.0,100.0,981.0,25.0,25.0,100.0,0.0,100.0,0.0,200.0,0.0,100.0,615.0,100.0,9860975864.0,100.0,13570240356.0
2019-10-24,ZJV5MR10,ST12000NM0007,12000138625024,0,83.0,207389656.0,99.0,0.0,100.0,1.0,100.0,0.0,80.0,105369361.0,99.0,880.0,100.0,0.0,100.0,1.0,,,,,100.0,0.0,100.0,0.0,,,75.0,25.0,,,100.0,5.0,100.0,982.0,25.0,25.0,100.0,0.0,100.0,0.0,200.0,0.0,100.0,631.0,100.0,10159153000.0,100.0,13974091948.0
2019-10-25,ZJV5MR10,ST12000NM0007,12000138625024,0,79.0,75163944.0,99.0,0.0,100.0,1.0,100.0,0.0,80.0,111648246.0,99.0,912.0,100.0,0.0,100.0,1.0,,,,,100.0,0.0,100.0,0.0,,,76.0,24.0,,,100.0,6.0,100.0,983.0,24.0,24.0,100.0,0.0,100.0,0.0,200.0,0.0,100.0,662.0,100.0,10737018976.0,100.0,14728845516.0
2019-10-26,ZJV5MR10,ST12000NM0007,12000138625024,0,77.0,55763056.0,99.0,0.0,100.0,1.0,100.0,0.0,81.0,114913346.0,99.0,928.0,100.0,0.0,100.0,1.0,,,,,100.0,0.0,100.0,0.0,,,75.0,25.0,,,100.0,6.0,100.0,984.0,25.0,25.0,100.0,0.0,100.0,0.0,200.0,0.0,100.0,678.0,100.0,11006600264.0,100.0,15172285836.0
2019-10-27,ZJV5MR10,ST12000NM0007,12000138625024,0,81.0,114900664.0,99.0,0.0,100.0,1.0,100.0,0.0,81.0,121802370.0,99.0,959.0,100.0,0.0,100.0,1.0,,,,,100.0,0.0,100.0,0.0,,,76.0,24.0,,,100.0,6.0,100.0,985.0,24.0,24.0,100.0,0.0,100.0,0.0,200.0,0.0,100.0,710.0,100.0,11607583648.0,100.0,16095284708.0
2019-10-28,ZJV5MR10,ST12000NM0007,12000138625024,0,78.0,68870816.0,99.0,0.0,100.0,1.0,100.0,0.0,81.0,125732128.0,99.0,975.0,100.0,0.0,100.0,1.0,,,,,100.0,0.0,100.0,0.0,,,75.0,25.0,,,100.0,6.0,100.0,986.0,25.0,25.0,100.0,0.0,100.0,0.0,200.0,0.0,100.0,726.0,100.0,11960148944.0,100.0,16673252492.0
2019-10-29,ZJV5MR10,ST12000NM0007,12000138625024,0,83.0,200826968.0,99.0,0.0,100.0,1.0,100.0,0.0,81.0,132877612.0,99.0,1007.0,100.0,0.0,100.0,1.0,,,,,100.0,0.0,100.0,0.0,,,75.0,25.0,,,100.0,7.0,100.0,987.0,25.0,25.0,100.0,0.0,100.0,0.0,200.0,0.0,100.0,757.0,100.0,12566656008.0,100.0,17663547372.0
2019-10-30,ZJV5MR10,ST12000NM0007,12000138625024,0,76.0,38602504.0,99.0,0.0,100.0,1.0,100.0,0.0,81.0,136511910.0,99.0,1023.0,100.0,0.0,100.0,1.0,,,,,100.0,0.0,100.0,0.0,,,74.0,26.0,,,100.0,8.0,100.0,988.0,26.0,26.0,100.0,0.0,100.0,0.0,200.0,0.0,100.0,773.0,100.0,12881560560.0,100.0,18162981716.0
2019-10-31,ZJV5MR10,ST12000NM0007,12000138625024,0,76.0,36540504.0,98.0,0.0,100.0,2.0,100.0,0.0,82.0,143263229.0,99.0,1060.0,100.0,0.0,100.0,2.0,,,,,100.0,0.0,100.0,0.0,,,75.0,25.0,,,100.0,9.0,100.0,1004.0,25.0,25.0,100.0,0.0,100.0,0.0,200.0,0.0,100.0,807.0,100.0,13429645344.0,100.0,19077679023.0
2019-11-01,ZJV5MR10,ST12000NM0007,12000138625024,0,79.0,73619632.0,98.0,0.0,100.0,2.0,100.0,0.0,82.0,145859686.0,99.0,1075.0,100.0,0.0,100.0,2.0,,,,,100.0,0.0,100.0,0.0,,,75.0,25.0,,,100.0,9.0,100.0,1004.0,25.0,25.0,100.0,0.0,100.0,0.0,200.0,0.0,100.0,823.0,100.0,13738581232.0,100.0,19294104903.0
2019-11-02,ZJV5MR10,ST12000NM0007,12000138625024,0,81.0,116203616.0,98.0,0.0,100.0,2.0,100.0,0.0,82.0,151330035.0,99.0,1107.0,100.0,0.0,100.0,2.0,,,,,100.0,0.0,100.0,0.0,,,75.0,25.0,,,100.0,10.0,100.0,1006.0,25.0,25.0,100.0,0.0,100.0,0.0,200.0,0.0,100.0,855.0,100.0,14240035440.0,100.0,20055938271.0
2019-11-03,ZJV5MR10,ST12000NM0007,12000138625024,0,77.0,45643128.0,98.0,0.0,100.0,2.0,100.0,0.0,82.0,154077943.0,99.0,1123.0,100.0,0.0,100.0,2.0,,,,,100.0,0.0,100.0,0.0,,,75.0,25.0,,,100.0,10.0,100.0,1006.0,25.0,25.0,100.0,0.0,100.0,0.0,200.0,0.0,100.0,870.0,100.0,14506889368.0,100.0,20450947751.0
2019-11-04,ZJV5MR10,ST12000NM0007,12000138625024,0,83.0,180465912.0,98.0,0.0,100.0,2.0,100.0,0.0,82.0,159991651.0,99.0,1155.0,100.0,0.0,100.0,2.0,,,,,100.0,0.0,100.0,0.0,,,75.0,25.0,,,100.0,10.0,100.0,1008.0,25.0,25.0,100.0,0.0,100.0,0.0,200.0,0.0,100.0,902.0,100.0,15025066376.0,100.0,21288298055.0
2019-11-05,ZJV5MR10,ST12000NM0007,12000138625024,0,83.0,182111088.0,98.0,0.0,100.0,2.0,100.0,0.0,82.0,162085269.0,99.0,1170.0,100.0,0.0,100.0,2.0,,,,,100.0,0.0,100.0,0.0,,,75.0,25.0,,,100.0,10.0,100.0,1008.0,25.0,25.0,100.0,0.0,100.0,0.0,200.0,0.0,100.0,918.0,100.0,15134809544.0,100.0,21668481439.0
2019-11-06,ZJV5MR10,ST12000NM0007,12000138625024,0,82.0,155828096.0,98.0,0.0,100.0,2.0,100.0,0.0,82.0,167951768.0,99.0,1202.0,100.0,0.0,100.0,2.0,,,,,100.0,0.0,100.0,0.0,,,76.0,24.0,,,100.0,11.0,100.0,1010.0,24.0,24.0,100.0,0.0,100.0,0.0,200.0,0.0,100.0,949.0,100.0,15623294280.0,100.0,22618558247.0
2019-11-07,ZJV5MR10,ST12000NM0007,12000138625024,0,81.0,119068816.0,98.0,0.0,100.0,2.0,100.0,0.0,82.0,170944577.0,99.0,1218.0,100.0,0.0,100.0,2.0,,,,,100.0,0.0,100.0,0.0,,,75.0,25.0,,,100.0,11.0,100.0,1010.0,25.0,25.0,100.0,0.0,100.0,0.0,200.0,0.0,100.0,965.0,100.0,15859686464.0,100.0,23077829151.0
2019-11-08,ZJV5MR10,ST12000NM0007,12000138625024,0,82.0,155418904.0,97.0,0.0,100.0,3.0,100.0,0.0,82.0,176541773.0,99.0,1250.0,100.0,0.0,100.0,3.0,,,,,100.0,0.0,100.0,0.0,,,77.0,23.0,,,100.0,11.0,100.0,1016.0,23.0,23.0,100.0,0.0,100.0,0.0,200.0,0.0,100.0,997.0,100.0,16446200896.0,100.0,23748368503.0
2019-11-09,ZJV5MR10,ST12000NM0007,12000138625024,0,74.0,23732736.0,97.0,0.0,100.0,3.0,100.0,0.0,83.0,179292538.0,99.0,1266.0,100.0,0.0,100.0,3.0,,,,,100.0,0.0,100.0,0.0,,,76.0,24.0,,,100.0,11.0,100.0,1016.0,24.0,24.0,100.0,0.0,100.0,0.0,200.0,0.0,100.0,1013.0,100.0,16765081472.0,100.0,24030224431.0
2019-11-10,ZJV5MR10,ST12000NM0007,12000138625024,0,69.0,7943800.0,97.0,0.0,100.0,3.0,100.0,0.0,83.0,185262334.0,99.0,1298.0,100.0,0.0,100.0,3.0,,,,,100.0,0.0,100.0,0.0,,,77.0,23.0,,,100.0,11.0,100.0,1018.0,23.0,23.0,100.0,0.0,100.0,0.0,200.0,0.0,100.0,1044.0,100.0,17340274088.0,100.0,24659948055.0
2019-11-11,ZJV5MR10,ST12000NM0007,12000138625024,0,82.0,144177632.0,97.0,0.0,100.0,3.0,100.0,0.0,83.0,188223490.0,99.0,1314.0,100.0,0.0,100.0,3.0,,,,,100.0,0.0,100.0,0.0,,,76.0,24.0,,,100.0,11.0,100.0,1018.0,24.0,24.0,100.0,0.0,100.0,0.0,200.0,0.0,100.0,1060.0,100.0,17657053936.0,100.0,24967683495.0
2019-11-12,ZJV5MR10,ST12000NM0007,12000138625024,0,79.0,77299240.0,97.0,0.0,100.0,3.0,100.0,0.0,83.0,193908246.0,99.0,1346.0,100.0,0.0,100.0,3.0,,,,,100.0,0.0,100.0,0.0,,,76.0,24.0,,,100.0,11.0,100.0,1020.0,24.0,24.0,100.0,0.0,100.0,0.0,200.0,0.0,100.0,1092.0,100.0,18221090256.0,100.0,25557472671.0
2019-11-13,ZJV5MR10,ST12000NM0007,12000138625024,0,84.0,231434872.0,97.0,0.0,100.0,3.0,100.0,0.0,83.0,199623427.0,99.0,1377.0,100.0,0.0,100.0,3.0,,,,,100.0,0.0,100.0,0.0,,,74.0,26.0,,,100.0,11.0,100.0,1021.0,26.0,26.0,100.0,0.0,100.0,0.0,200.0,0.0,100.0,1123.0,100.0,18711845320.0,100.0,26197417279.0
2019-11-14,ZJV5MR10,ST12000NM0007,12000138625024,0,78.0,59803544.0,97.0,0.0,100.0,3.0,100.0,0.0,83.0,202606906.0,99.0,1393.0,100.0,0.0,100.0,3.0,,,,,100.0,0.0,100.0,0.0,,,75.0,25.0,,,100.0,11.0,100.0,1022.0,25.0,25.0,100.0,0.0,100.0,0.0,200.0,0.0,100.0,1139.0,100.0,18881130672.0,100.0,26588923343.0
2019-11-15,ZJV5MR10,ST12000NM0007,12000138625024,0,82.0,164439168.0,97.0,0.0,100.0,3.0,100.0,0.0,83.0,205418948.0,99.0,1409.0,100.0,0.0,100.0,3.0,,,,,100.0,0.0,100.0,0.0,,,77.0,23.0,,,100.0,11.0,100.0,1022.0,23.0,23.0,100.0,0.0,100.0,0.0,200.0,0.0,100.0,1155.0,100.0,19089104640.0,100.0,26973866583.0
2019-11-16,ZJV5MR10,ST12000NM0007,12000138625024,0,80.0,92914080.0,97.0,0.0,100.0,3.0,100.0,0.0,83.0,210745345.0,99.0,1440.0,100.0,0.0,100.0,3.0,,,,,100.0,0.0,100.0,0.0,,,75.0,25.0,,,100.0,11.0,100.0,1024.0,25.0,25.0,100.0,0.0,100.0,0.0,200.0,0.0,100.0,1186.0,100.0,19449472392.0,100.0,27762677495.0
2019-11-17,ZJV5MR10,ST12000NM0007,12000138625024,0,84.0,226836088.0,97.0,0.0,100.0,3.0,100.0,0.0,83.0,213755268.0,99.0,1456.0,100.0,0.0,100.0,3.0,,,,,100.0,0.0,100.0,0.0,,,74.0,26.0,,,100.0,11.0,100.0,1024.0,26.0,26.0,100.0,0.0,100.0,0.0,200.0,0.0,100.0,1202.0,100.0,19653227096.0,100.0,28181126687.0
2019-11-18,ZJV5MR10,ST12000NM0007,12000138625024,0,78.0,59907424.0,97.0,0.0,100.0,3.0,100.0,0.0,83.0,219264142.0,99.0,1488.0,100.0,0.0,100.0,3.0,,,,,100.0,0.0,100.0,0.0,,,75.0,25.0,,,100.0,11.0,100.0,1026.0,25.0,25.0,100.0,0.0,100.0,0.0,200.0,0.0,100.0,1233.0,100.0,19948885312.0,100.0,28939244159.0
2019-11-19,ZJV5MR10,ST12000NM0007,12000138625024,0,81.0,113350856.0,97.0,0.0,100.0,3.0,100.0,0.0,83.0,222062371.0,99.0,1504.0,100.0,0.0,100.0,3.0,,,,,100.0,0.0,100.0,0.0,,,75.0,25.0,,,100.0,11.0,100.0,1026.0,25.0,25.0,100.0,0.0,100.0,0.0,200.0,0.0,100.0,1249.0,100.0,20120880576.0,100.0,29308974919.0
2019-11-20,ZJV5MR10,ST12000NM0007,12000138625024,0,80.0,98794864.0,97.0,0.0,100.0,3.0,100.0,0.0,84.0,226170422.0,99.0,1535.0,100.0,0.0,100.0,3.0,,,,,100.0,0.0,100.0,0.0,,,75.0,25.0,,,100.0,11.0,100.0,1028.0,25.0,25.0,100.0,0.0,100.0,0.0,200.0,0.0,100.0,1281.0,100.0,20439724104.0,100.0,29952139807.0
2019-11-21,ZJV5MR10,ST12000NM0007,12000138625024,0,83.0,202269784.0,97.0,0.0,100.0,3.0,100.0,0.0,84.0,228394091.0,99.0,1551.0,100.0,0.0,100.0,3.0,,,,,100.0,0.0,100.0,0.0,,,75.0,25.0,,,100.0,11.0,100.0,1028.0,25.0,25.0,100.0,0.0,100.0,0.0,200.0,0.0,100.0,1297.0,100.0,20642838752.0,100.0,30340781455.0
2019-11-22,ZJV5MR10,ST12000NM0007,12000138625024,0,75.0,29302480.0,97.0,0.0,100.0,3.0,100.0,0.0,84.0,232719279.0,99.0,1583.0,100.0,0.0,100.0,3.0,,,,,100.0,0.0,100.0,0.0,,,75.0,25.0,,,100.0,11.0,100.0,1030.0,25.0,25.0,100.0,0.0,100.0,0.0,200.0,0.0,100.0,1328.0,100.0,20956842496.0,100.0,31074515383.0
2019-11-23,ZJV5MR10,ST12000NM0007,12000138625024,0,83.0,196273400.0,97.0,0.0,100.0,3.0,100.0,0.0,84.0,235139718.0,99.0,1599.0,100.0,0.0,100.0,3.0,,,,,100.0,0.0,100.0,0.0,,,75.0,25.0,,,100.0,11.0,100.0,1030.0,25.0,25.0,100.0,0.0,100.0,0.0,200.0,0.0,100.0,1344.0,100.0,21216722112.0,100.0,31469888119.0
2019-11-24,ZJV5MR10,ST12000NM0007,12000138625024,0,79.0,74276392.0,97.0,0.0,100.0,3.0,100.0,0.0,84.0,239918960.0,99.0,1631.0,100.0,0.0,100.0,3.0,,,,,100.0,0.0,100.0,0.0,,,75.0,25.0,,,100.0,11.0,100.0,1032.0,25.0,25.0,100.0,0.0,100.0,0.0,200.0,0.0,100.0,1376.0,100.0,21596863192.0,100.0,32188453735.0
2019-11-25,ZJV5MR10,ST12000NM0007,12000138625024,0,79.0,76508120.0,97.0,0.0,100.0,3.0,100.0,0.0,84.0,242237795.0,99.0,1646.0,100.0,0.0,100.0,3.0,,,,,100.0,0.0,100.0,0.0,,,75.0,25.0,,,100.0,11.0,100.0,1032.0,25.0,25.0,100.0,0.0,100.0,0.0,200.0,0.0,100.0,1391.0,100.0,21766914296.0,100.0,32508915895.0
2019-11-26,ZJV5MR10,ST12000NM0007,12000138625024,0,79.0,74725760.0,97.0,0.0,100.0,3.0,100.0,0.0,84.0,246515797.0,99.0,1678.0,100.0,0.0,100.0,3.0,,,,,100.0,0.0,100.0,0.0,,,76.0,24.0,,,100.0,11.0,100.0,1034.0,24.0,24.0,100.0,0.0,100.0,0.0,200.0,0.0,100.0,1423.0,100.0,22079131552.0,100.0,33171479487.0
2019-11-27,ZJV5MR10,ST12000NM0007,12000138625024,0,79.0,82096696.0,97.0,0.0,100.0,3.0,100.0,0.0,84.0,248963645.0,99.0,1694.0,100.0,0.0,100.0,3.0,,,,,100.0,0.0,100.0,0.0,,,76.0,24.0,,,100.0,11.0,100.0,1034.0,24.0,24.0,100.0,0.0,100.0,0.0,200.0,0.0,100.0,1439.0,100.0,22254725384.0,100.0,33491538367.0
2019-11-28,ZJV5MR10,ST12000NM0007,12000138625024,0,82.0,167672272.0,97.0,0.0,100.0,3.0,100.0,0.0,84.0,253194480.0,99.0,1726.0,100.0,0.0,100.0,3.0,,,,,100.0,0.0,100.0,0.0,,,78.0,22.0,,,100.0,11.0,100.0,1036.0,22.0,22.0,100.0,0.0,100.0,0.0,200.0,0.0,100.0,1470.0,100.0,22572402552.0,100.0,34236000279.0
2019-11-29,ZJV5MR10,ST12000NM0007,12000138625024,0,83.0,178641936.0,97.0,0.0,100.0,3.0,100.0,0.0,84.0,255110163.0,99.0,1741.0,100.0,0.0,100.0,3.0,,,,,100.0,0.0,100.0,0.0,,,76.0,24.0,,,100.0,11.0,100.0,1036.0,24.0,24.0,100.0,0.0,100.0,0.0,200.0,0.0,100.0,1486.0,100.0,22743427008.0,100.0,34564226863.0
2019-11-30,ZJV5MR10,ST12000NM0007,12000138625024,0,82.0,166719208.0,97.0,0.0,100.0,3.0,100.0,0.0,84.0,259327825.0,98.0,1773.0,100.0,0.0,100.0,3.0,,,,,100.0,0.0,100.0,0.0,,,76.0,24.0,,,100.0,12.0,100.0,1038.0,24.0,24.0,100.0,0.0,100.0,0.0,200.0,0.0,100.0,1518.0,100.0,23048868632.0,100.0,35223425583.0
2019-12-01,ZJV5MR10,ST12000NM0007,12000138625024,0,81.0,135254760.0,97.0,0.0,100.0,3.0,100.0,0.0,84.0,264003396.0,98.0,1805.0,100.0,0.0,100.0,3.0,,,,,100.0,0.0,100.0,0.0,,,79.0,21.0,,,100.0,12.0,100.0,1039.0,21.0,21.0,100.0,0.0,100.0,0.0,200.0,0.0,100.0,1549.0,100.0,23359746712.0,100.0,35857646503.0
2019-12-02,ZJV5MR10,ST12000NM0007,12000138625024,0,79.0,77304720.0,95.0,0.0,100.0,4.0,100.0,0.0,84.0,266036975.0,98.0,1820.0,100.0,0.0,100.0,4.0,,,,,100.0,0.0,100.0,0.0,,,79.0,21.0,,,100.0,12.0,100.0,1041.0,21.0,21.0,100.0,0.0,100.0,0.0,200.0,0.0,100.0,1565.0,100.0,23514169424.0,100.0,36133555132.0
2019-12-03,ZJV5MR10,ST12000NM0007,12000138625024,0,84.0,235655928.0,95.0,0.0,100.0,4.0,100.0,0.0,84.0,267951067.0,98.0,1836.0,100.0,0.0,100.0,4.0,,,,,100.0,0.0,100.0,0.0,,,78.0,22.0,,,100.0,12.0,100.0,1041.0,22.0,22.0,100.0,0.0,100.0,0.0,200.0,0.0,100.0,1581.0,100.0,23641426472.0,100.0,36408789972.0
2019-12-04,ZJV5MR10,ST12000NM0007,12000138625024,0,82.0,162179384.0,95.0,0.0,100.0,4.0,100.0,0.0,84.0,272232315.0,98.0,1868.0,100.0,0.0,100.0,4.0,,,,,100.0,0.0,100.0,0.0,,,75.0,25.0,,,100.0,13.0,100.0,1043.0,25.0,25.0,100.0,0.0,100.0,0.0,200.0,0.0,100.0,1612.0,100.0,23979740896.0,100.0,36973562252.0
2019-12-05,ZJV5MR10,ST12000NM0007,12000138625024,0,84.0,240456928.0,95.0,0.0,100.0,4.0,100.0,0.0,84.0,276505328.0,98.0,1899.0,100.0,0.0,100.0,4.0,,,,,100.0,0.0,100.0,0.0,,,77.0,23.0,,,100.0,13.0,100.0,1044.0,23.0,23.0,100.0,0.0,100.0,0.0,200.0,0.0,100.0,1643.0,100.0,24250082584.0,100.0,37513920428.0
2019-12-06,ZJV5MR10,ST12000NM0007,12000138625024,0,83.0,220037144.0,95.0,0.0,100.0,4.0,100.0,0.0,84.0,278841129.0,98.0,1915.0,100.0,0.0,100.0,4.0,,,,,100.0,0.0,100.0,0.0,,,75.0,25.0,,,100.0,13.0,100.0,1044.0,25.0,25.0,100.0,0.0,100.0,0.0,200.0,0.0,100.0,1659.0,100.0,24420135120.0,100.0,37811730148.0
2019-12-07,ZJV5MR10,ST12000NM0007,12000138625024,0,83.0,218216800.0,95.0,0.0,100.0,4.0,100.0,0.0,85.0,283099831.0,98.0,1947.0,100.0,0.0,100.0,4.0,,,,,100.0,0.0,100.0,0.0,,,75.0,25.0,,,100.0,14.0,100.0,1046.0,25.0,25.0,100.0,0.0,100.0,0.0,200.0,0.0,100.0,1690.0,100.0,24706395728.0,100.0,38256071324.0
2019-12-08,ZJV5MR10,ST12000NM0007,12000138625024,0,80.0,102805224.0,95.0,0.0,100.0,4.0,100.0,0.0,85.0,285408392.0,98.0,1962.0,100.0,0.0,100.0,4.0,,,,,100.0,0.0,100.0,0.0,,,77.0,23.0,,,100.0,14.0,100.0,1046.0,23.0,23.0,100.0,0.0,100.0,0.0,200.0,0.0,100.0,1706.0,100.0,24847535224.0,100.0,38487801788.0
2019-12-09,ZJV5MR10,ST12000NM0007,12000138625024,0,84.0,243071680.0,95.0,0.0,100.0,4.0,100.0,0.0,85.0,289111447.0,98.0,1994.0,100.0,0.0,100.0,4.0,,,,,100.0,0.0,100.0,0.0,,,75.0,25.0,,,100.0,14.0,100.0,1048.0,25.0,25.0,100.0,0.0,100.0,0.0,200.0,0.0,100.0,1737.0,100.0,25091100072.0,100.0,38872785540.0
2019-12-10,ZJV5MR10,ST12000NM0007,12000138625024,0,80.0,95149496.0,95.0,0.0,100.0,4.0,100.0,0.0,85.0,291244422.0,98.0,2010.0,100.0,0.0,100.0,4.0,,,,,100.0,0.0,100.0,0.0,,,75.0,25.0,,,100.0,14.0,100.0,1048.0,25.0,25.0,100.0,0.0,100.0,0.0,200.0,0.0,100.0,1753.0,100.0,25211386640.0,100.0,39092858332.0
2019-12-11,ZJV5MR10,ST12000NM0007,12000138625024,0,79.0,84817960.0,95.0,0.0,100.0,4.0,100.0,0.0,85.0,295649356.0,98.0,2041.0,100.0,0.0,100.0,4.0,,,,,100.0,0.0,100.0,0.0,,,76.0,24.0,,,100.0,14.0,100.0,1050.0,24.0,24.0,100.0,0.0,100.0,0.0,200.0,0.0,100.0,1785.0,100.0,25525073256.0,100.0,39501263020.0
2019-12-12,ZJV5MR10,ST12000NM0007,12000138625024,0,74.0,25294904.0,95.0,0.0,100.0,4.0,100.0,0.0,85.0,299724461.0,98.0,2073.0,100.0,0.0,100.0,4.0,,,,,100.0,0.0,100.0,0.0,,,76.0,24.0,,,100.0,14.0,100.0,1051.0,24.0,24.0,100.0,0.0,100.0,0.0,200.0,0.0,100.0,1816.0,100.0,25790555912.0,100.0,39908679540.0
2019-12-13,ZJV5MR10,ST12000NM0007,12000138625024,0,82.0,171262120.0,95.0,0.0,100.0,4.0,100.0,0.0,85.0,301763923.0,98.0,2088.0,100.0,0.0,100.0,4.0,,,,,100.0,0.0,100.0,0.0,,,76.0,24.0,,,100.0,14.0,100.0,1052.0,24.0,24.0,100.0,0.0,100.0,0.0,200.0,0.0,100.0,1832.0,100.0,25906985400.0,100.0,40182358156.0
2019-12-14,ZJV5MR10,ST12000NM0007,12000138625024,0,80.0,109889568.0,95.0,0.0,100.0,4.0,100.0,0.0,85.0,306270971.0,98.0,2120.0,100.0,0.0,100.0,4.0,,,,,100.0,0.0,100.0,0.0,,,77.0,23.0,,,100.0,15.0,100.0,1053.0,23.0,23.0,100.0,0.0,100.0,0.0,200.0,0.0,100.0,1863.0,100.0,26158959608.0,100.0,40845574276.0
2019-12-15,ZJV5MR10,ST12000NM0007,12000138625024,0,78.0,59385192.0,95.0,0.0,100.0,4.0,100.0,0.0,85.0,308492435.0,98.0,2136.0,100.0,0.0,100.0,4.0,,,,,100.0,0.0,100.0,0.0,,,77.0,23.0,,,100.0,15.0,100.0,1054.0,23.0,23.0,100.0,0.0,100.0,0.0,200.0,0.0,100.0,1879.0,100.0,26271744232.0,100.0,41170566596.0
2019-12-16,ZJV5MR10,ST12000NM0007,12000138625024,0,81.0,134357408.0,95.0,0.0,100.0,4.0,100.0,0.0,85.0,312532463.0,98.0,2167.0,100.0,0.0,100.0,4.0,,,,,100.0,0.0,100.0,0.0,,,77.0,23.0,,,100.0,15.0,100.0,1055.0,23.0,23.0,100.0,0.0,100.0,0.0,200.0,0.0,100.0,1910.0,100.0,26506981608.0,100.0,41742733956.0
2019-12-17,ZJV5MR10,ST12000NM0007,12000138625024,0,79.0,88097800.0,95.0,0.0,100.0,4.0,100.0,0.0,85.0,314704531.0,98.0,2182.0,100.0,0.0,100.0,4.0,,,,,100.0,0.0,100.0,0.0,,,77.0,23.0,,,100.0,15.0,100.0,1056.0,23.0,23.0,100.0,0.0,100.0,0.0,200.0,0.0,100.0,1926.0,100.0,26644613856.0,100.0,42047123820.0
2019-12-18,ZJV5MR10,ST12000NM0007,12000138625024,0,83.0,209924280.0,95.0,0.0,100.0,4.0,100.0,0.0,85.0,319605875.0,98.0,2213.0,100.0,0.0,100.0,4.0,,,,,100.0,0.0,100.0,0.0,,,76.0,24.0,,,100.0,15.0,100.0,1057.0,24.0,24.0,100.0,0.0,100.0,0.0,200.0,0.0,100.0,1957.0,100.0,26922780128.0,100.0,42623206684.0
2019-12-19,ZJV5MR10,ST12000NM0007,12000138625024,0,80.0,107129016.0,95.0,0.0,100.0,4.0,100.0,0.0,85.0,321503821.0,98.0,2229.0,100.0,0.0,100.0,4.0,,,,,100.0,0.0,100.0,0.0,,,77.0,23.0,,,100.0,15.0,100.0,1058.0,23.0,23.0,100.0,0.0,100.0,0.0,200.0,0.0,100.0,1972.0,100.0,27035720576.0,100.0,42895753628.0
2019-12-20,ZJV5MR10,ST12000NM0007,12000138625024,0,82.0,143699072.0,95.0,0.0,100.0,4.0,100.0,0.0,85.0,325794971.0,98.0,2260.0,100.0,0.0,100.0,4.0,,,,,100.0,0.0,100.0,0.0,,,78.0,22.0,,,100.0,15.0,100.0,1059.0,22.0,22.0,100.0,0.0,100.0,0.0,200.0,0.0,100.0,2003.0,100.0,27335974376.0,100.0,43364492588.0
2019-12-21,ZJV5MR10,ST12000NM0007,12000138625024,0,76.0,36886549.0,95.0,0.0,100.0,4.0,100.0,0.0,85.0,327762707.0,98.0,2276.0,100.0,0.0,100.0,4.0,,,,,100.0,0.0,100.0,0.0,,,77.0,23.0,,,100.0,15.0,100.0,1060.0,23.0,23.0,100.0,0.0,100.0,0.0,200.0,0.0,100.0,2019.0,100.0,27475847728.0,100.0,43606091561.0
2019-12-22,ZJV5MR10,ST12000NM0007,12000138625024,0,78.0,67517856.0,95.0,0.0,100.0,4.0,100.0,0.0,85.0,331523579.0,98.0,2307.0,100.0,0.0,100.0,4.0,,,,,100.0,0.0,100.0,0.0,,,78.0,22.0,,,100.0,15.0,100.0,1061.0,22.0,22.0,100.0,0.0,100.0,0.0,200.0,0.0,100.0,2050.0,100.0,27713782544.0,100.0,44131210593.0
2019-12-23,ZJV5MR10,ST12000NM0007,12000138625024,0,84.0,240232176.0,95.0,0.0,100.0,4.0,100.0,0.0,85.0,334022906.0,98.0,2323.0,100.0,0.0,100.0,4.0,,,,,100.0,0.0,100.0,0.0,,,77.0,23.0,,,100.0,15.0,100.0,1061.0,23.0,23.0,100.0,0.0,100.0,0.0,200.0,0.0,100.0,2066.0,100.0,27814145008.0,100.0,44447703089.0
2019-12-24,ZJV5MR10,ST12000NM0007,12000138625024,0,66.0,4155744.0,95.0,0.0,100.0,4.0,100.0,0.0,85.0,337618724.0,98.0,2354.0,100.0,0.0,100.0,4.0,,,,,100.0,0.0,100.0,0.0,,,77.0,23.0,,,100.0,16.0,100.0,1063.0,23.0,23.0,100.0,0.0,100.0,0.0,200.0,0.0,100.0,2097.0,100.0,28017346952.0,100.0,44984989953.0
2019-12-25,ZJV5MR10,ST12000NM0007,12000138625024,0,83.0,187439224.0,95.0,0.0,100.0,4.0,100.0,0.0,85.0,339569852.0,98.0,2370.0,100.0,0.0,100.0,4.0,,,,,100.0,0.0,100.0,0.0,,,77.0,23.0,,,100.0,16.0,100.0,1063.0,23.0,23.0,100.0,0.0,100.0,0.0,200.0,0.0,100.0,2113.0,100.0,28131077520.0,100.0,45298683505.0
2019-12-26,ZJV5MR10,ST12000NM0007,12000138625024,0,82.0,147276272.0,95.0,0.0,100.0,4.0,100.0,0.0,85.0,343325111.0,98.0,2402.0,100.0,0.0,100.0,4.0,,,,,100.0,0.0,100.0,0.0,,,77.0,23.0,,,100.0,16.0,100.0,1065.0,23.0,23.0,100.0,0.0,100.0,0.0,200.0,0.0,100.0,2144.0,100.0,28293464144.0,100.0,45828556361.0
2019-12-27,ZJV5MR10,ST12000NM0007,12000138625024,0,83.0,218940960.0,95.0,0.0,100.0,4.0,100.0,0.0,85.0,345032896.0,98.0,2417.0,100.0,0.0,100.0,4.0,,,,,100.0,0.0,100.0,0.0,,,77.0,23.0,,,100.0,16.0,100.0,1065.0,23.0,23.0,100.0,0.0,100.0,0.0,200.0,0.0,100.0,2160.0,100.0,28379691304.0,100.0,46058134609.0
2019-12-28,ZJV5MR10,ST12000NM0007,12000138625024,0,82.0,156834696.0,95.0,0.0,100.0,4.0,100.0,0.0,85.0,348724028.0,98.0,2449.0,100.0,0.0,100.0,4.0,,,,,100.0,0.0,100.0,0.0,,,76.0,24.0,,,100.0,16.0,100.0,1067.0,24.0,24.0,100.0,0.0,100.0,0.0,200.0,0.0,100.0,2191.0,100.0,28556934440.0,100.0,46551207625.0
2019-12-29,ZJV5MR10,ST12000NM0007,12000138625024,0,74.0,27444096.0,95.0,0.0,100.0,4.0,100.0,0.0,85.0,351023384.0,98.0,2465.0,100.0,0.0,100.0,4.0,,,,,100.0,0.0,100.0,0.0,,,77.0,23.0,,,100.0,16.0,100.0,1067.0,23.0,23.0,100.0,0.0,100.0,0.0,200.0,0.0,100.0,2207.0,100.0,28674924152.0,100.0,46792108945.0
2019-12-30,ZJV5MR10,ST12000NM0007,12000138625024,0,83.0,218008416.0,95.0,0.0,100.0,4.0,100.0,0.0,85.0,354749975.0,98.0,2496.0,100.0,0.0,100.0,4.0,,,,,100.0,0.0,100.0,0.0,,,76.0,24.0,,,100.0,17.0,100.0,1069.0,24.0,24.0,100.0,0.0,100.0,0.0,200.0,0.0,100.0,2238.0,100.0,28852972680.0,100.0,47292906273.0
2019-12-31,ZJV5MR10,ST12000NM0007,12000138625024,0,79.0,88204480.0,95.0,0.0,100.0,4.0,100.0,0.0,86.0,356643859.0,98.0,2512.0,100.0,0.0,100.0,4.0,,,,,100.0,0.0,100.0,0.0,,,77.0,23.0,,,100.0,17.0,100.0,1069.0,23.0,23.0,100.0,0.0,100.0,0.0,200.0,0.0,100.0,2254.0,100.0,28955372720.0,100.0,47548994817.0
